[name]
unknown

[dist]
# distance from previous block
# <min> <max>
0	89

[block]
# block no. 0 follows, 29 sequences, length 19
# corresponding to MSA columns:
# 114-121,123-133
name=unknown_A
#
# <colnr> <probs for GDERKNQSTAVLIFYWHMCP>
#	G	D	E	R	K	N	Q	S	T	A	V	L	I	F	Y	W	H	M	C	P
0	0.09880	0.12517	0.05699	0.01394	0.07649	0.01308	0.01077	0.03659	0.01515	0.02180	0.07620	0.07063	0.10623	0.01324	0.00972	0.10702	0.00618	0.08203	0.00483	0.05515
1	0.01588	0.01756	0.10028	0.33624	0.16464	0.06098	0.01881	0.07190	0.01669	0.02188	0.01595	0.06498	0.01386	0.00862	0.00728	0.00233	0.00902	0.04015	0.00394	0.00901
2	0.09957	0.57351	0.03208	0.01280	0.01836	0.12821	0.01196	0.02232	0.01506	0.01840	0.01006	0.01164	0.00900	0.00633	0.00482	0.00164	0.00816	0.00393	0.00328	0.00886
3	0.01169	0.00625	0.00903	0.00922	0.00942	0.00613	0.00618	0.00941	0.01022	0.01348	0.01931	0.10719	0.06108	0.02403	0.02443	0.65148	0.00578	0.00836	0.00372	0.00359
4	0.01471	0.01366	0.02270	0.61129	0.09584	0.01637	0.04444	0.05895	0.01565	0.02037	0.01305	0.01878	0.00983	0.00711	0.00716	0.00234	0.00941	0.00641	0.00345	0.00848
5	0.01341	0.01122	0.01332	0.01041	0.01542	0.00867	0.00803	0.01615	0.01451	0.02209	0.01856	0.17705	0.01867	0.00906	0.00612	0.00146	0.00502	0.00778	0.00475	0.61830
6	0.01036	0.00690	0.00777	0.00777	0.00777	0.00690	0.00431	0.01036	0.01036	0.01381	0.02244	0.04660	0.02589	0.74975	0.03624	0.00690	0.00690	0.01036	0.00431	0.00431
7	0.01192	0.00775	0.00945	0.00882	0.01113	0.00685	0.00669	0.01456	0.01848	0.10253	0.37216	0.09050	0.28137	0.01551	0.00830	0.00233	0.00379	0.01335	0.00746	0.00704
8	0.01111	0.00913	0.01194	0.01184	0.01325	0.04962	0.00918	0.01361	0.01194	0.01658	0.01861	0.02711	0.01731	0.05077	0.68065	0.01089	0.01872	0.00746	0.00381	0.00647
9	0.80005	0.01377	0.01047	0.00936	0.01377	0.01597	0.00771	0.02093	0.01212	0.03195	0.00991	0.01157	0.00771	0.00661	0.00441	0.00220	0.00551	0.00386	0.00441	0.00771
10	0.80005	0.01377	0.01047	0.00936	0.01377	0.01597	0.00771	0.02093	0.01212	0.03195	0.00991	0.01157	0.00771	0.00661	0.00441	0.00220	0.00551	0.00386	0.00441	0.00771
11	0.00889	0.00665	0.00829	0.00931	0.01040	0.00605	0.00656	0.01058	0.01507	0.01966	0.11581	0.47767	0.20820	0.02034	0.00889	0.00272	0.00404	0.04817	0.00674	0.00597
12	0.03195	0.01212	0.01652	0.01267	0.01818	0.01047	0.01047	0.03470	0.02038	0.71026	0.02809	0.02424	0.01763	0.00881	0.00716	0.00220	0.00606	0.00716	0.00881	0.01212
13	0.02707	0.01995	0.02137	0.01638	0.02208	0.02208	0.01353	0.68159	0.03348	0.04488	0.01710	0.01710	0.01211	0.00855	0.00712	0.00214	0.00784	0.00641	0.00712	0.01211
14	0.00950	0.00711	0.00737	0.00731	0.00949	0.00621	0.00548	0.01176	0.01644	0.02165	0.13487	0.05901	0.50344	0.01584	0.00778	0.00225	0.00353	0.01323	0.15152	0.00621
15	0.01217	0.00970	0.01123	0.01055	0.01303	0.00996	0.00811	0.02030	0.21980	0.02721	0.37727	0.04879	0.14588	0.01385	0.00812	0.00237	0.00422	0.04206	0.00742	0.00796
16	0.03195	0.01212	0.01652	0.01267	0.01818	0.01047	0.01047	0.03470	0.02038	0.71026	0.02809	0.02424	0.01763	0.00881	0.00716	0.00220	0.00606	0.00716	0.00881	0.01212
17	0.01428	0.03683	0.71286	0.02030	0.03082	0.01654	0.02631	0.02255	0.01503	0.02255	0.01278	0.01503	0.00902	0.00677	0.00677	0.00226	0.01052	0.00526	0.00301	0.01052
18	0.01030	0.00671	0.00775	0.00813	0.00841	0.00662	0.00491	0.01097	0.01163	0.01626	0.02637	0.20394	0.02986	0.49896	0.02647	0.00539	0.00586	0.01219	0.09435	0.00492

[dist]
# distance from previous block
# <min> <max>
0	25

[block]
# block no. 1 follows, 29 sequences, length 17
# corresponding to MSA columns:
# 159-175
name=unknown_B
#
# <colnr> <probs for GDERKNQSTAVLIFYWHMCP>
#	G	D	E	R	K	N	Q	S	T	A	V	L	I	F	Y	W	H	M	C	P
0	0.65230	0.01252	0.01014	0.00917	0.01306	0.01424	0.00744	0.01969	0.01336	0.03121	0.10477	0.01800	0.01635	0.00778	0.00498	0.00218	0.00510	0.00523	0.04496	0.00752
1	0.01771	0.01530	0.01610	0.01449	0.01852	0.01771	0.01127	0.03784	0.69247	0.02979	0.02898	0.02657	0.02174	0.00966	0.00725	0.00242	0.00564	0.00805	0.00725	0.01127
2	0.01036	0.00690	0.00777	0.00777	0.00777	0.00690	0.00431	0.01036	0.01036	0.01381	0.02244	0.04660	0.02589	0.74975	0.03624	0.00690	0.00690	0.01036	0.00431	0.00431
3	0.01477	0.01266	0.01477	0.01055	0.01687	0.00949	0.00844	0.01793	0.01477	0.02320	0.01266	0.01477	0.01055	0.00527	0.00527	0.00105	0.00527	0.00422	0.00422	0.79328
4	0.00852	0.00680	0.00764	0.00831	0.00991	0.00592	0.00590	0.01010	0.01518	0.01881	0.05879	0.34307	0.43652	0.01977	0.00869	0.00260	0.00382	0.01714	0.00661	0.00592
5	0.01904	0.75404	0.03731	0.01218	0.01828	0.02818	0.01218	0.02132	0.01447	0.01675	0.00990	0.01142	0.00914	0.00609	0.00457	0.00152	0.00761	0.00381	0.00305	0.00914
6	0.01648	0.01406	0.01503	0.01387	0.01740	0.01609	0.01064	0.03404	0.60004	0.02821	0.03038	0.12440	0.02519	0.01138	0.00750	0.00248	0.00543	0.00971	0.00716	0.01052
7	0.01849	0.01568	0.01654	0.01465	0.01881	0.01808	0.01146	0.09158	0.63746	0.03105	0.02799	0.02578	0.02093	0.00957	0.00724	0.00239	0.00582	0.00791	0.00724	0.01134
8	0.01762	0.01692	0.02890	0.04371	0.70533	0.01692	0.02185	0.02185	0.01621	0.02326	0.01339	0.01762	0.01128	0.00634	0.00705	0.00211	0.00846	0.00634	0.00352	0.01128
9	0.01771	0.01530	0.01610	0.01449	0.01852	0.01771	0.01127	0.03784	0.69247	0.02979	0.02898	0.02657	0.02174	0.00966	0.00725	0.00242	0.00564	0.00805	0.00725	0.01127
10	0.01345	0.01266	0.02136	0.73264	0.04904	0.01582	0.01978	0.01819	0.01424	0.01819	0.01266	0.01898	0.00949	0.00712	0.00712	0.00237	0.00949	0.00633	0.00316	0.00791
11	0.00868	0.00620	0.00826	0.00991	0.01033	0.00578	0.00661	0.00991	0.01363	0.01818	0.03925	0.74510	0.04710	0.02231	0.00909	0.00289	0.00413	0.02024	0.00661	0.00578
12	0.01681	0.01921	0.04202	0.03001	0.03721	0.01801	0.67947	0.02281	0.01681	0.02281	0.01441	0.01921	0.01080	0.00600	0.00840	0.00240	0.01200	0.00840	0.00360	0.00960
13	0.00904	0.00724	0.00808	0.00787	0.01000	0.00628	0.00590	0.01143	0.01771	0.02275	0.30932	0.06275	0.46307	0.01672	0.00841	0.00234	0.00351	0.01422	0.00707	0.00628
14	0.01681	0.01921	0.04202	0.03001	0.03721	0.01801	0.67947	0.02281	0.01681	0.02281	0.01441	0.01921	0.01080	0.00600	0.00840	0.00240	0.01200	0.00840	0.00360	0.00960
15	0.69306	0.01691	0.10610	0.01085	0.01609	0.01605	0.01024	0.02115	0.01252	0.03067	0.01030	0.01204	0.00789	0.00663	0.00473	0.00221	0.00619	0.00405	0.00422	0.00809
16	0.01814	0.02121	0.03904	0.02842	0.03515	0.11375	0.58883	0.02357	0.01727	0.02208	0.01394	0.01834	0.01058	0.00618	0.00813	0.00232	0.01212	0.00788	0.00361	0.00942

[dist]
# distance from previous block
# <min> <max>
0	5

[block]
# block no. 2 follows, 29 sequences, length 28
# corresponding to MSA columns:
# 181-200,206-213
name=unknown_C
#
# <colnr> <probs for GDERKNQSTAVLIFYWHMCP>
#	G	D	E	R	K	N	Q	S	T	A	V	L	I	F	Y	W	H	M	C	P
0	0.01419	0.01350	0.01574	0.01425	0.01478	0.08395	0.01095	0.01542	0.01188	0.01622	0.01604	0.06831	0.01716	0.22629	0.10050	0.00496	0.33728	0.00822	0.00379	0.00658
1	0.02624	0.01358	0.01769	0.01603	0.08866	0.01312	0.01168	0.17246	0.02258	0.39041	0.09756	0.02525	0.02120	0.00911	0.00719	0.00216	0.00629	0.00751	0.04009	0.01121
2	0.01618	0.02335	0.24689	0.06681	0.12074	0.01780	0.18487	0.04358	0.08099	0.02323	0.01457	0.01789	0.01115	0.00752	0.00917	0.00239	0.09237	0.00667	0.00378	0.01005
3	0.00878	0.00640	0.00827	0.00955	0.01028	0.00590	0.00650	0.01028	0.01452	0.01927	0.10563	0.60954	0.11658	0.02113	0.00895	0.00278	0.00400	0.01900	0.00673	0.00590
4	0.01582	0.01508	0.02564	0.34145	0.42169	0.01644	0.02096	0.02027	0.01536	0.02107	0.01308	0.01821	0.01051	0.00668	0.00708	0.00223	0.00891	0.00634	0.00337	0.00982
5	0.01017	0.00763	0.01144	0.01144	0.01272	0.00890	0.00890	0.01272	0.01144	0.01653	0.01907	0.02797	0.01780	0.05340	0.72153	0.01144	0.01907	0.00763	0.00381	0.00636
6	0.01871	0.01630	0.02184	0.33335	0.13220	0.04232	0.01723	0.20326	0.09413	0.02749	0.01571	0.01889	0.01180	0.00768	0.00710	0.00226	0.00858	0.00648	0.00477	0.00993
7	0.80005	0.01377	0.01047	0.00936	0.01377	0.01597	0.00771	0.02093	0.01212	0.03195	0.00991	0.01157	0.00771	0.00661	0.00441	0.00220	0.00551	0.00386	0.00441	0.00771
8	0.01136	0.00806	0.01109	0.01256	0.01403	0.00806	0.01074	0.01430	0.01577	0.02054	0.03613	0.07684	0.03942	0.09495	0.01256	0.00365	0.00659	0.59069	0.00633	0.00633
9	0.01351	0.01110	0.01247	0.01167	0.01438	0.01213	0.00887	0.02443	0.34280	0.02552	0.16205	0.07756	0.11355	0.05143	0.08272	0.00355	0.00632	0.01055	0.00676	0.00863
10	0.01896	0.65617	0.03519	0.01304	0.01845	0.05190	0.01257	0.02116	0.01432	0.01681	0.00988	0.01188	0.00916	0.00676	0.00648	0.00169	0.07944	0.00407	0.00307	0.00897
11	0.02460	0.00996	0.01264	0.01030	0.01429	0.00896	0.00831	0.02758	0.01824	0.44135	0.02618	0.02515	0.01787	0.00861	0.00630	0.00199	0.00498	0.00695	0.31579	0.00996
12	0.09107	0.00738	0.00833	0.00892	0.00968	0.00740	0.00583	0.01140	0.01224	0.01784	0.03020	0.32090	0.05958	0.33527	0.02035	0.00455	0.00552	0.03278	0.00539	0.00538
13	0.01017	0.00788	0.01047	0.01234	0.08157	0.00739	0.00766	0.01221	0.01563	0.02103	0.21771	0.26085	0.16284	0.12470	0.01256	0.00314	0.00468	0.01445	0.00628	0.00643
14	0.01720	0.01779	0.03391	0.03696	0.40122	0.01759	0.28929	0.02202	0.01621	0.02279	0.01362	0.01817	0.01100	0.00649	0.00836	0.00228	0.04396	0.00718	0.00354	0.01043
15	0.00984	0.00845	0.00857	0.00833	0.01098	0.00780	0.00631	0.01444	0.11961	0.02085	0.06554	0.06211	0.59838	0.01675	0.00824	0.00241	0.00392	0.01396	0.00671	0.00682
16	0.05552	0.01678	0.01839	0.01465	0.01954	0.01834	0.01197	0.45526	0.06759	0.09566	0.02170	0.02201	0.05177	0.01371	0.08076	0.00314	0.00838	0.00707	0.00679	0.01095
17	0.01571	0.01507	0.02626	0.21295	0.40330	0.01569	0.08326	0.02015	0.01618	0.02248	0.08426	0.02179	0.01655	0.00735	0.00734	0.00222	0.00854	0.00721	0.00389	0.00980
18	0.01667	0.02504	0.23126	0.02451	0.03169	0.08974	0.35787	0.02253	0.01611	0.02160	0.01364	0.01768	0.01045	0.00925	0.04781	0.00283	0.04147	0.00697	0.00343	0.00948
19	0.01428	0.03683	0.71286	0.02030	0.03082	0.01654	0.02631	0.02255	0.01503	0.02255	0.01278	0.01503	0.00902	0.00677	0.00677	0.00226	0.01052	0.00526	0.00301	0.01052
20	0.80005	0.01377	0.01047	0.00936	0.01377	0.01597	0.00771	0.02093	0.01212	0.03195	0.00991	0.01157	0.00771	0.00661	0.00441	0.00220	0.00551	0.00386	0.00441	0.00771
21	0.01079	0.00712	0.00883	0.00905	0.01004	0.00675	0.00613	0.01220	0.01424	0.05429	0.15301	0.24904	0.09683	0.26963	0.04023	0.00435	0.00552	0.03004	0.00607	0.00583
22	0.01890	0.01599	0.02374	0.22721	0.33851	0.05750	0.01839	0.04123	0.01683	0.10838	0.01496	0.01837	0.01144	0.00693	0.00695	0.00212	0.00851	0.00622	0.00424	0.05358
23	0.18687	0.01336	0.01586	0.01243	0.01774	0.01292	0.01026	0.10665	0.02022	0.49608	0.02314	0.02085	0.01498	0.00834	0.00660	0.00220	0.00615	0.00641	0.00773	0.01123
24	0.00868	0.00620	0.00826	0.00991	0.01033	0.00578	0.00661	0.00991	0.01363	0.01818	0.03925	0.74510	0.04710	0.02231	0.00909	0.00289	0.00413	0.02024	0.00661	0.00578
25	0.01017	0.00763	0.01144	0.01144	0.01272	0.00890	0.00890	0.01272	0.01144	0.01653	0.01907	0.02797	0.01780	0.05340	0.72153	0.01144	0.01907	0.00763	0.00381	0.00636
26	0.02454	0.01702	0.01853	0.01456	0.01946	0.01860	0.01193	0.51835	0.02903	0.07769	0.01866	0.01937	0.01357	0.01084	0.04362	0.00255	0.00768	0.00655	0.11641	0.01105
27	0.80005	0.01377	0.01047	0.00936	0.01377	0.01597	0.00771	0.02093	0.01212	0.03195	0.00991	0.01157	0.00771	0.00661	0.00441	0.00220	0.00551	0.00386	0.00441	0.00771

[dist]
# distance from previous block
# <min> <max>
0	17

[block]
# block no. 3 follows, 29 sequences, length 22
# corresponding to MSA columns:
# 231-252
name=unknown_D
#
# <colnr> <probs for GDERKNQSTAVLIFYWHMCP>
#	G	D	E	R	K	N	Q	S	T	A	V	L	I	F	Y	W	H	M	C	P
0	0.00883	0.00729	0.00779	0.00785	0.01012	0.00625	0.00601	0.01092	0.01668	0.02044	0.14021	0.06769	0.58178	0.01777	0.00852	0.00245	0.00380	0.06273	0.00675	0.00613
1	0.01937	0.01180	0.01425	0.01210	0.01470	0.01248	0.00921	0.26341	0.01939	0.07716	0.01572	0.02032	0.01288	0.01687	0.01768	0.40821	0.00669	0.00636	0.03414	0.00728
2	0.01765	0.01436	0.01631	0.01191	0.01809	0.01244	0.00963	0.17337	0.01915	0.02828	0.01370	0.01531	0.01091	0.00604	0.00571	0.00131	0.00587	0.00473	0.00490	0.61031
3	0.03195	0.01212	0.01652	0.01267	0.01818	0.01047	0.01047	0.03470	0.02038	0.71026	0.02809	0.02424	0.01763	0.00881	0.00716	0.00220	0.00606	0.00716	0.00881	0.01212
4	0.00938	0.00725	0.00855	0.00823	0.01021	0.00642	0.00617	0.01208	0.01851	0.02464	0.43705	0.05964	0.33416	0.01602	0.00841	0.00231	0.00346	0.01378	0.00732	0.00642
5	0.00868	0.00620	0.00826	0.00991	0.01033	0.00578	0.00661	0.00991	0.01363	0.01818	0.03925	0.74510	0.04710	0.02231	0.00909	0.00289	0.00413	0.02024	0.00661	0.00578
6	0.01345	0.01266	0.02136	0.73264	0.04904	0.01582	0.01978	0.01819	0.01424	0.01819	0.01266	0.01898	0.00949	0.00712	0.00712	0.00237	0.00949	0.00633	0.00316	0.00791
7	0.01681	0.01921	0.04202	0.03001	0.03721	0.01801	0.67947	0.02281	0.01681	0.02281	0.01441	0.01921	0.01080	0.00600	0.00840	0.00240	0.01200	0.00840	0.00360	0.00960
8	0.02893	0.01217	0.01585	0.01234	0.01752	0.01086	0.01014	0.08194	0.02093	0.58130	0.03219	0.02866	0.09406	0.00983	0.00730	0.00222	0.00592	0.00799	0.00844	0.01143
9	0.01758	0.01433	0.01514	0.01358	0.01733	0.01635	0.01056	0.08246	0.54198	0.03012	0.02783	0.05260	0.02157	0.00990	0.00705	0.00233	0.00548	0.00822	0.09498	0.01061
10	0.01017	0.00763	0.01144	0.01144	0.01272	0.00890	0.00890	0.01272	0.01144	0.01653	0.01907	0.02797	0.01780	0.05340	0.72153	0.01144	0.01907	0.00763	0.00381	0.00636
11	0.80005	0.01377	0.01047	0.00936	0.01377	0.01597	0.00771	0.02093	0.01212	0.03195	0.00991	0.01157	0.00771	0.00661	0.00441	0.00220	0.00551	0.00386	0.00441	0.00771
12	0.01876	0.01582	0.01669	0.01470	0.01892	0.01820	0.01152	0.11009	0.61851	0.03148	0.02765	0.02550	0.02066	0.00954	0.00723	0.00238	0.00588	0.00787	0.00723	0.01136
13	0.00844	0.00710	0.00733	0.00752	0.00970	0.00599	0.00554	0.01018	0.01594	0.01912	0.06844	0.14446	0.62889	0.01851	0.00849	0.00246	0.00367	0.01561	0.00661	0.00599
14	0.01762	0.01692	0.02890	0.04371	0.70533	0.01692	0.02185	0.02185	0.01621	0.02326	0.01339	0.01762	0.01128	0.00634	0.00705	0.00211	0.00846	0.00634	0.00352	0.01128
15	0.01036	0.00690	0.00777	0.00777	0.00777	0.00690	0.00431	0.01036	0.01036	0.01381	0.02244	0.04660	0.02589	0.74975	0.03624	0.00690	0.00690	0.01036	0.00431	0.00431
16	0.80005	0.01377	0.01047	0.00936	0.01377	0.01597	0.00771	0.02093	0.01212	0.03195	0.00991	0.01157	0.00771	0.00661	0.00441	0.00220	0.00551	0.00386	0.00441	0.00771
17	0.01771	0.01530	0.01610	0.01449	0.01852	0.01771	0.01127	0.03784	0.69247	0.02979	0.02898	0.02657	0.02174	0.00966	0.00725	0.00242	0.00564	0.00805	0.00725	0.01127
18	0.01017	0.00763	0.01144	0.01144	0.01272	0.00890	0.00890	0.01272	0.01144	0.01653	0.01907	0.02797	0.01780	0.05340	0.72153	0.01144	0.01907	0.00763	0.00381	0.00636
19	0.01017	0.00763	0.01144	0.01144	0.01272	0.00890	0.00890	0.01272	0.01144	0.01653	0.01907	0.02797	0.01780	0.05340	0.72153	0.01144	0.01907	0.00763	0.00381	0.00636
20	0.02286	0.01709	0.01841	0.01492	0.01957	0.01905	0.01200	0.42989	0.20722	0.03761	0.02019	0.02039	0.01498	0.01004	0.00861	0.06120	0.00692	0.00684	0.04126	0.01097
21	0.00866	0.00625	0.00821	0.00977	0.01029	0.00580	0.00655	0.00993	0.01377	0.01823	0.04097	0.70962	0.08146	0.02208	0.00905	0.00287	0.00410	0.01997	0.00661	0.00580

[dist]
# distance from previous block
# <min> <max>
0	18

[block]
# block no. 4 follows, 29 sequences, length 6
# corresponding to MSA columns:
# 271-276
name=unknown_E
#
# <colnr> <probs for GDERKNQSTAVLIFYWHMCP>
#	G	D	E	R	K	N	Q	S	T	A	V	L	I	F	Y	W	H	M	C	P
0	0.01747	0.01734	0.03129	0.04121	0.58347	0.01712	0.14180	0.02203	0.01632	0.02318	0.01358	0.01791	0.01119	0.00628	0.00730	0.00217	0.00911	0.00672	0.00354	0.01097
1	0.10354	0.07726	0.07734	0.09671	0.24020	0.11028	0.09315	0.07702	0.01737	0.02412	0.01274	0.01594	0.01012	0.00673	0.00664	0.00211	0.00926	0.00581	0.00383	0.00982
2	0.01469	0.00873	0.01087	0.01030	0.01257	0.00829	0.00782	0.03827	0.04031	0.14748	0.09002	0.14197	0.17109	0.10457	0.04965	0.04187	0.00596	0.08169	0.00656	0.00728
3	0.01884	0.00904	0.01166	0.01033	0.01326	0.00803	0.00779	0.02084	0.01706	0.31189	0.09813	0.18934	0.12967	0.10670	0.01152	0.00297	0.00515	0.01202	0.00737	0.00840
4	0.01876	0.01436	0.01799	0.01521	0.01894	0.05768	0.08300	0.09373	0.15471	0.13096	0.09796	0.08219	0.05465	0.01179	0.00870	0.00246	0.04476	0.07623	0.00656	0.00938
5	0.05760	0.16483	0.18544	0.02499	0.23589	0.09033	0.01867	0.05647	0.01636	0.02243	0.01210	0.01489	0.00988	0.00701	0.00734	0.00207	0.05482	0.00530	0.00353	0.01003

[dist]
# distance from previous block
# <min> <max>
0	10

[block]
# block no. 5 follows, 29 sequences, length 38
# corresponding to MSA columns:
# 288-325
name=unknown_F
#
# <colnr> <probs for GDERKNQSTAVLIFYWHMCP>
#	G	D	E	R	K	N	Q	S	T	A	V	L	I	F	Y	W	H	M	C	P
0	0.19228	0.06978	0.06022	0.05438	0.03778	0.09588	0.01212	0.06611	0.09944	0.14937	0.02011	0.02053	0.04902	0.00984	0.03171	0.00248	0.00774	0.00621	0.00545	0.00951
1	0.35111	0.01560	0.04041	0.01255	0.01726	0.01668	0.01046	0.08842	0.25832	0.09309	0.01913	0.01871	0.01407	0.00808	0.00601	0.00228	0.00600	0.00594	0.00601	0.00989
2	0.09593	0.16437	0.07285	0.07724	0.09571	0.08312	0.03972	0.12249	0.09551	0.02547	0.01420	0.01621	0.01121	0.00754	0.00723	0.00212	0.04923	0.00564	0.00441	0.00978
3	0.05973	0.22793	0.43237	0.01667	0.02530	0.01908	0.01995	0.02174	0.01469	0.02156	0.01183	0.01384	0.00911	0.00645	0.00591	0.00195	0.00902	0.00470	0.00320	0.07496
4	0.08469	0.04130	0.01832	0.12586	0.02293	0.12200	0.01282	0.21439	0.02043	0.04577	0.01841	0.14862	0.01711	0.01071	0.00830	0.00233	0.06342	0.00835	0.00528	0.00894
5	0.01020	0.00759	0.00960	0.00963	0.01127	0.00722	0.00723	0.01395	0.05599	0.02519	0.42450	0.18648	0.11791	0.01650	0.00859	0.00247	0.00392	0.06770	0.00735	0.00672
6	0.04510	0.01057	0.01407	0.07578	0.01760	0.01081	0.03312	0.03937	0.12013	0.09696	0.08134	0.12159	0.02329	0.01455	0.01239	0.19554	0.00601	0.00893	0.00554	0.06730
7	0.03866	0.01051	0.01192	0.07004	0.01600	0.01093	0.00877	0.08273	0.13112	0.04379	0.13806	0.06748	0.24671	0.01298	0.00754	0.00229	0.00493	0.01086	0.07668	0.00801
8	0.02591	0.09947	0.02174	0.01778	0.02167	0.65810	0.01362	0.02779	0.01966	0.01737	0.01091	0.01271	0.00917	0.00722	0.00625	0.00181	0.01237	0.00452	0.00361	0.00834
9	0.01217	0.00853	0.00992	0.00927	0.01177	0.00795	0.00704	0.01663	0.09297	0.08556	0.28957	0.08568	0.30548	0.01522	0.00820	0.00235	0.00399	0.01301	0.00732	0.00739
10	0.06019	0.00855	0.00996	0.00939	0.01152	0.00825	0.00692	0.05053	0.01693	0.10382	0.18434	0.18189	0.11451	0.09775	0.01085	0.00284	0.00462	0.01205	0.09794	0.00714
11	0.01327	0.00664	0.00664	0.00664	0.00830	0.00664	0.00498	0.01659	0.01493	0.02655	0.02323	0.02655	0.01825	0.00830	0.00498	0.00166	0.00332	0.00664	0.78928	0.00664
12	0.06098	0.01218	0.01630	0.01254	0.01801	0.01067	0.01036	0.03418	0.02007	0.68463	0.02741	0.02376	0.01725	0.00873	0.00706	0.00220	0.00604	0.00704	0.00865	0.01195
13	0.02284	0.01067	0.01398	0.01150	0.01551	0.00977	0.00920	0.02736	0.08044	0.40511	0.26949	0.03482	0.03575	0.01095	0.00761	0.00224	0.00505	0.00929	0.00832	0.01011
14	0.03229	0.00874	0.01006	0.00979	0.01188	0.00852	0.00718	0.03341	0.08977	0.07521	0.11997	0.20542	0.21061	0.11078	0.01183	0.00307	0.00478	0.03293	0.00666	0.00709
15	0.03154	0.01278	0.01693	0.01298	0.01851	0.01145	0.01073	0.08938	0.02149	0.65402	0.02716	0.02363	0.01716	0.00879	0.00716	0.00220	0.00621	0.00710	0.00867	0.01212
16	0.80005	0.01377	0.01047	0.00936	0.01377	0.01597	0.00771	0.02093	0.01212	0.03195	0.00991	0.01157	0.00771	0.00661	0.00441	0.00220	0.00551	0.00386	0.00441	0.00771
17	0.11365	0.01211	0.01522	0.01226	0.01707	0.01133	0.01011	0.07028	0.01998	0.48861	0.08196	0.02873	0.02194	0.00979	0.00714	0.00228	0.00592	0.05286	0.00798	0.01079
18	0.00924	0.00699	0.00818	0.00833	0.00979	0.00630	0.00587	0.01113	0.01604	0.02100	0.24438	0.19209	0.29011	0.12348	0.01256	0.00310	0.00411	0.01473	0.00664	0.00593
19	0.02747	0.01930	0.02097	0.01608	0.02176	0.02112	0.01328	0.62790	0.03239	0.10010	0.01801	0.01769	0.01257	0.00857	0.00713	0.00214	0.00769	0.00647	0.00726	0.01211
20	0.02707	0.01995	0.02137	0.01638	0.02208	0.02208	0.01353	0.68159	0.03348	0.04488	0.01710	0.01710	0.01211	0.00855	0.00712	0.00214	0.00784	0.00641	0.00712	0.01211
21	0.03154	0.01277	0.01693	0.01298	0.01850	0.01143	0.01072	0.08839	0.02147	0.65504	0.02718	0.02364	0.01717	0.00879	0.00716	0.00220	0.00621	0.00710	0.00867	0.01212
22	0.00842	0.00721	0.00721	0.00721	0.00962	0.00601	0.00541	0.01022	0.01623	0.01924	0.07213	0.06853	0.70244	0.01803	0.00842	0.00240	0.00361	0.01503	0.00661	0.00601
23	0.03195	0.01212	0.01652	0.01267	0.01818	0.01047	0.01047	0.03470	0.02038	0.71026	0.02809	0.02424	0.01763	0.00881	0.00716	0.00220	0.00606	0.00716	0.00881	0.01212
24	0.02619	0.03307	0.01999	0.01817	0.02185	0.68860	0.01364	0.02887	0.05130	0.01800	0.01184	0.01348	0.00975	0.00745	0.00646	0.00186	0.01251	0.00475	0.00383	0.00839
25	0.01477	0.01266	0.01477	0.01055	0.01687	0.00949	0.00844	0.01793	0.01477	0.02320	0.01266	0.01477	0.01055	0.00527	0.00527	0.00105	0.00527	0.00422	0.00422	0.79328
26	0.01771	0.01530	0.01610	0.01449	0.01852	0.01771	0.01127	0.03784	0.69247	0.02979	0.02898	0.02657	0.02174	0.00966	0.00725	0.00242	0.00564	0.00805	0.00725	0.01127
27	0.01904	0.75404	0.03731	0.01218	0.01828	0.02818	0.01218	0.02132	0.01447	0.01675	0.00990	0.01142	0.00914	0.00609	0.00457	0.00152	0.00761	0.00381	0.00305	0.00914
28	0.01003	0.00724	0.00947	0.00899	0.01063	0.00668	0.00671	0.01331	0.01992	0.02817	0.67714	0.07871	0.06645	0.01484	0.00842	0.00226	0.00339	0.01315	0.00779	0.00668
29	0.00887	0.00653	0.00832	0.00935	0.01027	0.00598	0.00645	0.01055	0.01512	0.02008	0.15574	0.52782	0.14802	0.02037	0.00887	0.00271	0.00392	0.01823	0.00682	0.00598
30	0.01762	0.01692	0.02890	0.04371	0.70533	0.01692	0.02185	0.02185	0.01621	0.02326	0.01339	0.01762	0.01128	0.00634	0.00705	0.00211	0.00846	0.00634	0.00352	0.01128
31	0.01008	0.00728	0.00952	0.00896	0.01064	0.00672	0.00672	0.01344	0.02016	0.02855	0.70158	0.05319	0.06719	0.01456	0.00840	0.00224	0.00336	0.01288	0.00784	0.00672
32	0.01345	0.01266	0.02136	0.73264	0.04904	0.01582	0.01978	0.01819	0.01424	0.01819	0.01266	0.01898	0.00949	0.00712	0.00712	0.00237	0.00949	0.00633	0.00316	0.00791
33	0.01133	0.00809	0.01131	0.01294	0.01452	0.00807	0.01122	0.01450	0.01625	0.02114	0.03778	0.11538	0.04130	0.01981	0.00980	0.00326	0.00643	0.62380	0.00656	0.00652
34	0.01681	0.01921	0.04202	0.03001	0.03721	0.01801	0.67947	0.02281	0.01681	0.02281	0.01441	0.01921	0.01080	0.00600	0.00840	0.00240	0.01200	0.00840	0.00360	0.00960
35	0.01312	0.00799	0.01049	0.00958	0.01182	0.00727	0.00739	0.01633	0.01989	0.12277	0.55697	0.05085	0.08292	0.01410	0.00829	0.00228	0.00388	0.03877	0.00788	0.00744
36	0.12650	0.07669	0.04514	0.07581	0.05752	0.01792	0.04425	0.06051	0.11834	0.07016	0.01711	0.06876	0.01452	0.00965	0.01021	0.00244	0.16335	0.00711	0.00482	0.00919
37	0.58156	0.06597	0.04241	0.07013	0.01779	0.01619	0.00980	0.02032	0.01277	0.02848	0.01124	0.03309	0.00928	0.00699	0.00492	0.00213	0.00614	0.00460	0.00420	0.05200

[dist]
# distance from previous block
# <min> <max>
1	23

[block]
# block no. 6 follows, 29 sequences, length 22
# corresponding to MSA columns:
# 351-372
name=unknown_G
#
# <colnr> <probs for GDERKNQSTAVLIFYWHMCP>
#	G	D	E	R	K	N	Q	S	T	A	V	L	I	F	Y	W	H	M	C	P
0	0.02148	0.04915	0.02636	0.05095	0.13341	0.32775	0.14529	0.04526	0.05221	0.02084	0.01307	0.01599	0.01057	0.00731	0.00787	0.00211	0.05130	0.00597	0.00385	0.00926
1	0.04289	0.01091	0.01562	0.18000	0.06500	0.01182	0.03078	0.01832	0.07617	0.05704	0.11489	0.14109	0.08963	0.01293	0.00854	0.00253	0.03533	0.07295	0.00564	0.00790
2	0.32851	0.01791	0.01609	0.01332	0.01798	0.09407	0.01079	0.22286	0.05793	0.03266	0.01350	0.01471	0.01033	0.00762	0.00663	0.00210	0.04320	0.00510	0.00523	0.07948
3	0.00891	0.00642	0.00850	0.01008	0.01069	0.00601	0.00699	0.01036	0.01400	0.01851	0.04061	0.65478	0.07653	0.02188	0.00912	0.00290	0.00432	0.07692	0.00661	0.00586
4	0.01076	0.00731	0.00926	0.00933	0.01064	0.00692	0.00683	0.01261	0.01570	0.04013	0.25838	0.11078	0.12642	0.17022	0.03382	0.05212	0.00528	0.10122	0.00631	0.00595
5	0.22646	0.07955	0.01968	0.22752	0.02723	0.01700	0.03541	0.08252	0.03376	0.13678	0.01494	0.01711	0.01090	0.00753	0.00684	0.00223	0.03479	0.00570	0.00487	0.00917
6	0.01549	0.00766	0.00811	0.00756	0.00973	0.00759	0.00581	0.04463	0.01616	0.08835	0.02342	0.02597	0.01795	0.00835	0.00526	0.00173	0.00374	0.00667	0.68849	0.00734
7	0.01036	0.00690	0.00777	0.00777	0.00777	0.00690	0.00431	0.01036	0.01036	0.01381	0.02244	0.04660	0.02589	0.74975	0.03624	0.00690	0.00690	0.01036	0.00431	0.00431
8	0.03780	0.01349	0.02282	0.06305	0.15687	0.01408	0.15098	0.03582	0.01589	0.05680	0.06133	0.06335	0.02080	0.01548	0.09297	0.00357	0.07107	0.09042	0.00470	0.00870
9	0.01748	0.35400	0.35322	0.01643	0.02450	0.04761	0.01894	0.05539	0.01590	0.02092	0.01165	0.01346	0.00923	0.00658	0.00580	0.00191	0.00918	0.00465	0.00326	0.00991
10	0.00938	0.00729	0.00855	0.00836	0.01037	0.00647	0.00635	0.01202	0.01816	0.02391	0.37914	0.06159	0.35813	0.01641	0.00848	0.00237	0.00363	0.04578	0.00721	0.00639
11	0.01058	0.00834	0.01333	0.01259	0.01423	0.00946	0.05024	0.01334	0.01177	0.01692	0.01879	0.02743	0.01737	0.05048	0.67757	0.01089	0.01864	0.00768	0.00380	0.00656
12	0.01472	0.01399	0.02365	0.20579	0.17333	0.01537	0.12440	0.02030	0.07502	0.02163	0.07305	0.02317	0.01705	0.01382	0.09840	0.00351	0.06223	0.00753	0.00414	0.00889
13	0.01456	0.01406	0.01936	0.01664	0.01878	0.05877	0.10001	0.01953	0.10584	0.02016	0.05218	0.09429	0.01969	0.02104	0.17041	0.00462	0.22888	0.00869	0.00451	0.00796
14	0.01428	0.03683	0.71286	0.02030	0.03082	0.01654	0.02631	0.02255	0.01503	0.02255	0.01278	0.01503	0.00902	0.00677	0.00677	0.00226	0.01052	0.00526	0.00301	0.01052
15	0.80005	0.01377	0.01047	0.00936	0.01377	0.01597	0.00771	0.02093	0.01212	0.03195	0.00991	0.01157	0.00771	0.00661	0.00441	0.00220	0.00551	0.00386	0.00441	0.00771
16	0.00955	0.00738	0.00895	0.04206	0.01187	0.00674	0.00670	0.01177	0.01710	0.02233	0.30830	0.09143	0.34798	0.01680	0.00958	0.05109	0.00397	0.01350	0.00671	0.00618
17	0.05319	0.01371	0.02020	0.51143	0.03965	0.01646	0.01725	0.11970	0.01725	0.05476	0.01412	0.01871	0.01044	0.00760	0.00747	0.00232	0.03296	0.00627	0.02783	0.00869
18	0.80005	0.01377	0.01047	0.00936	0.01377	0.01597	0.00771	0.02093	0.01212	0.03195	0.00991	0.01157	0.00771	0.00661	0.00441	0.00220	0.00551	0.00386	0.00441	0.00771
19	0.00868	0.00620	0.00826	0.00991	0.01033	0.00578	0.00661	0.00991	0.01363	0.01818	0.03925	0.74510	0.04710	0.02231	0.00909	0.00289	0.00413	0.02024	0.00661	0.00578
20	0.01217	0.00631	0.00947	0.00947	0.00958	0.00643	0.00643	0.00958	0.00947	0.01274	0.01297	0.02221	0.01285	0.02730	0.08979	0.72303	0.00734	0.00631	0.00316	0.00338
21	0.01374	0.01295	0.02188	0.68477	0.09464	0.01590	0.01992	0.01845	0.01438	0.01855	0.01271	0.01889	0.00962	0.00707	0.00711	0.00236	0.00942	0.00633	0.00319	0.00814

[dist]
# distance from previous block
# <min> <max>
0	7

[block]
# block no. 7 follows, 29 sequences, length 58
# corresponding to MSA columns:
# 390-416,419-449
name=unknown_H
#
# <colnr> <probs for GDERKNQSTAVLIFYWHMCP>
#	G	D	E	R	K	N	Q	S	T	A	V	L	I	F	Y	W	H	M	C	P
0	0.01345	0.01266	0.02136	0.73264	0.04904	0.01582	0.01978	0.01819	0.01424	0.01819	0.01266	0.01898	0.00949	0.00712	0.00712	0.00237	0.00949	0.00633	0.00316	0.00791
1	0.03195	0.01212	0.01652	0.01267	0.01818	0.01047	0.01047	0.03470	0.02038	0.71026	0.02809	0.02424	0.01763	0.00881	0.00716	0.00220	0.00606	0.00716	0.00881	0.01212
2	0.05844	0.01138	0.01506	0.01187	0.01673	0.01004	0.00970	0.03055	0.01989	0.57105	0.11707	0.02902	0.04682	0.00979	0.00726	0.00221	0.00560	0.00805	0.00844	0.01103
3	0.01161	0.00809	0.00997	0.00941	0.01151	0.00760	0.00708	0.01578	0.07069	0.06772	0.45014	0.11132	0.16171	0.01506	0.00830	0.00233	0.00380	0.01314	0.00755	0.00720
4	0.00842	0.00721	0.00721	0.00721	0.00962	0.00601	0.00541	0.01022	0.01623	0.01924	0.07213	0.06853	0.70244	0.01803	0.00842	0.00240	0.00361	0.01503	0.00661	0.00601
5	0.03195	0.01212	0.01652	0.01267	0.01818	0.01047	0.01047	0.03470	0.02038	0.71026	0.02809	0.02424	0.01763	0.00881	0.00716	0.00220	0.00606	0.00716	0.00881	0.01212
6	0.06130	0.01347	0.01708	0.01315	0.01865	0.01260	0.01086	0.14070	0.02221	0.57405	0.02557	0.02256	0.01633	0.00868	0.00705	0.00219	0.00633	0.00691	0.00836	0.01194
7	0.00996	0.00727	0.00935	0.00883	0.01057	0.00667	0.00663	0.01321	0.01988	0.02789	0.65659	0.05429	0.11259	0.01481	0.00840	0.00225	0.00338	0.01303	0.00775	0.00667
8	0.01428	0.03683	0.71286	0.02030	0.03082	0.01654	0.02631	0.02255	0.01503	0.02255	0.01278	0.01503	0.00902	0.00677	0.00677	0.00226	0.01052	0.00526	0.00301	0.01052
9	0.00868	0.00620	0.00826	0.00991	0.01033	0.00578	0.00661	0.00991	0.01363	0.01818	0.03925	0.74510	0.04710	0.02231	0.00909	0.00289	0.00413	0.02024	0.00661	0.00578
10	0.01477	0.01266	0.01477	0.01055	0.01687	0.00949	0.00844	0.01793	0.01477	0.02320	0.01266	0.01477	0.01055	0.00527	0.00527	0.00105	0.00527	0.00422	0.00422	0.79328
11	0.01053	0.00746	0.00922	0.00867	0.01068	0.00669	0.00654	0.01348	0.01917	0.05356	0.51510	0.05591	0.22612	0.01521	0.00835	0.00228	0.00353	0.01319	0.00757	0.00676
12	0.01017	0.00763	0.01144	0.01144	0.01272	0.00890	0.00890	0.01272	0.01144	0.01653	0.01907	0.02797	0.01780	0.05340	0.72153	0.01144	0.01907	0.00763	0.00381	0.00636
13	0.01904	0.75404	0.03731	0.01218	0.01828	0.02818	0.01218	0.02132	0.01447	0.01675	0.00990	0.01142	0.00914	0.00609	0.00457	0.00152	0.00761	0.00381	0.00305	0.00914
14	0.04226	0.00818	0.01002	0.00962	0.01078	0.00844	0.00663	0.03538	0.01258	0.07536	0.02250	0.06478	0.02336	0.41381	0.17002	0.03104	0.00917	0.03537	0.00482	0.00588
15	0.01590	0.00921	0.00964	0.00882	0.01132	0.00965	0.00682	0.07785	0.10887	0.05893	0.02370	0.02563	0.01817	0.00853	0.00557	0.00183	0.00415	0.00683	0.58063	0.00798
16	0.01762	0.01692	0.02890	0.04371	0.70533	0.01692	0.02185	0.02185	0.01621	0.02326	0.01339	0.01762	0.01128	0.00634	0.00705	0.00211	0.00846	0.00634	0.00352	0.01128
17	0.01714	0.01525	0.02102	0.07797	0.09094	0.04309	0.08481	0.17289	0.01887	0.02537	0.02131	0.16255	0.04281	0.01193	0.01063	0.00254	0.13782	0.02910	0.00508	0.00889
18	0.01477	0.01517	0.04687	0.21148	0.18115	0.01633	0.12664	0.01873	0.01430	0.01992	0.01496	0.07439	0.01347	0.01177	0.05488	0.00306	0.14200	0.00777	0.00361	0.00874
19	0.00910	0.00628	0.00812	0.00953	0.00999	0.00593	0.00632	0.01036	0.01344	0.01833	0.03684	0.64182	0.04353	0.08277	0.01112	0.00315	0.00431	0.01857	0.05476	0.00571
20	0.01144	0.00887	0.01132	0.01268	0.03620	0.00885	0.00996	0.01617	0.09498	0.02156	0.04312	0.15023	0.17379	0.01805	0.00906	0.00291	0.00561	0.35158	0.00656	0.00706
21	0.09763	0.12143	0.10185	0.01336	0.01857	0.09999	0.01212	0.07467	0.06644	0.02476	0.06315	0.02046	0.04830	0.00810	0.00659	0.00189	0.02913	0.00600	0.03112	0.15445
22	0.01614	0.01135	0.01474	0.12235	0.02032	0.01210	0.01093	0.04139	0.14395	0.12120	0.04642	0.10026	0.04234	0.06349	0.09123	0.00366	0.03160	0.02652	0.00579	0.07422
23	0.00916	0.00658	0.00801	0.00888	0.00950	0.00617	0.00578	0.01019	0.01327	0.01740	0.05961	0.42599	0.13648	0.22961	0.01674	0.00395	0.00482	0.01643	0.00599	0.00543
24	0.77007	0.01465	0.03726	0.00978	0.01442	0.01600	0.00842	0.02099	0.01223	0.03159	0.01002	0.01170	0.00776	0.00662	0.00450	0.00221	0.00570	0.00391	0.00435	0.00782
25	0.01987	0.67488	0.03543	0.01286	0.01869	0.10435	0.01236	0.02210	0.01510	0.01683	0.01002	0.01158	0.00914	0.00623	0.00477	0.00156	0.00819	0.00389	0.00311	0.00904
26	0.08099	0.01955	0.02339	0.02099	0.09877	0.09904	0.09304	0.24680	0.07005	0.02997	0.01467	0.01693	0.01142	0.00846	0.00975	0.00232	0.13234	0.00633	0.00504	0.01016
27	0.01168	0.00873	0.01059	0.00923	0.01229	0.00740	0.00713	0.01465	0.01799	0.05014	0.36678	0.04711	0.18169	0.01304	0.00767	0.00203	0.00405	0.03049	0.00674	0.19058
28	0.07369	0.01469	0.01709	0.01351	0.01859	0.01486	0.01100	0.24964	0.07140	0.31250	0.04828	0.05082	0.01817	0.00925	0.00703	0.00217	0.00638	0.00738	0.00753	0.04601
29	0.02660	0.03394	0.02018	0.01834	0.02201	0.72116	0.01376	0.02843	0.02018	0.01743	0.01101	0.01284	0.00917	0.00734	0.00642	0.00183	0.01284	0.00459	0.00367	0.00825
30	0.01558	0.01558	0.02181	0.01869	0.01869	0.02181	0.01558	0.01714	0.01091	0.01714	0.00935	0.01558	0.00935	0.01246	0.02337	0.00312	0.73672	0.00623	0.00312	0.00779
31	0.01015	0.00682	0.00783	0.00803	0.00808	0.00677	0.00459	0.01030	0.01075	0.01434	0.02449	0.13177	0.02847	0.66106	0.03293	0.00641	0.00657	0.01156	0.00459	0.00449
32	0.01156	0.00804	0.00936	0.00881	0.01118	0.00722	0.00666	0.04012	0.01833	0.07685	0.27295	0.11378	0.35644	0.01614	0.00832	0.00236	0.00393	0.01379	0.00721	0.00695
33	0.02850	0.02052	0.02204	0.01716	0.02287	0.02221	0.01395	0.63918	0.03341	0.07237	0.01901	0.01954	0.01380	0.00958	0.00778	0.00243	0.00825	0.00693	0.00765	0.01281
34	0.02868	0.02023	0.02187	0.01703	0.02273	0.02178	0.01384	0.61540	0.03293	0.09683	0.01941	0.01980	0.01400	0.00959	0.00778	0.00243	0.00818	0.00696	0.00771	0.01281
35	0.01416	0.00912	0.01054	0.01031	0.01134	0.00882	0.00665	0.03700	0.03826	0.07199	0.02801	0.20022	0.03047	0.46004	0.02580	0.00549	0.00671	0.01248	0.00591	0.00667
36	0.01118	0.00899	0.00958	0.00952	0.01178	0.00808	0.00690	0.01408	0.07422	0.02221	0.12506	0.14616	0.46710	0.03848	0.00979	0.00286	0.00450	0.01499	0.00720	0.00731
37	0.03195	0.01212	0.01652	0.01267	0.01818	0.01047	0.01047	0.03470	0.02038	0.71026	0.02809	0.02424	0.01763	0.00881	0.00716	0.00220	0.00606	0.00716	0.00881	0.01212
38	0.06459	0.01965	0.02084	0.01604	0.02168	0.02179	0.01325	0.64952	0.03244	0.04425	0.01675	0.01683	0.01190	0.00845	0.00699	0.00214	0.00772	0.00629	0.00699	0.01190
39	0.00959	0.00679	0.00901	0.01046	0.01113	0.00653	0.00756	0.01119	0.01393	0.01843	0.03678	0.49040	0.04293	0.11152	0.01263	0.00349	0.00509	0.18042	0.00631	0.00580
40	0.67424	0.01305	0.01081	0.00969	0.01388	0.01472	0.00786	0.02125	0.01293	0.08824	0.01371	0.06906	0.01158	0.00800	0.00500	0.00226	0.00545	0.00540	0.00495	0.00794
41	0.02744	0.01934	0.02100	0.01610	0.02178	0.02119	0.01330	0.63183	0.03247	0.09606	0.01794	0.01765	0.01253	0.00857	0.00713	0.00214	0.00770	0.00647	0.00725	0.01211
42	0.03195	0.01212	0.01652	0.01267	0.01818	0.01047	0.01047	0.03470	0.02038	0.71026	0.02809	0.02424	0.01763	0.00881	0.00716	0.00220	0.00606	0.00716	0.00881	0.01212
43	0.00916	0.00719	0.00828	0.00812	0.01010	0.00631	0.00605	0.01163	0.01784	0.02330	0.34851	0.09460	0.39009	0.01671	0.00844	0.00236	0.00352	0.01433	0.00715	0.00631
44	0.08650	0.01279	0.01644	0.01270	0.01814	0.01168	0.01049	0.07967	0.02072	0.61451	0.02601	0.02282	0.01653	0.00864	0.00696	0.00220	0.00615	0.00687	0.00838	0.01180
45	0.02601	0.01892	0.02024	0.01563	0.02102	0.02089	0.01288	0.63044	0.03205	0.04347	0.01757	0.01782	0.01258	0.00853	0.00696	0.00210	0.00749	0.00643	0.06728	0.01169
46	0.01839	0.01673	0.01641	0.01479	0.01879	0.07182	0.01146	0.03711	0.64076	0.02884	0.02760	0.02551	0.02077	0.00948	0.00718	0.00237	0.00619	0.00778	0.00697	0.01104
47	0.01477	0.01266	0.01477	0.01055	0.01687	0.00949	0.00844	0.01793	0.01477	0.02320	0.01266	0.01477	0.01055	0.00527	0.00527	0.00105	0.00527	0.00422	0.00422	0.79328
48	0.00860	0.00699	0.00763	0.00795	0.00986	0.00601	0.00578	0.01040	0.01595	0.01972	0.11319	0.21879	0.50689	0.01872	0.00857	0.00250	0.00371	0.01603	0.00671	0.00601
49	0.01904	0.75404	0.03731	0.01218	0.01828	0.02818	0.01218	0.02132	0.01447	0.01675	0.00990	0.01142	0.00914	0.00609	0.00457	0.00152	0.00761	0.00381	0.00305	0.00914
50	0.01008	0.00728	0.00952	0.00896	0.01064	0.00672	0.00672	0.01344	0.02016	0.02855	0.70158	0.05319	0.06719	0.01456	0.00840	0.00224	0.00336	0.01288	0.00784	0.00672
51	0.00904	0.00719	0.00811	0.00798	0.01003	0.00626	0.00595	0.01140	0.01757	0.02264	0.30383	0.09288	0.43804	0.01694	0.00844	0.00237	0.00354	0.01446	0.00707	0.00626
52	0.01345	0.01266	0.02136	0.73264	0.04904	0.01582	0.01978	0.01819	0.01424	0.01819	0.01266	0.01898	0.00949	0.00712	0.00712	0.00237	0.00949	0.00633	0.00316	0.00791
53	0.01728	0.01486	0.01573	0.01427	0.01812	0.01714	0.01105	0.03650	0.65993	0.02923	0.02947	0.06101	0.02295	0.01027	0.00733	0.00244	0.00556	0.00863	0.00722	0.01101
54	0.01361	0.01297	0.02235	0.69896	0.04848	0.01593	0.05139	0.01841	0.01436	0.01841	0.01274	0.01900	0.00956	0.00707	0.00718	0.00237	0.00961	0.00643	0.00319	0.00799
55	0.00868	0.00620	0.00826	0.00991	0.01033	0.00578	0.00661	0.00991	0.01363	0.01818	0.03925	0.74510	0.04710	0.02231	0.00909	0.00289	0.00413	0.02024	0.00661	0.00578
56	0.01167	0.00855	0.01197	0.01338	0.01494	0.00885	0.01167	0.01487	0.01613	0.02111	0.03634	0.07722	0.03946	0.01933	0.01048	0.00327	0.04155	0.62620	0.00639	0.00662
57	0.02660	0.03394	0.02018	0.01834	0.02201	0.72116	0.01376	0.02843	0.02018	0.01743	0.01101	0.01284	0.00917	0.00734	0.00642	0.00183	0.01284	0.00459	0.00367	0.00825

[dist]
# distance from previous block
# <min> <max>
8	38

[block]
# block no. 8 follows, 29 sequences, length 34
# corresponding to MSA columns:
# 490-514,516-524
name=unknown_I
#
# <colnr> <probs for GDERKNQSTAVLIFYWHMCP>
#	G	D	E	R	K	N	Q	S	T	A	V	L	I	F	Y	W	H	M	C	P
0	0.04221	0.01292	0.03642	0.01317	0.01577	0.03479	0.01046	0.05737	0.12236	0.08080	0.02757	0.27740	0.04948	0.01423	0.01029	0.00256	0.12390	0.01159	0.00595	0.05076
1	0.04589	0.01649	0.01768	0.01407	0.01886	0.06877	0.03185	0.19482	0.11402	0.02956	0.03803	0.01878	0.01443	0.00789	0.00748	0.00187	0.05542	0.00600	0.04623	0.25186
2	0.01940	0.03449	0.07167	0.03777	0.02135	0.01437	0.06919	0.10298	0.10427	0.13670	0.03971	0.02015	0.01513	0.00769	0.00719	0.00193	0.03221	0.00636	0.03226	0.22516
3	0.01745	0.01456	0.02132	0.09013	0.21261	0.03448	0.01588	0.02027	0.01451	0.10717	0.01763	0.04404	0.04459	0.01263	0.05454	0.00307	0.25444	0.00728	0.00429	0.00911
4	0.00881	0.00710	0.00808	0.00836	0.01017	0.00646	0.00613	0.01057	0.01483	0.01844	0.05643	0.17504	0.45979	0.04981	0.12301	0.00408	0.00627	0.01456	0.00609	0.00597
5	0.01017	0.00763	0.01144	0.01144	0.01272	0.00890	0.00890	0.01272	0.01144	0.01653	0.01907	0.02797	0.01780	0.05340	0.72153	0.01144	0.01907	0.00763	0.00381	0.00636
6	0.02281	0.01684	0.01980	0.04300	0.15067	0.06953	0.01379	0.15517	0.19355	0.17889	0.02321	0.02276	0.04001	0.00867	0.00714	0.00221	0.00728	0.00715	0.00643	0.01110
7	0.63676	0.01685	0.01262	0.01110	0.01552	0.10614	0.00897	0.07741	0.01494	0.03119	0.01066	0.01219	0.00827	0.00687	0.00489	0.00215	0.00664	0.00416	0.00454	0.00815
8	0.02462	0.01873	0.01999	0.01589	0.02115	0.02094	0.01294	0.51345	0.20560	0.04094	0.02020	0.01957	0.01462	0.00884	0.00716	0.00221	0.00726	0.00684	0.00716	0.01189
9	0.01089	0.00742	0.00872	0.00875	0.01075	0.00653	0.00645	0.01284	0.01634	0.07981	0.14555	0.22182	0.36079	0.04063	0.00937	0.00264	0.00409	0.03315	0.00690	0.00655
10	0.01866	0.60243	0.14496	0.01380	0.02048	0.06133	0.01453	0.02188	0.01485	0.01772	0.01042	0.01207	0.00912	0.00626	0.00502	0.00166	0.00835	0.00408	0.00307	0.00932
11	0.01327	0.00664	0.00664	0.00664	0.00830	0.00664	0.00498	0.01659	0.01493	0.02655	0.02323	0.02655	0.01825	0.00830	0.00498	0.00166	0.00332	0.00664	0.78928	0.00664
12	0.01462	0.00784	0.00996	0.00965	0.01108	0.00731	0.00656	0.01577	0.01404	0.17238	0.05021	0.28315	0.03262	0.30936	0.01947	0.00432	0.00565	0.01313	0.00623	0.00665
13	0.01054	0.00813	0.00985	0.00963	0.01152	0.00796	0.00716	0.01539	0.10348	0.02484	0.36747	0.15968	0.16706	0.01772	0.04441	0.00286	0.00461	0.01353	0.00715	0.00701
14	0.01809	0.02096	0.03856	0.02924	0.07005	0.10735	0.56062	0.02347	0.01720	0.02215	0.01392	0.01832	0.01062	0.00619	0.00808	0.00231	0.01193	0.00781	0.00361	0.00952
15	0.01653	0.01427	0.01497	0.01357	0.01738	0.01622	0.01053	0.03433	0.60649	0.02845	0.03447	0.03190	0.10828	0.01073	0.00739	0.00241	0.00538	0.00894	0.00717	0.01060
16	0.00981	0.00703	0.00849	0.00848	0.00978	0.00657	0.00596	0.01191	0.01608	0.02205	0.30632	0.14050	0.17157	0.16308	0.03759	0.00356	0.00473	0.01322	0.04728	0.00597
17	0.01595	0.01420	0.02388	0.44153	0.28907	0.01595	0.02006	0.02040	0.01529	0.05607	0.01373	0.01876	0.01057	0.00692	0.00710	0.00227	0.00893	0.00638	0.00359	0.00937
18	0.02522	0.03096	0.02044	0.01830	0.02159	0.60004	0.01398	0.05710	0.01961	0.01866	0.01108	0.01339	0.00933	0.00805	0.00861	0.00201	0.10464	0.00488	0.00376	0.00837
19	0.01428	0.03683	0.71286	0.02030	0.03082	0.01654	0.02631	0.02255	0.01503	0.02255	0.01278	0.01503	0.00902	0.00677	0.00677	0.00226	0.01052	0.00526	0.00301	0.01052
20	0.80005	0.01377	0.01047	0.00936	0.01377	0.01597	0.00771	0.02093	0.01212	0.03195	0.00991	0.01157	0.00771	0.00661	0.00441	0.00220	0.00551	0.00386	0.00441	0.00771
