[name]
unknown

[dist]
# distance from previous block
# <min> <max>
0	136

[block]
# block no. 0 follows, 35 sequences, length 52
# corresponding to MSA columns:
# 158-209
name=unknown_A
#
# <colnr> <probs for GDERKNQSTAVLIFYWHMCP>
#	G	D	E	R	K	N	Q	S	T	A	V	L	I	F	Y	W	H	M	C	P
0	0.00773	0.00552	0.00736	0.00883	0.00920	0.00515	0.00589	0.00883	0.01215	0.01619	0.03497	0.77291	0.04196	0.01987	0.00810	0.00258	0.00368	0.01803	0.00589	0.00515
1	0.01252	0.01183	0.02000	0.65720	0.14409	0.01424	0.01789	0.01668	0.01294	0.01686	0.01137	0.01674	0.00869	0.00624	0.00633	0.00208	0.00832	0.00564	0.00287	0.00748
2	0.01287	0.01142	0.01508	0.01186	0.04404	0.00924	0.07354	0.03252	0.01397	0.02060	0.01921	0.02060	0.11446	0.00651	0.00546	0.00129	0.00521	0.00562	0.00405	0.57244
3	0.01696	0.78087	0.03324	0.01085	0.01628	0.02510	0.01085	0.01900	0.01289	0.01493	0.00882	0.01018	0.00814	0.00543	0.00407	0.00136	0.00678	0.00339	0.00271	0.00814
4	0.00750	0.00643	0.00643	0.00643	0.00857	0.00536	0.00482	0.00910	0.01446	0.01714	0.06427	0.06105	0.73490	0.01607	0.00750	0.00214	0.00321	0.01339	0.00589	0.00536
5	0.01272	0.03281	0.74418	0.01808	0.02746	0.01473	0.02344	0.02009	0.01339	0.02009	0.01138	0.01339	0.00804	0.00603	0.00603	0.00201	0.00938	0.00469	0.00268	0.00938
6	0.00906	0.00680	0.01020	0.01020	0.01133	0.00793	0.00793	0.01133	0.01020	0.01473	0.01699	0.02492	0.01586	0.04758	0.75191	0.01020	0.01699	0.00680	0.00340	0.00566
7	0.01570	0.01507	0.02575	0.03894	0.73748	0.01507	0.01947	0.01947	0.01444	0.02073	0.01193	0.01570	0.01005	0.00565	0.00628	0.00188	0.00754	0.00565	0.00314	0.01005
8	0.01578	0.01363	0.01434	0.01291	0.01650	0.01578	0.01004	0.03371	0.72602	0.02654	0.02582	0.02367	0.01937	0.00861	0.00646	0.00215	0.00502	0.00717	0.00646	0.01004
9	0.00773	0.00552	0.00736	0.00883	0.00920	0.00515	0.00589	0.00883	0.01215	0.01619	0.03497	0.77291	0.04196	0.01987	0.00810	0.00258	0.00368	0.01803	0.00589	0.00515
10	0.35050	0.01503	0.01452	0.01167	0.01613	0.01687	0.00962	0.40145	0.02135	0.03459	0.01284	0.01356	0.00941	0.00690	0.00528	0.00191	0.00596	0.00479	0.03866	0.00898
11	0.00779	0.00644	0.00683	0.00674	0.00875	0.00548	0.00505	0.00967	0.01515	0.01879	0.19724	0.05834	0.60090	0.01545	0.00749	0.00211	0.00317	0.01301	0.00611	0.00548
12	0.01755	0.01560	0.01890	0.01548	0.01966	0.04535	0.11256	0.16473	0.43823	0.02752	0.02073	0.02030	0.01552	0.00793	0.00697	0.00210	0.02860	0.00676	0.00573	0.00978
13	0.00958	0.00628	0.00868	0.00868	0.00918	0.00678	0.00604	0.00992	0.00942	0.01306	0.01652	0.02890	0.01701	0.27583	0.34649	0.20182	0.01076	0.00727	0.00339	0.00438
14	0.09240	0.25028	0.16700	0.04382	0.04018	0.01818	0.21205	0.04568	0.01421	0.04382	0.01138	0.01369	0.00882	0.00576	0.00569	0.00184	0.00825	0.00512	0.00328	0.00857
15	0.01727	0.01352	0.01455	0.01282	0.01659	0.01532	0.01005	0.05873	0.63431	0.09366	0.02535	0.02316	0.01871	0.00850	0.00644	0.00212	0.00513	0.00704	0.00658	0.01014
16	0.01552	0.01347	0.01466	0.06334	0.01833	0.01567	0.01055	0.03253	0.67798	0.02584	0.02484	0.02321	0.01863	0.00845	0.00645	0.00215	0.00525	0.00707	0.00621	0.00984
17	0.01820	0.01100	0.01187	0.00981	0.01301	0.01160	0.00787	0.28982	0.02021	0.09817	0.01898	0.02017	0.01407	0.00752	0.00536	0.00169	0.00476	0.00588	0.42174	0.00828
18	0.03497	0.01309	0.02184	0.39958	0.30368	0.01473	0.04224	0.01815	0.03471	0.01867	0.01187	0.01641	0.00938	0.00623	0.00669	0.00204	0.02861	0.00569	0.00309	0.00832
19	0.01429	0.08148	0.56030	0.01808	0.02650	0.01603	0.08735	0.08488	0.01504	0.02161	0.01170	0.01370	0.00845	0.00607	0.00606	0.00197	0.00910	0.00496	0.00307	0.00934
20	0.00887	0.00648	0.00833	0.00787	0.00941	0.00594	0.00590	0.01176	0.01770	0.02482	0.68434	0.04840	0.11003	0.01320	0.00748	0.00201	0.00301	0.01162	0.00690	0.00594
21	0.00897	0.00669	0.00836	0.00791	0.00956	0.00619	0.00594	0.01221	0.03884	0.02427	0.61580	0.04865	0.15632	0.01329	0.00745	0.00202	0.00309	0.01162	0.00681	0.00602
22	0.05993	0.03935	0.06616	0.04262	0.02422	0.03438	0.26568	0.12759	0.06497	0.16160	0.01652	0.01893	0.01212	0.00691	0.00662	0.00204	0.00805	0.02826	0.00485	0.00920
23	0.02006	0.01883	0.02171	0.01722	0.02183	0.17718	0.17846	0.18209	0.19701	0.07461	0.01679	0.01739	0.01242	0.00710	0.00651	0.00197	0.00824	0.00619	0.00506	0.00932
24	0.00778	0.00556	0.00740	0.00880	0.00921	0.00518	0.00589	0.00895	0.01236	0.01654	0.06102	0.74587	0.04263	0.01962	0.00807	0.00255	0.00365	0.01779	0.00593	0.00518
25	0.00773	0.00552	0.00736	0.00883	0.00920	0.00515	0.00589	0.00883	0.01215	0.01619	0.03497	0.77291	0.04196	0.01987	0.00810	0.00258	0.00368	0.01803	0.00589	0.00515
26	0.20509	0.01988	0.01651	0.21476	0.04199	0.32173	0.01261	0.06223	0.01551	0.02028	0.01035	0.01297	0.00815	0.00638	0.00552	0.00186	0.00877	0.00449	0.00348	0.00743
27	0.01482	0.01417	0.02415	0.21086	0.57247	0.01484	0.01903	0.01869	0.01403	0.01965	0.01178	0.01599	0.00967	0.00582	0.00630	0.00194	0.00776	0.00565	0.00306	0.00933
28	0.00915	0.00645	0.00898	0.00919	0.01011	0.00712	0.00680	0.01103	0.01065	0.01547	0.02031	0.13510	0.02057	0.13027	0.48544	0.00778	0.01241	0.00864	0.07915	0.00539
29	0.01356	0.01288	0.02188	0.45556	0.33761	0.01451	0.01840	0.01759	0.01343	0.01812	0.01155	0.01640	0.00913	0.00605	0.00632	0.00202	0.00807	0.00564	0.00296	0.00832
30	0.01022	0.00730	0.01022	0.01168	0.01314	0.00730	0.01022	0.01314	0.01460	0.01899	0.03359	0.07156	0.03651	0.01752	0.00876	0.00292	0.00584	0.69478	0.00584	0.00584
31	0.01245	0.01175	0.01988	0.67065	0.13118	0.01422	0.01785	0.01662	0.01291	0.01678	0.01136	0.01676	0.00866	0.00626	0.00633	0.00209	0.00834	0.00564	0.00286	0.00743
32	0.01388	0.01388	0.01943	0.01666	0.01666	0.01943	0.01388	0.01527	0.00972	0.01527	0.00833	0.01388	0.00833	0.01110	0.02082	0.00278	0.76544	0.00555	0.00278	0.00694
33	0.01198	0.01128	0.01903	0.76180	0.04369	0.01409	0.01762	0.01621	0.01268	0.01621	0.01128	0.01691	0.00846	0.00634	0.00634	0.00211	0.00846	0.00564	0.00282	0.00705
34	0.01696	0.78087	0.03324	0.01085	0.01628	0.02510	0.01085	0.01900	0.01289	0.01493	0.00882	0.01018	0.00814	0.00543	0.00407	0.00136	0.00678	0.00339	0.00271	0.00814
35	0.01349	0.01147	0.01333	0.00956	0.01518	0.00880	0.00766	0.03741	0.01367	0.02126	0.01140	0.01322	0.00944	0.00479	0.00475	0.00097	0.00477	0.00382	0.00384	0.79119
36	0.01596	0.01722	0.02026	0.39877	0.19369	0.21220	0.01660	0.01939	0.01450	0.01704	0.01103	0.01517	0.00874	0.00624	0.00616	0.00193	0.00905	0.00522	0.00301	0.00781
37	0.00773	0.00552	0.00736	0.00883	0.00920	0.00515	0.00589	0.00883	0.01215	0.01619	0.03497	0.77291	0.04196	0.01987	0.00810	0.00258	0.00368	0.01803	0.00589	0.00515
38	0.00922	0.00618	0.00705	0.00705	0.00710	0.00622	0.00401	0.00931	0.00927	0.01240	0.01986	0.04083	0.02277	0.74690	0.06203	0.00632	0.00660	0.00913	0.00383	0.00392
39	0.00907	0.00677	0.01008	0.01008	0.01117	0.00787	0.00779	0.01125	0.01016	0.01464	0.01710	0.02551	0.01611	0.07337	0.72647	0.01005	0.01661	0.00688	0.00341	0.00560
40	0.00788	0.00563	0.00753	0.00900	0.00944	0.00528	0.00615	0.00909	0.01229	0.01636	0.03488	0.73066	0.04163	0.01973	0.00814	0.00260	0.00381	0.05880	0.00589	0.00519
41	0.01883	0.01514	0.01606	0.01353	0.01766	0.01720	0.01078	0.28333	0.47143	0.03145	0.02195	0.02058	0.01623	0.00824	0.00642	0.00206	0.00574	0.00664	0.00642	0.01031
42	0.01022	0.00730	0.01022	0.01168	0.01314	0.00730	0.01022	0.01314	0.01460	0.01899	0.03359	0.07156	0.03651	0.01752	0.00876	0.00292	0.00584	0.69478	0.00584	0.00584
43	0.01272	0.03281	0.74418	0.01808	0.02746	0.01473	0.02344	0.02009	0.01339	0.02009	0.01138	0.01339	0.00804	0.00603	0.00603	0.00201	0.00938	0.00469	0.00268	0.00938
44	0.00898	0.00648	0.00848	0.00798	0.00948	0.00599	0.00599	0.01197	0.01796	0.02544	0.73413	0.04739	0.05986	0.01297	0.00748	0.00200	0.00299	0.01147	0.00698	0.00599
45	0.06959	0.01322	0.01479	0.08358	0.01896	0.01497	0.01059	0.07162	0.48413	0.11364	0.02261	0.02141	0.01656	0.00806	0.00627	0.00210	0.00550	0.00660	0.00611	0.00969
46	0.00892	0.00648	0.00840	0.00792	0.00944	0.00596	0.00594	0.01186	0.01782	0.02512	0.70804	0.04792	0.08615	0.01309	0.00748	0.00200	0.00300	0.01155	0.00694	0.00596
47	0.01198	0.01128	0.01903	0.76180	0.04369	0.01409	0.01762	0.01621	0.01268	0.01621	0.01128	0.01691	0.00846	0.00634	0.00634	0.00211	0.00846	0.00564	0.00282	0.00705
48	0.06732	0.01291	0.01993	0.41033	0.24183	0.03332	0.01654	0.01896	0.01374	0.08716	0.01258	0.01643	0.00950	0.00626	0.00616	0.00201	0.00775	0.00553	0.00347	0.00828
49	0.07697	0.01105	0.01411	0.01084	0.01576	0.00969	0.00890	0.02783	0.03748	0.56025	0.02182	0.01958	0.01424	0.00725	0.00596	0.00181	0.00524	0.00580	0.00691	0.13852
50	0.54191	0.04512	0.01298	0.05915	0.01627	0.19732	0.00905	0.02016	0.01278	0.02396	0.00923	0.01101	0.00734	0.00606	0.00453	0.00187	0.00683	0.00374	0.00365	0.00705
51	0.00871	0.00644	0.00815	0.00812	0.00949	0.00598	0.00593	0.01150	0.03404	0.02249	0.48631	0.20858	0.13110	0.01473	0.00759	0.00214	0.00322	0.01303	0.00661	0.00583

[dist]
# distance from previous block
# <min> <max>
0	23

[block]
# block no. 1 follows, 35 sequences, length 23
# corresponding to MSA columns:
# 233-250,252-256
name=unknown_B
#
# <colnr> <probs for GDERKNQSTAVLIFYWHMCP>
#	G	D	E	R	K	N	Q	S	T	A	V	L	I	F	Y	W	H	M	C	P
0	0.00779	0.00573	0.00733	0.00856	0.00926	0.00527	0.00589	0.00905	0.01261	0.01645	0.03956	0.63239	0.15165	0.01918	0.00803	0.00252	0.00369	0.04394	0.00589	0.00521
1	0.01366	0.01010	0.06286	0.00957	0.01289	0.00786	0.00799	0.01684	0.03265	0.15440	0.30814	0.05638	0.05420	0.07376	0.00874	0.00218	0.00453	0.00868	0.00593	0.14862
2	0.00771	0.00560	0.00728	0.00863	0.00915	0.00517	0.00580	0.00886	0.01234	0.01627	0.03740	0.71377	0.09952	0.01956	0.00805	0.00254	0.00364	0.01765	0.00589	0.00517
3	0.01647	0.71646	0.03117	0.01064	0.01562	0.02347	0.01041	0.01810	0.01251	0.01460	0.00900	0.01093	0.00838	0.00681	0.00579	0.06899	0.00668	0.00357	0.00272	0.00769
4	0.01401	0.28911	0.40672	0.01453	0.02164	0.01764	0.01708	0.01960	0.04282	0.01901	0.07113	0.01552	0.01284	0.00650	0.00549	0.00179	0.00777	0.00490	0.00320	0.00869
5	0.01519	0.46772	0.33085	0.01388	0.02096	0.02076	0.01612	0.01945	0.01310	0.01709	0.00989	0.01152	0.00810	0.00568	0.00489	0.00163	0.00787	0.00393	0.00270	0.00866
6	0.02540	0.01224	0.01519	0.01203	0.01669	0.01191	0.00981	0.11818	0.15981	0.51142	0.02395	0.02120	0.01581	0.00797	0.00639	0.00199	0.00552	0.00645	0.00738	0.01065
7	0.01225	0.01155	0.01951	0.70957	0.09383	0.01417	0.01775	0.01644	0.01281	0.01653	0.01132	0.01683	0.00857	0.00629	0.00634	0.00210	0.00839	0.00564	0.00284	0.00726
8	0.01315	0.01128	0.01315	0.00940	0.01503	0.00846	0.00752	0.01597	0.01315	0.02067	0.01128	0.01315	0.00940	0.00470	0.00470	0.00094	0.00470	0.00376	0.00376	0.81583
9	0.02846	0.01080	0.01472	0.01129	0.01619	0.00932	0.00932	0.03092	0.01816	0.74187	0.02503	0.02159	0.01570	0.00785	0.00638	0.00196	0.00540	0.00638	0.00785	0.01080
10	0.01184	0.01032	0.10187	0.00953	0.01252	0.00737	0.00845	0.01487	0.01619	0.12484	0.34886	0.11471	0.16842	0.01262	0.00721	0.00208	0.00425	0.01089	0.00625	0.00690
11	0.00784	0.00560	0.00749	0.00897	0.00938	0.00525	0.00609	0.00903	0.01226	0.01632	0.03490	0.74033	0.04170	0.01977	0.00813	0.00259	0.00378	0.04947	0.00589	0.00518
12	0.01497	0.01711	0.03743	0.02674	0.03316	0.01604	0.71444	0.02032	0.01497	0.02032	0.01283	0.01711	0.00963	0.00535	0.00749	0.00214	0.01070	0.00749	0.00321	0.00856
13	0.02565	0.01530	0.01751	0.01343	0.01844	0.01601	0.01109	0.47392	0.02570	0.28822	0.01870	0.01748	0.01253	0.00770	0.00636	0.00192	0.00642	0.00595	0.00688	0.01079
14	0.01183	0.00591	0.00591	0.00591	0.00739	0.00591	0.00443	0.01478	0.01330	0.02365	0.02069	0.02365	0.01626	0.00739	0.00443	0.00148	0.00296	0.00591	0.81227	0.00591
15	0.01379	0.01375	0.01941	0.05277	0.01797	0.01917	0.01406	0.01531	0.00986	0.01531	0.00847	0.01403	0.00833	0.01087	0.02012	0.00274	0.72875	0.00556	0.00278	0.00694
16	0.01315	0.01128	0.01315	0.00940	0.01503	0.00846	0.00752	0.01597	0.01315	0.02067	0.01128	0.01315	0.00940	0.00470	0.00470	0.00094	0.00470	0.00376	0.00376	0.81583
17	0.01375	0.01303	0.02181	0.41666	0.34741	0.01459	0.01815	0.01829	0.03980	0.01857	0.01210	0.01663	0.00956	0.00612	0.00632	0.00201	0.00793	0.00570	0.00309	0.00848
18	0.82186	0.01227	0.00932	0.00834	0.01227	0.01423	0.00687	0.01865	0.01080	0.02846	0.00883	0.01031	0.00687	0.00589	0.00393	0.00196	0.00491	0.00344	0.00393	0.00687
19	0.01561	0.59512	0.14583	0.01196	0.01766	0.02198	0.01264	0.01853	0.01274	0.01574	0.00992	0.01194	0.00877	0.00908	0.06742	0.00221	0.00806	0.00389	0.00277	0.00813
20	0.02412	0.01777	0.01904	0.01460	0.01967	0.01967	0.01206	0.71633	0.02983	0.03998	0.01523	0.01523	0.01079	0.00762	0.00635	0.00190	0.00698	0.00571	0.00635	0.01079
21	0.01369	0.01335	0.02105	0.50343	0.25627	0.04971	0.01793	0.01765	0.01348	0.01757	0.01141	0.01628	0.00893	0.00614	0.00629	0.00202	0.00832	0.00557	0.00294	0.00799
22	0.00989	0.00669	0.00751	0.00735	0.00760	0.00677	0.00430	0.04307	0.01031	0.01375	0.02025	0.06425	0.02310	0.71537	0.03025	0.00583	0.00611	0.00935	0.00403	0.00422

[dist]
# distance from previous block
# <min> <max>
0	2

[block]
# block no. 2 follows, 35 sequences, length 20
# corresponding to MSA columns:
# 259-278
name=unknown_C
#
# <colnr> <probs for GDERKNQSTAVLIFYWHMCP>
#	G	D	E	R	K	N	Q	S	T	A	V	L	I	F	Y	W	H	M	C	P
0	0.01989	0.01212	0.01363	0.01104	0.01459	0.01277	0.00883	0.32924	0.02102	0.15717	0.01878	0.02105	0.01425	0.07194	0.04765	0.00260	0.00619	0.00622	0.20223	0.00877
1	0.00837	0.00629	0.00885	0.01127	0.06808	0.00595	0.00699	0.00969	0.01233	0.01656	0.03310	0.71169	0.03938	0.01872	0.00795	0.00252	0.00399	0.01703	0.00567	0.00555
2	0.01488	0.01685	0.03598	0.02592	0.03182	0.01632	0.65780	0.01991	0.01455	0.01991	0.01247	0.01685	0.00952	0.00581	0.00856	0.00219	0.07172	0.00733	0.00317	0.00843
3	0.01260	0.01083	0.01404	0.01275	0.01555	0.01157	0.08028	0.02236	0.34815	0.02217	0.05011	0.17877	0.07756	0.01233	0.00729	0.00233	0.00526	0.10221	0.00591	0.00792
4	0.01326	0.01261	0.02123	0.49955	0.26856	0.01461	0.01809	0.01724	0.01315	0.01764	0.01138	0.01641	0.00897	0.00629	0.00685	0.00206	0.03553	0.00564	0.00292	0.00802
5	0.01292	0.01205	0.01674	0.41760	0.03079	0.03856	0.01339	0.01641	0.01295	0.01787	0.01112	0.01516	0.00880	0.00588	0.00620	0.00167	0.03426	0.00485	0.00320	0.31957
6	0.82186	0.01227	0.00932	0.00834	0.01227	0.01423	0.00687	0.01865	0.01080	0.02846	0.00883	0.01031	0.00687	0.00589	0.00393	0.00196	0.00491	0.00344	0.00393	0.00687
7	0.82186	0.01227	0.00932	0.00834	0.01227	0.01423	0.00687	0.01865	0.01080	0.02846	0.00883	0.01031	0.00687	0.00589	0.00393	0.00196	0.00491	0.00344	0.00393	0.00687
8	0.00773	0.00552	0.00736	0.00883	0.00920	0.00515	0.00589	0.00883	0.01215	0.01619	0.03497	0.77291	0.04196	0.01987	0.00810	0.00258	0.00368	0.01803	0.00589	0.00515
9	0.00849	0.00647	0.00780	0.00746	0.00918	0.00578	0.00560	0.01102	0.01679	0.02268	0.51138	0.05193	0.28433	0.01400	0.00749	0.00204	0.00307	0.01211	0.00662	0.00578
10	0.01460	0.01395	0.02376	0.25317	0.53186	0.01478	0.01892	0.01850	0.01392	0.01939	0.01174	0.01606	0.00958	0.00586	0.00630	0.00195	0.00781	0.00565	0.00304	0.00916
11	0.00813	0.00645	0.00730	0.00709	0.00895	0.00562	0.00532	0.01032	0.01595	0.02066	0.34879	0.05525	0.44818	0.01475	0.00749	0.00208	0.00312	0.01257	0.00636	0.00562
12	0.01111	0.00980	0.01412	0.01294	0.01359	0.01281	0.01045	0.01300	0.00999	0.01496	0.01331	0.02024	0.01266	0.03210	0.44161	0.00705	0.33466	0.00627	0.00313	0.00621
13	0.01661	0.55348	0.02764	0.01146	0.01635	0.02234	0.01061	0.02336	0.22424	0.01837	0.01386	0.01418	0.01147	0.00637	0.00478	0.00159	0.00626	0.00451	0.00382	0.00870
14	0.02412	0.01777	0.01904	0.01460	0.01967	0.01967	0.01206	0.71633	0.02983	0.03998	0.01523	0.01523	0.01079	0.00762	0.00635	0.00190	0.00698	0.00571	0.00635	0.01079
15	0.01970	0.01022	0.05094	0.01026	0.01405	0.00824	0.00869	0.02258	0.01771	0.41337	0.28950	0.03203	0.05499	0.00993	0.00681	0.00198	0.00464	0.00841	0.00719	0.00875
16	0.00773	0.00552	0.00736	0.00883	0.00920	0.00515	0.00589	0.00883	0.01215	0.01619	0.03497	0.77291	0.04196	0.01987	0.00810	0.00258	0.00368	0.01803	0.00589	0.00515
17	0.01388	0.01407	0.01845	0.01625	0.01926	0.15090	0.18853	0.01709	0.01523	0.01854	0.02388	0.07683	0.02456	0.01246	0.00783	0.00246	0.00804	0.36025	0.00469	0.00679
18	0.01847	0.01439	0.01591	0.01210	0.01719	0.01422	0.00982	0.35762	0.06024	0.03025	0.01472	0.03801	0.01162	0.00680	0.00570	0.00153	0.00580	0.00533	0.00523	0.35506
19	0.36740	0.01876	0.01457	0.01246	0.01637	0.22199	0.00994	0.19943	0.01765	0.02737	0.01073	0.01200	0.00829	0.00668	0.00560	0.00188	0.03226	0.00427	0.00433	0.00801

[dist]
# distance from previous block
# <min> <max>
0	33

[block]
# block no. 3 follows, 35 sequences, length 64
# corresponding to MSA columns:
# 312-375
name=unknown_D
#
# <colnr> <probs for GDERKNQSTAVLIFYWHMCP>
#	G	D	E	R	K	N	Q	S	T	A	V	L	I	F	Y	W	H	M	C	P
0	0.02412	0.01777	0.01904	0.01460	0.01967	0.01967	0.01206	0.71633	0.02983	0.03998	0.01523	0.01523	0.01079	0.00762	0.00635	0.00190	0.00698	0.00571	0.00635	0.01079
1	0.01514	0.01640	0.03335	0.02989	0.23717	0.01589	0.48554	0.01988	0.01462	0.02024	0.01240	0.01658	0.00970	0.00566	0.00765	0.00209	0.03884	0.00688	0.00317	0.00893
2	0.00906	0.00680	0.01020	0.01020	0.01133	0.00793	0.00793	0.01133	0.01020	0.01473	0.01699	0.02492	0.01586	0.04758	0.75191	0.01020	0.01699	0.00680	0.00340	0.00566
3	0.01570	0.01507	0.02575	0.03894	0.73748	0.01507	0.01947	0.01947	0.01444	0.02073	0.01193	0.01570	0.01005	0.00565	0.00628	0.00188	0.00754	0.00565	0.00314	0.01005
4	0.02275	0.01645	0.01758	0.01363	0.01831	0.01815	0.01121	0.63848	0.02799	0.03817	0.01584	0.01617	0.01140	0.00759	0.00613	0.00186	0.00653	0.00573	0.09577	0.01025
5	0.00771	0.00561	0.00726	0.00858	0.00914	0.00517	0.00578	0.00886	0.01239	0.01629	0.03800	0.69917	0.11374	0.01948	0.00804	0.00253	0.00363	0.01755	0.00589	0.00517
6	0.00796	0.00570	0.00757	0.00868	0.00925	0.00531	0.00591	0.00941	0.01321	0.01789	0.16356	0.63946	0.04525	0.01860	0.00798	0.00247	0.00355	0.01683	0.00609	0.00531
7	0.00904	0.00712	0.00750	0.00722	0.00952	0.00632	0.00547	0.01198	0.06638	0.04654	0.11899	0.05562	0.59589	0.01494	0.00738	0.00212	0.00341	0.01250	0.00610	0.00596
8	0.02428	0.01750	0.01887	0.01447	0.01954	0.01927	0.01195	0.68993	0.02938	0.06701	0.01561	0.01548	0.01098	0.00762	0.00635	0.00191	0.00692	0.00574	0.00640	0.01079
9	0.01554	0.12839	0.54557	0.01615	0.02436	0.01532	0.01975	0.02150	0.01401	0.12308	0.01301	0.01415	0.00915	0.00621	0.00582	0.00192	0.00846	0.00476	0.00343	0.00942
10	0.01294	0.03785	0.19152	0.37367	0.08517	0.01483	0.11770	0.01784	0.01317	0.01792	0.01160	0.01601	0.00884	0.00734	0.02794	0.00230	0.02683	0.00565	0.00288	0.00800
11	0.01578	0.01363	0.01434	0.01291	0.01650	0.01578	0.01004	0.03371	0.72602	0.02654	0.02582	0.02367	0.01937	0.00861	0.00646	0.00215	0.00502	0.00717	0.00646	0.01004
12	0.01702	0.01523	0.01498	0.01330	0.01698	0.07311	0.01036	0.08433	0.61884	0.02669	0.02378	0.02209	0.01785	0.00837	0.00639	0.00209	0.00567	0.00682	0.00620	0.00989
13	0.01436	0.00873	0.01067	0.00922	0.01174	0.00850	0.00720	0.12019	0.01924	0.13066	0.44558	0.03624	0.04134	0.01081	0.00682	0.00192	0.00393	0.00926	0.09620	0.00739
14	0.01696	0.78087	0.03324	0.01085	0.01628	0.02510	0.01085	0.01900	0.01289	0.01493	0.00882	0.01018	0.00814	0.00543	0.00407	0.00136	0.00678	0.00339	0.00271	0.00814
15	0.01296	0.07523	0.70387	0.01767	0.02682	0.01532	0.02273	0.02003	0.01337	0.01980	0.01124	0.01321	0.00804	0.00599	0.00592	0.00197	0.00923	0.00461	0.00268	0.00931
16	0.00781	0.00558	0.00743	0.00878	0.00922	0.00520	0.00589	0.00903	0.01250	0.01677	0.07818	0.72807	0.04306	0.01945	0.00806	0.00254	0.00364	0.01763	0.00596	0.00520
17	0.00759	0.00607	0.00680	0.00738	0.00882	0.00527	0.00524	0.00900	0.01354	0.01676	0.05263	0.34367	0.45979	0.01758	0.00774	0.00231	0.00340	0.01523	0.00589	0.00527
18	0.01940	0.01532	0.02828	0.02070	0.02614	0.01493	0.40612	0.09883	0.01706	0.20965	0.01595	0.01785	0.01124	0.00664	0.00799	0.00211	0.06091	0.00687	0.00473	0.00927
19	0.00816	0.00624	0.00760	0.00850	0.00978	0.00568	0.00638	0.00984	0.01356	0.01714	0.04603	0.35063	0.30929	0.01791	0.00800	0.00248	0.00395	0.15758	0.00588	0.00538
20	0.00773	0.00552	0.00736	0.00883	0.00920	0.00515	0.00589	0.00883	0.01215	0.01619	0.03497	0.77291	0.04196	0.01987	0.00810	0.00258	0.00368	0.01803	0.00589	0.00515
21	0.00773	0.00552	0.00736	0.00883	0.00920	0.00515	0.00589	0.00883	0.01215	0.01619	0.03497	0.77291	0.04196	0.01987	0.00810	0.00258	0.00368	0.01803	0.00589	0.00515
22	0.11061	0.02008	0.01780	0.01552	0.04603	0.22979	0.01196	0.31252	0.04459	0.02772	0.01242	0.01374	0.00958	0.00746	0.00750	0.00194	0.09215	0.00502	0.00467	0.00888
23	0.01230	0.00638	0.00642	0.00625	0.00787	0.00645	0.00473	0.04214	0.01395	0.02429	0.02048	0.02332	0.01605	0.00740	0.00451	0.00149	0.00311	0.00590	0.78084	0.00610
24	0.00956	0.00716	0.01049	0.01034	0.01160	0.00832	0.00807	0.03470	0.01085	0.01556	0.01693	0.02460	0.01569	0.04625	0.72720	0.00992	0.01666	0.00676	0.00350	0.00583
25	0.04649	0.10966	0.01970	0.01503	0.01904	0.45344	0.01189	0.20937	0.02037	0.02238	0.01112	0.01228	0.00883	0.00668	0.00565	0.00169	0.00954	0.00442	0.00405	0.00835
26	0.02412	0.01777	0.01904	0.01460	0.01967	0.01967	0.01206	0.71633	0.02983	0.03998	0.01523	0.01523	0.01079	0.00762	0.00635	0.00190	0.00698	0.00571	0.00635	0.01079
27	0.01427	0.01301	0.01957	0.02515	0.36958	0.01310	0.04094	0.03668	0.14758	0.02157	0.02111	0.08111	0.07031	0.00847	0.00657	0.00198	0.00628	0.03098	0.00440	0.06733
28	0.01272	0.03281	0.74418	0.01808	0.02746	0.01473	0.02344	0.02009	0.01339	0.02009	0.01138	0.01339	0.00804	0.00603	0.00603	0.00201	0.00938	0.00469	0.00268	0.00938
29	0.10220	0.01139	0.01616	0.44930	0.03149	0.01239	0.01335	0.01641	0.01262	0.01893	0.01100	0.01504	0.00857	0.00579	0.00557	0.00174	0.00692	0.00482	0.00323	0.25309
30	0.00898	0.00648	0.00848	0.00798	0.00948	0.00599	0.00599	0.01197	0.01796	0.02544	0.73413	0.04739	0.05986	0.01297	0.00748	0.00200	0.00299	0.01147	0.00698	0.00599
31	0.01272	0.03281	0.74418	0.01808	0.02746	0.01473	0.02344	0.02009	0.01339	0.02009	0.01138	0.01339	0.00804	0.00603	0.00603	0.00201	0.00938	0.00469	0.00268	0.00938
32	0.01552	0.01775	0.03270	0.12873	0.03313	0.09723	0.53890	0.02030	0.01498	0.01921	0.01228	0.01646	0.00930	0.00562	0.00713	0.00208	0.01046	0.00685	0.00316	0.00821
33	0.00923	0.00615	0.00692	0.00692	0.00692	0.00615	0.00384	0.00923	0.00923	0.01230	0.01999	0.04151	0.02306	0.77705	0.03229	0.00615	0.00615	0.00923	0.00384	0.00384
34	0.02430	0.01748	0.01886	0.01446	0.01953	0.01924	0.01194	0.68764	0.02934	0.06936	0.01564	0.01550	0.01099	0.00763	0.00635	0.00191	0.00691	0.00574	0.00641	0.01079
35	0.00775	0.00561	0.00732	0.00863	0.00916	0.00519	0.00581	0.00894	0.01248	0.01652	0.05677	0.70041	0.09317	0.01940	0.00804	0.00253	0.00363	0.01751	0.00592	0.00519
36	0.00906	0.00680	0.01020	0.01020	0.01133	0.00793	0.00793	0.01133	0.01020	0.01473	0.01699	0.02492	0.01586	0.04758	0.75191	0.01020	0.01699	0.00680	0.00340	0.00566
37	0.01272	0.03281	0.74418	0.01808	0.02746	0.01473	0.02344	0.02009	0.01339	0.02009	0.01138	0.01339	0.00804	0.00603	0.00603	0.00201	0.00938	0.00469	0.00268	0.00938
38	0.00898	0.00648	0.00848	0.00798	0.00948	0.00599	0.00599	0.01197	0.01796	0.02544	0.73413	0.04739	0.05986	0.01297	0.00748	0.00200	0.00299	0.01147	0.00698	0.00599
39	0.01478	0.01061	0.00926	0.00851	0.01064	0.10688	0.00653	0.10043	0.01579	0.02419	0.01845	0.02106	0.01451	0.00884	0.03338	0.00188	0.00511	0.00568	0.57678	0.00668
40	0.01379	0.01862	0.23421	0.05408	0.07800	0.01247	0.03522	0.03778	0.09251	0.02141	0.01312	0.01495	0.01014	0.00578	0.00563	0.00159	0.00679	0.00482	0.00369	0.33539
41	0.35755	0.10401	0.04043	0.01151	0.01625	0.01745	0.00999	0.28187	0.03708	0.05184	0.01224	0.01292	0.00911	0.00662	0.00506	0.00188	0.00607	0.00451	0.00484	0.00877
42	0.01443	0.02134	0.23908	0.02600	0.13268	0.01553	0.41582	0.02013	0.01444	0.02031	0.01229	0.01584	0.00923	0.00559	0.00689	0.00207	0.00986	0.00642	0.00305	0.00901
43	0.01272	0.03281	0.74418	0.01808	0.02746	0.01473	0.02344	0.02009	0.01339	0.02009	0.01138	0.01339	0.00804	0.00603	0.00603	0.00201	0.00938	0.00469	0.00268	0.00938
44	0.01022	0.00818	0.01363	0.01210	0.01403	0.00887	0.10902	0.01300	0.01123	0.01652	0.01681	0.02366	0.01501	0.03706	0.56221	0.00807	0.01453	0.00680	0.09295	0.00611
45	0.01455	0.02009	0.17157	0.02510	0.03207	0.01579	0.58329	0.02028	0.01467	0.02028	0.01256	0.01641	0.00932	0.00548	0.00721	0.00211	0.01044	0.00696	0.00311	0.00871
46	0.01198	0.01128	0.01903	0.76180	0.04369	0.01409	0.01762	0.01621	0.01268	0.01621	0.01128	0.01691	0.00846	0.00634	0.00634	0.00211	0.00846	0.00564	0.00282	0.00705
47	0.01570	0.01507	0.02575	0.03894	0.73748	0.01507	0.01947	0.01947	0.01444	0.02073	0.01193	0.01570	0.01005	0.00565	0.00628	0.00188	0.00754	0.00565	0.00314	0.01005
48	0.00773	0.00552	0.00736	0.00883	0.00920	0.00515	0.00589	0.00883	0.01215	0.01619	0.03497	0.77291	0.04196	0.01987	0.00810	0.00258	0.00368	0.01803	0.00589	0.00515
49	0.01388	0.01388	0.01943	0.01666	0.01666	0.01943	0.01388	0.01527	0.00972	0.01527	0.00833	0.01388	0.00833	0.01110	0.02082	0.00278	0.76544	0.00555	0.00278	0.00694
50	0.01315	0.01128	0.01315	0.00940	0.01503	0.00846	0.00752	0.01597	0.01315	0.02067	0.01128	0.01315	0.00940	0.00470	0.00470	0.00094	0.00470	0.00376	0.00376	0.81583
51	0.01696	0.78087	0.03324	0.01085	0.01628	0.02510	0.01085	0.01900	0.01289	0.01493	0.00882	0.01018	0.00814	0.00543	0.00407	0.00136	0.00678	0.00339	0.00271	0.00814
52	0.01696	0.78087	0.03324	0.01085	0.01628	0.02510	0.01085	0.01900	0.01289	0.01493	0.00882	0.01018	0.00814	0.00543	0.00407	0.00136	0.00678	0.00339	0.00271	0.00814
53	0.01341	0.00973	0.01199	0.11794	0.01667	0.01053	0.00900	0.19483	0.01721	0.02396	0.05128	0.24594	0.04762	0.01372	0.04723	0.00252	0.00578	0.00995	0.14360	0.00709
54	0.01315	0.01128	0.01315	0.00940	0.01503	0.00846	0.00752	0.01597	0.01315	0.02067	0.01128	0.01315	0.00940	0.00470	0.00470	0.00094	0.00470	0.00376	0.00376	0.81583
55	0.00773	0.00552	0.00736	0.00883	0.00920	0.00515	0.00589	0.00883	0.01215	0.01619	0.03497	0.77291	0.04196	0.01987	0.00810	0.00258	0.00368	0.01803	0.00589	0.00515
56	0.01363	0.01362	0.02249	0.22231	0.21047	0.05152	0.15444	0.01727	0.01390	0.01851	0.03877	0.09655	0.01528	0.00826	0.00759	0.00214	0.04782	0.03400	0.00357	0.00785
57	0.01266	0.00792	0.01006	0.00902	0.01126	0.00756	0.00693	0.01720	0.09543	0.13352	0.54980	0.04091	0.04877	0.01172	0.00720	0.00201	0.00358	0.01023	0.00706	0.00715
58	0.01514	0.01638	0.03261	0.02385	0.02968	0.01599	0.56731	0.02312	0.16349	0.02162	0.01555	0.01848	0.01166	0.00603	0.00727	0.00214	0.00951	0.00742	0.00389	0.00887
59	0.01496	0.01389	0.02434	0.11969	0.04654	0.03892	0.29766	0.04746	0.01475	0.07324	0.01722	0.11826	0.01563	0.00895	0.00846	0.00225	0.07648	0.04935	0.00410	0.00787
60	0.01722	0.01528	0.12345	0.13792	0.06862	0.01314	0.08256	0.06354	0.12152	0.17389	0.01826	0.02110	0.01364	0.02898	0.00714	0.00216	0.00707	0.02907	0.04645	0.00899
61	0.01127	0.00701	0.01106	0.20424	0.01748	0.00774	0.00866	0.01033	0.00941	0.01237	0.01109	0.01867	0.01035	0.01796	0.01999	0.60391	0.00628	0.00554	0.00277	0.00387
62	0.01490	0.01080	0.01501	0.01275	0.01613	0.01061	0.09785	0.04081	0.18421	0.12419	0.02479	0.21172	0.02298	0.01101	0.00688	0.00212	0.00547	0.05673	0.03331	0.09774
63	0.01687	0.03845	0.06601	0.07747	0.09635	0.03650	0.11317	0.17975	0.04201	0.04378	0.01454	0.01640	0.02792	0.00635	0.00604	0.00172	0.00722	0.00557	0.00428	0.19960

[dist]
# distance from previous block
# <min> <max>
0	2

[block]
# block no. 4 follows, 35 sequences, length 14
# corresponding to MSA columns:
# 378-391
name=unknown_E
#
# <colnr> <probs for GDERKNQSTAVLIFYWHMCP>
#	G	D	E	R	K	N	Q	S	T	A	V	L	I	F	Y	W	H	M	C	P
0	0.01592	0.01900	0.20128	0.06109	0.02210	0.06718	0.08543	0.10548	0.03357	0.08006	0.05931	0.08704	0.01580	0.00879	0.00848	0.00214	0.10754	0.00707	0.00432	0.00840
1	0.12987	0.23539	0.08478	0.01473	0.03485	0.11997	0.12051	0.04291	0.03079	0.01966	0.01574	0.04569	0.06564	0.00721	0.00558	0.00181	0.00759	0.00579	0.00362	0.00787
2	0.01054	0.00697	0.00874	0.09840	0.01253	0.00747	0.00671	0.01245	0.01178	0.01777	0.02134	0.11978	0.02138	0.24695	0.01457	0.00326	0.03356	0.04931	0.29113	0.00536
3	0.01388	0.01388	0.01943	0.01666	0.01666	0.01943	0.01388	0.01527	0.00972	0.01527	0.00833	0.01388	0.00833	0.01110	0.02082	0.00278	0.76544	0.00555	0.00278	0.00694
4	0.00893	0.00603	0.00701	0.00730	0.00737	0.00595	0.00425	0.00915	0.00980	0.01307	0.02296	0.18648	0.02681	0.62698	0.02749	0.00544	0.00566	0.01097	0.00425	0.00410
5	0.00909	0.00726	0.01085	0.22310	0.01925	0.00783	0.00949	0.01119	0.01245	0.01637	0.02815	0.51549	0.03210	0.01588	0.00764	0.00247	0.00517	0.05548	0.00501	0.00573
6	0.00829	0.00626	0.00768	0.00789	0.00929	0.00565	0.00579	0.01042	0.01539	0.02053	0.34284	0.23106	0.24793	0.01573	0.00769	0.00222	0.00334	0.04003	0.00636	0.00559
7	0.01223	0.01153	0.01949	0.71257	0.09095	0.01416	0.01774	0.01643	0.01280	0.01652	0.01132	0.01683	0.00857	0.00630	0.00634	0.00210	0.00839	0.00564	0.00284	0.00725
8	0.01173	0.01094	0.01834	0.71769	0.04167	0.01357	0.01693	0.01578	0.01265	0.01621	0.01266	0.06121	0.01042	0.00714	0.00645	0.00214	0.00818	0.00636	0.00300	0.00694
9	0.02297	0.02872	0.01765	0.01603	0.01933	0.68438	0.01206	0.02610	0.08264	0.01653	0.01127	0.01256	0.00919	0.00673	0.00579	0.00168	0.01085	0.00437	0.00356	0.00760
10	0.01338	0.01032	0.01224	0.00947	0.01402	0.00823	0.00735	0.01637	0.03914	0.06904	0.01636	0.11941	0.01523	0.04010	0.00652	0.00150	0.00468	0.00625	0.00443	0.58594
11	0.01730	0.47999	0.11575	0.07747	0.02064	0.16170	0.01324	0.02010	0.01391	0.01578	0.00953	0.01139	0.00816	0.00579	0.00482	0.00155	0.00813	0.00388	0.00282	0.00805
12	0.01063	0.00754	0.01160	0.01075	0.01237	0.00821	0.05042	0.01304	0.01130	0.05469	0.04099	0.02583	0.01733	0.07907	0.55806	0.00825	0.01409	0.00705	0.05274	0.00604
13	0.01639	0.01454	0.01655	0.19379	0.02338	0.14809	0.05393	0.04868	0.01540	0.10160	0.04269	0.10112	0.01527	0.00797	0.00620	0.00181	0.00722	0.00677	0.00435	0.17428

[dist]
# distance from previous block
# <min> <max>
4	279

# created by:
# /home/cegg/simao/soft/augustus-3.2.1/scripts/msa2prfl.pl ./align_prep/EOG090W06AU.fa
