[name]
unknown

[dist]
# distance from previous block
# <min> <max>
0	506

[block]
# block no. 0 follows, 32 sequences, length 6
# corresponding to MSA columns:
# 526-531
name=unknown_A
#
# <colnr> <probs for GDERKNQSTAVLIFYWHMCP>
#	G	D	E	R	K	N	Q	S	T	A	V	L	I	F	Y	W	H	M	C	P
0	0.00934	0.00682	0.00919	0.05310	0.01203	0.00679	0.00709	0.01131	0.01418	0.01938	0.22953	0.30069	0.04221	0.13790	0.06623	0.00373	0.00557	0.05339	0.00583	0.00569
1	0.00815	0.00593	0.00769	0.00910	0.00967	0.00547	0.00612	0.00937	0.01308	0.01722	0.03992	0.69394	0.10836	0.02064	0.00850	0.00268	0.00385	0.01861	0.00623	0.00547
2	0.01394	0.02870	0.50827	0.09515	0.07447	0.01575	0.12789	0.02083	0.01442	0.02092	0.01230	0.01530	0.00894	0.00627	0.00666	0.00215	0.00991	0.00558	0.00296	0.00958
3	0.01114	0.00754	0.00891	0.00869	0.00950	0.00786	0.00588	0.05919	0.01222	0.01698	0.02144	0.04006	0.02277	0.48416	0.13445	0.00617	0.00799	0.05813	0.07171	0.00521
4	0.04718	0.04111	0.01866	0.01843	0.13201	0.17302	0.01261	0.20644	0.05320	0.07657	0.01852	0.11733	0.01651	0.00946	0.00673	0.00208	0.00771	0.02788	0.00529	0.00927
5	0.08166	0.01741	0.04246	0.06849	0.27596	0.09210	0.07933	0.11473	0.01775	0.08675	0.01502	0.05150	0.01219	0.00732	0.00661	0.00206	0.00814	0.00647	0.00442	0.00964

[dist]
# distance from previous block
# <min> <max>
0	16

[block]
# block no. 1 follows, 32 sequences, length 29
# corresponding to MSA columns:
# 548-576
name=unknown_B
#
# <colnr> <probs for GDERKNQSTAVLIFYWHMCP>
#	G	D	E	R	K	N	Q	S	T	A	V	L	I	F	Y	W	H	M	C	P
0	0.01829	0.19846	0.13657	0.01660	0.02217	0.10935	0.11756	0.10167	0.08470	0.03954	0.01534	0.01694	0.03222	0.00769	0.00728	0.02659	0.03013	0.00576	0.00409	0.00907
1	0.05402	0.03429	0.03560	0.01487	0.08356	0.01099	0.07346	0.03858	0.03703	0.06565	0.26599	0.13199	0.07154	0.01183	0.00798	0.00222	0.03649	0.01039	0.00580	0.00770
2	0.01571	0.22603	0.14574	0.01396	0.01854	0.09012	0.06721	0.01829	0.01418	0.04806	0.05513	0.10066	0.01669	0.01092	0.00925	0.12353	0.00763	0.00696	0.00384	0.00756
3	0.01523	0.01226	0.01503	0.01635	0.14376	0.01280	0.01066	0.15405	0.15365	0.02697	0.10404	0.05471	0.16901	0.01073	0.00700	0.00211	0.00537	0.00909	0.06840	0.00878
4	0.01457	0.27643	0.32725	0.03574	0.02312	0.01847	0.05232	0.01935	0.01416	0.01911	0.04537	0.01840	0.06038	0.00743	0.00664	0.00195	0.04153	0.00567	0.00332	0.00880
5	0.01262	0.01078	0.01808	0.07939	0.02041	0.01109	0.16268	0.01661	0.05341	0.05050	0.10049	0.24132	0.03001	0.01339	0.00904	0.00252	0.05828	0.09677	0.00533	0.00729
6	0.01166	0.00583	0.00874	0.00874	0.00874	0.00583	0.00583	0.00874	0.00874	0.01166	0.01166	0.02040	0.01166	0.02331	0.02622	0.80478	0.00583	0.00583	0.00291	0.00291
7	0.01117	0.00850	0.00973	0.00969	0.01188	0.00829	0.00765	0.08706	0.04798	0.02214	0.07295	0.15470	0.30739	0.01605	0.00800	0.00245	0.00459	0.16270	0.04042	0.00665
8	0.33144	0.01202	0.01337	0.01074	0.01553	0.01186	0.00886	0.02770	0.01620	0.45827	0.01987	0.01823	0.01301	0.00750	0.00575	0.00208	0.00551	0.00555	0.00670	0.00982
9	0.00995	0.00676	0.00935	0.00935	0.00998	0.00739	0.00660	0.01077	0.01014	0.01415	0.01804	0.03114	0.01846	0.27721	0.40226	0.12965	0.01242	0.00781	0.00364	0.00490
10	0.01251	0.00625	0.00625	0.00625	0.00782	0.00625	0.00469	0.01563	0.01407	0.02502	0.02189	0.02502	0.01720	0.00782	0.00469	0.00156	0.00313	0.00625	0.80144	0.00625
11	0.02196	0.09991	0.01759	0.01262	0.01632	0.08301	0.01027	0.13362	0.01776	0.25505	0.01741	0.01896	0.01301	0.01448	0.08336	0.12444	0.04016	0.00591	0.00544	0.00874
12	0.00976	0.00651	0.00732	0.00732	0.00732	0.00651	0.00407	0.00976	0.00976	0.01301	0.02114	0.04391	0.02439	0.76419	0.03415	0.00651	0.00651	0.00976	0.00407	0.00407
13	0.01468	0.01468	0.02055	0.01762	0.01762	0.02055	0.01468	0.01615	0.01028	0.01615	0.00881	0.01468	0.00881	0.01174	0.02202	0.00294	0.75191	0.00587	0.00294	0.00734
14	0.00930	0.00675	0.00953	0.01084	0.03387	0.00628	0.02615	0.01084	0.01355	0.03689	0.06703	0.63543	0.06944	0.01927	0.00838	0.00262	0.00423	0.01750	0.00616	0.00593
15	0.81159	0.01298	0.00986	0.00882	0.01298	0.01505	0.00727	0.01972	0.01142	0.03010	0.00934	0.01090	0.00727	0.00623	0.00415	0.00208	0.00519	0.00363	0.00415	0.00727
16	0.01826	0.57822	0.12384	0.01322	0.01922	0.11598	0.01341	0.02110	0.01439	0.01658	0.00982	0.01138	0.00860	0.00597	0.00480	0.00156	0.00816	0.00386	0.00294	0.00868
17	0.00959	0.00719	0.01078	0.01078	0.01198	0.00839	0.00839	0.01198	0.01078	0.01558	0.01797	0.02636	0.01677	0.05032	0.73760	0.01078	0.01797	0.00719	0.00359	0.00599
18	0.01556	0.01633	0.05711	0.16264	0.42393	0.01612	0.13742	0.01997	0.01478	0.02072	0.01247	0.01691	0.01008	0.00632	0.00753	0.00213	0.04085	0.00626	0.00324	0.00962
19	0.01454	0.01500	0.05286	0.36810	0.23408	0.01564	0.11231	0.02017	0.06268	0.02002	0.01342	0.01790	0.01038	0.00651	0.00685	0.00217	0.00878	0.00631	0.00340	0.00889
20	0.02983	0.01186	0.01584	0.01215	0.01735	0.01052	0.01003	0.07253	0.01994	0.68611	0.02585	0.02244	0.01630	0.00829	0.00675	0.00207	0.00581	0.00671	0.00821	0.01142
21	0.01433	0.00797	0.01055	0.01060	0.01249	0.00747	0.00799	0.04556	0.01563	0.18057	0.05092	0.44540	0.03629	0.01702	0.00815	0.00258	0.00476	0.10777	0.00675	0.00719
22	0.01895	0.25076	0.08696	0.01846	0.08984	0.09995	0.09189	0.09654	0.09747	0.04473	0.01383	0.01534	0.01092	0.00684	0.00647	0.00190	0.03019	0.00541	0.00409	0.00946
23	0.01226	0.01019	0.01720	0.01383	0.01720	0.00926	0.19776	0.01542	0.01636	0.07664	0.20186	0.12466	0.23355	0.01285	0.00790	0.00227	0.00577	0.01193	0.00588	0.00719
24	0.00960	0.00715	0.01058	0.01058	0.01170	0.00827	0.00813	0.01185	0.01072	0.01542	0.01816	0.02741	0.01723	0.09293	0.69561	0.01053	0.01729	0.00734	0.00362	0.00588
25	0.01396	0.02491	0.37972	0.05357	0.11639	0.03816	0.13737	0.01978	0.01465	0.02058	0.01645	0.08110	0.03746	0.00787	0.00692	0.00218	0.00919	0.00716	0.00343	0.00915
26	0.02027	0.04309	0.05190	0.02134	0.16801	0.22083	0.05696	0.08776	0.01772	0.09466	0.03403	0.04303	0.01355	0.03439	0.00865	0.00219	0.06189	0.00634	0.00439	0.00902
27	0.00839	0.00623	0.00773	0.00857	0.00953	0.00568	0.00591	0.00993	0.01420	0.01868	0.14813	0.46947	0.19323	0.05001	0.00939	0.00269	0.00378	0.01655	0.00632	0.00557
28	0.01470	0.01466	0.05024	0.18913	0.15263	0.06671	0.07242	0.07386	0.01553	0.02048	0.03559	0.06569	0.01597	0.06569	0.09468	0.00348	0.00947	0.02708	0.00397	0.00803

[dist]
# distance from previous block
# <min> <max>
2	11

[block]
# block no. 2 follows, 32 sequences, length 26
# corresponding to MSA columns:
# 588-603,606-615
name=unknown_C
#
# <colnr> <probs for GDERKNQSTAVLIFYWHMCP>
#	G	D	E	R	K	N	Q	S	T	A	V	L	I	F	Y	W	H	M	C	P
0	0.01810	0.32748	0.20850	0.01629	0.04247	0.19348	0.03963	0.02178	0.01509	0.01772	0.01082	0.01293	0.00899	0.00775	0.03104	0.00205	0.00961	0.00447	0.00306	0.00873
1	0.00881	0.00673	0.00813	0.00848	0.00994	0.00614	0.00617	0.01127	0.03276	0.02087	0.26048	0.28146	0.25823	0.01711	0.00814	0.00239	0.00362	0.03671	0.00661	0.00594
2	0.03984	0.07177	0.07759	0.02608	0.01695	0.03422	0.01058	0.11106	0.01719	0.20582	0.02139	0.05512	0.05672	0.03668	0.04506	0.04338	0.00692	0.00688	0.03324	0.08349
3	0.01096	0.00821	0.00978	0.00990	0.01169	0.00823	0.00729	0.01644	0.16107	0.04383	0.17152	0.32352	0.13630	0.01605	0.00795	0.00244	0.00412	0.03711	0.00664	0.00695
4	0.02275	0.13418	0.02061	0.01591	0.01950	0.57504	0.01237	0.02459	0.01756	0.01626	0.01087	0.01311	0.00932	0.01041	0.06757	0.00245	0.01190	0.00446	0.00339	0.00775
5	0.00864	0.00651	0.00852	0.00999	0.03595	0.00600	0.00660	0.01028	0.01420	0.01886	0.13882	0.52223	0.15101	0.01879	0.00830	0.00254	0.00386	0.01683	0.00629	0.00580
6	0.07945	0.01123	0.01468	0.01142	0.01634	0.00999	0.00940	0.03090	0.01841	0.64253	0.02511	0.02219	0.01604	0.00814	0.00646	0.00205	0.00553	0.00652	0.05274	0.01086
7	0.01107	0.00652	0.00738	0.00717	0.00877	0.00626	0.00537	0.01415	0.01612	0.02546	0.30624	0.03704	0.06886	0.01064	0.00615	0.00182	0.00316	0.00901	0.44257	0.00626
8	0.01251	0.00625	0.00625	0.00625	0.00782	0.00625	0.00469	0.01563	0.01407	0.02502	0.02189	0.02502	0.01720	0.00782	0.00469	0.00156	0.00313	0.00625	0.80144	0.00625
9	0.01029	0.00789	0.01214	0.01204	0.01359	0.00855	0.04409	0.01299	0.01245	0.01719	0.02330	0.04184	0.02347	0.06259	0.45048	0.00782	0.01358	0.21515	0.00440	0.00614
10	0.00976	0.00651	0.00732	0.00732	0.00732	0.00651	0.00407	0.00976	0.00976	0.01301	0.02114	0.04391	0.02439	0.76419	0.03415	0.00651	0.00651	0.00976	0.00407	0.00407
11	0.00960	0.00711	0.01040	0.01040	0.01146	0.00818	0.00791	0.01173	0.01067	0.01529	0.01833	0.02832	0.01762	0.12990	0.65918	0.01031	0.01669	0.00748	0.00365	0.00578
12	0.00818	0.00584	0.00779	0.00934	0.00973	0.00545	0.00623	0.00934	0.01285	0.01713	0.03698	0.75981	0.04438	0.02102	0.00856	0.00273	0.00389	0.01908	0.00623	0.00545
13	0.81159	0.01298	0.00986	0.00882	0.01298	0.01505	0.00727	0.01972	0.01142	0.03010	0.00934	0.01090	0.00727	0.00623	0.00415	0.00208	0.00519	0.00363	0.00415	0.00727
14	0.01036	0.00761	0.01056	0.01188	0.01306	0.00781	0.00988	0.01289	0.01455	0.01916	0.03454	0.24104	0.03853	0.01881	0.00974	0.00299	0.04317	0.48135	0.00603	0.00606
15	0.01016	0.00810	0.01109	0.01102	0.01231	0.03530	0.00856	0.01253	0.01109	0.01561	0.01769	0.02583	0.01647	0.04872	0.71059	0.01045	0.01776	0.00708	0.00359	0.00606
16	0.01527	0.06402	0.21272	0.01680	0.09278	0.01379	0.03748	0.08367	0.01609	0.02351	0.04552	0.01612	0.01219	0.00623	0.00589	0.00162	0.00711	0.00514	0.00393	0.32011
17	0.01405	0.10816	0.62758	0.01934	0.05897	0.01671	0.02325	0.02110	0.01416	0.02073	0.01179	0.01393	0.00861	0.00629	0.00618	0.00205	0.00955	0.00487	0.00286	0.00982
18	0.06823	0.01414	0.01692	0.01303	0.01824	0.01405	0.01077	0.27117	0.02323	0.44614	0.02189	0.01982	0.01427	0.00811	0.00660	0.00205	0.00628	0.00634	0.00752	0.01120
19	0.04181	0.03660	0.06900	0.08111	0.11800	0.01585	0.31409	0.01901	0.01458	0.02069	0.04996	0.07041	0.01484	0.00803	0.00901	0.00229	0.09467	0.00784	0.00368	0.00852
20	0.01655	0.02410	0.23722	0.10158	0.20812	0.13622	0.11836	0.02200	0.03430	0.02041	0.01254	0.01570	0.00969	0.00637	0.00666	0.00206	0.00976	0.00572	0.00327	0.00938
21	0.01272	0.00799	0.00979	0.00954	0.01163	0.00757	0.00720	0.01625	0.08513	0.12052	0.13758	0.22228	0.19098	0.01571	0.00874	0.04278	0.00431	0.05748	0.02487	0.00693
22	0.01053	0.00682	0.00893	0.00949	0.01084	0.00628	0.00699	0.01250	0.01515	0.07753	0.17420	0.40573	0.11261	0.01783	0.00831	0.00255	0.00413	0.09675	0.00662	0.00622
23	0.01598	0.05942	0.39671	0.01959	0.06155	0.03985	0.11795	0.04354	0.01558	0.08271	0.01631	0.05440	0.03117	0.00749	0.00670	0.00212	0.00904	0.00651	0.00383	0.00953
24	0.04456	0.17374	0.17178	0.02346	0.21398	0.09509	0.09385	0.02066	0.01489	0.01989	0.01311	0.06101	0.01152	0.00703	0.00623	0.00196	0.00868	0.00606	0.00336	0.00914
25	0.02278	0.01141	0.03862	0.01152	0.01575	0.00988	0.00953	0.05699	0.06013	0.44159	0.08321	0.11628	0.07043	0.01081	0.00713	0.00218	0.00534	0.00911	0.00749	0.00982

[dist]
# distance from previous block
# <min> <max>
1	3

[block]
# block no. 3 follows, 32 sequences, length 31
# corresponding to MSA columns:
# 619-649
name=unknown_D
#
# <colnr> <probs for GDERKNQSTAVLIFYWHMCP>
#	G	D	E	R	K	N	Q	S	T	A	V	L	I	F	Y	W	H	M	C	P
0	0.04376	0.21122	0.17076	0.03395	0.03651	0.16988	0.02832	0.08531	0.03801	0.04276	0.01287	0.03427	0.01053	0.00708	0.00617	0.00186	0.02453	0.00516	0.00382	0.03321
1	0.04603	0.01731	0.01598	0.01332	0.01732	0.12522	0.01060	0.33277	0.12841	0.03222	0.01794	0.01856	0.01345	0.00793	0.00613	0.00192	0.00682	0.00598	0.17255	0.00953
2	0.04189	0.03931	0.01857	0.12611	0.09351	0.01266	0.04403	0.04039	0.05410	0.14978	0.01551	0.01708	0.01158	0.00635	0.00597	0.00169	0.00648	0.00540	0.00472	0.30489
3	0.00818	0.00584	0.00779	0.00934	0.00973	0.00545	0.00623	0.00934	0.01285	0.01713	0.03698	0.75981	0.04438	0.02102	0.00856	0.00273	0.00389	0.01908	0.00623	0.00545
4	0.01622	0.01555	0.02654	0.11026	0.65627	0.01584	0.02040	0.02026	0.01510	0.02145	0.01255	0.01673	0.01046	0.00605	0.00665	0.00202	0.00807	0.00598	0.00329	0.01032
5	0.01536	0.01517	0.01615	0.01412	0.01750	0.12625	0.08531	0.02496	0.31565	0.02282	0.06202	0.10972	0.12410	0.01105	0.00723	0.00223	0.00650	0.00954	0.00579	0.00851
6	0.01267	0.01193	0.02013	0.74806	0.04621	0.01491	0.01863	0.01714	0.01342	0.01714	0.01193	0.01789	0.00894	0.00671	0.00671	0.00224	0.00894	0.00596	0.00298	0.00745
7	0.00817	0.00587	0.00775	0.00925	0.00971	0.00546	0.00619	0.00935	0.01293	0.01716	0.03806	0.73562	0.06787	0.02088	0.00854	0.00271	0.00388	0.01890	0.00623	0.00546
8	0.01091	0.00994	0.01337	0.01281	0.01447	0.07001	0.10195	0.01296	0.01419	0.01822	0.05482	0.51915	0.03685	0.01727	0.00829	0.00258	0.00576	0.06460	0.00564	0.00623
9	0.00954	0.00641	0.00738	0.00759	0.00765	0.00636	0.00436	0.00970	0.01018	0.01357	0.02330	0.14137	0.02711	0.66302	0.03067	0.00599	0.00615	0.01103	0.00436	0.00425
10	0.01468	0.01468	0.02055	0.01762	0.01762	0.02055	0.01468	0.01615	0.01028	0.01615	0.00881	0.01468	0.00881	0.01174	0.02202	0.00294	0.75191	0.00587	0.00294	0.00734
11	0.00818	0.00584	0.00779	0.00934	0.00973	0.00545	0.00623	0.00934	0.01285	0.01713	0.03698	0.75981	0.04438	0.02102	0.00856	0.00273	0.00389	0.01908	0.00623	0.00545
12	0.02803	0.01320	0.01639	0.01264	0.01771	0.01270	0.01042	0.21491	0.02235	0.50683	0.02342	0.02109	0.01521	0.00821	0.00664	0.00204	0.00605	0.00653	0.04444	0.01118
13	0.01417	0.01388	0.01937	0.01673	0.01679	0.01922	0.01381	0.01560	0.01027	0.01595	0.00991	0.01682	0.01003	0.05447	0.05634	0.00350	0.67686	0.00615	0.00303	0.00710
14	0.01661	0.01594	0.02724	0.04119	0.72233	0.01594	0.02059	0.02059	0.01528	0.02192	0.01262	0.01661	0.01063	0.00598	0.00664	0.00199	0.00797	0.00598	0.00332	0.01063
15	0.00963	0.00724	0.01010	0.01070	0.01177	0.00702	0.03902	0.01185	0.03399	0.01782	0.03412	0.41399	0.06149	0.12358	0.01222	0.00329	0.00518	0.17542	0.00580	0.00576
16	0.41540	0.07480	0.05442	0.03445	0.01772	0.11207	0.01069	0.14032	0.01659	0.05243	0.01148	0.01276	0.00872	0.00670	0.00515	0.00198	0.00703	0.00439	0.00445	0.00845
17	0.02007	0.49955	0.04709	0.01439	0.04542	0.21773	0.01251	0.02233	0.01533	0.03747	0.01031	0.01179	0.00893	0.00616	0.00499	0.00157	0.00856	0.00401	0.00321	0.00858
18	0.01430	0.11836	0.57724	0.02047	0.09797	0.01690	0.02281	0.02105	0.01422	0.02068	0.01178	0.01402	0.00873	0.00626	0.00616	0.00203	0.00940	0.00490	0.00289	0.00984
19	0.01901	0.09031	0.21249	0.01863	0.09268	0.08114	0.04496	0.11820	0.09055	0.10118	0.01679	0.01978	0.01299	0.00769	0.00654	0.00207	0.00823	0.04218	0.00470	0.00988
20	0.08323	0.01620	0.07416	0.16691	0.20548	0.01528	0.18880	0.02204	0.04344	0.09789	0.01451	0.01761	0.01081	0.00647	0.00677	0.00214	0.00855	0.00635	0.00399	0.00937
21	0.00877	0.00598	0.00800	0.00910	0.00956	0.00563	0.00611	0.00966	0.01294	0.01743	0.10829	0.57124	0.04203	0.05080	0.01148	0.09128	0.00413	0.01647	0.00590	0.00521
22	0.01287	0.01028	0.04673	0.01359	0.03353	0.00923	0.04804	0.03662	0.04085	0.07178	0.05892	0.14734	0.06498	0.01562	0.00844	0.00271	0.00611	0.35909	0.00604	0.00720
23	0.01557	0.08057	0.46210	0.04222	0.02880	0.07215	0.14036	0.02187	0.01493	0.04215	0.01244	0.01484	0.00908	0.00632	0.00650	0.00207	0.00998	0.00542	0.00316	0.00948
24	0.01135	0.00906	0.01180	0.01150	0.01291	0.03859	0.02951	0.01434	0.05130	0.03415	0.04249	0.22447	0.02568	0.05519	0.29565	0.00589	0.05384	0.03368	0.03217	0.00643
25	0.01416	0.01639	0.09212	0.01747	0.01907	0.03924	0.05954	0.01652	0.01160	0.01714	0.01286	0.10381	0.01311	0.01176	0.01743	0.00275	0.51670	0.00745	0.00336	0.00750
26	0.11540	0.12001	0.21919	0.04279	0.02458	0.01725	0.15378	0.02138	0.01411	0.09542	0.01277	0.01521	0.00961	0.00702	0.00817	0.00216	0.10288	0.00555	0.00371	0.00899
27	0.01705	0.01598	0.08586	0.07336	0.15479	0.01450	0.13901	0.12493	0.03681	0.08017	0.04843	0.02889	0.01810	0.00906	0.00738	0.00228	0.00797	0.12118	0.00493	0.00930
28	0.00818	0.00584	0.00779	0.00934	0.00973	0.00545	0.00623	0.00934	0.01285	0.01713	0.03698	0.75981	0.04438	0.02102	0.00856	0.00273	0.00389	0.01908	0.00623	0.00545
29	0.01419	0.01779	0.12322	0.27062	0.03537	0.04052	0.28650	0.01919	0.01456	0.01937	0.01422	0.06921	0.01184	0.00738	0.00760	0.00226	0.02705	0.00746	0.00337	0.00829
30	0.01807	0.57854	0.09473	0.01274	0.01844	0.08444	0.01266	0.04904	0.01486	0.01750	0.01103	0.04066	0.01012	0.00659	0.00491	0.00160	0.00772	0.00448	0.00321	0.00865

[dist]
# distance from previous block
# <min> <max>
0	2

[block]
# block no. 4 follows, 32 sequences, length 33
# corresponding to MSA columns:
# 652-684
name=unknown_E
#
# <colnr> <probs for GDERKNQSTAVLIFYWHMCP>
#	G	D	E	R	K	N	Q	S	T	A	V	L	I	F	Y	W	H	M	C	P
0	0.01327	0.06462	0.01504	0.01159	0.01450	0.06583	0.06537	0.08403	0.01908	0.02519	0.38883	0.04075	0.12466	0.01191	0.00743	0.00208	0.00534	0.02703	0.00620	0.00726
1	0.01051	0.00813	0.00928	0.00860	0.01113	0.00736	0.00650	0.01442	0.08380	0.04323	0.23752	0.10630	0.32024	0.01416	0.00754	0.00213	0.00379	0.01210	0.00645	0.08680
2	0.01356	0.03401	0.70049	0.01951	0.02929	0.01564	0.05303	0.02126	0.01424	0.02126	0.01211	0.01433	0.00857	0.00634	0.00644	0.00213	0.00997	0.00508	0.00286	0.00988
3	0.01771	0.68632	0.03564	0.01332	0.01917	0.02550	0.08644	0.02024	0.01387	0.01641	0.00979	0.01156	0.00878	0.00573	0.00470	0.00153	0.00763	0.00406	0.00293	0.00866
4	0.01557	0.01755	0.03808	0.02744	0.03395	0.01648	0.66182	0.02109	0.01582	0.02142	0.01473	0.02113	0.01168	0.00633	0.00799	0.00231	0.01104	0.04312	0.00354	0.00890
5	0.00818	0.00584	0.00779	0.00934	0.00973	0.00545	0.00623	0.00934	0.01285	0.01713	0.03698	0.75981	0.04438	0.02102	0.00856	0.00273	0.00389	0.01908	0.00623	0.00545
6	0.02394	0.01728	0.01846	0.01433	0.01924	0.01905	0.01178	0.61738	0.02944	0.04020	0.01681	0.01718	0.01211	0.00803	0.00647	0.00196	0.00687	0.00607	0.10262	0.01079
7	0.00829	0.00592	0.00788	0.00927	0.00976	0.00552	0.00624	0.00962	0.01336	0.01794	0.09372	0.70075	0.04595	0.02041	0.00851	0.00267	0.00383	0.01850	0.00632	0.00552
8	0.02994	0.01168	0.01574	0.01206	0.01726	0.01025	0.00997	0.05662	0.01965	0.70243	0.02610	0.02260	0.01642	0.00830	0.00675	0.00207	0.00577	0.00672	0.00825	0.01142
9	0.11797	0.01679	0.01812	0.01404	0.01923	0.01817	0.01159	0.50094	0.02699	0.16372	0.01718	0.01671	0.01186	0.00789	0.00642	0.00203	0.00683	0.00589	0.00670	0.01093
10	0.00897	0.00693	0.00831	0.00872	0.01048	0.00627	0.00683	0.01125	0.01586	0.02033	0.19332	0.13432	0.35198	0.01708	0.00831	0.00248	0.00406	0.17213	0.00646	0.00590
11	0.01468	0.01468	0.02055	0.01762	0.01762	0.02055	0.01468	0.01615	0.01028	0.01615	0.00881	0.01468	0.00881	0.01174	0.02202	0.00294	0.75191	0.00587	0.00294	0.00734
12	0.00959	0.00719	0.01078	0.01078	0.01198	0.00839	0.00839	0.01198	0.01078	0.01558	0.01797	0.02636	0.01677	0.05032	0.73760	0.01078	0.01797	0.00719	0.00359	0.00599
13	0.00861	0.00615	0.00828	0.00983	0.01041	0.00582	0.00698	0.01009	0.01327	0.01761	0.03674	0.64817	0.04344	0.02062	0.00868	0.00278	0.00427	0.12647	0.00622	0.00557
14	0.01289	0.01234	0.02144	0.69946	0.04546	0.01505	0.06450	0.01744	0.01358	0.01744	0.01204	0.01790	0.00903	0.00664	0.00679	0.00224	0.00910	0.00610	0.00301	0.00756
15	0.08271	0.04401	0.01710	0.01257	0.01776	0.01361	0.01046	0.19675	0.02150	0.48002	0.02202	0.01985	0.01435	0.00799	0.00646	0.00203	0.00615	0.00623	0.00740	0.01102
16	0.01476	0.01492	0.02187	0.01836	0.01883	0.02030	0.06210	0.01652	0.01066	0.01652	0.00914	0.01492	0.00890	0.01132	0.02104	0.00289	0.70051	0.00601	0.00297	0.00746
17	0.00959	0.00719	0.01078	0.01078	0.01198	0.00839	0.00839	0.01198	0.01078	0.01558	0.01797	0.02636	0.01677	0.05032	0.73760	0.01078	0.01797	0.00719	0.00359	0.00599
18	0.01588	0.01799	0.03894	0.02896	0.07121	0.01691	0.66234	0.02145	0.01581	0.02152	0.01352	0.01802	0.01020	0.00567	0.00785	0.00225	0.01114	0.00782	0.00339	0.00913
19	0.01373	0.07910	0.68741	0.01866	0.02833	0.01625	0.02399	0.02118	0.01413	0.02092	0.01188	0.01396	0.00851	0.00634	0.00625	0.00208	0.00975	0.00488	0.00284	0.00984
20	0.02972	0.01203	0.01595	0.01223	0.01744	0.01077	0.01010	0.08829	0.02023	0.66994	0.02561	0.02228	0.01618	0.00828	0.00674	0.00207	0.00585	0.00669	0.00817	0.01142
21	0.00801	0.00680	0.00691	0.00688	0.00911	0.00570	0.00516	0.00979	0.01549	0.01858	0.10166	0.06383	0.68564	0.01682	0.00793	0.00226	0.00339	0.01406	0.00629	0.00570
22	0.01832	0.72847	0.03429	0.01179	0.01741	0.06493	0.01156	0.02045	0.01392	0.01582	0.00938	0.01084	0.00861	0.00580	0.00440	0.00145	0.00744	0.00363	0.00290	0.00857
23	0.00852	0.00682	0.00762	0.00742	0.00943	0.00592	0.00557	0.01078	0.01670	0.02146	0.31495	0.05909	0.47055	0.01575	0.00792	0.00221	0.00331	0.01339	0.00667	0.00592
24	0.00959	0.00719	0.01078	0.01078	0.01198	0.00839	0.00839	0.01198	0.01078	0.01558	0.01797	0.02636	0.01677	0.05032	0.73760	0.01078	0.01797	0.00719	0.00359	0.00599
25	0.01661	0.01594	0.02724	0.04119	0.72233	0.01594	0.02059	0.02059	0.01528	0.02192	0.01262	0.01661	0.01063	0.00598	0.00664	0.00199	0.00797	0.00598	0.00332	0.01063
26	0.01403	0.01332	0.02259	0.50330	0.28032	0.01527	0.01931	0.01834	0.01406	0.01880	0.01217	0.01745	0.00953	0.00646	0.00669	0.00215	0.00861	0.00597	0.00310	0.00855
27	0.00857	0.00651	0.00790	0.00821	0.00963	0.00583	0.00591	0.01063	0.01583	0.02096	0.29189	0.28476	0.26478	0.01712	0.00813	0.00236	0.00348	0.01503	0.00665	0.00583
28	0.00818	0.00584	0.00779	0.00934	0.00973	0.00545	0.00623	0.00934	0.01285	0.01713	0.03698	0.75981	0.04438	0.02102	0.00856	0.00273	0.00389	0.01908	0.00623	0.00545
29	0.00873	0.00661	0.00963	0.01027	0.01113	0.00617	0.04359	0.01036	0.01368	0.01843	0.11017	0.64226	0.04460	0.01939	0.00846	0.00263	0.00421	0.01771	0.00620	0.00574
30	0.01647	0.50048	0.17872	0.05406	0.02228	0.02284	0.05356	0.02009	0.01372	0.01734	0.01025	0.01244	0.00870	0.00617	0.00581	0.00173	0.03931	0.00434	0.00290	0.00879
31	0.02384	0.02943	0.01917	0.09061	0.02330	0.63569	0.01353	0.05308	0.01896	0.01754	0.01076	0.01284	0.00879	0.00694	0.00614	0.00179	0.01159	0.00456	0.00354	0.00789
32	0.01444	0.01352	0.02254	0.48355	0.27457	0.01546	0.01910	0.04150	0.01466	0.01962	0.01230	0.01739	0.00960	0.00651	0.00669	0.00215	0.00856	0.00597	0.00322	0.00866

[dist]
# distance from previous block
# <min> <max>
0	35

[block]
# block no. 5 follows, 32 sequences, length 64
# corresponding to MSA columns:
# 721-778,783-788
name=unknown_F
#
# <colnr> <probs for GDERKNQSTAVLIFYWHMCP>
#	G	D	E	R	K	N	Q	S	T	A	V	L	I	F	Y	W	H	M	C	P
0	0.01892	0.34885	0.18575	0.01477	0.02090	0.14537	0.01482	0.09782	0.05761	0.02079	0.01193	0.01319	0.00960	0.00654	0.00549	0.00175	0.00855	0.00453	0.00362	0.00919
1	0.01118	0.00971	0.01117	0.01122	0.01253	0.08636	0.00854	0.01328	0.01205	0.01590	0.02014	0.10169	0.02022	0.08250	0.50793	0.00836	0.01466	0.04252	0.00400	0.00603
2	0.01073	0.00801	0.01096	0.01115	0.01215	0.00842	0.02759	0.01330	0.06250	0.03677	0.04611	0.44339	0.03477	0.05737	0.01196	0.04451	0.07545	0.07307	0.00567	0.00614
3	0.03010	0.01142	0.01557	0.01194	0.01713	0.00986	0.00986	0.03270	0.01920	0.72698	0.02647	0.02284	0.01661	0.00830	0.00675	0.00208	0.00571	0.00675	0.00830	0.01142
4	0.00821	0.00612	0.00765	0.00871	0.00960	0.00556	0.00598	0.00963	0.01381	0.01802	0.09050	0.55561	0.19691	0.01962	0.00838	0.00258	0.00373	0.01750	0.00631	0.00556
5	0.02506	0.03198	0.01901	0.01729	0.02074	0.73725	0.01296	0.02679	0.01901	0.01642	0.01037	0.01210	0.00864	0.00691	0.00605	0.00173	0.01210	0.00432	0.00346	0.00778
6	0.00950	0.00686	0.00897	0.00844	0.01002	0.00633	0.00633	0.01266	0.01899	0.02691	0.71879	0.05012	0.06331	0.01372	0.00791	0.00211	0.00317	0.01213	0.00739	0.00633
7	0.00959	0.00719	0.01078	0.01078	0.01198	0.00839	0.00839	0.01198	0.01078	0.01558	0.01797	0.02636	0.01677	0.05032	0.73760	0.01078	0.01797	0.00719	0.00359	0.00599
8	0.00925	0.00672	0.00874	0.00871	0.01012	0.00621	0.00648	0.01198	0.01754	0.02436	0.52846	0.17490	0.09615	0.01542	0.00810	0.00228	0.00346	0.04795	0.00706	0.00613
9	0.02987	0.01180	0.01581	0.01212	0.01732	0.01042	0.01001	0.06686	0.01984	0.69193	0.02594	0.02249	0.01634	0.00829	0.00675	0.00207	0.00580	0.00671	0.00822	0.01142
10	0.00816	0.00589	0.00773	0.00920	0.00969	0.00546	0.00616	0.00936	0.01298	0.01719	0.03874	0.72049	0.08257	0.02079	0.00853	0.00270	0.00386	0.01880	0.00623	0.00546
11	0.01251	0.00625	0.00625	0.00625	0.00782	0.00625	0.00469	0.01563	0.01407	0.02502	0.02189	0.02502	0.01720	0.00782	0.00469	0.00156	0.00313	0.00625	0.80144	0.00625
12	0.00962	0.00707	0.01018	0.01018	0.01118	0.00806	0.00764	0.01160	0.01061	0.01513	0.01852	0.02939	0.01809	0.17367	0.61605	0.01004	0.01599	0.00763	0.00368	0.00566
13	0.00959	0.00719	0.01078	0.01078	0.01198	0.00839	0.00839	0.01198	0.01078	0.01558	0.01797	0.02636	0.01677	0.05032	0.73760	0.01078	0.01797	0.00719	0.00359	0.00599
14	0.01661	0.01594	0.02724	0.04119	0.72233	0.01594	0.02059	0.02059	0.01528	0.02192	0.01262	0.01661	0.01063	0.00598	0.00664	0.00199	0.00797	0.00598	0.00332	0.01063
15	0.00868	0.00658	0.00963	0.01048	0.01126	0.00616	0.04435	0.01016	0.01310	0.01747	0.03565	0.69613	0.04231	0.02009	0.00855	0.00271	0.00438	0.04055	0.00607	0.00567
16	0.08002	0.70915	0.03318	0.01127	0.01689	0.02565	0.01115	0.02006	0.01346	0.01691	0.00933	0.01077	0.00851	0.00578	0.00429	0.00149	0.00702	0.00359	0.00297	0.00851
17	0.00959	0.00719	0.01078	0.01078	0.01198	0.00839	0.00839	0.01198	0.01078	0.01558	0.01797	0.02636	0.01677	0.05032	0.73760	0.01078	0.01797	0.00719	0.00359	0.00599
18	0.00960	0.00712	0.01046	0.01046	0.01154	0.00821	0.00798	0.01177	0.01069	0.01533	0.01827	0.02802	0.01750	0.11786	0.67105	0.01038	0.01689	0.00743	0.00364	0.00581
19	0.09278	0.65651	0.07088	0.01165	0.01747	0.02486	0.01181	0.02012	0.01345	0.01744	0.00948	0.01096	0.00848	0.00582	0.00440	0.00153	0.00714	0.00367	0.00299	0.00856
20	0.01137	0.00744	0.00985	0.00967	0.01156	0.00694	0.00773	0.01438	0.01785	0.07914	0.44534	0.05565	0.09019	0.01477	0.00819	0.00238	0.00418	0.18966	0.00707	0.00665
21	0.02694	0.01649	0.01871	0.01435	0.01966	0.01739	0.01185	0.49157	0.02769	0.25612	0.01935	0.01821	0.01303	0.00813	0.00672	0.00203	0.00686	0.00626	0.00721	0.01141
22	0.01584	0.01810	0.03959	0.02828	0.03507	0.01697	0.69796	0.02149	0.01584	0.02149	0.01357	0.01810	0.01018	0.00566	0.00792	0.00226	0.01131	0.00792	0.00339	0.00905
23	0.01367	0.07022	0.69581	0.01875	0.02847	0.01611	0.02415	0.02119	0.01414	0.02098	0.01191	0.01400	0.00851	0.00634	0.00627	0.00209	0.00978	0.00489	0.00284	0.00985
24	0.01057	0.00710	0.00931	0.00862	0.01039	0.00651	0.00651	0.01370	0.01900	0.06323	0.68288	0.04871	0.06089	0.01344	0.00785	0.00211	0.00330	0.01186	0.00743	0.00660
25	0.00818	0.00584	0.00779	0.00934	0.00973	0.00545	0.00623	0.00934	0.01285	0.01713	0.03698	0.75981	0.04438	0.02102	0.00856	0.00273	0.00389	0.01908	0.00623	0.00545
26	0.10629	0.26134	0.06706	0.01662	0.02238	0.04674	0.18679	0.07654	0.07120	0.06460	0.01359	0.01516	0.01050	0.00645	0.00593	0.00192	0.00813	0.00550	0.00411	0.00916
27	0.00987	0.00704	0.00887	0.00866	0.01029	0.00652	0.00640	0.01299	0.03954	0.04347	0.47603	0.17711	0.13769	0.01513	0.00797	0.00224	0.00346	0.01333	0.00705	0.00637
28	0.00959	0.00719	0.01078	0.01078	0.01198	0.00839	0.00839	0.01198	0.01078	0.01558	0.01797	0.02636	0.01677	0.05032	0.73760	0.01078	0.01797	0.00719	0.00359	0.00599
29	0.00850	0.00607	0.00816	0.00971	0.01024	0.00573	0.00679	0.00990	0.01317	0.01749	0.03680	0.67586	0.04367	0.02072	0.00865	0.00277	0.00417	0.09984	0.00622	0.00554
30	0.06475	0.01844	0.02706	0.02038	0.02592	0.13361	0.32560	0.06232	0.04107	0.18837	0.01645	0.01796	0.01169	0.00676	0.00703	0.00211	0.00937	0.00671	0.00490	0.00948
31	0.01677	0.01745	0.03139	0.07990	0.28482	0.04801	0.32255	0.05570	0.01627	0.02206	0.01298	0.01709	0.01022	0.00618	0.00760	0.00214	0.02906	0.00677	0.00350	0.00954
32	0.01200	0.01062	0.01492	0.01354	0.01402	0.01386	0.01078	0.01365	0.01041	0.01551	0.01408	0.02318	0.01403	0.12614	0.30865	0.00653	0.36146	0.00691	0.00335	0.00637
33	0.03991	0.01323	0.01537	0.01192	0.03801	0.01143	0.00926	0.13569	0.01725	0.06911	0.01349	0.01484	0.01055	0.00577	0.00541	0.00130	0.00553	0.00455	0.00470	0.57270
34	0.01780	0.68499	0.03295	0.01172	0.01725	0.02546	0.01139	0.02181	0.09055	0.01714	0.01131	0.01234	0.00992	0.00611	0.00458	0.00153	0.00697	0.00403	0.00331	0.00883
35	0.02551	0.01879	0.02014	0.01544	0.02081	0.02081	0.01275	0.69996	0.03155	0.04229	0.01611	0.01611	0.01141	0.00805	0.00671	0.00201	0.00738	0.00604	0.00671	0.01141
36	0.04468	0.01133	0.01333	0.01142	0.01526	0.01136	0.00902	0.02792	0.25288	0.29825	0.07082	0.06848	0.11463	0.01062	0.00701	0.00220	0.00502	0.00886	0.00724	0.00966
37	0.00913	0.00763	0.00807	0.00791	0.01023	0.00696	0.00604	0.01283	0.08750	0.02020	0.13432	0.05934	0.54727	0.01588	0.00787	0.00228	0.00368	0.04017	0.00642	0.00627
38	0.03010	0.01142	0.01557	0.01194	0.01713	0.00986	0.00986	0.03270	0.01920	0.72698	0.02647	0.02284	0.01661	0.00830	0.00675	0.00208	0.00571	0.00675	0.00830	0.01142
39	0.10023	0.00910	0.00941	0.00873	0.01165	0.00887	0.00674	0.01717	0.12572	0.08840	0.07474	0.06708	0.42001	0.01372	0.00724	0.00224	0.00412	0.01131	0.00634	0.00719
40	0.02464	0.03128	0.01908	0.01730	0.02062	0.70816	0.01303	0.02636	0.01866	0.01641	0.01031	0.01220	0.00865	0.00711	0.00670	0.00178	0.04213	0.00438	0.00344	0.00776
41	0.00818	0.00584	0.00779	0.00934	0.00973	0.00545	0.00623	0.00934	0.01285	0.01713	0.03698	0.75981	0.04438	0.02102	0.00856	0.00273	0.00389	0.01908	0.00623	0.00545
42	0.01661	0.01594	0.02724	0.04119	0.72233	0.01594	0.02059	0.02059	0.01528	0.02192	0.01262	0.01661	0.01063	0.00598	0.00664	0.00199	0.00797	0.00598	0.00332	0.01063
43	0.03010	0.01142	0.01557	0.01194	0.01713	0.00986	0.00986	0.03270	0.01920	0.72698	0.02647	0.02284	0.01661	0.00830	0.00675	0.00208	0.00571	0.00675	0.00830	0.01142
44	0.01251	0.00625	0.00625	0.00625	0.00782	0.00625	0.00469	0.01563	0.01407	0.02502	0.02189	0.02502	0.01720	0.00782	0.00469	0.00156	0.00313	0.00625	0.80144	0.00625
45	0.02506	0.03198	0.01901	0.01729	0.02074	0.73725	0.01296	0.02679	0.01901	0.01642	0.01037	0.01210	0.00864	0.00691	0.00605	0.00173	0.01210	0.00432	0.00346	0.00778
46	0.01403	0.01400	0.01890	0.25331	0.02622	0.06635	0.01491	0.01645	0.01218	0.01660	0.01304	0.09782	0.01277	0.01080	0.01448	0.00260	0.37774	0.00725	0.00335	0.00720
47	0.00976	0.00651	0.00732	0.00732	0.00732	0.00651	0.00407	0.00976	0.00976	0.01301	0.02114	0.04391	0.02439	0.76419	0.03415	0.00651	0.00651	0.00976	0.00407	0.00407
48	0.01308	0.01234	0.02085	0.67553	0.11559	0.01501	0.01884	0.01750	0.01361	0.01763	0.01200	0.01776	0.00912	0.00663	0.00670	0.00221	0.00884	0.00596	0.00302	0.00778
49	0.00943	0.00748	0.00867	0.00997	0.01061	0.04589	0.00693	0.01075	0.01328	0.01717	0.03462	0.61938	0.04090	0.05599	0.00973	0.00289	0.00469	0.08008	0.00597	0.00558
50	0.01062	0.00919	0.03297	0.01018	0.01135	0.04796	0.00763	0.01230	0.01098	0.01489	0.01849	0.03142	0.01877	0.30004	0.42427	0.00849	0.01332	0.00787	0.00373	0.00553
51	0.02353	0.07880	0.02137	0.01974	0.11226	0.48721	0.01383	0.12568	0.02002	0.02095	0.01145	0.01319	0.00931	0.00688	0.00611	0.00179	0.01052	0.00474	0.00388	0.00875
52	0.66289	0.01316	0.01100	0.00964	0.01375	0.01498	0.00787	0.08989	0.01383	0.05371	0.01204	0.05068	0.00993	0.00725	0.00473	0.00210	0.00537	0.00479	0.00466	0.00774
53	0.01755	0.01743	0.02327	0.19150	0.20906	0.11788	0.09987	0.09927	0.08909	0.02283	0.01590	0.01876	0.03311	0.00714	0.00680	0.00208	0.00870	0.00641	0.00411	0.00924
54	0.02314	0.05057	0.01543	0.01164	0.01594	0.01156	0.00949	0.06078	0.12184	0.41320	0.16385	0.02767	0.02587	0.00936	0.00686	0.00208	0.00530	0.00775	0.00754	0.01014
55	0.02856	0.01279	0.05077	0.01389	0.05642	0.01047	0.01117	0.03148	0.01875	0.65411	0.02501	0.02208	0.01589	0.00808	0.00672	0.00207	0.00604	0.00662	0.00777	0.01130
56	0.01368	0.02849	0.51267	0.02032	0.02872	0.01506	0.16242	0.02054	0.01464	0.02118	0.01478	0.02133	0.01196	0.00748	0.00699	0.00225	0.00982	0.07502	0.00329	0.00935
57	0.02032	0.01795	0.02352	0.01823	0.02310	0.15219	0.23322	0.09754	0.07193	0.14693	0.06960	0.02292	0.05465	0.00808	0.00714	0.00209	0.00859	0.00744	0.00532	0.00922
58	0.01402	0.12696	0.64211	0.01816	0.02755	0.01696	0.02312	0.02110	0.01410	0.02056	0.01170	0.01374	0.00851	0.00630	0.00611	0.00204	0.00957	0.00479	0.00284	0.00975
59	0.00875	0.00677	0.00812	0.00896	0.01052	0.00614	0.00691	0.01067	0.01465	0.01836	0.05082	0.26200	0.35262	0.01852	0.00846	0.00261	0.00426	0.18890	0.00622	0.00574
60	0.01652	0.01624	0.02654	0.11321	0.60297	0.04515	0.04047	0.02051	0.01525	0.02119	0.01249	0.01660	0.01036	0.00608	0.00666	0.00202	0.00834	0.00597	0.00329	0.01014
61	0.01812	0.01948	0.02531	0.01972	0.02410	0.18451	0.26012	0.09264	0.03679	0.02160	0.01567	0.03849	0.03803	0.02673	0.00955	0.00224	0.10058	0.00697	0.00403	0.05530
62	0.00809	0.00619	0.00742	0.00841	0.00949	0.00553	0.00581	0.00945	0.01375	0.01750	0.04838	0.50420	0.29263	0.01954	0.00833	0.00256	0.00371	0.01727	0.00623	0.00553
63	0.01474	0.01009	0.01174	0.01058	0.01355	0.01005	0.00847	0.11596	0.10072	0.10485	0.18924	0.04664	0.21563	0.01330	0.00768	0.00229	0.00480	0.10488	0.00685	0.00794

[dist]
# distance from previous block
# <min> <max>
2	6

[block]
# block no. 6 follows, 32 sequences, length 24
# corresponding to MSA columns:
# 797-816,823-826
name=unknown_G
#
# <colnr> <probs for GDERKNQSTAVLIFYWHMCP>
#	G	D	E	R	K	N	Q	S	T	A	V	L	I	F	Y	W	H	M	C	P
0	0.20629	0.03751	0.01228	0.01054	0.01249	0.03199	0.00799	0.07434	0.01351	0.02175	0.06050	0.11722	0.02083	0.20991	0.03995	0.00369	0.09979	0.00833	0.00458	0.00653
1	0.10525	0.01572	0.01578	0.01332	0.01752	0.04338	0.01063	0.26228	0.30864	0.03229	0.05515	0.02294	0.04999	0.00893	0.00657	0.00213	0.00608	0.00702	0.00637	0.01000
2	0.01046	0.00705	0.00789	0.00768	0.00792	0.00714	0.00445	0.04057	0.01073	0.01432	0.02092	0.04267	0.02381	0.73044	0.03293	0.00630	0.00654	0.00959	0.00418	0.00439
3	0.69684	0.01333	0.01106	0.00956	0.01387	0.01515	0.00787	0.07418	0.01353	0.07818	0.01103	0.01212	0.00822	0.00651	0.00453	0.00207	0.00540	0.00403	0.00463	0.00787
4	0.01889	0.01590	0.02176	0.01746	0.02060	0.09449	0.14449	0.05274	0.01530	0.15720	0.01708	0.01985	0.04455	0.01207	0.06182	0.00297	0.26305	0.00675	0.00450	0.00853
5	0.01794	0.76823	0.03516	0.01148	0.01722	0.02655	0.01148	0.02009	0.01363	0.01579	0.00933	0.01076	0.00861	0.00574	0.00431	0.00144	0.00718	0.00359	0.00287	0.00861
6	0.00824	0.00589	0.00784	0.00930	0.00975	0.00549	0.00623	0.00950	0.01314	0.01760	0.06980	0.72566	0.04529	0.02067	0.00853	0.00270	0.00386	0.01874	0.00628	0.00549
7	0.00839	0.00678	0.00746	0.00736	0.00937	0.00585	0.00550	0.01050	0.01628	0.02064	0.25546	0.08499	0.50555	0.01619	0.00795	0.00224	0.00335	0.01375	0.00657	0.00585
8	0.01466	0.01424	0.02506	0.37610	0.33365	0.01555	0.08583	0.01904	0.01445	0.01961	0.01238	0.01736	0.00978	0.00629	0.00680	0.00213	0.00876	0.00616	0.00317	0.00896
9	0.01468	0.01468	0.02055	0.01762	0.01762	0.02055	0.01468	0.01615	0.01028	0.01615	0.00881	0.01468	0.00881	0.01174	0.02202	0.00294	0.75191	0.00587	0.00294	0.00734
10	0.02506	0.03198	0.01901	0.01729	0.02074	0.73725	0.01296	0.02679	0.01901	0.01642	0.01037	0.01210	0.00864	0.00691	0.00605	0.00173	0.01210	0.00432	0.00346	0.00778
11	0.01070	0.00892	0.00976	0.01039	0.01185	0.04174	0.00747	0.01550	0.14872	0.01947	0.03745	0.46899	0.11732	0.01747	0.00807	0.00255	0.00460	0.04619	0.00621	0.00662
12	0.00943	0.00686	0.00887	0.00837	0.00998	0.00630	0.00628	0.01253	0.01883	0.02652	0.69043	0.05075	0.09191	0.01386	0.00791	0.00212	0.00318	0.01222	0.00734	0.00630
13	0.01089	0.00717	0.00942	0.00868	0.01050	0.00657	0.00657	0.01402	0.01901	0.07424	0.67199	0.04828	0.06015	0.01335	0.00784	0.00211	0.00334	0.01177	0.00745	0.00668
14	0.00976	0.00651	0.00732	0.00732	0.00732	0.00651	0.00407	0.00976	0.00976	0.01301	0.02114	0.04391	0.02439	0.76419	0.03415	0.00651	0.00651	0.00976	0.00407	0.00407
15	0.01342	0.01269	0.02148	0.61385	0.17458	0.01510	0.01901	0.01780	0.01377	0.01805	0.01206	0.01765	0.00926	0.00657	0.00670	0.00219	0.00876	0.00597	0.00305	0.00806
16	0.29859	0.07444	0.01700	0.01381	0.01780	0.38632	0.01086	0.07187	0.01690	0.02299	0.01035	0.01188	0.00836	0.00668	0.00532	0.00185	0.00902	0.00415	0.00389	0.00792
17	0.81159	0.01298	0.00986	0.00882	0.01298	0.01505	0.00727	0.01972	0.01142	0.03010	0.00934	0.01090	0.00727	0.00623	0.00415	0.00208	0.00519	0.00363	0.00415	0.00727
18	0.01474	0.05934	0.65636	0.01837	0.02781	0.01559	0.02331	0.02198	0.01449	0.06877	0.01292	0.01463	0.00905	0.00648	0.00633	0.00210	0.00953	0.00503	0.00320	0.00997
19	0.65579	0.04203	0.04527	0.01029	0.01477	0.06566	0.00888	0.05194	0.01309	0.02881	0.00985	0.01137	0.00766	0.00635	0.00451	0.00203	0.00606	0.00385	0.00412	0.00766
20	0.02993	0.01171	0.01575	0.01207	0.01727	0.01029	0.00997	0.05867	0.01969	0.70033	0.02607	0.02258	0.01641	0.00830	0.00675	0.00207	0.00577	0.00672	0.00824	0.01142
21	0.00851	0.00608	0.00817	0.00973	0.01026	0.00574	0.00681	0.00992	0.01318	0.01750	0.03680	0.67284	0.04365	0.02071	0.00865	0.00277	0.00418	0.10274	0.00622	0.00554
22	0.01564	0.01725	0.03623	0.09699	0.12232	0.01665	0.54968	0.02097	0.01554	0.02114	0.01330	0.01789	0.01012	0.00579	0.00765	0.00223	0.01067	0.00749	0.00335	0.00910
23	0.00947	0.00728	0.00872	0.00828	0.01019	0.00675	0.00623	0.01315	0.05836	0.02448	0.49356	0.05276	0.24717	0.01438	0.00786	0.00216	0.00336	0.01244	0.00703	0.00639

[dist]
# distance from previous block
# <min> <max>
0	9

[block]
# block no. 7 follows, 32 sequences, length 49
# corresponding to MSA columns:
# 836-848,857-879,882-891,893-895
name=unknown_H
#
# <colnr> <probs for GDERKNQSTAVLIFYWHMCP>
#	G	D	E	R	K	N	Q	S	T	A	V	L	I	F	Y	W	H	M	C	P
0	0.01354	0.03414	0.70589	0.01944	0.02925	0.01563	0.04775	0.02126	0.01422	0.02126	0.01209	0.01430	0.00856	0.00635	0.00643	0.00213	0.00996	0.00506	0.00285	0.00989
1	0.03010	0.01142	0.01557	0.01194	0.01713	0.00986	0.00986	0.03270	0.01920	0.72698	0.02647	0.02284	0.01661	0.00830	0.00675	0.00208	0.00571	0.00675	0.00830	0.01142
2	0.01267	0.01193	0.02013	0.74806	0.04621	0.01491	0.01863	0.01714	0.01342	0.01714	0.01193	0.01789	0.00894	0.00671	0.00671	0.00224	0.00894	0.00596	0.00298	0.00745
3	0.00818	0.00584	0.00779	0.00934	0.00973	0.00545	0.00623	0.00934	0.01285	0.01713	0.03698	0.75981	0.04438	0.02102	0.00856	0.00273	0.00389	0.01908	0.00623	0.00545
4	0.02506	0.03198	0.01901	0.01729	0.02074	0.73725	0.01296	0.02679	0.01901	0.01642	0.01037	0.01210	0.00864	0.00691	0.00605	0.00173	0.01210	0.00432	0.00346	0.00778
5	0.00818	0.00584	0.00779	0.00934	0.00973	0.00545	0.00623	0.00934	0.01285	0.01713	0.03698	0.75981	0.04438	0.02102	0.00856	0.00273	0.00389	0.01908	0.00623	0.00545
6	0.02071	0.00930	0.01252	0.01040	0.01390	0.00822	0.00826	0.02346	0.01882	0.40936	0.30776	0.06888	0.03687	0.01110	0.00731	0.00212	0.00459	0.00952	0.00783	0.00907
7	0.13756	0.00862	0.00822	0.00773	0.01051	0.00822	0.00598	0.05954	0.01581	0.02173	0.05498	0.05261	0.55625	0.01465	0.00724	0.00222	0.00396	0.01191	0.00593	0.00632
8	0.01044	0.00836	0.01202	0.01149	0.01242	0.01012	0.00896	0.01255	0.01119	0.01627	0.06573	0.02743	0.01929	0.09622	0.51337	0.00854	0.13821	0.00751	0.00379	0.00609
9	0.01159	0.01009	0.01540	0.14413	0.05691	0.01254	0.01219	0.01424	0.01138	0.01631	0.01466	0.02185	0.01336	0.03201	0.41658	0.00713	0.17288	0.00663	0.00333	0.00678
10	0.00825	0.00587	0.00776	0.00925	0.00962	0.00550	0.00613	0.00936	0.01270	0.01693	0.03623	0.72583	0.04343	0.05629	0.00978	0.00290	0.00402	0.01863	0.00613	0.00538
11	0.01511	0.01442	0.02453	0.30980	0.46541	0.01555	0.01985	0.01928	0.01457	0.02011	0.01236	0.01709	0.00999	0.00626	0.00667	0.00209	0.00834	0.00597	0.00319	0.00942
12	0.01728	0.01951	0.03027	0.16114	0.03300	0.15901	0.37807	0.04139	0.01617	0.02000	0.01245	0.01664	0.00961	0.00650	0.00803	0.00218	0.05019	0.00668	0.00340	0.00848
13	0.27975	0.22056	0.02063	0.12970	0.02112	0.15121	0.01169	0.02051	0.01367	0.02086	0.00991	0.01241	0.00824	0.00661	0.00596	0.00191	0.04982	0.00425	0.00342	0.00776
14	0.01551	0.21530	0.50040	0.01709	0.02545	0.07709	0.02055	0.02142	0.01443	0.01951	0.01124	0.01316	0.00854	0.00626	0.00584	0.00192	0.00942	0.00457	0.00289	0.00942
15	0.01285	0.00974	0.01096	0.00962	0.01268	0.02812	0.00748	0.03972	0.07577	0.07242	0.23517	0.04139	0.21397	0.01389	0.04185	0.00241	0.00504	0.02601	0.00622	0.13470
16	0.03285	0.01358	0.02522	0.07981	0.14801	0.01374	0.27151	0.01744	0.01436	0.02000	0.01927	0.19054	0.01921	0.01037	0.00869	0.00240	0.05929	0.04151	0.00412	0.00808
17	0.01430	0.03353	0.69321	0.01876	0.02844	0.01529	0.02403	0.02183	0.01442	0.05705	0.01277	0.01461	0.00891	0.00647	0.00639	0.00212	0.00970	0.00505	0.00311	0.00999
18	0.03010	0.01142	0.01557	0.01194	0.01713	0.00986	0.00986	0.03270	0.01920	0.72698	0.02647	0.02284	0.01661	0.00830	0.00675	0.00208	0.00571	0.00675	0.00830	0.01142
