[name]
unknown

[dist]
# distance from previous block
# <min> <max>
0	280

[block]
# block no. 0 follows, 35 sequences, length 60
# corresponding to MSA columns:
# 311-370
name=unknown_A
#
# <colnr> <probs for GDERKNQSTAVLIFYWHMCP>
#	G	D	E	R	K	N	Q	S	T	A	V	L	I	F	Y	W	H	M	C	P
0	0.01126	0.00808	0.01088	0.01190	0.01363	0.00822	0.01036	0.06541	0.01574	0.02055	0.03222	0.06737	0.03460	0.01679	0.00858	0.00285	0.00593	0.64356	0.00588	0.00621
1	0.02350	0.01746	0.01869	0.01447	0.01944	0.01938	0.01191	0.66559	0.08157	0.03898	0.01602	0.01586	0.01143	0.00769	0.00635	0.00192	0.00684	0.00582	0.00635	0.01073
2	0.01570	0.01507	0.02575	0.03894	0.73748	0.01507	0.01947	0.01947	0.01444	0.02073	0.01193	0.01570	0.01005	0.00565	0.00628	0.00188	0.00754	0.00565	0.00314	0.01005
3	0.00773	0.00552	0.00736	0.00883	0.00920	0.00515	0.00589	0.00883	0.01215	0.01619	0.03497	0.77291	0.04196	0.01987	0.00810	0.00258	0.00368	0.01803	0.00589	0.00515
4	0.02380	0.01761	0.01886	0.01453	0.01955	0.01953	0.01198	0.69067	0.05599	0.03948	0.01563	0.01555	0.01111	0.00765	0.00635	0.00191	0.00691	0.00577	0.00635	0.01076
5	0.00911	0.00617	0.00689	0.00689	0.00703	0.00610	0.00391	0.00922	0.00958	0.01263	0.02300	0.04284	0.07142	0.72535	0.03060	0.00588	0.00595	0.00951	0.00398	0.00395
6	0.01198	0.01128	0.01903	0.76180	0.04369	0.01409	0.01762	0.01621	0.01268	0.01621	0.01128	0.01691	0.00846	0.00634	0.00634	0.00211	0.00846	0.00564	0.00282	0.00705
7	0.02846	0.01080	0.01472	0.01129	0.01619	0.00932	0.00932	0.03092	0.01816	0.74187	0.02503	0.02159	0.01570	0.00785	0.00638	0.00196	0.00540	0.00638	0.00785	0.01080
8	0.01198	0.01128	0.01903	0.76180	0.04369	0.01409	0.01762	0.01621	0.01268	0.01621	0.01128	0.01691	0.00846	0.00634	0.00634	0.00211	0.00846	0.00564	0.00282	0.00705
9	0.02596	0.01157	0.01661	0.01281	0.01739	0.01079	0.05760	0.02911	0.04390	0.61073	0.02296	0.02078	0.01487	0.00796	0.00756	0.00204	0.06353	0.00642	0.00710	0.01032
10	0.00773	0.00552	0.00736	0.00883	0.00920	0.00515	0.00589	0.00883	0.01215	0.01619	0.03497	0.77291	0.04196	0.01987	0.00810	0.00258	0.00368	0.01803	0.00589	0.00515
11	0.01696	0.78087	0.03324	0.01085	0.01628	0.02510	0.01085	0.01900	0.01289	0.01493	0.00882	0.01018	0.00814	0.00543	0.00407	0.00136	0.00678	0.00339	0.00271	0.00814
12	0.02379	0.01081	0.01413	0.01068	0.01570	0.00900	0.00874	0.02635	0.01680	0.52708	0.04086	0.02002	0.01522	0.00714	0.00596	0.00169	0.00514	0.00581	0.00672	0.22837
13	0.02364	0.01682	0.01824	0.01417	0.01909	0.01849	0.01165	0.59620	0.09691	0.09341	0.01703	0.01655	0.01201	0.00773	0.00636	0.00193	0.00667	0.00591	0.00647	0.01072
14	0.01570	0.01507	0.02575	0.03894	0.73748	0.01507	0.01947	0.01947	0.01444	0.02073	0.01193	0.01570	0.01005	0.00565	0.00628	0.00188	0.00754	0.00565	0.00314	0.01005
15	0.01343	0.01215	0.01680	0.01200	0.01775	0.00960	0.11364	0.01663	0.01343	0.02062	0.01151	0.01375	0.00943	0.00480	0.00512	0.00112	0.00560	0.00432	0.00368	0.69464
16	0.00998	0.00713	0.00994	0.01140	0.01276	0.00709	0.00980	0.01272	0.01436	0.01871	0.03372	0.14006	0.03704	0.01775	0.00870	0.00289	0.00563	0.62868	0.00585	0.00577
17	0.01315	0.01128	0.01315	0.00940	0.01503	0.00846	0.00752	0.01597	0.01315	0.02067	0.01128	0.01315	0.00940	0.00470	0.00470	0.00094	0.00470	0.00376	0.00376	0.81583
18	0.00750	0.00643	0.00643	0.00643	0.00857	0.00536	0.00482	0.00910	0.01446	0.01714	0.06427	0.06105	0.73490	0.01607	0.00750	0.00214	0.00321	0.01339	0.00589	0.00536
19	0.00909	0.00669	0.00964	0.00964	0.01059	0.00763	0.00724	0.01097	0.01003	0.01432	0.01750	0.02771	0.01707	0.17021	0.63094	0.00952	0.01517	0.00721	0.00347	0.00536
20	0.00952	0.00701	0.00997	0.06169	0.01392	0.00717	0.00927	0.01194	0.01342	0.01765	0.03125	0.27222	0.03468	0.01970	0.06364	0.00330	0.00621	0.39628	0.00547	0.00571
21	0.02769	0.01153	0.01511	0.01164	0.01653	0.01047	0.00960	0.09460	0.03998	0.65578	0.02414	0.02106	0.01535	0.00785	0.00638	0.00196	0.00553	0.00634	0.00767	0.01077
22	0.01272	0.03281	0.74418	0.01808	0.02746	0.01473	0.02344	0.02009	0.01339	0.02009	0.01138	0.01339	0.00804	0.00603	0.00603	0.00201	0.00938	0.00469	0.00268	0.00938
23	0.01272	0.03281	0.74418	0.01808	0.02746	0.01473	0.02344	0.02009	0.01339	0.02009	0.01138	0.01339	0.00804	0.00603	0.00603	0.00201	0.00938	0.00469	0.00268	0.00938
24	0.00777	0.00555	0.00740	0.00881	0.00921	0.00518	0.00589	0.00894	0.01233	0.01649	0.05764	0.74938	0.04254	0.01965	0.00808	0.00256	0.00366	0.01782	0.00592	0.00518
25	0.01315	0.01128	0.01315	0.00940	0.01503	0.00846	0.00752	0.01597	0.01315	0.02067	0.01128	0.01315	0.00940	0.00470	0.00470	0.00094	0.00470	0.00376	0.00376	0.81583
26	0.08516	0.71574	0.03122	0.01064	0.01594	0.02418	0.01052	0.01897	0.01271	0.01607	0.00882	0.01019	0.00803	0.00547	0.00406	0.00141	0.00663	0.00340	0.00282	0.00803
27	0.00773	0.00552	0.00736	0.00883	0.00920	0.00515	0.00589	0.00883	0.01215	0.01619	0.03497	0.77291	0.04196	0.01987	0.00810	0.00258	0.00368	0.01803	0.00589	0.00515
28	0.01321	0.01147	0.01362	0.00994	0.01515	0.00927	0.00799	0.01592	0.01290	0.02027	0.01106	0.01321	0.00932	0.00517	0.00590	0.00108	0.06124	0.00389	0.00369	0.75571
29	0.01481	0.40060	0.39464	0.01453	0.02196	0.01983	0.01725	0.01955	0.01315	0.01755	0.01012	0.01181	0.00809	0.00573	0.00507	0.00169	0.00810	0.00405	0.00270	0.00877
30	0.00908	0.00674	0.00992	0.00992	0.01095	0.00778	0.00758	0.01115	0.01011	0.01452	0.01725	0.02633	0.01647	0.10939	0.69094	0.00985	0.01607	0.00700	0.00344	0.00551
31	0.02412	0.01777	0.01904	0.01460	0.01967	0.01967	0.01206	0.71633	0.02983	0.03998	0.01523	0.01523	0.01079	0.00762	0.00635	0.00190	0.00698	0.00571	0.00635	0.01079
32	0.02846	0.01080	0.01472	0.01129	0.01619	0.00932	0.00932	0.03092	0.01816	0.74187	0.02503	0.02159	0.01570	0.00785	0.00638	0.00196	0.00540	0.00638	0.00785	0.01080
33	0.00750	0.00643	0.00643	0.00643	0.00857	0.00536	0.00482	0.00910	0.01446	0.01714	0.06427	0.06105	0.73490	0.01607	0.00750	0.00214	0.00321	0.01339	0.00589	0.00536
34	0.02370	0.03023	0.01798	0.01634	0.01961	0.75158	0.01226	0.02533	0.01798	0.01553	0.00981	0.01144	0.00817	0.00654	0.00572	0.00163	0.01144	0.00409	0.00327	0.00735
35	0.01198	0.01128	0.01903	0.76180	0.04369	0.01409	0.01762	0.01621	0.01268	0.01621	0.01128	0.01691	0.00846	0.00634	0.00634	0.00211	0.00846	0.00564	0.00282	0.00705
36	0.02846	0.01080	0.01472	0.01129	0.01619	0.00932	0.00932	0.03092	0.01816	0.74187	0.02503	0.02159	0.01570	0.00785	0.00638	0.00196	0.00540	0.00638	0.00785	0.01080
37	0.00887	0.00640	0.00839	0.00805	0.00945	0.00592	0.00598	0.01171	0.01746	0.02466	0.67489	0.10886	0.05834	0.01355	0.00753	0.00204	0.00305	0.01203	0.00689	0.00592
38	0.01419	0.01124	0.01326	0.00952	0.01511	0.00852	0.00764	0.01699	0.01349	0.06967	0.01221	0.01373	0.00982	0.00491	0.00481	0.00101	0.00475	0.00394	0.00404	0.76114
39	0.01497	0.01711	0.03743	0.02674	0.03316	0.01604	0.71444	0.02032	0.01497	0.02032	0.01283	0.01711	0.00963	0.00535	0.00749	0.00214	0.01070	0.00749	0.00321	0.00856
40	0.01022	0.00730	0.01022	0.01168	0.01314	0.00730	0.01022	0.01314	0.01460	0.01899	0.03359	0.07156	0.03651	0.01752	0.00876	0.00292	0.00584	0.69478	0.00584	0.00584
41	0.01315	0.01128	0.01315	0.00940	0.01503	0.00846	0.00752	0.01597	0.01315	0.02067	0.01128	0.01315	0.00940	0.00470	0.00470	0.00094	0.00470	0.00376	0.00376	0.81583
42	0.02412	0.01777	0.01904	0.01460	0.01967	0.01967	0.01206	0.71633	0.02983	0.03998	0.01523	0.01523	0.01079	0.00762	0.00635	0.00190	0.00698	0.00571	0.00635	0.01079
43	0.75299	0.01178	0.00925	0.00831	0.01203	0.01353	0.00680	0.01808	0.01140	0.02821	0.07029	0.01345	0.01136	0.00649	0.00423	0.00197	0.00475	0.00412	0.00418	0.00680
44	0.01022	0.00730	0.01022	0.01168	0.01314	0.00730	0.01022	0.01314	0.01460	0.01899	0.03359	0.07156	0.03651	0.01752	0.00876	0.00292	0.00584	0.69478	0.00584	0.00584
45	0.01340	0.02795	0.53901	0.02067	0.07590	0.01516	0.13054	0.02025	0.03172	0.02015	0.01190	0.01441	0.00872	0.00615	0.00684	0.00205	0.03776	0.00529	0.00289	0.00922
46	0.01570	0.01507	0.02575	0.03894	0.73748	0.01507	0.01947	0.01947	0.01444	0.02073	0.01193	0.01570	0.01005	0.00565	0.00628	0.00188	0.00754	0.00565	0.00314	0.01005
47	0.01293	0.03151	0.69460	0.01773	0.02671	0.01480	0.02253	0.02102	0.06181	0.02053	0.01237	0.01409	0.00881	0.00620	0.00606	0.00202	0.00908	0.00486	0.00294	0.00942
48	0.01272	0.03281	0.74418	0.01808	0.02746	0.01473	0.02344	0.02009	0.01339	0.02009	0.01138	0.01339	0.00804	0.00603	0.00603	0.00201	0.00938	0.00469	0.00268	0.00938
49	0.01272	0.03281	0.74418	0.01808	0.02746	0.01473	0.02344	0.02009	0.01339	0.02009	0.01138	0.01339	0.00804	0.00603	0.00603	0.00201	0.00938	0.00469	0.00268	0.00938
50	0.01672	0.01063	0.01114	0.00937	0.01228	0.01139	0.00747	0.29409	0.01988	0.03015	0.01852	0.02030	0.01408	0.00748	0.00520	0.00165	0.00456	0.00583	0.49140	0.00785
51	0.01272	0.03281	0.74418	0.01808	0.02746	0.01473	0.02344	0.02009	0.01339	0.02009	0.01138	0.01339	0.00804	0.00603	0.00603	0.00201	0.00938	0.00469	0.00268	0.00938
52	0.01336	0.01317	0.01841	0.01599	0.01602	0.01822	0.01320	0.01472	0.00992	0.01535	0.01058	0.07819	0.01118	0.01185	0.01974	0.00276	0.70090	0.00661	0.00304	0.00679
53	0.01388	0.01388	0.01943	0.01666	0.01666	0.01943	0.01388	0.01527	0.00972	0.01527	0.00833	0.01388	0.00833	0.01110	0.02082	0.00278	0.76544	0.00555	0.00278	0.00694
54	0.00773	0.00552	0.00736	0.00883	0.00920	0.00515	0.00589	0.00883	0.01215	0.01619	0.03497	0.77291	0.04196	0.01987	0.00810	0.00258	0.00368	0.01803	0.00589	0.00515
55	0.01497	0.01711	0.03743	0.02674	0.03316	0.01604	0.71444	0.02032	0.01497	0.02032	0.01283	0.01711	0.00963	0.00535	0.00749	0.00214	0.01070	0.00749	0.00321	0.00856
56	0.01338	0.01123	0.01866	0.69821	0.04136	0.01369	0.01692	0.01745	0.01315	0.07769	0.01244	0.01731	0.00907	0.00647	0.00635	0.00210	0.00820	0.00570	0.00325	0.00736
57	0.02846	0.01080	0.01472	0.01129	0.01619	0.00932	0.00932	0.03092	0.01816	0.74187	0.02503	0.02159	0.01570	0.00785	0.00638	0.00196	0.00540	0.00638	0.00785	0.01080
58	0.00773	0.00650	0.00675	0.00687	0.00896	0.00552	0.00528	0.00945	0.01447	0.01729	0.06167	0.06194	0.67573	0.01619	0.00760	0.00221	0.00344	0.07112	0.00589	0.00540
59	0.01189	0.00916	0.06976	0.00786	0.01035	0.00757	0.00681	0.06364	0.01517	0.02388	0.10847	0.02972	0.11164	0.00905	0.00545	0.00170	0.00382	0.00740	0.49018	0.00649

[dist]
# distance from previous block
# <min> <max>
0	1

[block]
# block no. 1 follows, 35 sequences, length 12
# corresponding to MSA columns:
# 372-383
name=unknown_B
#
# <colnr> <probs for GDERKNQSTAVLIFYWHMCP>
#	G	D	E	R	K	N	Q	S	T	A	V	L	I	F	Y	W	H	M	C	P
0	0.01971	0.01313	0.01559	0.01467	0.07584	0.01407	0.01070	0.06146	0.43797	0.22798	0.02399	0.02206	0.01720	0.00811	0.00641	0.00207	0.00542	0.00676	0.00657	0.01029
1	0.75557	0.01250	0.01067	0.01086	0.07191	0.01430	0.00791	0.01872	0.01110	0.02783	0.00909	0.01075	0.00713	0.00587	0.00412	0.00196	0.00512	0.00362	0.00386	0.00713
2	0.00773	0.00552	0.00736	0.00883	0.00920	0.00515	0.00589	0.00883	0.01215	0.01619	0.03497	0.77291	0.04196	0.01987	0.00810	0.00258	0.00368	0.01803	0.00589	0.00515
3	0.00750	0.00643	0.00643	0.00643	0.00857	0.00536	0.00482	0.00910	0.01446	0.01714	0.06427	0.06105	0.73490	0.01607	0.00750	0.00214	0.00321	0.01339	0.00589	0.00536
4	0.00750	0.00643	0.00643	0.00643	0.00857	0.00536	0.00482	0.00910	0.01446	0.01714	0.06427	0.06105	0.73490	0.01607	0.00750	0.00214	0.00321	0.01339	0.00589	0.00536
5	0.01315	0.01128	0.01315	0.00940	0.01503	0.00846	0.00752	0.01597	0.01315	0.02067	0.01128	0.01315	0.00940	0.00470	0.00470	0.00094	0.00470	0.00376	0.00376	0.81583
6	0.01578	0.01363	0.01434	0.01291	0.01650	0.01578	0.01004	0.03371	0.72602	0.02654	0.02582	0.02367	0.01937	0.00861	0.00646	0.00215	0.00502	0.00717	0.00646	0.01004
7	0.01315	0.01128	0.01315	0.00940	0.01503	0.00846	0.00752	0.01597	0.01315	0.02067	0.01128	0.01315	0.00940	0.00470	0.00470	0.00094	0.00470	0.00376	0.00376	0.81583
8	0.01314	0.10634	0.67431	0.01737	0.02636	0.01575	0.02220	0.01998	0.01334	0.01958	0.01113	0.01308	0.00805	0.00597	0.00583	0.00194	0.00912	0.00456	0.00268	0.00925
9	0.00898	0.00648	0.00848	0.00798	0.00948	0.00599	0.00599	0.01197	0.01796	0.02544	0.73413	0.04739	0.05986	0.01297	0.00748	0.00200	0.00299	0.01147	0.00698	0.00599
10	0.01574	0.01337	0.05539	0.01254	0.01601	0.01347	0.03882	0.22817	0.18833	0.02656	0.04145	0.08029	0.01840	0.07151	0.08677	0.00320	0.00711	0.00760	0.06685	0.00842
11	0.01629	0.34269	0.11576	0.01339	0.01865	0.04882	0.08400	0.10132	0.03886	0.02049	0.01504	0.01643	0.04803	0.00666	0.00530	0.00167	0.00709	0.00518	0.08601	0.00831

[dist]
# distance from previous block
# <min> <max>
0	1

[block]
# block no. 2 follows, 35 sequences, length 47
# corresponding to MSA columns:
# 385-390,393-411,420-441
name=unknown_C
#
# <colnr> <probs for GDERKNQSTAVLIFYWHMCP>
#	G	D	E	R	K	N	Q	S	T	A	V	L	I	F	Y	W	H	M	C	P
0	0.08613	0.01594	0.10629	0.01448	0.06271	0.01453	0.01195	0.10535	0.30918	0.10357	0.01904	0.01858	0.01400	0.00731	0.00599	0.00194	0.00595	0.00588	0.00544	0.08575
1	0.01698	0.66502	0.07990	0.01153	0.01704	0.05206	0.01164	0.03557	0.01353	0.01609	0.00946	0.01088	0.00839	0.00561	0.00433	0.00143	0.00706	0.00362	0.02167	0.00820
2	0.01613	0.06088	0.05166	0.05875	0.09217	0.01284	0.12705	0.07666	0.06115	0.13414	0.12812	0.07851	0.02239	0.00904	0.00680	0.00206	0.00655	0.04142	0.00520	0.00849
3	0.01425	0.08621	0.52345	0.01569	0.02368	0.01409	0.01896	0.02008	0.01368	0.07959	0.01308	0.03866	0.00994	0.00644	0.00582	0.00186	0.00814	0.00506	0.00334	0.09798
4	0.01588	0.00861	0.01043	0.00908	0.01124	0.00839	0.00658	0.06195	0.04906	0.22035	0.07616	0.03321	0.04649	0.33609	0.04815	0.00407	0.00594	0.00820	0.03321	0.00689
5	0.00941	0.00731	0.01087	0.01066	0.01171	0.00876	0.00836	0.01161	0.01016	0.01477	0.01636	0.02412	0.01531	0.04493	0.69885	0.00966	0.07131	0.00671	0.00335	0.00576
6	0.01714	0.51098	0.18749	0.01303	0.01908	0.09697	0.01371	0.02032	0.01372	0.04257	0.01008	0.01143	0.00840	0.00576	0.00475	0.00155	0.00778	0.00386	0.00295	0.00843
7	0.01621	0.01288	0.02126	0.25876	0.38144	0.01352	0.01679	0.01989	0.01461	0.12927	0.04350	0.01828	0.01247	0.00650	0.00636	0.00197	0.00731	0.00600	0.00392	0.00906
8	0.00972	0.00740	0.00846	0.00864	0.01014	0.02882	0.00647	0.03788	0.01416	0.01908	0.11091	0.22267	0.20696	0.02013	0.12448	0.00345	0.00599	0.05180	0.09708	0.00578
9	0.00906	0.00680	0.01020	0.01020	0.01133	0.00793	0.00793	0.01133	0.01020	0.01473	0.01699	0.02492	0.01586	0.04758	0.75191	0.01020	0.01699	0.00680	0.00340	0.00566
10	0.01375	0.01166	0.01347	0.00978	0.01530	0.00927	0.00783	0.04753	0.04481	0.02178	0.01208	0.01370	0.00989	0.00500	0.00485	0.00103	0.00481	0.00399	0.00399	0.74549
11	0.02155	0.01151	0.01422	0.01097	0.01580	0.01025	0.00886	0.07731	0.07945	0.37729	0.02031	0.03547	0.01446	0.02245	0.00642	0.00176	0.00525	0.00591	0.00625	0.25450
12	0.01955	0.45290	0.02643	0.01310	0.01760	0.30990	0.01137	0.02212	0.04582	0.01566	0.00994	0.01126	0.00864	0.00600	0.00482	0.00150	0.00854	0.00383	0.00309	0.00791
13	0.00908	0.00673	0.00987	0.00987	0.01089	0.00775	0.00752	0.01112	0.01010	0.01448	0.01729	0.02659	0.01658	0.12078	0.67970	0.00979	0.01590	0.00704	0.00344	0.00548
14	0.01538	0.01474	0.02516	0.10227	0.67669	0.01499	0.01931	0.01918	0.01429	0.02033	0.01188	0.01581	0.00991	0.00571	0.00629	0.00190	0.00762	0.00565	0.00311	0.00979
15	0.01109	0.00867	0.01374	0.01287	0.01520	0.00813	0.10975	0.01384	0.01399	0.04316	0.02888	0.24756	0.03121	0.01504	0.00799	0.00252	0.00584	0.33285	0.00538	0.07230
16	0.01315	0.01128	0.01315	0.00940	0.01503	0.00846	0.00752	0.01597	0.01315	0.02067	0.01128	0.01315	0.00940	0.00470	0.00470	0.00094	0.00470	0.00376	0.00376	0.81583
17	0.01260	0.01168	0.01971	0.59464	0.16707	0.01385	0.01736	0.01641	0.01279	0.01677	0.01138	0.01681	0.00887	0.00698	0.00723	0.04181	0.00815	0.00563	0.00287	0.00738
18	0.01497	0.01711	0.03743	0.02674	0.03316	0.01604	0.71444	0.02032	0.01497	0.02032	0.01283	0.01711	0.00963	0.00535	0.00749	0.00214	0.01070	0.00749	0.00321	0.00856
19	0.00876	0.00671	0.00912	0.01011	0.01058	0.00706	0.00738	0.01015	0.01220	0.01647	0.03176	0.59187	0.03740	0.01856	0.00963	0.00265	0.09044	0.10817	0.00553	0.00545
20	0.00750	0.00643	0.00643	0.00643	0.00857	0.00536	0.00482	0.00910	0.01446	0.01714	0.06427	0.06105	0.73490	0.01607	0.00750	0.00214	0.00321	0.01339	0.00589	0.00536
21	0.01388	0.01388	0.01943	0.01666	0.01666	0.01943	0.01388	0.01527	0.00972	0.01527	0.00833	0.01388	0.00833	0.01110	0.02082	0.00278	0.76544	0.00555	0.00278	0.00694
22	0.01010	0.00722	0.01005	0.01133	0.01279	0.00717	0.00981	0.01303	0.01493	0.01961	0.10117	0.06923	0.03876	0.01709	0.00864	0.00283	0.00557	0.62886	0.00595	0.00586
23	0.01489	0.01686	0.03637	0.02598	0.03236	0.01571	0.68336	0.02013	0.01489	0.02034	0.01277	0.01694	0.00962	0.00532	0.00736	0.00209	0.01043	0.00732	0.00323	0.04405
24	0.01329	0.01117	0.01301	0.00961	0.01483	0.00876	0.00762	0.04966	0.01389	0.02128	0.01322	0.06933	0.01187	0.00596	0.00503	0.00111	0.00473	0.00491	0.00404	0.71667
25	0.00859	0.00588	0.00711	0.00773	0.00789	0.00573	0.00471	0.00906	0.01047	0.01396	0.02637	0.35292	0.03111	0.45467	0.02199	0.00463	0.00510	0.01298	0.00471	0.00440
26	0.18376	0.01276	0.01347	0.01126	0.01503	0.04750	0.00896	0.14705	0.09769	0.24400	0.01819	0.04865	0.01365	0.00954	0.00802	0.09432	0.00577	0.00603	0.00575	0.00861
27	0.00962	0.00961	0.09249	0.01130	0.01335	0.00739	0.01015	0.01242	0.01369	0.01816	0.03276	0.28353	0.06377	0.01689	0.00819	0.00268	0.00546	0.37703	0.00550	0.00601
28	0.01319	0.11511	0.66597	0.01729	0.02623	0.01587	0.02205	0.01997	0.01334	0.01952	0.01110	0.01304	0.00805	0.00596	0.00581	0.00194	0.00909	0.00455	0.00268	0.00924
29	0.01488	0.01801	0.09256	0.02451	0.03086	0.01591	0.58057	0.02177	0.09306	0.02099	0.01414	0.01753	0.01057	0.00576	0.00725	0.00213	0.00996	0.00722	0.00352	0.00879
30	0.01581	0.57712	0.22689	0.01282	0.01933	0.02228	0.01428	0.01929	0.01303	0.01633	0.00952	0.01105	0.00811	0.00559	0.00460	0.00153	0.00749	0.00375	0.00270	0.00848
31	0.01040	0.00694	0.00809	0.00752	0.00975	0.00603	0.00574	0.01259	0.01611	0.10231	0.29458	0.05178	0.41668	0.01405	0.00737	0.00207	0.00338	0.01192	0.00650	0.00619
32	0.01299	0.01113	0.01295	0.00931	0.01484	0.00836	0.00744	0.01577	0.01319	0.02057	0.01285	0.01458	0.03101	0.00504	0.00478	0.00098	0.00465	0.00405	0.00382	0.79169
33	0.01602	0.61438	0.19147	0.01246	0.01877	0.02279	0.01366	0.01924	0.01300	0.01607	0.00939	0.01089	0.00812	0.00556	0.00451	0.00150	0.00736	0.00368	0.00271	0.00842
34	0.00906	0.00680	0.01020	0.01020	0.01133	0.00793	0.00793	0.01133	0.01020	0.01473	0.01699	0.02492	0.01586	0.04758	0.75191	0.01020	0.01699	0.00680	0.00340	0.00566
35	0.01696	0.78087	0.03324	0.01085	0.01628	0.02510	0.01085	0.01900	0.01289	0.01493	0.00882	0.01018	0.00814	0.00543	0.00407	0.00136	0.00678	0.00339	0.00271	0.00814
36	0.00969	0.00713	0.00948	0.01066	0.01225	0.00692	0.00917	0.01236	0.01458	0.01862	0.03957	0.06951	0.17277	0.01724	0.00852	0.00277	0.00533	0.56184	0.00585	0.00575
37	0.01696	0.78087	0.03324	0.01085	0.01628	0.02510	0.01085	0.01900	0.01289	0.01493	0.00882	0.01018	0.00814	0.00543	0.00407	0.00136	0.00678	0.00339	0.00271	0.00814
38	0.02376	0.01759	0.01884	0.01453	0.01954	0.01951	0.01197	0.68752	0.05920	0.03941	0.01568	0.01559	0.01115	0.00766	0.00635	0.00191	0.00690	0.00577	0.00635	0.01076
39	0.01660	0.07761	0.51883	0.01613	0.02416	0.01471	0.01931	0.06295	0.01521	0.15492	0.01397	0.01481	0.00963	0.00642	0.00598	0.00195	0.00832	0.00498	0.00386	0.00964
40	0.01696	0.78087	0.03324	0.01085	0.01628	0.02510	0.01085	0.01900	0.01289	0.01493	0.00882	0.01018	0.00814	0.00543	0.00407	0.00136	0.00678	0.00339	0.00271	0.00814
41	0.01290	0.06316	0.71534	0.01779	0.02700	0.01515	0.02293	0.02005	0.01337	0.01988	0.01128	0.01326	0.00804	0.00600	0.00595	0.00198	0.00927	0.00464	0.00268	0.00933
42	0.01352	0.06732	0.04886	0.27644	0.22034	0.01356	0.05668	0.01717	0.01397	0.04821	0.05509	0.05027	0.07635	0.00779	0.00645	0.00200	0.00721	0.00703	0.00372	0.00799
43	0.01094	0.00554	0.00821	0.00821	0.00821	0.00554	0.00544	0.00831	0.00831	0.01107	0.01141	0.02025	0.01154	0.05478	0.02512	0.78033	0.00554	0.00567	0.00280	0.00280
44	0.00830	0.00607	0.00780	0.00820	0.00927	0.00557	0.00583	0.01035	0.01513	0.02067	0.36948	0.36002	0.11732	0.01623	0.00775	0.00226	0.00331	0.01447	0.00641	0.00557
45	0.09981	0.06993	0.05905	0.01839	0.12516	0.18752	0.06240	0.10036	0.05369	0.08662	0.01370	0.01625	0.01081	0.00704	0.00659	0.00192	0.04215	0.02567	0.00422	0.00872
46	0.01792	0.01440	0.05102	0.04090	0.02196	0.01373	0.20642	0.18126	0.06441	0.14095	0.06949	0.07816	0.01862	0.00874	0.00699	0.00211	0.00720	0.04134	0.00544	0.00895

[dist]
# distance from previous block
# <min> <max>
0	3

[block]
# block no. 3 follows, 35 sequences, length 19
# corresponding to MSA columns:
# 445-463
name=unknown_D
#
# <colnr> <probs for GDERKNQSTAVLIFYWHMCP>
#	G	D	E	R	K	N	Q	S	T	A	V	L	I	F	Y	W	H	M	C	P
0	0.01446	0.01389	0.02310	0.23104	0.45452	0.01539	0.01823	0.01803	0.01334	0.01878	0.01128	0.01579	0.00939	0.00656	0.00823	0.00206	0.10845	0.00564	0.00301	0.00883
1	0.00970	0.00738	0.00938	0.00990	0.01157	0.00693	0.00759	0.01269	0.06053	0.01832	0.03209	0.38834	0.06487	0.01626	0.00770	0.00241	0.00451	0.21083	0.00563	0.11337
2	0.01585	0.47513	0.25389	0.01416	0.02076	0.05490	0.05026	0.01970	0.01339	0.01683	0.00987	0.01158	0.00818	0.00566	0.00493	0.00161	0.00800	0.00403	0.00275	0.00851
3	0.00770	0.00562	0.00726	0.00857	0.00913	0.00517	0.00577	0.00886	0.01240	0.01630	0.03814	0.69580	0.11702	0.01946	0.00803	0.00253	0.00363	0.01753	0.00589	0.00517
4	0.01685	0.06816	0.01613	0.01295	0.01673	0.03945	0.01028	0.11274	0.54963	0.02666	0.02315	0.04412	0.01790	0.00854	0.00630	0.00206	0.00554	0.00697	0.00606	0.00976
5	0.01390	0.04834	0.15532	0.01122	0.01754	0.01042	0.01081	0.01755	0.01341	0.05186	0.01179	0.01344	0.00936	0.00512	0.00500	0.00121	0.00572	0.00404	0.00368	0.59026
6	0.00790	0.00566	0.00757	0.00884	0.00928	0.00540	0.00596	0.00911	0.01211	0.01627	0.05566	0.67693	0.04020	0.04537	0.05827	0.00318	0.00462	0.01680	0.00569	0.00517
7	0.01536	0.01531	0.02788	0.07276	0.55375	0.01523	0.16619	0.01949	0.01447	0.02041	0.01209	0.01606	0.00988	0.00562	0.00654	0.00195	0.00825	0.00604	0.00314	0.00958
8	0.00923	0.00615	0.00692	0.00692	0.00692	0.00615	0.00384	0.00923	0.00923	0.01230	0.01999	0.04151	0.02306	0.77705	0.03229	0.00615	0.00615	0.00923	0.00384	0.00384
9	0.01272	0.03281	0.74418	0.01808	0.02746	0.01473	0.02344	0.02009	0.01339	0.02009	0.01138	0.01339	0.00804	0.00603	0.00603	0.00201	0.00938	0.00469	0.00268	0.00938
10	0.01349	0.02539	0.43016	0.02071	0.02853	0.01493	0.27907	0.02028	0.03941	0.02030	0.01426	0.01678	0.03407	0.00621	0.00664	0.00207	0.00950	0.00612	0.00312	0.00896
11	0.01022	0.00730	0.01022	0.01168	0.01314	0.00730	0.01022	0.01314	0.01460	0.01899	0.03359	0.07156	0.03651	0.01752	0.00876	0.00292	0.00584	0.69478	0.00584	0.00584
12	0.01003	0.00717	0.01000	0.01147	0.01284	0.00714	0.00989	0.01282	0.01442	0.01877	0.03369	0.12500	0.03692	0.01770	0.00871	0.00289	0.00568	0.64321	0.00585	0.00579
13	0.01696	0.78087	0.03324	0.01085	0.01628	0.02510	0.01085	0.01900	0.01289	0.01493	0.00882	0.01018	0.00814	0.00543	0.00407	0.00136	0.00678	0.00339	0.00271	0.00814
14	0.01276	0.01199	0.01984	0.60950	0.15094	0.01434	0.01751	0.01763	0.05019	0.01746	0.01214	0.01708	0.00928	0.00635	0.00634	0.00208	0.00813	0.00572	0.00306	0.00767
15	0.00773	0.00552	0.00736	0.00883	0.00920	0.00515	0.00589	0.00883	0.01215	0.01619	0.03497	0.77291	0.04196	0.01987	0.00810	0.00258	0.00368	0.01803	0.00589	0.00515
16	0.01272	0.03281	0.74418	0.01808	0.02746	0.01473	0.02344	0.02009	0.01339	0.02009	0.01138	0.01339	0.00804	0.00603	0.00603	0.00201	0.00938	0.00469	0.00268	0.00938
17	0.01549	0.01485	0.02536	0.08072	0.69738	0.01502	0.01936	0.01928	0.01434	0.02046	0.01189	0.01577	0.00996	0.00569	0.00628	0.00190	0.00759	0.00565	0.00312	0.00988
18	0.08038	0.01753	0.01717	0.01361	0.01822	0.09260	0.01108	0.51291	0.02562	0.07177	0.01799	0.01787	0.05862	0.00796	0.00619	0.00190	0.00696	0.00593	0.00591	0.00980

[dist]
# distance from previous block
# <min> <max>
0	3

[block]
# block no. 4 follows, 35 sequences, length 15
# corresponding to MSA columns:
# 467-481
name=unknown_E
#
# <colnr> <probs for GDERKNQSTAVLIFYWHMCP>
#	G	D	E	R	K	N	Q	S	T	A	V	L	I	F	Y	W	H	M	C	P
0	0.01729	0.01706	0.01550	0.01478	0.04933	0.17479	0.01095	0.03053	0.51562	0.02363	0.02201	0.02236	0.01713	0.00834	0.00637	0.00205	0.00655	0.03080	0.00559	0.00931
1	0.00903	0.00642	0.00819	0.00778	0.00900	0.00602	0.00558	0.01145	0.01631	0.02296	0.59945	0.04628	0.05292	0.15706	0.01216	0.00278	0.00359	0.01105	0.00639	0.00558
2	0.01280	0.00720	0.00898	0.00809	0.01016	0.00654	0.00610	0.01523	0.01623	0.15808	0.37254	0.04111	0.12746	0.08402	0.00929	0.00234	0.00377	0.00994	0.09352	0.00660
3	0.01870	0.01599	0.01732	0.01674	0.10430	0.05946	0.01190	0.23382	0.39313	0.02919	0.02008	0.01950	0.01506	0.00784	0.00636	0.00202	0.00628	0.00638	0.00584	0.01011
4	0.00920	0.00779	0.01313	0.01214	0.01374	0.00728	0.13952	0.01127	0.01317	0.01775	0.08992	0.56902	0.03737	0.01655	0.00793	0.00244	0.00495	0.01549	0.00548	0.00587
5	0.02028	0.10667	0.02294	0.01923	0.08857	0.44867	0.10162	0.02261	0.01602	0.01654	0.01016	0.01263	0.00854	0.00657	0.00710	0.00179	0.07440	0.00471	0.00315	0.00781
6	0.03464	0.10776	0.45164	0.08777	0.02685	0.01633	0.07878	0.01913	0.01299	0.01895	0.01087	0.01366	0.00822	0.00641	0.00731	0.00203	0.08030	0.00492	0.00278	0.00866
7	0.02606	0.01160	0.01680	0.01650	0.15222	0.01041	0.01124	0.02876	0.01746	0.60587	0.02256	0.02048	0.01464	0.00744	0.00636	0.00195	0.00580	0.00624	0.00696	0.01066
8	0.01439	0.01752	0.15950	0.03216	0.53473	0.01407	0.01893	0.01858	0.01403	0.02018	0.01401	0.08685	0.01269	0.00707	0.00640	0.00197	0.00752	0.00664	0.00331	0.00946
9	0.01976	0.01398	0.07530	0.01213	0.01596	0.08032	0.01020	0.09365	0.06550	0.29523	0.02418	0.22279	0.02120	0.01085	0.00675	0.00211	0.00598	0.00916	0.00620	0.00877
10	0.00783	0.00569	0.00739	0.00855	0.00917	0.00525	0.00581	0.00915	0.01289	0.01715	0.10354	0.64397	0.10240	0.01890	0.00799	0.00248	0.00358	0.01702	0.00599	0.00525
11	0.00786	0.00562	0.00748	0.00874	0.00923	0.00524	0.00590	0.00917	0.01277	0.01719	0.11033	0.69471	0.04389	0.01913	0.00803	0.00251	0.00361	0.01733	0.00601	0.00524
12	0.01604	0.01764	0.08416	0.03556	0.62638	0.06923	0.01926	0.01995	0.01462	0.02029	0.01173	0.01520	0.00975	0.00575	0.00622	0.00188	0.00797	0.00546	0.00311	0.00980
13	0.01359	0.16706	0.36169	0.15884	0.02872	0.01651	0.10651	0.01897	0.01340	0.01838	0.01172	0.01565	0.00918	0.00623	0.00598	0.00195	0.00877	0.02547	0.00287	0.00849
14	0.01864	0.50239	0.02773	0.01291	0.01727	0.23321	0.01151	0.02051	0.01409	0.01513	0.00906	0.01084	0.00817	0.00621	0.00592	0.00155	0.07040	0.00377	0.00288	0.00782

[dist]
# distance from previous block
# <min> <max>
0	1

[block]
# block no. 5 follows, 35 sequences, length 17
# corresponding to MSA columns:
# 483-499
name=unknown_F
#
# <colnr> <probs for GDERKNQSTAVLIFYWHMCP>
#	G	D	E	R	K	N	Q	S	T	A	V	L	I	F	Y	W	H	M	C	P
0	0.01511	0.45401	0.34388	0.01401	0.02116	0.02057	0.01635	0.01947	0.01311	0.01718	0.00994	0.01158	0.00810	0.00569	0.00493	0.00164	0.00792	0.00396	0.00270	0.00868
1	0.00897	0.00656	0.00825	0.00895	0.00993	0.00643	0.00627	0.01224	0.08512	0.01954	0.18690	0.51040	0.04265	0.01676	0.00766	0.00237	0.00364	0.01505	0.03647	0.00585
2	0.01637	0.01397	0.01288	0.01106	0.01438	0.12345	0.00868	0.21636	0.06805	0.05901	0.09314	0.03492	0.27961	0.01106	0.00677	0.00198	0.00574	0.00888	0.00585	0.00784
3	0.00847	0.00774	0.01031	0.00898	0.01162	0.00669	0.09194	0.01059	0.01466	0.01785	0.08354	0.05514	0.62012	0.01463	0.00750	0.00214	0.00412	0.01259	0.00560	0.00577
4	0.02674	0.10579	0.01730	0.01147	0.01645	0.01200	0.00971	0.07852	0.01835	0.60243	0.02234	0.01974	0.01442	0.00754	0.00609	0.00188	0.00568	0.00597	0.00711	0.01047
5	0.00884	0.00648	0.00828	0.00783	0.00939	0.00593	0.00587	0.01170	0.01762	0.02464	0.66956	0.04870	0.12492	0.01327	0.00748	0.00201	0.00301	0.01166	0.00688	0.00593
6	0.00915	0.00647	0.00853	0.00853	0.00909	0.00703	0.00586	0.01026	0.00970	0.01349	0.01851	0.03335	0.01952	0.41794	0.38655	0.00814	0.01149	0.00803	0.00362	0.00474
7	0.01696	0.78087	0.03324	0.01085	0.01628	0.02510	0.01085	0.01900	0.01289	0.01493	0.00882	0.01018	0.00814	0.00543	0.00407	0.00136	0.00678	0.00339	0.00271	0.00814
8	0.00906	0.00680	0.01020	0.01020	0.01133	0.00793	0.00793	0.01133	0.01020	0.01473	0.01699	0.02492	0.01586	0.04758	0.75191	0.01020	0.01699	0.00680	0.00340	0.00566
9	0.01102	0.00551	0.00826	0.00826	0.00826	0.00551	0.00551	0.00826	0.00826	0.01102	0.01102	0.01928	0.01102	0.02204	0.02479	0.81543	0.00551	0.00551	0.00275	0.00275
10	0.00788	0.00564	0.00750	0.00873	0.00924	0.00525	0.00590	0.00922	0.01286	0.01733	0.12076	0.68388	0.04415	0.01903	0.00802	0.00251	0.00360	0.01723	0.00602	0.00525
11	0.02327	0.02763	0.05255	0.01604	0.02000	0.55638	0.01274	0.17648	0.02036	0.02110	0.01107	0.01236	0.00874	0.00675	0.00587	0.00171	0.01037	0.00447	0.00392	0.00820
12	0.01570	0.01507	0.02575	0.03894	0.73748	0.01507	0.01947	0.01947	0.01444	0.02073	0.01193	0.01570	0.01005	0.00565	0.00628	0.00188	0.00754	0.00565	0.00314	0.01005
13	0.01198	0.01128	0.01903	0.76180	0.04369	0.01409	0.01762	0.01621	0.01268	0.01621	0.01128	0.01691	0.00846	0.00634	0.00634	0.00211	0.00846	0.00564	0.00282	0.00705
14	0.00773	0.00552	0.00736	0.00883	0.00920	0.00515	0.00589	0.00883	0.01215	0.01619	0.03497	0.77291	0.04196	0.01987	0.00810	0.00258	0.00368	0.01803	0.00589	0.00515
15	0.01739	0.01663	0.02429	0.03410	0.59074	0.07484	0.01797	0.10638	0.01664	0.02270	0.01217	0.01530	0.00999	0.00597	0.00624	0.00187	0.00778	0.00553	0.00355	0.00992
16	0.01510	0.01245	0.01368	0.01267	0.01585	0.01407	0.01010	0.08465	0.50512	0.02580	0.02679	0.05738	0.02279	0.01066	0.00696	0.00230	0.00530	0.14291	0.00631	0.00911

[dist]
# distance from previous block
# <min> <max>
1	2

[block]
# block no. 6 follows, 35 sequences, length 10
# corresponding to MSA columns:
# 520-529
name=unknown_G
#
# <colnr> <probs for GDERKNQSTAVLIFYWHMCP>
#	G	D	E	R	K	N	Q	S	T	A	V	L	I	F	Y	W	H	M	C	P
0	0.01216	0.01179	0.01576	0.01363	0.01457	0.03251	0.03948	0.01368	0.01159	0.01615	0.05265	0.02804	0.19115	0.03650	0.01652	0.02503	0.45075	0.00790	0.00378	0.00637
1	0.01590	0.01609	0.01441	0.01129	0.01624	0.19304	0.00882	0.01918	0.05003	0.01969	0.01164	0.01326	0.00959	0.00535	0.00504	0.00117	0.00639	0.00401	0.00377	0.57508
2	0.00767	0.00575	0.00713	0.00824	0.00904	0.00520	0.00562	0.00890	0.01272	0.01643	0.04223	0.59644	0.21374	0.01893	0.00795	0.00247	0.00356	0.01688	0.00589	0.00520
3	0.00811	0.00623	0.00689	0.00705	0.00834	0.00559	0.00485	0.00939	0.01319	0.01666	0.11803	0.15698	0.38950	0.20494	0.01373	0.00318	0.00399	0.01283	0.00550	0.00502
4	0.01015	0.00786	0.00945	0.00857	0.01084	0.00665	0.00600	0.01163	0.01180	0.01692	0.02228	0.30387	0.02494	0.20183	0.01281	0.00284	0.00468	0.01044	0.00458	0.31184
5	0.01452	0.01203	0.01776	0.01450	0.01798	0.01282	0.15870	0.10280	0.19612	0.04175	0.04809	0.02253	0.01666	0.01819	0.20417	0.00418	0.00938	0.00702	0.07262	0.00816
6	0.00871	0.00657	0.00811	0.00801	0.00969	0.00597	0.00620	0.01129	0.01650	0.02218	0.44767	0.05452	0.25309	0.01447	0.00765	0.00216	0.00343	0.10145	0.00652	0.00578
7	0.01521	0.01458	0.02487	0.13354	0.64668	0.01494	0.01923	0.01904	0.01421	0.02013	0.01185	0.01586	0.00984	0.00574	0.00629	0.00191	0.00766	0.00565	0.00310	0.00966
8	0.01360	0.01092	0.01221	0.01132	0.01402	0.01254	0.00878	0.02568	0.45529	0.02323	0.02296	0.02398	0.01809	0.01811	0.19099	0.00406	0.00772	0.00691	0.11115	0.00842
9	0.01282	0.08275	0.50737	0.01452	0.02164	0.01333	0.01778	0.01869	0.01333	0.02058	0.01350	0.01569	0.01008	0.00632	0.00548	0.00183	0.00759	0.00489	0.20338	0.00842

[dist]
# distance from previous block
# <min> <max>
0	20

[block]
# block no. 7 follows, 35 sequences, length 80
# corresponding to MSA columns:
# 550-629
name=unknown_H
#
# <colnr> <probs for GDERKNQSTAVLIFYWHMCP>
#	G	D	E	R	K	N	Q	S	T	A	V	L	I	F	Y	W	H	M	C	P
0	0.00782	0.00565	0.00740	0.00863	0.00919	0.00523	0.00584	0.00910	0.01273	0.01698	0.09222	0.67624	0.08127	0.01912	0.00802	0.00251	0.00360	0.01726	0.00598	0.00523
1	0.02755	0.07210	0.01620	0.01125	0.01620	0.01058	0.00945	0.02997	0.01774	0.68400	0.02374	0.02068	0.01510	0.00766	0.00620	0.00191	0.00551	0.00614	0.00744	0.01058
2	0.00911	0.00610	0.00695	0.00707	0.00710	0.00607	0.00401	0.00919	0.00946	0.01261	0.02118	0.09974	0.02457	0.71678	0.03036	0.00587	0.00595	0.00993	0.00401	0.00395
3	0.01162	0.01089	0.01802	0.70167	0.04090	0.01340	0.01660	0.01564	0.01283	0.01628	0.01549	0.02043	0.06629	0.00712	0.00643	0.00212	0.00804	0.00625	0.00306	0.00691
4	0.01228	0.01146	0.01865	0.70219	0.04153	0.01423	0.01701	0.01760	0.06947	0.01703	0.01243	0.01745	0.00933	0.00652	0.00635	0.00212	0.00818	0.00576	0.00311	0.00729
5	0.01165	0.01075	0.01777	0.68384	0.03993	0.01326	0.01622	0.01548	0.01245	0.01592	0.01322	0.01992	0.02680	0.06792	0.00844	0.00244	0.00815	0.00611	0.00297	0.00675
6	0.01625	0.01478	0.01449	0.01307	0.01658	0.07412	0.01012	0.03252	0.65265	0.02563	0.04156	0.02326	0.01945	0.00855	0.00642	0.00211	0.00548	0.00703	0.00621	0.00973
7	0.01264	0.06510	0.65280	0.01686	0.02531	0.01453	0.02130	0.01918	0.01304	0.01923	0.01195	0.01548	0.00924	0.06738	0.00803	0.00231	0.00900	0.00499	0.00277	0.00888
8	0.01517	0.01441	0.02451	0.03665	0.67967	0.01450	0.01855	0.01882	0.01411	0.02025	0.01234	0.01644	0.01051	0.00899	0.06564	0.00255	0.00829	0.00574	0.00316	0.00970
9	0.01001	0.00723	0.00992	0.01126	0.01278	0.00715	0.00979	0.01282	0.01459	0.01884	0.03603	0.07072	0.09211	0.01741	0.00866	0.00286	0.00563	0.64054	0.00585	0.00580
10	0.01450	0.01627	0.03513	0.02524	0.03127	0.01524	0.65804	0.01966	0.01521	0.02073	0.07025	0.01952	0.01362	0.00595	0.00749	0.00213	0.01008	0.00780	0.00351	0.00835
11	0.01578	0.01363	0.01434	0.01291	0.01650	0.01578	0.01004	0.03371	0.72602	0.02654	0.02582	0.02367	0.01937	0.00861	0.00646	0.00215	0.00502	0.00717	0.00646	0.01004
12	0.01198	0.01128	0.01903	0.76180	0.04369	0.01409	0.01762	0.01621	0.01268	0.01621	0.01128	0.01691	0.00846	0.00634	0.00634	0.00211	0.00846	0.00564	0.00282	0.00705
13	0.01570	0.01507	0.02575	0.03894	0.73748	0.01507	0.01947	0.01947	0.01444	0.02073	0.01193	0.01570	0.01005	0.00565	0.00628	0.00188	0.00754	0.00565	0.00314	0.01005
14	0.02182	0.02717	0.01796	0.01618	0.01891	0.62100	0.01235	0.02341	0.01661	0.01552	0.01073	0.01288	0.02362	0.00746	0.00812	0.00182	0.12945	0.00451	0.00325	0.00725
15	0.01198	0.01128	0.01903	0.76180	0.04369	0.01409	0.01762	0.01621	0.01268	0.01621	0.01128	0.01691	0.00846	0.00634	0.00634	0.00211	0.00846	0.00564	0.00282	0.00705
16	0.01570	0.01507	0.02575	0.03894	0.73748	0.01507	0.01947	0.01947	0.01444	0.02073	0.01193	0.01570	0.01005	0.00565	0.00628	0.00188	0.00754	0.00565	0.00314	0.01005
17	0.02372	0.02966	0.01803	0.01626	0.01961	0.71792	0.01225	0.05711	0.01852	0.01665	0.01006	0.01161	0.00829	0.00659	0.00575	0.00165	0.01124	0.00416	0.00341	0.00751
18	0.01696	0.78087	0.03324	0.01085	0.01628	0.02510	0.01085	0.01900	0.01289	0.01493	0.00882	0.01018	0.00814	0.00543	0.00407	0.00136	0.00678	0.00339	0.00271	0.00814
19	0.01272	0.03281	0.74418	0.01808	0.02746	0.01473	0.02344	0.02009	0.01339	0.02009	0.01138	0.01339	0.00804	0.00603	0.00603	0.00201	0.00938	0.00469	0.00268	0.00938
20	0.02080	0.01381	0.01546	0.01287	0.01711	0.01500	0.01030	0.18166	0.39551	0.21025	0.02331	0.02131	0.01657	0.00820	0.00641	0.00205	0.00554	0.00665	0.00678	0.01039
21	0.02412	0.01777	0.01904	0.01460	0.01967	0.01967	0.01206	0.71633	0.02983	0.03998	0.01523	0.01523	0.01079	0.00762	0.00635	0.00190	0.00698	0.00571	0.00635	0.01079
22	0.00906	0.00680	0.01020	0.01020	0.01133	0.00793	0.00793	0.01133	0.01020	0.01473	0.01699	0.02492	0.01586	0.04758	0.75191	0.01020	0.01699	0.00680	0.00340	0.00566
23	0.01272	0.03281	0.74418	0.01808	0.02746	0.01473	0.02344	0.02009	0.01339	0.02009	0.01138	0.01339	0.00804	0.00603	0.00603	0.00201	0.00938	0.00469	0.00268	0.00938
24	0.01570	0.01507	0.02575	0.03894	0.73748	0.01507	0.01947	0.01947	0.01444	0.02073	0.01193	0.01570	0.01005	0.00565	0.00628	0.00188	0.00754	0.00565	0.00314	0.01005
25	0.01022	0.00730	0.01022	0.01168	0.01314	0.00730	0.01022	0.01314	0.01460	0.01899	0.03359	0.07156	0.03651	0.01752	0.00876	0.00292	0.00584	0.69478	0.00584	0.00584
26	0.00783	0.00559	0.00745	0.00877	0.00922	0.00522	0.00590	0.00907	0.01259	0.01691	0.08879	0.71705	0.04334	0.01934	0.00805	0.00253	0.00363	0.01753	0.00597	0.00522
27	0.01570	0.01507	0.02575	0.03894	0.73748	0.01507	0.01947	0.01947	0.01444	0.02073	0.01193	0.01570	0.01005	0.00565	0.00628	0.00188	0.00754	0.00565	0.00314	0.01005
28	0.00773	0.00552	0.00736	0.00883	0.00920	0.00515	0.00589	0.00883	0.01215	0.01619	0.03497	0.77291	0.04196	0.01987	0.00810	0.00258	0.00368	0.01803	0.00589	0.00515
29	0.01198	0.01128	0.01903	0.76180	0.04369	0.01409	0.01762	0.01621	0.01268	0.01621	0.01128	0.01691	0.00846	0.00634	0.00634	0.00211	0.00846	0.00564	0.00282	0.00705
30	0.01198	0.01128	0.01903	0.76180	0.04369	0.01409	0.01762	0.01621	0.01268	0.01621	0.01128	0.01691	0.00846	0.00634	0.00634	0.00211	0.00846	0.00564	0.00282	0.00705
31	0.01675	0.74343	0.06883	0.01122	0.01684	0.02458	0.01148	0.01905	0.01292	0.01518	0.00895	0.01034	0.00814	0.00546	0.00417	0.00139	0.00691	0.00346	0.00271	0.00820
32	0.00773	0.00552	0.00736	0.00883	0.00920	0.00515	0.00589	0.00883	0.01215	0.01619	0.03497	0.77291	0.04196	0.01987	0.00810	0.00258	0.00368	0.01803	0.00589	0.00515
33	0.02010	0.01437	0.01938	0.01503	0.01933	0.01517	0.12271	0.35096	0.02151	0.13146	0.01711	0.04191	0.01327	0.03893	0.08581	0.00300	0.03141	0.00671	0.02257	0.00926
34	0.01198	0.01128	0.01903	0.76180	0.04369	0.01409	0.01762	0.01621	0.01268	0.01621	0.01128	0.01691	0.00846	0.00634	0.00634	0.00211	0.00846	0.00564	0.00282	0.00705
35	0.02815	0.01087	0.01471	0.01133	0.01620	0.00949	0.00934	0.03099	0.03583	0.72401	0.02505	0.02164	0.01580	0.00787	0.00638	0.00197	0.00539	0.00640	0.00782	0.01078
36	0.00996	0.00763	0.00930	0.00907	0.01073	0.00765	0.00671	0.01535	0.15142	0.02341	0.42850	0.20251	0.06560	0.01373	0.00742	0.00216	0.00354	0.01214	0.00661	0.00656
37	0.01637	0.01508	0.04313	0.01654	0.08014	0.01606	0.06574	0.09413	0.52100	0.02658	0.02215	0.02134	0.01663	0.00792	0.00649	0.00210	0.00601	0.00684	0.00578	0.00997
38	0.00778	0.00570	0.00731	0.00847	0.00914	0.00523	0.00576	0.00907	0.01281	0.01690	0.08334	0.63649	0.13078	0.01895	0.00798	0.00248	0.00358	0.01703	0.00596	0.00523
39	0.00773	0.00552	0.00736	0.00883	0.00920	0.00515	0.00589	0.00883	0.01215	0.01619	0.03497	0.77291	0.04196	0.01987	0.00810	0.00258	0.00368	0.01803	0.00589	0.00515
40	0.01310	0.09893	0.68135	0.01744	0.02647	0.01565	0.02233	0.01999	0.01335	0.01963	0.01116	0.01311	0.00805	0.00597	0.00585	0.00195	0.00915	0.00457	0.00268	0.00927
41	0.00905	0.00649	0.00879	0.01017	0.01115	0.00629	0.00803	0.01108	0.01342	0.01757	0.03490	0.36717	0.06310	0.03820	0.00905	0.00283	0.00484	0.36659	0.00581	0.00548
42	0.00886	0.00648	0.00832	0.00786	0.00941	0.00594	0.00589	0.01175	0.01768	0.02479	0.68181	0.04845	0.11258	0.01321	0.00748	0.00201	0.00301	0.01162	0.00690	0.00594
43	0.01730	0.01423	0.02377	0.07864	0.59276	0.01419	0.01791	0.02090	0.01487	0.12326	0.01376	0.01661	0.01076	0.00601	0.00630	0.00191	0.00729	0.00576	0.00379	0.00997
44	0.01234	0.01140	0.01881	0.66441	0.08413	0.01393	0.01700	0.01697	0.03784	0.01711	0.01216	0.01731	0.00921	0.00642	0.00628	0.00208	0.00809	0.00570	0.03151	0.00730
45	0.01198	0.01128	0.01903	0.76180	0.04369	0.01409	0.01762	0.01621	0.01268	0.01621	0.01128	0.01691	0.00846	0.00634	0.00634	0.00211	0.00846	0.00564	0.00282	0.00705
46	0.01272	0.03281	0.74418	0.01808	0.02746	0.01473	0.02344	0.02009	0.01339	0.02009	0.01138	0.01339	0.00804	0.00603	0.00603	0.00201	0.00938	0.00469	0.00268	0.00938
47	0.01543	0.01678	0.09250	0.13725	0.49007	0.04091	0.01867	0.04153	0.04742	0.02070	0.01245	0.01586	0.01001	0.00601	0.00626	0.00193	0.00785	0.00557	0.00331	0.00948
48	0.01569	0.01025	0.01191	0.01084	0.01392	0.01059	0.00853	0.02406	0.29798	0.18000	0.03379	0.10389	0.14967	0.01259	0.02617	0.00242	0.00503	0.06776	0.00648	0.00844
49	0.01570	0.01507	0.02575	0.03894	0.73748	0.01507	0.01947	0.01947	0.01444	0.02073	0.01193	0.01570	0.01005	0.00565	0.00628	0.00188	0.00754	0.00565	0.00314	0.01005
50	0.01247	0.01178	0.01991	0.66663	0.13504	0.01422	0.01786	0.01664	0.01292	0.01680	0.01136	0.01675	0.00867	0.00625	0.00633	0.00208	0.00834	0.00564	0.00286	0.00744
51	0.01364	0.19460	0.59042	0.01652	0.02504	0.01698	0.02072	0.01985	0.01328	0.01897	0.01083	0.01270	0.00806	0.00590	0.00560	0.00187	0.00882	0.00441	0.00269	0.00911
52	0.01166	0.05264	0.01707	0.01408	0.01530	0.01356	0.07822	0.01355	0.01112	0.01588	0.01737	0.21549	0.01866	0.01920	0.14868	0.00394	0.31426	0.00913	0.00375	0.00646
