[name]
unknown

[dist]
# distance from previous block
# <min> <max>
4	277

[block]
# block no. 0 follows, 33 sequences, length 17
# corresponding to MSA columns:
# 324-340
name=unknown_A
#
# <colnr> <probs for GDERKNQSTAVLIFYWHMCP>
#	G	D	E	R	K	N	Q	S	T	A	V	L	I	F	Y	W	H	M	C	P
0	0.01478	0.06227	0.31413	0.02206	0.11640	0.01557	0.18547	0.06136	0.01535	0.02171	0.01403	0.06669	0.01167	0.00703	0.00666	0.00205	0.00891	0.00660	0.00349	0.04378
1	0.02068	0.05613	0.02022	0.01770	0.10044	0.09568	0.01299	0.31968	0.10983	0.02948	0.01485	0.01600	0.01144	0.00775	0.00785	0.00198	0.08519	0.00566	0.00513	0.06131
2	0.00942	0.00699	0.01027	0.01027	0.01134	0.00806	0.00784	0.01156	0.01049	0.01505	0.01792	0.02742	0.01714	0.11454	0.67831	0.01020	0.01661	0.00728	0.00357	0.00571
3	0.01534	0.14538	0.50939	0.01776	0.02608	0.06356	0.05520	0.05673	0.01509	0.02081	0.01159	0.01355	0.00860	0.00624	0.00602	0.00196	0.00939	0.00482	0.00305	0.00943
4	0.01710	0.15926	0.06475	0.01615	0.06796	0.04261	0.09903	0.04763	0.10516	0.11554	0.01926	0.02097	0.05010	0.01436	0.12779	0.00337	0.00908	0.00646	0.00457	0.00884
5	0.00961	0.00869	0.05390	0.01035	0.01225	0.00748	0.03772	0.01210	0.01349	0.01867	0.11978	0.21304	0.11872	0.06114	0.17972	0.00446	0.00777	0.05204	0.05303	0.00605
6	0.00826	0.00597	0.00787	0.00931	0.00991	0.00558	0.00649	0.00962	0.01300	0.01715	0.03796	0.65434	0.08374	0.02015	0.00843	0.00268	0.00401	0.08398	0.00611	0.00543
7	0.01523	0.06100	0.27734	0.06221	0.09743	0.12659	0.02918	0.04108	0.01510	0.01996	0.01696	0.05919	0.05685	0.00806	0.00687	0.00202	0.03638	0.00640	0.05367	0.00848
8	0.01898	0.01898	0.06848	0.07377	0.31316	0.11429	0.05260	0.13803	0.06203	0.05480	0.01412	0.01640	0.01089	0.00668	0.00652	0.00198	0.00837	0.00582	0.00422	0.00989
9	0.02601	0.01782	0.01866	0.01451	0.01959	0.07493	0.01189	0.49965	0.02724	0.19573	0.01766	0.01699	0.01214	0.00787	0.00654	0.00197	0.00724	0.00595	0.00669	0.01092
10	0.01353	0.01182	0.05924	0.01414	0.09625	0.01004	0.01016	0.03508	0.10193	0.06792	0.12675	0.19127	0.04239	0.01094	0.00682	0.00198	0.00514	0.00959	0.00548	0.17953
11	0.37511	0.01922	0.21529	0.01257	0.01836	0.01505	0.01283	0.13294	0.01578	0.05749	0.01537	0.01628	0.05423	0.00720	0.00544	0.00205	0.00666	0.00510	0.00442	0.00860
12	0.00948	0.00634	0.00721	0.00730	0.00733	0.00632	0.00412	0.00955	0.00976	0.01302	0.02172	0.08821	0.02516	0.72183	0.03194	0.00615	0.00622	0.01015	0.00412	0.00407
13	0.02032	0.02718	0.15759	0.01675	0.02132	0.43532	0.05790	0.02333	0.01671	0.05453	0.01354	0.05637	0.01174	0.04964	0.00781	0.00214	0.01033	0.00580	0.00370	0.00798
14	0.02344	0.15372	0.02127	0.01602	0.01978	0.62400	0.01248	0.02520	0.01778	0.01601	0.01001	0.01166	0.00847	0.00659	0.00565	0.00165	0.01107	0.00412	0.00330	0.00777
15	0.01365	0.01170	0.01365	0.00975	0.01560	0.00878	0.00780	0.01658	0.01365	0.02145	0.01170	0.01365	0.00975	0.00488	0.00488	0.00098	0.00488	0.00390	0.00390	0.80888
16	0.11077	0.02587	0.01888	0.06364	0.02183	0.49490	0.04728	0.10333	0.01875	0.02083	0.01097	0.01286	0.00874	0.00676	0.00594	0.00182	0.01035	0.00464	0.00380	0.00803

[dist]
# distance from previous block
# <min> <max>
0	1

[block]
# block no. 1 follows, 33 sequences, length 13
# corresponding to MSA columns:
# 342-354
name=unknown_B
#
# <colnr> <probs for GDERKNQSTAVLIFYWHMCP>
#	G	D	E	R	K	N	Q	S	T	A	V	L	I	F	Y	W	H	M	C	P
0	0.01015	0.00804	0.00921	0.00897	0.01111	0.00806	0.00694	0.01520	0.13447	0.02095	0.15408	0.04775	0.31354	0.01917	0.11333	0.00342	0.00584	0.05544	0.04771	0.00660
1	0.06708	0.12987	0.15348	0.02302	0.19646	0.09257	0.11833	0.07505	0.04383	0.02220	0.01237	0.01474	0.00974	0.00625	0.00613	0.00193	0.00864	0.00539	0.00358	0.00935
2	0.01126	0.00953	0.01218	0.01154	0.01314	0.04756	0.03125	0.03641	0.03910	0.01790	0.06557	0.10892	0.05897	0.05690	0.37874	0.00663	0.05343	0.03016	0.00443	0.00637
3	0.00802	0.00573	0.00764	0.00917	0.00955	0.00535	0.00611	0.00917	0.01260	0.01681	0.03628	0.76434	0.04354	0.02062	0.00840	0.00267	0.00382	0.01872	0.00611	0.00535
4	0.04240	0.01157	0.01370	0.01170	0.01503	0.01213	0.00934	0.21105	0.05871	0.18287	0.02190	0.06498	0.01840	0.07324	0.12157	0.00374	0.00771	0.05476	0.05651	0.00869
5	0.08457	0.15201	0.16475	0.01592	0.02178	0.06496	0.13667	0.10046	0.04431	0.04892	0.01860	0.01972	0.08447	0.00750	0.00619	0.00197	0.00796	0.00623	0.00418	0.00881
6	0.01211	0.01339	0.11387	0.01565	0.05786	0.01081	0.10407	0.06727	0.01542	0.02097	0.06072	0.26169	0.07551	0.01359	0.00824	0.00243	0.03161	0.10230	0.00510	0.00737
7	0.01322	0.01126	0.01118	0.01145	0.01329	0.12435	0.00888	0.01625	0.05220	0.05990	0.11243	0.25188	0.06026	0.01540	0.00792	0.00248	0.00583	0.20924	0.00594	0.00663
8	0.77005	0.01306	0.01025	0.00903	0.01317	0.01509	0.00744	0.05851	0.01233	0.03022	0.00955	0.01099	0.00736	0.00621	0.00422	0.00203	0.00522	0.00370	0.00422	0.00736
9	0.00803	0.00603	0.00745	0.00847	0.00939	0.00545	0.00583	0.00941	0.01355	0.01757	0.08113	0.54466	0.22070	0.01922	0.00821	0.00252	0.00366	0.01710	0.00617	0.00545
10	0.24948	0.14347	0.02088	0.01494	0.05196	0.08319	0.09039	0.09619	0.01600	0.07709	0.04914	0.01549	0.01204	0.00703	0.00638	0.00196	0.04629	0.00525	0.00436	0.00846
11	0.07388	0.05425	0.02048	0.01685	0.05756	0.20865	0.12856	0.04616	0.03743	0.04750	0.06415	0.02043	0.05115	0.03267	0.00808	0.00207	0.05095	0.00636	0.00423	0.06861
12	0.01740	0.06521	0.15637	0.01752	0.07405	0.22552	0.01487	0.06585	0.04240	0.01979	0.01496	0.04305	0.01350	0.01098	0.04761	0.00257	0.08670	0.06950	0.00386	0.00828

[dist]
# distance from previous block
# <min> <max>
7	9

[block]
# block no. 2 follows, 33 sequences, length 18
# corresponding to MSA columns:
# 467-484
name=unknown_C
#
# <colnr> <probs for GDERKNQSTAVLIFYWHMCP>
#	G	D	E	R	K	N	Q	S	T	A	V	L	I	F	Y	W	H	M	C	P
0	0.01413	0.01344	0.02282	0.43886	0.34600	0.01507	0.01913	0.01831	0.01397	0.01889	0.01200	0.01700	0.00950	0.00627	0.00655	0.00209	0.00835	0.00586	0.00307	0.00869
1	0.40564	0.01676	0.14158	0.01155	0.01610	0.04190	0.01091	0.05894	0.01367	0.06450	0.03190	0.01623	0.01124	0.05931	0.00782	0.00235	0.04271	0.00497	0.03413	0.00780
2	0.22598	0.01398	0.04611	0.32671	0.17012	0.01518	0.04902	0.01849	0.01305	0.02144	0.01114	0.01525	0.00871	0.00642	0.00646	0.00213	0.03317	0.00530	0.00331	0.00805
3	0.00956	0.00643	0.00740	0.00740	0.00748	0.00650	0.00427	0.00972	0.00964	0.01293	0.02054	0.04196	0.02345	0.72166	0.07982	0.00666	0.00712	0.00941	0.00396	0.00411
4	0.08939	0.01213	0.01440	0.01056	0.01618	0.01001	0.02895	0.03973	0.01457	0.09850	0.01316	0.01450	0.01026	0.00545	0.00513	0.00125	0.00523	0.00434	0.00443	0.60182
5	0.01698	0.04512	0.20135	0.07938	0.02452	0.01521	0.08983	0.15275	0.07480	0.06799	0.01590	0.01937	0.01227	0.00727	0.00646	0.00198	0.00777	0.04080	0.00455	0.11569
6	0.01995	0.10221	0.14452	0.01734	0.02334	0.15529	0.14470	0.14147	0.01848	0.09167	0.01355	0.01502	0.01006	0.00652	0.00625	0.00186	0.00892	0.00543	0.00427	0.06915
7	0.01351	0.08619	0.68511	0.01823	0.02767	0.01605	0.02340	0.02077	0.01386	0.02047	0.01163	0.01366	0.00835	0.00621	0.00611	0.00204	0.00954	0.00477	0.00278	0.00964
8	0.01010	0.00781	0.01034	0.01028	0.01144	0.03411	0.00782	0.01225	0.01093	0.01554	0.01784	0.02688	0.01688	0.11189	0.61483	0.00943	0.01568	0.00714	0.04302	0.00578
9	0.02918	0.01178	0.01563	0.01199	0.01709	0.01053	0.00990	0.08549	0.01980	0.67737	0.02517	0.02188	0.01589	0.00813	0.00662	0.00203	0.00573	0.00657	0.00802	0.01120
10	0.11616	0.10020	0.02133	0.01882	0.14911	0.03357	0.07163	0.15301	0.09806	0.09762	0.01690	0.05130	0.01366	0.00777	0.00624	0.00202	0.00693	0.02117	0.00503	0.00951
11	0.01346	0.07661	0.69419	0.01833	0.02782	0.01591	0.02357	0.02078	0.01387	0.02054	0.01166	0.01371	0.00835	0.00622	0.00614	0.00205	0.00957	0.00479	0.00278	0.00966
12	0.00802	0.00573	0.00764	0.00917	0.00955	0.00535	0.00611	0.00917	0.01260	0.01681	0.03628	0.76434	0.04354	0.02062	0.00840	0.00267	0.00382	0.01872	0.00611	0.00535
13	0.01243	0.01170	0.01975	0.75282	0.04534	0.01463	0.01828	0.01682	0.01316	0.01682	0.01170	0.01755	0.00878	0.00658	0.00658	0.00219	0.00878	0.00585	0.00293	0.00731
14	0.01747	0.01962	0.03242	0.05981	0.03086	0.15207	0.48332	0.02193	0.01583	0.04251	0.01282	0.01662	0.00978	0.00622	0.00805	0.00215	0.04963	0.00688	0.00345	0.00856
15	0.01774	0.01246	0.01615	0.01527	0.08824	0.04903	0.06262	0.08623	0.07533	0.18502	0.14140	0.06375	0.11554	0.01051	0.00716	0.00212	0.00593	0.03056	0.00621	0.00874
16	0.08901	0.01730	0.03617	0.02599	0.03241	0.01648	0.63966	0.02093	0.01514	0.02186	0.01294	0.01711	0.00973	0.00560	0.00743	0.00220	0.01055	0.00738	0.00340	0.00872
17	0.02742	0.01292	0.01613	0.08032	0.01984	0.05850	0.01081	0.06345	0.01890	0.58565	0.02313	0.02095	0.01484	0.00790	0.00657	0.00203	0.00638	0.00636	0.00728	0.01061

[dist]
# distance from previous block
# <min> <max>
0	9

[block]
# block no. 3 follows, 33 sequences, length 119
# corresponding to MSA columns:
# 494-612
name=unknown_D
#
# <colnr> <probs for GDERKNQSTAVLIFYWHMCP>
#	G	D	E	R	K	N	Q	S	T	A	V	L	I	F	Y	W	H	M	C	P
0	0.01472	0.28087	0.45741	0.04000	0.02530	0.01892	0.03846	0.02034	0.01375	0.01893	0.01096	0.01300	0.00844	0.00604	0.00563	0.00186	0.00883	0.00452	0.00281	0.00920
1	0.78983	0.01291	0.01000	0.00887	0.01298	0.01495	0.00730	0.04133	0.01184	0.02992	0.00938	0.01086	0.00726	0.00617	0.00415	0.00204	0.00516	0.00364	0.00415	0.00726
2	0.00778	0.00667	0.00667	0.00667	0.00889	0.00556	0.00500	0.00945	0.01501	0.01778	0.06669	0.06336	0.72490	0.01667	0.00778	0.00222	0.00333	0.01389	0.00611	0.00556
3	0.01635	0.26817	0.41051	0.01545	0.02317	0.01823	0.01814	0.02215	0.04178	0.08957	0.01294	0.01409	0.00962	0.00635	0.00566	0.00187	0.00828	0.00471	0.00348	0.00949
4	0.01402	0.01384	0.01943	0.01677	0.01686	0.01925	0.01393	0.01553	0.01012	0.01580	0.00933	0.01528	0.00924	0.01441	0.07668	0.00347	0.70014	0.00586	0.00293	0.00710
5	0.00957	0.00638	0.00718	0.00718	0.00718	0.00638	0.00399	0.00957	0.00957	0.01276	0.02074	0.04308	0.02393	0.76864	0.03351	0.00638	0.00638	0.00957	0.00399	0.00399
6	0.01629	0.01564	0.02672	0.04041	0.72757	0.01564	0.02020	0.02020	0.01499	0.02151	0.01238	0.01629	0.01043	0.00587	0.00652	0.00196	0.00782	0.00587	0.00326	0.01043
7	0.05534	0.01775	0.11376	0.01333	0.01852	0.12395	0.01197	0.08338	0.01869	0.38563	0.04795	0.02121	0.04242	0.00811	0.00645	0.00199	0.00707	0.00632	0.00628	0.00989
8	0.76120	0.01400	0.01029	0.00922	0.01325	0.06440	0.00751	0.01983	0.01171	0.02862	0.00924	0.01077	0.00722	0.00616	0.00420	0.00201	0.00556	0.00361	0.00403	0.00716
9	0.01369	0.01380	0.02388	0.54183	0.08417	0.03988	0.15267	0.01819	0.01393	0.01792	0.01201	0.01732	0.00910	0.00634	0.00679	0.00217	0.00928	0.00617	0.00304	0.00782
10	0.01454	0.01480	0.02240	0.01854	0.01933	0.01974	0.09697	0.01647	0.01074	0.01647	0.00920	0.01480	0.00880	0.01081	0.01995	0.00280	0.66729	0.00600	0.00293	0.00740
11	0.01820	0.01349	0.01501	0.01245	0.01617	0.01462	0.00993	0.31196	0.17967	0.05566	0.24560	0.02867	0.02967	0.00992	0.00699	0.00207	0.00541	0.00820	0.00687	0.00943
12	0.01320	0.03405	0.73453	0.01876	0.02849	0.01529	0.02432	0.02085	0.01390	0.02085	0.01181	0.01390	0.00834	0.00625	0.00625	0.00208	0.00973	0.00486	0.00278	0.00973
13	0.02954	0.01120	0.01528	0.01171	0.01681	0.00968	0.00968	0.03208	0.01884	0.73213	0.02597	0.02241	0.01630	0.00815	0.00662	0.00204	0.00560	0.00662	0.00815	0.01120
14	0.00957	0.00638	0.00718	0.00718	0.00718	0.00638	0.00399	0.00957	0.00957	0.01276	0.02074	0.04308	0.02393	0.76864	0.03351	0.00638	0.00638	0.00957	0.00399	0.00399
15	0.01554	0.01776	0.03885	0.02775	0.03441	0.01665	0.70366	0.02109	0.01554	0.02109	0.01332	0.01776	0.00999	0.00555	0.00777	0.00222	0.01110	0.00777	0.00333	0.00888
16	0.01227	0.00614	0.00614	0.00614	0.00767	0.00614	0.00460	0.01534	0.01381	0.02454	0.02148	0.02454	0.01687	0.00767	0.00460	0.00153	0.00307	0.00614	0.80518	0.00614
17	0.00802	0.00573	0.00764	0.00917	0.00955	0.00535	0.00611	0.00917	0.01260	0.01681	0.03628	0.76434	0.04354	0.02062	0.00840	0.00267	0.00382	0.01872	0.00611	0.00535
18	0.02459	0.03138	0.01866	0.01696	0.02035	0.74221	0.01272	0.02629	0.01866	0.01611	0.01018	0.01187	0.00848	0.00678	0.00594	0.00170	0.01187	0.00424	0.00339	0.00763
19	0.01599	0.01533	0.02618	0.09601	0.67433	0.01556	0.02005	0.01994	0.01485	0.02114	0.01233	0.01639	0.01030	0.00592	0.00652	0.00197	0.00790	0.00586	0.00323	0.01018
20	0.02954	0.01120	0.01528	0.01171	0.01681	0.00968	0.00968	0.03208	0.01884	0.73213	0.02597	0.02241	0.01630	0.00815	0.00662	0.00204	0.00560	0.00662	0.00815	0.01120
21	0.00802	0.00573	0.00764	0.00917	0.00955	0.00535	0.00611	0.00917	0.01260	0.01681	0.03628	0.76434	0.04354	0.02062	0.00840	0.00267	0.00382	0.01872	0.00611	0.00535
22	0.02201	0.02239	0.01829	0.01565	0.01972	0.31315	0.02828	0.21003	0.23251	0.02645	0.01677	0.01690	0.01275	0.00770	0.00638	0.00195	0.00861	0.00574	0.00524	0.00945
23	0.00825	0.00671	0.00731	0.00723	0.00926	0.00578	0.00546	0.01031	0.01592	0.02000	0.23123	0.06009	0.53921	0.01591	0.00781	0.00221	0.00335	0.03184	0.00640	0.00574
24	0.01760	0.77260	0.03450	0.01126	0.01690	0.02605	0.01126	0.01971	0.01338	0.01549	0.00915	0.01056	0.00845	0.00563	0.00422	0.00141	0.00704	0.00352	0.00282	0.00845
25	0.01495	0.01201	0.01427	0.03930	0.01707	0.00963	0.00854	0.05153	0.01475	0.05713	0.01260	0.01434	0.01011	0.00525	0.00511	0.00112	0.00518	0.00421	0.00420	0.69869
26	0.01345	0.01310	0.02046	0.63858	0.11894	0.05043	0.01822	0.01766	0.01363	0.01730	0.01170	0.01713	0.00894	0.00651	0.00654	0.00214	0.00882	0.00577	0.00298	0.00767
27	0.02459	0.03138	0.01866	0.01696	0.02035	0.74221	0.01272	0.02629	0.01866	0.01611	0.01018	0.01187	0.00848	0.00678	0.00594	0.00170	0.01187	0.00424	0.00339	0.00763
28	0.00915	0.00672	0.00856	0.00810	0.00973	0.00614	0.00608	0.01210	0.01823	0.02545	0.65159	0.05074	0.13522	0.01381	0.00777	0.00209	0.00313	0.01212	0.00712	0.00614
29	0.01320	0.03405	0.73453	0.01876	0.02849	0.01529	0.02432	0.02085	0.01390	0.02085	0.01181	0.01390	0.00834	0.00625	0.00625	0.00208	0.00973	0.00486	0.00278	0.00973
30	0.74509	0.01260	0.01018	0.00893	0.01309	0.01431	0.00736	0.02049	0.01188	0.09219	0.01067	0.01174	0.00795	0.00629	0.00430	0.00204	0.00514	0.00384	0.00444	0.00749
31	0.00802	0.00573	0.00764	0.00917	0.00955	0.00535	0.00611	0.00917	0.01260	0.01681	0.03628	0.76434	0.04354	0.02062	0.00840	0.00267	0.00382	0.01872	0.00611	0.00535
32	0.00932	0.00673	0.00880	0.00828	0.00984	0.00621	0.00621	0.01242	0.01863	0.02640	0.72410	0.04918	0.06212	0.01346	0.00776	0.00207	0.00311	0.01191	0.00725	0.00621
33	0.02954	0.01120	0.01528	0.01171	0.01681	0.00968	0.00968	0.03208	0.01884	0.73213	0.02597	0.02241	0.01630	0.00815	0.00662	0.00204	0.00560	0.00662	0.00815	0.01120
34	0.01243	0.01170	0.01975	0.75282	0.04534	0.01463	0.01828	0.01682	0.01316	0.01682	0.01170	0.01755	0.00878	0.00658	0.00658	0.00219	0.00878	0.00585	0.00293	0.00731
35	0.81514	0.01273	0.00968	0.00866	0.01273	0.01477	0.00713	0.01935	0.01120	0.02954	0.00917	0.01069	0.00713	0.00611	0.00407	0.00204	0.00509	0.00356	0.00407	0.00713
36	0.02954	0.01120	0.01528	0.01171	0.01681	0.00968	0.00968	0.03208	0.01884	0.73213	0.02597	0.02241	0.01630	0.00815	0.00662	0.00204	0.00560	0.00662	0.00815	0.01120
37	0.00802	0.00573	0.00764	0.00917	0.00955	0.00535	0.00611	0.00917	0.01260	0.01681	0.03628	0.76434	0.04354	0.02062	0.00840	0.00267	0.00382	0.01872	0.00611	0.00535
38	0.00986	0.00769	0.01048	0.01044	0.01156	0.02931	0.00795	0.01197	0.01072	0.01506	0.01772	0.02712	0.01695	0.11778	0.65257	0.00992	0.01638	0.00722	0.00357	0.00575
39	0.02954	0.01120	0.01528	0.01171	0.01681	0.00968	0.00968	0.03208	0.01884	0.73213	0.02597	0.02241	0.01630	0.00815	0.00662	0.00204	0.00560	0.00662	0.00815	0.01120
40	0.02459	0.03138	0.01866	0.01696	0.02035	0.74221	0.01272	0.02629	0.01866	0.01611	0.01018	0.01187	0.00848	0.00678	0.00594	0.00170	0.01187	0.00424	0.00339	0.00763
41	0.06130	0.01743	0.02000	0.10604	0.10114	0.04075	0.01380	0.49318	0.02572	0.03497	0.01444	0.01570	0.01054	0.00740	0.00643	0.00199	0.00753	0.00574	0.00556	0.01034
42	0.78129	0.01269	0.01010	0.04004	0.01411	0.01476	0.00760	0.01924	0.01129	0.02900	0.00927	0.01098	0.00720	0.00613	0.00418	0.00204	0.00525	0.00366	0.00403	0.00714
43	0.02376	0.01932	0.01895	0.01511	0.01995	0.10264	0.01224	0.53359	0.12563	0.03662	0.01670	0.01658	0.01213	0.00792	0.00653	0.00198	0.00749	0.00595	0.00624	0.01068
44	0.00957	0.00638	0.00718	0.00718	0.00718	0.00638	0.00399	0.00957	0.00957	0.01276	0.02074	0.04308	0.02393	0.76864	0.03351	0.00638	0.00638	0.00957	0.00399	0.00399
45	0.01451	0.01420	0.02441	0.04413	0.29911	0.03128	0.18507	0.04079	0.01491	0.02047	0.01798	0.18871	0.01780	0.00957	0.00800	0.00223	0.04496	0.00925	0.00402	0.00860
46	0.01629	0.01564	0.02672	0.04041	0.72757	0.01564	0.02020	0.02020	0.01499	0.02151	0.01238	0.01629	0.01043	0.00587	0.00652	0.00196	0.00782	0.00587	0.00326	0.01043
47	0.12364	0.01139	0.01461	0.01135	0.01632	0.01029	0.00937	0.03056	0.01793	0.64797	0.02396	0.02100	0.01520	0.00790	0.00632	0.00204	0.00554	0.00625	0.00766	0.01072
48	0.00811	0.00657	0.00721	0.00729	0.00916	0.00566	0.00537	0.01000	0.01544	0.01937	0.19298	0.14452	0.51229	0.01651	0.00785	0.00225	0.00335	0.01408	0.00634	0.00566
49	0.01505	0.23467	0.39836	0.01750	0.05070	0.01777	0.07509	0.02046	0.01432	0.04177	0.04700	0.01540	0.01150	0.00643	0.00591	0.00190	0.00857	0.00517	0.00324	0.00920
50	0.01760	0.77260	0.03450	0.01126	0.01690	0.02605	0.01126	0.01971	0.01338	0.01549	0.00915	0.01056	0.00845	0.00563	0.00422	0.00141	0.00704	0.00352	0.00282	0.00845
51	0.00957	0.00638	0.00718	0.00718	0.00718	0.00638	0.00399	0.00957	0.00957	0.01276	0.02074	0.04308	0.02393	0.76864	0.03351	0.00638	0.00638	0.00957	0.00399	0.00399
52	0.01342	0.07029	0.70019	0.01840	0.02792	0.01582	0.02368	0.02079	0.01387	0.02059	0.01168	0.01374	0.00834	0.00622	0.00615	0.00205	0.00960	0.00480	0.00278	0.00967
53	0.01879	0.01389	0.01776	0.01939	0.18067	0.01482	0.01272	0.08060	0.34105	0.14248	0.02305	0.02496	0.01776	0.00864	0.00680	0.00217	0.00609	0.05196	0.00609	0.01032
54	0.02898	0.01210	0.01583	0.01214	0.01725	0.01101	0.01003	0.11584	0.02035	0.64625	0.02471	0.02159	0.01566	0.00812	0.00662	0.00203	0.00581	0.00653	0.00795	0.01120
55	0.00825	0.00605	0.00810	0.00946	0.00983	0.00589	0.00642	0.00941	0.01251	0.01677	0.03527	0.73685	0.04226	0.02029	0.00889	0.00268	0.03142	0.01824	0.00599	0.00542
56	0.01571	0.01486	0.02465	0.03605	0.61531	0.01515	0.01865	0.02001	0.04131	0.02165	0.04363	0.02009	0.01393	0.00699	0.00728	0.00205	0.03749	0.03159	0.00365	0.00996
57	0.00803	0.00592	0.00753	0.00874	0.00946	0.00541	0.00594	0.00934	0.01322	0.01734	0.06804	0.62536	0.15213	0.01972	0.00828	0.00258	0.00371	0.01769	0.00616	0.00541
58	0.02459	0.03138	0.01866	0.01696	0.02035	0.74221	0.01272	0.02629	0.01866	0.01611	0.01018	0.01187	0.00848	0.00678	0.00594	0.00170	0.01187	0.00424	0.00339	0.00763
59	0.01705	0.01375	0.02048	0.01744	0.10485	0.01217	0.13771	0.06527	0.03983	0.10809	0.01457	0.01628	0.01111	0.00585	0.00599	0.00156	0.00662	0.00543	0.00450	0.39146
60	0.01979	0.02116	0.01623	0.01461	0.01778	0.35619	0.01121	0.11885	0.13035	0.02135	0.01604	0.04546	0.01358	0.01601	0.14814	0.00357	0.01097	0.00608	0.00450	0.00815
61	0.01440	0.01440	0.02016	0.01728	0.01728	0.02016	0.01440	0.01584	0.01008	0.01584	0.00864	0.01440	0.00864	0.01152	0.02160	0.00288	0.75659	0.00576	0.00288	0.00720
62	0.04477	0.01185	0.01919	0.01474	0.01922	0.01096	0.17812	0.02414	0.04985	0.32479	0.19999	0.02782	0.02630	0.00884	0.00712	0.00210	0.00627	0.00819	0.00655	0.00920
63	0.02459	0.03138	0.01866	0.01696	0.02035	0.74221	0.01272	0.02629	0.01866	0.01611	0.01018	0.01187	0.00848	0.00678	0.00594	0.00170	0.01187	0.00424	0.00339	0.00763
64	0.02954	0.01120	0.01528	0.01171	0.01681	0.00968	0.00968	0.03208	0.01884	0.73213	0.02597	0.02241	0.01630	0.00815	0.00662	0.00204	0.00560	0.00662	0.00815	0.01120
65	0.01262	0.01190	0.02009	0.71747	0.07919	0.01468	0.01838	0.01699	0.01325	0.01705	0.01173	0.01749	0.00886	0.00655	0.00658	0.00218	0.00873	0.00585	0.00294	0.00747
66	0.01629	0.01564	0.02672	0.04041	0.72757	0.01564	0.02020	0.02020	0.01499	0.02151	0.01238	0.01629	0.01043	0.00587	0.00652	0.00196	0.00782	0.00587	0.00326	0.01043
67	0.00940	0.00705	0.01058	0.01058	0.01176	0.00823	0.00823	0.01176	0.01058	0.01528	0.01763	0.02586	0.01646	0.04937	0.74255	0.01058	0.01763	0.00705	0.00353	0.00588
68	0.01012	0.00723	0.01005	0.01156	0.01286	0.00716	0.00976	0.01279	0.01467	0.01915	0.03513	0.20496	0.03896	0.01865	0.00896	0.00296	0.00564	0.55740	0.00607	0.00593
69	0.60971	0.01233	0.01114	0.00946	0.01380	0.01344	0.00780	0.02268	0.01320	0.21326	0.01356	0.01376	0.00953	0.00664	0.00474	0.00204	0.00523	0.00436	0.00514	0.00819
70	0.01320	0.03405	0.73453	0.01876	0.02849	0.01529	0.02432	0.02085	0.01390	0.02085	0.01181	0.01390	0.00834	0.00625	0.00625	0.00208	0.00973	0.00486	0.00278	0.00973
71	0.01637	0.01414	0.01489	0.01340	0.01712	0.01637	0.01042	0.03498	0.71568	0.02754	0.02679	0.02456	0.02010	0.00893	0.00670	0.00223	0.00521	0.00744	0.00670	0.01042
72	0.00812	0.00580	0.00775	0.00928	0.00970	0.00543	0.00628	0.00933	0.01270	0.01691	0.03623	0.73904	0.04333	0.02054	0.00843	0.00269	0.00390	0.04308	0.00611	0.00537
73	0.00925	0.00668	0.00874	0.00833	0.00982	0.00617	0.00621	0.01226	0.01834	0.02592	0.68997	0.08466	0.06120	0.01381	0.00780	0.00210	0.00314	0.01224	0.00719	0.00617
74	0.02954	0.01120	0.01528	0.01171	0.01681	0.00968	0.00968	0.03208	0.01884	0.73213	0.02597	0.02241	0.01630	0.00815	0.00662	0.00204	0.00560	0.00662	0.00815	0.01120
75	0.00810	0.00576	0.00762	0.00907	0.00943	0.00540	0.00601	0.00919	0.01246	0.01661	0.03552	0.72896	0.04258	0.05732	0.00963	0.00286	0.00395	0.01827	0.00601	0.00528
76	0.78468	0.01267	0.00989	0.00878	0.01289	0.01457	0.00723	0.01985	0.01150	0.05678	0.00982	0.01115	0.00748	0.00619	0.00417	0.00204	0.00511	0.00368	0.00423	0.00729
77	0.01243	0.01170	0.01975	0.75282	0.04534	0.01463	0.01828	0.01682	0.01316	0.01682	0.01170	0.01755	0.00878	0.00658	0.00658	0.00219	0.00878	0.00585	0.00293	0.00731
78	0.02458	0.01860	0.01972	0.04034	0.02126	0.04205	0.01272	0.66160	0.02997	0.03988	0.01550	0.01575	0.01103	0.00782	0.00657	0.00197	0.00744	0.00587	0.00636	0.01096
79	0.00981	0.00758	0.01105	0.01082	0.01180	0.00901	0.00835	0.01189	0.01045	0.01511	0.01719	0.02643	0.01648	0.10783	0.62515	0.00961	0.07492	0.00717	0.00352	0.00582
80	0.01320	0.03405	0.73453	0.01876	0.02849	0.01529	0.02432	0.02085	0.01390	0.02085	0.01181	0.01390	0.00834	0.00625	0.00625	0.00208	0.00973	0.00486	0.00278	0.00973
81	0.01559	0.43443	0.35503	0.01470	0.02221	0.02112	0.01724	0.02023	0.01362	0.01794	0.01037	0.01209	0.00840	0.00592	0.00515	0.00172	0.00827	0.00414	0.00280	0.00903
82	0.01403	0.15123	0.59505	0.01841	0.05403	0.01702	0.02208	0.02064	0.01386	0.02002	0.01141	0.01346	0.00844	0.00614	0.00594	0.00197	0.00923	0.00469	0.00280	0.00955
83	0.09039	0.04910	0.02012	0.02100	0.16983	0.48334	0.01378	0.04295	0.01741	0.01909	0.01068	0.01278	0.00885	0.00653	0.00586	0.00178	0.01015	0.00455	0.00349	0.00831
84	0.01525	0.01578	0.05221	0.26448	0.43917	0.04387	0.03590	0.01942	0.01452	0.01977	0.01208	0.01646	0.00973	0.00614	0.00653	0.00203	0.00844	0.00580	0.00314	0.00926
85	0.00894	0.00661	0.00810	0.00836	0.00954	0.00640	0.00604	0.01026	0.01257	0.01625	0.05911	0.12584	0.26058	0.18075	0.15472	0.04435	0.00708	0.06425	0.00505	0.00520
86	0.01538	0.13114	0.40758	0.01761	0.04861	0.01612	0.07106	0.02201	0.06225	0.06507	0.01347	0.01505	0.00997	0.00629	0.00604	0.00191	0.00844	0.00514	0.00354	0.07332
87	0.01478	0.29876	0.48362	0.01608	0.02434	0.01915	0.01964	0.02044	0.01371	0.01893	0.01086	0.01270	0.00838	0.00603	0.00553	0.00184	0.00877	0.00438	0.00279	0.00927
88	0.02954	0.01120	0.01528	0.01171	0.01681	0.00968	0.00968	0.03208	0.01884	0.73213	0.02597	0.02241	0.01630	0.00815	0.00662	0.00204	0.00560	0.00662	0.00815	0.01120
89	0.01365	0.01171	0.02091	0.08179	0.08396	0.01144	0.21902	0.01766	0.03880	0.07427	0.05264	0.19441	0.05036	0.01153	0.00773	0.00237	0.00718	0.08785	0.00497	0.00777
90	0.01707	0.01580	0.02562	0.06612	0.64219	0.03975	0.01936	0.02086	0.01523	0.05601	0.01295	0.01649	0.01059	0.00604	0.00651	0.00196	0.00789	0.00585	0.00349	0.01025
91	0.02896	0.01212	0.01585	0.01215	0.01726	0.01104	0.01004	0.11781	0.02038	0.64422	0.02468	0.02157	0.01565	0.00812	0.00662	0.00203	0.00581	0.00653	0.00795	0.01120
92	0.00940	0.00705	0.01058	0.01058	0.01176	0.00823	0.00823	0.01176	0.01058	0.01528	0.01763	0.02586	0.01646	0.04937	0.74255	0.01058	0.01763	0.00705	0.00353	0.00588
93	0.01487	0.02511	0.38694	0.07601	0.02930	0.01570	0.18872	0.10206	0.01634	0.02292	0.01538	0.01781	0.04467	0.00682	0.00677	0.00212	0.00938	0.00623	0.00355	0.00930
94	0.01983	0.36680	0.02670	0.05202	0.07145	0.23553	0.01292	0.08021	0.01642	0.01842	0.01037	0.01231	0.00886	0.00646	0.00590	0.00168	0.03799	0.00431	0.00335	0.00848
95	0.01227	0.00614	0.00614	0.00614	0.00767	0.00614	0.00460	0.01534	0.01381	0.02454	0.02148	0.02454	0.01687	0.00767	0.00460	0.00153	0.00307	0.00614	0.80518	0.00614
96	0.00802	0.00573	0.00764	0.00917	0.00955	0.00535	0.00611	0.00917	0.01260	0.01681	0.03628	0.76434	0.04354	0.02062	0.00840	0.00267	0.00382	0.01872	0.00611	0.00535
97	0.02475	0.01980	0.01685	0.01419	0.01838	0.28072	0.01115	0.12495	0.10222	0.26118	0.04618	0.01891	0.01495	0.00791	0.00642	0.00193	0.00799	0.00595	0.00598	0.00960
98	0.00789	0.00645	0.00697	0.00731	0.00908	0.00553	0.00531	0.00949	0.01458	0.01787	0.08370	0.22643	0.54159	0.01748	0.00793	0.00232	0.00344	0.01495	0.00615	0.00553
99	0.01308	0.00868	0.00960	0.00923	0.01162	0.04310	0.00714	0.01509	0.01580	0.14948	0.09795	0.16486	0.32400	0.01517	0.00772	0.00231	0.00454	0.08743	0.00643	0.00677
100	0.01365	0.01170	0.01365	0.00975	0.01560	0.00878	0.00780	0.01658	0.01365	0.02145	0.01170	0.01365	0.00975	0.00488	0.00488	0.00098	0.00488	0.00390	0.00390	0.80888
101	0.01272	0.01212	0.01427	0.01282	0.01424	0.11380	0.06392	0.01444	0.01187	0.01534	0.01657	0.05582	0.01680	0.22300	0.26491	0.00618	0.11387	0.00767	0.00363	0.00603
102	0.01440	0.01440	0.02016	0.01728	0.01728	0.02016	0.01440	0.01584	0.01008	0.01584	0.00864	0.01440	0.00864	0.01152	0.02160	0.00288	0.75659	0.00576	0.00288	0.00720
103	0.01332	0.03324	0.70001	0.01921	0.02879	0.01536	0.05803	0.02086	0.01398	0.02086	0.01189	0.01409	0.00842	0.00622	0.00633	0.00209	0.00980	0.00501	0.00281	0.00969
104	0.01365	0.03095	0.60225	0.02047	0.02962	0.01555	0.15349	0.02089	0.01421	0.02089	0.01210	0.01463	0.00865	0.00612	0.00654	0.00211	0.00999	0.00542	0.00288	0.00957
105	0.02954	0.01120	0.01528	0.01171	0.01681	0.00968	0.00968	0.03208	0.01884	0.73213	0.02597	0.02241	0.01630	0.00815	0.00662	0.00204	0.00560	0.00662	0.00815	0.01120
106	0.01420	0.01455	0.02762	0.28302	0.10592	0.01525	0.30860	0.01989	0.06439	0.01987	0.01475	0.05506	0.01199	0.00693	0.00718	0.00221	0.00917	0.00742	0.00356	0.00842
107	0.02165	0.02499	0.01853	0.01627	0.01971	0.50879	0.06839	0.05031	0.01809	0.05318	0.01644	0.09808	0.03985	0.00869	0.00649	0.00189	0.01011	0.00668	0.00415	0.00772
108	0.02367	0.01743	0.01879	0.01467	0.01955	0.01921	0.01200	0.65005	0.02949	0.03952	0.01744	0.07553	0.01378	0.00892	0.00673	0.00203	0.00697	0.00695	0.00655	0.01073
109	0.00791	0.00616	0.00720	0.00803	0.00925	0.00544	0.00560	0.00929	0.01370	0.01725	0.05016	0.44435	0.35458	0.01882	0.00812	0.00247	0.00360	0.01651	0.00611	0.00544
110	0.01539	0.28071	0.38974	0.04595	0.04675	0.05501	0.04183	0.02057	0.01402	0.01868	0.01090	0.01302	0.00852	0.00605	0.00563	0.00184	0.00888	0.00455	0.00286	0.00909
111	0.01333	0.00755	0.00994	0.00924	0.01067	0.00763	0.00660	0.01473	0.01204	0.15189	0.04796	0.03354	0.02142	0.35064	0.26701	0.00680	0.00991	0.00825	0.00476	0.00610
112	0.00795	0.00616	0.00725	0.00807	0.00927	0.00546	0.00564	0.00937	0.01378	0.01746	0.06599	0.44490	0.33771	0.01875	0.00812	0.00246	0.00359	0.01647	0.00614	0.00546
113	0.01566	0.01642	0.05603	0.09025	0.48809	0.01592	0.14994	0.01997	0.01472	0.02082	0.01234	0.01650	0.01007	0.00610	0.00736	0.00207	0.03862	0.00618	0.00321	0.00974
114	0.03892	0.01860	0.02085	0.07797	0.04691	0.12651	0.08912	0.28772	0.14582	0.02902	0.01577	0.01698	0.01182	0.00758	0.00714	0.00206	0.03629	0.00608	0.00516	0.00968
115	0.01619	0.01533	0.02563	0.11648	0.56789	0.01579	0.04491	0.04798	0.04500	0.02203	0.01309	0.01682	0.01067	0.00614	0.00658	0.00200	0.00792	0.00600	0.00350	0.01006
116	0.04722	0.01349	0.01535	0.04173	0.03842	0.04256	0.04445	0.04332	0.39912	0.02466	0.02782	0.03132	0.08693	0.01001	0.00692	0.00224	0.00592	0.08161	0.00585	0.03106
117	0.14390	0.04419	0.01529	0.04151	0.01684	0.08727	0.04730	0.13999	0.05713	0.04998	0.02069	0.16857	0.03574	0.05675	0.02846	0.00264	0.00689	0.02401	0.00509	0.00776
118	0.10410	0.03962	0.01463	0.01215	0.01593	0.09031	0.00957	0.05005	0.24809	0.17934	0.04983	0.09597	0.01967	0.00932	0.00639	0.00208	0.00589	0.00754	0.00613	0.03338

[dist]
# distance from previous block
# <min> <max>
55	241

[block]
# block no. 4 follows, 33 sequences, length 14
# corresponding to MSA columns:
# 893-906
name=unknown_E
#
# <colnr> <probs for GDERKNQSTAVLIFYWHMCP>
#	G	D	E	R	K	N	Q	S	T	A	V	L	I	F	Y	W	H	M	C	P
0	0.05568	0.02497	0.43800	0.01546	0.02259	0.01425	0.01783	0.09724	0.06412	0.02434	0.08349	0.02215	0.07553	0.00817	0.00648	0.00209	0.00774	0.00651	0.00424	0.00913
1	0.01479	0.01374	0.05697	0.01575	0.02002	0.01250	0.19463	0.10477	0.06436	0.05644	0.03788	0.13743	0.08604	0.04348	0.00874	0.00235	0.02415	0.02440	0.00506	0.07651
2	0.01710	0.18223	0.02646	0.13089	0.26098	0.01735	0.08992	0.06729	0.01551	0.06888	0.01327	0.01714	0.01086	0.04589	0.00757	0.00214	0.00788	0.00580	0.00372	0.00914
3	0.01414	0.01039	0.07239	0.01032	0.01333	0.00831	0.00875	0.01840	0.06582	0.16919	0.40604	0.10818	0.04347	0.01214	0.00739	0.00213	0.00440	0.01058	0.00690	0.00774
4	0.01251	0.01110	0.01716	0.43080	0.08433	0.01312	0.01471	0.01755	0.07389	0.01972	0.11232	0.05728	0.01918	0.00860	0.00743	0.00219	0.04131	0.00743	0.04186	0.00751
5	0.01733	0.01492	0.02059	0.07196	0.36958	0.07569	0.01539	0.07396	0.01706	0.08816	0.06712	0.02488	0.06498	0.00823	0.00679	0.00204	0.00726	0.04020	0.00457	0.00929
6	0.01329	0.00862	0.01087	0.01107	0.07395	0.00791	0.00682	0.01453	0.01234	0.11296	0.02339	0.03557	0.07959	0.42825	0.02132	0.00430	0.00594	0.00843	0.00466	0.11620
7	0.01469	0.01584	0.01326	0.01466	0.07735	0.27053	0.00970	0.01630	0.01506	0.01701	0.02577	0.40526	0.04999	0.01422	0.00733	0.00224	0.00705	0.01222	0.00488	0.00663
8	0.01447	0.08313	0.55375	0.02043	0.08984	0.01639	0.05600	0.05316	0.01485	0.02152	0.01194	0.01416	0.00875	0.00622	0.00622	0.00203	0.00932	0.00505	0.00303	0.00973
9	0.01338	0.04834	0.05373	0.01456	0.01764	0.01221	0.16294	0.07690	0.03828	0.01948	0.01996	0.03598	0.02005	0.28192	0.01723	0.00380	0.02843	0.12393	0.00438	0.00688
10	0.04036	0.01405	0.01901	0.11843	0.24549	0.01524	0.01423	0.02593	0.32237	0.02379	0.01847	0.01970	0.01430	0.00723	0.00640	0.00203	0.00647	0.00632	0.00480	0.07537
11	0.01306	0.07914	0.01977	0.08422	0.32659	0.01295	0.01400	0.01578	0.01367	0.01871	0.02048	0.28409	0.02193	0.01139	0.00751	0.00222	0.03196	0.01026	0.00420	0.00806
12	0.21488	0.47473	0.13192	0.01173	0.01758	0.02166	0.01217	0.01979	0.01291	0.01977	0.00955	0.01109	0.00810	0.00584	0.00449	0.00166	0.00695	0.00373	0.00312	0.00831
13	0.01567	0.44795	0.34221	0.01456	0.02199	0.02132	0.01700	0.02021	0.01361	0.01784	0.01032	0.01203	0.00840	0.00591	0.00512	0.00171	0.00822	0.00411	0.00280	0.00901

[dist]
# distance from previous block
# <min> <max>
25	142

[block]
# block no. 5 follows, 33 sequences, length 13
# corresponding to MSA columns:
# 1073-1085
name=unknown_F
#
# <colnr> <probs for GDERKNQSTAVLIFYWHMCP>
#	G	D	E	R	K	N	Q	S	T	A	V	L	I	F	Y	W	H	M	C	P
0	0.01869	0.10639	0.15947	0.01726	0.02269	0.15072	0.15435	0.07196	0.01634	0.09991	0.01411	0.01769	0.01124	0.07578	0.00930	0.00237	0.03310	0.00592	0.00400	0.00869
1	0.00992	0.00795	0.01176	0.10848	0.09539	0.00806	0.00991	0.01212	0.01348	0.01785	0.03181	0.43793	0.07005	0.01657	0.00803	0.00256	0.00524	0.12122	0.00537	0.00629
2	0.05687	0.02439	0.38382	0.02317	0.21366	0.01454	0.04570	0.02004	0.01408	0.02158	0.01187	0.01448	0.00909	0.00593	0.00608	0.00190	0.00838	0.00504	0.00315	0.11625
3	0.11000	0.01574	0.06194	0.01328	0.01736	0.05269	0.01123	0.24545	0.04322	0.15382	0.01942	0.13549	0.01658	0.00991	0.00765	0.00217	0.06133	0.00770	0.00583	0.00921
4	0.01717	0.01558	0.02737	0.03676	0.59077	0.01533	0.10304	0.02118	0.01534	0.07345	0.01349	0.01692	0.01080	0.00599	0.00668	0.00199	0.00806	0.00615	0.00363	0.01030
5	0.00912	0.00676	0.00934	0.01158	0.07446	0.00635	0.00719	0.01014	0.01271	0.01677	0.03562	0.51403	0.13306	0.01898	0.01009	0.09304	0.00433	0.01541	0.00549	0.00556
6	0.01933	0.01994	0.06431	0.10339	0.13546	0.15494	0.05836	0.20156	0.06488	0.02502	0.01341	0.01579	0.01039	0.00737	0.00787	0.00206	0.07659	0.00572	0.00429	0.00932
7	0.01879	0.07040	0.16885	0.01704	0.10724	0.08608	0.01432	0.05987	0.01683	0.19001	0.02269	0.02716	0.07897	0.00904	0.00668	0.00208	0.00741	0.08231	0.00506	0.00916
8	0.01185	0.01081	0.01143	0.01143	0.01286	0.12343	0.00878	0.01394	0.01243	0.01584	0.01981	0.07804	0.01987	0.08665	0.44806	0.00753	0.01376	0.08348	0.00399	0.00601
9	0.00956	0.00705	0.00971	0.00985	0.01046	0.00788	0.00710	0.01084	0.01067	0.01491	0.02150	0.18599	0.02327	0.20852	0.34546	0.03745	0.06040	0.00999	0.00412	0.00530
10	0.01916	0.01579	0.02215	0.02174	0.17796	0.09576	0.13502	0.07034	0.01679	0.15771	0.06237	0.02103	0.01549	0.05983	0.01000	0.00239	0.07588	0.00681	0.00474	0.00903
11	0.01466	0.01587	0.10693	0.02642	0.34431	0.01337	0.05739	0.06090	0.01547	0.02189	0.01739	0.11778	0.01659	0.00881	0.00686	0.00208	0.00728	0.06022	0.00406	0.08170
12	0.05713	0.09635	0.04266	0.06089	0.10445	0.01232	0.01121	0.06244	0.01520	0.02146	0.14394	0.08226	0.02547	0.01705	0.12310	0.02160	0.00785	0.08252	0.00470	0.00737

[dist]
# distance from previous block
# <min> <max>
17	105

[block]
# block no. 6 follows, 33 sequences, length 7
# corresponding to MSA columns:
# 1226-1232
name=unknown_G
#
# <colnr> <probs for GDERKNQSTAVLIFYWHMCP>
#	G	D	E	R	K	N	Q	S	T	A	V	L	I	F	Y	W	H	M	C	P
0	0.01386	0.06130	0.01338	0.01056	0.01246	0.01110	0.00800	0.09026	0.06258	0.01791	0.01402	0.02096	0.01306	0.09864	0.05760	0.33273	0.06270	0.00602	0.00381	0.08904
1	0.01699	0.09784	0.07155	0.07031	0.35562	0.01569	0.01628	0.02276	0.11215	0.09496	0.01649	0.05255	0.01348	0.00727	0.00638	0.00200	0.00714	0.00644	0.00428	0.00982
2	0.01400	0.01208	0.06164	0.01399	0.06059	0.04997	0.01117	0.01884	0.10093	0.09193	0.03117	0.13703	0.08022	0.01401	0.00783	0.00252	0.00611	0.27256	0.00581	0.00760
3	0.07815	0.01409	0.01962	0.01638	0.04514	0.01461	0.13850	0.22571	0.07015	0.09138	0.08028	0.02926	0.02039	0.00949	0.00713	0.00223	0.00698	0.11559	0.00580	0.00913
4	0.13760	0.01062	0.01363	0.01170	0.01452	0.01094	0.09021	0.08713	0.06049	0.02366	0.13209	0.07493	0.09679	0.14034	0.01153	0.00294	0.00579	0.06278	0.00536	0.00696
5	0.25546	0.01403	0.01341	0.01129	0.01548	0.07841	0.00902	0.06995	0.11138	0.11938	0.01568	0.01669	0.01195	0.01124	0.08197	0.00274	0.00720	0.00515	0.00500	0.14457
6	0.07828	0.01510	0.01844	0.01793	0.13887	0.05337	0.03127	0.22879	0.02006	0.18324	0.01659	0.01775	0.01219	0.01151	0.08277	0.00282	0.00814	0.00587	0.00546	0.05154

[dist]
# distance from previous block
# <min> <max>
29	122

[block]
# block no. 7 follows, 33 sequences, length 12
# corresponding to MSA columns:
# 1390-1401
name=unknown_H
#
# <colnr> <probs for GDERKNQSTAVLIFYWHMCP>
#	G	D	E	R	K	N	Q	S	T	A	V	L	I	F	Y	W	H	M	C	P
0	0.01632	0.01415	0.01921	0.02154	0.26923	0.01315	0.01297	0.11750	0.04103	0.02456	0.01306	0.01528	0.01056	0.00580	0.00577	0.00151	0.00627	0.00501	0.00416	0.38291
1	0.19952	0.01330	0.01714	0.10619	0.23794	0.01457	0.01310	0.02233	0.19008	0.02399	0.02021	0.02158	0.07796	0.00778	0.00612	0.00210	0.00623	0.00647	0.00454	0.00885
2	0.01499	0.04676	0.08641	0.01628	0.09753	0.04949	0.05721	0.02089	0.11879	0.02168	0.01515	0.01877	0.01258	0.00658	0.00589	0.00162	0.00662	0.04002	0.00414	0.35858
3	0.01736	0.01133	0.01767	0.01405	0.01795	0.01071	0.15470	0.04579	0.08211	0.22532	0.17711	0.09869	0.07648	0.01055	0.00736	0.00217	0.00592	0.00967	0.00642	0.00863
4	0.01297	0.00967	0.01385	0.01244	0.05236	0.00892	0.07201	0.01614	0.03911	0.08627	0.18533	0.03380	0.09358	0.12636	0.07871	0.00335	0.00654	0.00867	0.00526	0.13464
5	0.01269	0.01025	0.01555	0.01364	0.01629	0.01031	0.11932	0.11659	0.01728	0.02340	0.15212	0.18263	0.03299	0.01714	0.07579	0.00320	0.00713	0.16083	0.00570	0.00715
6	0.01900	0.40398	0.16090	0.01415	0.02014	0.13720	0.01413	0.12310	0.01693	0.02046	0.01080	0.01218	0.00884	0.00627	0.00523	0.00167	0.00834	0.00424	0.00346	0.00897
7	0.01477	0.01394	0.02323	0.10323	0.55578	0.01409	0.01785	0.01850	0.01509	0.02115	0.06905	0.02237	0.06761	0.00731	0.00671	0.00201	0.00723	0.00691	0.00374	0.00946
8	0.20597	0.00790	0.00795	0.00782	0.00889	0.00841	0.00508	0.01201	0.01025	0.01727	0.01903	0.09138	0.02110	0.49723	0.05041	0.00518	0.00628	0.00874	0.00416	0.00493
9	0.37758	0.01375	0.01823	0.23221	0.02653	0.01555	0.12180	0.08233	0.01430	0.02554	0.01119	0.01432	0.00845	0.00633	0.00564	0.00211	0.00734	0.00513	0.00385	0.00784
10	0.20821	0.01569	0.01390	0.08240	0.01792	0.15941	0.01006	0.14938	0.01688	0.02419	0.01681	0.12205	0.01624	0.07966	0.00870	0.00250	0.00720	0.03668	0.00467	0.00744
11	0.05352	0.01101	0.01310	0.08286	0.12065	0.07905	0.00974	0.01430	0.01263	0.01708	0.04110	0.11429	0.04474	0.22243	0.13114	0.00463	0.00856	0.00874	0.00407	0.00634

[dist]
# distance from previous block
# <min> <max>
44	1811

# created by:
# /home/cegg/simao/soft/augustus-3.2.1/scripts/msa2prfl.pl ./align_prep/EOG090W05WH.fa
