[name]
unknown

[dist]
# distance from previous block
# <min> <max>
0	15

[block]
# block no. 0 follows, 25 sequences, length 20
# corresponding to MSA columns:
# 15-34
name=unknown_A
#
# <colnr> <probs for GDERKNQSTAVLIFYWHMCP>
#	G	D	E	R	K	N	Q	S	T	A	V	L	I	F	Y	W	H	M	C	P
0	0.01309	0.00960	0.01293	0.01441	0.01642	0.00983	0.01248	0.01825	0.07425	0.02401	0.04023	0.08236	0.04280	0.02047	0.01046	0.00349	0.00705	0.57309	0.00721	0.00759
1	0.03275	0.01647	0.02002	0.01535	0.02143	0.01626	0.01268	0.27431	0.02767	0.44025	0.02599	0.02340	0.01688	0.00949	0.00778	0.00237	0.00734	0.00748	0.00889	0.01319
2	0.01956	0.01535	0.01280	0.01156	0.01453	0.13989	0.00889	0.11180	0.05289	0.03005	0.02216	0.02464	0.01726	0.00895	0.00617	0.00196	0.00639	0.00685	0.47966	0.00866
3	0.01092	0.00758	0.00951	0.00979	0.01024	0.00779	0.00633	0.01191	0.01256	0.01712	0.05287	0.15659	0.03183	0.43433	0.17993	0.00770	0.00982	0.01249	0.00514	0.00556
4	0.01101	0.00932	0.03855	0.01208	0.01371	0.00802	0.05082	0.01243	0.01448	0.01914	0.03833	0.37099	0.12707	0.08501	0.04778	0.10629	0.00661	0.01610	0.00595	0.00632
5	0.01664	0.05182	0.03938	0.12104	0.14415	0.07200	0.01453	0.04336	0.01731	0.05532	0.02586	0.26538	0.02702	0.04201	0.00959	0.00283	0.00789	0.02951	0.00548	0.00889
6	0.02373	0.02834	0.02170	0.01945	0.02199	0.43033	0.01514	0.02570	0.01805	0.01880	0.01218	0.01631	0.01085	0.01401	0.07185	0.00332	0.22993	0.00583	0.00382	0.00866
7	0.01951	0.01792	0.02771	0.18421	0.11912	0.07574	0.18602	0.06437	0.01936	0.07528	0.04335	0.02512	0.05349	0.00862	0.00807	0.00243	0.00990	0.00823	0.04150	0.01003
8	0.06570	0.14563	0.14506	0.04932	0.12925	0.17510	0.01865	0.04962	0.01773	0.02297	0.01257	0.01573	0.01039	0.00821	0.00919	0.00231	0.10297	0.00563	0.00382	0.01017
9	0.02012	0.29082	0.22143	0.01841	0.05542	0.13532	0.01803	0.04598	0.01767	0.02212	0.01348	0.01593	0.01102	0.00938	0.03417	0.00244	0.01048	0.00530	0.04229	0.01019
10	0.01803	0.01400	0.01562	0.01380	0.01732	0.01532	0.01067	0.14828	0.28650	0.03265	0.17634	0.06781	0.05581	0.01390	0.01024	0.06980	0.00593	0.01034	0.00756	0.01006
11	0.06644	0.08166	0.02672	0.03869	0.11443	0.06714	0.09965	0.20177	0.04617	0.03115	0.05343	0.04495	0.01686	0.00941	0.00905	0.00242	0.06613	0.00768	0.00546	0.01076
12	0.00981	0.00766	0.00890	0.00905	0.01099	0.00675	0.00661	0.01220	0.01851	0.02402	0.26564	0.19691	0.35662	0.01932	0.00930	0.00266	0.00395	0.01672	0.00763	0.00675
13	0.02207	0.01981	0.04980	0.05072	0.18088	0.07630	0.05355	0.19575	0.07844	0.06449	0.02063	0.08249	0.01756	0.04105	0.00932	0.00265	0.00891	0.00856	0.00586	0.01116
14	0.00949	0.00787	0.00831	0.00820	0.01067	0.00669	0.00615	0.01176	0.01845	0.02278	0.18656	0.07160	0.56683	0.01895	0.00916	0.00259	0.00388	0.01594	0.00744	0.00669
15	0.05106	0.08180	0.01879	0.01214	0.01886	0.01373	0.01001	0.07438	0.01767	0.02705	0.01378	0.01580	0.01135	0.00619	0.00580	0.00135	0.00623	0.00474	0.00475	0.60451
16	0.08909	0.14796	0.05887	0.12398	0.02762	0.11677	0.03934	0.21341	0.02257	0.02982	0.01463	0.01725	0.01140	0.01054	0.04237	0.00275	0.01026	0.00603	0.00496	0.01039
17	0.01738	0.01122	0.01352	0.01209	0.01534	0.01123	0.00945	0.04940	0.15363	0.14088	0.27563	0.04720	0.10816	0.03544	0.03015	0.00299	0.00569	0.04311	0.00810	0.00940
18	0.01661	0.08672	0.34530	0.07951	0.06655	0.01743	0.02076	0.07931	0.01828	0.02586	0.02198	0.02408	0.08231	0.00894	0.00728	0.00234	0.00922	0.00714	0.06998	0.01040
19	0.01645	0.06178	0.15808	0.05284	0.04798	0.03373	0.01564	0.02804	0.27576	0.02595	0.02702	0.17487	0.02450	0.01228	0.00801	0.00262	0.00755	0.01048	0.00602	0.01040

[dist]
# distance from previous block
# <min> <max>
0	2

[block]
# block no. 1 follows, 25 sequences, length 108
# corresponding to MSA columns:
# 38-50,52-146
name=unknown_B
#
# <colnr> <probs for GDERKNQSTAVLIFYWHMCP>
#	G	D	E	R	K	N	Q	S	T	A	V	L	I	F	Y	W	H	M	C	P
0	0.01359	0.01300	0.04584	0.01728	0.10152	0.03463	0.04614	0.01828	0.05763	0.02651	0.28654	0.15801	0.08977	0.01450	0.00872	0.00251	0.00599	0.01298	0.00676	0.03980
1	0.02204	0.51970	0.10996	0.01521	0.02200	0.11927	0.01514	0.02522	0.01703	0.05531	0.01238	0.01385	0.01044	0.00706	0.00567	0.00184	0.00934	0.00464	0.00375	0.01017
2	0.32025	0.02485	0.01894	0.01858	0.08337	0.28806	0.01324	0.10109	0.01988	0.02927	0.01256	0.01450	0.00997	0.00774	0.00630	0.00222	0.00978	0.00511	0.00474	0.00957
3	0.01045	0.00793	0.00975	0.00942	0.01135	0.00737	0.00702	0.01330	0.01898	0.02564	0.38282	0.05943	0.24860	0.05855	0.09127	0.00393	0.00594	0.01393	0.00742	0.00690
4	0.01817	0.01694	0.01600	0.01469	0.01849	0.09834	0.01136	0.03282	0.42387	0.02873	0.08279	0.03797	0.11730	0.01231	0.00816	0.00258	0.00664	0.03500	0.00734	0.01051
5	0.01110	0.00780	0.01057	0.01063	0.01161	0.00822	0.00759	0.01266	0.01360	0.01885	0.10854	0.09296	0.05950	0.20499	0.31359	0.07328	0.01226	0.01101	0.00514	0.00608
6	0.01109	0.00824	0.01212	0.01212	0.01339	0.00951	0.00927	0.01363	0.01236	0.01775	0.02108	0.03217	0.02013	0.11474	0.64121	0.01204	0.01965	0.00856	0.00420	0.00673
7	0.01506	0.01823	0.15082	0.01875	0.10545	0.05051	0.01496	0.01902	0.01643	0.02360	0.09231	0.09170	0.04818	0.07249	0.01252	0.00296	0.09019	0.03107	0.11706	0.00868
8	0.00966	0.00787	0.00854	0.00837	0.01078	0.00676	0.00628	0.01208	0.01884	0.02371	0.24101	0.07007	0.51180	0.01861	0.00916	0.00257	0.00385	0.01573	0.00756	0.00676
9	0.01900	0.02615	0.23700	0.02117	0.04986	0.10428	0.10780	0.06199	0.09231	0.05298	0.04747	0.08075	0.01971	0.01016	0.00809	0.00252	0.00991	0.03313	0.00520	0.01053
10	0.01088	0.00796	0.01026	0.01000	0.01185	0.00734	0.00762	0.01428	0.02094	0.02906	0.54232	0.08691	0.12592	0.01699	0.00931	0.00258	0.00401	0.06636	0.00824	0.00719
11	0.06785	0.04851	0.11289	0.19446	0.24725	0.04671	0.05517	0.05225	0.05523	0.02541	0.01503	0.01891	0.01173	0.00752	0.00743	0.00240	0.00973	0.00662	0.00413	0.01076
12	0.01079	0.00782	0.00915	0.00882	0.01090	0.00705	0.00661	0.01388	0.01984	0.02745	0.39785	0.05995	0.26720	0.01628	0.00870	0.00242	0.00374	0.01398	0.10051	0.00705
13	0.51759	0.09341	0.01625	0.01161	0.01673	0.03953	0.00975	0.04319	0.01604	0.13364	0.03161	0.01613	0.01213	0.00782	0.00555	0.00230	0.00661	0.00511	0.00554	0.00944
14	0.02122	0.09787	0.14893	0.01769	0.02406	0.02078	0.04147	0.23696	0.13797	0.03327	0.04248	0.04877	0.01744	0.00964	0.00826	0.00238	0.03761	0.00760	0.00602	0.03957
15	0.01090	0.00825	0.01009	0.00957	0.01167	0.00761	0.00719	0.01489	0.04594	0.02891	0.51863	0.06047	0.20410	0.01648	0.00910	0.00249	0.00381	0.01433	0.00822	0.00734
16	0.02003	0.02037	0.06887	0.02874	0.24436	0.07562	0.06253	0.11965	0.05765	0.02808	0.03995	0.02849	0.01838	0.01016	0.00958	0.00258	0.06657	0.08236	0.00516	0.01087
17	0.01347	0.00673	0.01010	0.01010	0.01010	0.00673	0.00673	0.01010	0.01010	0.01347	0.01347	0.02357	0.01347	0.02694	0.03030	0.77441	0.00673	0.00673	0.00337	0.00337
18	0.02046	0.01700	0.02135	0.04745	0.10997	0.01863	0.04272	0.19465	0.25889	0.03374	0.06078	0.02922	0.04021	0.01212	0.03340	0.00289	0.00802	0.03018	0.00682	0.01148
19	0.01070	0.00778	0.01007	0.00977	0.01148	0.00716	0.00722	0.01399	0.02089	0.02922	0.56874	0.13625	0.10360	0.01704	0.00923	0.00253	0.00377	0.01508	0.00831	0.00716
20	0.02067	0.01837	0.02307	0.04696	0.28646	0.09872	0.01689	0.13368	0.02095	0.05278	0.02109	0.11286	0.01989	0.04763	0.00969	0.00273	0.00880	0.04278	0.00541	0.01055
21	0.01651	0.01635	0.02365	0.15354	0.02675	0.02249	0.01785	0.01888	0.01258	0.01888	0.01088	0.01768	0.01021	0.01245	0.02202	0.00324	0.57734	0.00681	0.00340	0.00851
22	0.01464	0.01378	0.02326	0.70887	0.05340	0.01723	0.02153	0.01981	0.01550	0.01981	0.01378	0.02067	0.01034	0.00775	0.00775	0.00258	0.01034	0.00689	0.00345	0.00861
23	0.01109	0.00827	0.01226	0.01226	0.01357	0.00958	0.00944	0.01371	0.01240	0.01785	0.02096	0.03150	0.01984	0.09257	0.66298	0.01221	0.02009	0.00846	0.00418	0.00681
24	0.02512	0.02295	0.02331	0.19729	0.05834	0.17256	0.01691	0.32532	0.02706	0.03374	0.01572	0.01813	0.01170	0.00851	0.00758	0.00232	0.01024	0.00651	0.00565	0.01103
25	0.01960	0.37285	0.29202	0.01713	0.02544	0.05161	0.01926	0.02539	0.04109	0.05096	0.01373	0.01529	0.01083	0.00726	0.00623	0.00206	0.00961	0.00514	0.00378	0.01074
26	0.01128	0.00752	0.00846	0.00846	0.00846	0.00752	0.00470	0.01128	0.01128	0.01503	0.02443	0.05074	0.02819	0.72751	0.03946	0.00752	0.00752	0.01128	0.00470	0.00470
27	0.02407	0.07174	0.01766	0.01306	0.01731	0.04991	0.01051	0.07937	0.02140	0.29762	0.16911	0.05683	0.03100	0.05321	0.04912	0.00320	0.00744	0.00937	0.00773	0.01033
28	0.01907	0.30877	0.34577	0.01867	0.02761	0.02308	0.05334	0.05255	0.01734	0.04813	0.01362	0.01554	0.01048	0.00721	0.00655	0.00214	0.00999	0.00542	0.00376	0.01096
29	0.00945	0.00675	0.00900	0.01080	0.01125	0.00630	0.00720	0.01080	0.01484	0.01979	0.04274	0.72245	0.05128	0.02429	0.00990	0.00315	0.00450	0.02204	0.00720	0.00630
30	0.01788	0.01849	0.02361	0.02033	0.02063	0.07507	0.01681	0.01960	0.01264	0.01868	0.01032	0.01674	0.01016	0.01315	0.02404	0.00329	0.65996	0.00665	0.00344	0.00852
31	0.01905	0.30285	0.21751	0.02122	0.08175	0.05107	0.08983	0.04879	0.01728	0.02258	0.01343	0.01634	0.01096	0.00982	0.04417	0.00267	0.01071	0.00576	0.00367	0.01055
32	0.02032	0.01689	0.02558	0.03009	0.29786	0.04196	0.07724	0.04715	0.05773	0.11093	0.05692	0.02978	0.05876	0.00998	0.00913	0.00251	0.04680	0.04375	0.00558	0.01103
33	0.00952	0.00678	0.00898	0.01071	0.01114	0.00634	0.00710	0.01081	0.01471	0.01961	0.04204	0.69705	0.05041	0.05088	0.01101	0.00331	0.00461	0.02164	0.00710	0.00624
34	0.01104	0.00788	0.00999	0.00946	0.01135	0.00725	0.00710	0.01456	0.02130	0.03019	0.59229	0.05753	0.11610	0.01575	0.00893	0.00242	0.00368	0.01381	0.05211	0.00725
35	0.02451	0.01895	0.02064	0.01690	0.02165	0.11638	0.06420	0.21774	0.07848	0.14711	0.08602	0.10487	0.02462	0.01138	0.00815	0.00244	0.00824	0.00956	0.00723	0.01092
36	0.01994	0.35865	0.27259	0.01857	0.05034	0.08155	0.01947	0.05678	0.01764	0.02244	0.01257	0.01457	0.01016	0.00716	0.00626	0.00204	0.00997	0.00504	0.00361	0.01067
37	0.01639	0.01622	0.02234	0.10295	0.02374	0.04267	0.01663	0.01864	0.01270	0.01873	0.01188	0.01886	0.01124	0.01778	0.09932	0.00429	0.52687	0.00692	0.00351	0.00834
38	0.45048	0.01358	0.01188	0.01048	0.01455	0.01529	0.00848	0.10497	0.01709	0.03454	0.01607	0.01837	0.01248	0.00959	0.02729	0.00255	0.00616	0.00552	0.21199	0.00867
39	0.01097	0.00793	0.01036	0.00975	0.01158	0.00732	0.00732	0.01463	0.02195	0.03109	0.67505	0.05792	0.07316	0.01585	0.00914	0.00244	0.00366	0.01402	0.00854	0.00732
40	0.02697	0.02320	0.17733	0.01824	0.04519	0.04291	0.01694	0.23607	0.02537	0.25115	0.04407	0.02188	0.01633	0.00905	0.00770	0.00237	0.00863	0.00713	0.00707	0.01239
41	0.01919	0.01842	0.03147	0.04759	0.67914	0.01842	0.02380	0.02380	0.01765	0.02533	0.01458	0.01919	0.01228	0.00691	0.00768	0.00230	0.00921	0.00691	0.00384	0.01228
42	0.02085	0.64476	0.08400	0.01426	0.02107	0.06797	0.01442	0.02375	0.01615	0.01872	0.01106	0.01280	0.00994	0.00676	0.00526	0.00173	0.00884	0.00430	0.00335	0.01000
43	0.01052	0.00860	0.01128	0.01411	0.09194	0.00787	0.00870	0.01250	0.01629	0.02092	0.05333	0.38373	0.29093	0.02036	0.00934	0.00284	0.00485	0.01799	0.00679	0.00712
44	0.00945	0.00675	0.00900	0.01080	0.01125	0.00630	0.00720	0.01080	0.01484	0.01979	0.04274	0.72245	0.05128	0.02429	0.00990	0.00315	0.00450	0.02204	0.00720	0.00630
45	0.01608	0.01378	0.01608	0.01148	0.01837	0.01034	0.00919	0.01952	0.01608	0.02527	0.01378	0.01608	0.01148	0.00574	0.00574	0.00115	0.00574	0.00459	0.00459	0.77491
46	0.01681	0.01421	0.01647	0.01183	0.01868	0.01108	0.00949	0.05401	0.01719	0.02655	0.01404	0.01622	0.01158	0.00594	0.00585	0.00121	0.00589	0.00472	0.00477	0.73346
47	0.01919	0.01842	0.03147	0.04759	0.67914	0.01842	0.02380	0.02380	0.01765	0.02533	0.01458	0.01919	0.01228	0.00691	0.00768	0.00230	0.00921	0.00691	0.00384	0.01228
48	0.01823	0.01727	0.02922	0.08230	0.58684	0.01742	0.02227	0.02279	0.01789	0.02550	0.07037	0.02255	0.01732	0.00771	0.00780	0.00233	0.00881	0.00751	0.00421	0.01165
49	0.01105	0.00813	0.01052	0.01057	0.01208	0.00793	0.00769	0.01495	0.05577	0.02651	0.39149	0.23465	0.05849	0.04242	0.06831	0.00364	0.00559	0.01534	0.00765	0.00721
50	0.00935	0.00778	0.00795	0.00802	0.01033	0.00662	0.00584	0.01113	0.01702	0.02040	0.07254	0.09844	0.59631	0.07967	0.01175	0.00305	0.00425	0.01616	0.00699	0.00638
51	0.52995	0.01460	0.01521	0.14584	0.07822	0.01684	0.01212	0.02166	0.01410	0.03033	0.01343	0.05353	0.01144	0.00821	0.00588	0.00247	0.00701	0.00591	0.00459	0.00865
52	0.02814	0.03539	0.02278	0.02231	0.07936	0.63906	0.01573	0.03036	0.02161	0.01951	0.01220	0.01442	0.01018	0.00790	0.00705	0.00202	0.01358	0.00516	0.00398	0.00927
53	0.01766	0.01656	0.02792	0.11970	0.52089	0.01694	0.02184	0.02210	0.01730	0.02427	0.01798	0.05646	0.01653	0.00901	0.00804	0.00248	0.00896	0.06000	0.00422	0.01116
54	0.02237	0.15827	0.05624	0.01426	0.01954	0.02033	0.01257	0.28538	0.07507	0.03516	0.01956	0.02074	0.01492	0.00871	0.00660	0.00209	0.00718	0.00656	0.20360	0.01085
55	0.01609	0.02198	0.21949	0.01666	0.05911	0.01309	0.01586	0.02128	0.01625	0.02505	0.01387	0.01634	0.01103	0.00630	0.00634	0.00161	0.00766	0.00506	0.00415	0.50278
56	0.02344	0.01764	0.07608	0.01834	0.07246	0.05341	0.04840	0.03169	0.16989	0.25119	0.12614	0.02945	0.02633	0.01012	0.00801	0.00244	0.00743	0.00866	0.00742	0.01146
57	0.01110	0.00755	0.00841	0.00841	0.00863	0.00743	0.00480	0.01126	0.01182	0.01553	0.02901	0.05276	0.08295	0.66766	0.03690	0.00710	0.00721	0.01171	0.00491	0.00485
58	0.00985	0.00775	0.00890	0.00890	0.01097	0.00679	0.00656	0.01235	0.01887	0.02446	0.28894	0.14717	0.38321	0.01884	0.00925	0.00262	0.00390	0.01621	0.00768	0.00679
59	0.01599	0.03748	0.60779	0.02519	0.11185	0.01806	0.02806	0.02446	0.01653	0.02465	0.01400	0.01671	0.01012	0.00731	0.00740	0.00244	0.01119	0.00587	0.00334	0.01156
60	0.02031	0.01872	0.03020	0.07645	0.46638	0.01928	0.07057	0.11232	0.05732	0.02868	0.01616	0.01988	0.01291	0.00747	0.00782	0.00236	0.00930	0.00720	0.00460	0.01207
61	0.01464	0.01378	0.02326	0.70887	0.05340	0.01723	0.02153	0.01981	0.01550	0.01981	0.01378	0.02067	0.01034	0.00775	0.00775	0.00258	0.01034	0.00689	0.00345	0.00861
62	0.01509	0.01465	0.02598	0.62686	0.05184	0.01752	0.09787	0.02042	0.01584	0.02042	0.01401	0.02070	0.01051	0.00760	0.00792	0.00259	0.01067	0.00716	0.00350	0.00884
63	0.04444	0.02215	0.19142	0.02282	0.11585	0.05045	0.09811	0.04924	0.06409	0.06144	0.02292	0.17862	0.02140	0.01149	0.00818	0.00259	0.00895	0.01031	0.00527	0.01027
64	0.32793	0.01593	0.01631	0.01318	0.01867	0.03736	0.01083	0.12384	0.02078	0.31257	0.02042	0.01940	0.01375	0.00856	0.00659	0.00238	0.00689	0.00617	0.00726	0.01117
65	0.00945	0.00675	0.00900	0.01080	0.01125	0.00630	0.00720	0.01080	0.01484	0.01979	0.04274	0.72245	0.05128	0.02429	0.00990	0.00315	0.00450	0.02204	0.00720	0.00630
66	0.01675	0.03881	0.60043	0.02251	0.03319	0.07090	0.06164	0.02507	0.01691	0.02414	0.01386	0.01643	0.00994	0.00737	0.00743	0.00243	0.01174	0.00586	0.00337	0.01121
67	0.01721	0.04840	0.15461	0.01692	0.03906	0.04836	0.09113	0.02227	0.03805	0.10172	0.09321	0.03840	0.17168	0.01174	0.00811	0.00245	0.00784	0.02954	0.04977	0.00951
68	0.01108	0.00831	0.01246	0.01246	0.01385	0.00969	0.00969	0.01385	0.01246	0.01800	0.02077	0.03046	0.01938	0.05815	0.69678	0.01246	0.02077	0.00831	0.00415	0.00692
69	0.00945	0.00675	0.00900	0.01080	0.01125	0.00630	0.00720	0.01080	0.01484	0.01979	0.04274	0.72245	0.05128	0.02429	0.00990	0.00315	0.00450	0.02204	0.00720	0.00630
70	0.02328	0.02405	0.02719	0.08168	0.18601	0.26089	0.12265	0.02702	0.01961	0.09001	0.01870	0.02131	0.04605	0.00823	0.00777	0.00229	0.01112	0.00717	0.00464	0.01030
71	0.02535	0.02384	0.12364	0.02095	0.09555	0.11031	0.01687	0.18907	0.13512	0.14909	0.02093	0.02087	0.01502	0.00883	0.00761	0.00236	0.00903	0.00697	0.00649	0.01210
72	0.01081	0.00793	0.01021	0.01019	0.01197	0.00733	0.00777	0.01406	0.02031	0.02795	0.47239	0.12549	0.13501	0.01774	0.00941	0.00266	0.00419	0.08937	0.00809	0.00711
73	0.01042	0.00747	0.01006	0.01077	0.01153	0.00764	0.00749	0.01214	0.01406	0.01933	0.08728	0.32886	0.03917	0.16709	0.22272	0.00673	0.00991	0.01516	0.00592	0.00627
74	0.02181	0.02531	0.02110	0.05574	0.07871	0.35566	0.04893	0.02612	0.07304	0.02173	0.04828	0.02797	0.12318	0.01036	0.00821	0.00229	0.02947	0.00803	0.00494	0.00912
75	0.01118	0.00791	0.01043	0.01043	0.01111	0.00859	0.00715	0.01254	0.01186	0.01649	0.02263	0.04077	0.02386	0.39841	0.36264	0.00995	0.01403	0.00982	0.00443	0.00579
76	0.00945	0.00675	0.00900	0.01080	0.01125	0.00630	0.00720	0.01080	0.01484	0.01979	0.04274	0.72245	0.05128	0.02429	0.00990	0.00315	0.00450	0.02204	0.00720	0.00630
77	0.01969	0.01902	0.03335	0.06921	0.46805	0.01909	0.15061	0.07706	0.01929	0.02699	0.01512	0.01955	0.01217	0.00707	0.00799	0.00238	0.00999	0.00737	0.00417	0.01184
78	0.01739	0.01667	0.02426	0.12909	0.25766	0.07279	0.07123	0.05538	0.01914	0.02550	0.12273	0.10724	0.02602	0.01067	0.00825	0.00247	0.00864	0.00983	0.00515	0.00987
79	0.02324	0.01479	0.01692	0.01464	0.01933	0.01572	0.01163	0.03747	0.40492	0.23306	0.03440	0.03293	0.06200	0.01116	0.00804	0.00259	0.00618	0.03062	0.00835	0.01204
80	0.01249	0.00892	0.01249	0.01428	0.01606	0.00892	0.01249	0.01606	0.01785	0.02320	0.04105	0.08746	0.04462	0.02142	0.01071	0.00357	0.00714	0.62695	0.00714	0.00714
81	0.01608	0.01378	0.01608	0.01148	0.01837	0.01034	0.00919	0.01952	0.01608	0.02527	0.01378	0.01608	0.01148	0.00574	0.00574	0.00115	0.00574	0.00459	0.00459	0.77491
82	0.01628	0.01498	0.02393	0.47149	0.16566	0.01690	0.02018	0.04655	0.01684	0.02270	0.01413	0.01975	0.01096	0.00741	0.00749	0.00235	0.00949	0.00662	0.00384	0.10244
83	0.01504	0.08083	0.48030	0.01855	0.02770	0.01647	0.02252	0.02223	0.01714	0.02492	0.10821	0.02425	0.04610	0.00890	0.00742	0.00233	0.00950	0.00714	0.00425	0.05620
84	0.01002	0.00699	0.00883	0.01007	0.01038	0.00668	0.00642	0.01095	0.01373	0.01831	0.03704	0.51344	0.04410	0.24311	0.01910	0.00451	0.00544	0.01869	0.00642	0.00580
85	0.02584	0.01152	0.01536	0.01248	0.01683	0.01036	0.00998	0.05420	0.02204	0.41418	0.23381	0.03593	0.03577	0.01252	0.00946	0.04465	0.00575	0.00968	0.00884	0.01079
86	0.01501	0.05760	0.17316	0.01566	0.01988	0.01547	0.01497	0.07192	0.03855	0.02521	0.12078	0.17895	0.06864	0.01430	0.01134	0.00273	0.12976	0.01140	0.00567	0.00902
87	0.01128	0.00752	0.00846	0.00846	0.00846	0.00752	0.00470	0.01128	0.01128	0.01503	0.02443	0.05074	0.02819	0.72751	0.03946	0.00752	0.00752	0.01128	0.00470	0.00470
88	0.00945	0.00675	0.00900	0.01080	0.01125	0.00630	0.00720	0.01080	0.01484	0.01979	0.04274	0.72245	0.05128	0.02429	0.00990	0.00315	0.00450	0.02204	0.00720	0.00630
89	0.01915	0.44831	0.23814	0.01632	0.02407	0.06205	0.01795	0.02363	0.01614	0.02022	0.01226	0.01454	0.01033	0.00923	0.03664	0.00240	0.01014	0.00487	0.00338	0.01023
90	0.01091	0.00745	0.00898	0.00962	0.00991	0.00733	0.00609	0.01161	0.01284	0.01706	0.03080	0.22989	0.03579	0.47632	0.02899	0.00600	0.00669	0.07277	0.00558	0.00535
91	0.01916	0.08077	0.02773	0.02128	0.02341	0.11930	0.09734	0.02158	0.01446	0.01946	0.01119	0.01666	0.01033	0.01129	0.01901	0.00295	0.46499	0.00661	0.00354	0.00893
92	0.01269	0.01318	0.07737	0.10095	0.10266	0.01160	0.01339	0.01628	0.01683	0.02305	0.16548	0.13127	0.12873	0.04590	0.07179	0.00369	0.03932	0.01198	0.00570	0.00815
93	0.01108	0.00831	0.01246	0.01246	0.01385	0.00969	0.00969	0.01385	0.01246	0.01800	0.02077	0.03046	0.01938	0.05815	0.69678	0.01246	0.02077	0.00831	0.00415	0.00692
94	0.02019	0.65999	0.10808	0.01419	0.02132	0.02936	0.01487	0.02336	0.01582	0.01890	0.01111	0.01285	0.00994	0.00671	0.00522	0.00174	0.00862	0.00431	0.00331	0.01011
95	0.01164	0.00952	0.01019	0.00984	0.01267	0.00894	0.00764	0.04956	0.07891	0.02458	0.11871	0.06701	0.47479	0.01806	0.00910	0.00267	0.00463	0.06657	0.00740	0.00755
96	0.01161	0.00871	0.01240	0.01138	0.01271	0.00851	0.06186	0.01284	0.01382	0.01844	0.08009	0.10431	0.10847	0.32795	0.10399	0.07115	0.00848	0.01211	0.00526	0.00590
97	0.01126	0.00756	0.00869	0.00869	0.00877	0.00764	0.00498	0.01142	0.01134	0.01520	0.02422	0.04958	0.02768	0.68914	0.07714	0.00780	0.00828	0.01111	0.00467	0.00483
98	0.00947	0.00689	0.00894	0.01048	0.01118	0.00636	0.00708	0.01096	0.01536	0.02030	0.06835	0.63721	0.11176	0.02355	0.00980	0.00307	0.00441	0.02122	0.00724	0.00636
99	0.01156	0.00778	0.01001	0.01093	0.01191	0.00742	0.00748	0.03885	0.01628	0.04801	0.08883	0.55706	0.04817	0.08188	0.01217	0.00340	0.00494	0.01932	0.00721	0.00680
100	0.01792	0.01965	0.04119	0.05861	0.13022	0.01884	0.50589	0.02394	0.01781	0.02437	0.01572	0.02115	0.01218	0.00929	0.04425	0.00308	0.01282	0.00871	0.00390	0.01047
101	0.06722	0.12276	0.05170	0.01974	0.06061	0.34457	0.01540	0.12832	0.04642	0.02562	0.01372	0.01552	0.01106	0.00821	0.00755	0.00214	0.03914	0.00551	0.00464	0.01015
102	0.01035	0.00739	0.01003	0.01183	0.01267	0.00707	0.00876	0.01235	0.01573	0.02080	0.04224	0.53468	0.04931	0.02344	0.01014	0.00327	0.00528	0.20091	0.00718	0.00655
103	0.03426	0.01404	0.01852	0.01420	0.02021	0.01265	0.01173	0.09869	0.02360	0.62161	0.02940	0.02562	0.01860	0.00957	0.00779	0.00239	0.00679	0.00772	0.00941	0.01319
104	0.01519	0.01468	0.04834	0.01551	0.06693	0.09662	0.01115	0.04365	0.05289	0.02363	0.05850	0.25925	0.06802	0.05664	0.01027	0.00293	0.00688	0.05844	0.08239	0.00809
105	0.01974	0.02195	0.12216	0.08661	0.19314	0.07834	0.07913	0.10321	0.07014	0.02805	0.01746	0.02051	0.01345	0.00796	0.00746	0.00232	0.00941	0.00697	0.10116	0.01085
106	0.01091	0.00738	0.00845	0.00880	0.00921	0.00718	0.00534	0.01154	0.01280	0.01723	0.03269	0.18509	0.08709	0.48879	0.02917	0.00592	0.00640	0.01363	0.04708	0.00531
107	0.01269	0.00895	0.01118	0.06883	0.01415	0.00958	0.00764	0.04806	0.01387	0.01914	0.04549	0.04206	0.02549	0.44956	0.14166	0.00714	0.00966	0.01004	0.04870	0.00610

[dist]
# distance from previous block
# <min> <max>
7	9

[block]
# block no. 2 follows, 25 sequences, length 49
# corresponding to MSA columns:
# 160-185,188-210
name=unknown_C
#
# <colnr> <probs for GDERKNQSTAVLIFYWHMCP>
#	G	D	E	R	K	N	Q	S	T	A	V	L	I	F	Y	W	H	M	C	P
0	0.02310	0.02427	0.14530	0.01914	0.06350	0.08681	0.01652	0.30528	0.02590	0.03499	0.01759	0.04891	0.01393	0.00889	0.00736	0.00219	0.00895	0.00693	0.03733	0.10310
1	0.01915	0.02028	0.07002	0.07169	0.53200	0.04636	0.04196	0.02491	0.05163	0.02514	0.01533	0.01943	0.01254	0.00720	0.00769	0.00234	0.00955	0.00692	0.00401	0.01188
2	0.02194	0.04223	0.08075	0.02459	0.16729	0.04934	0.06516	0.24345	0.08815	0.03293	0.02174	0.02407	0.05404	0.03860	0.00910	0.00258	0.00895	0.00778	0.00579	0.01152
3	0.01280	0.01056	0.01452	0.01381	0.01478	0.01291	0.01064	0.01599	0.05181	0.01881	0.02154	0.09552	0.02168	0.12830	0.35030	0.00825	0.17629	0.00967	0.00456	0.00726
4	0.11576	0.02090	0.09616	0.02171	0.13975	0.05005	0.01604	0.15705	0.18890	0.05247	0.02244	0.02288	0.04402	0.00911	0.00739	0.00242	0.00804	0.00729	0.00607	0.01151
5	0.01106	0.00761	0.00869	0.00869	0.00904	0.00758	0.00518	0.01145	0.01197	0.01581	0.02930	0.05153	0.08900	0.61153	0.08454	0.00741	0.00814	0.01154	0.00490	0.00504
6	0.02474	0.04564	0.02098	0.01736	0.02223	0.22762	0.01364	0.19052	0.26867	0.03177	0.02108	0.02083	0.01602	0.00916	0.00742	0.00228	0.00919	0.00688	0.00641	0.03756
7	0.01413	0.01172	0.01372	0.01107	0.01586	0.00974	0.00858	0.01872	0.06676	0.02611	0.15362	0.08733	0.09076	0.01090	0.00723	0.00181	0.00509	0.00928	0.00608	0.43148
8	0.00991	0.00727	0.00925	0.01030	0.01137	0.00670	0.00724	0.01183	0.01656	0.02198	0.15841	0.45106	0.14693	0.04529	0.01068	0.00311	0.00452	0.05373	0.00735	0.00651
9	0.01702	0.03014	0.35931	0.02863	0.08579	0.01873	0.29796	0.02462	0.01730	0.02474	0.01473	0.01855	0.01085	0.00697	0.00816	0.00251	0.01199	0.00730	0.00360	0.01109
10	0.00969	0.00693	0.00924	0.01081	0.01143	0.00648	0.00738	0.01133	0.01561	0.02097	0.10266	0.63924	0.05315	0.02340	0.00985	0.00309	0.00450	0.04049	0.00732	0.00642
11	0.01579	0.01395	0.01919	0.01696	0.01810	0.01815	0.01384	0.07694	0.01444	0.02126	0.01522	0.02252	0.01415	0.03100	0.29237	0.00692	0.36937	0.00741	0.00411	0.00830
12	0.03430	0.01397	0.01847	0.01416	0.02018	0.01255	0.01170	0.09382	0.02349	0.62664	0.02950	0.02568	0.01865	0.00957	0.00779	0.00239	0.00677	0.00772	0.00943	0.01319
13	0.00951	0.00778	0.00832	0.00850	0.01073	0.00669	0.00628	0.01152	0.01747	0.02143	0.11618	0.13429	0.52612	0.04796	0.01048	0.00288	0.00421	0.03592	0.00720	0.00652
14	0.02778	0.02084	0.02279	0.05685	0.02538	0.02326	0.01492	0.56609	0.08793	0.04584	0.01943	0.01960	0.01390	0.00932	0.00777	0.00237	0.00843	0.00713	0.00752	0.01285
15	0.01574	0.03393	0.51512	0.02411	0.08623	0.01771	0.07382	0.02346	0.01652	0.02418	0.01785	0.02049	0.05041	0.00826	0.00838	0.00250	0.03985	0.00677	0.00361	0.01103
16	0.01436	0.01236	0.01982	0.55434	0.04358	0.01504	0.01793	0.01891	0.01529	0.02076	0.01625	0.02415	0.01307	0.06280	0.00983	0.00285	0.00915	0.00727	0.11412	0.00811
17	0.00982	0.00701	0.00938	0.01093	0.01151	0.00670	0.00749	0.01136	0.01489	0.01995	0.05794	0.60277	0.04868	0.05817	0.05023	0.00388	0.00567	0.05036	0.00694	0.00633
18	0.01915	0.01855	0.03218	0.04686	0.64767	0.01848	0.05471	0.02385	0.01769	0.02531	0.01464	0.01928	0.01226	0.00689	0.00775	0.00232	0.00940	0.00702	0.00384	0.01219
19	0.01569	0.01629	0.03213	0.02618	0.07921	0.01563	0.37111	0.02050	0.01763	0.02382	0.05623	0.12177	0.08065	0.01159	0.00988	0.00274	0.03820	0.04645	0.00500	0.00930
20	0.01868	0.01491	0.04721	0.01230	0.01927	0.01084	0.01039	0.02232	0.01695	0.11784	0.01615	0.01754	0.01249	0.00636	0.00611	0.00138	0.00613	0.00510	0.00524	0.63280
21	0.01373	0.00785	0.00911	0.05800	0.01275	0.00815	0.00701	0.01717	0.01609	0.02677	0.07851	0.03219	0.02412	0.05664	0.06065	0.00307	0.00564	0.00810	0.54729	0.00716
22	0.01567	0.01315	0.01543	0.01153	0.01763	0.01024	0.00909	0.03599	0.01679	0.02571	0.04549	0.07717	0.01758	0.00784	0.00630	0.00141	0.00562	0.00654	0.00507	0.65575
23	0.01907	0.01900	0.07399	0.01469	0.02088	0.08466	0.03395	0.09988	0.05193	0.05011	0.02275	0.04068	0.07792	0.00876	0.00699	0.00185	0.00752	0.00708	0.00544	0.35285
24	0.01220	0.00931	0.01146	0.03201	0.01419	0.00957	0.00863	0.01792	0.13366	0.02438	0.18458	0.27153	0.06121	0.10894	0.01312	0.00345	0.00535	0.06373	0.00720	0.00755
25	0.12309	0.14530	0.42627	0.01821	0.02714	0.04255	0.02162	0.02372	0.01636	0.02517	0.05283	0.01764	0.01347	0.00776	0.00672	0.00230	0.00981	0.00574	0.00384	0.01046
26	0.01803	0.01602	0.05815	0.07554	0.08879	0.08715	0.04125	0.02182	0.01975	0.12291	0.20567	0.04052	0.12959	0.01227	0.00838	0.00245	0.00739	0.02854	0.00652	0.00926
27	0.01810	0.01470	0.01745	0.01476	0.01881	0.06978	0.07563	0.02609	0.18333	0.10830	0.16432	0.06265	0.14176	0.01269	0.00839	0.00247	0.00663	0.01100	0.00724	0.03590
28	0.15607	0.51558	0.08306	0.01309	0.01953	0.02618	0.01318	0.02299	0.01537	0.02220	0.01174	0.01358	0.01015	0.00691	0.00515	0.00186	0.00789	0.00443	0.04139	0.00965
29	0.04922	0.01691	0.02626	0.11352	0.29177	0.01763	0.08312	0.13409	0.02035	0.02837	0.02149	0.05478	0.06455	0.01085	0.03082	0.00278	0.00927	0.00848	0.00495	0.01078
30	0.01886	0.07659	0.02761	0.19889	0.24222	0.05090	0.07892	0.02323	0.01770	0.07198	0.03443	0.02741	0.01680	0.00903	0.00793	0.00247	0.00947	0.07070	0.00460	0.01026
31	0.01203	0.00928	0.01410	0.01298	0.01464	0.00988	0.06457	0.01466	0.01424	0.02050	0.08539	0.11008	0.02843	0.14739	0.31123	0.00765	0.03613	0.01075	0.06915	0.00692
32	0.02144	0.60440	0.07737	0.01463	0.02123	0.11225	0.01441	0.02426	0.01656	0.01871	0.01112	0.01287	0.00995	0.00685	0.00537	0.00175	0.00919	0.00435	0.00340	0.00992
33	0.01098	0.00739	0.00854	0.00883	0.00890	0.00732	0.00510	0.01120	0.01185	0.01580	0.02736	0.15821	0.03188	0.61499	0.03473	0.00682	0.00703	0.01300	0.00510	0.00495
34	0.02805	0.02034	0.02175	0.01683	0.02262	0.02245	0.01385	0.59303	0.03454	0.04697	0.01925	0.01959	0.01382	0.00928	0.00753	0.00228	0.00807	0.00700	0.08012	0.01262
35	0.01909	0.01885	0.02297	0.01941	0.02086	0.07910	0.01599	0.07996	0.01537	0.02206	0.01140	0.01680	0.01055	0.01210	0.02072	0.00300	0.53394	0.00649	0.00395	0.06739
36	0.01041	0.00790	0.00959	0.00917	0.01124	0.00708	0.00687	0.01355	0.02062	0.02795	0.49005	0.06310	0.26012	0.01703	0.00915	0.00249	0.00374	0.01475	0.00812	0.00708
37	0.00967	0.00691	0.00926	0.01106	0.01160	0.00649	0.00759	0.01119	0.01507	0.02005	0.04261	0.67521	0.05079	0.02408	0.00996	0.00318	0.00469	0.06705	0.00719	0.00636
38	0.02024	0.66652	0.10198	0.01410	0.02120	0.02948	0.01473	0.02334	0.01581	0.01884	0.01108	0.01281	0.00994	0.00670	0.00520	0.00173	0.00859	0.00430	0.00331	0.01009
39	0.01105	0.00759	0.00928	0.00946	0.00977	0.00781	0.00591	0.01172	0.01186	0.01608	0.02556	0.11414	0.02881	0.52879	0.16246	0.00803	0.00975	0.01179	0.00484	0.00528
40	0.01787	0.01494	0.01152	0.01087	0.01302	0.17522	0.00790	0.03946	0.01738	0.02463	0.02170	0.02887	0.01875	0.13713	0.01195	0.00289	0.00698	0.00740	0.42413	0.00739
41	0.02688	0.01906	0.02080	0.01655	0.02209	0.02097	0.01349	0.43560	0.15910	0.10153	0.02256	0.02207	0.01622	0.01101	0.02809	0.00268	0.00808	0.00746	0.03316	0.01262
42	0.01712	0.01975	0.08882	0.07299	0.03283	0.01916	0.33651	0.02229	0.01615	0.02332	0.01495	0.02029	0.01188	0.00868	0.01260	0.00272	0.18596	0.00794	0.07643	0.00962
43	0.00953	0.00681	0.00907	0.01074	0.01127	0.00636	0.00720	0.01101	0.01525	0.02043	0.07859	0.68476	0.05252	0.02381	0.00985	0.00311	0.00445	0.02159	0.00727	0.00636
44	0.02050	0.04388	0.08102	0.05823	0.19969	0.09985	0.04340	0.07765	0.18835	0.02721	0.01853	0.02060	0.01451	0.00873	0.00897	0.00246	0.06295	0.00707	0.00511	0.01129
45	0.07976	0.18351	0.05389	0.01569	0.02159	0.06453	0.01371	0.23818	0.12601	0.08311	0.02003	0.01994	0.02974	0.00884	0.00690	0.00222	0.00813	0.00652	0.00624	0.01146
46	0.01009	0.00743	0.00955	0.01073	0.01193	0.00689	0.00784	0.01219	0.01672	0.02201	0.13104	0.42663	0.15666	0.02196	0.00981	0.00304	0.00472	0.11680	0.00736	0.00661
47	0.01776	0.01595	0.01661	0.01551	0.04677	0.09702	0.03288	0.09783	0.16736	0.02971	0.18557	0.04050	0.12789	0.01263	0.00826	0.00245	0.00676	0.02861	0.04044	0.00953
48	0.00971	0.00773	0.00871	0.00877	0.01089	0.00673	0.00646	0.01208	0.01852	0.02367	0.24286	0.15394	0.42419	0.01917	0.00925	0.00264	0.00393	0.01644	0.00758	0.00673

[dist]
# distance from previous block
# <min> <max>
3	24

[block]
# block no. 3 follows, 25 sequences, length 74
# corresponding to MSA columns:
# 236-309
name=unknown_D
#
# <colnr> <probs for GDERKNQSTAVLIFYWHMCP>
#	G	D	E	R	K	N	Q	S	T	A	V	L	I	F	Y	W	H	M	C	P
0	0.05589	0.04294	0.02087	0.01898	0.07624	0.17682	0.01391	0.11912	0.07395	0.02693	0.04808	0.02055	0.01589	0.01381	0.07424	0.00323	0.09926	0.00665	0.00511	0.08757
1	0.01945	0.08352	0.17724	0.05744	0.14012	0.08001	0.01817	0.05844	0.06854	0.07415	0.09172	0.05755	0.02134	0.00958	0.00762	0.00236	0.00884	0.00797	0.00529	0.01067
2	0.01773	0.01536	0.04943	0.01595	0.07922	0.04664	0.01180	0.02272	0.06527	0.07923	0.05393	0.04614	0.01883	0.01257	0.06543	0.00272	0.00783	0.00705	0.06129	0.32087
3	0.01085	0.00802	0.01023	0.01030	0.01146	0.00826	0.00736	0.01275	0.01471	0.02010	0.12018	0.14439	0.13942	0.19338	0.20398	0.00649	0.03181	0.01294	0.02702	0.00637
4	0.36671	0.01547	0.01736	0.08340	0.15984	0.04909	0.01327	0.02217	0.01532	0.05699	0.01652	0.08909	0.01484	0.01130	0.03646	0.00289	0.00798	0.00723	0.00486	0.00920
5	0.02423	0.02172	0.01959	0.01681	0.02143	0.16705	0.01317	0.22063	0.26159	0.05564	0.04427	0.05786	0.02032	0.01043	0.00779	0.00241	0.00842	0.00820	0.00704	0.01141
6	0.02947	0.02172	0.02327	0.01784	0.02404	0.02404	0.01474	0.65329	0.03646	0.04887	0.01862	0.01862	0.01319	0.00931	0.00776	0.00233	0.00853	0.00698	0.00776	0.01319
7	0.02896	0.03695	0.02197	0.01998	0.02397	0.69638	0.01498	0.03096	0.02197	0.01898	0.01199	0.01398	0.00999	0.00799	0.00699	0.00200	0.01398	0.00499	0.00400	0.00899
8	0.00921	0.00766	0.00806	0.00838	0.01061	0.00650	0.00612	0.01107	0.01717	0.02074	0.07219	0.18956	0.56515	0.02046	0.00929	0.00271	0.00403	0.01737	0.00720	0.00650
9	0.01336	0.05838	0.04639	0.01133	0.01453	0.08761	0.00932	0.01669	0.03911	0.02230	0.13044	0.07328	0.32078	0.01988	0.07824	0.00345	0.00747	0.01235	0.02746	0.00762
10	0.01654	0.01330	0.01523	0.01159	0.01728	0.01110	0.00910	0.06936	0.03795	0.02693	0.01770	0.05673	0.01555	0.03875	0.00762	0.00173	0.00581	0.00635	0.07020	0.55117
11	0.02679	0.02799	0.02222	0.02080	0.07865	0.35991	0.01498	0.22514	0.04579	0.02973	0.04250	0.01912	0.01469	0.02766	0.00826	0.00231	0.01103	0.00643	0.00549	0.01051
12	0.02208	0.05016	0.05974	0.02545	0.18387	0.06473	0.09651	0.12518	0.06292	0.09930	0.02025	0.04270	0.01616	0.00896	0.00771	0.00236	0.00889	0.02717	0.06467	0.01120
13	0.00942	0.00684	0.00890	0.01055	0.01118	0.00632	0.00709	0.01082	0.01509	0.01989	0.04578	0.66738	0.10439	0.02390	0.00983	0.00310	0.00445	0.02156	0.00720	0.00632
14	0.01913	0.01595	0.02069	0.10506	0.07563	0.01572	0.04082	0.17640	0.05425	0.03027	0.01848	0.07837	0.01583	0.00882	0.00725	0.00202	0.00751	0.00754	0.00553	0.29475
15	0.01044	0.00778	0.00893	0.00893	0.01017	0.00753	0.00603	0.01167	0.01391	0.01780	0.04430	0.05623	0.27223	0.34168	0.14333	0.00653	0.00848	0.01268	0.00555	0.00579
16	0.01684	0.21169	0.52700	0.01991	0.03017	0.02115	0.02483	0.02422	0.01622	0.02299	0.01314	0.01540	0.00985	0.00718	0.00677	0.00226	0.01067	0.00534	0.00328	0.01108
17	0.00995	0.00704	0.00922	0.01078	0.01128	0.00668	0.00731	0.01131	0.01462	0.01945	0.04015	0.57869	0.04763	0.11804	0.01392	0.00377	0.00513	0.07203	0.00686	0.00616
18	0.02625	0.01953	0.02096	0.01643	0.02200	0.02139	0.01345	0.53690	0.05942	0.04473	0.05814	0.02619	0.07760	0.01064	0.00796	0.00237	0.00776	0.00827	0.00775	0.01224
19	0.02478	0.01607	0.01826	0.01451	0.01983	0.01640	0.01176	0.27417	0.10130	0.18097	0.08369	0.02973	0.08090	0.01067	0.00784	0.00230	0.00673	0.00860	0.00790	0.08359
20	0.01126	0.00756	0.00867	0.00867	0.00874	0.00763	0.00496	0.01141	0.01134	0.01519	0.02424	0.04966	0.02772	0.69202	0.07431	0.00778	0.00822	0.01112	0.00467	0.00482
21	0.01846	0.01768	0.03016	0.15321	0.57919	0.01823	0.02343	0.02316	0.01731	0.02445	0.01446	0.01943	0.01197	0.00704	0.00769	0.00235	0.00939	0.00691	0.00378	0.01170
22	0.12793	0.02392	0.01906	0.01650	0.02103	0.26083	0.01291	0.16837	0.12389	0.05916	0.04483	0.02025	0.01604	0.01124	0.03838	0.00273	0.01003	0.00656	0.00598	0.01037
23	0.00978	0.00720	0.00916	0.01011	0.01121	0.00658	0.00703	0.01178	0.01699	0.02272	0.20209	0.46550	0.14821	0.02155	0.00961	0.00290	0.00421	0.01926	0.00752	0.00658
24	0.04130	0.05684	0.28546	0.13094	0.11731	0.01847	0.08751	0.05718	0.04571	0.02596	0.04867	0.02036	0.01439	0.00792	0.00760	0.00244	0.01007	0.00692	0.00419	0.01077
25	0.02104	0.13010	0.08323	0.10104	0.05831	0.12945	0.01668	0.13709	0.04850	0.02631	0.04950	0.01964	0.01491	0.01046	0.02770	0.00264	0.10190	0.00657	0.00477	0.01016
26	0.00966	0.00691	0.00904	0.01066	0.01120	0.00647	0.00717	0.01102	0.01482	0.01965	0.04283	0.63452	0.07252	0.06888	0.01178	0.00342	0.00476	0.04143	0.00704	0.00623
27	0.01912	0.01866	0.03958	0.04658	0.05409	0.12919	0.01302	0.11087	0.18427	0.02745	0.05643	0.06052	0.07527	0.04709	0.07965	0.00369	0.00947	0.00913	0.00609	0.00983
28	0.00965	0.00778	0.00840	0.00861	0.01072	0.00677	0.00632	0.01158	0.01715	0.02110	0.10692	0.13087	0.49494	0.08008	0.01188	0.00312	0.00442	0.04618	0.00707	0.00644
29	0.01849	0.15886	0.02208	0.04994	0.05448	0.07667	0.01265	0.13121	0.01973	0.02533	0.07444	0.09143	0.04622	0.04970	0.09690	0.00384	0.04465	0.00892	0.00530	0.00912
30	0.24399	0.05505	0.02155	0.09437	0.08028	0.13969	0.04695	0.11602	0.01949	0.05570	0.01434	0.01703	0.01115	0.01025	0.04092	0.00280	0.00978	0.00587	0.00490	0.00986
31	0.01051	0.00791	0.01028	0.01041	0.01204	0.00779	0.00782	0.01311	0.01679	0.02270	0.22212	0.13499	0.18398	0.05966	0.20755	0.00570	0.00905	0.04420	0.00660	0.00679
32	0.01966	0.01690	0.01723	0.01311	0.01917	0.07740	0.01045	0.13913	0.02046	0.02940	0.01550	0.01745	0.01237	0.00690	0.00621	0.00151	0.00686	0.00530	0.07024	0.49474
33	0.01227	0.00897	0.01125	0.01162	0.01338	0.00901	0.00893	0.01754	0.09998	0.02612	0.24699	0.19451	0.05062	0.05562	0.01094	0.00312	0.00518	0.16135	0.04506	0.00755
34	0.08600	0.31266	0.16029	0.01720	0.05579	0.08919	0.01625	0.02513	0.01682	0.07933	0.01401	0.01577	0.01113	0.00756	0.00672	0.00207	0.03263	0.00522	0.03595	0.01026
35	0.02312	0.02599	0.02234	0.02611	0.20943	0.36720	0.01635	0.02618	0.01978	0.02216	0.01695	0.02438	0.01511	0.00915	0.00742	0.00223	0.01094	0.06926	0.07634	0.00958
36	0.00943	0.00783	0.00803	0.00800	0.01036	0.00667	0.00586	0.01131	0.01734	0.02095	0.10358	0.07176	0.59097	0.07962	0.01174	0.00303	0.00422	0.01582	0.00705	0.00643
37	0.01336	0.01320	0.07391	0.01512	0.01850	0.01174	0.09711	0.04778	0.01576	0.02216	0.05699	0.03432	0.07654	0.09996	0.32263	0.00746	0.01396	0.00933	0.04226	0.00789
38	0.10652	0.14466	0.02446	0.01909	0.07727	0.25065	0.01430	0.17079	0.02244	0.02842	0.01396	0.01584	0.01120	0.00808	0.00705	0.00211	0.02786	0.00553	0.03953	0.01024
39	0.01622	0.00918	0.01225	0.01187	0.01437	0.00851	0.00946	0.01923	0.01939	0.16442	0.23572	0.12831	0.07418	0.05209	0.01088	0.00308	0.00556	0.18906	0.00798	0.00824
40	0.58669	0.10920	0.01954	0.01343	0.01885	0.01940	0.09007	0.02311	0.01417	0.03138	0.01141	0.01362	0.00902	0.00704	0.00537	0.00233	0.00719	0.00482	0.00449	0.00886
41	0.12934	0.08565	0.02129	0.01650	0.02146	0.28060	0.01312	0.13565	0.11270	0.05566	0.01643	0.01714	0.01267	0.00831	0.00676	0.00215	0.00973	0.00578	0.00549	0.04356
42	0.01164	0.00733	0.00980	0.01102	0.01198	0.00676	0.00756	0.01320	0.01566	0.07661	0.05892	0.64518	0.04915	0.02281	0.00970	0.00307	0.00465	0.02061	0.00744	0.00691
43	0.01463	0.01349	0.02255	0.67794	0.05145	0.01679	0.02082	0.01973	0.01554	0.02021	0.01429	0.02103	0.01076	0.00781	0.00765	0.00255	0.01004	0.00691	0.03726	0.00855
44	0.02283	0.32725	0.11367	0.01649	0.02272	0.15209	0.01561	0.13980	0.02067	0.02524	0.01342	0.01521	0.01095	0.00783	0.00694	0.00202	0.03550	0.00525	0.03613	0.01038
45	0.02219	0.01993	0.02152	0.01803	0.02304	0.08280	0.06732	0.16460	0.42162	0.03392	0.02574	0.02475	0.01924	0.00970	0.00789	0.00251	0.00794	0.00808	0.00717	0.01200
46	0.01034	0.00744	0.00980	0.01019	0.01144	0.00689	0.00727	0.01304	0.01900	0.02641	0.41274	0.33359	0.06408	0.01935	0.00946	0.00273	0.00401	0.01735	0.00798	0.00689
47	0.01562	0.01457	0.05049	0.03998	0.18016	0.04098	0.01352	0.04638	0.07001	0.02746	0.18783	0.08516	0.08749	0.01214	0.00805	0.00240	0.00651	0.01059	0.09133	0.00934
48	0.01957	0.01595	0.02114	0.12834	0.08815	0.01729	0.04825	0.23654	0.07711	0.03301	0.10262	0.04936	0.07363	0.01228	0.02578	0.00275	0.00816	0.02315	0.00644	0.01047
49	0.00940	0.00694	0.00880	0.01028	0.01111	0.00634	0.00697	0.01085	0.01534	0.02000	0.04902	0.60876	0.16092	0.02347	0.00977	0.00306	0.00440	0.02105	0.00720	0.00634
50	0.05473	0.05002	0.17977	0.04402	0.19119	0.04743	0.01931	0.14151	0.10058	0.02957	0.01735	0.02058	0.01372	0.04618	0.00907	0.00264	0.00919	0.00680	0.00500	0.01135
51	0.01049	0.00791	0.00970	0.00925	0.01129	0.00711	0.00694	0.01370	0.02082	0.02841	0.51716	0.06234	0.23272	0.01685	0.00915	0.00249	0.00373	0.01464	0.00818	0.00711
52	0.01835	0.05523	0.02074	0.04514	0.02045	0.11496	0.01417	0.02206	0.06410	0.05279	0.01690	0.05636	0.01544	0.02066	0.14401	0.00465	0.29310	0.00766	0.00446	0.00876
53	0.08156	0.04897	0.02360	0.02353	0.13783	0.32034	0.04430	0.02648	0.05151	0.02227	0.01640	0.01919	0.03996	0.01024	0.02847	0.00260	0.08252	0.00639	0.00428	0.00957
54	0.02395	0.01571	0.01725	0.01433	0.01901	0.01698	0.01148	0.22376	0.23379	0.14324	0.02614	0.02534	0.01894	0.00969	0.00733	0.00233	0.00643	0.00774	0.16490	0.01167
55	0.10582	0.02300	0.10958	0.05590	0.17436	0.10631	0.10056	0.11507	0.02030	0.05565	0.01647	0.05235	0.01342	0.00843	0.00755	0.00239	0.00987	0.00729	0.00485	0.01080
56	0.01172	0.00843	0.01018	0.01054	0.01235	0.00798	0.00758	0.01562	0.07828	0.05330	0.15772	0.36093	0.19652	0.01980	0.00931	0.00282	0.00447	0.01745	0.00760	0.00740
57	0.01712	0.01801	0.08222	0.17520	0.32814	0.01715	0.02039	0.02469	0.11335	0.02574	0.08300	0.02458	0.01944	0.00855	0.00784	0.00244	0.00863	0.00779	0.00478	0.01094
58	0.02422	0.02640	0.05131	0.10417	0.05772	0.27831	0.04283	0.16334	0.06692	0.02721	0.01518	0.01769	0.01185	0.00876	0.00902	0.00236	0.07109	0.00635	0.00492	0.01035
59	0.00941	0.00768	0.00824	0.00862	0.01071	0.00662	0.00629	0.01124	0.01691	0.02057	0.06869	0.19057	0.51672	0.04917	0.01057	0.00294	0.00428	0.03722	0.00710	0.00645
60	0.02180	0.01626	0.01742	0.07336	0.02130	0.07895	0.01206	0.19855	0.07292	0.11560	0.20046	0.03293	0.05127	0.01126	0.00802	0.00237	0.00711	0.00923	0.03885	0.01029
61	0.01821	0.12703	0.36704	0.02287	0.03179	0.05134	0.16228	0.05524	0.01776	0.02445	0.01386	0.01687	0.01046	0.00748	0.00822	0.00240	0.04180	0.00635	0.00368	0.01088
