[name]
unknown

[dist]
# distance from previous block
# <min> <max>
5	40

[block]
# block no. 0 follows, 39 sequences, length 20
# corresponding to MSA columns:
# 40-59
name=unknown_A
#
# <colnr> <probs for GDERKNQSTAVLIFYWHMCP>
#	G	D	E	R	K	N	Q	S	T	A	V	L	I	F	Y	W	H	M	C	P
0	0.66396	0.01199	0.00999	0.00878	0.01248	0.01384	0.00716	0.07291	0.10945	0.02710	0.01079	0.01161	0.00823	0.00595	0.00414	0.00185	0.00473	0.00383	0.00414	0.00707
1	0.01097	0.02207	0.47994	0.01369	0.01998	0.01151	0.01614	0.01739	0.08223	0.01897	0.05588	0.02574	0.14654	0.00840	0.00610	0.00195	0.00687	0.04411	0.00371	0.00780
2	0.02209	0.02819	0.01676	0.01524	0.01828	0.76843	0.01143	0.02361	0.01676	0.01447	0.00914	0.01066	0.00762	0.00609	0.00533	0.00152	0.01066	0.00381	0.00305	0.00686
3	0.02019	0.01538	0.01647	0.01302	0.01745	0.01703	0.01061	0.53647	0.19867	0.03351	0.01640	0.01600	0.01192	0.00720	0.00588	0.00179	0.00598	0.00557	0.00584	0.04463
4	0.01464	0.01405	0.02400	0.03630	0.75528	0.01405	0.01815	0.01815	0.01347	0.01932	0.01112	0.01464	0.00937	0.00527	0.00585	0.00176	0.00703	0.00527	0.00293	0.00937
5	0.02599	0.01094	0.01426	0.01094	0.01553	0.00999	0.00903	0.12356	0.01838	0.66258	0.02211	0.01933	0.01402	0.00729	0.00594	0.00182	0.00523	0.00586	0.00713	0.01006
6	0.01157	0.00696	0.00906	0.00818	0.01011	0.00644	0.00625	0.03842	0.01676	0.13711	0.56249	0.09316	0.04668	0.01165	0.00682	0.00189	0.00331	0.01022	0.00654	0.00637
7	0.01947	0.01651	0.25851	0.01236	0.01794	0.01027	0.01273	0.02387	0.04386	0.41519	0.09099	0.02007	0.01648	0.00726	0.00594	0.00185	0.00601	0.00593	0.00561	0.00916
8	0.02653	0.01006	0.01372	0.01052	0.01510	0.00869	0.00869	0.02882	0.01693	0.75937	0.02333	0.02013	0.01464	0.00732	0.00595	0.00183	0.00503	0.00595	0.00732	0.01006
9	0.01185	0.01121	0.01897	0.63221	0.18115	0.01332	0.01676	0.01571	0.01215	0.01594	0.01063	0.01554	0.00817	0.00579	0.00590	0.00193	0.00771	0.00526	0.00269	0.00712
10	0.01914	0.06032	0.30862	0.01422	0.02057	0.01199	0.07674	0.02343	0.01467	0.36628	0.01657	0.01622	0.01098	0.00633	0.00579	0.00183	0.00698	0.00527	0.00481	0.00923
11	0.01117	0.01051	0.01774	0.77795	0.04073	0.01314	0.01642	0.01511	0.01182	0.01511	0.01051	0.01577	0.00788	0.00591	0.00591	0.00197	0.00788	0.00526	0.00263	0.00657
12	0.01464	0.01405	0.02400	0.03630	0.75528	0.01405	0.01815	0.01815	0.01347	0.01932	0.01112	0.01464	0.00937	0.00527	0.00585	0.00176	0.00703	0.00527	0.00293	0.00937
13	0.02061	0.05786	0.16431	0.01522	0.08658	0.05870	0.04581	0.04336	0.04047	0.38096	0.01728	0.01668	0.01167	0.00651	0.00577	0.00179	0.00662	0.00535	0.00516	0.00929
14	0.02236	0.05496	0.09856	0.01327	0.04011	0.06281	0.06147	0.02528	0.01573	0.49602	0.01921	0.03549	0.01301	0.00696	0.00586	0.00181	0.00626	0.00579	0.00577	0.00928
15	0.02074	0.01146	0.03613	0.01145	0.03641	0.04962	0.00918	0.07031	0.04995	0.43283	0.15439	0.02508	0.02198	0.00837	0.00617	0.00186	0.00519	0.03361	0.00645	0.00881
16	0.01448	0.01398	0.02416	0.06410	0.70217	0.01405	0.04370	0.01806	0.01342	0.01915	0.01113	0.01473	0.00930	0.00528	0.00590	0.00177	0.00716	0.00533	0.00292	0.00921
17	0.01314	0.11319	0.34422	0.02209	0.22884	0.01469	0.10538	0.01797	0.01283	0.01818	0.01168	0.04997	0.00971	0.00599	0.00573	0.00181	0.00787	0.00539	0.00282	0.00850
18	0.01933	0.06041	0.17197	0.01361	0.06153	0.01113	0.03577	0.05284	0.01551	0.37504	0.05183	0.05445	0.03460	0.00755	0.00593	0.00184	0.00600	0.00630	0.00540	0.00896
19	0.01499	0.03518	0.32336	0.01917	0.15873	0.03156	0.07504	0.04263	0.06481	0.11253	0.01600	0.01711	0.04927	0.00643	0.00588	0.00185	0.00740	0.00553	0.00375	0.00878

[dist]
# distance from previous block
# <min> <max>
0	1

[block]
# block no. 1 follows, 39 sequences, length 27
# corresponding to MSA columns:
# 61-87
name=unknown_B
#
# <colnr> <probs for GDERKNQSTAVLIFYWHMCP>
#	G	D	E	R	K	N	Q	S	T	A	V	L	I	F	Y	W	H	M	C	P
0	0.01663	0.03405	0.19138	0.03376	0.02187	0.01378	0.17637	0.15147	0.08440	0.13945	0.03122	0.01836	0.04589	0.00679	0.00613	0.00188	0.00720	0.00609	0.00454	0.00876
1	0.01360	0.04723	0.09421	0.20597	0.41345	0.01426	0.01693	0.01874	0.08288	0.01856	0.01205	0.01519	0.00959	0.00571	0.00577	0.00182	0.00714	0.00523	0.00309	0.00857
2	0.01431	0.01549	0.16462	0.06906	0.37161	0.01220	0.01587	0.01846	0.03508	0.10236	0.01542	0.11116	0.01346	0.00734	0.00604	0.00189	0.00667	0.00664	0.00373	0.00859
3	0.01733	0.01427	0.09789	0.01949	0.16954	0.01246	0.14563	0.04903	0.01456	0.23753	0.02958	0.06222	0.01314	0.00732	0.00748	0.00195	0.08094	0.00646	0.00449	0.00866
4	0.01364	0.01336	0.02393	0.13247	0.49196	0.01354	0.13521	0.01734	0.01325	0.01849	0.01252	0.04532	0.01087	0.00610	0.00617	0.00187	0.00745	0.02495	0.00306	0.00849
5	0.01581	0.05186	0.27789	0.07815	0.06627	0.01321	0.10211	0.08820	0.01500	0.15507	0.01604	0.01818	0.04146	0.00668	0.00596	0.00188	0.00739	0.02626	0.00401	0.00857
6	0.01502	0.00897	0.03614	0.01156	0.08926	0.00757	0.00819	0.01719	0.01450	0.27943	0.08659	0.14261	0.22041	0.02639	0.00699	0.00203	0.00443	0.00957	0.00581	0.00736
7	0.01212	0.08058	0.71380	0.01642	0.02491	0.01437	0.02108	0.01866	0.01245	0.01841	0.01046	0.01229	0.00750	0.00558	0.00550	0.00183	0.00858	0.00429	0.00250	0.00866
8	0.01609	0.65974	0.08934	0.01116	0.01633	0.09390	0.01120	0.01836	0.01251	0.01436	0.00851	0.00984	0.00758	0.00520	0.00409	0.00134	0.00694	0.00332	0.00258	0.00761
9	0.01868	0.08961	0.14814	0.11301	0.12483	0.01262	0.01348	0.05195	0.01487	0.31152	0.01613	0.03402	0.01148	0.00659	0.00570	0.00180	0.00647	0.00545	0.00470	0.00893
10	0.01246	0.01203	0.14955	0.01304	0.07407	0.00898	0.01083	0.01597	0.04300	0.13489	0.02047	0.20229	0.01946	0.01966	0.20949	0.00405	0.00837	0.02991	0.00442	0.00708
11	0.01011	0.00519	0.00758	0.00758	0.00758	0.00519	0.00499	0.00779	0.00779	0.01039	0.01107	0.01996	0.01135	0.09438	0.02378	0.74927	0.00519	0.00547	0.00267	0.00267
12	0.01410	0.01613	0.13822	0.04037	0.30733	0.01327	0.21571	0.01832	0.01368	0.06528	0.04310	0.01792	0.04200	0.00615	0.00648	0.00188	0.02203	0.00616	0.00339	0.00849
13	0.01546	0.72818	0.09548	0.01071	0.01610	0.02255	0.01115	0.01780	0.01206	0.01434	0.00843	0.00975	0.00758	0.00511	0.00396	0.00132	0.00654	0.00327	0.00253	0.00769
14	0.01647	0.55931	0.12058	0.01184	0.01706	0.13253	0.01183	0.04271	0.01331	0.01538	0.00886	0.01020	0.00766	0.00535	0.00432	0.00140	0.00728	0.00348	0.00272	0.00771
15	0.01554	0.72082	0.02976	0.01064	0.01521	0.02289	0.01039	0.01738	0.01173	0.01394	0.00818	0.00982	0.00761	0.00557	0.00529	0.00139	0.08048	0.00335	0.00254	0.00748
16	0.01456	0.07115	0.06795	0.03327	0.65915	0.01470	0.01779	0.01815	0.01330	0.01890	0.01089	0.01414	0.00913	0.00527	0.00569	0.00173	0.00708	0.00506	0.00287	0.00920
17	0.11894	0.01599	0.02043	0.04075	0.09453	0.15057	0.19172	0.08120	0.03122	0.01988	0.01245	0.07468	0.01095	0.00729	0.00757	0.00195	0.10278	0.00611	0.00354	0.00745
18	0.00893	0.00656	0.00808	0.00846	0.00965	0.00634	0.00612	0.07850	0.01412	0.01878	0.14542	0.47248	0.12946	0.01589	0.00726	0.00222	0.00367	0.04690	0.00569	0.00548
19	0.01634	0.01021	0.01509	0.01516	0.12504	0.03789	0.08305	0.01867	0.01431	0.27481	0.05504	0.26450	0.02263	0.01051	0.00657	0.00201	0.00544	0.00954	0.00544	0.00775
20	0.01398	0.01339	0.02283	0.17574	0.62093	0.01388	0.01782	0.01758	0.01316	0.01853	0.01101	0.01485	0.00909	0.00539	0.00587	0.00180	0.00719	0.00527	0.00287	0.00884
21	0.01464	0.01405	0.02400	0.03630	0.75528	0.01405	0.01815	0.01815	0.01347	0.01932	0.01112	0.01464	0.00937	0.00527	0.00585	0.00176	0.00703	0.00527	0.00293	0.00937
22	0.01353	0.01434	0.02884	0.02530	0.18811	0.01377	0.47175	0.01829	0.04169	0.01895	0.01435	0.06657	0.01236	0.00649	0.00678	0.00200	0.00852	0.03698	0.00335	0.00803
23	0.01487	0.07852	0.03241	0.02398	0.09531	0.01521	0.56944	0.01932	0.01392	0.05950	0.01221	0.01554	0.00921	0.00515	0.00656	0.00190	0.00913	0.00646	0.00319	0.00819
24	0.01282	0.01236	0.02147	0.41491	0.34534	0.01364	0.06123	0.01664	0.01266	0.01714	0.01086	0.01530	0.00858	0.00558	0.00595	0.00188	0.00765	0.00537	0.00278	0.00785
25	0.01414	0.01396	0.02503	0.11811	0.55922	0.01409	0.13205	0.01793	0.01336	0.01879	0.01119	0.01497	0.00914	0.00530	0.00604	0.00182	0.00759	0.00554	0.00290	0.00883
26	0.01341	0.11846	0.59357	0.01528	0.02304	0.01424	0.01894	0.01921	0.01291	0.07820	0.03235	0.01365	0.00945	0.00587	0.00547	0.00180	0.00799	0.00453	0.00300	0.00862

[dist]
# distance from previous block
# <min> <max>
5	58

[block]
# block no. 2 follows, 39 sequences, length 24
# corresponding to MSA columns:
# 175-198
name=unknown_C
#
# <colnr> <probs for GDERKNQSTAVLIFYWHMCP>
#	G	D	E	R	K	N	Q	S	T	A	V	L	I	F	Y	W	H	M	C	P
0	0.01297	0.01235	0.02099	0.39348	0.41115	0.01361	0.01732	0.01669	0.01268	0.01729	0.01083	0.01518	0.00865	0.00558	0.00588	0.00186	0.00744	0.00526	0.00278	0.00802
1	0.01508	0.01302	0.07844	0.01632	0.02085	0.01092	0.30686	0.01900	0.03386	0.18907	0.02216	0.12620	0.07418	0.00873	0.00674	0.00203	0.00698	0.03711	0.00467	0.00779
2	0.01355	0.04493	0.51471	0.01814	0.02582	0.01390	0.18998	0.01950	0.01315	0.07357	0.01182	0.01380	0.00838	0.00558	0.00592	0.00188	0.00870	0.00508	0.00297	0.00863
3	0.01562	0.01326	0.02503	0.01876	0.02352	0.01270	0.42134	0.02131	0.11318	0.15200	0.01799	0.07996	0.01453	0.00731	0.00675	0.00203	0.00769	0.03439	0.00446	0.00819
4	0.01004	0.00645	0.00892	0.00923	0.01044	0.00603	0.02967	0.03139	0.01265	0.09621	0.03120	0.60047	0.05664	0.01634	0.00732	0.00231	0.00399	0.04940	0.00562	0.00566
5	0.01350	0.06114	0.25279	0.13170	0.18071	0.01441	0.20329	0.01837	0.01307	0.03870	0.01128	0.01435	0.00853	0.00544	0.00597	0.00186	0.00834	0.00534	0.00287	0.00834
6	0.01381	0.01320	0.02250	0.21372	0.58434	0.01383	0.01774	0.01742	0.01307	0.01831	0.01098	0.01491	0.00901	0.00542	0.00587	0.00181	0.00723	0.00527	0.00286	0.00870
7	0.01464	0.01405	0.02400	0.03630	0.75528	0.01405	0.01815	0.01815	0.01347	0.01932	0.01112	0.01464	0.00937	0.00527	0.00585	0.00176	0.00703	0.00527	0.00293	0.00937
8	0.02459	0.01188	0.04252	0.01301	0.05626	0.03311	0.04604	0.02722	0.01643	0.63244	0.02120	0.01905	0.01359	0.00699	0.00596	0.00183	0.00570	0.00584	0.00656	0.00977
9	0.01186	0.03059	0.76153	0.01686	0.02560	0.01373	0.02185	0.01873	0.01249	0.01873	0.01061	0.01249	0.00749	0.00562	0.00562	0.00187	0.00874	0.00437	0.00250	0.00874
10	0.02085	0.01042	0.01328	0.01133	0.03652	0.01003	0.00876	0.10551	0.10486	0.43096	0.09248	0.08976	0.02047	0.00876	0.00619	0.00190	0.00486	0.00736	0.00663	0.00906
11	0.01464	0.01405	0.02400	0.03630	0.75528	0.01405	0.01815	0.01815	0.01347	0.01932	0.01112	0.01464	0.00937	0.00527	0.00585	0.00176	0.00703	0.00527	0.00293	0.00937
12	0.02277	0.01184	0.03057	0.01373	0.06243	0.03840	0.07913	0.02599	0.04458	0.53574	0.03749	0.03922	0.01506	0.00731	0.00608	0.00185	0.00581	0.00631	0.00626	0.00941
13	0.00733	0.00530	0.00697	0.00826	0.00876	0.00494	0.00567	0.00849	0.01159	0.01531	0.03421	0.69963	0.08297	0.01818	0.00755	0.00240	0.00353	0.05859	0.00549	0.00485
14	0.00729	0.00525	0.00694	0.00825	0.00870	0.00489	0.00562	0.00841	0.01150	0.01524	0.03361	0.73042	0.06676	0.01830	0.00755	0.00240	0.00350	0.04506	0.00549	0.00484
15	0.01319	0.17624	0.54542	0.01593	0.02362	0.01586	0.06321	0.04810	0.01312	0.01858	0.01038	0.01219	0.00771	0.00553	0.00536	0.00176	0.00826	0.00434	0.00267	0.00853
16	0.01429	0.01771	0.15352	0.02756	0.32037	0.01455	0.28926	0.05401	0.01419	0.01996	0.01151	0.01475	0.00893	0.00531	0.00624	0.00187	0.00841	0.00577	0.00303	0.00877
17	0.01186	0.03059	0.76153	0.01686	0.02560	0.01373	0.02185	0.01873	0.01249	0.01873	0.01061	0.01249	0.00749	0.00562	0.00562	0.00187	0.00874	0.00437	0.00250	0.00874
18	0.00940	0.00814	0.04569	0.01049	0.01230	0.00727	0.03029	0.01294	0.06200	0.01847	0.12690	0.20185	0.06214	0.01475	0.00754	0.00241	0.00483	0.35136	0.00542	0.00581
19	0.12101	0.01788	0.12956	0.01461	0.06255	0.09823	0.03071	0.24421	0.04589	0.15748	0.01411	0.01440	0.00999	0.00647	0.00556	0.00179	0.00686	0.00495	0.00480	0.00893
20	0.02023	0.01766	0.08594	0.01647	0.09224	0.05684	0.04246	0.46172	0.05591	0.07019	0.01415	0.01465	0.01019	0.00670	0.00590	0.00179	0.00696	0.00532	0.00512	0.00958
21	0.00911	0.00747	0.04415	0.00720	0.00948	0.00578	0.00579	0.01081	0.01325	0.08307	0.04903	0.12823	0.53384	0.05609	0.00813	0.00222	0.00366	0.01174	0.00541	0.00554
22	0.05950	0.01475	0.02159	0.04790	0.41937	0.07206	0.09115	0.08438	0.03868	0.02130	0.06174	0.01643	0.01248	0.00605	0.00590	0.00179	0.00710	0.00564	0.00359	0.00859
23	0.03706	0.01129	0.05847	0.01257	0.09228	0.01028	0.00925	0.04753	0.19470	0.05858	0.18133	0.02876	0.13089	0.00895	0.00608	0.00180	0.00458	0.00758	0.00523	0.09277

[dist]
# distance from previous block
# <min> <max>
0	5

[block]
# block no. 3 follows, 39 sequences, length 20
# corresponding to MSA columns:
# 204-223
name=unknown_D
#
# <colnr> <probs for GDERKNQSTAVLIFYWHMCP>
#	G	D	E	R	K	N	Q	S	T	A	V	L	I	F	Y	W	H	M	C	P
0	0.01309	0.01215	0.02214	0.01748	0.06156	0.01113	0.34261	0.01716	0.04091	0.07097	0.07374	0.04507	0.12024	0.00751	0.00648	0.00182	0.00682	0.00766	0.00415	0.11730
1	0.01306	0.01095	0.01253	0.00944	0.01419	0.00935	0.00752	0.06607	0.10840	0.02146	0.05469	0.01548	0.01273	0.00548	0.00484	0.00114	0.00447	0.00445	0.00416	0.61959
2	0.01293	0.00902	0.01213	0.01004	0.01336	0.00790	0.05969	0.01627	0.06762	0.13614	0.08542	0.20793	0.07074	0.00994	0.00610	0.00172	0.00446	0.00880	0.00513	0.25468
3	0.01937	0.01315	0.05848	0.01357	0.05785	0.01175	0.05999	0.16836	0.06470	0.27752	0.06543	0.01848	0.01471	0.00685	0.00584	0.00171	0.00573	0.00578	0.00554	0.12519
4	0.01464	0.01405	0.02400	0.03630	0.75528	0.01405	0.01815	0.01815	0.01347	0.01932	0.01112	0.01464	0.00937	0.00527	0.00585	0.00176	0.00703	0.00527	0.00293	0.00937
5	0.00757	0.00595	0.00684	0.00675	0.00838	0.00522	0.00501	0.00957	0.01467	0.01910	0.34305	0.10389	0.41483	0.01404	0.00702	0.00197	0.00294	0.01205	0.00591	0.00522
6	0.01556	0.01403	0.01406	0.01251	0.01574	0.06977	0.00977	0.06553	0.62181	0.02414	0.02174	0.02042	0.01642	0.00794	0.00658	0.00199	0.04094	0.00634	0.00564	0.00908
7	0.01116	0.01053	0.01795	0.72523	0.03925	0.01293	0.03975	0.01509	0.01207	0.01555	0.03734	0.01680	0.00965	0.00610	0.00599	0.00197	0.00777	0.00551	0.00278	0.00658
8	0.02381	0.01175	0.01806	0.01350	0.01835	0.01073	0.14497	0.09032	0.01734	0.55572	0.02038	0.01881	0.01317	0.00686	0.00614	0.00186	0.00609	0.00608	0.00638	0.00967
9	0.01326	0.01950	0.22547	0.02233	0.02888	0.01436	0.52184	0.01866	0.01356	0.01884	0.01226	0.01675	0.00943	0.00553	0.00666	0.00199	0.00949	0.03016	0.00294	0.00809
10	0.00706	0.00599	0.00609	0.00606	0.00803	0.00502	0.00455	0.00862	0.01364	0.01637	0.09478	0.05627	0.71777	0.01483	0.00699	0.00199	0.00299	0.01239	0.00554	0.00502
11	0.01334	0.03328	0.14786	0.01616	0.06017	0.01218	0.18378	0.12527	0.02936	0.04018	0.09689	0.14926	0.03568	0.00899	0.00652	0.00197	0.00666	0.02037	0.00439	0.00767
12	0.01656	0.04763	0.18352	0.01555	0.07797	0.01199	0.08735	0.07188	0.02681	0.21682	0.03357	0.07897	0.02888	0.00812	0.00651	0.00194	0.02610	0.04667	0.00471	0.00844
13	0.01384	0.03831	0.35860	0.05809	0.07189	0.01210	0.05672	0.01911	0.04347	0.12394	0.03920	0.02132	0.07063	0.00732	0.00601	0.00191	0.00712	0.03828	0.00388	0.00827
14	0.04205	0.00934	0.01268	0.01423	0.13726	0.00943	0.03298	0.01696	0.14872	0.06184	0.13349	0.13054	0.12251	0.01113	0.00664	0.00206	0.00470	0.09109	0.00525	0.00709
15	0.01297	0.04624	0.55330	0.01551	0.02289	0.01357	0.04089	0.04399	0.07892	0.04996	0.01524	0.01627	0.05125	0.00645	0.00575	0.00187	0.00780	0.00519	0.00331	0.00863
16	0.01369	0.01427	0.06333	0.08841	0.49493	0.03380	0.04046	0.01773	0.03863	0.01911	0.05424	0.01791	0.03934	0.00615	0.00593	0.00178	0.00684	0.00579	0.00330	0.03434
17	0.01249	0.01210	0.04387	0.34395	0.26569	0.01241	0.01519	0.03685	0.01330	0.01834	0.06851	0.01826	0.01277	0.00630	0.00588	0.00180	0.00683	0.02132	0.00326	0.08088
18	0.01540	0.03315	0.06456	0.05766	0.07095	0.20251	0.17514	0.03420	0.06635	0.04854	0.05876	0.02199	0.08904	0.00748	0.00619	0.00184	0.00779	0.02708	0.00392	0.00747
19	0.01369	0.01530	0.09064	0.19335	0.24683	0.05600	0.15737	0.01761	0.01320	0.03264	0.01195	0.04191	0.00979	0.00588	0.00599	0.00181	0.00780	0.00573	0.00306	0.06945

[dist]
# distance from previous block
# <min> <max>
6	17

[block]
# block no. 4 follows, 39 sequences, length 32
# corresponding to MSA columns:
# 241-272
name=unknown_E
#
# <colnr> <probs for GDERKNQSTAVLIFYWHMCP>
#	G	D	E	R	K	N	Q	S	T	A	V	L	I	F	Y	W	H	M	C	P
0	0.01150	0.02985	0.14075	0.01252	0.01537	0.01183	0.03901	0.01438	0.01249	0.03783	0.18711	0.08174	0.03885	0.00972	0.01031	0.00203	0.24657	0.00729	0.00402	0.08683
1	0.01189	0.04268	0.15482	0.01551	0.11453	0.01117	0.07980	0.06268	0.06506	0.01950	0.04916	0.14984	0.12423	0.00940	0.00624	0.00189	0.00589	0.00832	0.00421	0.06317
2	0.01315	0.11277	0.37375	0.01427	0.02032	0.01455	0.04109	0.05860	0.12707	0.02042	0.08082	0.01676	0.01383	0.00672	0.00614	0.00182	0.03602	0.00532	0.00365	0.03294
3	0.01451	0.01387	0.03938	0.01917	0.23610	0.08699	0.06308	0.06435	0.03348	0.04891	0.10258	0.04088	0.04891	0.00706	0.00585	0.00165	0.00622	0.00625	0.00409	0.15668
4	0.01248	0.01030	0.01215	0.00916	0.01370	0.00854	0.00731	0.01596	0.06184	0.04314	0.04338	0.01619	0.03496	0.00666	0.02592	0.00135	0.03235	0.00451	0.00394	0.63617
5	0.00711	0.00553	0.00646	0.00721	0.00831	0.00489	0.00503	0.00835	0.01231	0.01550	0.04512	0.45294	0.36639	0.01690	0.00729	0.00222	0.00323	0.01483	0.00549	0.00489
6	0.01150	0.02705	0.64519	0.01584	0.02349	0.01275	0.04063	0.01761	0.01253	0.01856	0.05598	0.01622	0.01137	0.05747	0.00734	0.00213	0.00822	0.00511	0.00283	0.00819
7	0.01186	0.03059	0.76153	0.01686	0.02560	0.01373	0.02185	0.01873	0.01249	0.01873	0.01061	0.01249	0.00749	0.00562	0.00562	0.00187	0.00874	0.00437	0.00250	0.00874
8	0.02209	0.02819	0.01676	0.01524	0.01828	0.76843	0.01143	0.02361	0.01676	0.01447	0.00914	0.01066	0.00762	0.00609	0.00533	0.00152	0.01066	0.00381	0.00305	0.00686
9	0.00736	0.00546	0.00687	0.00767	0.00851	0.00497	0.00531	0.00877	0.01263	0.01669	0.15672	0.52444	0.17942	0.01678	0.00735	0.00223	0.00324	0.01497	0.00566	0.00497
10	0.02209	0.02819	0.01676	0.01524	0.01828	0.76843	0.01143	0.02361	0.01676	0.01447	0.00914	0.01066	0.00762	0.00609	0.00533	0.00152	0.01066	0.00381	0.00305	0.00686
11	0.01089	0.01017	0.01696	0.72494	0.03850	0.01257	0.01563	0.01465	0.01187	0.01514	0.01308	0.04066	0.03757	0.00664	0.00600	0.00198	0.00756	0.00588	0.00282	0.00646
12	0.01147	0.00781	0.00930	0.00886	0.01077	0.00762	0.00666	0.13442	0.01581	0.07684	0.13344	0.32736	0.17567	0.01407	0.00698	0.00211	0.00397	0.03475	0.00584	0.00626
13	0.01108	0.01094	0.05011	0.01533	0.05550	0.01011	0.19143	0.01549	0.07193	0.01912	0.11936	0.08885	0.06564	0.01111	0.00754	0.00222	0.02954	0.21329	0.00467	0.00672
14	0.01423	0.00747	0.00949	0.00850	0.01092	0.00673	0.00650	0.01677	0.04311	0.26658	0.20518	0.17121	0.16447	0.03206	0.00729	0.00208	0.00384	0.01032	0.00632	0.00693
15	0.06760	0.40396	0.35457	0.01296	0.01957	0.01844	0.01510	0.01814	0.01210	0.01688	0.00929	0.01083	0.00747	0.00534	0.00460	0.00157	0.00728	0.00370	0.00259	0.00802
16	0.48302	0.01264	0.07941	0.00930	0.01308	0.01234	0.00820	0.01924	0.13143	0.05193	0.06375	0.01713	0.03601	0.03377	0.00555	0.00200	0.00487	0.00497	0.00432	0.00705
17	0.01214	0.08833	0.57579	0.01537	0.02247	0.04206	0.01861	0.01765	0.01238	0.01767	0.01243	0.08836	0.01062	0.00702	0.00613	0.00189	0.03466	0.00550	0.00282	0.00811
18	0.01198	0.01585	0.23907	0.01200	0.01638	0.01101	0.02649	0.09505	0.12982	0.02322	0.27408	0.04486	0.05711	0.00907	0.00631	0.00190	0.00546	0.00770	0.00501	0.00762
19	0.02653	0.01006	0.01372	0.01052	0.01510	0.00869	0.00869	0.02882	0.01693	0.75937	0.02333	0.02013	0.01464	0.00732	0.00595	0.00183	0.00503	0.00595	0.00732	0.01006
20	0.01330	0.01257	0.01958	0.33262	0.02850	0.01491	0.12419	0.06392	0.15607	0.01882	0.01314	0.01644	0.01016	0.00703	0.00843	0.00208	0.14136	0.00579	0.00355	0.00753
21	0.13223	0.01702	0.01429	0.01250	0.01604	0.20245	0.00978	0.14517	0.34138	0.02453	0.01650	0.01618	0.01250	0.00704	0.00550	0.00182	0.00646	0.00526	0.00493	0.00844
22	0.00776	0.00602	0.00706	0.00680	0.00846	0.00532	0.00510	0.00998	0.01530	0.02030	0.44689	0.04979	0.36319	0.01336	0.00698	0.00192	0.00288	0.01148	0.00606	0.00532
23	0.01570	0.68449	0.07737	0.01081	0.01596	0.04558	0.01089	0.01861	0.04717	0.01476	0.00916	0.01032	0.00808	0.00527	0.00407	0.00135	0.00654	0.00343	0.00271	0.00773
24	0.01256	0.07766	0.56031	0.01812	0.02603	0.01463	0.17130	0.01871	0.01277	0.01846	0.01074	0.01302	0.00781	0.00545	0.00579	0.00186	0.00884	0.00484	0.00260	0.00850
25	0.02653	0.01006	0.01372	0.01052	0.01510	0.00869	0.00869	0.02882	0.01693	0.75937	0.02333	0.02013	0.01464	0.00732	0.00595	0.00183	0.00503	0.00595	0.00732	0.01006
26	0.00709	0.00559	0.00641	0.00707	0.00827	0.00490	0.00497	0.00837	0.01244	0.01555	0.04679	0.40815	0.41010	0.01668	0.00726	0.00219	0.00320	0.01456	0.00549	0.00490
27	0.09883	0.01360	0.03214	0.01400	0.08829	0.03577	0.01049	0.24110	0.06844	0.28250	0.04327	0.01732	0.01328	0.00702	0.00573	0.00181	0.00578	0.00555	0.00576	0.00931
28	0.00855	0.00619	0.00737	0.00698	0.00875	0.00547	0.00527	0.01080	0.01544	0.05032	0.44479	0.04832	0.33401	0.01306	0.00694	0.00191	0.00296	0.01122	0.00613	0.00553
29	0.00730	0.00518	0.00684	0.00812	0.00844	0.00486	0.00536	0.00826	0.01114	0.01486	0.03168	0.73925	0.03796	0.06916	0.00902	0.00262	0.00358	0.01627	0.00536	0.00472
30	0.09646	0.01542	0.01716	0.06804	0.09257	0.04071	0.01168	0.46932	0.05966	0.05079	0.01367	0.01437	0.00995	0.00670	0.00569	0.00180	0.00647	0.00515	0.00513	0.00927
31	0.02917	0.10587	0.06139	0.00942	0.01229	0.01043	0.00807	0.08727	0.07325	0.04263	0.32156	0.10644	0.07089	0.01040	0.00622	0.00184	0.00431	0.00881	0.02293	0.00681

[dist]
# distance from previous block
# <min> <max>
2	7

[block]
# block no. 5 follows, 39 sequences, length 54
# corresponding to MSA columns:
# 281-334
name=unknown_F
#
# <colnr> <probs for GDERKNQSTAVLIFYWHMCP>
#	G	D	E	R	K	N	Q	S	T	A	V	L	I	F	Y	W	H	M	C	P
0	0.01260	0.09949	0.16976	0.01013	0.01411	0.00997	0.00991	0.01631	0.04556	0.13083	0.19188	0.07171	0.17425	0.00999	0.00617	0.00186	0.00493	0.00833	0.00506	0.00715
1	0.01556	0.74765	0.07689	0.01054	0.01583	0.02279	0.01086	0.01777	0.01205	0.01422	0.00837	0.00967	0.00758	0.00509	0.00391	0.00130	0.00648	0.00324	0.00253	0.00766
2	0.01317	0.01255	0.02135	0.35074	0.45233	0.01366	0.01742	0.01686	0.01277	0.01754	0.01086	0.01512	0.00874	0.00554	0.00588	0.00185	0.00739	0.00526	0.00280	0.00818
3	0.01258	0.01245	0.01741	0.01507	0.01509	0.01728	0.01247	0.01386	0.00920	0.01429	0.00932	0.06166	0.00973	0.01086	0.01866	0.00258	0.73246	0.00591	0.00277	0.00636
4	0.01226	0.01051	0.01226	0.00876	0.01401	0.00788	0.00701	0.01489	0.01226	0.01927	0.01051	0.01226	0.00876	0.00438	0.00438	0.00088	0.00438	0.00350	0.00350	0.82832
5	0.01186	0.03059	0.76153	0.01686	0.02560	0.01373	0.02185	0.01873	0.01249	0.01873	0.01061	0.01249	0.00749	0.00562	0.00562	0.00187	0.00874	0.00437	0.00250	0.00874
6	0.01403	0.01343	0.02291	0.16590	0.63041	0.01389	0.01785	0.01762	0.01318	0.01858	0.01102	0.01483	0.00911	0.00538	0.00586	0.00179	0.00718	0.00527	0.00287	0.00888
7	0.01139	0.01073	0.01813	0.73135	0.08563	0.01320	0.01653	0.01530	0.01193	0.01537	0.01055	0.01570	0.00798	0.00587	0.00591	0.00196	0.00783	0.00526	0.00265	0.00675
8	0.00872	0.00623	0.00858	0.00979	0.01084	0.00609	0.00796	0.01093	0.01317	0.01741	0.09216	0.28587	0.03742	0.01665	0.00788	0.00255	0.00461	0.44233	0.00555	0.00526
9	0.01417	0.01357	0.02316	0.13664	0.65860	0.01393	0.01792	0.01774	0.01324	0.01875	0.01104	0.01479	0.00917	0.00536	0.00586	0.00179	0.00714	0.00527	0.00289	0.00899
10	0.02528	0.00999	0.01347	0.01041	0.01479	0.00876	0.00857	0.04733	0.01722	0.69310	0.06887	0.02147	0.01710	0.00761	0.00601	0.00183	0.00493	0.00623	0.00723	0.00978
11	0.02653	0.01006	0.01372	0.01052	0.01510	0.00869	0.00869	0.02882	0.01693	0.75937	0.02333	0.02013	0.01464	0.00732	0.00595	0.00183	0.00503	0.00595	0.00732	0.01006
12	0.00849	0.00617	0.00867	0.00867	0.00944	0.00694	0.00636	0.01003	0.00926	0.01311	0.01660	0.02744	0.01661	0.24794	0.56765	0.00848	0.01309	0.00695	0.00328	0.00482
13	0.01768	0.01378	0.01601	0.03586	0.17773	0.09663	0.01135	0.08466	0.21482	0.16456	0.01906	0.09000	0.01538	0.00793	0.00602	0.00188	0.00604	0.00671	0.00512	0.00878
14	0.02416	0.01285	0.06128	0.01154	0.01627	0.03144	0.00996	0.11735	0.06838	0.55053	0.02104	0.01878	0.01366	0.00720	0.00591	0.00183	0.00558	0.00576	0.00663	0.00984
15	0.00855	0.00593	0.00747	0.00747	0.00782	0.00629	0.00485	0.00925	0.00890	0.01222	0.01770	0.03355	0.01927	0.54332	0.27589	0.00699	0.00910	0.00785	0.00345	0.00415
16	0.01186	0.03059	0.76153	0.01686	0.02560	0.01373	0.02185	0.01873	0.01249	0.01873	0.01061	0.01249	0.00749	0.00562	0.00562	0.00187	0.00874	0.00437	0.00250	0.00874
17	0.01481	0.06445	0.42236	0.01620	0.06220	0.03228	0.03996	0.02215	0.13752	0.10953	0.01435	0.01507	0.01031	0.00618	0.00568	0.00185	0.00746	0.00501	0.00374	0.00891
18	0.01650	0.01524	0.10340	0.23304	0.06467	0.11144	0.03246	0.05587	0.01497	0.18083	0.05029	0.01958	0.06170	0.00710	0.00595	0.00184	0.00710	0.00589	0.00426	0.00785
19	0.01607	0.01829	0.03839	0.18142	0.02340	0.32446	0.08745	0.01927	0.03362	0.03039	0.01467	0.02357	0.01327	0.00796	0.00621	0.00193	0.00867	0.14060	0.00355	0.00682
20	0.00796	0.00569	0.00773	0.00910	0.00977	0.00546	0.00680	0.00954	0.01207	0.01594	0.03218	0.55353	0.03746	0.01781	0.00775	0.00251	0.00409	0.24412	0.00548	0.00501
21	0.01356	0.01258	0.07613	0.01182	0.05601	0.00910	0.04290	0.01667	0.01279	0.07745	0.01163	0.01320	0.00916	0.00479	0.00481	0.00113	0.00520	0.00403	0.00367	0.61338
22	0.01022	0.01295	0.15021	0.38490	0.02804	0.01091	0.03988	0.01400	0.01241	0.01629	0.04167	0.09239	0.14477	0.00874	0.00626	0.00199	0.00671	0.00763	0.00349	0.00655
23	0.00719	0.00563	0.00654	0.00720	0.00840	0.00497	0.00512	0.00854	0.01256	0.01580	0.06245	0.39388	0.38712	0.01659	0.00728	0.00220	0.00326	0.03482	0.00551	0.00493
24	0.01464	0.01405	0.02400	0.03630	0.75528	0.01405	0.01815	0.01815	0.01347	0.01932	0.01112	0.01464	0.00937	0.00527	0.00585	0.00176	0.00703	0.00527	0.00293	0.00937
25	0.01944	0.05079	0.18286	0.01421	0.05882	0.02970	0.05045	0.06321	0.03336	0.35106	0.01899	0.05567	0.02966	0.00730	0.00591	0.00184	0.00637	0.00610	0.00521	0.00904
26	0.01307	0.02666	0.58147	0.01805	0.02603	0.01369	0.15719	0.01933	0.01301	0.05956	0.01157	0.01357	0.00817	0.00559	0.00590	0.00189	0.00877	0.00496	0.00286	0.00867
27	0.01974	0.06716	0.01690	0.01436	0.01705	0.59501	0.01099	0.02125	0.01516	0.01428	0.00967	0.01242	0.00849	0.03351	0.05246	0.00220	0.07547	0.00419	0.00300	0.00667
28	0.01336	0.01182	0.01281	0.00938	0.01449	0.05034	0.00748	0.05475	0.01336	0.01999	0.01064	0.01228	0.00877	0.00462	0.00452	0.00096	0.00484	0.00362	0.00361	0.73838
29	0.06384	0.01599	0.01529	0.01281	0.01670	0.10284	0.01020	0.31677	0.32821	0.02876	0.01746	0.01686	0.01295	0.00729	0.00577	0.00185	0.00611	0.00561	0.00550	0.00919
30	0.00746	0.00533	0.00715	0.00852	0.00897	0.00502	0.00593	0.00867	0.01157	0.01538	0.03246	0.71036	0.03856	0.01829	0.00762	0.00244	0.00365	0.09228	0.00548	0.00487
31	0.01174	0.01109	0.01876	0.65643	0.15781	0.01329	0.01671	0.01561	0.01209	0.01580	0.01061	0.01558	0.00813	0.00581	0.00590	0.00194	0.00774	0.00526	0.00268	0.00703
32	0.00742	0.00530	0.00710	0.00847	0.00891	0.00498	0.00585	0.00860	0.01153	0.01533	0.03248	0.72314	0.03865	0.01833	0.00760	0.00243	0.00361	0.07991	0.00549	0.00486
33	0.02248	0.01656	0.01775	0.01361	0.01834	0.01834	0.01124	0.73556	0.02780	0.03727	0.01420	0.01420	0.01006	0.00710	0.00592	0.00177	0.00651	0.00532	0.00592	0.01006
34	0.01396	0.01595	0.03490	0.02493	0.03091	0.01496	0.73380	0.01894	0.01396	0.01894	0.01196	0.01595	0.00897	0.00499	0.00698	0.00199	0.00997	0.00698	0.00299	0.00798
35	0.00789	0.00537	0.00723	0.00814	0.00868	0.00506	0.00565	0.00875	0.01169	0.01568	0.11903	0.53049	0.05859	0.01778	0.00960	0.11403	0.00368	0.05282	0.00522	0.00464
36	0.01464	0.01405	0.02400	0.03630	0.75528	0.01405	0.01815	0.01815	0.01347	0.01932	0.01112	0.01464	0.00937	0.00527	0.00585	0.00176	0.00703	0.00527	0.00293	0.00937
37	0.01389	0.01642	0.05828	0.02467	0.03074	0.01492	0.71089	0.01894	0.01391	0.01894	0.01192	0.01584	0.00893	0.00501	0.00694	0.00199	0.00993	0.00690	0.00298	0.00800
38	0.00820	0.00649	0.00790	0.00891	0.03300	0.00609	0.00645	0.01067	0.05307	0.01660	0.04228	0.29145	0.32549	0.01568	0.00730	0.00225	0.00381	0.14353	0.00543	0.00539
39	0.00717	0.00541	0.00664	0.00757	0.00841	0.00488	0.00520	0.00838	0.01208	0.01557	0.05910	0.55831	0.24519	0.01734	0.00737	0.00227	0.00329	0.01541	0.00552	0.00488
40	0.01092	0.00940	0.01378	0.31924	0.10896	0.03229	0.01151	0.01322	0.01135	0.01473	0.01564	0.02893	0.01552	0.22982	0.01364	0.03288	0.00683	0.10224	0.00332	0.00577
41	0.01464	0.01405	0.02400	0.03630	0.75528	0.01405	0.01815	0.01815	0.01347	0.01932	0.01112	0.01464	0.00937	0.00527	0.00585	0.00176	0.00703	0.00527	0.00293	0.00937
42	0.01306	0.10561	0.63052	0.01606	0.02399	0.07466	0.01987	0.01902	0.01278	0.01792	0.01026	0.01205	0.00751	0.00560	0.00542	0.00179	0.00866	0.00421	0.00254	0.00848
43	0.01027	0.00514	0.00770	0.00770	0.00770	0.00514	0.00514	0.00770	0.00770	0.01027	0.01027	0.01798	0.01027	0.02054	0.02311	0.82794	0.00514	0.00514	0.00257	0.00257
44	0.01270	0.01280	0.01866	0.01588	0.01885	0.11283	0.23703	0.01617	0.03287	0.01754	0.02138	0.09155	0.02169	0.01113	0.00767	0.00229	0.03238	0.30579	0.00428	0.00652
45	0.01432	0.01372	0.02343	0.10478	0.68930	0.01397	0.01799	0.01787	0.01331	0.01893	0.01107	0.01474	0.00923	0.00533	0.00586	0.00178	0.00710	0.00527	0.00290	0.00911
46	0.02282	0.01601	0.01741	0.01335	0.01807	0.01752	0.01102	0.67579	0.02688	0.09833	0.01497	0.01470	0.01044	0.00712	0.00592	0.00178	0.00638	0.00538	0.00603	0.01006
47	0.01411	0.01138	0.01308	0.00955	0.01467	0.00949	0.00769	0.11415	0.03158	0.04212	0.01168	0.01297	0.00931	0.00492	0.00467	0.00105	0.00470	0.00389	0.00400	0.67500
48	0.01268	0.11042	0.51312	0.04514	0.02604	0.01500	0.15946	0.01853	0.01270	0.01811	0.01061	0.01295	0.00781	0.00544	0.00570	0.00183	0.00869	0.00478	0.00260	0.00839
49	0.02209	0.02819	0.01676	0.01524	0.01828	0.76843	0.01143	0.02361	0.01676	0.01447	0.00914	0.01066	0.00762	0.00609	0.00533	0.00152	0.01066	0.00381	0.00305	0.00686
50	0.01226	0.01051	0.01226	0.00876	0.01401	0.00788	0.00701	0.01489	0.01226	0.01927	0.01051	0.01226	0.00876	0.00438	0.00438	0.00088	0.00438	0.00350	0.00350	0.82832
51	0.00831	0.00569	0.00735	0.00810	0.00877	0.00539	0.00565	0.00961	0.01198	0.03369	0.12436	0.44185	0.05559	0.15535	0.01152	0.00294	0.00400	0.08966	0.00532	0.00489
52	0.02209	0.02819	0.01676	0.01524	0.01828	0.76843	0.01143	0.02361	0.01676	0.01447	0.00914	0.01066	0.00762	0.00609	0.00533	0.00152	0.01066	0.00381	0.00305	0.00686
53	0.01525	0.01654	0.03108	0.02487	0.11877	0.07329	0.54873	0.04210	0.01462	0.03720	0.01199	0.01542	0.00909	0.00523	0.00665	0.00192	0.00943	0.00644	0.00319	0.00818

[dist]
# distance from previous block
# <min> <max>
0	8

# created by:
# /home/cegg/simao/soft/augustus-3.2.1/scripts/msa2prfl.pl ./align_prep/EOG090W0IS9.fa
