[name]
unknown

[dist]
# distance from previous block
# <min> <max>
5	190

[block]
# block no. 0 follows, 30 sequences, length 26
# corresponding to MSA columns:
# 190-215
name=unknown_A
#
# <colnr> <probs for GDERKNQSTAVLIFYWHMCP>
#	G	D	E	R	K	N	Q	S	T	A	V	L	I	F	Y	W	H	M	C	P
0	0.01438	0.00878	0.01091	0.01019	0.01239	0.00851	0.00758	0.06303	0.04396	0.13483	0.14748	0.21169	0.12213	0.08079	0.06467	0.02656	0.00586	0.01231	0.00660	0.00735
1	0.01586	0.01156	0.01385	0.01342	0.05730	0.01208	0.00962	0.13157	0.15198	0.07815	0.12922	0.10752	0.11201	0.05679	0.06393	0.00323	0.00644	0.01029	0.00650	0.00867
2	0.08215	0.01748	0.01896	0.01482	0.02013	0.01901	0.01218	0.47744	0.08916	0.14879	0.01901	0.01832	0.01327	0.00838	0.00681	0.00213	0.00704	0.00636	0.00706	0.01149
3	0.03771	0.00735	0.00824	0.00810	0.01020	0.00655	0.00604	0.01202	0.01675	0.04315	0.25193	0.13384	0.40034	0.01645	0.00814	0.00235	0.00366	0.01404	0.00682	0.00631
4	0.15649	0.00988	0.01063	0.01029	0.01245	0.01031	0.00753	0.12160	0.01621	0.04145	0.02989	0.35322	0.07689	0.09837	0.01065	0.00298	0.00519	0.01298	0.00597	0.00702
5	0.15074	0.01279	0.01540	0.01253	0.01665	0.01313	0.05579	0.17899	0.01991	0.18650	0.05199	0.09201	0.01902	0.00949	0.00654	0.00214	0.00593	0.00781	0.13336	0.00928
6	0.01487	0.00830	0.00849	0.00782	0.00999	0.00859	0.00603	0.10862	0.01713	0.02849	0.02194	0.02474	0.01706	0.00816	0.00517	0.00169	0.00386	0.00647	0.68534	0.00724
7	0.05048	0.00787	0.00880	0.00872	0.00963	0.00794	0.00565	0.05750	0.01324	0.01835	0.05502	0.19115	0.07483	0.43392	0.02352	0.00491	0.00584	0.01199	0.00518	0.00543
8	0.01692	0.00964	0.01181	0.01046	0.01329	0.00925	0.00808	0.06958	0.05893	0.19832	0.19339	0.08106	0.10768	0.09867	0.01093	0.00281	0.00508	0.05066	0.03527	0.00816
9	0.00873	0.00632	0.00830	0.00979	0.01045	0.00589	0.00681	0.01016	0.01379	0.01816	0.04078	0.63870	0.09607	0.02131	0.00892	0.00283	0.00422	0.07652	0.00647	0.00575
10	0.08094	0.01701	0.01864	0.01460	0.01989	0.01835	0.01199	0.43312	0.09934	0.18440	0.01979	0.01885	0.01372	0.00842	0.00682	0.00214	0.00692	0.00643	0.00716	0.01148
11	0.06509	0.00746	0.00844	0.00817	0.01015	0.00696	0.00613	0.01279	0.01734	0.02481	0.38234	0.08674	0.25068	0.01467	0.00775	0.00223	0.00355	0.01254	0.06577	0.00639
12	0.01275	0.00953	0.01101	0.01061	0.01279	0.00970	0.00789	0.08657	0.13233	0.04107	0.14489	0.26671	0.14566	0.04906	0.00936	0.00267	0.00470	0.02843	0.00678	0.00751
13	0.00999	0.00740	0.01083	0.01083	0.01195	0.00852	0.00825	0.01222	0.01110	0.01592	0.01904	0.02934	0.01828	0.12658	0.65400	0.01074	0.01743	0.00776	0.00379	0.00602
14	0.00971	0.00706	0.00914	0.00875	0.01036	0.00649	0.00651	0.01280	0.01917	0.02690	0.63426	0.09581	0.09705	0.01491	0.00827	0.00224	0.00335	0.01317	0.00755	0.00649
15	0.17805	0.01317	0.01538	0.01227	0.01722	0.01302	0.01004	0.12805	0.04165	0.43047	0.02301	0.05305	0.01602	0.00880	0.00658	0.00219	0.00600	0.00689	0.00741	0.01074
16	0.02653	0.01955	0.02094	0.01606	0.02164	0.02164	0.01326	0.68796	0.03281	0.04398	0.01675	0.01675	0.01187	0.00838	0.00698	0.00209	0.00768	0.00628	0.00698	0.01187
17	0.00850	0.00607	0.00810	0.00972	0.01012	0.00567	0.00648	0.00972	0.01336	0.01781	0.03846	0.75020	0.04615	0.02186	0.00891	0.00283	0.00405	0.01984	0.00648	0.00567
18	0.01029	0.00796	0.01184	0.01165	0.01282	0.00950	0.00913	0.01273	0.01118	0.01624	0.01811	0.02667	0.01694	0.04987	0.68380	0.01071	0.06317	0.00739	0.00370	0.00632
19	0.00925	0.00704	0.00851	0.00829	0.01008	0.00630	0.00616	0.01191	0.01807	0.02433	0.45519	0.10521	0.27247	0.01589	0.00828	0.00229	0.00342	0.01380	0.00721	0.00630
20	0.01219	0.00650	0.00991	0.05944	0.01178	0.00671	0.00698	0.00969	0.00943	0.01252	0.01214	0.02103	0.01193	0.02305	0.02587	0.74208	0.00628	0.00607	0.00304	0.00336
21	0.07959	0.02229	0.02079	0.14896	0.10274	0.28351	0.03517	0.13149	0.06660	0.02423	0.01354	0.01588	0.01053	0.00730	0.00656	0.00205	0.00968	0.00558	0.00433	0.00917
22	0.02322	0.01821	0.01867	0.01519	0.01999	0.06126	0.01223	0.40016	0.23449	0.06124	0.04731	0.02097	0.01688	0.00888	0.00703	0.00217	0.00708	0.00694	0.00690	0.01119
23	0.01675	0.01793	0.07291	0.05629	0.26431	0.08462	0.01545	0.02188	0.07080	0.02245	0.01380	0.01641	0.01118	0.00628	0.00624	0.00173	0.00760	0.00538	0.00395	0.28405
24	0.01396	0.01544	0.10123	0.01587	0.01760	0.01654	0.01395	0.04927	0.01255	0.01857	0.01474	0.08180	0.01475	0.06825	0.12614	0.00437	0.39606	0.00765	0.00371	0.00756
25	0.07901	0.13148	0.02176	0.05189	0.02172	0.35963	0.01301	0.17820	0.02114	0.04248	0.01245	0.01385	0.00978	0.00727	0.00611	0.00188	0.00988	0.00490	0.00445	0.00913

[dist]
# distance from previous block
# <min> <max>
0	19

[block]
# block no. 1 follows, 30 sequences, length 32
# corresponding to MSA columns:
# 235-266
name=unknown_B
#
# <colnr> <probs for GDERKNQSTAVLIFYWHMCP>
#	G	D	E	R	K	N	Q	S	T	A	V	L	I	F	Y	W	H	M	C	P
0	0.01364	0.01288	0.02177	0.65919	0.12323	0.01563	0.01961	0.01824	0.01417	0.01839	0.01249	0.01845	0.00950	0.00689	0.00697	0.00230	0.00919	0.00620	0.00314	0.00813
1	0.01788	0.63920	0.14956	0.01326	0.01995	0.02572	0.01423	0.02109	0.01427	0.01736	0.01017	0.01178	0.00894	0.00608	0.00483	0.00161	0.00793	0.00397	0.00298	0.00918
2	0.01565	0.09956	0.02310	0.01760	0.01827	0.02208	0.01489	0.01726	0.01108	0.01675	0.00922	0.01481	0.00914	0.01151	0.02081	0.00288	0.65873	0.00584	0.00305	0.00778
3	0.01536	0.01238	0.01456	0.01045	0.01660	0.00935	0.00837	0.01844	0.01476	0.05923	0.01320	0.01496	0.01070	0.00535	0.00527	0.00109	0.00521	0.00429	0.00437	0.75607
4	0.02531	0.01670	0.01860	0.01478	0.01992	0.01803	0.01204	0.37986	0.19566	0.19044	0.02206	0.02063	0.01542	0.00871	0.00702	0.00218	0.00675	0.00685	0.00738	0.01166
5	0.01609	0.01364	0.01471	0.01340	0.01694	0.01551	0.01044	0.03291	0.57856	0.02870	0.12218	0.03168	0.02817	0.01051	0.00736	0.00238	0.00525	0.03417	0.00715	0.01025
6	0.00867	0.00709	0.00766	0.00752	0.00969	0.00607	0.00564	0.01084	0.01691	0.02124	0.23753	0.06322	0.54006	0.01678	0.00824	0.00231	0.00347	0.01418	0.00679	0.00607
7	0.01679	0.01607	0.02718	0.04091	0.67343	0.01600	0.02055	0.02080	0.01589	0.02259	0.01623	0.01996	0.04861	0.00683	0.00698	0.00209	0.00803	0.00668	0.00362	0.01078
8	0.01631	0.01662	0.02448	0.36518	0.29126	0.09662	0.05009	0.02051	0.01545	0.01980	0.01257	0.01744	0.00998	0.00667	0.00693	0.00217	0.00941	0.00611	0.00331	0.00909
9	0.01318	0.01240	0.02093	0.73798	0.04806	0.01550	0.01938	0.01783	0.01395	0.01783	0.01240	0.01860	0.00930	0.00698	0.00698	0.00233	0.00930	0.00620	0.00310	0.00775
10	0.01012	0.00681	0.00781	0.00774	0.00793	0.00674	0.00450	0.01049	0.01124	0.01517	0.09969	0.04640	0.02996	0.67082	0.03242	0.00625	0.00637	0.01043	0.00462	0.00450
11	0.01182	0.00721	0.00880	0.00865	0.00970	0.00693	0.00577	0.01304	0.01331	0.08241	0.10583	0.16199	0.07400	0.36078	0.05946	0.00489	0.00612	0.01173	0.04179	0.00576
12	0.02707	0.01868	0.02040	0.01564	0.02121	0.02035	0.01292	0.61383	0.03135	0.12016	0.01798	0.01755	0.01248	0.00841	0.00698	0.00210	0.00748	0.00637	0.00717	0.01187
13	0.01100	0.00738	0.00969	0.00897	0.01081	0.00678	0.00678	0.01427	0.01976	0.06420	0.67175	0.05063	0.06329	0.01397	0.00817	0.00219	0.00343	0.01233	0.00773	0.00686
14	0.01386	0.01025	0.01118	0.01019	0.01191	0.01094	0.00702	0.12057	0.14044	0.02157	0.02541	0.06461	0.05773	0.43762	0.02350	0.00486	0.00642	0.00972	0.00538	0.00681
15	0.01211	0.00777	0.00906	0.00861	0.01066	0.00723	0.00641	0.01521	0.04779	0.08503	0.22445	0.07514	0.23017	0.09810	0.01081	0.00275	0.00421	0.03147	0.10626	0.00675
16	0.01074	0.00779	0.01041	0.01083	0.01253	0.00759	0.00888	0.01450	0.03888	0.02473	0.37588	0.06365	0.05257	0.01644	0.00885	0.00267	0.00481	0.31450	0.00708	0.00665
17	0.01684	0.00997	0.01290	0.01266	0.01547	0.00996	0.01065	0.04319	0.10166	0.17447	0.03268	0.08056	0.03127	0.01505	0.00845	0.00277	0.00604	0.36930	0.03775	0.00834
18	0.03925	0.00674	0.00786	0.00862	0.00967	0.00633	0.00588	0.01076	0.01379	0.01889	0.07211	0.40811	0.18595	0.11675	0.01188	0.00313	0.00427	0.01577	0.04854	0.00568
19	0.00973	0.00704	0.00851	0.00858	0.01025	0.00631	0.00628	0.01193	0.01667	0.04293	0.29022	0.20639	0.27172	0.04378	0.00937	0.00258	0.00382	0.03078	0.00690	0.00623
20	0.02652	0.01680	0.01891	0.01480	0.02010	0.01793	0.01213	0.41664	0.12471	0.22486	0.02136	0.01999	0.01469	0.00860	0.00701	0.00215	0.00690	0.00671	0.00745	0.01175
21	0.01493	0.01267	0.01472	0.01055	0.01673	0.00977	0.00846	0.04309	0.01517	0.02355	0.01257	0.01456	0.01039	0.00529	0.00524	0.00107	0.00526	0.00422	0.00424	0.76752
22	0.01163	0.00761	0.00941	0.00938	0.01103	0.00704	0.00665	0.01413	0.04173	0.07760	0.15358	0.32758	0.09921	0.10638	0.01139	0.00294	0.00445	0.01409	0.03510	0.04906
23	0.01332	0.00959	0.01074	0.00956	0.01138	0.00967	0.00665	0.14350	0.01656	0.02229	0.10799	0.06387	0.08642	0.39488	0.02192	0.00451	0.00608	0.01010	0.00545	0.04554
24	0.01129	0.00861	0.01040	0.01044	0.01218	0.00872	0.00767	0.04306	0.13610	0.02428	0.25404	0.32315	0.07210	0.01646	0.00829	0.00251	0.00425	0.03229	0.00700	0.00718
25	0.01120	0.00836	0.01308	0.01331	0.04548	0.00918	0.03645	0.01365	0.01210	0.03689	0.02007	0.07325	0.01918	0.04315	0.55203	0.03784	0.01582	0.02829	0.00409	0.00660
26	0.01165	0.00868	0.01099	0.01157	0.04954	0.00910	0.00758	0.05568	0.05222	0.01892	0.05947	0.12871	0.05129	0.30914	0.17880	0.00606	0.00885	0.01050	0.00496	0.00628
27	0.25295	0.00875	0.00847	0.00832	0.00969	0.00936	0.00550	0.01327	0.01103	0.01944	0.02005	0.11294	0.02221	0.44482	0.02303	0.00492	0.00605	0.00927	0.00450	0.00541
28	0.01507	0.01121	0.01283	0.01170	0.01451	0.01163	0.00922	0.21756	0.05805	0.02789	0.11179	0.16318	0.15520	0.01522	0.00887	0.03444	0.00546	0.10154	0.00665	0.00798
29	0.02324	0.12294	0.02222	0.01634	0.04523	0.17939	0.02752	0.32265	0.05151	0.03062	0.01503	0.01606	0.01151	0.00760	0.00633	0.00191	0.00842	0.00560	0.05850	0.02736
30	0.01880	0.04754	0.30466	0.07456	0.06487	0.04267	0.01862	0.17134	0.03724	0.07412	0.01478	0.01634	0.01070	0.00713	0.00660	0.00206	0.00872	0.00560	0.00450	0.06914
31	0.04114	0.07278	0.25495	0.04817	0.14214	0.10690	0.01871	0.09882	0.05344	0.04522	0.01377	0.01584	0.01050	0.00725	0.00724	0.00212	0.04141	0.00553	0.00402	0.01004

[dist]
# distance from previous block
# <min> <max>
0	11

[block]
# block no. 2 follows, 30 sequences, length 15
# corresponding to MSA columns:
# 278-292
name=unknown_C
#
# <colnr> <probs for GDERKNQSTAVLIFYWHMCP>
#	G	D	E	R	K	N	Q	S	T	A	V	L	I	F	Y	W	H	M	C	P
0	0.01077	0.00843	0.01058	0.01143	0.04345	0.00846	0.00793	0.01538	0.11208	0.02173	0.18074	0.23934	0.13229	0.06715	0.06084	0.00340	0.00555	0.04723	0.00634	0.00689
1	0.04775	0.00840	0.04543	0.00997	0.01117	0.00734	0.00744	0.01157	0.01289	0.01821	0.06125	0.39824	0.03604	0.18520	0.07288	0.00431	0.00631	0.04427	0.00552	0.00580
2	0.01666	0.02180	0.18546	0.08138	0.16406	0.05096	0.20753	0.07254	0.01711	0.02350	0.04926	0.01870	0.01301	0.00716	0.00794	0.00224	0.04036	0.00679	0.00381	0.00971
3	0.06761	0.01754	0.08893	0.17079	0.37997	0.04530	0.01903	0.02116	0.04155	0.02259	0.04924	0.01885	0.01342	0.00700	0.00678	0.00215	0.00830	0.00628	0.00376	0.00975
4	0.09202	0.01208	0.06131	0.01184	0.01556	0.01099	0.01012	0.05198	0.05193	0.20829	0.07692	0.02818	0.06811	0.02353	0.23979	0.00512	0.01000	0.00772	0.00587	0.00866
5	0.02088	0.08822	0.02080	0.01525	0.02024	0.07714	0.04265	0.24423	0.26935	0.03092	0.01932	0.01915	0.01459	0.00805	0.00663	0.00203	0.00724	0.00638	0.00596	0.08100
6	0.00949	0.00710	0.00827	0.00879	0.00991	0.00673	0.00606	0.01158	0.04489	0.01805	0.06645	0.27354	0.22495	0.21313	0.01569	0.00372	0.00481	0.05520	0.00595	0.00568
7	0.01279	0.00823	0.01023	0.00988	0.01104	0.03963	0.00698	0.01213	0.01144	0.03309	0.01739	0.12821	0.01766	0.02266	0.08293	0.44004	0.00699	0.00799	0.03691	0.08377
8	0.01481	0.06077	0.41671	0.02132	0.08045	0.01638	0.11017	0.04403	0.01542	0.02225	0.03669	0.01768	0.01198	0.01061	0.06479	0.00293	0.03379	0.00609	0.00343	0.00971
9	0.00952	0.00771	0.01045	0.01063	0.01182	0.00766	0.03305	0.01128	0.01441	0.01903	0.09551	0.43194	0.19041	0.01882	0.00989	0.00269	0.06704	0.03585	0.00617	0.00612
10	0.00922	0.00659	0.00892	0.01054	0.01126	0.00629	0.00773	0.01096	0.01407	0.01862	0.03806	0.57372	0.04458	0.02118	0.00910	0.00293	0.00467	0.18920	0.00646	0.00587
11	0.80405	0.01350	0.01026	0.00918	0.01350	0.01565	0.00756	0.02051	0.01188	0.03131	0.00972	0.01134	0.00756	0.00648	0.00432	0.00216	0.00540	0.00378	0.00432	0.00756
12	0.00872	0.00636	0.00790	0.00896	0.00968	0.00588	0.00598	0.00993	0.01355	0.01773	0.06202	0.52077	0.15508	0.11833	0.01231	0.00326	0.00430	0.01747	0.00622	0.00554
13	0.01360	0.01284	0.02170	0.66600	0.11673	0.01562	0.01959	0.01820	0.01415	0.01834	0.01248	0.01847	0.00948	0.00690	0.00697	0.00230	0.00920	0.00620	0.00314	0.00809
14	0.01268	0.00799	0.01078	0.01115	0.03535	0.00816	0.00765	0.04390	0.01299	0.05077	0.02496	0.19526	0.06873	0.07851	0.05797	0.27800	0.03686	0.02427	0.02845	0.00559

[dist]
# distance from previous block
# <min> <max>
0	1

[block]
# block no. 3 follows, 30 sequences, length 27
# corresponding to MSA columns:
# 294-320
name=unknown_D
#
# <colnr> <probs for GDERKNQSTAVLIFYWHMCP>
#	G	D	E	R	K	N	Q	S	T	A	V	L	I	F	Y	W	H	M	C	P
0	0.80405	0.01350	0.01026	0.00918	0.01350	0.01565	0.00756	0.02051	0.01188	0.03131	0.00972	0.01134	0.00756	0.00648	0.00432	0.00216	0.00540	0.00378	0.00432	0.00756
1	0.00881	0.00635	0.00808	0.00934	0.00994	0.00594	0.00630	0.01002	0.01333	0.01752	0.03948	0.56343	0.10814	0.11357	0.01223	0.00330	0.00445	0.04805	0.00619	0.00554
2	0.00934	0.00657	0.00788	0.00832	0.00927	0.00605	0.00561	0.00996	0.01321	0.01693	0.07193	0.25376	0.25146	0.16226	0.01654	0.12160	0.00467	0.01394	0.00558	0.00511
3	0.01521	0.01466	0.02612	0.04611	0.02605	0.01423	0.31703	0.05724	0.08269	0.02320	0.02074	0.08295	0.01901	0.03773	0.00897	0.00253	0.00864	0.10105	0.00477	0.09107
4	0.03131	0.01188	0.01619	0.01242	0.01781	0.01026	0.01026	0.03401	0.01997	0.71606	0.02753	0.02375	0.01727	0.00864	0.00702	0.00216	0.00594	0.00702	0.00864	0.01188
5	0.01477	0.01010	0.01127	0.01029	0.01325	0.01008	0.00786	0.05169	0.18386	0.11643	0.07319	0.11509	0.26729	0.04180	0.00871	0.00250	0.00469	0.01156	0.03736	0.00820
6	0.04715	0.00898	0.01015	0.00965	0.01169	0.00912	0.00709	0.03893	0.13082	0.02453	0.28274	0.12279	0.14173	0.11012	0.01143	0.00290	0.00448	0.01200	0.00665	0.00704
7	0.00937	0.00728	0.00878	0.00901	0.01072	0.00685	0.00673	0.01221	0.04165	0.02101	0.20341	0.19322	0.29470	0.02100	0.08126	0.00336	0.00536	0.05131	0.00650	0.00627
8	0.01503	0.01273	0.01477	0.01060	0.01677	0.00987	0.00850	0.04846	0.01532	0.02372	0.01260	0.01458	0.01041	0.00532	0.00525	0.00108	0.00528	0.00423	0.00427	0.76122
9	0.00887	0.00639	0.00871	0.00991	0.01050	0.00631	0.00684	0.01035	0.01305	0.01769	0.05411	0.57241	0.04071	0.04845	0.14562	0.00451	0.00688	0.01701	0.00593	0.00576
10	0.01181	0.00755	0.00927	0.00942	0.01079	0.00718	0.00666	0.04251	0.01524	0.07357	0.10758	0.33044	0.10204	0.15161	0.01320	0.00330	0.00477	0.03947	0.04723	0.00635
11	0.00857	0.00612	0.00815	0.00967	0.01014	0.00571	0.00648	0.00988	0.01365	0.01828	0.06928	0.71804	0.04706	0.02151	0.00888	0.00280	0.00401	0.01951	0.00653	0.00571
12	0.01736	0.01499	0.01578	0.01420	0.01815	0.01736	0.01105	0.03708	0.69862	0.02919	0.02840	0.02604	0.02130	0.00947	0.00710	0.00237	0.00552	0.00789	0.00710	0.01105
13	0.01517	0.00896	0.01206	0.01230	0.01478	0.00864	0.01049	0.01885	0.04361	0.15749	0.06635	0.06405	0.07542	0.01650	0.00888	0.00288	0.00599	0.44299	0.00694	0.00765
14	0.01028	0.00815	0.00941	0.00928	0.01127	0.00789	0.00687	0.01529	0.12396	0.02341	0.27611	0.18487	0.25499	0.01601	0.00819	0.00239	0.00386	0.01390	0.00699	0.00690
15	0.00850	0.00607	0.00810	0.00972	0.01012	0.00567	0.00648	0.00972	0.01336	0.01781	0.03846	0.75020	0.04615	0.02186	0.00891	0.00283	0.00405	0.01984	0.00648	0.00567
16	0.01015	0.00677	0.00761	0.00761	0.00761	0.00677	0.00423	0.01015	0.01015	0.01353	0.02199	0.04567	0.02537	0.75476	0.03552	0.00677	0.00677	0.01015	0.00423	0.00423
17	0.00973	0.00639	0.00853	0.00986	0.01054	0.00592	0.00668	0.01103	0.01372	0.05547	0.03787	0.71102	0.04460	0.02115	0.00880	0.00280	0.00415	0.01915	0.00659	0.00600
18	0.80405	0.01350	0.01026	0.00918	0.01350	0.01565	0.00756	0.02051	0.01188	0.03131	0.00972	0.01134	0.00756	0.00648	0.00432	0.00216	0.00540	0.00378	0.00432	0.00756
19	0.01503	0.01273	0.01477	0.01060	0.01677	0.00987	0.00850	0.04860	0.01532	0.02372	0.01260	0.01458	0.01041	0.00532	0.00525	0.00108	0.00528	0.00423	0.00427	0.76105
20	0.00844	0.00632	0.00784	0.00906	0.00995	0.00572	0.00619	0.00979	0.01399	0.01807	0.04643	0.58124	0.20997	0.02083	0.00874	0.00272	0.00392	0.01857	0.00648	0.00572
21	0.02088	0.01409	0.01563	0.01287	0.01678	0.01531	0.01026	0.32254	0.11182	0.09663	0.02080	0.02321	0.01607	0.06756	0.07423	0.00323	0.00745	0.00699	0.13383	0.00982
22	0.04593	0.00765	0.00976	0.01023	0.01193	0.00738	0.00822	0.01337	0.01710	0.02375	0.30914	0.12460	0.11147	0.01677	0.00864	0.00264	0.00463	0.25353	0.00685	0.00642
23	0.01701	0.02163	0.11354	0.02510	0.03163	0.09695	0.45639	0.02351	0.06672	0.02205	0.01561	0.04830	0.01246	0.00704	0.00778	0.00229	0.01091	0.00791	0.00385	0.00933
24	0.20243	0.03481	0.01200	0.01171	0.03990	0.07865	0.00847	0.01695	0.03706	0.03976	0.02751	0.17772	0.09469	0.10974	0.01071	0.00297	0.00609	0.07665	0.00524	0.00692
25	0.01354	0.01192	0.01949	0.04011	0.01982	0.01206	0.19887	0.05096	0.10234	0.02050	0.02255	0.16006	0.02253	0.20417	0.03789	0.03247	0.00799	0.01053	0.00485	0.00735
26	0.06122	0.05655	0.02058	0.01772	0.05269	0.39044	0.01333	0.22295	0.05429	0.02651	0.01338	0.01454	0.01044	0.00752	0.00640	0.00193	0.01006	0.00520	0.00476	0.00949

[dist]
# distance from previous block
# <min> <max>
6	27

[block]
# block no. 4 follows, 30 sequences, length 6
# corresponding to MSA columns:
# 350-355
name=unknown_E
#
# <colnr> <probs for GDERKNQSTAVLIFYWHMCP>
#	G	D	E	R	K	N	Q	S	T	A	V	L	I	F	Y	W	H	M	C	P
0	0.01592	0.28116	0.37649	0.01802	0.02591	0.02056	0.08605	0.02140	0.01448	0.01987	0.01152	0.01396	0.00907	0.00666	0.00700	0.00203	0.05225	0.00503	0.00302	0.00960
1	0.12741	0.01187	0.01274	0.01050	0.01473	0.01117	0.00815	0.09785	0.05275	0.02530	0.02313	0.11796	0.08513	0.05465	0.00799	0.00211	0.00531	0.00800	0.00521	0.31804
2	0.01439	0.09922	0.11072	0.04772	0.11787	0.05402	0.01416	0.04263	0.03427	0.02113	0.02914	0.06204	0.12944	0.01221	0.00756	0.00240	0.00729	0.18064	0.00490	0.00825
3	0.01198	0.00751	0.01015	0.00988	0.01122	0.00811	0.00735	0.01408	0.01211	0.06737	0.02059	0.03073	0.01914	0.18818	0.42892	0.00827	0.01310	0.00786	0.11719	0.00626
4	0.01239	0.00699	0.01033	0.10776	0.01425	0.00741	0.00770	0.01130	0.01054	0.01489	0.01368	0.02155	0.01256	0.01959	0.02131	0.57519	0.00610	0.00614	0.11614	0.00417
5	0.01092	0.00883	0.01238	0.12917	0.09767	0.00904	0.00959	0.01293	0.01360	0.01786	0.06377	0.15313	0.14239	0.24339	0.01649	0.00378	0.00620	0.03761	0.00494	0.00630

[dist]
# distance from previous block
# <min> <max>
0	3

[block]
# block no. 5 follows, 30 sequences, length 49
# corresponding to MSA columns:
# 359-407
name=unknown_F
#
# <colnr> <probs for GDERKNQSTAVLIFYWHMCP>
#	G	D	E	R	K	N	Q	S	T	A	V	L	I	F	Y	W	H	M	C	P
0	0.04069	0.01657	0.02630	0.17704	0.20398	0.04102	0.17104	0.06127	0.12469	0.02376	0.01554	0.01888	0.01202	0.00715	0.00761	0.00226	0.02946	0.00681	0.00420	0.00973
1	0.02264	0.19292	0.02290	0.01560	0.02004	0.33916	0.01260	0.10507	0.16017	0.02256	0.01487	0.01553	0.01186	0.00752	0.00613	0.00188	0.00939	0.00523	0.00457	0.00934
2	0.00844	0.00633	0.00783	0.00904	0.00994	0.00573	0.00618	0.00979	0.01401	0.01808	0.04672	0.57513	0.21589	0.02079	0.00874	0.00271	0.00392	0.01853	0.00648	0.00573
3	0.03188	0.00863	0.01036	0.01058	0.03313	0.00846	0.00767	0.01485	0.06429	0.06082	0.15231	0.18677	0.29372	0.01598	0.00887	0.00246	0.04208	0.03366	0.00651	0.00697
4	0.01201	0.00610	0.00901	0.00901	0.00901	0.00610	0.00596	0.00915	0.00915	0.01220	0.01268	0.02260	0.01287	0.06572	0.02774	0.75210	0.00610	0.00629	0.00310	0.00310
5	0.00944	0.00638	0.00826	0.00895	0.00978	0.00590	0.00616	0.00999	0.01354	0.01777	0.10947	0.37330	0.16985	0.02079	0.01297	0.18723	0.00434	0.01487	0.00580	0.00520
6	0.01318	0.01240	0.02093	0.73798	0.04806	0.01550	0.01938	0.01783	0.01395	0.01783	0.01240	0.01860	0.00930	0.00698	0.00698	0.00233	0.00930	0.00620	0.00310	0.00775
7	0.05155	0.10823	0.02129	0.01694	0.02092	0.58910	0.01311	0.06436	0.01966	0.01902	0.01097	0.01263	0.00910	0.00711	0.00607	0.00179	0.01152	0.00449	0.00375	0.00838
8	0.01403	0.01453	0.04187	0.01812	0.01977	0.01737	0.11506	0.01649	0.01239	0.01807	0.01735	0.08462	0.05409	0.01460	0.05579	0.00331	0.44499	0.02622	0.00374	0.00760
9	0.00918	0.00701	0.00843	0.00828	0.01005	0.00626	0.00613	0.01175	0.01782	0.02387	0.42469	0.12264	0.28623	0.01616	0.00830	0.00231	0.00345	0.01402	0.00715	0.00626
10	0.00996	0.00736	0.00946	0.00957	0.01133	0.00685	0.00761	0.01298	0.01812	0.02455	0.42175	0.06173	0.16764	0.01617	0.00861	0.00249	0.00417	0.18608	0.00714	0.00643
11	0.07577	0.01197	0.01585	0.01223	0.01757	0.01057	0.01010	0.03323	0.01951	0.67666	0.02651	0.02304	0.01671	0.00851	0.00686	0.00216	0.00591	0.00683	0.00839	0.01163
12	0.01447	0.01240	0.01447	0.01034	0.01654	0.00930	0.00827	0.01757	0.01447	0.02274	0.01240	0.01447	0.01034	0.00517	0.00517	0.00103	0.00517	0.00413	0.00413	0.79742
13	0.00854	0.00629	0.00788	0.00912	0.00986	0.00577	0.00614	0.00979	0.01365	0.01777	0.04343	0.58812	0.16532	0.06064	0.01022	0.00296	0.00410	0.01839	0.00636	0.00563
14	0.02720	0.01847	0.02028	0.01555	0.02110	0.02004	0.01284	0.59627	0.03101	0.13821	0.01826	0.01774	0.01263	0.00841	0.00699	0.00210	0.00743	0.00639	0.00721	0.01187
15	0.01400	0.03610	0.71860	0.01989	0.03020	0.01621	0.02578	0.02210	0.01473	0.02210	0.01252	0.01473	0.00884	0.00663	0.00663	0.00221	0.01031	0.00516	0.00295	0.01031
16	0.01400	0.03610	0.71860	0.01989	0.03020	0.01621	0.02578	0.02210	0.01473	0.02210	0.01252	0.01473	0.00884	0.00663	0.00663	0.00221	0.01031	0.00516	0.00295	0.01031
17	0.01066	0.00645	0.00818	0.00835	0.00839	0.00640	0.00510	0.00973	0.01012	0.01349	0.02028	0.11132	0.02293	0.42257	0.02984	0.28220	0.00623	0.00974	0.00405	0.00396
18	0.01472	0.01222	0.01350	0.01229	0.01542	0.01356	0.00947	0.02865	0.45930	0.02877	0.26782	0.03523	0.03700	0.01116	0.00750	0.00231	0.00474	0.00956	0.00731	0.00947
19	0.01014	0.00680	0.00781	0.00781	0.00788	0.00687	0.00448	0.01028	0.01021	0.01368	0.02181	0.04466	0.02493	0.71598	0.07370	0.00701	0.00742	0.01000	0.00420	0.00434
20	0.01318	0.01240	0.02093	0.73798	0.04806	0.01550	0.01938	0.01783	0.01395	0.01783	0.01240	0.01860	0.00930	0.00698	0.00698	0.00233	0.00930	0.00620	0.00310	0.00775
21	0.07454	0.01300	0.01650	0.01272	0.01808	0.01210	0.01051	0.12134	0.02124	0.58664	0.02507	0.02210	0.01599	0.00848	0.00686	0.00215	0.00614	0.00673	0.00817	0.01163
22	0.01301	0.00650	0.00650	0.00650	0.00813	0.00650	0.00488	0.01626	0.01463	0.02602	0.02276	0.02602	0.01789	0.00813	0.00488	0.00163	0.00325	0.00650	0.79350	0.00650
23	0.01124	0.00803	0.01124	0.01285	0.01446	0.00803	0.01124	0.01446	0.01606	0.02088	0.03695	0.07871	0.04016	0.01928	0.00964	0.00321	0.00643	0.66426	0.00643	0.00643
24	0.00945	0.00686	0.00911	0.01049	0.01152	0.00651	0.00797	0.01146	0.01474	0.01932	0.06662	0.43832	0.10353	0.02033	0.00907	0.00289	0.00477	0.23454	0.00651	0.00598
25	0.01447	0.01240	0.01447	0.01034	0.01654	0.00930	0.00827	0.01757	0.01447	0.02274	0.01240	0.01447	0.01034	0.00517	0.00517	0.00103	0.00517	0.00413	0.00413	0.79742
26	0.00846	0.00622	0.00794	0.00932	0.01002	0.00570	0.00630	0.00976	0.01374	0.01797	0.04330	0.64768	0.14555	0.02123	0.00881	0.00276	0.00397	0.01907	0.00648	0.00570
27	0.00846	0.00625	0.00791	0.00924	0.01000	0.00571	0.00627	0.00977	0.01382	0.01800	0.04423	0.62789	0.16474	0.02111	0.00879	0.00275	0.00396	0.01892	0.00648	0.00571
28	0.00898	0.00637	0.00832	0.00967	0.01040	0.00597	0.00677	0.01059	0.01412	0.01900	0.07378	0.58898	0.08121	0.02046	0.00874	0.00276	0.00416	0.07515	0.03875	0.00583
29	0.01699	0.01886	0.04014	0.02873	0.03571	0.01785	0.65134	0.05653	0.01731	0.02346	0.01425	0.01872	0.01065	0.00601	0.00817	0.00234	0.01155	0.00814	0.00371	0.00954
30	0.01608	0.01034	0.01103	0.00979	0.01232	0.01134	0.00769	0.13907	0.09991	0.02911	0.02161	0.02377	0.01674	0.00856	0.00652	0.00188	0.04510	0.00661	0.51447	0.00807
31	0.01003	0.00675	0.00801	0.00820	0.00844	0.00684	0.00499	0.01055	0.01079	0.01473	0.02359	0.12528	0.02670	0.56959	0.10475	0.00661	0.00760	0.01087	0.03100	0.00469
32	0.03795	0.06008	0.07526	0.17747	0.09511	0.01786	0.05380	0.19631	0.10540	0.08684	0.01678	0.01849	0.01230	0.00756	0.00683	0.00217	0.00804	0.00634	0.00515	0.01026
33	0.01615	0.01296	0.01569	0.01131	0.01746	0.01030	0.02766	0.05718	0.01589	0.06223	0.01354	0.01524	0.01081	0.00556	0.00546	0.00119	0.00554	0.00453	0.00453	0.68676
34	0.01552	0.01269	0.01614	0.01414	0.01675	0.01424	0.04695	0.15760	0.11956	0.02570	0.06548	0.12481	0.05960	0.05739	0.04124	0.00316	0.11734	0.07755	0.00582	0.00834
35	0.01732	0.01544	0.01630	0.01638	0.08492	0.07817	0.01152	0.03082	0.44553	0.04775	0.11085	0.02846	0.04640	0.00978	0.00718	0.00226	0.00609	0.00820	0.00653	0.01009
36	0.03064	0.01295	0.01686	0.01292	0.01835	0.01184	0.01068	0.12521	0.02176	0.62233	0.02603	0.02278	0.01652	0.00860	0.00701	0.00215	0.00618	0.00692	0.00841	0.01187
37	0.00927	0.00719	0.00848	0.00838	0.01035	0.00641	0.00644	0.01186	0.01766	0.02318	0.35589	0.06143	0.35494	0.01628	0.00837	0.00236	0.00370	0.07454	0.00702	0.00625
38	0.01055	0.00690	0.00827	0.00836	0.00869	0.00693	0.00512	0.01102	0.01093	0.03476	0.02380	0.12794	0.02685	0.57575	0.09959	0.00660	0.00759	0.01096	0.00458	0.00482
39	0.00967	0.00777	0.00840	0.00800	0.01035	0.00693	0.00606	0.04824	0.01781	0.02254	0.22787	0.06059	0.50835	0.01630	0.00817	0.00230	0.00370	0.01373	0.00681	0.00640
40	0.07717	0.01131	0.01185	0.01051	0.01377	0.01224	0.00825	0.07649	0.23820	0.09624	0.02361	0.02398	0.01769	0.00851	0.00593	0.00199	0.00475	0.00678	0.34174	0.00899
41	0.01557	0.01306	0.01506	0.01086	0.01700	0.01043	0.00872	0.07875	0.01614	0.02468	0.01280	0.01468	0.01048	0.00546	0.00533	0.00113	0.00540	0.00433	0.00439	0.72572
42	0.00881	0.00636	0.00839	0.00981	0.01049	0.00594	0.00685	0.01034	0.01407	0.01867	0.07442	0.61685	0.08235	0.02101	0.00890	0.00281	0.00420	0.07740	0.00653	0.00580
43	0.00987	0.00665	0.00769	0.00797	0.00804	0.00658	0.00461	0.01007	0.01069	0.01426	0.02478	0.16495	0.02889	0.63067	0.03101	0.00610	0.00631	0.01179	0.00461	0.00447
44	0.01015	0.00677	0.00761	0.00761	0.00761	0.00677	0.00423	0.01015	0.01015	0.01353	0.02199	0.04567	0.02537	0.75476	0.03552	0.00677	0.00677	0.01015	0.00423	0.00423
45	0.80405	0.01350	0.01026	0.00918	0.01350	0.01565	0.00756	0.02051	0.01188	0.03131	0.00972	0.01134	0.00756	0.00648	0.00432	0.00216	0.00540	0.00378	0.00432	0.00756
46	0.01076	0.00741	0.00939	0.00915	0.01088	0.00686	0.00676	0.01397	0.04008	0.06039	0.44353	0.19460	0.12821	0.01575	0.00827	0.00235	0.00368	0.01389	0.00733	0.00674
47	0.03131	0.01188	0.01619	0.01242	0.01781	0.01026	0.01026	0.03401	0.01997	0.71606	0.02753	0.02375	0.01727	0.00864	0.00702	0.00216	0.00594	0.00702	0.00864	0.01188
48	0.01527	0.01527	0.02137	0.01832	0.01832	0.02137	0.01527	0.01679	0.01069	0.01679	0.00916	0.01527	0.00916	0.01221	0.02290	0.00305	0.74198	0.00611	0.00305	0.00763

[dist]
# distance from previous block
# <min> <max>
2	2

[block]
# block no. 6 follows, 30 sequences, length 9
# corresponding to MSA columns:
# 431-439
name=unknown_G
#
# <colnr> <probs for GDERKNQSTAVLIFYWHMCP>
#	G	D	E	R	K	N	Q	S	T	A	V	L	I	F	Y	W	H	M	C	P
0	0.01527	0.01527	0.02137	0.01832	0.01832	0.02137	0.01527	0.01679	0.01069	0.01679	0.00916	0.01527	0.00916	0.01221	0.02290	0.00305	0.74198	0.00611	0.00305	0.00763
1	0.00963	0.00722	0.00878	0.00923	0.01080	0.00669	0.00710	0.01183	0.01581	0.02050	0.18223	0.11882	0.26385	0.10868	0.01203	0.00313	0.00469	0.18659	0.00643	0.00595
2	0.03550	0.00825	0.01082	0.01150	0.06758	0.00780	0.00761	0.01411	0.01606	0.06961	0.29780	0.04376	0.16146	0.08646	0.03239	0.10095	0.00508	0.01065	0.00607	0.00654
3	0.04914	0.12029	0.57532	0.01809	0.02723	0.01722	0.02259	0.02147	0.01439	0.02157	0.01233	0.01471	0.00917	0.00852	0.03741	0.00251	0.01012	0.00503	0.00305	0.00985
4	0.01412	0.01403	0.02188	0.56230	0.04226	0.06425	0.08167	0.01850	0.01466	0.01833	0.01448	0.04944	0.01211	0.00798	0.00723	0.00235	0.00944	0.03372	0.00344	0.00780
5	0.01082	0.00858	0.01115	0.10019	0.01643	0.00893	0.00925	0.01537	0.10322	0.02052	0.08456	0.28317	0.12843	0.04276	0.00936	0.00280	0.00527	0.12624	0.00614	0.00680
6	0.01835	0.01776	0.02399	0.27017	0.22987	0.10471	0.05902	0.12448	0.04088	0.02386	0.01372	0.01745	0.01064	0.00702	0.00695	0.00215	0.00919	0.00619	0.00402	0.00959
7	0.01693	0.08078	0.01796	0.09239	0.01994	0.03966	0.01203	0.17073	0.01860	0.05489	0.04203	0.10037	0.06231	0.01499	0.06361	0.00307	0.09849	0.07753	0.00531	0.00838
8	0.64662	0.01453	0.06382	0.01044	0.01487	0.01476	0.00939	0.01989	0.01261	0.02933	0.01329	0.01991	0.01168	0.00807	0.00515	0.00229	0.00590	0.08537	0.00447	0.00763

[dist]
# distance from previous block
# <min> <max>
0	1

[block]
# block no. 7 follows, 30 sequences, length 55
# corresponding to MSA columns:
# 441-451,469-512
name=unknown_H
#
# <colnr> <probs for GDERKNQSTAVLIFYWHMCP>
#	G	D	E	R	K	N	Q	S	T	A	V	L	I	F	Y	W	H	M	C	P
0	0.01254	0.01097	0.05222	0.03823	0.01637	0.02769	0.03627	0.01682	0.05511	0.04805	0.18132	0.09646	0.06107	0.03589	0.00932	0.00279	0.00612	0.27926	0.00627	0.00722
1	0.06807	0.17254	0.13875	0.01572	0.06230	0.08189	0.01387	0.07581	0.08721	0.02373	0.01360	0.01502	0.01080	0.00661	0.00577	0.00175	0.00762	0.00492	0.00416	0.18985
2	0.00963	0.00708	0.00923	0.01067	0.04676	0.00683	0.00667	0.01094	0.01319	0.01770	0.09121	0.35469	0.08885	0.23389	0.05669	0.00431	0.00578	0.01461	0.00562	0.00566
3	0.01682	0.01532	0.02413	0.14253	0.42834	0.01633	0.01862	0.08081	0.05123	0.02377	0.01593	0.04485	0.01385	0.00807	0.00776	0.00225	0.03685	0.03833	0.00413	0.01008
4	0.01880	0.04378	0.04291	0.03250	0.03827	0.04079	0.01272	0.18648	0.24989	0.04620	0.04334	0.04338	0.03674	0.01023	0.00880	0.00235	0.08250	0.04429	0.00603	0.00998
5	0.02790	0.01139	0.01528	0.01206	0.01684	0.01007	0.00981	0.05397	0.02004	0.58996	0.09007	0.06686	0.02315	0.00989	0.00723	0.00220	0.00565	0.00822	0.00837	0.01104
6	0.00875	0.00630	0.00790	0.00907	0.00962	0.00588	0.00597	0.00982	0.01310	0.01720	0.03921	0.55574	0.11542	0.14560	0.01334	0.00345	0.00445	0.01763	0.00610	0.00545
7	0.00965	0.00730	0.00839	0.00882	0.01011	0.00694	0.00621	0.01201	0.05238	0.01821	0.06054	0.21664	0.25776	0.21253	0.01566	0.00371	0.00489	0.07655	0.00595	0.00576
8	0.00964	0.00800	0.00971	0.09810	0.01498	0.00769	0.00792	0.01246	0.03352	0.01993	0.12272	0.07800	0.42544	0.04328	0.00923	0.00260	0.00470	0.07965	0.00612	0.00631
9	0.09598	0.01773	0.01879	0.01462	0.01982	0.01949	0.01204	0.54801	0.02904	0.07939	0.01711	0.01725	0.01217	0.00820	0.00661	0.00207	0.00709	0.00611	0.05732	0.01114
10	0.03616	0.00822	0.00903	0.00851	0.01054	0.00808	0.00625	0.06575	0.01574	0.08692	0.03032	0.13260	0.10670	0.11931	0.01062	0.00273	0.00454	0.00984	0.32125	0.00691
11	0.01093	0.00750	0.00872	0.00842	0.00896	0.00765	0.00525	0.04476	0.01229	0.01665	0.08723	0.04343	0.02797	0.59244	0.08432	0.00643	0.00739	0.00999	0.00466	0.00499
12	0.01638	0.01855	0.03966	0.02856	0.03508	0.01793	0.63462	0.02193	0.01603	0.02193	0.01374	0.01855	0.01048	0.00637	0.00936	0.00241	0.06758	0.00807	0.00349	0.00928
13	0.01082	0.00743	0.00866	0.00858	0.00914	0.00743	0.00543	0.04563	0.01288	0.01735	0.09563	0.12648	0.03176	0.53089	0.02730	0.00548	0.00613	0.03282	0.00506	0.00511
14	0.07900	0.01195	0.01352	0.01173	0.01500	0.01246	0.00910	0.15170	0.11163	0.15977	0.05091	0.07277	0.04568	0.16044	0.01292	0.00322	0.00610	0.05685	0.00650	0.00876
15	0.00999	0.00740	0.01084	0.01084	0.01195	0.00852	0.00825	0.01222	0.01110	0.01592	0.01904	0.02934	0.01828	0.12629	0.65429	0.01075	0.01744	0.00776	0.00379	0.00602
16	0.01772	0.01517	0.01598	0.01428	0.01829	0.01753	0.01113	0.06299	0.67211	0.02978	0.02794	0.02567	0.02093	0.00942	0.00710	0.00236	0.00561	0.00783	0.00710	0.01108
17	0.01852	0.01557	0.01643	0.01444	0.01859	0.01790	0.01133	0.11951	0.61430	0.03106	0.02693	0.02486	0.02011	0.00933	0.00709	0.00233	0.00580	0.00769	0.00709	0.01115
18	0.00886	0.00661	0.00826	0.00903	0.01020	0.00601	0.00642	0.01074	0.01546	0.02044	0.19546	0.41571	0.19834	0.01913	0.00864	0.00260	0.00385	0.04155	0.00675	0.00595
19	0.01015	0.00677	0.00761	0.00761	0.00761	0.00677	0.00423	0.01015	0.01015	0.01353	0.02199	0.04567	0.02537	0.75476	0.03552	0.00677	0.00677	0.01015	0.00423	0.00423
20	0.80405	0.01350	0.01026	0.00918	0.01350	0.01565	0.00756	0.02051	0.01188	0.03131	0.00972	0.01134	0.00756	0.00648	0.00432	0.00216	0.00540	0.00378	0.00432	0.00756
21	0.06509	0.00985	0.01232	0.01041	0.01392	0.00895	0.00816	0.02317	0.01708	0.36981	0.08526	0.03812	0.12313	0.13405	0.01199	0.00301	0.00552	0.04422	0.00716	0.00880
22	0.00997	0.00748	0.01121	0.01121	0.01246	0.00872	0.00872	0.01246	0.01121	0.01620	0.01869	0.02741	0.01745	0.05234	0.72710	0.01121	0.01869	0.00748	0.00374	0.00623
23	0.02800	0.01718	0.01948	0.01493	0.02046	0.01813	0.01234	0.48659	0.02886	0.25093	0.02007	0.01891	0.01353	0.00846	0.00699	0.00211	0.00714	0.00651	0.00749	0.01187
24	0.03064	0.01203	0.01617	0.01250	0.01783	0.01060	0.01029	0.03416	0.05255	0.68309	0.02757	0.02386	0.01747	0.00868	0.00702	0.00217	0.00592	0.00706	0.00856	0.01184
25	0.01027	0.00731	0.00935	0.00925	0.00968	0.00796	0.00618	0.01119	0.01054	0.01458	0.02039	0.03823	0.02204	0.48372	0.27613	0.00819	0.03686	0.00907	0.00402	0.00505
26	0.00849	0.00613	0.00804	0.00957	0.01008	0.00568	0.00641	0.00973	0.01350	0.01787	0.04019	0.71350	0.08174	0.02164	0.00887	0.00281	0.00402	0.01956	0.00648	0.00568
27	0.01015	0.00677	0.00761	0.00761	0.00761	0.00677	0.00423	0.01015	0.01015	0.01353	0.02199	0.04567	0.02537	0.75476	0.03552	0.00677	0.00677	0.01015	0.00423	0.00423
28	0.01746	0.00866	0.01163	0.01043	0.01317	0.00783	0.00800	0.01996	0.01779	0.27964	0.24603	0.20263	0.05821	0.01608	0.04656	0.00282	0.00528	0.01200	0.00751	0.00829
29	0.01471	0.01420	0.02479	0.46667	0.25434	0.01600	0.07096	0.01930	0.01475	0.01973	0.01276	0.01820	0.00995	0.00666	0.00705	0.00225	0.00917	0.00636	0.00324	0.00891
30	0.01796	0.01529	0.01612	0.01432	0.01838	0.01764	0.01119	0.07974	0.65498	0.03016	0.02764	0.02543	0.02068	0.00940	0.00709	0.00235	0.00566	0.00778	0.00709	0.01110
31	0.80405	0.01350	0.01026	0.00918	0.01350	0.01565	0.00756	0.02051	0.01188	0.03131	0.00972	0.01134	0.00756	0.00648	0.00432	0.00216	0.00540	0.00378	0.00432	0.00756
32	0.01527	0.01527	0.02137	0.01832	0.01832	0.02137	0.01527	0.01679	0.01069	0.01679	0.00916	0.01527	0.00916	0.01221	0.02290	0.00305	0.74198	0.00611	0.00305	0.00763
33	0.00990	0.00671	0.00787	0.00808	0.00824	0.00668	0.00479	0.01027	0.01096	0.01471	0.04695	0.14404	0.02934	0.60142	0.05641	0.00623	0.00671	0.01149	0.00464	0.00458
34	0.01206	0.00770	0.00955	0.00901	0.01118	0.00692	0.00689	0.01465	0.01783	0.10613	0.35420	0.07340	0.23066	0.05063	0.00952	0.00254	0.00408	0.05899	0.00718	0.00688
35	0.03086	0.01259	0.01664	0.01275	0.01817	0.01132	0.01054	0.09484	0.02117	0.65355	0.02653	0.02310	0.01677	0.00861	0.00701	0.00215	0.00610	0.00695	0.00848	0.01188
36	0.01556	0.01208	0.01433	0.01042	0.01631	0.00923	0.00834	0.01863	0.01519	0.07786	0.05095	0.01723	0.01387	0.00593	0.00548	0.00119	0.00513	0.00482	0.00468	0.69279
37	0.00978	0.00663	0.00776	0.00811	0.00842	0.00646	0.00493	0.01041	0.01174	0.01588	0.06427	0.20865	0.05479	0.49682	0.02600	0.00530	0.00573	0.01255	0.03096	0.00482
38	0.01526	0.00929	0.01118	0.01036	0.01312	0.00890	0.00786	0.02045	0.13527	0.17696	0.14036	0.20640	0.18693	0.01470	0.00792	0.00240	0.00450	0.01270	0.00724	0.00817
39	0.02025	0.00967	0.01281	0.01070	0.01420	0.00874	0.00849	0.02391	0.04653	0.35176	0.36093	0.03775	0.04124	0.01143	0.00762	0.00218	0.00462	0.00980	0.00811	0.00925
40	0.01527	0.01527	0.02137	0.01832	0.01832	0.02137	0.01527	0.01679	0.01069	0.01679	0.00916	0.01527	0.00916	0.01221	0.02290	0.00305	0.74198	0.00611	0.00305	0.00763
41	0.02743	0.01344	0.01668	0.01318	0.01820	0.01297	0.01091	0.20865	0.02297	0.44936	0.02737	0.02798	0.05066	0.00978	0.00726	0.00223	0.00633	0.05549	0.00792	0.01119
42	0.01009	0.00674	0.00763	0.00768	0.00769	0.00673	0.00430	0.01013	0.01025	0.01367	0.02253	0.06879	0.02605	0.73070	0.03464	0.00664	0.00668	0.01047	0.00430	0.00428
43	0.01301	0.00650	0.00650	0.00650	0.00813	0.00650	0.00488	0.01626	0.01463	0.02602	0.02276	0.02602	0.01789	0.00813	0.00488	0.00163	0.00325	0.00650	0.79350	0.00650
44	0.02607	0.03326	0.01978	0.01798	0.02157	0.72674	0.01348	0.02787	0.01978	0.01708	0.01079	0.01258	0.00899	0.00719	0.00629	0.00180	0.01258	0.00449	0.00360	0.00809
45	0.07598	0.01427	0.01931	0.01667	0.01737	0.01919	0.01379	0.01759	0.01142	0.05715	0.01176	0.04480	0.01128	0.01355	0.04808	0.00325	0.58660	0.00657	0.00363	0.00773
46	0.01114	0.00796	0.01110	0.01254	0.01415	0.00792	0.01089	0.01436	0.01635	0.02143	0.08820	0.07668	0.04212	0.01889	0.00953	0.00314	0.00619	0.61445	0.00652	0.00644
47	0.70031	0.01513	0.06473	0.01018	0.01501	0.01539	0.00910	0.02139	0.01255	0.06902	0.01093	0.01229	0.00820	0.00661	0.00465	0.00216	0.00580	0.00407	0.00446	0.00801
48	0.00984	0.00659	0.00770	0.00809	0.00823	0.00649	0.00479	0.01023	0.01106	0.01494	0.02599	0.21527	0.03017	0.55524	0.02817	0.00566	0.00600	0.01238	0.02853	0.00464
49	0.01447	0.01240	0.01447	0.01034	0.01654	0.00930	0.00827	0.01757	0.01447	0.02274	0.01240	0.01447	0.01034	0.00517	0.00517	0.00103	0.00517	0.00413	0.00413	0.79742
50	0.01919	0.61424	0.08788	0.01330	0.01932	0.11166	0.01321	0.02184	0.01490	0.01694	0.01005	0.01164	0.00895	0.00617	0.00487	0.00159	0.00831	0.00394	0.00306	0.00896
51	0.00921	0.00656	0.00789	0.00849	0.00911	0.00619	0.00549	0.01024	0.01308	0.01728	0.09860	0.33054	0.12761	0.29598	0.01876	0.00419	0.00493	0.01485	0.00574	0.00524
52	0.09956	0.01685	0.02357	0.05664	0.02475	0.01772	0.18478	0.28053	0.07402	0.04779	0.01630	0.01898	0.01238	0.04321	0.00832	0.00237	0.00820	0.00674	0.00538	0.05190
53	0.01492	0.17991	0.48706	0.01902	0.06471	0.01792	0.02161	0.02123	0.01479	0.02089	0.01385	0.01905	0.01138	0.00744	0.00644	0.00213	0.00932	0.05530	0.00325	0.00978
54	0.01072	0.00722	0.00892	0.00881	0.01063	0.00645	0.00648	0.01303	0.01712	0.07551	0.31247	0.22560	0.23769	0.01666	0.00831	0.00239	0.00375	0.01456	0.00712	0.00657

[dist]
# distance from previous block
# <min> <max>
7	12

[block]
# block no. 8 follows, 30 sequences, length 27
# corresponding to MSA columns:
# 525-551
name=unknown_I
#
# <colnr> <probs for GDERKNQSTAVLIFYWHMCP>
#	G	D	E	R	K	N	Q	S	T	A	V	L	I	F	Y	W	H	M	C	P
0	0.01034	0.00762	0.00858	0.00864	0.01047	0.00699	0.00636	0.03787	0.01552	0.03984	0.06787	0.15086	0.37729	0.13984	0.01291	0.00322	0.00465	0.07886	0.00622	0.00607
1	0.11912	0.01143	0.01204	0.01027	0.01356	0.01195	0.00812	0.19752	0.02032	0.07208	0.13925	0.03123	0.10077	0.03945	0.00764	0.00223	0.00506	0.00821	0.18150	0.00826
2	0.01188	0.01018	0.00980	0.01050	0.01172	0.09838	0.00735	0.01451	0.05554	0.01934	0.03287	0.48144	0.05576	0.03830	0.00870	0.00262	0.00519	0.01507	0.10449	0.00637
3	0.01040	0.00708	0.00906	0.00916	0.00986	0.00754	0.00637	0.01181	0.01130	0.01608	0.02170	0.03903	0.02261	0.38307	0.28853	0.00775	0.01087	0.04702	0.07545	0.00531
4	0.00952	0.00691	0.00867	0.00884	0.01007	0.00642	0.00634	0.01172	0.01637	0.02229	0.35514	0.19923	0.13094	0.12319	0.01238	0.00306	0.00416	0.05206	0.00672	0.00596
5	0.05560	0.00757	0.00904	0.00897	0.01089	0.00696	0.00660	0.01356	0.01647	0.08191	0.25186	0.25893	0.21286	0.01646	0.00811	0.00242	0.00392	0.01432	0.00692	0.00665
6	0.80405	0.01350	0.01026	0.00918	0.01350	0.01565	0.00756	0.02051	0.01188	0.03131	0.00972	0.01134	0.00756	0.00648	0.00432	0.00216	0.00540	0.00378	0.00432	0.00756
7	0.00918	0.00640	0.00804	0.00892	0.00929	0.00612	0.00572	0.01016	0.01281	0.01723	0.09045	0.44941	0.04075	0.27158	0.01794	0.00412	0.00491	0.01591	0.00581	0.00526
8	0.04370	0.00802	0.00932	0.00888	0.01106	0.00752	0.00665	0.01481	0.05699	0.06831	0.31255	0.12100	0.25365	0.03567	0.00876	0.00244	0.00393	0.01292	0.00698	0.00685
9	0.34533	0.01187	0.01230	0.01068	0.01468	0.01229	0.00861	0.06477	0.01622	0.23389	0.02376	0.11367	0.05782	0.01034	0.00632	0.00229	0.00547	0.03469	0.00626	0.00874
10	0.01194	0.00613	0.00895	0.00895	0.00895	0.00613	0.00589	0.00919	0.00919	0.01225	0.01303	0.02347	0.01334	0.09155	0.02803	0.72416	0.00613	0.00644	0.00314	0.00314
11	0.01232	0.00809	0.00883	0.00843	0.01061	0.00800	0.00655	0.07656	0.01680	0.02458	0.07556	0.04198	0.22802	0.01557	0.06530	0.00279	0.00519	0.04591	0.33210	0.00680
