[name]
unknown

[dist]
# distance from previous block
# <min> <max>
9	135

[block]
# block no. 0 follows, 33 sequences, length 47
# corresponding to MSA columns:
# 147-180,197-209
name=unknown_A
#
# <colnr> <probs for GDERKNQSTAVLIFYWHMCP>
#	G	D	E	R	K	N	Q	S	T	A	V	L	I	F	Y	W	H	M	C	P
0	0.01809	0.12810	0.09504	0.06989	0.15848	0.11053	0.01441	0.12803	0.04994	0.04954	0.03709	0.03736	0.01344	0.02526	0.00677	0.00200	0.00774	0.00596	0.03329	0.00906
1	0.03929	0.13847	0.07498	0.09278	0.14212	0.08841	0.09534	0.07712	0.01641	0.06527	0.05543	0.01711	0.01294	0.00687	0.00660	0.00192	0.02778	0.00578	0.00399	0.03140
2	0.08123	0.13045	0.02318	0.02178	0.21593	0.16669	0.04942	0.12118	0.06190	0.02354	0.03572	0.01570	0.01185	0.00676	0.00600	0.00187	0.00809	0.00541	0.00412	0.00920
3	0.17197	0.05229	0.12799	0.07349	0.09036	0.04122	0.04491	0.01927	0.05873	0.02284	0.10711	0.02051	0.03769	0.00765	0.00649	0.00198	0.03102	0.00614	0.00417	0.07416
4	0.01232	0.00968	0.01285	0.01297	0.06700	0.00958	0.04040	0.01795	0.16039	0.05106	0.14183	0.22518	0.07267	0.07152	0.00938	0.00253	0.00495	0.01130	0.00585	0.06061
5	0.01597	0.01540	0.01589	0.03669	0.04015	0.15499	0.03574	0.09361	0.08577	0.02287	0.16154	0.02664	0.06927	0.01175	0.04369	0.00251	0.11011	0.00759	0.04204	0.00778
6	0.00895	0.00666	0.00834	0.00804	0.00964	0.00604	0.00598	0.01167	0.01759	0.02421	0.55995	0.09699	0.18260	0.01450	0.00781	0.00214	0.00319	0.01270	0.00697	0.00604
7	0.51896	0.01216	0.01179	0.00981	0.01427	0.01285	0.00809	0.02415	0.01408	0.29442	0.01550	0.01511	0.01059	0.00688	0.00503	0.00204	0.00528	0.00472	0.00561	0.00867
8	0.00855	0.00642	0.00702	0.00724	0.00828	0.00587	0.00475	0.00946	0.01242	0.01558	0.04339	0.15651	0.33797	0.32649	0.01845	0.00400	0.00466	0.01282	0.00524	0.00488
9	0.00957	0.00638	0.00718	0.00718	0.00718	0.00638	0.00399	0.00957	0.00957	0.01276	0.02074	0.04308	0.02393	0.76864	0.03351	0.00638	0.00638	0.00957	0.00399	0.00399
10	0.01440	0.01440	0.02016	0.01728	0.01728	0.02016	0.01440	0.01584	0.01008	0.01584	0.00864	0.01440	0.00864	0.01152	0.02160	0.00288	0.75659	0.00576	0.00288	0.00720
11	0.01365	0.01170	0.01365	0.00975	0.01560	0.00878	0.00780	0.01658	0.01365	0.02145	0.01170	0.01365	0.00975	0.00488	0.00488	0.00098	0.00488	0.00390	0.00390	0.80888
12	0.00940	0.00705	0.01058	0.01058	0.01176	0.00823	0.00823	0.01176	0.01058	0.01528	0.01763	0.02586	0.01646	0.04937	0.74255	0.01058	0.01763	0.00705	0.00353	0.00588
13	0.01227	0.00614	0.00614	0.00614	0.00767	0.00614	0.00460	0.01534	0.01381	0.02454	0.02148	0.02454	0.01687	0.00767	0.00460	0.00153	0.00307	0.00614	0.80518	0.00614
14	0.02459	0.03138	0.01866	0.01696	0.02035	0.74221	0.01272	0.02629	0.01866	0.01611	0.01018	0.01187	0.00848	0.00678	0.00594	0.00170	0.01187	0.00424	0.00339	0.00763
15	0.02828	0.04232	0.01641	0.01203	0.01712	0.01143	0.01000	0.08761	0.04111	0.62443	0.02448	0.02145	0.01568	0.00805	0.00652	0.00201	0.00578	0.00646	0.00776	0.01107
16	0.76267	0.01299	0.01035	0.00915	0.01315	0.01513	0.00754	0.04412	0.01189	0.02956	0.00939	0.01099	0.00732	0.00634	0.00469	0.00206	0.02754	0.00372	0.00413	0.00728
17	0.74352	0.01259	0.01019	0.00894	0.01310	0.01430	0.00736	0.02051	0.01190	0.09359	0.01070	0.01176	0.00797	0.00630	0.00431	0.00204	0.00514	0.00384	0.00445	0.00750
18	0.81514	0.01273	0.00968	0.00866	0.01273	0.01477	0.00713	0.01935	0.01120	0.02954	0.00917	0.01069	0.00713	0.00611	0.00407	0.00204	0.00509	0.00356	0.00407	0.00713
19	0.81514	0.01273	0.00968	0.00866	0.01273	0.01477	0.00713	0.01935	0.01120	0.02954	0.00917	0.01069	0.00713	0.00611	0.00407	0.00204	0.00509	0.00356	0.00407	0.00713
20	0.01320	0.03405	0.73453	0.01876	0.02849	0.01529	0.02432	0.02085	0.01390	0.02085	0.01181	0.01390	0.00834	0.00625	0.00625	0.00208	0.00973	0.00486	0.00278	0.00973
21	0.01316	0.01244	0.02105	0.61944	0.17306	0.01482	0.01864	0.01745	0.01351	0.01770	0.01183	0.01732	0.00909	0.00645	0.00657	0.00215	0.00860	0.00585	0.00299	0.00790
22	0.00932	0.00673	0.00880	0.00828	0.00984	0.00621	0.00621	0.01242	0.01863	0.02640	0.72410	0.04918	0.06212	0.01346	0.00776	0.00207	0.00311	0.01191	0.00725	0.00621
23	0.00802	0.00573	0.00764	0.00917	0.00955	0.00535	0.00611	0.00917	0.01260	0.01681	0.03628	0.76434	0.04354	0.02062	0.00840	0.00267	0.00382	0.01872	0.00611	0.00535
24	0.01144	0.00572	0.00858	0.00858	0.00858	0.00572	0.00572	0.00858	0.00858	0.01144	0.01144	0.02001	0.01144	0.02287	0.02573	0.80846	0.00572	0.00572	0.00286	0.00286
25	0.01618	0.00798	0.00951	0.00836	0.01082	0.00756	0.00645	0.04438	0.01650	0.19764	0.17477	0.03002	0.02671	0.04926	0.00738	0.00205	0.00403	0.00768	0.36525	0.00747
26	0.02779	0.01083	0.01476	0.01153	0.01630	0.00941	0.00950	0.03039	0.01872	0.66968	0.06689	0.02552	0.01961	0.00876	0.00676	0.00207	0.00547	0.02721	0.00803	0.01076
27	0.00853	0.00657	0.00779	0.00775	0.00942	0.00583	0.00571	0.01079	0.01637	0.02166	0.36834	0.15017	0.32592	0.01570	0.00786	0.00221	0.00329	0.01361	0.00664	0.00583
28	0.01554	0.04338	0.02645	0.23418	0.34619	0.01627	0.12681	0.05397	0.01518	0.02077	0.01229	0.01659	0.00981	0.00626	0.00705	0.00207	0.02859	0.00607	0.00332	0.00919
29	0.02874	0.01232	0.01552	0.01208	0.01706	0.03949	0.00990	0.05069	0.04443	0.65877	0.02509	0.02188	0.01598	0.00812	0.00659	0.00203	0.00588	0.00654	0.00786	0.01103
30	0.00817	0.00618	0.00757	0.00842	0.00952	0.00558	0.00594	0.00974	0.01405	0.01820	0.11751	0.45492	0.25036	0.01860	0.00817	0.00249	0.00367	0.03915	0.00623	0.00553
31	0.01455	0.01601	0.03415	0.02493	0.03066	0.01504	0.59645	0.01946	0.01507	0.02039	0.01617	0.07499	0.01413	0.03765	0.00890	0.00245	0.01017	0.03682	0.00367	0.00831
32	0.01964	0.01964	0.11200	0.04312	0.06840	0.15181	0.01354	0.06829	0.25404	0.13019	0.03893	0.01980	0.01537	0.00783	0.00649	0.00204	0.00749	0.00625	0.00541	0.00974
33	0.01629	0.01630	0.02441	0.25810	0.27779	0.08595	0.10905	0.06062	0.04820	0.02090	0.01295	0.01681	0.01015	0.00640	0.00666	0.00205	0.00880	0.00603	0.00353	0.00901
34	0.00987	0.00770	0.01132	0.01105	0.01206	0.00925	0.00861	0.01204	0.01049	0.01522	0.01694	0.02556	0.01607	0.07758	0.64471	0.00968	0.08539	0.00705	0.00349	0.00592
35	0.01545	0.16716	0.07299	0.01270	0.03839	0.01439	0.02990	0.06348	0.05994	0.02189	0.01250	0.01408	0.01017	0.00563	0.00520	0.00135	0.00610	0.00442	0.00392	0.44033
36	0.11927	0.11389	0.08944	0.01791	0.10589	0.31092	0.01370	0.07088	0.01662	0.02065	0.01157	0.03728	0.00988	0.00706	0.00617	0.00186	0.03003	0.00497	0.00363	0.00838
37	0.01493	0.01000	0.01158	0.01006	0.01308	0.00995	0.00788	0.11238	0.12001	0.12441	0.28010	0.04060	0.19403	0.01205	0.00730	0.00211	0.00437	0.01017	0.00694	0.00804
38	0.01599	0.04481	0.06730	0.12846	0.28202	0.09541	0.01697	0.02000	0.04479	0.01913	0.01196	0.01581	0.00999	0.00748	0.00957	0.00215	0.16945	0.00559	0.02434	0.00876
39	0.00837	0.00660	0.00743	0.00756	0.00919	0.00594	0.00550	0.01004	0.01427	0.01798	0.12929	0.12496	0.43652	0.10556	0.05964	0.00331	0.00473	0.03179	0.00582	0.00547
40	0.01246	0.00836	0.01016	0.00937	0.01112	0.03089	0.00701	0.01462	0.01539	0.11097	0.30272	0.06047	0.10461	0.13062	0.10725	0.00387	0.03757	0.01014	0.00595	0.00647
41	0.00842	0.00665	0.00758	0.00744	0.00931	0.00581	0.00555	0.01065	0.01638	0.02125	0.33353	0.09001	0.42293	0.01554	0.00780	0.00218	0.00326	0.01331	0.00658	0.00581
42	0.00940	0.00705	0.01058	0.01058	0.01176	0.00823	0.00823	0.01176	0.01058	0.01528	0.01763	0.02586	0.01646	0.04937	0.74255	0.01058	0.01763	0.00705	0.00353	0.00588
43	0.01637	0.01414	0.01489	0.01340	0.01712	0.01637	0.01042	0.03498	0.71568	0.02754	0.02679	0.02456	0.02010	0.00893	0.00670	0.00223	0.00521	0.00744	0.00670	0.01042
44	0.74599	0.01222	0.00960	0.00863	0.01248	0.01403	0.00705	0.01876	0.01184	0.02927	0.07051	0.01400	0.01185	0.00674	0.00439	0.00204	0.00492	0.00428	0.00435	0.00705
45	0.01706	0.68152	0.12083	0.01219	0.01833	0.02472	0.01287	0.01985	0.01344	0.01615	0.00948	0.01097	0.00843	0.00571	0.00447	0.00149	0.00737	0.00369	0.00281	0.00861
46	0.00951	0.00755	0.00929	0.01032	0.04352	0.00728	0.00699	0.01323	0.09439	0.02008	0.15590	0.34948	0.21480	0.01642	0.00786	0.00238	0.00392	0.01449	0.00624	0.00636

[dist]
# distance from previous block
# <min> <max>
0	1

[block]
# block no. 1 follows, 33 sequences, length 19
# corresponding to MSA columns:
# 211-229
name=unknown_B
#
# <colnr> <probs for GDERKNQSTAVLIFYWHMCP>
#	G	D	E	R	K	N	Q	S	T	A	V	L	I	F	Y	W	H	M	C	P
0	0.02288	0.01123	0.01461	0.01185	0.01571	0.01105	0.00963	0.06434	0.07253	0.43570	0.12117	0.02662	0.04469	0.01072	0.02998	0.00239	0.07044	0.00755	0.00717	0.00977
1	0.02002	0.22134	0.07974	0.01503	0.04229	0.04665	0.01306	0.28618	0.14170	0.02821	0.01510	0.01560	0.01158	0.00733	0.00633	0.00189	0.02765	0.00539	0.00497	0.00995
2	0.01409	0.01210	0.01484	0.07508	0.04060	0.00997	0.00929	0.04488	0.01436	0.02187	0.01189	0.01416	0.00975	0.00518	0.00514	0.00115	0.00540	0.00421	0.00391	0.68213
3	0.05823	0.09572	0.34130	0.01957	0.10530	0.08425	0.06601	0.03715	0.01508	0.06986	0.01339	0.04143	0.01054	0.00683	0.00617	0.00199	0.00876	0.00557	0.00358	0.00928
4	0.01627	0.07201	0.33277	0.04254	0.05647	0.01583	0.14834	0.07045	0.04457	0.08228	0.01505	0.01856	0.01141	0.00698	0.00663	0.00210	0.00883	0.03543	0.00394	0.00954
5	0.00795	0.00672	0.00690	0.00699	0.00917	0.00568	0.00533	0.00970	0.01501	0.01790	0.06481	0.06400	0.68429	0.01676	0.00786	0.00227	0.00350	0.05346	0.00611	0.00559
6	0.00850	0.00642	0.00856	0.01038	0.04592	0.00596	0.00669	0.00998	0.01344	0.01782	0.08573	0.58914	0.12921	0.01889	0.00819	0.00254	0.00391	0.01699	0.00604	0.00569
7	0.05737	0.10209	0.07896	0.08515	0.09965	0.13410	0.05602	0.12095	0.01741	0.09535	0.01487	0.05417	0.01227	0.03482	0.00720	0.00211	0.00814	0.00614	0.00436	0.00886
8	0.01649	0.01658	0.02558	0.12895	0.55364	0.07828	0.04465	0.02033	0.01509	0.02043	0.01214	0.01613	0.01003	0.00602	0.00652	0.00197	0.00841	0.00579	0.00323	0.00973
9	0.01880	0.00935	0.01202	0.01008	0.01340	0.00860	0.00799	0.03913	0.05860	0.32986	0.31442	0.03550	0.07118	0.01079	0.00710	0.00206	0.00441	0.00918	0.02885	0.00869
10	0.01493	0.02268	0.30842	0.09982	0.15500	0.01536	0.17154	0.04572	0.01502	0.04028	0.01298	0.01629	0.00974	0.00776	0.03374	0.00241	0.00968	0.00595	0.00331	0.00937
11	0.04046	0.04380	0.04140	0.14946	0.23393	0.19328	0.09702	0.05834	0.04204	0.02065	0.01234	0.01548	0.00981	0.00640	0.00640	0.00196	0.00917	0.00559	0.00354	0.00890
12	0.01561	0.01436	0.01716	0.18473	0.02371	0.10745	0.06651	0.08140	0.13691	0.04199	0.21138	0.02672	0.02588	0.00898	0.00694	0.00208	0.00697	0.00776	0.00531	0.00815
13	0.00927	0.00626	0.00727	0.00757	0.00764	0.00618	0.00440	0.00949	0.01016	0.01355	0.02377	0.18344	0.02775	0.62307	0.02862	0.00566	0.00588	0.01135	0.00440	0.00425
14	0.02300	0.13009	0.06313	0.01624	0.02037	0.57581	0.01320	0.05118	0.01814	0.01728	0.01035	0.01197	0.00857	0.00664	0.00575	0.00169	0.01092	0.00425	0.00340	0.00800
15	0.00921	0.00677	0.00797	0.00792	0.00964	0.00608	0.00587	0.01125	0.01551	0.04130	0.25518	0.12128	0.34280	0.06824	0.02965	0.00276	0.00410	0.04235	0.00630	0.00583
16	0.01886	0.01956	0.10171	0.02501	0.27862	0.10289	0.03404	0.15186	0.06633	0.05495	0.01426	0.01644	0.01109	0.00819	0.02751	0.00226	0.04648	0.00579	0.00429	0.00987
17	0.00824	0.00608	0.00757	0.00845	0.00931	0.00556	0.00578	0.00966	0.01365	0.01797	0.12878	0.49327	0.17636	0.06516	0.00975	0.00274	0.00379	0.01635	0.00613	0.00541
18	0.01596	0.22820	0.13515	0.08384	0.08896	0.01724	0.09240	0.06915	0.01554	0.04375	0.03581	0.01773	0.03991	0.00677	0.00592	0.00182	0.00758	0.00569	0.02942	0.05916

[dist]
# distance from previous block
# <min> <max>
0	2

[block]
# block no. 2 follows, 33 sequences, length 44
# corresponding to MSA columns:
# 232-275
name=unknown_C
#
# <colnr> <probs for GDERKNQSTAVLIFYWHMCP>
#	G	D	E	R	K	N	Q	S	T	A	V	L	I	F	Y	W	H	M	C	P
0	0.04363	0.02112	0.01898	0.07318	0.13545	0.31615	0.01333	0.06327	0.01665	0.02000	0.01115	0.01372	0.00920	0.00662	0.00691	0.00174	0.05906	0.00474	0.00361	0.16149
1	0.00849	0.00681	0.00761	0.00759	0.00947	0.00604	0.00562	0.01101	0.03683	0.02037	0.24503	0.13360	0.44617	0.01597	0.00781	0.00223	0.00338	0.01367	0.00645	0.00586
2	0.01689	0.02394	0.26946	0.04925	0.14364	0.09718	0.07626	0.10329	0.07709	0.02308	0.01346	0.01571	0.01023	0.00688	0.00723	0.00207	0.04538	0.00564	0.00377	0.00956
3	0.00941	0.00641	0.00713	0.00713	0.00734	0.00631	0.00408	0.00956	0.01007	0.01322	0.02492	0.04493	0.08773	0.70020	0.03117	0.00600	0.00610	0.00997	0.00418	0.00413
4	0.00951	0.00682	0.00837	0.00798	0.00979	0.00611	0.00598	0.01212	0.01739	0.04729	0.48876	0.07943	0.24719	0.01446	0.00775	0.00214	0.00328	0.01255	0.00691	0.00616
5	0.00969	0.00740	0.01103	0.07640	0.01426	0.00860	0.00867	0.01197	0.01070	0.01515	0.01744	0.02697	0.01658	0.12287	0.60071	0.00938	0.01563	0.00722	0.00352	0.00580
6	0.00807	0.00577	0.00768	0.00913	0.00956	0.00538	0.00611	0.00929	0.01283	0.01716	0.06182	0.73779	0.04423	0.02036	0.00838	0.00265	0.00379	0.01846	0.00615	0.00538
7	0.01670	0.01574	0.02147	0.12914	0.18228	0.06004	0.04308	0.11892	0.06622	0.02202	0.01286	0.01660	0.01057	0.00959	0.03581	0.00256	0.21777	0.00598	0.00385	0.00880
8	0.03288	0.01281	0.02159	0.30933	0.23466	0.01419	0.07884	0.01761	0.01405	0.01968	0.04837	0.03913	0.01424	0.00773	0.00759	0.00218	0.05003	0.03403	0.03291	0.00815
9	0.01258	0.01200	0.02067	0.71754	0.04481	0.01472	0.05163	0.01703	0.01328	0.01703	0.01178	0.01756	0.00883	0.00653	0.00664	0.00220	0.00889	0.00594	0.00294	0.00739
10	0.04023	0.01459	0.02289	0.10505	0.43972	0.01595	0.01746	0.05255	0.03086	0.02156	0.01306	0.01809	0.01114	0.00738	0.00874	0.00215	0.11929	0.02619	0.02377	0.00933
11	0.01113	0.00603	0.00874	0.00870	0.00901	0.00592	0.00587	0.00909	0.00920	0.01244	0.01391	0.07926	0.01445	0.04557	0.04922	0.65960	0.00598	0.00683	0.00322	0.03585
12	0.00873	0.00671	0.00799	0.00767	0.00948	0.00596	0.00575	0.01129	0.01726	0.02313	0.47461	0.05456	0.31364	0.01468	0.00777	0.00213	0.00319	0.01266	0.00682	0.00596
13	0.01330	0.03342	0.70735	0.01911	0.02872	0.01534	0.05086	0.02086	0.01396	0.02086	0.01187	0.01405	0.00840	0.00623	0.00631	0.00209	0.00978	0.00498	0.00280	0.00970
14	0.08436	0.01161	0.01486	0.01141	0.01651	0.01032	0.00940	0.05250	0.01818	0.58621	0.02297	0.02045	0.01480	0.00766	0.00626	0.00193	0.00555	0.00610	0.00737	0.09153
15	0.07186	0.05931	0.06479	0.02279	0.22525	0.07728	0.06375	0.16134	0.03228	0.03903	0.03686	0.01659	0.01201	0.00820	0.02553	0.00223	0.06146	0.00581	0.00424	0.00940
16	0.01366	0.01249	0.01717	0.13114	0.16215	0.06079	0.03985	0.01878	0.09422	0.02012	0.02404	0.04031	0.04566	0.01256	0.02968	0.00268	0.00756	0.25459	0.00474	0.00780
17	0.00940	0.00705	0.01058	0.01058	0.01176	0.00823	0.00823	0.01176	0.01058	0.01528	0.01763	0.02586	0.01646	0.04937	0.74255	0.01058	0.01763	0.00705	0.00353	0.00588
18	0.01411	0.01197	0.01390	0.00997	0.01579	0.00924	0.00799	0.04424	0.01435	0.02226	0.01187	0.01374	0.00981	0.00500	0.00494	0.00102	0.00497	0.00398	0.00401	0.77686
19	0.01134	0.00854	0.01200	0.03631	0.01337	0.01017	0.00897	0.01401	0.03288	0.04100	0.04298	0.02586	0.01743	0.09306	0.43315	0.00739	0.12430	0.00714	0.05377	0.00632
20	0.00982	0.00636	0.00709	0.00709	0.00722	0.00636	0.00404	0.01010	0.00996	0.01384	0.02081	0.04139	0.02329	0.69938	0.03088	0.00594	0.00608	0.00926	0.07691	0.00418
21	0.01637	0.01414	0.01489	0.01340	0.01712	0.01637	0.01042	0.03498	0.71568	0.02754	0.02679	0.02456	0.02010	0.00893	0.00670	0.00223	0.00521	0.00744	0.00670	0.01042
22	0.00802	0.00573	0.00764	0.00917	0.00955	0.00535	0.00611	0.00917	0.01260	0.01681	0.03628	0.76434	0.04354	0.02062	0.00840	0.00267	0.00382	0.01872	0.00611	0.00535
23	0.00811	0.00576	0.00761	0.00906	0.00942	0.00540	0.00600	0.00919	0.01244	0.01659	0.03544	0.72507	0.04247	0.06135	0.00977	0.00288	0.00396	0.01822	0.00600	0.00527
24	0.64475	0.01178	0.00997	0.00916	0.01289	0.01330	0.00761	0.01920	0.01220	0.06640	0.01368	0.01965	0.01176	0.00776	0.00485	0.00214	0.00517	0.08754	0.03300	0.00718
25	0.01554	0.01776	0.03885	0.02775	0.03441	0.01665	0.70366	0.02109	0.01554	0.02109	0.01332	0.01776	0.00999	0.00555	0.00777	0.00222	0.01110	0.00777	0.00333	0.00888
26	0.02552	0.01765	0.01927	0.01477	0.02002	0.01925	0.01220	0.63248	0.02964	0.11649	0.01691	0.01652	0.01175	0.00793	0.00659	0.00198	0.00707	0.00600	0.00676	0.01120
27	0.00823	0.00597	0.00736	0.00843	0.00921	0.00548	0.00571	0.00949	0.01297	0.01709	0.04099	0.55367	0.17914	0.06003	0.00949	0.00274	0.00383	0.01674	0.03808	0.00535
28	0.81514	0.01273	0.00968	0.00866	0.01273	0.01477	0.00713	0.01935	0.01120	0.02954	0.00917	0.01069	0.00713	0.00611	0.00407	0.00204	0.00509	0.00356	0.00407	0.00713
29	0.02503	0.01844	0.01976	0.01515	0.02042	0.02042	0.01251	0.70562	0.03095	0.04149	0.01581	0.01581	0.01120	0.00790	0.00659	0.00198	0.00724	0.00593	0.00659	0.01120
30	0.00885	0.00691	0.00818	0.00858	0.01043	0.00624	0.00685	0.01113	0.01557	0.01973	0.16508	0.08561	0.39725	0.01670	0.00817	0.00244	0.00410	0.20608	0.00629	0.00580
31	0.01057	0.00703	0.00907	0.00885	0.01015	0.00701	0.00645	0.03586	0.01354	0.03892	0.15400	0.10096	0.14127	0.09407	0.17545	0.13967	0.00738	0.00999	0.02427	0.00551
32	0.00807	0.00577	0.00768	0.00913	0.00956	0.00538	0.00611	0.00929	0.01282	0.01715	0.06133	0.73830	0.04422	0.02036	0.00838	0.00265	0.00379	0.01847	0.00615	0.00538
33	0.75074	0.01261	0.01014	0.00891	0.01307	0.01435	0.00734	0.02040	0.01183	0.08713	0.01054	0.01165	0.00788	0.00628	0.00428	0.00204	0.00513	0.00382	0.00441	0.00746
34	0.00931	0.00671	0.00830	0.00897	0.00998	0.00655	0.00653	0.01126	0.02985	0.01730	0.05239	0.24813	0.14385	0.18691	0.06115	0.00394	0.00563	0.14393	0.03389	0.00542
35	0.01320	0.03405	0.73453	0.01876	0.02849	0.01529	0.02432	0.02085	0.01390	0.02085	0.01181	0.01390	0.00834	0.00625	0.00625	0.00208	0.00973	0.00486	0.00278	0.00973
36	0.05834	0.01126	0.01507	0.01160	0.01666	0.00986	0.00958	0.03162	0.01856	0.70637	0.02536	0.02198	0.01596	0.00807	0.00653	0.00204	0.00558	0.00651	0.00800	0.01105
37	0.00822	0.00586	0.00777	0.00918	0.00962	0.00550	0.00620	0.00945	0.01276	0.01703	0.05557	0.68739	0.04307	0.05063	0.00943	0.00282	0.00399	0.04411	0.00606	0.00535
38	0.01552	0.01299	0.01265	0.01290	0.05928	0.13345	0.00903	0.06704	0.08498	0.06125	0.05225	0.16897	0.06127	0.03879	0.00842	0.03181	0.00601	0.03655	0.11948	0.00735
39	0.01868	0.01459	0.02029	0.05057	0.28594	0.06048	0.04037	0.10917	0.03467	0.14126	0.01850	0.11085	0.01591	0.01024	0.03635	0.00242	0.00763	0.00765	0.00495	0.00949
40	0.00934	0.00671	0.00849	0.00892	0.00924	0.00701	0.00594	0.01025	0.01131	0.01559	0.04232	0.34441	0.03131	0.31098	0.06260	0.00454	0.05846	0.01295	0.03460	0.00503
41	0.01454	0.01437	0.01910	0.01702	0.08312	0.10338	0.15117	0.03903	0.04690	0.02198	0.15624	0.10218	0.04129	0.00924	0.00689	0.00192	0.00689	0.00850	0.00481	0.15145
42	0.01365	0.01170	0.01365	0.00975	0.01560	0.00878	0.00780	0.01658	0.01365	0.02145	0.01170	0.01365	0.00975	0.00488	0.00488	0.00098	0.00488	0.00390	0.00390	0.80888
43	0.01760	0.77260	0.03450	0.01126	0.01690	0.02605	0.01126	0.01971	0.01338	0.01549	0.00915	0.01056	0.00845	0.00563	0.00422	0.00141	0.00704	0.00352	0.00282	0.00845

[dist]
# distance from previous block
# <min> <max>
0	4

[block]
# block no. 3 follows, 33 sequences, length 18
# corresponding to MSA columns:
# 280-297
name=unknown_D
#
# <colnr> <probs for GDERKNQSTAVLIFYWHMCP>
#	G	D	E	R	K	N	Q	S	T	A	V	L	I	F	Y	W	H	M	C	P
0	0.01723	0.01457	0.01537	0.01357	0.01745	0.01678	0.01063	0.10164	0.64762	0.02893	0.02570	0.02369	0.01921	0.00883	0.00669	0.00221	0.00541	0.00729	0.00669	0.01050
1	0.01248	0.00970	0.01199	0.01254	0.01477	0.01043	0.01055	0.02056	0.24219	0.02224	0.03224	0.05815	0.03212	0.01519	0.00832	0.00277	0.00579	0.46423	0.00627	0.00747
2	0.81514	0.01273	0.00968	0.00866	0.01273	0.01477	0.00713	0.01935	0.01120	0.02954	0.00917	0.01069	0.00713	0.00611	0.00407	0.00204	0.00509	0.00356	0.00407	0.00713
3	0.00975	0.00712	0.00989	0.00978	0.01062	0.00812	0.00722	0.01148	0.01042	0.01500	0.01825	0.02985	0.01812	0.23336	0.50244	0.00885	0.04227	0.00762	0.03437	0.00545
4	0.02828	0.01244	0.01595	0.01231	0.01737	0.01161	0.01014	0.13555	0.05041	0.59613	0.02445	0.02149	0.01568	0.00814	0.00662	0.00204	0.00584	0.00655	0.00785	0.01117
5	0.00956	0.00642	0.00739	0.00739	0.00746	0.00650	0.00425	0.00971	0.00964	0.01292	0.02055	0.04203	0.02348	0.72473	0.07679	0.00664	0.00707	0.00942	0.00396	0.00410
6	0.01689	0.01440	0.01518	0.01350	0.01732	0.01662	0.01055	0.07506	0.67476	0.02837	0.02614	0.02404	0.01956	0.00887	0.00669	0.00222	0.00533	0.00735	0.00669	0.01047
7	0.00873	0.00641	0.00914	0.00989	0.01068	0.00682	0.00719	0.01049	0.01157	0.01603	0.02675	0.38665	0.02969	0.03533	0.38388	0.00672	0.01088	0.01275	0.00479	0.00562
8	0.01365	0.01170	0.01365	0.00975	0.01560	0.00878	0.00780	0.01658	0.01365	0.02145	0.01170	0.01365	0.00975	0.00488	0.00488	0.00098	0.00488	0.00390	0.00390	0.80888
9	0.00818	0.00608	0.00763	0.00853	0.00946	0.00553	0.00591	0.00974	0.01405	0.01853	0.15233	0.51081	0.18177	0.01869	0.00818	0.00249	0.00361	0.01667	0.00629	0.00553
10	0.00957	0.00638	0.00718	0.00718	0.00718	0.00638	0.00399	0.00957	0.00957	0.01276	0.02074	0.04308	0.02393	0.76864	0.03351	0.00638	0.00638	0.00957	0.00399	0.00399
11	0.01599	0.01455	0.02326	0.29993	0.38540	0.01588	0.01851	0.10672	0.01636	0.02234	0.01257	0.01670	0.00992	0.00639	0.00655	0.00205	0.00810	0.00587	0.00356	0.00938
12	0.00929	0.00689	0.00988	0.00996	0.01100	0.00776	0.00750	0.01127	0.01074	0.01517	0.02083	0.07010	0.04493	0.12998	0.59265	0.00935	0.01504	0.00824	0.00382	0.00562
13	0.00803	0.00630	0.00719	0.00774	0.00913	0.00555	0.00546	0.00952	0.01409	0.01773	0.09267	0.32976	0.39719	0.04742	0.00902	0.00255	0.00363	0.01545	0.00610	0.00545
14	0.65879	0.01243	0.01079	0.00927	0.01354	0.01375	0.00764	0.02189	0.01272	0.16937	0.01251	0.01303	0.00895	0.00652	0.00458	0.00204	0.00519	0.00417	0.00488	0.00794
15	0.53492	0.01398	0.04086	0.06032	0.07095	0.01485	0.05594	0.03744	0.01282	0.05276	0.01101	0.01311	0.00842	0.00637	0.00531	0.00206	0.02336	0.00449	0.02318	0.00783
16	0.01459	0.00791	0.00824	0.00751	0.00966	0.00810	0.00581	0.10392	0.01619	0.05504	0.02093	0.02335	0.01613	0.00772	0.00494	0.00161	0.00370	0.00613	0.67156	0.00698
17	0.01535	0.01605	0.06717	0.19422	0.38203	0.04161	0.01789	0.02091	0.08419	0.02081	0.01350	0.01690	0.01076	0.00632	0.00639	0.00197	0.00783	0.00576	0.00355	0.06680

[dist]
# distance from previous block
# <min> <max>
0	1

[block]
# block no. 4 follows, 33 sequences, length 50
# corresponding to MSA columns:
# 299-348
name=unknown_E
#
# <colnr> <probs for GDERKNQSTAVLIFYWHMCP>
#	G	D	E	R	K	N	Q	S	T	A	V	L	I	F	Y	W	H	M	C	P
0	0.01050	0.00828	0.00966	0.00904	0.01118	0.00823	0.00686	0.01659	0.16525	0.02491	0.44431	0.04683	0.18671	0.01315	0.00754	0.00214	0.00360	0.01136	0.00690	0.00697
1	0.48908	0.01215	0.01181	0.00984	0.01423	0.01284	0.00810	0.04432	0.01459	0.27267	0.01733	0.01686	0.03712	0.00726	0.00517	0.00204	0.00527	0.00508	0.00564	0.00861
2	0.01691	0.01095	0.01145	0.00978	0.01275	0.01180	0.00775	0.24976	0.07771	0.03051	0.02000	0.02160	0.01523	0.00785	0.00544	0.00174	0.00465	0.00617	0.46975	0.00820
3	0.00940	0.00705	0.01058	0.01058	0.01176	0.00823	0.00823	0.01176	0.01058	0.01528	0.01763	0.02586	0.01646	0.04937	0.74255	0.01058	0.01763	0.00705	0.00353	0.00588
4	0.01232	0.00997	0.01135	0.01050	0.01300	0.01064	0.00801	0.02214	0.32651	0.02614	0.35890	0.06661	0.07326	0.01188	0.00732	0.00217	0.00407	0.01029	0.00691	0.00801
5	0.01440	0.01440	0.02016	0.01728	0.01728	0.02016	0.01440	0.01584	0.01008	0.01584	0.00864	0.01440	0.00864	0.01152	0.02160	0.00288	0.75659	0.00576	0.00288	0.00720
6	0.00940	0.00705	0.01058	0.01058	0.01176	0.00823	0.00823	0.01176	0.01058	0.01528	0.01763	0.02586	0.01646	0.04937	0.74255	0.01058	0.01763	0.00705	0.00353	0.00588
7	0.01365	0.01170	0.01365	0.00975	0.01560	0.00878	0.00780	0.01658	0.01365	0.02145	0.01170	0.01365	0.00975	0.00488	0.00488	0.00098	0.00488	0.00390	0.00390	0.80888
8	0.01510	0.01289	0.01377	0.01264	0.01599	0.01465	0.00983	0.03094	0.59786	0.02618	0.04881	0.05684	0.06579	0.01036	0.00696	0.00228	0.00503	0.03783	0.00663	0.00963
9	0.00784	0.00667	0.00675	0.00673	0.00893	0.00558	0.00505	0.00956	0.01514	0.01811	0.09145	0.06282	0.69994	0.01655	0.00778	0.00222	0.00333	0.01382	0.00616	0.00558
10	0.02229	0.01708	0.01822	0.01459	0.01937	0.01914	0.01185	0.49346	0.24757	0.03708	0.01928	0.01858	0.01401	0.00823	0.00662	0.00206	0.00660	0.00641	0.00662	0.01095
11	0.03749	0.01342	0.01569	0.01595	0.10429	0.01478	0.01109	0.06295	0.44383	0.07676	0.04510	0.02568	0.06207	0.01019	0.02886	0.00241	0.00586	0.00752	0.00619	0.00988
12	0.01805	0.63027	0.08853	0.01302	0.04531	0.02362	0.01254	0.02070	0.01387	0.06723	0.01069	0.01189	0.00908	0.00587	0.00465	0.00153	0.00718	0.00394	0.00321	0.00882
13	0.01061	0.00758	0.01061	0.01212	0.01364	0.00758	0.01061	0.01364	0.01515	0.01970	0.03486	0.07426	0.03789	0.01819	0.00909	0.00303	0.00606	0.68326	0.00606	0.00606
14	0.00831	0.00593	0.00797	0.00949	0.01000	0.00559	0.00661	0.00966	0.01288	0.01712	0.03613	0.68845	0.04292	0.02036	0.00848	0.00271	0.00407	0.09180	0.00611	0.00543
15	0.01519	0.01421	0.02160	0.42790	0.24365	0.04130	0.01789	0.07550	0.04089	0.02060	0.01274	0.01709	0.00987	0.00657	0.00654	0.00209	0.00835	0.00586	0.00348	0.00868
16	0.01246	0.01166	0.01870	0.48324	0.07812	0.01448	0.01615	0.01597	0.01263	0.01688	0.01443	0.05150	0.03327	0.01112	0.05807	0.00287	0.13125	0.00673	0.00322	0.00725
17	0.00915	0.00672	0.00857	0.00811	0.00973	0.00614	0.00608	0.01210	0.01824	0.02547	0.65318	0.05071	0.13361	0.01381	0.00777	0.00209	0.00313	0.01212	0.00712	0.00614
18	0.01811	0.01510	0.02303	0.01954	0.08875	0.01569	0.19470	0.27701	0.02041	0.04924	0.01749	0.02039	0.03999	0.01551	0.15012	0.00372	0.01014	0.00696	0.00484	0.00926
19	0.05604	0.01668	0.02218	0.13542	0.07325	0.10502	0.14810	0.13165	0.05386	0.06733	0.01432	0.01760	0.01112	0.02805	0.03531	0.00253	0.06230	0.00620	0.00430	0.00875
20	0.01306	0.01279	0.02118	0.65769	0.04307	0.03557	0.07019	0.01739	0.01342	0.01710	0.01170	0.01732	0.00886	0.00664	0.00704	0.00220	0.02841	0.00595	0.00297	0.00744
21	0.01363	0.04381	0.08351	0.01534	0.01965	0.01270	0.18640	0.08855	0.07695	0.02481	0.24810	0.05801	0.07973	0.01003	0.00731	0.00212	0.00653	0.00929	0.00544	0.00808
22	0.01556	0.01063	0.01278	0.01107	0.01404	0.02981	0.02753	0.13248	0.04930	0.12953	0.21157	0.08339	0.13263	0.01540	0.07280	0.00290	0.00617	0.02808	0.00643	0.00789
23	0.04999	0.01386	0.01593	0.01307	0.01731	0.01472	0.02678	0.27771	0.15922	0.16987	0.02403	0.05330	0.04946	0.00947	0.00674	0.00212	0.00600	0.04352	0.03700	0.00989
24	0.01158	0.01011	0.01394	0.01275	0.01344	0.01290	0.01009	0.01380	0.03431	0.01570	0.01670	0.02493	0.04222	0.12291	0.31290	0.00638	0.30836	0.00714	0.00354	0.00630
25	0.02403	0.03020	0.01840	0.01672	0.02013	0.69259	0.01256	0.02688	0.06631	0.01689	0.01131	0.01274	0.00927	0.00693	0.00599	0.00173	0.01142	0.00446	0.00362	0.00782
26	0.02459	0.03138	0.01866	0.01696	0.02035	0.74221	0.01272	0.02629	0.01866	0.01611	0.01018	0.01187	0.00848	0.00678	0.00594	0.00170	0.01187	0.00424	0.00339	0.00763
27	0.01433	0.01321	0.02132	0.52284	0.12137	0.01574	0.04373	0.08279	0.01496	0.01982	0.01203	0.01704	0.00924	0.00691	0.00760	0.00219	0.05752	0.00593	0.00333	0.00810
28	0.07039	0.01493	0.05117	0.11011	0.06263	0.01500	0.03457	0.19002	0.01840	0.14382	0.01549	0.01837	0.01172	0.00774	0.00787	0.00203	0.08405	0.02856	0.00502	0.10810
29	0.01045	0.00801	0.01020	0.00996	0.01148	0.00856	0.00754	0.03032	0.05627	0.03596	0.08516	0.17540	0.18023	0.04937	0.23284	0.00500	0.06065	0.01111	0.00522	0.00631
30	0.00857	0.00670	0.00777	0.00750	0.00938	0.00590	0.00563	0.01099	0.01688	0.02224	0.40644	0.05603	0.38237	0.01501	0.00777	0.00214	0.00322	0.01287	0.00670	0.00590
31	0.02774	0.01081	0.01470	0.01141	0.01618	0.00937	0.00937	0.03033	0.01882	0.66930	0.08813	0.02479	0.02038	0.00862	0.00672	0.00204	0.00538	0.00709	0.00807	0.01076
32	0.01296	0.01224	0.02069	0.65610	0.13796	0.01476	0.01854	0.01728	0.01341	0.01746	0.01179	0.01738	0.00900	0.00648	0.00657	0.00216	0.00865	0.00585	0.00297	0.00774
33	0.02475	0.02668	0.01906	0.01630	0.02038	0.47992	0.01264	0.27315	0.02312	0.02533	0.01222	0.01330	0.00947	0.00719	0.00617	0.00180	0.01019	0.00485	0.00455	0.00893
34	0.01423	0.01227	0.01507	0.01081	0.01668	0.00964	0.03997	0.04682	0.01449	0.02231	0.01195	0.01393	0.00982	0.00504	0.00508	0.00108	0.00526	0.00417	0.00399	0.73736
35	0.01008	0.00687	0.00784	0.00784	0.00861	0.00669	0.00497	0.01150	0.04378	0.03946	0.04870	0.14208	0.13122	0.47541	0.02348	0.00481	0.00542	0.01131	0.00494	0.00500
36	0.01007	0.00633	0.00816	0.00893	0.00971	0.00590	0.00599	0.01115	0.01268	0.07556	0.03384	0.54883	0.06369	0.15141	0.01266	0.00326	0.00440	0.01591	0.00591	0.00560
37	0.01866	0.01528	0.01617	0.01386	0.01799	0.01744	0.01097	0.21201	0.53494	0.03122	0.02389	0.02225	0.01775	0.00866	0.00667	0.00217	0.00575	0.00704	0.00667	0.01062
38	0.06060	0.00913	0.01233	0.03715	0.01378	0.00967	0.00865	0.01748	0.03157	0.20096	0.01800	0.05766	0.01573	0.04472	0.01647	0.29511	0.09478	0.04495	0.00478	0.00647
39	0.24888	0.00988	0.01069	0.00977	0.01293	0.01001	0.00771	0.02010	0.05281	0.21054	0.02737	0.17715	0.08594	0.01152	0.00644	0.00224	0.00480	0.05010	0.03333	0.00778
40	0.01629	0.01564	0.02672	0.04041	0.72757	0.01564	0.02020	0.02020	0.01499	0.02151	0.01238	0.01629	0.01043	0.00587	0.00652	0.00196	0.00782	0.00587	0.00326	0.01043
41	0.00810	0.00606	0.00752	0.00848	0.00942	0.00549	0.00586	0.00957	0.01380	0.01802	0.11377	0.52334	0.20875	0.01895	0.00819	0.00250	0.00363	0.01686	0.00623	0.00549
42	0.07566	0.00921	0.00985	0.00928	0.01162	0.03502	0.00701	0.03668	0.07056	0.07933	0.23750	0.16447	0.20142	0.01367	0.00731	0.00220	0.00425	0.01164	0.00640	0.00691
43	0.00940	0.00705	0.01058	0.01058	0.01176	0.00823	0.00823	0.01176	0.01058	0.01528	0.01763	0.02586	0.01646	0.04937	0.74255	0.01058	0.01763	0.00705	0.00353	0.00588
44	0.00940	0.00705	0.01058	0.01058	0.01176	0.00823	0.00823	0.01176	0.01058	0.01528	0.01763	0.02586	0.01646	0.04937	0.74255	0.01058	0.01763	0.00705	0.00353	0.00588
45	0.01426	0.01382	0.02222	0.44314	0.28628	0.03716	0.01862	0.01827	0.01384	0.01842	0.01176	0.01679	0.00935	0.00656	0.00723	0.00213	0.04288	0.00580	0.00306	0.00843
46	0.07213	0.00672	0.00786	0.00871	0.00992	0.00640	0.00625	0.01056	0.01337	0.01850	0.06645	0.43193	0.19483	0.04627	0.00890	0.00267	0.00407	0.07296	0.00591	0.00558
47	0.00937	0.00638	0.00716	0.00721	0.00740	0.00628	0.00415	0.00955	0.01011	0.01331	0.02495	0.07109	0.08009	0.68178	0.03055	0.00592	0.00605	0.01025	0.00423	0.00416
48	0.10764	0.01260	0.01549	0.01200	0.01702	0.01204	0.00991	0.14676	0.02016	0.54268	0.02253	0.02009	0.01450	0.00790	0.00636	0.00203	0.00583	0.00619	0.00747	0.01079
49	0.01417	0.00991	0.01514	0.08412	0.16251	0.01015	0.02784	0.05984	0.01333	0.06235	0.01687	0.09554	0.01625	0.06436	0.01528	0.28127	0.00653	0.03400	0.00406	0.00649

[dist]
# distance from previous block
# <min> <max>
0	21

[block]
# block no. 5 follows, 33 sequences, length 10
# corresponding to MSA columns:
# 370-379
name=unknown_F
#
# <colnr> <probs for GDERKNQSTAVLIFYWHMCP>
#	G	D	E	R	K	N	Q	S	T	A	V	L	I	F	Y	W	H	M	C	P
0	0.01454	0.01480	0.02238	0.01852	0.01931	0.01975	0.09602	0.01646	0.01073	0.01646	0.00920	0.01480	0.00880	0.01082	0.01997	0.00280	0.66831	0.00600	0.00293	0.00740
1	0.00783	0.00646	0.00688	0.00721	0.00904	0.00551	0.00524	0.00939	0.01448	0.01757	0.06006	0.21611	0.57642	0.01753	0.00792	0.00232	0.00344	0.01494	0.00611	0.00551
2	0.01790	0.01993	0.01542	0.03829	0.01770	0.33956	0.01092	0.02329	0.16488	0.01948	0.07384	0.10735	0.05168	0.01012	0.00771	0.00207	0.05959	0.00778	0.00478	0.00772
3	0.01709	0.13057	0.20105	0.03661	0.02114	0.04095	0.03254	0.17793	0.05664	0.04831	0.01646	0.01832	0.04007	0.01247	0.09386	0.00300	0.03372	0.00586	0.00433	0.00910
4	0.00801	0.00608	0.00739	0.00833	0.00936	0.00546	0.00577	0.00942	0.01367	0.01760	0.08069	0.50630	0.26014	0.01901	0.00817	0.00250	0.00363	0.01684	0.00617	0.00546
5	0.01117	0.00572	0.00850	0.00862	0.00865	0.00569	0.00575	0.00862	0.00888	0.01185	0.01334	0.07693	0.01389	0.02270	0.02440	0.74684	0.00557	0.00671	0.00311	0.00305
6	0.11287	0.11629	0.02129	0.01891	0.14378	0.21492	0.04664	0.12215	0.01768	0.04825	0.01379	0.06893	0.01200	0.00757	0.00599	0.00190	0.00821	0.00593	0.00421	0.00872
7	0.10764	0.00896	0.01177	0.07840	0.04368	0.00907	0.04214	0.01627	0.01555	0.07311	0.24707	0.03184	0.07432	0.00968	0.00631	0.00196	0.00462	0.00826	0.20234	0.00701
8	0.01402	0.01122	0.01286	0.00949	0.01468	0.00897	0.00757	0.05103	0.01454	0.02291	0.01334	0.01536	0.01087	0.00544	0.00492	0.00111	0.00473	0.00433	0.12141	0.65120
9	0.00932	0.00727	0.01069	0.09791	0.01489	0.00747	0.03519	0.01112	0.01238	0.01646	0.02941	0.40704	0.05839	0.11880	0.09546	0.00399	0.00670	0.04681	0.00505	0.00565

[dist]
# distance from previous block
# <min> <max>
0	6

[block]
# block no. 6 follows, 33 sequences, length 18
# corresponding to MSA columns:
# 386-403
name=unknown_G
#
# <colnr> <probs for GDERKNQSTAVLIFYWHMCP>
#	G	D	E	R	K	N	Q	S	T	A	V	L	I	F	Y	W	H	M	C	P
0	0.01415	0.01410	0.02043	0.04732	0.01883	0.01929	0.04020	0.01590	0.01043	0.01606	0.00933	0.01515	0.00904	0.01274	0.05175	0.00316	0.66608	0.00590	0.00293	0.00721
1	0.01171	0.01038	0.01689	0.53417	0.06510	0.01236	0.01520	0.01536	0.01316	0.01743	0.01715	0.16659	0.01621	0.00941	0.00683	0.00224	0.00744	0.00843	0.04692	0.00699
2	0.00892	0.00664	0.00830	0.00804	0.00963	0.00602	0.00597	0.01159	0.01746	0.02398	0.54275	0.10879	0.18832	0.01465	0.00782	0.00215	0.00321	0.01283	0.00694	0.00602
3	0.00940	0.00705	0.01058	0.01058	0.01176	0.00823	0.00823	0.01176	0.01058	0.01528	0.01763	0.02586	0.01646	0.04937	0.74255	0.01058	0.01763	0.00705	0.00353	0.00588
4	0.01365	0.01170	0.01365	0.00975	0.01560	0.00878	0.00780	0.01658	0.01365	0.02145	0.01170	0.01365	0.00975	0.00488	0.00488	0.00098	0.00488	0.00390	0.00390	0.80888
5	0.01365	0.01170	0.01365	0.00975	0.01560	0.00878	0.00780	0.01658	0.01365	0.02145	0.01170	0.01365	0.00975	0.00488	0.00488	0.00098	0.00488	0.00390	0.00390	0.80888
6	0.01250	0.00657	0.00661	0.00653	0.00818	0.00669	0.00492	0.01641	0.05202	0.02471	0.02177	0.02454	0.01705	0.00774	0.00472	0.00157	0.00318	0.00621	0.76171	0.00637
7	0.01821	0.42811	0.22299	0.01379	0.02038	0.05160	0.01481	0.05501	0.01513	0.08783	0.01188	0.01294	0.00932	0.00621	0.00520	0.00169	0.00785	0.00434	0.00353	0.00917
8	0.00992	0.00758	0.00920	0.00864	0.01054	0.00729	0.00653	0.01461	0.09868	0.02531	0.55029	0.04834	0.15124	0.01339	0.00764	0.00211	0.00338	0.01167	0.00702	0.00661
9	0.01680	0.11408	0.28623	0.02209	0.17443	0.06707	0.05588	0.10689	0.03568	0.02277	0.01306	0.01608	0.01029	0.00667	0.00625	0.00197	0.00870	0.02178	0.00362	0.00965
10	0.01647	0.11696	0.07626	0.06616	0.07732	0.08166	0.03257	0.07099	0.01386	0.01880	0.01024	0.01419	0.00896	0.00875	0.01316	0.00232	0.35453	0.00535	0.00324	0.00820
11	0.00811	0.00586	0.00770	0.00914	0.00968	0.00545	0.00623	0.00937	0.01285	0.01698	0.03804	0.69432	0.08389	0.02029	0.00839	0.00266	0.00388	0.04566	0.00611	0.00539
12	0.01594	0.01418	0.02208	0.02927	0.43747	0.01445	0.04471	0.02272	0.16175	0.05321	0.04525	0.03990	0.05395	0.00780	0.00677	0.00206	0.00681	0.00727	0.00456	0.00986
13	0.01904	0.01829	0.09570	0.08711	0.21019	0.04747	0.12377	0.17160	0.04732	0.09208	0.01493	0.01700	0.01104	0.00674	0.00670	0.00204	0.00834	0.00614	0.00452	0.00997
14	0.00821	0.00603	0.00775	0.00898	0.00974	0.00556	0.00626	0.00964	0.01336	0.01752	0.06735	0.58906	0.14154	0.01961	0.00834	0.00261	0.00387	0.06296	0.00615	0.00546
15	0.01464	0.01521	0.08586	0.05232	0.10623	0.01210	0.09694	0.06453	0.01518	0.02231	0.01328	0.04559	0.01117	0.00614	0.00590	0.00154	0.00675	0.00554	0.00388	0.41490
16	0.01166	0.00955	0.01319	0.20001	0.02057	0.01080	0.01068	0.08604	0.01463	0.01940	0.02679	0.33582	0.07161	0.03526	0.00964	0.00258	0.07478	0.03534	0.00499	0.00664
17	0.04419	0.05283	0.04672	0.01162	0.03321	0.03412	0.00915	0.12441	0.03141	0.05246	0.04514	0.23682	0.11089	0.01452	0.04693	0.00258	0.00604	0.01041	0.03316	0.05342

[dist]
# distance from previous block
# <min> <max>
1	24

[block]
# block no. 7 follows, 33 sequences, length 34
# corresponding to MSA columns:
# 428-461
name=unknown_H
#
# <colnr> <probs for GDERKNQSTAVLIFYWHMCP>
#	G	D	E	R	K	N	Q	S	T	A	V	L	I	F	Y	W	H	M	C	P
0	0.05699	0.04524	0.07511	0.07026	0.35711	0.09310	0.05416	0.05002	0.01560	0.05214	0.01287	0.01648	0.01048	0.03428	0.00726	0.00209	0.00822	0.00565	0.00364	0.02929
1	0.15953	0.08432	0.01843	0.03230	0.10097	0.11221	0.01158	0.17155	0.03330	0.02584	0.01293	0.03299	0.01063	0.00709	0.00626	0.00183	0.03913	0.00517	0.02848	0.10546
2	0.14733	0.23746	0.09876	0.04260	0.13196	0.15750	0.01372	0.02083	0.01436	0.01981	0.01038	0.01252	0.00863	0.00602	0.00523	0.00173	0.00799	0.00428	0.00326	0.05562
3	0.01435	0.03506	0.19581	0.01860	0.14239	0.10643	0.04656	0.01817	0.01428	0.01939	0.01735	0.09402	0.03744	0.05538	0.03125	0.00246	0.00805	0.00711	0.06041	0.07549
4	0.00846	0.00719	0.00727	0.00717	0.00941	0.00636	0.00535	0.01127	0.06461	0.01829	0.06215	0.05985	0.64878	0.04403	0.00866	0.00238	0.00358	0.01327	0.00608	0.00585
5	0.01184	0.01085	0.01769	0.37353	0.14512	0.01207	0.03737	0.01535	0.01383	0.01819	0.05216	0.10862	0.10343	0.01137	0.03847	0.00257	0.00761	0.00866	0.00395	0.00733
6	0.00781	0.00657	0.00678	0.00694	0.00896	0.00553	0.00512	0.00942	0.01474	0.01768	0.06334	0.14070	0.64972	0.01711	0.00785	0.00227	0.00339	0.01443	0.00611	0.00553
7	0.00877	0.00633	0.00830	0.00872	0.00980	0.00587	0.00626	0.01101	0.01590	0.02193	0.39624	0.34921	0.07360	0.01669	0.00807	0.00236	0.00350	0.03490	0.00670	0.00583
8	0.02534	0.01793	0.01944	0.01490	0.02016	0.01966	0.01231	0.65794	0.03010	0.09039	0.01653	0.01627	0.01156	0.00792	0.00659	0.00198	0.00713	0.00598	0.00670	0.01120
9	0.00893	0.00659	0.00834	0.00816	0.00966	0.00601	0.00602	0.01158	0.01734	0.02392	0.54072	0.14143	0.15722	0.01483	0.00785	0.00217	0.00323	0.01306	0.00694	0.00601
10	0.40310	0.01295	0.01324	0.01074	0.01537	0.01362	0.00886	0.12096	0.01691	0.30012	0.01653	0.01590	0.01121	0.00714	0.00540	0.00203	0.00559	0.00507	0.00599	0.00926
11	0.01554	0.01776	0.03885	0.02775	0.03441	0.01665	0.70366	0.02109	0.01554	0.02109	0.01332	0.01776	0.00999	0.00555	0.00777	0.00222	0.01110	0.00777	0.00333	0.00888
12	0.00955	0.00647	0.00762	0.00762	0.00778	0.00662	0.00454	0.00986	0.00970	0.01309	0.02034	0.04084	0.02296	0.67511	0.12571	0.00693	0.00785	0.00925	0.00393	0.00423
13	0.01243	0.01170	0.01975	0.75282	0.04534	0.01463	0.01828	0.01682	0.01316	0.01682	0.01170	0.01755	0.00878	0.00658	0.00658	0.00219	0.00878	0.00585	0.00293	0.00731
14	0.01365	0.01170	0.01365	0.00975	0.01560	0.00878	0.00780	0.01658	0.01365	0.02145	0.01170	0.01365	0.00975	0.00488	0.00488	0.00098	0.00488	0.00390	0.00390	0.80888
15	0.01320	0.03405	0.73453	0.01876	0.02849	0.01529	0.02432	0.02085	0.01390	0.02085	0.01181	0.01390	0.00834	0.00625	0.00625	0.00208	0.00973	0.00486	0.00278	0.00973
16	0.01629	0.01564	0.02672	0.04041	0.72757	0.01564	0.02020	0.02020	0.01499	0.02151	0.01238	0.01629	0.01043	0.00587	0.00652	0.00196	0.00782	0.00587	0.00326	0.01043
17	0.04653	0.48237	0.02801	0.01321	0.01799	0.28175	0.01165	0.02205	0.01519	0.01618	0.00952	0.01103	0.00842	0.00606	0.00483	0.00153	0.00870	0.00378	0.00306	0.00811
18	0.01440	0.01440	0.02016	0.01728	0.01728	0.02016	0.01440	0.01584	0.01008	0.01584	0.00864	0.01440	0.00864	0.01152	0.02160	0.00288	0.75659	0.00576	0.00288	0.00720
19	0.01596	0.01185	0.01481	0.01069	0.01646	0.00919	0.03370	0.01893	0.01445	0.12161	0.01377	0.01504	0.01068	0.00536	0.00523	0.00117	0.00521	0.00443	0.00448	0.66697
20	0.00802	0.00573	0.00764	0.00917	0.00955	0.00535	0.00611	0.00917	0.01260	0.01681	0.03628	0.76434	0.04354	0.02062	0.00840	0.00267	0.00382	0.01872	0.00611	0.00535
21	0.01325	0.01324	0.02624	0.02063	0.02506	0.01257	0.39824	0.01763	0.01536	0.02040	0.02416	0.04217	0.05164	0.01105	0.00830	0.00254	0.00876	0.27661	0.00453	0.00762
22	0.00797	0.00592	0.00744	0.00865	0.00941	0.00539	0.00588	0.00922	0.01310	0.01701	0.04252	0.62061	0.18325	0.01981	0.00828	0.00258	0.00372	0.01773	0.00611	0.00539
23	0.01411	0.01769	0.12912	0.29405	0.08135	0.01565	0.31260	0.01943	0.01440	0.01951	0.01245	0.01705	0.00934	0.00605	0.00704	0.00217	0.00984	0.00653	0.00310	0.00852
24	0.02370	0.01134	0.01433	0.01150	0.01579	0.01072	0.00931	0.09436	0.09244	0.45208	0.14109	0.02771	0.04664	0.00935	0.00685	0.00206	0.00524	0.00774	0.00763	0.01012
25	0.01003	0.00721	0.00992	0.01138	0.01272	0.00710	0.00958	0.01267	0.01469	0.01910	0.03630	0.19925	0.06441	0.01857	0.00892	0.00294	0.00555	0.53766	0.00607	0.00591
26	0.01159	0.00957	0.01155	0.01112	0.01265	0.06337	0.00855	0.05900	0.01247	0.01692	0.01718	0.02537	0.01604	0.09437	0.58856	0.00905	0.01572	0.00695	0.00375	0.00623
