[name]
unknown

[dist]
# distance from previous block
# <min> <max>
0	108

[block]
# block no. 0 follows, 29 sequences, length 8
# corresponding to MSA columns:
# 156-163
name=unknown_A
#
# <colnr> <probs for GDERKNQSTAVLIFYWHMCP>
#	G	D	E	R	K	N	Q	S	T	A	V	L	I	F	Y	W	H	M	C	P
0	0.01768	0.01671	0.13405	0.01564	0.03940	0.04553	0.02857	0.09714	0.03623	0.12970	0.02871	0.10126	0.05805	0.01313	0.00811	0.00259	0.00740	0.20494	0.00610	0.00904
1	0.13636	0.40219	0.13274	0.01262	0.01817	0.02069	0.01273	0.01951	0.01405	0.02022	0.01534	0.13693	0.01536	0.00904	0.00565	0.00197	0.00715	0.00684	0.00386	0.00856
2	0.01686	0.01390	0.01589	0.01154	0.01776	0.01164	0.00931	0.13093	0.01795	0.02689	0.01341	0.01516	0.01081	0.00583	0.00559	0.00124	0.00571	0.00459	0.00471	0.66027
3	0.13181	0.13485	0.01338	0.00980	0.01210	0.01120	0.00754	0.01359	0.01394	0.02021	0.03484	0.40299	0.13595	0.01648	0.00750	0.00248	0.00485	0.01412	0.00567	0.00669
4	0.02436	0.13013	0.02184	0.01438	0.01999	0.01949	0.01210	0.34462	0.09785	0.13969	0.01853	0.01812	0.01339	0.00801	0.00657	0.00198	0.00703	0.00609	0.00648	0.08935
5	0.01475	0.01600	0.09234	0.06009	0.25438	0.01360	0.13480	0.01918	0.01683	0.04160	0.12933	0.03120	0.12574	0.00949	0.00769	0.00226	0.00775	0.00897	0.00475	0.00925
6	0.01130	0.00872	0.01042	0.01068	0.01266	0.00871	0.00843	0.01644	0.11997	0.02240	0.14551	0.08450	0.19309	0.08976	0.01149	0.00313	0.00519	0.22400	0.00665	0.00693
7	0.02353	0.01363	0.01796	0.01761	0.12380	0.01349	0.01215	0.13933	0.08885	0.29971	0.14579	0.02746	0.02507	0.00951	0.00737	0.00221	0.00620	0.00803	0.00738	0.01093

[dist]
# distance from previous block
# <min> <max>
0	39

[block]
# block no. 1 follows, 29 sequences, length 38
# corresponding to MSA columns:
# 207-227,229-237,239-246
name=unknown_B
#
# <colnr> <probs for GDERKNQSTAVLIFYWHMCP>
#	G	D	E	R	K	N	Q	S	T	A	V	L	I	F	Y	W	H	M	C	P
0	0.01719	0.18469	0.10580	0.01694	0.08384	0.09190	0.02980	0.06546	0.07423	0.02264	0.03868	0.09210	0.04370	0.00953	0.00666	0.00206	0.00764	0.02749	0.03616	0.04350
1	0.01581	0.05537	0.10695	0.01284	0.01712	0.01263	0.01142	0.07370	0.12162	0.09046	0.09461	0.16963	0.05402	0.01447	0.04942	0.00280	0.00676	0.01008	0.00605	0.07423
2	0.01687	0.20709	0.22544	0.01637	0.06099	0.05373	0.01573	0.02169	0.04528	0.07545	0.02052	0.08350	0.04679	0.03508	0.00772	0.00232	0.00803	0.04376	0.00444	0.00923
3	0.06857	0.25131	0.20435	0.01425	0.02048	0.04987	0.01474	0.05002	0.01563	0.04584	0.01419	0.05283	0.01209	0.00770	0.00644	0.00192	0.03477	0.00561	0.05010	0.07928
4	0.01548	0.09701	0.09331	0.01417	0.03835	0.17323	0.01148	0.01787	0.01537	0.03345	0.02487	0.26646	0.05301	0.07012	0.04126	0.00305	0.00823	0.01099	0.00481	0.00748
5	0.01555	0.03997	0.01418	0.01172	0.01496	0.03997	0.02938	0.08552	0.12383	0.08141	0.17635	0.06888	0.19452	0.03868	0.00881	0.00248	0.00551	0.03317	0.00677	0.00835
6	0.01478	0.06881	0.39004	0.01909	0.08406	0.01533	0.01936	0.07842	0.01632	0.02312	0.01851	0.15765	0.01746	0.03572	0.00817	0.00247	0.00857	0.00845	0.00417	0.00952
7	0.02136	0.01758	0.01923	0.01487	0.02046	0.11633	0.06640	0.12739	0.08000	0.12737	0.01698	0.01767	0.01265	0.00706	0.00644	0.00174	0.00748	0.00574	0.00549	0.30777
8	0.01237	0.00618	0.00928	0.00928	0.00928	0.00618	0.00618	0.00928	0.00928	0.01237	0.01237	0.02165	0.01237	0.02474	0.02783	0.79283	0.00618	0.00618	0.00309	0.00309
9	0.07651	0.05880	0.02001	0.01537	0.02027	0.18960	0.03041	0.23884	0.02331	0.19555	0.01836	0.05015	0.01384	0.00862	0.00678	0.00209	0.00842	0.00653	0.00618	0.01037
10	0.04836	0.01529	0.01764	0.01410	0.01903	0.01592	0.01158	0.32005	0.07585	0.24973	0.07539	0.02640	0.02039	0.00978	0.00732	0.00226	0.00662	0.04551	0.00761	0.01118
11	0.01426	0.01329	0.02245	0.56549	0.18129	0.01569	0.01970	0.01861	0.01446	0.01901	0.01280	0.01881	0.00996	0.00761	0.00787	0.03158	0.00916	0.00633	0.00323	0.00842
12	0.01483	0.01407	0.02386	0.50420	0.26666	0.01618	0.02046	0.01941	0.01489	0.01987	0.01290	0.01853	0.01008	0.00686	0.00710	0.00229	0.00915	0.00633	0.00328	0.00903
13	0.07999	0.01338	0.01473	0.01267	0.01627	0.05206	0.00997	0.14425	0.03595	0.22579	0.02921	0.18946	0.08222	0.01262	0.00831	0.00240	0.04425	0.01028	0.00685	0.00934
14	0.20685	0.01316	0.01449	0.01206	0.01641	0.01352	0.00962	0.14531	0.05749	0.25256	0.02265	0.11536	0.01849	0.03814	0.00781	0.00244	0.00599	0.00805	0.00678	0.03283
15	0.00849	0.00722	0.00731	0.00729	0.00966	0.00604	0.00547	0.01035	0.01640	0.01963	0.09860	0.06788	0.67573	0.01789	0.00842	0.00240	0.00360	0.01494	0.00666	0.00604
16	0.00868	0.00620	0.00826	0.00991	0.01033	0.00578	0.00661	0.00991	0.01363	0.01818	0.03925	0.74510	0.04710	0.02231	0.00909	0.00289	0.00413	0.02024	0.00661	0.00578
17	0.05455	0.02740	0.01899	0.01672	0.02069	0.46514	0.01289	0.16207	0.04723	0.02476	0.03081	0.01744	0.01275	0.00819	0.00662	0.00198	0.01057	0.02330	0.02892	0.00901
18	0.01682	0.01610	0.02745	0.17657	0.57876	0.01671	0.02145	0.02115	0.01583	0.02229	0.01325	0.01789	0.01093	0.00649	0.00706	0.00216	0.00866	0.00634	0.00346	0.01063
19	0.01023	0.00739	0.01022	0.01022	0.01107	0.00824	0.00738	0.01193	0.01108	0.01563	0.02019	0.03416	0.02049	0.28463	0.49398	0.00994	0.01503	0.00853	0.00398	0.00568
20	0.01814	0.01619	0.01630	0.01468	0.01868	0.05145	0.01139	0.03739	0.66023	0.02919	0.02812	0.02591	0.02113	0.00955	0.00721	0.00239	0.00598	0.00788	0.00707	0.01113
21	0.01771	0.01530	0.01610	0.01449	0.01852	0.01771	0.01127	0.03784	0.69247	0.02979	0.02898	0.02657	0.02174	0.00966	0.00725	0.00242	0.00564	0.00805	0.00725	0.01127
22	0.09443	0.02126	0.01965	0.01583	0.02084	0.14287	0.01277	0.48104	0.02844	0.03782	0.01633	0.04648	0.01268	0.00874	0.00684	0.00212	0.00835	0.00645	0.00626	0.01078
23	0.01428	0.03683	0.71286	0.02030	0.03082	0.01654	0.02631	0.02255	0.01503	0.02255	0.01278	0.01503	0.00902	0.00677	0.00677	0.00226	0.01052	0.00526	0.00301	0.01052
24	0.01725	0.01654	0.02823	0.10525	0.64671	0.01682	0.02167	0.02153	0.01604	0.02281	0.01333	0.01775	0.01112	0.00641	0.00706	0.00214	0.00855	0.00634	0.00349	0.01098
25	0.00866	0.00626	0.00820	0.00976	0.01029	0.00580	0.00654	0.00993	0.01379	0.01824	0.04118	0.70528	0.08567	0.02206	0.00905	0.00286	0.00410	0.01994	0.00661	0.00580
26	0.02549	0.01916	0.02048	0.01607	0.02148	0.02135	0.01315	0.57332	0.14431	0.04234	0.01909	0.01869	0.01373	0.00874	0.00714	0.00218	0.00747	0.00669	0.00714	0.01197
27	0.00866	0.00716	0.00764	0.00795	0.01006	0.00614	0.00598	0.01050	0.01593	0.01925	0.06578	0.15107	0.57748	0.01866	0.00860	0.00252	0.00387	0.06014	0.00661	0.00602
28	0.01582	0.01063	0.01273	0.01099	0.01398	0.01055	0.00867	0.16770	0.02276	0.09216	0.41018	0.04457	0.10163	0.01314	0.00805	0.00226	0.00475	0.03344	0.00762	0.00837
29	0.01854	0.01571	0.01657	0.01466	0.01883	0.01810	0.01147	0.09465	0.63431	0.03112	0.02793	0.02573	0.02089	0.00956	0.00723	0.00239	0.00583	0.00791	0.00723	0.01134
30	0.02707	0.01995	0.02137	0.01638	0.02208	0.02208	0.01353	0.68159	0.03348	0.04488	0.01710	0.01710	0.01211	0.00855	0.00712	0.00214	0.00784	0.00641	0.00712	0.01211
31	0.01036	0.00690	0.00777	0.00777	0.00777	0.00690	0.00431	0.01036	0.01036	0.01381	0.02244	0.04660	0.02589	0.74975	0.03624	0.00690	0.00690	0.01036	0.00431	0.00431
32	0.00866	0.00625	0.00821	0.00977	0.01029	0.00580	0.00655	0.00993	0.01377	0.01823	0.04097	0.70974	0.08135	0.02209	0.00905	0.00287	0.00410	0.01997	0.00661	0.00580
33	0.09044	0.01718	0.01673	0.01336	0.01832	0.09029	0.01071	0.26582	0.05918	0.03233	0.07250	0.01942	0.01634	0.00795	0.00636	0.00184	0.00683	0.00606	0.03521	0.21314
34	0.38440	0.06028	0.07584	0.01251	0.01764	0.01746	0.01114	0.13001	0.12150	0.05765	0.03902	0.01699	0.01323	0.00774	0.00574	0.00219	0.00641	0.00547	0.00537	0.00943
35	0.57955	0.01652	0.07484	0.01140	0.01644	0.01659	0.01023	0.12211	0.01598	0.03296	0.03906	0.01440	0.01089	0.00724	0.00519	0.00220	0.00623	0.00474	0.00484	0.00860
36	0.07056	0.07487	0.43026	0.01824	0.02634	0.13348	0.02058	0.08020	0.03931	0.02414	0.01302	0.01478	0.00964	0.00706	0.00647	0.00213	0.01001	0.00516	0.00370	0.01004
37	0.01906	0.01590	0.02381	0.06631	0.34970	0.01643	0.04592	0.12639	0.09561	0.07297	0.05053	0.02298	0.04581	0.00814	0.00727	0.00220	0.00765	0.00737	0.00517	0.01078

[dist]
# distance from previous block
# <min> <max>
4	20

[block]
# block no. 2 follows, 29 sequences, length 19
# corresponding to MSA columns:
# 274-292
name=unknown_C
#
# <colnr> <probs for GDERKNQSTAVLIFYWHMCP>
#	G	D	E	R	K	N	Q	S	T	A	V	L	I	F	Y	W	H	M	C	P
0	0.04121	0.01507	0.01547	0.01337	0.01720	0.06510	0.01056	0.16072	0.24625	0.05129	0.18752	0.03132	0.02966	0.01056	0.00737	0.00223	0.00608	0.03577	0.00690	0.04635
1	0.01511	0.00966	0.01304	0.01208	0.01472	0.00940	0.03294	0.04699	0.06960	0.13069	0.25965	0.13624	0.04332	0.01489	0.00848	0.00257	0.00527	0.15998	0.00732	0.00807
2	0.05858	0.01238	0.01339	0.01152	0.01472	0.06134	0.00901	0.13065	0.02179	0.13812	0.37101	0.06211	0.04213	0.01198	0.00766	0.00221	0.00536	0.01009	0.00735	0.00861
3	0.01809	0.61133	0.17173	0.01380	0.02077	0.02586	0.01499	0.02157	0.01458	0.01791	0.01047	0.01214	0.00911	0.00623	0.00501	0.00167	0.00819	0.00410	0.00304	0.00941
4	0.01762	0.01692	0.02890	0.04371	0.70533	0.01692	0.02185	0.02185	0.01621	0.02326	0.01339	0.01762	0.01128	0.00634	0.00705	0.00211	0.00846	0.00634	0.00352	0.01128
5	0.01041	0.00762	0.00985	0.00951	0.01121	0.00723	0.00720	0.01437	0.04856	0.02757	0.59420	0.09326	0.06248	0.01510	0.00848	0.00235	0.00370	0.05239	0.00766	0.00685
6	0.01685	0.01667	0.03001	0.14571	0.49129	0.01694	0.13437	0.02146	0.01602	0.02242	0.01346	0.01810	0.01093	0.00640	0.00729	0.00220	0.00922	0.00670	0.00348	0.01048
7	0.01582	0.01524	0.01660	0.01493	0.01650	0.10096	0.01164	0.02167	0.17196	0.01954	0.01759	0.02442	0.01602	0.13153	0.11990	0.00458	0.26145	0.00730	0.00444	0.00792
8	0.01345	0.01266	0.02136	0.73264	0.04904	0.01582	0.01978	0.01819	0.01424	0.01819	0.01266	0.01898	0.00949	0.00712	0.00712	0.00237	0.00949	0.00633	0.00316	0.00791
9	0.00868	0.00620	0.00826	0.00991	0.01033	0.00578	0.00661	0.00991	0.01363	0.01818	0.03925	0.74510	0.04710	0.02231	0.00909	0.00289	0.00413	0.02024	0.00661	0.00578
10	0.01451	0.03547	0.66613	0.02189	0.07690	0.01656	0.02600	0.02250	0.01511	0.02260	0.01282	0.01521	0.00917	0.00674	0.00678	0.00225	0.01038	0.00534	0.00304	0.01058
11	0.01681	0.01921	0.04202	0.03001	0.03721	0.01801	0.67947	0.02281	0.01681	0.02281	0.01441	0.01921	0.01080	0.00600	0.00840	0.00240	0.01200	0.00840	0.00360	0.00960
12	0.00868	0.00620	0.00826	0.00991	0.01033	0.00578	0.00661	0.00991	0.01363	0.01818	0.03925	0.74510	0.04710	0.02231	0.00909	0.00289	0.00413	0.02024	0.00661	0.00578
13	0.01904	0.75404	0.03731	0.01218	0.01828	0.02818	0.01218	0.02132	0.01447	0.01675	0.00990	0.01142	0.00914	0.00609	0.00457	0.00152	0.00761	0.00381	0.00305	0.00914
14	0.01815	0.43245	0.12461	0.01434	0.01992	0.06081	0.01423	0.06577	0.01556	0.01952	0.01175	0.01441	0.01024	0.01180	0.08063	0.00283	0.06563	0.00481	0.00344	0.00909
15	0.01015	0.00689	0.00776	0.00784	0.00801	0.00679	0.00450	0.01032	0.01088	0.01436	0.02634	0.08424	0.06824	0.66733	0.03313	0.00642	0.00656	0.01115	0.00457	0.00449
16	0.06064	0.22053	0.44665	0.01829	0.02707	0.01964	0.07077	0.02216	0.01485	0.02160	0.01199	0.01421	0.00911	0.00652	0.00618	0.00207	0.00959	0.00504	0.00314	0.00993
17	0.01660	0.24182	0.48122	0.01755	0.02653	0.01956	0.02140	0.02285	0.01516	0.05774	0.01277	0.01449	0.00952	0.00668	0.00615	0.00204	0.00945	0.00495	0.00333	0.01021
18	0.47282	0.04266	0.01269	0.01024	0.01449	0.01517	0.00840	0.08193	0.05418	0.07731	0.01875	0.01939	0.06290	0.00810	0.00536	0.00215	0.00551	0.00564	0.07387	0.00845

[dist]
# distance from previous block
# <min> <max>
4	7

[block]
# block no. 3 follows, 29 sequences, length 43
# corresponding to MSA columns:
# 300-342
name=unknown_D
#
# <colnr> <probs for GDERKNQSTAVLIFYWHMCP>
#	G	D	E	R	K	N	Q	S	T	A	V	L	I	F	Y	W	H	M	C	P
0	0.18623	0.51989	0.02977	0.01224	0.01771	0.09913	0.01140	0.02199	0.01457	0.02006	0.01002	0.01160	0.00884	0.00633	0.00473	0.00170	0.00772	0.00390	0.00340	0.00874
1	0.00868	0.00620	0.00826	0.00991	0.01033	0.00578	0.00661	0.00991	0.01363	0.01818	0.03925	0.74510	0.04710	0.02231	0.00909	0.00289	0.00413	0.02024	0.00661	0.00578
2	0.02308	0.01796	0.01912	0.01558	0.02056	0.02022	0.01257	0.40700	0.31457	0.03844	0.02217	0.02114	0.01622	0.00902	0.00718	0.00226	0.00690	0.00711	0.00718	0.01175
3	0.01681	0.01921	0.04202	0.03001	0.03721	0.01801	0.67947	0.02281	0.01681	0.02281	0.01441	0.01921	0.01080	0.00600	0.00840	0.00240	0.01200	0.00840	0.00360	0.00960
4	0.06099	0.01827	0.03760	0.02712	0.03395	0.01734	0.57259	0.02405	0.03842	0.07345	0.01562	0.01939	0.01148	0.00636	0.00806	0.00238	0.01101	0.00805	0.00414	0.00974
5	0.01465	0.06029	0.63589	0.02079	0.03089	0.01706	0.07795	0.02253	0.01516	0.02237	0.01281	0.01524	0.00917	0.00668	0.00682	0.00224	0.01054	0.00546	0.00306	0.01040
6	0.01020	0.00754	0.01098	0.01098	0.01209	0.00865	0.00833	0.01242	0.01131	0.01619	0.01950	0.03031	0.01882	0.14079	0.63554	0.01087	0.01755	0.00797	0.00388	0.00610
7	0.01226	0.00882	0.01044	0.01006	0.01255	0.00847	0.00793	0.01733	0.10920	0.07019	0.25215	0.05707	0.26066	0.01548	0.00840	0.00248	0.00445	0.11741	0.00722	0.00744
8	0.10240	0.01640	0.02086	0.01667	0.02145	0.09944	0.15381	0.04808	0.10303	0.20231	0.05841	0.04783	0.03653	0.00924	0.00731	0.00229	0.00785	0.03024	0.00611	0.00971
9	0.01489	0.01423	0.02444	0.49028	0.25747	0.01624	0.04217	0.01951	0.01495	0.01996	0.01295	0.01856	0.01010	0.00684	0.00714	0.00229	0.00925	0.00640	0.00329	0.00904
10	0.00896	0.00744	0.00762	0.00755	0.00974	0.00649	0.00552	0.01120	0.03704	0.01930	0.08482	0.06452	0.59311	0.09192	0.01120	0.00286	0.00400	0.01427	0.00644	0.00603
11	0.01742	0.08373	0.48569	0.01893	0.02724	0.11765	0.02200	0.02363	0.01576	0.05888	0.01295	0.01501	0.00954	0.00727	0.00762	0.00220	0.05580	0.00523	0.00343	0.01002
12	0.01559	0.01694	0.03589	0.02653	0.03257	0.01595	0.54994	0.02092	0.01654	0.02231	0.01902	0.07618	0.01706	0.00883	0.00863	0.00254	0.01079	0.09065	0.00418	0.00896
13	0.00868	0.00620	0.00826	0.00991	0.01033	0.00578	0.00661	0.00991	0.01363	0.01818	0.03925	0.74510	0.04710	0.02231	0.00909	0.00289	0.00413	0.02024	0.00661	0.00578
14	0.06776	0.07523	0.02168	0.01992	0.09067	0.52359	0.01413	0.06804	0.01981	0.02050	0.01150	0.01344	0.00949	0.00720	0.00630	0.00188	0.01135	0.00479	0.00387	0.00883
15	0.01976	0.06908	0.07194	0.08455	0.05497	0.18429	0.21826	0.09116	0.01819	0.02244	0.01277	0.01628	0.01009	0.00743	0.00889	0.00224	0.08822	0.00632	0.00382	0.00930
16	0.01428	0.03683	0.71286	0.02030	0.03082	0.01654	0.02631	0.02255	0.01503	0.02255	0.01278	0.01503	0.00902	0.00677	0.00677	0.00226	0.01052	0.00526	0.00301	0.01052
17	0.00864	0.00632	0.00813	0.00958	0.01024	0.00581	0.00646	0.00995	0.01396	0.01831	0.04337	0.66020	0.12933	0.02177	0.00900	0.00283	0.00407	0.01959	0.00661	0.00581
18	0.03338	0.00956	0.01362	0.01449	0.09949	0.00914	0.04561	0.01549	0.04353	0.02585	0.40924	0.08188	0.14380	0.01354	0.00811	0.00229	0.00469	0.01206	0.00671	0.00750
19	0.01863	0.01759	0.03186	0.02629	0.11459	0.03934	0.38143	0.09138	0.01867	0.07913	0.01982	0.06138	0.04845	0.00808	0.00797	0.00233	0.00982	0.00870	0.00469	0.00984
20	0.03090	0.01380	0.01756	0.01347	0.01901	0.01296	0.01112	0.17341	0.02319	0.56759	0.02573	0.02271	0.01644	0.00876	0.00715	0.00219	0.00644	0.00700	0.00845	0.01212
21	0.01237	0.00618	0.00928	0.00928	0.00928	0.00618	0.00618	0.00928	0.00928	0.01237	0.01237	0.02165	0.01237	0.02474	0.02783	0.79283	0.00618	0.00618	0.00309	0.00309
22	0.01891	0.11196	0.02438	0.01983	0.07452	0.14617	0.03687	0.05780	0.04931	0.01998	0.01162	0.01549	0.01027	0.00970	0.01450	0.00250	0.35789	0.00582	0.00368	0.00879
23	0.02187	0.05710	0.02333	0.01784	0.02273	0.10698	0.10385	0.25490	0.22062	0.03121	0.01870	0.01927	0.01410	0.00845	0.00795	0.00224	0.04556	0.00680	0.00584	0.01067
24	0.01774	0.55895	0.22107	0.01439	0.02169	0.02501	0.01603	0.02166	0.01462	0.01833	0.01068	0.01240	0.00911	0.00628	0.00517	0.00172	0.00841	0.00420	0.00304	0.00951
25	0.01672	0.01895	0.04059	0.02921	0.03591	0.01828	0.63257	0.02241	0.01639	0.02241	0.01405	0.01895	0.01070	0.00646	0.00946	0.00245	0.06320	0.00825	0.00357	0.00948
26	0.01345	0.01266	0.02136	0.73264	0.04904	0.01582	0.01978	0.01819	0.01424	0.01819	0.01266	0.01898	0.00949	0.00712	0.00712	0.00237	0.00949	0.00633	0.00316	0.00791
27	0.01008	0.00728	0.00952	0.00896	0.01064	0.00672	0.00672	0.01344	0.02016	0.02855	0.70158	0.05319	0.06719	0.01456	0.00840	0.00224	0.00336	0.01288	0.00784	0.00672
28	0.01718	0.01647	0.02811	0.11641	0.63608	0.01680	0.02163	0.02147	0.01601	0.02273	0.01332	0.01777	0.01109	0.00643	0.00706	0.00214	0.00857	0.00634	0.00349	0.01092
29	0.03131	0.01314	0.01715	0.01315	0.01868	0.01198	0.01086	0.11875	0.02208	0.62381	0.02666	0.02331	0.01691	0.00878	0.00716	0.00219	0.00629	0.00706	0.00859	0.01212
30	0.00889	0.00629	0.00820	0.00965	0.01001	0.00592	0.00632	0.00997	0.01322	0.01763	0.03714	0.65745	0.04443	0.11359	0.01250	0.00340	0.00448	0.01900	0.00632	0.00560
31	0.01762	0.01692	0.02890	0.04371	0.70533	0.01692	0.02185	0.02185	0.01621	0.02326	0.01339	0.01762	0.01128	0.00634	0.00705	0.00211	0.00846	0.00634	0.00352	0.01128
32	0.00842	0.00721	0.00721	0.00721	0.00962	0.00601	0.00541	0.01022	0.01623	0.01924	0.07213	0.06853	0.70244	0.01803	0.00842	0.00240	0.00361	0.01503	0.00661	0.00601
33	0.10581	0.01188	0.01535	0.01204	0.01712	0.01070	0.00988	0.03158	0.01955	0.58690	0.08216	0.02539	0.02076	0.00907	0.00699	0.00221	0.00578	0.00731	0.00830	0.01124
34	0.00842	0.00721	0.00721	0.00721	0.00962	0.00601	0.00541	0.01022	0.01623	0.01924	0.07213	0.06853	0.70244	0.01803	0.00842	0.00240	0.00361	0.01503	0.00661	0.00601
35	0.01681	0.01921	0.04202	0.03001	0.03721	0.01801	0.67947	0.02281	0.01681	0.02281	0.01441	0.01921	0.01080	0.00600	0.00840	0.00240	0.01200	0.00840	0.00360	0.00960
36	0.01327	0.00664	0.00664	0.00664	0.00830	0.00664	0.00498	0.01659	0.01493	0.02655	0.02323	0.02655	0.01825	0.00830	0.00498	0.00166	0.00332	0.00664	0.78928	0.00664
37	0.02922	0.01649	0.01923	0.01475	0.02036	0.01696	0.01218	0.39636	0.02770	0.33826	0.02194	0.02024	0.01454	0.00866	0.00714	0.00217	0.00705	0.00674	0.00787	0.01211
38	0.01762	0.01692	0.02890	0.04371	0.70533	0.01692	0.02185	0.02185	0.01621	0.02326	0.01339	0.01762	0.01128	0.00634	0.00705	0.00211	0.00846	0.00634	0.00352	0.01128
39	0.00916	0.00659	0.00866	0.01014	0.01085	0.00621	0.00718	0.01069	0.01408	0.01854	0.04036	0.57254	0.08616	0.05214	0.01030	0.00309	0.00458	0.11637	0.00651	0.00585
40	0.00868	0.00620	0.00826	0.00991	0.01033	0.00578	0.00661	0.00991	0.01363	0.01818	0.03925	0.74510	0.04710	0.02231	0.00909	0.00289	0.00413	0.02024	0.00661	0.00578
41	0.04925	0.01310	0.01535	0.01249	0.01659	0.01337	0.01005	0.23894	0.04753	0.19761	0.26753	0.03200	0.03354	0.01076	0.00750	0.00220	0.00563	0.00890	0.00770	0.00998
42	0.01868	0.72402	0.03627	0.01215	0.01805	0.02740	0.01205	0.02098	0.01435	0.01674	0.01027	0.01209	0.00949	0.00799	0.03340	0.00192	0.00808	0.00396	0.00308	0.00903

[dist]
# distance from previous block
# <min> <max>
0	1

[block]
# block no. 4 follows, 29 sequences, length 33
# corresponding to MSA columns:
# 344-376
name=unknown_E
#
# <colnr> <probs for GDERKNQSTAVLIFYWHMCP>
#	G	D	E	R	K	N	Q	S	T	A	V	L	I	F	Y	W	H	M	C	P
0	0.01620	0.01385	0.01473	0.01335	0.01702	0.01568	0.01035	0.03319	0.57159	0.02879	0.09692	0.03262	0.08303	0.01083	0.00745	0.00240	0.00525	0.00910	0.00725	0.01040
1	0.02573	0.06180	0.02162	0.04106	0.02231	0.02119	0.01332	0.53281	0.07931	0.08175	0.01806	0.01796	0.01289	0.00845	0.00698	0.00213	0.00761	0.00642	0.00686	0.01173
2	0.04808	0.00786	0.00997	0.00919	0.01122	0.00737	0.00698	0.01502	0.01980	0.06827	0.63034	0.04957	0.06155	0.01385	0.00814	0.00224	0.00362	0.01213	0.00774	0.00708
3	0.00962	0.00725	0.00912	0.01025	0.01173	0.00674	0.00802	0.01179	0.01545	0.01966	0.04891	0.29048	0.24875	0.02001	0.00915	0.00288	0.00486	0.25260	0.00659	0.00614
4	0.02103	0.01825	0.03121	0.02292	0.02927	0.04949	0.37838	0.11183	0.05456	0.13916	0.01751	0.01959	0.01257	0.00701	0.00770	0.00223	0.00981	0.00750	0.00515	0.05483
5	0.01036	0.00690	0.00777	0.00777	0.00777	0.00690	0.00431	0.01036	0.01036	0.01381	0.02244	0.04660	0.02589	0.74975	0.03624	0.00690	0.00690	0.01036	0.00431	0.00431
6	0.01017	0.00763	0.01144	0.01144	0.01272	0.00890	0.00890	0.01272	0.01144	0.01653	0.01907	0.02797	0.01780	0.05340	0.72153	0.01144	0.01907	0.00763	0.00381	0.00636
7	0.01477	0.01266	0.01477	0.01055	0.01687	0.00949	0.00844	0.01793	0.01477	0.02320	0.01266	0.01477	0.01055	0.00527	0.00527	0.00105	0.00527	0.00422	0.00422	0.79328
8	0.05594	0.01971	0.02096	0.01612	0.02177	0.02185	0.01332	0.65692	0.03268	0.04439	0.01683	0.01689	0.01195	0.00848	0.00702	0.00214	0.00775	0.00632	0.00702	0.01195
9	0.01745	0.01740	0.03164	0.04085	0.56573	0.01715	0.15927	0.02205	0.01634	0.02317	0.01361	0.01795	0.01118	0.00627	0.00733	0.00217	0.00920	0.00677	0.00354	0.01093
10	0.01033	0.00700	0.00828	0.00828	0.00846	0.00718	0.00495	0.01068	0.01051	0.01419	0.02197	0.04400	0.02476	0.65255	0.13190	0.00754	0.00860	0.00997	0.00424	0.00460
11	0.00997	0.00727	0.00937	0.00884	0.01057	0.00667	0.00663	0.01323	0.01990	0.02794	0.66019	0.05420	0.10896	0.01479	0.00840	0.00225	0.00338	0.01302	0.00776	0.00667
12	0.00879	0.00624	0.00823	0.00977	0.01016	0.00586	0.00646	0.00994	0.01342	0.01789	0.03814	0.69917	0.04570	0.07014	0.01087	0.00316	0.00431	0.01959	0.00646	0.00569
13	0.00856	0.00722	0.00742	0.00737	0.00971	0.00607	0.00553	0.01050	0.01658	0.02006	0.12800	0.06717	0.64606	0.01773	0.00841	0.00239	0.00358	0.01484	0.00672	0.00607
14	0.01878	0.01582	0.01670	0.01471	0.01892	0.01821	0.01153	0.11105	0.61752	0.03150	0.02763	0.02549	0.02064	0.00953	0.00723	0.00238	0.00589	0.00786	0.00723	0.01137
15	0.01967	0.69379	0.03588	0.01270	0.01859	0.08615	0.01232	0.02192	0.01495	0.01681	0.00999	0.01154	0.00914	0.00620	0.00472	0.00155	0.00805	0.00387	0.00310	0.00906
16	0.00855	0.00722	0.00741	0.00736	0.00970	0.00607	0.00552	0.01049	0.01656	0.02002	0.12479	0.06724	0.64930	0.01774	0.00841	0.00239	0.00359	0.01485	0.00671	0.00607
17	0.00868	0.00620	0.00826	0.00991	0.01033	0.00578	0.00661	0.00991	0.01363	0.01818	0.03925	0.74510	0.04710	0.02231	0.00909	0.00289	0.00413	0.02024	0.00661	0.00578
18	0.01881	0.72026	0.06913	0.01257	0.01887	0.02763	0.01285	0.02138	0.01450	0.01703	0.01004	0.01159	0.00913	0.00612	0.00467	0.00156	0.00775	0.00388	0.00304	0.00920
19	0.04981	0.01205	0.01078	0.01018	0.01301	0.10149	0.00782	0.01738	0.08269	0.05029	0.12874	0.05143	0.37894	0.01457	0.00787	0.00233	0.00531	0.04164	0.00642	0.00725
20	0.01036	0.00690	0.00777	0.00777	0.00777	0.00690	0.00431	0.01036	0.01036	0.01381	0.02244	0.04660	0.02589	0.74975	0.03624	0.00690	0.00690	0.01036	0.00431	0.00431
21	0.80005	0.01377	0.01047	0.00936	0.01377	0.01597	0.00771	0.02093	0.01212	0.03195	0.00991	0.01157	0.00771	0.00661	0.00441	0.00220	0.00551	0.00386	0.00441	0.00771
22	0.01758	0.01740	0.02640	0.05505	0.47870	0.08313	0.07139	0.02162	0.01654	0.02252	0.01572	0.02299	0.01380	0.00764	0.00724	0.00219	0.00879	0.06082	0.04032	0.01015
23	0.00868	0.00620	0.00826	0.00991	0.01033	0.00578	0.00661	0.00991	0.01363	0.01818	0.03925	0.74510	0.04710	0.02231	0.00909	0.00289	0.00413	0.02024	0.00661	0.00578
24	0.01008	0.00728	0.00952	0.00896	0.01064	0.00672	0.00672	0.01344	0.02016	0.02855	0.70158	0.05319	0.06719	0.01456	0.00840	0.00224	0.00336	0.01288	0.00784	0.00672
25	0.01045	0.00789	0.01137	0.01123	0.01225	0.00920	0.00852	0.01257	0.01126	0.01615	0.01912	0.03018	0.01862	0.15555	0.58680	0.01038	0.05050	0.00797	0.00386	0.00612
26	0.01702	0.35350	0.37862	0.01661	0.02482	0.05812	0.01942	0.02231	0.01505	0.01972	0.01142	0.01333	0.00908	0.00650	0.00578	0.00191	0.00936	0.00458	0.00306	0.00979
27	0.01345	0.01266	0.02136	0.73264	0.04904	0.01582	0.01978	0.01819	0.01424	0.01819	0.01266	0.01898	0.00949	0.00712	0.00712	0.00237	0.00949	0.00633	0.00316	0.00791
28	0.00868	0.00620	0.00826	0.00991	0.01033	0.00578	0.00661	0.00991	0.01363	0.01818	0.03925	0.74510	0.04710	0.02231	0.00909	0.00289	0.00413	0.02024	0.00661	0.00578
29	0.01643	0.01561	0.02400	0.27780	0.36027	0.04862	0.01922	0.05414	0.01642	0.02198	0.01509	0.07048	0.01320	0.00793	0.00720	0.00225	0.00868	0.00727	0.00382	0.00962
30	0.01693	0.01229	0.01629	0.01555	0.07411	0.01245	0.04664	0.11039	0.12508	0.10287	0.22032	0.04024	0.08611	0.01201	0.00795	0.00237	0.00585	0.07641	0.00694	0.00920
31	0.01762	0.01692	0.02890	0.04371	0.70533	0.01692	0.02185	0.02185	0.01621	0.02326	0.01339	0.01762	0.01128	0.00634	0.00705	0.00211	0.00846	0.00634	0.00352	0.01128
32	0.06508	0.01460	0.01734	0.01353	0.01881	0.01461	0.01112	0.23764	0.05866	0.40495	0.02361	0.02160	0.01566	0.00865	0.00693	0.00217	0.00646	0.00679	0.04015	0.01164

[dist]
# distance from previous block
# <min> <max>
3	16

[block]
# block no. 5 follows, 29 sequences, length 48
# corresponding to MSA columns:
# 393-440
name=unknown_F
#
# <colnr> <probs for GDERKNQSTAVLIFYWHMCP>
#	G	D	E	R	K	N	Q	S	T	A	V	L	I	F	Y	W	H	M	C	P
0	0.01768	0.21634	0.28427	0.01729	0.05817	0.01948	0.01763	0.11423	0.04520	0.02458	0.01331	0.01495	0.01032	0.00674	0.00608	0.00189	0.00839	0.00507	0.00395	0.11445
1	0.04335	0.18631	0.13389	0.01582	0.02165	0.25884	0.01457	0.07425	0.01868	0.11748	0.01392	0.01483	0.01056	0.00717	0.00613	0.00189	0.00951	0.00498	0.00444	0.04173
2	0.01422	0.00918	0.01046	0.00954	0.01120	0.00919	0.00652	0.08271	0.04946	0.08606	0.05849	0.07167	0.09973	0.42402	0.02366	0.00488	0.00623	0.01055	0.00568	0.00656
3	0.05736	0.05739	0.01672	0.01370	0.01769	0.01716	0.01095	0.09630	0.45727	0.03011	0.08967	0.02911	0.02457	0.01014	0.00717	0.00235	0.00579	0.03931	0.00687	0.01039
4	0.01546	0.01252	0.01523	0.08495	0.01982	0.01118	0.00999	0.07716	0.05072	0.04162	0.01798	0.11822	0.01643	0.00844	0.00631	0.00164	0.00581	0.00713	0.00497	0.47443
5	0.01871	0.38788	0.18771	0.01813	0.06025	0.09922	0.07751	0.03921	0.01601	0.01975	0.01145	0.01359	0.00946	0.00645	0.00582	0.00185	0.00930	0.00485	0.00328	0.00959
6	0.01328	0.01020	0.04824	0.11317	0.01968	0.00935	0.01216	0.01649	0.01578	0.08849	0.03234	0.21626	0.03406	0.01680	0.00886	0.00290	0.00656	0.32193	0.00614	0.00732
7	0.01211	0.01407	0.10852	0.01137	0.01450	0.08091	0.01003	0.01574	0.01871	0.02511	0.43747	0.08038	0.11655	0.01348	0.00801	0.00225	0.00539	0.01156	0.00655	0.00729
8	0.01581	0.01280	0.01593	0.11196	0.02151	0.01132	0.01049	0.04527	0.05191	0.05661	0.01478	0.01721	0.01177	0.00851	0.04212	0.00194	0.00672	0.00512	0.00455	0.53369
9	0.01489	0.12829	0.62671	0.01926	0.02922	0.01802	0.02451	0.02239	0.01496	0.02181	0.01241	0.01457	0.00904	0.00668	0.00649	0.00216	0.01015	0.00508	0.00301	0.01035
10	0.02619	0.01967	0.01878	0.01529	0.02011	0.15093	0.01234	0.34076	0.05332	0.16858	0.01977	0.02118	0.01454	0.00886	0.00700	0.00212	0.00805	0.03292	0.04878	0.01082
11	0.03195	0.01212	0.01652	0.01267	0.01818	0.01047	0.01047	0.03470	0.02038	0.71026	0.02809	0.02424	0.01763	0.00881	0.00716	0.00220	0.00606	0.00716	0.00881	0.01212
12	0.01651	0.01578	0.02689	0.22727	0.53047	0.01663	0.02130	0.02088	0.01569	0.02191	0.01320	0.01799	0.01080	0.00655	0.00707	0.00218	0.00873	0.00634	0.00343	0.01038
13	0.01543	0.21020	0.54956	0.01833	0.02779	0.01935	0.02289	0.02225	0.01490	0.02115	0.01208	0.01416	0.00905	0.00660	0.00623	0.00208	0.00982	0.00491	0.00302	0.01019
14	0.01771	0.01530	0.01610	0.01449	0.01852	0.01771	0.01127	0.03784	0.69247	0.02979	0.02898	0.02657	0.02174	0.00966	0.00725	0.00242	0.00564	0.00805	0.00725	0.01127
15	0.01327	0.00664	0.00664	0.00664	0.00830	0.00664	0.00498	0.01659	0.01493	0.02655	0.02323	0.02655	0.01825	0.00830	0.00498	0.00166	0.00332	0.00664	0.78928	0.00664
16	0.01457	0.01513	0.03007	0.23480	0.06380	0.01539	0.35202	0.01938	0.01553	0.02074	0.01776	0.13325	0.01614	0.00891	0.00808	0.00246	0.00988	0.00957	0.00394	0.00857
17	0.02660	0.03394	0.02018	0.01834	0.02201	0.72116	0.01376	0.02843	0.02018	0.01743	0.01101	0.01284	0.00917	0.00734	0.00642	0.00183	0.01284	0.00459	0.00367	0.00825
18	0.01237	0.00618	0.00928	0.00928	0.00928	0.00618	0.00618	0.00928	0.00928	0.01237	0.01237	0.02165	0.01237	0.02474	0.02783	0.79283	0.00618	0.00618	0.00309	0.00309
19	0.01031	0.00693	0.00798	0.00816	0.00827	0.00690	0.00481	0.01055	0.01085	0.01444	0.02419	0.08879	0.02788	0.67051	0.03333	0.00649	0.00673	0.04380	0.00456	0.00451
20	0.01021	0.00748	0.01067	0.01067	0.01167	0.00848	0.00793	0.01222	0.01121	0.01596	0.01978	0.03190	0.01951	0.20016	0.57711	0.01049	0.01651	0.00820	0.00392	0.00593
21	0.01762	0.01692	0.02890	0.04371	0.70533	0.01692	0.02185	0.02185	0.01621	0.02326	0.01339	0.01762	0.01128	0.00634	0.00705	0.00211	0.00846	0.00634	0.00352	0.01128
22	0.00891	0.00733	0.00790	0.00802	0.01028	0.00632	0.00620	0.01103	0.01663	0.02037	0.12966	0.06832	0.56867	0.01787	0.00857	0.00248	0.00390	0.08468	0.00673	0.00614
23	0.03157	0.01273	0.01690	0.01296	0.01848	0.01137	0.01071	0.08526	0.02140	0.65826	0.02723	0.02368	0.01720	0.00879	0.00716	0.00220	0.00620	0.00710	0.00868	0.01212
24	0.02707	0.01995	0.02137	0.01638	0.02208	0.02208	0.01353	0.68159	0.03348	0.04488	0.01710	0.01710	0.01211	0.00855	0.00712	0.00214	0.00784	0.00641	0.00712	0.01211
25	0.00842	0.00721	0.00721	0.00721	0.00962	0.00601	0.00541	0.01022	0.01623	0.01924	0.07213	0.06853	0.70244	0.01803	0.00842	0.00240	0.00361	0.01503	0.00661	0.00601
26	0.01345	0.01266	0.02136	0.73264	0.04904	0.01582	0.01978	0.01819	0.01424	0.01819	0.01266	0.01898	0.00949	0.00712	0.00712	0.00237	0.00949	0.00633	0.00316	0.00791
27	0.01428	0.03683	0.71286	0.02030	0.03082	0.01654	0.02631	0.02255	0.01503	0.02255	0.01278	0.01503	0.00902	0.00677	0.00677	0.00226	0.01052	0.00526	0.00301	0.01052
28	0.00868	0.00620	0.00826	0.00991	0.01033	0.00578	0.00661	0.00991	0.01363	0.01818	0.03925	0.74510	0.04710	0.02231	0.00909	0.00289	0.00413	0.02024	0.00661	0.00578
29	0.00924	0.00667	0.00874	0.00944	0.01043	0.00617	0.00662	0.01136	0.01636	0.02243	0.30944	0.44308	0.07543	0.01903	0.00879	0.00261	0.00380	0.01709	0.00711	0.00617
30	0.01477	0.01266	0.01477	0.01055	0.01687	0.00949	0.00844	0.01793	0.01477	0.02320	0.01266	0.01477	0.01055	0.00527	0.00527	0.00105	0.00527	0.00422	0.00422	0.79328
31	0.01345	0.01266	0.02136	0.73264	0.04904	0.01582	0.01978	0.01819	0.01424	0.01819	0.01266	0.01898	0.00949	0.00712	0.00712	0.00237	0.00949	0.00633	0.00316	0.00791
32	0.00876	0.00623	0.00824	0.00981	0.01020	0.00584	0.00649	0.00994	0.01347	0.01796	0.03839	0.70966	0.04602	0.05922	0.01047	0.00310	0.00427	0.01974	0.00649	0.00571
33	0.01017	0.00763	0.01144	0.01144	0.01272	0.00890	0.00890	0.01272	0.01144	0.01653	0.01907	0.02797	0.01780	0.05340	0.72153	0.01144	0.01907	0.00763	0.00381	0.00636
34	0.01007	0.00715	0.00940	0.00952	0.01095	0.00670	0.00716	0.01301	0.01834	0.02573	0.48122	0.18697	0.05892	0.01638	0.00857	0.00246	0.00385	0.08417	0.03291	0.00652
35	0.01428	0.03683	0.71286	0.02030	0.03082	0.01654	0.02631	0.02255	0.01503	0.02255	0.01278	0.01503	0.00902	0.00677	0.00677	0.00226	0.01052	0.00526	0.00301	0.01052
36	0.01095	0.00793	0.01080	0.01230	0.01389	0.00778	0.01049	0.01391	0.01613	0.02084	0.04091	0.13989	0.10042	0.01977	0.00964	0.00317	0.00607	0.54213	0.00657	0.00644
37	0.02955	0.01319	0.01668	0.01291	0.01816	0.01240	0.01063	0.15753	0.02247	0.52903	0.02560	0.02305	0.01662	0.00872	0.00698	0.00215	0.00619	0.00698	0.06948	0.01169
38	0.00849	0.00691	0.00753	0.00802	0.00983	0.00594	0.00577	0.01013	0.01545	0.01892	0.06231	0.27056	0.50675	0.01931	0.00862	0.00255	0.00376	0.01659	0.00661	0.00594
39	0.00902	0.00665	0.00814	0.00909	0.01000	0.00612	0.00621	0.01038	0.01414	0.01836	0.07207	0.44133	0.19139	0.12250	0.01273	0.00333	0.00446	0.04204	0.00634	0.00570
40	0.01729	0.01658	0.02829	0.09921	0.65246	0.01683	0.02169	0.02156	0.01605	0.02285	0.01333	0.01773	0.01114	0.00641	0.00706	0.00214	0.00854	0.00634	0.00350	0.01101
41	0.01997	0.01310	0.01379	0.01137	0.01499	0.01413	0.00913	0.33935	0.02393	0.03544	0.02025	0.02196	0.01527	0.00842	0.00602	0.00189	0.00551	0.00653	0.40966	0.00929
42	0.01017	0.00763	0.01144	0.01144	0.01272	0.00890	0.00890	0.01272	0.01144	0.01653	0.01907	0.02797	0.01780	0.05340	0.72153	0.01144	0.01907	0.00763	0.00381	0.00636
43	0.07415	0.02156	0.19085	0.05141	0.05189	0.04528	0.01585	0.26014	0.02180	0.05839	0.01951	0.06166	0.04830	0.01079	0.03464	0.00259	0.00858	0.00718	0.00531	0.01012
44	0.01036	0.00690	0.00777	0.00777	0.00777	0.00690	0.00431	0.01036	0.01036	0.01381	0.02244	0.04660	0.02589	0.74975	0.03624	0.00690	0.00690	0.01036	0.00431	0.00431
45	0.00921	0.00695	0.00858	0.00966	0.01069	0.00655	0.00667	0.01173	0.05371	0.01946	0.07134	0.55393	0.16417	0.02049	0.00883	0.00275	0.00409	0.01830	0.00670	0.00618
46	0.02243	0.04382	0.01901	0.01542	0.02008	0.14548	0.01225	0.22086	0.30414	0.05523	0.02091	0.02024	0.01562	0.00858	0.00688	0.00213	0.00763	0.00661	0.00635	0.04632
47	0.01910	0.01774	0.08981	0.05838	0.05733	0.01655	0.03735	0.17234	0.23411	0.06261	0.02070	0.04832	0.01602	0.00856	0.00701	0.00215	0.00713	0.00716	0.00589	0.11172

[dist]
# distance from previous block
# <min> <max>
0	3

[block]
# block no. 6 follows, 29 sequences, length 37
# corresponding to MSA columns:
# 444-480
name=unknown_G
#
# <colnr> <probs for GDERKNQSTAVLIFYWHMCP>
#	G	D	E	R	K	N	Q	S	T	A	V	L	I	F	Y	W	H	M	C	P
0	0.01617	0.07993	0.58337	0.01939	0.02893	0.05072	0.02383	0.07520	0.01671	0.02373	0.01286	0.01487	0.00928	0.00689	0.00664	0.00218	0.01024	0.00523	0.00337	0.01046
1	0.01028	0.00734	0.00903	0.00914	0.00987	0.00761	0.00626	0.01146	0.01202	0.01633	0.02942	0.09486	0.10948	0.37551	0.17259	0.00653	0.02989	0.03964	0.03739	0.00536
2	0.04149	0.14544	0.11423	0.02003	0.11127	0.06353	0.04335	0.21146	0.11305	0.02881	0.01562	0.01688	0.01200	0.00762	0.00695	0.00210	0.02466	0.00594	0.00493	0.01063
3	0.01808	0.07691	0.10980	0.05322	0.09886	0.01668	0.11257	0.07129	0.15041	0.07306	0.01811	0.03836	0.01410	0.00763	0.00689	0.00209	0.00792	0.00680	0.00494	0.11228
4	0.04317	0.01347	0.01520	0.01245	0.01700	0.05552	0.00999	0.09396	0.06833	0.39427	0.03308	0.06349	0.12666	0.01080	0.00734	0.00225	0.00614	0.00877	0.00766	0.01045
5	0.00883	0.00640	0.00834	0.00961	0.01032	0.00591	0.00654	0.01036	0.01461	0.01951	0.12177	0.61320	0.09616	0.02107	0.00896	0.00278	0.00400	0.01898	0.00676	0.00591
6	0.01381	0.00974	0.01546	0.06276	0.01848	0.00921	0.09728	0.01649	0.01540	0.10949	0.03103	0.37775	0.03308	0.01607	0.00850	0.00265	0.00617	0.09939	0.00613	0.05111
7	0.01345	0.01266	0.02136	0.73264	0.04904	0.01582	0.01978	0.01819	0.01424	0.01819	0.01266	0.01898	0.00949	0.00712	0.00712	0.00237	0.00949	0.00633	0.00316	0.00791
8	0.00857	0.00661	0.00784	0.00882	0.01004	0.00588	0.00612	0.01004	0.01469	0.01861	0.05259	0.47067	0.31292	0.02057	0.00882	0.00269	0.00392	0.01813	0.00661	0.00588
9	0.06695	0.01550	0.01609	0.01430	0.01845	0.01789	0.01120	0.07872	0.60725	0.03090	0.02702	0.02502	0.02024	0.00940	0.00706	0.00238	0.00577	0.00768	0.00706	0.01110
10	0.01643	0.05687	0.02440	0.30131	0.21402	0.05901	0.03935	0.04923	0.01565	0.02063	0.01349	0.04515	0.01151	0.00810	0.00894	0.00232	0.09426	0.00668	0.00360	0.00904
11	0.01306	0.00988	0.01589	0.01543	0.01799	0.00964	0.10354	0.01669	0.01661	0.04999	0.03409	0.06958	0.03585	0.01734	0.00953	0.00311	0.00729	0.54105	0.00624	0.00721
12	0.00846	0.00703	0.00740	0.00770	0.00975	0.00597	0.00563	0.01016	0.01576	0.01905	0.06624	0.18978	0.58500	0.01880	0.00854	0.00249	0.00370	0.01596	0.00661	0.00597
13	0.01411	0.01370	0.02133	0.66324	0.04623	0.04551	0.01929	0.01856	0.01430	0.01810	0.01240	0.01854	0.00947	0.00743	0.00799	0.00239	0.05004	0.00625	0.00318	0.00792
14	0.80005	0.01377	0.01047	0.00936	0.01377	0.01597	0.00771	0.02093	0.01212	0.03195	0.00991	0.01157	0.00771	0.00661	0.00441	0.00220	0.00551	0.00386	0.00441	0.00771
15	0.00857	0.00722	0.00742	0.00737	0.00971	0.00608	0.00553	0.01051	0.01659	0.02009	0.12971	0.06713	0.64433	0.01772	0.00841	0.00239	0.00358	0.01483	0.00672	0.00608
16	0.69414	0.01354	0.01130	0.00982	0.01438	0.01521	0.00809	0.02283	0.01326	0.12548	0.01242	0.01331	0.00908	0.00691	0.00479	0.00220	0.00558	0.00431	0.00501	0.00832
17	0.02225	0.44790	0.03003	0.01480	0.01986	0.32279	0.01285	0.02435	0.01690	0.01704	0.01037	0.01203	0.00915	0.00662	0.00536	0.00166	0.00984	0.00414	0.00331	0.00876
18	0.01477	0.01266	0.01477	0.01055	0.01687	0.00949	0.00844	0.01793	0.01477	0.02320	0.01266	0.01477	0.01055	0.00527	0.00527	0.00105	0.00527	0.00422	0.00422	0.79328
19	0.00868	0.00620	0.00826	0.00991	0.01033	0.00578	0.00661	0.00991	0.01363	0.01818	0.03925	0.74510	0.04710	0.02231	0.00909	0.00289	0.00413	0.02024	0.00661	0.00578
20	0.00981	0.00727	0.00914	0.00867	0.01047	0.00660	0.00650	0.01291	0.01951	0.02703	0.59832	0.05571	0.17140	0.01513	0.00840	0.00227	0.00340	0.01323	0.00764	0.00660
21	0.03016	0.01434	0.01889	0.01444	0.02002	0.03524	0.05258	0.12296	0.02196	0.55365	0.02518	0.02258	0.01617	0.00855	0.00721	0.00219	0.00689	0.00705	0.00809	0.01184
22	0.01752	0.00977	0.01226	0.01045	0.01365	0.00907	0.00822	0.07978	0.02093	0.21916	0.37062	0.04379	0.12971	0.01285	0.00794	0.00224	0.00455	0.01097	0.00789	0.00863
23	0.01018	0.00760	0.01130	0.01130	0.01253	0.00882	0.00873	0.01263	0.01140	0.01643	0.01920	0.02868	0.01811	0.07993	0.69543	0.01127	0.01861	0.00773	0.00383	0.00628
24	0.02689	0.01091	0.01481	0.01195	0.01645	0.00952	0.00961	0.02954	0.01958	0.55646	0.10306	0.10991	0.02642	0.01099	0.00752	0.00229	0.00554	0.00928	0.00845	0.01080
25	0.01352	0.01275	0.02137	0.70985	0.04807	0.01601	0.01964	0.01816	0.01413	0.01816	0.01255	0.01888	0.00949	0.00729	0.00764	0.00240	0.03270	0.00633	0.00316	0.00791
26	0.01276	0.00664	0.00692	0.00701	0.00858	0.00658	0.00520	0.01593	0.01515	0.02607	0.06432	0.07924	0.02319	0.00966	0.00547	0.00178	0.00338	0.00797	0.68757	0.00658
27	0.01017	0.00763	0.01144	0.01144	0.01272	0.00890	0.00890	0.01272	0.01144	0.01653	0.01907	0.02797	0.01780	0.05340	0.72153	0.01144	0.01907	0.00763	0.00381	0.00636
28	0.00867	0.00623	0.00823	0.00982	0.01030	0.00579	0.00657	0.00993	0.01372	0.01821	0.04037	0.72208	0.06939	0.02216	0.00907	0.00288	0.00411	0.02007	0.00661	0.00579
29	0.01217	0.00686	0.00763	0.00744	0.00910	0.00667	0.00558	0.01550	0.01673	0.02724	0.25710	0.03573	0.03512	0.01045	0.00616	0.00186	0.00333	0.00879	0.51986	0.00667
30	0.01486	0.01466	0.02214	0.60296	0.12224	0.06613	0.01959	0.01934	0.01489	0.01872	0.01262	0.01839	0.00967	0.00705	0.00706	0.00231	0.00961	0.00621	0.00324	0.00832
31	0.01121	0.00866	0.01042	0.00986	0.01202	0.00854	0.00754	0.01718	0.13245	0.02722	0.47624	0.05196	0.14057	0.01442	0.00827	0.00234	0.00392	0.04228	0.00752	0.00738
32	0.65211	0.01394	0.01193	0.01023	0.01486	0.01564	0.00843	0.06379	0.01452	0.12097	0.01273	0.01356	0.00927	0.00702	0.00493	0.00220	0.00572	0.00444	0.00515	0.00856
33	0.01384	0.00914	0.01220	0.03861	0.01490	0.00877	0.02812	0.05492	0.01770	0.09872	0.16989	0.19242	0.10469	0.03152	0.00891	0.00261	0.00525	0.11976	0.03936	0.02867
34	0.02225	0.01434	0.01860	0.01768	0.10787	0.01431	0.03014	0.14733	0.13805	0.22559	0.02373	0.09822	0.01881	0.00963	0.00722	0.00219	0.00651	0.00823	0.00675	0.08255
35	0.01013	0.00770	0.00945	0.00992	0.01133	0.00751	0.00708	0.01429	0.09764	0.02255	0.22422	0.39690	0.11790	0.01820	0.00861	0.00260	0.00405	0.01620	0.00703	0.00673
36	0.04776	0.01670	0.01708	0.01602	0.04899	0.10504	0.03886	0.05724	0.38922	0.02630	0.02456	0.06836	0.02060	0.06258	0.00931	0.00268	0.00705	0.02576	0.00610	0.00977

[dist]
# distance from previous block
# <min> <max>
0	10

[block]
# block no. 7 follows, 29 sequences, length 19
# corresponding to MSA columns:
# 491-509
name=unknown_H
#
# <colnr> <probs for GDERKNQSTAVLIFYWHMCP>
#	G	D	E	R	K	N	Q	S	T	A	V	L	I	F	Y	W	H	M	C	P
0	0.03911	0.13974	0.02222	0.01720	0.08980	0.04807	0.01281	0.23589	0.15055	0.05656	0.01852	0.05190	0.01489	0.00845	0.00659	0.00204	0.00717	0.00667	0.00573	0.06609
1	0.02191	0.40642	0.02898	0.01441	0.01975	0.16800	0.01267	0.14315	0.08151	0.02315	0.01318	0.01413	0.01084	0.00712	0.00565	0.00178	0.00854	0.00483	0.00429	0.00969
2	0.01571	0.01480	0.06254	0.16621	0.20608	0.01495	0.04292	0.03924	0.01483	0.05946	0.01685	0.07650	0.01560	0.11135	0.01347	0.00305	0.10559	0.00799	0.00412	0.00872
3	0.04086	0.13007	0.27941	0.01709	0.02389	0.08159	0.05502	0.06250	0.09229	0.04993	0.05182	0.02141	0.01563	0.00822	0.00677	0.00218	0.00882	0.03818	0.00450	0.00983
4	0.01082	0.00781	0.01024	0.01005	0.01104	0.00852	0.00717	0.03750	0.01207	0.01668	0.02243	0.03637	0.04831	0.31865	0.40108	0.00897	0.01333	0.00893	0.00425	0.00578
5	0.00957	0.00710	0.00809	0.00827	0.00994	0.00629	0.00587	0.01130	0.01566	0.03833	0.14967	0.21041	0.36917	0.10370	0.01178	0.00301	0.00414	0.01510	0.00658	0.00603
6	0.01450	0.01294	0.02065	0.18702	0.27606	0.01423	0.01636	0.04849	0.01510	0.02093	0.01740	0.10581	0.01635	0.01806	0.14906	0.00415	0.04186	0.00823	0.00402	0.00878
