[name]
unknown

[dist]
# distance from previous block
# <min> <max>
51	522

[block]
# block no. 0 follows, 32 sequences, length 6
# corresponding to MSA columns:
# 653-658
name=unknown_A
#
# <colnr> <probs for GDERKNQSTAVLIFYWHMCP>
#	G	D	E	R	K	N	Q	S	T	A	V	L	I	F	Y	W	H	M	C	P
0	0.03854	0.05272	0.07200	0.05049	0.08881	0.06511	0.03364	0.16677	0.15658	0.09395	0.01973	0.04131	0.03786	0.00814	0.00654	0.00203	0.00716	0.00665	0.00538	0.04659
1	0.02185	0.16254	0.05050	0.01541	0.06073	0.05960	0.04787	0.10445	0.08308	0.22491	0.01755	0.01743	0.01266	0.00709	0.00610	0.00184	0.00706	0.00566	0.00544	0.08824
2	0.08659	0.06236	0.01833	0.03907	0.04244	0.12480	0.05956	0.15946	0.07220	0.07066	0.04493	0.08718	0.06039	0.01065	0.02982	0.00235	0.00761	0.00764	0.00525	0.00871
3	0.20676	0.04536	0.01923	0.01556	0.05333	0.09165	0.08171	0.16806	0.05396	0.12890	0.01503	0.01578	0.01099	0.00696	0.00597	0.00196	0.00729	0.00544	0.00518	0.06087
4	0.17713	0.01587	0.01587	0.01442	0.06165	0.06502	0.01077	0.29420	0.09026	0.03171	0.05278	0.04560	0.07869	0.00907	0.00639	0.00208	0.00643	0.00703	0.00575	0.00927
5	0.11674	0.01080	0.05787	0.01141	0.01362	0.01008	0.05117	0.05812	0.06146	0.01841	0.01291	0.01868	0.01141	0.01693	0.01832	0.49088	0.00641	0.00576	0.00362	0.00540

[dist]
# distance from previous block
# <min> <max>
4	10

[block]
# block no. 1 follows, 32 sequences, length 6
# corresponding to MSA columns:
# 669-674
name=unknown_B
#
# <colnr> <probs for GDERKNQSTAVLIFYWHMCP>
#	G	D	E	R	K	N	Q	S	T	A	V	L	I	F	Y	W	H	M	C	P
0	0.01453	0.00866	0.01213	0.11259	0.01731	0.00847	0.00964	0.01750	0.01688	0.17615	0.24257	0.09866	0.07618	0.01327	0.00782	0.00237	0.00520	0.14602	0.00658	0.00747
1	0.01905	0.17108	0.01998	0.01291	0.01684	0.05291	0.01062	0.27547	0.09902	0.02773	0.07507	0.02237	0.01773	0.11027	0.01057	0.00256	0.03486	0.00663	0.00533	0.00900
2	0.12800	0.01634	0.01665	0.01371	0.01801	0.05051	0.01109	0.38102	0.12844	0.03359	0.01689	0.01800	0.01285	0.01378	0.10775	0.00327	0.00846	0.00603	0.00580	0.00981
3	0.00885	0.00644	0.00818	0.00906	0.00999	0.00602	0.00648	0.01051	0.01407	0.01860	0.13498	0.39778	0.13668	0.09692	0.01116	0.00302	0.00431	0.10524	0.00616	0.00556
4	0.00930	0.00723	0.00860	0.00940	0.01066	0.00706	0.00660	0.01305	0.11012	0.01886	0.04228	0.50901	0.18564	0.01851	0.00819	0.00256	0.00398	0.01643	0.00631	0.00621
5	0.02133	0.16644	0.02284	0.01801	0.11388	0.16288	0.01305	0.25668	0.07848	0.02677	0.01432	0.01628	0.01152	0.04012	0.00731	0.00206	0.00815	0.00550	0.00475	0.00965

[dist]
# distance from previous block
# <min> <max>
5	13

[block]
# block no. 2 follows, 32 sequences, length 6
# corresponding to MSA columns:
# 688-693
name=unknown_C
#
# <colnr> <probs for GDERKNQSTAVLIFYWHMCP>
#	G	D	E	R	K	N	Q	S	T	A	V	L	I	F	Y	W	H	M	C	P
0	0.02045	0.02062	0.11752	0.01546	0.02069	0.08645	0.01366	0.29074	0.28366	0.03153	0.01922	0.01882	0.01416	0.00811	0.00665	0.00210	0.00740	0.00631	0.00590	0.01056
1	0.01808	0.01937	0.03243	0.02412	0.02949	0.11816	0.45684	0.05416	0.01650	0.05240	0.01324	0.01696	0.01014	0.00680	0.00925	0.00225	0.10016	0.00703	0.00372	0.00888
2	0.47758	0.01251	0.01339	0.01113	0.01513	0.01356	0.06979	0.06716	0.01521	0.06692	0.15699	0.02062	0.01985	0.00796	0.00558	0.00210	0.00551	0.00610	0.00515	0.00775
3	0.00847	0.00627	0.00739	0.00813	0.00898	0.00576	0.00540	0.00952	0.01285	0.01647	0.04238	0.39231	0.23670	0.19087	0.01427	0.00346	0.00435	0.01550	0.00573	0.00519
4	0.04739	0.11835	0.10465	0.01437	0.01994	0.10595	0.01292	0.24661	0.10677	0.02812	0.01461	0.01531	0.01114	0.00705	0.00596	0.00181	0.00756	0.00520	0.00489	0.12138
5	0.01756	0.01558	0.01992	0.01906	0.11142	0.05150	0.09587	0.15786	0.26155	0.02716	0.02208	0.09595	0.01891	0.00965	0.00718	0.00225	0.00704	0.04409	0.00567	0.00969

[dist]
# distance from previous block
# <min> <max>
0	7

[block]
# block no. 3 follows, 32 sequences, length 21
# corresponding to MSA columns:
# 701-721
name=unknown_D
#
# <colnr> <probs for GDERKNQSTAVLIFYWHMCP>
#	G	D	E	R	K	N	Q	S	T	A	V	L	I	F	Y	W	H	M	C	P
0	0.21282	0.01573	0.01473	0.01256	0.01665	0.06901	0.01002	0.21502	0.22031	0.03107	0.05915	0.02179	0.05627	0.00865	0.00621	0.00210	0.00613	0.00658	0.00589	0.00929
1	0.00909	0.00729	0.00808	0.00829	0.01019	0.00670	0.00626	0.01197	0.05924	0.01898	0.08749	0.12531	0.44299	0.07162	0.01001	0.00272	0.00413	0.09753	0.00616	0.00594
2	0.53536	0.01554	0.05783	0.01085	0.01555	0.06320	0.00943	0.04366	0.01420	0.16081	0.01303	0.01361	0.00933	0.00673	0.00499	0.00205	0.00613	0.00443	0.00489	0.00838
3	0.01607	0.00831	0.01073	0.00939	0.01223	0.00734	0.00729	0.01864	0.01798	0.26048	0.32226	0.09353	0.16247	0.01299	0.00757	0.00217	0.00412	0.01117	0.00741	0.00786
4	0.01590	0.01271	0.01581	0.01166	0.01730	0.01069	0.04704	0.06737	0.05951	0.06887	0.03728	0.01675	0.01289	0.00598	0.00558	0.00132	0.00550	0.00501	0.00470	0.57810
5	0.01704	0.49789	0.13905	0.01548	0.02190	0.03767	0.12194	0.02117	0.03871	0.01795	0.01106	0.01296	0.00926	0.00597	0.00531	0.00171	0.00828	0.00463	0.00310	0.00893
6	0.07424	0.01509	0.10927	0.01147	0.01765	0.01073	0.01048	0.02032	0.04537	0.10290	0.01409	0.01524	0.01078	0.00581	0.00538	0.00140	0.00574	0.00456	0.00446	0.51501
7	0.01638	0.02527	0.41043	0.01589	0.02375	0.01425	0.01803	0.11550	0.01709	0.07902	0.03722	0.01625	0.01164	0.00673	0.00622	0.00188	0.00804	0.00529	0.00417	0.16695
8	0.01358	0.05666	0.46367	0.01890	0.09134	0.01469	0.01992	0.02087	0.06720	0.02233	0.10836	0.02161	0.01778	0.00784	0.00664	0.00212	0.00826	0.02493	0.00388	0.00940
9	0.01174	0.00934	0.01050	0.01113	0.01251	0.05364	0.00829	0.09078	0.01589	0.02055	0.03263	0.49413	0.03722	0.01816	0.00833	0.00265	0.00525	0.14473	0.00610	0.00642
10	0.08159	0.01346	0.05399	0.01187	0.01637	0.05603	0.01013	0.02609	0.01741	0.43660	0.05628	0.02716	0.11098	0.00950	0.00738	0.00212	0.03912	0.00744	0.00684	0.00964
11	0.01534	0.01619	0.11090	0.18946	0.25143	0.01434	0.03629	0.02133	0.08783	0.05664	0.03368	0.02112	0.01384	0.00731	0.00671	0.00208	0.00772	0.03601	0.00408	0.06770
12	0.01351	0.03720	0.02981	0.05434	0.04926	0.06191	0.04501	0.01877	0.13140	0.05533	0.03516	0.16875	0.19203	0.01312	0.00750	0.00233	0.00595	0.06540	0.00559	0.00762
13	0.01778	0.06677	0.19588	0.01955	0.10594	0.16222	0.06461	0.09537	0.04436	0.03895	0.01633	0.11121	0.01452	0.00857	0.00668	0.00207	0.00873	0.00717	0.00421	0.00908
14	0.01927	0.01754	0.09180	0.05724	0.06854	0.12401	0.06458	0.09429	0.01825	0.16501	0.10291	0.02501	0.04735	0.06378	0.00887	0.00237	0.00773	0.00727	0.00531	0.00886
15	0.05710	0.06222	0.20873	0.01942	0.09710	0.03203	0.11809	0.10399	0.01695	0.09050	0.01623	0.08629	0.01351	0.00791	0.00663	0.00207	0.00810	0.00695	0.00441	0.04178
16	0.03523	0.04977	0.37895	0.01834	0.04838	0.06963	0.03094	0.04998	0.05179	0.02480	0.05721	0.02315	0.03307	0.02854	0.00817	0.00264	0.00912	0.00683	0.06312	0.01033
17	0.05329	0.07105	0.13978	0.02014	0.12499	0.11213	0.04202	0.05665	0.05230	0.07014	0.02145	0.07035	0.05538	0.01323	0.06119	0.00318	0.00953	0.00776	0.00526	0.01019
18	0.04687	0.04594	0.16383	0.01881	0.08146	0.03403	0.06324	0.06844	0.13724	0.13220	0.02453	0.04595	0.06798	0.01013	0.00780	0.00260	0.00805	0.00787	0.00607	0.02697
19	0.04145	0.08337	0.03438	0.10124	0.17450	0.08654	0.02935	0.10557	0.11242	0.05238	0.06190	0.02264	0.01743	0.00918	0.00755	0.00247	0.00833	0.00699	0.00556	0.03675
20	0.01817	0.18500	0.04673	0.05637	0.11884	0.03570	0.01312	0.05220	0.07889	0.03896	0.08133	0.10702	0.02198	0.01055	0.00739	0.00238	0.00727	0.00817	0.00548	0.10446

[dist]
# distance from previous block
# <min> <max>
5	40

[block]
# block no. 4 follows, 32 sequences, length 10
# corresponding to MSA columns:
# 766-775
name=unknown_E
#
# <colnr> <probs for GDERKNQSTAVLIFYWHMCP>
#	G	D	E	R	K	N	Q	S	T	A	V	L	I	F	Y	W	H	M	C	P
0	0.12517	0.07940	0.06116	0.03973	0.06194	0.09021	0.13242	0.06559	0.06342	0.06070	0.01684	0.06225	0.03387	0.00771	0.00631	0.00199	0.00772	0.00661	0.00443	0.07253
1	0.11062	0.01765	0.05019	0.03260	0.07335	0.14152	0.06423	0.09038	0.10803	0.02453	0.03429	0.05035	0.01433	0.00855	0.02107	0.00211	0.00765	0.00628	0.04316	0.09912
2	0.05870	0.10672	0.07453	0.01349	0.01841	0.05946	0.05732	0.08987	0.09194	0.10404	0.02006	0.10067	0.04090	0.00876	0.00631	0.00193	0.00670	0.00724	0.00510	0.12788
3	0.08388	0.03887	0.08293	0.01358	0.01858	0.04652	0.06047	0.09316	0.04919	0.18753	0.04368	0.06392	0.01611	0.01057	0.04875	0.00246	0.00736	0.00675	0.00544	0.12026
4	0.10586	0.14978	0.02005	0.04852	0.01892	0.06044	0.04409	0.18203	0.03918	0.09172	0.01566	0.04448	0.01302	0.06946	0.00822	0.00225	0.00706	0.00606	0.00492	0.06826
5	0.08739	0.01326	0.01512	0.06516	0.01825	0.05910	0.03194	0.16167	0.06062	0.13577	0.07621	0.12095	0.04035	0.01366	0.06735	0.00288	0.00732	0.00851	0.00588	0.00862
6	0.04489	0.06915	0.00976	0.00793	0.00862	0.00841	0.00503	0.01099	0.01046	0.01439	0.02125	0.11153	0.02436	0.59480	0.02785	0.00552	0.00624	0.00992	0.00419	0.00472
7	0.47485	0.01630	0.01613	0.01439	0.06013	0.11551	0.09043	0.02067	0.01350	0.02581	0.01046	0.01258	0.00829	0.00611	0.00510	0.00193	0.00702	0.00441	0.00390	0.09247
8	0.01083	0.00671	0.00841	0.00887	0.00956	0.00642	0.00588	0.01173	0.01219	0.07371	0.02915	0.34480	0.03306	0.34243	0.01957	0.00434	0.00532	0.05619	0.00546	0.00538
9	0.29213	0.10576	0.05137	0.03794	0.01796	0.11359	0.01082	0.15340	0.01710	0.02677	0.01296	0.06065	0.01108	0.00752	0.00546	0.00193	0.00705	0.00535	0.00443	0.05674

[dist]
# distance from previous block
# <min> <max>
5	19

[block]
# block no. 5 follows, 32 sequences, length 35
# corresponding to MSA columns:
# 795-829
name=unknown_F
#
# <colnr> <probs for GDERKNQSTAVLIFYWHMCP>
#	G	D	E	R	K	N	Q	S	T	A	V	L	I	F	Y	W	H	M	C	P
0	0.46449	0.01765	0.10888	0.01222	0.01752	0.01689	0.01128	0.22827	0.01795	0.03266	0.01177	0.01293	0.00870	0.00681	0.00523	0.00206	0.00649	0.00455	0.00476	0.00889
1	0.02075	0.01820	0.05681	0.01444	0.01889	0.09974	0.01195	0.32494	0.15160	0.05985	0.02040	0.11650	0.01718	0.00969	0.00684	0.00211	0.00709	0.00778	0.00608	0.02915
2	0.01552	0.01430	0.02342	0.03412	0.54703	0.01443	0.01816	0.02021	0.05599	0.02193	0.01781	0.02828	0.01650	0.00854	0.00715	0.00222	0.00748	0.13307	0.00407	0.00979
3	0.01036	0.00807	0.01128	0.01271	0.10487	0.00757	0.00816	0.01355	0.01829	0.02575	0.58828	0.04647	0.09303	0.01287	0.00775	0.00210	0.00382	0.01143	0.00678	0.00687
4	0.00912	0.00740	0.00946	0.10674	0.01469	0.00715	0.00778	0.01148	0.01532	0.01960	0.17252	0.17481	0.33477	0.01583	0.00798	0.00238	0.00440	0.06653	0.00601	0.00603
5	0.02261	0.04503	0.01835	0.01508	0.01921	0.26118	0.01186	0.25462	0.15294	0.05828	0.01778	0.06168	0.01432	0.00859	0.00655	0.00199	0.00830	0.00649	0.00555	0.00958
6	0.49870	0.11414	0.01506	0.03416	0.01582	0.01718	0.00908	0.06052	0.13373	0.02811	0.01291	0.01384	0.01002	0.00678	0.00486	0.00203	0.00572	0.00452	0.00455	0.00826
7	0.70525	0.01587	0.10573	0.01020	0.01512	0.01512	0.00960	0.01993	0.01179	0.02893	0.00970	0.01134	0.00743	0.00625	0.00445	0.00208	0.00582	0.00381	0.00398	0.00762
8	0.00835	0.00598	0.00794	0.00922	0.00977	0.00557	0.00624	0.00979	0.01367	0.01843	0.12782	0.66526	0.04690	0.02005	0.00848	0.00264	0.00380	0.01815	0.00638	0.00557
9	0.14165	0.58633	0.05229	0.01163	0.01713	0.06420	0.01133	0.02045	0.01361	0.01822	0.00947	0.01097	0.00840	0.00590	0.00444	0.00157	0.00723	0.00368	0.00310	0.00840
10	0.01781	0.01675	0.01568	0.01414	0.01789	0.11269	0.01093	0.03447	0.61812	0.02652	0.02505	0.02331	0.01891	0.00881	0.00672	0.00220	0.00621	0.00715	0.00638	0.01024
11	0.01048	0.00757	0.00943	0.01015	0.01121	0.00750	0.00710	0.10136	0.01534	0.02048	0.03420	0.66072	0.03999	0.01929	0.00832	0.00263	0.00436	0.01734	0.00629	0.00624
12	0.01333	0.03092	0.63307	0.01741	0.02621	0.01434	0.02211	0.02050	0.01415	0.02175	0.01335	0.01561	0.00966	0.00657	0.00615	0.00205	0.00901	0.00513	0.10923	0.00943
13	0.25845	0.01421	0.05657	0.01236	0.03425	0.01434	0.00993	0.07454	0.22291	0.09988	0.01882	0.02150	0.01494	0.10843	0.00961	0.00272	0.00598	0.00628	0.00546	0.00883
14	0.00807	0.00654	0.00707	0.00747	0.00916	0.00564	0.00535	0.00956	0.01444	0.01766	0.05806	0.24289	0.51695	0.04882	0.00917	0.00256	0.00365	0.01525	0.00614	0.00554
15	0.81159	0.01298	0.00986	0.00882	0.01298	0.01505	0.00727	0.01972	0.01142	0.03010	0.00934	0.01090	0.00727	0.00623	0.00415	0.00208	0.00519	0.00363	0.00415	0.00727
16	0.01661	0.01594	0.02724	0.04119	0.72233	0.01594	0.02059	0.02059	0.01528	0.02192	0.01262	0.01661	0.01063	0.00598	0.00664	0.00199	0.00797	0.00598	0.00332	0.01063
17	0.01661	0.01594	0.02724	0.04119	0.72233	0.01594	0.02059	0.02059	0.01528	0.02192	0.01262	0.01661	0.01063	0.00598	0.00664	0.00199	0.00797	0.00598	0.00332	0.01063
18	0.01669	0.01441	0.01517	0.01365	0.01745	0.01669	0.01062	0.03565	0.71021	0.02807	0.02731	0.02503	0.02048	0.00910	0.00683	0.00228	0.00531	0.00759	0.00683	0.01062
19	0.01039	0.00759	0.01023	0.01155	0.01320	0.00742	0.00998	0.01328	0.01542	0.01980	0.04024	0.07407	0.13757	0.01831	0.00907	0.00297	0.00577	0.58083	0.00619	0.00610
20	0.01593	0.07071	0.43149	0.01730	0.02460	0.11173	0.01932	0.02468	0.15549	0.02154	0.01466	0.01592	0.01096	0.00712	0.00677	0.00209	0.03098	0.00536	0.00373	0.00963
21	0.00889	0.00683	0.00813	0.00780	0.00965	0.00607	0.00585	0.01149	0.01756	0.02350	0.46639	0.05573	0.31783	0.01499	0.00792	0.00217	0.00326	0.01292	0.00694	0.00607
22	0.00815	0.00592	0.00770	0.00912	0.00967	0.00547	0.00613	0.00937	0.01306	0.01722	0.03971	0.69866	0.10377	0.02067	0.00851	0.00268	0.00385	0.01864	0.00623	0.00547
23	0.01584	0.01810	0.03959	0.02828	0.03507	0.01697	0.69796	0.02149	0.01584	0.02149	0.01357	0.01810	0.01018	0.00566	0.00792	0.00226	0.01131	0.00792	0.00339	0.00905
24	0.01462	0.22436	0.54992	0.01715	0.02599	0.01842	0.02135	0.02095	0.01403	0.01984	0.01134	0.01329	0.00853	0.00621	0.00584	0.00195	0.00921	0.00460	0.00284	0.00958
25	0.52470	0.01806	0.01279	0.01152	0.01546	0.20267	0.00909	0.02322	0.08613	0.02634	0.01148	0.01268	0.00900	0.00671	0.00492	0.00201	0.00700	0.00422	0.00425	0.00775
26	0.01794	0.76823	0.03516	0.01148	0.01722	0.02655	0.01148	0.02009	0.01363	0.01579	0.00933	0.01076	0.00861	0.00574	0.00431	0.00144	0.00718	0.00359	0.00287	0.00861
27	0.01451	0.01191	0.01398	0.01001	0.01595	0.00898	0.00802	0.01748	0.01411	0.04800	0.01247	0.01424	0.01019	0.00509	0.00504	0.00103	0.00500	0.00408	0.00414	0.77578
28	0.59216	0.01502	0.01240	0.01235	0.06500	0.09000	0.00900	0.04986	0.01345	0.02789	0.01156	0.05431	0.00995	0.00720	0.00489	0.00207	0.00613	0.00486	0.00425	0.00764
29	0.00822	0.00597	0.00766	0.00899	0.00956	0.00552	0.00602	0.00939	0.01297	0.01705	0.03951	0.65594	0.11379	0.05330	0.00962	0.00284	0.00396	0.01815	0.00613	0.00541
30	0.01661	0.01271	0.02047	0.05782	0.39984	0.01254	0.01570	0.02001	0.01577	0.12615	0.05290	0.09144	0.02058	0.00970	0.00724	0.00223	0.00686	0.09719	0.00487	0.00937
31	0.02020	0.02147	0.02192	0.08656	0.28806	0.28169	0.01601	0.10772	0.01871	0.02228	0.04324	0.01647	0.01217	0.00699	0.00649	0.00192	0.00929	0.00565	0.00395	0.00922
32	0.01661	0.01594	0.02724	0.04119	0.72233	0.01594	0.02059	0.02059	0.01528	0.02192	0.01262	0.01661	0.01063	0.00598	0.00664	0.00199	0.00797	0.00598	0.00332	0.01063
33	0.01204	0.01110	0.01820	0.58688	0.06971	0.01331	0.01646	0.01595	0.01357	0.01742	0.01857	0.09840	0.06350	0.00890	0.00699	0.00228	0.00798	0.00791	0.00357	0.00726
34	0.02430	0.01249	0.01860	0.09539	0.18331	0.01190	0.01330	0.02782	0.03426	0.45318	0.02203	0.02242	0.01514	0.00791	0.00679	0.00211	0.00657	0.02533	0.00650	0.01066

[dist]
# distance from previous block
# <min> <max>
1	7

[block]
# block no. 6 follows, 32 sequences, length 20
# corresponding to MSA columns:
# 837-856
name=unknown_G
#
# <colnr> <probs for GDERKNQSTAVLIFYWHMCP>
#	G	D	E	R	K	N	Q	S	T	A	V	L	I	F	Y	W	H	M	C	P
0	0.01893	0.25941	0.26547	0.01613	0.02248	0.27330	0.01653	0.02285	0.01571	0.01787	0.01062	0.01239	0.00858	0.00637	0.00562	0.00177	0.00984	0.00431	0.00306	0.00876
1	0.07639	0.01595	0.02676	0.05446	0.55477	0.01614	0.08905	0.04601	0.01561	0.02313	0.01259	0.01635	0.01032	0.00606	0.00659	0.00203	0.00811	0.00600	0.00351	0.01016
2	0.01419	0.01139	0.01319	0.01014	0.01497	0.00953	0.00806	0.08629	0.01620	0.02425	0.07650	0.05233	0.03340	0.00752	0.00572	0.00139	0.00491	0.02423	0.05004	0.53576
3	0.01871	0.02035	0.01497	0.01352	0.01652	0.35406	0.01025	0.09105	0.05839	0.02239	0.18474	0.05626	0.09072	0.01025	0.00687	0.00197	0.00800	0.00802	0.00527	0.00768
4	0.00818	0.00584	0.00779	0.00934	0.00973	0.00545	0.00623	0.00934	0.01285	0.01713	0.03698	0.75981	0.04438	0.02102	0.00856	0.00273	0.00389	0.01908	0.00623	0.00545
5	0.02501	0.01855	0.01986	0.01534	0.02062	0.02057	0.01263	0.66224	0.07008	0.04148	0.01675	0.01662	0.01193	0.00811	0.00672	0.00203	0.00727	0.00613	0.00672	0.01137
6	0.01683	0.08312	0.12835	0.02251	0.04567	0.01609	0.39632	0.02188	0.01552	0.08618	0.01400	0.01691	0.01040	0.00594	0.00696	0.00202	0.00952	0.00658	0.00378	0.09143
7	0.00859	0.00676	0.00776	0.00765	0.00951	0.00592	0.00568	0.01086	0.01665	0.02168	0.33443	0.10626	0.40248	0.01592	0.00797	0.00223	0.00334	0.01366	0.00671	0.00592
8	0.00818	0.00584	0.00779	0.00934	0.00973	0.00545	0.00623	0.00934	0.01285	0.01713	0.03698	0.75981	0.04438	0.02102	0.00856	0.00273	0.00389	0.01908	0.00623	0.00545
9	0.01383	0.01300	0.02171	0.38196	0.29940	0.01465	0.01808	0.01770	0.01395	0.01892	0.01438	0.08580	0.01285	0.00795	0.00745	0.00222	0.03708	0.00718	0.00341	0.00847
10	0.01376	0.06165	0.66581	0.01933	0.02892	0.01607	0.06064	0.02122	0.01424	0.02106	0.01202	0.01425	0.00859	0.00631	0.00638	0.00211	0.00989	0.00507	0.00286	0.00982
11	0.02717	0.01080	0.01446	0.01130	0.01607	0.00932	0.00926	0.02969	0.01880	0.63183	0.05260	0.02800	0.09053	0.00937	0.00691	0.00210	0.00539	0.00768	0.00806	0.01067
12	0.01722	0.01592	0.02595	0.09362	0.59735	0.01636	0.01963	0.09033	0.01681	0.02365	0.01293	0.01666	0.01058	0.00625	0.00666	0.00201	0.00799	0.00598	0.00364	0.01046
13	0.01665	0.15879	0.37841	0.02161	0.16470	0.05760	0.01994	0.02199	0.01490	0.06744	0.01255	0.01452	0.00950	0.00634	0.00607	0.00195	0.00888	0.00501	0.00334	0.00981
14	0.01562	0.07884	0.13087	0.14858	0.45443	0.01658	0.02017	0.02010	0.01468	0.02056	0.01216	0.01598	0.00988	0.00613	0.00642	0.00201	0.00835	0.00563	0.00316	0.00985
15	0.07018	0.01531	0.07654	0.01304	0.01831	0.05129	0.01138	0.05935	0.10992	0.46820	0.02308	0.02085	0.01525	0.00804	0.00654	0.00209	0.00640	0.00637	0.00708	0.01076
16	0.01625	0.26952	0.40262	0.01666	0.02463	0.01973	0.04778	0.09083	0.01586	0.02166	0.01165	0.01343	0.00891	0.00631	0.00581	0.00190	0.00883	0.00475	0.00327	0.00961
17	0.01683	0.05303	0.15384	0.02294	0.16262	0.01620	0.15477	0.08229	0.07095	0.06697	0.03048	0.05936	0.01412	0.00792	0.00791	0.00218	0.05652	0.00711	0.00433	0.00961
18	0.01416	0.04096	0.38661	0.07068	0.02435	0.01384	0.01798	0.07169	0.04003	0.05015	0.02068	0.10375	0.05381	0.00966	0.00692	0.00225	0.00800	0.05125	0.00428	0.00894
19	0.01442	0.15967	0.40073	0.01544	0.02243	0.08589	0.01766	0.01950	0.01479	0.01952	0.04651	0.05390	0.08563	0.00837	0.00630	0.00200	0.00843	0.00653	0.00359	0.00869

[dist]
# distance from previous block
# <min> <max>
2	9

[block]
# block no. 7 follows, 32 sequences, length 6
# corresponding to MSA columns:
# 868-873
name=unknown_H
#
# <colnr> <probs for GDERKNQSTAVLIFYWHMCP>
#	G	D	E	R	K	N	Q	S	T	A	V	L	I	F	Y	W	H	M	C	P
0	0.01598	0.01325	0.02120	0.08366	0.37483	0.01333	0.04178	0.06510	0.01611	0.07738	0.02089	0.16059	0.04714	0.00967	0.00713	0.00218	0.00699	0.00895	0.00460	0.00925
1	0.01493	0.07093	0.24757	0.11863	0.17573	0.04485	0.09669	0.01985	0.01436	0.01978	0.01400	0.01734	0.03720	0.00711	0.00790	0.00214	0.07273	0.00597	0.00319	0.00909
2	0.01394	0.01383	0.06069	0.04544	0.18500	0.06448	0.03719	0.01803	0.06107	0.04311	0.08403	0.18910	0.05248	0.03574	0.00815	0.00235	0.00657	0.03415	0.00495	0.03969
3	0.02048	0.01358	0.01963	0.04522	0.15388	0.04131	0.07760	0.09132	0.01840	0.24859	0.08101	0.02666	0.01957	0.01099	0.04605	0.00261	0.00768	0.05995	0.00585	0.00961
4	0.01520	0.01698	0.08466	0.24511	0.26980	0.06237	0.06820	0.02070	0.06963	0.02032	0.01631	0.01975	0.04732	0.00709	0.00678	0.00212	0.00850	0.00647	0.00362	0.00905
5	0.01725	0.07150	0.08500	0.08446	0.32005	0.01507	0.09685	0.02140	0.01584	0.11709	0.07581	0.02001	0.01552	0.00700	0.00673	0.00204	0.00782	0.00658	0.00426	0.00972

[dist]
# distance from previous block
# <min> <max>
0	1

[block]
# block no. 8 follows, 32 sequences, length 64
# corresponding to MSA columns:
# 875-938
name=unknown_I
#
# <colnr> <probs for GDERKNQSTAVLIFYWHMCP>
#	G	D	E	R	K	N	Q	S	T	A	V	L	I	F	Y	W	H	M	C	P
0	0.01242	0.00746	0.00967	0.00956	0.02649	0.00679	0.00690	0.01492	0.01687	0.12668	0.33585	0.20148	0.11896	0.01433	0.00765	0.00222	0.00383	0.01257	0.05842	0.00690
1	0.01715	0.01785	0.02234	0.12174	0.02457	0.13637	0.09917	0.07220	0.04317	0.01950	0.01142	0.01567	0.00965	0.00910	0.01370	0.00246	0.34636	0.00597	0.00353	0.00809
2	0.00964	0.00669	0.00841	0.00847	0.00886	0.00705	0.00549	0.01043	0.01020	0.01397	0.02078	0.06668	0.02282	0.51380	0.25102	0.00768	0.00995	0.00933	0.00400	0.00472
3	0.01387	0.07996	0.65708	0.01955	0.05672	0.01629	0.02378	0.02115	0.01418	0.02093	0.01189	0.01405	0.00859	0.00632	0.00626	0.00208	0.00966	0.00491	0.00286	0.00986
4	0.01790	0.01560	0.01631	0.06126	0.01909	0.08188	0.01139	0.19441	0.25176	0.02849	0.12880	0.02532	0.04120	0.00962	0.00809	0.00218	0.06385	0.00755	0.00601	0.00930
5	0.00814	0.00596	0.00766	0.00901	0.00965	0.00548	0.00608	0.00938	0.01316	0.01726	0.04098	0.67024	0.13137	0.02050	0.00848	0.00267	0.00383	0.01844	0.00623	0.00548
6	0.00964	0.00645	0.00735	0.00747	0.00750	0.00642	0.00423	0.00973	0.01000	0.01333	0.02236	0.09909	0.02593	0.70691	0.03218	0.00621	0.00630	0.01048	0.00423	0.00417
7	0.01759	0.58624	0.16064	0.01325	0.01961	0.07116	0.01400	0.02074	0.01408	0.01682	0.00989	0.01147	0.00859	0.00593	0.00480	0.00158	0.00800	0.00389	0.00290	0.00879
8	0.01889	0.57750	0.08573	0.01313	0.01877	0.15524	0.01278	0.02140	0.01466	0.01632	0.00973	0.01127	0.00861	0.00600	0.00478	0.00154	0.00828	0.00383	0.00297	0.00856
9	0.01129	0.00931	0.01092	0.01057	0.01153	0.06116	0.00780	0.01294	0.01122	0.01545	0.01781	0.02927	0.01773	0.24123	0.39602	0.00786	0.06967	0.00755	0.04497	0.00570
10	0.01503	0.06563	0.08798	0.02192	0.11411	0.01610	0.24421	0.01913	0.01405	0.02073	0.01361	0.01766	0.01100	0.00737	0.00960	0.00217	0.15618	0.00641	0.14867	0.00845
11	0.81159	0.01298	0.00986	0.00882	0.01298	0.01505	0.00727	0.01972	0.01142	0.03010	0.00934	0.01090	0.00727	0.00623	0.00415	0.00208	0.00519	0.00363	0.00415	0.00727
12	0.06076	0.00687	0.00859	0.00961	0.01071	0.00650	0.00681	0.01091	0.01305	0.01854	0.03342	0.60220	0.03921	0.01879	0.00811	0.00260	0.00425	0.07503	0.00594	0.05808
13	0.00941	0.00686	0.00885	0.00835	0.00997	0.00630	0.00627	0.01250	0.01880	0.02644	0.68451	0.05088	0.09788	0.01389	0.00791	0.00212	0.00318	0.01224	0.00733	0.00630
14	0.01362	0.01313	0.01853	0.01620	0.01645	0.01803	0.01338	0.01528	0.01038	0.01603	0.01071	0.01710	0.01046	0.01974	0.17040	0.00456	0.59972	0.00615	0.00307	0.00706
15	0.00835	0.00606	0.00784	0.00911	0.00972	0.00568	0.00620	0.00960	0.01294	0.01705	0.03861	0.61203	0.10947	0.05980	0.03298	0.00314	0.00449	0.03548	0.00603	0.00544
16	0.01346	0.03471	0.72942	0.01912	0.02904	0.01558	0.02479	0.02125	0.01417	0.02125	0.01204	0.01417	0.00850	0.00637	0.00637	0.00212	0.00992	0.00496	0.00283	0.00992
17	0.02981	0.01190	0.01587	0.01216	0.01737	0.01057	0.01005	0.07587	0.02000	0.68268	0.02580	0.02240	0.01627	0.00829	0.00675	0.00207	0.00582	0.00670	0.00820	0.01142
18	0.00818	0.00584	0.00779	0.00934	0.00973	0.00545	0.00623	0.00934	0.01285	0.01713	0.03698	0.75981	0.04438	0.02102	0.00856	0.00273	0.00389	0.01908	0.00623	0.00545
19	0.01378	0.03281	0.65853	0.02135	0.09903	0.01562	0.02437	0.02118	0.01428	0.02132	0.01210	0.01441	0.00871	0.00633	0.00640	0.00211	0.00972	0.00506	0.00288	0.00999
20	0.00983	0.00734	0.00949	0.01060	0.01228	0.00700	0.00891	0.01241	0.01523	0.01934	0.04470	0.11745	0.22944	0.01827	0.00885	0.00284	0.00525	0.44860	0.00620	0.00599
21	0.00845	0.00636	0.00893	0.00991	0.01065	0.00590	0.03222	0.00982	0.01310	0.01735	0.03793	0.69084	0.08294	0.02020	0.00850	0.00268	0.00414	0.01836	0.00612	0.00560
22	0.02551	0.01879	0.02014	0.01544	0.02081	0.02081	0.01275	0.69996	0.03155	0.04229	0.01611	0.01611	0.01141	0.00805	0.00671	0.00201	0.00738	0.00604	0.00671	0.01141
23	0.01806	0.01811	0.02426	0.11496	0.46596	0.12801	0.01832	0.06625	0.04129	0.02208	0.01294	0.01632	0.01053	0.00645	0.00657	0.00199	0.00859	0.00578	0.00365	0.00988
24	0.01545	0.02093	0.16404	0.02584	0.03304	0.01670	0.53906	0.02219	0.05211	0.02180	0.01402	0.01775	0.01042	0.00597	0.00758	0.00224	0.01074	0.00736	0.00347	0.00929
25	0.01797	0.01143	0.01236	0.01040	0.01362	0.01213	0.00828	0.25176	0.06643	0.07149	0.08129	0.02403	0.01942	0.00853	0.00592	0.00184	0.00488	0.00681	0.36281	0.00861
26	0.01945	0.11756	0.12022	0.08148	0.12406	0.17545	0.07038	0.14735	0.04017	0.02336	0.01275	0.01495	0.00993	0.00672	0.00631	0.00194	0.00919	0.00539	0.00394	0.00941
27	0.00876	0.00656	0.00827	0.00941	0.01058	0.00607	0.00706	0.01054	0.01414	0.01812	0.04484	0.40661	0.22204	0.01934	0.00857	0.00269	0.00433	0.18016	0.00622	0.00569
28	0.01601	0.01533	0.02615	0.14917	0.61904	0.01578	0.02029	0.02007	0.01499	0.02119	0.01252	0.01680	0.01037	0.00609	0.00665	0.00203	0.00812	0.00598	0.00327	0.01014
29	0.00822	0.00639	0.00751	0.00836	0.00967	0.00568	0.00598	0.00974	0.01412	0.01776	0.05103	0.40229	0.35206	0.01904	0.00832	0.00254	0.00380	0.05567	0.00623	0.00559
30	0.01491	0.09833	0.30613	0.07096	0.03170	0.01724	0.32308	0.02097	0.01481	0.02054	0.01245	0.01583	0.00929	0.00601	0.00688	0.00213	0.01020	0.00621	0.00310	0.00924
31	0.01729	0.01851	0.14897	0.01788	0.04423	0.01582	0.13293	0.14225	0.19448	0.06367	0.04590	0.07069	0.01735	0.00875	0.00750	0.00222	0.02874	0.00771	0.00533	0.00979
32	0.01104	0.00988	0.01572	0.06915	0.07729	0.01041	0.09054	0.01351	0.01384	0.01882	0.08712	0.31367	0.09909	0.01557	0.03047	0.00273	0.09664	0.01266	0.00503	0.00680
33	0.01025	0.00836	0.01250	0.01569	0.13828	0.00800	0.03063	0.01231	0.01384	0.01847	0.03432	0.43656	0.10137	0.03616	0.00888	0.00268	0.00514	0.09443	0.00556	0.00656
34	0.01580	0.10039	0.11123	0.12852	0.07770	0.04017	0.06623	0.10312	0.03711	0.05003	0.09459	0.05040	0.07870	0.00887	0.00677	0.00207	0.00739	0.00759	0.00467	0.00866
35	0.09699	0.01771	0.05102	0.01346	0.01847	0.12062	0.01124	0.16314	0.11822	0.19018	0.01786	0.01747	0.01277	0.00743	0.00615	0.00190	0.00699	0.00561	0.00582	0.11695
36	0.01277	0.00939	0.01092	0.01079	0.01259	0.02980	0.00803	0.11820	0.04567	0.04335	0.12781	0.39686	0.03764	0.01695	0.02406	0.00264	0.00511	0.05689	0.02353	0.00701
37	0.02144	0.19391	0.04569	0.01513	0.04791	0.09958	0.01247	0.26960	0.10555	0.06945	0.01763	0.01776	0.03964	0.00774	0.00613	0.00190	0.00746	0.00579	0.00528	0.00995
38	0.38892	0.04479	0.01492	0.01283	0.05717	0.01565	0.00979	0.09746	0.09235	0.08758	0.01392	0.01480	0.01053	0.00701	0.00591	0.00200	0.03633	0.00486	0.00492	0.07827
39	0.05215	0.14600	0.08773	0.01795	0.11910	0.15167	0.01375	0.08949	0.09760	0.06906	0.01484	0.01610	0.01152	0.00717	0.00642	0.00191	0.03148	0.00533	0.05141	0.00932
40	0.02129	0.10654	0.17945	0.01726	0.08245	0.06277	0.03906	0.09178	0.03779	0.23008	0.01680	0.01703	0.01186	0.00701	0.00628	0.00193	0.00775	0.00561	0.00511	0.05216
41	0.00919	0.00717	0.01042	0.16222	0.01730	0.00747	0.00880	0.01117	0.01336	0.01776	0.07590	0.56030	0.03827	0.01759	0.00814	0.00258	0.00489	0.01591	0.00563	0.00592
42	0.01808	0.07369	0.06755	0.01527	0.01997	0.06230	0.11610	0.07586	0.18901	0.11578	0.09053	0.02590	0.04857	0.00884	0.00688	0.00211	0.00703	0.02667	0.02054	0.00932
43	0.01780	0.23427	0.33252	0.01607	0.02347	0.01904	0.04173	0.13366	0.01721	0.06938	0.01308	0.01449	0.00977	0.00746	0.02061	0.00209	0.00867	0.00502	0.00388	0.00979
44	0.00913	0.00659	0.00844	0.00940	0.01033	0.00625	0.00689	0.01083	0.01385	0.01823	0.09975	0.34883	0.11716	0.12861	0.01237	0.00326	0.00470	0.17387	0.00600	0.00552
45	0.01674	0.02187	0.12969	0.02571	0.10723	0.13474	0.38203	0.02164	0.01592	0.02046	0.01386	0.05236	0.01140	0.00674	0.00728	0.00215	0.01051	0.00724	0.00346	0.00896
46	0.01390	0.07972	0.59819	0.05812	0.05349	0.01632	0.04741	0.02094	0.01419	0.02071	0.01193	0.01437	0.00866	0.00631	0.00632	0.00209	0.00967	0.00506	0.00288	0.00970
47	0.01702	0.01375	0.01531	0.01458	0.05402	0.01537	0.01083	0.05588	0.53957	0.06858	0.02900	0.02846	0.06527	0.00969	0.00697	0.00227	0.00545	0.03110	0.00666	0.01022
48	0.00847	0.00628	0.00797	0.00916	0.01009	0.00578	0.00653	0.01002	0.01381	0.01795	0.06260	0.52263	0.17855	0.01973	0.00850	0.00266	0.00404	0.09340	0.00626	0.00560
49	0.04229	0.11018	0.26176	0.01745	0.02395	0.12449	0.11886	0.03751	0.09083	0.04619	0.01682	0.01813	0.04785	0.00723	0.00640	0.00203	0.00895	0.00596	0.00394	0.00917
50	0.01391	0.04582	0.38324	0.02104	0.02865	0.01525	0.25393	0.02012	0.01473	0.02086	0.01551	0.06347	0.01317	0.00777	0.00717	0.00225	0.00972	0.05086	0.00345	0.00907
51	0.00926	0.00685	0.00865	0.00820	0.00988	0.00623	0.00615	0.01221	0.01844	0.02560	0.62211	0.05227	0.16080	0.01420	0.00792	0.00213	0.00320	0.01244	0.00721	0.00623
52	0.01708	0.01817	0.10334	0.03097	0.43224	0.06153	0.05720	0.04325	0.01635	0.06065	0.06032	0.03921	0.01498	0.00718	0.00679	0.00204	0.00808	0.00668	0.00401	0.00992
53	0.01385	0.08557	0.63833	0.01849	0.02753	0.01665	0.02325	0.02087	0.01390	0.02056	0.01166	0.01396	0.00853	0.00665	0.00715	0.00212	0.05351	0.00491	0.00284	0.00967
54	0.00859	0.00647	0.00871	0.01076	0.04720	0.00602	0.00687	0.00996	0.01322	0.01748	0.03883	0.65032	0.11091	0.01982	0.00840	0.00264	0.00406	0.01789	0.00608	0.00574
55	0.01150	0.00643	0.00725	0.00749	0.00891	0.00651	0.00567	0.01430	0.01366	0.02260	0.02491	0.10047	0.04020	0.01527	0.09674	0.00293	0.00524	0.04673	0.55708	0.00612
56	0.01615	0.13882	0.49150	0.01719	0.02550	0.03638	0.04440	0.02222	0.01478	0.09061	0.01337	0.01492	0.00963	0.00650	0.00611	0.00200	0.00901	0.00506	0.02617	0.00968
57	0.00934	0.00836	0.05109	0.01025	0.01164	0.00704	0.00789	0.01226	0.05848	0.01854	0.05481	0.53197	0.07574	0.03992	0.00906	0.00276	0.00457	0.07416	0.00603	0.00611
58	0.09586	0.05913	0.18750	0.01253	0.01891	0.01286	0.01247	0.06171	0.01463	0.02312	0.01221	0.01444	0.00978	0.00861	0.05270	0.00210	0.00730	0.00450	0.00381	0.38584
59	0.01619	0.41658	0.34321	0.01508	0.02260	0.04638	0.01745	0.02084	0.01406	0.01824	0.01057	0.01232	0.00856	0.00606	0.00529	0.00175	0.00857	0.00422	0.00287	0.00916
60	0.01454	0.19833	0.21295	0.01486	0.06454	0.01530	0.01398	0.05768	0.02994	0.04709	0.04490	0.15028	0.08850	0.01027	0.00653	0.00206	0.00681	0.00849	0.00447	0.00849
61	0.04217	0.41294	0.30465	0.01613	0.06331	0.02127	0.01707	0.02056	0.01387	0.01875	0.01058	0.01244	0.00864	0.00602	0.00525	0.00176	0.00823	0.00426	0.00292	0.00919
62	0.06190	0.16835	0.30165	0.01451	0.02105	0.07223	0.01574	0.06825	0.01605	0.02261	0.09289	0.01767	0.01526	0.00719	0.00589	0.00186	0.00784	0.00544	0.02321	0.06040
63	0.03322	0.30574	0.19342	0.01458	0.02036	0.10325	0.04224	0.06080	0.03988	0.01946	0.01252	0.01595	0.01071	0.06630	0.03317	0.00246	0.00880	0.00507	0.00346	0.00861

[dist]
# distance from previous block
# <min> <max>
1	13

[block]
# block no. 9 follows, 32 sequences, length 17
# corresponding to MSA columns:
# 952-968
name=unknown_J
#
# <colnr> <probs for GDERKNQSTAVLIFYWHMCP>
#	G	D	E	R	K	N	Q	S	T	A	V	L	I	F	Y	W	H	M	C	P
0	0.01897	0.17656	0.07184	0.05332	0.08757	0.04443	0.01383	0.17102	0.19606	0.04410	0.01648	0.01724	0.01267	0.00758	0.00683	0.00201	0.03884	0.00578	0.00492	0.00994
1	0.06211	0.05776	0.05797	0.01379	0.03632	0.06930	0.06159	0.06799	0.05798	0.15704	0.03698	0.05905	0.09352	0.00941	0.00719	0.02983	0.00660	0.00734	0.00533	0.10289
2	0.05530	0.18686	0.18354	0.01838	0.10474	0.06826	0.06981	0.05513	0.06041	0.04050	0.06606	0.01851	0.03009	0.00725	0.00615	0.00194	0.00794	0.00591	0.00405	0.00916
3	0.03809	0.25808	0.23441	0.01600	0.03871	0.04953	0.06636	0.06223	0.04964	0.06468	0.01601	0.01712	0.04747	0.00704	0.00592	0.00190	0.00810	0.00550	0.00390	0.00929
4	0.00867	0.00609	0.00770	0.00866	0.00917	0.00573	0.00569	0.00957	0.01252	0.01658	0.06428	0.49843	0.09598	0.16858	0.01432	0.03680	0.00442	0.01596	0.00571	0.00512
5	0.06177	0.02244	0.26921	0.05269	0.17307	0.05702	0.05226	0.03958	0.01529	0.07443	0.04288	0.01700	0.01203	0.00727	0.00786	0.00215	0.07404	0.00580	0.00380	0.00942
6	0.03748	0.06437	0.32892	0.05736	0.07098	0.07780	0.06054	0.09091	0.03474	0.04491	0.01359	0.01659	0.01046	0.03991	0.02114	0.00240	0.00923	0.00558	0.00374	0.00935
7	0.01496	0.05429	0.02264	0.33995	0.26149	0.05877	0.01762	0.01870	0.01443	0.01904	0.04884	0.01820	0.01231	0.00717	0.00773	0.00213	0.06381	0.00606	0.00334	0.00851
8	0.00814	0.00596	0.00766	0.00903	0.00965	0.00548	0.00609	0.00938	0.01315	0.01725	0.04079	0.67431	0.12742	0.02053	0.00849	0.00267	0.00383	0.01847	0.00623	0.00548
9	0.01578	0.04714	0.08413	0.02312	0.21940	0.03137	0.12664	0.02165	0.10377	0.06425	0.02127	0.08174	0.05301	0.00878	0.00696	0.00215	0.00742	0.02912	0.04314	0.00918
10	0.10659	0.04544	0.16894	0.07139	0.07514	0.08189	0.01507	0.13187	0.08647	0.12978	0.01583	0.01663	0.01142	0.00720	0.00623	0.00205	0.00781	0.00556	0.00490	0.00979
11	0.02471	0.01108	0.01432	0.01165	0.01594	0.01045	0.00951	0.06281	0.07707	0.48309	0.02534	0.02542	0.01768	0.01188	0.06115	0.00273	0.00645	0.03549	0.08300	0.01023
12	0.01079	0.00788	0.00886	0.00859	0.01065	0.00764	0.00655	0.04347	0.07772	0.02345	0.21660	0.10400	0.25414	0.01395	0.00736	0.00218	0.00382	0.04678	0.13894	0.00663
13	0.01745	0.09587	0.13559	0.09525	0.10114	0.08625	0.13470	0.08707	0.06750	0.03899	0.02812	0.01690	0.01158	0.00707	0.00739	0.00208	0.04780	0.00602	0.00395	0.00928
14	0.15191	0.40860	0.14427	0.01244	0.01852	0.04451	0.01275	0.02092	0.01384	0.05688	0.01087	0.01222	0.00887	0.00606	0.00485	0.00168	0.00725	0.00404	0.00345	0.05607
15	0.01094	0.00692	0.00868	0.00920	0.01053	0.00637	0.00644	0.01281	0.03419	0.09710	0.03998	0.49176	0.15713	0.06272	0.00972	0.00278	0.00421	0.01594	0.00635	0.00623
16	0.29154	0.10540	0.12321	0.01708	0.13062	0.03408	0.01340	0.12536	0.01608	0.02671	0.01280	0.05264	0.01078	0.00723	0.00557	0.00201	0.00700	0.00540	0.00417	0.00891

[dist]
# distance from previous block
# <min> <max>
0	2

[block]
# block no. 10 follows, 32 sequences, length 15
# corresponding to MSA columns:
# 971-985
name=unknown_K
#
# <colnr> <probs for GDERKNQSTAVLIFYWHMCP>
#	G	D	E	R	K	N	Q	S	T	A	V	L	I	F	Y	W	H	M	C	P
0	0.00971	0.00810	0.00874	0.00893	0.01039	0.05187	0.00645	0.01181	0.01620	0.02116	0.31119	0.28068	0.19722	0.01637	0.00801	0.00232	0.00401	0.01433	0.00651	0.00599
1	0.10094	0.03653	0.12599	0.02201	0.21743	0.13585	0.03754	0.04330	0.01583	0.05568	0.01461	0.03136	0.03152	0.00690	0.00613	0.00189	0.00807	0.00564	0.00392	0.09886
2	0.00850	0.00675	0.00766	0.00779	0.00963	0.00591	0.00584	0.01057	0.01593	0.02027	0.22188	0.14003	0.44622	0.01673	0.00807	0.00232	0.00355	0.05002	0.00651	0.00583
3	0.02097	0.08128	0.02332	0.01836	0.06076	0.15172	0.12160	0.19170	0.17853	0.05883	0.01692	0.01761	0.01273	0.00741	0.00661	0.00201	0.00835	0.00620	0.00518	0.00991
4	0.01082	0.00767	0.00972	0.00938	0.01048	0.00823	0.00670	0.01292	0.04314	0.04494	0.02585	0.03731	0.10715	0.32004	0.27989	0.00699	0.03964	0.00901	0.00442	0.00569
5	0.01797	0.26257	0.16814	0.01894	0.08552	0.06492	0.11713	0.06629	0.06785	0.05037	0.01334	0.01504	0.01040	0.00645	0.00601	0.00189	0.00853	0.00535	0.00378	0.00951
6	0.01629	0.13084	0.14063	0.04362	0.29450	0.06240	0.05002	0.02031	0.01462	0.02006	0.01162	0.01476	0.00961	0.00632	0.00705	0.00189	0.05418	0.00523	0.00322	0.09282
7	0.00833	0.00624	0.00753	0.00836	0.00934	0.00566	0.00571	0.00967	0.01368	0.01767	0.08755	0.44693	0.24237	0.08561	0.01062	0.00289	0.00393	0.01636	0.00611	0.00545
8	0.01282	0.04602	0.01166	0.00996	0.01219	0.05803	0.00763	0.01579	0.05892	0.08015	0.15162	0.13944	0.24249	0.05035	0.02792	0.00266	0.04814	0.01142	0.00593	0.00686
9	0.01900	0.04627	0.12711	0.05255	0.22760	0.16092	0.01686	0.13404	0.05461	0.02381	0.01333	0.01567	0.01049	0.00707	0.00712	0.00200	0.04423	0.00551	0.02216	0.00964
10	0.01463	0.01117	0.01433	0.01232	0.01497	0.03473	0.06393	0.04501	0.10373	0.08867	0.19615	0.06953	0.09770	0.01151	0.00884	0.00223	0.08727	0.02569	0.08978	0.00779
11	0.01393	0.05571	0.01258	0.01050	0.01172	0.03972	0.00783	0.05746	0.01202	0.04050	0.01453	0.05562	0.01395	0.04344	0.09504	0.42333	0.05432	0.00658	0.02606	0.00517
12	0.01675	0.01927	0.15594	0.07499	0.15096	0.07264	0.07071	0.09518	0.08450	0.04174	0.04341	0.02242	0.01526	0.00794	0.00677	0.00212	0.00804	0.04846	0.05361	0.00929
13	0.01530	0.15201	0.41372	0.01978	0.06930	0.04156	0.09802	0.04120	0.01508	0.02082	0.01294	0.01699	0.01031	0.00678	0.00635	0.00204	0.00933	0.03577	0.00322	0.00945
14	0.01761	0.01208	0.01301	0.01132	0.01479	0.04349	0.00888	0.09795	0.19755	0.16501	0.07382	0.05910	0.17818	0.01271	0.03489	0.00249	0.00572	0.00918	0.03333	0.00888

[dist]
# distance from previous block
# <min> <max>
1	3

[block]
# block no. 11 follows, 32 sequences, length 6
# corresponding to MSA columns:
# 989-994
name=unknown_L
#
# <colnr> <probs for GDERKNQSTAVLIFYWHMCP>
#	G	D	E	R	K	N	Q	S	T	A	V	L	I	F	Y	W	H	M	C	P
0	0.11623	0.07828	0.05170	0.01746	0.10405	0.17453	0.04218	0.12584	0.05083	0.06362	0.04554	0.04350	0.04207	0.00806	0.00626	0.00198	0.00785	0.00633	0.00474	0.00895
1	0.01182	0.00937	0.05508	0.05749	0.01548	0.00857	0.07591	0.01189	0.01045	0.01431	0.01315	0.02085	0.01219	0.02500	0.16527	0.46974	0.00924	0.00626	0.00310	0.00482
2	0.00897	0.00665	0.00831	0.00929	0.01024	0.00634	0.00656	0.01125	0.04619	0.01828	0.07513	0.47758	0.13580	0.07134	0.01022	0.00291	0.00425	0.07880	0.00616	0.00574
3	0.05774	0.06663	0.16577	0.04126	0.11927	0.05764	0.05254	0.11556	0.09113	0.14273	0.01638	0.01720	0.01187	0.00711	0.00641	0.00204	0.00789	0.00583	0.00489	0.01009
4	0.02113	0.05682	0.01823	0.01433	0.01867	0.18295	0.01138	0.29268	0.11338	0.02881	0.01741	0.08375	0.01469	0.00869	0.00645	0.00192	0.00763	0.00671	0.00547	0.08890
5	0.03279	0.09345	0.07059	0.04850	0.01713	0.01294	0.01067	0.07896	0.10155	0.05332	0.05724	0.10651	0.02152	0.03927	0.03926	0.00259	0.00649	0.06570	0.04669	0.09483

[dist]
# distance from previous block
# <min> <max>
0	28

[block]
# block no. 12 follows, 32 sequences, length 72
# corresponding to MSA columns:
# 1023-1058,1061-1096
name=unknown_M
#
# <colnr> <probs for GDERKNQSTAVLIFYWHMCP>
#	G	D	E	R	K	N	Q	S	T	A	V	L	I	F	Y	W	H	M	C	P
0	0.01710	0.03746	0.10704	0.07980	0.01920	0.07142	0.01207	0.02028	0.01575	0.17883	0.10276	0.06818	0.07620	0.01006	0.00842	0.00215	0.08821	0.00790	0.05370	0.02347
1	0.02164	0.17176	0.04194	0.01534	0.04807	0.08224	0.01253	0.27179	0.16922	0.07419	0.01702	0.01697	0.01275	0.00759	0.00618	0.00193	0.00730	0.00573	0.00553	0.01028
2	0.03825	0.06374	0.09066	0.04213	0.01746	0.03161	0.01096	0.08602	0.04265	0.14765	0.08803	0.11704	0.02169	0.01284	0.06201	0.00268	0.00698	0.00803	0.03503	0.07454
3	0.01520	0.06629	0.07844	0.18083	0.09746	0.03002	0.16824	0.07386	0.06696	0.02233	0.06888	0.06867	0.01682	0.00807	0.00700	0.00215	0.00824	0.00759	0.00422	0.00873
4	0.04035	0.17574	0.19286	0.04200	0.02092	0.01535	0.09413	0.01796	0.01419	0.03548	0.09502	0.07970	0.01923	0.06586	0.00913	0.00238	0.03795	0.00737	0.00400	0.03039
5	0.01108	0.00816	0.00906	0.00844	0.01091	0.00754	0.00644	0.05622	0.05163	0.06212	0.20232	0.08240	0.42881	0.01499	0.00775	0.00222	0.00384	0.01266	0.00666	0.00673
6	0.01219	0.01097	0.01484	0.01315	0.01421	0.04783	0.06123	0.01384	0.01114	0.01544	0.01586	0.02731	0.01612	0.24971	0.25031	0.00638	0.20231	0.00754	0.00355	0.00608
7	0.01914	0.01907	0.13126	0.02325	0.10777	0.04314	0.28856	0.02515	0.07151	0.17679	0.01704	0.01871	0.01216	0.00670	0.00713	0.00215	0.00904	0.00684	0.00466	0.00995
8	0.01513	0.01516	0.04074	0.13179	0.33123	0.03220	0.11718	0.03050	0.04995	0.02160	0.07030	0.04473	0.01615	0.00869	0.02704	0.00237	0.02492	0.00723	0.00392	0.00916
9	0.05348	0.01237	0.01561	0.01227	0.01709	0.01167	0.01002	0.15055	0.02069	0.52689	0.02484	0.07712	0.01747	0.00916	0.00679	0.00211	0.00586	0.00745	0.00772	0.01083
10	0.00865	0.00684	0.00783	0.00784	0.00975	0.00602	0.00596	0.01090	0.01639	0.02106	0.27442	0.09032	0.42999	0.01622	0.00805	0.00229	0.00354	0.06141	0.00660	0.00591
11	0.02062	0.01938	0.10074	0.05072	0.06276	0.06604	0.03062	0.30560	0.06186	0.06830	0.01594	0.01893	0.01232	0.00850	0.00862	0.00220	0.09824	0.03342	0.00523	0.00997
12	0.03920	0.07339	0.01722	0.01268	0.01718	0.01498	0.01039	0.18751	0.17544	0.25870	0.08038	0.04467	0.02012	0.00900	0.00666	0.00208	0.00586	0.00726	0.00694	0.01033
