[name]
unknown

[dist]
# distance from previous block
# <min> <max>
0	895

[block]
# block no. 0 follows, 29 sequences, length 33
# corresponding to MSA columns:
# 1380-1412
name=unknown_A
#
# <colnr> <probs for GDERKNQSTAVLIFYWHMCP>
#	G	D	E	R	K	N	Q	S	T	A	V	L	I	F	Y	W	H	M	C	P
0	0.01117	0.00824	0.01087	0.01220	0.01367	0.00834	0.00985	0.01544	0.08237	0.02112	0.03735	0.29391	0.04109	0.01955	0.00933	0.00307	0.00567	0.38335	0.00664	0.00677
1	0.00937	0.00719	0.00953	0.00965	0.01112	0.00654	0.02719	0.01161	0.01655	0.02218	0.27764	0.34212	0.18640	0.01821	0.00869	0.00255	0.00400	0.01623	0.00695	0.00628
2	0.01047	0.00896	0.01533	0.01418	0.01605	0.00840	0.14489	0.01278	0.01441	0.01927	0.03408	0.56586	0.03937	0.01884	0.00898	0.00281	0.00586	0.04686	0.00599	0.00660
3	0.72190	0.01316	0.01056	0.00957	0.01367	0.01527	0.00783	0.02012	0.01205	0.03042	0.01082	0.01319	0.00871	0.01124	0.07536	0.00312	0.00685	0.00423	0.00435	0.00758
4	0.01276	0.00929	0.00959	0.00941	0.00978	0.07729	0.00599	0.01172	0.01090	0.01359	0.01730	0.03334	0.01886	0.38817	0.02995	0.31873	0.00721	0.00813	0.00376	0.00422
5	0.02072	0.39120	0.05900	0.01573	0.02146	0.14155	0.08370	0.02547	0.08714	0.07134	0.01405	0.01519	0.01127	0.00690	0.00586	0.00184	0.00876	0.00518	0.00408	0.00954
6	0.01656	0.02095	0.10839	0.02905	0.03658	0.01786	0.61485	0.02278	0.01663	0.02278	0.01424	0.01879	0.01063	0.00608	0.00824	0.00239	0.01186	0.00809	0.00354	0.00969
7	0.10281	0.01225	0.01497	0.01239	0.01697	0.01187	0.00993	0.03129	0.14462	0.44228	0.02765	0.10000	0.02055	0.01019	0.00711	0.00232	0.00572	0.00839	0.00785	0.01085
8	0.09182	0.01333	0.02127	0.57045	0.13188	0.01598	0.01886	0.01895	0.01429	0.02022	0.01248	0.01807	0.00955	0.00697	0.00684	0.00232	0.00896	0.00609	0.00333	0.00833
9	0.01427	0.01208	0.01421	0.01038	0.01621	0.00920	0.00825	0.01745	0.01534	0.02377	0.08584	0.01885	0.01656	0.00626	0.00561	0.00118	0.00507	0.00514	0.00460	0.70972
10	0.01477	0.01266	0.01477	0.01055	0.01687	0.00949	0.00844	0.01793	0.01477	0.02320	0.01266	0.01477	0.01055	0.00527	0.00527	0.00105	0.00527	0.00422	0.00422	0.79328
11	0.01794	0.67459	0.03423	0.01194	0.01743	0.02580	0.01159	0.02011	0.01438	0.01690	0.01302	0.08936	0.01317	0.00781	0.00505	0.00167	0.00724	0.00555	0.00342	0.00878
12	0.02021	0.01408	0.09604	0.01348	0.01843	0.01072	0.03679	0.02466	0.05596	0.28945	0.05610	0.09689	0.05448	0.01127	0.00756	0.00230	0.00635	0.08400	0.00676	0.09446
13	0.01445	0.01233	0.01443	0.01051	0.01654	0.00930	0.00834	0.01752	0.01471	0.02295	0.01401	0.05202	0.01241	0.00614	0.00547	0.00115	0.00522	0.00504	0.00434	0.75311
14	0.02122	0.01700	0.01522	0.01316	0.01621	0.18063	0.00980	0.16479	0.01951	0.13290	0.02012	0.05984	0.01830	0.23760	0.03929	0.00387	0.00865	0.00798	0.00558	0.00833
15	0.05105	0.01038	0.01331	0.10645	0.01858	0.01086	0.01022	0.12180	0.01795	0.09719	0.05462	0.35456	0.03200	0.01550	0.00812	0.00260	0.00582	0.05464	0.00642	0.00792
16	0.01229	0.00825	0.01037	0.00926	0.01184	0.00723	0.00706	0.01531	0.01890	0.08800	0.46539	0.06878	0.13967	0.01374	0.00798	0.00215	0.00386	0.01194	0.00734	0.09065
17	0.02468	0.18901	0.02107	0.01272	0.01785	0.01607	0.01085	0.05929	0.12738	0.35365	0.07558	0.02349	0.01986	0.00874	0.00665	0.00208	0.00623	0.00692	0.00704	0.01086
18	0.00945	0.00703	0.00880	0.00882	0.01037	0.00638	0.00644	0.01205	0.01798	0.02449	0.43523	0.20579	0.18713	0.01691	0.00855	0.00241	0.00357	0.01489	0.00733	0.00638
19	0.01832	0.64512	0.13990	0.01342	0.02018	0.02641	0.01433	0.02151	0.01455	0.01763	0.01034	0.01197	0.00912	0.00619	0.00490	0.00163	0.00806	0.00403	0.00304	0.00935
20	0.00984	0.00727	0.00918	0.00870	0.01049	0.00662	0.00653	0.01297	0.01958	0.02720	0.60979	0.05543	0.15982	0.01506	0.00840	0.00226	0.00340	0.01319	0.00766	0.00662
21	0.01738	0.01389	0.01472	0.01326	0.01702	0.01573	0.01031	0.03422	0.56388	0.05569	0.03026	0.02835	0.05163	0.00986	0.00705	0.00233	0.00532	0.00818	0.09036	0.01058
22	0.68734	0.01467	0.01206	0.01039	0.01498	0.01686	0.00856	0.11727	0.01523	0.03383	0.01096	0.01237	0.00835	0.00689	0.00480	0.00219	0.00585	0.00423	0.00480	0.00835
23	0.01902	0.11183	0.03701	0.01281	0.01709	0.01661	0.01072	0.14414	0.25715	0.07586	0.02468	0.05213	0.04035	0.00939	0.00658	0.00212	0.00594	0.00753	0.13903	0.01000
24	0.06189	0.02279	0.01980	0.01804	0.05083	0.27218	0.01366	0.13126	0.14818	0.02510	0.01513	0.01682	0.01209	0.00889	0.00991	0.00227	0.15097	0.00590	0.00482	0.00946
25	0.02637	0.01752	0.01952	0.01537	0.02069	0.01888	0.01266	0.47021	0.09284	0.16565	0.02120	0.02220	0.01536	0.00921	0.00727	0.00223	0.00724	0.03638	0.00742	0.01178
26	0.00966	0.00716	0.00901	0.00876	0.01044	0.00651	0.00649	0.01255	0.01886	0.02598	0.53144	0.12420	0.17077	0.01590	0.00847	0.00233	0.00348	0.01396	0.00751	0.00651
27	0.02461	0.01805	0.01962	0.01582	0.02076	0.08935	0.05014	0.28189	0.15253	0.16748	0.02163	0.02239	0.01581	0.00890	0.00717	0.00221	0.00762	0.02805	0.03494	0.01104
28	0.01141	0.00742	0.00972	0.00958	0.01127	0.00680	0.00711	0.01412	0.01819	0.07857	0.42640	0.22831	0.08557	0.01643	0.00853	0.00245	0.00390	0.03984	0.00750	0.00687
29	0.01398	0.01370	0.02466	0.62048	0.04715	0.01617	0.12508	0.01893	0.01465	0.01893	0.01294	0.01902	0.00970	0.00694	0.00732	0.00238	0.00989	0.00666	0.00323	0.00818
30	0.00938	0.00676	0.00825	0.00888	0.00955	0.00654	0.00584	0.01041	0.01266	0.01663	0.03647	0.31613	0.14119	0.28257	0.09159	0.00511	0.00656	0.01461	0.00551	0.00536
31	0.01422	0.01475	0.02949	0.09849	0.03011	0.01480	0.38348	0.01867	0.01505	0.02049	0.01857	0.13605	0.01731	0.01525	0.10287	0.00370	0.04448	0.00987	0.00404	0.00830
32	0.03895	0.14505	0.58886	0.01873	0.02839	0.01829	0.02360	0.02231	0.01486	0.02196	0.01225	0.01438	0.00900	0.00666	0.00636	0.00214	0.00993	0.00500	0.00306	0.01023

[dist]
# distance from previous block
# <min> <max>
1	6

[block]
# block no. 1 follows, 29 sequences, length 32
# corresponding to MSA columns:
# 1425-1456
name=unknown_B
#
# <colnr> <probs for GDERKNQSTAVLIFYWHMCP>
#	G	D	E	R	K	N	Q	S	T	A	V	L	I	F	Y	W	H	M	C	P
0	0.04649	0.01515	0.06467	0.01735	0.02109	0.03421	0.18409	0.01815	0.03849	0.02053	0.01938	0.14260	0.01940	0.10339	0.01356	0.00300	0.11573	0.02781	0.00439	0.09051
1	0.01799	0.59570	0.18645	0.01397	0.02104	0.02561	0.01530	0.02159	0.01459	0.01803	0.01054	0.01222	0.00911	0.00624	0.00505	0.00168	0.00826	0.00413	0.00304	0.00944
2	0.20832	0.01733	0.01779	0.01418	0.01924	0.01918	0.01161	0.45926	0.02670	0.06528	0.01721	0.06176	0.01348	0.00896	0.00661	0.00220	0.00699	0.00671	0.00651	0.01068
3	0.02125	0.01231	0.01524	0.01159	0.01693	0.01048	0.00930	0.06605	0.01756	0.27207	0.01945	0.02089	0.01449	0.05030	0.05216	0.00250	0.00667	0.00597	0.00605	0.36874
4	0.01187	0.00820	0.00911	0.00829	0.01128	0.00687	0.00637	0.01405	0.01703	0.10335	0.12746	0.05774	0.50470	0.01565	0.00804	0.00227	0.00400	0.01308	0.00683	0.06383
5	0.09534	0.00983	0.01007	0.00919	0.01193	0.01045	0.00714	0.05862	0.12653	0.06293	0.06529	0.02606	0.02044	0.00878	0.00573	0.00193	0.00431	0.00699	0.45036	0.00809
6	0.01829	0.01558	0.01643	0.01461	0.01874	0.01798	0.01141	0.07774	0.65162	0.03072	0.02825	0.02598	0.02114	0.00959	0.00724	0.00240	0.00577	0.00795	0.00724	0.01132
7	0.01762	0.01692	0.02890	0.04371	0.70533	0.01692	0.02185	0.02185	0.01621	0.02326	0.01339	0.01762	0.01128	0.00634	0.00705	0.00211	0.00846	0.00634	0.00352	0.01128
8	0.01032	0.00704	0.00844	0.00844	0.00868	0.00727	0.00516	0.01079	0.01056	0.01431	0.02182	0.04317	0.02440	0.62160	0.16236	0.00774	0.00914	0.00985	0.00422	0.00469
9	0.01736	0.01665	0.02844	0.08641	0.66465	0.01685	0.02172	0.02163	0.01609	0.02295	0.01335	0.01771	0.01117	0.00639	0.00705	0.00213	0.00852	0.00634	0.00350	0.01107
10	0.00965	0.00726	0.00893	0.00851	0.01038	0.00654	0.00639	0.01262	0.01916	0.02618	0.54124	0.05710	0.22900	0.01544	0.00840	0.00228	0.00342	0.01343	0.00753	0.00654
11	0.01615	0.02381	0.21708	0.02748	0.03555	0.01762	0.50902	0.02274	0.01634	0.02274	0.01398	0.01812	0.01034	0.00620	0.00798	0.00236	0.01162	0.00758	0.00345	0.00984
12	0.01237	0.00618	0.00928	0.00928	0.00928	0.00618	0.00618	0.00928	0.00928	0.01237	0.01237	0.02165	0.01237	0.02474	0.02783	0.79283	0.00618	0.00618	0.00309	0.00309
13	0.02707	0.01995	0.02137	0.01638	0.02208	0.02208	0.01353	0.68159	0.03348	0.04488	0.01710	0.01710	0.01211	0.00855	0.00712	0.00214	0.00784	0.00641	0.00712	0.01211
14	0.01740	0.01482	0.05430	0.01432	0.01839	0.01475	0.05917	0.12328	0.28781	0.05675	0.04292	0.09809	0.03694	0.03841	0.00838	0.00249	0.00626	0.00908	0.08668	0.00976
15	0.01653	0.07007	0.06318	0.37274	0.15772	0.04162	0.01874	0.07871	0.04019	0.02193	0.01336	0.01771	0.01040	0.00734	0.00759	0.00225	0.04085	0.00609	0.00372	0.00925
16	0.02159	0.09438	0.30748	0.01617	0.02389	0.01625	0.01749	0.11882	0.01909	0.22037	0.01745	0.01757	0.01201	0.00744	0.00662	0.00208	0.00826	0.00576	0.00532	0.06197
17	0.01888	0.63757	0.08450	0.01310	0.01932	0.05014	0.01321	0.02255	0.05163	0.01791	0.01118	0.01256	0.00982	0.00638	0.00494	0.00164	0.00789	0.00417	0.00329	0.00932
18	0.01036	0.00690	0.00777	0.00777	0.00777	0.00690	0.00431	0.01036	0.01036	0.01381	0.02244	0.04660	0.02589	0.74975	0.03624	0.00690	0.00690	0.01036	0.00431	0.00431
19	0.05109	0.05973	0.02198	0.01789	0.07057	0.07501	0.01376	0.43654	0.02714	0.09015	0.01615	0.01679	0.01179	0.00834	0.00777	0.00214	0.04969	0.00609	0.00619	0.01120
20	0.01808	0.01829	0.01508	0.01322	0.01700	0.22318	0.01023	0.09116	0.09709	0.02420	0.09653	0.03281	0.15581	0.01075	0.00715	0.00203	0.00737	0.03268	0.00564	0.12172
21	0.00910	0.00696	0.00835	0.00859	0.01019	0.00621	0.00622	0.01133	0.01698	0.02240	0.29631	0.24489	0.29095	0.01790	0.00859	0.00247	0.00366	0.01564	0.00707	0.00621
22	0.01508	0.00954	0.01059	0.00956	0.01222	0.00970	0.00740	0.07496	0.11353	0.07388	0.18844	0.03590	0.09510	0.01095	0.00676	0.00205	0.00424	0.00912	0.30292	0.00807
23	0.77367	0.01371	0.01067	0.00948	0.01392	0.01578	0.00781	0.02140	0.01240	0.05524	0.01054	0.01200	0.00805	0.00669	0.00450	0.00220	0.00553	0.00397	0.00456	0.00786
24	0.01371	0.06559	0.54543	0.01805	0.02661	0.01549	0.02215	0.02065	0.01486	0.02187	0.05669	0.01893	0.01381	0.01326	0.09937	0.00341	0.01104	0.00598	0.00342	0.00968
25	0.01472	0.01350	0.02207	0.56244	0.14329	0.01601	0.01940	0.05439	0.01566	0.02051	0.01404	0.02120	0.01119	0.00760	0.00722	0.00236	0.00913	0.03312	0.00357	0.00858
26	0.01352	0.03299	0.62143	0.01860	0.02807	0.01517	0.02360	0.02095	0.01519	0.02212	0.02047	0.02196	0.09886	0.00823	0.00698	0.00227	0.00963	0.00653	0.00347	0.00994
27	0.00907	0.00686	0.00837	0.00880	0.01022	0.00616	0.00629	0.01118	0.01658	0.02196	0.27059	0.31443	0.24669	0.01846	0.00866	0.00253	0.00372	0.01624	0.00702	0.00616
28	0.01108	0.00865	0.00999	0.01071	0.01190	0.02803	0.00753	0.03293	0.09401	0.02029	0.05313	0.48243	0.05867	0.09085	0.01140	0.00317	0.00501	0.04720	0.00642	0.00660
29	0.01819	0.51158	0.17226	0.06354	0.02317	0.02458	0.01566	0.06280	0.01576	0.01979	0.01112	0.01303	0.00932	0.00645	0.00535	0.00177	0.00835	0.00444	0.00330	0.00952
30	0.06693	0.00923	0.01157	0.01118	0.01344	0.00902	0.00892	0.05581	0.01567	0.02247	0.11067	0.06975	0.02979	0.01684	0.01273	0.18883	0.00581	0.22776	0.00549	0.10809
31	0.06642	0.01488	0.02191	0.04412	0.32165	0.01537	0.05327	0.06121	0.12504	0.04904	0.04560	0.02464	0.06872	0.00839	0.00705	0.00220	0.00711	0.00753	0.04571	0.01014

[dist]
# distance from previous block
# <min> <max>
0	48

[block]
# block no. 2 follows, 29 sequences, length 6
# corresponding to MSA columns:
# 1505-1510
name=unknown_C
#
# <colnr> <probs for GDERKNQSTAVLIFYWHMCP>
#	G	D	E	R	K	N	Q	S	T	A	V	L	I	F	Y	W	H	M	C	P
0	0.33568	0.01699	0.02101	0.07580	0.06380	0.09002	0.15662	0.02266	0.01512	0.07038	0.01280	0.01536	0.00973	0.00663	0.00610	0.00214	0.00821	0.00551	0.00428	0.06115
1	0.01918	0.01363	0.01820	0.10167	0.04411	0.01423	0.05581	0.09253	0.20577	0.15381	0.02458	0.12896	0.02045	0.01030	0.00741	0.00231	0.00666	0.00902	0.00637	0.06500
2	0.01661	0.05454	0.24888	0.02211	0.09878	0.06583	0.14994	0.06144	0.06173	0.02467	0.10711	0.02185	0.01848	0.00792	0.00728	0.00221	0.00920	0.00717	0.00440	0.00983
3	0.01504	0.00729	0.00804	0.00763	0.00967	0.00721	0.00585	0.01824	0.01526	0.09866	0.02344	0.02641	0.01815	0.01165	0.05757	0.00243	0.00476	0.00677	0.64873	0.00720
4	0.01698	0.01669	0.02118	0.12618	0.02536	0.09476	0.10409	0.05936	0.17130	0.02293	0.01900	0.09658	0.01662	0.01003	0.00996	0.00242	0.12474	0.00818	0.00484	0.04879
5	0.00883	0.00709	0.00788	0.00797	0.00995	0.00614	0.00587	0.01091	0.01677	0.02121	0.21084	0.15627	0.46961	0.01782	0.00850	0.00243	0.00362	0.01524	0.00689	0.00614

[dist]
# distance from previous block
# <min> <max>
0	1

[block]
# block no. 3 follows, 29 sequences, length 47
# corresponding to MSA columns:
# 1512-1558
name=unknown_D
#
# <colnr> <probs for GDERKNQSTAVLIFYWHMCP>
#	G	D	E	R	K	N	Q	S	T	A	V	L	I	F	Y	W	H	M	C	P
0	0.33126	0.17646	0.26878	0.01416	0.02109	0.04073	0.01551	0.02183	0.01391	0.02496	0.01097	0.01282	0.00852	0.00658	0.00535	0.00207	0.00798	0.00437	0.00360	0.00904
1	0.00868	0.00620	0.00826	0.00991	0.01033	0.00578	0.00661	0.00991	0.01363	0.01818	0.03925	0.74510	0.04710	0.02231	0.00909	0.00289	0.00413	0.02024	0.00661	0.00578
2	0.01603	0.01385	0.01332	0.01233	0.01557	0.07821	0.00942	0.02726	0.36102	0.04929	0.03669	0.09555	0.16315	0.01214	0.00741	0.00234	0.00560	0.01009	0.06160	0.00914
3	0.01658	0.01846	0.03858	0.06262	0.06959	0.01819	0.55600	0.02204	0.01613	0.02211	0.01382	0.01879	0.01064	0.00665	0.00962	0.00245	0.07675	0.00801	0.00353	0.00945
4	0.80005	0.01377	0.01047	0.00936	0.01377	0.01597	0.00771	0.02093	0.01212	0.03195	0.00991	0.01157	0.00771	0.00661	0.00441	0.00220	0.00551	0.00386	0.00441	0.00771
5	0.01492	0.01503	0.02795	0.38350	0.07406	0.01677	0.23277	0.01973	0.01491	0.02015	0.01335	0.01896	0.01030	0.00722	0.00885	0.00241	0.07244	0.00700	0.03111	0.00857
6	0.01381	0.01302	0.02201	0.67307	0.10578	0.01592	0.01996	0.01851	0.01441	0.01863	0.01272	0.01887	0.00965	0.00705	0.00711	0.00235	0.00940	0.00633	0.00320	0.00820
7	0.01017	0.00763	0.01144	0.01144	0.01272	0.00890	0.00890	0.01272	0.01144	0.01653	0.01907	0.02797	0.01780	0.05340	0.72153	0.01144	0.01907	0.00763	0.00381	0.00636
8	0.01064	0.00770	0.01046	0.01029	0.01094	0.00868	0.00734	0.01186	0.01088	0.01529	0.01952	0.03424	0.02022	0.32101	0.38221	0.04839	0.05235	0.00854	0.00394	0.00548
9	0.00995	0.00682	0.00780	0.00806	0.00830	0.00666	0.00475	0.01028	0.01129	0.01488	0.02868	0.15701	0.07855	0.58306	0.02998	0.00595	0.00623	0.01224	0.00484	0.00467
10	0.01345	0.01266	0.02136	0.73264	0.04904	0.01582	0.01978	0.01819	0.01424	0.01819	0.01266	0.01898	0.00949	0.00712	0.00712	0.00237	0.00949	0.00633	0.00316	0.00791
11	0.02584	0.01077	0.01457	0.01163	0.01607	0.00942	0.00942	0.02876	0.02032	0.51976	0.21630	0.03233	0.03148	0.01042	0.00751	0.00221	0.00530	0.00876	0.00854	0.01061
12	0.02741	0.01234	0.01542	0.01218	0.01697	0.01166	0.00994	0.12131	0.04625	0.47057	0.02573	0.02375	0.01713	0.00872	0.00677	0.00210	0.00580	0.00700	0.14786	0.01111
13	0.02227	0.01007	0.01203	0.00999	0.01361	0.00956	0.00800	0.08083	0.01879	0.31432	0.02474	0.02477	0.01747	0.00853	0.00607	0.00193	0.00485	0.00684	0.39592	0.00940
14	0.80005	0.01377	0.01047	0.00936	0.01377	0.01597	0.00771	0.02093	0.01212	0.03195	0.00991	0.01157	0.00771	0.00661	0.00441	0.00220	0.00551	0.00386	0.00441	0.00771
15	0.02660	0.03394	0.02018	0.01834	0.02201	0.72116	0.01376	0.02843	0.02018	0.01743	0.01101	0.01284	0.00917	0.00734	0.00642	0.00183	0.01284	0.00459	0.00367	0.00825
16	0.00899	0.00662	0.00842	0.00927	0.01030	0.00605	0.00646	0.01085	0.01567	0.02095	0.21094	0.46868	0.15120	0.01971	0.00881	0.00265	0.00386	0.01760	0.00692	0.00605
17	0.01722	0.01651	0.02817	0.11053	0.64167	0.01681	0.02165	0.02150	0.01602	0.02277	0.01332	0.01776	0.01111	0.00642	0.00706	0.00214	0.00856	0.00634	0.00349	0.01095
18	0.80005	0.01377	0.01047	0.00936	0.01377	0.01597	0.00771	0.02093	0.01212	0.03195	0.00991	0.01157	0.00771	0.00661	0.00441	0.00220	0.00551	0.00386	0.00441	0.00771
19	0.01107	0.00700	0.01031	0.01031	0.01098	0.00767	0.00748	0.01116	0.01049	0.01466	0.01661	0.02673	0.01618	0.09066	0.39404	0.32591	0.01303	0.00724	0.00356	0.00490
20	0.57794	0.01554	0.01360	0.01138	0.01616	0.01773	0.00938	0.21077	0.01826	0.03566	0.01198	0.01316	0.00898	0.00717	0.00519	0.00218	0.00618	0.00459	0.00519	0.00898
21	0.01834	0.03668	0.01819	0.19753	0.02592	0.07451	0.01294	0.04429	0.11183	0.11149	0.01800	0.05328	0.01435	0.00824	0.00735	0.00202	0.03814	0.00662	0.00505	0.19521
22	0.01069	0.00765	0.00956	0.00918	0.01015	0.00777	0.00614	0.01178	0.01110	0.01551	0.02049	0.03785	0.02195	0.46264	0.25026	0.00781	0.01061	0.00894	0.00415	0.07577
23	0.01460	0.01321	0.02123	0.35182	0.24191	0.01467	0.01753	0.04907	0.01591	0.02138	0.05129	0.07057	0.03917	0.03771	0.00847	0.00249	0.00815	0.00802	0.00408	0.00874
24	0.01634	0.01514	0.01407	0.01225	0.01598	0.12831	0.00938	0.07618	0.12845	0.02476	0.09196	0.11372	0.09392	0.01097	0.00701	0.00199	0.00623	0.00905	0.03379	0.19048
25	0.02627	0.01955	0.02092	0.01622	0.02178	0.02171	0.01334	0.62635	0.09003	0.04358	0.01812	0.01791	0.01294	0.00864	0.00713	0.00216	0.00765	0.00655	0.00713	0.01204
26	0.01621	0.01369	0.01431	0.01276	0.01620	0.04056	0.00991	0.09404	0.36832	0.02960	0.20336	0.03564	0.09224	0.01146	0.00760	0.00232	0.00536	0.00961	0.00720	0.00961
27	0.01477	0.01266	0.01477	0.01055	0.01687	0.00949	0.00844	0.01793	0.01477	0.02320	0.01266	0.01477	0.01055	0.00527	0.00527	0.00105	0.00527	0.00422	0.00422	0.79328
28	0.05670	0.01652	0.05268	0.04835	0.02126	0.07342	0.04044	0.09570	0.05057	0.34891	0.02115	0.02054	0.01441	0.00834	0.00765	0.00218	0.04200	0.00652	0.03269	0.03996
29	0.02225	0.01665	0.01881	0.01511	0.01899	0.01917	0.01241	0.43377	0.02572	0.03601	0.01671	0.01865	0.01275	0.01062	0.03191	0.00253	0.14086	0.00645	0.13034	0.01027
30	0.00996	0.00719	0.00941	0.00904	0.01061	0.00664	0.00671	0.01314	0.01960	0.02766	0.64474	0.11256	0.06546	0.01522	0.00846	0.00230	0.00343	0.01351	0.00773	0.00664
31	0.01145	0.00898	0.01059	0.01001	0.01230	0.00896	0.00766	0.01804	0.15940	0.02692	0.42537	0.05146	0.16320	0.01435	0.00823	0.00235	0.00402	0.04172	0.00745	0.00754
32	0.01477	0.01266	0.01477	0.01055	0.01687	0.00949	0.00844	0.01793	0.01477	0.02320	0.01266	0.01477	0.01055	0.00527	0.00527	0.00105	0.00527	0.00422	0.00422	0.79328
33	0.02707	0.01995	0.02137	0.01638	0.02208	0.02208	0.01353	0.68159	0.03348	0.04488	0.01710	0.01710	0.01211	0.00855	0.00712	0.00214	0.00784	0.00641	0.00712	0.01211
34	0.02518	0.01901	0.02030	0.01600	0.02136	0.02120	0.01308	0.55146	0.16668	0.04183	0.01950	0.01901	0.01406	0.00877	0.00715	0.00219	0.00739	0.00674	0.00715	0.01194
35	0.01237	0.00618	0.00928	0.00928	0.00928	0.00618	0.00618	0.00928	0.00928	0.01237	0.01237	0.02165	0.01237	0.02474	0.02783	0.79283	0.00618	0.00618	0.00309	0.00309
36	0.01345	0.01266	0.02136	0.73264	0.04904	0.01582	0.01978	0.01819	0.01424	0.01819	0.01266	0.01898	0.00949	0.00712	0.00712	0.00237	0.00949	0.00633	0.00316	0.00791
37	0.01907	0.64180	0.08055	0.01416	0.04615	0.02667	0.01356	0.05410	0.01551	0.01878	0.01058	0.01218	0.00936	0.00627	0.00494	0.00162	0.00785	0.00413	0.00326	0.00946
38	0.00966	0.00857	0.04391	0.00916	0.01123	0.00690	0.00725	0.01242	0.01755	0.02374	0.37953	0.15514	0.22782	0.04358	0.00946	0.00255	0.00403	0.01404	0.00696	0.00650
39	0.01866	0.43089	0.11188	0.01466	0.02060	0.09469	0.04701	0.05310	0.04061	0.02065	0.07367	0.01694	0.01501	0.00730	0.00577	0.00181	0.00827	0.00538	0.00390	0.00923
40	0.27384	0.02125	0.01882	0.01767	0.08106	0.23729	0.06077	0.10678	0.03780	0.02726	0.01297	0.01490	0.01017	0.00718	0.00602	0.00207	0.00874	0.00521	0.04126	0.00895
41	0.01422	0.01345	0.02276	0.60483	0.17079	0.01602	0.02016	0.01887	0.01460	0.01913	0.01279	0.01873	0.00982	0.00698	0.00711	0.00233	0.00930	0.00633	0.00323	0.00854
42	0.01450	0.07598	0.36216	0.04445	0.04647	0.01544	0.04088	0.04285	0.06480	0.02405	0.12507	0.04350	0.02184	0.00918	0.00719	0.00228	0.00835	0.03699	0.00451	0.00952
43	0.01906	0.21601	0.02169	0.01226	0.01789	0.07551	0.01039	0.07281	0.01703	0.08137	0.01476	0.05083	0.01259	0.00707	0.00567	0.00152	0.00676	0.00536	0.00459	0.34682
44	0.01345	0.01266	0.02136	0.73264	0.04904	0.01582	0.01978	0.01819	0.01424	0.01819	0.01266	0.01898	0.00949	0.00712	0.00712	0.00237	0.00949	0.00633	0.00316	0.00791
45	0.04727	0.00732	0.00854	0.00865	0.00917	0.00750	0.00552	0.01139	0.01150	0.01626	0.05560	0.09374	0.02829	0.52684	0.10060	0.00649	0.00771	0.03791	0.00469	0.00500
46	0.02300	0.06231	0.05004	0.01326	0.01792	0.03992	0.04365	0.05941	0.04309	0.33284	0.08562	0.06510	0.02209	0.01080	0.02646	0.00240	0.00676	0.00802	0.07726	0.01005

[dist]
# distance from previous block
# <min> <max>
4	6

[block]
# block no. 4 follows, 29 sequences, length 16
# corresponding to MSA columns:
# 1565-1580
name=unknown_E
#
# <colnr> <probs for GDERKNQSTAVLIFYWHMCP>
#	G	D	E	R	K	N	Q	S	T	A	V	L	I	F	Y	W	H	M	C	P
0	0.01710	0.01598	0.02836	0.05491	0.02810	0.05922	0.35850	0.02148	0.01708	0.09683	0.04039	0.07760	0.06892	0.00993	0.00826	0.00245	0.00942	0.07165	0.00496	0.00883
1	0.00868	0.00620	0.00826	0.00991	0.01033	0.00578	0.00661	0.00991	0.01363	0.01818	0.03925	0.74510	0.04710	0.02231	0.00909	0.00289	0.00413	0.02024	0.00661	0.00578
2	0.01794	0.36471	0.28467	0.01700	0.02454	0.09697	0.06157	0.02263	0.01544	0.01936	0.01138	0.01342	0.00921	0.00647	0.00583	0.00188	0.00953	0.00473	0.00313	0.00959
3	0.02049	0.15490	0.06886	0.01841	0.07080	0.11735	0.08359	0.07408	0.11931	0.09832	0.01995	0.02072	0.05301	0.00831	0.00748	0.00212	0.04074	0.00663	0.00499	0.00993
4	0.00868	0.00620	0.00826	0.00991	0.01033	0.00578	0.00661	0.00991	0.01363	0.01818	0.03925	0.74510	0.04710	0.02231	0.00909	0.00289	0.00413	0.02024	0.00661	0.00578
5	0.01122	0.00756	0.00901	0.00913	0.00963	0.00772	0.00599	0.01267	0.05609	0.01577	0.02393	0.04733	0.02628	0.51811	0.02966	0.09202	0.00669	0.10153	0.00469	0.00496
6	0.02238	0.09481	0.05180	0.04276	0.02167	0.06234	0.05150	0.12233	0.21318	0.18601	0.02308	0.02229	0.03663	0.00860	0.00695	0.00219	0.00739	0.00699	0.00634	0.01075
7	0.02217	0.27375	0.15337	0.01726	0.06734	0.01869	0.06553	0.02611	0.01682	0.24777	0.01701	0.01731	0.01219	0.00712	0.00628	0.00199	0.00802	0.00570	0.00502	0.01055
8	0.01185	0.00768	0.00950	0.00897	0.01114	0.00683	0.00675	0.01448	0.01838	0.09935	0.37970	0.12698	0.24006	0.01573	0.00834	0.00235	0.00381	0.01364	0.00747	0.00701
9	0.01618	0.01294	0.02116	0.48679	0.15652	0.01482	0.01814	0.02053	0.01530	0.09529	0.01517	0.01982	0.01127	0.00725	0.00697	0.00226	0.00853	0.00644	0.05576	0.00887
10	0.17320	0.01457	0.01700	0.12535	0.02229	0.08438	0.06705	0.04426	0.06396	0.05037	0.02041	0.19737	0.01982	0.01137	0.00819	0.00245	0.05546	0.00943	0.00501	0.00807
11	0.07724	0.01254	0.01461	0.01164	0.01620	0.01186	0.00927	0.14650	0.01994	0.22742	0.08048	0.05630	0.06036	0.05835	0.00875	0.00232	0.00581	0.00788	0.00666	0.16587
12	0.01365	0.01860	0.19130	0.55757	0.04456	0.01600	0.02138	0.01926	0.01443	0.01926	0.01269	0.01801	0.00938	0.00703	0.00703	0.00234	0.00975	0.00607	0.00313	0.00855
13	0.01498	0.01222	0.01467	0.01141	0.01642	0.01072	0.00911	0.08920	0.01600	0.02393	0.01472	0.01827	0.01250	0.01746	0.18151	0.00373	0.00895	0.00530	0.00444	0.51448
14	0.13611	0.07441	0.19044	0.09372	0.02466	0.05848	0.01572	0.08473	0.13664	0.09329	0.01677	0.01768	0.01226	0.00764	0.00643	0.00220	0.00805	0.00581	0.00496	0.01001
15	0.01825	0.15023	0.02427	0.01587	0.02072	0.04563	0.12623	0.15747	0.04694	0.02583	0.01999	0.05448	0.06294	0.00885	0.00772	0.00204	0.05357	0.00730	0.05667	0.09499

[dist]
# distance from previous block
# <min> <max>
4	47

[block]
# block no. 5 follows, 29 sequences, length 6
# corresponding to MSA columns:
# 1629-1634
name=unknown_F
#
# <colnr> <probs for GDERKNQSTAVLIFYWHMCP>
#	G	D	E	R	K	N	Q	S	T	A	V	L	I	F	Y	W	H	M	C	P
0	0.01372	0.01243	0.01961	0.41560	0.13077	0.01362	0.01635	0.01794	0.01551	0.02125	0.11864	0.02341	0.01877	0.00788	0.00703	0.00212	0.00777	0.00702	0.00409	0.12647
1	0.07709	0.01512	0.02060	0.38137	0.15676	0.08191	0.01706	0.02098	0.01586	0.07397	0.06005	0.02030	0.01416	0.00759	0.00692	0.00224	0.00864	0.00648	0.00412	0.00878
2	0.02135	0.02393	0.12949	0.02229	0.12701	0.21244	0.09984	0.02677	0.07306	0.11880	0.01606	0.01756	0.01198	0.00719	0.00691	0.00206	0.00966	0.00606	0.00459	0.06294
3	0.01692	0.01348	0.02080	0.24252	0.02931	0.01482	0.08932	0.02139	0.05236	0.12404	0.02063	0.02344	0.07122	0.00902	0.00991	0.00233	0.13029	0.00728	0.00469	0.09621
4	0.01707	0.01620	0.02777	0.25791	0.33142	0.01722	0.11943	0.08342	0.01731	0.02363	0.01366	0.01824	0.01072	0.00675	0.00728	0.00224	0.00926	0.00666	0.00376	0.01004
5	0.01762	0.01692	0.02890	0.04371	0.70533	0.01692	0.02185	0.02185	0.01621	0.02326	0.01339	0.01762	0.01128	0.00634	0.00705	0.00211	0.00846	0.00634	0.00352	0.01128

[dist]
# distance from previous block
# <min> <max>
1	3

[block]
# block no. 6 follows, 29 sequences, length 81
# corresponding to MSA columns:
# 1638-1718
name=unknown_G
#
# <colnr> <probs for GDERKNQSTAVLIFYWHMCP>
#	G	D	E	R	K	N	Q	S	T	A	V	L	I	F	Y	W	H	M	C	P
0	0.01835	0.01524	0.01684	0.01606	0.05724	0.01734	0.01183	0.03679	0.62380	0.06033	0.02806	0.02596	0.02096	0.00944	0.00723	0.00239	0.00581	0.00791	0.00711	0.01131
1	0.01925	0.01578	0.01676	0.01467	0.01895	0.01805	0.01153	0.11694	0.59291	0.05037	0.02750	0.02534	0.02044	0.00950	0.00723	0.00238	0.00592	0.00782	0.00727	0.01140
2	0.00842	0.00721	0.00721	0.00721	0.00962	0.00601	0.00541	0.01022	0.01623	0.01924	0.07213	0.06853	0.70244	0.01803	0.00842	0.00240	0.00361	0.01503	0.00661	0.00601
3	0.01743	0.01673	0.02856	0.07500	0.67552	0.01687	0.02176	0.02169	0.01612	0.02303	0.01336	0.01769	0.01120	0.00638	0.00705	0.00213	0.00851	0.00634	0.00351	0.01113
4	0.01681	0.01921	0.04202	0.03001	0.03721	0.01801	0.67947	0.02281	0.01681	0.02281	0.01441	0.01921	0.01080	0.00600	0.00840	0.00240	0.01200	0.00840	0.00360	0.00960
5	0.00868	0.00620	0.00826	0.00991	0.01033	0.00578	0.00661	0.00991	0.01363	0.01818	0.03925	0.74510	0.04710	0.02231	0.00909	0.00289	0.00413	0.02024	0.00661	0.00578
6	0.01036	0.00690	0.00777	0.00777	0.00777	0.00690	0.00431	0.01036	0.01036	0.01381	0.02244	0.04660	0.02589	0.74975	0.03624	0.00690	0.00690	0.01036	0.00431	0.00431
7	0.02143	0.01714	0.01820	0.01524	0.01993	0.01945	0.01217	0.29373	0.43052	0.03579	0.02426	0.02280	0.01791	0.00922	0.00720	0.00230	0.00651	0.00740	0.00720	0.01160
8	0.02525	0.01064	0.01438	0.01153	0.01587	0.00932	0.00932	0.02819	0.02031	0.50141	0.23443	0.03311	0.03281	0.01057	0.00754	0.00221	0.00523	0.00891	0.00851	0.01046
9	0.02693	0.01324	0.01638	0.01331	0.01830	0.01302	0.01075	0.03581	0.25739	0.47030	0.02841	0.02506	0.01908	0.00911	0.00719	0.00228	0.00591	0.00747	0.00826	0.01182
10	0.07026	0.01940	0.02053	0.01591	0.02146	0.02155	0.01311	0.61644	0.06082	0.04349	0.01721	0.01719	0.01228	0.00849	0.00698	0.00215	0.00761	0.00634	0.00698	0.01183
11	0.01762	0.01692	0.02890	0.04371	0.70533	0.01692	0.02185	0.02185	0.01621	0.02326	0.01339	0.01762	0.01128	0.00634	0.00705	0.00211	0.00846	0.00634	0.00352	0.01128
12	0.01036	0.00690	0.00777	0.00777	0.00777	0.00690	0.00431	0.01036	0.01036	0.01381	0.02244	0.04660	0.02589	0.74975	0.03624	0.00690	0.00690	0.01036	0.00431	0.00431
13	0.01681	0.01921	0.04202	0.03001	0.03721	0.01801	0.67947	0.02281	0.01681	0.02281	0.01441	0.01921	0.01080	0.00600	0.00840	0.00240	0.01200	0.00840	0.00360	0.00960
14	0.01762	0.01692	0.02890	0.04371	0.70533	0.01692	0.02185	0.02185	0.01621	0.02326	0.01339	0.01762	0.01128	0.00634	0.00705	0.00211	0.00846	0.00634	0.00352	0.01128
15	0.02345	0.02782	0.02003	0.01789	0.02097	0.48415	0.01380	0.04583	0.09936	0.01963	0.01302	0.01513	0.01079	0.00862	0.00976	0.00216	0.14949	0.00537	0.00409	0.00864
16	0.00868	0.00620	0.00826	0.00991	0.01033	0.00578	0.00661	0.00991	0.01363	0.01818	0.03925	0.74510	0.04710	0.02231	0.00909	0.00289	0.00413	0.02024	0.00661	0.00578
17	0.01440	0.01363	0.02308	0.57507	0.19915	0.01607	0.02025	0.01903	0.01469	0.01935	0.01282	0.01867	0.00990	0.00694	0.00710	0.00231	0.00926	0.00633	0.00325	0.00868
18	0.01345	0.01266	0.02136	0.73264	0.04904	0.01582	0.01978	0.01819	0.01424	0.01819	0.01266	0.01898	0.00949	0.00712	0.00712	0.00237	0.00949	0.00633	0.00316	0.00791
19	0.80005	0.01377	0.01047	0.00936	0.01377	0.01597	0.00771	0.02093	0.01212	0.03195	0.00991	0.01157	0.00771	0.00661	0.00441	0.00220	0.00551	0.00386	0.00441	0.00771
20	0.00933	0.00725	0.00848	0.00817	0.01018	0.00640	0.00613	0.01199	0.01839	0.02435	0.41767	0.06011	0.35371	0.01613	0.00841	0.00231	0.00347	0.01385	0.00729	0.00640
21	0.01043	0.00778	0.01101	0.01088	0.01181	0.00895	0.00810	0.01234	0.01117	0.01592	0.01946	0.03180	0.01934	0.21340	0.53451	0.01006	0.04499	0.00821	0.00390	0.00594
22	0.00892	0.00630	0.00819	0.00960	0.00996	0.00595	0.00628	0.00998	0.01316	0.01754	0.03681	0.64401	0.04403	0.12760	0.01302	0.00347	0.00453	0.01881	0.00628	0.00557
23	0.02965	0.01355	0.01718	0.01327	0.01860	0.01278	0.01092	0.17430	0.02322	0.52699	0.06369	0.02432	0.01922	0.00908	0.00722	0.00219	0.00629	0.00732	0.00839	0.01181
24	0.01469	0.00800	0.00815	0.00764	0.00971	0.00822	0.00586	0.08481	0.01684	0.02843	0.02260	0.02558	0.01762	0.00832	0.00520	0.00171	0.00378	0.00661	0.70904	0.00720
25	0.00880	0.00674	0.00808	0.00878	0.01012	0.00602	0.00619	0.01059	0.01562	0.02021	0.15662	0.38769	0.28989	0.01951	0.00873	0.00261	0.00382	0.01716	0.00681	0.00602
26	0.00906	0.00650	0.00840	0.00944	0.01013	0.00606	0.00638	0.01060	0.01463	0.01970	0.15784	0.53070	0.07722	0.08443	0.01131	0.00311	0.00421	0.01783	0.00663	0.00583
27	0.01082	0.00858	0.01269	0.01231	0.01343	0.01045	0.00970	0.01325	0.01138	0.01660	0.01791	0.02649	0.01679	0.04850	0.63786	0.01045	0.10508	0.00746	0.00373	0.00653
28	0.01508	0.01390	0.01814	0.01589	0.01642	0.04081	0.01304	0.01705	0.01199	0.01881	0.01273	0.01850	0.01165	0.01487	0.07635	0.00349	0.52085	0.00637	0.14658	0.00748
29	0.01512	0.16324	0.59379	0.01887	0.02861	0.01859	0.02382	0.02233	0.01493	0.02153	0.01227	0.01440	0.00904	0.00665	0.00638	0.00213	0.01001	0.00501	0.00301	0.01028
30	0.01904	0.75404	0.03731	0.01218	0.01828	0.02818	0.01218	0.02132	0.01447	0.01675	0.00990	0.01142	0.00914	0.00609	0.00457	0.00152	0.00761	0.00381	0.00305	0.00914
31	0.01762	0.01692	0.02890	0.04371	0.70533	0.01692	0.02185	0.02185	0.01621	0.02326	0.01339	0.01762	0.01128	0.00634	0.00705	0.00211	0.00846	0.00634	0.00352	0.01128
32	0.00967	0.00716	0.00902	0.00877	0.01044	0.00651	0.00650	0.01256	0.01886	0.02599	0.53229	0.12636	0.16769	0.01591	0.00847	0.00233	0.00348	0.01398	0.00752	0.00651
33	0.00868	0.00620	0.00826	0.00991	0.01033	0.00578	0.00661	0.00991	0.01363	0.01818	0.03925	0.74510	0.04710	0.02231	0.00909	0.00289	0.00413	0.02024	0.00661	0.00578
34	0.00989	0.00713	0.00935	0.00909	0.01060	0.00659	0.00670	0.01296	0.01928	0.02716	0.61229	0.14647	0.06448	0.01560	0.00849	0.00233	0.00346	0.01387	0.00767	0.00659
35	0.01771	0.01530	0.01610	0.01449	0.01852	0.01771	0.01127	0.03784	0.69247	0.02979	0.02898	0.02657	0.02174	0.00966	0.00725	0.00242	0.00564	0.00805	0.00725	0.01127
36	0.02673	0.03019	0.02050	0.01782	0.02203	0.53391	0.01370	0.20339	0.02374	0.02478	0.01264	0.01398	0.00996	0.00766	0.00661	0.00192	0.01150	0.00507	0.00459	0.00929
37	0.01428	0.03683	0.71286	0.02030	0.03082	0.01654	0.02631	0.02255	0.01503	0.02255	0.01278	0.01503	0.00902	0.00677	0.00677	0.00226	0.01052	0.00526	0.00301	0.01052
38	0.01882	0.72146	0.06800	0.01255	0.01885	0.02765	0.01283	0.02138	0.01449	0.01702	0.01003	0.01159	0.00913	0.00612	0.00467	0.00156	0.00775	0.00387	0.00304	0.00920
39	0.01102	0.00743	0.00831	0.00811	0.00834	0.00751	0.00468	0.03723	0.01128	0.01505	0.02222	0.04542	0.02534	0.72007	0.03508	0.00671	0.00694	0.01020	0.00443	0.00463
40	0.00955	0.00708	0.00917	0.00989	0.01114	0.00632	0.00684	0.01124	0.01444	0.01984	0.10373	0.58688	0.04477	0.01947	0.00856	0.00261	0.00419	0.01757	0.00645	0.10026
41	0.01477	0.01266	0.01477	0.01055	0.01687	0.00949	0.00844	0.01793	0.01477	0.02320	0.01266	0.01477	0.01055	0.00527	0.00527	0.00105	0.00527	0.00422	0.00422	0.79328
42	0.01142	0.00753	0.00982	0.00909	0.01098	0.00693	0.00687	0.01474	0.01999	0.06694	0.64052	0.05065	0.06273	0.01402	0.00821	0.00222	0.00351	0.01234	0.03447	0.00702
43	0.00842	0.00721	0.00721	0.00721	0.00962	0.00601	0.00541	0.01022	0.01623	0.01924	0.07213	0.06853	0.70244	0.01803	0.00842	0.00240	0.00361	0.01503	0.00661	0.00601
44	0.01428	0.03683	0.71286	0.02030	0.03082	0.01654	0.02631	0.02255	0.01503	0.02255	0.01278	0.01503	0.00902	0.00677	0.00677	0.00226	0.01052	0.00526	0.00301	0.01052
45	0.00932	0.00725	0.00847	0.00817	0.01018	0.00640	0.00613	0.01198	0.01838	0.02433	0.41635	0.06014	0.35505	0.01613	0.00841	0.00231	0.00347	0.01385	0.00728	0.00640
46	0.01904	0.75404	0.03731	0.01218	0.01828	0.02818	0.01218	0.02132	0.01447	0.01675	0.00990	0.01142	0.00914	0.00609	0.00457	0.00152	0.00761	0.00381	0.00305	0.00914
47	0.01428	0.03683	0.71286	0.02030	0.03082	0.01654	0.02631	0.02255	0.01503	0.02255	0.01278	0.01503	0.00902	0.00677	0.00677	0.00226	0.01052	0.00526	0.00301	0.01052
48	0.02217	0.01684	0.01764	0.01490	0.01951	0.04707	0.01184	0.19811	0.41707	0.11676	0.02515	0.02334	0.01830	0.00918	0.00717	0.00230	0.00654	0.00739	0.00726	0.01146
49	0.01022	0.00744	0.01048	0.01048	0.01142	0.00838	0.00770	0.01210	0.01116	0.01582	0.01996	0.03286	0.01992	0.23618	0.54166	0.01025	0.01588	0.00834	0.00395	0.00582
50	0.01576	0.01334	0.01527	0.01128	0.01734	0.01104	0.00901	0.05740	0.08506	0.02510	0.01457	0.01610	0.01178	0.00591	0.00558	0.00125	0.00545	0.00473	0.00469	0.66932
51	0.07513	0.01946	0.01994	0.01576	0.02108	0.04695	0.01287	0.53067	0.11827	0.04105	0.01798	0.01783	0.01299	0.00853	0.00694	0.00217	0.00758	0.00640	0.00684	0.01158
52	0.02167	0.01486	0.01449	0.01210	0.01587	0.08568	0.00963	0.24468	0.04532	0.11384	0.02069	0.02169	0.01530	0.00839	0.00619	0.00193	0.00622	0.00646	0.32554	0.00946
53	0.00882	0.00716	0.00786	0.00834	0.01015	0.00634	0.00600	0.01106	0.03839	0.01925	0.05999	0.28672	0.46656	0.01914	0.00859	0.00256	0.00385	0.01648	0.00663	0.00612
54	0.01409	0.01359	0.01690	0.01533	0.01625	0.07902	0.01235	0.01613	0.01199	0.01688	0.01396	0.02102	0.01321	0.03079	0.34231	0.00682	0.34196	0.00672	0.00349	0.00717
55	0.05107	0.02090	0.01794	0.01588	0.01950	0.24845	0.01261	0.11477	0.15727	0.08420	0.01995	0.02547	0.01662	0.01002	0.00863	0.00233	0.07521	0.08412	0.00562	0.00945
56	0.01904	0.75404	0.03731	0.01218	0.01828	0.02818	0.01218	0.02132	0.01447	0.01675	0.00990	0.01142	0.00914	0.00609	0.00457	0.00152	0.00761	0.00381	0.00305	0.00914
57	0.01033	0.00739	0.00943	0.00949	0.00989	0.00795	0.00632	0.01125	0.01105	0.01520	0.02285	0.11883	0.02533	0.44270	0.22407	0.00756	0.04024	0.01054	0.00438	0.00519
58	0.01438	0.01381	0.01951	0.01708	0.01737	0.01894	0.01410	0.01616	0.01102	0.01700	0.01151	0.01833	0.01122	0.02155	0.17837	0.00496	0.57739	0.00654	0.00327	0.00747
59	0.01237	0.00618	0.00928	0.00928	0.00928	0.00618	0.00618	0.00928	0.00928	0.01237	0.01237	0.02165	0.01237	0.02474	0.02783	0.79283	0.00618	0.00618	0.00309	0.00309
60	0.00882	0.00626	0.00822	0.00973	0.01011	0.00588	0.00641	0.00995	0.01335	0.01781	0.03782	0.68566	0.04529	0.08421	0.01140	0.00323	0.00437	0.01940	0.00641	0.00566
61	0.01130	0.00807	0.01127	0.01291	0.01447	0.00804	0.01116	0.01444	0.01622	0.02111	0.03780	0.12273	0.04137	0.01984	0.00979	0.00325	0.00640	0.61676	0.00656	0.00651
62	0.01762	0.01692	0.02890	0.04371	0.70533	0.01692	0.02185	0.02185	0.01621	0.02326	0.01339	0.01762	0.01128	0.00634	0.00705	0.00211	0.00846	0.00634	0.00352	0.01128
63	0.07800	0.00783	0.00951	0.00892	0.01087	0.00749	0.00675	0.01395	0.01931	0.02848	0.61705	0.05022	0.08730	0.01401	0.00806	0.00224	0.00355	0.01219	0.00749	0.00678
64	0.05437	0.01326	0.01680	0.01311	0.01847	0.01247	0.01077	0.10177	0.07932	0.56122	0.02645	0.02330	0.01710	0.00879	0.00708	0.00221	0.00619	0.00706	0.00836	0.01191
65	0.01288	0.00660	0.00678	0.00692	0.00847	0.00656	0.00512	0.01602	0.01482	0.02583	0.02461	0.08839	0.02073	0.00950	0.00533	0.00177	0.00339	0.00781	0.72192	0.00656
66	0.01870	0.01500	0.01615	0.01415	0.01823	0.01696	0.01110	0.10823	0.53241	0.05959	0.08549	0.02769	0.02439	0.00992	0.00733	0.00236	0.00571	0.00824	0.00735	0.01101
67	0.01220	0.00625	0.00915	0.00915	0.00915	0.00625	0.00602	0.00937	0.00937	0.01249	0.01324	0.02379	0.01353	0.08713	0.02855	0.72519	0.00625	0.00654	0.00320	0.00320
68	0.01980	0.59198	0.08917	0.01343	0.01982	0.02637	0.01351	0.11549	0.01722	0.02122	0.01116	0.01252	0.00955	0.00650	0.00511	0.00167	0.00788	0.00429	0.00362	0.00967
69	0.02046	0.66034	0.03481	0.01248	0.01842	0.05537	0.01210	0.02277	0.01521	0.07647	0.01151	0.01258	0.00987	0.00638	0.00487	0.00159	0.00770	0.00413	0.00357	0.00936
70	0.01077	0.00806	0.01009	0.00945	0.01138	0.00777	0.00712	0.01572	0.08558	0.02841	0.61779	0.05104	0.08114	0.01418	0.00829	0.00226	0.00359	0.01247	0.00775	0.00714
71	0.01824	0.01822	0.02787	0.06728	0.62199	0.07749	0.02108	0.02228	0.01648	0.02257	0.01316	0.01726	0.01103	0.00646	0.00700	0.00210	0.00888	0.00619	0.00352	0.01089
72	0.02228	0.01722	0.01751	0.01449	0.01867	0.07753	0.01148	0.40125	0.05858	0.05731	0.02341	0.11624	0.05829	0.01191	0.00873	0.05268	0.00726	0.00867	0.00653	0.00997
73	0.00865	0.00628	0.00817	0.00968	0.01027	0.00580	0.00651	0.00994	0.01386	0.01827	0.04208	0.68688	0.10350	0.02194	0.00903	0.00285	0.00409	0.01979	0.00661	0.00580
74	0.01413	0.01335	0.02259	0.62034	0.15602	0.01600	0.02011	0.01879	0.01456	0.01902	0.01278	0.01876	0.00978	0.00699	0.00711	0.00233	0.00932	0.00633	0.00322	0.00846
75	0.01995	0.01679	0.02748	0.02088	0.02647	0.01697	0.29045	0.15898	0.14166	0.09675	0.04612	0.02583	0.01777	0.00866	0.00791	0.00238	0.00876	0.05003	0.00583	0.01035
76	0.01891	0.66759	0.03483	0.01224	0.01827	0.04836	0.01191	0.02125	0.01467	0.01733	0.01017	0.01175	0.00926	0.00606	0.00469	0.00149	0.00758	0.00387	0.00317	0.07660
77	0.01200	0.00895	0.01297	0.01575	0.07419	0.00895	0.01237	0.01536	0.01638	0.02148	0.03561	0.07493	0.03842	0.01852	0.00960	0.00318	0.00672	0.60137	0.00630	0.00696
78	0.01598	0.06121	0.62797	0.01934	0.02927	0.01644	0.02442	0.02355	0.01547	0.08152	0.01399	0.01569	0.00977	0.00692	0.00672	0.00222	0.01003	0.00537	0.00351	0.01061
79	0.01535	0.01443	0.02430	0.30877	0.39019	0.01561	0.01974	0.01970	0.01578	0.02175	0.07233	0.02121	0.01540	0.00735	0.00719	0.00223	0.00842	0.00690	0.00376	0.00958
80	0.02533	0.02590	0.01974	0.01679	0.02092	0.37572	0.01313	0.27278	0.02439	0.02839	0.01409	0.01554	0.01093	0.00809	0.00735	0.00199	0.04316	0.00549	0.06069	0.00957

[dist]
# distance from previous block
# <min> <max>
0	3

[block]
# block no. 7 follows, 29 sequences, length 33
# corresponding to MSA columns:
# 1722-1754
name=unknown_H
#
# <colnr> <probs for GDERKNQSTAVLIFYWHMCP>
#	G	D	E	R	K	N	Q	S	T	A	V	L	I	F	Y	W	H	M	C	P
0	0.02557	0.01914	0.02054	0.01591	0.02148	0.02102	0.01306	0.58814	0.09263	0.04237	0.01795	0.01784	0.01291	0.00848	0.00704	0.00211	0.00750	0.00645	0.00698	0.05289
1	0.21359	0.01384	0.01522	0.01251	0.01741	0.01434	0.01014	0.07347	0.18758	0.31349	0.02278	0.02103	0.01570	0.00838	0.00646	0.00222	0.00591	0.00645	0.00712	0.03235
2	0.01411	0.01421	0.01174	0.01138	0.01360	0.18759	0.00838	0.04035	0.01804	0.02137	0.17458	0.21325	0.21365	0.01530	0.00802	0.00233	0.00618	0.01289	0.00614	0.00689
3	0.01835	0.02032	0.02307	0.01954	0.02101	0.19085	0.06946	0.02034	0.01363	0.01767	0.01016	0.01521	0.00942	0.01069	0.01804	0.00275	0.50213	0.00601	0.00329	0.00805
4	0.01558	0.00817	0.00989	0.00895	0.01029	0.00777	0.00580	0.01625	0.01278	0.18246	0.02381	0.04118	0.02389	0.57033	0.02920	0.00577	0.00670	0.00958	0.00540	0.00620
5	0.01345	0.01266	0.02136	0.73264	0.04904	0.01582	0.01978	0.01819	0.01424	0.01819	0.01266	0.01898	0.00949	0.00712	0.00712	0.00237	0.00949	0.00633	0.00316	0.00791
6	0.01316	0.01072	0.01119	0.01078	0.01298	0.04819	0.00799	0.01912	0.21185	0.02053	0.03852	0.09179	0.23515	0.01699	0.01275	0.19384	0.00543	0.02628	0.00578	0.00696
7	0.01580	0.01458	0.02421	0.03529	0.53711	0.01445	0.01819	0.01982	0.01717	0.02454	0.18004	0.02624	0.02482	0.00833	0.00738	0.00215	0.00722	0.00793	0.00457	0.01017
8	0.01015	0.00776	0.00984	0.01007	0.01191	0.00668	0.00705	0.01186	0.01391	0.01939	0.03281	0.56825	0.03825	0.01818	0.00816	0.00245	0.00441	0.01636	0.00603	0.19648
9	0.00868	0.00620	0.00826	0.00991	0.01033	0.00578	0.00661	0.00991	0.01363	0.01818	0.03925	0.74510	0.04710	0.02231	0.00909	0.00289	0.00413	0.02024	0.00661	0.00578
10	0.02257	0.01948	0.02955	0.02184	0.02809	0.02027	0.28342	0.39107	0.05073	0.03538	0.01644	0.01830	0.01193	0.00756	0.00765	0.00225	0.00945	0.00728	0.00570	0.01106
11	0.02848	0.01328	0.01952	0.02018	0.18458	0.01203	0.01322	0.03159	0.01937	0.54390	0.02453	0.02264	0.01609	0.00822	0.00713	0.00218	0.00664	0.00696	0.00753	0.01192
