[name]
unknown

[dist]
# distance from previous block
# <min> <max>
0	7

[block]
# block no. 0 follows, 38 sequences, length 55
# corresponding to MSA columns:
# 7-61
name=unknown_A
#
# <colnr> <probs for GDERKNQSTAVLIFYWHMCP>
#	G	D	E	R	K	N	Q	S	T	A	V	L	I	F	Y	W	H	M	C	P
0	0.02208	0.01360	0.01572	0.01258	0.01685	0.01427	0.01047	0.43473	0.02316	0.23104	0.01951	0.02386	0.01505	0.00865	0.00636	0.00196	0.00605	0.10816	0.00634	0.00955
1	0.10656	0.04471	0.01585	0.04120	0.01627	0.11484	0.02786	0.06230	0.04133	0.12632	0.06985	0.01719	0.01359	0.01062	0.06051	0.00254	0.21129	0.00552	0.00421	0.00743
2	0.00783	0.00562	0.00741	0.00817	0.00874	0.00549	0.00559	0.00912	0.01156	0.01568	0.11077	0.46992	0.05451	0.12577	0.12082	0.00388	0.00556	0.01360	0.00510	0.00488
3	0.01048	0.00769	0.00924	0.00829	0.01020	0.00751	0.00631	0.11566	0.01797	0.02480	0.54216	0.04147	0.11406	0.04785	0.00803	0.00208	0.00355	0.01016	0.00630	0.00619
4	0.01356	0.01281	0.02075	0.07281	0.55891	0.01294	0.01581	0.01766	0.05687	0.01924	0.01928	0.02166	0.11748	0.00700	0.00614	0.00185	0.00646	0.00651	0.00353	0.00872
5	0.01299	0.04067	0.04982	0.12262	0.01890	0.02812	0.06224	0.11379	0.13046	0.02347	0.27570	0.02786	0.05021	0.00891	0.00642	0.00191	0.00553	0.00774	0.00518	0.00745
6	0.01885	0.01451	0.01575	0.01265	0.01679	0.03498	0.01023	0.32496	0.21716	0.07804	0.01670	0.01656	0.01235	0.00728	0.00669	0.00179	0.05543	0.00552	0.00549	0.12829
7	0.00744	0.00564	0.00686	0.00753	0.00858	0.00507	0.00528	0.00891	0.01304	0.01696	0.14985	0.44311	0.26655	0.01672	0.00741	0.00223	0.00325	0.01477	0.00574	0.00507
8	0.01247	0.01069	0.01247	0.00891	0.01426	0.00802	0.00713	0.01515	0.01247	0.01960	0.01069	0.01247	0.00891	0.00446	0.00446	0.00089	0.00446	0.00356	0.00356	0.82536
9	0.02141	0.07041	0.01815	0.01498	0.01820	0.55311	0.01164	0.12575	0.01778	0.01804	0.00988	0.01149	0.00812	0.00663	0.00656	0.00166	0.07111	0.00417	0.00346	0.00746
10	0.00941	0.00787	0.01343	0.01195	0.01375	0.00864	0.11250	0.01198	0.01033	0.01474	0.01554	0.02256	0.01418	0.03929	0.65453	0.00856	0.01524	0.00654	0.00320	0.00577
11	0.00966	0.00695	0.00857	0.00909	0.01007	0.00693	0.00635	0.11351	0.01383	0.01847	0.02978	0.63804	0.03466	0.05287	0.00850	0.00251	0.00405	0.01501	0.00556	0.00561
12	0.02252	0.01569	0.05169	0.01354	0.01845	0.01578	0.03513	0.46396	0.07148	0.20338	0.01703	0.01636	0.01170	0.00719	0.00605	0.00185	0.00637	0.00567	0.00610	0.01005
13	0.29935	0.03007	0.01467	0.01265	0.04969	0.14662	0.00971	0.21457	0.01756	0.13316	0.01256	0.01302	0.00912	0.00639	0.00509	0.00178	0.00649	0.00446	0.00472	0.00831
14	0.00833	0.00683	0.01113	0.01085	0.01203	0.00639	0.11085	0.00996	0.01191	0.01593	0.03010	0.67288	0.03533	0.01684	0.00759	0.00238	0.00446	0.01565	0.00521	0.00536
15	0.01173	0.00990	0.01168	0.00883	0.01345	0.00756	0.00690	0.01416	0.01234	0.01898	0.01396	0.12480	0.01340	0.00655	0.00492	0.00112	0.00431	0.00553	0.00386	0.70601
16	0.12710	0.00685	0.00672	0.00663	0.00875	0.00634	0.00501	0.01017	0.01335	0.01844	0.11104	0.09686	0.53477	0.01381	0.00665	0.00202	0.00329	0.01145	0.00540	0.00533
17	0.01283	0.01122	0.01421	0.01299	0.12143	0.00893	0.00878	0.01563	0.01265	0.01961	0.01078	0.01283	0.00900	0.00459	0.00467	0.00102	0.00485	0.00383	0.00348	0.70669
18	0.01662	0.44959	0.05245	0.12410	0.06395	0.12764	0.01232	0.03783	0.01358	0.03854	0.00974	0.01164	0.00816	0.00558	0.00472	0.00151	0.00740	0.00394	0.00293	0.00776
19	0.01958	0.01473	0.01607	0.01316	0.01723	0.01631	0.01085	0.50533	0.14957	0.03281	0.01872	0.02360	0.01519	0.00875	0.00637	0.00199	0.00614	0.10823	0.00597	0.00943
20	0.00835	0.00590	0.00633	0.00637	0.00751	0.00543	0.00431	0.00959	0.01195	0.01599	0.07718	0.07897	0.32544	0.27593	0.01467	0.00324	0.00396	0.01043	0.12374	0.00469
21	0.65968	0.01109	0.00934	0.03855	0.01278	0.01279	0.00701	0.01789	0.06398	0.02547	0.01167	0.06522	0.01000	0.00675	0.00428	0.00191	0.00466	0.00463	0.02570	0.00660
22	0.71252	0.12518	0.01214	0.00826	0.01219	0.01499	0.00706	0.01773	0.01053	0.02512	0.00837	0.00975	0.00669	0.00552	0.00374	0.00178	0.00491	0.00325	0.00356	0.00669
23	0.01002	0.00545	0.00800	0.00800	0.00822	0.00558	0.00548	0.00832	0.00831	0.01118	0.01310	0.02104	0.03353	0.05328	0.13111	0.65090	0.00677	0.00576	0.00283	0.00313
24	0.01140	0.00647	0.00764	0.00716	0.00784	0.00627	0.00440	0.01174	0.00998	0.11983	0.01965	0.03662	0.02086	0.67496	0.02704	0.00525	0.00573	0.00836	0.00420	0.00460
25	0.01376	0.01293	0.02147	0.32859	0.42048	0.01421	0.01735	0.04535	0.01349	0.01854	0.01110	0.01528	0.00891	0.00583	0.00635	0.00190	0.02780	0.00535	0.00297	0.00835
26	0.00750	0.00537	0.00713	0.00826	0.00876	0.00500	0.00560	0.00881	0.01232	0.01663	0.13712	0.67705	0.04226	0.01789	0.00759	0.00236	0.00340	0.01620	0.00574	0.00500
27	0.49370	0.01290	0.01267	0.12097	0.01786	0.01487	0.00933	0.20988	0.01537	0.02825	0.01035	0.01194	0.00774	0.00609	0.00468	0.00187	0.00567	0.00414	0.00419	0.00754
28	0.00855	0.00600	0.00739	0.00716	0.00801	0.00571	0.00485	0.01020	0.01356	0.01883	0.42869	0.06094	0.05673	0.31903	0.01640	0.00346	0.00404	0.01023	0.00540	0.00484
29	0.01388	0.01317	0.02188	0.24791	0.49912	0.01407	0.01738	0.01844	0.05996	0.01877	0.01198	0.01571	0.00966	0.00573	0.00598	0.00187	0.00724	0.00545	0.00309	0.00871
30	0.01592	0.76205	0.06028	0.01056	0.01586	0.02341	0.01077	0.01805	0.01224	0.01435	0.00846	0.00977	0.00772	0.00517	0.00393	0.00131	0.00653	0.00327	0.00257	0.00777
31	0.01032	0.00531	0.00796	0.00796	0.00803	0.00538	0.00538	0.00803	0.00796	0.01069	0.01083	0.01865	0.01076	0.02254	0.07361	0.76987	0.00596	0.00531	0.00265	0.00280
32	0.01092	0.00634	0.00825	0.00842	0.00976	0.00577	0.00602	0.01241	0.01322	0.14124	0.12237	0.44013	0.09504	0.06581	0.00879	0.00247	0.00384	0.02748	0.00590	0.00584
33	0.02468	0.01349	0.01653	0.01262	0.01739	0.01359	0.03270	0.35397	0.02225	0.39986	0.01907	0.01755	0.01255	0.00727	0.00607	0.00184	0.00597	0.00579	0.00665	0.01017
34	0.00733	0.00524	0.00698	0.00838	0.00873	0.00489	0.00558	0.00838	0.01152	0.01536	0.03316	0.78466	0.03979	0.01885	0.00768	0.00244	0.00349	0.01710	0.00558	0.00489
35	0.00775	0.00604	0.00704	0.00696	0.00856	0.00532	0.00516	0.00981	0.01497	0.01964	0.36166	0.12199	0.37496	0.01429	0.00716	0.00201	0.00300	0.01232	0.00604	0.00532
36	0.01247	0.01069	0.01247	0.00891	0.01426	0.00802	0.00713	0.01515	0.01247	0.01960	0.01069	0.01247	0.00891	0.00446	0.00446	0.00089	0.00446	0.00356	0.00356	0.82536
37	0.01129	0.00924	0.01079	0.00836	0.01218	0.00732	0.00626	0.01327	0.01160	0.01757	0.01412	0.07439	0.01397	0.17586	0.01037	0.00208	0.00468	0.00567	0.00373	0.58725
38	0.14049	0.01169	0.01192	0.01076	0.01379	0.01333	0.00824	0.02654	0.50885	0.04335	0.02123	0.02273	0.01691	0.11344	0.00907	0.00252	0.00490	0.00650	0.00545	0.00828
39	0.02106	0.00906	0.01214	0.00986	0.01346	0.00805	0.00792	0.02391	0.03933	0.51468	0.20464	0.06353	0.02663	0.00923	0.00639	0.00190	0.00446	0.00781	0.00711	0.00882
40	0.01473	0.00745	0.00995	0.00885	0.01119	0.00671	0.00684	0.01708	0.01605	0.27247	0.36260	0.13275	0.03852	0.03212	0.00748	0.00209	0.00388	0.03551	0.00665	0.00708
41	0.01020	0.00684	0.00856	0.00820	0.00995	0.00642	0.00619	0.01351	0.06453	0.08407	0.40916	0.15235	0.14422	0.01314	0.00707	0.00203	0.00339	0.03771	0.00632	0.00612
42	0.39279	0.01071	0.01138	0.00930	0.01340	0.01083	0.00765	0.02327	0.01403	0.39307	0.04662	0.01661	0.01280	0.00680	0.00503	0.00186	0.00481	0.00498	0.00571	0.00835
43	0.80067	0.01158	0.00904	0.00802	0.01177	0.01332	0.00660	0.01812	0.01050	0.05453	0.00896	0.01018	0.00683	0.00565	0.00381	0.00186	0.00467	0.00336	0.00386	0.00666
44	0.00759	0.00581	0.00662	0.00698	0.00821	0.00518	0.00489	0.00898	0.01290	0.01652	0.12758	0.26638	0.36880	0.09982	0.00978	0.00254	0.00345	0.01322	0.01980	0.00495
45	0.28948	0.01348	0.01334	0.01101	0.01492	0.01511	0.00894	0.31974	0.12528	0.03104	0.08669	0.01708	0.01480	0.00732	0.00538	0.00187	0.00532	0.00544	0.00533	0.00844
46	0.00860	0.00643	0.00959	0.00959	0.01064	0.00748	0.00742	0.01069	0.00964	0.01391	0.01619	0.02403	0.01521	0.06400	0.74609	0.00957	0.01585	0.00650	0.00323	0.00533
47	0.01027	0.00756	0.00966	0.00968	0.01145	0.00784	0.00777	0.01495	0.12523	0.04259	0.18505	0.06722	0.09624	0.01956	0.15408	0.00370	0.00659	0.20884	0.00548	0.00623
48	0.05730	0.01443	0.01556	0.01250	0.01666	0.01588	0.01012	0.42862	0.19086	0.09613	0.04446	0.01841	0.01439	0.02869	0.00664	0.00198	0.00581	0.00599	0.00602	0.00955
49	0.00859	0.00645	0.00967	0.00967	0.01074	0.00752	0.00752	0.01074	0.00967	0.01396	0.01611	0.02363	0.01504	0.04512	0.76474	0.00967	0.01611	0.00645	0.00322	0.00537
50	0.01119	0.01069	0.01926	0.34191	0.08676	0.01152	0.16598	0.01467	0.01279	0.01703	0.05749	0.18864	0.01818	0.00897	0.00667	0.00208	0.00710	0.00865	0.00365	0.00676
51	0.02357	0.01114	0.01396	0.01120	0.01552	0.01077	0.00909	0.04706	0.21713	0.53624	0.02372	0.02087	0.01574	0.00764	0.00607	0.00191	0.00506	0.00624	0.00705	0.01004
52	0.00821	0.00592	0.00671	0.00676	0.00749	0.00565	0.00435	0.00889	0.01066	0.01372	0.05599	0.07823	0.23823	0.43731	0.06671	0.02096	0.00542	0.01016	0.00436	0.00428
53	0.01225	0.00850	0.01194	0.01606	0.25201	0.00852	0.00895	0.01516	0.01272	0.02081	0.01677	0.02076	0.01377	0.04366	0.02454	0.00194	0.00470	0.00569	0.49446	0.00680
54	0.01294	0.01139	0.01479	0.01434	0.15701	0.00923	0.00932	0.01579	0.01271	0.01961	0.01081	0.01294	0.00903	0.00463	0.00475	0.00106	0.00498	0.00391	0.00345	0.66729

[dist]
# distance from previous block
# <min> <max>
0	14

[block]
# block no. 1 follows, 38 sequences, length 64
# corresponding to MSA columns:
# 76-139
name=unknown_B
#
# <colnr> <probs for GDERKNQSTAVLIFYWHMCP>
#	G	D	E	R	K	N	Q	S	T	A	V	L	I	F	Y	W	H	M	C	P
0	0.01742	0.01505	0.01762	0.12797	0.18350	0.10475	0.01281	0.23123	0.03677	0.04044	0.01334	0.01547	0.01024	0.00653	0.00606	0.00176	0.02785	0.00522	0.09437	0.03159
1	0.32988	0.01226	0.01357	0.01213	0.05150	0.04954	0.07551	0.03855	0.08663	0.10281	0.03603	0.04142	0.08700	0.00755	0.00535	0.00188	0.00547	0.00602	0.00461	0.03228
2	0.01221	0.01091	0.01813	0.17040	0.20913	0.01122	0.10111	0.01539	0.01340	0.03924	0.10333	0.07689	0.06888	0.02366	0.00737	0.00200	0.03744	0.00757	0.02614	0.04558
3	0.00903	0.00616	0.00745	0.00719	0.00878	0.00562	0.00542	0.01149	0.01544	0.04086	0.43959	0.07458	0.19863	0.01248	0.00675	0.00190	0.00303	0.02728	0.11270	0.00562
4	0.02247	0.02867	0.01705	0.01550	0.01860	0.76443	0.01162	0.02402	0.01705	0.01472	0.00930	0.01085	0.00775	0.00620	0.00542	0.00155	0.01085	0.00387	0.00310	0.00697
5	0.01325	0.01425	0.06574	0.06895	0.03341	0.09654	0.05510	0.01611	0.01279	0.01791	0.01246	0.08235	0.01135	0.00665	0.00638	0.00148	0.06297	0.00539	0.00344	0.41345
6	0.03817	0.05548	0.01803	0.01790	0.18884	0.07354	0.01186	0.30053	0.03878	0.04732	0.01528	0.03121	0.02979	0.00707	0.00596	0.00176	0.02230	0.00560	0.08176	0.00883
7	0.00744	0.00605	0.00658	0.00656	0.00836	0.00520	0.00488	0.00923	0.01432	0.01796	0.21283	0.09968	0.55034	0.01480	0.00714	0.00203	0.00303	0.01256	0.00582	0.00520
8	0.01310	0.01457	0.07998	0.28574	0.23755	0.05405	0.06768	0.01672	0.01271	0.01707	0.01228	0.06991	0.01075	0.00705	0.00733	0.00200	0.07470	0.00616	0.00300	0.00766
9	0.01416	0.01339	0.02266	0.05297	0.65979	0.01344	0.01734	0.01758	0.01355	0.01925	0.01340	0.05673	0.01224	0.00660	0.00616	0.00187	0.00691	0.03971	0.00323	0.00903
10	0.01757	0.33280	0.10852	0.03330	0.01830	0.10403	0.01238	0.14009	0.03313	0.05447	0.01092	0.01229	0.00876	0.00642	0.00639	0.00167	0.08290	0.00429	0.00354	0.00822
11	0.01470	0.02267	0.29188	0.01369	0.01869	0.22579	0.01384	0.05607	0.03750	0.01948	0.11426	0.02156	0.08797	0.00786	0.00594	0.00180	0.00766	0.00611	0.02499	0.00755
12	0.02147	0.03546	0.03481	0.01192	0.03391	0.13241	0.00956	0.04386	0.01596	0.37046	0.01675	0.01607	0.01156	0.00632	0.00547	0.00155	0.00611	0.00491	0.00534	0.21609
13	0.01489	0.01429	0.02442	0.03692	0.75106	0.01429	0.01846	0.01846	0.01370	0.01965	0.01132	0.01489	0.00953	0.00536	0.00596	0.00179	0.00715	0.00536	0.00298	0.00953
14	0.00880	0.00658	0.00868	0.00807	0.00941	0.00646	0.00614	0.01154	0.01655	0.02353	0.70239	0.04298	0.05376	0.01219	0.00787	0.00194	0.05047	0.01053	0.00638	0.00573
15	0.00851	0.00615	0.00804	0.00757	0.00899	0.00568	0.00568	0.01135	0.01703	0.02412	0.74788	0.04494	0.05676	0.01230	0.00710	0.00189	0.00284	0.01088	0.00662	0.00568
16	0.01560	0.66209	0.02934	0.01121	0.01550	0.02291	0.01077	0.01742	0.01172	0.01421	0.00829	0.01024	0.00775	0.00605	0.00651	0.00151	0.13523	0.00356	0.00258	0.00753
17	0.01370	0.00996	0.01153	0.01058	0.01317	0.01050	0.00852	0.15473	0.16481	0.06023	0.11942	0.04006	0.09628	0.06712	0.00863	0.00243	0.00501	0.19015	0.00585	0.00733
18	0.04222	0.00653	0.00759	0.00719	0.00891	0.00597	0.00532	0.01139	0.01471	0.06113	0.36185	0.06260	0.27479	0.09244	0.00933	0.00235	0.00343	0.01082	0.00588	0.00554
19	0.01672	0.63937	0.07414	0.01144	0.01653	0.12606	0.01121	0.01891	0.01292	0.01453	0.00864	0.01000	0.00772	0.00533	0.00419	0.00136	0.00720	0.00338	0.00264	0.00769
20	0.00776	0.00612	0.00699	0.00677	0.00852	0.00535	0.00508	0.00988	0.01524	0.01987	0.37687	0.05193	0.43042	0.01388	0.00710	0.00197	0.00295	0.01186	0.00606	0.00535
21	0.01207	0.03112	0.75741	0.01715	0.02604	0.01397	0.02223	0.01905	0.01270	0.01905	0.01080	0.01270	0.00762	0.00572	0.00572	0.00191	0.00889	0.00445	0.00254	0.00889
22	0.01708	0.67362	0.02928	0.01110	0.01593	0.13883	0.01050	0.01895	0.01297	0.01424	0.00851	0.00984	0.00772	0.00531	0.00410	0.00133	0.00712	0.00332	0.00266	0.00760
23	0.00731	0.00597	0.00649	0.00686	0.00851	0.00515	0.00509	0.00882	0.01328	0.01618	0.05353	0.20546	0.56139	0.01605	0.00730	0.00216	0.00329	0.05650	0.00558	0.00507
24	0.26069	0.01264	0.01393	0.01145	0.01556	0.01368	0.04245	0.12533	0.22591	0.19212	0.01754	0.01682	0.01249	0.00696	0.00543	0.00191	0.00532	0.00540	0.00555	0.00883
25	0.01348	0.29990	0.50106	0.01473	0.02229	0.01744	0.01801	0.01868	0.01253	0.01732	0.00994	0.01162	0.00766	0.00551	0.00506	0.00169	0.00802	0.00401	0.00255	0.00848
26	0.01598	0.01521	0.02264	0.06379	0.57557	0.06082	0.01693	0.08783	0.04458	0.02115	0.01200	0.01495	0.00978	0.00573	0.00594	0.00179	0.00726	0.00533	0.00339	0.00932
27	0.02322	0.01077	0.01409	0.01194	0.04640	0.01013	0.00922	0.05628	0.12253	0.53561	0.07568	0.02206	0.01803	0.00781	0.00613	0.00188	0.00505	0.00646	0.00695	0.00977
28	0.02110	0.00961	0.01256	0.01005	0.01375	0.00878	0.00813	0.08689	0.01815	0.47240	0.23930	0.02724	0.02699	0.00888	0.00636	0.00187	0.00457	0.00744	0.00707	0.00887
29	0.00854	0.00581	0.00692	0.00710	0.00725	0.00587	0.00428	0.00889	0.00921	0.01238	0.02057	0.13695	0.02360	0.61465	0.09826	0.00575	0.00651	0.00964	0.00386	0.00398
30	0.01121	0.00561	0.00561	0.00561	0.00701	0.00561	0.00421	0.01402	0.01262	0.02243	0.01962	0.02243	0.01542	0.00701	0.00421	0.00140	0.00280	0.00561	0.82198	0.00561
31	0.01136	0.01069	0.01804	0.77412	0.04143	0.01337	0.01671	0.01537	0.01203	0.01537	0.01069	0.01604	0.00802	0.00601	0.00601	0.00200	0.00802	0.00535	0.00267	0.00668
32	0.01121	0.00561	0.00561	0.00561	0.00701	0.00561	0.00421	0.01402	0.01262	0.02243	0.01962	0.02243	0.01542	0.00701	0.00421	0.00140	0.00280	0.00561	0.82198	0.00561
33	0.01045	0.00522	0.00784	0.00784	0.00784	0.00522	0.00522	0.00784	0.00784	0.01045	0.01045	0.01829	0.01045	0.02090	0.02351	0.82497	0.00522	0.00522	0.00261	0.00261
34	0.01265	0.01201	0.02038	0.50380	0.30164	0.01371	0.01735	0.01650	0.01264	0.01694	0.01092	0.01562	0.00857	0.00577	0.00599	0.00192	0.00770	0.00535	0.00278	0.00773
35	0.02198	0.01641	0.01755	0.01366	0.01832	0.01824	0.01122	0.65258	0.10815	0.03648	0.01557	0.01534	0.01114	0.00733	0.00603	0.00183	0.00641	0.00557	0.00603	0.01015
36	0.01538	0.01794	0.15285	0.03023	0.51059	0.03436	0.03716	0.09125	0.01511	0.02127	0.01151	0.01439	0.00921	0.00563	0.00594	0.00181	0.00758	0.00521	0.00322	0.00938
37	0.02004	0.02358	0.01933	0.02090	0.20045	0.49369	0.03499	0.05140	0.04738	0.01746	0.01074	0.01265	0.00878	0.00608	0.00566	0.00165	0.00948	0.00453	0.00331	0.00788
38	0.00987	0.00543	0.00740	0.00740	0.00740	0.00543	0.00468	0.00815	0.00815	0.01087	0.01337	0.02552	0.01437	0.28442	0.02595	0.54379	0.00543	0.00643	0.00297	0.00297
39	0.01247	0.01069	0.01247	0.00891	0.01426	0.00802	0.00713	0.01515	0.01247	0.01960	0.01069	0.01247	0.00891	0.00446	0.00446	0.00089	0.00446	0.00356	0.00356	0.82536
40	0.00880	0.00669	0.01002	0.01058	0.04039	0.00762	0.00772	0.01087	0.00987	0.01415	0.01673	0.05461	0.01610	0.07412	0.67233	0.00890	0.01480	0.00693	0.00333	0.00545
41	0.01121	0.00561	0.00561	0.00561	0.00701	0.00561	0.00421	0.01402	0.01262	0.02243	0.01962	0.02243	0.01542	0.00701	0.00421	0.00140	0.00280	0.00561	0.82198	0.00561
42	0.01608	0.79220	0.03152	0.01029	0.01544	0.02380	0.01029	0.01801	0.01222	0.01415	0.00836	0.00965	0.00772	0.00515	0.00386	0.00129	0.00643	0.00322	0.00257	0.00772
43	0.83108	0.01163	0.00884	0.00791	0.01163	0.01350	0.00651	0.01768	0.01024	0.02699	0.00838	0.00977	0.00651	0.00558	0.00372	0.00186	0.00465	0.00326	0.00372	0.00651
44	0.02338	0.01453	0.01643	0.01276	0.01740	0.01540	0.01049	0.45872	0.08960	0.25024	0.01812	0.01696	0.01236	0.00737	0.00604	0.00184	0.00600	0.00573	0.00645	0.01017
45	0.01316	0.01316	0.01843	0.01579	0.01579	0.01843	0.01316	0.01448	0.00921	0.01448	0.00790	0.01316	0.00790	0.01053	0.01974	0.00263	0.77757	0.00526	0.00263	0.00658
46	0.63492	0.01478	0.01079	0.00955	0.01324	0.14485	0.00767	0.04785	0.01235	0.04543	0.00921	0.01044	0.00711	0.00581	0.00418	0.00180	0.00583	0.00353	0.00381	0.00685
47	0.01641	0.01670	0.17969	0.12867	0.13980	0.03075	0.05875	0.03923	0.05916	0.17352	0.01455	0.01596	0.01045	0.00611	0.00586	0.00180	0.00709	0.00529	0.00411	0.08614
48	0.01289	0.01271	0.01770	0.01523	0.01523	0.01765	0.01258	0.01413	0.00918	0.01430	0.00858	0.01477	0.00876	0.05837	0.02041	0.00283	0.73012	0.00548	0.00269	0.00640
49	0.02247	0.02867	0.01705	0.01550	0.01860	0.76443	0.01162	0.02402	0.01705	0.01472	0.00930	0.01085	0.00775	0.00620	0.00542	0.00155	0.01085	0.00387	0.00310	0.00697
50	0.01547	0.01670	0.12325	0.03000	0.50146	0.03117	0.06684	0.02010	0.04737	0.07053	0.01272	0.01533	0.00998	0.00568	0.00600	0.00183	0.00743	0.00544	0.00338	0.00933
51	0.01453	0.04466	0.44020	0.01619	0.03662	0.01367	0.07694	0.05129	0.08804	0.09500	0.01455	0.03570	0.01080	0.00651	0.00588	0.00190	0.00769	0.00546	0.02550	0.00887
52	0.01458	0.01266	0.04470	0.01183	0.01493	0.01376	0.00966	0.04269	0.49981	0.04450	0.03812	0.02147	0.01720	0.00818	0.00711	0.00199	0.07421	0.00645	0.10744	0.00869
53	0.62136	0.01328	0.01037	0.00915	0.01267	0.09947	0.02473	0.03582	0.01179	0.02523	0.00977	0.01135	0.00764	0.00582	0.00410	0.00179	0.00538	0.00370	0.07998	0.00661
54	0.01608	0.79220	0.03152	0.01029	0.01544	0.02380	0.01029	0.01801	0.01222	0.01415	0.00836	0.00965	0.00772	0.00515	0.00386	0.00129	0.00643	0.00322	0.00257	0.00772
55	0.02247	0.02867	0.01705	0.01550	0.01860	0.76443	0.01162	0.02402	0.01705	0.01472	0.00930	0.01085	0.00775	0.00620	0.00542	0.00155	0.01085	0.00387	0.00310	0.00697
56	0.00888	0.00656	0.00836	0.00796	0.00944	0.00628	0.00594	0.01260	0.06829	0.02353	0.64148	0.09994	0.05272	0.01250	0.00707	0.00194	0.00303	0.01106	0.00651	0.00589
57	0.83108	0.01163	0.00884	0.00791	0.01163	0.01350	0.00651	0.01768	0.01024	0.02699	0.00838	0.00977	0.00651	0.00558	0.00372	0.00186	0.00465	0.00326	0.00372	0.00651
58	0.01247	0.01069	0.01247	0.00891	0.01426	0.00802	0.00713	0.01515	0.01247	0.01960	0.01069	0.01247	0.00891	0.00446	0.00446	0.00089	0.00446	0.00356	0.00356	0.82536
59	0.00792	0.00582	0.00742	0.00767	0.00879	0.00532	0.00550	0.00995	0.01465	0.02001	0.40715	0.30956	0.13799	0.01500	0.00730	0.00211	0.00310	0.01332	0.00612	0.00532
60	0.00856	0.00611	0.00776	0.00735	0.00881	0.00563	0.00551	0.01130	0.01654	0.02345	0.65659	0.04464	0.10557	0.01222	0.00694	0.00188	0.00285	0.01072	0.05194	0.00563
61	0.00796	0.00607	0.00731	0.00712	0.00868	0.00542	0.00529	0.01023	0.01553	0.02086	0.46614	0.09878	0.29129	0.01374	0.00714	0.00198	0.00295	0.01191	0.00620	0.00542
62	0.01462	0.01395	0.02197	0.06079	0.33577	0.03334	0.13535	0.05482	0.15432	0.02136	0.05990	0.03785	0.01475	0.00676	0.00629	0.00190	0.00695	0.00653	0.00402	0.00877
63	0.01386	0.03095	0.02176	0.25416	0.41497	0.03512	0.01694	0.01721	0.01273	0.01750	0.01060	0.01480	0.00879	0.00619	0.00754	0.00193	0.09864	0.00526	0.00284	0.00822

[dist]
# distance from previous block
# <min> <max>
0	4

# created by:
# /home/cegg/simao/soft/augustus-3.2.1/scripts/msa2prfl.pl ./align_prep/EOG090W0JMU.fa
