[name]
unknown

[dist]
# distance from previous block
# <min> <max>
0	165

[block]
# block no. 0 follows, 35 sequences, length 75
# corresponding to MSA columns:
# 190-264
name=unknown_A
#
# <colnr> <probs for GDERKNQSTAVLIFYWHMCP>
#	G	D	E	R	K	N	Q	S	T	A	V	L	I	F	Y	W	H	M	C	P
0	0.07587	0.19973	0.06027	0.01930	0.19915	0.04153	0.01352	0.05502	0.04343	0.01952	0.01175	0.01489	0.01009	0.01166	0.09738	0.00289	0.10728	0.00503	0.00337	0.00833
1	0.03864	0.01561	0.04217	0.01396	0.04341	0.05428	0.02637	0.32407	0.05100	0.06047	0.06146	0.01800	0.01431	0.01025	0.06189	0.00238	0.00732	0.00579	0.00527	0.14336
2	0.05280	0.03293	0.01657	0.01364	0.05629	0.04048	0.01040	0.28394	0.08931	0.06827	0.01555	0.04022	0.01217	0.00704	0.00577	0.00166	0.00605	0.00554	0.00523	0.23615
3	0.01774	0.12764	0.05865	0.04383	0.10420	0.17938	0.04951	0.05808	0.25349	0.02139	0.01581	0.01661	0.01233	0.00692	0.00596	0.00187	0.00772	0.00554	0.00433	0.00900
4	0.00945	0.00714	0.00864	0.00831	0.00971	0.00702	0.00607	0.01274	0.06984	0.02112	0.38505	0.07060	0.14668	0.15298	0.01233	0.00286	0.02256	0.03505	0.00603	0.00580
5	0.02287	0.01331	0.07057	0.03355	0.01790	0.01250	0.01171	0.04974	0.01593	0.45918	0.01927	0.01894	0.01307	0.00938	0.02792	0.00236	0.18018	0.00603	0.00600	0.00958
6	0.00821	0.00635	0.00739	0.00732	0.00894	0.00563	0.00537	0.01028	0.01549	0.02031	0.33910	0.12173	0.35909	0.04600	0.00855	0.00228	0.00328	0.01286	0.00626	0.00554
7	0.00768	0.00643	0.00668	0.00662	0.00868	0.00543	0.00496	0.00945	0.01489	0.01815	0.14581	0.05939	0.65273	0.01569	0.00750	0.00212	0.00319	0.01316	0.00602	0.00543
8	0.01258	0.01187	0.01972	0.61267	0.13104	0.01426	0.01737	0.01658	0.01280	0.01690	0.01124	0.01651	0.00869	0.00640	0.00689	0.00207	0.04002	0.00557	0.00289	0.03394
9	0.01272	0.03281	0.74418	0.01808	0.02746	0.01473	0.02344	0.02009	0.01339	0.02009	0.01138	0.01339	0.00804	0.00603	0.00603	0.00201	0.00938	0.00469	0.00268	0.00938
10	0.00866	0.00647	0.00804	0.00764	0.00928	0.00585	0.00573	0.01135	0.01720	0.02364	0.58909	0.05035	0.20602	0.01364	0.00749	0.00203	0.00304	0.01189	0.00675	0.00585
11	0.00906	0.00680	0.01020	0.01020	0.01133	0.00793	0.00793	0.01133	0.01020	0.01473	0.01699	0.02492	0.01586	0.04758	0.75191	0.01020	0.01699	0.00680	0.00340	0.00566
12	0.01648	0.62727	0.15314	0.01228	0.01829	0.04935	0.01304	0.01941	0.01316	0.01582	0.00929	0.01077	0.00812	0.00557	0.00446	0.00148	0.00739	0.00364	0.00273	0.00832
13	0.14181	0.06976	0.01792	0.01334	0.01795	0.07583	0.01098	0.42949	0.10741	0.03304	0.01467	0.01485	0.01083	0.00724	0.00579	0.00188	0.00677	0.00526	0.00551	0.00967
14	0.01573	0.06484	0.52650	0.01684	0.02472	0.08501	0.01981	0.08460	0.03490	0.05116	0.01242	0.01384	0.00893	0.00634	0.00596	0.00194	0.00895	0.00480	0.00339	0.00933
15	0.02060	0.09710	0.01800	0.01468	0.01776	0.55772	0.01126	0.02231	0.01615	0.01525	0.01102	0.01414	0.00970	0.03755	0.10737	0.00292	0.01158	0.00456	0.00325	0.00708
16	0.02805	0.01146	0.01513	0.01160	0.01652	0.01030	0.00958	0.09581	0.01926	0.67541	0.02410	0.02099	0.01524	0.00783	0.00638	0.00196	0.00555	0.00632	0.00771	0.01080
17	0.01363	0.01335	0.01985	0.01663	0.01760	0.01742	0.08408	0.03972	0.01117	0.01667	0.01168	0.04268	0.02361	0.01370	0.07650	0.00325	0.56181	0.00644	0.00316	0.00705
18	0.01360	0.13623	0.48247	0.01754	0.02501	0.01629	0.10039	0.01915	0.01305	0.01868	0.01097	0.01364	0.00838	0.00686	0.00765	0.03615	0.05759	0.00492	0.00275	0.00867
19	0.01425	0.01148	0.01418	0.12300	0.04840	0.03665	0.01065	0.03297	0.16668	0.07270	0.05201	0.02722	0.09555	0.04552	0.00985	0.00233	0.12311	0.02451	0.08133	0.00764
20	0.00923	0.00615	0.00692	0.00692	0.00692	0.00615	0.00384	0.00923	0.00923	0.01230	0.01999	0.04151	0.02306	0.77705	0.03229	0.00615	0.00615	0.00923	0.00384	0.00384
21	0.08229	0.02481	0.46968	0.01505	0.02233	0.01363	0.01768	0.08542	0.01531	0.07578	0.03790	0.01937	0.07881	0.00744	0.00609	0.00200	0.00772	0.00582	0.00394	0.00893
22	0.01628	0.06020	0.05111	0.04906	0.07057	0.04163	0.03414	0.01902	0.01423	0.20954	0.02117	0.12276	0.01900	0.01766	0.15572	0.00374	0.00855	0.07274	0.00500	0.00788
23	0.01289	0.03164	0.69127	0.01873	0.02788	0.01483	0.07517	0.02011	0.01351	0.02011	0.01149	0.01367	0.00816	0.00598	0.00614	0.00202	0.00947	0.00490	0.00272	0.00931
24	0.00773	0.00552	0.00736	0.00883	0.00920	0.00515	0.00589	0.00883	0.01215	0.01619	0.03497	0.77291	0.04196	0.01987	0.00810	0.00258	0.00368	0.01803	0.00589	0.00515
25	0.01414	0.28350	0.50593	0.01566	0.02371	0.01821	0.01922	0.01972	0.01322	0.01836	0.01052	0.01232	0.00807	0.00583	0.00537	0.00179	0.00851	0.00425	0.00269	0.00896
26	0.01368	0.01273	0.02151	0.32059	0.39979	0.01382	0.01752	0.01721	0.01337	0.01830	0.01260	0.04816	0.01081	0.00729	0.00725	0.04013	0.00764	0.00616	0.00311	0.00832
27	0.02691	0.01040	0.01417	0.01110	0.01567	0.00901	0.00907	0.02926	0.01771	0.68754	0.02577	0.07784	0.01767	0.00875	0.00651	0.00201	0.00527	0.00725	0.00770	0.01037
28	0.00773	0.00552	0.00736	0.00883	0.00920	0.00515	0.00589	0.00883	0.01215	0.01619	0.03497	0.77291	0.04196	0.01987	0.00810	0.00258	0.00368	0.01803	0.00589	0.00515
29	0.01367	0.17690	0.50008	0.01556	0.02322	0.01623	0.01880	0.05147	0.01396	0.01961	0.01385	0.01567	0.04318	0.00845	0.04139	0.00227	0.00882	0.00500	0.00304	0.00883
30	0.02464	0.01415	0.08437	0.04406	0.01888	0.01203	0.01145	0.17082	0.01969	0.47154	0.02148	0.04619	0.01459	0.00800	0.00640	0.00198	0.00617	0.00647	0.00677	0.01030
31	0.22379	0.01659	0.16142	0.01926	0.21890	0.01374	0.01398	0.05920	0.01397	0.04427	0.01270	0.01505	0.00985	0.00639	0.00585	0.00190	0.03163	0.00494	0.11809	0.00847
32	0.01259	0.00704	0.00841	0.00782	0.00966	0.00692	0.00596	0.03955	0.01523	0.09139	0.22400	0.04783	0.02917	0.03485	0.07783	0.00268	0.00479	0.00799	0.35982	0.00647
33	0.01895	0.21362	0.02368	0.01640	0.08657	0.11355	0.06773	0.20690	0.05513	0.02398	0.01245	0.01382	0.00988	0.00625	0.00557	0.00164	0.00748	0.00488	0.00416	0.10738
34	0.00960	0.00668	0.00866	0.00871	0.01001	0.00661	0.00636	0.01185	0.03108	0.05178	0.17707	0.21183	0.13333	0.09289	0.19902	0.00462	0.00719	0.01155	0.00540	0.00575
35	0.00761	0.00643	0.00658	0.00654	0.00864	0.00540	0.00491	0.00932	0.01472	0.01776	0.11442	0.06003	0.68437	0.01583	0.00750	0.00213	0.00320	0.01325	0.00597	0.00540
36	0.00850	0.00646	0.00777	0.00744	0.00912	0.00578	0.00555	0.01096	0.01660	0.02240	0.49695	0.05175	0.28124	0.03180	0.00807	0.00214	0.00314	0.01205	0.00655	0.00573
37	0.00761	0.00643	0.00659	0.00655	0.00864	0.00540	0.00491	0.00933	0.01473	0.01778	0.11611	0.05999	0.68266	0.01583	0.00750	0.00213	0.00320	0.01324	0.00598	0.00540
38	0.01272	0.03281	0.74418	0.01808	0.02746	0.01473	0.02344	0.02009	0.01339	0.02009	0.01138	0.01339	0.00804	0.00603	0.00603	0.00201	0.00938	0.00469	0.00268	0.00938
39	0.01315	0.01128	0.01315	0.00940	0.01503	0.00846	0.00752	0.01597	0.01315	0.02067	0.01128	0.01315	0.00940	0.00470	0.00470	0.00094	0.00470	0.00376	0.00376	0.81583
40	0.01990	0.01590	0.01669	0.01324	0.01798	0.04084	0.01069	0.38687	0.20282	0.03208	0.01698	0.01685	0.01261	0.00728	0.00604	0.00177	0.00620	0.00566	0.00578	0.16384
41	0.01364	0.01331	0.02352	0.40099	0.26824	0.01449	0.11213	0.01782	0.01359	0.01839	0.01170	0.01642	0.00917	0.00593	0.00642	0.00200	0.00833	0.00583	0.00301	0.03507
42	0.00771	0.00561	0.00727	0.00861	0.00914	0.00517	0.00579	0.00886	0.01236	0.01628	0.03773	0.70574	0.10735	0.01952	0.00804	0.00254	0.00364	0.01760	0.00589	0.00517
43	0.82186	0.01227	0.00932	0.00834	0.01227	0.01423	0.00687	0.01865	0.01080	0.02846	0.00883	0.01031	0.00687	0.00589	0.00393	0.00196	0.00491	0.00344	0.00393	0.00687
44	0.01659	0.71476	0.09607	0.01149	0.01727	0.02419	0.01197	0.01909	0.01293	0.01538	0.00905	0.01046	0.00813	0.00548	0.00424	0.00141	0.00701	0.00351	0.00271	0.00825
45	0.01290	0.06316	0.71535	0.01779	0.02700	0.01515	0.02293	0.02005	0.01337	0.01988	0.01128	0.01326	0.00804	0.00600	0.00595	0.00198	0.00927	0.00464	0.00268	0.00933
46	0.01578	0.01363	0.01434	0.01291	0.01650	0.01578	0.01004	0.03371	0.72602	0.02654	0.02582	0.02367	0.01937	0.00861	0.00646	0.00215	0.00502	0.00717	0.00646	0.01004
47	0.15359	0.01277	0.03444	0.01155	0.01645	0.01195	0.00977	0.14117	0.01877	0.49347	0.02047	0.01853	0.01328	0.00745	0.00597	0.00195	0.00569	0.00576	0.00684	0.01013
48	0.01210	0.01151	0.01977	0.73199	0.04327	0.01417	0.04588	0.01638	0.01278	0.01638	0.01134	0.01692	0.00850	0.00630	0.00639	0.00212	0.00855	0.00571	0.00283	0.00711
49	0.01102	0.00551	0.00826	0.00826	0.00826	0.00551	0.00551	0.00826	0.00826	0.01102	0.01102	0.01928	0.01102	0.02204	0.02479	0.81543	0.00551	0.00551	0.00275	0.00275
50	0.00751	0.00636	0.00650	0.00661	0.00862	0.00534	0.00490	0.00908	0.01429	0.01707	0.06207	0.11435	0.68303	0.01635	0.00754	0.00217	0.00325	0.01374	0.00589	0.00534
51	0.02209	0.01178	0.01433	0.01172	0.01569	0.01182	0.00937	0.14712	0.16248	0.35866	0.05680	0.05709	0.01861	0.00971	0.00774	0.05599	0.00541	0.00715	0.00684	0.00962
52	0.00900	0.00645	0.00831	0.00787	0.00921	0.00600	0.00576	0.01168	0.01703	0.02404	0.65823	0.04676	0.05595	0.09418	0.01012	0.00244	0.00333	0.01123	0.00665	0.00576
53	0.82186	0.01227	0.00932	0.00834	0.01227	0.01423	0.00687	0.01865	0.01080	0.02846	0.00883	0.01031	0.00687	0.00589	0.00393	0.00196	0.00491	0.00344	0.00393	0.00687
54	0.02282	0.02882	0.01806	0.07215	0.02141	0.69637	0.01266	0.02465	0.01758	0.01558	0.00992	0.01185	0.00819	0.00652	0.00577	0.00167	0.01122	0.00420	0.00323	0.00733
55	0.01165	0.00597	0.00619	0.00619	0.00764	0.00604	0.00466	0.01456	0.01310	0.02308	0.02046	0.02373	0.01623	0.00997	0.05248	0.00204	0.00386	0.00597	0.76028	0.00590
56	0.00773	0.00552	0.00736	0.00883	0.00920	0.00515	0.00589	0.00883	0.01215	0.01619	0.03497	0.77291	0.04196	0.01987	0.00810	0.00258	0.00368	0.01803	0.00589	0.00515
57	0.01485	0.01425	0.01939	0.01646	0.01694	0.01945	0.01371	0.08142	0.01161	0.01760	0.00898	0.01401	0.00856	0.01077	0.01945	0.00269	0.69387	0.00557	0.00311	0.00730
58	0.01630	0.01621	0.02517	0.03725	0.68373	0.07021	0.01893	0.01991	0.01471	0.02034	0.01177	0.01538	0.00991	0.00572	0.00624	0.00187	0.00783	0.00554	0.00315	0.00985
59	0.05381	0.01369	0.01425	0.01275	0.01639	0.01582	0.00995	0.05376	0.67132	0.02704	0.02470	0.02279	0.01852	0.00845	0.00633	0.00214	0.00507	0.00695	0.00633	0.00992
60	0.06491	0.01205	0.01520	0.01171	0.01660	0.01131	0.00967	0.14633	0.01979	0.58965	0.02261	0.01999	0.01446	0.00772	0.00626	0.00195	0.00564	0.00613	0.00741	0.01061
61	0.01255	0.00759	0.00982	0.00902	0.01114	0.00709	0.00702	0.02989	0.03233	0.13756	0.46414	0.06238	0.07586	0.03076	0.00799	0.00220	0.00387	0.07512	0.00684	0.00682
62	0.00979	0.00647	0.00774	0.00771	0.00926	0.00584	0.00558	0.01169	0.01465	0.06737	0.22800	0.21370	0.24324	0.06892	0.00909	0.00243	0.00360	0.01262	0.06654	0.00577
63	0.02207	0.01579	0.01710	0.01343	0.01794	0.01731	0.01096	0.55024	0.08169	0.06971	0.05057	0.01863	0.01450	0.02374	0.00685	0.00200	0.00636	0.00621	0.04479	0.01013
64	0.74658	0.01279	0.01024	0.00893	0.01297	0.01474	0.00736	0.08448	0.01259	0.02955	0.00944	0.01077	0.00724	0.00605	0.00415	0.00196	0.00510	0.00365	0.00415	0.00724
65	0.01133	0.00706	0.00901	0.00903	0.01049	0.00665	0.00653	0.04591	0.01487	0.10249	0.17847	0.38385	0.07681	0.07288	0.00949	0.00261	0.00412	0.03602	0.00621	0.00618
66	0.22393	0.01128	0.01309	0.01070	0.01496	0.01113	0.00883	0.07398	0.03179	0.41852	0.05237	0.02291	0.01660	0.00824	0.00598	0.00203	0.00530	0.05255	0.00656	0.00925
67	0.02432	0.01298	0.01526	0.01189	0.01639	0.01311	0.00976	0.31146	0.02229	0.35081	0.02037	0.01926	0.01375	0.00769	0.00609	0.00187	0.00571	0.00604	0.12084	0.01010
68	0.00795	0.00625	0.00702	0.00719	0.00873	0.00550	0.00516	0.00960	0.01431	0.01817	0.18170	0.18453	0.43051	0.07314	0.00946	0.00249	0.00348	0.01355	0.00594	0.00532
69	0.01342	0.00797	0.00993	0.00893	0.01131	0.00751	0.00686	0.01755	0.08719	0.16623	0.39220	0.07720	0.11059	0.01194	0.00707	0.00203	0.00373	0.01033	0.04077	0.00723
70	0.02205	0.01260	0.01469	0.01200	0.01616	0.01305	0.00962	0.15965	0.24567	0.31811	0.02303	0.02186	0.01623	0.03507	0.00721	0.00213	0.00548	0.00658	0.04875	0.01006
71	0.66544	0.01295	0.01098	0.00938	0.01352	0.01470	0.00773	0.11603	0.01386	0.07131	0.01066	0.01164	0.00792	0.00624	0.00440	0.00195	0.00522	0.00392	0.00449	0.00764
72	0.00871	0.00632	0.00781	0.00846	0.00910	0.00627	0.00568	0.01046	0.04479	0.01552	0.03072	0.38036	0.08788	0.24504	0.08531	0.00430	0.00574	0.02739	0.00508	0.00507
73	0.01048	0.00700	0.00856	0.00843	0.01022	0.00639	0.00628	0.03673	0.01564	0.08309	0.23475	0.25292	0.24049	0.01532	0.00757	0.00223	0.00370	0.03768	0.00638	0.00615
74	0.01105	0.00552	0.00818	0.00818	0.00823	0.00552	0.00547	0.00850	0.00844	0.01147	0.01137	0.01944	0.01121	0.02151	0.02406	0.78629	0.00542	0.00552	0.03173	0.00287

[dist]
# distance from previous block
# <min> <max>
0	1

[block]
# block no. 1 follows, 35 sequences, length 41
# corresponding to MSA columns:
# 266-269,271-294,299,300,303-313
name=unknown_B
#
# <colnr> <probs for GDERKNQSTAVLIFYWHMCP>
#	G	D	E	R	K	N	Q	S	T	A	V	L	I	F	Y	W	H	M	C	P
0	0.01613	0.41595	0.20209	0.05459	0.09711	0.05085	0.01526	0.04911	0.01410	0.01794	0.01021	0.01215	0.00845	0.00578	0.00506	0.00164	0.00778	0.00419	0.00293	0.00867
1	0.01365	0.01370	0.01774	0.47942	0.05939	0.12823	0.02913	0.01713	0.01332	0.01644	0.01229	0.01772	0.00992	0.03040	0.07737	0.00287	0.00944	0.00565	0.03920	0.00697
2	0.01335	0.01213	0.01254	0.00975	0.01418	0.07996	0.00749	0.01571	0.01342	0.01939	0.04549	0.05608	0.01446	0.07712	0.00764	0.00162	0.00536	0.00537	0.00397	0.58496
3	0.00910	0.00683	0.00924	0.00933	0.01058	0.00718	0.00698	0.01223	0.05538	0.01879	0.22197	0.19301	0.05600	0.02873	0.31817	0.00556	0.00911	0.01074	0.00519	0.00589
4	0.01037	0.00790	0.00887	0.00824	0.01050	0.00732	0.00609	0.03290	0.08296	0.04292	0.14032	0.12306	0.30941	0.09517	0.00979	0.00247	0.00403	0.01125	0.00576	0.08065
5	0.01463	0.00839	0.01190	0.01014	0.01261	0.00829	0.07168	0.03946	0.01412	0.14882	0.05616	0.02453	0.01766	0.05093	0.15310	0.03329	0.00721	0.00673	0.30344	0.00693
6	0.29145	0.01057	0.01103	0.00978	0.01321	0.01110	0.00778	0.02219	0.12540	0.20852	0.04560	0.10122	0.04793	0.00935	0.00582	0.00208	0.00474	0.02758	0.03662	0.00803
7	0.01435	0.01206	0.01378	0.01017	0.01557	0.01009	0.00814	0.07914	0.07790	0.02289	0.01291	0.01427	0.01040	0.00530	0.00500	0.00113	0.00493	0.00423	0.00423	0.67351
8	0.00910	0.00624	0.00779	0.00830	0.00914	0.00579	0.00558	0.01021	0.01215	0.03832	0.07023	0.42359	0.08124	0.21456	0.01412	0.00337	0.00440	0.03179	0.00539	0.03867
9	0.32781	0.01060	0.01004	0.00873	0.01201	0.01153	0.00702	0.10163	0.04666	0.09942	0.01613	0.01730	0.01207	0.00694	0.00475	0.00179	0.00452	0.00504	0.28848	0.00753
10	0.01608	0.00886	0.01091	0.00945	0.01219	0.00841	0.00724	0.04605	0.08534	0.24569	0.22347	0.06316	0.11307	0.10906	0.01019	0.00257	0.00454	0.00943	0.00661	0.00768
11	0.00972	0.00719	0.00855	0.00880	0.01014	0.00719	0.00636	0.01384	0.11859	0.01989	0.17241	0.28021	0.10520	0.09583	0.01004	0.00268	0.00404	0.05353	0.05977	0.00601
12	0.02448	0.01719	0.01868	0.01432	0.01938	0.01881	0.01183	0.65930	0.02886	0.09838	0.01605	0.01576	0.01120	0.00764	0.00635	0.00191	0.00685	0.00577	0.00647	0.01079
13	0.01128	0.00690	0.00875	0.00883	0.01030	0.00642	0.00638	0.01340	0.03584	0.11719	0.14175	0.33962	0.11468	0.10069	0.01038	0.00276	0.00419	0.04842	0.00611	0.00612
14	0.00847	0.00603	0.00713	0.00754	0.00814	0.00570	0.00484	0.00936	0.01182	0.01557	0.10258	0.27156	0.14385	0.34770	0.01846	0.00400	0.00461	0.01283	0.00511	0.00470
15	0.01420	0.00869	0.00897	0.00811	0.01040	0.00924	0.00630	0.12461	0.10412	0.02651	0.02049	0.02236	0.01581	0.00758	0.00498	0.00163	0.00383	0.00604	0.58897	0.00717
16	0.01720	0.01247	0.01336	0.01159	0.01507	0.01387	0.00914	0.14070	0.41203	0.07882	0.02296	0.02214	0.01705	0.00814	0.00601	0.00196	0.00493	0.00661	0.17661	0.00935
17	0.68288	0.01323	0.01102	0.00943	0.01356	0.01518	0.00777	0.14020	0.01411	0.03047	0.00995	0.01116	0.00755	0.00619	0.00435	0.00195	0.00527	0.00383	0.00435	0.00755
18	0.00777	0.00555	0.00740	0.00881	0.00921	0.00518	0.00589	0.00894	0.01234	0.01650	0.05781	0.74920	0.04254	0.01965	0.00808	0.00256	0.00366	0.01782	0.00592	0.00518
19	0.00906	0.00680	0.01020	0.01020	0.01133	0.00793	0.00793	0.01133	0.01020	0.01473	0.01699	0.02492	0.01586	0.04758	0.75191	0.01020	0.01699	0.00680	0.00340	0.00566
20	0.01500	0.01284	0.01367	0.01252	0.01579	0.01475	0.00964	0.03130	0.65685	0.02554	0.02671	0.09626	0.02155	0.00970	0.00661	0.00219	0.00489	0.00822	0.00640	0.00957
21	0.01037	0.00668	0.00854	0.00822	0.00983	0.00607	0.00605	0.01268	0.01613	0.08783	0.43240	0.18233	0.12766	0.04582	0.00853	0.00229	0.00350	0.01236	0.00660	0.00611
22	0.02425	0.01755	0.01890	0.01449	0.01956	0.01934	0.01197	0.69448	0.02946	0.06236	0.01554	0.01543	0.01095	0.00762	0.00635	0.00191	0.00693	0.00573	0.00639	0.01079
23	0.01102	0.00551	0.00826	0.00826	0.00826	0.00551	0.00551	0.00826	0.00826	0.01102	0.01102	0.01928	0.01102	0.02204	0.02479	0.81543	0.00551	0.00551	0.00275	0.00275
24	0.01820	0.02001	0.02975	0.02228	0.02756	0.18077	0.42982	0.12158	0.01758	0.02189	0.01233	0.01545	0.00942	0.00616	0.00744	0.00202	0.03913	0.00640	0.00366	0.00855
25	0.01057	0.00756	0.00887	0.00845	0.00944	0.00788	0.00565	0.04405	0.06628	0.01587	0.01983	0.05768	0.02080	0.47734	0.15295	0.00590	0.00778	0.00844	0.02596	0.03871
26	0.01696	0.78087	0.03324	0.01085	0.01628	0.02510	0.01085	0.01900	0.01289	0.01493	0.00882	0.01018	0.00814	0.00543	0.00407	0.00136	0.00678	0.00339	0.00271	0.00814
27	0.01403	0.01297	0.01410	0.01060	0.01554	0.06666	0.00847	0.01663	0.01321	0.01978	0.01089	0.01309	0.00920	0.00543	0.00626	0.00116	0.07525	0.00395	0.00363	0.67914
28	0.01183	0.00591	0.00591	0.00591	0.00739	0.00591	0.00443	0.01478	0.01330	0.02365	0.02069	0.02365	0.01626	0.00739	0.00443	0.00148	0.00296	0.00591	0.81227	0.00591
29	0.01059	0.00616	0.00703	0.00681	0.00830	0.00594	0.00511	0.01356	0.01533	0.02443	0.33154	0.03399	0.03526	0.00982	0.00576	0.00170	0.00297	0.00834	0.46140	0.00594
30	0.01567	0.01681	0.03086	0.03071	0.31808	0.05364	0.36391	0.02000	0.01467	0.02001	0.01211	0.01610	0.00966	0.00579	0.00751	0.00204	0.04375	0.00648	0.00316	0.00903
31	0.00906	0.00680	0.01020	0.01020	0.01133	0.00793	0.00793	0.01133	0.01020	0.01473	0.01699	0.02492	0.01586	0.04758	0.75191	0.01020	0.01699	0.00680	0.00340	0.00566
32	0.01497	0.01711	0.03743	0.02674	0.03316	0.01604	0.71444	0.02032	0.01497	0.02032	0.01283	0.01711	0.00963	0.00535	0.00749	0.00214	0.01070	0.00749	0.00321	0.00856
33	0.00898	0.00648	0.00848	0.00798	0.00948	0.00599	0.00599	0.01197	0.01796	0.02544	0.73413	0.04739	0.05986	0.01297	0.00748	0.00200	0.00299	0.01147	0.00698	0.00599
34	0.01264	0.02920	0.63322	0.01696	0.02523	0.01395	0.02119	0.03974	0.01393	0.02059	0.04312	0.01699	0.01146	0.00890	0.04643	0.00247	0.00935	0.02255	0.00309	0.00898
35	0.01521	0.01596	0.07279	0.20202	0.10117	0.07267	0.01412	0.02616	0.36355	0.02200	0.01838	0.01940	0.01393	0.00737	0.00632	0.00206	0.00697	0.00620	0.00466	0.00904
36	0.01898	0.55567	0.02866	0.01250	0.01728	0.24306	0.01128	0.02090	0.01442	0.01511	0.00912	0.01056	0.00815	0.00576	0.00457	0.00144	0.00818	0.00360	0.00288	0.00791
37	0.01527	0.10400	0.03575	0.04511	0.01752	0.03882	0.01001	0.07927	0.18302	0.02233	0.01541	0.04042	0.01264	0.00677	0.00581	0.00156	0.02352	0.00531	0.00445	0.33301
38	0.01707	0.01729	0.11355	0.13986	0.23448	0.01597	0.08385	0.18177	0.03954	0.05191	0.01343	0.01604	0.01013	0.00657	0.00683	0.00200	0.03039	0.00579	0.00405	0.00946
39	0.01661	0.01531	0.05152	0.07929	0.39536	0.06387	0.01576	0.07588	0.01645	0.07944	0.09510	0.02042	0.03255	0.00717	0.00641	0.00191	0.00712	0.00640	0.00423	0.00918
40	0.00848	0.00574	0.00766	0.00888	0.00945	0.00533	0.00601	0.00971	0.01260	0.04117	0.06438	0.71658	0.04183	0.01917	0.00801	0.00253	0.00371	0.01736	0.00600	0.00538

[dist]
# distance from previous block
# <min> <max>
6	37

[block]
# block no. 2 follows, 35 sequences, length 13
# corresponding to MSA columns:
# 356-368
name=unknown_C
#
# <colnr> <probs for GDERKNQSTAVLIFYWHMCP>
#	G	D	E	R	K	N	Q	S	T	A	V	L	I	F	Y	W	H	M	C	P
0	0.13472	0.31703	0.02144	0.01161	0.01590	0.10113	0.01003	0.08865	0.10048	0.05634	0.01403	0.05434	0.01198	0.00837	0.02746	0.00198	0.00691	0.00519	0.00419	0.00825
1	0.01434	0.01004	0.01179	0.00945	0.01299	0.00904	0.00728	0.11174	0.01644	0.09251	0.17524	0.02850	0.05854	0.12858	0.01015	0.00228	0.00486	0.00729	0.00533	0.28361
2	0.13747	0.01514	0.01650	0.03732	0.01851	0.01645	0.01083	0.41491	0.07225	0.17214	0.01681	0.01639	0.01169	0.00744	0.00602	0.00195	0.00629	0.00561	0.00619	0.01006
3	0.02314	0.01705	0.01807	0.01387	0.01893	0.04399	0.01138	0.57027	0.02680	0.08060	0.01520	0.01526	0.01084	0.00726	0.00614	0.00179	0.00679	0.00548	0.00604	0.10109
4	0.01418	0.01177	0.01359	0.00991	0.01528	0.00960	0.00795	0.09444	0.01526	0.02307	0.04703	0.01506	0.01202	0.00543	0.00502	0.00110	0.00487	0.00435	0.00421	0.68585
5	0.01044	0.00822	0.00966	0.00914	0.01123	0.00829	0.00703	0.01676	0.18532	0.02400	0.41759	0.04540	0.15439	0.01270	0.00732	0.00211	0.00369	0.05326	0.00662	0.00684
6	0.00866	0.00642	0.00777	0.00746	0.00889	0.00586	0.00540	0.01089	0.01586	0.02157	0.47168	0.04978	0.21474	0.12441	0.01108	0.00263	0.00350	0.01160	0.00627	0.00553
7	0.00773	0.00552	0.00736	0.00883	0.00920	0.00515	0.00589	0.00883	0.01215	0.01619	0.03497	0.77291	0.04196	0.01987	0.00810	0.00258	0.00368	0.01803	0.00589	0.00515
8	0.16314	0.00813	0.00910	0.00837	0.01052	0.00825	0.00646	0.04717	0.01662	0.02572	0.48854	0.03868	0.08778	0.01310	0.03979	0.00236	0.00418	0.00959	0.00615	0.00633
9	0.01084	0.00948	0.01539	0.46569	0.03074	0.01158	0.01361	0.01419	0.01166	0.01551	0.01367	0.02087	0.01172	0.05782	0.26515	0.00510	0.01129	0.00621	0.00307	0.00641
10	0.01675	0.01547	0.04614	0.21332	0.34700	0.04024	0.01700	0.13399	0.04234	0.04708	0.01316	0.01619	0.01016	0.00637	0.00629	0.00195	0.00771	0.00565	0.00385	0.00933
11	0.01648	0.36483	0.10524	0.01189	0.01770	0.04739	0.01152	0.09665	0.01512	0.01996	0.01056	0.01199	0.00878	0.00558	0.00479	0.00138	0.00669	0.00393	0.00343	0.23608
12	0.02148	0.33489	0.02385	0.01353	0.01787	0.37125	0.01135	0.02337	0.01592	0.09686	0.01111	0.01206	0.00901	0.00623	0.00512	0.00156	0.00886	0.00406	0.00356	0.00806

[dist]
# distance from previous block
# <min> <max>
0	2

[block]
# block no. 3 follows, 35 sequences, length 26
# corresponding to MSA columns:
# 371-396
name=unknown_D
#
# <colnr> <probs for GDERKNQSTAVLIFYWHMCP>
#	G	D	E	R	K	N	Q	S	T	A	V	L	I	F	Y	W	H	M	C	P
0	0.01779	0.01552	0.01721	0.10648	0.08115	0.06411	0.01237	0.19106	0.36966	0.02726	0.01936	0.01940	0.01451	0.00772	0.00635	0.00203	0.00653	0.00631	0.00550	0.00968
1	0.01388	0.01356	0.02151	0.38947	0.25766	0.05515	0.06275	0.01777	0.01360	0.01803	0.01204	0.01678	0.00957	0.00782	0.03725	0.00233	0.00866	0.00573	0.02842	0.00802
2	0.01497	0.01292	0.01850	0.47218	0.06458	0.01527	0.01539	0.15865	0.10339	0.02264	0.03061	0.01805	0.01151	0.00700	0.00638	0.00206	0.00758	0.00598	0.00408	0.00827
3	0.01462	0.01407	0.02411	0.16323	0.55123	0.01447	0.04723	0.01843	0.01416	0.01974	0.01442	0.01820	0.04530	0.00627	0.00640	0.00195	0.00762	0.00611	0.00322	0.00923
4	0.00840	0.00648	0.00787	0.00800	0.00961	0.00622	0.00609	0.01039	0.01338	0.01754	0.10805	0.10331	0.35751	0.02448	0.21369	0.00440	0.00715	0.04068	0.04122	0.00553
5	0.00917	0.00663	0.00830	0.00901	0.00993	0.00641	0.00628	0.06084	0.01396	0.01862	0.09340	0.55506	0.08081	0.06034	0.00925	0.00266	0.00403	0.03380	0.00590	0.00559
6	0.01402	0.01429	0.02170	0.01793	0.01874	0.01900	0.10233	0.01591	0.01038	0.01591	0.00890	0.01429	0.00849	0.01038	0.01914	0.00270	0.67015	0.00580	0.00283	0.00714
7	0.01577	0.01224	0.01670	0.17635	0.02249	0.01352	0.08358	0.16588	0.15078	0.03886	0.01709	0.01942	0.01295	0.00821	0.00734	0.05604	0.00640	0.00619	0.16207	0.00812
8	0.09624	0.01352	0.01410	0.01182	0.01577	0.01482	0.00947	0.26406	0.25454	0.06552	0.02724	0.02594	0.14119	0.00928	0.00635	0.00204	0.00539	0.00736	0.00614	0.00920
9	0.00842	0.00632	0.00773	0.00767	0.00912	0.00570	0.00560	0.01068	0.01593	0.02152	0.43486	0.15701	0.23282	0.03787	0.00833	0.00224	0.00325	0.01287	0.00644	0.00563
10	0.01719	0.01353	0.01444	0.01255	0.01618	0.01528	0.00999	0.20499	0.43476	0.02925	0.02302	0.02418	0.01781	0.00873	0.00635	0.00206	0.00535	0.04502	0.08975	0.00957
11	0.09278	0.00672	0.00788	0.00858	0.00966	0.00661	0.00595	0.01122	0.03160	0.03343	0.07494	0.50849	0.08380	0.07647	0.00940	0.00270	0.00400	0.01458	0.00565	0.00554
12	0.01564	0.00796	0.01034	0.00969	0.01201	0.00735	0.00725	0.01848	0.05910	0.26914	0.08025	0.36361	0.05464	0.01393	0.00720	0.00224	0.00427	0.01225	0.03714	0.00750
13	0.02628	0.01220	0.01538	0.01188	0.01663	0.01159	0.00978	0.19286	0.02092	0.53269	0.06446	0.02160	0.01713	0.00810	0.00644	0.00195	0.00563	0.00652	0.00744	0.01051
14	0.05248	0.01032	0.01234	0.01051	0.01396	0.01007	0.00826	0.09598	0.10197	0.30827	0.05644	0.14251	0.10960	0.02834	0.00731	0.00219	0.00489	0.00919	0.00670	0.00867
15	0.15231	0.01118	0.01288	0.01066	0.01450	0.01113	0.00855	0.15241	0.01801	0.32375	0.04243	0.12899	0.04920	0.00969	0.00625	0.00204	0.00516	0.00788	0.02410	0.00887
16	0.00843	0.00619	0.00741	0.00769	0.00856	0.00596	0.00519	0.00955	0.01183	0.01547	0.07668	0.19895	0.21093	0.28042	0.11420	0.00465	0.00612	0.01197	0.00493	0.00488
17	0.01405	0.00794	0.00840	0.00766	0.00983	0.00820	0.00593	0.08522	0.07134	0.06148	0.05040	0.02372	0.01775	0.00776	0.00500	0.00162	0.00363	0.00625	0.59687	0.00696
18	0.10251	0.00953	0.01145	0.00959	0.01321	0.00885	0.00767	0.02236	0.05686	0.36950	0.11672	0.05196	0.17252	0.01036	0.00654	0.00203	0.00453	0.00852	0.00680	0.00847
19	0.01022	0.00592	0.00872	0.00876	0.00913	0.00621	0.00614	0.00928	0.00925	0.01269	0.03318	0.05035	0.01531	0.06016	0.22764	0.50476	0.00862	0.00664	0.00321	0.00379
20	0.01274	0.01258	0.02266	0.57213	0.06634	0.01469	0.14506	0.01705	0.01306	0.01709	0.01147	0.01679	0.00872	0.00632	0.00710	0.00214	0.03776	0.00597	0.00290	0.00743
21	0.00813	0.00590	0.00716	0.00790	0.00882	0.00540	0.00543	0.00956	0.01312	0.01747	0.11480	0.43968	0.19725	0.07706	0.00961	0.00264	0.00366	0.01498	0.04620	0.00522
22	0.00950	0.00656	0.00968	0.00968	0.01066	0.00747	0.00738	0.01108	0.01009	0.01469	0.01633	0.02403	0.01518	0.04163	0.60463	0.12664	0.01454	0.00656	0.04842	0.00526
23	0.01440	0.07399	0.09767	0.25596	0.02951	0.04214	0.17402	0.08626	0.01520	0.02011	0.01512	0.01856	0.04589	0.00826	0.03484	0.00229	0.00869	0.00619	0.04300	0.00790
24	0.01919	0.01207	0.01437	0.01266	0.03488	0.01251	0.00997	0.20779	0.13925	0.20588	0.04133	0.05346	0.07552	0.01167	0.03533	0.00244	0.00603	0.09006	0.00644	0.00915
25	0.00936	0.00654	0.00834	0.03657	0.00995	0.00687	0.00592	0.01050	0.01042	0.01436	0.02174	0.07612	0.04002	0.42662	0.19941	0.00624	0.00846	0.05337	0.04444	0.00474

[dist]
# distance from previous block
# <min> <max>
0	10

# created by:
# /home/cegg/simao/soft/augustus-3.2.1/scripts/msa2prfl.pl ./align_prep/EOG090W0ITG.fa
