[name]
unknown

[dist]
# distance from previous block
# <min> <max>
0	15

[block]
# block no. 0 follows, 30 sequences, length 123
# corresponding to MSA columns:
# 15-111,185-210
name=unknown_A
#
# <colnr> <probs for GDERKNQSTAVLIFYWHMCP>
#	G	D	E	R	K	N	Q	S	T	A	V	L	I	F	Y	W	H	M	C	P
0	0.01727	0.01658	0.02832	0.04283	0.71123	0.01658	0.02142	0.02142	0.01589	0.02280	0.01313	0.01727	0.01105	0.00622	0.00691	0.00207	0.00829	0.00622	0.00345	0.01105
1	0.01620	0.01264	0.01485	0.01072	0.01683	0.00986	0.00861	0.04504	0.01560	0.07544	0.01371	0.01525	0.01091	0.00555	0.00538	0.00116	0.00532	0.00443	0.00458	0.70790
2	0.01709	0.01501	0.01909	0.02212	0.21770	0.01647	0.01378	0.05323	0.42752	0.02777	0.07471	0.02515	0.02137	0.00885	0.00713	0.00226	0.00623	0.00771	0.00609	0.01074
3	0.01772	0.01517	0.01598	0.01427	0.01828	0.01752	0.01113	0.06256	0.67256	0.02977	0.02795	0.02567	0.02093	0.00942	0.00710	0.00236	0.00561	0.00783	0.00710	0.01108
4	0.01381	0.01326	0.02106	0.52179	0.03913	0.01727	0.01814	0.01752	0.01297	0.01752	0.01143	0.01760	0.00926	0.00855	0.01176	0.00254	0.22941	0.00617	0.00309	0.00772
5	0.01596	0.01524	0.02595	0.26576	0.49856	0.01624	0.02076	0.02027	0.01527	0.02120	0.01289	0.01770	0.01049	0.00646	0.00693	0.00215	0.00861	0.00621	0.00334	0.00999
6	0.75033	0.01362	0.01081	0.00951	0.01391	0.01563	0.00784	0.04144	0.01283	0.05823	0.01062	0.01198	0.00807	0.00662	0.00450	0.00216	0.00549	0.00398	0.00457	0.00786
7	0.01712	0.01643	0.02806	0.06794	0.68727	0.01654	0.02134	0.02129	0.01582	0.02262	0.01310	0.01732	0.01099	0.00625	0.00691	0.00208	0.00833	0.00622	0.00344	0.01093
8	0.01597	0.01534	0.02662	0.20143	0.47892	0.01598	0.06429	0.02031	0.01549	0.02152	0.01419	0.02070	0.01205	0.00701	0.00715	0.00221	0.00866	0.03867	0.00352	0.00995
9	0.01937	0.00921	0.01223	0.01034	0.01359	0.00818	0.00810	0.02219	0.01925	0.33421	0.34375	0.05788	0.06245	0.03663	0.00861	0.00235	0.00462	0.01029	0.00792	0.00882
10	0.00845	0.00627	0.00790	0.00920	0.00999	0.00571	0.00625	0.00977	0.01385	0.01802	0.04472	0.61751	0.17481	0.02105	0.00878	0.00274	0.00395	0.01885	0.00648	0.00571
11	0.01014	0.06091	0.06201	0.01093	0.01269	0.00856	0.00872	0.01280	0.03893	0.01898	0.05722	0.55366	0.04028	0.01878	0.00839	0.00268	0.00491	0.05685	0.00604	0.00651
12	0.02384	0.05372	0.06889	0.04419	0.20492	0.01670	0.01551	0.22133	0.02185	0.23190	0.01819	0.01859	0.01281	0.00760	0.00683	0.00209	0.00755	0.00628	0.00595	0.01128
13	0.01487	0.01413	0.02399	0.45069	0.32213	0.01595	0.02022	0.01931	0.01475	0.01988	0.01270	0.01805	0.01003	0.00666	0.00695	0.00222	0.00888	0.00621	0.00325	0.00912
14	0.01400	0.03610	0.71860	0.01989	0.03020	0.01621	0.02578	0.02210	0.01473	0.02210	0.01252	0.01473	0.00884	0.00663	0.00663	0.00221	0.01031	0.00516	0.00295	0.01031
15	0.01557	0.01263	0.01476	0.01062	0.01677	0.00977	0.00852	0.04145	0.01533	0.05176	0.01317	0.01493	0.01067	0.00542	0.00531	0.00112	0.00529	0.00433	0.00442	0.73818
16	0.01696	0.01745	0.03331	0.03763	0.44964	0.01699	0.27902	0.02178	0.01611	0.02263	0.01351	0.01787	0.01087	0.00609	0.00742	0.00218	0.00964	0.00700	0.00348	0.01042
17	0.01089	0.00798	0.00982	0.00995	0.01174	0.00750	0.00715	0.01461	0.08547	0.04472	0.14792	0.41776	0.09728	0.01713	0.00818	0.00247	0.00419	0.01524	0.00662	0.07338
18	0.00871	0.00709	0.00771	0.00756	0.00971	0.00609	0.00567	0.01092	0.01700	0.02146	0.25261	0.06286	0.52485	0.01670	0.00824	0.00231	0.00347	0.01413	0.00682	0.00609
19	0.01400	0.03610	0.71860	0.01989	0.03020	0.01621	0.02578	0.02210	0.01473	0.02210	0.01252	0.01473	0.00884	0.00663	0.00663	0.00221	0.01031	0.00516	0.00295	0.01031
20	0.24817	0.22876	0.02165	0.01336	0.01807	0.24810	0.01116	0.07536	0.01679	0.02329	0.01069	0.01222	0.00883	0.00667	0.00523	0.00182	0.00846	0.00420	0.00392	0.03323
21	0.01879	0.01281	0.01469	0.01171	0.01655	0.03190	0.00928	0.04534	0.13914	0.18030	0.09349	0.04737	0.02096	0.00840	0.00647	0.00176	0.00546	0.00696	0.00620	0.32242
22	0.01657	0.01587	0.02706	0.16144	0.59808	0.01640	0.02107	0.02080	0.01556	0.02195	0.01300	0.01750	0.01075	0.00635	0.00692	0.00212	0.00846	0.00621	0.00339	0.01049
23	0.01644	0.01857	0.07097	0.11021	0.14889	0.05699	0.29382	0.02305	0.09108	0.02233	0.03886	0.01975	0.01336	0.00711	0.00809	0.00228	0.03747	0.00729	0.00395	0.00949
24	0.01955	0.01242	0.01442	0.01290	0.01664	0.01320	0.01040	0.04903	0.33825	0.19355	0.02881	0.03421	0.02297	0.01079	0.00731	0.00239	0.00563	0.11950	0.07796	0.01007
25	0.00941	0.00650	0.00819	0.00922	0.01011	0.00595	0.00626	0.01068	0.01380	0.04318	0.04225	0.55982	0.15376	0.07296	0.01063	0.00301	0.00423	0.01783	0.00640	0.00583
26	0.01017	0.00676	0.00770	0.00782	0.00837	0.00670	0.00489	0.01100	0.01159	0.01608	0.02804	0.09458	0.09571	0.48803	0.07461	0.00572	0.00663	0.01069	0.10000	0.00491
27	0.00920	0.00684	0.00826	0.00893	0.01011	0.00631	0.00641	0.01084	0.01457	0.01885	0.11247	0.28134	0.23370	0.13863	0.01307	0.00332	0.00458	0.10065	0.00623	0.00569
28	0.01664	0.12073	0.12540	0.10315	0.24143	0.05266	0.16975	0.02114	0.01537	0.02054	0.01257	0.01650	0.01011	0.00695	0.00756	0.03112	0.00948	0.00610	0.00329	0.00951
29	0.77798	0.01344	0.01046	0.00929	0.01364	0.01547	0.00765	0.02097	0.01215	0.05441	0.01032	0.01175	0.00789	0.00655	0.00441	0.00216	0.00542	0.00389	0.00446	0.00770
30	0.01445	0.01315	0.02123	0.57170	0.12158	0.01566	0.01860	0.06783	0.01556	0.02036	0.01394	0.05010	0.01130	0.00764	0.00705	0.00230	0.00884	0.00680	0.00358	0.00835
31	0.01879	0.02005	0.02479	0.10786	0.44897	0.19407	0.01875	0.02233	0.01666	0.02073	0.01415	0.01769	0.03074	0.00688	0.00680	0.00204	0.00933	0.00603	0.00354	0.00982
32	0.01581	0.01215	0.01297	0.01144	0.01497	0.01307	0.00890	0.05283	0.37189	0.02807	0.05788	0.02559	0.02090	0.00879	0.00632	0.00199	0.00483	0.00724	0.22189	0.10247
33	0.18740	0.01865	0.01845	0.01463	0.01980	0.04897	0.01199	0.49430	0.05686	0.03961	0.01556	0.01586	0.01127	0.00798	0.00641	0.00211	0.00731	0.00576	0.00630	0.01078
34	0.20385	0.10907	0.23898	0.01688	0.02362	0.06470	0.11676	0.02144	0.01442	0.02320	0.01152	0.01399	0.00896	0.00652	0.00652	0.00204	0.03519	0.00503	0.00351	0.07382
35	0.01440	0.11975	0.09051	0.07605	0.06727	0.05088	0.03532	0.01828	0.04335	0.05002	0.05001	0.10802	0.16009	0.01182	0.00770	0.00228	0.02621	0.05504	0.00494	0.00808
36	0.04188	0.00839	0.00992	0.00965	0.01174	0.00822	0.00730	0.01614	0.10257	0.04798	0.32675	0.15863	0.16200	0.01518	0.00807	0.00239	0.00406	0.04499	0.00706	0.00709
37	0.01561	0.01530	0.02184	0.32024	0.14977	0.08724	0.07161	0.04502	0.03679	0.02126	0.07534	0.02363	0.01663	0.00961	0.03208	0.00255	0.00917	0.03370	0.00407	0.00853
38	0.01956	0.16271	0.02696	0.04840	0.10618	0.17869	0.12991	0.10602	0.01819	0.02204	0.01460	0.07894	0.01312	0.00822	0.00732	0.00206	0.03703	0.00689	0.00409	0.00908
39	0.01310	0.00704	0.00838	0.00839	0.00991	0.00677	0.00604	0.01541	0.01462	0.09343	0.07087	0.22460	0.02919	0.08470	0.03431	0.00286	0.00461	0.01092	0.34821	0.00661
40	0.01149	0.00743	0.01019	0.01141	0.01275	0.00713	0.00902	0.01377	0.01513	0.07099	0.03693	0.37744	0.04117	0.01965	0.00911	0.00296	0.00532	0.32499	0.00661	0.00649
41	0.01684	0.01606	0.02733	0.04121	0.67679	0.01604	0.02068	0.02084	0.01577	0.02255	0.01437	0.05327	0.01278	0.00699	0.00701	0.00211	0.00808	0.00689	0.00360	0.01079
42	0.01902	0.72331	0.03574	0.01224	0.01809	0.06195	0.01202	0.02124	0.01445	0.01645	0.00975	0.01126	0.00896	0.00603	0.00457	0.00151	0.00771	0.00377	0.00302	0.00891
43	0.00905	0.00655	0.00847	0.00967	0.01048	0.00615	0.00686	0.01064	0.01417	0.01870	0.08409	0.49794	0.10969	0.07191	0.01076	0.00307	0.00446	0.10520	0.00639	0.00575
44	0.01290	0.01228	0.01755	0.05058	0.01907	0.08441	0.12511	0.01591	0.01309	0.01732	0.01691	0.02466	0.01530	0.06340	0.46942	0.00813	0.01598	0.00733	0.00367	0.00697
45	0.01845	0.24887	0.02719	0.01737	0.05462	0.09023	0.13564	0.07050	0.01701	0.06689	0.04218	0.12407	0.01766	0.00926	0.00715	0.00207	0.02954	0.00792	0.00453	0.00886
46	0.00869	0.00637	0.00802	0.00926	0.01001	0.00588	0.00632	0.00999	0.01367	0.01781	0.04258	0.56082	0.15388	0.07218	0.01068	0.00304	0.00425	0.04460	0.00632	0.00564
47	0.01700	0.01630	0.02784	0.08870	0.66747	0.01651	0.02128	0.02118	0.01576	0.02247	0.01308	0.01736	0.01094	0.00627	0.00691	0.00209	0.00836	0.00622	0.00343	0.01084
48	0.01709	0.01640	0.02800	0.07304	0.68241	0.01653	0.02133	0.02126	0.01581	0.02258	0.01309	0.01733	0.01098	0.00625	0.00691	0.00208	0.00833	0.00622	0.00344	0.01091
49	0.01400	0.01191	0.01397	0.01029	0.01603	0.00902	0.00813	0.01695	0.01438	0.02235	0.01445	0.07230	0.01315	0.00648	0.00546	0.00118	0.00508	0.00537	0.00432	0.73519
50	0.04628	0.28309	0.10132	0.01376	0.01766	0.08462	0.01268	0.01833	0.01392	0.01809	0.01693	0.18968	0.01785	0.01098	0.00886	0.00220	0.12363	0.00820	0.00394	0.00798
51	0.11096	0.01102	0.01357	0.01110	0.01514	0.01045	0.00894	0.07224	0.01990	0.36128	0.25161	0.03132	0.03200	0.01025	0.00712	0.00217	0.00512	0.00847	0.00771	0.00962
52	0.01747	0.01404	0.02399	0.09780	0.19356	0.01392	0.16740	0.04577	0.04278	0.12574	0.04700	0.08934	0.04388	0.00941	0.00763	0.00232	0.00790	0.03545	0.00512	0.00947
53	0.01146	0.00809	0.01106	0.03399	0.04061	0.00794	0.00922	0.01406	0.01556	0.05450	0.13005	0.13556	0.12338	0.06750	0.07535	0.00375	0.00662	0.23857	0.00612	0.00662
54	0.00946	0.00675	0.00919	0.01081	0.01163	0.00649	0.00813	0.01136	0.01430	0.01888	0.03794	0.51689	0.04407	0.02096	0.00916	0.00297	0.00487	0.24374	0.00646	0.00593
55	0.02215	0.02266	0.02454	0.11530	0.02788	0.24566	0.14566	0.22848	0.02198	0.02649	0.01342	0.01601	0.01024	0.00749	0.00770	0.00212	0.04217	0.00607	0.00454	0.00945
56	0.01506	0.01453	0.02529	0.40779	0.31716	0.01609	0.06470	0.01959	0.01491	0.02015	0.01281	0.01808	0.01010	0.00659	0.00703	0.00222	0.00905	0.00634	0.00327	0.00921
57	0.01835	0.01898	0.02628	0.09451	0.49935	0.13272	0.03991	0.02275	0.03995	0.02166	0.01324	0.01696	0.01091	0.00654	0.00686	0.00207	0.00909	0.00605	0.00358	0.01025
58	0.02554	0.03237	0.01985	0.01799	0.02141	0.69209	0.01357	0.02732	0.01933	0.01706	0.01071	0.01272	0.00900	0.00744	0.00711	0.00186	0.04841	0.00457	0.00357	0.00807
59	0.01930	0.67198	0.06150	0.01249	0.01852	0.05195	0.01246	0.02177	0.01466	0.04706	0.01063	0.01193	0.00931	0.00616	0.00474	0.00156	0.00769	0.00396	0.00325	0.00910
60	0.00882	0.00706	0.00768	0.00758	0.00950	0.00622	0.00552	0.01066	0.01571	0.01969	0.17219	0.06054	0.49143	0.10543	0.03864	0.00318	0.00445	0.01355	0.00632	0.00583
61	0.01324	0.01084	0.01272	0.01225	0.01431	0.01210	0.00920	0.04468	0.27730	0.02420	0.11045	0.30433	0.03472	0.01495	0.00922	0.00257	0.06531	0.01281	0.00659	0.00821
62	0.01347	0.01133	0.01335	0.01017	0.01544	0.00877	0.00814	0.01650	0.01508	0.02274	0.07071	0.02540	0.06464	0.00769	0.00592	0.00136	0.00500	0.05126	0.00472	0.62829
63	0.01015	0.00677	0.00761	0.00761	0.00761	0.00677	0.00423	0.01015	0.01015	0.01353	0.02199	0.04567	0.02537	0.75476	0.03552	0.00677	0.00677	0.01015	0.00423	0.00423
64	0.01451	0.11559	0.64359	0.01902	0.02885	0.01746	0.02426	0.02197	0.01467	0.02147	0.01221	0.01434	0.00885	0.00656	0.00639	0.00213	0.01000	0.00500	0.00295	0.01016
65	0.02047	0.58097	0.03245	0.01342	0.01881	0.19908	0.01232	0.02260	0.01555	0.01658	0.00997	0.01154	0.00896	0.00627	0.00492	0.00157	0.00872	0.00392	0.00313	0.00874
66	0.02041	0.01077	0.01347	0.01077	0.01511	0.00941	0.00864	0.06367	0.01921	0.31417	0.17444	0.03375	0.12159	0.01047	0.00713	0.00200	0.00502	0.00873	0.00727	0.14396
67	0.01993	0.01655	0.01691	0.01439	0.01872	0.04560	0.01140	0.24398	0.40420	0.03266	0.02729	0.02576	0.07179	0.00967	0.00712	0.00226	0.00634	0.00778	0.00688	0.01079
68	0.01606	0.01244	0.01442	0.01115	0.01613	0.01081	0.00876	0.13113	0.01767	0.04953	0.04068	0.10816	0.01767	0.03580	0.00722	0.00173	0.00548	0.00704	0.00519	0.48293
69	0.00878	0.00670	0.00807	0.00855	0.00996	0.00599	0.00610	0.01075	0.01596	0.02090	0.22901	0.32629	0.28098	0.01837	0.00850	0.00250	0.00367	0.01613	0.00680	0.00599
70	0.01400	0.03610	0.71860	0.01989	0.03020	0.01621	0.02578	0.02210	0.01473	0.02210	0.01252	0.01473	0.00884	0.00663	0.00663	0.00221	0.01031	0.00516	0.00295	0.01031
71	0.01714	0.03922	0.04638	0.04602	0.21482	0.07466	0.16901	0.02060	0.01518	0.07169	0.01568	0.02266	0.01368	0.13609	0.03974	0.00329	0.03414	0.00720	0.00396	0.00884
72	0.00984	0.00691	0.00844	0.00916	0.00972	0.00673	0.00599	0.03499	0.01306	0.01732	0.03273	0.42024	0.06126	0.29098	0.01863	0.00425	0.00523	0.03345	0.00567	0.00540
73	0.08180	0.01123	0.01233	0.01070	0.01403	0.01172	0.00842	0.12971	0.11148	0.14561	0.06741	0.08156	0.02174	0.00978	0.00637	0.00207	0.00496	0.00796	0.25220	0.00891
74	0.01554	0.01424	0.02169	0.13987	0.27293	0.03465	0.05673	0.05943	0.06437	0.02273	0.03865	0.02839	0.04082	0.01290	0.07203	0.00310	0.00898	0.07936	0.00445	0.00915
75	0.01792	0.01673	0.02739	0.04001	0.64013	0.01696	0.02050	0.06814	0.04002	0.02448	0.01389	0.01753	0.01145	0.00648	0.00692	0.00208	0.00815	0.00628	0.00382	0.01111
76	0.01630	0.01753	0.01993	0.04612	0.10184	0.20781	0.09847	0.01902	0.01522	0.01839	0.01782	0.14528	0.01760	0.01885	0.15288	0.00408	0.06245	0.00861	0.00404	0.00777
77	0.01933	0.36389	0.19058	0.01520	0.02138	0.21200	0.01531	0.02286	0.01583	0.01832	0.01119	0.01300	0.00930	0.00654	0.00549	0.00175	0.00934	0.00438	0.03539	0.00894
78	0.02581	0.01264	0.01527	0.01214	0.01675	0.01238	0.00989	0.16730	0.06711	0.39516	0.02441	0.02289	0.01653	0.00854	0.00660	0.00206	0.00575	0.00682	0.16119	0.01077
79	0.02422	0.01550	0.01794	0.01389	0.01890	0.04109	0.01138	0.23048	0.02175	0.25551	0.01831	0.01823	0.01291	0.00810	0.00820	0.00197	0.08231	0.00596	0.00636	0.18701
80	0.00865	0.00621	0.00825	0.00982	0.01035	0.00581	0.00671	0.00999	0.01359	0.01802	0.03929	0.69285	0.06457	0.02160	0.00893	0.00284	0.00417	0.05617	0.00647	0.00572
81	0.01015	0.00677	0.00761	0.00761	0.00761	0.00677	0.00423	0.01015	0.01015	0.01353	0.02199	0.04567	0.02537	0.75476	0.03552	0.00677	0.00677	0.01015	0.00423	0.00423
82	0.10723	0.00926	0.01086	0.01066	0.01328	0.00924	0.00865	0.01844	0.06985	0.11267	0.11185	0.10232	0.12661	0.01448	0.00783	0.00255	0.00508	0.20629	0.04533	0.00751
83	0.01011	0.00699	0.00833	0.00855	0.00914	0.00685	0.00567	0.01111	0.01257	0.01673	0.10604	0.07337	0.07478	0.49385	0.02609	0.00533	0.00604	0.10832	0.00515	0.00497
84	0.42085	0.01322	0.01302	0.01084	0.01539	0.01410	0.00888	0.09589	0.03690	0.21895	0.04558	0.01975	0.04379	0.00815	0.00575	0.00217	0.00563	0.00587	0.00609	0.00919
85	0.02549	0.01877	0.02020	0.01569	0.02098	0.02072	0.01287	0.64885	0.03169	0.04247	0.01801	0.05904	0.01384	0.00915	0.00709	0.00214	0.00747	0.00706	0.00695	0.01151
86	0.01789	0.01712	0.01978	0.01700	0.01890	0.07770	0.01384	0.09536	0.18811	0.02290	0.01499	0.01794	0.01252	0.01070	0.01583	0.00267	0.41678	0.00645	0.00455	0.00899
87	0.02603	0.02410	0.02035	0.01665	0.02149	0.26416	0.01326	0.43680	0.05284	0.03418	0.01513	0.01566	0.01122	0.00801	0.00675	0.00200	0.00929	0.00573	0.00582	0.01054
88	0.01727	0.01658	0.02832	0.04283	0.71123	0.01658	0.02142	0.02142	0.01589	0.02280	0.01313	0.01727	0.01105	0.00622	0.00691	0.00207	0.00829	0.00622	0.00345	0.01105
89	0.01727	0.01658	0.02832	0.04283	0.71123	0.01658	0.02142	0.02142	0.01589	0.02280	0.01313	0.01727	0.01105	0.00622	0.00691	0.00207	0.00829	0.00622	0.00345	0.01105
90	0.01325	0.01251	0.02095	0.71224	0.04700	0.01571	0.01923	0.01779	0.01384	0.01779	0.01229	0.01849	0.00930	0.00716	0.00755	0.00235	0.03551	0.00620	0.00310	0.00775
91	0.01447	0.01240	0.01447	0.01034	0.01654	0.00930	0.00827	0.01757	0.01447	0.02274	0.01240	0.01447	0.01034	0.00517	0.00517	0.00103	0.00517	0.00413	0.00413	0.79742
92	0.02078	0.18769	0.02403	0.01676	0.01966	0.33353	0.01375	0.02258	0.01546	0.01684	0.01000	0.01318	0.00904	0.00862	0.01151	0.00215	0.25815	0.00487	0.00328	0.00813
93	0.02608	0.03277	0.01982	0.01791	0.02158	0.70152	0.01348	0.05148	0.02024	0.01804	0.01100	0.01273	0.00909	0.00723	0.00632	0.00181	0.01241	0.00456	0.00372	0.00823
94	0.00857	0.00652	0.00789	0.00874	0.00992	0.00584	0.00610	0.01019	0.01490	0.01927	0.12206	0.44733	0.26820	0.01964	0.00861	0.00261	0.00380	0.01735	0.00661	0.00584
95	0.00935	0.00741	0.00845	0.00814	0.01023	0.00666	0.00612	0.01253	0.04440	0.02346	0.36247	0.05862	0.38545	0.01578	0.00819	0.00228	0.00350	0.01349	0.00706	0.00641
96	0.00957	0.00684	0.00863	0.00943	0.01031	0.00652	0.00675	0.01117	0.01410	0.01864	0.11465	0.29922	0.10938	0.19825	0.01537	0.00374	0.00503	0.14075	0.00606	0.00559
97	0.80405	0.01350	0.01026	0.00918	0.01350	0.01565	0.00756	0.02051	0.01188	0.03131	0.00972	0.01134	0.00756	0.00648	0.00432	0.00216	0.00540	0.00378	0.00432	0.00756
98	0.01318	0.01240	0.02093	0.73798	0.04806	0.01550	0.01938	0.01783	0.01395	0.01783	0.01240	0.01860	0.00930	0.00698	0.00698	0.00233	0.00930	0.00620	0.00310	0.00775
99	0.01121	0.00881	0.01053	0.01105	0.01310	0.00890	0.00881	0.01698	0.14991	0.02169	0.06189	0.17769	0.20296	0.01725	0.00864	0.00274	0.00505	0.24908	0.00661	0.00708
100	0.01008	0.00705	0.00904	0.00904	0.00953	0.00754	0.00601	0.01107	0.01057	0.01459	0.02068	0.03843	0.02223	0.47622	0.30976	0.00853	0.01149	0.00909	0.00403	0.00502
101	0.01806	0.30128	0.33152	0.01659	0.02400	0.15903	0.01829	0.02278	0.01551	0.01903	0.01115	0.01301	0.00891	0.00650	0.00577	0.00187	0.00971	0.00450	0.00309	0.00938
102	0.05553	0.01944	0.08986	0.01595	0.01928	0.18234	0.05477	0.06683	0.01538	0.02010	0.01411	0.01950	0.01238	0.04959	0.22564	0.00510	0.11631	0.00622	0.00379	0.00788
103	0.08490	0.02216	0.14037	0.01796	0.02307	0.12955	0.10852	0.09526	0.15651	0.02546	0.03586	0.01835	0.01356	0.00820	0.00856	0.00227	0.08888	0.00636	0.00467	0.00952
104	0.00858	0.00650	0.00792	0.00879	0.00994	0.00584	0.00613	0.01020	0.01487	0.01928	0.12354	0.46013	0.25364	0.01971	0.00863	0.00261	0.00380	0.01744	0.00661	0.00584
105	0.00873	0.00623	0.00836	0.00997	0.01048	0.00586	0.00687	0.01011	0.01358	0.01807	0.03834	0.69501	0.04566	0.02165	0.00897	0.00287	0.00424	0.07281	0.00647	0.00573
106	0.01866	0.75896	0.03657	0.01194	0.01791	0.02761	0.01194	0.02090	0.01418	0.01642	0.00970	0.01119	0.00896	0.00597	0.00448	0.00149	0.00746	0.00373	0.00299	0.00896
107	0.01124	0.00803	0.01124	0.01285	0.01446	0.00803	0.01124	0.01446	0.01606	0.02088	0.03695	0.07871	0.04016	0.01928	0.00964	0.00321	0.00643	0.66426	0.00643	0.00643
108	0.00998	0.00722	0.00863	0.00821	0.01008	0.00647	0.00607	0.01247	0.01770	0.04400	0.41771	0.05588	0.27910	0.07347	0.01035	0.00261	0.00373	0.01298	0.00703	0.00632
109	0.01400	0.03610	0.71860	0.01989	0.03020	0.01621	0.02578	0.02210	0.01473	0.02210	0.01252	0.01473	0.00884	0.00663	0.00663	0.00221	0.01031	0.00516	0.00295	0.01031
110	0.00930	0.00645	0.00799	0.00876	0.00910	0.00620	0.00555	0.01017	0.01252	0.01682	0.08416	0.40068	0.03901	0.32778	0.01998	0.00443	0.00513	0.01522	0.00563	0.00514
111	0.74961	0.01338	0.01071	0.00959	0.01365	0.01566	0.00789	0.02012	0.01181	0.03029	0.00997	0.01198	0.00792	0.00810	0.02709	0.00247	0.03401	0.00398	0.00425	0.00752
112	0.01129	0.00775	0.00913	0.00850	0.01087	0.00691	0.00647	0.01432	0.03728	0.08576	0.34577	0.05548	0.34425	0.01513	0.00810	0.00227	0.00370	0.01291	0.00722	0.00688
113	0.01677	0.14530	0.38493	0.02321	0.16837	0.01805	0.04510	0.04446	0.01580	0.05616	0.01313	0.01535	0.00989	0.00657	0.00643	0.00207	0.00919	0.00539	0.00349	0.01035
114	0.02063	0.04828	0.04302	0.11890	0.12151	0.23293	0.06319	0.09625	0.04315	0.04858	0.01334	0.01616	0.01052	0.00767	0.00841	0.00215	0.08614	0.00580	0.00410	0.00926
115	0.01082	0.00752	0.01075	0.01061	0.01179	0.00843	0.00797	0.01287	0.01136	0.04252	0.01963	0.03057	0.01887	0.17751	0.57464	0.01006	0.01605	0.00794	0.00401	0.00609
116	0.01604	0.01751	0.09781	0.10803	0.34112	0.01609	0.07132	0.02360	0.14124	0.02320	0.01742	0.02289	0.01437	0.00777	0.00720	0.00227	0.00826	0.04945	0.00423	0.01018
117	0.31668	0.01333	0.01431	0.01153	0.01634	0.01368	0.00944	0.11760	0.01835	0.34299	0.01923	0.01902	0.01324	0.03637	0.00710	0.00233	0.00601	0.00583	0.00664	0.00998
118	0.00930	0.00674	0.00896	0.01045	0.01137	0.00639	0.00781	0.01116	0.01437	0.01882	0.04054	0.49526	0.09642	0.02076	0.00907	0.00291	0.00472	0.21257	0.00646	0.00591
119	0.01984	0.05455	0.07352	0.04430	0.19925	0.04470	0.06184	0.21349	0.02100	0.06519	0.04198	0.02028	0.03906	0.00777	0.00683	0.00205	0.00789	0.00664	0.03484	0.03499
120	0.01561	0.23113	0.37047	0.01833	0.07698	0.01881	0.01915	0.03981	0.04148	0.02105	0.01401	0.05101	0.01174	0.00890	0.03114	0.00235	0.00909	0.00578	0.00347	0.00970
121	0.01014	0.00679	0.00774	0.00774	0.00778	0.00683	0.00438	0.01023	0.01018	0.01362	0.02187	0.04504	0.02510	0.73051	0.05939	0.00692	0.00718	0.01006	0.00421	0.00430
122	0.01861	0.01589	0.02611	0.06438	0.44724	0.01629	0.06269	0.04927	0.01644	0.09590	0.01444	0.01780	0.01144	0.00707	0.00838	0.00216	0.07402	0.00635	0.00412	0.04139

[dist]
# distance from previous block
# <min> <max>
0	2

[block]
# block no. 1 follows, 30 sequences, length 17
# corresponding to MSA columns:
# 213-229
name=unknown_B
#
# <colnr> <probs for GDERKNQSTAVLIFYWHMCP>
#	G	D	E	R	K	N	Q	S	T	A	V	L	I	F	Y	W	H	M	C	P
0	0.10115	0.01621	0.01411	0.01268	0.01613	0.15101	0.00980	0.05352	0.25246	0.05109	0.13697	0.02925	0.08383	0.01009	0.00686	0.00217	0.00637	0.00803	0.02942	0.00886
1	0.01545	0.05113	0.37738	0.01680	0.02435	0.01505	0.04574	0.06552	0.07322	0.04522	0.03883	0.02270	0.04074	0.00817	0.00681	0.00213	0.00832	0.04192	0.00435	0.09618
2	0.01704	0.01623	0.02717	0.04013	0.65347	0.01598	0.02032	0.02110	0.01577	0.02279	0.01307	0.01704	0.01099	0.00613	0.00676	0.00199	0.00803	0.00604	0.00351	0.07643
3	0.00868	0.00709	0.00766	0.00752	0.00969	0.00607	0.00564	0.01085	0.01692	0.02126	0.23841	0.06320	0.53917	0.01678	0.00824	0.00231	0.00347	0.01417	0.00680	0.00607
4	0.14671	0.01316	0.01420	0.01225	0.01610	0.01397	0.00985	0.22013	0.08239	0.09069	0.04833	0.11614	0.04579	0.01124	0.00699	0.00228	0.00585	0.06908	0.03293	0.04192
5	0.01728	0.01292	0.07699	0.01291	0.01677	0.01096	0.03794	0.05047	0.12549	0.19146	0.14047	0.17241	0.05577	0.01266	0.00775	0.00238	0.00570	0.03376	0.00688	0.00902
6	0.54014	0.01412	0.01059	0.00967	0.01311	0.09166	0.00753	0.01965	0.01284	0.02709	0.01268	0.01708	0.01092	0.09430	0.00825	0.00260	0.00611	0.00490	0.08965	0.00711
7	0.01257	0.01017	0.01138	0.01077	0.01340	0.01059	0.00828	0.04596	0.24452	0.02550	0.20377	0.10610	0.20212	0.01421	0.00795	0.00240	0.00451	0.05079	0.00699	0.00802
8	0.01727	0.01658	0.02832	0.04283	0.71123	0.01658	0.02142	0.02142	0.01589	0.02280	0.01313	0.01727	0.01105	0.00622	0.00691	0.00207	0.00829	0.00622	0.00345	0.01105
9	0.01447	0.01240	0.01447	0.01034	0.01654	0.00930	0.00827	0.01757	0.01447	0.02274	0.01240	0.01447	0.01034	0.00517	0.00517	0.00103	0.00517	0.00413	0.00413	0.79742
10	0.01125	0.00676	0.00751	0.00769	0.00932	0.00645	0.00581	0.01409	0.01560	0.02409	0.13688	0.10603	0.13673	0.01260	0.00662	0.00205	0.00360	0.05723	0.42336	0.00634
11	0.00884	0.00645	0.00840	0.00983	0.01062	0.00601	0.00698	0.01039	0.01402	0.01835	0.04203	0.58021	0.12285	0.02103	0.00893	0.00283	0.00431	0.10567	0.00647	0.00580
12	0.00968	0.00764	0.00962	0.00945	0.01084	0.00758	0.00705	0.01198	0.01657	0.02249	0.34063	0.20522	0.21348	0.01657	0.00974	0.00245	0.07188	0.01411	0.00670	0.00631
13	0.01015	0.00677	0.00761	0.00761	0.00761	0.00677	0.00423	0.01015	0.01015	0.01353	0.02199	0.04567	0.02537	0.75476	0.03552	0.00677	0.00677	0.01015	0.00423	0.00423
14	0.02256	0.02670	0.01919	0.01684	0.02049	0.51747	0.06260	0.02483	0.01917	0.04717	0.07520	0.02185	0.07890	0.00871	0.00681	0.00194	0.01064	0.00650	0.00440	0.00802
15	0.80405	0.01350	0.01026	0.00918	0.01350	0.01565	0.00756	0.02051	0.01188	0.03131	0.00972	0.01134	0.00756	0.00648	0.00432	0.00216	0.00540	0.00378	0.00432	0.00756
16	0.01429	0.10935	0.24651	0.01375	0.02068	0.01369	0.01448	0.01885	0.01414	0.02100	0.01285	0.01568	0.01051	0.01126	0.09004	0.00266	0.00871	0.00481	0.00356	0.35315

[dist]
# distance from previous block
# <min> <max>
4	5

[block]
# block no. 2 follows, 30 sequences, length 17
# corresponding to MSA columns:
# 235-251
name=unknown_C
#
# <colnr> <probs for GDERKNQSTAVLIFYWHMCP>
#	G	D	E	R	K	N	Q	S	T	A	V	L	I	F	Y	W	H	M	C	P
0	0.05395	0.07661	0.25000	0.05354	0.02573	0.01639	0.13955	0.03977	0.01478	0.04913	0.01505	0.06481	0.01274	0.01196	0.06863	0.00306	0.08457	0.00695	0.00379	0.00898
1	0.01531	0.24693	0.46214	0.01750	0.02606	0.01924	0.04797	0.02140	0.01484	0.02067	0.03925	0.01534	0.01120	0.00671	0.00613	0.00200	0.00926	0.00516	0.00317	0.00973
2	0.00887	0.00643	0.00889	0.01010	0.01071	0.00644	0.00705	0.01041	0.01282	0.01740	0.03345	0.56685	0.03887	0.02959	0.19110	0.00496	0.00776	0.01670	0.00578	0.00581
3	0.08543	0.03363	0.02111	0.21399	0.20955	0.03391	0.03470	0.11168	0.03939	0.02533	0.07937	0.02231	0.04416	0.00806	0.00685	0.00217	0.00767	0.00695	0.00454	0.00919
4	0.01404	0.01339	0.02199	0.55108	0.04171	0.01632	0.06976	0.02013	0.08607	0.01930	0.01397	0.01915	0.01066	0.00756	0.00832	0.00239	0.06588	0.00653	0.00355	0.00822
5	0.00866	0.00659	0.00802	0.00899	0.01019	0.00594	0.00640	0.01030	0.01470	0.01886	0.08192	0.44352	0.26840	0.01992	0.00870	0.00267	0.00399	0.05986	0.00653	0.00584
6	0.01631	0.01560	0.02660	0.20527	0.55626	0.01633	0.02094	0.02058	0.01544	0.02164	0.01296	0.01758	0.01064	0.00640	0.00692	0.00213	0.00853	0.00621	0.00337	0.01028
7	0.02562	0.02493	0.01967	0.01641	0.02091	0.33248	0.01292	0.36125	0.02610	0.03115	0.01443	0.01539	0.01091	0.00784	0.00657	0.00194	0.00962	0.00550	0.04643	0.00992
8	0.00847	0.00619	0.00798	0.00941	0.01004	0.00569	0.00634	0.00975	0.01365	0.01793	0.04218	0.67142	0.12253	0.02138	0.00883	0.00278	0.00399	0.01925	0.00648	0.00569
9	0.00933	0.00642	0.00785	0.00866	0.00886	0.00622	0.00535	0.00993	0.01175	0.01566	0.03019	0.39667	0.03572	0.38962	0.02226	0.00481	0.00541	0.01498	0.00535	0.00495
10	0.01237	0.00882	0.01027	0.00950	0.01197	0.00844	0.00723	0.05910	0.07833	0.07026	0.29669	0.11165	0.25883	0.01485	0.00804	0.00231	0.00409	0.01273	0.00716	0.00736
11	0.01866	0.75896	0.03657	0.01194	0.01791	0.02761	0.01194	0.02090	0.01418	0.01642	0.00970	0.01119	0.00896	0.00597	0.00448	0.00149	0.00746	0.00373	0.00299	0.00896
12	0.01187	0.00836	0.01089	0.01171	0.01326	0.00856	0.00938	0.01601	0.08584	0.04258	0.03317	0.17708	0.03541	0.11276	0.04978	0.00389	0.00660	0.35003	0.00616	0.00667
13	0.01015	0.00677	0.00761	0.00761	0.00761	0.00677	0.00423	0.01015	0.01015	0.01353	0.02199	0.04567	0.02537	0.75476	0.03552	0.00677	0.00677	0.01015	0.00423	0.00423
14	0.01477	0.01458	0.02536	0.10396	0.02610	0.01695	0.23099	0.01827	0.01346	0.01970	0.01387	0.04241	0.01206	0.01087	0.03901	0.00287	0.29275	0.00735	0.08667	0.00799
15	0.13540	0.01266	0.01906	0.46847	0.12803	0.01483	0.01659	0.01804	0.01406	0.02066	0.01719	0.02156	0.07051	0.00774	0.00667	0.00227	0.00806	0.00658	0.00363	0.00800
16	0.01556	0.18747	0.54160	0.01813	0.02721	0.05321	0.02228	0.02213	0.01486	0.02066	0.01185	0.01389	0.00887	0.00652	0.00616	0.00204	0.00983	0.00483	0.00299	0.00992

[dist]
# distance from previous block
# <min> <max>
0	1

[block]
# block no. 3 follows, 30 sequences, length 19
# corresponding to MSA columns:
# 253-271
name=unknown_D
#
# <colnr> <probs for GDERKNQSTAVLIFYWHMCP>
#	G	D	E	R	K	N	Q	S	T	A	V	L	I	F	Y	W	H	M	C	P
0	0.01659	0.03742	0.06182	0.02401	0.23797	0.09441	0.03848	0.02279	0.12913	0.02242	0.07582	0.02246	0.03637	0.01050	0.04035	0.00259	0.08472	0.00702	0.00447	0.03067
1	0.01205	0.00788	0.00997	0.00927	0.01138	0.00731	0.00701	0.01574	0.05049	0.09384	0.49282	0.10040	0.12602	0.01440	0.00811	0.00226	0.00374	0.01260	0.00753	0.00717
2	0.04285	0.12247	0.32659	0.01970	0.05867	0.09248	0.08201	0.13090	0.01826	0.02476	0.01276	0.01478	0.00959	0.00679	0.00647	0.00206	0.00964	0.00539	0.00380	0.01003
3	0.02452	0.01764	0.02138	0.01914	0.09705	0.09860	0.08111	0.16512	0.12634	0.24474	0.02057	0.02016	0.01446	0.00800	0.00705	0.00215	0.00785	0.00674	0.00639	0.01096
4	0.00889	0.00708	0.00800	0.00796	0.00997	0.00618	0.00599	0.01118	0.01702	0.02180	0.27159	0.09490	0.44630	0.01684	0.00833	0.00236	0.00359	0.03902	0.00686	0.00612
5	0.01588	0.01311	0.02059	0.61017	0.04312	0.01576	0.01808	0.08877	0.01635	0.07123	0.01395	0.01879	0.01015	0.00724	0.00698	0.00229	0.00889	0.00627	0.00391	0.00848
6	0.00850	0.00607	0.00810	0.00972	0.01012	0.00567	0.00648	0.00972	0.01336	0.01781	0.03846	0.75020	0.04615	0.02186	0.00891	0.00283	0.00405	0.01984	0.00648	0.00567
7	0.01839	0.01792	0.03794	0.02721	0.03405	0.01669	0.59827	0.02386	0.01692	0.11231	0.01586	0.01946	0.01146	0.00624	0.00808	0.00233	0.01101	0.00808	0.00419	0.00973
8	0.80405	0.01350	0.01026	0.00918	0.01350	0.01565	0.00756	0.02051	0.01188	0.03131	0.00972	0.01134	0.00756	0.00648	0.00432	0.00216	0.00540	0.00378	0.00432	0.00756
9	0.00848	0.00655	0.00774	0.00855	0.00985	0.00582	0.00599	0.01005	0.01481	0.01886	0.09200	0.42291	0.32413	0.01966	0.00859	0.00260	0.00379	0.01727	0.00655	0.00582
10	0.01400	0.03610	0.71860	0.01989	0.03020	0.01621	0.02578	0.02210	0.01473	0.02210	0.01252	0.01473	0.00884	0.00663	0.00663	0.00221	0.01031	0.00516	0.00295	0.01031
11	0.01527	0.01527	0.02137	0.01832	0.01832	0.02137	0.01527	0.01679	0.01069	0.01679	0.00916	0.01527	0.00916	0.01221	0.02290	0.00305	0.74198	0.00611	0.00305	0.00763
12	0.01532	0.00922	0.01167	0.01023	0.01295	0.00881	0.00794	0.05091	0.07157	0.16009	0.49392	0.04307	0.05067	0.01255	0.00785	0.00220	0.00417	0.01089	0.00779	0.00818
13	0.00856	0.00651	0.00790	0.00889	0.01004	0.00586	0.00625	0.01011	0.01455	0.01864	0.07411	0.47104	0.27031	0.02008	0.00868	0.00266	0.00393	0.03955	0.00652	0.00580
14	0.02433	0.01774	0.01926	0.01531	0.02035	0.01955	0.01252	0.52849	0.11732	0.06787	0.02021	0.04939	0.01557	0.00941	0.00716	0.00220	0.00714	0.02782	0.00703	0.01134
15	0.01015	0.00677	0.00761	0.00761	0.00761	0.00677	0.00423	0.01015	0.01015	0.01353	0.02199	0.04567	0.02537	0.75476	0.03552	0.00677	0.00677	0.01015	0.00423	0.00423
16	0.01815	0.01665	0.01614	0.01454	0.01846	0.08164	0.01127	0.03625	0.63710	0.02809	0.02681	0.02482	0.02019	0.00926	0.00703	0.00232	0.00616	0.00758	0.00678	0.01078
17	0.02278	0.01117	0.01379	0.01123	0.01531	0.01050	0.00903	0.12461	0.02065	0.35958	0.11168	0.05624	0.10076	0.01069	0.00714	0.00214	0.00527	0.00883	0.08879	0.00981
18	0.01700	0.13056	0.01817	0.01302	0.01682	0.01688	0.01064	0.02896	0.39339	0.06997	0.07364	0.02929	0.07305	0.01023	0.00778	0.00226	0.04565	0.02662	0.00631	0.00977

[dist]
# distance from previous block
# <min> <max>
0	2

[block]
# block no. 4 follows, 30 sequences, length 114
# corresponding to MSA columns:
# 274-283,305-314,318-336,411-441,457-500
name=unknown_E
#
# <colnr> <probs for GDERKNQSTAVLIFYWHMCP>
#	G	D	E	R	K	N	Q	S	T	A	V	L	I	F	Y	W	H	M	C	P
0	0.05139	0.35861	0.22312	0.01724	0.06443	0.09816	0.03807	0.04007	0.01552	0.02003	0.01115	0.01310	0.00913	0.00638	0.00560	0.00183	0.00892	0.00458	0.00325	0.00940
1	0.27729	0.11627	0.04894	0.01240	0.01611	0.16880	0.01044	0.01974	0.01469	0.02243	0.01776	0.14912	0.01806	0.01052	0.00620	0.00221	0.00732	0.06964	0.00450	0.00755
2	0.01843	0.01787	0.04210	0.02814	0.32996	0.07457	0.04353	0.10245	0.12411	0.02542	0.01664	0.03955	0.01367	0.00795	0.00789	0.00218	0.05264	0.00680	0.03581	0.01028
3	0.00838	0.00707	0.00725	0.00721	0.00951	0.00595	0.00540	0.01027	0.01621	0.01958	0.12146	0.06596	0.65717	0.01740	0.00825	0.00234	0.00352	0.01456	0.00658	0.00595
4	0.01049	0.00782	0.01141	0.01150	0.01249	0.00820	0.03665	0.01220	0.01290	0.04054	0.02986	0.45144	0.03377	0.06118	0.16624	0.00480	0.06202	0.01478	0.00547	0.00623
5	0.01077	0.00730	0.00941	0.00979	0.01117	0.00690	0.00741	0.01300	0.01587	0.05043	0.22986	0.18649	0.10242	0.12996	0.01282	0.00328	0.00487	0.17551	0.00656	0.00618
6	0.01350	0.01273	0.02151	0.68380	0.09975	0.01559	0.01954	0.01811	0.01410	0.01822	0.01246	0.01850	0.00944	0.00692	0.00697	0.00231	0.00922	0.00620	0.00313	0.00801
7	0.02650	0.02038	0.02087	0.01617	0.02164	0.06454	0.01328	0.64780	0.03202	0.04234	0.01639	0.01650	0.01169	0.00830	0.00694	0.00208	0.00798	0.00617	0.00677	0.01164
8	0.00997	0.00748	0.01121	0.01121	0.01246	0.00872	0.00872	0.01246	0.01121	0.01620	0.01869	0.02741	0.01745	0.05234	0.72710	0.01121	0.01869	0.00748	0.00374	0.00623
9	0.01433	0.01358	0.02302	0.54162	0.23539	0.01581	0.01996	0.01884	0.01450	0.01923	0.01261	0.01823	0.00980	0.00676	0.00696	0.00225	0.00902	0.00621	0.00320	0.00868
10	0.00886	0.00734	0.00779	0.00763	0.00990	0.00639	0.00574	0.01150	0.03861	0.02096	0.19291	0.06292	0.56161	0.01675	0.00821	0.00233	0.00355	0.01410	0.00673	0.00619
11	0.01159	0.00965	0.01510	0.01486	0.04506	0.00945	0.10542	0.03419	0.05691	0.02111	0.06398	0.40476	0.03702	0.01699	0.00865	0.00272	0.00588	0.12352	0.00603	0.00711
12	0.00861	0.00615	0.00822	0.00984	0.01029	0.00576	0.00666	0.00990	0.01346	0.01793	0.03840	0.72459	0.04593	0.02176	0.00893	0.00285	0.00414	0.04442	0.00648	0.00570
13	0.01727	0.01658	0.02832	0.04283	0.71123	0.01658	0.02142	0.02142	0.01589	0.02280	0.01313	0.01727	0.01105	0.00622	0.00691	0.00207	0.00829	0.00622	0.00345	0.01105
14	0.01727	0.01658	0.02832	0.04283	0.71123	0.01658	0.02142	0.02142	0.01589	0.02280	0.01313	0.01727	0.01105	0.00622	0.00691	0.00207	0.00829	0.00622	0.00345	0.01105
15	0.02653	0.01955	0.02094	0.01606	0.02164	0.02164	0.01326	0.68796	0.03281	0.04398	0.01675	0.01675	0.01187	0.00838	0.00698	0.00209	0.00768	0.00628	0.00698	0.01187
16	0.66482	0.03543	0.01247	0.01047	0.01485	0.08133	0.00856	0.06180	0.01393	0.03038	0.01024	0.01178	0.00799	0.00665	0.00467	0.00210	0.00625	0.00400	0.00438	0.00791
17	0.03791	0.01646	0.05617	0.02022	0.02556	0.01579	0.32171	0.07190	0.17032	0.02603	0.01935	0.04518	0.01513	0.00776	0.00727	0.00224	0.00839	0.00791	0.11529	0.00941
18	0.01469	0.01428	0.02262	0.54334	0.20328	0.04614	0.01961	0.01910	0.01466	0.01897	0.01250	0.01803	0.00970	0.00681	0.00693	0.00224	0.00920	0.00613	0.00321	0.00854
19	0.01446	0.01235	0.01309	0.01210	0.01538	0.01363	0.00929	0.02836	0.47596	0.02610	0.06453	0.08043	0.18058	0.01227	0.00751	0.00239	0.00490	0.01035	0.00694	0.00938
20	0.01447	0.01240	0.01447	0.01034	0.01654	0.00930	0.00827	0.01757	0.01447	0.02274	0.01240	0.01447	0.01034	0.00517	0.00517	0.00103	0.00517	0.00413	0.00413	0.79742
21	0.01334	0.01257	0.02122	0.71044	0.07434	0.01555	0.01946	0.01797	0.01403	0.01803	0.01243	0.01855	0.00937	0.00695	0.00697	0.00232	0.00926	0.00620	0.00311	0.00788
22	0.00889	0.00740	0.00780	0.00765	0.00995	0.00647	0.00575	0.01164	0.04398	0.02082	0.17731	0.06295	0.57152	0.01676	0.00820	0.00233	0.00357	0.01409	0.00671	0.00622
23	0.01400	0.03610	0.71860	0.01989	0.03020	0.01621	0.02578	0.02210	0.01473	0.02210	0.01252	0.01473	0.00884	0.00663	0.00663	0.00221	0.01031	0.00516	0.00295	0.01031
24	0.00850	0.00607	0.00810	0.00972	0.01012	0.00567	0.00648	0.00972	0.01336	0.01781	0.03846	0.75020	0.04615	0.02186	0.00891	0.00283	0.00405	0.01984	0.00648	0.00567
25	0.01417	0.06393	0.51030	0.01787	0.02616	0.01551	0.04028	0.04058	0.03949	0.02339	0.09800	0.02205	0.01748	0.00812	0.00691	0.00222	0.00898	0.03095	0.00393	0.00970
26	0.01428	0.08007	0.67711	0.01941	0.02945	0.01690	0.02494	0.02203	0.01470	0.02175	0.01235	0.01452	0.00885	0.00659	0.00650	0.00217	0.01014	0.00507	0.00295	0.01023
27	0.00882	0.00725	0.00787	0.00817	0.01039	0.00630	0.00644	0.01086	0.01594	0.01924	0.06424	0.06937	0.58067	0.01798	0.00851	0.00252	0.00409	0.13888	0.00647	0.00599
28	0.80405	0.01350	0.01026	0.00918	0.01350	0.01565	0.00756	0.02051	0.01188	0.03131	0.00972	0.01134	0.00756	0.00648	0.00432	0.00216	0.00540	0.00378	0.00432	0.00756
29	0.01447	0.01240	0.01447	0.01034	0.01654	0.00930	0.00827	0.01757	0.01447	0.02274	0.01240	0.01447	0.01034	0.00517	0.00517	0.00103	0.00517	0.00413	0.00413	0.79742
30	0.02195	0.01681	0.02137	0.25782	0.03078	0.01898	0.03624	0.41500	0.02544	0.06327	0.01568	0.01774	0.01120	0.00784	0.00702	0.00218	0.00828	0.00635	0.00565	0.01041
31	0.01617	0.00856	0.01087	0.01012	0.01269	0.00774	0.00786	0.01825	0.01629	0.23060	0.07929	0.11691	0.17939	0.12618	0.01227	0.00314	0.00528	0.12395	0.00686	0.00757
32	0.01849	0.73349	0.06059	0.01222	0.01834	0.02721	0.01243	0.02094	0.01420	0.01662	0.00980	0.01132	0.00895	0.00599	0.00455	0.00152	0.00756	0.00378	0.00298	0.00900
33	0.00941	0.00651	0.00810	0.00901	0.00933	0.00631	0.00582	0.01023	0.01215	0.01616	0.03119	0.39756	0.03670	0.34075	0.02054	0.00457	0.00539	0.05969	0.00549	0.00509
34	0.01783	0.01434	0.01812	0.06720	0.14818	0.01531	0.01287	0.24569	0.10040	0.03110	0.16584	0.02970	0.08307	0.01002	0.00735	0.00218	0.00639	0.00849	0.00618	0.00973
35	0.00919	0.00667	0.00777	0.00824	0.00970	0.00601	0.00589	0.01122	0.01557	0.02099	0.16943	0.29786	0.27928	0.01739	0.00808	0.00241	0.00364	0.01516	0.09949	0.00601
36	0.01318	0.01240	0.02093	0.73798	0.04806	0.01550	0.01938	0.01783	0.01395	0.01783	0.01240	0.01860	0.00930	0.00698	0.00698	0.00233	0.00930	0.00620	0.00310	0.00775
37	0.01318	0.01240	0.02093	0.73798	0.04806	0.01550	0.01938	0.01783	0.01395	0.01783	0.01240	0.01860	0.00930	0.00698	0.00698	0.00233	0.00930	0.00620	0.00310	0.00775
38	0.02025	0.01715	0.01727	0.01483	0.01911	0.06247	0.01169	0.22294	0.44261	0.03233	0.02427	0.04582	0.01862	0.00941	0.00707	0.00227	0.00654	0.00760	0.00683	0.01092
39	0.01702	0.01633	0.02787	0.08512	0.67088	0.01651	0.02129	0.02120	0.01577	0.02250	0.01308	0.01735	0.01095	0.00626	0.00691	0.00209	0.00835	0.00622	0.00343	0.01085
40	0.00885	0.00680	0.00807	0.00897	0.01015	0.00627	0.00621	0.01098	0.04303	0.01848	0.04798	0.47245	0.26035	0.04536	0.00954	0.00279	0.00404	0.01733	0.00643	0.00592
41	0.05350	0.01231	0.01594	0.01215	0.01764	0.01075	0.01000	0.05742	0.01942	0.56535	0.02431	0.02171	0.01573	0.00805	0.00666	0.00199	0.00588	0.00646	0.00777	0.12696
42	0.02512	0.01949	0.04003	0.01595	0.02148	0.02100	0.01336	0.59463	0.10856	0.04167	0.01797	0.01776	0.01286	0.00845	0.00698	0.00213	0.00751	0.00644	0.00688	0.01173
43	0.01839	0.28424	0.36855	0.01592	0.02394	0.01923	0.01848	0.02358	0.01538	0.13104	0.01394	0.01494	0.01023	0.00672	0.00594	0.00195	0.00862	0.00496	0.00387	0.01009
44	0.01893	0.73350	0.03603	0.01208	0.01804	0.02741	0.01199	0.04386	0.01482	0.01737	0.00994	0.01139	0.00906	0.00605	0.00456	0.00151	0.00747	0.00382	0.00312	0.00906
45	0.00876	0.00637	0.00847	0.00989	0.01027	0.00617	0.00665	0.00994	0.01316	0.01762	0.03698	0.70199	0.04428	0.04909	0.01032	0.00299	0.02600	0.01907	0.00629	0.00567
46	0.01034	0.00739	0.01008	0.01061	0.01157	0.00785	0.00809	0.01229	0.01240	0.01686	0.02567	0.07310	0.02737	0.24264	0.29401	0.00731	0.01117	0.20078	0.00476	0.00569
47	0.01727	0.01658	0.02832	0.04283	0.71123	0.01658	0.02142	0.02142	0.01589	0.02280	0.01313	0.01727	0.01105	0.00622	0.00691	0.00207	0.00829	0.00622	0.00345	0.01105
48	0.01435	0.01758	0.12826	0.01996	0.02545	0.01444	0.28715	0.02215	0.14431	0.02294	0.04513	0.10325	0.07808	0.01009	0.00791	0.00241	0.00842	0.03423	0.00490	0.00897
49	0.03099	0.01239	0.01651	0.01266	0.01807	0.01102	0.01046	0.07775	0.02083	0.67110	0.02681	0.02328	0.01691	0.00862	0.00702	0.00215	0.00605	0.00697	0.00853	0.01188
50	0.01334	0.00831	0.01028	0.13947	0.01662	0.00895	0.00853	0.04780	0.01545	0.02460	0.02252	0.05673	0.01919	0.00949	0.00595	0.00197	0.00487	0.06756	0.51143	0.00694
51	0.01613	0.01542	0.02627	0.23602	0.52693	0.01628	0.02085	0.02042	0.01535	0.02142	0.01293	0.01764	0.01057	0.00643	0.00693	0.00214	0.00857	0.00621	0.00336	0.01014
52	0.01491	0.01484	0.02680	0.08544	0.27100	0.01463	0.22184	0.01992	0.04542	0.02248	0.08153	0.02761	0.10484	0.00847	0.00762	0.00224	0.00828	0.00855	0.00436	0.00924
53	0.01447	0.01240	0.01447	0.01034	0.01654	0.00930	0.00827	0.01757	0.01447	0.02274	0.01240	0.01447	0.01034	0.00517	0.00517	0.00103	0.00517	0.00413	0.00413	0.79742
54	0.01795	0.01580	0.02694	0.11370	0.44853	0.01622	0.08801	0.02267	0.04152	0.08607	0.01488	0.01842	0.01169	0.00687	0.00775	0.00219	0.03978	0.00656	0.00402	0.01045
55	0.01455	0.02937	0.51045	0.01916	0.02782	0.01528	0.09572	0.02234	0.05712	0.04630	0.01955	0.02102	0.07455	0.00781	0.00700	0.00225	0.00940	0.00661	0.00379	0.00990
56	0.00992	0.00687	0.00969	0.01046	0.01143	0.00639	0.02829	0.01159	0.01439	0.04846	0.09753	0.61403	0.04541	0.02004	0.00877	0.00274	0.00437	0.03686	0.00658	0.00615
57	0.01700	0.01664	0.02748	0.13052	0.58512	0.03896	0.04011	0.02119	0.01578	0.02197	0.01299	0.01734	0.01075	0.00634	0.00694	0.00210	0.00866	0.00622	0.00342	0.01049
58	0.01352	0.01102	0.04551	0.01144	0.03584	0.00942	0.00900	0.08481	0.01987	0.05753	0.43283	0.03966	0.06865	0.01165	0.00750	0.00202	0.00462	0.01006	0.00675	0.11830
59	0.03747	0.01447	0.02138	0.05815	0.36744	0.01480	0.01585	0.06919	0.09889	0.09046	0.02299	0.06368	0.07679	0.00891	0.00711	0.00220	0.00701	0.00795	0.00507	0.01020
60	0.01666	0.01556	0.02449	0.03389	0.51489	0.01504	0.01788	0.02158	0.05927	0.02319	0.01395	0.01722	0.01155	0.00620	0.00654	0.00186	0.00743	0.00587	0.00384	0.18308
