[name]
unknown

[dist]
# distance from previous block
# <min> <max>
0	12

[block]
# block no. 0 follows, 32 sequences, length 169
# corresponding to MSA columns:
# 14-156,285-310
name=unknown_A
#
# <colnr> <probs for GDERKNQSTAVLIFYWHMCP>
#	G	D	E	R	K	N	Q	S	T	A	V	L	I	F	Y	W	H	M	C	P
0	0.00960	0.00704	0.00893	0.00994	0.01109	0.00676	0.00737	0.04624	0.01471	0.01920	0.03995	0.47935	0.13639	0.01926	0.00853	0.00270	0.00449	0.15627	0.00624	0.00594
1	0.01518	0.08606	0.20360	0.10139	0.13390	0.01722	0.27782	0.02053	0.01470	0.02035	0.01234	0.01613	0.00952	0.00622	0.00743	0.00214	0.03685	0.00625	0.00314	0.00923
2	0.01774	0.04196	0.15783	0.02642	0.22981	0.01545	0.20999	0.04738	0.01624	0.11942	0.01561	0.04432	0.01213	0.00690	0.00697	0.00212	0.00877	0.00685	0.00416	0.00994
3	0.00818	0.00602	0.00761	0.00886	0.00955	0.00551	0.00598	0.00940	0.01317	0.01718	0.04176	0.62355	0.15730	0.04052	0.00915	0.00275	0.00388	0.01800	0.00617	0.00545
4	0.01399	0.11065	0.62165	0.01825	0.02724	0.01698	0.02290	0.02088	0.01392	0.02042	0.01160	0.01383	0.00853	0.00657	0.00693	0.00209	0.04622	0.00486	0.00284	0.00965
5	0.01787	0.06092	0.36791	0.02220	0.16415	0.03748	0.05338	0.02337	0.01553	0.15211	0.01473	0.01623	0.01052	0.00661	0.00646	0.00205	0.00875	0.00555	0.00400	0.01017
6	0.01485	0.06303	0.56665	0.01849	0.02721	0.06145	0.05929	0.02151	0.01475	0.04362	0.01445	0.01626	0.03528	0.00680	0.00642	0.00208	0.00964	0.00542	0.00321	0.00957
7	0.02997	0.01163	0.01571	0.01204	0.01724	0.01018	0.00995	0.05222	0.01957	0.70695	0.02617	0.02264	0.01646	0.00830	0.00675	0.00207	0.00576	0.00673	0.00826	0.01142
8	0.01431	0.01594	0.09829	0.22190	0.38131	0.01471	0.01883	0.01855	0.01455	0.02007	0.01784	0.02145	0.08106	0.00745	0.00712	0.00212	0.02522	0.00668	0.00346	0.00914
9	0.02256	0.04018	0.09505	0.01644	0.02227	0.01318	0.17078	0.02801	0.08727	0.37238	0.02297	0.02213	0.03892	0.00779	0.00695	0.00213	0.00737	0.00707	0.00620	0.01034
10	0.02452	0.01346	0.01768	0.08737	0.08137	0.01361	0.01221	0.13505	0.12271	0.38583	0.02235	0.02109	0.01510	0.00803	0.00674	0.00210	0.00642	0.00662	0.00689	0.01084
11	0.10787	0.01157	0.01500	0.01163	0.01672	0.01038	0.00960	0.03141	0.01843	0.65763	0.02477	0.02165	0.01568	0.00810	0.00649	0.00208	0.00566	0.00644	0.00789	0.01101
12	0.01364	0.01302	0.07441	0.07462	0.01824	0.01247	0.01097	0.02398	0.33440	0.04482	0.05273	0.22457	0.04931	0.01229	0.00732	0.00237	0.00550	0.01068	0.00604	0.00860
13	0.01832	0.01788	0.02569	0.05485	0.54777	0.10733	0.03714	0.04694	0.01645	0.04483	0.01292	0.01629	0.01054	0.00626	0.00661	0.00198	0.00851	0.00585	0.00362	0.01019
14	0.01360	0.11213	0.14486	0.01616	0.04431	0.01674	0.01469	0.01669	0.01212	0.01744	0.01371	0.02173	0.01295	0.01811	0.15831	0.00415	0.28796	0.06330	0.00333	0.00771
15	0.03715	0.00706	0.00840	0.00800	0.00986	0.00645	0.00602	0.01207	0.01771	0.02459	0.51419	0.05274	0.24262	0.01436	0.00779	0.00215	0.00330	0.01240	0.00695	0.00618
16	0.01296	0.01092	0.01589	0.01836	0.18106	0.01068	0.05768	0.03261	0.07519	0.03910	0.05903	0.04484	0.23645	0.01240	0.00761	0.00232	0.00583	0.13582	0.03334	0.00790
17	0.06530	0.03101	0.01855	0.01685	0.02035	0.70031	0.01267	0.02643	0.01863	0.01712	0.01032	0.01204	0.00857	0.00688	0.00595	0.00175	0.01175	0.00429	0.00349	0.00775
18	0.01060	0.00772	0.01045	0.01180	0.01334	0.00771	0.01003	0.01401	0.04097	0.01996	0.03704	0.14582	0.07339	0.01837	0.00903	0.00298	0.00576	0.54856	0.00621	0.00624
19	0.00870	0.00613	0.00796	0.00922	0.00964	0.00584	0.00622	0.00981	0.01249	0.01661	0.03390	0.56736	0.04015	0.15963	0.01340	0.00346	0.00458	0.07382	0.00582	0.00525
20	0.01613	0.01845	0.03814	0.02738	0.03402	0.04351	0.65402	0.02157	0.01590	0.02131	0.01341	0.01776	0.01012	0.00568	0.00777	0.00221	0.01117	0.00768	0.00341	0.03035
21	0.01267	0.01193	0.02013	0.74806	0.04621	0.01491	0.01863	0.01714	0.01342	0.01714	0.01193	0.01789	0.00894	0.00671	0.00671	0.00224	0.00894	0.00596	0.00298	0.00745
22	0.01532	0.01276	0.01467	0.01061	0.01650	0.01038	0.00853	0.09976	0.01605	0.02434	0.01243	0.01418	0.01012	0.00534	0.00518	0.00112	0.00526	0.00423	0.00431	0.70891
23	0.77279	0.01391	0.01031	0.00924	0.01336	0.05067	0.00755	0.02007	0.01179	0.02943	0.00939	0.01096	0.00733	0.00626	0.00425	0.00206	0.00553	0.00367	0.00412	0.00729
24	0.01584	0.01810	0.03959	0.02828	0.03507	0.01697	0.69796	0.02149	0.01584	0.02149	0.01357	0.01810	0.01018	0.00566	0.00792	0.00226	0.01131	0.00792	0.00339	0.00905
25	0.00831	0.00593	0.00794	0.00949	0.00994	0.00556	0.00645	0.00957	0.01297	0.01727	0.03691	0.72607	0.04409	0.02090	0.00860	0.00274	0.00401	0.05153	0.00623	0.00549
26	0.01362	0.06195	0.70364	0.01884	0.02860	0.01599	0.02430	0.02121	0.01415	0.02105	0.01194	0.01404	0.00850	0.00635	0.00630	0.00210	0.00981	0.00491	0.00283	0.00987
27	0.01661	0.01594	0.02724	0.04119	0.72233	0.01594	0.02059	0.02059	0.01528	0.02192	0.01262	0.01661	0.01063	0.00598	0.00664	0.00199	0.00797	0.00598	0.00332	0.01063
28	0.00900	0.00679	0.00831	0.00803	0.00974	0.00610	0.00598	0.01165	0.01765	0.02397	0.50366	0.09043	0.24412	0.01500	0.00795	0.00218	0.00327	0.01305	0.00701	0.00610
29	0.01550	0.36968	0.41237	0.01563	0.02364	0.02059	0.01871	0.02072	0.01392	0.01875	0.01080	0.01261	0.00855	0.00609	0.00543	0.00181	0.00866	0.00433	0.00285	0.00932
30	0.01502	0.01636	0.03382	0.02500	0.03041	0.01606	0.53856	0.01992	0.01533	0.02096	0.03439	0.02473	0.01449	0.00784	0.00946	0.00241	0.08415	0.07883	0.00375	0.00850
31	0.00951	0.00701	0.00992	0.00998	0.01097	0.00786	0.00743	0.01141	0.01084	0.01527	0.02101	0.05480	0.04513	0.17448	0.56222	0.00945	0.01494	0.00829	0.00386	0.00562
32	0.01533	0.01467	0.02479	0.25484	0.48703	0.01582	0.01975	0.01936	0.01450	0.02022	0.01225	0.01691	0.01004	0.00645	0.00732	0.00211	0.03992	0.00597	0.00320	0.00952
33	0.01341	0.01289	0.02094	0.43708	0.09469	0.01602	0.04240	0.01695	0.01284	0.01746	0.01254	0.05492	0.01091	0.00862	0.01074	0.00242	0.19766	0.00668	0.00318	0.00765
34	0.04052	0.01196	0.01977	0.72230	0.04506	0.01491	0.01824	0.01723	0.01335	0.01760	0.01184	0.01765	0.00889	0.00669	0.00662	0.00223	0.00881	0.00588	0.00302	0.00745
35	0.00867	0.00680	0.00793	0.00790	0.00973	0.00606	0.00594	0.01092	0.01627	0.02114	0.29282	0.10535	0.39123	0.01740	0.03512	0.00259	0.00399	0.03767	0.00654	0.00592
36	0.07849	0.01405	0.04217	0.01341	0.01781	0.01402	0.05973	0.17279	0.15317	0.15752	0.02427	0.02423	0.07527	0.01216	0.06671	0.00282	0.00719	0.00719	0.04747	0.00952
37	0.01284	0.01216	0.02016	0.68537	0.04376	0.01539	0.01830	0.01706	0.01315	0.01706	0.01166	0.01761	0.00893	0.00714	0.00802	0.00230	0.07271	0.00596	0.00298	0.00744
38	0.01661	0.01594	0.02724	0.04119	0.72233	0.01594	0.02059	0.02059	0.01528	0.02192	0.01262	0.01661	0.01063	0.00598	0.00664	0.00199	0.00797	0.00598	0.00332	0.01063
39	0.01702	0.01673	0.02683	0.04001	0.68773	0.05152	0.02022	0.02090	0.01546	0.02165	0.01251	0.01638	0.01053	0.00602	0.00661	0.00198	0.00817	0.00590	0.00333	0.01049
40	0.05208	0.01178	0.01375	0.01121	0.01548	0.05824	0.00901	0.02674	0.01804	0.49544	0.05400	0.06490	0.11904	0.01018	0.00691	0.00211	0.00562	0.00832	0.00740	0.00975
41	0.02551	0.01879	0.02014	0.01544	0.02081	0.02081	0.01275	0.69996	0.03155	0.04229	0.01611	0.01611	0.01141	0.00805	0.00671	0.00201	0.00738	0.00604	0.00671	0.01141
42	0.01049	0.06258	0.01099	0.00893	0.01097	0.03324	0.00698	0.01332	0.01791	0.02417	0.51784	0.04926	0.14851	0.01360	0.00766	0.00212	0.00395	0.04433	0.00670	0.00644
43	0.01368	0.07088	0.69518	0.01875	0.02846	0.01612	0.02413	0.02119	0.01414	0.02098	0.01191	0.01400	0.00851	0.00634	0.00627	0.00209	0.00978	0.00489	0.00284	0.00985
44	0.04922	0.01295	0.01560	0.01264	0.01737	0.01298	0.01023	0.08128	0.23968	0.43420	0.02547	0.02269	0.01718	0.00848	0.00669	0.00214	0.00569	0.00687	0.00759	0.01104
45	0.01102	0.00922	0.01555	0.01497	0.03197	0.00888	0.13755	0.01398	0.01467	0.01942	0.03141	0.28674	0.03459	0.01667	0.00873	0.00279	0.00643	0.32324	0.00561	0.00657
46	0.00818	0.00584	0.00779	0.00934	0.00973	0.00545	0.00623	0.00934	0.01285	0.01713	0.03698	0.75981	0.04438	0.02102	0.00856	0.00273	0.00389	0.01908	0.00623	0.00545
47	0.01661	0.01594	0.02724	0.04119	0.72233	0.01594	0.02059	0.02059	0.01528	0.02192	0.01262	0.01661	0.01063	0.00598	0.00664	0.00199	0.00797	0.00598	0.00332	0.01063
48	0.02037	0.01574	0.01687	0.01417	0.01857	0.01773	0.01130	0.26045	0.44448	0.06921	0.02347	0.02190	0.01721	0.00871	0.00678	0.00218	0.00603	0.00702	0.00687	0.01093
49	0.14414	0.01179	0.01411	0.01130	0.01593	0.01138	0.00924	0.05800	0.07639	0.47707	0.02316	0.02113	0.01537	0.00801	0.00620	0.00205	0.00546	0.00628	0.07269	0.01031
50	0.01025	0.00738	0.01011	0.01141	0.01285	0.00723	0.00962	0.01305	0.01542	0.02022	0.09573	0.15783	0.07043	0.01836	0.00901	0.00293	0.00552	0.51029	0.00629	0.00608
51	0.01592	0.01778	0.03754	0.02753	0.05001	0.01692	0.63250	0.02249	0.06581	0.02198	0.01454	0.01856	0.01093	0.00591	0.00781	0.00226	0.01080	0.00785	0.00364	0.00920
52	0.10937	0.02082	0.02154	0.01693	0.02197	0.16935	0.10932	0.38929	0.02452	0.03261	0.01382	0.01499	0.01021	0.00728	0.00647	0.00200	0.00869	0.00569	0.00528	0.00987
53	0.01586	0.01780	0.03787	0.02902	0.09345	0.01701	0.61601	0.02123	0.01560	0.02134	0.01333	0.01785	0.01017	0.00590	0.00830	0.00226	0.03684	0.00768	0.00337	0.00913
54	0.00887	0.00654	0.00839	0.00970	0.01037	0.00637	0.00659	0.01151	0.07017	0.01803	0.03619	0.69941	0.04241	0.02004	0.00842	0.00269	0.00401	0.01813	0.00628	0.00588
55	0.01808	0.65463	0.09135	0.01253	0.01845	0.07681	0.01269	0.02067	0.01407	0.01628	0.00963	0.01114	0.00860	0.00588	0.00460	0.00151	0.00776	0.00375	0.00291	0.00866
56	0.68975	0.07548	0.01268	0.00952	0.01389	0.01641	0.00801	0.06873	0.01305	0.02980	0.00983	0.01126	0.00768	0.00632	0.00435	0.00202	0.00551	0.00380	0.00423	0.00768
57	0.00945	0.00686	0.00891	0.00840	0.01000	0.00631	0.00630	0.01258	0.01889	0.02667	0.70130	0.05051	0.08095	0.01381	0.00791	0.00211	0.00317	0.01219	0.00736	0.00631
58	0.07292	0.01376	0.01937	0.41274	0.13524	0.03858	0.01608	0.11213	0.01627	0.02279	0.01310	0.01729	0.01001	0.00684	0.00635	0.00209	0.00799	0.00578	0.06229	0.00837
59	0.01120	0.00957	0.04692	0.00985	0.01228	0.00841	0.00809	0.06368	0.05525	0.02706	0.53494	0.04633	0.08586	0.01306	0.00775	0.00216	0.00407	0.03949	0.00697	0.00706
60	0.79074	0.01295	0.01013	0.02811	0.01384	0.01505	0.00756	0.01966	0.01147	0.02977	0.00941	0.01108	0.00731	0.00624	0.00422	0.00208	0.00529	0.00369	0.00412	0.00727
61	0.00897	0.00653	0.00887	0.00939	0.00999	0.00621	0.02977	0.01015	0.01263	0.01699	0.08799	0.48450	0.03941	0.21829	0.01532	0.00367	0.00479	0.01563	0.00565	0.00528
62	0.11279	0.11043	0.10131	0.02533	0.27990	0.13090	0.06555	0.04339	0.01554	0.02172	0.01151	0.01430	0.00940	0.00634	0.00638	0.00195	0.02534	0.00518	0.00344	0.00930
63	0.01545	0.01712	0.03596	0.02782	0.08936	0.01648	0.57138	0.02052	0.01535	0.02103	0.01445	0.05574	0.01190	0.00679	0.00858	0.00230	0.04916	0.00822	0.00351	0.00891
64	0.00816	0.00589	0.00773	0.00921	0.00970	0.00546	0.00617	0.00936	0.01297	0.01718	0.03859	0.72367	0.07948	0.02081	0.00853	0.00270	0.00387	0.01882	0.00623	0.00546
65	0.01494	0.01910	0.14783	0.02379	0.06969	0.01607	0.36469	0.04067	0.01536	0.02153	0.04612	0.04458	0.01424	0.00790	0.00933	0.00233	0.10013	0.02918	0.00371	0.00882
66	0.01840	0.03301	0.07808	0.04133	0.01953	0.07645	0.04735	0.15377	0.15620	0.09875	0.10395	0.05562	0.04363	0.00932	0.00686	0.00210	0.00677	0.00776	0.03184	0.00928
67	0.02229	0.01261	0.01423	0.01140	0.01543	0.01300	0.00926	0.29323	0.02239	0.21510	0.02078	0.02089	0.01473	0.00804	0.00603	0.00188	0.00550	0.00630	0.27726	0.00966
68	0.00887	0.00669	0.00975	0.01056	0.01144	0.00629	0.04205	0.01054	0.01351	0.01805	0.06466	0.62686	0.04289	0.01969	0.00857	0.00271	0.00446	0.08056	0.00613	0.00574
69	0.01614	0.14561	0.27704	0.02039	0.05259	0.05456	0.21046	0.06603	0.01615	0.02170	0.03265	0.01692	0.02630	0.00662	0.00657	0.00202	0.00941	0.00605	0.00350	0.00929
70	0.01923	0.36166	0.10157	0.01460	0.02024	0.08508	0.04711	0.17716	0.01853	0.02312	0.01336	0.01751	0.01149	0.00736	0.00577	0.00183	0.00808	0.05307	0.00407	0.00917
71	0.01109	0.00785	0.00909	0.00849	0.01079	0.00720	0.00645	0.03765	0.04692	0.07355	0.29529	0.08910	0.34191	0.01474	0.00778	0.00221	0.00373	0.01259	0.00684	0.00672
72	0.04533	0.01563	0.03849	0.14396	0.14285	0.05263	0.12072	0.06573	0.03513	0.16303	0.01572	0.01808	0.01154	0.00734	0.00803	0.00216	0.07198	0.00629	0.02597	0.00938
73	0.01557	0.09864	0.41111	0.01692	0.02445	0.01624	0.05714	0.06191	0.10236	0.05640	0.01746	0.03959	0.03762	0.00762	0.00648	0.00210	0.00839	0.00622	0.00408	0.00970
74	0.00850	0.00682	0.00759	0.00740	0.00941	0.00591	0.00555	0.01074	0.01664	0.02133	0.30539	0.05930	0.48019	0.01580	0.00792	0.00221	0.00331	0.01342	0.00665	0.00591
75	0.07743	0.06749	0.10053	0.11593	0.33286	0.04369	0.06473	0.07875	0.01611	0.02301	0.01229	0.01558	0.00977	0.00630	0.00635	0.00202	0.00837	0.00561	0.00356	0.00963
76	0.01758	0.16940	0.08700	0.07513	0.04007	0.11180	0.14717	0.11094	0.04142	0.02182	0.01606	0.05904	0.03821	0.00788	0.00690	0.00202	0.02808	0.00668	0.00403	0.00878
77	0.01868	0.11258	0.15023	0.16600	0.08763	0.17030	0.03919	0.13642	0.01807	0.02238	0.01213	0.01474	0.00936	0.00671	0.00626	0.00196	0.00930	0.00523	0.00372	0.00910
78	0.00912	0.00669	0.00874	0.00990	0.01105	0.00631	0.00760	0.01116	0.01455	0.01900	0.09179	0.37149	0.14658	0.01903	0.00866	0.00273	0.00453	0.23896	0.00630	0.00579
79	0.01757	0.18979	0.08492	0.04817	0.23951	0.05991	0.03065	0.11205	0.05337	0.02295	0.03212	0.01849	0.04791	0.00721	0.00620	0.00191	0.00774	0.00595	0.00406	0.00955
80	0.04367	0.04783	0.18597	0.01740	0.08776	0.14367	0.01478	0.08842	0.10311	0.04384	0.01697	0.05071	0.02856	0.01095	0.04454	0.04355	0.00871	0.00632	0.00435	0.00890
81	0.01057	0.00712	0.00877	0.00873	0.01062	0.00639	0.00664	0.01285	0.01636	0.07916	0.25897	0.17779	0.27256	0.01611	0.00807	0.00236	0.00388	0.07994	0.00676	0.00636
82	0.10160	0.06181	0.20014	0.03623	0.05772	0.17971	0.07889	0.02081	0.01495	0.04442	0.01542	0.04585	0.03499	0.06941	0.00854	0.00239	0.00891	0.00624	0.00373	0.00824
83	0.01839	0.06459	0.15816	0.07319	0.19692	0.01671	0.10384	0.12144	0.06278	0.09583	0.01525	0.01718	0.01129	0.00679	0.00665	0.00206	0.00829	0.00608	0.00441	0.01015
84	0.01134	0.00841	0.01102	0.01120	0.01268	0.00840	0.03044	0.11549	0.01606	0.02141	0.03288	0.55274	0.03764	0.01829	0.00833	0.00264	0.00490	0.08339	0.00620	0.00655
85	0.00903	0.00637	0.00763	0.00828	0.00879	0.00610	0.00537	0.00984	0.01189	0.01554	0.03345	0.30513	0.11802	0.36130	0.02027	0.00442	0.00517	0.05330	0.00523	0.00488
86	0.09893	0.01735	0.10171	0.03688	0.10762	0.03855	0.18590	0.09574	0.07413	0.02545	0.08337	0.04766	0.01726	0.00786	0.00682	0.00213	0.00785	0.00728	0.02852	0.00898
87	0.18555	0.23024	0.06636	0.01416	0.04285	0.12988	0.02742	0.12654	0.01709	0.04234	0.01370	0.03451	0.02916	0.00721	0.00549	0.00186	0.00762	0.00515	0.00417	0.00871
88	0.01031	0.00717	0.00908	0.00861	0.01040	0.00661	0.00645	0.01354	0.03614	0.05619	0.54193	0.10309	0.13646	0.01429	0.00788	0.00218	0.00342	0.01254	0.00719	0.00652
89	0.01339	0.01136	0.01335	0.00986	0.01531	0.00863	0.00779	0.01625	0.01397	0.02166	0.03214	0.06769	0.01377	0.00633	0.00530	0.00115	0.00485	0.00526	0.00422	0.72772
90	0.01675	0.12925	0.29291	0.05576	0.08359	0.07221	0.01732	0.06230	0.03689	0.05648	0.03873	0.01609	0.01179	0.00674	0.00609	0.00189	0.00831	0.00526	0.00382	0.07781
91	0.00823	0.00606	0.00772	0.00889	0.00965	0.00555	0.00607	0.00963	0.01366	0.01798	0.09076	0.60397	0.14745	0.01989	0.00842	0.00261	0.00377	0.01783	0.00631	0.00555
92	0.03963	0.01159	0.01296	0.03694	0.01502	0.04763	0.00917	0.19446	0.01895	0.02658	0.16703	0.06462	0.02574	0.02063	0.19515	0.00428	0.00883	0.00816	0.08497	0.00767
93	0.03840	0.22623	0.06376	0.01775	0.13320	0.10736	0.01331	0.08971	0.05432	0.13000	0.01745	0.01801	0.04800	0.00736	0.00595	0.00186	0.00753	0.00563	0.00464	0.00954
94	0.01932	0.06900	0.02189	0.16596	0.22268	0.03780	0.01540	0.08183	0.08509	0.15100	0.01625	0.01813	0.01212	0.00734	0.00731	0.00209	0.04618	0.00605	0.00475	0.00981
95	0.00818	0.00584	0.00779	0.00934	0.00973	0.00545	0.00623	0.00934	0.01285	0.01713	0.03698	0.75981	0.04438	0.02102	0.00856	0.00273	0.00389	0.01908	0.00623	0.00545
96	0.01651	0.05167	0.22009	0.02338	0.03039	0.09129	0.38168	0.04390	0.01600	0.02123	0.01263	0.01600	0.00952	0.00622	0.00752	0.00215	0.03084	0.00648	0.00333	0.00916
97	0.01995	0.10975	0.06492	0.01274	0.01757	0.03680	0.03318	0.11966	0.01896	0.21821	0.13197	0.04473	0.02229	0.00895	0.00658	0.00194	0.00629	0.03144	0.00600	0.08808
98	0.00950	0.00686	0.00897	0.00844	0.01002	0.00633	0.00633	0.01266	0.01899	0.02691	0.71879	0.05012	0.06331	0.01372	0.00791	0.00211	0.00317	0.01213	0.00739	0.00633
99	0.01408	0.01406	0.02572	0.44722	0.14618	0.01575	0.17540	0.01864	0.01415	0.01884	0.01230	0.01762	0.00948	0.00654	0.00754	0.00223	0.03641	0.00641	0.00313	0.00830
100	0.01474	0.20679	0.47348	0.01654	0.02451	0.04007	0.01976	0.02102	0.03646	0.01966	0.01221	0.01442	0.00944	0.00912	0.05238	0.00250	0.00970	0.00484	0.00304	0.00931
101	0.01395	0.03175	0.61867	0.02260	0.13839	0.01564	0.02413	0.02115	0.01434	0.02136	0.01213	0.01455	0.00884	0.00631	0.00642	0.00210	0.00961	0.00512	0.00291	0.01003
102	0.02402	0.09426	0.02020	0.01660	0.02027	0.63880	0.01272	0.02668	0.05448	0.01697	0.01116	0.01266	0.00926	0.00693	0.00594	0.00173	0.01132	0.00443	0.00358	0.00800
103	0.01561	0.01160	0.01310	0.01259	0.01539	0.04212	0.01027	0.09966	0.17140	0.08200	0.03165	0.11036	0.06840	0.01403	0.00795	0.00256	0.00598	0.27070	0.00645	0.00817
104	0.01428	0.01375	0.02382	0.39417	0.27197	0.01520	0.08287	0.01904	0.03578	0.01951	0.01360	0.04166	0.01113	0.00690	0.00686	0.00217	0.00856	0.00663	0.00336	0.00871
105	0.01446	0.01436	0.02014	0.01733	0.01738	0.02003	0.01441	0.01597	0.01030	0.01612	0.00920	0.01518	0.00915	0.01339	0.05247	0.00327	0.72068	0.00593	0.00296	0.00728
106	0.02551	0.01879	0.02014	0.01544	0.02081	0.02081	0.01275	0.69996	0.03155	0.04229	0.01611	0.01611	0.01141	0.00805	0.00671	0.00201	0.00738	0.00604	0.00671	0.01141
107	0.01584	0.01810	0.03959	0.02828	0.03507	0.01697	0.69796	0.02149	0.01584	0.02149	0.01357	0.01810	0.01018	0.00566	0.00792	0.00226	0.01131	0.00792	0.00339	0.00905
108	0.00954	0.00712	0.01058	0.01063	0.01176	0.00823	0.00818	0.01183	0.01082	0.01555	0.01869	0.05082	0.01791	0.07142	0.69209	0.01039	0.01716	0.00766	0.00369	0.00591
109	0.01455	0.00964	0.04763	0.01038	0.01327	0.00807	0.00874	0.01827	0.04051	0.17811	0.39391	0.04548	0.06953	0.01278	0.00773	0.00225	0.00455	0.09976	0.00713	0.00772
110	0.01627	0.01405	0.01477	0.01332	0.01704	0.01616	0.01035	0.03440	0.67660	0.02759	0.02928	0.02695	0.05430	0.00948	0.00688	0.00228	0.00522	0.00790	0.00680	0.01038
111	0.03010	0.01142	0.01557	0.01194	0.01713	0.00986	0.00986	0.03270	0.01920	0.72698	0.02647	0.02284	0.01661	0.00830	0.00675	0.00208	0.00571	0.00675	0.00830	0.01142
112	0.01284	0.01083	0.01706	0.07177	0.26731	0.01097	0.01429	0.01635	0.01566	0.02133	0.10567	0.04781	0.02956	0.01271	0.00800	0.00253	0.00665	0.31570	0.00509	0.00786
113	0.01405	0.12034	0.61115	0.01814	0.02706	0.01713	0.02270	0.02085	0.01390	0.02034	0.01156	0.01379	0.00853	0.00657	0.00693	0.00208	0.04755	0.00484	0.00284	0.00963
114	0.02510	0.03085	0.01911	0.01713	0.02075	0.67576	0.01295	0.08457	0.02009	0.01864	0.01086	0.01244	0.00888	0.00701	0.00611	0.00175	0.01170	0.00447	0.00374	0.00809
115	0.00817	0.00587	0.00775	0.00926	0.00971	0.00546	0.00619	0.00935	0.01293	0.01716	0.03799	0.73714	0.06640	0.02089	0.00854	0.00271	0.00388	0.01891	0.00623	0.00546
116	0.01661	0.01594	0.02724	0.04119	0.72233	0.01594	0.02059	0.02059	0.01528	0.02192	0.01262	0.01661	0.01063	0.00598	0.00664	0.00199	0.00797	0.00598	0.00332	0.01063
117	0.01602	0.01619	0.02042	0.01748	0.01802	0.07421	0.01445	0.05249	0.01204	0.01753	0.00930	0.01456	0.00893	0.01119	0.02003	0.00280	0.65783	0.00576	0.00317	0.00758
118	0.00847	0.00709	0.00744	0.00759	0.00965	0.00627	0.00560	0.01109	0.05503	0.01854	0.06074	0.17195	0.57274	0.01717	0.00797	0.00234	0.00359	0.01456	0.00626	0.00592
119	0.00971	0.00648	0.00733	0.00738	0.00740	0.00647	0.00414	0.00974	0.00986	0.01314	0.02166	0.06726	0.02505	0.73995	0.03332	0.00638	0.00642	0.01006	0.00414	0.00411
120	0.01903	0.01827	0.01631	0.01452	0.01836	0.16156	0.01125	0.08360	0.52074	0.02680	0.02307	0.02177	0.01743	0.00859	0.00666	0.00215	0.00683	0.00682	0.00614	0.01011
121	0.00945	0.00682	0.00893	0.00847	0.01001	0.00630	0.00633	0.01255	0.01878	0.02656	0.69492	0.07497	0.06265	0.01397	0.00794	0.00213	0.00319	0.01238	0.00735	0.00630
122	0.01445	0.06611	0.07766	0.01362	0.02002	0.01192	0.11596	0.01818	0.01421	0.02134	0.01201	0.01437	0.00977	0.00524	0.00549	0.00131	0.00650	0.00464	0.00372	0.56348
123	0.01822	0.12132	0.42613	0.01663	0.02462	0.01727	0.01912	0.14923	0.01794	0.10696	0.01415	0.01511	0.01001	0.00683	0.00622	0.00201	0.00861	0.00520	0.00420	0.01021
124	0.02422	0.01780	0.01904	0.01472	0.01982	0.01960	0.01212	0.64408	0.03019	0.04053	0.01894	0.01886	0.04781	0.00850	0.00671	0.00201	0.00705	0.00646	0.03057	0.01096
125	0.00939	0.00685	0.00881	0.00832	0.00996	0.00628	0.00624	0.01245	0.01873	0.02628	0.67240	0.05115	0.11010	0.01395	0.00792	0.00212	0.00318	0.01228	0.00730	0.00628
126	0.01640	0.06461	0.47044	0.01979	0.06270	0.01575	0.09246	0.03788	0.03069	0.10544	0.01424	0.01585	0.01008	0.00657	0.00651	0.00209	0.00917	0.00555	0.00374	0.01002
127	0.01592	0.01515	0.02566	0.08419	0.63536	0.01531	0.01971	0.01984	0.01517	0.02145	0.01487	0.02005	0.03056	0.00676	0.00677	0.00205	0.00785	0.02970	0.00348	0.01014
128	0.01832	0.01405	0.01522	0.01345	0.01741	0.01586	0.01053	0.03530	0.62638	0.11286	0.02721	0.02477	0.02001	0.00901	0.00682	0.00225	0.00536	0.00748	0.00701	0.01072
129	0.01464	0.01336	0.02236	0.04781	0.47101	0.01338	0.03798	0.01835	0.01521	0.02114	0.01964	0.05853	0.01928	0.00989	0.00746	0.00233	0.00747	0.18686	0.00419	0.00913
130	0.01856	0.01887	0.03397	0.02558	0.05679	0.09427	0.51119	0.04135	0.01692	0.09244	0.01456	0.01782	0.01071	0.00613	0.00752	0.00217	0.01061	0.00729	0.00398	0.00927
131	0.01101	0.00583	0.00856	0.00885	0.00893	0.00576	0.00590	0.00885	0.00951	0.01268	0.01638	0.15838	0.01776	0.02288	0.02293	0.65510	0.00547	0.00830	0.00353	0.00339
132	0.00793	0.00680	0.00680	0.00680	0.00906	0.00566	0.00510	0.00963	0.01529	0.01813	0.06797	0.06457	0.71961	0.01699	0.00793	0.00227	0.00340	0.01416	0.00623	0.00566
133	0.08878	0.12158	0.14544	0.01543	0.02051	0.35032	0.01396	0.08903	0.01785	0.02098	0.01395	0.01527	0.04513	0.00724	0.00588	0.00185	0.00959	0.00495	0.00379	0.00846
134	0.01426	0.15184	0.59385	0.01822	0.02736	0.01739	0.04623	0.02107	0.01414	0.02038	0.01166	0.01376	0.00858	0.00625	0.00610	0.00202	0.00953	0.00484	0.00286	0.00968
135	0.50113	0.24284	0.01845	0.01022	0.01496	0.01905	0.00903	0.07994	0.01387	0.02683	0.00994	0.01132	0.00804	0.00624	0.00443	0.00188	0.00599	0.00383	0.00399	0.00804
136	0.01686	0.03962	0.04606	0.03886	0.65794	0.04151	0.02016	0.02081	0.01533	0.02153	0.01243	0.01621	0.01044	0.00601	0.00654	0.00197	0.00814	0.00582	0.00330	0.01045
137	0.00818	0.00584	0.00779	0.00934	0.00973	0.00545	0.00623	0.00934	0.01285	0.01713	0.03698	0.75981	0.04438	0.02102	0.00856	0.00273	0.00389	0.01908	0.00623	0.00545
138	0.00818	0.00584	0.00779	0.00934	0.00973	0.00545	0.00623	0.00934	0.01285	0.01713	0.03698	0.75981	0.04438	0.02102	0.00856	0.00273	0.00389	0.01908	0.00623	0.00545
139	0.01451	0.01470	0.01668	0.01498	0.01572	0.12340	0.01188	0.01602	0.01181	0.01590	0.01362	0.07232	0.01397	0.08089	0.13845	0.00434	0.40345	0.00713	0.00345	0.00677
140	0.02917	0.01163	0.01554	0.01206	0.01715	0.01034	0.00991	0.03291	0.06740	0.67823	0.02653	0.02299	0.01688	0.00836	0.00675	0.00209	0.00568	0.00681	0.00820	0.01136
141	0.01472	0.01466	0.02088	0.04077	0.05452	0.02015	0.01510	0.01641	0.01063	0.01647	0.00910	0.01487	0.00891	0.01130	0.02077	0.00287	0.69153	0.00588	0.00296	0.00751
142	0.01569	0.01767	0.03718	0.02693	0.03285	0.01742	0.61130	0.02082	0.01513	0.02082	0.01297	0.01767	0.01001	0.00643	0.00971	0.00235	0.10525	0.00766	0.00334	0.00883
143	0.01882	0.01251	0.01318	0.01084	0.01433	0.01348	0.00872	0.35601	0.02281	0.03337	0.02063	0.02197	0.03891	0.00826	0.00581	0.00181	0.00525	0.00642	0.37806	0.00880
144	0.00816	0.00589	0.00773	0.00920	0.00969	0.00546	0.00616	0.00936	0.01299	0.01719	0.03877	0.71967	0.08336	0.02079	0.00853	0.00270	0.00386	0.01879	0.00623	0.00546
145	0.02016	0.01470	0.01602	0.09058	0.02047	0.10334	0.01212	0.16887	0.05901	0.16638	0.02345	0.03539	0.02046	0.01100	0.00740	0.00235	0.00732	0.20595	0.00608	0.00894
146	0.01771	0.73071	0.07067	0.01187	0.01783	0.02599	0.01216	0.02015	0.01366	0.01607	0.00947	0.01094	0.00861	0.00577	0.00441	0.00147	0.00732	0.00366	0.00287	0.00868
147	0.00818	0.00584	0.00779	0.00934	0.00973	0.00545	0.00623	0.00934	0.01285	0.01713	0.03698	0.75981	0.04438	0.02102	0.00856	0.00273	0.00389	0.01908	0.00623	0.00545
148	0.01346	0.03471	0.72942	0.01912	0.02904	0.01558	0.02479	0.02125	0.01417	0.02125	0.01204	0.01417	0.00850	0.00637	0.00637	0.00212	0.00992	0.00496	0.00283	0.00992
149	0.02442	0.02991	0.01872	0.01692	0.02044	0.65007	0.01282	0.06939	0.03682	0.01847	0.01198	0.01475	0.01009	0.00742	0.00622	0.00180	0.01144	0.02645	0.00384	0.00803
150	0.02566	0.01855	0.01999	0.01532	0.02069	0.02045	0.01266	0.67820	0.03115	0.06462	0.01645	0.01633	0.01158	0.00806	0.00671	0.00202	0.00733	0.00606	0.00676	0.01141
151	0.01267	0.01193	0.02013	0.74806	0.04621	0.01491	0.01863	0.01714	0.01342	0.01714	0.01193	0.01789	0.00894	0.00671	0.00671	0.00224	0.00894	0.00596	0.00298	0.00745
152	0.01794	0.76823	0.03516	0.01148	0.01722	0.02655	0.01148	0.02009	0.01363	0.01579	0.00933	0.01076	0.00861	0.00574	0.00431	0.00144	0.00718	0.00359	0.00287	0.00861
153	0.01751	0.69777	0.10185	0.01222	0.01836	0.02550	0.01276	0.02020	0.01368	0.01631	0.00959	0.01109	0.00860	0.00580	0.00450	0.00150	0.00744	0.00372	0.00287	0.00874
154	0.00831	0.00594	0.00794	0.00950	0.00995	0.00557	0.00647	0.00958	0.01298	0.01728	0.03691	0.72425	0.04408	0.02089	0.00860	0.00274	0.00401	0.05328	0.00623	0.00549
155	0.00818	0.00584	0.00779	0.00934	0.00973	0.00545	0.00623	0.00934	0.01285	0.01713	0.03698	0.75981	0.04438	0.02102	0.00856	0.00273	0.00389	0.01908	0.00623	0.00545
156	0.00969	0.00697	0.00981	0.00981	0.01065	0.00781	0.00717	0.01130	0.01045	0.01478	0.01862	0.03082	0.01864	0.23830	0.53019	0.03352	0.01457	0.00783	0.00370	0.00539
157	0.01346	0.03471	0.72942	0.01912	0.02904	0.01558	0.02479	0.02125	0.01417	0.02125	0.01204	0.01417	0.00850	0.00637	0.00637	0.00212	0.00992	0.00496	0.00283	0.00992
158	0.00816	0.00589	0.00773	0.00921	0.00970	0.00546	0.00617	0.00936	0.01297	0.01718	0.03859	0.72367	0.07948	0.02081	0.00853	0.00270	0.00387	0.01882	0.00623	0.00546
159	0.01449	0.01441	0.02020	0.01737	0.01741	0.02011	0.01445	0.01600	0.01029	0.01613	0.00914	0.01511	0.00910	0.01315	0.04809	0.00322	0.72517	0.00592	0.00296	0.00729
160	0.01606	0.01539	0.02626	0.13860	0.62916	0.01580	0.02032	0.02012	0.01502	0.02126	0.01253	0.01678	0.01040	0.00608	0.00665	0.00203	0.00811	0.00598	0.00327	0.01019
161	0.00987	0.00821	0.01285	0.01203	0.01379	0.00770	0.10969	0.03209	0.01440	0.01907	0.06544	0.51632	0.11686	0.01756	0.00831	0.00256	0.00502	0.01615	0.00587	0.00623
162	0.01447	0.01232	0.01420	0.01038	0.01616	0.00987	0.00829	0.03935	0.06459	0.02294	0.01316	0.01478	0.01074	0.00536	0.00516	0.00112	0.00507	0.00430	0.00427	0.72348
163	0.06287	0.02468	0.02116	0.02404	0.23323	0.41353	0.01506	0.05264	0.01757	0.01989	0.01117	0.01371	0.00930	0.00689	0.00698	0.00190	0.04813	0.00494	0.00356	0.00875
164	0.01573	0.01897	0.08220	0.02695	0.03378	0.01687	0.62001	0.02220	0.05125	0.02181	0.01418	0.01820	0.01060	0.00588	0.00776	0.00225	0.01092	0.00771	0.00353	0.00919
165	0.02269	0.02036	0.02132	0.01901	0.08708	0.16751	0.04289	0.34435	0.02318	0.05236	0.01373	0.01542	0.01049	0.00808	0.00891	0.00210	0.11981	0.00576	0.00507	0.00988
166	0.01985	0.01319	0.01707	0.01301	0.01825	0.01216	0.06589	0.11112	0.10495	0.20989	0.04584	0.02075	0.03113	0.00741	0.00631	0.00174	0.00593	0.00627	0.00595	0.28329
167	0.02233	0.01381	0.01783	0.01434	0.01777	0.01540	0.01184	0.12568	0.04698	0.29744	0.01779	0.01845	0.01281	0.00924	0.01188	0.00229	0.26305	0.00617	0.00583	0.06907
168	0.01794	0.76823	0.03516	0.01148	0.01722	0.02655	0.01148	0.02009	0.01363	0.01579	0.00933	0.01076	0.00861	0.00574	0.00431	0.00144	0.00718	0.00359	0.00287	0.00861

[dist]
# distance from previous block
# <min> <max>
0	3

[block]
# block no. 1 follows, 32 sequences, length 70
# corresponding to MSA columns:
# 314-383
name=unknown_B
#
# <colnr> <probs for GDERKNQSTAVLIFYWHMCP>
#	G	D	E	R	K	N	Q	S	T	A	V	L	I	F	Y	W	H	M	C	P
0	0.01557	0.01438	0.02324	0.18020	0.46657	0.01523	0.01818	0.02120	0.08908	0.02179	0.01460	0.01827	0.01173	0.00657	0.00656	0.00205	0.00760	0.00616	0.05129	0.00972
1	0.00939	0.00746	0.00821	0.00786	0.01004	0.00671	0.00593	0.05036	0.01714	0.02189	0.24249	0.08904	0.46792	0.01576	0.00788	0.00223	0.00359	0.01336	0.00658	0.00617
2	0.01198	0.00929	0.01144	0.01209	0.01405	0.00988	0.00976	0.01933	0.21985	0.02180	0.03342	0.20864	0.03451	0.01629	0.00840	0.00277	0.00543	0.33736	0.00638	0.00733
3	0.00818	0.00584	0.00779	0.00934	0.00973	0.00545	0.00623	0.00934	0.01285	0.01713	0.03698	0.75981	0.04438	0.02102	0.00856	0.00273	0.00389	0.01908	0.00623	0.00545
4	0.01716	0.01716	0.08225	0.03769	0.62521	0.01555	0.02028	0.02137	0.01542	0.06397	0.01340	0.01679	0.01082	0.00615	0.00663	0.00201	0.00799	0.00594	0.00358	0.01062
5	0.02360	0.01097	0.01528	0.14025	0.02128	0.01062	0.01112	0.02736	0.04948	0.46257	0.02435	0.02643	0.01724	0.00884	0.00679	0.00216	0.00610	0.05981	0.06585	0.00989
6	0.01134	0.00890	0.01273	0.01202	0.01310	0.01085	0.00947	0.04336	0.01147	0.01657	0.01581	0.02342	0.01476	0.03965	0.52570	0.07074	0.14351	0.00680	0.00357	0.00623
7	0.00969	0.00648	0.00734	0.00741	0.00742	0.00646	0.00416	0.00974	0.00989	0.01319	0.02184	0.07555	0.02528	0.73134	0.03302	0.00634	0.00639	0.01017	0.00416	0.00413
8	0.01525	0.08701	0.60761	0.01799	0.02714	0.01628	0.02245	0.04972	0.01513	0.06251	0.01284	0.01450	0.00910	0.00651	0.00626	0.00207	0.00937	0.00500	0.00331	0.00997
9	0.01680	0.42399	0.14825	0.02085	0.20999	0.02161	0.01614	0.02080	0.03118	0.01866	0.01111	0.01326	0.00943	0.00599	0.00534	0.00172	0.00780	0.00456	0.00308	0.00942
10	0.00925	0.00681	0.00865	0.00827	0.00989	0.00622	0.00617	0.01216	0.01831	0.02546	0.61296	0.07700	0.14508	0.01439	0.00794	0.00215	0.00322	0.01263	0.00720	0.00622
11	0.07760	0.15926	0.53080	0.01694	0.02538	0.01759	0.02079	0.02077	0.01374	0.02085	0.01126	0.01333	0.00843	0.00642	0.00631	0.00203	0.03150	0.00464	0.00295	0.00940
12	0.01679	0.04288	0.10626	0.01542	0.02008	0.03220	0.08523	0.05751	0.27133	0.08752	0.04651	0.03123	0.02102	0.00991	0.00723	0.00232	0.00696	0.12440	0.00578	0.00942
13	0.01139	0.00693	0.00921	0.00930	0.01076	0.00634	0.00671	0.01353	0.01607	0.10808	0.30651	0.38754	0.04849	0.01656	0.00808	0.00240	0.00383	0.01481	0.00694	0.00653
14	0.02572	0.01845	0.01993	0.01528	0.02064	0.02030	0.01262	0.66909	0.03098	0.07396	0.01659	0.01642	0.01165	0.00807	0.00671	0.00202	0.00731	0.00607	0.00679	0.01141
15	0.05063	0.07875	0.02873	0.02071	0.02584	0.16067	0.34558	0.06187	0.01696	0.03671	0.03338	0.07941	0.01412	0.00765	0.00706	0.00210	0.00969	0.00759	0.00404	0.00850
16	0.01329	0.01001	0.05589	0.03709	0.01453	0.00884	0.00922	0.01758	0.09914	0.12131	0.05788	0.32914	0.03177	0.06430	0.04230	0.00313	0.00583	0.06535	0.00606	0.00732
17	0.00879	0.00637	0.00844	0.00987	0.01069	0.00602	0.00725	0.01047	0.01367	0.01792	0.03909	0.53896	0.09656	0.02010	0.00868	0.00278	0.00441	0.17807	0.00622	0.00564
18	0.03613	0.03061	0.57895	0.02103	0.08366	0.01551	0.07331	0.02156	0.01447	0.04543	0.01262	0.01486	0.00903	0.00635	0.00646	0.00212	0.00959	0.00528	0.00313	0.00989
19	0.01671	0.07163	0.02782	0.03899	0.67013	0.01673	0.01992	0.02056	0.01516	0.02147	0.01238	0.01617	0.01048	0.00596	0.00647	0.00195	0.00791	0.00580	0.00329	0.01048
20	0.01606	0.01746	0.03595	0.03209	0.23782	0.01667	0.49813	0.02123	0.01567	0.02162	0.01329	0.01766	0.01031	0.00575	0.00754	0.00218	0.01033	0.00735	0.00337	0.00952
21	0.00827	0.00635	0.00757	0.00825	0.00952	0.00565	0.00581	0.00991	0.01463	0.01887	0.14360	0.39620	0.30431	0.01847	0.00823	0.00246	0.00360	0.01624	0.00639	0.00565
22	0.01342	0.01220	0.01999	0.55265	0.14973	0.01444	0.01758	0.01818	0.03669	0.01889	0.01333	0.01849	0.01025	0.00676	0.00654	0.00215	0.00821	0.00604	0.06651	0.00797
23	0.00833	0.00597	0.00768	0.00897	0.00943	0.00558	0.00593	0.00940	0.01266	0.01675	0.03714	0.64175	0.08256	0.10024	0.01126	0.00310	0.00414	0.01779	0.00600	0.00531
24	0.00859	0.00682	0.00771	0.00749	0.00947	0.00594	0.00561	0.01090	0.01684	0.02181	0.34074	0.05852	0.44454	0.01562	0.00792	0.00220	0.00330	0.01331	0.00672	0.00594
25	0.00832	0.00594	0.00776	0.00910	0.00954	0.00556	0.00604	0.00947	0.01285	0.01712	0.05516	0.66901	0.06140	0.07573	0.01042	0.00298	0.00405	0.01807	0.00610	0.00538
26	0.09299	0.01786	0.02036	0.01719	0.07249	0.03640	0.04556	0.49604	0.02669	0.08490	0.01571	0.01615	0.01122	0.00762	0.00653	0.00203	0.00743	0.00592	0.00611	0.01079
27	0.01267	0.01193	0.02013	0.74806	0.04621	0.01491	0.01863	0.01714	0.01342	0.01714	0.01193	0.01789	0.00894	0.00671	0.00671	0.00224	0.00894	0.00596	0.00298	0.00745
28	0.01669	0.01441	0.01517	0.01365	0.01745	0.01669	0.01062	0.03565	0.71021	0.02807	0.02731	0.02503	0.02048	0.00910	0.00683	0.00228	0.00531	0.00759	0.00683	0.01062
29	0.00818	0.00584	0.00779	0.00934	0.00973	0.00545	0.00623	0.00934	0.01285	0.01713	0.03698	0.75981	0.04438	0.02102	0.00856	0.00273	0.00389	0.01908	0.00623	0.00545
30	0.02393	0.03002	0.01834	0.01677	0.02010	0.67232	0.01256	0.02640	0.04949	0.01697	0.01232	0.04627	0.01078	0.00765	0.00620	0.00180	0.01143	0.00513	0.00373	0.00780
31	0.01643	0.01412	0.01498	0.01360	0.01729	0.01629	0.01063	0.03469	0.67930	0.02771	0.02768	0.02729	0.02129	0.00952	0.00694	0.00231	0.00535	0.03737	0.00680	0.01042
32	0.00946	0.00683	0.00893	0.00847	0.01002	0.00631	0.00633	0.01257	0.01882	0.02662	0.69910	0.07062	0.06276	0.01393	0.00793	0.00213	0.00319	0.01234	0.00735	0.00631
33	0.01267	0.01193	0.02013	0.74806	0.04621	0.01491	0.01863	0.01714	0.01342	0.01714	0.01193	0.01789	0.00894	0.00671	0.00671	0.00224	0.00894	0.00596	0.00298	0.00745
34	0.01661	0.01594	0.02724	0.04119	0.72233	0.01594	0.02059	0.02059	0.01528	0.02192	0.01262	0.01661	0.01063	0.00598	0.00664	0.00199	0.00797	0.00598	0.00332	0.01063
35	0.01401	0.11438	0.56495	0.01922	0.06550	0.01645	0.03739	0.02071	0.01442	0.02093	0.04324	0.01561	0.01111	0.00659	0.00626	0.00204	0.00923	0.00525	0.00308	0.00963
36	0.01391	0.01193	0.01391	0.00994	0.01590	0.00894	0.00795	0.01690	0.01391	0.02186	0.01193	0.01391	0.00994	0.00497	0.00497	0.00099	0.00497	0.00398	0.00398	0.80521
37	0.01766	0.01514	0.01592	0.01502	0.05019	0.04872	0.01115	0.03443	0.61627	0.05835	0.02583	0.02397	0.01932	0.00882	0.00678	0.00223	0.00576	0.00733	0.00658	0.01053
38	0.00895	0.00685	0.00829	0.00797	0.00978	0.00619	0.00599	0.01156	0.01731	0.02328	0.45657	0.05413	0.29289	0.01657	0.04168	0.00257	0.00393	0.01262	0.00680	0.00608
39	0.00793	0.00680	0.00680	0.00680	0.00906	0.00566	0.00510	0.00963	0.01529	0.01813	0.06797	0.06457	0.71961	0.01699	0.00793	0.00227	0.00340	0.01416	0.00623	0.00566
40	0.00950	0.00686	0.00897	0.00844	0.01002	0.00633	0.00633	0.01266	0.01899	0.02691	0.71879	0.05012	0.06331	0.01372	0.00791	0.00211	0.00317	0.01213	0.00739	0.00633
41	0.01669	0.01441	0.01517	0.01365	0.01745	0.01669	0.01062	0.03565	0.71021	0.02807	0.02731	0.02503	0.02048	0.00910	0.00683	0.00228	0.00531	0.00759	0.00683	0.01062
42	0.02804	0.01114	0.01507	0.01162	0.01661	0.00959	0.00955	0.03069	0.01896	0.64995	0.07122	0.02423	0.01938	0.00851	0.00675	0.00203	0.00551	0.00698	0.00805	0.04613
43	0.00818	0.00584	0.00779	0.00934	0.00973	0.00545	0.00623	0.00934	0.01285	0.01713	0.03698	0.75981	0.04438	0.02102	0.00856	0.00273	0.00389	0.01908	0.00623	0.00545
44	0.01267	0.01193	0.02013	0.74806	0.04621	0.01491	0.01863	0.01714	0.01342	0.01714	0.01193	0.01789	0.00894	0.00671	0.00671	0.00224	0.00894	0.00596	0.00298	0.00745
45	0.00793	0.00680	0.00680	0.00680	0.00906	0.00566	0.00510	0.00963	0.01529	0.01813	0.06797	0.06457	0.71961	0.01699	0.00793	0.00227	0.00340	0.01416	0.00623	0.00566
46	0.00819	0.00681	0.00716	0.00707	0.00922	0.00578	0.00530	0.01014	0.01591	0.01959	0.17665	0.06216	0.61002	0.01645	0.00793	0.00224	0.00336	0.01382	0.00642	0.00578
47	0.01377	0.09069	0.64360	0.05128	0.02889	0.01640	0.02348	0.02098	0.01409	0.02064	0.01183	0.01407	0.00853	0.00634	0.00623	0.00208	0.00966	0.00490	0.00284	0.00970
48	0.01448	0.01201	0.01996	0.55881	0.12459	0.01409	0.01741	0.01830	0.01383	0.07372	0.01315	0.01827	0.00992	0.00774	0.00787	0.05012	0.00838	0.00602	0.00344	0.00789
49	0.01360	0.03372	0.68823	0.01967	0.02940	0.01567	0.06499	0.02126	0.01427	0.02126	0.01213	0.01440	0.00860	0.00633	0.00647	0.00213	0.01000	0.00513	0.00287	0.00986
50	0.01346	0.03471	0.72942	0.01912	0.02904	0.01558	0.02479	0.02125	0.01417	0.02125	0.01204	0.01417	0.00850	0.00637	0.00637	0.00212	0.00992	0.00496	0.00283	0.00992
51	0.01661	0.01611	0.02592	0.03848	0.65119	0.04510	0.01970	0.02045	0.01544	0.02159	0.01390	0.01995	0.01222	0.00677	0.00678	0.00205	0.00803	0.04599	0.00350	0.01025
52	0.02444	0.01594	0.01922	0.05189	0.12210	0.13725	0.05332	0.02779	0.03534	0.38087	0.04871	0.02074	0.01564	0.00774	0.00673	0.00203	0.00751	0.00649	0.00613	0.01012
53	0.01794	0.76823	0.03516	0.01148	0.01722	0.02655	0.01148	0.02009	0.01363	0.01579	0.00933	0.01076	0.00861	0.00574	0.00431	0.00144	0.00718	0.00359	0.00287	0.00861
54	0.01715	0.01811	0.14459	0.03706	0.02621	0.01508	0.27840	0.02236	0.04415	0.14228	0.04893	0.02107	0.03718	0.00794	0.00925	0.00229	0.10700	0.00729	0.00449	0.00917
55	0.01032	0.03358	0.05652	0.00896	0.01004	0.00805	0.00661	0.01138	0.01068	0.01441	0.02079	0.04110	0.02296	0.55968	0.10705	0.00629	0.00799	0.05458	0.00404	0.00496
56	0.02829	0.01207	0.01614	0.01258	0.01733	0.01137	0.01039	0.05890	0.03990	0.62131	0.02467	0.02198	0.01589	0.00859	0.00796	0.00215	0.06497	0.00667	0.00777	0.01107
57	0.01023	0.00912	0.06653	0.01043	0.01248	0.00701	0.03114	0.01242	0.01434	0.06097	0.09551	0.46157	0.14778	0.01733	0.00810	0.00250	0.00459	0.01548	0.00608	0.00639
58	0.04237	0.01726	0.05047	0.02743	0.10048	0.01604	0.53806	0.02074	0.01556	0.02171	0.01504	0.02219	0.01235	0.00675	0.00774	0.00229	0.01034	0.06062	0.00362	0.00894
59	0.01427	0.01492	0.02938	0.39035	0.06494	0.01590	0.33275	0.01928	0.01460	0.01932	0.01271	0.01794	0.00958	0.00620	0.00727	0.00224	0.01000	0.00687	0.00318	0.00830
60	0.01418	0.01888	0.16295	0.07978	0.02921	0.01590	0.33008	0.01905	0.01385	0.01949	0.01313	0.01851	0.01067	0.03762	0.07705	0.00326	0.11787	0.00690	0.00323	0.00839
61	0.01698	0.03306	0.02644	0.06854	0.62169	0.01643	0.01963	0.05955	0.03158	0.02288	0.01304	0.01669	0.01078	0.00619	0.00660	0.00200	0.00790	0.00596	0.00357	0.01049
62	0.01478	0.01518	0.02994	0.04696	0.02826	0.03292	0.46326	0.01943	0.01628	0.04527	0.13758	0.07854	0.02203	0.00834	0.00784	0.00225	0.00911	0.00927	0.00445	0.00830
63	0.02168	0.01744	0.01795	0.01474	0.01935	0.04847	0.01184	0.38520	0.32433	0.03508	0.02071	0.01980	0.01522	0.00846	0.00673	0.00212	0.00668	0.00664	0.00663	0.01092
64	0.64619	0.01604	0.01187	0.01047	0.01461	0.11642	0.00845	0.06869	0.01390	0.02905	0.00996	0.01144	0.00775	0.00645	0.00460	0.00202	0.00631	0.00390	0.00424	0.00763
65	0.00976	0.00651	0.00732	0.00732	0.00732	0.00651	0.00407	0.00976	0.00976	0.01301	0.02114	0.04391	0.02439	0.76419	0.03415	0.00651	0.00651	0.00976	0.00407	0.00407
66	0.00998	0.00750	0.01012	0.04561	0.05495	0.00730	0.00871	0.01229	0.01434	0.01911	0.03840	0.29054	0.16027	0.01693	0.00815	0.00259	0.00490	0.21314	0.06899	0.00617
67	0.01564	0.01245	0.01449	0.01047	0.01635	0.00993	0.00843	0.07188	0.01558	0.05862	0.01298	0.01453	0.01039	0.00538	0.00520	0.00113	0.00520	0.00428	0.00441	0.70267
68	0.01520	0.01189	0.01405	0.01010	0.01600	0.00902	0.00810	0.01815	0.01433	0.07781	0.01308	0.01462	0.01047	0.00523	0.00511	0.00108	0.00503	0.00420	0.00432	0.74223
69	0.77931	0.01291	0.01010	0.00895	0.01315	0.01484	0.00737	0.02026	0.01174	0.05889	0.01005	0.01139	0.00765	0.00631	0.00426	0.00208	0.00521	0.00376	0.00432	0.00744

[dist]
# distance from previous block
# <min> <max>
0	16

[block]
# block no. 2 follows, 32 sequences, length 25
# corresponding to MSA columns:
# 400-424
name=unknown_C
#
# <colnr> <probs for GDERKNQSTAVLIFYWHMCP>
#	G	D	E	R	K	N	Q	S	T	A	V	L	I	F	Y	W	H	M	C	P
0	0.01267	0.01193	0.02013	0.74806	0.04621	0.01491	0.01863	0.01714	0.01342	0.01714	0.01193	0.01789	0.00894	0.00671	0.00671	0.00224	0.00894	0.00596	0.00298	0.00745
