[name]
unknown

[dist]
# distance from previous block
# <min> <max>
18	61

[block]
# block no. 0 follows, 28 sequences, length 39
# corresponding to MSA columns:
# 86-124
name=unknown_A
#
# <colnr> <probs for GDERKNQSTAVLIFYWHMCP>
#	G	D	E	R	K	N	Q	S	T	A	V	L	I	F	Y	W	H	M	C	P
0	0.01531	0.01424	0.02107	0.53527	0.06681	0.04476	0.01833	0.07268	0.01633	0.02091	0.01573	0.02111	0.03625	0.00998	0.03823	0.00279	0.03122	0.00678	0.00376	0.00843
1	0.01512	0.01492	0.04876	0.25911	0.29872	0.01551	0.01884	0.02002	0.04429	0.02168	0.03789	0.08683	0.01722	0.00932	0.00824	0.00242	0.03876	0.02882	0.00412	0.00941
2	0.01457	0.01388	0.02425	0.38219	0.20282	0.01530	0.09100	0.01907	0.01567	0.02105	0.05954	0.07517	0.01697	0.00860	0.00763	0.00239	0.00890	0.00819	0.00394	0.00887
3	0.01943	0.74891	0.03809	0.01244	0.01866	0.02876	0.01244	0.02177	0.01477	0.01710	0.01011	0.01166	0.00933	0.00622	0.00466	0.00155	0.00777	0.00389	0.00311	0.00933
4	0.01583	0.22675	0.02015	0.01245	0.04309	0.04219	0.00993	0.04262	0.07617	0.04860	0.15240	0.03619	0.19048	0.01131	0.00697	0.00205	0.00589	0.00913	0.00573	0.04208
5	0.02285	0.01573	0.01773	0.01440	0.01880	0.01709	0.01154	0.36345	0.10582	0.11253	0.05113	0.02488	0.01854	0.07529	0.09273	0.00374	0.00858	0.00761	0.00688	0.01067
6	0.02110	0.59462	0.03431	0.01380	0.01948	0.17708	0.01278	0.02333	0.01603	0.01725	0.01035	0.01197	0.00934	0.00649	0.00507	0.00162	0.00893	0.00406	0.00325	0.00913
7	0.01362	0.18211	0.10876	0.01323	0.04110	0.01403	0.02712	0.01596	0.01399	0.01861	0.09012	0.03049	0.06728	0.14719	0.09116	0.09731	0.00853	0.00795	0.00422	0.00721
8	0.01458	0.03760	0.70688	0.02072	0.03146	0.01688	0.02686	0.02302	0.01535	0.02302	0.01304	0.01535	0.00921	0.00691	0.00691	0.00230	0.01074	0.00537	0.00307	0.01074
9	0.01248	0.00690	0.00971	0.00981	0.01011	0.00691	0.00661	0.03598	0.01127	0.01504	0.01805	0.14903	0.01940	0.05317	0.02456	0.58784	0.00604	0.00902	0.00400	0.00405
10	0.01596	0.07864	0.27953	0.07269	0.05075	0.03815	0.08586	0.08174	0.01704	0.02327	0.01751	0.07722	0.01567	0.03886	0.03705	0.00291	0.00982	0.04374	0.00415	0.00943
11	0.01794	0.01436	0.01415	0.01271	0.01582	0.11450	0.00989	0.06778	0.10587	0.11829	0.14576	0.08664	0.14549	0.01436	0.03014	0.00267	0.03537	0.03286	0.00672	0.00867
12	0.08061	0.00759	0.00945	0.00953	0.01030	0.00783	0.00665	0.01175	0.01129	0.01641	0.02121	0.03756	0.04772	0.23615	0.07772	0.31476	0.00739	0.07718	0.00422	0.00469
13	0.06243	0.01311	0.01664	0.05963	0.17567	0.04278	0.01254	0.02141	0.12196	0.06402	0.04648	0.10694	0.12180	0.03732	0.03750	0.00294	0.00710	0.03521	0.00563	0.00890
14	0.07691	0.08292	0.07318	0.01604	0.07274	0.04600	0.03994	0.04937	0.07860	0.02398	0.01616	0.04569	0.01398	0.03853	0.06009	0.00275	0.00814	0.00627	0.00449	0.24422
15	0.01049	0.00746	0.00958	0.01013	0.01085	0.00764	0.00690	0.03978	0.01336	0.01811	0.02973	0.35721	0.03387	0.23386	0.17078	0.00598	0.00850	0.01438	0.00548	0.00589
16	0.01134	0.00781	0.00916	0.00918	0.01146	0.00699	0.00714	0.01363	0.01673	0.07487	0.10571	0.12310	0.39068	0.01925	0.04017	0.00298	0.00502	0.10159	0.03643	0.00678
17	0.04464	0.01188	0.01566	0.01519	0.07090	0.03747	0.05810	0.04651	0.07060	0.06497	0.14199	0.03401	0.08273	0.06768	0.15463	0.02589	0.00909	0.00911	0.03085	0.00809
18	0.05376	0.01988	0.05092	0.07716	0.18016	0.10279	0.08059	0.14543	0.10646	0.02749	0.01810	0.02025	0.03813	0.00821	0.00790	0.00228	0.03838	0.00688	0.00489	0.01033
19	0.01690	0.01465	0.01342	0.01271	0.01494	0.15351	0.00929	0.10910	0.01798	0.06033	0.02755	0.28229	0.04846	0.11409	0.06725	0.00379	0.00822	0.01217	0.00581	0.00755
20	0.06780	0.00782	0.00972	0.00967	0.01116	0.00759	0.00703	0.01336	0.01375	0.06939	0.07338	0.14329	0.14308	0.07914	0.04294	0.22923	0.00589	0.05447	0.00550	0.00579
21	0.01449	0.01212	0.01475	0.01157	0.01622	0.01072	0.00918	0.04130	0.01485	0.02240	0.01692	0.04505	0.04013	0.01374	0.08953	0.03687	0.06688	0.00607	0.00441	0.51281
22	0.01186	0.00667	0.00964	0.00964	0.01005	0.00680	0.00667	0.01018	0.01044	0.01395	0.01893	0.02775	0.06805	0.05121	0.14465	0.57013	0.00838	0.00741	0.00360	0.00400
23	0.00970	0.00722	0.00886	0.00906	0.01024	0.00704	0.00634	0.01131	0.01399	0.01845	0.10862	0.16021	0.21091	0.21109	0.16867	0.00568	0.00801	0.01311	0.00567	0.00581
24	0.07188	0.00862	0.00972	0.00957	0.01145	0.00853	0.00683	0.01640	0.07355	0.07573	0.09572	0.22433	0.12990	0.15579	0.01347	0.00337	0.00495	0.01290	0.06034	0.00695
25	0.01074	0.00740	0.00928	0.00955	0.01080	0.00698	0.00667	0.01327	0.03854	0.04768	0.24850	0.32185	0.09829	0.12110	0.01279	0.00324	0.00445	0.01552	0.00692	0.00645
26	0.01621	0.01585	0.02345	0.01952	0.02069	0.02072	0.08410	0.05483	0.01319	0.01972	0.01208	0.04408	0.01166	0.01389	0.04901	0.00339	0.55852	0.00720	0.00363	0.00826
27	0.01651	0.01039	0.01305	0.01181	0.01413	0.01083	0.00912	0.04886	0.06879	0.15491	0.13826	0.13511	0.08115	0.09702	0.01320	0.00307	0.08731	0.04731	0.03101	0.00818
28	0.01304	0.00790	0.00961	0.00933	0.01130	0.00717	0.00685	0.01506	0.01645	0.11783	0.15897	0.16630	0.21199	0.13120	0.01293	0.00322	0.00477	0.04949	0.03970	0.00690
29	0.06332	0.00874	0.00976	0.00950	0.01170	0.00847	0.00714	0.05087	0.04324	0.02484	0.23399	0.16336	0.25986	0.03891	0.00923	0.00263	0.00436	0.03620	0.00694	0.00694
30	0.10746	0.01668	0.01873	0.01503	0.01965	0.04646	0.05246	0.33122	0.02429	0.10170	0.01896	0.02345	0.01507	0.06955	0.04947	0.00315	0.00839	0.03227	0.03585	0.01015
31	0.11759	0.02593	0.33715	0.02010	0.02750	0.01720	0.15099	0.02332	0.07230	0.02478	0.04457	0.01852	0.01318	0.00781	0.00841	0.00241	0.06792	0.00650	0.00398	0.00984
32	0.01048	0.00751	0.00899	0.00932	0.01044	0.00740	0.00646	0.01311	0.05218	0.01992	0.11316	0.22627	0.12329	0.22163	0.06025	0.00440	0.00592	0.03887	0.05432	0.00607
33	0.01122	0.00844	0.00950	0.00937	0.01137	0.00807	0.00691	0.06135	0.04388	0.02318	0.14175	0.18588	0.28783	0.07715	0.01078	0.00288	0.00452	0.03834	0.05081	0.00678
34	0.01495	0.01423	0.02376	0.50392	0.20962	0.01689	0.02040	0.01942	0.01478	0.01978	0.01286	0.01877	0.01013	0.00748	0.00849	0.00241	0.06340	0.00646	0.00332	0.00892
35	0.01501	0.01332	0.04240	0.07296	0.12738	0.05269	0.01274	0.03695	0.01509	0.04947	0.04735	0.04755	0.08142	0.04821	0.14813	0.07608	0.06743	0.00823	0.02975	0.00783
36	0.01430	0.01123	0.01422	0.06711	0.11291	0.03688	0.01048	0.05709	0.03818	0.04152	0.04296	0.13550	0.06683	0.19455	0.04350	0.00392	0.00723	0.03829	0.05578	0.00752
37	0.01664	0.04234	0.03967	0.09349	0.06915	0.05360	0.05641	0.11197	0.01696	0.02337	0.01683	0.02428	0.01485	0.13421	0.04352	0.05105	0.03378	0.00707	0.11088	0.03992
38	0.04237	0.01709	0.07062	0.03891	0.06810	0.10110	0.01249	0.07046	0.03956	0.07916	0.04223	0.06286	0.01765	0.07100	0.04192	0.00293	0.05292	0.00737	0.05029	0.11096

[dist]
# distance from previous block
# <min> <max>
0	3

[block]
# block no. 1 follows, 28 sequences, length 37
# corresponding to MSA columns:
# 128-164
name=unknown_B
#
# <colnr> <probs for GDERKNQSTAVLIFYWHMCP>
#	G	D	E	R	K	N	Q	S	T	A	V	L	I	F	Y	W	H	M	C	P
0	0.01345	0.01009	0.01354	0.01250	0.01437	0.04309	0.06197	0.01536	0.01505	0.08058	0.09530	0.27300	0.06929	0.08873	0.09178	0.04106	0.03501	0.01308	0.00584	0.00691
1	0.01131	0.00929	0.01431	0.04228	0.01634	0.00901	0.09288	0.04390	0.01672	0.02253	0.16524	0.37940	0.08772	0.01856	0.03260	0.00296	0.00597	0.01560	0.00638	0.00702
2	0.05015	0.01305	0.01662	0.07100	0.04255	0.01320	0.05182	0.16008	0.01941	0.05461	0.01866	0.02274	0.01477	0.00963	0.03124	0.00226	0.00685	0.02900	0.22341	0.14893
3	0.03266	0.00953	0.01092	0.01082	0.01268	0.03386	0.00827	0.03172	0.04556	0.04843	0.08969	0.19921	0.10159	0.02057	0.10249	0.00372	0.03675	0.06432	0.13006	0.00716
4	0.13377	0.00864	0.01056	0.00987	0.01179	0.00854	0.00720	0.01590	0.01329	0.13114	0.05304	0.09314	0.07492	0.04377	0.01736	0.34145	0.00568	0.00863	0.00520	0.00609
5	0.01216	0.01063	0.01709	0.01502	0.01667	0.01212	0.10192	0.01460	0.01248	0.01775	0.01989	0.11215	0.02018	0.11853	0.32812	0.00728	0.14289	0.00951	0.00414	0.00690
6	0.01531	0.00960	0.01118	0.01004	0.01286	0.00913	0.00758	0.04622	0.08747	0.14709	0.16686	0.07453	0.24802	0.10724	0.01181	0.00298	0.00493	0.01196	0.00718	0.00799
7	0.06352	0.01001	0.01128	0.01088	0.01333	0.01028	0.00819	0.05928	0.12981	0.06934	0.08546	0.23769	0.11372	0.04396	0.00909	0.00271	0.00497	0.04329	0.06527	0.00794
8	0.01214	0.00907	0.01043	0.00973	0.01190	0.00894	0.00725	0.08447	0.05078	0.02558	0.26001	0.09626	0.21212	0.09617	0.04277	0.00328	0.00525	0.01253	0.03418	0.00714
9	0.18471	0.01673	0.01609	0.01343	0.01791	0.05060	0.01080	0.28446	0.15183	0.03590	0.01892	0.01940	0.01413	0.00843	0.00635	0.00216	0.00661	0.00627	0.12506	0.01022
10	0.05211	0.00980	0.01111	0.01045	0.01312	0.00979	0.00800	0.06647	0.09164	0.09262	0.11852	0.18311	0.15656	0.01457	0.00780	0.00243	0.00472	0.03620	0.10298	0.00802
11	0.06497	0.01046	0.01172	0.01111	0.01377	0.01057	0.00832	0.10431	0.09226	0.05067	0.06706	0.31780	0.14432	0.01611	0.00811	0.00253	0.00498	0.01391	0.00678	0.04024
12	0.01533	0.00879	0.01091	0.00991	0.01188	0.00862	0.00714	0.04368	0.01525	0.14936	0.08336	0.04062	0.08964	0.29873	0.14247	0.00573	0.00835	0.00983	0.03336	0.00706
13	0.00994	0.00769	0.00995	0.01006	0.01171	0.00713	0.03281	0.01276	0.04218	0.02166	0.15502	0.35806	0.21935	0.01845	0.00867	0.00261	0.00428	0.01637	0.04474	0.00654
14	0.07001	0.01010	0.01145	0.01094	0.01325	0.01065	0.00826	0.08233	0.10143	0.04718	0.03095	0.17635	0.09217	0.07355	0.08148	0.04235	0.00677	0.04159	0.08162	0.00757
15	0.01322	0.01219	0.04646	0.04631	0.01592	0.05491	0.01017	0.06303	0.01584	0.02148	0.10060	0.10989	0.07218	0.08583	0.21904	0.00552	0.04844	0.00996	0.04182	0.00720
16	0.01566	0.01385	0.01498	0.01379	0.01624	0.10873	0.03266	0.04771	0.07986	0.04444	0.05144	0.03700	0.07500	0.06552	0.18839	0.00508	0.05968	0.09476	0.02741	0.00780
17	0.01226	0.00820	0.01050	0.01068	0.01219	0.00831	0.00794	0.01570	0.06528	0.06229	0.10237	0.19950	0.05428	0.14297	0.13208	0.00493	0.00769	0.09937	0.03661	0.00682
18	0.40778	0.04221	0.01620	0.01436	0.04901	0.13907	0.01095	0.02276	0.04226	0.02644	0.01146	0.01373	0.00939	0.00758	0.00750	0.00218	0.09380	0.00468	0.00423	0.07440
19	0.03314	0.00798	0.01019	0.01057	0.01195	0.00794	0.00752	0.01450	0.06606	0.05288	0.05544	0.39962	0.05035	0.04166	0.08815	0.08590	0.00641	0.01458	0.00608	0.02908
20	0.01620	0.01350	0.01733	0.05214	0.12033	0.04478	0.03909	0.08331	0.04549	0.05676	0.05734	0.12101	0.09872	0.05327	0.00924	0.00247	0.00674	0.02700	0.00557	0.12972
21	0.08676	0.01386	0.01602	0.01328	0.01731	0.01450	0.03244	0.24184	0.06760	0.07783	0.15851	0.06639	0.05078	0.04292	0.00881	0.00250	0.00622	0.03558	0.00687	0.03998
22	0.01253	0.01014	0.01128	0.01144	0.01339	0.03829	0.00855	0.04378	0.10531	0.02212	0.06270	0.29886	0.09950	0.07839	0.01101	0.00306	0.00555	0.11670	0.00647	0.04090
23	0.01371	0.00819	0.01036	0.01041	0.01234	0.00761	0.00766	0.01634	0.04365	0.13674	0.08773	0.33448	0.13812	0.07285	0.01086	0.00303	0.00489	0.06667	0.00707	0.00729
24	0.01182	0.00787	0.00925	0.00926	0.01106	0.00738	0.00670	0.01475	0.04761	0.05489	0.10751	0.23048	0.16009	0.10238	0.01142	0.00297	0.00456	0.03969	0.12308	0.03722
25	0.01079	0.00776	0.00937	0.00989	0.01137	0.00737	0.00727	0.01349	0.04816	0.03939	0.08937	0.24476	0.20163	0.13945	0.01364	0.00349	0.00506	0.12482	0.00653	0.00637
26	0.04433	0.00795	0.00962	0.00998	0.01170	0.00757	0.00732	0.01477	0.03823	0.07798	0.10012	0.33907	0.14200	0.05339	0.00990	0.00288	0.00464	0.06819	0.04350	0.00687
27	0.01434	0.00952	0.01152	0.01134	0.01350	0.00948	0.00850	0.07521	0.08695	0.09121	0.03822	0.32009	0.11968	0.04922	0.01060	0.03199	0.00529	0.07886	0.00685	0.00766
28	0.01462	0.01545	0.05390	0.02202	0.02676	0.01425	0.35425	0.04417	0.01649	0.02239	0.02305	0.20376	0.02300	0.01396	0.04207	0.00308	0.03032	0.06314	0.00480	0.00851
29	0.05142	0.01323	0.01368	0.01143	0.01562	0.06303	0.00873	0.06176	0.04939	0.02446	0.07370	0.14659	0.04535	0.04213	0.00804	0.00205	0.00583	0.00879	0.00541	0.34935
30	0.01529	0.00977	0.01141	0.01055	0.01298	0.00965	0.00796	0.12637	0.01903	0.09152	0.10635	0.19443	0.12925	0.09227	0.01108	0.00292	0.00521	0.04244	0.09380	0.00773
31	0.01535	0.01133	0.01256	0.01120	0.01425	0.01159	0.00858	0.14723	0.12532	0.05920	0.13577	0.11523	0.22420	0.06265	0.01003	0.00272	0.00521	0.01203	0.00708	0.00846
32	0.01345	0.00903	0.01084	0.01034	0.01166	0.00940	0.00718	0.07838	0.04082	0.05366	0.02500	0.12202	0.02632	0.39054	0.13006	0.00623	0.00858	0.03472	0.00532	0.00644
33	0.01266	0.00993	0.04126	0.01185	0.01385	0.00990	0.03222	0.03391	0.01329	0.04238	0.02014	0.02962	0.01847	0.14662	0.39539	0.00805	0.03316	0.00791	0.11248	0.00691
34	0.04992	0.00802	0.00948	0.00967	0.01135	0.00776	0.00690	0.01473	0.04710	0.07196	0.08547	0.31705	0.14911	0.09595	0.04271	0.00347	0.00530	0.01454	0.04274	0.00677
35	0.01235	0.00818	0.01001	0.00966	0.01177	0.00751	0.00717	0.04470	0.01848	0.08707	0.27462	0.23350	0.21331	0.01700	0.00859	0.00249	0.00417	0.01482	0.00742	0.00719
36	0.05030	0.01563	0.03658	0.01352	0.01785	0.06093	0.01109	0.18812	0.10933	0.16415	0.05564	0.07761	0.09156	0.01138	0.00750	0.00234	0.00659	0.03658	0.03324	0.01005

[dist]
# distance from previous block
# <min> <max>
2	4

[block]
# block no. 2 follows, 28 sequences, length 18
# corresponding to MSA columns:
# 169-186
name=unknown_C
#
# <colnr> <probs for GDERKNQSTAVLIFYWHMCP>
#	G	D	E	R	K	N	Q	S	T	A	V	L	I	F	Y	W	H	M	C	P
0	0.14515	0.01540	0.05713	0.24577	0.14905	0.03312	0.01609	0.04329	0.01516	0.02340	0.03609	0.02018	0.01309	0.04114	0.03494	0.00287	0.05859	0.00639	0.03448	0.00865
1	0.04905	0.01846	0.02112	0.09342	0.09872	0.05011	0.01469	0.40549	0.05844	0.03608	0.01752	0.04453	0.01369	0.01044	0.03302	0.00258	0.00856	0.00700	0.00606	0.01101
2	0.01744	0.01566	0.02471	0.14597	0.43143	0.01643	0.01905	0.02417	0.11946	0.05021	0.01945	0.02236	0.04583	0.00779	0.00731	0.00227	0.00803	0.00720	0.00448	0.01074
3	0.01617	0.01241	0.01606	0.11415	0.11926	0.03926	0.01204	0.05852	0.06110	0.10020	0.12571	0.10097	0.14202	0.03890	0.00892	0.00254	0.00641	0.01053	0.00610	0.00871
4	0.03408	0.00864	0.01075	0.01061	0.01233	0.00869	0.00793	0.04224	0.01644	0.07393	0.13976	0.29133	0.12157	0.04214	0.03944	0.00315	0.04716	0.04198	0.04074	0.00707
5	0.01380	0.00956	0.01088	0.01001	0.01277	0.00923	0.00765	0.06899	0.08813	0.08503	0.19292	0.12157	0.27714	0.01517	0.00817	0.00240	0.00444	0.01290	0.04133	0.00789
6	0.01241	0.00645	0.00968	0.00968	0.00981	0.00658	0.00658	0.00981	0.00968	0.01303	0.01328	0.02271	0.01316	0.02805	0.09413	0.71424	0.00757	0.00645	0.00323	0.00348
7	0.01218	0.00868	0.01048	0.01062	0.01229	0.00863	0.00771	0.04133	0.09486	0.04912	0.12928	0.31617	0.10212	0.10297	0.01204	0.00321	0.00497	0.05943	0.00683	0.00710
8	0.01469	0.01017	0.01291	0.01394	0.08337	0.01009	0.00932	0.04469	0.10737	0.08731	0.16579	0.19077	0.10738	0.01396	0.00788	0.00239	0.00490	0.01219	0.09249	0.00838
9	0.11754	0.01701	0.01874	0.01546	0.01932	0.06103	0.03680	0.20048	0.11392	0.09241	0.01781	0.01912	0.01346	0.00923	0.00994	0.00238	0.14565	0.00647	0.07319	0.01003
10	0.09953	0.00911	0.01010	0.00974	0.01199	0.00893	0.00712	0.04829	0.03465	0.08182	0.09930	0.23245	0.19403	0.10623	0.01162	0.00309	0.00493	0.01339	0.00656	0.00712
11	0.08031	0.00959	0.01102	0.01055	0.01292	0.00951	0.00783	0.05864	0.05781	0.11115	0.06480	0.25836	0.13312	0.10230	0.01155	0.00312	0.00524	0.03789	0.00670	0.00759
12	0.01362	0.00977	0.01143	0.01111	0.01242	0.03942	0.00798	0.05752	0.08215	0.01964	0.06592	0.12625	0.02537	0.11608	0.08016	0.26494	0.00744	0.03768	0.00505	0.00604
13	0.00905	0.00680	0.00844	0.00957	0.01068	0.00618	0.00678	0.01071	0.01512	0.01954	0.07764	0.48378	0.22220	0.02107	0.00912	0.00282	0.00421	0.06344	0.00680	0.00606
14	0.05498	0.00937	0.01164	0.01072	0.01350	0.00877	0.00820	0.02032	0.04291	0.22850	0.11589	0.18205	0.11183	0.08600	0.01097	0.00298	0.00525	0.06063	0.00726	0.00823
15	0.04789	0.00855	0.01026	0.00975	0.01187	0.00817	0.00727	0.04349	0.01733	0.10290	0.20535	0.16766	0.12264	0.07841	0.01120	0.02876	0.00474	0.03721	0.06937	0.00717
16	0.01015	0.00884	0.00922	0.00931	0.01112	0.03821	0.00689	0.01184	0.01541	0.01882	0.05498	0.16293	0.42628	0.07829	0.04169	0.00334	0.03963	0.04074	0.00614	0.00619
17	0.05005	0.02230	0.01863	0.01627	0.01954	0.31054	0.04392	0.09832	0.04493	0.02256	0.01729	0.02099	0.04080	0.04580	0.09329	0.00348	0.07461	0.00650	0.04176	0.00843

[dist]
# distance from previous block
# <min> <max>
5	15

[block]
# block no. 3 follows, 28 sequences, length 32
# corresponding to MSA columns:
# 203-234
name=unknown_D
#
# <colnr> <probs for GDERKNQSTAVLIFYWHMCP>
#	G	D	E	R	K	N	Q	S	T	A	V	L	I	F	Y	W	H	M	C	P
0	0.09803	0.08295	0.02365	0.05643	0.08153	0.10559	0.11955	0.12615	0.04721	0.02640	0.04184	0.07989	0.01804	0.00960	0.00727	0.00230	0.00857	0.05068	0.00502	0.00931
1	0.00969	0.04475	0.01011	0.00962	0.01110	0.00748	0.00704	0.01156	0.01547	0.02014	0.12844	0.39402	0.20828	0.02110	0.03897	0.00306	0.00491	0.04135	0.00660	0.00631
2	0.14984	0.12950	0.09868	0.01666	0.05018	0.22220	0.01403	0.11045	0.04849	0.02546	0.01387	0.03917	0.01152	0.00779	0.00620	0.00203	0.00909	0.00553	0.00444	0.03487
3	0.01621	0.21791	0.19349	0.01569	0.02140	0.08889	0.04864	0.02011	0.01469	0.01904	0.01374	0.01787	0.01178	0.01920	0.18393	0.03201	0.01204	0.00565	0.00345	0.04427
4	0.01878	0.16624	0.19404	0.01751	0.02376	0.10191	0.09337	0.05125	0.05771	0.06742	0.04740	0.02135	0.01540	0.01034	0.03455	0.02414	0.00962	0.03116	0.00446	0.00959
5	0.01604	0.04180	0.29549	0.02335	0.11994	0.01652	0.14308	0.07326	0.04256	0.02504	0.04980	0.02400	0.07959	0.00839	0.00749	0.00230	0.00927	0.00759	0.00432	0.01018
6	0.01207	0.00954	0.01418	0.01283	0.01451	0.01029	0.06088	0.01447	0.01446	0.04518	0.13573	0.14054	0.08553	0.09153	0.20777	0.00554	0.10140	0.01130	0.00534	0.00691
7	0.01298	0.04206	0.01384	0.01222	0.01371	0.01141	0.00951	0.04207	0.01392	0.04764	0.05530	0.13117	0.02507	0.11169	0.29926	0.00682	0.10146	0.03796	0.00491	0.00700
8	0.01108	0.04209	0.08230	0.01164	0.01408	0.00959	0.00997	0.01439	0.03943	0.02096	0.11469	0.28067	0.13742	0.05061	0.01052	0.00291	0.03352	0.10100	0.00614	0.00701
9	0.00984	0.00719	0.00884	0.00935	0.01038	0.00683	0.00639	0.01219	0.04020	0.02094	0.20314	0.34411	0.11963	0.15033	0.01397	0.00345	0.00453	0.01592	0.00666	0.00610
10	0.01519	0.01200	0.03911	0.01199	0.01521	0.01149	0.00986	0.13956	0.08923	0.05553	0.09041	0.12792	0.17852	0.01649	0.03952	0.00292	0.00617	0.08946	0.04101	0.00843
11	0.01070	0.00816	0.01065	0.01007	0.01199	0.00767	0.03066	0.01364	0.03332	0.03968	0.31746	0.18063	0.21982	0.04147	0.01002	0.00265	0.02316	0.01441	0.00705	0.00679
12	0.03856	0.01230	0.01414	0.01193	0.01589	0.01235	0.00942	0.12770	0.13180	0.22243	0.07848	0.06038	0.14396	0.04256	0.00879	0.00252	0.00560	0.00968	0.04169	0.00983
13	0.01094	0.00789	0.00945	0.00991	0.01129	0.00766	0.00715	0.04297	0.04074	0.02100	0.07886	0.30601	0.16503	0.10291	0.01284	0.03615	0.00492	0.07732	0.04062	0.00634
14	0.02185	0.01232	0.01413	0.01164	0.01528	0.01263	0.00916	0.21984	0.02153	0.19286	0.02271	0.02641	0.01760	0.10918	0.04202	0.00313	0.00666	0.00739	0.22419	0.00948
15	0.01263	0.00631	0.00947	0.00947	0.00947	0.00631	0.00631	0.00947	0.00947	0.01263	0.01263	0.02210	0.01263	0.02525	0.02841	0.78851	0.00631	0.00631	0.00316	0.00316
16	0.01632	0.01355	0.01270	0.01173	0.01464	0.10702	0.00917	0.11061	0.04329	0.05428	0.05625	0.04737	0.22574	0.07234	0.01024	0.00277	0.00647	0.10844	0.06925	0.00782
17	0.01513	0.01662	0.04490	0.01778	0.02129	0.12125	0.18369	0.01859	0.01702	0.02189	0.16060	0.11382	0.07969	0.01397	0.04256	0.00288	0.08480	0.01047	0.00511	0.00793
18	0.00894	0.00662	0.00838	0.00975	0.01062	0.00606	0.00675	0.01041	0.01455	0.01891	0.04632	0.58321	0.16991	0.02183	0.00918	0.00288	0.00423	0.04874	0.00675	0.00598
19	0.01470	0.01391	0.02356	0.57137	0.19816	0.01641	0.02067	0.01942	0.01499	0.01975	0.01309	0.01906	0.01011	0.00709	0.00725	0.00236	0.00945	0.00646	0.00331	0.00886
20	0.17695	0.01322	0.01234	0.01069	0.01418	0.04300	0.00850	0.18438	0.04874	0.03267	0.01911	0.02098	0.01463	0.00820	0.00567	0.00197	0.00551	0.00611	0.36447	0.00867
21	0.01269	0.00926	0.01104	0.01016	0.01288	0.00898	0.03778	0.01813	0.11874	0.04959	0.09960	0.07296	0.28727	0.01397	0.00769	0.00233	0.00455	0.03968	0.17512	0.00757
22	0.06050	0.07695	0.02097	0.01497	0.02031	0.02104	0.01248	0.52112	0.02956	0.04087	0.01721	0.01778	0.01260	0.00841	0.00670	0.00208	0.00737	0.00624	0.09153	0.01131
23	0.01108	0.00810	0.01111	0.01049	0.01133	0.00869	0.03494	0.01244	0.01146	0.01612	0.02099	0.03793	0.02205	0.41956	0.26924	0.00811	0.03355	0.00923	0.03802	0.00557
24	0.07852	0.01605	0.01555	0.01299	0.01693	0.09541	0.01031	0.25236	0.02252	0.11111	0.01932	0.02174	0.01482	0.04528	0.05872	0.00295	0.00795	0.00656	0.18138	0.00954
25	0.00975	0.00745	0.00947	0.01045	0.01152	0.00729	0.00774	0.01148	0.01475	0.01914	0.04520	0.40102	0.19268	0.05093	0.01116	0.00309	0.04176	0.13251	0.00646	0.00614
26	0.01933	0.42934	0.11818	0.01543	0.02175	0.05359	0.06320	0.09087	0.04514	0.02175	0.01310	0.01587	0.01117	0.04444	0.00736	0.00211	0.00861	0.00526	0.00385	0.00966
27	0.01691	0.01565	0.04783	0.17122	0.14585	0.06329	0.01511	0.10878	0.06443	0.02382	0.01772	0.07472	0.01544	0.01414	0.06478	0.07767	0.00904	0.00761	0.03714	0.00884
28	0.04179	0.00947	0.01058	0.00987	0.01230	0.00947	0.00751	0.04928	0.07509	0.05049	0.17003	0.10464	0.29990	0.04646	0.01006	0.00264	0.03758	0.01265	0.03282	0.00737
29	0.07245	0.13366	0.09428	0.02087	0.13113	0.11459	0.04364	0.11149	0.04800	0.06755	0.03097	0.01931	0.01358	0.00812	0.00742	0.00217	0.03903	0.02691	0.00473	0.01011
30	0.05533	0.07203	0.04487	0.03963	0.04399	0.09314	0.01265	0.20781	0.07373	0.08385	0.04361	0.06064	0.04373	0.00988	0.00706	0.00220	0.00752	0.03486	0.02742	0.03603
31	0.08019	0.03964	0.05091	0.04281	0.15096	0.05060	0.05658	0.04505	0.01605	0.10898	0.01639	0.02000	0.01308	0.01643	0.14077	0.00397	0.05997	0.00645	0.03725	0.04393

[dist]
# distance from previous block
# <min> <max>
1	19

[block]
# block no. 4 follows, 28 sequences, length 30
# corresponding to MSA columns:
# 254-283
name=unknown_E
#
# <colnr> <probs for GDERKNQSTAVLIFYWHMCP>
#	G	D	E	R	K	N	Q	S	T	A	V	L	I	F	Y	W	H	M	C	P
0	0.01051	0.00699	0.00891	0.00960	0.01050	0.00656	0.00650	0.01194	0.01451	0.05211	0.11326	0.43518	0.08718	0.15483	0.03333	0.00380	0.00512	0.01659	0.00649	0.00608
1	0.01159	0.00932	0.01199	0.04469	0.06521	0.00909	0.00912	0.03875	0.06114	0.02306	0.15107	0.25936	0.18800	0.01642	0.00845	0.00253	0.00493	0.04193	0.00653	0.03681
2	0.01902	0.12221	0.06898	0.07554	0.05055	0.14775	0.16116	0.05079	0.01714	0.04096	0.01606	0.02111	0.03252	0.00976	0.02868	0.00255	0.08758	0.03449	0.00403	0.00912
3	0.01313	0.01087	0.01169	0.01246	0.04594	0.07120	0.00856	0.05071	0.01534	0.01984	0.03084	0.15932	0.09817	0.21039	0.09001	0.00469	0.00797	0.08738	0.04492	0.00659
4	0.01012	0.00689	0.00888	0.01006	0.01080	0.00652	0.00676	0.01186	0.03203	0.04351	0.03876	0.61021	0.06338	0.08910	0.01172	0.00328	0.00458	0.01874	0.00663	0.00616
5	0.33762	0.01491	0.01554	0.01246	0.01768	0.01570	0.01028	0.17852	0.02053	0.28171	0.01862	0.01786	0.01262	0.00803	0.00617	0.00223	0.00638	0.00578	0.00679	0.01056
6	0.01040	0.00771	0.01129	0.01129	0.01245	0.00887	0.00860	0.01273	0.01157	0.01659	0.01983	0.03053	0.01903	0.12629	0.64513	0.01120	0.01818	0.00808	0.00395	0.00627
7	0.01626	0.00967	0.01083	0.00977	0.01246	0.00982	0.00755	0.08032	0.09377	0.09478	0.14377	0.06400	0.05059	0.01078	0.00667	0.00206	0.00440	0.00898	0.35520	0.00832
8	0.00973	0.00678	0.00861	0.00973	0.01015	0.00654	0.00649	0.01079	0.01310	0.01740	0.03418	0.43997	0.04020	0.26313	0.01860	0.00436	0.00542	0.08337	0.00596	0.00549
9	0.01038	0.00779	0.01168	0.01168	0.01298	0.00909	0.00909	0.01298	0.01168	0.01687	0.01947	0.02856	0.01817	0.05452	0.71573	0.01168	0.01947	0.00779	0.00389	0.00649
10	0.01067	0.00764	0.00917	0.00954	0.01047	0.00732	0.00628	0.04282	0.01388	0.01858	0.03319	0.38691	0.06964	0.28031	0.01891	0.00427	0.00545	0.01529	0.00581	0.04385
11	0.01507	0.01292	0.01507	0.01077	0.01723	0.00969	0.00861	0.01830	0.01507	0.02369	0.01292	0.01507	0.01077	0.00538	0.00538	0.00108	0.00538	0.00431	0.00431	0.78898
12	0.01598	0.01234	0.01249	0.01203	0.01465	0.06354	0.00909	0.02503	0.26272	0.05968	0.02981	0.20107	0.02737	0.01291	0.00739	0.00240	0.00547	0.03852	0.17884	0.00871
13	0.00948	0.00676	0.00873	0.00991	0.01050	0.00651	0.00676	0.01077	0.01348	0.01790	0.03705	0.48149	0.07324	0.16246	0.05734	0.00427	0.00584	0.06566	0.00612	0.00572
14	0.01304	0.00966	0.01209	0.01118	0.01240	0.01038	0.02678	0.03397	0.08223	0.04469	0.05161	0.14088	0.05277	0.36837	0.02376	0.00480	0.07813	0.01135	0.00538	0.00654
15	0.01126	0.00887	0.01035	0.01086	0.01196	0.03466	0.00777	0.01429	0.06602	0.01914	0.03275	0.34436	0.06591	0.12415	0.11352	0.00462	0.02953	0.04270	0.04080	0.00646
16	0.79588	0.01406	0.01068	0.00956	0.01406	0.01631	0.00787	0.02137	0.01237	0.03261	0.01012	0.01181	0.00787	0.00675	0.00450	0.00225	0.00562	0.00394	0.00450	0.00787
17	0.01520	0.01332	0.01676	0.01197	0.01848	0.01022	0.04879	0.01860	0.01520	0.02366	0.01303	0.01535	0.01078	0.00543	0.00558	0.00116	0.00580	0.00457	0.00427	0.74184
18	0.01118	0.00732	0.00871	0.00884	0.00990	0.00694	0.00599	0.01255	0.01421	0.04934	0.11180	0.16453	0.13212	0.32334	0.02050	0.00445	0.00543	0.05156	0.04548	0.00580
19	0.00939	0.00746	0.00851	0.00863	0.01073	0.00657	0.00664	0.01179	0.01747	0.02218	0.22051	0.09202	0.43971	0.01790	0.00879	0.00254	0.00400	0.09173	0.00705	0.00637
20	0.07065	0.03868	0.01422	0.01194	0.01496	0.01174	0.02775	0.11555	0.01764	0.02507	0.06016	0.29999	0.09589	0.01476	0.00846	0.00239	0.03800	0.01258	0.00601	0.11356
21	0.01045	0.00766	0.01092	0.01092	0.01217	0.00866	0.00831	0.01281	0.01197	0.01720	0.02261	0.03223	0.05199	0.11323	0.58892	0.01038	0.01688	0.00836	0.03803	0.00630
22	0.01858	0.04687	0.22513	0.02519	0.16380	0.05278	0.09649	0.12592	0.01855	0.02578	0.01349	0.01655	0.01050	0.00762	0.00899	0.00228	0.09141	0.00615	0.00401	0.03992
23	0.01590	0.22327	0.20632	0.27757	0.03453	0.02003	0.05339	0.02174	0.04418	0.02009	0.01299	0.01654	0.01008	0.00694	0.00653	0.00215	0.00940	0.00565	0.00336	0.00936
24	0.01057	0.00730	0.00907	0.00914	0.00955	0.00763	0.00594	0.01139	0.01113	0.01515	0.02272	0.04422	0.02499	0.53416	0.21071	0.00808	0.01023	0.03859	0.00438	0.00504
25	0.01542	0.01627	0.10269	0.01922	0.13559	0.06461	0.03463	0.02002	0.06012	0.06809	0.08432	0.16066	0.10800	0.01293	0.00848	0.00247	0.02879	0.04327	0.00561	0.00880
26	0.01923	0.08162	0.12836	0.07077	0.09628	0.10957	0.11433	0.02423	0.04685	0.09720	0.04153	0.04202	0.01487	0.00820	0.00799	0.00222	0.04590	0.00696	0.00452	0.03735
27	0.23766	0.01393	0.01479	0.06024	0.01853	0.04440	0.03496	0.13245	0.01865	0.09361	0.02532	0.05944	0.09924	0.01032	0.00672	0.00231	0.00650	0.04027	0.07194	0.00873
28	0.01262	0.03611	0.01496	0.05406	0.01661	0.01122	0.05130	0.03921	0.01556	0.04209	0.06906	0.22460	0.16791	0.05309	0.04617	0.00332	0.09262	0.03664	0.00570	0.00717
29	0.03997	0.08777	0.12676	0.11073	0.08413	0.17030	0.08626	0.04494	0.07464	0.02213	0.01451	0.01810	0.01169	0.03926	0.00812	0.00233	0.00983	0.00609	0.00400	0.03844

[dist]
# distance from previous block
# <min> <max>
3	12

[block]
# block no. 5 follows, 28 sequences, length 29
# corresponding to MSA columns:
# 296-324
name=unknown_F
#
# <colnr> <probs for GDERKNQSTAVLIFYWHMCP>
#	G	D	E	R	K	N	Q	S	T	A	V	L	I	F	Y	W	H	M	C	P
0	0.01781	0.08194	0.08595	0.12939	0.11718	0.04733	0.14147	0.06540	0.10071	0.04524	0.01833	0.04698	0.01527	0.00858	0.00747	0.00234	0.00904	0.04503	0.00464	0.00989
1	0.06390	0.07067	0.02372	0.38650	0.15262	0.08600	0.04128	0.02046	0.01543	0.02030	0.01374	0.04865	0.01154	0.00767	0.00696	0.00227	0.00931	0.00663	0.00358	0.00875
2	0.04632	0.00821	0.00987	0.00992	0.01140	0.00810	0.00700	0.03621	0.04788	0.05770	0.10320	0.29865	0.08457	0.10685	0.01398	0.08852	0.00500	0.01362	0.03651	0.00650
3	0.04162	0.01350	0.02037	0.02442	0.25618	0.01357	0.05479	0.05551	0.08395	0.08666	0.02395	0.16446	0.04323	0.01226	0.00936	0.06442	0.00699	0.00988	0.00540	0.00947
4	0.04249	0.05951	0.02242	0.19773	0.09489	0.03792	0.09857	0.05037	0.12510	0.02368	0.05176	0.07959	0.06568	0.00975	0.00748	0.00236	0.00794	0.00872	0.00495	0.00910
5	0.01128	0.00764	0.00909	0.00945	0.01030	0.00751	0.00616	0.01348	0.06145	0.04697	0.03334	0.31221	0.07519	0.33824	0.02120	0.00466	0.00562	0.01443	0.00586	0.00594
6	0.01722	0.00935	0.01173	0.01066	0.01347	0.00859	0.00812	0.05658	0.01838	0.22159	0.13143	0.20779	0.15476	0.06199	0.01016	0.00280	0.00507	0.03458	0.00746	0.00827
7	0.03894	0.00926	0.01244	0.03586	0.09588	0.00949	0.00908	0.03573	0.03264	0.01951	0.04762	0.19392	0.05624	0.19861	0.06083	0.09445	0.00704	0.03087	0.00509	0.00651
8	0.06717	0.18894	0.09730	0.06985	0.02541	0.22762	0.08191	0.07207	0.01846	0.06803	0.01321	0.01516	0.01025	0.00714	0.00641	0.00201	0.01005	0.00537	0.00414	0.00950
9	0.00976	0.00727	0.00887	0.00957	0.01085	0.00676	0.00679	0.03134	0.01599	0.02093	0.13023	0.40679	0.20393	0.05552	0.01035	0.00294	0.00435	0.04473	0.00681	0.00624
10	0.04181	0.00840	0.00973	0.00988	0.01180	0.00807	0.00728	0.04197	0.04553	0.04508	0.11675	0.29339	0.22780	0.04962	0.00984	0.00283	0.00459	0.05196	0.00682	0.00687
11	0.04369	0.01222	0.01968	0.56023	0.06786	0.01471	0.01786	0.01772	0.01463	0.01949	0.01805	0.08319	0.03515	0.00940	0.00748	0.00249	0.00872	0.03567	0.00384	0.00790
12	0.01353	0.00852	0.01067	0.01008	0.01181	0.00863	0.00736	0.05818	0.01586	0.08035	0.13176	0.11131	0.05707	0.18880	0.17466	0.00550	0.00851	0.01067	0.07980	0.00692
13	0.05611	0.00909	0.01040	0.00993	0.01191	0.00906	0.00708	0.03298	0.08410	0.09767	0.05718	0.18322	0.11714	0.19617	0.01596	0.03763	0.00542	0.01195	0.03992	0.00708
14	0.03568	0.00747	0.00867	0.00842	0.00917	0.00730	0.00531	0.01210	0.01235	0.04570	0.08435	0.04528	0.08908	0.48030	0.02871	0.09336	0.00626	0.01041	0.00499	0.00508
15	0.01250	0.00640	0.00960	0.00960	0.00967	0.00647	0.00647	0.00967	0.00960	0.01287	0.01302	0.02247	0.01295	0.02694	0.06803	0.74372	0.00707	0.00640	0.00320	0.00335
16	0.01398	0.00844	0.01086	0.01061	0.01228	0.00850	0.00792	0.01657	0.08135	0.08645	0.02936	0.09042	0.09419	0.08192	0.09416	0.21808	0.00724	0.08085	0.04038	0.00646
17	0.01016	0.00760	0.01014	0.01174	0.04452	0.00756	0.00762	0.01242	0.03982	0.01891	0.06285	0.43363	0.06112	0.12903	0.10337	0.00455	0.00680	0.01588	0.00597	0.00631
18	0.01020	0.00717	0.00887	0.00912	0.00997	0.00687	0.00623	0.01184	0.01502	0.02041	0.23781	0.17195	0.07327	0.30237	0.01994	0.00436	0.00527	0.06742	0.00621	0.00569
19	0.01538	0.01242	0.01364	0.01327	0.01602	0.04277	0.01037	0.05611	0.26847	0.04575	0.03352	0.19450	0.05665	0.01682	0.03910	0.00310	0.00656	0.13990	0.00682	0.00882
20	0.01618	0.09691	0.41870	0.02105	0.02936	0.06707	0.13803	0.02257	0.01573	0.02172	0.01396	0.04698	0.01125	0.00769	0.00783	0.00230	0.04288	0.00646	0.00339	0.00995
21	0.01335	0.00790	0.00965	0.00967	0.01129	0.00742	0.00678	0.01550	0.04325	0.11656	0.03783	0.30972	0.13207	0.14946	0.01424	0.03140	0.00502	0.01418	0.05794	0.00679
22	0.21430	0.01294	0.01394	0.01152	0.01568	0.01340	0.00919	0.15302	0.01970	0.22761	0.05373	0.03915	0.01836	0.07815	0.00928	0.00265	0.00603	0.00715	0.08464	0.00954
23	0.01186	0.00933	0.01341	0.01290	0.01471	0.00916	0.07378	0.06978	0.03312	0.02171	0.03534	0.47135	0.06051	0.06083	0.01063	0.00308	0.00573	0.06944	0.00636	0.00698
24	0.01552	0.01536	0.02176	0.06200	0.02070	0.02130	0.01586	0.01736	0.01136	0.01753	0.01019	0.01668	0.00994	0.01426	0.05381	0.00351	0.65530	0.00643	0.00322	0.00789
25	0.01048	0.00742	0.00981	0.00981	0.01046	0.00807	0.00675	0.01178	0.01113	0.01548	0.02119	0.03806	0.02230	0.39941	0.37648	0.00937	0.01326	0.00918	0.00415	0.00545
26	0.00933	0.00704	0.00802	0.00838	0.00965	0.00638	0.00570	0.01075	0.01489	0.01907	0.12161	0.22773	0.30392	0.19625	0.01569	0.00368	0.00461	0.01525	0.00632	0.00574
27	0.01040	0.00774	0.01145	0.01145	0.01267	0.00896	0.00880	0.01283	0.01161	0.01670	0.01968	0.02972	0.01868	0.09666	0.67428	0.01140	0.01871	0.00796	0.00393	0.00636
28	0.01202	0.00795	0.00908	0.00867	0.01059	0.00745	0.00631	0.04216	0.01724	0.05412	0.20803	0.10274	0.22237	0.12115	0.01210	0.00298	0.00440	0.01239	0.13156	0.00670

[dist]
# distance from previous block
# <min> <max>
5	15

[block]
# block no. 6 follows, 28 sequences, length 62
# corresponding to MSA columns:
# 340-401
name=unknown_G
#
# <colnr> <probs for GDERKNQSTAVLIFYWHMCP>
#	G	D	E	R	K	N	Q	S	T	A	V	L	I	F	Y	W	H	M	C	P
0	0.01893	0.01463	0.01606	0.01432	0.04537	0.05194	0.01068	0.19523	0.09186	0.07643	0.10329	0.13219	0.05819	0.01146	0.00747	0.00217	0.00625	0.00961	0.00659	0.12732
1	0.01185	0.00653	0.00904	0.00911	0.00918	0.00649	0.00588	0.00990	0.01030	0.01379	0.03681	0.06683	0.01956	0.20379	0.02896	0.52983	0.00630	0.00832	0.00380	0.00372
2	0.11428	0.01375	0.03317	0.01298	0.01768	0.01337	0.01066	0.06889	0.16932	0.33994	0.04413	0.02377	0.01826	0.01042	0.00883	0.06927	0.00618	0.00712	0.00734	0.01067
3	0.01058	0.00830	0.01245	0.04241	0.01456	0.00832	0.06411	0.01251	0.01415	0.01943	0.06448	0.47212	0.03875	0.09470	0.01239	0.00322	0.03634	0.01624	0.04859	0.00635
4	0.05046	0.01078	0.01306	0.01239	0.01362	0.05190	0.00954	0.01491	0.01218	0.01794	0.01766	0.02738	0.01695	0.13549	0.39971	0.00815	0.12913	0.00753	0.04462	0.00663
5	0.57715	0.01406	0.01263	0.01062	0.01549	0.01532	0.00874	0.06048	0.01521	0.14964	0.01391	0.01455	0.01004	0.00718	0.00519	0.00218	0.00584	0.00469	0.00543	0.05166
6	0.05281	0.00794	0.00982	0.00991	0.01162	0.00772	0.00732	0.01434	0.01531	0.07910	0.12758	0.23023	0.12438	0.10151	0.09407	0.00416	0.00652	0.05941	0.02953	0.00671
7	0.75562	0.01397	0.01101	0.00974	0.01429	0.01601	0.00802	0.02211	0.01282	0.06804	0.01110	0.01249	0.00841	0.00687	0.00465	0.00225	0.00565	0.00411	0.00474	0.00811
8	0.01027	0.00749	0.01060	0.01077	0.01172	0.00836	0.00791	0.01221	0.01168	0.01648	0.02223	0.10393	0.02284	0.19029	0.50797	0.00987	0.01543	0.00964	0.00428	0.00601
9	0.01447	0.00833	0.00969	0.00929	0.01086	0.00842	0.00666	0.06301	0.03581	0.06167	0.02440	0.11586	0.02316	0.16055	0.01572	0.11223	0.00529	0.02802	0.28000	0.00656
10	0.01203	0.00869	0.01164	0.01290	0.01469	0.00869	0.01099	0.04617	0.01728	0.02248	0.03948	0.14430	0.07556	0.01971	0.00975	0.00320	0.00635	0.52248	0.00673	0.00686
11	0.71463	0.01427	0.01158	0.01010	0.01473	0.01628	0.00832	0.05383	0.01391	0.07202	0.01155	0.01283	0.00867	0.00697	0.00479	0.00225	0.00577	0.00426	0.00489	0.00835
12	0.01590	0.01767	0.03769	0.02745	0.03386	0.01653	0.57315	0.02133	0.01679	0.02262	0.01993	0.09874	0.04420	0.00843	0.00865	0.00250	0.01103	0.01016	0.00414	0.00923
13	0.01100	0.00922	0.04576	0.00996	0.01075	0.00860	0.00714	0.01202	0.01142	0.01562	0.02295	0.08358	0.02565	0.52119	0.10305	0.00668	0.04800	0.03763	0.00445	0.00533
14	0.01057	0.00705	0.00793	0.00793	0.00793	0.00705	0.00440	0.01057	0.01057	0.01409	0.02290	0.04757	0.02643	0.74454	0.03700	0.00705	0.00705	0.01057	0.00440	0.00440
15	0.01217	0.01043	0.01335	0.01266	0.01352	0.04444	0.03691	0.01363	0.01263	0.01704	0.02382	0.20295	0.02648	0.24369	0.13127	0.00555	0.13361	0.03495	0.00469	0.00621
16	0.01529	0.01582	0.01290	0.01287	0.01519	0.21598	0.00980	0.01841	0.05412	0.02040	0.07631	0.19058	0.16900	0.01572	0.00833	0.00254	0.00721	0.12640	0.00596	0.00720
17	0.01703	0.01600	0.02635	0.03823	0.56178	0.01644	0.01976	0.02158	0.04428	0.02281	0.01506	0.02067	0.01316	0.05391	0.04961	0.00304	0.03897	0.00687	0.00381	0.01066
18	0.01038	0.00779	0.01168	0.01168	0.01298	0.00909	0.00909	0.01298	0.01168	0.01687	0.01947	0.02856	0.01817	0.05452	0.71573	0.01168	0.01947	0.00779	0.00389	0.00649
19	0.01011	0.00757	0.00941	0.00919	0.01094	0.00703	0.00680	0.01362	0.04349	0.02625	0.48315	0.14589	0.16685	0.01630	0.00863	0.00241	0.00366	0.01431	0.00761	0.00679
20	0.01001	0.00740	0.00925	0.00880	0.01057	0.00674	0.00654	0.01304	0.01952	0.02697	0.56453	0.05672	0.17418	0.04227	0.00962	0.00249	0.00361	0.01343	0.00766	0.00665
21	0.01272	0.01040	0.01326	0.01305	0.04305	0.01082	0.04035	0.01964	0.19436	0.02251	0.11247	0.14019	0.10171	0.17410	0.05526	0.00402	0.00655	0.01176	0.00612	0.00768
22	0.01038	0.00779	0.01168	0.01168	0.01298	0.00909	0.00909	0.01298	0.01168	0.01687	0.01947	0.02856	0.01817	0.05452	0.71573	0.01168	0.01947	0.00779	0.00389	0.00649
23	0.75154	0.01442	0.01133	0.00997	0.01455	0.01667	0.00822	0.05909	0.01363	0.03338	0.01054	0.01213	0.00813	0.00686	0.00466	0.00225	0.00576	0.00409	0.00466	0.00813
24	0.00997	0.00768	0.00903	0.00971	0.01105	0.00739	0.00676	0.01342	0.08612	0.02016	0.07269	0.41158	0.20786	0.07792	0.01110	0.00308	0.00444	0.01688	0.00668	0.00648
25	0.29875	0.01583	0.01475	0.01248	0.01703	0.05580	0.01012	0.17663	0.08705	0.05364	0.01728	0.02037	0.01368	0.00836	0.00606	0.00215	0.00649	0.03948	0.06836	0.07571
26	0.14588	0.01208	0.01272	0.01166	0.03307	0.01258	0.00890	0.10392	0.09872	0.08767	0.04092	0.03954	0.28490	0.01245	0.00775	0.00235	0.02666	0.00987	0.03970	0.00865
27	0.02493	0.01591	0.05568	0.01440	0.01965	0.01521	0.01218	0.14511	0.23289	0.30267	0.06264	0.02533	0.02062	0.00943	0.00738	0.00231	0.00647	0.00768	0.00781	0.01170
28	0.00976	0.00697	0.00811	0.00846	0.00919	0.00658	0.00541	0.01072	0.01344	0.01760	0.09830	0.21874	0.16328	0.36579	0.02232	0.00475	0.00539	0.01414	0.00574	0.00532
29	0.14116	0.01342	0.01547	0.01222	0.01725	0.01317	0.01001	0.14983	0.02102	0.35592	0.02232	0.02124	0.01513	0.00835	0.00649	0.00210	0.00603	0.00643	0.10896	0.05348
30	0.01538	0.01759	0.13060	0.37095	0.11273	0.01592	0.06608	0.03894	0.03574	0.04211	0.05285	0.02113	0.01413	0.00880	0.02480	0.00259	0.00954	0.00693	0.00397	0.00924
31	0.01654	0.00945	0.01251	0.01114	0.01309	0.00943	0.02610	0.01843	0.03164	0.18957	0.02674	0.11653	0.04446	0.32415	0.07254	0.00511	0.04892	0.01048	0.00585	0.00732
32	0.01779	0.50750	0.26507	0.01525	0.02300	0.02473	0.01733	0.02219	0.01497	0.01911	0.01110	0.01291	0.00929	0.00645	0.00543	0.00181	0.00878	0.00439	0.00310	0.00981
33	0.36393	0.05597	0.01802	0.07491	0.02122	0.21361	0.03976	0.02394	0.01558	0.06079	0.01182	0.01402	0.00927	0.00736	0.00658	0.00218	0.04352	0.00485	0.00425	0.00844
34	0.00942	0.00740	0.00867	0.00889	0.01077	0.00673	0.00672	0.01163	0.01642	0.02097	0.16838	0.12726	0.38600	0.04412	0.06989	0.00349	0.00542	0.07491	0.00664	0.00627
35	0.01888	0.18900	0.08016	0.04792	0.08042	0.13534	0.07046	0.04073	0.01709	0.04109	0.05084	0.03853	0.01459	0.00774	0.00701	0.00194	0.03132	0.00617	0.00414	0.11663
36	0.02202	0.05214	0.01627	0.01250	0.01717	0.01174	0.01034	0.02723	0.10202	0.30630	0.08696	0.03385	0.02494	0.01052	0.00737	0.00221	0.00591	0.10239	0.00726	0.14087
37	0.01473	0.01256	0.01471	0.01073	0.01686	0.00948	0.00851	0.01786	0.01501	0.02341	0.01441	0.05474	0.01281	0.00634	0.00560	0.00118	0.00532	0.00520	0.00444	0.74612
38	0.01964	0.01847	0.01857	0.04474	0.04036	0.16874	0.03125	0.06083	0.01764	0.06843	0.01449	0.03567	0.01197	0.00732	0.00727	0.00170	0.04918	0.00557	0.00459	0.37359
39	0.01555	0.01443	0.02202	0.08389	0.20103	0.01506	0.08244	0.02230	0.13729	0.02366	0.05631	0.08825	0.03958	0.00976	0.00880	0.00231	0.06472	0.00865	0.00492	0.09903
40	0.01507	0.01292	0.01507	0.01077	0.01723	0.00969	0.00861	0.01830	0.01507	0.02369	0.01292	0.01507	0.01077	0.00538	0.00538	0.00108	0.00538	0.00431	0.00431	0.78898
41	0.01505	0.01450	0.02500	0.30709	0.28723	0.01551	0.08464	0.01949	0.01594	0.02142	0.04053	0.02500	0.08076	0.00820	0.00754	0.00233	0.00876	0.00777	0.00391	0.00931
42	0.01355	0.00678	0.00678	0.00678	0.00847	0.00678	0.00508	0.01694	0.01524	0.02710	0.02371	0.02710	0.01863	0.00847	0.00508	0.00169	0.00339	0.00678	0.78489	0.00678
43	0.00882	0.00737	0.00768	0.00761	0.00996	0.00623	0.00570	0.01088	0.01711	0.02093	0.15801	0.06783	0.61107	0.01793	0.00859	0.00243	0.00365	0.01504	0.00692	0.00623
44	0.48112	0.01520	0.01275	0.01106	0.01542	0.08841	0.00891	0.02441	0.01552	0.16647	0.05040	0.01752	0.01376	0.00779	0.00553	0.00218	0.00631	0.00532	0.04318	0.00874
45	0.01373	0.01293	0.02129	0.62978	0.04547	0.01631	0.01922	0.01812	0.01418	0.01847	0.01372	0.04890	0.01127	0.00843	0.00893	0.00252	0.07834	0.00704	0.00337	0.00797
46	0.00898	0.00738	0.00791	0.00778	0.01006	0.00630	0.00583	0.01119	0.01750	0.02184	0.21793	0.06632	0.55057	0.01759	0.00859	0.00242	0.00362	0.01483	0.00704	0.00630
47	0.01671	0.01651	0.02166	0.01859	0.01911	0.04984	0.01539	0.05243	0.01276	0.01897	0.01051	0.01648	0.01010	0.01432	0.05578	0.00349	0.62940	0.00637	0.00345	0.00813
48	0.01021	0.00789	0.01137	0.04587	0.01398	0.00803	0.03497	0.01199	0.01397	0.01884	0.06768	0.46431	0.04006	0.10575	0.04315	0.00375	0.03601	0.04999	0.00597	0.00619
