[name]
unknown

[dist]
# distance from previous block
# <min> <max>
10	66

[block]
# block no. 0 follows, 33 sequences, length 12
# corresponding to MSA columns:
# 77-88
name=unknown_A
#
# <colnr> <probs for GDERKNQSTAVLIFYWHMCP>
#	G	D	E	R	K	N	Q	S	T	A	V	L	I	F	Y	W	H	M	C	P
0	0.09919	0.01480	0.01648	0.09442	0.02032	0.10456	0.05835	0.13804	0.04452	0.09403	0.10905	0.06406	0.02004	0.00885	0.00654	0.00201	0.00687	0.02618	0.00531	0.06640
1	0.08907	0.01295	0.01669	0.13948	0.02201	0.04260	0.05334	0.08524	0.04362	0.24215	0.02155	0.05755	0.05190	0.00887	0.00716	0.00213	0.03447	0.02839	0.00561	0.03522
2	0.04564	0.01674	0.04651	0.01473	0.01936	0.11704	0.09171	0.14674	0.08047	0.17149	0.05584	0.06349	0.03118	0.00849	0.00663	0.00199	0.00722	0.00714	0.00567	0.06190
3	0.07273	0.01125	0.01349	0.06293	0.01708	0.01001	0.00878	0.01986	0.07096	0.12425	0.07697	0.04675	0.01702	0.00720	0.00572	0.00155	0.00511	0.00593	0.00505	0.41736
4	0.01365	0.01170	0.01365	0.00975	0.01560	0.00878	0.00780	0.01658	0.01365	0.02145	0.01170	0.01365	0.00975	0.00488	0.00488	0.00098	0.00488	0.00390	0.00390	0.80888
5	0.01420	0.01095	0.01333	0.04001	0.01611	0.00871	0.00815	0.01712	0.01451	0.07689	0.08702	0.04295	0.01673	0.00660	0.00549	0.00128	0.00487	0.00551	0.00461	0.60493
6	0.00942	0.00725	0.00904	0.00895	0.01085	0.00624	0.00640	0.01130	0.01397	0.01938	0.13985	0.43220	0.09667	0.01578	0.00749	0.00217	0.00390	0.01405	0.00581	0.17931
7	0.01356	0.01170	0.01409	0.06283	0.01773	0.00919	0.00855	0.01659	0.01362	0.02112	0.01170	0.01393	0.00968	0.00500	0.00500	0.00106	0.00515	0.00404	0.00383	0.75162
8	0.01338	0.01189	0.01615	0.01182	0.01728	0.00943	0.09148	0.01654	0.01406	0.02140	0.04679	0.05448	0.01399	0.00617	0.00554	0.00126	0.00549	0.00551	0.00410	0.63322
9	0.01556	0.01197	0.01860	0.55532	0.03771	0.01408	0.01608	0.08135	0.01549	0.11050	0.01507	0.05353	0.01161	0.00757	0.00667	0.00218	0.00799	0.00657	0.00408	0.00807
10	0.01324	0.01181	0.01651	0.16035	0.02257	0.01041	0.06689	0.01656	0.01371	0.02031	0.03706	0.01722	0.01198	0.03695	0.00673	0.00158	0.00617	0.00512	0.00378	0.52103
11	0.01678	0.01475	0.04278	0.04865	0.01852	0.06793	0.03299	0.16590	0.05374	0.05813	0.04759	0.07729	0.01729	0.03425	0.05168	0.00265	0.07921	0.03287	0.00496	0.13201

[dist]
# distance from previous block
# <min> <max>
31	122

[block]
# block no. 1 follows, 33 sequences, length 64
# corresponding to MSA columns:
# 235-298
name=unknown_B
#
# <colnr> <probs for GDERKNQSTAVLIFYWHMCP>
#	G	D	E	R	K	N	Q	S	T	A	V	L	I	F	Y	W	H	M	C	P
0	0.28926	0.01617	0.01415	0.04577	0.01710	0.15221	0.00970	0.06892	0.01502	0.04514	0.02846	0.03174	0.01085	0.00703	0.00621	0.00181	0.05132	0.00482	0.00421	0.18013
1	0.09272	0.01498	0.05235	0.03476	0.01801	0.05234	0.03038	0.20522	0.05142	0.08289	0.04930	0.01902	0.01438	0.01254	0.09701	0.00292	0.00793	0.00591	0.04372	0.11221
2	0.40696	0.09420	0.01449	0.01116	0.01467	0.12714	0.00910	0.03307	0.04651	0.02412	0.03430	0.06434	0.01355	0.00828	0.00603	0.00205	0.04368	0.03469	0.00426	0.00739
3	0.01738	0.52819	0.08011	0.01242	0.01773	0.11625	0.01200	0.01989	0.01390	0.01622	0.01025	0.01229	0.00912	0.00914	0.06123	0.00218	0.00857	0.00400	0.00299	0.04613
4	0.01456	0.04626	0.01298	0.01004	0.01367	0.00908	0.00808	0.01709	0.01500	0.13567	0.12575	0.05284	0.06967	0.04761	0.04193	0.00241	0.02313	0.07519	0.00541	0.27362
5	0.01431	0.06405	0.56279	0.01695	0.02516	0.04715	0.02068	0.02074	0.01480	0.05524	0.08377	0.01760	0.01413	0.00706	0.00632	0.00203	0.00884	0.00557	0.00352	0.00929
6	0.02102	0.02234	0.04033	0.07120	0.02212	0.33795	0.05519	0.16255	0.01966	0.05023	0.01521	0.05457	0.01317	0.00855	0.00707	0.00202	0.03162	0.05236	0.00448	0.00839
7	0.01373	0.01345	0.05421	0.64341	0.04203	0.01524	0.01800	0.08613	0.01498	0.01949	0.01212	0.01720	0.00900	0.00670	0.00657	0.00217	0.00867	0.00581	0.00329	0.00782
8	0.00943	0.00632	0.00722	0.00736	0.00740	0.00629	0.00419	0.00954	0.00986	0.01314	0.02219	0.11015	0.02576	0.69908	0.03117	0.00604	0.00614	0.01042	0.00419	0.00412
9	0.01056	0.00882	0.01222	0.01049	0.01317	0.00817	0.09334	0.03722	0.04552	0.03493	0.20647	0.08175	0.35507	0.04198	0.00866	0.00235	0.00465	0.01204	0.00603	0.00657
10	0.01667	0.01685	0.03588	0.02579	0.03215	0.01577	0.62006	0.02185	0.01571	0.08705	0.01461	0.01841	0.01075	0.00699	0.02781	0.00243	0.01077	0.00764	0.00378	0.00901
11	0.00975	0.00681	0.00953	0.01013	0.01122	0.00706	0.00771	0.01178	0.01265	0.03742	0.06011	0.25901	0.04444	0.06372	0.29102	0.00588	0.00964	0.13116	0.00513	0.00583
12	0.02498	0.01018	0.01375	0.01090	0.01513	0.00890	0.00881	0.02753	0.01846	0.57212	0.15751	0.02823	0.02523	0.03753	0.00784	0.00221	0.00516	0.00773	0.00782	0.00999
13	0.01320	0.03405	0.73453	0.01876	0.02849	0.01529	0.02432	0.02085	0.01390	0.02085	0.01181	0.01390	0.00834	0.00625	0.00625	0.00208	0.00973	0.00486	0.00278	0.00973
14	0.01519	0.05713	0.62011	0.01778	0.02680	0.01548	0.02217	0.05490	0.01509	0.07652	0.01301	0.01453	0.00910	0.00646	0.00623	0.00205	0.00920	0.00501	0.00338	0.00987
15	0.02244	0.01743	0.01868	0.09255	0.02233	0.06041	0.01265	0.45128	0.14161	0.06686	0.01734	0.01752	0.01250	0.00788	0.00657	0.00203	0.00726	0.00611	0.00611	0.01045
16	0.02136	0.01638	0.01752	0.01430	0.01888	0.01838	0.01153	0.39559	0.32991	0.05275	0.02086	0.01980	0.01521	0.00836	0.00664	0.00209	0.00631	0.00661	0.00667	0.01086
17	0.01291	0.01241	0.01926	0.68391	0.04269	0.04775	0.01766	0.01711	0.01351	0.01692	0.01273	0.01997	0.01014	0.00714	0.00667	0.00221	0.00879	0.03785	0.00310	0.00727
18	0.01695	0.01528	0.01532	0.01157	0.01701	0.10083	0.00922	0.13642	0.01724	0.02425	0.01222	0.01380	0.00984	0.00563	0.00530	0.00124	0.00614	0.00429	0.00430	0.57315
19	0.02363	0.01158	0.01430	0.01168	0.01610	0.01116	0.00942	0.03063	0.21587	0.46085	0.03029	0.02713	0.08847	0.00923	0.00676	0.00211	0.00526	0.00758	0.00753	0.01042
20	0.00955	0.00642	0.00734	0.00729	0.00745	0.00637	0.00421	0.00986	0.01048	0.01413	0.09131	0.04369	0.02777	0.69287	0.03092	0.00595	0.00605	0.00981	0.00432	0.00421
21	0.01746	0.03801	0.11845	0.04164	0.03042	0.08904	0.44644	0.04263	0.01625	0.07388	0.01370	0.01681	0.01008	0.00605	0.00717	0.00211	0.01033	0.00678	0.00370	0.00905
22	0.02061	0.01605	0.01706	0.04876	0.01920	0.05961	0.01147	0.46685	0.02586	0.03424	0.10622	0.07615	0.02074	0.00981	0.00693	0.00208	0.00678	0.03580	0.00625	0.00954
23	0.00818	0.00662	0.00726	0.00724	0.00917	0.00570	0.00538	0.01016	0.01573	0.01984	0.22693	0.10914	0.51329	0.01616	0.00782	0.00222	0.00331	0.01374	0.00639	0.00570
24	0.01343	0.03244	0.66582	0.01965	0.02908	0.01542	0.09142	0.02087	0.01406	0.02087	0.01196	0.01428	0.00850	0.00618	0.00640	0.00210	0.00986	0.00515	0.00283	0.00965
25	0.02361	0.01762	0.01880	0.01485	0.01960	0.04068	0.01214	0.52154	0.12385	0.07869	0.01744	0.01723	0.01254	0.00819	0.00726	0.00205	0.04055	0.00612	0.00643	0.01080
26	0.00886	0.00645	0.00818	0.00856	0.00969	0.00599	0.00617	0.01090	0.01524	0.02064	0.31542	0.27102	0.13007	0.08688	0.01047	0.00275	0.00389	0.06679	0.00637	0.00565
27	0.00895	0.00644	0.00847	0.00854	0.00975	0.00596	0.00618	0.01149	0.01691	0.02366	0.52740	0.25370	0.05680	0.01551	0.00795	0.00224	0.00331	0.01385	0.00692	0.00596
28	0.04025	0.01618	0.02226	0.23191	0.02880	0.08980	0.12973	0.12361	0.01617	0.02151	0.01261	0.01808	0.01038	0.00816	0.01005	0.00229	0.17377	0.03256	0.00375	0.00812
29	0.02347	0.01256	0.01510	0.01249	0.01695	0.01276	0.01002	0.03342	0.33993	0.40747	0.02635	0.02340	0.01805	0.00851	0.00666	0.00213	0.00542	0.00700	0.00748	0.01084
30	0.00903	0.00641	0.00727	0.00738	0.00801	0.00609	0.00461	0.00977	0.01182	0.01545	0.09629	0.12017	0.17316	0.47005	0.02335	0.00476	0.00520	0.01159	0.00494	0.00465
31	0.45001	0.01568	0.01405	0.01170	0.01605	0.05113	0.00956	0.25758	0.05171	0.03265	0.01233	0.01325	0.00924	0.00701	0.00553	0.00203	0.02212	0.00464	0.00501	0.00872
32	0.02494	0.02101	0.01954	0.01551	0.02040	0.16386	0.01255	0.57061	0.02851	0.03645	0.01469	0.01502	0.01066	0.00768	0.00646	0.00192	0.00816	0.00559	0.00595	0.01049
33	0.00848	0.00673	0.00766	0.00764	0.00955	0.00591	0.00582	0.01070	0.01613	0.02067	0.27486	0.07600	0.44661	0.01584	0.00788	0.00224	0.00347	0.06154	0.00647	0.00580
34	0.02203	0.01444	0.01625	0.01330	0.01775	0.01554	0.01071	0.24695	0.29365	0.20485	0.05589	0.02240	0.01830	0.00862	0.00669	0.00210	0.00586	0.00697	0.00704	0.01066
35	0.01498	0.00926	0.01182	0.01159	0.01386	0.00930	0.00951	0.08620	0.04686	0.13162	0.02929	0.08552	0.02938	0.12102	0.01176	0.00319	0.00601	0.35540	0.00618	0.00724
36	0.01012	0.00724	0.01002	0.01133	0.01269	0.00713	0.00954	0.01290	0.01515	0.01997	0.10421	0.16740	0.04110	0.01805	0.00886	0.00289	0.00545	0.52378	0.00619	0.00598
37	0.00852	0.00606	0.00802	0.00923	0.00981	0.00573	0.00642	0.00997	0.01324	0.01776	0.10403	0.57155	0.04342	0.07375	0.01022	0.00292	0.00416	0.08370	0.00607	0.00541
38	0.01473	0.29115	0.49084	0.01615	0.02446	0.01903	0.01978	0.02045	0.01372	0.01898	0.01089	0.01274	0.00838	0.00604	0.00555	0.00185	0.00879	0.00440	0.00279	0.00928
39	0.02497	0.02009	0.01962	0.01538	0.02041	0.11240	0.01254	0.61905	0.02939	0.03826	0.01509	0.01530	0.01085	0.00776	0.00650	0.00194	0.00783	0.00571	0.00618	0.01074
40	0.01801	0.01495	0.01581	0.01373	0.01774	0.01714	0.01082	0.16184	0.58616	0.03018	0.02472	0.02291	0.01841	0.00874	0.00668	0.00218	0.00559	0.00716	0.00668	0.01057
41	0.00987	0.00731	0.00946	0.00931	0.00967	0.00818	0.00640	0.01077	0.01018	0.01414	0.02012	0.10253	0.02216	0.42503	0.22525	0.00684	0.08452	0.00935	0.00395	0.00496
42	0.08647	0.01044	0.01119	0.01023	0.01134	0.07666	0.03843	0.01322	0.01097	0.01549	0.01718	0.03226	0.01847	0.46626	0.09734	0.00553	0.06158	0.00792	0.00379	0.00526
43	0.02773	0.01161	0.01522	0.01194	0.01685	0.01060	0.00978	0.03248	0.11476	0.63514	0.02609	0.02270	0.01682	0.00826	0.00663	0.00206	0.00555	0.00673	0.00795	0.01110
44	0.00874	0.00640	0.00834	0.00952	0.01052	0.00601	0.00711	0.01057	0.01400	0.01834	0.08766	0.44158	0.13771	0.01896	0.00845	0.00266	0.00428	0.18735	0.00618	0.00562
45	0.01457	0.01252	0.01455	0.01319	0.01569	0.01485	0.01035	0.05754	0.39342	0.02347	0.02422	0.09789	0.03902	0.01540	0.09485	0.00334	0.13241	0.00835	0.00561	0.00875
46	0.04189	0.01789	0.01750	0.01443	0.01885	0.11764	0.01172	0.38630	0.10942	0.09818	0.01893	0.02227	0.01477	0.00881	0.00669	0.00207	0.00732	0.06910	0.00619	0.01003
47	0.02449	0.01793	0.01919	0.01477	0.01988	0.01982	0.01218	0.67677	0.03024	0.04078	0.01604	0.01617	0.01143	0.00789	0.00650	0.00196	0.00707	0.00594	0.03996	0.01098
48	0.00957	0.00641	0.00734	0.00734	0.00740	0.00647	0.00419	0.00968	0.00962	0.01288	0.02060	0.04227	0.02358	0.73481	0.06685	0.00658	0.00691	0.00946	0.00397	0.00408
49	0.01268	0.01192	0.02024	0.65283	0.08935	0.01441	0.03447	0.01700	0.01344	0.01737	0.01287	0.02014	0.01028	0.00705	0.00672	0.00222	0.00864	0.03776	0.00310	0.00750
50	0.02780	0.01217	0.01566	0.01220	0.01717	0.01135	0.01001	0.09502	0.08989	0.59720	0.02511	0.02201	0.01620	0.00820	0.00662	0.00205	0.00572	0.00664	0.00786	0.01112
51	0.01050	0.00713	0.00862	0.00814	0.01026	0.00643	0.00620	0.01280	0.01611	0.08690	0.28369	0.06731	0.34371	0.01815	0.08141	0.00300	0.00491	0.01196	0.00643	0.00634
52	0.00853	0.00861	0.08054	0.01004	0.01142	0.00635	0.00790	0.01035	0.01282	0.01725	0.03496	0.66289	0.06544	0.01904	0.00816	0.00260	0.00439	0.01715	0.00578	0.00579
53	0.44003	0.01470	0.01330	0.01110	0.01530	0.04103	0.00905	0.25068	0.01888	0.03279	0.08318	0.01632	0.01407	0.00748	0.00536	0.00201	0.00585	0.00522	0.00522	0.00843
54	0.00913	0.00659	0.00863	0.00841	0.00979	0.00609	0.00620	0.01196	0.01777	0.02502	0.62519	0.15201	0.05945	0.01449	0.00786	0.00216	0.00321	0.01288	0.00708	0.00609
55	0.02954	0.01120	0.01528	0.01171	0.01681	0.00968	0.00968	0.03208	0.01884	0.73213	0.02597	0.02241	0.01630	0.00815	0.00662	0.00204	0.00560	0.00662	0.00815	0.01120
56	0.01770	0.31870	0.31783	0.01456	0.02173	0.01884	0.01640	0.03965	0.03409	0.12343	0.01335	0.01418	0.00994	0.00640	0.00553	0.00181	0.00789	0.00469	0.00378	0.00950
57	0.02367	0.02890	0.01887	0.01686	0.02007	0.62510	0.01286	0.07234	0.01871	0.01784	0.01042	0.01238	0.00868	0.00730	0.00744	0.00183	0.08080	0.00450	0.00357	0.00784
58	0.00934	0.00658	0.00796	0.00820	0.00897	0.00633	0.00562	0.01064	0.01298	0.01733	0.17096	0.11758	0.10568	0.37064	0.02012	0.00430	0.00513	0.10130	0.00534	0.00500
59	0.58569	0.01330	0.01164	0.00992	0.01406	0.01503	0.00813	0.14617	0.01564	0.05233	0.06412	0.01485	0.01225	0.00705	0.00489	0.00203	0.00536	0.00471	0.00490	0.00793
60	0.01382	0.01335	0.02239	0.43498	0.20920	0.01579	0.04887	0.01770	0.01326	0.01802	0.01149	0.01678	0.00922	0.00709	0.00885	0.00224	0.11987	0.00593	0.00302	0.00814
61	0.00897	0.00616	0.00830	0.00969	0.01037	0.00581	0.00690	0.01045	0.01316	0.03534	0.03580	0.63773	0.04197	0.01993	0.00847	0.00271	0.00421	0.12227	0.00615	0.00561
62	0.01262	0.01189	0.02008	0.71909	0.07764	0.01467	0.01837	0.01698	0.01325	0.01704	0.01173	0.01749	0.00885	0.00655	0.00658	0.00218	0.00873	0.00585	0.00294	0.00746
63	0.19234	0.01858	0.01703	0.01397	0.01834	0.12564	0.01130	0.36889	0.08410	0.03281	0.01420	0.01484	0.01059	0.00761	0.00664	0.00201	0.04084	0.00530	0.00542	0.00955

[dist]
# distance from previous block
# <min> <max>
0	4

[block]
# block no. 2 follows, 33 sequences, length 27
# corresponding to MSA columns:
# 303-329
name=unknown_C
#
# <colnr> <probs for GDERKNQSTAVLIFYWHMCP>
#	G	D	E	R	K	N	Q	S	T	A	V	L	I	F	Y	W	H	M	C	P
0	0.00857	0.00638	0.00721	0.00749	0.00851	0.00585	0.00498	0.00966	0.01290	0.01651	0.09533	0.20179	0.28845	0.27759	0.01682	0.00375	0.00447	0.01325	0.00547	0.00502
1	0.00954	0.00590	0.00782	0.00844	0.00859	0.00575	0.00541	0.00909	0.01049	0.01398	0.02407	0.32927	0.02788	0.22355	0.02078	0.26361	0.00512	0.01205	0.00449	0.00418
2	0.04282	0.01620	0.01826	0.01470	0.01878	0.04106	0.02958	0.40161	0.08597	0.07206	0.01642	0.01774	0.01239	0.01290	0.09096	0.00306	0.08380	0.00614	0.00571	0.00984
3	0.02143	0.01507	0.01659	0.01364	0.01808	0.01654	0.01096	0.28613	0.32894	0.14119	0.04443	0.02171	0.01748	0.00857	0.00668	0.00210	0.00597	0.00689	0.00690	0.01070
4	0.00889	0.00628	0.00739	0.00776	0.00831	0.00597	0.00492	0.00972	0.01199	0.01585	0.09882	0.24300	0.12617	0.39199	0.02076	0.00440	0.00496	0.01286	0.00516	0.00478
5	0.02659	0.01483	0.01667	0.01317	0.01805	0.06268	0.01073	0.21362	0.09607	0.42281	0.02225	0.02015	0.01480	0.00807	0.00657	0.00202	0.00643	0.00636	0.00725	0.01088
6	0.00812	0.00633	0.00730	0.00779	0.00919	0.00559	0.00552	0.00973	0.01443	0.01836	0.13708	0.31296	0.37487	0.04092	0.00880	0.00249	0.00357	0.01524	0.00619	0.00552
7	0.00895	0.00643	0.00732	0.00745	0.00816	0.00613	0.00474	0.00974	0.01179	0.01531	0.07512	0.12473	0.19812	0.43668	0.04763	0.00487	0.00557	0.01165	0.00491	0.00471
8	0.01287	0.01214	0.02053	0.67275	0.12202	0.01474	0.01850	0.01720	0.01337	0.01735	0.01178	0.01741	0.00896	0.00650	0.00657	0.00217	0.00867	0.00585	0.00296	0.00766
9	0.09581	0.00883	0.01016	0.05117	0.01267	0.00933	0.00699	0.03409	0.09556	0.07489	0.02249	0.16057	0.02301	0.31983	0.01822	0.02977	0.00573	0.00965	0.00500	0.00623
10	0.00967	0.00644	0.00822	0.00894	0.00991	0.00599	0.00628	0.01111	0.01349	0.05559	0.09167	0.43762	0.11451	0.11889	0.01161	0.00307	0.00433	0.07100	0.00602	0.00563
11	0.01621	0.01720	0.02236	0.12092	0.26433	0.16404	0.10375	0.02027	0.04751	0.01932	0.01748	0.05934	0.05711	0.00912	0.03047	0.00231	0.00890	0.00708	0.00375	0.00852
12	0.01132	0.00579	0.00869	0.00869	0.00876	0.00586	0.00586	0.00876	0.00869	0.01165	0.01179	0.02034	0.01172	0.02437	0.06623	0.76338	0.00639	0.00579	0.00290	0.00303
13	0.01026	0.00664	0.00818	0.00867	0.01006	0.00605	0.00627	0.01191	0.01403	0.07532	0.06948	0.37046	0.20534	0.05974	0.00935	0.00266	0.00409	0.06579	0.04976	0.00593
14	0.00948	0.00725	0.01042	0.01037	0.01142	0.00835	0.00793	0.01153	0.01082	0.01534	0.02097	0.06872	0.05428	0.09454	0.58299	0.00908	0.04878	0.00816	0.00380	0.00576
15	0.01375	0.01317	0.02035	0.41789	0.23199	0.04698	0.01708	0.01734	0.01377	0.01796	0.01507	0.03994	0.04488	0.00793	0.00767	0.02812	0.02840	0.00652	0.00328	0.00792
16	0.01517	0.01466	0.02544	0.23851	0.49941	0.01541	0.05693	0.01931	0.01451	0.02018	0.01224	0.01672	0.00994	0.00605	0.00660	0.00204	0.00827	0.00597	0.00317	0.00947
17	0.00852	0.00641	0.00755	0.00803	0.00937	0.00578	0.00578	0.01028	0.01447	0.01887	0.15625	0.27594	0.30193	0.06434	0.00956	0.00262	0.00379	0.05304	0.03191	0.00555
18	0.01020	0.00828	0.01234	0.08758	0.09072	0.00833	0.02755	0.01290	0.03012	0.01853	0.05417	0.39698	0.06887	0.01615	0.00803	0.00255	0.00530	0.12950	0.00546	0.00645
19	0.01187	0.00900	0.01362	0.09603	0.01693	0.01015	0.04298	0.03780	0.01282	0.04989	0.08626	0.02658	0.01944	0.08026	0.37602	0.03548	0.05688	0.00741	0.00410	0.00649
20	0.01142	0.00885	0.01083	0.01117	0.02877	0.02854	0.02274	0.03659	0.09056	0.01872	0.03310	0.18618	0.14702	0.05523	0.01202	0.12675	0.00537	0.15468	0.00537	0.00609
21	0.00897	0.00657	0.00815	0.00910	0.00986	0.00638	0.00626	0.01116	0.05484	0.01706	0.03542	0.48493	0.09421	0.14827	0.01263	0.00328	0.00448	0.06718	0.00578	0.00549
22	0.60746	0.01246	0.01228	0.20119	0.02117	0.01473	0.01002	0.01870	0.01171	0.02625	0.00982	0.01247	0.00756	0.00623	0.00472	0.00208	0.00605	0.00416	0.00378	0.00718
23	0.00987	0.00712	0.00946	0.07655	0.03173	0.00691	0.00739	0.01150	0.01321	0.05325	0.03754	0.39302	0.18558	0.08873	0.03423	0.00309	0.00505	0.01430	0.00557	0.00589
24	0.01603	0.01518	0.04037	0.22109	0.17001	0.03631	0.09031	0.13949	0.05483	0.02378	0.03955	0.02056	0.05247	0.00739	0.00671	0.00204	0.00783	0.00665	0.00425	0.04514
25	0.08053	0.03499	0.01777	0.06409	0.12980	0.23370	0.02801	0.07192	0.03334	0.02218	0.11807	0.06014	0.01908	0.00829	0.00634	0.00190	0.00778	0.00671	0.00444	0.05091
26	0.03582	0.07852	0.13422	0.01704	0.06092	0.01324	0.16684	0.01979	0.03747	0.10016	0.07375	0.06600	0.05027	0.02885	0.00742	0.00213	0.00727	0.01988	0.00457	0.07583

[dist]
# distance from previous block
# <min> <max>
3	6

[block]
# block no. 3 follows, 33 sequences, length 9
# corresponding to MSA columns:
# 336-344
name=unknown_D
#
# <colnr> <probs for GDERKNQSTAVLIFYWHMCP>
#	G	D	E	R	K	N	Q	S	T	A	V	L	I	F	Y	W	H	M	C	P
0	0.01734	0.01121	0.01233	0.01106	0.01385	0.07001	0.00846	0.09750	0.03812	0.20521	0.13162	0.23857	0.06718	0.01408	0.02977	0.00246	0.00567	0.01099	0.00657	0.00801
1	0.01087	0.00582	0.00829	0.00842	0.00845	0.00579	0.00549	0.00877	0.00906	0.01208	0.01489	0.08535	0.01596	0.13364	0.02545	0.62212	0.00566	0.00737	0.00330	0.00323
2	0.07462	0.04466	0.06442	0.18104	0.14260	0.11826	0.10811	0.09192	0.01674	0.07673	0.01307	0.01583	0.00984	0.00653	0.00636	0.00201	0.00870	0.00565	0.00395	0.00894
3	0.01574	0.02357	0.30555	0.08428	0.14236	0.07430	0.13939	0.02102	0.01478	0.06015	0.01323	0.01690	0.01017	0.04071	0.00782	0.00226	0.00937	0.00588	0.00337	0.00914
4	0.02491	0.01217	0.01517	0.01213	0.01663	0.01178	0.00983	0.14194	0.09962	0.45604	0.06528	0.06513	0.02007	0.00921	0.00679	0.00209	0.00559	0.00759	0.00756	0.01049
5	0.01580	0.01054	0.06244	0.01047	0.01333	0.00890	0.00858	0.04390	0.05587	0.20218	0.13464	0.08502	0.05440	0.16340	0.03785	0.03818	0.00591	0.03513	0.00597	0.00748
6	0.13085	0.01424	0.01801	0.01879	0.17077	0.03346	0.03341	0.15411	0.06351	0.16877	0.04226	0.05671	0.01592	0.00839	0.00678	0.00209	0.02297	0.02381	0.00556	0.00957
7	0.12187	0.08199	0.20833	0.01710	0.06580	0.01485	0.12043	0.05959	0.01525	0.09927	0.01467	0.04543	0.01146	0.00691	0.00604	0.00196	0.00759	0.00590	0.04033	0.05525
8	0.05072	0.01118	0.01400	0.01168	0.01543	0.01098	0.03060	0.11398	0.08597	0.23682	0.18419	0.03358	0.05829	0.01044	0.00704	0.00212	0.00529	0.07237	0.00684	0.03848

[dist]
# distance from previous block
# <min> <max>
3	17

[block]
# block no. 4 follows, 33 sequences, length 7
# corresponding to MSA columns:
# 362-368
name=unknown_E
#
# <colnr> <probs for GDERKNQSTAVLIFYWHMCP>
#	G	D	E	R	K	N	Q	S	T	A	V	L	I	F	Y	W	H	M	C	P
0	0.05941	0.03926	0.05706	0.09479	0.10364	0.10044	0.15556	0.06751	0.03047	0.04168	0.04979	0.01865	0.03340	0.00728	0.00749	0.00201	0.05755	0.00628	0.00400	0.06372
1	0.01878	0.09103	0.06835	0.02115	0.17022	0.08020	0.08942	0.12360	0.07981	0.07253	0.01443	0.01615	0.01112	0.00685	0.00703	0.00192	0.04535	0.00569	0.00437	0.07200
2	0.15954	0.01569	0.01795	0.07458	0.11866	0.10679	0.05928	0.07353	0.06330	0.06900	0.05927	0.01759	0.01374	0.00692	0.00598	0.00187	0.00709	0.00565	0.00454	0.11903
3	0.20288	0.01506	0.01581	0.06353	0.05438	0.08041	0.04178	0.10627	0.13794	0.02577	0.01851	0.01943	0.06688	0.00753	0.00587	0.00192	0.00648	0.00591	0.00476	0.11887
4	0.02286	0.01649	0.01846	0.01517	0.05198	0.01762	0.01178	0.50948	0.05154	0.08333	0.01660	0.01771	0.01231	0.04423	0.00773	0.00211	0.00684	0.00602	0.00618	0.08158
5	0.07934	0.01440	0.01594	0.01309	0.01712	0.03836	0.03360	0.26072	0.11799	0.05201	0.02055	0.08559	0.04939	0.01122	0.04382	0.00244	0.03314	0.00733	0.00560	0.09835
6	0.01096	0.00583	0.00858	0.00886	0.00900	0.00578	0.00606	0.00895	0.00947	0.01260	0.01594	0.11593	0.01702	0.02231	0.02257	0.65965	0.00550	0.04815	0.00346	0.00336

[dist]
# distance from previous block
# <min> <max>
0	1

[block]
# block no. 5 follows, 33 sequences, length 19
# corresponding to MSA columns:
# 370-388
name=unknown_F
#
# <colnr> <probs for GDERKNQSTAVLIFYWHMCP>
#	G	D	E	R	K	N	Q	S	T	A	V	L	I	F	Y	W	H	M	C	P
0	0.01588	0.01235	0.01428	0.01088	0.01607	0.01071	0.00873	0.12078	0.05093	0.06022	0.01586	0.05705	0.01355	0.00698	0.00564	0.00140	0.00527	0.02803	0.00484	0.54055
1	0.08752	0.00990	0.00983	0.00962	0.01179	0.05291	0.00723	0.04863	0.08619	0.02164	0.11623	0.20750	0.21888	0.03857	0.00818	0.00242	0.00472	0.04573	0.00590	0.00660
2	0.05356	0.00726	0.00909	0.04441	0.01156	0.00713	0.00658	0.01271	0.01388	0.07162	0.19288	0.25044	0.07801	0.17579	0.03278	0.00340	0.00497	0.01225	0.00575	0.00591
3	0.05940	0.00845	0.01084	0.01010	0.01268	0.00778	0.00778	0.01882	0.01534	0.28317	0.05872	0.27237	0.07333	0.05057	0.00873	0.00257	0.00484	0.08015	0.00669	0.00767
4	0.00926	0.00633	0.00734	0.00751	0.00778	0.00619	0.00449	0.00972	0.01090	0.01455	0.07682	0.14188	0.06204	0.57694	0.02702	0.00537	0.00565	0.01118	0.00461	0.00441
5	0.00889	0.00635	0.00780	0.00849	0.00921	0.00603	0.00582	0.01011	0.01271	0.01673	0.08890	0.30794	0.12543	0.25807	0.01637	0.00379	0.00478	0.09197	0.00552	0.00509
6	0.44421	0.01498	0.01391	0.01152	0.01600	0.01701	0.00944	0.27412	0.08852	0.03375	0.01337	0.01396	0.00992	0.00705	0.00526	0.00203	0.00590	0.00482	0.00526	0.00896
7	0.00931	0.00655	0.00790	0.00807	0.00926	0.00603	0.00563	0.01092	0.01432	0.03853	0.21849	0.21668	0.20400	0.18031	0.01353	0.00321	0.00419	0.03156	0.00600	0.00551
8	0.00878	0.00648	0.00764	0.00804	0.00911	0.00601	0.00562	0.01018	0.01346	0.01744	0.12688	0.20313	0.24172	0.22630	0.01518	0.00353	0.00451	0.07512	0.00566	0.00521
9	0.01095	0.00687	0.00847	0.00852	0.00965	0.00652	0.00600	0.01244	0.01351	0.07431	0.14428	0.15852	0.09020	0.29235	0.01727	0.00385	0.00498	0.08905	0.03669	0.00558
10	0.18870	0.01263	0.01360	0.01128	0.01533	0.01334	0.00910	0.17272	0.12042	0.18914	0.12308	0.02495	0.06020	0.00902	0.00632	0.00207	0.00531	0.00711	0.00649	0.00919
11	0.27490	0.01053	0.01116	0.00954	0.01335	0.01050	0.00767	0.02189	0.04896	0.27172	0.06179	0.05103	0.16170	0.00991	0.00615	0.00211	0.00478	0.00779	0.00625	0.00829
12	0.01481	0.01239	0.01427	0.01030	0.01609	0.00996	0.00828	0.08655	0.01541	0.02349	0.01212	0.01387	0.00990	0.00518	0.00505	0.00108	0.00512	0.00411	0.00417	0.72787
13	0.00940	0.00705	0.01058	0.01058	0.01176	0.00823	0.00823	0.01176	0.01058	0.01528	0.01763	0.02586	0.01646	0.04937	0.74255	0.01058	0.01763	0.00705	0.00353	0.00588
14	0.00819	0.00608	0.00767	0.00874	0.00963	0.00556	0.00611	0.00968	0.01366	0.01785	0.09309	0.53565	0.18331	0.01917	0.00826	0.00255	0.00378	0.04932	0.00619	0.00549
15	0.01084	0.00713	0.00818	0.00788	0.01013	0.00614	0.00592	0.01271	0.01558	0.11207	0.13327	0.15922	0.45525	0.01576	0.00772	0.00225	0.00368	0.01342	0.00651	0.00634
16	0.01283	0.00999	0.01344	0.01254	0.01353	0.01195	0.00996	0.08250	0.01302	0.01814	0.01835	0.08808	0.01896	0.06262	0.12574	0.14077	0.21865	0.11857	0.00419	0.00616
17	0.01540	0.01462	0.02423	0.20377	0.51686	0.01546	0.01904	0.02051	0.06620	0.02086	0.01329	0.01719	0.01076	0.00626	0.00655	0.00203	0.00785	0.00598	0.00343	0.00970
18	0.00825	0.00610	0.00763	0.00865	0.00951	0.00560	0.00600	0.00964	0.01338	0.01745	0.07827	0.51009	0.18243	0.05909	0.00961	0.00276	0.00393	0.05014	0.00606	0.00540

[dist]
# distance from previous block
# <min> <max>
18	38

[block]
# block no. 6 follows, 33 sequences, length 26
# corresponding to MSA columns:
# 428-453
name=unknown_G
#
# <colnr> <probs for GDERKNQSTAVLIFYWHMCP>
#	G	D	E	R	K	N	Q	S	T	A	V	L	I	F	Y	W	H	M	C	P
0	0.01435	0.05415	0.09801	0.11818	0.06304	0.01360	0.06903	0.11041	0.06874	0.02351	0.11689	0.08628	0.03538	0.03216	0.00756	0.00216	0.00677	0.00798	0.00477	0.06702
1	0.06175	0.01173	0.01456	0.01165	0.01610	0.01126	0.00947	0.09308	0.09984	0.46230	0.11379	0.02491	0.02169	0.00880	0.00665	0.00206	0.00537	0.00718	0.00753	0.01028
2	0.01337	0.01231	0.01823	0.01675	0.09072	0.02875	0.14448	0.05138	0.12571	0.02384	0.22889	0.03445	0.13709	0.01045	0.00783	0.00215	0.03060	0.00943	0.00555	0.00802
3	0.09201	0.01073	0.01367	0.01096	0.01528	0.00990	0.00891	0.02779	0.05849	0.51034	0.14462	0.02614	0.02362	0.00893	0.00661	0.00205	0.00511	0.00732	0.00756	0.00995
4	0.05897	0.04100	0.01174	0.01045	0.01276	0.00901	0.03273	0.01640	0.07192	0.08918	0.08970	0.23979	0.09836	0.01419	0.00738	0.00236	0.00479	0.12145	0.06090	0.00695
5	0.00978	0.00713	0.01012	0.01004	0.01105	0.00821	0.00762	0.01185	0.01066	0.01563	0.01803	0.02763	0.01721	0.13769	0.57766	0.00917	0.03767	0.00727	0.05990	0.00569
6	0.08318	0.54905	0.05246	0.01236	0.01758	0.15811	0.01163	0.02094	0.01420	0.01691	0.00943	0.01092	0.00834	0.00591	0.00460	0.00153	0.00787	0.00370	0.00302	0.00823
7	0.00957	0.00638	0.00718	0.00718	0.00718	0.00638	0.00399	0.00957	0.00957	0.01276	0.02074	0.04308	0.02393	0.76864	0.03351	0.00638	0.00638	0.00957	0.00399	0.00399
8	0.01379	0.03451	0.09888	0.01541	0.03980	0.05030	0.12900	0.02068	0.15599	0.03823	0.18891	0.03102	0.08543	0.01155	0.04153	0.00252	0.00715	0.02184	0.00526	0.00820
9	0.02707	0.01292	0.01546	0.01195	0.01702	0.06139	0.00975	0.05182	0.01858	0.57080	0.02275	0.02036	0.01477	0.00764	0.00635	0.00188	0.00601	0.00609	0.00723	0.11016
10	0.01819	0.05283	0.03458	0.18860	0.02442	0.01433	0.03867	0.07788	0.18858	0.16822	0.05602	0.02108	0.01617	0.00773	0.00648	0.00202	0.00658	0.00651	0.00550	0.06562
11	0.02180	0.01862	0.02018	0.04274	0.02143	0.14857	0.08168	0.28839	0.08342	0.09684	0.01660	0.04521	0.01282	0.00828	0.00775	0.00208	0.06208	0.00648	0.00542	0.00960
12	0.01904	0.04906	0.11089	0.06718	0.02267	0.15141	0.06660	0.17625	0.01907	0.05834	0.03872	0.01601	0.01176	0.00676	0.00614	0.00177	0.00815	0.00539	0.00444	0.16036
13	0.10388	0.23637	0.08698	0.01685	0.06195	0.14975	0.09276	0.11427	0.04045	0.02247	0.01173	0.01344	0.00936	0.00637	0.00564	0.00182	0.00841	0.00485	0.00377	0.00887
14	0.01320	0.03405	0.73453	0.01876	0.02849	0.01529	0.02432	0.02085	0.01390	0.02085	0.01181	0.01390	0.00834	0.00625	0.00625	0.00208	0.00973	0.00486	0.00278	0.00973
15	0.00824	0.00599	0.00783	0.00920	0.00987	0.00558	0.00643	0.00962	0.01308	0.01717	0.03909	0.63135	0.10900	0.02001	0.00841	0.00266	0.00398	0.08094	0.00611	0.00543
16	0.09654	0.01730	0.01748	0.01385	0.01876	0.05832	0.01126	0.44050	0.11293	0.05191	0.01613	0.01618	0.01178	0.00753	0.00618	0.00191	0.00679	0.00564	0.00598	0.08303
17	0.00876	0.00634	0.00747	0.00789	0.00869	0.00594	0.00524	0.00986	0.01270	0.01659	0.10695	0.24770	0.18636	0.29703	0.01756	0.00390	0.00467	0.03590	0.00544	0.00500
18	0.01621	0.01529	0.02300	0.22795	0.28187	0.05907	0.07697	0.09862	0.01627	0.02191	0.01299	0.01708	0.01034	0.00820	0.03498	0.00237	0.02779	0.00599	0.03416	0.00894
19	0.02282	0.01277	0.01662	0.01570	0.10773	0.01250	0.01112	0.12050	0.11926	0.35213	0.08864	0.02324	0.01949	0.00831	0.00666	0.00201	0.00579	0.00694	0.00685	0.04092
20	0.61730	0.01616	0.01289	0.03302	0.01603	0.14061	0.04101	0.02056	0.01275	0.02644	0.00961	0.01143	0.00755	0.00622	0.00464	0.00199	0.00665	0.00395	0.00389	0.00730
21	0.01593	0.21071	0.07801	0.02303	0.02961	0.01896	0.48822	0.02072	0.01489	0.01965	0.01217	0.01570	0.00950	0.00561	0.00678	0.00201	0.00999	0.00652	0.00317	0.00882
22	0.01341	0.01346	0.07258	0.13234	0.24066	0.01228	0.01438	0.05074	0.04058	0.02232	0.14583	0.05444	0.07192	0.00921	0.00688	0.00205	0.00646	0.03002	0.00460	0.05584
23	0.00841	0.00628	0.00784	0.00846	0.00962	0.00571	0.00605	0.01028	0.01489	0.01976	0.23197	0.38534	0.20234	0.01768	0.00811	0.00242	0.00359	0.03916	0.00642	0.00566
24	0.01233	0.00917	0.01272	0.01264	0.05006	0.00951	0.04228	0.03937	0.07516	0.04875	0.02938	0.19046	0.13851	0.01733	0.04313	0.15680	0.05901	0.04194	0.00502	0.00644
25	0.00831	0.00637	0.00764	0.00817	0.00954	0.00570	0.00591	0.01015	0.01488	0.01931	0.19189	0.32146	0.30329	0.01753	0.00806	0.00239	0.00358	0.04383	0.00635	0.00564

[dist]
# distance from previous block
# <min> <max>
0	1

[block]
# block no. 7 follows, 33 sequences, length 7
# corresponding to MSA columns:
# 455-461
name=unknown_H
#
# <colnr> <probs for GDERKNQSTAVLIFYWHMCP>
#	G	D	E	R	K	N	Q	S	T	A	V	L	I	F	Y	W	H	M	C	P
0	0.01392	0.01257	0.01725	0.01232	0.01829	0.00990	0.10721	0.01722	0.01392	0.02140	0.01193	0.01424	0.00978	0.00497	0.00529	0.00115	0.00576	0.00445	0.00382	0.69460
1	0.01938	0.01627	0.04898	0.08137	0.25344	0.01615	0.10453	0.18152	0.07803	0.10982	0.01604	0.01780	0.01185	0.00689	0.00672	0.00205	0.00777	0.00631	0.00486	0.01023
2	0.01731	0.20999	0.14888	0.01580	0.04242	0.01839	0.06585	0.15858	0.05003	0.04126	0.01345	0.01554	0.01066	0.01038	0.06870	0.00260	0.04860	0.00533	0.00406	0.05216
3	0.00923	0.00750	0.01076	0.07009	0.01382	0.00722	0.05903	0.01103	0.01330	0.01731	0.08136	0.33013	0.18589	0.13825	0.01210	0.00306	0.00503	0.01386	0.00537	0.00566
4	0.01656	0.01917	0.03426	0.09061	0.03337	0.12012	0.54408	0.02145	0.01577	0.02000	0.01273	0.01690	0.00967	0.00582	0.00740	0.00214	0.01100	0.00709	0.00330	0.00856
5	0.01610	0.01654	0.09371	0.04550	0.02064	0.05041	0.07886	0.14275	0.09282	0.02571	0.09904	0.01994	0.01712	0.00725	0.00627	0.00175	0.00677	0.00617	0.00484	0.24781
6	0.01415	0.01604	0.11748	0.04185	0.27387	0.01450	0.03277	0.02005	0.11184	0.02074	0.01924	0.05333	0.04844	0.01054	0.03387	0.00255	0.09782	0.05790	0.00409	0.00892

[dist]
# distance from previous block
# <min> <max>
0	5

[block]
# block no. 8 follows, 33 sequences, length 7
# corresponding to MSA columns:
# 467-473
name=unknown_I
#
# <colnr> <probs for GDERKNQSTAVLIFYWHMCP>
#	G	D	E	R	K	N	Q	S	T	A	V	L	I	F	Y	W	H	M	C	P
0	0.01539	0.01410	0.02006	0.12124	0.08447	0.01495	0.10145	0.05674	0.22558	0.02313	0.01647	0.01840	0.01280	0.00718	0.00758	0.00197	0.06575	0.00615	0.00453	0.18208
1	0.63049	0.05888	0.05141	0.01023	0.01475	0.05404	0.00896	0.06675	0.01322	0.02837	0.00982	0.01127	0.00762	0.00625	0.00447	0.00198	0.00596	0.00383	0.00407	0.00765
2	0.01144	0.00572	0.00858	0.00858	0.00858	0.00572	0.00572	0.00858	0.00858	0.01144	0.01144	0.02001	0.01144	0.02287	0.02573	0.80846	0.00572	0.00572	0.00286	0.00286
3	0.01396	0.00756	0.00975	0.00961	0.01145	0.00711	0.00713	0.01640	0.04922	0.17277	0.06305	0.33829	0.05785	0.01558	0.00880	0.06126	0.00441	0.05121	0.08772	0.00685
4	0.00934	0.00727	0.01014	0.07795	0.05828	0.00719	0.00830	0.01119	0.01333	0.01755	0.05733	0.42296	0.11392	0.07101	0.00990	0.00282	0.00486	0.08527	0.00552	0.00588
5	0.10736	0.01135	0.01472	0.01141	0.01640	0.01018	0.00942	0.03082	0.01809	0.66253	0.02431	0.02125	0.01539	0.00795	0.00637	0.00204	0.00555	0.00632	0.00774	0.01080
6	0.01685	0.01235	0.01525	0.01604	0.12097	0.01325	0.01077	0.05788	0.33831	0.10392	0.06017	0.05993	0.02041	0.01003	0.00797	0.05726	0.00546	0.00764	0.05627	0.00929

[dist]
# distance from previous block
# <min> <max>
2	15

[block]
# block no. 9 follows, 33 sequences, length 26
# corresponding to MSA columns:
# 489-514
name=unknown_J
#
# <colnr> <probs for GDERKNQSTAVLIFYWHMCP>
#	G	D	E	R	K	N	Q	S	T	A	V	L	I	F	Y	W	H	M	C	P
0	0.12155	0.01377	0.02064	0.07229	0.14552	0.01407	0.15048	0.06731	0.09859	0.03972	0.05974	0.02267	0.07400	0.00771	0.00654	0.00203	0.00693	0.00703	0.00461	0.06479
1	0.01794	0.04554	0.04816	0.09872	0.17481	0.20859	0.09453	0.05314	0.07021	0.02065	0.03442	0.01656	0.01180	0.00684	0.00687	0.00193	0.03189	0.00575	0.00379	0.04785
2	0.01401	0.01014	0.01164	0.00999	0.01282	0.01018	0.00784	0.20772	0.02138	0.04884	0.37301	0.04186	0.17935	0.01239	0.00740	0.00207	0.00439	0.01047	0.00686	0.00763
3	0.81514	0.01273	0.00968	0.00866	0.01273	0.01477	0.00713	0.01935	0.01120	0.02954	0.00917	0.01069	0.00713	0.00611	0.00407	0.00204	0.00509	0.00356	0.00407	0.00713
4	0.00835	0.00615	0.00801	0.00901	0.00987	0.00581	0.00636	0.00994	0.01343	0.01783	0.10305	0.50785	0.13322	0.02184	0.07280	0.00327	0.00500	0.04667	0.00599	0.00554
5	0.00856	0.00667	0.00777	0.00756	0.00939	0.00588	0.00564	0.01093	0.01676	0.02208	0.39619	0.07755	0.37105	0.01518	0.00779	0.00216	0.00323	0.01304	0.00668	0.00588
6	0.01365	0.01170	0.01365	0.00975	0.01560	0.00878	0.00780	0.01658	0.01365	0.02145	0.01170	0.01365	0.00975	0.00488	0.00488	0.00098	0.00488	0.00390	0.00390	0.80888
7	0.03600	0.01002	0.03296	0.01038	0.01300	0.00962	0.00826	0.12501	0.04061	0.07439	0.09663	0.19097	0.16952	0.01969	0.12829	0.00362	0.00687	0.01102	0.00588	0.00728
8	0.02439	0.02995	0.01863	0.01673	0.02026	0.66909	0.01264	0.07588	0.03941	0.01828	0.01106	0.01252	0.00901	0.00693	0.00600	0.00173	0.01135	0.00445	0.00372	0.00797
9	0.00993	0.00783	0.01175	0.04804	0.01384	0.00944	0.00919	0.01231	0.01067	0.01540	0.01667	0.02459	0.01549	0.04442	0.65206	0.00959	0.07238	0.00690	0.00345	0.00605
10	0.00856	0.00649	0.00779	0.00788	0.00934	0.00583	0.00569	0.01064	0.01577	0.02095	0.33408	0.19982	0.27321	0.05282	0.00916	0.00245	0.00349	0.01384	0.00648	0.00571
11	0.05000	0.01363	0.02043	0.15141	0.24591	0.01449	0.05893	0.08242	0.11170	0.05662	0.10958	0.02209	0.01848	0.00769	0.00671	0.00208	0.00695	0.00694	0.00476	0.00919
12	0.03738	0.01004	0.01164	0.09205	0.01594	0.01035	0.00851	0.12196	0.07615	0.05205	0.15378	0.04128	0.28817	0.04177	0.00822	0.00231	0.00493	0.01013	0.00601	0.00735
13	0.01339	0.01114	0.01271	0.01165	0.03564	0.06553	0.02963	0.05846	0.04096	0.05120	0.23933	0.09590	0.11419	0.01171	0.00713	0.00201	0.00517	0.05700	0.00586	0.13139
14	0.19052	0.01537	0.08280	0.02007	0.16025	0.01444	0.12000	0.04624	0.06352	0.05474	0.01581	0.08535	0.01369	0.01004	0.04294	0.00258	0.04180	0.00695	0.00425	0.00863
15	0.01756	0.01832	0.06406	0.06468	0.05601	0.09613	0.36362	0.02323	0.07276	0.09202	0.03330	0.01857	0.01244	0.00670	0.00756	0.00214	0.03081	0.00696	0.00413	0.00900
16	0.03844	0.01303	0.03827	0.09386	0.07150	0.06863	0.08255	0.04627	0.06351	0.02094	0.07216	0.20038	0.06097	0.01172	0.00727	0.00225	0.00662	0.06066	0.00495	0.03605
17	0.05652	0.05153	0.05075	0.13726	0.21600	0.10971	0.01486	0.06107	0.06857	0.05714	0.01354	0.01586	0.01056	0.00646	0.00604	0.00185	0.00772	0.00531	0.00399	0.10526
18	0.04680	0.04502	0.11769	0.08398	0.21220	0.04063	0.17414	0.05145	0.04521	0.02181	0.01605	0.01880	0.05158	0.00675	0.00660	0.00202	0.00839	0.00640	0.00370	0.04081
19	0.05000	0.01948	0.18496	0.05844	0.15428	0.07480	0.05501	0.06862	0.07037	0.04984	0.08458	0.02101	0.01649	0.05410	0.00818	0.00230	0.00784	0.00649	0.00430	0.00891
20	0.04336	0.01542	0.04635	0.03505	0.10336	0.03908	0.13735	0.12431	0.11490	0.11573	0.04049	0.05120	0.01655	0.00830	0.00686	0.00210	0.00730	0.04220	0.00528	0.04478
21	0.01629	0.03937	0.12780	0.03132	0.06619	0.08480	0.08441	0.10915	0.06892	0.05021	0.07441	0.06763	0.03608	0.03306	0.03008	0.00239	0.00782	0.00736	0.00470	0.05800
22	0.08331	0.05027	0.05631	0.01565	0.06503	0.08488	0.06195	0.08444	0.16146	0.04266	0.06768	0.02105	0.04049	0.00974	0.03815	0.00235	0.03586	0.00646	0.00487	0.06739
23	0.01638	0.01840	0.09093	0.01825	0.08885	0.13184	0.12509	0.09994	0.06882	0.02259	0.03947	0.04184	0.09018	0.01012	0.04022	0.00235	0.00843	0.00719	0.00444	0.07466
24	0.03411	0.09019	0.07950	0.04448	0.03925	0.01380	0.14985	0.04794	0.08086	0.10157	0.17022	0.02482	0.02294	0.02576	0.00732	0.00209	0.00682	0.00742	0.00510	0.04597
25	0.04634	0.04505	0.10605	0.01508	0.05163	0.02993	0.07521	0.09080	0.07690	0.08457	0.17845	0.04242	0.03931	0.00907	0.00735	0.00204	0.03826	0.00765	0.00532	0.04854

[dist]
# distance from previous block
# <min> <max>
12	240

# created by:
# /home/cegg/simao/soft/augustus-3.2.1/scripts/msa2prfl.pl ./align_prep/EOG090W0DM3.fa
