[name]
unknown

[dist]
# distance from previous block
# <min> <max>
1	195

[block]
# block no. 0 follows, 32 sequences, length 36
# corresponding to MSA columns:
# 205-240
name=unknown_A
#
# <colnr> <probs for GDERKNQSTAVLIFYWHMCP>
#	G	D	E	R	K	N	Q	S	T	A	V	L	I	F	Y	W	H	M	C	P
0	0.03335	0.11303	0.07917	0.01180	0.01640	0.02686	0.01040	0.07414	0.06092	0.13197	0.05819	0.13063	0.04341	0.01054	0.02250	0.00210	0.00615	0.00793	0.00538	0.15512
1	0.05792	0.01635	0.08545	0.01351	0.01830	0.02886	0.01175	0.25956	0.11031	0.14752	0.05211	0.04697	0.01692	0.02536	0.03226	0.02016	0.00697	0.00690	0.00611	0.03669
2	0.03864	0.11687	0.08564	0.01343	0.01824	0.03373	0.03922	0.11122	0.07228	0.12352	0.08283	0.02055	0.01713	0.01162	0.07169	0.00269	0.03507	0.00625	0.00514	0.09424
3	0.22926	0.03362	0.22508	0.01426	0.02033	0.04881	0.03978	0.10815	0.01621	0.08648	0.01457	0.01604	0.02552	0.00923	0.04501	0.00248	0.00813	0.00523	0.00438	0.04744
4	0.09156	0.13920	0.16962	0.01306	0.01835	0.06903	0.01272	0.07620	0.03766	0.08680	0.02982	0.07511	0.03926	0.00975	0.03011	0.00222	0.00741	0.00650	0.03142	0.05420
5	0.28716	0.15066	0.05855	0.06497	0.01876	0.01624	0.01085	0.08437	0.01548	0.13840	0.01332	0.01427	0.00985	0.00656	0.00523	0.00186	0.00636	0.00463	0.00465	0.08785
6	0.11097	0.17781	0.04527	0.01251	0.01700	0.11441	0.01068	0.06307	0.17491	0.07347	0.02083	0.03937	0.07020	0.00834	0.00591	0.00193	0.00673	0.00629	0.00501	0.03529
7	0.25966	0.10604	0.01840	0.01480	0.06768	0.15720	0.01118	0.18347	0.04036	0.02789	0.04567	0.01507	0.01199	0.00717	0.00559	0.00192	0.00739	0.00503	0.00466	0.00881
8	0.01166	0.00583	0.00874	0.00874	0.00874	0.00583	0.00583	0.00874	0.00874	0.01166	0.01166	0.02040	0.01166	0.02331	0.02622	0.80478	0.00583	0.00583	0.00291	0.00291
9	0.01445	0.03660	0.07442	0.01076	0.01439	0.00918	0.03483	0.03845	0.01749	0.16022	0.24321	0.05671	0.22376	0.01242	0.00744	0.00216	0.00496	0.02428	0.00648	0.00777
10	0.01477	0.12060	0.61358	0.01788	0.02708	0.01662	0.02251	0.02165	0.01434	0.05373	0.01240	0.01417	0.00889	0.00639	0.00615	0.00204	0.00939	0.00488	0.00309	0.00983
11	0.00978	0.00659	0.00767	0.00772	0.00785	0.00667	0.00458	0.01005	0.01003	0.01343	0.02145	0.04390	0.02440	0.69158	0.07880	0.00666	0.00724	0.03323	0.00411	0.00427
12	0.01395	0.00764	0.00779	0.00727	0.00926	0.00787	0.00558	0.09148	0.01601	0.02693	0.02125	0.02403	0.01656	0.00784	0.00491	0.00161	0.00360	0.00623	0.71335	0.00683
13	0.01468	0.23394	0.54086	0.01705	0.02583	0.01856	0.02118	0.02094	0.01402	0.01977	0.01130	0.01324	0.00853	0.00620	0.00581	0.00194	0.00917	0.00459	0.00284	0.00956
14	0.01314	0.01227	0.02058	0.57008	0.16315	0.01448	0.01810	0.01743	0.01415	0.01869	0.06272	0.01997	0.01314	0.00708	0.00678	0.00218	0.00836	0.00641	0.00336	0.00793
15	0.01481	0.01659	0.06983	0.01962	0.02147	0.01959	0.13740	0.01743	0.01152	0.01743	0.00987	0.01526	0.00903	0.01031	0.01849	0.00276	0.57158	0.00618	0.00301	0.00781
16	0.02995	0.01166	0.01572	0.01205	0.01725	0.01022	0.00996	0.05470	0.01961	0.70440	0.02613	0.02262	0.01644	0.00830	0.00675	0.00207	0.00576	0.00672	0.00825	0.01142
17	0.01464	0.01382	0.02335	0.44467	0.28570	0.01556	0.04315	0.04294	0.01481	0.01990	0.01238	0.01738	0.00968	0.00646	0.00673	0.00214	0.00863	0.00604	0.00325	0.00878
18	0.02294	0.01186	0.01438	0.01180	0.01587	0.03567	0.00946	0.06617	0.11145	0.40195	0.16563	0.02804	0.02604	0.01101	0.03410	0.00242	0.00591	0.00784	0.00749	0.00995
19	0.02740	0.01242	0.01584	0.01233	0.01724	0.01166	0.01011	0.14182	0.04503	0.53940	0.07441	0.02376	0.01923	0.00868	0.00683	0.00208	0.00579	0.00705	0.00792	0.01103
20	0.02939	0.01257	0.01628	0.01248	0.01770	0.01157	0.01031	0.13669	0.02113	0.62027	0.02486	0.02179	0.01580	0.00827	0.00674	0.00207	0.00597	0.00664	0.00806	0.01142
21	0.02311	0.01668	0.02311	0.01761	0.02283	0.05015	0.17823	0.23354	0.08925	0.21779	0.01883	0.01903	0.01317	0.00773	0.00757	0.00214	0.03599	0.00675	0.00605	0.01044
22	0.01779	0.60554	0.13726	0.01304	0.01924	0.07663	0.01357	0.02075	0.01410	0.01665	0.00981	0.01137	0.00860	0.00592	0.00474	0.00156	0.00794	0.00385	0.00291	0.00874
23	0.00954	0.00641	0.00738	0.00759	0.00765	0.00636	0.00436	0.00970	0.01018	0.01357	0.02330	0.14156	0.02712	0.66282	0.03066	0.00599	0.00615	0.01103	0.00436	0.00425
24	0.02843	0.01196	0.01569	0.01212	0.01712	0.01085	0.00997	0.10418	0.02054	0.61247	0.06489	0.02366	0.01871	0.00859	0.00681	0.00207	0.00575	0.00698	0.00808	0.01113
25	0.01694	0.01723	0.02480	0.17451	0.50150	0.10864	0.01923	0.02073	0.01540	0.02029	0.01220	0.01627	0.01005	0.00624	0.00658	0.00201	0.00869	0.00576	0.00327	0.00965
26	0.07928	0.01378	0.01660	0.01281	0.01799	0.01355	0.01058	0.23621	0.02248	0.47219	0.02219	0.02000	0.01441	0.00809	0.00657	0.00206	0.00619	0.00633	0.00755	0.01115
27	0.01088	0.00639	0.00700	0.00703	0.00786	0.00633	0.00462	0.01256	0.01252	0.01959	0.07603	0.06962	0.02515	0.33683	0.01789	0.00380	0.00463	0.00883	0.35717	0.00527
28	0.01119	0.00710	0.00820	0.00822	0.00986	0.00683	0.00606	0.01450	0.05477	0.04886	0.16581	0.17157	0.13484	0.04864	0.00823	0.00233	0.00380	0.03485	0.24795	0.00638
29	0.01686	0.01539	0.02094	0.01820	0.07069	0.07523	0.16080	0.05528	0.17334	0.05084	0.01868	0.06169	0.01530	0.00836	0.00803	0.00211	0.07082	0.00730	0.08965	0.06049
30	0.00962	0.00706	0.01013	0.01013	0.01110	0.00803	0.00757	0.01156	0.01059	0.01509	0.01857	0.02969	0.01822	0.18560	0.60430	0.00997	0.01580	0.00768	0.00368	0.00563
31	0.01085	0.00845	0.00962	0.00897	0.01122	0.00820	0.00685	0.06304	0.08551	0.02428	0.32235	0.05100	0.28362	0.04177	0.00874	0.00237	0.00399	0.03565	0.00671	0.00679
32	0.02236	0.02343	0.05527	0.01792	0.02270	0.26411	0.10551	0.26728	0.07690	0.02750	0.01421	0.01556	0.01077	0.00750	0.00726	0.00201	0.03953	0.00577	0.00483	0.00956
33	0.11288	0.01389	0.01415	0.01242	0.01592	0.05386	0.00979	0.23090	0.11244	0.02882	0.04798	0.17418	0.02254	0.01134	0.00688	0.00220	0.00599	0.05768	0.00595	0.06019
34	0.12496	0.03729	0.04336	0.01515	0.01804	0.36544	0.01208	0.02201	0.04089	0.01887	0.01360	0.09670	0.01292	0.00930	0.00891	0.00213	0.14063	0.00629	0.00386	0.00757
35	0.01384	0.01190	0.01279	0.01244	0.01412	0.12066	0.03649	0.03935	0.01502	0.06907	0.02854	0.44817	0.03170	0.01611	0.00887	0.00252	0.05425	0.05174	0.00564	0.00676

[dist]
# distance from previous block
# <min> <max>
4	6

[block]
# block no. 1 follows, 32 sequences, length 32
# corresponding to MSA columns:
# 248-279
name=unknown_B
#
# <colnr> <probs for GDERKNQSTAVLIFYWHMCP>
#	G	D	E	R	K	N	Q	S	T	A	V	L	I	F	Y	W	H	M	C	P
0	0.01891	0.01897	0.01784	0.01521	0.01928	0.19374	0.04871	0.07323	0.35828	0.02467	0.01935	0.01933	0.01487	0.00796	0.00704	0.00201	0.03460	0.00625	0.00536	0.09439
1	0.00957	0.00690	0.00841	0.00862	0.01017	0.00632	0.00623	0.01216	0.03986	0.04531	0.25421	0.30329	0.23039	0.01684	0.00807	0.00237	0.00365	0.01479	0.00668	0.00616
2	0.02165	0.04919	0.07234	0.01537	0.02089	0.01905	0.03823	0.43524	0.15145	0.03508	0.01723	0.01732	0.01260	0.00775	0.00655	0.00199	0.00718	0.00609	0.00600	0.05880
3	0.01401	0.01376	0.01989	0.01706	0.01748	0.01871	0.03921	0.01576	0.01055	0.01627	0.01027	0.01644	0.00997	0.01692	0.12172	0.00401	0.62157	0.00613	0.00305	0.00721
4	0.01454	0.01383	0.02350	0.41289	0.36680	0.01540	0.01956	0.01878	0.01430	0.01941	0.01226	0.01728	0.00974	0.00636	0.00668	0.00212	0.00848	0.00597	0.00314	0.00896
5	0.01757	0.36665	0.29029	0.01507	0.02223	0.04816	0.01665	0.11314	0.01647	0.02144	0.01130	0.01280	0.00895	0.00633	0.00547	0.00178	0.00840	0.00446	0.00340	0.00945
6	0.00950	0.00640	0.00739	0.00764	0.00771	0.00634	0.00441	0.00969	0.01026	0.01367	0.02369	0.15922	0.02761	0.64449	0.03003	0.00590	0.00608	0.01126	0.00441	0.00429
7	0.07159	0.00727	0.00901	0.00965	0.01114	0.00693	0.00710	0.01308	0.01410	0.08792	0.06129	0.46335	0.09877	0.01775	0.00806	0.00259	0.00437	0.09341	0.00631	0.00631
8	0.03914	0.01424	0.02348	0.31091	0.20185	0.01549	0.11202	0.07229	0.04730	0.05088	0.03754	0.01887	0.01232	0.00688	0.00683	0.00215	0.00832	0.00649	0.00398	0.00901
9	0.01614	0.01547	0.02640	0.12431	0.64282	0.01582	0.02036	0.02019	0.01506	0.02136	0.01254	0.01676	0.01043	0.00606	0.00665	0.00202	0.00809	0.00598	0.00328	0.01026
10	0.00975	0.00654	0.00748	0.00748	0.00753	0.00659	0.00427	0.00986	0.00981	0.01313	0.02099	0.04310	0.02404	0.73112	0.06674	0.00670	0.00704	0.00964	0.00404	0.00415
11	0.00990	0.00694	0.00869	0.00850	0.01017	0.00631	0.00635	0.01242	0.01709	0.05030	0.42834	0.13301	0.18927	0.03970	0.00887	0.00240	0.00365	0.04501	0.00689	0.00621
12	0.01547	0.34375	0.40171	0.01635	0.02435	0.02029	0.05276	0.02077	0.01402	0.01895	0.01097	0.01293	0.00863	0.00607	0.00558	0.00184	0.00883	0.00453	0.00288	0.00932
13	0.01698	0.01087	0.01209	0.03425	0.01418	0.01171	0.00834	0.19895	0.08273	0.06746	0.02048	0.02331	0.01598	0.04732	0.05829	0.00268	0.00599	0.00657	0.35358	0.00822
14	0.00976	0.00651	0.00732	0.00732	0.00732	0.00651	0.00407	0.00976	0.00976	0.01301	0.02114	0.04391	0.02439	0.76419	0.03415	0.00651	0.00651	0.00976	0.00407	0.00407
15	0.01682	0.01473	0.08035	0.01342	0.01760	0.03788	0.08179	0.14918	0.09938	0.07419	0.12536	0.02667	0.05525	0.00897	0.00663	0.00201	0.00615	0.00764	0.16724	0.00874
16	0.01477	0.07880	0.58845	0.01767	0.02652	0.01589	0.02190	0.05506	0.01542	0.04830	0.04658	0.01609	0.01159	0.00684	0.00635	0.00207	0.00913	0.00534	0.00345	0.00979
17	0.01621	0.01749	0.02323	0.05565	0.02215	0.12020	0.11913	0.01851	0.01251	0.01705	0.00991	0.01500	0.00900	0.00988	0.01686	0.00263	0.49786	0.00597	0.00308	0.00767
18	0.00973	0.00660	0.00778	0.00778	0.00795	0.00676	0.00465	0.01006	0.00990	0.01336	0.02072	0.04155	0.02337	0.66820	0.12874	0.00708	0.00805	0.00941	0.00400	0.00432
19	0.04630	0.15793	0.58304	0.01742	0.02640	0.01742	0.02183	0.02099	0.01397	0.02068	0.01147	0.01346	0.00847	0.00626	0.00594	0.00201	0.00926	0.00467	0.00289	0.00959
20	0.01730	0.05038	0.01635	0.04671	0.04359	0.01460	0.01092	0.13640	0.19389	0.09893	0.07108	0.02882	0.06843	0.04025	0.04885	0.00285	0.05709	0.03863	0.00589	0.00904
21	0.01469	0.16946	0.57703	0.01766	0.02658	0.04276	0.02193	0.02123	0.01424	0.02008	0.01148	0.01347	0.00853	0.00628	0.00598	0.00198	0.00949	0.00468	0.00286	0.00960
22	0.00933	0.00659	0.00796	0.00814	0.00867	0.00664	0.00524	0.01011	0.01095	0.01456	0.02786	0.12479	0.10686	0.45819	0.15964	0.00638	0.00799	0.01086	0.00448	0.00477
23	0.15279	0.04208	0.01347	0.01133	0.01414	0.06969	0.04234	0.04065	0.04005	0.11576	0.04423	0.21296	0.02313	0.08571	0.02939	0.00286	0.00628	0.00960	0.03616	0.00738
24	0.01501	0.01437	0.02259	0.44350	0.28309	0.04340	0.01889	0.04360	0.01495	0.01972	0.01226	0.01715	0.00962	0.00651	0.00666	0.00212	0.00867	0.00591	0.00326	0.00873
25	0.01228	0.01243	0.05119	0.50344	0.06240	0.01356	0.05368	0.01630	0.01348	0.01771	0.01638	0.14796	0.01528	0.00924	0.00744	0.00233	0.02559	0.00833	0.00358	0.00741
26	0.01784	0.01732	0.02215	0.26922	0.19791	0.12057	0.04730	0.12601	0.07344	0.02312	0.01382	0.01705	0.01066	0.00691	0.00666	0.00207	0.00874	0.00596	0.00403	0.00920
27	0.01956	0.03423	0.04716	0.01308	0.03840	0.01213	0.01057	0.17149	0.04306	0.22266	0.13565	0.11586	0.03946	0.01125	0.00724	0.00220	0.00574	0.05425	0.00677	0.00925
28	0.01666	0.01725	0.02375	0.14651	0.10706	0.13335	0.18241	0.06701	0.06731	0.02110	0.01637	0.10420	0.01456	0.00858	0.00783	0.00221	0.04339	0.00784	0.00411	0.00852
29	0.01703	0.01529	0.01749	0.04832	0.05261	0.09890	0.04865	0.17752	0.01839	0.02464	0.03787	0.14545	0.01782	0.00996	0.00834	0.00206	0.08628	0.00805	0.03689	0.12843
30	0.06129	0.05246	0.04699	0.02398	0.29748	0.06470	0.01471	0.06581	0.01607	0.07587	0.01395	0.04074	0.01159	0.00691	0.00668	0.00184	0.03436	0.00572	0.00414	0.15471
31	0.04915	0.01412	0.01642	0.01770	0.14515	0.05347	0.01163	0.13725	0.20182	0.04352	0.11245	0.12316	0.02468	0.01031	0.00700	0.00218	0.00605	0.00882	0.00590	0.00923

[dist]
# distance from previous block
# <min> <max>
14	47

[block]
# block no. 2 follows, 32 sequences, length 7
# corresponding to MSA columns:
# 330-336
name=unknown_C
#
# <colnr> <probs for GDERKNQSTAVLIFYWHMCP>
#	G	D	E	R	K	N	Q	S	T	A	V	L	I	F	Y	W	H	M	C	P
0	0.01513	0.01435	0.02455	0.13261	0.50636	0.01463	0.05162	0.01916	0.01552	0.02188	0.10215	0.02111	0.01706	0.00704	0.00688	0.00205	0.00766	0.00685	0.00379	0.00957
1	0.01307	0.01005	0.01288	0.01388	0.10278	0.00944	0.00913	0.01766	0.11127	0.06784	0.05294	0.20771	0.12971	0.03627	0.00802	0.00225	0.00498	0.03180	0.00564	0.15267
2	0.01411	0.01180	0.01451	0.01238	0.01488	0.05392	0.07203	0.03642	0.11418	0.05114	0.07255	0.09767	0.02324	0.23859	0.01618	0.00345	0.05358	0.00895	0.00499	0.08543
3	0.01567	0.01484	0.02135	0.01966	0.10808	0.01750	0.05951	0.06869	0.01359	0.02031	0.01076	0.01511	0.00955	0.00902	0.01467	0.00233	0.40737	0.00567	0.00350	0.16282
4	0.01593	0.01525	0.02601	0.16319	0.60563	0.01576	0.02025	0.02000	0.01496	0.02110	0.01250	0.01683	0.01034	0.00610	0.00665	0.00203	0.00814	0.00598	0.00326	0.01008
5	0.01810	0.01395	0.01580	0.01178	0.01742	0.01274	0.00953	0.20867	0.05926	0.06265	0.01469	0.01561	0.01129	0.00623	0.00565	0.00140	0.00570	0.00489	0.00511	0.49954
6	0.00942	0.00636	0.00742	0.00775	0.00783	0.00628	0.00452	0.00967	0.01041	0.01388	0.02449	0.19525	0.02862	0.60709	0.02874	0.00571	0.00595	0.01173	0.00452	0.00436

[dist]
# distance from previous block
# <min> <max>
0	1

[block]
# block no. 3 follows, 32 sequences, length 14
# corresponding to MSA columns:
# 338-351
name=unknown_D
#
# <colnr> <probs for GDERKNQSTAVLIFYWHMCP>
#	G	D	E	R	K	N	Q	S	T	A	V	L	I	F	Y	W	H	M	C	P
0	0.00945	0.00637	0.00741	0.00772	0.00779	0.00630	0.00449	0.00968	0.01036	0.01382	0.02425	0.18451	0.02832	0.61824	0.02913	0.00576	0.00599	0.01159	0.00449	0.00434
1	0.01267	0.01193	0.02013	0.74806	0.04621	0.01491	0.01863	0.01714	0.01342	0.01714	0.01193	0.01789	0.00894	0.00671	0.00671	0.00224	0.00894	0.00596	0.00298	0.00745
2	0.01267	0.01193	0.02013	0.74806	0.04621	0.01491	0.01863	0.01714	0.01342	0.01714	0.01193	0.01789	0.00894	0.00671	0.00671	0.00224	0.00894	0.00596	0.00298	0.00745
3	0.00818	0.00584	0.00779	0.00934	0.00973	0.00545	0.00623	0.00934	0.01285	0.01713	0.03698	0.75981	0.04438	0.02102	0.00856	0.00273	0.00389	0.01908	0.00623	0.00545
4	0.02551	0.01879	0.02014	0.01544	0.02081	0.02081	0.01275	0.69996	0.03155	0.04229	0.01611	0.01611	0.01141	0.00805	0.00671	0.00201	0.00738	0.00604	0.00671	0.01141
5	0.00986	0.00663	0.00766	0.00782	0.00797	0.00663	0.00473	0.01017	0.01032	0.01371	0.02256	0.04705	0.02580	0.69052	0.03169	0.00617	0.00647	0.07570	0.00427	0.00427
6	0.01661	0.01594	0.02724	0.04119	0.72233	0.01594	0.02059	0.02059	0.01528	0.02192	0.01262	0.01661	0.01063	0.00598	0.00664	0.00199	0.00797	0.00598	0.00332	0.01063
7	0.53858	0.01220	0.01133	0.00989	0.01397	0.01331	0.00817	0.04467	0.01424	0.16238	0.04797	0.02002	0.01415	0.00796	0.00529	0.00215	0.00534	0.05498	0.00533	0.00807
8	0.00833	0.00591	0.00774	0.00914	0.00949	0.00555	0.00601	0.00938	0.01254	0.01672	0.03542	0.68908	0.04240	0.09445	0.01109	0.00310	0.00415	0.01815	0.00601	0.00531
9	0.01515	0.01437	0.02393	0.30240	0.43214	0.01560	0.01931	0.02014	0.05293	0.02048	0.01317	0.01755	0.01055	0.00642	0.00668	0.00210	0.00819	0.00606	0.00339	0.00945
10	0.01605	0.01538	0.02624	0.14051	0.62733	0.01580	0.02032	0.02011	0.01502	0.02125	0.01252	0.01679	0.01039	0.00608	0.00665	0.00203	0.00811	0.00598	0.00327	0.01018
11	0.69706	0.01305	0.01063	0.00933	0.01341	0.01495	0.00764	0.07361	0.01352	0.03087	0.05564	0.01385	0.01121	0.00686	0.00460	0.00207	0.00524	0.00437	0.00457	0.00754
12	0.01697	0.01603	0.02693	0.07139	0.61950	0.01625	0.04625	0.06428	0.01626	0.02300	0.01285	0.01669	0.01058	0.00613	0.00670	0.00202	0.00811	0.00606	0.00353	0.01047
13	0.21482	0.15481	0.01766	0.01148	0.01585	0.08889	0.00962	0.10672	0.01761	0.16047	0.09634	0.02041	0.04314	0.00809	0.00576	0.00192	0.00634	0.00595	0.00541	0.00872

[dist]
# distance from previous block
# <min> <max>
13	24

[block]
# block no. 4 follows, 32 sequences, length 26
# corresponding to MSA columns:
# 386-411
name=unknown_E
#
# <colnr> <probs for GDERKNQSTAVLIFYWHMCP>
#	G	D	E	R	K	N	Q	S	T	A	V	L	I	F	Y	W	H	M	C	P
0	0.01639	0.01511	0.02300	0.02153	0.12239	0.01846	0.09392	0.05671	0.03362	0.05518	0.03047	0.01708	0.01154	0.00980	0.01572	0.00259	0.43784	0.00639	0.00375	0.00852
1	0.02386	0.02026	0.02002	0.01605	0.02033	0.13297	0.01307	0.49478	0.02648	0.03442	0.01415	0.01527	0.01060	0.00841	0.00884	0.00210	0.11674	0.00575	0.00565	0.01025
2	0.01738	0.01741	0.02648	0.03900	0.65813	0.08195	0.01989	0.02116	0.01562	0.02142	0.01242	0.01619	0.01045	0.00606	0.00659	0.00197	0.00835	0.00583	0.00333	0.01037
3	0.01947	0.01427	0.01737	0.01785	0.13122	0.01546	0.01217	0.05687	0.44626	0.15618	0.02438	0.02295	0.01785	0.00841	0.00678	0.00218	0.00589	0.00712	0.00653	0.01080
4	0.01636	0.01569	0.02679	0.08499	0.68043	0.01588	0.02047	0.02038	0.01516	0.02163	0.01258	0.01669	0.01052	0.00602	0.00665	0.00201	0.00803	0.00598	0.00330	0.01043
5	0.00830	0.00596	0.00768	0.00899	0.00947	0.00556	0.00596	0.00940	0.01272	0.01682	0.03754	0.64934	0.08622	0.08876	0.01086	0.00304	0.00410	0.01790	0.00603	0.00534
6	0.02844	0.01409	0.01722	0.01321	0.01846	0.01383	0.01091	0.27434	0.02367	0.47903	0.02272	0.02040	0.01473	0.00821	0.00673	0.00205	0.00632	0.00649	0.00773	0.01142
7	0.01661	0.01594	0.02724	0.04119	0.72233	0.01594	0.02059	0.02059	0.01528	0.02192	0.01262	0.01661	0.01063	0.00598	0.00664	0.00199	0.00797	0.00598	0.00332	0.01063
8	0.00793	0.00680	0.00680	0.00680	0.00906	0.00566	0.00510	0.00963	0.01529	0.01813	0.06797	0.06457	0.71961	0.01699	0.00793	0.00227	0.00340	0.01416	0.00623	0.00566
9	0.00927	0.00676	0.00872	0.00842	0.00994	0.00621	0.00624	0.01216	0.01819	0.02544	0.61432	0.11600	0.10402	0.01460	0.00797	0.00218	0.00325	0.01290	0.00721	0.00621
10	0.00950	0.00686	0.00897	0.00844	0.01002	0.00633	0.00633	0.01266	0.01899	0.02691	0.71879	0.05012	0.06331	0.01372	0.00791	0.00211	0.00317	0.01213	0.00739	0.00633
11	0.01346	0.03471	0.72942	0.01912	0.02904	0.01558	0.02479	0.02125	0.01417	0.02125	0.01204	0.01417	0.00850	0.00637	0.00637	0.00212	0.00992	0.00496	0.00283	0.00992
12	0.01251	0.00625	0.00625	0.00625	0.00782	0.00625	0.00469	0.01563	0.01407	0.02502	0.02189	0.02502	0.01720	0.00782	0.00469	0.00156	0.00313	0.00625	0.80144	0.00625
13	0.01303	0.01229	0.02078	0.68338	0.10808	0.01500	0.01881	0.01746	0.01359	0.01758	0.01199	0.01777	0.00910	0.00664	0.00670	0.00221	0.00886	0.00596	0.00301	0.00774
14	0.01661	0.01594	0.02724	0.04119	0.72233	0.01594	0.02059	0.02059	0.01528	0.02192	0.01262	0.01661	0.01063	0.00598	0.00664	0.00199	0.00797	0.00598	0.00332	0.01063
15	0.01346	0.03471	0.72942	0.01912	0.02904	0.01558	0.02479	0.02125	0.01417	0.02125	0.01204	0.01417	0.00850	0.00637	0.00637	0.00212	0.00992	0.00496	0.00283	0.00992
16	0.81159	0.01298	0.00986	0.00882	0.01298	0.01505	0.00727	0.01972	0.01142	0.03010	0.00934	0.01090	0.00727	0.00623	0.00415	0.00208	0.00519	0.00363	0.00415	0.00727
17	0.01110	0.01026	0.00953	0.00925	0.01148	0.07948	0.00685	0.01514	0.11176	0.01914	0.07273	0.10485	0.40029	0.06485	0.04071	0.00288	0.00538	0.01200	0.00583	0.00648
18	0.00950	0.00686	0.00897	0.00844	0.01002	0.00633	0.00633	0.01266	0.01899	0.02691	0.71879	0.05012	0.06331	0.01372	0.00791	0.00211	0.00317	0.01213	0.00739	0.00633
19	0.02408	0.02988	0.01852	0.01680	0.02018	0.66316	0.01266	0.05116	0.01895	0.01734	0.01108	0.01317	0.00927	0.00976	0.05338	0.00232	0.01230	0.00457	0.00359	0.00780
20	0.01793	0.01544	0.01470	0.01312	0.01596	0.18071	0.01028	0.14480	0.01734	0.07970	0.01667	0.02080	0.01388	0.02764	0.34954	0.00606	0.01319	0.00624	0.02812	0.00787
21	0.00987	0.00718	0.00903	0.00994	0.01098	0.00697	0.00709	0.06918	0.01484	0.01961	0.03723	0.59083	0.08821	0.01942	0.00842	0.00266	0.00435	0.07190	0.00627	0.00604
22	0.01399	0.01138	0.01289	0.01201	0.01512	0.01214	0.00963	0.05722	0.32749	0.02549	0.10952	0.04192	0.08729	0.01217	0.00748	0.00235	0.00519	0.16605	0.00648	0.06418
23	0.31217	0.01188	0.01196	0.00940	0.01432	0.01101	0.00757	0.01798	0.01342	0.04695	0.04402	0.01662	0.03948	0.00639	0.00496	0.00153	0.00494	0.00469	0.00441	0.41630
24	0.01346	0.03471	0.72942	0.01912	0.02904	0.01558	0.02479	0.02125	0.01417	0.02125	0.01204	0.01417	0.00850	0.00637	0.00637	0.00212	0.00992	0.00496	0.00283	0.00992
25	0.02477	0.02431	0.01931	0.01611	0.02048	0.34173	0.01270	0.37458	0.02522	0.02978	0.01360	0.01466	0.01035	0.00898	0.03133	0.00218	0.00986	0.00531	0.00515	0.00960

[dist]
# distance from previous block
# <min> <max>
0	16

[block]
# block no. 5 follows, 32 sequences, length 30
# corresponding to MSA columns:
# 428-457
name=unknown_F
#
# <colnr> <probs for GDERKNQSTAVLIFYWHMCP>
#	G	D	E	R	K	N	Q	S	T	A	V	L	I	F	Y	W	H	M	C	P
0	0.01402	0.01209	0.01379	0.01126	0.01564	0.02918	0.03457	0.02101	0.20039	0.03911	0.02791	0.06266	0.14495	0.00922	0.00637	0.00175	0.00516	0.00777	0.00533	0.33783
1	0.10616	0.40410	0.02552	0.01226	0.01729	0.07241	0.01093	0.07930	0.14310	0.02208	0.01336	0.01405	0.01093	0.00666	0.00510	0.00171	0.00689	0.00460	0.00414	0.03941
2	0.65403	0.06644	0.01208	0.00938	0.01348	0.04119	0.00778	0.01992	0.01255	0.04813	0.05512	0.01377	0.01125	0.00676	0.00454	0.00202	0.00546	0.00429	0.00436	0.00744
3	0.01874	0.01613	0.01633	0.01351	0.01813	0.06672	0.01070	0.18712	0.34844	0.02922	0.02009	0.01957	0.01519	0.00779	0.00634	0.00189	0.00620	0.00620	0.00593	0.18574
4	0.05478	0.01797	0.03271	0.02398	0.02972	0.06723	0.49375	0.02089	0.01518	0.02111	0.01257	0.01665	0.00979	0.00625	0.00860	0.00216	0.07648	0.00692	0.00345	0.07980
5	0.01653	0.01617	0.02853	0.03984	0.65052	0.01605	0.09137	0.02069	0.01534	0.02188	0.01272	0.01676	0.01058	0.00594	0.00678	0.00202	0.00832	0.00618	0.00333	0.01046
6	0.01134	0.00594	0.00850	0.00850	0.00850	0.00594	0.00553	0.00891	0.00891	0.01188	0.01325	0.02435	0.01380	0.14798	0.02756	0.67045	0.00594	0.00649	0.00311	0.00311
7	0.01368	0.07026	0.69578	0.01875	0.02847	0.01611	0.02415	0.02119	0.01414	0.02098	0.01191	0.01400	0.00851	0.00634	0.00627	0.00209	0.00978	0.00489	0.00284	0.00985
8	0.01615	0.01548	0.02642	0.12249	0.64456	0.01582	0.02037	0.02020	0.01506	0.02137	0.01254	0.01675	0.01043	0.00606	0.00665	0.00202	0.00808	0.00598	0.00328	0.01026
9	0.01468	0.00835	0.00858	0.00779	0.00999	0.00869	0.00604	0.13021	0.01700	0.02791	0.02092	0.02352	0.01623	0.00786	0.00503	0.00164	0.00384	0.00622	0.66838	0.00712
10	0.01307	0.01233	0.02085	0.67617	0.11498	0.01501	0.01883	0.01749	0.01361	0.01763	0.01200	0.01776	0.00912	0.00663	0.00670	0.00221	0.00885	0.00596	0.00302	0.00778
11	0.00818	0.00584	0.00779	0.00934	0.00973	0.00545	0.00623	0.00934	0.01285	0.01713	0.03698	0.75981	0.04438	0.02102	0.00856	0.00273	0.00389	0.01908	0.00623	0.00545
12	0.02393	0.01155	0.01589	0.04906	0.01823	0.01082	0.03773	0.09706	0.02003	0.44704	0.16688	0.02732	0.02505	0.00921	0.00703	0.00209	0.00575	0.00779	0.00748	0.01008
13	0.00818	0.00584	0.00779	0.00934	0.00973	0.00545	0.00623	0.00934	0.01285	0.01713	0.03698	0.75981	0.04438	0.02102	0.00856	0.00273	0.00389	0.01908	0.00623	0.00545
14	0.00923	0.00685	0.00861	0.00817	0.00986	0.00622	0.00612	0.01215	0.01837	0.02544	0.60982	0.05254	0.17320	0.01427	0.00792	0.00214	0.00320	0.01247	0.00719	0.00622
15	0.01620	0.01552	0.02649	0.11505	0.65169	0.01583	0.02039	0.02023	0.01508	0.02142	0.01255	0.01674	0.01045	0.00605	0.00665	0.00202	0.00807	0.00598	0.00329	0.01030
16	0.02475	0.01261	0.01541	0.01262	0.01726	0.01259	0.01016	0.03388	0.29502	0.44801	0.02681	0.02371	0.01816	0.00862	0.00678	0.00216	0.00555	0.00708	0.00772	0.01110
17	0.01265	0.00950	0.01102	0.00973	0.01227	0.00947	0.00754	0.14810	0.04877	0.02838	0.43402	0.04506	0.17108	0.01302	0.00764	0.00213	0.00412	0.01112	0.00702	0.00738
18	0.53452	0.01358	0.01260	0.01047	0.01502	0.01494	0.00864	0.12914	0.01611	0.16896	0.01377	0.01406	0.00975	0.00692	0.00506	0.00207	0.00564	0.00462	0.00537	0.00873
19	0.81159	0.01298	0.00986	0.00882	0.01298	0.01505	0.00727	0.01972	0.01142	0.03010	0.00934	0.01090	0.00727	0.00623	0.00415	0.00208	0.00519	0.00363	0.00415	0.00727
20	0.00959	0.00715	0.01061	0.01061	0.01175	0.00829	0.00817	0.01187	0.01073	0.01545	0.01813	0.02724	0.01716	0.08602	0.70242	0.01057	0.01740	0.00732	0.00362	0.00589
21	0.01081	0.00772	0.01081	0.01236	0.01390	0.00772	0.01081	0.01390	0.01545	0.02008	0.03553	0.07569	0.03862	0.01854	0.00927	0.00309	0.00618	0.67717	0.00618	0.00618
22	0.00818	0.00584	0.00779	0.00934	0.00973	0.00545	0.00623	0.00934	0.01285	0.01713	0.03698	0.75981	0.04438	0.02102	0.00856	0.00273	0.00389	0.01908	0.00623	0.00545
23	0.01346	0.03471	0.72942	0.01912	0.02904	0.01558	0.02479	0.02125	0.01417	0.02125	0.01204	0.01417	0.00850	0.00637	0.00637	0.00212	0.00992	0.00496	0.00283	0.00992
24	0.00976	0.00651	0.00732	0.00732	0.00732	0.00651	0.00407	0.00976	0.00976	0.01301	0.02114	0.04391	0.02439	0.76419	0.03415	0.00651	0.00651	0.00976	0.00407	0.00407
25	0.00979	0.00706	0.01013	0.01013	0.01123	0.00805	0.00770	0.01198	0.01089	0.01591	0.01855	0.02811	0.01760	0.12220	0.61735	0.00975	0.01583	0.00740	0.05453	0.00581
26	0.02203	0.01652	0.01797	0.01433	0.01894	0.01832	0.01169	0.52311	0.10053	0.03678	0.02009	0.02055	0.04835	0.01303	0.08316	0.00297	0.00807	0.00673	0.00637	0.01047
27	0.01586	0.01308	0.01496	0.01086	0.01673	0.01094	0.00876	0.13184	0.01688	0.02530	0.01263	0.01428	0.01019	0.00549	0.00526	0.00117	0.00538	0.00432	0.00444	0.67163
28	0.01589	0.01318	0.01519	0.01112	0.01679	0.01134	0.00899	0.13181	0.01676	0.02511	0.01252	0.01431	0.01015	0.00572	0.00584	0.00123	0.03078	0.00439	0.00440	0.64450
29	0.01661	0.01594	0.02724	0.04119	0.72233	0.01594	0.02059	0.02059	0.01528	0.02192	0.01262	0.01661	0.01063	0.00598	0.00664	0.00199	0.00797	0.00598	0.00332	0.01063

[dist]
# distance from previous block
# <min> <max>
0	1

[block]
# block no. 6 follows, 32 sequences, length 34
# corresponding to MSA columns:
# 459-492
name=unknown_G
#
# <colnr> <probs for GDERKNQSTAVLIFYWHMCP>
#	G	D	E	R	K	N	Q	S	T	A	V	L	I	F	Y	W	H	M	C	P
0	0.01541	0.01255	0.01881	0.01470	0.01900	0.01210	0.16133	0.06272	0.14271	0.07918	0.23528	0.02886	0.02901	0.00901	0.00711	0.00200	0.00608	0.00836	0.00591	0.12988
1	0.01661	0.01594	0.02724	0.04119	0.72233	0.01594	0.02059	0.02059	0.01528	0.02192	0.01262	0.01661	0.01063	0.00598	0.00664	0.00199	0.00797	0.00598	0.00332	0.01063
2	0.01391	0.01193	0.01391	0.00994	0.01590	0.00894	0.00795	0.01690	0.01391	0.02186	0.01193	0.01391	0.00994	0.00497	0.00497	0.00099	0.00497	0.00398	0.00398	0.80521
3	0.01351	0.01281	0.02135	0.53001	0.19868	0.01510	0.01848	0.01765	0.01376	0.01822	0.01372	0.01893	0.03183	0.00709	0.00742	0.00221	0.04172	0.00622	0.00316	0.00812
4	0.02364	0.01749	0.01911	0.01493	0.01970	0.01955	0.01229	0.60624	0.02880	0.03898	0.01611	0.01698	0.01183	0.01077	0.05173	0.00257	0.03901	0.00611	0.03341	0.01074
5	0.81159	0.01298	0.00986	0.00882	0.01298	0.01505	0.00727	0.01972	0.01142	0.03010	0.00934	0.01090	0.00727	0.00623	0.00415	0.00208	0.00519	0.00363	0.00415	0.00727
6	0.00920	0.00674	0.00862	0.00837	0.00989	0.00617	0.00619	0.01200	0.01797	0.02498	0.58014	0.12640	0.12867	0.01482	0.00798	0.00219	0.00327	0.01307	0.00715	0.00617
7	0.00976	0.00651	0.00732	0.00732	0.00732	0.00651	0.00407	0.00976	0.00976	0.01301	0.02114	0.04391	0.02439	0.76419	0.03415	0.00651	0.00651	0.00976	0.00407	0.00407
8	0.01251	0.00625	0.00625	0.00625	0.00782	0.00625	0.00469	0.01563	0.01407	0.02502	0.02189	0.02502	0.01720	0.00782	0.00469	0.00156	0.00313	0.00625	0.80144	0.00625
9	0.07822	0.01115	0.01225	0.01036	0.01289	0.01168	0.00755	0.21058	0.01734	0.11621	0.01950	0.03069	0.01836	0.39134	0.02043	0.00430	0.00655	0.00783	0.00538	0.00737
10	0.06161	0.00816	0.01027	0.03002	0.01276	0.00800	0.00759	0.04367	0.03462	0.12988	0.08398	0.47412	0.03626	0.01633	0.00779	0.00248	0.00452	0.01447	0.00646	0.00700
11	0.00795	0.00672	0.00687	0.00699	0.00911	0.00565	0.00518	0.00961	0.01511	0.01805	0.06560	0.11773	0.66799	0.01730	0.00798	0.00230	0.00344	0.01454	0.00623	0.00565
12	0.01913	0.01565	0.01613	0.03471	0.01850	0.05073	0.01104	0.23922	0.37154	0.03106	0.02247	0.04419	0.01726	0.00888	0.00664	0.00213	0.00617	0.00716	0.06725	0.01015
13	0.01346	0.03471	0.72942	0.01912	0.02904	0.01558	0.02479	0.02125	0.01417	0.02125	0.01204	0.01417	0.00850	0.00637	0.00637	0.00212	0.00992	0.00496	0.00283	0.00992
14	0.02929	0.01160	0.01555	0.01204	0.01715	0.01028	0.00991	0.03288	0.06122	0.68448	0.02652	0.02297	0.01685	0.00835	0.00675	0.00209	0.00569	0.00680	0.00821	0.01137
15	0.01267	0.01193	0.02013	0.74806	0.04621	0.01491	0.01863	0.01714	0.01342	0.01714	0.01193	0.01789	0.00894	0.00671	0.00671	0.00224	0.00894	0.00596	0.00298	0.00745
16	0.01388	0.03187	0.61479	0.02118	0.05880	0.01577	0.10781	0.02125	0.01442	0.02131	0.01226	0.01475	0.00880	0.00627	0.00658	0.00214	0.01001	0.00537	0.00292	0.00984
17	0.01669	0.01441	0.01517	0.01365	0.01745	0.01669	0.01062	0.03565	0.71021	0.02807	0.02731	0.02503	0.02048	0.00910	0.00683	0.00228	0.00531	0.00759	0.00683	0.01062
18	0.01561	0.01347	0.01414	0.01281	0.01641	0.01533	0.00994	0.03244	0.62433	0.02684	0.03234	0.02992	0.10688	0.01008	0.00696	0.00227	0.00507	0.00840	0.00675	0.01001
19	0.02678	0.01164	0.01554	0.04258	0.01821	0.01026	0.01003	0.03023	0.04916	0.57893	0.02410	0.02163	0.01564	0.00786	0.00653	0.00196	0.00574	0.00641	0.00748	0.10931
20	0.00818	0.00584	0.00779	0.00934	0.00973	0.00545	0.00623	0.00934	0.01285	0.01713	0.03698	0.75981	0.04438	0.02102	0.00856	0.00273	0.00389	0.01908	0.00623	0.00545
21	0.01346	0.03471	0.72942	0.01912	0.02904	0.01558	0.02479	0.02125	0.01417	0.02125	0.01204	0.01417	0.00850	0.00637	0.00637	0.00212	0.00992	0.00496	0.00283	0.00992
22	0.01081	0.00772	0.01081	0.01236	0.01390	0.00772	0.01081	0.01390	0.01545	0.02008	0.03553	0.07569	0.03862	0.01854	0.00927	0.00309	0.00618	0.67717	0.00618	0.00618
23	0.01391	0.01193	0.01391	0.00994	0.01590	0.00894	0.00795	0.01690	0.01391	0.02186	0.01193	0.01391	0.00994	0.00497	0.00497	0.00099	0.00497	0.00398	0.00398	0.80521
24	0.01794	0.76823	0.03516	0.01148	0.01722	0.02655	0.01148	0.02009	0.01363	0.01579	0.00933	0.01076	0.00861	0.00574	0.00431	0.00144	0.00718	0.00359	0.00287	0.00861
25	0.01473	0.01446	0.02191	0.15411	0.17452	0.01854	0.01666	0.01728	0.01192	0.01757	0.01019	0.01567	0.00922	0.00960	0.01595	0.00261	0.45803	0.00591	0.00303	0.00807
26	0.01291	0.03170	0.65435	0.01811	0.02703	0.01453	0.02286	0.02001	0.01403	0.02082	0.01464	0.09173	0.01223	0.00790	0.00660	0.00219	0.00929	0.00643	0.00319	0.00945
27	0.02506	0.03198	0.01901	0.01729	0.02074	0.73725	0.01296	0.02679	0.01901	0.01642	0.01037	0.01210	0.00864	0.00691	0.00605	0.00173	0.01210	0.00432	0.00346	0.00778
28	0.01669	0.01441	0.01517	0.01365	0.01745	0.01669	0.01062	0.03565	0.71021	0.02807	0.02731	0.02503	0.02048	0.00910	0.00683	0.00228	0.00531	0.00759	0.00683	0.01062
29	0.00976	0.00651	0.00732	0.00732	0.00732	0.00651	0.00407	0.00976	0.00976	0.01301	0.02114	0.04391	0.02439	0.76419	0.03415	0.00651	0.00651	0.00976	0.00407	0.00407
30	0.00950	0.00686	0.00897	0.00844	0.01002	0.00633	0.00633	0.01266	0.01899	0.02691	0.71879	0.05012	0.06331	0.01372	0.00791	0.00211	0.00317	0.01213	0.00739	0.00633
31	0.00818	0.00584	0.00779	0.00934	0.00973	0.00545	0.00623	0.00934	0.01285	0.01713	0.03698	0.75981	0.04438	0.02102	0.00856	0.00273	0.00389	0.01908	0.00623	0.00545
32	0.01661	0.01594	0.02724	0.04119	0.72233	0.01594	0.02059	0.02059	0.01528	0.02192	0.01262	0.01661	0.01063	0.00598	0.00664	0.00199	0.00797	0.00598	0.00332	0.01063
33	0.02557	0.01212	0.01523	0.01231	0.01698	0.01169	0.00996	0.03286	0.21648	0.50359	0.05029	0.02439	0.01931	0.00872	0.00681	0.00213	0.00551	0.00717	0.00785	0.01102

[dist]
# distance from previous block
# <min> <max>
1	2

[block]
# block no. 7 follows, 32 sequences, length 37
# corresponding to MSA columns:
# 495-531
name=unknown_H
#
# <colnr> <probs for GDERKNQSTAVLIFYWHMCP>
#	G	D	E	R	K	N	Q	S	T	A	V	L	I	F	Y	W	H	M	C	P
0	0.02264	0.07674	0.09104	0.01719	0.02167	0.47117	0.03819	0.10279	0.03607	0.02028	0.01160	0.01329	0.00929	0.00708	0.00666	0.00185	0.03529	0.00479	0.00379	0.00856
1	0.01205	0.00931	0.01474	0.04939	0.05394	0.00921	0.07964	0.01527	0.01526	0.04500	0.03180	0.12759	0.05253	0.01587	0.00868	0.00281	0.00660	0.43777	0.00568	0.00686
2	0.01346	0.03471	0.72942	0.01912	0.02904	0.01558	0.02479	0.02125	0.01417	0.02125	0.01204	0.01417	0.00850	0.00637	0.00637	0.00212	0.00992	0.00496	0.00283	0.00992
3	0.00966	0.00691	0.00938	0.00938	0.01009	0.00762	0.00663	0.01108	0.01037	0.01453	0.01926	0.03349	0.01987	0.34038	0.45177	0.00905	0.01331	0.00823	0.00379	0.00521
4	0.00934	0.00685	0.00875	0.00828	0.00993	0.00627	0.00621	0.01236	0.01863	0.02604	0.65451	0.05155	0.12814	0.01404	0.00792	0.00213	0.00319	0.01233	0.00727	0.00627
5	0.00793	0.00680	0.00680	0.00680	0.00906	0.00566	0.00510	0.00963	0.01529	0.01813	0.06797	0.06457	0.71961	0.01699	0.00793	0.00227	0.00340	0.01416	0.00623	0.00566
6	0.01319	0.03326	0.69326	0.01863	0.02807	0.01508	0.02386	0.02065	0.01410	0.02104	0.01329	0.05153	0.01030	0.00711	0.00648	0.00216	0.00961	0.00567	0.00300	0.00969
7	0.03010	0.01142	0.01557	0.01194	0.01713	0.00986	0.00986	0.03270	0.01920	0.72698	0.02647	0.02284	0.01661	0.00830	0.00675	0.00208	0.00571	0.00675	0.00830	0.01142
8	0.03381	0.01619	0.08239	0.10686	0.13800	0.01748	0.06424	0.03575	0.01318	0.05264	0.01171	0.01625	0.00983	0.01009	0.03511	0.00273	0.33582	0.00600	0.00342	0.00848
9	0.01946	0.61488	0.03195	0.01247	0.01796	0.09388	0.01176	0.09597	0.01613	0.01878	0.01018	0.01148	0.00892	0.00611	0.00474	0.00153	0.00767	0.00393	0.00335	0.00884
10	0.01979	0.01314	0.01488	0.01218	0.01651	0.01343	0.00975	0.18334	0.20761	0.17752	0.07596	0.02776	0.10115	0.00952	0.00680	0.00203	0.00547	0.00778	0.00680	0.08858
11	0.01952	0.38399	0.13612	0.01378	0.01941	0.17185	0.01343	0.02256	0.01569	0.08854	0.04858	0.01483	0.01225	0.00676	0.00543	0.00170	0.00828	0.00472	0.00377	0.00880
12	0.01709	0.62963	0.16634	0.01293	0.01945	0.02448	0.01400	0.02031	0.01373	0.01682	0.00984	0.01141	0.00859	0.00586	0.00470	0.00157	0.00769	0.00385	0.00286	0.00886
13	0.01081	0.00772	0.01081	0.01236	0.01390	0.00772	0.01081	0.01390	0.01545	0.02008	0.03553	0.07569	0.03862	0.01854	0.00927	0.00309	0.00618	0.67717	0.00618	0.00618
14	0.01386	0.01317	0.02217	0.52167	0.23836	0.01539	0.01906	0.01810	0.01384	0.01847	0.01202	0.01742	0.00942	0.00667	0.00720	0.00219	0.03359	0.00596	0.00308	0.00836
15	0.02498	0.07134	0.02119	0.01516	0.02056	0.02121	0.01266	0.65229	0.03029	0.04043	0.01563	0.01573	0.01121	0.00789	0.00654	0.00197	0.00737	0.00587	0.00644	0.01121
16	0.01166	0.00583	0.00874	0.00874	0.00874	0.00583	0.00583	0.00874	0.00874	0.01166	0.01166	0.02040	0.01166	0.02331	0.02622	0.80478	0.00583	0.00583	0.00291	0.00291
17	0.00818	0.00584	0.00779	0.00934	0.00973	0.00545	0.00623	0.00934	0.01285	0.01713	0.03698	0.75981	0.04438	0.02102	0.00856	0.00273	0.00389	0.01908	0.00623	0.00545
18	0.02925	0.06448	0.01695	0.01191	0.01714	0.01103	0.00998	0.03182	0.01881	0.67711	0.02527	0.02199	0.01605	0.00812	0.00658	0.00203	0.00581	0.00653	0.00792	0.01122
19	0.01669	0.01441	0.01517	0.01365	0.01745	0.01669	0.01062	0.03565	0.71021	0.02807	0.02731	0.02503	0.02048	0.00910	0.00683	0.00228	0.00531	0.00759	0.00683	0.01062
20	0.00811	0.00680	0.00705	0.00699	0.00918	0.00574	0.00524	0.00998	0.01573	0.01915	0.14399	0.06289	0.64296	0.01661	0.00793	0.00225	0.00337	0.01392	0.00637	0.00574
21	0.01473	0.01403	0.02385	0.37805	0.40013	0.01545	0.01966	0.01895	0.01439	0.01964	0.01229	0.01722	0.00983	0.00633	0.00667	0.00211	0.00844	0.00597	0.00316	0.00912
22	0.00949	0.00709	0.01057	0.01068	0.01182	0.00818	0.00824	0.01180	0.01093	0.01569	0.01931	0.07779	0.01871	0.04827	0.68648	0.01022	0.01699	0.00802	0.00378	0.00595
23	0.01251	0.00625	0.00625	0.00625	0.00782	0.00625	0.00469	0.01563	0.01407	0.02502	0.02189	0.02502	0.01720	0.00782	0.00469	0.00156	0.00313	0.00625	0.80144	0.00625
24	0.01073	0.00792	0.01052	0.01172	0.01346	0.00789	0.01009	0.01440	0.04837	0.02021	0.03919	0.07190	0.12289	0.01790	0.00898	0.00295	0.00579	0.56253	0.00622	0.00632
25	0.01308	0.01234	0.02087	0.67439	0.11668	0.01502	0.01884	0.01750	0.01361	0.01764	0.01200	0.01776	0.00912	0.00663	0.00670	0.00221	0.00884	0.00596	0.00302	0.00778
26	0.02168	0.05780	0.01887	0.01479	0.01933	0.11251	0.01190	0.32303	0.28869	0.03211	0.01930	0.01873	0.01438	0.00819	0.00655	0.00205	0.00719	0.00628	0.00613	0.01049
27	0.07886	0.01151	0.01303	0.01079	0.01489	0.01107	0.00850	0.03830	0.18056	0.10415	0.13938	0.02643	0.02351	0.03851	0.00737	0.00200	0.00499	0.02492	0.00586	0.25538
28	0.03865	0.01467	0.02046	0.01568	0.02048	0.06814	0.17435	0.01956	0.03906	0.05614	0.01495	0.06091	0.01283	0.00923	0.04165	0.00219	0.06389	0.00640	0.00416	0.31661
29	0.18056	0.05009	0.01902	0.01480	0.01928	0.01607	0.13148	0.02722	0.34944	0.02604	0.01987	0.04579	0.01568	0.00795	0.00632	0.00214	0.00637	0.00686	0.00531	0.04969
30	0.08386	0.01725	0.05337	0.01612	0.02063	0.09089	0.13527	0.18129	0.11806	0.04439	0.02003	0.09254	0.03879	0.01112	0.04350	0.00260	0.00824	0.00780	0.00521	0.00903
31	0.05807	0.06122	0.05603	0.01994	0.02570	0.01717	0.31148	0.15962	0.05289	0.05962	0.03952	0.01814	0.01276	0.00695	0.00743	0.00210	0.03325	0.00678	0.00461	0.04672
32	0.08489	0.09473	0.05601	0.01178	0.01594	0.08593	0.01009	0.08527	0.03242	0.02300	0.03452	0.10564	0.03493	0.00962	0.00618	0.00189	0.00630	0.07390	0.04617	0.18079
33	0.08473	0.04692	0.11123	0.01274	0.01785	0.07144	0.01145	0.06633	0.13374	0.07256	0.01993	0.05504	0.04919	0.00828	0.00613	0.00187	0.00648	0.02343	0.00498	0.19566
34	0.09467	0.01251	0.01400	0.01162	0.01578	0.01253	0.00929	0.12708	0.12348	0.09448	0.02229	0.09089	0.05316	0.00951	0.00691	0.00195	0.03174	0.03856	0.00567	0.22389
35	0.11034	0.14991	0.09564	0.03359	0.01956	0.07944	0.04465	0.15123	0.01775	0.05252	0.03294	0.06386	0.04339	0.00830	0.00651	0.00196	0.02878	0.00638	0.00457	0.04867
36	0.12599	0.01604	0.04156	0.01333	0.01812	0.01658	0.01113	0.36825	0.08833	0.10698	0.04108	0.04166	0.01521	0.03016	0.00721	0.00218	0.00646	0.00655	0.00625	0.03693

[dist]
# distance from previous block
# <min> <max>
2	90

[block]
# block no. 8 follows, 32 sequences, length 11
# corresponding to MSA columns:
# 653-663
name=unknown_I
#
# <colnr> <probs for GDERKNQSTAVLIFYWHMCP>
#	G	D	E	R	K	N	Q	S	T	A	V	L	I	F	Y	W	H	M	C	P
0	0.08102	0.06030	0.10808	0.01395	0.03669	0.05250	0.01228	0.25835	0.04055	0.06824	0.01646	0.01860	0.01257	0.00763	0.00599	0.00191	0.00683	0.02507	0.12827	0.04471
1	0.09039	0.09224	0.04723	0.01397	0.01828	0.26824	0.01159	0.04190	0.04781	0.16055	0.03625	0.01795	0.01328	0.00773	0.00663	0.00190	0.03717	0.02476	0.00484	0.05728
2	0.01599	0.01178	0.01500	0.01098	0.01657	0.00926	0.04319	0.01901	0.01502	0.12549	0.04099	0.01879	0.04207	0.00629	0.00561	0.00131	0.00527	0.00529	0.00479	0.58729
3	0.01684	0.01223	0.01436	0.01082	0.01633	0.01028	0.00866	0.02223	0.12198	0.13175	0.01654	0.01701	0.01259	0.00612	0.00553	0.00136	0.00514	0.00496	0.00508	0.56019
4	0.01931	0.14430	0.39866	0.01569	0.02348	0.01556	0.01807	0.02460	0.01564	0.23811	0.01606	0.01630	0.01102	0.00687	0.00616	0.00200	0.00818	0.00529	0.00453	0.01017
5	0.01180	0.01144	0.01137	0.01137	0.01254	0.12058	0.00838	0.01327	0.01407	0.01745	0.06251	0.38154	0.14888	0.01642	0.01012	0.00250	0.12060	0.01364	0.00534	0.00617
6	0.01557	0.01853	0.12491	0.01249	0.01867	0.12248	0.01132	0.01910	0.01474	0.02093	0.01170	0.01367	0.00952	0.00549	0.00535	0.00128	0.00683	0.00418	0.00372	0.55952
7	0.01258	0.01031	0.01213	0.00998	0.01423	0.00851	0.00802	0.04501	0.01533	0.02194	0.05723	0.06439	0.12790	0.01012	0.00645	0.00168	0.00489	0.11034	0.00503	0.45393
8	0.01335	0.01288	0.02218	0.52317	0.03982	0.01431	0.12193	0.01778	0.01387	0.01854	0.01218	0.01731	0.00929	0.00628	0.00663	0.00205	0.00870	0.00596	0.00320	0.13058
9	0.04521	0.01158	0.01637	0.19820	0.02256	0.01425	0.01272	0.01513	0.01239	0.01824	0.05295	0.15884	0.01854	0.01152	0.01261	0.00247	0.28591	0.00848	0.00395	0.07810
10	0.13880	0.16417	0.05635	0.09885	0.03219	0.01665	0.04236	0.07348	0.05238	0.05216	0.07509	0.01892	0.02972	0.00764	0.00676	0.00195	0.04972	0.00584	0.00440	0.07258

[dist]
# distance from previous block
# <min> <max>
12	44

[block]
# block no. 9 follows, 32 sequences, length 68
# corresponding to MSA columns:
# 715-782
name=unknown_J
#
# <colnr> <probs for GDERKNQSTAVLIFYWHMCP>
#	G	D	E	R	K	N	Q	S	T	A	V	L	I	F	Y	W	H	M	C	P
0	0.01004	0.00681	0.00844	0.00920	0.01034	0.00638	0.00643	0.04112	0.01436	0.04875	0.03946	0.55811	0.14003	0.01869	0.00813	0.00254	0.00401	0.01664	0.04448	0.00604
1	0.10934	0.01581	0.01729	0.07721	0.02094	0.01773	0.01185	0.33341	0.21498	0.08421	0.01885	0.01865	0.01363	0.00804	0.00646	0.00212	0.00658	0.00625	0.00625	0.01039
2	0.02142	0.01389	0.01815	0.01421	0.01858	0.03971	0.08621	0.18225	0.03861	0.24068	0.14219	0.02441	0.02197	0.00928	0.00808	0.02574	0.03298	0.00740	0.00645	0.04778
