[name]
unknown

[dist]
# distance from previous block
# <min> <max>
0	138

[block]
# block no. 0 follows, 33 sequences, length 49
# corresponding to MSA columns:
# 237-285
name=unknown_A
#
# <colnr> <probs for GDERKNQSTAVLIFYWHMCP>
#	G	D	E	R	K	N	Q	S	T	A	V	L	I	F	Y	W	H	M	C	P
0	0.01737	0.07105	0.01843	0.12606	0.06343	0.06665	0.03034	0.18921	0.10317	0.04307	0.08242	0.02572	0.04922	0.00892	0.00666	0.00206	0.00689	0.04954	0.03101	0.00878
1	0.09604	0.03461	0.01808	0.12808	0.06689	0.09252	0.06580	0.10232	0.12476	0.02328	0.01754	0.06662	0.03049	0.04908	0.00781	0.00226	0.00728	0.00689	0.00455	0.05510
2	0.01608	0.01298	0.03840	0.11093	0.05708	0.01337	0.06071	0.15716	0.09181	0.07655	0.04361	0.12698	0.03767	0.03600	0.03780	0.00266	0.02999	0.00859	0.03313	0.00849
3	0.01435	0.01228	0.04005	0.03552	0.03565	0.06506	0.05874	0.05302	0.05725	0.06495	0.02001	0.09150	0.03736	0.13141	0.10208	0.09793	0.04613	0.02547	0.00444	0.00682
4	0.01696	0.03405	0.01595	0.01320	0.05388	0.03474	0.00997	0.15953	0.09403	0.06113	0.12424	0.02118	0.01946	0.00772	0.00652	0.00167	0.02652	0.00621	0.00536	0.28766
5	0.01892	0.16603	0.02186	0.06565	0.04924	0.14065	0.04697	0.15163	0.05152	0.04176	0.04602	0.01613	0.01262	0.00679	0.00585	0.00170	0.00760	0.00529	0.00439	0.13938
6	0.01366	0.07791	0.11377	0.04592	0.10412	0.01289	0.05008	0.03338	0.01327	0.05085	0.03494	0.05531	0.03933	0.20800	0.03727	0.00346	0.06621	0.00754	0.00395	0.02813
7	0.00906	0.00672	0.00844	0.00801	0.00968	0.00610	0.00601	0.01193	0.01803	0.02496	0.61421	0.05155	0.17291	0.01400	0.00777	0.00210	0.00314	0.01224	0.00706	0.00610
8	0.01367	0.01296	0.02198	0.52455	0.26393	0.01495	0.01890	0.01790	0.01375	0.01832	0.01192	0.01715	0.00931	0.00635	0.00656	0.00212	0.00847	0.00586	0.00303	0.00831
9	0.00808	0.00668	0.00709	0.00699	0.00908	0.00569	0.00524	0.01004	0.01572	0.01949	0.19661	0.06055	0.59392	0.01604	0.00778	0.00219	0.00329	0.01350	0.00634	0.00569
10	0.00933	0.00677	0.00902	0.00857	0.01008	0.00647	0.00647	0.01234	0.01762	0.02500	0.63524	0.04624	0.05637	0.01798	0.10018	0.00314	0.00493	0.01130	0.00678	0.00617
11	0.01320	0.03405	0.73453	0.01876	0.02849	0.01529	0.02432	0.02085	0.01390	0.02085	0.01181	0.01390	0.00834	0.00625	0.00625	0.00208	0.00973	0.00486	0.00278	0.00973
12	0.00932	0.00673	0.00880	0.00828	0.00984	0.00621	0.00621	0.01242	0.01863	0.02640	0.72410	0.04918	0.06212	0.01346	0.00776	0.00207	0.00311	0.01191	0.00725	0.00621
13	0.81514	0.01273	0.00968	0.00866	0.01273	0.01477	0.00713	0.01935	0.01120	0.02954	0.00917	0.01069	0.00713	0.00611	0.00407	0.00204	0.00509	0.00356	0.00407	0.00713
14	0.01420	0.01168	0.01371	0.00982	0.01564	0.00881	0.00786	0.01711	0.01383	0.04581	0.01219	0.01395	0.00998	0.00499	0.00494	0.00101	0.00490	0.00399	0.00405	0.78155
15	0.01243	0.01170	0.01975	0.75282	0.04534	0.01463	0.01828	0.01682	0.01316	0.01682	0.01170	0.01755	0.00878	0.00658	0.00658	0.00219	0.00878	0.00585	0.00293	0.00731
16	0.01760	0.77260	0.03450	0.01126	0.01690	0.02605	0.01126	0.01971	0.01338	0.01549	0.00915	0.01056	0.00845	0.00563	0.00422	0.00141	0.00704	0.00352	0.00282	0.00845
17	0.81514	0.01273	0.00968	0.00866	0.01273	0.01477	0.00713	0.01935	0.01120	0.02954	0.00917	0.01069	0.00713	0.00611	0.00407	0.00204	0.00509	0.00356	0.00407	0.00713
18	0.00802	0.00573	0.00764	0.00917	0.00955	0.00535	0.00611	0.00917	0.01260	0.01681	0.03628	0.76434	0.04354	0.02062	0.00840	0.00267	0.00382	0.01872	0.00611	0.00535
19	0.01554	0.01776	0.03885	0.02775	0.03441	0.01665	0.70366	0.02109	0.01554	0.02109	0.01332	0.01776	0.00999	0.00555	0.00777	0.00222	0.01110	0.00777	0.00333	0.00888
20	0.02417	0.03067	0.01872	0.01697	0.02022	0.71233	0.01279	0.02586	0.01830	0.01610	0.01011	0.01198	0.00849	0.00698	0.00658	0.00175	0.04269	0.00430	0.00337	0.00761
21	0.01281	0.03207	0.68187	0.01789	0.02707	0.01458	0.02293	0.02002	0.01398	0.02063	0.01578	0.01748	0.06018	0.00701	0.00636	0.00209	0.00927	0.00552	0.00302	0.00943
22	0.01663	0.01354	0.01774	0.08679	0.15983	0.01287	0.01213	0.13966	0.03698	0.05572	0.01556	0.01738	0.03602	0.00644	0.00589	0.00159	0.00623	0.00540	0.00450	0.34910
23	0.01700	0.01614	0.01943	0.02384	0.29439	0.10808	0.01408	0.08200	0.18818	0.02419	0.08419	0.06320	0.01934	0.00846	0.00672	0.00204	0.00698	0.00734	0.00494	0.00945
24	0.01125	0.00982	0.01035	0.01017	0.03377	0.06021	0.00717	0.03709	0.03488	0.01963	0.16381	0.09629	0.25763	0.13535	0.01231	0.00283	0.04263	0.01097	0.00548	0.03838
25	0.00882	0.00639	0.00832	0.00852	0.00970	0.00589	0.00613	0.01120	0.01645	0.02280	0.46462	0.29188	0.08266	0.01601	0.00798	0.00228	0.00336	0.01429	0.00682	0.00589
26	0.01437	0.04360	0.01524	0.01115	0.04187	0.01021	0.00859	0.04450	0.01438	0.02201	0.01179	0.01371	0.00978	0.00506	0.00498	0.00107	0.00517	0.00404	0.00394	0.71455
27	0.01881	0.01377	0.01509	0.01317	0.01716	0.01537	0.01035	0.05327	0.58023	0.14551	0.02635	0.02396	0.01921	0.00877	0.00668	0.00219	0.00533	0.00726	0.00694	0.01057
28	0.01946	0.31136	0.20636	0.01428	0.02049	0.07107	0.01470	0.10088	0.01659	0.12358	0.01308	0.01394	0.00988	0.00668	0.00603	0.00180	0.03166	0.00471	0.00405	0.00939
29	0.01178	0.00891	0.01040	0.01018	0.03700	0.00874	0.00741	0.01776	0.16924	0.06601	0.27312	0.04602	0.28178	0.01301	0.00742	0.00215	0.00396	0.01110	0.00664	0.00735
30	0.01629	0.01564	0.02672	0.04041	0.72757	0.01564	0.02020	0.02020	0.01499	0.02151	0.01238	0.01629	0.01043	0.00587	0.00652	0.00196	0.00782	0.00587	0.00326	0.01043
31	0.00843	0.00685	0.00750	0.00744	0.00942	0.00603	0.00554	0.01093	0.03720	0.02009	0.22199	0.10876	0.49468	0.01594	0.00779	0.00222	0.00337	0.01356	0.00640	0.00585
32	0.01571	0.05097	0.48721	0.02089	0.10644	0.03424	0.05838	0.08923	0.01604	0.04200	0.01262	0.01465	0.00917	0.00638	0.00634	0.00204	0.00920	0.00523	0.00340	0.00986
33	0.00861	0.00598	0.00746	0.00841	0.00865	0.00574	0.00531	0.00932	0.01145	0.01527	0.03039	0.49067	0.03610	0.30445	0.01793	0.00408	0.00479	0.01525	0.00531	0.00483
34	0.00778	0.00667	0.00667	0.00667	0.00889	0.00556	0.00500	0.00945	0.01501	0.01778	0.06669	0.06336	0.72490	0.01667	0.00778	0.00222	0.00333	0.01389	0.00611	0.00556
35	0.02114	0.20596	0.02425	0.01714	0.04499	0.42745	0.06762	0.02399	0.04463	0.01699	0.01086	0.01280	0.00913	0.00667	0.00639	0.00175	0.04215	0.00460	0.00336	0.00812
36	0.01506	0.01445	0.04995	0.24170	0.31749	0.01441	0.10122	0.01929	0.01468	0.05386	0.01506	0.02254	0.01270	0.00733	0.00693	0.00217	0.00829	0.07030	0.00365	0.00893
37	0.00802	0.00573	0.00764	0.00917	0.00955	0.00535	0.00611	0.00917	0.01260	0.01681	0.03628	0.76434	0.04354	0.02062	0.00840	0.00267	0.00382	0.01872	0.00611	0.00535
38	0.02451	0.01641	0.01819	0.01415	0.01912	0.01771	0.01162	0.51595	0.07516	0.15624	0.04929	0.01898	0.01489	0.00826	0.00665	0.00201	0.00665	0.00641	0.00689	0.01093
39	0.01626	0.04693	0.41348	0.03856	0.09513	0.01580	0.06629	0.08266	0.06445	0.07666	0.01435	0.01594	0.01033	0.00663	0.00642	0.00206	0.00869	0.00555	0.00388	0.00993
40	0.02134	0.01356	0.01543	0.01300	0.01730	0.01457	0.01036	0.09105	0.43357	0.25514	0.02560	0.02313	0.01812	0.00859	0.00666	0.00215	0.00551	0.00705	0.00715	0.01074
41	0.81514	0.01273	0.00968	0.00866	0.01273	0.01477	0.00713	0.01935	0.01120	0.02954	0.00917	0.01069	0.00713	0.00611	0.00407	0.00204	0.00509	0.00356	0.00407	0.00713
42	0.00805	0.00583	0.00754	0.00890	0.00942	0.00540	0.00595	0.00920	0.01270	0.01676	0.03828	0.68370	0.09877	0.04433	0.00916	0.00276	0.00386	0.01803	0.00604	0.00532
43	0.01482	0.01421	0.02465	0.26687	0.38149	0.01511	0.09317	0.01955	0.03880	0.02027	0.01309	0.01744	0.01041	0.00623	0.00661	0.00206	0.00823	0.00613	0.03175	0.00910
44	0.01955	0.07980	0.01847	0.01416	0.01832	0.06706	0.01145	0.23493	0.37279	0.02947	0.02010	0.01946	0.01516	0.00832	0.00706	0.00208	0.03933	0.00637	0.00595	0.01016
45	0.00803	0.00668	0.00701	0.00693	0.00904	0.00566	0.00520	0.00993	0.01559	0.01917	0.17218	0.06108	0.61855	0.01616	0.00778	0.00220	0.00330	0.01357	0.00630	0.00566
46	0.01320	0.03405	0.73453	0.01876	0.02849	0.01529	0.02432	0.02085	0.01390	0.02085	0.01181	0.01390	0.00834	0.00625	0.00625	0.00208	0.00973	0.00486	0.00278	0.00973
47	0.01598	0.00927	0.01157	0.00991	0.01275	0.00892	0.00777	0.09216	0.04801	0.18742	0.43217	0.03750	0.04267	0.01123	0.00720	0.00204	0.00420	0.00964	0.04154	0.00804
48	0.01803	0.01377	0.01494	0.01319	0.01708	0.01553	0.01033	0.03462	0.62804	0.11616	0.02669	0.02429	0.01962	0.00883	0.00669	0.00221	0.00526	0.00734	0.00688	0.01052

[dist]
# distance from previous block
# <min> <max>
0	12

[block]
# block no. 1 follows, 33 sequences, length 85
# corresponding to MSA columns:
# 298-382
name=unknown_B
#
# <colnr> <probs for GDERKNQSTAVLIFYWHMCP>
#	G	D	E	R	K	N	Q	S	T	A	V	L	I	F	Y	W	H	M	C	P
0	0.02503	0.01844	0.01976	0.01515	0.02042	0.02042	0.01251	0.70562	0.03095	0.04149	0.01581	0.01581	0.01120	0.00790	0.00659	0.00198	0.00724	0.00593	0.00659	0.01120
1	0.00957	0.00638	0.00718	0.00718	0.00718	0.00638	0.00399	0.00957	0.00957	0.01276	0.02074	0.04308	0.02393	0.76864	0.03351	0.00638	0.00638	0.00957	0.00399	0.00399
2	0.00932	0.00673	0.00880	0.00828	0.00984	0.00621	0.00621	0.01242	0.01863	0.02640	0.72410	0.04918	0.06212	0.01346	0.00776	0.00207	0.00311	0.01191	0.00725	0.00621
3	0.02500	0.01907	0.01970	0.01524	0.02041	0.05562	0.01252	0.67249	0.03035	0.04025	0.01553	0.01561	0.01106	0.00785	0.00655	0.00196	0.00747	0.00584	0.00643	0.01102
4	0.01538	0.01165	0.01383	0.00996	0.01573	0.00887	0.00800	0.01826	0.01422	0.09878	0.01325	0.01460	0.01046	0.00523	0.00507	0.00109	0.00495	0.00420	0.00436	0.72209
5	0.01629	0.01564	0.02672	0.04041	0.72757	0.01564	0.02020	0.02020	0.01499	0.02151	0.01238	0.01629	0.01043	0.00587	0.00652	0.00196	0.00782	0.00587	0.00326	0.01043
6	0.01144	0.00572	0.00858	0.00858	0.00858	0.00572	0.00572	0.00858	0.00858	0.01144	0.01144	0.02001	0.01144	0.02287	0.02573	0.80846	0.00572	0.00572	0.00286	0.00286
7	0.00912	0.00672	0.00853	0.00808	0.00972	0.00613	0.00606	0.01205	0.01818	0.02531	0.64087	0.05097	0.14603	0.01387	0.00777	0.00209	0.00313	0.01216	0.00710	0.00613
8	0.01402	0.01225	0.01547	0.01402	0.11477	0.00973	0.00953	0.01708	0.01384	0.02146	0.01180	0.01402	0.00985	0.00501	0.00510	0.00111	0.00529	0.00417	0.00381	0.69767
9	0.01554	0.01776	0.03885	0.02775	0.03441	0.01665	0.70366	0.02109	0.01554	0.02109	0.01332	0.01776	0.00999	0.00555	0.00777	0.00222	0.01110	0.00777	0.00333	0.00888
10	0.01045	0.00747	0.01043	0.01194	0.01339	0.00744	0.01034	0.01337	0.01500	0.01953	0.03494	0.11604	0.03823	0.01833	0.00905	0.00301	0.00593	0.64303	0.00606	0.00602
11	0.29388	0.01339	0.01442	0.01147	0.01626	0.01388	0.00947	0.18351	0.01906	0.33510	0.01794	0.01692	0.01202	0.00740	0.00575	0.00202	0.00581	0.00543	0.00641	0.00983
12	0.01760	0.77260	0.03450	0.01126	0.01690	0.02605	0.01126	0.01971	0.01338	0.01549	0.00915	0.01056	0.00845	0.00563	0.00422	0.00141	0.00704	0.00352	0.00282	0.00845
13	0.11623	0.02435	0.01802	0.01580	0.01889	0.42867	0.01234	0.11169	0.01778	0.02094	0.01050	0.01271	0.00870	0.00773	0.00871	0.00199	0.14854	0.00466	0.00379	0.00796
14	0.02165	0.01386	0.03975	0.01666	0.12182	0.02974	0.01189	0.10677	0.11780	0.30236	0.06445	0.04376	0.04041	0.00882	0.00716	0.00209	0.02719	0.00729	0.00643	0.01010
15	0.01394	0.12208	0.56128	0.04642	0.04747	0.01667	0.06266	0.02056	0.01394	0.02007	0.01159	0.01392	0.00852	0.00614	0.00612	0.00201	0.00939	0.00494	0.00284	0.00945
16	0.00926	0.00673	0.00873	0.00823	0.00980	0.00619	0.00617	0.01232	0.01851	0.02610	0.70158	0.04966	0.08482	0.01357	0.00777	0.00208	0.00311	0.01197	0.00721	0.00619
17	0.00914	0.00649	0.00867	0.00947	0.01012	0.00661	0.00679	0.01058	0.01182	0.01594	0.02802	0.30663	0.03170	0.21320	0.17809	0.00542	0.00790	0.12317	0.00500	0.00524
18	0.01740	0.01704	0.02655	0.09193	0.22269	0.06147	0.21873	0.11320	0.11804	0.02414	0.01499	0.01769	0.01152	0.00660	0.00689	0.00208	0.00867	0.00656	0.00419	0.00962
19	0.31496	0.01586	0.01742	0.06572	0.15955	0.08479	0.03619	0.10426	0.05378	0.07029	0.01300	0.01469	0.00987	0.00663	0.00563	0.00201	0.00702	0.00506	0.00444	0.00882
20	0.00787	0.00658	0.00686	0.00699	0.00900	0.00556	0.00517	0.00955	0.01492	0.01805	0.09146	0.13378	0.62778	0.01694	0.00784	0.00226	0.00337	0.01430	0.00616	0.00556
21	0.01685	0.06598	0.16522	0.06745	0.12774	0.13848	0.03134	0.02357	0.14006	0.04111	0.01529	0.01808	0.01214	0.00704	0.00623	0.00192	0.00813	0.02694	0.00404	0.08239
22	0.01597	0.01417	0.02360	0.14514	0.51695	0.01464	0.01823	0.01965	0.01475	0.06429	0.01540	0.03875	0.03420	0.00702	0.00704	0.00205	0.02833	0.00651	0.00367	0.00962
23	0.01511	0.03386	0.01888	0.05004	0.28379	0.06351	0.03518	0.03947	0.01593	0.06055	0.11778	0.07157	0.06498	0.01172	0.05169	0.00256	0.00734	0.02239	0.02525	0.00840
24	0.01583	0.08530	0.05635	0.03269	0.04213	0.01233	0.01029	0.07509	0.03110	0.05718	0.01286	0.01442	0.01022	0.00560	0.00526	0.00131	0.00579	0.00442	0.00418	0.51765
25	0.48182	0.12705	0.06237	0.01197	0.03528	0.10799	0.01021	0.05930	0.01385	0.02571	0.00993	0.01147	0.00789	0.00623	0.00468	0.00190	0.00672	0.00392	0.00384	0.00787
26	0.00860	0.00670	0.00781	0.00753	0.00940	0.00591	0.00565	0.01104	0.01695	0.02239	0.41810	0.05578	0.37062	0.01495	0.00777	0.00214	0.00321	0.01283	0.00672	0.00591
27	0.02276	0.10414	0.05102	0.04023	0.02082	0.15792	0.01289	0.40583	0.02431	0.04891	0.01401	0.01497	0.01048	0.00877	0.03179	0.00217	0.00858	0.00535	0.00521	0.00983
28	0.00958	0.00731	0.01091	0.01081	0.01195	0.00864	0.00844	0.01190	0.01056	0.01530	0.01732	0.02547	0.01619	0.04807	0.71773	0.01032	0.04308	0.00701	0.00350	0.00592
29	0.01585	0.01293	0.01472	0.01090	0.01639	0.01126	0.00877	0.15481	0.04148	0.02586	0.04136	0.01587	0.01248	0.00596	0.00539	0.00126	0.00529	0.00475	0.00467	0.59000
30	0.01171	0.00742	0.00967	0.00880	0.01079	0.00687	0.00671	0.01519	0.03825	0.10287	0.62888	0.04558	0.05597	0.01276	0.00761	0.00207	0.00344	0.01121	0.00733	0.00687
31	0.00802	0.00573	0.00764	0.00917	0.00955	0.00535	0.00611	0.00917	0.01260	0.01681	0.03628	0.76434	0.04354	0.02062	0.00840	0.00267	0.00382	0.01872	0.00611	0.00535
32	0.01066	0.00828	0.00988	0.00921	0.01128	0.00828	0.00699	0.01689	0.16448	0.02586	0.51853	0.04529	0.11313	0.01280	0.00754	0.00212	0.00357	0.01115	0.00703	0.00704
33	0.01365	0.01170	0.01365	0.00975	0.01560	0.00878	0.00780	0.01658	0.01365	0.02145	0.01170	0.01365	0.00975	0.00488	0.00488	0.00098	0.00488	0.00390	0.00390	0.80888
34	0.02459	0.03138	0.01866	0.01696	0.02035	0.74221	0.01272	0.02629	0.01866	0.01611	0.01018	0.01187	0.00848	0.00678	0.00594	0.00170	0.01187	0.00424	0.00339	0.00763
35	0.01011	0.00704	0.00894	0.00973	0.01093	0.00681	0.00702	0.01321	0.07659	0.05351	0.07416	0.51308	0.08530	0.01809	0.00815	0.00257	0.00417	0.07805	0.00632	0.00621
36	0.01598	0.01542	0.02659	0.09311	0.65458	0.01560	0.04188	0.01998	0.01487	0.02114	0.01236	0.01643	0.01029	0.00591	0.00656	0.00198	0.00800	0.00593	0.00324	0.01015
37	0.81514	0.01273	0.00968	0.00866	0.01273	0.01477	0.00713	0.01935	0.01120	0.02954	0.00917	0.01069	0.00713	0.00611	0.00407	0.00204	0.00509	0.00356	0.00407	0.00713
38	0.00907	0.00657	0.00836	0.00925	0.00987	0.00658	0.00628	0.01123	0.05532	0.01659	0.03074	0.47856	0.03538	0.17744	0.07997	0.00414	0.00576	0.03795	0.00547	0.00545
39	0.01464	0.07767	0.46199	0.01901	0.09043	0.03494	0.03454	0.02038	0.01419	0.06300	0.01433	0.06139	0.01163	0.00928	0.04223	0.00247	0.00923	0.00598	0.00342	0.00926
40	0.09114	0.05417	0.01904	0.01592	0.07137	0.11357	0.03094	0.23590	0.08285	0.19426	0.01719	0.01700	0.01224	0.00742	0.00622	0.00196	0.00726	0.00573	0.00580	0.01005
41	0.02954	0.01120	0.01528	0.01171	0.01681	0.00968	0.00968	0.03208	0.01884	0.73213	0.02597	0.02241	0.01630	0.00815	0.00662	0.00204	0.00560	0.00662	0.00815	0.01120
42	0.00925	0.00744	0.01027	0.01132	0.05340	0.00688	0.03498	0.01138	0.01465	0.01910	0.12650	0.30468	0.24058	0.01679	0.00810	0.00246	0.00442	0.10578	0.00596	0.00605
43	0.01905	0.02011	0.20822	0.02358	0.21147	0.01515	0.09927	0.10960	0.04372	0.16069	0.01593	0.01727	0.01142	0.00674	0.00663	0.00205	0.00811	0.00604	0.00463	0.01031
44	0.01997	0.00979	0.01273	0.01059	0.01384	0.00936	0.00847	0.05847	0.01807	0.35145	0.21054	0.06134	0.04715	0.01046	0.00777	0.00208	0.05106	0.00859	0.07950	0.00878
45	0.64020	0.06446	0.01268	0.01012	0.01419	0.12932	0.00827	0.02046	0.01251	0.02653	0.00932	0.01087	0.00743	0.00619	0.00438	0.00194	0.00628	0.00367	0.00389	0.00729
46	0.01908	0.00914	0.01198	0.01001	0.01337	0.00822	0.00795	0.02245	0.04622	0.36019	0.32574	0.03638	0.07904	0.01096	0.00718	0.00207	0.00439	0.00935	0.00758	0.00870
47	0.01516	0.02141	0.24842	0.05305	0.41979	0.01560	0.07330	0.02071	0.03074	0.02127	0.01259	0.01588	0.00992	0.00605	0.00654	0.00203	0.00864	0.00573	0.00318	0.01000
48	0.01305	0.03297	0.70568	0.01835	0.02775	0.01493	0.02360	0.02051	0.01409	0.02107	0.04013	0.01530	0.01048	0.00654	0.00631	0.00208	0.00947	0.00514	0.00296	0.00959
49	0.00852	0.00670	0.00769	0.00745	0.00935	0.00587	0.00558	0.01088	0.01675	0.02193	0.38296	0.05653	0.40605	0.01513	0.00777	0.00215	0.00322	0.01294	0.00666	0.00587
50	0.02734	0.01073	0.01447	0.01126	0.01602	0.00927	0.00924	0.02985	0.01860	0.65810	0.05806	0.02607	0.06202	0.00890	0.00674	0.00205	0.00536	0.00729	0.00798	0.01064
51	0.00884	0.00664	0.00819	0.00796	0.00958	0.00598	0.00591	0.01145	0.01728	0.02356	0.51058	0.10963	0.22060	0.01481	0.00782	0.00216	0.00322	0.01293	0.00688	0.00598
52	0.00956	0.00640	0.00728	0.00725	0.00734	0.00637	0.00413	0.00975	0.01013	0.01361	0.06420	0.04346	0.02629	0.72198	0.03192	0.00612	0.00618	0.00972	0.00419	0.00413
53	0.39630	0.01213	0.01221	0.01020	0.01458	0.01261	0.00828	0.02429	0.09221	0.23581	0.01717	0.03946	0.01266	0.00737	0.00533	0.00198	0.00520	0.00540	0.00562	0.08121
54	0.07719	0.01272	0.01581	0.01220	0.01727	0.01211	0.01008	0.16407	0.02076	0.55257	0.02293	0.02038	0.01472	0.00797	0.00646	0.00202	0.00589	0.00629	0.00759	0.01095
55	0.09809	0.01078	0.01395	0.01100	0.01556	0.00970	0.00901	0.02845	0.01812	0.57934	0.11269	0.02473	0.02126	0.00863	0.00653	0.00204	0.00524	0.00701	0.00767	0.01020
56	0.02449	0.01817	0.01946	0.01504	0.02021	0.02017	0.01238	0.66419	0.07326	0.04063	0.01648	0.01635	0.01175	0.00797	0.00659	0.00199	0.00712	0.00602	0.00659	0.01115
57	0.01412	0.13898	0.61665	0.01765	0.02664	0.03545	0.02217	0.02083	0.01395	0.01997	0.01139	0.01337	0.00836	0.00618	0.00596	0.00198	0.00940	0.00466	0.00280	0.00949
58	0.27798	0.01344	0.01399	0.01163	0.01607	0.01450	0.00944	0.12125	0.19598	0.23160	0.01939	0.01829	0.01362	0.00766	0.00582	0.00208	0.00556	0.00575	0.00625	0.00969
59	0.00957	0.00638	0.00718	0.00718	0.00718	0.00638	0.00399	0.00957	0.00957	0.01276	0.02074	0.04308	0.02393	0.76864	0.03351	0.00638	0.00638	0.00957	0.00399	0.00399
60	0.02323	0.01764	0.01837	0.01465	0.01948	0.04954	0.01190	0.48923	0.18785	0.07088	0.01860	0.01798	0.01338	0.00810	0.00659	0.00203	0.00689	0.00624	0.00655	0.01087
61	0.01285	0.01217	0.02182	0.25874	0.15083	0.01283	0.15886	0.01674	0.01421	0.01897	0.01921	0.12947	0.01871	0.01002	0.00747	0.00236	0.00798	0.11505	0.00400	0.00771
62	0.01796	0.01494	0.02499	0.05659	0.61318	0.01481	0.01874	0.02170	0.01545	0.11657	0.01418	0.01715	0.01117	0.00619	0.00653	0.00197	0.00755	0.00597	0.00390	0.01044
63	0.02459	0.03138	0.01866	0.01696	0.02035	0.74221	0.01272	0.02629	0.01866	0.01611	0.01018	0.01187	0.00848	0.00678	0.00594	0.00170	0.01187	0.00424	0.00339	0.00763
64	0.01044	0.00857	0.00944	0.00918	0.01140	0.00859	0.00687	0.01690	0.20600	0.02186	0.17131	0.15696	0.30822	0.01458	0.00758	0.00227	0.00388	0.01251	0.00648	0.00697
65	0.02459	0.03138	0.01866	0.01696	0.02035	0.74221	0.01272	0.02629	0.01866	0.01611	0.01018	0.01187	0.00848	0.00678	0.00594	0.00170	0.01187	0.00424	0.00339	0.00763
66	0.05191	0.00692	0.00682	0.00660	0.00839	0.00709	0.00502	0.04134	0.01432	0.02542	0.02066	0.02354	0.01619	0.00760	0.00465	0.00158	0.00332	0.00600	0.73626	0.00637
67	0.02264	0.01726	0.01842	0.01467	0.01951	0.01930	0.01194	0.52094	0.21951	0.03765	0.01883	0.01822	0.01365	0.00819	0.00662	0.00205	0.00668	0.00634	0.00662	0.01098
68	0.01169	0.00780	0.00879	0.00810	0.01070	0.00694	0.00622	0.01480	0.06035	0.12149	0.17487	0.05258	0.46231	0.01440	0.00754	0.00217	0.00373	0.01210	0.00664	0.00678
69	0.04150	0.10071	0.27959	0.01844	0.07254	0.01520	0.11385	0.03960	0.01583	0.21637	0.01569	0.01655	0.01094	0.00662	0.00632	0.00201	0.00819	0.00567	0.00449	0.00989
70	0.01408	0.11836	0.55084	0.01959	0.05012	0.01672	0.09968	0.02072	0.01406	0.02027	0.01169	0.01402	0.00861	0.00609	0.00620	0.00202	0.00951	0.00507	0.00286	0.00950
71	0.16392	0.01674	0.01705	0.01346	0.01825	0.04299	0.01104	0.47347	0.02548	0.09282	0.04979	0.01692	0.01327	0.00784	0.00618	0.00199	0.00669	0.00580	0.00619	0.01011
72	0.00926	0.00790	0.00827	0.00879	0.01019	0.05321	0.00631	0.01094	0.01470	0.01847	0.13676	0.35921	0.27640	0.01735	0.00797	0.00239	0.00415	0.03594	0.00609	0.00570
73	0.01844	0.10642	0.19364	0.04843	0.15632	0.15207	0.05957	0.03724	0.03050	0.09555	0.01472	0.01641	0.02841	0.00674	0.00622	0.00192	0.00877	0.00550	0.00385	0.00928
74	0.01394	0.01423	0.01897	0.58010	0.06078	0.11523	0.01671	0.01777	0.01410	0.01693	0.01506	0.01968	0.05505	0.00724	0.00657	0.00212	0.00882	0.00615	0.00321	0.00734
75	0.01043	0.00675	0.00754	0.00736	0.00842	0.00631	0.00476	0.01125	0.01205	0.06232	0.03500	0.07376	0.22682	0.44055	0.02212	0.00455	0.00521	0.01083	0.03890	0.00506
76	0.03615	0.01588	0.02409	0.17627	0.29020	0.04012	0.09987	0.14662	0.04214	0.04437	0.01372	0.01682	0.01054	0.00655	0.00663	0.00205	0.00822	0.00607	0.00409	0.00960
77	0.01617	0.21274	0.18775	0.01531	0.06687	0.03892	0.03432	0.03940	0.03234	0.07872	0.06570	0.06283	0.01579	0.00758	0.00592	0.00180	0.00710	0.00614	0.00416	0.10044
78	0.00902	0.00669	0.00841	0.00804	0.00967	0.00608	0.00601	0.01183	0.01785	0.02468	0.59406	0.07261	0.17224	0.01421	0.00779	0.00211	0.00317	0.01244	0.00702	0.00608
79	0.01691	0.01012	0.01336	0.01149	0.01488	0.00968	0.05118	0.02239	0.14601	0.24139	0.09501	0.10426	0.16846	0.01210	0.00736	0.00225	0.00506	0.05286	0.00677	0.00848
80	0.01586	0.14085	0.26247	0.08520	0.13347	0.07031	0.01741	0.04068	0.06855	0.03707	0.05625	0.01713	0.01316	0.00690	0.00613	0.00195	0.00817	0.00555	0.00372	0.00918
81	0.01680	0.01455	0.12892	0.01573	0.05918	0.01092	0.11557	0.02098	0.03827	0.21532	0.09038	0.07538	0.10354	0.03133	0.00792	0.00229	0.00662	0.03196	0.00563	0.00870
82	0.02714	0.01111	0.01453	0.01135	0.01604	0.01002	0.00931	0.06327	0.03883	0.60461	0.02503	0.02237	0.01622	0.00811	0.00641	0.00199	0.00541	0.00656	0.09104	0.01065
83	0.04399	0.01217	0.01970	0.10030	0.30063	0.01232	0.06888	0.01729	0.01440	0.06378	0.02367	0.15424	0.10101	0.01010	0.00741	0.00219	0.02598	0.00919	0.00439	0.00835
84	0.05652	0.06691	0.11484	0.09356	0.32148	0.03639	0.05511	0.08758	0.01634	0.07044	0.01312	0.01578	0.01011	0.00634	0.00629	0.00198	0.00805	0.00559	0.00384	0.00973

[dist]
# distance from previous block
# <min> <max>
1	3

[block]
# block no. 2 follows, 33 sequences, length 63
# corresponding to MSA columns:
# 386-448
name=unknown_C
#
# <colnr> <probs for GDERKNQSTAVLIFYWHMCP>
#	G	D	E	R	K	N	Q	S	T	A	V	L	I	F	Y	W	H	M	C	P
0	0.38261	0.13306	0.01853	0.05898	0.07775	0.13824	0.04228	0.02107	0.03641	0.02325	0.01052	0.01253	0.00849	0.00622	0.00502	0.00190	0.00725	0.00432	0.00368	0.00789
1	0.00836	0.00644	0.00767	0.00811	0.00957	0.00575	0.00593	0.01026	0.01508	0.01952	0.20285	0.27931	0.32609	0.01727	0.00804	0.00237	0.00358	0.05178	0.00636	0.00567
2	0.01454	0.01385	0.02356	0.36347	0.41819	0.01518	0.01933	0.01867	0.01416	0.01938	0.01207	0.01686	0.00968	0.00619	0.00655	0.00206	0.00825	0.00586	0.00311	0.00902
3	0.01043	0.00728	0.00905	0.00854	0.01046	0.00674	0.00649	0.01387	0.04881	0.06234	0.49263	0.07461	0.17654	0.01394	0.00772	0.00215	0.00349	0.03139	0.00699	0.00652
4	0.01243	0.01170	0.01975	0.75282	0.04534	0.01463	0.01828	0.01682	0.01316	0.01682	0.01170	0.01755	0.00878	0.00658	0.00658	0.00219	0.00878	0.00585	0.00293	0.00731
5	0.70302	0.01251	0.01048	0.00909	0.01331	0.01404	0.00749	0.02117	0.01229	0.12981	0.01156	0.01237	0.00844	0.00640	0.00444	0.00204	0.00517	0.00400	0.00466	0.00771
6	0.01061	0.00729	0.01077	0.01052	0.01196	0.00821	0.00821	0.01302	0.01151	0.05908	0.05615	0.02691	0.01890	0.04496	0.65866	0.00961	0.01613	0.00729	0.00401	0.00622
7	0.00891	0.00666	0.00827	0.00799	0.00961	0.00602	0.00595	0.01159	0.01749	0.02397	0.54120	0.09533	0.20360	0.01458	0.00781	0.00214	0.00320	0.01274	0.00693	0.00602
8	0.02503	0.01844	0.01976	0.01515	0.02042	0.02042	0.01251	0.70562	0.03095	0.04149	0.01581	0.01581	0.01120	0.00790	0.00659	0.00198	0.00724	0.00593	0.00659	0.01120
9	0.01303	0.00762	0.00776	0.00748	0.00943	0.00804	0.00568	0.01899	0.14420	0.02510	0.02246	0.02455	0.01747	0.00790	0.00499	0.00166	0.00347	0.00638	0.65684	0.00693
10	0.00899	0.00667	0.00794	0.00763	0.00940	0.00599	0.00572	0.01163	0.01716	0.02347	0.46664	0.05233	0.27627	0.01416	0.00758	0.00209	0.00318	0.01221	0.05496	0.00599
11	0.01319	0.00734	0.00928	0.00852	0.01065	0.00670	0.00648	0.01591	0.01709	0.15126	0.37639	0.10741	0.09122	0.01246	0.00711	0.00204	0.00363	0.01080	0.13556	0.00697
12	0.81514	0.01273	0.00968	0.00866	0.01273	0.01477	0.00713	0.01935	0.01120	0.02954	0.00917	0.01069	0.00713	0.00611	0.00407	0.00204	0.00509	0.00356	0.00407	0.00713
13	0.01227	0.00614	0.00614	0.00614	0.00767	0.00614	0.00460	0.01534	0.01381	0.02454	0.02148	0.02454	0.01687	0.00767	0.00460	0.00153	0.00307	0.00614	0.80518	0.00614
14	0.01365	0.01170	0.01365	0.00975	0.01560	0.00878	0.00780	0.01658	0.01365	0.02145	0.01170	0.01365	0.00975	0.00488	0.00488	0.00098	0.00488	0.00390	0.00390	0.80888
15	0.00940	0.00705	0.01058	0.01058	0.01176	0.00823	0.00823	0.01176	0.01058	0.01528	0.01763	0.02586	0.01646	0.04937	0.74255	0.01058	0.01763	0.00705	0.00353	0.00588
16	0.01450	0.20392	0.49077	0.01806	0.02648	0.01795	0.10034	0.02061	0.01397	0.01963	0.01137	0.01357	0.00856	0.00603	0.00596	0.00194	0.00926	0.00489	0.00285	0.00933
17	0.81514	0.01273	0.00968	0.00866	0.01273	0.01477	0.00713	0.01935	0.01120	0.02954	0.00917	0.01069	0.00713	0.00611	0.00407	0.00204	0.00509	0.00356	0.00407	0.00713
18	0.01697	0.06505	0.17484	0.01982	0.15950	0.03923	0.06224	0.02106	0.01475	0.12619	0.01415	0.01629	0.01081	0.00879	0.04950	0.00231	0.02854	0.00539	0.00399	0.16056
19	0.00938	0.00767	0.00841	0.00805	0.01026	0.00718	0.00609	0.01372	0.10825	0.02172	0.26389	0.05389	0.42813	0.01467	0.00763	0.00218	0.00351	0.01243	0.00654	0.00640
20	0.01882	0.10821	0.02593	0.02572	0.28792	0.09036	0.10102	0.08066	0.01649	0.08002	0.01298	0.01558	0.01032	0.00670	0.00757	0.00196	0.07045	0.00567	0.00390	0.02973
21	0.01475	0.01134	0.01340	0.00976	0.01520	0.00871	0.00773	0.01746	0.01384	0.08091	0.01345	0.01616	0.01116	0.05118	0.00675	0.00139	0.00503	0.00447	0.00426	0.69305
22	0.01905	0.01668	0.06431	0.02125	0.20249	0.03456	0.03831	0.27548	0.06496	0.06072	0.05544	0.08247	0.01700	0.00863	0.00680	0.00206	0.00709	0.00741	0.00536	0.00992
23	0.06676	0.05543	0.03544	0.01432	0.07518	0.07052	0.03423	0.06037	0.04893	0.21801	0.17614	0.04861	0.04941	0.00931	0.00665	0.00201	0.00603	0.00779	0.00603	0.00883
24	0.00975	0.00731	0.00910	0.00855	0.01033	0.00697	0.00644	0.01396	0.07388	0.02575	0.61171	0.04844	0.11605	0.01338	0.00768	0.00210	0.00329	0.01172	0.00711	0.00649
25	0.02401	0.01079	0.01416	0.03097	0.01637	0.00998	0.00936	0.02854	0.10041	0.50881	0.12291	0.02762	0.04729	0.00922	0.00683	0.00208	0.00522	0.00767	0.00765	0.01013
26	0.01636	0.01761	0.03903	0.17210	0.26951	0.16384	0.03360	0.02024	0.03758	0.01884	0.01254	0.01654	0.01037	0.01027	0.07060	0.00272	0.04308	0.00563	0.00335	0.03620
27	0.00971	0.00669	0.00847	0.00838	0.00994	0.00606	0.00615	0.01207	0.01659	0.05626	0.41436	0.22079	0.16895	0.01546	0.00786	0.00224	0.00343	0.01362	0.00683	0.00613
28	0.02192	0.01096	0.01364	0.01119	0.01513	0.01059	0.00898	0.07051	0.13769	0.38420	0.16347	0.02779	0.02573	0.00929	0.00673	0.00204	0.00499	0.00773	0.05766	0.00976
29	0.03448	0.07493	0.34362	0.03848	0.05979	0.05523	0.03577	0.06815	0.06802	0.09115	0.03381	0.01808	0.03534	0.00722	0.00629	0.00202	0.00820	0.00577	0.00417	0.00948
30	0.02370	0.01447	0.06071	0.01602	0.08568	0.03111	0.04995	0.10982	0.04350	0.39566	0.05250	0.02208	0.01658	0.03809	0.00775	0.00221	0.00663	0.00674	0.00653	0.01028
31	0.00847	0.00605	0.00816	0.00969	0.01027	0.00574	0.00690	0.00995	0.01305	0.01731	0.03603	0.64335	0.04255	0.02020	0.00852	0.00274	0.00421	0.13523	0.00610	0.00547
32	0.00931	0.05248	0.01033	0.03406	0.01149	0.00780	0.00717	0.01072	0.01218	0.01621	0.02997	0.47277	0.05012	0.10270	0.09701	0.00391	0.02513	0.03587	0.00519	0.00559
33	0.01878	0.25323	0.13503	0.06153	0.06770	0.05742	0.08001	0.13349	0.03804	0.07566	0.01323	0.01476	0.01010	0.00651	0.00588	0.00185	0.00811	0.00520	0.00405	0.00941
34	0.01179	0.00760	0.01027	0.01090	0.01232	0.00763	0.00877	0.01402	0.01414	0.08415	0.03221	0.23108	0.05126	0.05889	0.03235	0.00317	0.03917	0.32629	0.03769	0.00628
35	0.81514	0.01273	0.00968	0.00866	0.01273	0.01477	0.00713	0.01935	0.01120	0.02954	0.00917	0.01069	0.00713	0.00611	0.00407	0.00204	0.00509	0.00356	0.00407	0.00713
36	0.01227	0.00614	0.00614	0.00614	0.00767	0.00614	0.00460	0.01534	0.01381	0.02454	0.02148	0.02454	0.01687	0.00767	0.00460	0.00153	0.00307	0.00614	0.80518	0.00614
37	0.00940	0.00705	0.01058	0.01058	0.01176	0.00823	0.00823	0.01176	0.01058	0.01528	0.01763	0.02586	0.01646	0.04937	0.74255	0.01058	0.01763	0.00705	0.00353	0.00588
38	0.01320	0.03405	0.73453	0.01876	0.02849	0.01529	0.02432	0.02085	0.01390	0.02085	0.01181	0.01390	0.00834	0.00625	0.00625	0.00208	0.00973	0.00486	0.00278	0.00973
39	0.00833	0.00669	0.00744	0.00725	0.00923	0.00579	0.00544	0.01052	0.01631	0.02089	0.30372	0.05824	0.48593	0.01551	0.00777	0.00217	0.00325	0.01318	0.00652	0.00579
40	0.06754	0.01813	0.01921	0.01480	0.02000	0.02011	0.01222	0.66870	0.02989	0.04085	0.01545	0.01553	0.01098	0.00781	0.00645	0.00198	0.00713	0.00580	0.00645	0.01098
41	0.00802	0.00573	0.00764	0.00917	0.00955	0.00535	0.00611	0.00917	0.01260	0.01681	0.03628	0.76434	0.04354	0.02062	0.00840	0.00267	0.00382	0.01872	0.00611	0.00535
42	0.76780	0.01264	0.01001	0.00884	0.01298	0.01446	0.00728	0.02012	0.01166	0.07188	0.01018	0.01140	0.00768	0.00623	0.00423	0.00204	0.00512	0.00375	0.00432	0.00738
43	0.01760	0.77260	0.03450	0.01126	0.01690	0.02605	0.01126	0.01971	0.01338	0.01549	0.00915	0.01056	0.00845	0.00563	0.00422	0.00141	0.00704	0.00352	0.00282	0.00845
44	0.01637	0.01414	0.01489	0.01340	0.01712	0.01637	0.01042	0.03498	0.71568	0.02754	0.02679	0.02456	0.02010	0.00893	0.00670	0.00223	0.00521	0.00744	0.00670	0.01042
45	0.00778	0.00667	0.00667	0.00667	0.00889	0.00556	0.00500	0.00945	0.01501	0.01778	0.06669	0.06336	0.72490	0.01667	0.00778	0.00222	0.00333	0.01389	0.00611	0.00556
46	0.81514	0.01273	0.00968	0.00866	0.01273	0.01477	0.00713	0.01935	0.01120	0.02954	0.00917	0.01069	0.00713	0.00611	0.00407	0.00204	0.00509	0.00356	0.00407	0.00713
47	0.00974	0.00722	0.00914	0.00857	0.01029	0.00687	0.00646	0.01384	0.06521	0.02620	0.65654	0.04798	0.08032	0.01326	0.00769	0.00209	0.00325	0.01167	0.00717	0.00647
48	0.77287	0.01265	0.00998	0.00882	0.01295	0.01449	0.00727	0.02004	0.01161	0.06734	0.01007	0.01132	0.00762	0.00622	0.00421	0.00204	0.00512	0.00373	0.00429	0.00735
49	0.01737	0.01463	0.01544	0.01360	0.01750	0.01684	0.01066	0.11180	0.63724	0.02914	0.02554	0.02356	0.01908	0.00881	0.00669	0.00220	0.00544	0.00727	0.00669	0.01051
50	0.01483	0.01163	0.01452	0.07579	0.03945	0.00948	0.00917	0.01784	0.01414	0.08237	0.01453	0.01625	0.03074	0.00568	0.00531	0.00124	0.00532	0.00465	0.00423	0.62284
51	0.44421	0.03816	0.01595	0.07325	0.15933	0.08545	0.01153	0.04287	0.03465	0.02557	0.01085	0.01303	0.00861	0.00629	0.00510	0.00198	0.00670	0.00446	0.00388	0.00812
52	0.10279	0.01625	0.04172	0.02009	0.19208	0.01705	0.01347	0.26098	0.18770	0.03058	0.01840	0.01894	0.03542	0.00769	0.00636	0.00205	0.00663	0.00625	0.00540	0.01017
53	0.00917	0.00699	0.00846	0.00894	0.01065	0.00645	0.00716	0.01143	0.01523	0.01942	0.15014	0.06381	0.32665	0.06882	0.01004	0.00278	0.00451	0.25752	0.00612	0.00573
54	0.08950	0.04302	0.13229	0.18548	0.11632	0.09025	0.05590	0.05606	0.07047	0.07832	0.01395	0.01625	0.01040	0.00670	0.00624	0.00204	0.00826	0.00555	0.00401	0.00897
55	0.01832	0.01810	0.06957	0.17419	0.18753	0.15270	0.01587	0.03702	0.03801	0.11108	0.01450	0.04014	0.01155	0.00762	0.00782	0.00209	0.07493	0.00603	0.00405	0.00887
56	0.00970	0.00694	0.00948	0.01052	0.01178	0.00673	0.00851	0.01230	0.01538	0.02060	0.19789	0.23033	0.04493	0.01764	0.00862	0.00272	0.00484	0.36879	0.00635	0.00593
57	0.00837	0.00602	0.00787	0.00916	0.00978	0.00565	0.00636	0.00972	0.01299	0.01719	0.05624	0.59867	0.08318	0.06021	0.00976	0.00286	0.00412	0.08045	0.00602	0.00538
58	0.08925	0.10873	0.13035	0.09233	0.13117	0.16168	0.03506	0.04352	0.03773	0.02053	0.03197	0.01636	0.03002	0.00705	0.00659	0.00195	0.03818	0.00539	0.00359	0.00853
59	0.01423	0.11952	0.60792	0.01763	0.02642	0.01655	0.02204	0.02087	0.01385	0.04058	0.01181	0.01377	0.00859	0.00641	0.00653	0.00203	0.03397	0.00479	0.00294	0.00954
60	0.00876	0.00637	0.00825	0.00849	0.00967	0.00586	0.00610	0.01107	0.01626	0.02244	0.43741	0.30387	0.09850	0.01621	0.00799	0.00229	0.00337	0.01445	0.00677	0.00586
61	0.04411	0.01046	0.01438	0.09299	0.12180	0.01101	0.02930	0.03942	0.13100	0.02187	0.10099	0.22632	0.08254	0.01250	0.00731	0.00230	0.00548	0.03316	0.00543	0.00763
62	0.01705	0.01549	0.02198	0.14065	0.34540	0.08034	0.01671	0.02078	0.03689	0.08116	0.01340	0.01700	0.01080	0.00888	0.03787	0.00246	0.11444	0.00587	0.00371	0.00913

[dist]
# distance from previous block
# <min> <max>
3	11

[block]
# block no. 3 follows, 33 sequences, length 98
# corresponding to MSA columns:
# 464-561
name=unknown_D
#
# <colnr> <probs for GDERKNQSTAVLIFYWHMCP>
#	G	D	E	R	K	N	Q	S	T	A	V	L	I	F	Y	W	H	M	C	P
0	0.01291	0.00929	0.01144	0.00990	0.01315	0.00824	0.00779	0.01693	0.07095	0.07676	0.24626	0.06452	0.03333	0.04051	0.00788	0.00205	0.00456	0.09591	0.00588	0.26171
1	0.01841	0.21022	0.12759	0.04160	0.06352	0.17113	0.02966	0.10688	0.04351	0.02035	0.01182	0.01416	0.00965	0.00800	0.00785	0.06726	0.03142	0.00489	0.00360	0.00848
2	0.01445	0.03350	0.07085	0.16857	0.24009	0.05695	0.09935	0.01842	0.01475	0.01995	0.05581	0.05117	0.01608	0.00813	0.00726	0.00214	0.02920	0.05385	0.03112	0.00839
3	0.00848	0.00609	0.00776	0.00867	0.00920	0.00588	0.00577	0.00954	0.01195	0.01586	0.03361	0.47277	0.09476	0.18557	0.08847	0.00424	0.00574	0.01513	0.00539	0.00512
4	0.05320	0.01125	0.01511	0.01162	0.01668	0.00983	0.00960	0.03170	0.01861	0.71097	0.02547	0.02205	0.01602	0.00809	0.00654	0.00204	0.00559	0.00653	0.00803	0.01108
5	0.00953	0.00662	0.00838	0.00841	0.00989	0.00600	0.00613	0.01181	0.01631	0.05140	0.38935	0.25559	0.16434	0.01583	0.00790	0.00227	0.00345	0.01397	0.00677	0.00606
6	0.01440	0.01440	0.02016	0.01728	0.01728	0.02016	0.01440	0.01584	0.01008	0.01584	0.00864	0.01440	0.00864	0.01152	0.02160	0.00288	0.75659	0.00576	0.00288	0.00720
7	0.01168	0.00616	0.00636	0.00642	0.00767	0.00614	0.00457	0.01419	0.01310	0.02240	0.02197	0.05800	0.01907	0.12606	0.00924	0.00233	0.00361	0.00719	0.64807	0.00577
8	0.01440	0.01440	0.02016	0.01728	0.01728	0.02016	0.01440	0.01584	0.01008	0.01584	0.00864	0.01440	0.00864	0.01152	0.02160	0.00288	0.75659	0.00576	0.00288	0.00720
9	0.01858	0.66852	0.03227	0.01206	0.01738	0.12661	0.01147	0.02064	0.01412	0.01558	0.00930	0.01074	0.00845	0.00579	0.00446	0.00145	0.00772	0.00362	0.00290	0.00833
10	0.01637	0.01414	0.01489	0.01340	0.01712	0.01637	0.01042	0.03498	0.71568	0.02754	0.02679	0.02456	0.02010	0.00893	0.00670	0.00223	0.00521	0.00744	0.00670	0.01042
11	0.00942	0.00699	0.01028	0.01028	0.01135	0.00807	0.00786	0.01156	0.01049	0.01506	0.01791	0.02738	0.01712	0.11268	0.68014	0.01021	0.01664	0.00728	0.00357	0.00571
12	0.81514	0.01273	0.00968	0.00866	0.01273	0.01477	0.00713	0.01935	0.01120	0.02954	0.00917	0.01069	0.00713	0.00611	0.00407	0.00204	0.00509	0.00356	0.00407	0.00713
13	0.01554	0.01776	0.03885	0.02775	0.03441	0.01665	0.70366	0.02109	0.01554	0.02109	0.01332	0.01776	0.00999	0.00555	0.00777	0.00222	0.01110	0.00777	0.00333	0.00888
14	0.12919	0.01140	0.01457	0.01133	0.01629	0.01032	0.00935	0.03047	0.01787	0.64301	0.02384	0.02092	0.01513	0.00789	0.00630	0.00204	0.00554	0.00623	0.00763	0.01069
15	0.00801	0.00577	0.00760	0.00907	0.00952	0.00536	0.00607	0.00918	0.01270	0.01684	0.03749	0.73646	0.07065	0.02047	0.00838	0.00266	0.00380	0.01852	0.00611	0.00536
16	0.05065	0.01167	0.01418	0.01123	0.01561	0.01103	0.00908	0.13600	0.04715	0.31699	0.17106	0.02550	0.02417	0.00875	0.00653	0.00190	0.00520	0.00718	0.00691	0.11920
17	0.02459	0.03138	0.01866	0.01696	0.02035	0.74221	0.01272	0.02629	0.01866	0.01611	0.01018	0.01187	0.00848	0.00678	0.00594	0.00170	0.01187	0.00424	0.00339	0.00763
18	0.00819	0.00660	0.00729	0.00730	0.00919	0.00570	0.00541	0.01017	0.01570	0.01987	0.22967	0.12292	0.49645	0.01622	0.00783	0.00223	0.00332	0.01383	0.00640	0.00570
19	0.00898	0.00644	0.00861	0.00938	0.01009	0.00668	0.00667	0.01056	0.01209	0.01691	0.03006	0.44287	0.05780	0.05503	0.19008	0.00466	0.03298	0.01384	0.07070	0.00556
20	0.01811	0.01376	0.07224	0.01258	0.01674	0.01290	0.01076	0.04656	0.34182	0.18911	0.08320	0.02891	0.04349	0.00959	0.00683	0.00218	0.00548	0.04534	0.03068	0.00971
21	0.22920	0.01368	0.01464	0.01166	0.01626	0.01441	0.00959	0.25988	0.02064	0.25518	0.01776	0.01728	0.01222	0.00750	0.00579	0.00198	0.00583	0.00555	0.07121	0.00974
22	0.00815	0.00582	0.00778	0.00931	0.00975	0.00546	0.00633	0.00938	0.01273	0.01695	0.03621	0.73069	0.04327	0.02051	0.00844	0.00269	0.00393	0.05112	0.00611	0.00538
23	0.01559	0.16646	0.39476	0.04715	0.02639	0.07435	0.09671	0.04025	0.04187	0.02018	0.01205	0.01417	0.00911	0.00626	0.00606	0.00195	0.00927	0.00506	0.00316	0.00920
24	0.01154	0.00901	0.01366	0.01359	0.05947	0.00961	0.06485	0.01345	0.01193	0.04065	0.02110	0.10402	0.02208	0.24232	0.18438	0.00552	0.07538	0.08704	0.00427	0.00613
25	0.81514	0.01273	0.00968	0.00866	0.01273	0.01477	0.00713	0.01935	0.01120	0.02954	0.00917	0.01069	0.00713	0.00611	0.00407	0.00204	0.00509	0.00356	0.00407	0.00713
26	0.00834	0.00669	0.00745	0.00726	0.00924	0.00580	0.00545	0.01054	0.01634	0.02094	0.30768	0.05816	0.48194	0.01549	0.00777	0.00217	0.00325	0.01317	0.00653	0.00580
27	0.01807	0.01482	0.01931	0.36931	0.07948	0.06316	0.01536	0.16421	0.07803	0.09094	0.01515	0.01779	0.01105	0.00717	0.00655	0.00209	0.00799	0.00597	0.00456	0.00899
28	0.00985	0.00739	0.00920	0.00863	0.01043	0.00708	0.00651	0.01425	0.08117	0.02590	0.61538	0.04795	0.10462	0.01328	0.00767	0.00210	0.00331	0.01164	0.00712	0.00655
29	0.01001	0.00675	0.00848	0.00804	0.00920	0.00637	0.00561	0.01211	0.01575	0.04353	0.47865	0.04642	0.04855	0.25402	0.01594	0.00344	0.00423	0.01100	0.00624	0.00566
30	0.01760	0.77260	0.03450	0.01126	0.01690	0.02605	0.01126	0.01971	0.01338	0.01549	0.00915	0.01056	0.00845	0.00563	0.00422	0.00141	0.00704	0.00352	0.00282	0.00845
31	0.02561	0.01750	0.01918	0.01470	0.01995	0.01902	0.01215	0.61839	0.02938	0.13094	0.01712	0.01666	0.01186	0.00793	0.00659	0.00198	0.00703	0.00602	0.00679	0.01120
32	0.02560	0.01752	0.01919	0.01471	0.01995	0.01905	0.01215	0.61968	0.02941	0.12962	0.01710	0.01665	0.01185	0.00793	0.00659	0.00198	0.00703	0.00602	0.00679	0.01120
33	0.00993	0.00712	0.00892	0.00835	0.01017	0.00660	0.00630	0.01341	0.04421	0.04476	0.59139	0.04940	0.14739	0.01357	0.00770	0.00210	0.00328	0.01186	0.00710	0.00642
34	0.08742	0.01418	0.01662	0.01284	0.01792	0.01431	0.01060	0.29739	0.02305	0.40573	0.02068	0.01891	0.01358	0.00790	0.00641	0.00201	0.00621	0.00611	0.00722	0.01089
35	0.81514	0.01273	0.00968	0.00866	0.01273	0.01477	0.00713	0.01935	0.01120	0.02954	0.00917	0.01069	0.00713	0.00611	0.00407	0.00204	0.00509	0.00356	0.00407	0.00713
36	0.00802	0.00573	0.00764	0.00917	0.00955	0.00535	0.00611	0.00917	0.01260	0.01681	0.03628	0.76434	0.04354	0.02062	0.00840	0.00267	0.00382	0.01872	0.00611	0.00535
37	0.81514	0.01273	0.00968	0.00866	0.01273	0.01477	0.00713	0.01935	0.01120	0.02954	0.00917	0.01069	0.00713	0.00611	0.00407	0.00204	0.00509	0.00356	0.00407	0.00713
38	0.81514	0.01273	0.00968	0.00866	0.01273	0.01477	0.00713	0.01935	0.01120	0.02954	0.00917	0.01069	0.00713	0.00611	0.00407	0.00204	0.00509	0.00356	0.00407	0.00713
39	0.01227	0.00614	0.00614	0.00614	0.00767	0.00614	0.00460	0.01534	0.01381	0.02454	0.02148	0.02454	0.01687	0.00767	0.00460	0.00153	0.00307	0.00614	0.80518	0.00614
40	0.01365	0.01170	0.01365	0.00975	0.01560	0.00878	0.00780	0.01658	0.01365	0.02145	0.01170	0.01365	0.00975	0.00488	0.00488	0.00098	0.00488	0.00390	0.00390	0.80888
41	0.00941	0.00703	0.01046	0.01046	0.01159	0.00816	0.00807	0.01168	0.01054	0.01519	0.01775	0.02650	0.01673	0.07582	0.71648	0.01043	0.01722	0.00715	0.00354	0.00581
