[name]
unknown

[dist]
# distance from previous block
# <min> <max>
2	1097

[block]
# block no. 0 follows, 29 sequences, length 59
# corresponding to MSA columns:
# 1192-1250
name=unknown_A
#
# <colnr> <probs for GDERKNQSTAVLIFYWHMCP>
#	G	D	E	R	K	N	Q	S	T	A	V	L	I	F	Y	W	H	M	C	P
0	0.01672	0.01896	0.04063	0.02924	0.03595	0.01827	0.63403	0.02242	0.01640	0.02242	0.01406	0.01896	0.01070	0.00644	0.00943	0.00245	0.06161	0.00825	0.00357	0.00948
1	0.02728	0.01086	0.01436	0.01139	0.01598	0.00956	0.00928	0.03017	0.01944	0.54736	0.07337	0.02661	0.02113	0.00912	0.00687	0.00211	0.00541	0.00746	0.14143	0.01082
2	0.00856	0.00664	0.00781	0.00875	0.01002	0.00588	0.00609	0.01005	0.01476	0.01864	0.05349	0.45217	0.33084	0.02046	0.00880	0.00268	0.00390	0.01799	0.00661	0.00588
3	0.00842	0.00721	0.00721	0.00721	0.00962	0.00601	0.00541	0.01022	0.01623	0.01924	0.07213	0.06853	0.70244	0.01803	0.00842	0.00240	0.00361	0.01503	0.00661	0.00601
4	0.00870	0.00729	0.00761	0.00772	0.01004	0.00620	0.00591	0.01067	0.01637	0.01969	0.08924	0.06895	0.63202	0.01805	0.00852	0.00247	0.00382	0.06401	0.00665	0.00608
5	0.80005	0.01377	0.01047	0.00936	0.01377	0.01597	0.00771	0.02093	0.01212	0.03195	0.00991	0.01157	0.00771	0.00661	0.00441	0.00220	0.00551	0.00386	0.00441	0.00771
6	0.01002	0.00728	0.00944	0.00890	0.01060	0.00669	0.00667	0.01333	0.02002	0.02823	0.67971	0.05372	0.08925	0.01468	0.00840	0.00225	0.00337	0.01295	0.00780	0.00669
7	0.01374	0.01295	0.02188	0.68466	0.09475	0.01590	0.01992	0.01845	0.01438	0.01855	0.01271	0.01889	0.00962	0.00707	0.00711	0.00236	0.00942	0.00633	0.00319	0.00814
8	0.01762	0.01692	0.02890	0.04371	0.70533	0.01692	0.02185	0.02185	0.01621	0.02326	0.01339	0.01762	0.01128	0.00634	0.00705	0.00211	0.00846	0.00634	0.00352	0.01128
9	0.07863	0.00723	0.00695	0.00686	0.00875	0.00741	0.00520	0.01695	0.01470	0.02700	0.02212	0.02530	0.01738	0.00816	0.00493	0.00170	0.00350	0.00641	0.72408	0.00673
10	0.80005	0.01377	0.01047	0.00936	0.01377	0.01597	0.00771	0.02093	0.01212	0.03195	0.00991	0.01157	0.00771	0.00661	0.00441	0.00220	0.00551	0.00386	0.00441	0.00771
11	0.01771	0.01530	0.01610	0.01449	0.01852	0.01771	0.01127	0.03784	0.69247	0.02979	0.02898	0.02657	0.02174	0.00966	0.00725	0.00242	0.00564	0.00805	0.00725	0.01127
12	0.01345	0.01266	0.02136	0.73264	0.04904	0.01582	0.01978	0.01819	0.01424	0.01819	0.01266	0.01898	0.00949	0.00712	0.00712	0.00237	0.00949	0.00633	0.00316	0.00791
13	0.03195	0.01212	0.01652	0.01267	0.01818	0.01047	0.01047	0.03470	0.02038	0.71026	0.02809	0.02424	0.01763	0.00881	0.00716	0.00220	0.00606	0.00716	0.00881	0.01212
14	0.00868	0.00620	0.00826	0.00991	0.01033	0.00578	0.00661	0.00991	0.01363	0.01818	0.03925	0.74510	0.04710	0.02231	0.00909	0.00289	0.00413	0.02024	0.00661	0.00578
15	0.00868	0.00620	0.00826	0.00991	0.01033	0.00578	0.00661	0.00991	0.01363	0.01818	0.03925	0.74510	0.04710	0.02231	0.00909	0.00289	0.00413	0.02024	0.00661	0.00578
16	0.01428	0.03683	0.71286	0.02030	0.03082	0.01654	0.02631	0.02255	0.01503	0.02255	0.01278	0.01503	0.00902	0.00677	0.00677	0.00226	0.01052	0.00526	0.00301	0.01052
17	0.01147	0.00820	0.01147	0.01311	0.01475	0.00820	0.01147	0.01475	0.01639	0.02131	0.03770	0.08032	0.04098	0.01967	0.00984	0.00328	0.00656	0.65741	0.00656	0.00656
18	0.00868	0.00620	0.00826	0.00991	0.01033	0.00578	0.00661	0.00991	0.01363	0.01818	0.03925	0.74510	0.04710	0.02231	0.00909	0.00289	0.00413	0.02024	0.00661	0.00578
19	0.01256	0.01103	0.01249	0.01190	0.01282	0.07960	0.00878	0.01408	0.01187	0.01582	0.01807	0.03087	0.01845	0.26895	0.33632	0.00792	0.11050	0.00803	0.00387	0.00607
20	0.00868	0.00620	0.00826	0.00991	0.01033	0.00578	0.00661	0.00991	0.01363	0.01818	0.03925	0.74510	0.04710	0.02231	0.00909	0.00289	0.00413	0.02024	0.00661	0.00578
21	0.01558	0.01558	0.02181	0.01869	0.01869	0.02181	0.01558	0.01714	0.01091	0.01714	0.00935	0.01558	0.00935	0.01246	0.02337	0.00312	0.73672	0.00623	0.00312	0.00779
22	0.01477	0.01266	0.01477	0.01055	0.01687	0.00949	0.00844	0.01793	0.01477	0.02320	0.01266	0.01477	0.01055	0.00527	0.00527	0.00105	0.00527	0.00422	0.00422	0.79328
23	0.09053	0.01388	0.02306	0.29166	0.03341	0.03500	0.18717	0.01875	0.01514	0.02117	0.01875	0.08763	0.01748	0.00992	0.00774	0.00253	0.00897	0.10505	0.00421	0.00796
24	0.00889	0.00723	0.00787	0.00771	0.00991	0.00621	0.00578	0.01114	0.01735	0.02190	0.25230	0.06414	0.52062	0.01704	0.00841	0.00236	0.00354	0.01441	0.00696	0.00621
25	0.01687	0.01894	0.04021	0.02893	0.03591	0.01799	0.63293	0.02386	0.06386	0.02330	0.01542	0.01972	0.01157	0.00626	0.00832	0.00240	0.01156	0.00838	0.00386	0.00972
26	0.01733	0.01662	0.02838	0.09169	0.65962	0.01684	0.02171	0.02160	0.01608	0.02291	0.01334	0.01772	0.01115	0.00640	0.00705	0.00213	0.00853	0.00634	0.00350	0.01104
27	0.03170	0.01251	0.01677	0.01286	0.01838	0.01105	0.01062	0.06748	0.02104	0.67655	0.02754	0.02387	0.01735	0.00880	0.00716	0.00220	0.00615	0.00712	0.00873	0.01212
28	0.14093	0.01400	0.01668	0.01298	0.01837	0.01370	0.01072	0.16911	0.02196	0.47283	0.02317	0.02092	0.01504	0.00844	0.00676	0.00219	0.00635	0.00653	0.00783	0.01149
29	0.76089	0.01408	0.01102	0.00972	0.01419	0.01628	0.00801	0.05440	0.01320	0.03260	0.01028	0.01185	0.00793	0.00671	0.00454	0.00220	0.00563	0.00399	0.00454	0.00793
30	0.01428	0.03683	0.71286	0.02030	0.03082	0.01654	0.02631	0.02255	0.01503	0.02255	0.01278	0.01503	0.00902	0.00677	0.00677	0.00226	0.01052	0.00526	0.00301	0.01052
31	0.01162	0.00762	0.00975	0.00910	0.01112	0.00689	0.00686	0.01463	0.01936	0.08350	0.53382	0.08775	0.14103	0.01491	0.00833	0.00229	0.00365	0.01304	0.00770	0.00703
32	0.01558	0.01558	0.02181	0.01869	0.01869	0.02181	0.01558	0.01714	0.01091	0.01714	0.00935	0.01558	0.00935	0.01246	0.02337	0.00312	0.73672	0.00623	0.00312	0.00779
33	0.01036	0.00690	0.00777	0.00777	0.00777	0.00690	0.00431	0.01036	0.01036	0.01381	0.02244	0.04660	0.02589	0.74975	0.03624	0.00690	0.00690	0.01036	0.00431	0.00431
34	0.01036	0.00690	0.00777	0.00777	0.00777	0.00690	0.00431	0.01036	0.01036	0.01381	0.02244	0.04660	0.02589	0.74975	0.03624	0.00690	0.00690	0.01036	0.00431	0.00431
35	0.01904	0.75404	0.03731	0.01218	0.01828	0.02818	0.01218	0.02132	0.01447	0.01675	0.00990	0.01142	0.00914	0.00609	0.00457	0.00152	0.00761	0.00381	0.00305	0.00914
36	0.01374	0.01295	0.02188	0.68466	0.09475	0.01590	0.01992	0.01845	0.01438	0.01855	0.01271	0.01889	0.00962	0.00707	0.00711	0.00236	0.00942	0.00633	0.00319	0.00814
37	0.01904	0.75404	0.03731	0.01218	0.01828	0.02818	0.01218	0.02132	0.01447	0.01675	0.00990	0.01142	0.00914	0.00609	0.00457	0.00152	0.00761	0.00381	0.00305	0.00914
38	0.01557	0.26168	0.40297	0.01750	0.02582	0.01962	0.06588	0.02133	0.01506	0.02050	0.01604	0.01784	0.05665	0.00727	0.00629	0.00204	0.00923	0.00569	0.00331	0.00971
39	0.02660	0.03394	0.02018	0.01834	0.02201	0.72116	0.01376	0.02843	0.02018	0.01743	0.01101	0.01284	0.00917	0.00734	0.00642	0.00183	0.01284	0.00459	0.00367	0.00825
40	0.01018	0.00760	0.01129	0.01129	0.01251	0.00882	0.00871	0.01262	0.01140	0.01642	0.01921	0.02876	0.01814	0.08275	0.69265	0.01125	0.01856	0.00774	0.00384	0.00627
41	0.14490	0.01752	0.08710	0.06381	0.04029	0.10919	0.01281	0.07912	0.01756	0.14930	0.02063	0.12060	0.01826	0.01204	0.03404	0.00267	0.00807	0.04761	0.00550	0.00899
42	0.01642	0.01557	0.02640	0.13242	0.56766	0.01596	0.02046	0.02050	0.01576	0.02222	0.01519	0.07099	0.01366	0.00761	0.00721	0.00221	0.00828	0.00736	0.00370	0.01043
43	0.80005	0.01377	0.01047	0.00936	0.01377	0.01597	0.00771	0.02093	0.01212	0.03195	0.00991	0.01157	0.00771	0.00661	0.00441	0.00220	0.00551	0.00386	0.00441	0.00771
44	0.00875	0.00623	0.00824	0.00982	0.01022	0.00583	0.00651	0.00993	0.01349	0.01799	0.03854	0.71567	0.04620	0.05296	0.01023	0.00306	0.00425	0.01983	0.00651	0.00572
45	0.01496	0.10671	0.58994	0.02030	0.03010	0.01782	0.07916	0.02245	0.01512	0.02200	0.01263	0.01502	0.00918	0.00663	0.00668	0.00219	0.01036	0.00538	0.00306	0.01031
46	0.01222	0.00628	0.00942	0.00942	0.00951	0.00637	0.00637	0.00951	0.00942	0.01265	0.01283	0.02208	0.01274	0.02670	0.07532	0.73934	0.00707	0.00628	0.00314	0.00332
47	0.01017	0.00763	0.01144	0.01144	0.01272	0.00890	0.00890	0.01272	0.01144	0.01653	0.01907	0.02797	0.01780	0.05340	0.72153	0.01144	0.01907	0.00763	0.00381	0.00636
48	0.01362	0.01283	0.02166	0.70464	0.07571	0.01586	0.01986	0.01834	0.01432	0.01840	0.01269	0.01893	0.00956	0.00709	0.00712	0.00236	0.00945	0.00633	0.00318	0.00805
49	0.01737	0.01553	0.02448	0.22275	0.37940	0.01669	0.01932	0.11372	0.01814	0.02481	0.01558	0.02270	0.01318	0.00788	0.00729	0.00228	0.00850	0.05607	0.00417	0.01013
50	0.01692	0.01644	0.02875	0.14787	0.55409	0.01683	0.07175	0.02137	0.01596	0.02245	0.01336	0.01795	0.01097	0.00644	0.00716	0.00218	0.00889	0.00650	0.00348	0.01064
51	0.01147	0.00820	0.01147	0.01311	0.01475	0.00820	0.01147	0.01475	0.01639	0.02131	0.03770	0.08032	0.04098	0.01967	0.00984	0.00328	0.00656	0.65741	0.00656	0.00656
52	0.01477	0.01266	0.01477	0.01055	0.01687	0.00949	0.00844	0.01793	0.01477	0.02320	0.01266	0.01477	0.01055	0.00527	0.00527	0.00105	0.00527	0.00422	0.00422	0.79328
53	0.01352	0.01404	0.06485	0.01561	0.01721	0.01591	0.01333	0.01590	0.01185	0.01793	0.01457	0.07202	0.01438	0.02281	0.20073	0.00503	0.38659	0.00738	0.00364	0.07271
54	0.02707	0.01995	0.02137	0.01638	0.02208	0.02208	0.01353	0.68159	0.03348	0.04488	0.01710	0.01710	0.01211	0.00855	0.00712	0.00214	0.00784	0.00641	0.00712	0.01211
55	0.01018	0.00696	0.00839	0.00851	0.00878	0.00709	0.00524	0.01076	0.01109	0.01502	0.04423	0.10213	0.02775	0.56588	0.13237	0.00708	0.00833	0.01086	0.00454	0.00481
56	0.01627	0.01746	0.07164	0.25077	0.34445	0.05188	0.01988	0.02063	0.01541	0.02111	0.01279	0.01734	0.01034	0.00682	0.00752	0.00215	0.03695	0.00602	0.00342	0.06717
57	0.71883	0.06451	0.01270	0.00989	0.01425	0.01702	0.00830	0.02082	0.01224	0.03038	0.00989	0.01170	0.00787	0.00678	0.00509	0.00219	0.03152	0.00394	0.00427	0.00781
58	0.01681	0.01921	0.04202	0.03001	0.03721	0.01801	0.67947	0.02281	0.01681	0.02281	0.01441	0.01921	0.01080	0.00600	0.00840	0.00240	0.01200	0.00840	0.00360	0.00960

[dist]
# distance from previous block
# <min> <max>
0	10

[block]
# block no. 1 follows, 29 sequences, length 58
# corresponding to MSA columns:
# 1261-1274,1311-1354
name=unknown_B
#
# <colnr> <probs for GDERKNQSTAVLIFYWHMCP>
#	G	D	E	R	K	N	Q	S	T	A	V	L	I	F	Y	W	H	M	C	P
0	0.00861	0.00719	0.00751	0.00750	0.00976	0.00608	0.00560	0.01056	0.01657	0.02023	0.14066	0.09046	0.60924	0.01780	0.00844	0.00240	0.00360	0.01497	0.00675	0.00608
1	0.01771	0.01530	0.01610	0.01449	0.01852	0.01771	0.01127	0.03784	0.69247	0.02979	0.02898	0.02657	0.02174	0.00966	0.00725	0.00242	0.00564	0.00805	0.00725	0.01127
2	0.00856	0.00722	0.00741	0.00736	0.00970	0.00607	0.00552	0.01049	0.01656	0.02002	0.12539	0.06723	0.64870	0.01774	0.00841	0.00239	0.00359	0.01485	0.00672	0.00607
3	0.01428	0.03683	0.71286	0.02030	0.03082	0.01654	0.02631	0.02255	0.01503	0.02255	0.01278	0.01503	0.00902	0.00677	0.00677	0.00226	0.01052	0.00526	0.00301	0.01052
4	0.01762	0.01692	0.02890	0.04371	0.70533	0.01692	0.02185	0.02185	0.01621	0.02326	0.01339	0.01762	0.01128	0.00634	0.00705	0.00211	0.00846	0.00634	0.00352	0.01128
5	0.02707	0.01995	0.02137	0.01638	0.02208	0.02208	0.01353	0.68159	0.03348	0.04488	0.01710	0.01710	0.01211	0.00855	0.00712	0.00214	0.00784	0.00641	0.00712	0.01211
6	0.01477	0.01266	0.01477	0.01055	0.01687	0.00949	0.00844	0.01793	0.01477	0.02320	0.01266	0.01477	0.01055	0.00527	0.00527	0.00105	0.00527	0.00422	0.00422	0.79328
7	0.02707	0.01995	0.02137	0.01638	0.02208	0.02208	0.01353	0.68159	0.03348	0.04488	0.01710	0.01710	0.01211	0.00855	0.00712	0.00214	0.00784	0.00641	0.00712	0.01211
8	0.01017	0.00763	0.01144	0.01144	0.01272	0.00890	0.00890	0.01272	0.01144	0.01653	0.01907	0.02797	0.01780	0.05340	0.72153	0.01144	0.01907	0.00763	0.00381	0.00636
9	0.01036	0.00690	0.00777	0.00777	0.00777	0.00690	0.00431	0.01036	0.01036	0.01381	0.02244	0.04660	0.02589	0.74975	0.03624	0.00690	0.00690	0.01036	0.00431	0.00431
10	0.01000	0.00728	0.00941	0.00887	0.01059	0.00668	0.00666	0.01328	0.01997	0.02810	0.67117	0.05393	0.09788	0.01473	0.00840	0.00225	0.00337	0.01298	0.00778	0.00668
11	0.01900	0.01594	0.01683	0.01475	0.01901	0.01831	0.01158	0.12651	0.60170	0.03187	0.02734	0.02526	0.02041	0.00951	0.00723	0.00238	0.00594	0.00782	0.00723	0.01139
12	0.01557	0.01313	0.01520	0.01093	0.01722	0.01032	0.00877	0.06135	0.01599	0.02462	0.01295	0.01492	0.01065	0.00549	0.00539	0.00113	0.00544	0.00436	0.00441	0.74217
13	0.01428	0.03683	0.71286	0.02030	0.03082	0.01654	0.02631	0.02255	0.01503	0.02255	0.01278	0.01503	0.00902	0.00677	0.00677	0.00226	0.01052	0.00526	0.00301	0.01052
14	0.01008	0.00728	0.00952	0.00896	0.01064	0.00672	0.00672	0.01344	0.02016	0.02855	0.70158	0.05319	0.06719	0.01456	0.00840	0.00224	0.00336	0.01288	0.00784	0.00672
15	0.01683	0.01309	0.01533	0.01108	0.01731	0.01039	0.00892	0.06258	0.01640	0.07481	0.01407	0.01561	0.01117	0.00575	0.00553	0.00121	0.00550	0.00458	0.00474	0.68510
16	0.01428	0.03683	0.71286	0.02030	0.03082	0.01654	0.02631	0.02255	0.01503	0.02255	0.01278	0.01503	0.00902	0.00677	0.00677	0.00226	0.01052	0.00526	0.00301	0.01052
17	0.01345	0.01266	0.02136	0.73264	0.04904	0.01582	0.01978	0.01819	0.01424	0.01819	0.01266	0.01898	0.00949	0.00712	0.00712	0.00237	0.00949	0.00633	0.00316	0.00791
18	0.00926	0.00725	0.00839	0.00810	0.01014	0.00637	0.00608	0.01186	0.01824	0.02400	0.39364	0.06069	0.37797	0.01626	0.00841	0.00232	0.00348	0.01393	0.00724	0.00637
19	0.01366	0.01282	0.02143	0.62902	0.08924	0.01581	0.01927	0.01815	0.01412	0.01841	0.01286	0.01917	0.00997	0.00931	0.03930	0.00278	0.03700	0.00638	0.00321	0.00806
20	0.03173	0.01246	0.01674	0.01283	0.01835	0.01098	0.01060	0.06330	0.02096	0.68085	0.02761	0.02392	0.01738	0.00880	0.00716	0.00220	0.00614	0.00713	0.00874	0.01212
21	0.01147	0.00820	0.01147	0.01311	0.01475	0.00820	0.01147	0.01475	0.01639	0.02131	0.03770	0.08032	0.04098	0.01967	0.00984	0.00328	0.00656	0.65741	0.00656	0.00656
22	0.02660	0.03394	0.02018	0.01834	0.02201	0.72116	0.01376	0.02843	0.02018	0.01743	0.01101	0.01284	0.00917	0.00734	0.00642	0.00183	0.01284	0.00459	0.00367	0.00825
23	0.07506	0.01547	0.01818	0.01402	0.01954	0.01562	0.01158	0.30279	0.02534	0.39382	0.02245	0.02052	0.01475	0.00857	0.00698	0.00218	0.00677	0.00665	0.00785	0.01186
24	0.02649	0.01966	0.02104	0.01627	0.02186	0.02181	0.01339	0.64176	0.07426	0.04394	0.01783	0.01768	0.01271	0.00862	0.00713	0.00215	0.00770	0.00651	0.00713	0.01206
25	0.00938	0.00725	0.00854	0.00822	0.01021	0.00642	0.00617	0.01208	0.01850	0.02462	0.43551	0.05967	0.33571	0.01603	0.00841	0.00231	0.00346	0.01379	0.00732	0.00642
26	0.01677	0.01605	0.02736	0.18483	0.57089	0.01669	0.02143	0.02110	0.01581	0.02222	0.01324	0.01790	0.01091	0.00650	0.00706	0.00217	0.00867	0.00634	0.00345	0.01059
27	0.00868	0.00620	0.00826	0.00991	0.01033	0.00578	0.00661	0.00991	0.01363	0.01818	0.03925	0.74510	0.04710	0.02231	0.00909	0.00289	0.00413	0.02024	0.00661	0.00578
28	0.00868	0.00620	0.00826	0.00991	0.01033	0.00578	0.00661	0.00991	0.01363	0.01818	0.03925	0.74510	0.04710	0.02231	0.00909	0.00289	0.00413	0.02024	0.00661	0.00578
29	0.00866	0.00625	0.00821	0.00978	0.01029	0.00579	0.00655	0.00993	0.01376	0.01823	0.04084	0.71242	0.07876	0.02210	0.00906	0.00287	0.00411	0.01999	0.00661	0.00579
30	0.00843	0.00717	0.00726	0.00732	0.00965	0.00600	0.00546	0.01021	0.01612	0.01919	0.07080	0.09605	0.67578	0.01821	0.00844	0.00242	0.00363	0.01524	0.00661	0.00600
31	0.01008	0.00728	0.00952	0.00896	0.01064	0.00672	0.00672	0.01344	0.02016	0.02855	0.70158	0.05319	0.06719	0.01456	0.00840	0.00224	0.00336	0.01288	0.00784	0.00672
32	0.01345	0.01266	0.02136	0.73264	0.04904	0.01582	0.01978	0.01819	0.01424	0.01819	0.01266	0.01898	0.00949	0.00712	0.00712	0.00237	0.00949	0.00633	0.00316	0.00791
33	0.01428	0.03683	0.71286	0.02030	0.03082	0.01654	0.02631	0.02255	0.01503	0.02255	0.01278	0.01503	0.00902	0.00677	0.00677	0.00226	0.01052	0.00526	0.00301	0.01052
34	0.01477	0.01266	0.01477	0.01055	0.01687	0.00949	0.00844	0.01793	0.01477	0.02320	0.01266	0.01477	0.01055	0.00527	0.00527	0.00105	0.00527	0.00422	0.00422	0.79328
35	0.01008	0.00728	0.00952	0.00896	0.01064	0.00672	0.00672	0.01344	0.02016	0.02855	0.70158	0.05319	0.06719	0.01456	0.00840	0.00224	0.00336	0.01288	0.00784	0.00672
36	0.01721	0.01477	0.01567	0.01413	0.01800	0.01699	0.01097	0.03624	0.64848	0.02971	0.07299	0.02831	0.02471	0.00998	0.00732	0.00240	0.00549	0.00837	0.00728	0.01097
37	0.01345	0.01266	0.02136	0.73264	0.04904	0.01582	0.01978	0.01819	0.01424	0.01819	0.01266	0.01898	0.00949	0.00712	0.00712	0.00237	0.00949	0.00633	0.00316	0.00791
38	0.03138	0.01225	0.01651	0.01274	0.01819	0.01076	0.01050	0.03483	0.04722	0.68309	0.02813	0.02433	0.01779	0.00885	0.00716	0.00221	0.00604	0.00720	0.00875	0.01208
39	0.00842	0.00721	0.00721	0.00721	0.00962	0.00601	0.00541	0.01022	0.01623	0.01924	0.07213	0.06853	0.70244	0.01803	0.00842	0.00240	0.00361	0.01503	0.00661	0.00601
40	0.02707	0.01995	0.02137	0.01638	0.02208	0.02208	0.01353	0.68159	0.03348	0.04488	0.01710	0.01710	0.01211	0.00855	0.00712	0.00214	0.00784	0.00641	0.00712	0.01211
41	0.01904	0.75404	0.03731	0.01218	0.01828	0.02818	0.01218	0.02132	0.01447	0.01675	0.00990	0.01142	0.00914	0.00609	0.00457	0.00152	0.00761	0.00381	0.00305	0.00914
42	0.01020	0.00751	0.01086	0.01086	0.01194	0.00859	0.00818	0.01234	0.01127	0.01610	0.01960	0.03091	0.01908	0.16319	0.61349	0.01073	0.01715	0.00806	0.00389	0.00604
43	0.01997	0.01446	0.01595	0.01398	0.01819	0.01606	0.01097	0.03646	0.55072	0.15027	0.05155	0.02705	0.02254	0.00968	0.00727	0.00237	0.00563	0.00806	0.00754	0.01127
44	0.01681	0.01921	0.04202	0.03001	0.03721	0.01801	0.67947	0.02281	0.01681	0.02281	0.01441	0.01921	0.01080	0.00600	0.00840	0.00240	0.01200	0.00840	0.00360	0.00960
45	0.00868	0.00620	0.00826	0.00991	0.01033	0.00578	0.00661	0.00991	0.01363	0.01818	0.03925	0.74510	0.04710	0.02231	0.00909	0.00289	0.00413	0.02024	0.00661	0.00578
46	0.01422	0.01344	0.02275	0.60528	0.17037	0.01602	0.02016	0.01887	0.01460	0.01913	0.01279	0.01873	0.00982	0.00698	0.00711	0.00233	0.00930	0.00633	0.00323	0.00853
47	0.02439	0.01786	0.01927	0.01538	0.02053	0.01973	0.01251	0.45329	0.20312	0.08243	0.02253	0.02155	0.03572	0.00914	0.00720	0.00222	0.00702	0.00714	0.00725	0.01171
48	0.01612	0.01652	0.02167	0.07296	0.02121	0.06575	0.01578	0.01793	0.01175	0.01724	0.00970	0.01566	0.00935	0.01173	0.02106	0.00298	0.63546	0.00613	0.00315	0.00783
49	0.03062	0.01424	0.01784	0.01368	0.01924	0.01362	0.01130	0.21027	0.02394	0.52968	0.02511	0.02230	0.01613	0.00874	0.00715	0.00219	0.00654	0.00696	0.00835	0.01212
50	0.08713	0.01202	0.01521	0.01218	0.01711	0.01098	0.00986	0.03068	0.06991	0.50259	0.02669	0.08380	0.01920	0.00962	0.00699	0.00220	0.00577	0.00789	0.00787	0.06229
51	0.01919	0.01472	0.01605	0.01397	0.01835	0.01622	0.01096	0.03595	0.56060	0.11062	0.02763	0.02539	0.02039	0.00923	0.00709	0.00229	0.00566	0.00765	0.00720	0.07084
52	0.02976	0.01303	0.01823	0.06075	0.02125	0.01200	0.03802	0.08234	0.02083	0.58693	0.02570	0.02315	0.01640	0.00857	0.00720	0.00222	0.00666	0.00710	0.00811	0.01174
53	0.02282	0.01558	0.01830	0.01634	0.07676	0.01627	0.01211	0.31343	0.10367	0.15124	0.07447	0.02629	0.07530	0.00965	0.00728	0.00217	0.00657	0.00784	0.00704	0.03685
54	0.01824	0.01316	0.01508	0.01267	0.01682	0.01308	0.00987	0.19593	0.11719	0.08665	0.02473	0.21702	0.02313	0.01172	0.00725	0.00213	0.00576	0.00997	0.00646	0.19314
55	0.01835	0.01492	0.01552	0.01257	0.01742	0.07216	0.00986	0.11649	0.11013	0.07836	0.02129	0.10297	0.03650	0.00911	0.00657	0.00180	0.00621	0.00746	0.00569	0.33663
56	0.01668	0.01371	0.01588	0.01406	0.01733	0.05936	0.05143	0.05653	0.24235	0.07816	0.07219	0.17347	0.05744	0.01274	0.00841	0.00245	0.03453	0.03482	0.00651	0.03194
57	0.02206	0.01825	0.01986	0.01575	0.02084	0.12592	0.08207	0.19159	0.10247	0.12277	0.02344	0.02336	0.07894	0.00873	0.00705	0.00204	0.00781	0.00717	0.00602	0.11386

[dist]
# distance from previous block
# <min> <max>
0	117

[block]
# block no. 2 follows, 29 sequences, length 94
# corresponding to MSA columns:
# 1489-1582
name=unknown_C
#
# <colnr> <probs for GDERKNQSTAVLIFYWHMCP>
#	G	D	E	R	K	N	Q	S	T	A	V	L	I	F	Y	W	H	M	C	P
0	0.01886	0.01658	0.02471	0.01869	0.02412	0.01677	0.22496	0.23242	0.10432	0.03023	0.03909	0.02528	0.07656	0.03516	0.00858	0.00236	0.00815	0.00813	0.00562	0.07943
1	0.01478	0.05826	0.02118	0.10307	0.02365	0.01323	0.15043	0.01991	0.08234	0.04662	0.02381	0.10320	0.07372	0.03863	0.00838	0.00230	0.00725	0.02636	0.00488	0.17799
2	0.02029	0.01513	0.01873	0.01701	0.08896	0.04881	0.03921	0.11410	0.08476	0.14976	0.05203	0.05834	0.01771	0.00874	0.00772	0.00201	0.04503	0.00719	0.00585	0.19862
3	0.02068	0.01628	0.06358	0.01604	0.02115	0.03569	0.10493	0.13206	0.13145	0.17616	0.04496	0.11022	0.02036	0.00993	0.00744	0.00225	0.00722	0.00874	0.00641	0.06444
4	0.01670	0.01515	0.02383	0.30204	0.29920	0.01700	0.01905	0.10032	0.01713	0.02337	0.01432	0.04639	0.01197	0.00792	0.00820	0.00231	0.05465	0.00688	0.00392	0.00965
5	0.02525	0.01935	0.02034	0.01587	0.02136	0.03985	0.01297	0.55053	0.10625	0.04110	0.01800	0.01790	0.01302	0.00844	0.00700	0.00209	0.00757	0.00641	0.00686	0.05983
6	0.01036	0.00690	0.00777	0.00777	0.00777	0.00690	0.00431	0.01036	0.01036	0.01381	0.02244	0.04660	0.02589	0.74975	0.03624	0.00690	0.00690	0.01036	0.00431	0.00431
7	0.01428	0.03683	0.71286	0.02030	0.03082	0.01654	0.02631	0.02255	0.01503	0.02255	0.01278	0.01503	0.00902	0.00677	0.00677	0.00226	0.01052	0.00526	0.00301	0.01052
8	0.01688	0.06840	0.45335	0.02024	0.02877	0.01849	0.09536	0.12459	0.01781	0.02541	0.01327	0.01566	0.00972	0.00727	0.00791	0.00227	0.05466	0.00577	0.00372	0.01043
9	0.00873	0.00625	0.00838	0.00997	0.01041	0.00590	0.00669	0.01002	0.01355	0.01812	0.03852	0.71938	0.04605	0.02342	0.03464	0.00320	0.00467	0.01979	0.00651	0.00580
10	0.02672	0.01126	0.01506	0.01193	0.01656	0.00998	0.00970	0.05122	0.02076	0.53014	0.18388	0.03071	0.02893	0.01014	0.00745	0.00221	0.00549	0.00846	0.00853	0.01087
11	0.00864	0.00716	0.00760	0.00783	0.00997	0.00612	0.00587	0.01051	0.01611	0.01954	0.08805	0.13653	0.58376	0.01843	0.00855	0.00249	0.00379	0.04637	0.00665	0.00604
12	0.01335	0.01066	0.01576	0.17255	0.14116	0.01151	0.01212	0.03469	0.01391	0.04067	0.02163	0.17358	0.02272	0.23692	0.01703	0.00383	0.03571	0.01039	0.00457	0.00723
13	0.04818	0.01261	0.01488	0.01084	0.01696	0.00990	0.00873	0.02070	0.01555	0.13211	0.01499	0.01614	0.01155	0.00589	0.00554	0.00128	0.00541	0.00467	0.00495	0.63914
14	0.02174	0.49674	0.03119	0.01439	0.01961	0.27579	0.01275	0.02386	0.01651	0.01699	0.01030	0.01193	0.00915	0.00654	0.00523	0.00163	0.00948	0.00409	0.00327	0.00882
15	0.80005	0.01377	0.01047	0.00936	0.01377	0.01597	0.00771	0.02093	0.01212	0.03195	0.00991	0.01157	0.00771	0.00661	0.00441	0.00220	0.00551	0.00386	0.00441	0.00771
16	0.02178	0.01661	0.01885	0.10290	0.02363	0.01875	0.01315	0.28921	0.30709	0.07735	0.02224	0.02176	0.01618	0.00886	0.00718	0.00229	0.00700	0.00714	0.00680	0.01124
17	0.00913	0.00724	0.00820	0.00796	0.01005	0.00631	0.00597	0.01159	0.01791	0.02322	0.34102	0.06198	0.43107	0.01655	0.00841	0.00233	0.00350	0.01411	0.00714	0.00631
18	0.02568	0.12195	0.02227	0.01759	0.02156	0.63647	0.01357	0.02756	0.01948	0.01734	0.01087	0.01267	0.00917	0.00719	0.00619	0.00180	0.01220	0.00449	0.00359	0.00836
19	0.01286	0.02426	0.40192	0.01582	0.02262	0.01276	0.01825	0.04194	0.01633	0.02284	0.07434	0.07276	0.13217	0.01160	0.00766	0.00243	0.00799	0.08791	0.00470	0.00885
20	0.02886	0.01833	0.01944	0.01517	0.02061	0.08398	0.01240	0.37655	0.02730	0.29236	0.02065	0.01938	0.01390	0.00853	0.00707	0.00213	0.00764	0.00652	0.00743	0.01175
21	0.01044	0.00745	0.01118	0.01118	0.01230	0.00857	0.00857	0.01230	0.01118	0.01602	0.01825	0.02720	0.01714	0.04990	0.63675	0.10695	0.01750	0.00745	0.00373	0.00596
22	0.01360	0.01281	0.02163	0.70788	0.07263	0.01586	0.01985	0.01832	0.01431	0.01838	0.01268	0.01894	0.00956	0.00709	0.00712	0.00236	0.00946	0.00633	0.00318	0.00803
23	0.01477	0.01266	0.01477	0.01055	0.01687	0.00949	0.00844	0.01793	0.01477	0.02320	0.01266	0.01477	0.01055	0.00527	0.00527	0.00105	0.00527	0.00422	0.00422	0.79328
24	0.00889	0.00679	0.00817	0.00876	0.01015	0.00607	0.00621	0.01080	0.01598	0.02083	0.19668	0.35592	0.28083	0.01910	0.00870	0.00258	0.00378	0.01680	0.00688	0.00607
25	0.02975	0.01447	0.01784	0.01380	0.01928	0.01411	0.01136	0.21368	0.06403	0.48583	0.02511	0.02240	0.01635	0.00879	0.00716	0.00220	0.00652	0.00701	0.00825	0.01207
26	0.00951	0.00770	0.00853	0.00870	0.01070	0.00709	0.00637	0.01300	0.07635	0.02107	0.13756	0.22054	0.41148	0.01786	0.00847	0.00250	0.00388	0.01536	0.00682	0.00651
27	0.02707	0.01995	0.02137	0.01638	0.02208	0.02208	0.01353	0.68159	0.03348	0.04488	0.01710	0.01710	0.01211	0.00855	0.00712	0.00214	0.00784	0.00641	0.00712	0.01211
28	0.00940	0.00739	0.01017	0.01061	0.01206	0.00678	0.04199	0.01133	0.01500	0.01941	0.06986	0.43771	0.21016	0.01981	0.00894	0.00276	0.00465	0.08931	0.00649	0.00616
29	0.01017	0.00763	0.01144	0.01144	0.01272	0.00890	0.00890	0.01272	0.01144	0.01653	0.01907	0.02797	0.01780	0.05340	0.72153	0.01144	0.01907	0.00763	0.00381	0.00636
30	0.01558	0.01558	0.02181	0.01869	0.01869	0.02181	0.01558	0.01714	0.01091	0.01714	0.00935	0.01558	0.00935	0.01246	0.02337	0.00312	0.73672	0.00623	0.00312	0.00779
31	0.01646	0.01451	0.01852	0.18580	0.02594	0.07869	0.07579	0.04728	0.15519	0.06591	0.11426	0.07252	0.05102	0.01055	0.00766	0.00237	0.00749	0.03560	0.00568	0.00878
32	0.01214	0.01031	0.01436	0.01325	0.01380	0.01308	0.01031	0.01379	0.01102	0.01617	0.01632	0.02751	0.01650	0.18679	0.32681	0.00751	0.27253	0.00771	0.00367	0.00643
33	0.01059	0.00795	0.01003	0.01100	0.01247	0.00785	0.00850	0.01446	0.07948	0.02088	0.07581	0.30792	0.12306	0.04260	0.00992	0.00301	0.00509	0.23614	0.00664	0.00660
34	0.01621	0.01409	0.01901	0.01625	0.01754	0.01801	0.01335	0.05784	0.01352	0.06175	0.01613	0.05543	0.04394	0.01494	0.06409	0.00337	0.48532	0.00735	0.00416	0.05771
35	0.01550	0.01225	0.02002	0.59889	0.04284	0.01459	0.01781	0.01991	0.01536	0.10344	0.05810	0.02179	0.01413	0.00780	0.00721	0.00234	0.00868	0.00684	0.00415	0.00835
36	0.01237	0.00618	0.00928	0.00928	0.00928	0.00618	0.00618	0.00928	0.00928	0.01237	0.01237	0.02165	0.01237	0.02474	0.02783	0.79283	0.00618	0.00618	0.00309	0.00309
37	0.00868	0.00620	0.00826	0.00991	0.01033	0.00578	0.00661	0.00991	0.01363	0.01818	0.03925	0.74510	0.04710	0.02231	0.00909	0.00289	0.00413	0.02024	0.00661	0.00578
38	0.01471	0.10073	0.65267	0.01957	0.02970	0.01757	0.02505	0.02244	0.01498	0.02203	0.01252	0.01471	0.00903	0.00671	0.00657	0.00219	0.01026	0.00513	0.00301	0.01040
39	0.01308	0.00837	0.01057	0.00960	0.01196	0.00780	0.00734	0.01727	0.06232	0.11107	0.51707	0.04942	0.11847	0.01388	0.00818	0.00226	0.00386	0.01208	0.00780	0.00760
40	0.01036	0.00690	0.00777	0.00777	0.00777	0.00690	0.00431	0.01036	0.01036	0.01381	0.02244	0.04660	0.02589	0.74975	0.03624	0.00690	0.00690	0.01036	0.00431	0.00431
41	0.01909	0.01585	0.01704	0.01282	0.01873	0.04297	0.01033	0.21822	0.05617	0.02980	0.01478	0.01600	0.01155	0.00657	0.00598	0.00148	0.00637	0.00509	0.00523	0.48592
42	0.01345	0.01266	0.02136	0.73264	0.04904	0.01582	0.01978	0.01819	0.01424	0.01819	0.01266	0.01898	0.00949	0.00712	0.00712	0.00237	0.00949	0.00633	0.00316	0.00791
43	0.01897	0.17073	0.32139	0.04769	0.02707	0.09186	0.06874	0.08600	0.01764	0.06633	0.01353	0.01536	0.01005	0.00695	0.00650	0.00207	0.00973	0.00542	0.00389	0.01009
44	0.01681	0.01921	0.04202	0.03001	0.03721	0.01801	0.67947	0.02281	0.01681	0.02281	0.01441	0.01921	0.01080	0.00600	0.00840	0.00240	0.01200	0.00840	0.00360	0.00960
45	0.00850	0.00687	0.00757	0.00813	0.00986	0.00593	0.00582	0.01012	0.01535	0.01888	0.06102	0.29719	0.48095	0.01948	0.00864	0.00257	0.00378	0.01679	0.00661	0.00593
46	0.00887	0.00620	0.00832	0.00988	0.01027	0.00580	0.00659	0.00988	0.01340	0.01787	0.03784	0.70712	0.04527	0.02244	0.01007	0.04436	0.00424	0.01950	0.00643	0.00564
47	0.00947	0.00725	0.00868	0.00832	0.01027	0.00646	0.00624	0.01227	0.01873	0.02517	0.47278	0.05877	0.29810	0.01582	0.00840	0.00230	0.00345	0.01366	0.00739	0.00646
48	0.00992	0.00727	0.00930	0.00879	0.01054	0.00665	0.00659	0.01313	0.01978	0.02767	0.64191	0.05464	0.12740	0.01489	0.00840	0.00226	0.00338	0.01308	0.00772	0.00665
49	0.02570	0.12107	0.02235	0.01747	0.02156	0.59227	0.01355	0.06886	0.02032	0.01908	0.01126	0.01294	0.00935	0.00726	0.00624	0.00182	0.01189	0.00461	0.00381	0.00861
50	0.80005	0.01377	0.01047	0.00936	0.01377	0.01597	0.00771	0.02093	0.01212	0.03195	0.00991	0.01157	0.00771	0.00661	0.00441	0.00220	0.00551	0.00386	0.00441	0.00771
51	0.01904	0.75404	0.03731	0.01218	0.01828	0.02818	0.01218	0.02132	0.01447	0.01675	0.00990	0.01142	0.00914	0.00609	0.00457	0.00152	0.00761	0.00381	0.00305	0.00914
52	0.01508	0.01567	0.03067	0.17891	0.07004	0.01581	0.36929	0.02097	0.05851	0.02165	0.01825	0.11752	0.01614	0.00869	0.00807	0.00245	0.00981	0.00942	0.00414	0.00892
53	0.00868	0.00620	0.00826	0.00991	0.01033	0.00578	0.00661	0.00991	0.01363	0.01818	0.03925	0.74510	0.04710	0.02231	0.00909	0.00289	0.00413	0.02024	0.00661	0.00578
54	0.01129	0.00781	0.00835	0.00788	0.01066	0.00656	0.00603	0.01321	0.01674	0.10370	0.06675	0.06311	0.61874	0.01691	0.00826	0.00238	0.00391	0.01407	0.00688	0.00676
55	0.01780	0.08129	0.43416	0.01944	0.06230	0.01779	0.02108	0.10519	0.08186	0.06907	0.01564	0.01684	0.01127	0.00732	0.00674	0.00219	0.00913	0.00574	0.00431	0.01083
56	0.01995	0.58650	0.03343	0.05877	0.02085	0.14352	0.01293	0.02232	0.01541	0.01696	0.01026	0.01214	0.00917	0.00637	0.00504	0.00163	0.00861	0.00410	0.00316	0.00891
57	0.01477	0.01266	0.01477	0.01055	0.01687	0.00949	0.00844	0.01793	0.01477	0.02320	0.01266	0.01477	0.01055	0.00527	0.00527	0.00105	0.00527	0.00422	0.00422	0.79328
58	0.01395	0.00809	0.01061	0.00963	0.01196	0.00731	0.00734	0.01696	0.01953	0.15376	0.49706	0.09924	0.08794	0.01423	0.00822	0.00229	0.00393	0.01246	0.00787	0.00762
59	0.01986	0.01573	0.01749	0.01313	0.01906	0.01504	0.01065	0.28406	0.06508	0.03227	0.01546	0.01644	0.01188	0.00686	0.00614	0.00157	0.00632	0.00534	0.00557	0.43207
60	0.01541	0.02176	0.19051	0.02523	0.03251	0.01629	0.44880	0.02160	0.01681	0.02345	0.09802	0.02241	0.01729	0.00722	0.00803	0.00235	0.01061	0.00824	0.00398	0.00946
61	0.00875	0.00637	0.00825	0.00959	0.01028	0.00587	0.00650	0.01019	0.01433	0.01899	0.08813	0.63316	0.11060	0.02137	0.00898	0.00280	0.00403	0.01924	0.00670	0.00587
62	0.01929	0.01773	0.07519	0.28510	0.17610	0.08212	0.06399	0.02364	0.01659	0.14817	0.01565	0.01881	0.01140	0.00719	0.00711	0.00223	0.00921	0.00638	0.00435	0.00974
63	0.01611	0.01457	0.02317	0.48018	0.20285	0.01685	0.01951	0.10015	0.01706	0.02267	0.01338	0.01843	0.01024	0.00711	0.00710	0.00228	0.00904	0.00634	0.00373	0.00923
64	0.00878	0.00723	0.00771	0.00759	0.00984	0.00616	0.00569	0.01092	0.01708	0.02126	0.20873	0.06520	0.56458	0.01728	0.00841	0.00237	0.00355	0.01456	0.00688	0.00616
65	0.01452	0.03516	0.64927	0.02122	0.03143	0.01668	0.08822	0.02257	0.01520	0.02257	0.01293	0.01543	0.00919	0.00669	0.00692	0.00227	0.01066	0.00556	0.00306	0.01044
66	0.02136	0.12666	0.04281	0.07013	0.14819	0.10061	0.03913	0.10857	0.08334	0.12375	0.01695	0.01852	0.01288	0.00990	0.04421	0.00256	0.00897	0.00617	0.00503	0.01026
67	0.01036	0.00690	0.00777	0.00777	0.00777	0.00690	0.00431	0.01036	0.01036	0.01381	0.02244	0.04660	0.02589	0.74975	0.03624	0.00690	0.00690	0.01036	0.00431	0.00431
68	0.00868	0.00620	0.00826	0.00991	0.01033	0.00578	0.00661	0.00991	0.01363	0.01818	0.03925	0.74510	0.04710	0.02231	0.00909	0.00289	0.00413	0.02024	0.00661	0.00578
69	0.62316	0.01538	0.01378	0.04388	0.10027	0.06067	0.01032	0.02141	0.01322	0.02940	0.01052	0.01269	0.00831	0.00664	0.00497	0.00218	0.00650	0.00431	0.00420	0.00819
70	0.00856	0.00664	0.00780	0.00873	0.01002	0.00588	0.00609	0.01005	0.01477	0.01864	0.05363	0.44912	0.33380	0.02044	0.00879	0.00268	0.00390	0.01796	0.00661	0.00588
71	0.01418	0.03388	0.62834	0.10736	0.03305	0.01645	0.02551	0.02202	0.01494	0.02202	0.01276	0.01552	0.00908	0.00681	0.00681	0.00227	0.01040	0.00539	0.00303	0.01020
72	0.01478	0.01347	0.01776	0.12691	0.02246	0.01391	0.01221	0.01775	0.01361	0.02073	0.01174	0.01566	0.01005	0.00756	0.01059	0.00183	0.20891	0.00511	0.00375	0.45121
73	0.01637	0.01329	0.02182	0.52107	0.13376	0.01556	0.01875	0.02067	0.01512	0.10343	0.01451	0.01930	0.01072	0.00744	0.00778	0.00235	0.03885	0.00643	0.00390	0.00888
74	0.00865	0.00703	0.00766	0.00791	0.00986	0.00605	0.00578	0.01052	0.01618	0.02007	0.13589	0.19230	0.51041	0.01844	0.00854	0.00248	0.00368	0.01576	0.00675	0.00605
75	0.44986	0.01701	0.01427	0.05148	0.01832	0.10280	0.01029	0.08528	0.13885	0.03022	0.01432	0.01536	0.01094	0.00746	0.00556	0.00220	0.00686	0.00508	0.00501	0.00884
76	0.01732	0.01556	0.01973	0.34291	0.03303	0.05820	0.01540	0.13894	0.06484	0.02461	0.01432	0.01785	0.01098	0.00749	0.00755	0.00209	0.04430	0.00596	0.00438	0.15455
77	0.01734	0.02180	0.14375	0.08755	0.04508	0.11389	0.04317	0.04211	0.09755	0.02099	0.01344	0.01703	0.01099	0.00937	0.01309	0.00255	0.28123	0.00616	0.00383	0.00907
78	0.02370	0.02910	0.02061	0.01844	0.02114	0.53694	0.01424	0.02546	0.01774	0.01735	0.01057	0.01356	0.00922	0.00869	0.01088	0.00217	0.20352	0.00502	0.00352	0.00813
79	0.01036	0.00690	0.00777	0.00777	0.00777	0.00690	0.00431	0.01036	0.01036	0.01381	0.02244	0.04660	0.02589	0.74975	0.03624	0.00690	0.00690	0.01036	0.00431	0.00431
80	0.01018	0.00759	0.01125	0.01125	0.01246	0.00880	0.00866	0.01259	0.01139	0.01639	0.01925	0.02895	0.01823	0.08996	0.68556	0.01121	0.01843	0.00777	0.00384	0.00625
81	0.01036	0.00690	0.00777	0.00777	0.00777	0.00690	0.00431	0.01036	0.01036	0.01381	0.02244	0.04660	0.02589	0.74975	0.03624	0.00690	0.00690	0.01036	0.00431	0.00431
82	0.02660	0.03394	0.02018	0.01834	0.02201	0.72116	0.01376	0.02843	0.02018	0.01743	0.01101	0.01284	0.00917	0.00734	0.00642	0.00183	0.01284	0.00459	0.00367	0.00825
83	0.01695	0.02149	0.24549	0.10493	0.13427	0.01657	0.01956	0.02167	0.01465	0.10466	0.01428	0.01783	0.01102	0.01073	0.04820	0.00292	0.17505	0.00613	0.00388	0.00969
84	0.01771	0.01530	0.01610	0.01449	0.01852	0.01771	0.01127	0.03784	0.69247	0.02979	0.02898	0.02657	0.02174	0.00966	0.00725	0.00242	0.00564	0.00805	0.00725	0.01127
85	0.01762	0.01692	0.02890	0.04371	0.70533	0.01692	0.02185	0.02185	0.01621	0.02326	0.01339	0.01762	0.01128	0.00634	0.00705	0.00211	0.00846	0.00634	0.00352	0.01128
86	0.80005	0.01377	0.01047	0.00936	0.01377	0.01597	0.00771	0.02093	0.01212	0.03195	0.00991	0.01157	0.00771	0.00661	0.00441	0.00220	0.00551	0.00386	0.00441	0.00771
87	0.01036	0.00690	0.00777	0.00777	0.00777	0.00690	0.00431	0.01036	0.01036	0.01381	0.02244	0.04660	0.02589	0.74975	0.03624	0.00690	0.00690	0.01036	0.00431	0.00431
88	0.01018	0.00760	0.01131	0.01131	0.01253	0.00883	0.00873	0.01263	0.01140	0.01643	0.01920	0.02866	0.01810	0.07888	0.69646	0.01128	0.01863	0.00773	0.00383	0.00628
89	0.01327	0.00664	0.00664	0.00664	0.00830	0.00664	0.00498	0.01659	0.01493	0.02655	0.02323	0.02655	0.01825	0.00830	0.00498	0.00166	0.00332	0.00664	0.78928	0.00664
90	0.00879	0.00628	0.00839	0.01005	0.01051	0.00588	0.00681	0.01011	0.01375	0.01831	0.03918	0.71776	0.04684	0.02220	0.00912	0.00291	0.00423	0.04646	0.00661	0.00582
91	0.01345	0.01266	0.02136	0.73264	0.04904	0.01582	0.01978	0.01819	0.01424	0.01819	0.01266	0.01898	0.00949	0.00712	0.00712	0.00237	0.00949	0.00633	0.00316	0.00791
92	0.02349	0.02675	0.01870	0.01677	0.02038	0.46847	0.01281	0.10694	0.08430	0.02183	0.01459	0.01680	0.01194	0.01421	0.10756	0.00328	0.01243	0.00557	0.00445	0.00874
93	0.04717	0.31312	0.25316	0.01455	0.02109	0.01901	0.01585	0.02084	0.01493	0.06351	0.01696	0.10651	0.01579	0.00916	0.00626	0.00209	0.00792	0.03883	0.00406	0.00919

[dist]
# distance from previous block
# <min> <max>
0	22

[block]
# block no. 3 follows, 29 sequences, length 47
# corresponding to MSA columns:
# 1605-1651
name=unknown_D
#
# <colnr> <probs for GDERKNQSTAVLIFYWHMCP>
#	G	D	E	R	K	N	Q	S	T	A	V	L	I	F	Y	W	H	M	C	P
0	0.10674	0.01699	0.01605	0.01405	0.01839	0.08636	0.01099	0.07024	0.45105	0.02909	0.02292	0.02193	0.01736	0.00863	0.00666	0.00220	0.00643	0.00680	0.00630	0.08083
1	0.18315	0.10183	0.12904	0.01418	0.02021	0.01797	0.01339	0.17579	0.09236	0.15940	0.01748	0.01736	0.01246	0.00776	0.00624	0.00214	0.00719	0.00573	0.00579	0.01053
2	0.08808	0.46651	0.16419	0.01704	0.09746	0.02357	0.01559	0.02158	0.01456	0.01997	0.01085	0.01283	0.00923	0.00630	0.00526	0.00179	0.00808	0.00438	0.00321	0.00952
3	0.01668	0.01596	0.02721	0.19863	0.55775	0.01667	0.02139	0.02103	0.01577	0.02212	0.01323	0.01793	0.01088	0.00652	0.00707	0.00217	0.00869	0.00634	0.00344	0.01052
4	0.01327	0.00664	0.00664	0.00664	0.00830	0.00664	0.00498	0.01659	0.01493	0.02655	0.02323	0.02655	0.01825	0.00830	0.00498	0.00166	0.00332	0.00664	0.78928	0.00664
5	0.00868	0.00620	0.00826	0.00991	0.01033	0.00578	0.00661	0.00991	0.01363	0.01818	0.03925	0.74510	0.04710	0.02231	0.00909	0.00289	0.00413	0.02024	0.00661	0.00578
6	0.01445	0.01368	0.02317	0.56738	0.20647	0.01608	0.02027	0.01907	0.01471	0.01941	0.01283	0.01866	0.00992	0.00693	0.00710	0.00231	0.00924	0.00633	0.00325	0.00872
7	0.01458	0.08206	0.67026	0.01978	0.03003	0.01727	0.02542	0.02247	0.01500	0.02218	0.01260	0.01481	0.00903	0.00672	0.00663	0.00221	0.01034	0.00517	0.00301	0.01044
8	0.02153	0.01719	0.01825	0.01526	0.01997	0.01949	0.01219	0.30048	0.42361	0.03594	0.02413	0.02270	0.01781	0.00921	0.00720	0.00230	0.00653	0.00738	0.00720	0.01161
9	0.01762	0.01692	0.02890	0.04371	0.70533	0.01692	0.02185	0.02185	0.01621	0.02326	0.01339	0.01762	0.01128	0.00634	0.00705	0.00211	0.00846	0.00634	0.00352	0.01128
10	0.80005	0.01377	0.01047	0.00936	0.01377	0.01597	0.00771	0.02093	0.01212	0.03195	0.00991	0.01157	0.00771	0.00661	0.00441	0.00220	0.00551	0.00386	0.00441	0.00771
11	0.01345	0.01266	0.02136	0.73264	0.04904	0.01582	0.01978	0.01819	0.01424	0.01819	0.01266	0.01898	0.00949	0.00712	0.00712	0.00237	0.00949	0.00633	0.00316	0.00791
12	0.01657	0.01468	0.02463	0.27593	0.40343	0.01568	0.01992	0.02084	0.01577	0.05718	0.01537	0.02221	0.01279	0.00754	0.00725	0.00228	0.00857	0.04561	0.00386	0.00989
13	0.01558	0.01558	0.02181	0.01869	0.01869	0.02181	0.01558	0.01714	0.01091	0.01714	0.00935	0.01558	0.00935	0.01246	0.02337	0.00312	0.73672	0.00623	0.00312	0.00779
14	0.01477	0.01266	0.01477	0.01055	0.01687	0.00949	0.00844	0.01793	0.01477	0.02320	0.01266	0.01477	0.01055	0.00527	0.00527	0.00105	0.00527	0.00422	0.00422	0.79328
15	0.01422	0.01358	0.02176	0.43371	0.14476	0.01658	0.01836	0.01806	0.01401	0.01885	0.01586	0.02121	0.05344	0.00876	0.01046	0.00248	0.15531	0.00686	0.00343	0.00830
16	0.01008	0.00728	0.00952	0.00896	0.01064	0.00672	0.00672	0.01344	0.02016	0.02855	0.70158	0.05319	0.06719	0.01456	0.00840	0.00224	0.00336	0.01288	0.00784	0.00672
17	0.02219	0.41514	0.02938	0.01444	0.01985	0.16792	0.01274	0.16155	0.05491	0.02344	0.01262	0.01369	0.01042	0.00705	0.00562	0.00176	0.00863	0.00473	0.00424	0.00969
18	0.01531	0.01445	0.05714	0.01141	0.01796	0.01050	0.00975	0.04915	0.01565	0.02417	0.01287	0.01489	0.01053	0.00552	0.00545	0.00118	0.00571	0.00438	0.00428	0.70970
19	0.01692	0.05993	0.03921	0.01624	0.10878	0.03866	0.01166	0.11265	0.02045	0.09263	0.26050	0.03844	0.07510	0.01165	0.00768	0.00225	0.00608	0.06584	0.00645	0.00889
20	0.01181	0.00869	0.01061	0.00961	0.01182	0.00837	0.00735	0.08816	0.02125	0.02942	0.55944	0.05073	0.12685	0.01424	0.00826	0.00225	0.00389	0.01237	0.00763	0.00725
21	0.00968	0.00719	0.00901	0.00872	0.01043	0.00652	0.00648	0.01260	0.01896	0.02611	0.53916	0.10783	0.17947	0.01576	0.00845	0.00232	0.00346	0.01382	0.00753	0.00652
22	0.07702	0.01713	0.01839	0.01529	0.01967	0.01976	0.01234	0.30081	0.31056	0.03504	0.02095	0.02060	0.01565	0.00924	0.00844	0.00235	0.07217	0.00691	0.00662	0.01105
23	0.01666	0.01591	0.02685	0.10941	0.59873	0.01615	0.02066	0.02079	0.01602	0.02252	0.01686	0.02083	0.05275	0.00713	0.00714	0.00216	0.00827	0.00687	0.00368	0.01063
24	0.00868	0.00620	0.00826	0.00991	0.01033	0.00578	0.00661	0.00991	0.01363	0.01818	0.03925	0.74510	0.04710	0.02231	0.00909	0.00289	0.00413	0.02024	0.00661	0.00578
25	0.01345	0.01266	0.02136	0.73264	0.04904	0.01582	0.01978	0.01819	0.01424	0.01819	0.01266	0.01898	0.00949	0.00712	0.00712	0.00237	0.00949	0.00633	0.00316	0.00791
26	0.01604	0.01545	0.02673	0.29740	0.43191	0.01656	0.05174	0.02055	0.01551	0.02137	0.01317	0.01820	0.01060	0.00661	0.00714	0.00222	0.00901	0.00643	0.00340	0.00996
27	0.01034	0.00698	0.00817	0.00817	0.00831	0.00712	0.00482	0.01061	0.01047	0.01410	0.02207	0.04456	0.02500	0.67355	0.11124	0.00740	0.00824	0.01006	0.00426	0.00454
