[name]
unknown

[dist]
# distance from previous block
# <min> <max>
0	20

[block]
# block no. 0 follows, 35 sequences, length 119
# corresponding to MSA columns:
# 20-91,93-139
name=unknown_A
#
# <colnr> <probs for GDERKNQSTAVLIFYWHMCP>
#	G	D	E	R	K	N	Q	S	T	A	V	L	I	F	Y	W	H	M	C	P
0	0.01034	0.00744	0.01051	0.01138	0.05846	0.00730	0.02832	0.01203	0.01270	0.05857	0.07009	0.31053	0.09722	0.13284	0.08981	0.00376	0.02295	0.04468	0.00517	0.00590
1	0.03357	0.00813	0.04290	0.00835	0.01054	0.00662	0.00656	0.01273	0.01417	0.10155	0.12992	0.20168	0.29405	0.08857	0.00973	0.00257	0.00416	0.01224	0.00585	0.00611
2	0.01527	0.05052	0.02496	0.17306	0.48618	0.01510	0.06390	0.01909	0.01413	0.03863	0.01205	0.01585	0.00976	0.00579	0.00623	0.00190	0.00775	0.00563	0.00320	0.03100
3	0.08453	0.08677	0.04792	0.02264	0.18531	0.08724	0.20041	0.09386	0.03576	0.02207	0.01269	0.03730	0.01047	0.00660	0.00680	0.00196	0.03927	0.00598	0.00368	0.00874
4	0.15510	0.00816	0.00889	0.00868	0.01071	0.00826	0.00640	0.01501	0.07653	0.07698	0.13029	0.25118	0.13311	0.07184	0.00875	0.00251	0.00418	0.01130	0.00574	0.00638
5	0.01561	0.00911	0.01183	0.03127	0.03877	0.00863	0.00844	0.08404	0.01635	0.20252	0.09068	0.24799	0.06472	0.01260	0.00704	0.00214	0.00480	0.05903	0.03028	0.05414
6	0.00928	0.00695	0.00910	0.02942	0.01124	0.00713	0.00701	0.04590	0.03462	0.01829	0.08407	0.57591	0.03778	0.01905	0.04352	0.00284	0.03108	0.01530	0.00570	0.00578
7	0.02756	0.00812	0.00911	0.00944	0.01058	0.03587	0.00662	0.04095	0.07894	0.01793	0.04964	0.40661	0.05260	0.13729	0.07519	0.00364	0.00575	0.01302	0.00532	0.00583
8	0.00880	0.00605	0.00762	0.00820	0.00902	0.00561	0.00556	0.01015	0.01313	0.03878	0.16283	0.42709	0.10927	0.14338	0.01188	0.00300	0.00397	0.01458	0.00581	0.00527
9	0.00906	0.00634	0.00801	0.00878	0.00942	0.00619	0.00629	0.01033	0.01197	0.01579	0.05069	0.23666	0.06052	0.31469	0.01770	0.00404	0.00523	0.20831	0.00511	0.00487
10	0.01872	0.05341	0.01690	0.01312	0.01754	0.04814	0.01057	0.26461	0.33740	0.02941	0.01894	0.01834	0.01421	0.00756	0.00606	0.00186	0.00602	0.00595	0.00578	0.10547
11	0.01362	0.07354	0.39333	0.04257	0.12362	0.01435	0.06385	0.01906	0.01354	0.01984	0.01136	0.01381	0.00869	0.00565	0.00579	0.00176	0.00814	0.00477	0.00299	0.15970
12	0.03672	0.02052	0.22855	0.02720	0.33560	0.04527	0.08778	0.02047	0.01425	0.06622	0.01235	0.01515	0.00955	0.00619	0.00699	0.00199	0.04700	0.00548	0.00332	0.00941
13	0.01183	0.00591	0.00591	0.00591	0.00739	0.00591	0.00443	0.01478	0.01330	0.02365	0.02069	0.02365	0.01626	0.00739	0.00443	0.00148	0.00296	0.00591	0.81227	0.00591
14	0.00931	0.00701	0.00962	0.00965	0.01046	0.00781	0.00720	0.01083	0.01087	0.01508	0.04366	0.12083	0.06501	0.16603	0.35417	0.03197	0.06634	0.04478	0.00409	0.00528
15	0.01655	0.40432	0.13307	0.03403	0.12864	0.09425	0.03329	0.02006	0.02943	0.01706	0.01029	0.01235	0.00872	0.00591	0.00552	0.00165	0.02911	0.00430	0.00293	0.00853
16	0.01739	0.02881	0.35616	0.01692	0.02315	0.29063	0.03750	0.04682	0.06357	0.01967	0.03323	0.01452	0.01051	0.00663	0.00604	0.00188	0.00962	0.00495	0.00342	0.00859
17	0.00909	0.00670	0.00973	0.00973	0.01070	0.00767	0.00734	0.01103	0.01006	0.01438	0.01742	0.02730	0.01689	0.15229	0.64862	0.00961	0.01544	0.00715	0.00346	0.00540
18	0.00930	0.00636	0.00727	0.00735	0.00755	0.00638	0.00433	0.01012	0.03471	0.01358	0.04386	0.11231	0.02592	0.65282	0.02826	0.00553	0.00577	0.01008	0.00423	0.00425
19	0.01034	0.07605	0.11901	0.01023	0.01315	0.02905	0.00925	0.01362	0.03344	0.01978	0.23630	0.19776	0.13234	0.01441	0.03553	0.00242	0.00533	0.03015	0.00532	0.00653
20	0.01690	0.24514	0.16446	0.01666	0.08756	0.20988	0.01437	0.01994	0.01398	0.01658	0.01060	0.01362	0.00916	0.03021	0.04806	0.00233	0.06503	0.00455	0.00297	0.00801
21	0.00984	0.00756	0.00993	0.00966	0.01001	0.00872	0.00689	0.01082	0.01000	0.01397	0.01922	0.10463	0.02114	0.37645	0.20153	0.00612	0.13394	0.03077	0.00382	0.00499
22	0.02222	0.15183	0.02052	0.01546	0.01895	0.60478	0.01209	0.02391	0.01683	0.01542	0.00959	0.01133	0.00817	0.00653	0.00604	0.00163	0.04003	0.00403	0.00316	0.00747
23	0.00917	0.00618	0.00717	0.00721	0.00730	0.00625	0.00420	0.00937	0.00938	0.01259	0.02019	0.06096	0.02307	0.70252	0.08403	0.00634	0.00687	0.00930	0.00387	0.00401
24	0.00967	0.00669	0.00810	0.00861	0.00929	0.00667	0.00565	0.01204	0.08038	0.03741	0.02837	0.41339	0.03215	0.29235	0.01664	0.00381	0.00475	0.01345	0.00526	0.00532
25	0.01686	0.48074	0.02764	0.01310	0.01677	0.10612	0.01186	0.01867	0.01258	0.01509	0.00879	0.01136	0.00820	0.00714	0.00895	0.00179	0.21976	0.00408	0.00279	0.00772
26	0.16602	0.00953	0.04443	0.00902	0.01193	0.00849	0.00749	0.01662	0.01632	0.14241	0.42705	0.03496	0.06032	0.01056	0.00656	0.00199	0.00406	0.00886	0.00631	0.00708
27	0.08284	0.09349	0.16133	0.01220	0.01776	0.03402	0.03008	0.05218	0.01445	0.07941	0.03840	0.01816	0.01271	0.03593	0.00647	0.00178	0.00642	0.03303	0.00408	0.26526
28	0.01183	0.00591	0.00591	0.00591	0.00739	0.00591	0.00443	0.01478	0.01330	0.02365	0.02069	0.02365	0.01626	0.00739	0.00443	0.00148	0.00296	0.00591	0.81227	0.00591
29	0.05650	0.00646	0.00735	0.00766	0.00806	0.00650	0.00481	0.00995	0.01021	0.01441	0.02304	0.18118	0.02656	0.54004	0.02455	0.00502	0.00559	0.05335	0.00436	0.00440
30	0.01624	0.01517	0.02504	0.05748	0.66266	0.01540	0.01885	0.07299	0.01558	0.02208	0.01217	0.01570	0.01006	0.00582	0.00629	0.00189	0.00752	0.00566	0.00338	0.01002
31	0.02453	0.01178	0.01470	0.01163	0.01608	0.01128	0.00947	0.15314	0.07361	0.48274	0.05399	0.04701	0.04274	0.00874	0.00652	0.00199	0.00543	0.00714	0.00731	0.01017
32	0.01459	0.01066	0.01213	0.01137	0.01401	0.01152	0.00858	0.06758	0.35310	0.09254	0.02841	0.29647	0.02672	0.01259	0.00704	0.00227	0.00469	0.01097	0.00638	0.00838
33	0.00782	0.00582	0.00729	0.00823	0.00910	0.00529	0.00567	0.00924	0.01327	0.01741	0.11822	0.54302	0.18985	0.01831	0.00790	0.00242	0.00351	0.01633	0.00601	0.00529
34	0.02412	0.01777	0.01904	0.01460	0.01967	0.01967	0.01206	0.71633	0.02983	0.03998	0.01523	0.01523	0.01079	0.00762	0.00635	0.00190	0.00698	0.00571	0.00635	0.01079
35	0.01559	0.01492	0.02521	0.05970	0.69528	0.01506	0.01913	0.01980	0.03563	0.02076	0.01233	0.01598	0.01028	0.00576	0.00629	0.00190	0.00749	0.00570	0.00323	0.00996
36	0.35601	0.00960	0.00914	0.00832	0.01132	0.01021	0.00662	0.01841	0.03504	0.12426	0.02029	0.05182	0.06039	0.03288	0.00596	0.00206	0.00445	0.03419	0.19205	0.00699
37	0.00773	0.00552	0.00736	0.00883	0.00920	0.00515	0.00589	0.00883	0.01215	0.01619	0.03497	0.77291	0.04196	0.01987	0.00810	0.00258	0.00368	0.01803	0.00589	0.00515
38	0.82186	0.01227	0.00932	0.00834	0.01227	0.01423	0.00687	0.01865	0.01080	0.02846	0.00883	0.01031	0.00687	0.00589	0.00393	0.00196	0.00491	0.00344	0.00393	0.00687
39	0.00797	0.00592	0.00721	0.00797	0.00882	0.00546	0.00542	0.00920	0.01261	0.01640	0.07889	0.43868	0.21203	0.11840	0.03193	0.00312	0.00422	0.01504	0.00561	0.00509
40	0.51467	0.01153	0.01120	0.00950	0.01364	0.01224	0.00786	0.02254	0.01347	0.26968	0.01549	0.01703	0.01127	0.00710	0.00499	0.00201	0.00512	0.03716	0.00535	0.00815
41	0.00750	0.00643	0.00643	0.00643	0.00857	0.00536	0.00482	0.00910	0.01446	0.01714	0.06427	0.06105	0.73490	0.01607	0.00750	0.00214	0.00321	0.01339	0.00589	0.00536
42	0.00750	0.00643	0.00643	0.00643	0.00857	0.00536	0.00482	0.00910	0.01446	0.01714	0.06427	0.06105	0.73490	0.01607	0.00750	0.00214	0.00321	0.01339	0.00589	0.00536
43	0.12905	0.00974	0.01215	0.01015	0.01385	0.00903	0.00812	0.02397	0.01590	0.45801	0.05770	0.12132	0.02081	0.03035	0.00703	0.00217	0.00495	0.02596	0.03088	0.00884
44	0.82186	0.01227	0.00932	0.00834	0.01227	0.01423	0.00687	0.01865	0.01080	0.02846	0.00883	0.01031	0.00687	0.00589	0.00393	0.00196	0.00491	0.00344	0.00393	0.00687
45	0.02412	0.01777	0.01904	0.01460	0.01967	0.01967	0.01206	0.71633	0.02983	0.03998	0.01523	0.01523	0.01079	0.00762	0.00635	0.00190	0.00698	0.00571	0.00635	0.01079
46	0.00839	0.00608	0.00767	0.00825	0.00914	0.00567	0.00579	0.01001	0.01367	0.01833	0.21680	0.35671	0.12383	0.12226	0.01126	0.00289	0.00393	0.05819	0.00589	0.00525
47	0.00900	0.00670	0.00856	0.00970	0.01059	0.00667	0.00697	0.01229	0.09421	0.01777	0.03373	0.58873	0.03861	0.01826	0.00800	0.00258	0.00414	0.11175	0.00595	0.00581
48	0.01090	0.00787	0.00983	0.00927	0.01091	0.00712	0.00681	0.01331	0.01892	0.02688	0.71465	0.04891	0.06010	0.01398	0.00821	0.00233	0.00368	0.01187	0.00750	0.00695
49	0.01742	0.01621	0.02659	0.03931	0.71746	0.01594	0.01990	0.02059	0.01552	0.02230	0.01373	0.01815	0.01176	0.00688	0.00704	0.00222	0.00809	0.00622	0.00377	0.01089
50	0.00849	0.00628	0.00784	0.00782	0.00916	0.00572	0.00567	0.01075	0.01587	0.02166	0.45243	0.18659	0.17614	0.04633	0.00862	0.00230	0.00329	0.01296	0.00645	0.00563
51	0.01315	0.01128	0.01315	0.00940	0.01503	0.00846	0.00752	0.01597	0.01315	0.02067	0.01128	0.01315	0.00940	0.00470	0.00470	0.00094	0.00470	0.00376	0.00376	0.81583
52	0.01497	0.01711	0.03743	0.02674	0.03316	0.01604	0.71444	0.02032	0.01497	0.02032	0.01283	0.01711	0.00963	0.00535	0.00749	0.00214	0.01070	0.00749	0.00321	0.00856
53	0.00776	0.00644	0.00678	0.00670	0.00873	0.00547	0.00502	0.00960	0.01507	0.01858	0.18092	0.05867	0.61735	0.01553	0.00749	0.00212	0.00317	0.01306	0.00608	0.00547
54	0.00920	0.00690	0.00854	0.00900	0.01025	0.00675	0.00659	0.01264	0.08568	0.01964	0.20453	0.32522	0.11144	0.06385	0.00932	0.00261	0.00401	0.09189	0.00608	0.00586
55	0.01570	0.01507	0.02575	0.03894	0.73748	0.01507	0.01947	0.01947	0.01444	0.02073	0.01193	0.01570	0.01005	0.00565	0.00628	0.00188	0.00754	0.00565	0.00314	0.01005
56	0.00765	0.00638	0.00669	0.00690	0.00884	0.00543	0.00518	0.00927	0.01425	0.01714	0.06006	0.12841	0.63676	0.01649	0.00761	0.00222	0.00338	0.04608	0.00589	0.00536
57	0.00918	0.00633	0.00869	0.00893	0.00985	0.00594	0.03016	0.01009	0.01220	0.03546	0.07428	0.40671	0.11959	0.10092	0.03215	0.10085	0.00471	0.01364	0.00525	0.00508
58	0.05995	0.01907	0.02187	0.04900	0.30864	0.23990	0.07224	0.02266	0.01581	0.11213	0.01286	0.01504	0.00996	0.00622	0.00610	0.00185	0.00861	0.00531	0.00382	0.00894
59	0.07192	0.02333	0.01750	0.01483	0.01888	0.40212	0.01160	0.24862	0.02139	0.09178	0.01292	0.01354	0.00964	0.00697	0.00588	0.00177	0.00905	0.00479	0.00473	0.00875
60	0.04330	0.01548	0.05448	0.09292	0.60221	0.01499	0.04561	0.01924	0.01416	0.02060	0.01179	0.01557	0.00972	0.00572	0.00624	0.00192	0.00771	0.00560	0.00313	0.00962
61	0.02390	0.04025	0.01946	0.01449	0.01957	0.01983	0.01202	0.69578	0.02933	0.03924	0.01504	0.01508	0.01071	0.00755	0.00628	0.00189	0.00698	0.00564	0.00624	0.01071
62	0.32210	0.01189	0.01288	0.01042	0.01483	0.01212	0.00856	0.08500	0.03626	0.37311	0.04082	0.01773	0.01351	0.00729	0.00550	0.00196	0.00526	0.00541	0.00620	0.00916
63	0.01393	0.06962	0.41249	0.04412	0.15484	0.01564	0.16039	0.01985	0.01385	0.01984	0.01162	0.01446	0.00873	0.00580	0.00626	0.00198	0.00914	0.00537	0.00287	0.00919
64	0.82186	0.01227	0.00932	0.00834	0.01227	0.01423	0.00687	0.01865	0.01080	0.02846	0.00883	0.01031	0.00687	0.00589	0.00393	0.00196	0.00491	0.00344	0.00393	0.00687
65	0.00773	0.00644	0.00675	0.00667	0.00871	0.00546	0.00501	0.00956	0.01502	0.01846	0.17094	0.05888	0.62740	0.01557	0.00750	0.00212	0.00318	0.01308	0.00606	0.00546
66	0.02388	0.02487	0.01843	0.01559	0.01964	0.43669	0.01217	0.32262	0.02308	0.02605	0.01214	0.01307	0.00930	0.00700	0.00599	0.00175	0.00952	0.00479	0.00459	0.00883
67	0.00823	0.00629	0.00727	0.00771	0.00889	0.00578	0.00534	0.01006	0.03533	0.01718	0.10944	0.31234	0.29624	0.12685	0.01126	0.00286	0.00384	0.01409	0.00572	0.00527
68	0.01173	0.00763	0.00945	0.00903	0.01081	0.00747	0.00665	0.01476	0.07408	0.10199	0.09846	0.14349	0.12098	0.17334	0.11605	0.00410	0.00636	0.04396	0.00543	0.03422
69	0.18286	0.01688	0.01690	0.01329	0.01806	0.04616	0.01093	0.52454	0.02514	0.06408	0.01413	0.01435	0.01010	0.00724	0.00584	0.00191	0.00668	0.00522	0.00581	0.00988
70	0.00970	0.00702	0.00898	0.00829	0.00996	0.00663	0.00627	0.04532	0.01852	0.02613	0.70010	0.04587	0.05753	0.01272	0.00743	0.00199	0.00318	0.01120	0.00695	0.00621
71	0.01000	0.00734	0.00909	0.00963	0.01078	0.00754	0.00691	0.05174	0.09141	0.01906	0.04762	0.48066	0.03402	0.04567	0.07094	0.00321	0.00526	0.04305	0.04000	0.00608
72	0.00940	0.00650	0.00837	0.00936	0.01022	0.00632	0.00654	0.01197	0.06892	0.04697	0.03332	0.62190	0.03823	0.04033	0.00864	0.00264	0.00405	0.05460	0.00595	0.00577
73	0.01598	0.60846	0.19710	0.01252	0.01886	0.02271	0.01376	0.01925	0.01301	0.01612	0.00941	0.01092	0.00812	0.00557	0.00452	0.00151	0.00738	0.00369	0.00271	0.00843
74	0.00773	0.00552	0.00736	0.00883	0.00920	0.00515	0.00589	0.00883	0.01215	0.01619	0.03497	0.77291	0.04196	0.01987	0.00810	0.00258	0.00368	0.01803	0.00589	0.00515
75	0.00986	0.00708	0.00820	0.00831	0.00919	0.00731	0.00559	0.01288	0.10176	0.01617	0.02648	0.16398	0.07358	0.37305	0.07778	0.00471	0.00604	0.02957	0.05319	0.00528
76	0.02846	0.01080	0.01472	0.01129	0.01619	0.00932	0.00932	0.03092	0.01816	0.74187	0.02503	0.02159	0.01570	0.00785	0.00638	0.00196	0.00540	0.00638	0.00785	0.01080
77	0.00765	0.00646	0.00663	0.00666	0.00875	0.00544	0.00504	0.00935	0.01461	0.01754	0.09090	0.06082	0.68478	0.01599	0.00754	0.00216	0.00329	0.03506	0.00593	0.00540
78	0.01691	0.01419	0.01498	0.01314	0.01693	0.01631	0.01031	0.12601	0.63189	0.02836	0.02439	0.02253	0.01821	0.00847	0.00644	0.00212	0.00529	0.00697	0.00644	0.01014
79	0.02018	0.01092	0.01293	0.01046	0.01419	0.01054	0.00832	0.19054	0.01922	0.31330	0.04683	0.03168	0.17984	0.09039	0.00937	0.00243	0.00531	0.00822	0.00660	0.00872
80	0.04640	0.01338	0.01491	0.01348	0.01546	0.09738	0.01103	0.07520	0.05705	0.07081	0.04726	0.02895	0.01827	0.01496	0.08986	0.00323	0.22475	0.14565	0.00461	0.00736
81	0.01363	0.00928	0.01127	0.01074	0.01307	0.00950	0.00862	0.09252	0.11708	0.08914	0.13465	0.08565	0.07007	0.07741	0.00963	0.00269	0.00515	0.22649	0.00618	0.00722
82	0.02552	0.01551	0.01764	0.01353	0.01855	0.01633	0.01117	0.49464	0.02605	0.26699	0.01840	0.01729	0.01238	0.00769	0.00636	0.00192	0.00647	0.00593	0.00683	0.01079
83	0.00906	0.00680	0.01020	0.01020	0.01133	0.00793	0.00793	0.01133	0.01020	0.01473	0.01699	0.02492	0.01586	0.04758	0.75191	0.01020	0.01699	0.00680	0.00340	0.00566
84	0.02365	0.01850	0.01812	0.01428	0.01895	0.11021	0.01162	0.57045	0.02712	0.06297	0.01519	0.01540	0.01091	0.00748	0.00618	0.00185	0.00729	0.00554	0.04417	0.01013
85	0.00924	0.00640	0.00817	0.00817	0.00865	0.00684	0.00546	0.01021	0.00972	0.01358	0.01884	0.03452	0.02005	0.46986	0.31249	0.00759	0.01029	0.00818	0.02713	0.00461
86	0.01026	0.00724	0.00915	0.00880	0.01061	0.00684	0.00688	0.04564	0.01742	0.04566	0.46921	0.06962	0.13563	0.01383	0.00761	0.00217	0.00374	0.11681	0.00664	0.00624
87	0.01941	0.01785	0.02072	0.05257	0.22263	0.14038	0.04114	0.27189	0.02045	0.02633	0.01450	0.01956	0.01210	0.00766	0.00683	0.00198	0.02692	0.06331	0.00453	0.00925
88	0.47385	0.01436	0.03152	0.05291	0.06727	0.04557	0.10347	0.04857	0.01339	0.08005	0.01129	0.01309	0.00845	0.00607	0.00509	0.00197	0.00653	0.00461	0.00406	0.00785
89	0.00920	0.00624	0.00736	0.00736	0.00751	0.00639	0.00439	0.00951	0.00936	0.01263	0.01959	0.03928	0.02209	0.67894	0.12908	0.00669	0.00761	0.00890	0.00378	0.00409
90	0.01315	0.01128	0.01315	0.00940	0.01503	0.00846	0.00752	0.01597	0.01315	0.02067	0.01128	0.01315	0.00940	0.00470	0.00470	0.00094	0.00470	0.00376	0.00376	0.81583
91	0.00923	0.00615	0.00692	0.00692	0.00692	0.00615	0.00384	0.00923	0.00923	0.01230	0.01999	0.04151	0.02306	0.77705	0.03229	0.00615	0.00615	0.00923	0.00384	0.00384
92	0.02363	0.01753	0.01876	0.01450	0.01949	0.01945	0.01194	0.67634	0.07061	0.03919	0.01585	0.01573	0.01129	0.00767	0.00635	0.00192	0.00687	0.00580	0.00635	0.01074
93	0.02631	0.01353	0.01632	0.01259	0.01751	0.01347	0.01038	0.28785	0.05171	0.44939	0.02139	0.01929	0.01401	0.00779	0.00637	0.00195	0.00598	0.00616	0.00723	0.01076
94	0.01086	0.00561	0.00842	0.00842	0.00851	0.00570	0.00570	0.00851	0.00842	0.01131	0.01149	0.01973	0.01140	0.02406	0.08231	0.75173	0.00642	0.00561	0.00281	0.00298
95	0.82186	0.01227	0.00932	0.00834	0.01227	0.01423	0.00687	0.01865	0.01080	0.02846	0.00883	0.01031	0.00687	0.00589	0.00393	0.00196	0.00491	0.00344	0.00393	0.00687
96	0.01582	0.57988	0.22426	0.01280	0.01928	0.02232	0.01424	0.01929	0.01303	0.01631	0.00951	0.01104	0.00811	0.00559	0.00460	0.00153	0.00748	0.00374	0.00270	0.00847
97	0.47877	0.01373	0.01191	0.01035	0.01434	0.06680	0.00833	0.04113	0.14487	0.13284	0.01459	0.01464	0.01067	0.00677	0.00494	0.00197	0.00552	0.00466	0.00499	0.00817
98	0.03476	0.00962	0.01119	0.01034	0.01282	0.00997	0.00785	0.07626	0.20075	0.10185	0.18946	0.22581	0.05798	0.01258	0.00707	0.00218	0.00434	0.01092	0.00648	0.00773
99	0.01014	0.00687	0.00774	0.00752	0.00786	0.00699	0.00452	0.05125	0.01061	0.01414	0.02012	0.04087	0.02275	0.70834	0.03004	0.00580	0.00619	0.02988	0.00405	0.00432
100	0.00780	0.00558	0.00743	0.00878	0.00922	0.00520	0.00589	0.00902	0.01249	0.01673	0.07583	0.73050	0.04300	0.01947	0.00806	0.00254	0.00364	0.01765	0.00595	0.00520
101	0.38342	0.01145	0.01231	0.00997	0.01444	0.01152	0.00823	0.02543	0.01486	0.42270	0.01778	0.01654	0.01175	0.00697	0.00528	0.00196	0.00518	0.00506	0.00610	0.00904
102	0.00795	0.00603	0.00722	0.00788	0.00900	0.00544	0.00554	0.00941	0.01345	0.01733	0.11656	0.38329	0.28328	0.06410	0.00933	0.00260	0.00367	0.03680	0.00588	0.00525
103	0.01497	0.01711	0.03743	0.02674	0.03316	0.01604	0.71444	0.02032	0.01497	0.02032	0.01283	0.01711	0.00963	0.00535	0.00749	0.00214	0.01070	0.00749	0.00321	0.00856
104	0.01578	0.01363	0.01434	0.01291	0.01650	0.01578	0.01004	0.03371	0.72602	0.02654	0.02582	0.02367	0.01937	0.00861	0.00646	0.00215	0.00502	0.00717	0.00646	0.01004
105	0.01641	0.00818	0.01084	0.00964	0.01223	0.00743	0.00739	0.03908	0.01687	0.29224	0.26441	0.22607	0.03717	0.01269	0.00720	0.00213	0.00419	0.01110	0.00700	0.00772
106	0.01583	0.00884	0.01083	0.00980	0.01276	0.00829	0.00780	0.02009	0.11002	0.25376	0.08125	0.09869	0.22533	0.01270	0.00720	0.00221	0.00451	0.09560	0.00666	0.00782
107	0.00764	0.00643	0.00663	0.00658	0.00866	0.00542	0.00493	0.00939	0.01480	0.01795	0.13016	0.05971	0.66850	0.01576	0.00750	0.00213	0.00319	0.01320	0.00600	0.00542
108	0.13024	0.01118	0.01325	0.01063	0.01486	0.04009	0.00864	0.02636	0.01715	0.51536	0.12359	0.02337	0.02054	0.00827	0.00619	0.00195	0.00524	0.00662	0.00702	0.00945
109	0.04066	0.00974	0.03942	0.00971	0.01283	0.00853	0.00797	0.04808	0.03825	0.25729	0.21965	0.03492	0.08909	0.07566	0.00889	0.00236	0.00471	0.03657	0.04788	0.00779
110	0.00800	0.00572	0.00768	0.00915	0.00964	0.00539	0.00637	0.00931	0.01242	0.01650	0.03481	0.69565	0.04136	0.01962	0.00817	0.00261	0.00392	0.09259	0.00588	0.00523
111	0.01010	0.00676	0.00870	0.00806	0.00983	0.00615	0.00610	0.01294	0.01767	0.07069	0.63085	0.04691	0.11526	0.01291	0.00741	0.00201	0.00317	0.01131	0.00694	0.00624
112	0.00824	0.00591	0.00792	0.00904	0.00964	0.00574	0.00636	0.00964	0.01223	0.01639	0.05691	0.54151	0.05279	0.07077	0.08837	0.00361	0.00541	0.07877	0.00553	0.00522
113	0.01094	0.00938	0.01283	0.04228	0.01317	0.01176	0.00918	0.01219	0.01024	0.01472	0.03390	0.10630	0.01861	0.23672	0.13507	0.00482	0.30032	0.00829	0.00362	0.00564
114	0.00911	0.00662	0.00932	0.00932	0.01015	0.00745	0.00683	0.01076	0.00994	0.01408	0.01780	0.02937	0.01779	0.24331	0.55882	0.00911	0.01408	0.00745	0.00352	0.00518
115	0.36638	0.01823	0.01636	0.03330	0.01840	0.21952	0.08779	0.08955	0.01558	0.06506	0.01115	0.01267	0.00846	0.00630	0.00526	0.00189	0.00769	0.00451	0.00409	0.00780
116	0.46627	0.03806	0.01176	0.01003	0.01316	0.13316	0.00799	0.01831	0.01288	0.02413	0.09703	0.01661	0.01443	0.03022	0.00650	0.00205	0.05021	0.00490	0.03554	0.00676
117	0.07286	0.09931	0.06480	0.08651	0.09953	0.06985	0.03405	0.21629	0.01875	0.12565	0.01412	0.01550	0.01043	0.00828	0.03493	0.00219	0.00777	0.00530	0.00467	0.00921
118	0.04997	0.01395	0.01667	0.01647	0.12641	0.04379	0.03183	0.15722	0.17154	0.04821	0.05406	0.05615	0.01701	0.00808	0.00623	0.00187	0.00603	0.03046	0.00519	0.13885

[dist]
# distance from previous block
# <min> <max>
3	21

[block]
# block no. 1 follows, 35 sequences, length 14
# corresponding to MSA columns:
# 179-192
name=unknown_B
#
# <colnr> <probs for GDERKNQSTAVLIFYWHMCP>
#	G	D	E	R	K	N	Q	S	T	A	V	L	I	F	Y	W	H	M	C	P
0	0.08904	0.00875	0.00989	0.00950	0.01167	0.00899	0.00707	0.03762	0.13979	0.09266	0.06834	0.26000	0.12391	0.06063	0.04043	0.00281	0.00492	0.01122	0.00584	0.00693
1	0.04060	0.00892	0.01087	0.00976	0.01257	0.00850	0.00751	0.04373	0.09140	0.24783	0.11613	0.21557	0.13504	0.01266	0.00703	0.00216	0.00436	0.01088	0.00665	0.00782
2	0.00919	0.00628	0.00759	0.00759	0.00782	0.00651	0.00468	0.00965	0.00942	0.01280	0.01938	0.03813	0.02159	0.62833	0.17901	0.00698	0.00836	0.00873	0.00375	0.00422
3	0.05280	0.00773	0.00889	0.00909	0.01065	0.00782	0.00658	0.06363	0.08014	0.02105	0.10745	0.41354	0.10665	0.01533	0.00725	0.00228	0.00394	0.01346	0.05547	0.00626
4	0.06404	0.01040	0.01204	0.01044	0.01364	0.01054	0.00828	0.12653	0.11294	0.18812	0.15218	0.09508	0.09532	0.01093	0.00674	0.00208	0.00473	0.03829	0.02942	0.00826
5	0.12607	0.00912	0.01089	0.00979	0.01274	0.00883	0.00779	0.03707	0.04148	0.24733	0.14409	0.13370	0.08922	0.01179	0.00681	0.00217	0.00459	0.08238	0.00644	0.00770
6	0.00906	0.00680	0.01020	0.01020	0.01133	0.00793	0.00793	0.01133	0.01020	0.01473	0.01699	0.02492	0.01586	0.04758	0.75191	0.01020	0.01699	0.00680	0.00340	0.00566
7	0.11518	0.00985	0.01109	0.00998	0.01282	0.01008	0.00778	0.10206	0.09421	0.13865	0.13805	0.17039	0.08779	0.01173	0.00670	0.00213	0.00455	0.03245	0.02681	0.00766
8	0.11251	0.00977	0.01141	0.00974	0.01294	0.00953	0.00763	0.08543	0.03956	0.26095	0.14643	0.09799	0.10300	0.05478	0.00805	0.00229	0.00472	0.00884	0.00643	0.00799
9	0.00961	0.00671	0.00809	0.00806	0.00941	0.00625	0.00571	0.03511	0.01469	0.04626	0.23941	0.24251	0.18962	0.13577	0.01149	0.00283	0.00395	0.01290	0.00597	0.00563
10	0.01248	0.00867	0.00974	0.00910	0.01111	0.03000	0.00686	0.07534	0.05183	0.07343	0.22942	0.12949	0.11909	0.08286	0.00934	0.00245	0.00441	0.04574	0.08204	0.00660
11	0.01304	0.00944	0.01114	0.01026	0.01223	0.04079	0.00785	0.09561	0.03745	0.07132	0.02173	0.02816	0.07456	0.13528	0.37329	0.00655	0.01134	0.00739	0.02599	0.00658
12	0.01533	0.00870	0.01078	0.00948	0.01229	0.00823	0.00737	0.02001	0.11940	0.23163	0.29021	0.08023	0.13669	0.01170	0.00705	0.00206	0.00405	0.01003	0.00694	0.00783
13	0.01018	0.00685	0.00878	0.00939	0.01061	0.00662	0.00677	0.01319	0.07548	0.06882	0.11272	0.50435	0.06019	0.01701	0.00779	0.00244	0.00398	0.06253	0.00619	0.00612

[dist]
# distance from previous block
# <min> <max>
0	1

[block]
# block no. 2 follows, 35 sequences, length 98
# corresponding to MSA columns:
# 194-208,217-299
name=unknown_C
#
# <colnr> <probs for GDERKNQSTAVLIFYWHMCP>
#	G	D	E	R	K	N	Q	S	T	A	V	L	I	F	Y	W	H	M	C	P
0	0.11255	0.01574	0.01674	0.01322	0.01774	0.01742	0.01085	0.52971	0.04537	0.05516	0.04635	0.01702	0.01313	0.00993	0.04801	0.00239	0.00704	0.00582	0.00598	0.00983
1	0.74206	0.01334	0.01003	0.00899	0.01286	0.05572	0.00731	0.01968	0.04222	0.02765	0.00962	0.01095	0.00749	0.00604	0.00414	0.00195	0.00528	0.00363	0.00400	0.00704
2	0.00933	0.00682	0.00909	0.01036	0.04619	0.00650	0.00710	0.01101	0.01282	0.03402	0.05569	0.35444	0.13233	0.08498	0.07895	0.00346	0.00557	0.10027	0.00537	0.02571
3	0.01577	0.01212	0.01325	0.01185	0.01523	0.01344	0.00922	0.02953	0.53651	0.09618	0.08988	0.04655	0.06330	0.00962	0.00664	0.00213	0.00475	0.00809	0.00659	0.00938
4	0.01449	0.01209	0.01387	0.01009	0.01561	0.00994	0.00811	0.09790	0.03230	0.02306	0.01209	0.01365	0.00980	0.00513	0.00493	0.00108	0.00497	0.00407	0.00412	0.70270
5	0.00919	0.00716	0.00918	0.01040	0.05160	0.00683	0.00719	0.01209	0.05405	0.01935	0.17888	0.27502	0.19510	0.03502	0.00834	0.00244	0.00408	0.10218	0.00592	0.00597
6	0.01863	0.17502	0.08165	0.01916	0.13652	0.19143	0.04456	0.12336	0.03980	0.02075	0.01138	0.01347	0.00929	0.00675	0.00716	0.00184	0.08204	0.00488	0.00359	0.00872
7	0.00988	0.00699	0.00854	0.00815	0.00998	0.00658	0.00612	0.01280	0.04623	0.06121	0.32885	0.08127	0.25024	0.04517	0.08645	0.00308	0.00490	0.01131	0.00614	0.00609
8	0.00773	0.00552	0.00736	0.00883	0.00920	0.00515	0.00589	0.00883	0.01215	0.01619	0.03497	0.77291	0.04196	0.01987	0.00810	0.00258	0.00368	0.01803	0.00589	0.00515
9	0.02922	0.00633	0.00887	0.03696	0.01020	0.00653	0.00624	0.01025	0.04492	0.01335	0.03285	0.10393	0.01620	0.03844	0.02061	0.59541	0.00533	0.00718	0.00345	0.00375
10	0.06077	0.01315	0.01330	0.01171	0.01510	0.04074	0.00910	0.11653	0.40610	0.04584	0.04424	0.02739	0.10311	0.05486	0.00795	0.00232	0.00532	0.00760	0.00601	0.00886
11	0.03636	0.00768	0.00980	0.00955	0.01174	0.00717	0.00753	0.01681	0.01451	0.21297	0.03113	0.21362	0.08003	0.04249	0.00810	0.00245	0.00466	0.17199	0.10449	0.00694
12	0.01497	0.01711	0.03743	0.02674	0.03316	0.01604	0.71444	0.02032	0.01497	0.02032	0.01283	0.01711	0.00963	0.00535	0.00749	0.00214	0.01070	0.00749	0.00321	0.00856
13	0.17598	0.01285	0.01409	0.01138	0.01568	0.02952	0.00920	0.15432	0.09411	0.34243	0.01959	0.01938	0.01375	0.05070	0.00736	0.00220	0.00574	0.00589	0.00635	0.00950
14	0.01103	0.00694	0.00854	0.00864	0.00993	0.00677	0.00637	0.01355	0.04434	0.06846	0.13543	0.15084	0.05381	0.20572	0.01353	0.00324	0.00466	0.13444	0.10798	0.00578
15	0.02328	0.02786	0.01789	0.01595	0.01944	0.62605	0.01211	0.10381	0.06062	0.01893	0.01135	0.01258	0.00912	0.00678	0.00583	0.00169	0.01056	0.00445	0.00380	0.00790
16	0.00811	0.00640	0.00731	0.00719	0.00897	0.00560	0.00535	0.01025	0.01574	0.02044	0.33329	0.09552	0.42321	0.01503	0.00753	0.00211	0.00315	0.01288	0.00633	0.00560
17	0.01304	0.01112	0.01297	0.00932	0.01479	0.00839	0.00741	0.01577	0.01304	0.02042	0.01154	0.01401	0.00981	0.02787	0.00553	0.00110	0.00474	0.00392	0.00376	0.79147
18	0.00775	0.00644	0.00678	0.00670	0.00873	0.00546	0.00502	0.00960	0.01507	0.01858	0.18058	0.05868	0.61769	0.01553	0.00749	0.00212	0.00318	0.01306	0.00608	0.00546
19	0.00806	0.00614	0.00745	0.00805	0.00931	0.00553	0.00584	0.00982	0.01422	0.01847	0.17827	0.34226	0.28203	0.01709	0.00782	0.00234	0.00354	0.06222	0.00610	0.00543
20	0.00812	0.00576	0.00751	0.00847	0.00899	0.00541	0.00568	0.00943	0.01283	0.01737	0.15572	0.56329	0.04296	0.10413	0.01072	0.00288	0.00384	0.01589	0.00585	0.00515
21	0.01381	0.00866	0.01013	0.00933	0.01177	0.00846	0.00706	0.05962	0.11637	0.14598	0.10306	0.19407	0.18499	0.04077	0.00794	0.00228	0.00425	0.01106	0.05312	0.00728
22	0.54636	0.01338	0.01220	0.01013	0.01444	0.01494	0.00836	0.18258	0.01606	0.11175	0.01215	0.01273	0.00878	0.00651	0.00477	0.00195	0.00545	0.00430	0.00493	0.00823
23	0.01558	0.01495	0.02553	0.06240	0.71496	0.01504	0.01941	0.01936	0.01439	0.02058	0.01191	0.01574	0.01000	0.00567	0.00628	0.00189	0.00757	0.00565	0.00313	0.00995
24	0.05617	0.00758	0.00907	0.00944	0.01068	0.00761	0.00664	0.09537	0.01417	0.04136	0.02974	0.56364	0.03408	0.07152	0.00933	0.00270	0.00438	0.01475	0.00575	0.00601
25	0.01483	0.01055	0.01191	0.01050	0.01346	0.01082	0.00833	0.20849	0.08546	0.07628	0.11498	0.08958	0.20450	0.03396	0.00787	0.00227	0.00492	0.07729	0.00627	0.00774
26	0.01497	0.01711	0.03743	0.02674	0.03316	0.01604	0.71444	0.02032	0.01497	0.02032	0.01283	0.01711	0.00963	0.00535	0.00749	0.00214	0.01070	0.00749	0.00321	0.00856
27	0.02617	0.01031	0.01389	0.01082	0.01538	0.00891	0.00888	0.02860	0.01792	0.66043	0.06473	0.02533	0.06141	0.00862	0.00651	0.00198	0.00514	0.00707	0.00769	0.01021
28	0.03422	0.00760	0.01041	0.04238	0.01210	0.00864	0.00780	0.01136	0.01136	0.01617	0.09648	0.10640	0.08122	0.07635	0.26419	0.09700	0.09806	0.00872	0.00412	0.00542
29	0.01695	0.01351	0.01451	0.01277	0.01648	0.01533	0.01001	0.07911	0.61192	0.07331	0.04658	0.02368	0.01978	0.00862	0.00647	0.00212	0.00512	0.00715	0.00655	0.01002
30	0.02289	0.02905	0.01740	0.01585	0.01906	0.71444	0.01189	0.02452	0.01780	0.01561	0.01252	0.01391	0.04435	0.00701	0.00581	0.00166	0.01103	0.00455	0.00340	0.00725
31	0.00912	0.00675	0.01005	0.01005	0.01112	0.00782	0.00775	0.01119	0.01012	0.01456	0.01693	0.02528	0.01596	0.06892	0.71221	0.03004	0.01638	0.00684	0.00340	0.00554
32	0.01611	0.01450	0.02354	0.15014	0.42771	0.01506	0.06893	0.11327	0.01637	0.03824	0.01490	0.01804	0.04142	0.00651	0.00644	0.00196	0.00761	0.00615	0.00375	0.00936
33	0.02320	0.02710	0.01760	0.04389	0.02005	0.62749	0.01212	0.04644	0.01794	0.06809	0.01131	0.01286	0.00901	0.00779	0.02650	0.00192	0.01091	0.00443	0.00368	0.00765
34	0.63658	0.01302	0.01297	0.04904	0.05665	0.01474	0.04822	0.06581	0.01262	0.02773	0.00979	0.01166	0.00755	0.00598	0.00454	0.00197	0.00570	0.00405	0.00395	0.00742
35	0.08596	0.01719	0.01743	0.01392	0.01811	0.07181	0.01138	0.49465	0.04578	0.03394	0.01432	0.01512	0.01060	0.00772	0.00726	0.00195	0.07205	0.00545	0.04574	0.00963
36	0.01544	0.01327	0.01405	0.01266	0.01615	0.01529	0.00984	0.03263	0.69077	0.02648	0.06108	0.02485	0.02138	0.00882	0.00651	0.00214	0.00492	0.00739	0.00648	0.00984
37	0.82186	0.01227	0.00932	0.00834	0.01227	0.01423	0.00687	0.01865	0.01080	0.02846	0.00883	0.01031	0.00687	0.00589	0.00393	0.00196	0.00491	0.00344	0.00393	0.00687
38	0.01497	0.01711	0.03743	0.02674	0.03316	0.01604	0.71444	0.02032	0.01497	0.02032	0.01283	0.01711	0.00963	0.00535	0.00749	0.00214	0.01070	0.00749	0.00321	0.00856
39	0.00773	0.00552	0.00736	0.00883	0.00920	0.00515	0.00589	0.00883	0.01215	0.01619	0.03497	0.77291	0.04196	0.01987	0.00810	0.00258	0.00368	0.01803	0.00589	0.00515
40	0.02425	0.01756	0.01891	0.01450	0.01957	0.01936	0.01197	0.69550	0.02947	0.06131	0.01553	0.01542	0.01094	0.00762	0.00635	0.00191	0.00693	0.00573	0.00639	0.01079
41	0.04804	0.01069	0.01435	0.01108	0.01581	0.00935	0.00910	0.02995	0.01770	0.70175	0.02446	0.02191	0.01570	0.03100	0.00710	0.00209	0.00541	0.00639	0.00763	0.01049
42	0.01727	0.00870	0.01097	0.00929	0.01250	0.00780	0.00735	0.02055	0.05699	0.32719	0.23571	0.03835	0.19818	0.01129	0.00696	0.00203	0.00418	0.00952	0.00706	0.00810
43	0.01578	0.01363	0.01434	0.01291	0.01650	0.01578	0.01004	0.03371	0.72602	0.02654	0.02582	0.02367	0.01937	0.00861	0.00646	0.00215	0.00502	0.00717	0.00646	0.01004
44	0.09239	0.00705	0.00794	0.00786	0.00965	0.00697	0.00597	0.01480	0.01402	0.08373	0.13317	0.18182	0.02841	0.01128	0.00602	0.00196	0.00368	0.04920	0.32781	0.00628
45	0.06750	0.00716	0.00782	0.00765	0.00865	0.00719	0.00506	0.01191	0.04201	0.03757	0.05221	0.04242	0.11804	0.49447	0.02286	0.00469	0.00547	0.04779	0.00458	0.00493
46	0.00924	0.00660	0.00909	0.01056	0.01159	0.00645	0.00851	0.01144	0.01363	0.01788	0.03413	0.34861	0.03866	0.01845	0.00850	0.00278	0.00499	0.42744	0.00586	0.00557
47	0.00831	0.00630	0.00925	0.01004	0.01083	0.00592	0.04600	0.00979	0.01248	0.01663	0.03362	0.68044	0.03975	0.01889	0.00811	0.00258	0.00423	0.06570	0.00573	0.00539
48	0.00869	0.00593	0.00708	0.00760	0.00773	0.00580	0.00457	0.00909	0.01026	0.01369	0.02531	0.30163	0.02978	0.50776	0.02369	0.00488	0.00527	0.01236	0.00457	0.00431
49	0.23837	0.00948	0.01044	0.00904	0.01190	0.00949	0.00685	0.01955	0.01305	0.27412	0.01953	0.04713	0.01697	0.25119	0.01402	0.00333	0.00547	0.02745	0.00540	0.00722
50	0.82186	0.01227	0.00932	0.00834	0.01227	0.01423	0.00687	0.01865	0.01080	0.02846	0.00883	0.01031	0.00687	0.00589	0.00393	0.00196	0.00491	0.00344	0.00393	0.00687
51	0.02363	0.01720	0.01804	0.01400	0.01880	0.04498	0.01150	0.61643	0.02787	0.07438	0.01585	0.01589	0.01125	0.00758	0.00622	0.00187	0.00684	0.00570	0.05159	0.01039
52	0.01028	0.00655	0.00848	0.00887	0.01017	0.00605	0.00638	0.01237	0.02963	0.09108	0.17910	0.45448	0.09974	0.01663	0.00773	0.00236	0.00376	0.03398	0.00632	0.00603
53	0.02812	0.01087	0.01471	0.01133	0.01620	0.00950	0.00934	0.03099	0.03755	0.72228	0.02505	0.02165	0.01580	0.00787	0.00638	0.00197	0.00539	0.00640	0.00781	0.01078
54	0.01198	0.01128	0.01903	0.76180	0.04369	0.01409	0.01762	0.01621	0.01268	0.01621	0.01128	0.01691	0.00846	0.00634	0.00634	0.00211	0.00846	0.00564	0.00282	0.00705
55	0.00765	0.00643	0.00663	0.00658	0.00866	0.00542	0.00494	0.00939	0.01481	0.01796	0.13095	0.05969	0.66770	0.01576	0.00750	0.00213	0.00319	0.01320	0.00600	0.00542
56	0.00923	0.00615	0.00692	0.00692	0.00692	0.00615	0.00384	0.00923	0.00923	0.01230	0.01999	0.04151	0.02306	0.77705	0.03229	0.00615	0.00615	0.00923	0.00384	0.00384
57	0.01578	0.01363	0.01434	0.01291	0.01650	0.01578	0.01004	0.03371	0.72602	0.02654	0.02582	0.02367	0.01937	0.00861	0.00646	0.00215	0.00502	0.00717	0.00646	0.01004
58	0.02412	0.01777	0.01904	0.01460	0.01967	0.01967	0.01206	0.71633	0.02983	0.03998	0.01523	0.01523	0.01079	0.00762	0.00635	0.00190	0.00698	0.00571	0.00635	0.01079
59	0.00816	0.00654	0.00684	0.00671	0.00885	0.00552	0.00505	0.00993	0.01491	0.03553	0.13267	0.05868	0.64762	0.01555	0.00747	0.00212	0.00324	0.01302	0.00605	0.00555
60	0.01497	0.01711	0.03743	0.02674	0.03316	0.01604	0.71444	0.02032	0.01497	0.02032	0.01283	0.01711	0.00963	0.00535	0.00749	0.00214	0.01070	0.00749	0.00321	0.00856
61	0.01272	0.03281	0.74418	0.01808	0.02746	0.01473	0.02344	0.02009	0.01339	0.02009	0.01138	0.01339	0.00804	0.00603	0.00603	0.00201	0.00938	0.00469	0.00268	0.00938
62	0.01578	0.01363	0.01434	0.01291	0.01650	0.01578	0.01004	0.03371	0.72602	0.02654	0.02582	0.02367	0.01937	0.00861	0.00646	0.00215	0.00502	0.00717	0.00646	0.01004
63	0.82186	0.01227	0.00932	0.00834	0.01227	0.01423	0.00687	0.01865	0.01080	0.02846	0.00883	0.01031	0.00687	0.00589	0.00393	0.00196	0.00491	0.00344	0.00393	0.00687
64	0.01696	0.78087	0.03324	0.01085	0.01628	0.02510	0.01085	0.01900	0.01289	0.01493	0.00882	0.01018	0.00814	0.00543	0.00407	0.00136	0.00678	0.00339	0.00271	0.00814
65	0.01710	0.01309	0.01654	0.05934	0.04020	0.03206	0.07130	0.18970	0.15332	0.09149	0.02271	0.02917	0.05661	0.09160	0.00957	0.00256	0.00658	0.08303	0.00550	0.00853
66	0.01126	0.00921	0.01019	0.01017	0.01237	0.02967	0.00810	0.05186	0.14971	0.02095	0.07869	0.11608	0.24145	0.01454	0.00761	0.00237	0.00477	0.20826	0.00599	0.00673
67	0.00923	0.00696	0.00861	0.00916	0.01079	0.00656	0.00733	0.03242	0.01510	0.01948	0.13697	0.16743	0.26410	0.01649	0.00801	0.00246	0.00433	0.26277	0.00603	0.00575
68	0.00764	0.00643	0.00662	0.00658	0.00866	0.00542	0.00493	0.00938	0.01479	0.01793	0.12838	0.05974	0.67029	0.01577	0.00750	0.00213	0.00319	0.01321	0.00600	0.00542
69	0.00918	0.00644	0.00778	0.00805	0.00962	0.00574	0.00592	0.01100	0.01458	0.05953	0.17597	0.28599	0.30814	0.01633	0.00769	0.00229	0.00359	0.05023	0.00620	0.00574
70	0.01448	0.01244	0.01324	0.01247	0.01554	0.03342	0.00992	0.02813	0.52768	0.02426	0.02865	0.03496	0.05310	0.01074	0.00696	0.00230	0.00529	0.15132	0.00622	0.00889
71	0.00910	0.00667	0.00953	0.00953	0.01043	0.00757	0.00710	0.01090	0.01000	0.01423	0.01760	0.02829	0.01732	0.19565	0.60584	0.00937	0.01479	0.00729	0.00349	0.00529
72	0.06210	0.00741	0.00814	0.00787	0.00997	0.00715	0.00598	0.01503	0.05883	0.08543	0.10557	0.13653	0.21371	0.01221	0.00642	0.00201	0.00367	0.02890	0.21666	0.00642
73	0.04263	0.00877	0.01076	0.00927	0.01213	0.00831	0.00724	0.07047	0.01681	0.27669	0.16145	0.11152	0.02690	0.02910	0.00694	0.00203	0.00434	0.00851	0.17826	0.00789
74	0.04915	0.01600	0.01775	0.01365	0.01865	0.01712	0.01127	0.53734	0.02656	0.20140	0.01730	0.01655	0.01180	0.00762	0.00628	0.00192	0.00655	0.00580	0.00662	0.01067
75	0.01857	0.01501	0.01592	0.01347	0.01756	0.01708	0.01072	0.26215	0.49304	0.03104	0.02228	0.02084	0.01650	0.00828	0.00642	0.00207	0.00568	0.00668	0.00642	0.01029
76	0.01081	0.00682	0.00823	0.00812	0.00927	0.00645	0.00551	0.03140	0.01311	0.08486	0.11374	0.23586	0.12178	0.29607	0.01665	0.00369	0.00470	0.01199	0.00546	0.00548
77	0.11530	0.01108	0.01376	0.01110	0.01546	0.01049	0.00907	0.06406	0.05795	0.51918	0.02356	0.06393	0.01681	0.00865	0.00628	0.00204	0.00532	0.02905	0.00707	0.00983
78	0.02370	0.03023	0.01798	0.01634	0.01961	0.75158	0.01226	0.02533	0.01798	0.01553	0.00981	0.01144	0.00817	0.00654	0.00572	0.00163	0.01144	0.00409	0.00327	0.00735
79	0.40136	0.01173	0.01223	0.01002	0.01436	0.01208	0.00823	0.06042	0.01516	0.35239	0.01712	0.03343	0.01190	0.00719	0.00526	0.00197	0.00521	0.00523	0.00588	0.00882
80	0.00940	0.00660	0.00797	0.00770	0.00950	0.00586	0.00574	0.01167	0.01610	0.06147	0.37997	0.12836	0.29721	0.01453	0.00749	0.00211	0.00328	0.01258	0.00652	0.00594
81	0.00754	0.00627	0.00659	0.00684	0.00868	0.00532	0.00500	0.00906	0.01406	0.01698	0.05923	0.18332	0.61589	0.01672	0.00760	0.00222	0.00329	0.01419	0.00589	0.00532
82	0.01271	0.00719	0.00950	0.00874	0.01069	0.00653	0.00656	0.01519	0.01678	0.16734	0.45771	0.15315	0.04686	0.04184	0.00829	0.00223	0.00370	0.01137	0.00687	0.00674
83	0.10909	0.00956	0.01142	0.00999	0.01299	0.00942	0.00773	0.06051	0.05383	0.29253	0.02379	0.16841	0.02089	0.08826	0.03162	0.00275	0.00538	0.02235	0.05148	0.00800
84	0.01497	0.01711	0.03743	0.02674	0.03316	0.01604	0.71444	0.02032	0.01497	0.02032	0.01283	0.01711	0.00963	0.00535	0.00749	0.00214	0.01070	0.00749	0.00321	0.00856
85	0.00839	0.00611	0.00783	0.00882	0.00970	0.00574	0.00641	0.00997	0.01317	0.01729	0.09404	0.42494	0.13621	0.07873	0.01002	0.00282	0.00417	0.14456	0.00581	0.00527
86	0.00813	0.00583	0.00725	0.00817	0.00884	0.00543	0.00551	0.00933	0.01242	0.01648	0.07124	0.49927	0.13454	0.12745	0.01138	0.00298	0.00397	0.03034	0.02635	0.00507
87	0.00943	0.00656	0.00955	0.00955	0.01049	0.00744	0.00721	0.01101	0.01007	0.01459	0.01670	0.02533	0.01581	0.09120	0.58471	0.10047	0.01428	0.00677	0.04362	0.00523
88	0.00907	0.00676	0.01003	0.01003	0.01111	0.00784	0.00773	0.01122	0.01015	0.01461	0.01714	0.02575	0.01622	0.08389	0.71609	0.00999	0.01645	0.00692	0.00342	0.00557
89	0.04311	0.00693	0.00988	0.06874	0.01206	0.00721	0.00696	0.03402	0.00998	0.05411	0.01188	0.01875	0.01091	0.01890	0.02089	0.64722	0.00576	0.00550	0.00321	0.00397
90	0.02197	0.02718	0.01854	0.04607	0.07753	0.61770	0.01294	0.02390	0.01707	0.01612	0.01003	0.01212	0.00838	0.00655	0.00626	0.00169	0.03579	0.00431	0.00324	0.03263
91	0.04322	0.01045	0.01554	0.04181	0.18219	0.01016	0.04546	0.04714	0.01656	0.09564	0.30720	0.07145	0.03241	0.00970	0.00679	0.00196	0.00521	0.00871	0.00551	0.04290
92	0.05631	0.24769	0.08274	0.01560	0.12062	0.01684	0.01222	0.05517	0.10942	0.06678	0.01352	0.01454	0.01067	0.00609	0.00523	0.00162	0.00634	0.00470	0.00402	0.14988
93	0.05552	0.05091	0.10126	0.05418	0.15008	0.01230	0.03900	0.02053	0.07705	0.13647	0.11906	0.02344	0.05857	0.00787	0.00623	0.00189	0.00610	0.00675	0.00487	0.06793
94	0.05348	0.07254	0.06638	0.01959	0.20350	0.03643	0.05129	0.04132	0.13562	0.08944	0.07982	0.03521	0.01672	0.00732	0.00611	0.00187	0.00644	0.00634	0.00465	0.06593
95	0.05411	0.03295	0.02095	0.08793	0.30433	0.05549	0.05385	0.10380	0.05278	0.03808	0.04926	0.01847	0.03449	0.00679	0.00617	0.00187	0.00710	0.00600	0.00411	0.06150
96	0.01694	0.05334	0.06072	0.02657	0.39863	0.03641	0.03178	0.06646	0.03285	0.10094	0.05658	0.02042	0.05594	0.00714	0.00633	0.00190	0.00695	0.00638	0.00428	0.00943
97	0.03306	0.06157	0.10816	0.06534	0.30324	0.05661	0.01561	0.07298	0.03402	0.09054	0.05390	0.01821	0.02865	0.00682	0.00612	0.00188	0.00723	0.00583	0.00412	0.02614

[dist]
# distance from previous block
# <min> <max>
0	29

# created by:
# /home/cegg/simao/soft/augustus-3.2.1/scripts/msa2prfl.pl ./align_prep/EOG090W0EBA.fa
