[name]
unknown

[dist]
# distance from previous block
# <min> <max>
0	17

[block]
# block no. 0 follows, 34 sequences, length 6
# corresponding to MSA columns:
# 18-23
name=unknown_A
#
# <colnr> <probs for GDERKNQSTAVLIFYWHMCP>
#	G	D	E	R	K	N	Q	S	T	A	V	L	I	F	Y	W	H	M	C	P
0	0.07634	0.01395	0.01618	0.09980	0.05894	0.05411	0.01142	0.20419	0.06545	0.20668	0.01924	0.06442	0.01517	0.03652	0.00741	0.00221	0.00662	0.02632	0.00579	0.00925
1	0.04542	0.01331	0.01361	0.07224	0.01722	0.10977	0.00974	0.10033	0.09031	0.13796	0.02487	0.14289	0.07166	0.04460	0.00792	0.00230	0.00630	0.04581	0.00558	0.03815
2	0.01143	0.00857	0.01014	0.01093	0.05047	0.03616	0.00744	0.05765	0.01549	0.06295	0.12866	0.37685	0.16683	0.01572	0.00763	0.00231	0.00441	0.01383	0.00604	0.00648
3	0.03118	0.00936	0.01090	0.01084	0.04439	0.04305	0.00765	0.01708	0.04568	0.14621	0.10298	0.20173	0.06648	0.07240	0.02705	0.00260	0.00516	0.02477	0.07935	0.05114
4	0.01193	0.01061	0.01677	0.34198	0.10434	0.01171	0.04412	0.01584	0.05461	0.01764	0.01930	0.14379	0.04777	0.05174	0.00896	0.03421	0.00695	0.00844	0.00389	0.04541
5	0.01556	0.02954	0.01429	0.01316	0.05642	0.03359	0.03497	0.18493	0.05063	0.06527	0.02270	0.24933	0.02266	0.08539	0.01026	0.03923	0.00583	0.01006	0.04858	0.00759

[dist]
# distance from previous block
# <min> <max>
4	8

[block]
# block no. 1 follows, 34 sequences, length 24
# corresponding to MSA columns:
# 32-55
name=unknown_B
#
# <colnr> <probs for GDERKNQSTAVLIFYWHMCP>
#	G	D	E	R	K	N	Q	S	T	A	V	L	I	F	Y	W	H	M	C	P
0	0.03739	0.01060	0.01160	0.01134	0.04696	0.06955	0.02175	0.07855	0.01651	0.07475	0.16434	0.16382	0.18262	0.06992	0.00912	0.00244	0.00517	0.01093	0.00577	0.00686
1	0.03411	0.01378	0.01320	0.04130	0.04630	0.15334	0.00948	0.07198	0.08788	0.06359	0.05792	0.13601	0.08035	0.08716	0.03810	0.00285	0.00699	0.04319	0.00516	0.00730
2	0.04691	0.01143	0.01430	0.03903	0.03961	0.01162	0.04259	0.17974	0.04658	0.09179	0.09891	0.09394	0.04185	0.10023	0.00967	0.00247	0.00570	0.00824	0.04607	0.06932
3	0.03304	0.01525	0.08980	0.01212	0.01561	0.11855	0.03139	0.05886	0.09285	0.04152	0.13267	0.09196	0.08151	0.04738	0.00891	0.04516	0.00631	0.00833	0.00503	0.06378
4	0.03603	0.01519	0.01834	0.01459	0.01872	0.10979	0.13943	0.14156	0.05464	0.04493	0.04616	0.08106	0.05149	0.05025	0.02255	0.00228	0.00739	0.00750	0.00480	0.13330
5	0.01436	0.01412	0.01513	0.10635	0.04660	0.14331	0.04404	0.04539	0.12329	0.02066	0.12185	0.10905	0.08818	0.03367	0.00797	0.00220	0.02316	0.00880	0.00496	0.02688
6	0.01278	0.01222	0.02109	0.64028	0.12097	0.01457	0.05299	0.01709	0.01324	0.01723	0.01164	0.01710	0.00885	0.00633	0.00651	0.00213	0.00862	0.00584	0.00293	0.00760
7	0.11819	0.03180	0.01636	0.03555	0.01809	0.16329	0.02818	0.22282	0.08457	0.06654	0.02955	0.04577	0.01347	0.00976	0.04174	0.00232	0.00773	0.00598	0.03017	0.02813
8	0.00839	0.00636	0.00705	0.00716	0.00838	0.00576	0.00486	0.00962	0.01321	0.01680	0.12550	0.13431	0.35370	0.25246	0.01558	0.00349	0.00423	0.01262	0.00548	0.00503
9	0.04730	0.01471	0.01720	0.01378	0.01764	0.01630	0.03626	0.35387	0.11122	0.10538	0.01723	0.01950	0.01329	0.07293	0.01078	0.03761	0.07353	0.00634	0.00574	0.00938
10	0.01182	0.00949	0.01112	0.01151	0.04029	0.00997	0.00812	0.06353	0.22947	0.02211	0.07302	0.34429	0.11014	0.01454	0.00745	0.00234	0.00444	0.01279	0.00616	0.00740
11	0.01960	0.01511	0.01609	0.01329	0.01734	0.01693	0.01056	0.36349	0.30477	0.03257	0.02039	0.02123	0.01561	0.06440	0.00838	0.00234	0.00610	0.00668	0.03514	0.00999
12	0.02086	0.01460	0.01615	0.05103	0.06230	0.09164	0.01095	0.16439	0.04003	0.21157	0.01811	0.02059	0.01368	0.00760	0.00616	0.00181	0.00655	0.04566	0.04609	0.15025
13	0.01559	0.01205	0.01777	0.05191	0.09604	0.01178	0.10716	0.04199	0.13992	0.11411	0.12101	0.02611	0.07171	0.00887	0.00731	0.02895	0.00602	0.00754	0.00532	0.10883
14	0.01656	0.01374	0.01458	0.05156	0.06972	0.12431	0.01046	0.10883	0.07428	0.09751	0.06118	0.25414	0.02423	0.01182	0.00754	0.00219	0.03395	0.00999	0.00549	0.00793
15	0.01436	0.01450	0.02078	0.21284	0.05287	0.11142	0.16987	0.04052	0.01448	0.01845	0.01590	0.08386	0.01460	0.04057	0.05539	0.00284	0.03667	0.04168	0.03108	0.00732
16	0.00786	0.00604	0.00720	0.00799	0.00914	0.00538	0.00558	0.00930	0.01366	0.01745	0.09026	0.44833	0.31206	0.01829	0.00797	0.00241	0.00352	0.01611	0.00607	0.00538
17	0.01571	0.01506	0.02572	0.09327	0.68122	0.01528	0.01969	0.01958	0.01458	0.02077	0.01210	0.01608	0.01011	0.00581	0.00640	0.00194	0.00775	0.00576	0.00317	0.01001
18	0.01328	0.03121	0.64240	0.01964	0.02877	0.01519	0.11869	0.02049	0.01386	0.02049	0.01180	0.01417	0.00841	0.00604	0.00634	0.00206	0.00974	0.00517	0.00280	0.00943
19	0.00779	0.00650	0.00679	0.00682	0.00885	0.00550	0.00507	0.00953	0.01493	0.01818	0.12475	0.09741	0.63317	0.01628	0.00767	0.00219	0.00328	0.01370	0.00610	0.00550
20	0.01230	0.01443	0.11768	0.20135	0.08659	0.01354	0.05375	0.01588	0.01339	0.01867	0.11431	0.02497	0.07282	0.04595	0.01104	0.00244	0.16240	0.00731	0.00377	0.00740
21	0.01259	0.02735	0.55204	0.01778	0.05180	0.01368	0.04142	0.01947	0.03990	0.02095	0.07673	0.06696	0.01564	0.00775	0.00648	0.00209	0.00840	0.00649	0.00350	0.00899
22	0.01560	0.01734	0.11413	0.09599	0.23661	0.06980	0.01566	0.09577	0.07103	0.02280	0.08922	0.02127	0.04686	0.00795	0.00738	0.00204	0.05084	0.00658	0.00424	0.00890
23	0.01453	0.01693	0.11318	0.04972	0.26877	0.01466	0.21828	0.02072	0.09318	0.02142	0.05030	0.05858	0.01507	0.00720	0.00690	0.00209	0.00815	0.00731	0.00387	0.00915

[dist]
# distance from previous block
# <min> <max>
0	1

[block]
# block no. 2 follows, 34 sequences, length 23
# corresponding to MSA columns:
# 57-79
name=unknown_C
#
# <colnr> <probs for GDERKNQSTAVLIFYWHMCP>
#	G	D	E	R	K	N	Q	S	T	A	V	L	I	F	Y	W	H	M	C	P
0	0.01425	0.05538	0.43444	0.01778	0.05732	0.05399	0.06759	0.02048	0.04004	0.04882	0.11152	0.01925	0.01640	0.00722	0.00639	0.00200	0.00836	0.00605	0.00377	0.00896
1	0.40677	0.08490	0.04468	0.01449	0.08634	0.20676	0.01087	0.04225	0.01415	0.02361	0.00987	0.01160	0.00794	0.00617	0.00488	0.00185	0.00741	0.00401	0.00366	0.00778
2	0.04071	0.16242	0.02230	0.01909	0.14037	0.38715	0.01327	0.08789	0.03455	0.01953	0.01106	0.01279	0.00913	0.00644	0.00565	0.00170	0.00936	0.00452	0.00359	0.00849
3	0.01818	0.01849	0.08975	0.01644	0.09105	0.15949	0.01260	0.06917	0.24615	0.08706	0.10523	0.02197	0.01948	0.00818	0.00648	0.00199	0.00703	0.00664	0.00538	0.00923
4	0.00906	0.00696	0.00903	0.03199	0.02964	0.00686	0.00715	0.01205	0.07537	0.01814	0.06643	0.54290	0.09911	0.01772	0.00795	0.00250	0.00412	0.04113	0.00593	0.00595
5	0.00982	0.00876	0.03732	0.00873	0.01114	0.00776	0.00700	0.01490	0.12612	0.02279	0.35027	0.04822	0.29601	0.01339	0.00741	0.00211	0.00370	0.01144	0.00645	0.00664
6	0.00815	0.00649	0.00720	0.00719	0.00893	0.00573	0.00526	0.00993	0.01472	0.01862	0.19119	0.09943	0.47336	0.07526	0.03733	0.00280	0.00401	0.01296	0.00597	0.00546
7	0.01491	0.02765	0.50390	0.03969	0.07218	0.01564	0.05865	0.12525	0.01623	0.02333	0.01248	0.01474	0.00909	0.00762	0.02880	0.00229	0.00934	0.00524	0.00338	0.00959
8	0.49382	0.01188	0.01176	0.00973	0.01414	0.01244	0.00803	0.02413	0.01408	0.32022	0.01578	0.01522	0.01070	0.00682	0.00503	0.00200	0.00520	0.00473	0.00564	0.00864
9	0.01222	0.04270	0.10535	0.01657	0.15660	0.01030	0.03637	0.01600	0.01670	0.04881	0.41891	0.03403	0.03885	0.01009	0.00702	0.00199	0.00529	0.00900	0.00551	0.00770
10	0.01330	0.03369	0.01261	0.03318	0.01429	0.15857	0.00879	0.04211	0.06610	0.01825	0.05179	0.03469	0.27055	0.01880	0.15086	0.00366	0.04866	0.00869	0.00471	0.00671
11	0.01080	0.00823	0.01123	0.04463	0.08932	0.00797	0.00829	0.04026	0.01693	0.04136	0.40366	0.10510	0.14157	0.01371	0.02611	0.00230	0.00446	0.01116	0.00616	0.00673
12	0.01540	0.08070	0.09819	0.01221	0.03194	0.01212	0.02313	0.09183	0.01578	0.06073	0.05155	0.03802	0.01353	0.00643	0.00549	0.00143	0.00584	0.00521	0.00433	0.42614
13	0.02177	0.09481	0.02244	0.01554	0.02066	0.01961	0.08190	0.49985	0.02518	0.03382	0.01404	0.01500	0.01040	0.00731	0.00698	0.00190	0.04459	0.00564	0.00545	0.05311
14	0.08502	0.04188	0.06145	0.01337	0.09542	0.01082	0.01005	0.01738	0.01351	0.03861	0.01370	0.01544	0.03754	0.00564	0.00511	0.00131	0.00547	0.00451	0.00385	0.51990
15	0.01384	0.01371	0.01924	0.57244	0.09705	0.09821	0.01681	0.01742	0.01345	0.01653	0.01135	0.01661	0.00885	0.00728	0.00739	0.04534	0.00872	0.00555	0.00295	0.00723
16	0.01814	0.07065	0.30384	0.01677	0.06017	0.01512	0.04324	0.11326	0.08158	0.15828	0.04431	0.01784	0.01333	0.00713	0.00629	0.00199	0.00759	0.00582	0.00478	0.00986
17	0.03333	0.09125	0.08226	0.01466	0.04429	0.09699	0.02788	0.10442	0.01556	0.04336	0.01181	0.01422	0.00965	0.00866	0.04045	0.00212	0.12539	0.00481	0.00382	0.22508
18	0.01046	0.00888	0.01309	0.08882	0.05836	0.02580	0.05837	0.01319	0.03963	0.01672	0.02366	0.31108	0.02555	0.10161	0.16973	0.00452	0.00841	0.01140	0.00451	0.00620
19	0.00898	0.00794	0.04832	0.01070	0.01201	0.00666	0.03416	0.01094	0.01295	0.01730	0.03269	0.53599	0.03789	0.04374	0.00908	0.00277	0.00485	0.15167	0.00564	0.00570
20	0.00820	0.00602	0.00772	0.00862	0.00952	0.00554	0.00606	0.00985	0.01395	0.01858	0.17461	0.50232	0.13906	0.01824	0.00807	0.00246	0.00364	0.04584	0.00621	0.00547
21	0.04748	0.01532	0.02463	0.10039	0.52343	0.04073	0.06417	0.01953	0.01448	0.02078	0.01191	0.01566	0.00982	0.00578	0.00627	0.00189	0.00783	0.00561	0.00325	0.06104
22	0.01837	0.01683	0.07787	0.01459	0.01908	0.10740	0.07920	0.07858	0.15934	0.13901	0.04655	0.06954	0.01672	0.00839	0.00707	0.00198	0.03675	0.00697	0.00529	0.09049

[dist]
# distance from previous block
# <min> <max>
0	20

[block]
# block no. 3 follows, 34 sequences, length 65
# corresponding to MSA columns:
# 100-116,127-167,188-194
name=unknown_D
#
# <colnr> <probs for GDERKNQSTAVLIFYWHMCP>
#	G	D	E	R	K	N	Q	S	T	A	V	L	I	F	Y	W	H	M	C	P
0	0.11526	0.09710	0.16030	0.01774	0.09353	0.16664	0.04517	0.05124	0.03007	0.03395	0.02597	0.01415	0.01002	0.00693	0.00735	0.00195	0.08879	0.00494	0.00355	0.02536
1	0.01836	0.01636	0.04848	0.05902	0.21229	0.05729	0.02916	0.20314	0.11013	0.05787	0.06013	0.01878	0.01475	0.00727	0.00640	0.00192	0.00705	0.00616	0.00496	0.06048
2	0.29192	0.03545	0.05076	0.07932	0.17246	0.03858	0.04291	0.07144	0.05969	0.03858	0.01215	0.01436	0.00947	0.00648	0.00605	0.00199	0.03351	0.00498	0.00397	0.02594
3	0.01877	0.01034	0.01374	0.01363	0.10588	0.00974	0.00906	0.06149	0.03081	0.28024	0.07878	0.02708	0.02001	0.17476	0.01209	0.00283	0.00562	0.00724	0.05994	0.05794
4	0.01204	0.00602	0.00602	0.00602	0.00753	0.00602	0.00452	0.01506	0.01355	0.02409	0.02108	0.02409	0.01656	0.00753	0.00452	0.00151	0.00301	0.00602	0.80879	0.00602
5	0.01336	0.01087	0.01265	0.00967	0.01446	0.00900	0.00769	0.05576	0.03083	0.03844	0.02007	0.02147	0.10663	0.01028	0.06666	0.00201	0.00578	0.00565	0.00440	0.55432
6	0.00954	0.01112	0.12363	0.01149	0.01417	0.00783	0.05311	0.01244	0.01410	0.01906	0.12734	0.34769	0.12107	0.01545	0.00779	0.00241	0.00518	0.08477	0.00546	0.00635
7	0.01204	0.00602	0.00602	0.00602	0.00753	0.00602	0.00452	0.01506	0.01355	0.02409	0.02108	0.02409	0.01656	0.00753	0.00452	0.00151	0.00301	0.00602	0.80879	0.00602
8	0.02331	0.01441	0.01892	0.04948	0.02076	0.01485	0.08277	0.24719	0.13425	0.29348	0.02050	0.01957	0.01401	0.00771	0.00661	0.00204	0.00665	0.00649	0.00655	0.01046
9	0.01438	0.01053	0.01187	0.01124	0.01351	0.02842	0.00838	0.16353	0.13061	0.06643	0.02863	0.42636	0.02987	0.01469	0.00744	0.00235	0.00498	0.01288	0.00624	0.00766
10	0.51242	0.06362	0.05376	0.01356	0.05148	0.10149	0.08152	0.02011	0.01274	0.02491	0.00982	0.01177	0.00774	0.00599	0.00482	0.00194	0.00687	0.00417	0.00366	0.00760
11	0.00794	0.00571	0.00754	0.00888	0.00937	0.00530	0.00597	0.00920	0.01279	0.01708	0.07796	0.70597	0.06290	0.01971	0.00819	0.00258	0.00369	0.01784	0.00606	0.00530
12	0.01838	0.46861	0.10121	0.01373	0.01907	0.15822	0.03218	0.06168	0.01511	0.01753	0.00992	0.01158	0.00850	0.00614	0.00551	0.00161	0.03546	0.00406	0.00310	0.00840
13	0.00828	0.00651	0.00748	0.00736	0.00915	0.00571	0.00547	0.01047	0.01606	0.02092	0.34012	0.10179	0.40704	0.01530	0.00767	0.00215	0.00321	0.01313	0.00646	0.00571
14	0.01577	0.01512	0.02582	0.08232	0.69172	0.01529	0.01972	0.01963	0.01461	0.02084	0.01211	0.01607	0.01014	0.00580	0.00640	0.00193	0.00773	0.00576	0.00318	0.01005
15	0.01414	0.01414	0.01979	0.01696	0.01696	0.01979	0.01414	0.01555	0.00990	0.01555	0.00848	0.01414	0.00848	0.01131	0.02120	0.00283	0.76110	0.00565	0.00283	0.00707
16	0.01607	0.01388	0.01461	0.01315	0.01680	0.01607	0.01023	0.03433	0.72094	0.02703	0.02630	0.02411	0.01972	0.00877	0.00657	0.00219	0.00511	0.00731	0.00657	0.01023
17	0.01727	0.77681	0.03386	0.01106	0.01658	0.02557	0.01106	0.01935	0.01313	0.01520	0.00898	0.01036	0.00829	0.00553	0.00415	0.00138	0.00691	0.00345	0.00276	0.00829
18	0.00896	0.00660	0.00838	0.00794	0.00954	0.00602	0.00595	0.01184	0.01786	0.02488	0.64862	0.04995	0.14220	0.01359	0.00762	0.00205	0.00308	0.01192	0.00698	0.00602
19	0.00803	0.00583	0.00792	0.03548	0.01061	0.00557	0.00642	0.00926	0.01239	0.01649	0.03476	0.74212	0.04153	0.01976	0.00818	0.00261	0.00392	0.01792	0.00589	0.00532
20	0.00764	0.00655	0.00655	0.00655	0.00873	0.00545	0.00491	0.00927	0.01473	0.01745	0.06546	0.06218	0.73000	0.01636	0.00764	0.00218	0.00327	0.01364	0.00600	0.00545
21	0.00789	0.00576	0.00743	0.00869	0.00931	0.00530	0.00588	0.00914	0.01285	0.01694	0.06355	0.66282	0.12159	0.01955	0.00816	0.00255	0.00367	0.01759	0.00604	0.00530
22	0.02313	0.01756	0.02022	0.04106	0.10753	0.01929	0.01338	0.60526	0.02793	0.03758	0.01498	0.01562	0.01082	0.00747	0.00646	0.00194	0.00723	0.00581	0.00595	0.01078
23	0.01525	0.01743	0.03813	0.02723	0.03377	0.01634	0.70915	0.02070	0.01525	0.02070	0.01307	0.01743	0.00980	0.00545	0.00763	0.00218	0.01089	0.00763	0.00327	0.00871
24	0.00936	0.00641	0.00778	0.00778	0.00803	0.00666	0.00482	0.00986	0.00961	0.01307	0.01969	0.03860	0.02189	0.61490	0.18873	0.00716	0.00867	0.00886	0.00382	0.00432
25	0.00895	0.00672	0.00834	0.00848	0.00986	0.00633	0.00615	0.01209	0.05769	0.02183	0.37613	0.27636	0.14567	0.01561	0.00776	0.00225	0.00342	0.01381	0.00657	0.00598
26	0.01358	0.07834	0.01995	0.56753	0.03753	0.04169	0.01613	0.01946	0.10753	0.01777	0.01319	0.01735	0.01006	0.00669	0.00625	0.00207	0.00811	0.00570	0.00337	0.00769
27	0.02228	0.01712	0.01937	0.01576	0.04515	0.01923	0.01256	0.55685	0.02619	0.03563	0.01424	0.01524	0.01055	0.00800	0.00833	0.00200	0.10728	0.00569	0.00572	0.05280
28	0.01741	0.56227	0.10422	0.03588	0.01962	0.10858	0.03766	0.02018	0.01386	0.01605	0.00959	0.01131	0.00835	0.00575	0.00474	0.00154	0.00793	0.00389	0.00285	0.00831
29	0.75063	0.01237	0.00997	0.00876	0.01284	0.01406	0.00721	0.02007	0.01164	0.08991	0.01042	0.01149	0.00777	0.00617	0.00421	0.00200	0.00504	0.00376	0.00434	0.00734
30	0.03610	0.01108	0.08475	0.01140	0.07352	0.00963	0.00888	0.05813	0.03672	0.02437	0.01838	0.02107	0.01437	0.00738	0.00561	0.00171	0.03150	0.00582	0.53237	0.00724
31	0.00971	0.00712	0.00949	0.01070	0.01220	0.00690	0.00904	0.01231	0.01471	0.01894	0.05523	0.13046	0.15055	0.01771	0.00863	0.00279	0.00526	0.50645	0.00599	0.00581
32	0.00825	0.00592	0.00805	0.00941	0.00997	0.00572	0.00663	0.00967	0.01246	0.01666	0.03389	0.63327	0.03988	0.02242	0.07190	0.00333	0.00514	0.08629	0.00577	0.00537
33	0.01359	0.01210	0.01594	0.01138	0.01721	0.00941	0.07972	0.01672	0.01359	0.02102	0.01165	0.01381	0.00959	0.00485	0.00508	0.00108	0.00541	0.00422	0.00377	0.72986
34	0.01248	0.01177	0.01988	0.70505	0.09468	0.01443	0.01808	0.01675	0.01305	0.01684	0.01153	0.01714	0.00873	0.00641	0.00646	0.00214	0.00854	0.00574	0.00289	0.00740
35	0.01323	0.01315	0.01929	0.69366	0.04239	0.07739	0.01747	0.01731	0.01338	0.01645	0.01136	0.01675	0.00859	0.00648	0.00641	0.00211	0.00887	0.00561	0.00291	0.00720
36	0.00891	0.08568	0.00974	0.00730	0.00971	0.00764	0.00576	0.01085	0.01522	0.01879	0.18235	0.05429	0.53219	0.01467	0.00728	0.00207	0.00360	0.01223	0.00587	0.00586
37	0.01520	0.01313	0.01378	0.01247	0.01597	0.01498	0.00968	0.03176	0.64840	0.02605	0.03032	0.02802	0.09269	0.00955	0.00668	0.00219	0.00492	0.00796	0.00652	0.00974
38	0.81856	0.01250	0.00950	0.00850	0.01250	0.01449	0.00700	0.01899	0.01100	0.02899	0.00900	0.01050	0.00700	0.00600	0.00400	0.00200	0.00500	0.00350	0.00400	0.00700
39	0.00785	0.00572	0.00740	0.00875	0.00931	0.00527	0.00589	0.00903	0.01261	0.01659	0.03868	0.69613	0.11333	0.01984	0.00818	0.00258	0.00370	0.01788	0.00600	0.00527
40	0.01204	0.00602	0.00602	0.00602	0.00753	0.00602	0.00452	0.01506	0.01355	0.02409	0.02108	0.02409	0.01656	0.00753	0.00452	0.00151	0.00301	0.00602	0.80879	0.00602
41	0.01535	0.01454	0.02240	0.27176	0.35364	0.05321	0.03019	0.03994	0.01446	0.03486	0.01221	0.01655	0.00986	0.00796	0.03365	0.00234	0.04926	0.00576	0.00329	0.00876
42	0.01267	0.08932	0.01729	0.27442	0.09781	0.02978	0.01253	0.01661	0.06939	0.01861	0.11957	0.06578	0.06081	0.01016	0.00816	0.07173	0.00650	0.00759	0.00415	0.00712
43	0.01525	0.01743	0.03813	0.02723	0.03377	0.01634	0.70915	0.02070	0.01525	0.02070	0.01307	0.01743	0.00980	0.00545	0.00763	0.00218	0.01089	0.00763	0.00327	0.00871
44	0.01463	0.01635	0.03528	0.02550	0.03149	0.01549	0.63713	0.01976	0.01475	0.02011	0.01351	0.01825	0.01046	0.00987	0.08361	0.00302	0.01155	0.00755	0.00329	0.00841
45	0.03724	0.01410	0.02417	0.27897	0.43985	0.01505	0.05981	0.01874	0.01404	0.01976	0.01189	0.01634	0.00957	0.00598	0.00642	0.00202	0.00811	0.00580	0.00312	0.00903
46	0.01323	0.01223	0.02024	0.44314	0.24903	0.01387	0.01714	0.03509	0.01387	0.01854	0.01427	0.09400	0.01267	0.00770	0.00662	0.00212	0.00779	0.00705	0.00339	0.00801
47	0.00879	0.00683	0.00816	0.00852	0.01036	0.00620	0.00685	0.01112	0.01547	0.01969	0.18488	0.06281	0.38421	0.01621	0.00803	0.00240	0.00406	0.22348	0.00620	0.00573
48	0.31135	0.01474	0.01648	0.01687	0.15135	0.01607	0.01145	0.23814	0.05533	0.08921	0.01389	0.01476	0.01026	0.00681	0.00556	0.00198	0.00621	0.00510	0.00508	0.00936
49	0.01858	0.01526	0.01684	0.01705	0.12709	0.08972	0.01170	0.17447	0.20382	0.08843	0.04362	0.02258	0.05679	0.01179	0.07027	0.00272	0.00753	0.00682	0.00554	0.00939
50	0.00884	0.00631	0.00861	0.01010	0.01090	0.00608	0.00768	0.01067	0.01332	0.01758	0.03508	0.50367	0.04062	0.01933	0.00851	0.00276	0.00459	0.27386	0.00598	0.00552
51	0.01061	0.00697	0.00884	0.00816	0.01009	0.00629	0.00620	0.01338	0.01773	0.08573	0.56103	0.04826	0.16559	0.01327	0.00753	0.00205	0.00330	0.01156	0.00701	0.00641
52	0.01798	0.01418	0.07729	0.01322	0.01743	0.01339	0.03288	0.10244	0.28747	0.17099	0.02374	0.06683	0.03313	0.01309	0.08276	0.00298	0.00711	0.00752	0.00605	0.00950
53	0.01041	0.00744	0.01041	0.01190	0.01339	0.00744	0.01041	0.01339	0.01487	0.01934	0.03421	0.07288	0.03719	0.01785	0.00892	0.00297	0.00595	0.68913	0.00595	0.00595
54	0.02899	0.01100	0.01499	0.01150	0.01649	0.00950	0.00950	0.03149	0.01849	0.73709	0.02549	0.02199	0.01599	0.00800	0.00650	0.00200	0.00550	0.00650	0.00800	0.01100
55	0.01520	0.01678	0.03419	0.02495	0.03056	0.01668	0.57648	0.02133	0.07541	0.02070	0.01373	0.01766	0.01052	0.00634	0.00895	0.00225	0.08870	0.00739	0.00351	0.00867
56	0.01513	0.01454	0.02435	0.16433	0.53735	0.01563	0.01891	0.01880	0.01390	0.01972	0.01166	0.01602	0.00977	0.00645	0.00793	0.00205	0.08524	0.00574	0.00310	0.00937
57	0.02843	0.01190	0.01555	0.01192	0.01694	0.01083	0.00985	0.11752	0.02000	0.64893	0.02423	0.02117	0.01536	0.00797	0.00649	0.00199	0.00570	0.00641	0.00780	0.01100
58	0.81856	0.01250	0.00950	0.00850	0.01250	0.01449	0.00700	0.01899	0.01100	0.02899	0.00900	0.01050	0.00700	0.00600	0.00400	0.00200	0.00500	0.00350	0.00400	0.00700
59	0.00786	0.00568	0.00744	0.00885	0.00933	0.00526	0.00593	0.00901	0.01251	0.01655	0.03739	0.72671	0.08358	0.02001	0.00821	0.00260	0.00372	0.01809	0.00600	0.00526
60	0.00975	0.00706	0.00960	0.01096	0.01232	0.00690	0.00921	0.01231	0.01445	0.01870	0.03713	0.18701	0.09771	0.01812	0.00870	0.00285	0.00536	0.52011	0.00596	0.00579
61	0.01513	0.01318	0.01393	0.01093	0.01541	0.07351	0.00866	0.08379	0.01545	0.04394	0.01789	0.06269	0.07119	0.00762	0.00656	0.00146	0.05279	0.00592	0.00442	0.47552
62	0.07316	0.02448	0.01744	0.01635	0.06099	0.48501	0.01190	0.08380	0.01853	0.09327	0.01469	0.01557	0.04278	0.00724	0.00595	0.00178	0.00959	0.00504	0.00424	0.00819
63	0.00930	0.00734	0.00990	0.01164	0.07583	0.00672	0.00747	0.01105	0.01314	0.01780	0.05557	0.47191	0.11909	0.01761	0.03437	0.00261	0.00467	0.02981	0.00546	0.08870
64	0.06909	0.01339	0.01496	0.01400	0.07477	0.06786	0.01007	0.06610	0.15765	0.23786	0.02104	0.08404	0.01671	0.03252	0.00710	0.00208	0.00594	0.00703	0.00590	0.09188

[dist]
# distance from previous block
# <min> <max>
0	4

[block]
# block no. 4 follows, 34 sequences, length 7
# corresponding to MSA columns:
# 199-205
name=unknown_E
#
# <colnr> <probs for GDERKNQSTAVLIFYWHMCP>
#	G	D	E	R	K	N	Q	S	T	A	V	L	I	F	Y	W	H	M	C	P
0	0.01439	0.01691	0.12846	0.18013	0.32549	0.03509	0.03483	0.01964	0.06148	0.01968	0.01317	0.01706	0.01060	0.00970	0.06543	0.00270	0.02720	0.00580	0.00331	0.00895
1	0.01289	0.01176	0.01801	0.07322	0.35739	0.01129	0.01357	0.01594	0.01422	0.01965	0.02503	0.08624	0.15426	0.00929	0.00664	0.00193	0.00608	0.03093	0.00413	0.12753
2	0.01518	0.42368	0.06009	0.01129	0.01563	0.01840	0.01067	0.08093	0.01564	0.01993	0.12094	0.07423	0.02165	0.00917	0.00575	0.00181	0.00618	0.07671	0.00430	0.00783
3	0.01408	0.01302	0.01345	0.01026	0.01533	0.08453	0.00803	0.01669	0.01383	0.02016	0.01320	0.07170	0.01201	0.00618	0.00516	0.00116	0.00541	0.00499	0.00394	0.66688
4	0.01693	0.05696	0.12861	0.04825	0.28490	0.06524	0.03182	0.14491	0.05218	0.02367	0.01493	0.07506	0.01282	0.00754	0.00640	0.00198	0.00775	0.00651	0.00408	0.00946
5	0.01453	0.01455	0.02230	0.15427	0.25823	0.07230	0.10828	0.01850	0.03740	0.01858	0.01351	0.03573	0.01159	0.01312	0.11761	0.00333	0.06817	0.00640	0.00335	0.00825
6	0.01276	0.01237	0.02161	0.58002	0.04021	0.01412	0.11951	0.01711	0.01331	0.01755	0.01172	0.01690	0.00888	0.00615	0.00648	0.00205	0.00860	0.00584	0.00302	0.08179

[dist]
# distance from previous block
# <min> <max>
0	2

[block]
# block no. 5 follows, 34 sequences, length 15
# corresponding to MSA columns:
# 208-222
name=unknown_F
#
# <colnr> <probs for GDERKNQSTAVLIFYWHMCP>
#	G	D	E	R	K	N	Q	S	T	A	V	L	I	F	Y	W	H	M	C	P
0	0.01093	0.00645	0.00949	0.00931	0.00954	0.00704	0.00658	0.00954	0.00895	0.01231	0.01264	0.02137	0.01254	0.05756	0.17058	0.56601	0.05642	0.00603	0.00298	0.00372
1	0.01520	0.01461	0.02449	0.15230	0.55095	0.01564	0.01896	0.01887	0.01394	0.01982	0.01168	0.01600	0.00980	0.00642	0.00789	0.00205	0.08311	0.00574	0.00311	0.00943
2	0.01555	0.01414	0.02387	0.07655	0.59668	0.01437	0.01819	0.01922	0.01431	0.04502	0.01309	0.01721	0.01093	0.01014	0.08043	0.00278	0.00862	0.00590	0.00337	0.00964
3	0.01018	0.00767	0.00825	0.00830	0.00875	0.04851	0.00530	0.01075	0.01044	0.01378	0.02061	0.10946	0.02292	0.50324	0.13637	0.02704	0.00789	0.00943	0.02655	0.00456
4	0.02286	0.02837	0.01955	0.02025	0.13168	0.63230	0.01364	0.02487	0.01775	0.01664	0.01033	0.01233	0.00862	0.00652	0.00592	0.00170	0.01103	0.00441	0.00331	0.00792
5	0.01716	0.01455	0.01870	0.02170	0.24618	0.01589	0.01343	0.07975	0.41713	0.05298	0.02094	0.02079	0.01590	0.00770	0.00651	0.00208	0.00610	0.00667	0.00554	0.01032
6	0.00923	0.00692	0.01038	0.01038	0.01154	0.00808	0.00808	0.01154	0.01038	0.01500	0.01731	0.02538	0.01615	0.04846	0.74732	0.01038	0.01731	0.00692	0.00346	0.00577
7	0.00933	0.00651	0.00830	0.00830	0.00873	0.00694	0.00547	0.01020	0.00977	0.01345	0.01922	0.03596	0.02074	0.50173	0.30032	0.00781	0.01040	0.00847	0.00375	0.00461
8	0.01596	0.61907	0.02875	0.01075	0.01529	0.04513	0.01009	0.01778	0.01297	0.01519	0.01266	0.09558	0.01304	0.05637	0.00649	0.00184	0.00667	0.00549	0.00321	0.00765
9	0.01296	0.03342	0.73944	0.01842	0.02797	0.01501	0.02387	0.02046	0.01364	0.02046	0.01160	0.01364	0.00818	0.00614	0.00614	0.00205	0.00955	0.00477	0.00273	0.00955
10	0.01928	0.10764	0.07794	0.03578	0.15535	0.09808	0.02963	0.20706	0.14207	0.04164	0.01516	0.01615	0.01157	0.00697	0.00613	0.00190	0.00762	0.00558	0.00468	0.00977
11	0.01627	0.01520	0.05669	0.01353	0.01759	0.01619	0.01111	0.06403	0.64897	0.02727	0.02496	0.02312	0.01866	0.00857	0.00654	0.00217	0.00546	0.00709	0.00635	0.01022
12	0.00772	0.00655	0.00667	0.00664	0.00878	0.00549	0.00498	0.00944	0.01493	0.01794	0.10361	0.06138	0.69154	0.01618	0.00764	0.00217	0.00326	0.01352	0.00606	0.00549
13	0.01500	0.01460	0.02040	0.09115	0.42127	0.08620	0.01520	0.01792	0.01400	0.01870	0.01492	0.02123	0.03598	0.12812	0.01050	0.00256	0.00762	0.00633	0.00343	0.05487
14	0.01358	0.02335	0.01383	0.04090	0.03163	0.00982	0.06134	0.05591	0.02748	0.09218	0.02487	0.08899	0.08956	0.03172	0.15275	0.01838	0.02250	0.06151	0.09236	0.04732

[dist]
# distance from previous block
# <min> <max>
0	40

# created by:
# /home/cegg/simao/soft/augustus-3.2.1/scripts/msa2prfl.pl ./align_prep/EOG090W0J0Y.fa
