[name]
unknown

[dist]
# distance from previous block
# <min> <max>
0	105

[block]
# block no. 0 follows, 36 sequences, length 139
# corresponding to MSA columns:
# 106-225,234-252
name=unknown_A
#
# <colnr> <probs for GDERKNQSTAVLIFYWHMCP>
#	G	D	E	R	K	N	Q	S	T	A	V	L	I	F	Y	W	H	M	C	P
0	0.00831	0.00594	0.00806	0.00950	0.01018	0.00568	0.00704	0.00992	0.01264	0.01671	0.03394	0.56843	0.03963	0.01884	0.00815	0.00263	0.00424	0.21912	0.00577	0.00526
1	0.06181	0.74162	0.03134	0.01052	0.01577	0.02406	0.01044	0.01864	0.01255	0.01540	0.00866	0.01000	0.00793	0.00536	0.00399	0.00137	0.00656	0.00333	0.00273	0.00793
2	0.01618	0.01022	0.01069	0.00904	0.01183	0.01092	0.00719	0.28212	0.01921	0.02930	0.01829	0.02010	0.01394	0.00734	0.00507	0.00161	0.00440	0.00573	0.50921	0.00762
3	0.02064	0.01429	0.01526	0.01205	0.01612	0.01560	0.00984	0.52349	0.02484	0.04988	0.01655	0.01724	0.01209	0.00743	0.00575	0.00176	0.00580	0.00567	0.21634	0.00935
4	0.00845	0.00630	0.00785	0.00757	0.00911	0.00570	0.00563	0.01100	0.01660	0.02277	0.55813	0.09015	0.20026	0.01375	0.00739	0.00202	0.00302	0.01202	0.00657	0.00570
5	0.01358	0.01184	0.01343	0.01383	0.08932	0.01299	0.00962	0.02595	0.48563	0.02344	0.04727	0.03093	0.17596	0.00984	0.00657	0.00208	0.00476	0.00831	0.00589	0.00878
6	0.01292	0.01107	0.01292	0.00923	0.01477	0.00831	0.00738	0.01569	0.01292	0.02030	0.01107	0.01292	0.00923	0.00461	0.00461	0.00092	0.00461	0.00369	0.00369	0.81912
7	0.00765	0.00546	0.00728	0.00864	0.00905	0.00510	0.00579	0.00881	0.01219	0.01631	0.06600	0.74414	0.04200	0.01922	0.00793	0.00250	0.00358	0.01742	0.00583	0.00510
8	0.01266	0.01210	0.02086	0.58150	0.18877	0.01413	0.04832	0.01677	0.01292	0.01702	0.01128	0.01637	0.00868	0.00604	0.00627	0.00203	0.00821	0.00562	0.00285	0.00760
9	0.01354	0.01338	0.01877	0.01802	0.09280	0.03322	0.01358	0.01524	0.01026	0.01551	0.00946	0.01489	0.00912	0.01394	0.09460	0.00336	0.59489	0.00556	0.00284	0.00702
10	0.57456	0.01097	0.00969	0.00859	0.01206	0.01223	0.00695	0.03586	0.01194	0.02598	0.08527	0.01573	0.01334	0.01080	0.08408	0.00271	0.00592	0.00462	0.00416	0.06452
11	0.65552	0.09384	0.01204	0.00856	0.01275	0.01452	0.00723	0.01808	0.01106	0.02576	0.00892	0.01040	0.00714	0.00561	0.00395	0.00176	0.00499	0.00340	0.00371	0.09076
12	0.00775	0.00558	0.00758	0.00884	0.00930	0.00540	0.00603	0.00898	0.01169	0.01573	0.03214	0.68318	0.03801	0.02291	0.10123	0.00346	0.00524	0.01634	0.00548	0.00512
13	0.01627	0.00982	0.01117	0.00958	0.01235	0.01042	0.00763	0.21048	0.03181	0.10282	0.01877	0.02096	0.01443	0.01428	0.13634	0.00312	0.00669	0.00598	0.34942	0.00767
14	0.00804	0.00574	0.00774	0.00919	0.00974	0.00545	0.00656	0.00945	0.01237	0.01640	0.03409	0.64828	0.04023	0.01910	0.00807	0.00259	0.00400	0.14200	0.00578	0.00518
15	0.00882	0.00637	0.00833	0.00784	0.00931	0.00588	0.00588	0.01176	0.01764	0.02499	0.73888	0.04654	0.05879	0.01274	0.00735	0.00196	0.00294	0.01127	0.00686	0.00588
16	0.01471	0.01681	0.03676	0.02626	0.03256	0.01576	0.71954	0.01996	0.01471	0.01996	0.01261	0.01681	0.00945	0.00525	0.00735	0.00210	0.01050	0.00735	0.00315	0.00840
17	0.01550	0.01338	0.01409	0.01268	0.01620	0.01550	0.00986	0.03311	0.73091	0.02606	0.02536	0.02325	0.01902	0.00845	0.00634	0.00211	0.00493	0.00704	0.00634	0.00986
18	0.01502	0.01288	0.01368	0.01233	0.01571	0.01481	0.00958	0.03159	0.68009	0.02599	0.07619	0.02491	0.02185	0.00876	0.00641	0.00210	0.00479	0.00735	0.00638	0.00958
19	0.01666	0.78478	0.03265	0.01066	0.01599	0.02465	0.01066	0.01866	0.01266	0.01466	0.00866	0.00999	0.00800	0.00533	0.00400	0.00133	0.00666	0.00333	0.00267	0.00800
20	0.00895	0.00612	0.00710	0.00710	0.00733	0.00618	0.00424	0.00927	0.00945	0.01259	0.02176	0.04016	0.06197	0.66247	0.10517	0.00623	0.00698	0.00904	0.00384	0.00404
21	0.00889	0.00602	0.00680	0.00688	0.00700	0.00595	0.00394	0.00903	0.00948	0.01253	0.02264	0.08286	0.05976	0.69999	0.02916	0.00565	0.00576	0.00975	0.00399	0.00392
22	0.00890	0.00668	0.01001	0.01001	0.01113	0.00779	0.00779	0.01113	0.01001	0.01446	0.01669	0.02448	0.01558	0.04673	0.75634	0.01001	0.01669	0.00668	0.00334	0.00556
23	0.01292	0.01107	0.01292	0.00923	0.01477	0.00831	0.00738	0.01569	0.01292	0.02030	0.01107	0.01292	0.00923	0.00461	0.00461	0.00092	0.00461	0.00369	0.00369	0.81912
24	0.00752	0.00571	0.00694	0.00792	0.00884	0.00512	0.00545	0.00876	0.01265	0.01620	0.04350	0.54865	0.26361	0.01833	0.00777	0.00239	0.00347	0.01626	0.00578	0.00512
25	0.00856	0.00636	0.00797	0.00757	0.00915	0.00577	0.00568	0.01126	0.01703	0.02354	0.61912	0.04892	0.17945	0.01328	0.00735	0.00199	0.00298	0.01160	0.00667	0.00577
26	0.01666	0.78478	0.03265	0.01066	0.01599	0.02465	0.01066	0.01866	0.01266	0.01466	0.00866	0.00999	0.00800	0.00533	0.00400	0.00133	0.00666	0.00333	0.00267	0.00800
27	0.01666	0.78478	0.03265	0.01066	0.01599	0.02465	0.01066	0.01866	0.01266	0.01466	0.00866	0.00999	0.00800	0.00533	0.00400	0.00133	0.00666	0.00333	0.00267	0.00800
28	0.01292	0.01107	0.01292	0.00923	0.01477	0.00831	0.00738	0.01569	0.01292	0.02030	0.01107	0.01292	0.00923	0.00461	0.00461	0.00092	0.00461	0.00369	0.00369	0.81912
29	0.00890	0.00668	0.01001	0.01001	0.01113	0.00779	0.00779	0.01113	0.01001	0.01446	0.01669	0.02448	0.01558	0.04673	0.75634	0.01001	0.01669	0.00668	0.00334	0.00556
30	0.01105	0.00797	0.01044	0.01111	0.01281	0.00807	0.00937	0.08545	0.01586	0.02090	0.08216	0.13756	0.04953	0.01610	0.00818	0.00265	0.00538	0.49335	0.00587	0.00617
31	0.01004	0.00717	0.01004	0.01147	0.01291	0.00717	0.01004	0.01291	0.01434	0.01865	0.03299	0.07028	0.03586	0.01721	0.00861	0.00287	0.00574	0.70023	0.00574	0.00574
32	0.82504	0.01205	0.00916	0.00819	0.01205	0.01398	0.00675	0.01832	0.01060	0.02795	0.00868	0.01012	0.00675	0.00578	0.00386	0.00193	0.00482	0.00337	0.00386	0.00675
33	0.01512	0.01660	0.09999	0.03613	0.66832	0.01477	0.01952	0.01918	0.01408	0.02029	0.01166	0.01519	0.00967	0.00559	0.00614	0.00186	0.00759	0.00545	0.00304	0.00980
34	0.00740	0.00631	0.00636	0.00635	0.00844	0.00528	0.00476	0.00901	0.01429	0.01703	0.07995	0.05963	0.72268	0.01570	0.00736	0.00210	0.00315	0.01310	0.00581	0.00528
35	0.02663	0.01090	0.01442	0.01125	0.01594	0.00983	0.00923	0.03066	0.09340	0.67014	0.02466	0.02142	0.01580	0.00779	0.00627	0.00195	0.00526	0.00635	0.00757	0.01052
36	0.01161	0.00581	0.00581	0.00581	0.00726	0.00581	0.00436	0.01452	0.01307	0.02323	0.02033	0.02323	0.01597	0.00726	0.00436	0.00145	0.00290	0.00581	0.81562	0.00581
37	0.02765	0.01067	0.01445	0.01112	0.01591	0.00931	0.00917	0.03043	0.03507	0.72907	0.02460	0.02126	0.01551	0.00773	0.00627	0.00193	0.00529	0.00628	0.00768	0.01059
38	0.02274	0.02880	0.01774	0.01607	0.01910	0.71485	0.01213	0.02433	0.01720	0.01523	0.00955	0.01137	0.00803	0.00667	0.00645	0.00167	0.05360	0.00409	0.00318	0.00720
39	0.00951	0.00709	0.00892	0.00834	0.01002	0.00687	0.00629	0.01396	0.09129	0.02510	0.66520	0.04414	0.05468	0.01230	0.00724	0.00198	0.00315	0.01083	0.00681	0.00629
40	0.00756	0.00553	0.00712	0.00840	0.00897	0.00508	0.00566	0.00871	0.01219	0.01601	0.03767	0.69400	0.12202	0.01909	0.00788	0.00248	0.00356	0.01718	0.00578	0.00508
41	0.02368	0.01745	0.01870	0.01434	0.01932	0.01932	0.01184	0.72139	0.02929	0.03927	0.01496	0.01496	0.01060	0.00748	0.00623	0.00187	0.00686	0.00561	0.00623	0.01060
42	0.06181	0.74162	0.03134	0.01052	0.01577	0.02406	0.01044	0.01864	0.01255	0.01540	0.00866	0.01000	0.00793	0.00536	0.00399	0.00137	0.00656	0.00333	0.00273	0.00793
43	0.00784	0.00561	0.00750	0.00880	0.00931	0.00526	0.00607	0.00918	0.01250	0.01673	0.08445	0.67781	0.04210	0.01888	0.00795	0.00251	0.00371	0.06276	0.00586	0.00516
44	0.00890	0.00668	0.01001	0.01001	0.01113	0.00779	0.00779	0.01113	0.01001	0.01446	0.01669	0.02448	0.01558	0.04673	0.75634	0.01001	0.01669	0.00668	0.00334	0.00556
45	0.02795	0.01060	0.01446	0.01109	0.01591	0.00916	0.00916	0.03036	0.01783	0.74648	0.02458	0.02121	0.01542	0.00771	0.00627	0.00193	0.00530	0.00627	0.00771	0.01060
46	0.00974	0.00696	0.00966	0.01090	0.01226	0.00689	0.00931	0.01249	0.01451	0.01911	0.10597	0.11818	0.03861	0.01691	0.00843	0.00275	0.00530	0.58046	0.00586	0.00570
47	0.82504	0.01205	0.00916	0.00819	0.01205	0.01398	0.00675	0.01832	0.01060	0.02795	0.00868	0.01012	0.00675	0.00578	0.00386	0.00193	0.00482	0.00337	0.00386	0.00675
48	0.00882	0.00637	0.00833	0.00784	0.00931	0.00588	0.00588	0.01176	0.01764	0.02499	0.73888	0.04654	0.05879	0.01274	0.00735	0.00196	0.00294	0.01127	0.00686	0.00588
49	0.01447	0.01234	0.01318	0.01192	0.01515	0.01405	0.00924	0.02986	0.62461	0.02570	0.11505	0.02704	0.04163	0.00917	0.00649	0.00209	0.00464	0.00772	0.00639	0.00925
50	0.01404	0.25861	0.40236	0.01605	0.02289	0.01816	0.06788	0.01892	0.01273	0.01770	0.01020	0.01250	0.00807	0.00622	0.00698	0.00187	0.08911	0.00450	0.00269	0.00853
51	0.01080	0.00591	0.00596	0.00595	0.00752	0.00571	0.00446	0.01347	0.01339	0.02216	0.04753	0.03028	0.14343	0.00890	0.00496	0.00158	0.00295	0.00724	0.65209	0.00571
52	0.01666	0.78478	0.03265	0.01066	0.01599	0.02465	0.01066	0.01866	0.01266	0.01466	0.00866	0.00999	0.00800	0.00533	0.00400	0.00133	0.00666	0.00333	0.00267	0.00800
53	0.02327	0.02970	0.01766	0.01605	0.01926	0.75602	0.01204	0.02488	0.01766	0.01525	0.00963	0.01124	0.00803	0.00642	0.00562	0.00161	0.01124	0.00401	0.00321	0.00722
54	0.00979	0.00699	0.00975	0.01119	0.01251	0.00695	0.00960	0.01247	0.01409	0.01836	0.03313	0.14325	0.03641	0.01745	0.00854	0.00283	0.00552	0.62976	0.00574	0.00567
55	0.00784	0.00560	0.00752	0.00896	0.00944	0.00528	0.00622	0.00911	0.01218	0.01619	0.03420	0.70400	0.04066	0.01928	0.00802	0.00257	0.00383	0.08819	0.00578	0.00513
56	0.01004	0.00717	0.01004	0.01147	0.01291	0.00717	0.01004	0.01291	0.01434	0.01865	0.03299	0.07028	0.03586	0.01721	0.00861	0.00287	0.00574	0.70023	0.00574	0.00574
57	0.00768	0.00568	0.00718	0.00817	0.00895	0.00518	0.00561	0.00904	0.01292	0.01701	0.11219	0.57448	0.16680	0.01816	0.00779	0.00240	0.00346	0.01624	0.00590	0.00518
58	0.00785	0.00561	0.00753	0.00897	0.00945	0.00528	0.00623	0.00912	0.01218	0.01620	0.03420	0.70208	0.04064	0.01928	0.00802	0.00257	0.00384	0.09004	0.00578	0.00513
59	0.56866	0.01197	0.01110	0.00930	0.01348	0.01300	0.00767	0.06079	0.01357	0.21935	0.01325	0.01333	0.00927	0.00639	0.00463	0.00192	0.00506	0.00427	0.00501	0.00799
60	0.00858	0.00636	0.00800	0.00759	0.00916	0.00578	0.00569	0.01130	0.01708	0.02367	0.62952	0.04871	0.16897	0.01323	0.00735	0.00198	0.00297	0.01157	0.00669	0.00578
61	0.02254	0.01678	0.01809	0.01379	0.01884	0.01815	0.01137	0.64660	0.02756	0.03726	0.01455	0.01474	0.01045	0.00718	0.00606	0.00177	0.00662	0.00541	0.00596	0.09628
62	0.01487	0.01733	0.16780	0.01374	0.01845	0.01528	0.01262	0.03031	0.58073	0.02474	0.02239	0.02113	0.01669	0.00792	0.00625	0.00208	0.00583	0.00653	0.00556	0.00973
63	0.01688	0.09386	0.02490	0.03252	0.59022	0.01522	0.01719	0.02027	0.01442	0.09672	0.01277	0.01547	0.01026	0.00576	0.00595	0.00181	0.00710	0.00540	0.00353	0.00975
64	0.01004	0.00717	0.01004	0.01147	0.01291	0.00717	0.01004	0.01291	0.01434	0.01865	0.03299	0.07028	0.03586	0.01721	0.00861	0.00287	0.00574	0.70023	0.00574	0.00574
65	0.01694	0.09520	0.01634	0.01237	0.01627	0.01623	0.00997	0.10183	0.52283	0.06621	0.02351	0.02188	0.03657	0.00818	0.00610	0.00199	0.00529	0.00663	0.00600	0.00965
66	0.01277	0.07208	0.63277	0.01648	0.02509	0.01440	0.02072	0.01925	0.01310	0.01951	0.01103	0.01295	0.00804	0.00575	0.00568	0.00183	0.00859	0.00444	0.00274	0.09277
67	0.01493	0.01642	0.09966	0.07275	0.63314	0.01472	0.01943	0.01902	0.01399	0.02007	0.01163	0.01525	0.00959	0.00562	0.00615	0.00187	0.00763	0.00545	0.00302	0.00965
68	0.01250	0.03223	0.74875	0.01776	0.02697	0.01447	0.02302	0.01973	0.01315	0.01973	0.01118	0.01315	0.00789	0.00592	0.00592	0.00197	0.00921	0.00460	0.00263	0.00921
69	0.01177	0.01107	0.01869	0.76606	0.04291	0.01384	0.01730	0.01592	0.01246	0.01592	0.01107	0.01661	0.00831	0.00623	0.00623	0.00208	0.00831	0.00554	0.00277	0.00692
70	0.01734	0.70681	0.03110	0.01122	0.01633	0.10017	0.01080	0.01930	0.01318	0.01472	0.00876	0.01012	0.00800	0.00544	0.00417	0.00136	0.00714	0.00340	0.00272	0.00792
71	0.00862	0.00627	0.00812	0.00786	0.00924	0.00577	0.00582	0.01131	0.01688	0.02367	0.63473	0.12453	0.08663	0.01359	0.00741	0.00203	0.00302	0.01203	0.00670	0.00577
72	0.01085	0.00682	0.00898	0.00818	0.01001	0.00623	0.00623	0.01373	0.01766	0.10145	0.66318	0.04386	0.05419	0.01220	0.00723	0.00196	0.00319	0.01074	0.00695	0.00638
73	0.00839	0.00672	0.00756	0.00738	0.00931	0.00607	0.00562	0.01130	0.05145	0.02018	0.29261	0.05394	0.43822	0.01443	0.00736	0.00209	0.00328	0.04217	0.00618	0.00573
74	0.01292	0.01107	0.01292	0.00923	0.01477	0.00831	0.00738	0.01569	0.01292	0.02030	0.01107	0.01292	0.00923	0.00461	0.00461	0.00092	0.00461	0.00369	0.00369	0.81912
75	0.00759	0.00542	0.00723	0.00868	0.00904	0.00506	0.00578	0.00868	0.01193	0.01591	0.03434	0.77697	0.04121	0.01952	0.00795	0.00253	0.00361	0.01771	0.00578	0.00506
76	0.00798	0.00651	0.00717	0.00750	0.00945	0.00570	0.00596	0.00986	0.01423	0.01725	0.05618	0.06234	0.57751	0.01611	0.00765	0.00228	0.00375	0.17143	0.00577	0.00537
77	0.00991	0.00709	0.00986	0.01110	0.01254	0.00704	0.00961	0.01279	0.01468	0.01930	0.10588	0.06783	0.03823	0.01675	0.00848	0.00277	0.00545	0.62909	0.00585	0.00575
78	0.01301	0.01215	0.01948	0.51802	0.18582	0.01425	0.01674	0.01877	0.10414	0.01814	0.01302	0.01721	0.00999	0.00637	0.00623	0.00203	0.00769	0.00573	0.00329	0.00791
79	0.82504	0.01205	0.00916	0.00819	0.01205	0.01398	0.00675	0.01832	0.01060	0.02795	0.00868	0.01012	0.00675	0.00578	0.00386	0.00193	0.00482	0.00337	0.00386	0.00675
80	0.00906	0.00604	0.00680	0.00680	0.00680	0.00604	0.00378	0.00906	0.00906	0.01208	0.01963	0.04077	0.02265	0.78103	0.03171	0.00604	0.00604	0.00906	0.00378	0.00378
81	0.01516	0.01454	0.02482	0.09010	0.69235	0.01474	0.01899	0.01889	0.01406	0.02004	0.01167	0.01551	0.00976	0.00560	0.00617	0.00187	0.00747	0.00555	0.00306	0.00966
82	0.01666	0.78478	0.03265	0.01066	0.01599	0.02465	0.01066	0.01866	0.01266	0.01466	0.00866	0.00999	0.00800	0.00533	0.00400	0.00133	0.00666	0.00333	0.00267	0.00800
83	0.02384	0.01548	0.01716	0.01323	0.01799	0.01660	0.01091	0.54848	0.02617	0.17493	0.01712	0.01663	0.01183	0.00751	0.00613	0.00186	0.00634	0.00575	0.05173	0.01033
84	0.02795	0.01060	0.01446	0.01109	0.01591	0.00916	0.00916	0.03036	0.01783	0.74648	0.02458	0.02121	0.01542	0.00771	0.00627	0.00193	0.00530	0.00627	0.00771	0.01060
85	0.00935	0.00954	0.08546	0.06409	0.01424	0.00787	0.00901	0.01314	0.08845	0.01753	0.02985	0.51419	0.04673	0.01581	0.00747	0.00240	0.00476	0.04861	0.00530	0.00617
86	0.01353	0.05931	0.51216	0.09365	0.02607	0.01475	0.01949	0.09308	0.01509	0.02156	0.06331	0.01594	0.01185	0.00658	0.00600	0.00194	0.00831	0.00523	0.00333	0.00883
87	0.02593	0.01015	0.01381	0.01074	0.01521	0.00881	0.00881	0.02839	0.01781	0.67002	0.10028	0.02389	0.02002	0.00824	0.00638	0.00193	0.00505	0.00680	0.00762	0.01010
88	0.74226	0.01387	0.01004	0.00900	0.01279	0.09060	0.00729	0.01899	0.01133	0.02664	0.00877	0.01024	0.00688	0.00585	0.00404	0.00189	0.00548	0.00344	0.00379	0.00680
89	0.01508	0.01233	0.01308	0.01172	0.01496	0.01403	0.00912	0.06811	0.56678	0.02643	0.07509	0.02444	0.02107	0.00858	0.00620	0.00202	0.00469	0.00714	0.08993	0.00920
90	0.01702	0.01400	0.01669	0.01708	0.14301	0.01540	0.01160	0.21681	0.33820	0.02857	0.09575	0.02208	0.01933	0.00813	0.00639	0.00198	0.00568	0.00684	0.00580	0.00964
91	0.00871	0.00636	0.00818	0.00773	0.00924	0.00583	0.00580	0.01156	0.01739	0.02440	0.69073	0.04750	0.10730	0.01295	0.00735	0.00197	0.00295	0.01140	0.00678	0.00583
92	0.01618	0.01372	0.01447	0.01282	0.01646	0.01582	0.01003	0.09032	0.67259	0.02716	0.02449	0.02256	0.01832	0.00837	0.00633	0.00209	0.00509	0.00692	0.00633	0.00992
93	0.82504	0.01205	0.00916	0.00819	0.01205	0.01398	0.00675	0.01832	0.01060	0.02795	0.00868	0.01012	0.00675	0.00578	0.00386	0.00193	0.00482	0.00337	0.00386	0.00675
94	0.82504	0.01205	0.00916	0.00819	0.01205	0.01398	0.00675	0.01832	0.01060	0.02795	0.00868	0.01012	0.00675	0.00578	0.00386	0.00193	0.00482	0.00337	0.00386	0.00675
95	0.01508	0.17740	0.03542	0.02272	0.02865	0.01771	0.55183	0.01955	0.01414	0.01871	0.01166	0.01529	0.00911	0.00542	0.00701	0.00196	0.03055	0.00646	0.00304	0.00827
96	0.01726	0.01426	0.01508	0.01304	0.01687	0.01632	0.01029	0.18121	0.57994	0.02890	0.02312	0.02146	0.01721	0.00824	0.00632	0.00206	0.00535	0.00674	0.00632	0.01002
97	0.01101	0.00967	0.01109	0.01191	0.08800	0.08428	0.00792	0.01389	0.01727	0.02349	0.58652	0.03960	0.04836	0.01132	0.00704	0.00191	0.00427	0.00991	0.00608	0.00644
98	0.00849	0.00641	0.00788	0.00766	0.00931	0.00580	0.00585	0.01104	0.01643	0.02222	0.49672	0.05204	0.25047	0.01392	0.00744	0.00207	0.00320	0.06089	0.00647	0.00569
99	0.02332	0.02840	0.01777	0.01587	0.01927	0.67795	0.01202	0.09869	0.01889	0.01779	0.01020	0.01163	0.00830	0.00653	0.00568	0.00163	0.01077	0.00418	0.00353	0.00758
100	0.01451	0.01102	0.01308	0.00943	0.01489	0.00840	0.00757	0.01724	0.01344	0.09726	0.01251	0.01380	0.00988	0.00494	0.00479	0.00103	0.00469	0.00396	0.00412	0.73344
101	0.01091	0.00545	0.00787	0.00787	0.00803	0.00545	0.00530	0.00880	0.00864	0.01214	0.01183	0.01939	0.01137	0.02012	0.02223	0.73211	0.00515	0.00545	0.08885	0.00303
102	0.01184	0.00606	0.00645	0.00652	0.00805	0.00603	0.00506	0.01473	0.01331	0.03993	0.02173	0.02804	0.01801	0.00830	0.00484	0.00161	0.00325	0.07752	0.71281	0.00591
103	0.01509	0.01286	0.01352	0.01210	0.01555	0.01463	0.00943	0.06899	0.61577	0.02582	0.02878	0.02667	0.09492	0.00918	0.00644	0.00210	0.00485	0.00761	0.00628	0.00942
104	0.00736	0.00631	0.00631	0.00631	0.00842	0.00526	0.00473	0.00894	0.01420	0.01683	0.06312	0.05996	0.73964	0.01578	0.00736	0.00210	0.00316	0.01315	0.00579	0.00526
105	0.82504	0.01205	0.00916	0.00819	0.01205	0.01398	0.00675	0.01832	0.01060	0.02795	0.00868	0.01012	0.00675	0.00578	0.00386	0.00193	0.00482	0.00337	0.00386	0.00675
106	0.82504	0.01205	0.00916	0.00819	0.01205	0.01398	0.00675	0.01832	0.01060	0.02795	0.00868	0.01012	0.00675	0.00578	0.00386	0.00193	0.00482	0.00337	0.00386	0.00675
107	0.00935	0.00711	0.00869	0.00816	0.00993	0.00682	0.00616	0.01367	0.09280	0.02409	0.57945	0.04574	0.13902	0.01266	0.00724	0.00199	0.00318	0.01105	0.00667	0.00622
108	0.02795	0.01060	0.01446	0.01109	0.01591	0.00916	0.00916	0.03036	0.01783	0.74648	0.02458	0.02121	0.01542	0.00771	0.00627	0.00193	0.00530	0.00627	0.00771	0.01060
109	0.01988	0.01556	0.01656	0.01357	0.01787	0.01754	0.01092	0.40140	0.35548	0.03313	0.01979	0.01881	0.01451	0.00793	0.00628	0.00198	0.00596	0.00628	0.00628	0.01025
110	0.01823	0.01382	0.01494	0.01281	0.01672	0.01552	0.01014	0.15480	0.53294	0.10279	0.02344	0.02157	0.01716	0.00820	0.00631	0.00205	0.00531	0.00671	0.00646	0.01007
111	0.00812	0.00634	0.00736	0.00711	0.00888	0.00558	0.00533	0.01041	0.01599	0.02108	0.41521	0.05297	0.38490	0.01419	0.00736	0.00203	0.00304	0.01217	0.00634	0.00558
112	0.01161	0.00581	0.00581	0.00581	0.00726	0.00581	0.00436	0.01452	0.01307	0.02323	0.02033	0.02323	0.01597	0.00726	0.00436	0.00145	0.00290	0.00581	0.81562	0.00581
113	0.01490	0.01578	0.03074	0.02461	0.10406	0.03295	0.50385	0.06880	0.01548	0.02084	0.01485	0.09488	0.01282	0.00694	0.00717	0.00209	0.00922	0.00803	0.00364	0.00834
114	0.01303	0.01274	0.06661	0.01122	0.01649	0.00975	0.06273	0.01771	0.08745	0.03644	0.01849	0.01947	0.08770	0.00640	0.00542	0.00136	0.00528	0.00544	0.00416	0.51210
115	0.02295	0.10709	0.01913	0.01495	0.01868	0.54923	0.01167	0.09653	0.01834	0.06976	0.01114	0.01220	0.00881	0.00651	0.00556	0.00163	0.00988	0.00427	0.00379	0.00789
116	0.01272	0.04981	0.69143	0.01806	0.02701	0.01479	0.06162	0.01972	0.01323	0.01962	0.01120	0.01328	0.00798	0.00587	0.00595	0.00196	0.00922	0.00473	0.00266	0.00913
117	0.00866	0.00650	0.00878	0.00878	0.00987	0.00703	0.00653	0.01037	0.01058	0.01446	0.02544	0.03369	0.14516	0.17297	0.49362	0.00790	0.01238	0.00825	0.00385	0.00519
118	0.00747	0.00632	0.00646	0.00642	0.00848	0.00530	0.00482	0.00914	0.01445	0.01741	0.11126	0.05901	0.69113	0.01556	0.00736	0.00209	0.00314	0.01302	0.00586	0.00530
119	0.00916	0.00659	0.00881	0.00886	0.01032	0.00624	0.00705	0.01208	0.01671	0.02321	0.54089	0.05320	0.05236	0.01399	0.00770	0.00221	0.00372	0.20451	0.00654	0.00584
120	0.01292	0.01107	0.01292	0.00923	0.01477	0.00831	0.00738	0.01569	0.01292	0.02030	0.01107	0.01292	0.00923	0.00461	0.00461	0.00092	0.00461	0.00369	0.00369	0.81912
121	0.07494	0.65176	0.02943	0.01104	0.01605	0.09941	0.01052	0.01927	0.01303	0.01567	0.00876	0.01013	0.00791	0.00548	0.00416	0.00140	0.00700	0.00340	0.00281	0.00783
122	0.02171	0.02719	0.01754	0.09537	0.02154	0.66084	0.01246	0.02357	0.01698	0.01533	0.01033	0.02866	0.00879	0.00669	0.00573	0.00168	0.01076	0.00448	0.00322	0.00714
123	0.02795	0.01060	0.01446	0.01109	0.01591	0.00916	0.00916	0.03036	0.01783	0.74648	0.02458	0.02121	0.01542	0.00771	0.00627	0.00193	0.00530	0.00627	0.00771	0.01060
124	0.01109	0.00769	0.01143	0.00976	0.01196	0.00712	0.07964	0.01422	0.01686	0.07568	0.53685	0.03920	0.04607	0.01103	0.00695	0.00192	0.00389	0.00993	0.09225	0.00647
125	0.00896	0.00663	0.00844	0.00816	0.00975	0.00620	0.00627	0.01215	0.03640	0.02354	0.57955	0.04962	0.12764	0.01338	0.00744	0.00207	0.00329	0.07798	0.00662	0.00591
126	0.82504	0.01205	0.00916	0.00819	0.01205	0.01398	0.00675	0.01832	0.01060	0.02795	0.00868	0.01012	0.00675	0.00578	0.00386	0.00193	0.00482	0.00337	0.00386	0.00675
127	0.01666	0.78478	0.03265	0.01066	0.01599	0.02465	0.01066	0.01866	0.01266	0.01466	0.00866	0.00999	0.00800	0.00533	0.00400	0.00133	0.00666	0.00333	0.00267	0.00800
128	0.00952	0.00726	0.01013	0.01106	0.08697	0.00682	0.00728	0.01254	0.01727	0.02449	0.66182	0.04324	0.05360	0.01198	0.00722	0.00195	0.00341	0.01066	0.00646	0.00630
129	0.00757	0.00552	0.00713	0.00843	0.00897	0.00508	0.00567	0.00870	0.01217	0.01600	0.03739	0.70098	0.11522	0.01912	0.00789	0.00249	0.00357	0.01723	0.00578	0.00508
130	0.00882	0.00637	0.00833	0.00784	0.00931	0.00588	0.00588	0.01176	0.01764	0.02499	0.73888	0.04654	0.05879	0.01274	0.00735	0.00196	0.00294	0.01127	0.00686	0.00588
131	0.00759	0.00542	0.00723	0.00868	0.00904	0.00506	0.00578	0.00868	0.01193	0.01591	0.03434	0.77697	0.04121	0.01952	0.00795	0.00253	0.00361	0.01771	0.00578	0.00506
132	0.01550	0.01338	0.01409	0.01268	0.01620	0.01550	0.00986	0.03311	0.73091	0.02606	0.02536	0.02325	0.01902	0.00845	0.00634	0.00211	0.00493	0.00704	0.00634	0.00986
133	0.01542	0.01480	0.02529	0.03824	0.74217	0.01480	0.01912	0.01912	0.01419	0.02036	0.01172	0.01542	0.00987	0.00555	0.00617	0.00185	0.00740	0.00555	0.00308	0.00987
134	0.01406	0.01104	0.01304	0.00937	0.01485	0.00837	0.00752	0.01681	0.01329	0.07558	0.01210	0.01355	0.00970	0.00485	0.00474	0.00100	0.00467	0.00389	0.00400	0.75757
135	0.00759	0.00542	0.00723	0.00868	0.00904	0.00506	0.00578	0.00868	0.01193	0.01591	0.03434	0.77697	0.04121	0.01952	0.00795	0.00253	0.00361	0.01771	0.00578	0.00506
136	0.82504	0.01205	0.00916	0.00819	0.01205	0.01398	0.00675	0.01832	0.01060	0.02795	0.00868	0.01012	0.00675	0.00578	0.00386	0.00193	0.00482	0.00337	0.00386	0.00675
137	0.01550	0.01338	0.01409	0.01268	0.01620	0.01550	0.00986	0.03311	0.73091	0.02606	0.02536	0.02325	0.01902	0.00845	0.00634	0.00211	0.00493	0.00704	0.00634	0.00986
138	0.01476	0.01656	0.03515	0.02529	0.03140	0.01574	0.66898	0.02089	0.06573	0.02039	0.01351	0.01727	0.01014	0.00548	0.00728	0.00210	0.01011	0.00733	0.00338	0.00851

[dist]
# distance from previous block
# <min> <max>
0	13

[block]
# block no. 1 follows, 36 sequences, length 10
# corresponding to MSA columns:
# 266-275
name=unknown_B
#
# <colnr> <probs for GDERKNQSTAVLIFYWHMCP>
#	G	D	E	R	K	N	Q	S	T	A	V	L	I	F	Y	W	H	M	C	P
0	0.01320	0.00734	0.00973	0.00858	0.01082	0.00663	0.00663	0.01602	0.01768	0.19036	0.57516	0.04073	0.04885	0.01159	0.00710	0.00195	0.00348	0.01012	0.00705	0.00696
1	0.02534	0.01003	0.01362	0.01064	0.01500	0.00871	0.00871	0.02782	0.01781	0.64797	0.12211	0.02467	0.02134	0.00840	0.00641	0.00193	0.00498	0.00695	0.00760	0.00996
2	0.04405	0.00978	0.01135	0.01010	0.01289	0.01022	0.00785	0.02252	0.28400	0.12401	0.34771	0.03303	0.03608	0.01019	0.00669	0.00201	0.00408	0.00871	0.00667	0.00804
3	0.01666	0.01883	0.01460	0.01398	0.01593	0.37520	0.01089	0.01844	0.01496	0.01609	0.01836	0.13579	0.01922	0.01140	0.00867	0.00218	0.11242	0.16577	0.00410	0.00651
4	0.02177	0.01003	0.01300	0.01057	0.01444	0.00932	0.00851	0.02650	0.12087	0.47696	0.18841	0.02731	0.02588	0.00897	0.00652	0.00196	0.00471	0.00752	0.00732	0.00941
5	0.01122	0.01008	0.01446	0.01312	0.01369	0.01332	0.01065	0.01302	0.00978	0.01472	0.01252	0.01917	0.01195	0.02919	0.39598	0.00644	0.38540	0.00608	0.00304	0.00618
6	0.01676	0.01695	0.03262	0.02353	0.02953	0.01657	0.55733	0.18073	0.01805	0.02438	0.01314	0.01638	0.00972	0.00576	0.00710	0.00205	0.00967	0.00695	0.00386	0.00891
7	0.01082	0.00541	0.00812	0.00812	0.00812	0.00541	0.00541	0.00812	0.00812	0.01082	0.01082	0.01894	0.01082	0.02165	0.02435	0.81872	0.00541	0.00541	0.00271	0.00271
8	0.00869	0.00621	0.00814	0.00928	0.01009	0.00599	0.00699	0.01030	0.01253	0.01641	0.03346	0.36865	0.07887	0.12854	0.01159	0.00314	0.00471	0.26581	0.00548	0.00513
9	0.01907	0.47195	0.05373	0.01254	0.01763	0.12878	0.01159	0.18067	0.01721	0.02057	0.01034	0.01143	0.00859	0.00600	0.00482	0.00152	0.00746	0.00400	0.00356	0.00852

[dist]
# distance from previous block
# <min> <max>
0	1

[block]
# block no. 2 follows, 36 sequences, length 27
# corresponding to MSA columns:
# 277-303
name=unknown_C
#
# <colnr> <probs for GDERKNQSTAVLIFYWHMCP>
#	G	D	E	R	K	N	Q	S	T	A	V	L	I	F	Y	W	H	M	C	P
0	0.01595	0.01822	0.02945	0.02490	0.13645	0.15420	0.43310	0.02003	0.01510	0.01891	0.01465	0.03249	0.04329	0.00628	0.00686	0.00198	0.00970	0.00692	0.00332	0.00819
1	0.12172	0.01192	0.01289	0.00997	0.01488	0.01090	0.00796	0.05040	0.14842	0.02324	0.01361	0.01458	0.01080	0.00562	0.00491	0.00132	0.00480	0.00436	0.00432	0.52337
2	0.01386	0.27936	0.51359	0.01543	0.02336	0.01781	0.01896	0.01938	0.01299	0.01807	0.01035	0.01212	0.00793	0.00573	0.00529	0.00176	0.00837	0.00419	0.00264	0.00881
3	0.01301	0.01234	0.02093	0.51839	0.28086	0.01417	0.01792	0.01701	0.01305	0.01743	0.01129	0.01621	0.00884	0.00600	0.00621	0.00200	0.00800	0.00554	0.00288	0.00792
4	0.01082	0.00541	0.00812	0.00812	0.00812	0.00541	0.00541	0.00812	0.00812	0.01082	0.01082	0.01894	0.01082	0.02165	0.02435	0.81872	0.00541	0.00541	0.00271	0.00271
5	0.12898	0.02165	0.01748	0.01843	0.15380	0.40440	0.01223	0.02376	0.01609	0.12915	0.01217	0.01339	0.00933	0.00637	0.00559	0.00174	0.00876	0.00456	0.00396	0.00817
6	0.01344	0.00994	0.01589	0.50870	0.03243	0.01148	0.01390	0.01675	0.01318	0.12706	0.01751	0.16037	0.01558	0.00896	0.00656	0.00214	0.00697	0.00794	0.00409	0.00713
7	0.00766	0.00603	0.00691	0.00730	0.00875	0.00529	0.00524	0.00928	0.01399	0.01777	0.15669	0.28803	0.41190	0.01652	0.00755	0.00222	0.00327	0.01433	0.00595	0.00529
8	0.01606	0.01509	0.02557	0.12900	0.40583	0.01554	0.14955	0.12570	0.01635	0.02257	0.01229	0.01577	0.00969	0.00588	0.00641	0.00193	0.00802	0.00590	0.00353	0.00931
9	0.01230	0.01025	0.01454	0.01286	0.01533	0.01055	0.11595	0.10963	0.14993	0.02154	0.02677	0.41832	0.02814	0.01367	0.00733	0.00230	0.00534	0.01252	0.00555	0.00721
10	0.00863	0.00622	0.00816	0.00797	0.00927	0.00575	0.00586	0.01129	0.01677	0.02360	0.63169	0.15767	0.05611	0.01377	0.00744	0.00205	0.00304	0.01225	0.00670	0.00575
11	0.00836	0.00621	0.00778	0.00768	0.00910	0.00564	0.00565	0.01076	0.01612	0.02207	0.50455	0.16019	0.18421	0.01434	0.00744	0.00207	0.00308	0.01260	0.00649	0.00564
12	0.02133	0.01690	0.01733	0.01395	0.01843	0.05486	0.01129	0.49065	0.22863	0.03431	0.01766	0.01714	0.01287	0.00770	0.00623	0.00193	0.00653	0.00594	0.00611	0.01022
13	0.01404	0.12623	0.40748	0.02379	0.26888	0.01594	0.02005	0.01938	0.01344	0.01927	0.01103	0.01351	0.00858	0.00572	0.00575	0.00185	0.00826	0.00476	0.00279	0.00927
14	0.01451	0.32338	0.37343	0.01771	0.11766	0.01849	0.01768	0.01923	0.01310	0.01784	0.01027	0.01222	0.00820	0.00564	0.00520	0.00171	0.00798	0.00423	0.00270	0.00882
15	0.01587	0.64319	0.16738	0.01200	0.01806	0.02274	0.01299	0.01886	0.01275	0.01561	0.00914	0.01059	0.00798	0.00544	0.00436	0.00145	0.00714	0.00357	0.00266	0.00822
16	0.01257	0.00708	0.00884	0.00795	0.01014	0.00639	0.00612	0.01520	0.01654	0.15926	0.40626	0.04072	0.14853	0.01153	0.00675	0.00191	0.00341	0.00989	0.11425	0.00666
17	0.01075	0.00995	0.01535	0.41088	0.12403	0.01105	0.01327	0.01397	0.01328	0.01682	0.02887	0.03120	0.25737	0.00939	0.00661	0.00206	0.00643	0.00813	0.00384	0.00675
18	0.01438	0.01356	0.02289	0.03432	0.64481	0.01351	0.01735	0.01773	0.01389	0.01976	0.01472	0.11655	0.01403	0.00741	0.00641	0.00194	0.00690	0.00717	0.00344	0.00923
19	0.05279	0.01065	0.01429	0.01100	0.01578	0.00931	0.00908	0.02999	0.01761	0.72409	0.02409	0.02086	0.01515	0.00765	0.00619	0.00193	0.00529	0.00618	0.00759	0.01048
20	0.00893	0.00656	0.00941	0.00941	0.01031	0.00746	0.00703	0.01074	0.00983	0.01402	0.01724	0.02754	0.01691	0.18488	0.62001	0.00927	0.01469	0.00712	0.00342	0.00523
21	0.01534	0.01722	0.16062	0.13274	0.02685	0.01517	0.21213	0.01945	0.01321	0.11454	0.01260	0.01589	0.00946	0.00726	0.01002	0.00221	0.19764	0.00594	0.00350	0.00823
22	0.01245	0.01178	0.01993	0.62912	0.17447	0.01402	0.01765	0.01652	0.01278	0.01675	0.01120	0.01639	0.00860	0.00610	0.00622	0.00203	0.00814	0.00554	0.00283	0.00748
23	0.04717	0.01071	0.01432	0.01106	0.01582	0.00944	0.00912	0.03014	0.03595	0.71039	0.02421	0.02099	0.01530	0.00768	0.00621	0.00193	0.00528	0.00621	0.00758	0.01049
24	0.00957	0.00708	0.00927	0.01004	0.01165	0.00689	0.00844	0.01270	0.03663	0.01979	0.17015	0.06282	0.14674	0.01589	0.00811	0.00256	0.00479	0.44509	0.00597	0.00582
25	0.01948	0.47401	0.02691	0.01227	0.01734	0.07377	0.01115	0.25556	0.01861	0.02298	0.01085	0.01175	0.00887	0.00613	0.00486	0.00153	0.00705	0.00415	0.00390	0.00882
26	0.02343	0.01732	0.01855	0.01428	0.01922	0.01920	0.01178	0.69960	0.05150	0.03885	0.01529	0.01522	0.01086	0.00751	0.00624	0.00188	0.00680	0.00565	0.00624	0.01057

[dist]
# distance from previous block
# <min> <max>
0	8

[block]
# block no. 3 follows, 36 sequences, length 81
# corresponding to MSA columns:
# 312-392
name=unknown_D
#
# <colnr> <probs for GDERKNQSTAVLIFYWHMCP>
#	G	D	E	R	K	N	Q	S	T	A	V	L	I	F	Y	W	H	M	C	P
0	0.02750	0.01134	0.01491	0.01143	0.01627	0.01024	0.00944	0.10428	0.01906	0.67083	0.02355	0.02054	0.01491	0.00769	0.00626	0.00192	0.00547	0.00620	0.00755	0.01060
1	0.01088	0.01003	0.01623	0.61093	0.03591	0.01207	0.01481	0.01447	0.01264	0.01604	0.01954	0.07973	0.10495	0.00846	0.00651	0.00211	0.00729	0.00744	0.00339	0.00657
2	0.00759	0.00542	0.00723	0.00868	0.00904	0.00506	0.00578	0.00868	0.01193	0.01591	0.03434	0.77697	0.04121	0.01952	0.00795	0.00253	0.00361	0.01771	0.00578	0.00506
3	0.00985	0.00704	0.00983	0.01126	0.01262	0.00701	0.00972	0.01259	0.01416	0.01844	0.03309	0.12376	0.03626	0.01739	0.00856	0.00284	0.00558	0.64858	0.00574	0.00569
4	0.01363	0.01363	0.01908	0.01636	0.01636	0.01908	0.01363	0.01499	0.00954	0.01499	0.00818	0.01363	0.00818	0.01091	0.02045	0.00273	0.76963	0.00545	0.00273	0.00682
5	0.01542	0.01480	0.02529	0.03824	0.74217	0.01480	0.01912	0.01912	0.01419	0.02036	0.01172	0.01542	0.00987	0.00555	0.00617	0.00185	0.00740	0.00555	0.00308	0.00987
6	0.00890	0.00668	0.01001	0.01001	0.01113	0.00779	0.00779	0.01113	0.01001	0.01446	0.01669	0.02448	0.01558	0.04673	0.75634	0.01001	0.01669	0.00668	0.00334	0.00556
7	0.02161	0.02680	0.02009	0.01968	0.11334	0.60457	0.06649	0.02377	0.01699	0.01626	0.01012	0.01220	0.00837	0.00622	0.00582	0.00167	0.01069	0.00446	0.00319	0.00765
8	0.02784	0.01078	0.01457	0.01117	0.01600	0.00943	0.00923	0.04864	0.01814	0.72778	0.02433	0.02104	0.01530	0.00771	0.00626	0.00193	0.00534	0.00625	0.00767	0.01060
9	0.01363	0.01363	0.01908	0.01636	0.01636	0.01908	0.01363	0.01499	0.00954	0.01499	0.00818	0.01363	0.00818	0.01091	0.02045	0.00273	0.76963	0.00545	0.00273	0.00682
10	0.64012	0.01171	0.01039	0.00886	0.01294	0.01286	0.00731	0.02111	0.01228	0.19465	0.01237	0.01269	0.00876	0.00623	0.00441	0.00193	0.00493	0.00404	0.00475	0.00764
11	0.02597	0.01114	0.01452	0.01124	0.01583	0.01018	0.00924	0.11507	0.01925	0.60375	0.07743	0.02235	0.01810	0.00806	0.00634	0.00192	0.00532	0.00656	0.00746	0.01024
12	0.01550	0.01338	0.01409	0.01268	0.01620	0.01550	0.00986	0.03311	0.73091	0.02606	0.02536	0.02325	0.01902	0.00845	0.00634	0.00211	0.00493	0.00704	0.00634	0.00986
13	0.01666	0.78478	0.03265	0.01066	0.01599	0.02465	0.01066	0.01866	0.01266	0.01466	0.00866	0.00999	0.00800	0.00533	0.00400	0.00133	0.00666	0.00333	0.00267	0.00800
14	0.00835	0.00635	0.00768	0.00735	0.00902	0.00568	0.00551	0.01085	0.01653	0.02236	0.52112	0.05087	0.27819	0.01372	0.00735	0.00201	0.00301	0.01187	0.00651	0.00568
15	0.05297	0.01332	0.01386	0.01247	0.01601	0.01543	0.00972	0.03242	0.69757	0.02615	0.02459	0.02264	0.01845	0.00833	0.00622	0.00210	0.00493	0.00687	0.00622	0.00972
16	0.82504	0.01205	0.00916	0.00819	0.01205	0.01398	0.00675	0.01832	0.01060	0.02795	0.00868	0.01012	0.00675	0.00578	0.00386	0.00193	0.00482	0.00337	0.00386	0.00675
17	0.00906	0.00604	0.00680	0.00680	0.00680	0.00604	0.00378	0.00906	0.00906	0.01208	0.01963	0.04077	0.02265	0.78103	0.03171	0.00604	0.00604	0.00906	0.00378	0.00378
18	0.82504	0.01205	0.00916	0.00819	0.01205	0.01398	0.00675	0.01832	0.01060	0.02795	0.00868	0.01012	0.00675	0.00578	0.00386	0.00193	0.00482	0.00337	0.00386	0.00675
19	0.00757	0.00551	0.00713	0.00843	0.00897	0.00508	0.00568	0.00870	0.01216	0.01600	0.03731	0.70294	0.11332	0.01913	0.00789	0.00249	0.00357	0.01724	0.00578	0.00508
20	0.00759	0.00542	0.00723	0.00868	0.00904	0.00506	0.00578	0.00868	0.01193	0.01591	0.03434	0.77697	0.04121	0.01952	0.00795	0.00253	0.00361	0.01771	0.00578	0.00506
21	0.82504	0.01205	0.00916	0.00819	0.01205	0.01398	0.00675	0.01832	0.01060	0.02795	0.00868	0.01012	0.00675	0.00578	0.00386	0.00193	0.00482	0.00337	0.00386	0.00675
22	0.01363	0.01363	0.01908	0.01636	0.01636	0.01908	0.01363	0.01499	0.00954	0.01499	0.00818	0.01363	0.00818	0.01091	0.02045	0.00273	0.76963	0.00545	0.00273	0.00682
23	0.02795	0.01060	0.01446	0.01109	0.01591	0.00916	0.00916	0.03036	0.01783	0.74648	0.02458	0.02121	0.01542	0.00771	0.00627	0.00193	0.00530	0.00627	0.00771	0.01060
24	0.01433	0.01712	0.08730	0.10354	0.12457	0.01534	0.50415	0.01942	0.01429	0.01958	0.01223	0.01633	0.00927	0.00544	0.00698	0.00206	0.00978	0.00673	0.00306	0.00850
25	0.02054	0.02395	0.01640	0.01486	0.01818	0.49520	0.01127	0.02778	0.26887	0.01906	0.01517	0.01547	0.01190	0.00714	0.00587	0.00178	0.00902	0.00508	0.00431	0.00815
26	0.00759	0.00542	0.00723	0.00868	0.00904	0.00506	0.00578	0.00868	0.01193	0.01591	0.03434	0.77697	0.04121	0.01952	0.00795	0.00253	0.00361	0.01771	0.00578	0.00506
27	0.02795	0.01060	0.01446	0.01109	0.01591	0.00916	0.00916	0.03036	0.01783	0.74648	0.02458	0.02121	0.01542	0.00771	0.00627	0.00193	0.00530	0.00627	0.00771	0.01060
28	0.01894	0.01428	0.01958	0.23692	0.19223	0.03182	0.01472	0.23954	0.01902	0.13016	0.01436	0.01637	0.01041	0.00668	0.00621	0.00193	0.00727	0.00563	0.00465	0.00929
29	0.01368	0.01378	0.01990	0.01682	0.01711	0.01893	0.04631	0.01522	0.00978	0.01522	0.00838	0.01378	0.00824	0.01064	0.01984	0.00270	0.73449	0.00554	0.00275	0.00689
30	0.01471	0.01681	0.03676	0.02626	0.03256	0.01576	0.71954	0.01996	0.01471	0.01996	0.01261	0.01681	0.00945	0.00525	0.00735	0.00210	0.01050	0.00735	0.00315	0.00840
31	0.01525	0.01385	0.02148	0.03009	0.51831	0.01423	0.01600	0.07298	0.10737	0.02206	0.01606	0.09502	0.01434	0.00751	0.00638	0.00196	0.00665	0.00700	0.00402	0.00943
32	0.08294	0.02646	0.01799	0.01828	0.11083	0.60542	0.01254	0.02365	0.01668	0.01686	0.00982	0.01168	0.00816	0.00626	0.00555	0.00166	0.01026	0.00416	0.00324	0.00752
33	0.09847	0.15582	0.45836	0.01536	0.02260	0.11160	0.01786	0.02007	0.01339	0.01915	0.01030	0.01207	0.00781	0.00587	0.00535	0.00181	0.00859	0.00419	0.00284	0.00850
34	0.00882	0.00637	0.00833	0.00784	0.00931	0.00588	0.00588	0.01176	0.01764	0.02499	0.73888	0.04654	0.05879	0.01274	0.00735	0.00196	0.00294	0.01127	0.00686	0.00588
35	0.02097	0.01517	0.01655	0.01329	0.01752	0.01662	0.01073	0.52658	0.09897	0.06763	0.01897	0.11421	0.01563	0.00914	0.00647	0.00198	0.00617	0.00735	0.00625	0.00981
36	0.00906	0.00604	0.00680	0.00680	0.00680	0.00604	0.00378	0.00906	0.00906	0.01208	0.01963	0.04077	0.02265	0.78103	0.03171	0.00604	0.00604	0.00906	0.00378	0.00378
37	0.01036	0.00818	0.01111	0.01225	0.10437	0.00802	0.00800	0.01491	0.09083	0.02450	0.57159	0.04013	0.04838	0.01137	0.00709	0.00196	0.00372	0.01010	0.00632	0.00680
38	0.00736	0.00631	0.00631	0.00631	0.00842	0.00526	0.00473	0.00894	0.01420	0.01683	0.06312	0.05996	0.73964	0.01578	0.00736	0.00210	0.00316	0.01315	0.00579	0.00526
39	0.01363	0.01363	0.01908	0.01636	0.01636	0.01908	0.01363	0.01499	0.00954	0.01499	0.00818	0.01363	0.00818	0.01091	0.02045	0.00273	0.76963	0.00545	0.00273	0.00682
40	0.02333	0.02812	0.01779	0.01583	0.01927	0.66117	0.01201	0.11455	0.01915	0.01834	0.01032	0.01172	0.00836	0.00656	0.00570	0.00164	0.01067	0.00422	0.00360	0.00766
41	0.00756	0.00554	0.00711	0.00837	0.00896	0.00509	0.00565	0.00871	0.01222	0.01602	0.03805	0.68465	0.13113	0.01904	0.00788	0.00248	0.00356	0.01713	0.00578	0.00509
42	0.01292	0.01107	0.01292	0.00923	0.01477	0.00831	0.00738	0.01569	0.01292	0.02030	0.01107	0.01292	0.00923	0.00461	0.00461	0.00092	0.00461	0.00369	0.00369	0.81912
43	0.00867	0.00636	0.00812	0.00768	0.00922	0.00581	0.00576	0.01147	0.01728	0.02414	0.66911	0.04793	0.12908	0.01305	0.00735	0.00197	0.00296	0.01146	0.00675	0.00581
44	0.00737	0.00627	0.00635	0.00642	0.00844	0.00525	0.00478	0.00893	0.01410	0.01679	0.06179	0.09315	0.70731	0.01595	0.00739	0.00212	0.00318	0.01336	0.00579	0.00525
45	0.02632	0.11057	0.01698	0.01117	0.01606	0.01159	0.00947	0.05868	0.01766	0.62174	0.02212	0.01949	0.01426	0.00740	0.00597	0.00185	0.00554	0.00586	0.00700	0.01027
46	0.01724	0.01826	0.02352	0.03309	0.57446	0.18676	0.01748	0.02046	0.01499	0.01917	0.01124	0.01445	0.00944	0.00575	0.00604	0.00179	0.00829	0.00519	0.00311	0.00926
47	0.01004	0.00717	0.01004	0.01147	0.01291	0.00717	0.01004	0.01291	0.01434	0.01865	0.03299	0.07028	0.03586	0.01721	0.00861	0.00287	0.00574	0.70023	0.00574	0.00574
48	0.06194	0.01083	0.01386	0.01087	0.01523	0.01001	0.00890	0.09876	0.01866	0.54732	0.11482	0.02331	0.02011	0.00825	0.00629	0.00193	0.00514	0.00671	0.00727	0.00982
49	0.02432	0.01272	0.01564	0.01491	0.10924	0.08668	0.01048	0.02671	0.01690	0.52222	0.02212	0.07662	0.01590	0.00819	0.00631	0.00193	0.00606	0.00681	0.00651	0.00974
50	0.00882	0.00637	0.00833	0.00784	0.00931	0.00588	0.00588	0.01176	0.01764	0.02499	0.73888	0.04654	0.05879	0.01274	0.00735	0.00196	0.00294	0.01127	0.00686	0.00588
51	0.02735	0.01306	0.01487	0.01172	0.01634	0.10531	0.00953	0.02966	0.01781	0.65234	0.02266	0.01992	0.01447	0.00755	0.00618	0.00189	0.00607	0.00598	0.00713	0.01017
52	0.01648	0.01514	0.02444	0.03517	0.64910	0.01539	0.01818	0.10954	0.01613	0.02279	0.01214	0.01536	0.00996	0.00580	0.00618	0.00185	0.00733	0.00556	0.00349	0.00996
53	0.02153	0.00939	0.01235	0.01040	0.01393	0.00853	0.00821	0.02481	0.07020	0.48900	0.02671	0.19679	0.02170	0.01049	0.00657	0.00206	0.00477	0.00896	0.04456	0.00904
54	0.01083	0.00578	0.00609	0.00628	0.00744	0.00574	0.00448	0.01320	0.01251	0.02113	0.02206	0.12208	0.01991	0.08873	0.00764	0.00206	0.00332	0.00768	0.62754	0.00550
55	0.63797	0.01422	0.01064	0.00931	0.01326	0.10893	0.00749	0.01889	0.01175	0.02553	0.00905	0.01055	0.00717	0.00574	0.00416	0.00178	0.00562	0.00349	0.00376	0.09068
56	0.02231	0.02711	0.01788	0.01595	0.01897	0.62419	0.01219	0.07656	0.01770	0.01704	0.00988	0.01176	0.00824	0.00696	0.00720	0.00174	0.08920	0.00428	0.00339	0.00744
57	0.01140	0.00910	0.01375	0.01306	0.01546	0.00900	0.10098	0.06702	0.01551	0.02019	0.03211	0.05814	0.10321	0.01479	0.00814	0.00262	0.00617	0.48752	0.00545	0.00640
58	0.00895	0.00599	0.00683	0.00694	0.00697	0.00597	0.00393	0.00903	0.00928	0.01237	0.02074	0.09648	0.02406	0.72341	0.02991	0.00577	0.00586	0.00972	0.00393	0.00387
59	0.01442	0.01576	0.03194	0.08220	0.10452	0.01594	0.50320	0.01893	0.01382	0.01905	0.01183	0.01624	0.00925	0.00608	0.00883	0.00215	0.10775	0.00678	0.00306	0.00824
60	0.00759	0.00542	0.00723	0.00868	0.00904	0.00506	0.00578	0.00868	0.01193	0.01591	0.03434	0.77697	0.04121	0.01952	0.00795	0.00253	0.00361	0.01771	0.00578	0.00506
61	0.00886	0.00701	0.00999	0.01231	0.08528	0.00713	0.00775	0.01023	0.01198	0.01630	0.03003	0.64058	0.03547	0.01743	0.00871	0.00247	0.06197	0.01553	0.00527	0.00569
