[name]
unknown

[dist]
# distance from previous block
# <min> <max>
0	97

[block]
# block no. 0 follows, 34 sequences, length 28
# corresponding to MSA columns:
# 137-164
name=unknown_A
#
# <colnr> <probs for GDERKNQSTAVLIFYWHMCP>
#	G	D	E	R	K	N	Q	S	T	A	V	L	I	F	Y	W	H	M	C	P
0	0.01985	0.15559	0.08045	0.03698	0.11045	0.20248	0.01326	0.02269	0.01592	0.16427	0.01641	0.04420	0.01381	0.00800	0.00613	0.00191	0.00801	0.06652	0.00442	0.00865
1	0.64183	0.01464	0.01198	0.03185	0.01516	0.09100	0.02807	0.04113	0.01275	0.04843	0.00998	0.01150	0.00765	0.00618	0.00451	0.00197	0.00604	0.00391	0.00407	0.00734
2	0.01496	0.01441	0.02512	0.28509	0.37137	0.01534	0.10953	0.04924	0.01485	0.02033	0.01219	0.01659	0.00965	0.00605	0.00658	0.00204	0.00840	0.00600	0.00324	0.00901
3	0.01122	0.00561	0.00842	0.00842	0.00842	0.00561	0.00561	0.00842	0.00842	0.01122	0.01122	0.01964	0.01122	0.02245	0.02525	0.81201	0.00561	0.00561	0.00281	0.00281
4	0.81856	0.01250	0.00950	0.00850	0.01250	0.01449	0.00700	0.01899	0.01100	0.02899	0.00900	0.01050	0.00700	0.00600	0.00400	0.00200	0.00500	0.00350	0.00400	0.00700
5	0.02576	0.01622	0.01638	0.01308	0.01764	0.13546	0.01056	0.24251	0.02189	0.35501	0.01951	0.01837	0.01318	0.00767	0.00625	0.00189	0.00688	0.00587	0.05578	0.01011
6	0.00839	0.00658	0.00760	0.00734	0.00919	0.00578	0.00551	0.01074	0.01652	0.02170	0.39863	0.05520	0.39418	0.01478	0.00763	0.00211	0.00316	0.01266	0.00656	0.00578
7	0.01204	0.00602	0.00602	0.00602	0.00753	0.00602	0.00452	0.01506	0.01355	0.02409	0.02108	0.02409	0.01656	0.00753	0.00452	0.00151	0.00301	0.00602	0.80879	0.00602
8	0.01727	0.77681	0.03386	0.01106	0.01658	0.02557	0.01106	0.01935	0.01313	0.01520	0.00898	0.01036	0.00829	0.00553	0.00415	0.00138	0.00691	0.00345	0.00276	0.00829
9	0.01727	0.77681	0.03386	0.01106	0.01658	0.02557	0.01106	0.01935	0.01313	0.01520	0.00898	0.01036	0.00829	0.00553	0.00415	0.00138	0.00691	0.00345	0.00276	0.00829
10	0.01508	0.03062	0.60792	0.01777	0.02652	0.01592	0.02176	0.14661	0.01670	0.02416	0.01231	0.01398	0.00870	0.00643	0.00620	0.00203	0.00910	0.00497	0.00341	0.00981
11	0.01122	0.00561	0.00842	0.00842	0.00842	0.00561	0.00561	0.00842	0.00842	0.01122	0.01122	0.01964	0.01122	0.02245	0.02525	0.81201	0.00561	0.00561	0.00281	0.00281
12	0.01727	0.77681	0.03386	0.01106	0.01658	0.02557	0.01106	0.01935	0.01313	0.01520	0.00898	0.01036	0.00829	0.00553	0.00415	0.00138	0.00691	0.00345	0.00276	0.00829
13	0.01667	0.16844	0.05802	0.01392	0.05172	0.01487	0.02622	0.12158	0.01642	0.11401	0.05004	0.10284	0.01916	0.01314	0.06734	0.00276	0.05828	0.07138	0.00492	0.00829
14	0.01765	0.01067	0.01454	0.11379	0.01911	0.01090	0.03065	0.06584	0.09730	0.24164	0.06399	0.18097	0.02317	0.01087	0.00735	0.00219	0.02538	0.02400	0.00611	0.03386
15	0.01619	0.08096	0.55811	0.01664	0.02508	0.01473	0.02036	0.02240	0.01449	0.15100	0.01395	0.01494	0.00962	0.00644	0.00607	0.00199	0.00863	0.00500	0.00369	0.00973
16	0.13832	0.01120	0.01423	0.01108	0.01594	0.01019	0.00915	0.02976	0.01746	0.63904	0.02321	0.02040	0.01475	0.00772	0.00615	0.00200	0.00543	0.00608	0.00744	0.01044
17	0.01745	0.05294	0.14067	0.16323	0.04599	0.16160	0.09656	0.06662	0.09359	0.05448	0.01376	0.01600	0.01037	0.00683	0.00680	0.00201	0.03294	0.00560	0.00387	0.00870
18	0.00869	0.00659	0.00801	0.00766	0.00938	0.00590	0.00574	0.01132	0.01722	0.02338	0.53070	0.05243	0.26105	0.01415	0.00763	0.00208	0.00312	0.01227	0.00678	0.00590
19	0.00903	0.00660	0.00848	0.00801	0.00958	0.00605	0.00601	0.01197	0.01802	0.02526	0.67820	0.04933	0.11238	0.01345	0.00762	0.00204	0.00307	0.01184	0.00703	0.00605
20	0.01204	0.00602	0.00602	0.00602	0.00753	0.00602	0.00452	0.01506	0.01355	0.02409	0.02108	0.02409	0.01656	0.00753	0.00452	0.00151	0.00301	0.00602	0.80879	0.00602
21	0.07749	0.01464	0.06080	0.48220	0.12306	0.04989	0.03925	0.04347	0.01400	0.01927	0.01150	0.01602	0.00877	0.00634	0.00625	0.00208	0.00843	0.00550	0.00316	0.00788
22	0.01511	0.01552	0.03184	0.02394	0.05491	0.01468	0.53311	0.02044	0.04210	0.05519	0.05215	0.02175	0.04739	0.00799	0.03125	0.00242	0.00975	0.00795	0.00394	0.00856
23	0.00809	0.00572	0.00743	0.00871	0.00904	0.00540	0.00570	0.00905	0.01194	0.01592	0.03340	0.66355	0.03995	0.12920	0.01181	0.00315	0.00411	0.01707	0.00570	0.00506
24	0.64132	0.01595	0.01178	0.01123	0.04269	0.14833	0.00851	0.02027	0.01248	0.02627	0.00930	0.01093	0.00737	0.00611	0.00443	0.00193	0.00632	0.00371	0.00384	0.00722
25	0.01035	0.00797	0.01141	0.04967	0.10718	0.00852	0.00822	0.01190	0.01063	0.01475	0.01773	0.03149	0.01836	0.37337	0.28391	0.00696	0.01052	0.00784	0.00361	0.00558
26	0.01621	0.10560	0.16254	0.01424	0.05456	0.05063	0.01276	0.05426	0.11055	0.08014	0.01622	0.06863	0.01342	0.00732	0.00582	0.00173	0.00662	0.00590	0.00442	0.20844
27	0.47656	0.03368	0.05031	0.03712	0.06213	0.05073	0.02891	0.06514	0.01364	0.04870	0.01161	0.04018	0.00947	0.00666	0.00497	0.00195	0.00615	0.00473	0.00412	0.04324

[dist]
# distance from previous block
# <min> <max>
0	3

[block]
# block no. 1 follows, 34 sequences, length 34
# corresponding to MSA columns:
# 168-179,249-270
name=unknown_B
#
# <colnr> <probs for GDERKNQSTAVLIFYWHMCP>
#	G	D	E	R	K	N	Q	S	T	A	V	L	I	F	Y	W	H	M	C	P
0	0.01485	0.01387	0.04650	0.21555	0.34887	0.01382	0.05889	0.03514	0.01473	0.05578	0.04617	0.02074	0.03677	0.04164	0.00778	0.00221	0.00764	0.00656	0.00372	0.00877
1	0.01924	0.01060	0.01393	0.01070	0.01540	0.00887	0.02550	0.02197	0.01577	0.32261	0.07453	0.02181	0.03304	0.01032	0.06109	0.00224	0.00600	0.00611	0.00585	0.31444
2	0.01607	0.01388	0.01461	0.01315	0.01680	0.01607	0.01023	0.03433	0.72094	0.02703	0.02630	0.02411	0.01972	0.00877	0.00657	0.00219	0.00511	0.00731	0.00657	0.01023
3	0.06512	0.01240	0.01628	0.05315	0.01691	0.01573	0.01175	0.04809	0.07874	0.05539	0.09950	0.02048	0.01690	0.01337	0.07311	0.00311	0.38166	0.00656	0.00424	0.00751
4	0.16018	0.08287	0.01805	0.01348	0.01792	0.17620	0.01098	0.30789	0.04281	0.07039	0.01359	0.01426	0.01018	0.00808	0.02404	0.00206	0.00781	0.00497	0.00507	0.00916
5	0.40896	0.01458	0.01410	0.01140	0.01599	0.01615	0.00941	0.29863	0.01965	0.11481	0.01351	0.01383	0.00963	0.00693	0.00528	0.00198	0.00590	0.00477	0.00545	0.00906
6	0.01347	0.01213	0.04944	0.12321	0.02139	0.01310	0.10172	0.01635	0.01227	0.07802	0.01570	0.05431	0.01420	0.05783	0.17881	0.00442	0.19411	0.02858	0.00376	0.00717
7	0.00937	0.00635	0.00748	0.00748	0.00763	0.00650	0.00445	0.00967	0.00952	0.01285	0.01996	0.04010	0.02254	0.67925	0.12527	0.00680	0.00769	0.00908	0.00386	0.00415
8	0.81856	0.01250	0.00950	0.00850	0.01250	0.01449	0.00700	0.01899	0.01100	0.02899	0.00900	0.01050	0.00700	0.00600	0.00400	0.00200	0.00500	0.00350	0.00400	0.00700
9	0.01429	0.01854	0.18684	0.06606	0.07127	0.04573	0.16695	0.01916	0.03281	0.03948	0.01572	0.05425	0.03697	0.00687	0.00635	0.00183	0.00789	0.00638	0.00370	0.19892
10	0.02619	0.01178	0.01512	0.01171	0.01656	0.01080	0.00960	0.10440	0.05454	0.55653	0.05081	0.02191	0.01700	0.00802	0.00644	0.00194	0.00552	0.00651	0.00748	0.05714
11	0.01302	0.01329	0.05648	0.51553	0.20737	0.01427	0.01818	0.01732	0.01362	0.01822	0.04294	0.01810	0.01126	0.00657	0.00648	0.00209	0.00819	0.00596	0.00313	0.00798
12	0.05996	0.01491	0.08814	0.55974	0.03882	0.04653	0.04415	0.03954	0.01375	0.01850	0.01147	0.01621	0.00859	0.00641	0.00630	0.00211	0.00867	0.00553	0.00307	0.00759
13	0.01445	0.01524	0.05397	0.38700	0.29328	0.05723	0.04999	0.01862	0.01402	0.01851	0.01172	0.01631	0.00922	0.00615	0.00644	0.00204	0.00859	0.00570	0.00303	0.00849
14	0.00933	0.00655	0.00848	0.00848	0.00898	0.00704	0.00570	0.01032	0.00982	0.01359	0.01905	0.03503	0.02034	0.46189	0.33961	0.00803	0.01101	0.00833	0.00372	0.00471
15	0.01103	0.00561	0.00836	0.00845	0.00847	0.00559	0.00563	0.00845	0.00865	0.01153	0.01263	0.06298	0.01305	0.02232	0.02427	0.76518	0.00550	0.00635	0.00299	0.00295
16	0.01041	0.00744	0.01041	0.01190	0.01339	0.00744	0.01041	0.01339	0.01487	0.01934	0.03421	0.07288	0.03719	0.01785	0.00892	0.00297	0.00595	0.68913	0.00595	0.00595
17	0.01727	0.77681	0.03386	0.01106	0.01658	0.02557	0.01106	0.01935	0.01313	0.01520	0.00898	0.01036	0.00829	0.00553	0.00415	0.00138	0.00691	0.00345	0.00276	0.00829
18	0.02296	0.15924	0.02099	0.01568	0.01939	0.62277	0.01224	0.02469	0.01742	0.01571	0.00981	0.01143	0.00832	0.00646	0.00554	0.00162	0.01084	0.00404	0.00323	0.00763
19	0.00857	0.00635	0.00805	0.00852	0.00978	0.00583	0.00629	0.01070	0.01528	0.02048	0.29977	0.29448	0.17788	0.01664	0.00797	0.00236	0.00363	0.08532	0.00641	0.00568
20	0.00935	0.00693	0.01011	0.00982	0.01092	0.00733	0.03067	0.01124	0.01192	0.01673	0.14212	0.11602	0.02769	0.15212	0.37518	0.03153	0.01098	0.00942	0.00442	0.00548
21	0.01204	0.00602	0.00602	0.00602	0.00753	0.00602	0.00452	0.01506	0.01355	0.02409	0.02108	0.02409	0.01656	0.00753	0.00452	0.00151	0.00301	0.00602	0.80879	0.00602
22	0.06017	0.30091	0.21773	0.01555	0.02191	0.05593	0.10030	0.06558	0.06776	0.02058	0.01195	0.01354	0.00941	0.00615	0.00551	0.00180	0.00811	0.00480	0.00343	0.00889
23	0.81856	0.01250	0.00950	0.00850	0.01250	0.01449	0.00700	0.01899	0.01100	0.02899	0.00900	0.01050	0.00700	0.00600	0.00400	0.00200	0.00500	0.00350	0.00400	0.00700
24	0.01825	0.16587	0.04925	0.05804	0.07491	0.12288	0.01311	0.10856	0.17427	0.03971	0.01464	0.01594	0.01156	0.00753	0.00768	0.00197	0.09709	0.00540	0.00433	0.00900
25	0.01296	0.03342	0.73944	0.01842	0.02797	0.01501	0.02387	0.02046	0.01364	0.02046	0.01160	0.01364	0.00818	0.00614	0.00614	0.00205	0.00955	0.00477	0.00273	0.00955
26	0.01770	0.13170	0.10696	0.06896	0.22228	0.06321	0.06507	0.11023	0.04747	0.06359	0.01396	0.03578	0.01118	0.00676	0.00616	0.00191	0.00790	0.00579	0.00399	0.00940
27	0.01591	0.02685	0.42765	0.07813	0.02652	0.08111	0.03825	0.13957	0.03534	0.02319	0.01275	0.01488	0.00935	0.00805	0.03265	0.00231	0.00944	0.00520	0.00358	0.00928
28	0.00785	0.00571	0.00740	0.00876	0.00931	0.00527	0.00589	0.00902	0.01260	0.01659	0.03851	0.70006	0.10951	0.01987	0.00819	0.00258	0.00370	0.01791	0.00600	0.00527
29	0.04920	0.04385	0.01626	0.03798	0.01790	0.04677	0.01045	0.20806	0.20954	0.17714	0.04019	0.02166	0.04908	0.00828	0.00632	0.00198	0.00604	0.00656	0.00623	0.03651
30	0.01571	0.21607	0.09689	0.03950	0.20688	0.01776	0.09436	0.05933	0.03707	0.02027	0.01349	0.03619	0.01169	0.00710	0.00682	0.00193	0.04914	0.02999	0.03095	0.00886
31	0.01204	0.00602	0.00602	0.00602	0.00753	0.00602	0.00452	0.01506	0.01355	0.02409	0.02108	0.02409	0.01656	0.00753	0.00452	0.00151	0.00301	0.00602	0.80879	0.00602
32	0.01181	0.01108	0.01734	0.50586	0.03384	0.01375	0.01513	0.01525	0.01291	0.01694	0.05340	0.02376	0.09942	0.00881	0.00910	0.00226	0.13201	0.00699	0.00346	0.00689
33	0.00967	0.00657	0.00735	0.00729	0.00744	0.00666	0.00417	0.01040	0.03813	0.01311	0.02060	0.04155	0.02334	0.74206	0.03182	0.00610	0.00622	0.00931	0.00402	0.00417

[dist]
# distance from previous block
# <min> <max>
0	1

[block]
# block no. 2 follows, 34 sequences, length 25
# corresponding to MSA columns:
# 272-296
name=unknown_C
#
# <colnr> <probs for GDERKNQSTAVLIFYWHMCP>
#	G	D	E	R	K	N	Q	S	T	A	V	L	I	F	Y	W	H	M	C	P
0	0.01746	0.56190	0.11416	0.01252	0.01831	0.04955	0.01265	0.07013	0.05730	0.01838	0.01084	0.01199	0.00916	0.00600	0.00475	0.00156	0.00730	0.00404	0.00327	0.00872
1	0.78247	0.01245	0.00967	0.00855	0.01262	0.01423	0.00703	0.01887	0.01110	0.02863	0.00911	0.01063	0.00711	0.00594	0.00403	0.00195	0.00499	0.00351	0.00399	0.04310
2	0.01122	0.00561	0.00842	0.00842	0.00842	0.00561	0.00561	0.00842	0.00842	0.01122	0.01122	0.01964	0.01122	0.02245	0.02525	0.81201	0.00561	0.00561	0.00281	0.00281
3	0.78674	0.01244	0.00972	0.00862	0.01266	0.01429	0.00710	0.01950	0.01130	0.05753	0.00966	0.01096	0.00736	0.00608	0.00410	0.00200	0.00502	0.00362	0.00416	0.00716
4	0.01991	0.01819	0.05400	0.07718	0.04161	0.17148	0.06361	0.14380	0.09743	0.12838	0.08508	0.01993	0.01645	0.00787	0.00687	0.00199	0.02565	0.00636	0.00520	0.00901
5	0.02322	0.02254	0.01859	0.01552	0.01960	0.30419	0.01228	0.35513	0.08185	0.02869	0.01392	0.01465	0.01055	0.00757	0.00690	0.00189	0.04317	0.00528	0.00508	0.00938
6	0.01755	0.74652	0.03323	0.01128	0.01672	0.05486	0.01111	0.01961	0.01334	0.01523	0.00902	0.01042	0.00829	0.00557	0.00421	0.00139	0.00710	0.00348	0.00279	0.00826
7	0.01204	0.00602	0.00602	0.00602	0.00753	0.00602	0.00452	0.01506	0.01355	0.02409	0.02108	0.02409	0.01656	0.00753	0.00452	0.00151	0.00301	0.00602	0.80879	0.00602
8	0.03569	0.19764	0.31840	0.06615	0.05457	0.01780	0.01698	0.05156	0.14071	0.02126	0.01374	0.01510	0.01048	0.00654	0.00575	0.00192	0.00778	0.00504	0.00365	0.00925
9	0.11341	0.04907	0.05724	0.01359	0.04977	0.01488	0.01113	0.22895	0.01853	0.09911	0.01577	0.01691	0.03662	0.00909	0.03962	0.00219	0.05554	0.00540	0.00493	0.15826
10	0.16494	0.05385	0.03740	0.01369	0.01819	0.15492	0.01129	0.29360	0.13941	0.02991	0.01471	0.01504	0.01104	0.00726	0.00581	0.00192	0.00731	0.00520	0.00518	0.00932
11	0.01296	0.03342	0.73944	0.01842	0.02797	0.01501	0.02387	0.02046	0.01364	0.02046	0.01160	0.01364	0.00818	0.00614	0.00614	0.00205	0.00955	0.00477	0.00273	0.00955
12	0.02866	0.01153	0.01533	0.01175	0.01676	0.01029	0.00971	0.08258	0.01939	0.68474	0.02474	0.02151	0.01562	0.00798	0.00650	0.00199	0.00562	0.00645	0.00788	0.01100
13	0.02899	0.01100	0.01499	0.01150	0.01649	0.00950	0.00950	0.03149	0.01849	0.73709	0.02549	0.02199	0.01599	0.00800	0.00650	0.00200	0.00550	0.00650	0.00800	0.01100
14	0.81856	0.01250	0.00950	0.00850	0.01250	0.01449	0.00700	0.01899	0.01100	0.02899	0.00900	0.01050	0.00700	0.00600	0.00400	0.00200	0.00500	0.00350	0.00400	0.00700
15	0.00914	0.00660	0.00864	0.00813	0.00965	0.00610	0.00610	0.01219	0.01829	0.02591	0.72921	0.04827	0.06097	0.01321	0.00762	0.00203	0.00305	0.01169	0.00711	0.00610
16	0.00897	0.00725	0.00857	0.00885	0.03938	0.00659	0.00624	0.01200	0.04709	0.02148	0.33311	0.05291	0.39543	0.01430	0.00753	0.00211	0.00344	0.01224	0.00636	0.00612
17	0.01204	0.00602	0.00602	0.00602	0.00753	0.00602	0.00452	0.01506	0.01355	0.02409	0.02108	0.02409	0.01656	0.00753	0.00452	0.00151	0.00301	0.00602	0.80879	0.00602
18	0.04632	0.07922	0.05269	0.06689	0.06315	0.03516	0.06316	0.06367	0.06093	0.08589	0.04545	0.05687	0.12085	0.01332	0.07704	0.02189	0.02725	0.00767	0.00469	0.00789
19	0.04803	0.16275	0.06419	0.06184	0.04955	0.05044	0.05832	0.13356	0.01647	0.04084	0.06476	0.03797	0.01403	0.00780	0.00785	0.00193	0.10368	0.00589	0.00414	0.06597
20	0.04705	0.10164	0.12924	0.01575	0.08836	0.04736	0.04152	0.01927	0.01380	0.06734	0.01188	0.01395	0.00947	0.00606	0.00664	0.00161	0.06715	0.00460	0.00364	0.30366
21	0.04527	0.13961	0.27037	0.03970	0.13900	0.01505	0.04830	0.01889	0.02997	0.03690	0.07336	0.03945	0.06215	0.00766	0.00615	0.00195	0.00740	0.00643	0.00375	0.00865
22	0.05500	0.04613	0.23727	0.01867	0.10159	0.15266	0.07570	0.02139	0.07812	0.02047	0.03507	0.04852	0.02868	0.00730	0.00621	0.00194	0.00835	0.00606	0.00374	0.04714
23	0.04074	0.17765	0.15956	0.01439	0.03739	0.03814	0.01328	0.02157	0.07923	0.10089	0.04779	0.03792	0.01508	0.01066	0.05120	0.00257	0.06629	0.00602	0.00455	0.07506
24	0.08540	0.03404	0.17461	0.03374	0.06876	0.03605	0.03910	0.09438	0.11082	0.04883	0.11658	0.06910	0.02096	0.00940	0.00728	0.00227	0.02677	0.00751	0.00520	0.00919

[dist]
# distance from previous block
# <min> <max>
10	51

[block]
# block no. 3 follows, 34 sequences, length 9
# corresponding to MSA columns:
# 348-356
name=unknown_D
#
# <colnr> <probs for GDERKNQSTAVLIFYWHMCP>
#	G	D	E	R	K	N	Q	S	T	A	V	L	I	F	Y	W	H	M	C	P
0	0.07653	0.03378	0.07913	0.19202	0.10926	0.01519	0.10154	0.07474	0.01473	0.06119	0.01245	0.01582	0.00962	0.00767	0.02439	0.00222	0.08606	0.00558	0.00369	0.07438
1	0.13299	0.05708	0.04244	0.18156	0.15707	0.05810	0.01344	0.09328	0.04222	0.02205	0.01292	0.01741	0.01079	0.07185	0.02623	0.00249	0.00759	0.00549	0.00379	0.04122
2	0.01209	0.00828	0.01084	0.07290	0.01455	0.00849	0.00858	0.01570	0.07966	0.09639	0.09045	0.23056	0.11135	0.05627	0.00954	0.00264	0.03041	0.12872	0.00587	0.00670
3	0.01945	0.04168	0.16882	0.01937	0.12386	0.01460	0.10124	0.14640	0.01794	0.19059	0.01601	0.01724	0.01147	0.00888	0.04530	0.00240	0.00824	0.00590	0.00484	0.03580
4	0.00860	0.00660	0.00791	0.00820	0.00963	0.00610	0.00591	0.01130	0.04920	0.02022	0.26018	0.29808	0.25167	0.01634	0.00779	0.00229	0.00345	0.01434	0.00637	0.00581
5	0.01495	0.01216	0.01901	0.61451	0.03951	0.01456	0.01662	0.09275	0.01527	0.07972	0.01310	0.01744	0.00949	0.00673	0.00646	0.00212	0.00819	0.00581	0.00369	0.00791
6	0.00786	0.00569	0.00743	0.00882	0.00932	0.00526	0.00592	0.00902	0.01254	0.01656	0.03778	0.71730	0.09274	0.01996	0.00820	0.00259	0.00371	0.01802	0.00600	0.00526
7	0.10511	0.01209	0.01673	0.16674	0.10604	0.01270	0.03182	0.05801	0.08585	0.22220	0.09934	0.02184	0.01795	0.00779	0.00638	0.00205	0.00625	0.00661	0.00550	0.00899
8	0.64132	0.05671	0.01244	0.00981	0.01398	0.05899	0.00812	0.09413	0.01364	0.02871	0.00976	0.01110	0.00758	0.00620	0.00438	0.00194	0.00573	0.00379	0.00416	0.00753

[dist]
# distance from previous block
# <min> <max>
2	6

[block]
# block no. 4 follows, 34 sequences, length 7
# corresponding to MSA columns:
# 363-369
name=unknown_E
#
# <colnr> <probs for GDERKNQSTAVLIFYWHMCP>
#	G	D	E	R	K	N	Q	S	T	A	V	L	I	F	Y	W	H	M	C	P
0	0.01350	0.02682	0.48241	0.01896	0.02575	0.01637	0.09234	0.01923	0.01285	0.01923	0.01095	0.01416	0.00843	0.00739	0.01015	0.00226	0.20227	0.00530	0.00281	0.00883
1	0.61624	0.01211	0.01091	0.00927	0.01352	0.01321	0.00764	0.02220	0.01292	0.21044	0.01322	0.01344	0.00930	0.00651	0.00464	0.00200	0.00513	0.00427	0.00502	0.00802
2	0.01213	0.01117	0.01850	0.63762	0.08088	0.01358	0.01660	0.01597	0.01266	0.01637	0.01244	0.01975	0.01025	0.08587	0.00920	0.00257	0.00831	0.00612	0.00300	0.00702
3	0.01067	0.00834	0.00991	0.00943	0.01140	0.00851	0.00708	0.01730	0.19740	0.02453	0.42420	0.13334	0.08620	0.01313	0.00743	0.00216	0.00368	0.01151	0.00677	0.00701
4	0.01331	0.02614	0.48070	0.01706	0.02532	0.01351	0.09075	0.01941	0.01375	0.02064	0.01172	0.01397	0.00871	0.00572	0.00595	0.00178	0.00847	0.00483	0.00307	0.21520
5	0.01251	0.00947	0.01066	0.00968	0.01222	0.00944	0.00756	0.18997	0.01920	0.02518	0.18444	0.13459	0.27462	0.01408	0.00750	0.00220	0.00445	0.05888	0.00635	0.00701
6	0.01308	0.01141	0.01793	0.16101	0.31501	0.01207	0.01376	0.03888	0.01316	0.01811	0.01565	0.05820	0.01523	0.20593	0.06054	0.00365	0.00790	0.00734	0.00358	0.00756

[dist]
# distance from previous block
# <min> <max>
2	8

[block]
# block no. 5 follows, 34 sequences, length 41
# corresponding to MSA columns:
# 381-421
name=unknown_F
#
# <colnr> <probs for GDERKNQSTAVLIFYWHMCP>
#	G	D	E	R	K	N	Q	S	T	A	V	L	I	F	Y	W	H	M	C	P
0	0.33003	0.05538	0.01761	0.02998	0.01846	0.06146	0.08462	0.20443	0.01784	0.07237	0.01334	0.01608	0.01035	0.00705	0.00558	0.00199	0.00685	0.03326	0.00477	0.00855
1	0.08674	0.20474	0.09357	0.05805	0.07027	0.03916	0.02900	0.03580	0.04465	0.06770	0.03438	0.06795	0.01412	0.03148	0.03849	0.00231	0.00721	0.00604	0.00402	0.06431
2	0.01112	0.00565	0.00834	0.00834	0.00834	0.00565	0.00551	0.00847	0.00847	0.01130	0.01175	0.02095	0.01193	0.06588	0.02569	0.76538	0.00565	0.00583	0.00287	0.00287
3	0.55126	0.01274	0.03472	0.01091	0.04068	0.01371	0.00877	0.06775	0.01292	0.04447	0.01232	0.01637	0.01027	0.01168	0.09047	0.00301	0.00688	0.03944	0.00424	0.00739
4	0.01709	0.08392	0.01568	0.01157	0.01522	0.01383	0.00933	0.22198	0.12788	0.08301	0.17967	0.10511	0.02703	0.01014	0.00663	0.00197	0.00527	0.00844	0.00621	0.05003
5	0.00834	0.00653	0.00754	0.00738	0.00918	0.00574	0.00550	0.01060	0.01625	0.02128	0.36745	0.08638	0.39458	0.01509	0.00766	0.00213	0.00319	0.01295	0.00651	0.00574
6	0.01204	0.00602	0.00602	0.00602	0.00753	0.00602	0.00452	0.01506	0.01355	0.02409	0.02108	0.02409	0.01656	0.00753	0.00452	0.00151	0.00301	0.00602	0.80879	0.00602
7	0.52476	0.01244	0.01156	0.00953	0.01402	0.01316	0.00782	0.06255	0.01375	0.14541	0.01247	0.01311	0.00909	0.00626	0.00467	0.00185	0.00518	0.00418	0.00478	0.12340
8	0.01679	0.69373	0.11271	0.01188	0.01786	0.02439	0.01249	0.01947	0.01319	0.01579	0.00927	0.01073	0.00828	0.00560	0.00437	0.00146	0.00720	0.00360	0.00276	0.00843
9	0.71223	0.01377	0.03565	0.00947	0.01378	0.01506	0.00810	0.08751	0.01300	0.02986	0.00973	0.01110	0.00743	0.00618	0.00432	0.00199	0.00536	0.00377	0.00420	0.00748
10	0.01110	0.00566	0.00832	0.00832	0.00832	0.00566	0.00550	0.00848	0.00848	0.01131	0.01185	0.02119	0.01206	0.07378	0.02577	0.75689	0.00566	0.00587	0.00288	0.00288
11	0.05945	0.01692	0.01825	0.04927	0.02038	0.01895	0.01201	0.54937	0.12769	0.03708	0.01657	0.01659	0.01194	0.00776	0.00637	0.00199	0.00680	0.00592	0.00620	0.01052
12	0.00805	0.00590	0.00761	0.00890	0.00962	0.00546	0.00621	0.00940	0.01291	0.01687	0.03968	0.61155	0.13861	0.01950	0.00822	0.00259	0.00387	0.07372	0.00599	0.00534
13	0.00826	0.00595	0.00768	0.00864	0.00919	0.00576	0.00581	0.00938	0.01185	0.01575	0.03344	0.50639	0.09256	0.14616	0.09776	0.00408	0.00569	0.01519	0.00536	0.00511
14	0.01296	0.03342	0.73944	0.01842	0.02797	0.01501	0.02387	0.02046	0.01364	0.02046	0.01160	0.01364	0.00818	0.00614	0.00614	0.00205	0.00955	0.00477	0.00273	0.00955
15	0.18034	0.01128	0.01394	0.01092	0.01573	0.01045	0.00902	0.02909	0.01706	0.60136	0.02233	0.01979	0.01427	0.00761	0.00602	0.00200	0.00540	0.00592	0.00723	0.01023
16	0.14019	0.01735	0.01404	0.01257	0.01593	0.26337	0.00970	0.04333	0.04567	0.19410	0.01938	0.14381	0.01708	0.00958	0.00625	0.00202	0.00729	0.02496	0.00530	0.00806
17	0.01193	0.00723	0.00946	0.00855	0.01060	0.00656	0.00653	0.01484	0.01817	0.12754	0.60077	0.04507	0.08226	0.01259	0.00746	0.00203	0.00341	0.01102	0.00719	0.00677
18	0.00915	0.00691	0.00848	0.00803	0.00978	0.00640	0.00604	0.01257	0.04797	0.02429	0.56749	0.04997	0.19155	0.01364	0.00758	0.00207	0.00318	0.01188	0.00687	0.00615
19	0.01204	0.00602	0.00602	0.00602	0.00753	0.00602	0.00452	0.01506	0.01355	0.02409	0.02108	0.02409	0.01656	0.00753	0.00452	0.00151	0.00301	0.00602	0.80879	0.00602
20	0.01408	0.01287	0.02173	0.47464	0.29323	0.01457	0.01837	0.01816	0.01374	0.03986	0.01215	0.01692	0.00942	0.00625	0.00644	0.00206	0.00818	0.00577	0.00314	0.00840
21	0.01534	0.01730	0.06677	0.02312	0.02835	0.01694	0.45904	0.04364	0.09230	0.02116	0.01376	0.01736	0.01063	0.00690	0.00968	0.00227	0.13600	0.00706	0.00363	0.00872
22	0.00787	0.00562	0.00750	0.00900	0.00937	0.00525	0.00600	0.00900	0.01237	0.01649	0.03561	0.76871	0.04274	0.02024	0.00825	0.00262	0.00375	0.01837	0.00600	0.00525
23	0.48017	0.01708	0.01292	0.01123	0.01527	0.19076	0.00896	0.06628	0.01491	0.11294	0.01166	0.01250	0.00867	0.00651	0.00490	0.00191	0.00680	0.00417	0.00448	0.00786
24	0.00864	0.00644	0.00900	0.01124	0.05905	0.00615	0.00718	0.01005	0.01254	0.01683	0.03310	0.64249	0.03907	0.03930	0.02647	0.00288	0.00453	0.05375	0.00569	0.00561
25	0.81856	0.01250	0.00950	0.00850	0.01250	0.01449	0.00700	0.01899	0.01100	0.02899	0.00900	0.01050	0.00700	0.00600	0.00400	0.00200	0.00500	0.00350	0.00400	0.00700
26	0.00948	0.00709	0.01005	0.00993	0.01078	0.00818	0.00742	0.01124	0.01014	0.01448	0.01760	0.02863	0.01744	0.20696	0.55794	0.00915	0.04711	0.00741	0.00353	0.00542
27	0.02899	0.01100	0.01499	0.01150	0.01649	0.00950	0.00950	0.03149	0.01849	0.73709	0.02549	0.02199	0.01599	0.00800	0.00650	0.00200	0.00550	0.00650	0.00800	0.01100
28	0.01869	0.01927	0.09096	0.11454	0.07188	0.15613	0.04658	0.23321	0.01985	0.04001	0.04554	0.05610	0.01413	0.03545	0.00745	0.00213	0.00823	0.00651	0.00458	0.00875
29	0.01720	0.31825	0.05540	0.01605	0.02134	0.05478	0.19226	0.06643	0.04862	0.05639	0.03097	0.01595	0.01166	0.00914	0.05651	0.00237	0.00874	0.00556	0.00377	0.00859
30	0.02899	0.01100	0.01499	0.01150	0.01649	0.00950	0.00950	0.03149	0.01849	0.73709	0.02549	0.02199	0.01599	0.00800	0.00650	0.00200	0.00550	0.00650	0.00800	0.01100
31	0.00997	0.00774	0.00938	0.00940	0.01113	0.00761	0.00698	0.01396	0.10684	0.01918	0.10782	0.24228	0.13053	0.08104	0.07810	0.00337	0.00554	0.07632	0.00562	0.06720
32	0.01511	0.01712	0.03686	0.05033	0.03351	0.01640	0.66186	0.02038	0.01498	0.02038	0.01286	0.01730	0.00972	0.00569	0.00808	0.00220	0.03788	0.00749	0.00324	0.00861
33	0.05802	0.01466	0.01470	0.01315	0.01683	0.05034	0.01032	0.08029	0.57596	0.02728	0.02418	0.02405	0.01857	0.00880	0.00649	0.00217	0.00559	0.03253	0.00626	0.00983
34	0.01832	0.43703	0.02682	0.04082	0.01848	0.15479	0.01187	0.05784	0.07066	0.01768	0.01093	0.01259	0.00938	0.00671	0.00653	0.00170	0.08189	0.00431	0.00337	0.00828
35	0.01078	0.00704	0.00914	0.00887	0.00961	0.00749	0.00611	0.01181	0.01048	0.06317	0.01987	0.06135	0.02074	0.42382	0.27068	0.00712	0.03410	0.00858	0.00408	0.00518
36	0.01082	0.00823	0.00859	0.00830	0.00868	0.04525	0.00515	0.03659	0.01079	0.01405	0.01992	0.07284	0.02259	0.64101	0.02891	0.00557	0.03487	0.00928	0.00404	0.00454
37	0.62356	0.01436	0.03841	0.06090	0.01605	0.05224	0.00897	0.06245	0.01299	0.02780	0.02689	0.01235	0.00876	0.00635	0.00458	0.00199	0.00584	0.00407	0.00407	0.00736
38	0.46192	0.10268	0.04153	0.01077	0.01505	0.09700	0.00925	0.09948	0.01489	0.02679	0.05922	0.01389	0.01149	0.00672	0.00483	0.00189	0.00623	0.00444	0.00423	0.00770
39	0.12109	0.04986	0.10319	0.01456	0.04494	0.12710	0.03430	0.18887	0.01849	0.06717	0.05247	0.10245	0.01627	0.02290	0.00671	0.00207	0.00726	0.00694	0.00486	0.00852
40	0.07186	0.06149	0.04363	0.11127	0.15877	0.12982	0.01271	0.02027	0.03212	0.11552	0.05699	0.04686	0.09529	0.00843	0.00628	0.00196	0.00705	0.00691	0.00452	0.00824

[dist]
# distance from previous block
# <min> <max>
0	8

[block]
# block no. 6 follows, 34 sequences, length 23
# corresponding to MSA columns:
# 431-453
name=unknown_G
#
# <colnr> <probs for GDERKNQSTAVLIFYWHMCP>
#	G	D	E	R	K	N	Q	S	T	A	V	L	I	F	Y	W	H	M	C	P
0	0.01229	0.00976	0.01113	0.01063	0.01300	0.03723	0.00855	0.07667	0.05090	0.03796	0.10235	0.10166	0.17696	0.01545	0.03964	0.00266	0.03001	0.19523	0.00575	0.06217
1	0.13207	0.01042	0.01120	0.00993	0.01299	0.01078	0.00781	0.12565	0.09893	0.08876	0.15847	0.09297	0.17562	0.01166	0.00677	0.00213	0.00459	0.02533	0.00622	0.00769
2	0.00815	0.00612	0.00756	0.00836	0.00938	0.00564	0.00590	0.00963	0.01330	0.01726	0.08890	0.42178	0.23247	0.05693	0.04315	0.00301	0.00442	0.04682	0.00585	0.00535
3	0.05420	0.01733	0.01818	0.01426	0.01907	0.04416	0.01169	0.57443	0.05002	0.06814	0.01594	0.01623	0.01150	0.00970	0.04283	0.00236	0.00756	0.00580	0.00618	0.01043
4	0.81856	0.01250	0.00950	0.00850	0.01250	0.01449	0.00700	0.01899	0.01100	0.02899	0.00900	0.01050	0.00700	0.00600	0.00400	0.00200	0.00500	0.00350	0.00400	0.00700
5	0.01094	0.00852	0.00995	0.00923	0.01139	0.00857	0.00702	0.04782	0.15718	0.02515	0.42961	0.07554	0.14812	0.01285	0.00739	0.00211	0.00371	0.01113	0.00676	0.00701
6	0.01528	0.05402	0.27727	0.11828	0.11715	0.01561	0.18355	0.04107	0.03668	0.05989	0.01322	0.01600	0.00975	0.00617	0.00652	0.00205	0.00897	0.00585	0.00345	0.00922
7	0.01204	0.00602	0.00602	0.00602	0.00753	0.00602	0.00452	0.01506	0.01355	0.02409	0.02108	0.02409	0.01656	0.00753	0.00452	0.00151	0.00301	0.00602	0.80879	0.00602
8	0.01164	0.01327	0.10749	0.19199	0.02332	0.01277	0.04762	0.01547	0.03047	0.01797	0.08595	0.05205	0.05225	0.01708	0.15216	0.00386	0.14641	0.00741	0.00376	0.00707
9	0.81856	0.01250	0.00950	0.00850	0.01250	0.01449	0.00700	0.01899	0.01100	0.02899	0.00900	0.01050	0.00700	0.00600	0.00400	0.00200	0.00500	0.00350	0.00400	0.00700
10	0.05470	0.13973	0.02009	0.01517	0.01897	0.52690	0.01190	0.05939	0.06248	0.01821	0.01111	0.01240	0.00912	0.00665	0.00558	0.00168	0.01003	0.00431	0.00363	0.00794
11	0.01296	0.03342	0.73944	0.01842	0.02797	0.01501	0.02387	0.02046	0.01364	0.02046	0.01160	0.01364	0.00818	0.00614	0.00614	0.00205	0.00955	0.00477	0.00273	0.00955
12	0.05653	0.01606	0.03324	0.06341	0.01898	0.09485	0.01120	0.13794	0.34413	0.02634	0.05222	0.02104	0.01686	0.02835	0.00748	0.00217	0.02952	0.00650	0.00551	0.02768
13	0.04386	0.02237	0.06776	0.01616	0.03987	0.28088	0.01303	0.21898	0.08590	0.02468	0.01332	0.01517	0.01055	0.02635	0.00843	0.00208	0.09207	0.00529	0.00446	0.00881
14	0.00795	0.00584	0.00736	0.00846	0.00917	0.00536	0.00572	0.00918	0.01285	0.01682	0.06517	0.58938	0.15912	0.05382	0.00925	0.00269	0.00376	0.01691	0.00594	0.00525
15	0.08005	0.01375	0.01597	0.01355	0.04722	0.03717	0.02769	0.24567	0.04192	0.25883	0.02107	0.04123	0.04182	0.07412	0.00867	0.00237	0.00633	0.00684	0.00621	0.00951
16	0.01367	0.16478	0.32286	0.01620	0.02180	0.01679	0.06469	0.01810	0.01288	0.01811	0.01339	0.04100	0.01216	0.03515	0.00985	0.00231	0.14665	0.05826	0.00318	0.00820
17	0.01204	0.00602	0.00602	0.00602	0.00753	0.00602	0.00452	0.01506	0.01355	0.02409	0.02108	0.02409	0.01656	0.00753	0.00452	0.00151	0.00301	0.00602	0.80879	0.00602
18	0.01087	0.00870	0.01289	0.08961	0.15352	0.00881	0.01009	0.01381	0.04640	0.03425	0.08968	0.41172	0.03247	0.03626	0.00825	0.00246	0.00511	0.01304	0.00525	0.00680
19	0.01359	0.01232	0.01724	0.04489	0.01655	0.01644	0.01245	0.01521	0.01064	0.04631	0.01359	0.01954	0.04399	0.05413	0.10256	0.00377	0.54019	0.00640	0.00332	0.00686
20	0.01615	0.40447	0.11260	0.03344	0.01981	0.05279	0.05580	0.03619	0.01344	0.01718	0.01007	0.01262	0.00873	0.00762	0.02607	0.00197	0.11798	0.00444	0.00299	0.04561
21	0.05712	0.11527	0.15170	0.01820	0.10239	0.09874	0.08339	0.04105	0.06654	0.04925	0.01514	0.07403	0.01318	0.00790	0.00692	0.00200	0.04495	0.02242	0.00393	0.02587
22	0.01177	0.00915	0.01228	0.04279	0.01386	0.00991	0.03636	0.06705	0.04664	0.03697	0.12616	0.16374	0.09292	0.11332	0.08187	0.02684	0.08654	0.01031	0.00509	0.00642

[dist]
# distance from previous block
# <min> <max>
4	15

[block]
# block no. 7 follows, 34 sequences, length 53
# corresponding to MSA columns:
# 470-474,489-536
name=unknown_H
#
# <colnr> <probs for GDERKNQSTAVLIFYWHMCP>
#	G	D	E	R	K	N	Q	S	T	A	V	L	I	F	Y	W	H	M	C	P
0	0.00892	0.00658	0.00824	0.00783	0.00939	0.00600	0.00581	0.01161	0.01733	0.02398	0.59304	0.05019	0.16483	0.04744	0.00875	0.00224	0.00323	0.01189	0.00680	0.00590
1	0.02899	0.01100	0.01499	0.01150	0.01649	0.00950	0.00950	0.03149	0.01849	0.73709	0.02549	0.02199	0.01599	0.00800	0.00650	0.00200	0.00550	0.00650	0.00800	0.01100
2	0.30936	0.01322	0.04612	0.01097	0.01548	0.01293	0.00936	0.10196	0.06525	0.26757	0.07182	0.01890	0.01554	0.00762	0.00567	0.00201	0.00547	0.00572	0.00598	0.00906
3	0.00903	0.00658	0.00849	0.00807	0.00960	0.00604	0.00603	0.01195	0.01794	0.02520	0.67462	0.06839	0.09670	0.01357	0.00764	0.00206	0.00308	0.01197	0.00702	0.00604
4	0.01235	0.00962	0.01218	0.01044	0.01325	0.00944	0.05543	0.10998	0.07811	0.04493	0.29173	0.05918	0.24250	0.01249	0.00736	0.00210	0.00447	0.01081	0.00639	0.00723
5	0.01182	0.00600	0.00610	0.00618	0.00763	0.00598	0.00460	0.01473	0.01349	0.02368	0.02187	0.06441	0.01798	0.00822	0.00472	0.00157	0.00305	0.00669	0.76532	0.00598
6	0.01564	0.11069	0.05649	0.01314	0.03066	0.01499	0.02562	0.10276	0.19023	0.06187	0.19493	0.04021	0.02569	0.00949	0.00790	0.00206	0.07583	0.00759	0.00558	0.00862
7	0.01645	0.05648	0.06353	0.11236	0.05112	0.05499	0.16323	0.09257	0.01561	0.07335	0.01460	0.01775	0.02913	0.01039	0.06521	0.00269	0.09876	0.00613	0.00391	0.05173
8	0.01410	0.07789	0.17893	0.07629	0.13196	0.01416	0.08768	0.06059	0.01483	0.04106	0.03636	0.11581	0.03407	0.01029	0.03210	0.00240	0.03453	0.02460	0.00398	0.00836
9	0.01322	0.00857	0.01112	0.01139	0.01347	0.00850	0.00946	0.08817	0.01645	0.09407	0.03325	0.18130	0.07010	0.01611	0.00823	0.00266	0.00550	0.39537	0.00622	0.00685
10	0.02511	0.01144	0.01478	0.01130	0.01638	0.00997	0.00925	0.04749	0.05586	0.53916	0.02252	0.02024	0.01480	0.00740	0.00617	0.00180	0.00538	0.00600	0.00706	0.16787
11	0.01727	0.77681	0.03386	0.01106	0.01658	0.02557	0.01106	0.01935	0.01313	0.01520	0.00898	0.01036	0.00829	0.00553	0.00415	0.00138	0.00691	0.00345	0.00276	0.00829
12	0.00787	0.00562	0.00750	0.00900	0.00937	0.00525	0.00600	0.00900	0.01237	0.01649	0.03561	0.76871	0.04274	0.02024	0.00825	0.00262	0.00375	0.01837	0.00600	0.00525
13	0.01123	0.00972	0.06720	0.00978	0.01226	0.00804	0.00833	0.04467	0.01742	0.06260	0.44589	0.06982	0.11976	0.01290	0.00794	0.00214	0.02957	0.04752	0.00642	0.00678
14	0.00835	0.00632	0.00713	0.00732	0.00851	0.00572	0.00499	0.00965	0.01337	0.01711	0.13818	0.17704	0.33085	0.21972	0.01452	0.00333	0.00413	0.01305	0.00559	0.00509
15	0.01753	0.74899	0.03328	0.01126	0.01671	0.05247	0.01111	0.01959	0.01332	0.01522	0.00902	0.01041	0.00829	0.00557	0.00421	0.00139	0.00709	0.00348	0.00279	0.00826
16	0.01531	0.01371	0.03844	0.01578	0.04824	0.01641	0.01258	0.12131	0.06775	0.04145	0.01358	0.01823	0.01181	0.03819	0.14823	0.00402	0.35696	0.00614	0.00397	0.00790
17	0.01259	0.04449	0.07340	0.01149	0.03435	0.00955	0.00934	0.03305	0.07734	0.08729	0.06990	0.21123	0.10521	0.03708	0.08414	0.02351	0.00642	0.05710	0.00542	0.00710
18	0.01469	0.05053	0.61264	0.01706	0.02570	0.01436	0.02127	0.02133	0.01434	0.09918	0.04030	0.01578	0.01105	0.00659	0.00618	0.00202	0.00878	0.00519	0.00347	0.00954
19	0.00790	0.00618	0.00720	0.00796	0.00929	0.00548	0.00572	0.00939	0.01367	0.01713	0.05014	0.38250	0.37893	0.01821	0.00799	0.00243	0.00364	0.05486	0.00600	0.00539
20	0.01171	0.02078	0.37816	0.01456	0.02029	0.01149	0.01644	0.01774	0.05398	0.02078	0.08551	0.03736	0.07134	0.01092	0.00718	0.00233	0.00728	0.19971	0.00446	0.00798
21	0.01324	0.01268	0.02180	0.53420	0.07005	0.01486	0.11031	0.03873	0.03116	0.01851	0.03305	0.01809	0.01071	0.00678	0.00725	0.00216	0.03925	0.00621	0.00326	0.00768
22	0.01821	0.01494	0.01581	0.01358	0.01762	0.01707	0.01074	0.20444	0.54736	0.03047	0.02359	0.02195	0.01753	0.00851	0.00655	0.00213	0.00562	0.00693	0.00655	0.01042
23	0.02686	0.01066	0.01434	0.01128	0.01590	0.00934	0.00920	0.02972	0.03853	0.65677	0.02710	0.06626	0.03543	0.00894	0.00663	0.00205	0.00533	0.00739	0.00779	0.01050
24	0.01342	0.01308	0.01842	0.01600	0.01617	0.01808	0.01325	0.01496	0.00997	0.01547	0.00977	0.01578	0.00960	0.01673	0.12725	0.00393	0.65247	0.00584	0.00292	0.00688
25	0.00787	0.00562	0.00750	0.00900	0.00937	0.00525	0.00600	0.00900	0.01237	0.01649	0.03561	0.76871	0.04274	0.02024	0.00825	0.00262	0.00375	0.01837	0.00600	0.00525
26	0.01352	0.07536	0.59304	0.01892	0.02755	0.01596	0.09975	0.02025	0.01366	0.02000	0.01150	0.01389	0.00838	0.00621	0.00672	0.00205	0.03613	0.00505	0.00279	0.00929
27	0.01727	0.77681	0.03386	0.01106	0.01658	0.02557	0.01106	0.01935	0.01313	0.01520	0.00898	0.01036	0.00829	0.00553	0.00415	0.00138	0.00691	0.00345	0.00276	0.00829
28	0.01199	0.01100	0.01822	0.60213	0.08209	0.01320	0.01631	0.01608	0.01382	0.01818	0.11755	0.02173	0.01645	0.00741	0.00663	0.00212	0.00773	0.00662	0.00352	0.00721
29	0.01385	0.01328	0.02249	0.01664	0.02196	0.01165	0.27969	0.04304	0.01470	0.02112	0.01558	0.09454	0.01415	0.00723	0.00646	0.00171	0.00718	0.03288	0.00401	0.35783
30	0.00915	0.00654	0.00896	0.01046	0.01139	0.00635	0.00822	0.01120	0.01363	0.01792	0.03491	0.41872	0.03994	0.01904	0.00859	0.00280	0.00486	0.35575	0.00597	0.00560
31	0.01161	0.00721	0.01005	0.00968	0.01103	0.00767	0.00721	0.01342	0.01148	0.10323	0.03915	0.06621	0.02023	0.19500	0.44806	0.00787	0.01245	0.00810	0.00434	0.00600
32	0.01027	0.00762	0.01216	0.01094	0.01204	0.00740	0.10914	0.01081	0.01083	0.01454	0.02105	0.21888	0.02342	0.27649	0.04367	0.18484	0.00651	0.01051	0.00409	0.00478
33	0.00826	0.00590	0.00795	0.00944	0.00999	0.00558	0.00668	0.00967	0.01276	0.01693	0.03540	0.66184	0.04188	0.01988	0.00835	0.00268	0.00409	0.12139	0.00599	0.00536
34	0.01505	0.01661	0.03464	0.02513	0.03115	0.01594	0.61115	0.02157	0.08162	0.02103	0.01451	0.01842	0.01103	0.00773	0.04134	0.00255	0.01064	0.00756	0.00359	0.00872
35	0.01204	0.00602	0.00602	0.00602	0.00753	0.00602	0.00452	0.01506	0.01355	0.02409	0.02108	0.02409	0.01656	0.00753	0.00452	0.00151	0.00301	0.00602	0.80879	0.00602
36	0.02899	0.01100	0.01499	0.01150	0.01649	0.00950	0.00950	0.03149	0.01849	0.73709	0.02549	0.02199	0.01599	0.00800	0.00650	0.00200	0.00550	0.00650	0.00800	0.01100
37	0.01106	0.00792	0.01082	0.01204	0.01369	0.00801	0.01050	0.04528	0.01558	0.02031	0.03336	0.07026	0.03599	0.01739	0.00881	0.00293	0.00600	0.65789	0.00597	0.00618
38	0.01296	0.03342	0.73944	0.01842	0.02797	0.01501	0.02387	0.02046	0.01364	0.02046	0.01160	0.01364	0.00818	0.00614	0.00614	0.00205	0.00955	0.00477	0.00273	0.00955
39	0.01296	0.03342	0.73944	0.01842	0.02797	0.01501	0.02387	0.02046	0.01364	0.02046	0.01160	0.01364	0.00818	0.00614	0.00614	0.00205	0.00955	0.00477	0.00273	0.00955
40	0.02414	0.03079	0.01831	0.01665	0.01998	0.74698	0.01248	0.02580	0.01831	0.01581	0.00999	0.01165	0.00832	0.00666	0.00583	0.00166	0.01165	0.00416	0.00333	0.00749
41	0.01204	0.00602	0.00602	0.00602	0.00753	0.00602	0.00452	0.01506	0.01355	0.02409	0.02108	0.02409	0.01656	0.00753	0.00452	0.00151	0.00301	0.00602	0.80879	0.00602
42	0.00856	0.00616	0.00812	0.00853	0.00952	0.00571	0.00605	0.01073	0.01558	0.02160	0.41195	0.37780	0.05263	0.01643	0.00791	0.00230	0.00337	0.01474	0.00660	0.00571
43	0.06282	0.01231	0.01543	0.01197	0.01689	0.01166	0.00986	0.13895	0.04868	0.56615	0.02321	0.02054	0.01495	0.00790	0.00638	0.00200	0.00572	0.00629	0.00752	0.01079
44	0.02249	0.01928	0.01982	0.01865	0.12501	0.13065	0.01325	0.44479	0.08633	0.03281	0.01511	0.01574	0.01123	0.00738	0.00637	0.00192	0.00772	0.00568	0.00551	0.01027
45	0.03850	0.02031	0.19001	0.06495	0.02667	0.01644	0.21234	0.22716	0.04061	0.02681	0.01355	0.01572	0.00992	0.00643	0.00654	0.00199	0.00857	0.00594	0.00423	0.06330
46	0.02899	0.01100	0.01499	0.01150	0.01649	0.00950	0.00950	0.03149	0.01849	0.73709	0.02549	0.02199	0.01599	0.00800	0.00650	0.00200	0.00550	0.00650	0.00800	0.01100
47	0.00923	0.00692	0.01038	0.01038	0.01154	0.00808	0.00808	0.01154	0.01038	0.01500	0.01731	0.02538	0.01615	0.04846	0.74732	0.01038	0.01731	0.00692	0.00346	0.00577
48	0.01411	0.09062	0.28468	0.11455	0.15055	0.01533	0.12212	0.01927	0.01423	0.03489	0.03698	0.01819	0.04273	0.00667	0.00638	0.00200	0.00850	0.00602	0.00331	0.00887
49	0.00871	0.00732	0.00858	0.08145	0.01299	0.00691	0.00693	0.01140	0.04332	0.01822	0.08669	0.11440	0.49397	0.01534	0.00761	0.00226	0.00408	0.05818	0.00577	0.00587
50	0.01473	0.01660	0.03564	0.06705	0.03322	0.01573	0.63837	0.01994	0.01510	0.02032	0.01538	0.01946	0.04266	0.00600	0.00756	0.00218	0.01042	0.00779	0.00337	0.00848
51	0.01423	0.01422	0.04516	0.29964	0.35478	0.01463	0.06274	0.03643	0.01447	0.01969	0.01492	0.01895	0.04854	0.00663	0.00656	0.00204	0.00803	0.00627	0.00331	0.00875
52	0.01579	0.29046	0.34629	0.01507	0.02202	0.01942	0.01696	0.08285	0.06743	0.02074	0.01201	0.01346	0.00934	0.00646	0.00607	0.00184	0.03661	0.00463	0.00337	0.00919

[dist]
# distance from previous block
# <min> <max>
1	3

[block]
# block no. 8 follows, 34 sequences, length 36
# corresponding to MSA columns:
# 540-575
name=unknown_I
#
# <colnr> <probs for GDERKNQSTAVLIFYWHMCP>
#	G	D	E	R	K	N	Q	S	T	A	V	L	I	F	Y	W	H	M	C	P
0	0.04365	0.18105	0.02069	0.03335	0.01875	0.37038	0.01170	0.07759	0.01698	0.06607	0.01173	0.01356	0.00957	0.00973	0.05898	0.00234	0.03752	0.00458	0.00377	0.00801
1	0.01153	0.00614	0.00881	0.00872	0.00895	0.00628	0.00591	0.01008	0.05405	0.01224	0.01219	0.01993	0.01177	0.02157	0.02406	0.76015	0.00558	0.00572	0.00305	0.00328
2	0.01423	0.01452	0.02093	0.19359	0.02517	0.06388	0.09333	0.01720	0.02959	0.01656	0.01084	0.01650	0.00959	0.03466	0.03148	0.00278	0.38884	0.00599	0.00306	0.00726
3	0.00877	0.00645	0.00890	0.04745	0.01157	0.00668	0.00700	0.01024	0.01164	0.01566	0.02882	0.37185	0.07043	0.10607	0.21363	0.02587	0.00805	0.03077	0.00484	0.00532
4	0.01325	0.02728	0.54434	0.06852	0.02675	0.01408	0.04452	0.01959	0.01400	0.04785	0.06216	0.03651	0.01312	0.00724	0.00688	0.00210	0.03363	0.00587	0.00335	0.00898
5	0.01757	0.01446	0.01536	0.01329	0.01718	0.01648	0.01048	0.17635	0.54461	0.02987	0.05447	0.02334	0.01966	0.00875	0.00660	0.00213	0.00545	0.00718	0.00657	0.01021
6	0.01220	0.01148	0.01938	0.75739	0.04450	0.01436	0.01794	0.01651	0.01292	0.01651	0.01148	0.01723	0.00861	0.00646	0.00646	0.00215	0.00861	0.00574	0.00287	0.00718
7	0.01220	0.01148	0.01938	0.75739	0.04450	0.01436	0.01794	0.01651	0.01292	0.01651	0.01148	0.01723	0.00861	0.00646	0.00646	0.00215	0.00861	0.00574	0.00287	0.00718
8	0.00787	0.00562	0.00750	0.00900	0.00937	0.00525	0.00600	0.00900	0.01237	0.01649	0.03561	0.76871	0.04274	0.02024	0.00825	0.00262	0.00375	0.01837	0.00600	0.00525
9	0.00796	0.00569	0.00760	0.00910	0.00951	0.00533	0.00616	0.00915	0.01246	0.01660	0.03556	0.74394	0.04254	0.02016	0.00827	0.00264	0.00383	0.04225	0.00600	0.00527
10	0.01368	0.01300	0.02206	0.47679	0.31353	0.01475	0.01868	0.01781	0.01362	0.01831	0.01175	0.01674	0.00925	0.00619	0.00644	0.00206	0.00825	0.00575	0.00300	0.00837
