[name]
unknown

[dist]
# distance from previous block
# <min> <max>
0	212

[block]
# block no. 0 follows, 35 sequences, length 41
# corresponding to MSA columns:
# 240-280
name=unknown_A
#
# <colnr> <probs for GDERKNQSTAVLIFYWHMCP>
#	G	D	E	R	K	N	Q	S	T	A	V	L	I	F	Y	W	H	M	C	P
0	0.07225	0.31475	0.09008	0.01276	0.01761	0.13611	0.04081	0.05042	0.03950	0.01936	0.06571	0.01734	0.03222	0.00699	0.00531	0.00167	0.00727	0.02146	0.00371	0.04468
1	0.16125	0.15777	0.12049	0.01318	0.01837	0.08652	0.03612	0.17433	0.04160	0.07181	0.01537	0.01599	0.04749	0.00700	0.00551	0.00184	0.00709	0.00515	0.00442	0.00870
2	0.23180	0.13160	0.06002	0.01143	0.01554	0.15918	0.00981	0.04662	0.05507	0.07222	0.04086	0.01612	0.01222	0.04700	0.00650	0.00199	0.00677	0.00486	0.03516	0.03524
3	0.01469	0.01341	0.05209	0.01260	0.04000	0.07405	0.04150	0.09975	0.04978	0.03728	0.01963	0.07269	0.04357	0.03672	0.03822	0.00227	0.00650	0.05718	0.10508	0.18297
4	0.01551	0.27365	0.28370	0.01674	0.08959	0.05174	0.01619	0.04393	0.04971	0.01911	0.01126	0.01305	0.00901	0.00611	0.00587	0.00174	0.03430	0.00447	0.00314	0.05119
5	0.11715	0.01214	0.01168	0.00994	0.01296	0.06218	0.00768	0.19096	0.04339	0.06361	0.01700	0.02120	0.01399	0.12454	0.00937	0.00239	0.00555	0.00591	0.22409	0.04426
6	0.01545	0.01315	0.05324	0.03752	0.01774	0.01108	0.04159	0.10804	0.06603	0.07585	0.06832	0.03371	0.01509	0.00667	0.00569	0.00149	0.00556	0.00560	0.00475	0.41345
7	0.01644	0.68837	0.12116	0.01175	0.01766	0.02382	0.01241	0.01913	0.01295	0.01556	0.00914	0.01057	0.00813	0.00550	0.00431	0.00144	0.00710	0.00355	0.00271	0.00829
8	0.00773	0.00552	0.00736	0.00883	0.00920	0.00515	0.00589	0.00883	0.01215	0.01619	0.03497	0.77291	0.04196	0.01987	0.00810	0.00258	0.00368	0.01803	0.00589	0.00515
9	0.01645	0.69081	0.11883	0.01172	0.01763	0.02385	0.01237	0.01913	0.01295	0.01555	0.00913	0.01056	0.00813	0.00550	0.00431	0.00144	0.00710	0.00355	0.00271	0.00829
10	0.00922	0.00617	0.00703	0.00703	0.00707	0.00621	0.00399	0.00930	0.00926	0.01239	0.01988	0.04093	0.02281	0.75157	0.05742	0.00629	0.00653	0.00914	0.00383	0.00391
11	0.01006	0.00734	0.00884	0.00825	0.01022	0.00694	0.00625	0.01420	0.08710	0.05116	0.48643	0.04713	0.20589	0.01304	0.00734	0.00204	0.00333	0.01128	0.00672	0.00643
12	0.00906	0.00680	0.01020	0.01020	0.01133	0.00793	0.00793	0.01133	0.01020	0.01473	0.01699	0.02492	0.01586	0.04758	0.75191	0.01020	0.01699	0.00680	0.00340	0.00566
13	0.01925	0.48863	0.07818	0.01134	0.01672	0.01931	0.01112	0.02182	0.01455	0.20463	0.04935	0.01523	0.01267	0.00648	0.00498	0.00159	0.00642	0.00466	0.00426	0.00881
14	0.01696	0.78087	0.03324	0.01085	0.01628	0.02510	0.01085	0.01900	0.01289	0.01493	0.00882	0.01018	0.00814	0.00543	0.00407	0.00136	0.00678	0.00339	0.00271	0.00814
15	0.02090	0.01092	0.01319	0.01086	0.01466	0.01084	0.00871	0.09557	0.16418	0.34520	0.11189	0.02485	0.02153	0.00856	0.00628	0.00194	0.00487	0.00705	0.10856	0.00943
16	0.01696	0.78087	0.03324	0.01085	0.01628	0.02510	0.01085	0.01900	0.01289	0.01493	0.00882	0.01018	0.00814	0.00543	0.00407	0.00136	0.00678	0.00339	0.00271	0.00814
17	0.03629	0.01520	0.05167	0.01387	0.04106	0.01596	0.01110	0.22790	0.39083	0.02935	0.02324	0.02227	0.05637	0.00842	0.00635	0.00204	0.00573	0.00681	0.02574	0.00978
18	0.01310	0.01227	0.01816	0.01547	0.01646	0.01578	0.06356	0.01499	0.01064	0.03284	0.01217	0.06031	0.01187	0.01709	0.14240	0.00390	0.49444	0.00659	0.00325	0.03472
19	0.01967	0.01026	0.01532	0.01219	0.01612	0.00923	0.09591	0.02297	0.04390	0.38372	0.12808	0.10474	0.06953	0.00999	0.00689	0.00205	0.00537	0.00886	0.00667	0.02853
20	0.02297	0.02907	0.01759	0.01604	0.01920	0.71453	0.01204	0.02463	0.01759	0.01549	0.01016	0.01211	0.00855	0.00858	0.04290	0.00206	0.01172	0.00422	0.00328	0.00727
21	0.01272	0.03281	0.74418	0.01808	0.02746	0.01473	0.02344	0.02009	0.01339	0.02009	0.01138	0.01339	0.00804	0.00603	0.00603	0.00201	0.00938	0.00469	0.00268	0.00938
22	0.00758	0.00643	0.00655	0.00652	0.00862	0.00539	0.00489	0.00927	0.01466	0.01762	0.10324	0.06026	0.69563	0.01589	0.00750	0.00213	0.00320	0.01328	0.00595	0.00539
23	0.08961	0.01117	0.01446	0.01118	0.01602	0.01009	0.00924	0.05531	0.01802	0.66080	0.02341	0.02049	0.01484	0.00769	0.00619	0.00196	0.00542	0.00613	0.00749	0.01049
24	0.01272	0.03281	0.74418	0.01808	0.02746	0.01473	0.02344	0.02009	0.01339	0.02009	0.01138	0.01339	0.00804	0.00603	0.00603	0.00201	0.00938	0.00469	0.00268	0.00938
25	0.00773	0.00552	0.00736	0.00883	0.00920	0.00515	0.00589	0.00883	0.01215	0.01619	0.03497	0.77291	0.04196	0.01987	0.00810	0.00258	0.00368	0.01803	0.00589	0.00515
26	0.00906	0.00680	0.01020	0.01020	0.01133	0.00793	0.00793	0.01133	0.01020	0.01473	0.01699	0.02492	0.01586	0.04758	0.75191	0.01020	0.01699	0.00680	0.00340	0.00566
27	0.02379	0.01761	0.01886	0.01453	0.01955	0.01952	0.01198	0.68976	0.05692	0.03946	0.01564	0.01556	0.01112	0.00765	0.00635	0.00191	0.00690	0.00577	0.00635	0.01076
28	0.00906	0.00680	0.01020	0.01020	0.01133	0.00793	0.00793	0.01133	0.01020	0.01473	0.01699	0.02492	0.01586	0.04758	0.75191	0.01020	0.01699	0.00680	0.00340	0.00566
29	0.01679	0.01413	0.01492	0.01312	0.01688	0.01625	0.01029	0.11688	0.64119	0.02818	0.02453	0.02264	0.01832	0.00849	0.00644	0.00212	0.00526	0.00699	0.00644	0.01013
30	0.01272	0.03281	0.74418	0.01808	0.02746	0.01473	0.02344	0.02009	0.01339	0.02009	0.01138	0.01339	0.00804	0.00603	0.00603	0.00201	0.00938	0.00469	0.00268	0.00938
31	0.01432	0.01524	0.02730	0.02244	0.09009	0.05350	0.37379	0.01790	0.01327	0.01804	0.01284	0.01916	0.01116	0.08846	0.06217	0.00315	0.13932	0.00694	0.00321	0.00768
32	0.01677	0.01353	0.01474	0.01182	0.01590	0.06324	0.00947	0.21581	0.01791	0.05486	0.03120	0.03811	0.01306	0.01360	0.12669	0.00295	0.03965	0.00560	0.00467	0.29042
33	0.01314	0.10602	0.67461	0.01737	0.02636	0.01575	0.02221	0.01998	0.01334	0.01958	0.01113	0.01308	0.00805	0.00597	0.00584	0.00195	0.00912	0.00456	0.00268	0.00925
34	0.00860	0.00591	0.00720	0.00781	0.00800	0.00579	0.00481	0.00913	0.01046	0.01399	0.02610	0.34397	0.03068	0.44181	0.04360	0.00479	0.00545	0.01280	0.00468	0.00444
35	0.01539	0.01587	0.03272	0.02388	0.02923	0.01555	0.56155	0.01994	0.01446	0.06488	0.01402	0.04871	0.01122	0.00676	0.00894	0.00222	0.09509	0.00764	0.00356	0.00837
36	0.00919	0.00749	0.01180	0.01144	0.01270	0.00747	0.08572	0.01115	0.01269	0.01726	0.07627	0.47947	0.03490	0.02034	0.09091	0.00336	0.03797	0.05886	0.00525	0.00576
37	0.02370	0.03023	0.01798	0.01634	0.01961	0.75158	0.01226	0.02533	0.01798	0.01553	0.00981	0.01144	0.00817	0.00654	0.00572	0.00163	0.01144	0.00409	0.00327	0.00735
38	0.00915	0.00629	0.00826	0.00834	0.00952	0.00581	0.00600	0.01143	0.01581	0.04353	0.46230	0.28742	0.05164	0.03475	0.00829	0.00229	0.00337	0.01344	0.00657	0.00580
39	0.01650	0.01563	0.02217	0.06474	0.47726	0.07150	0.01665	0.08835	0.06395	0.02221	0.01535	0.01981	0.02957	0.00699	0.00641	0.00195	0.00747	0.04017	0.00387	0.00945
40	0.02742	0.01098	0.01469	0.01132	0.01609	0.00973	0.00933	0.06603	0.01876	0.67507	0.05424	0.02234	0.01730	0.00805	0.00642	0.00196	0.00538	0.00656	0.00774	0.01059

[dist]
# distance from previous block
# <min> <max>
0	10

[block]
# block no. 1 follows, 35 sequences, length 11
# corresponding to MSA columns:
# 291-301
name=unknown_B
#
# <colnr> <probs for GDERKNQSTAVLIFYWHMCP>
#	G	D	E	R	K	N	Q	S	T	A	V	L	I	F	Y	W	H	M	C	P
0	0.00995	0.00698	0.00774	0.00758	0.00798	0.00722	0.00453	0.01194	0.08879	0.01388	0.02064	0.03953	0.02265	0.69176	0.02942	0.00571	0.00602	0.00900	0.00413	0.00453
1	0.01240	0.07470	0.61970	0.01635	0.02469	0.01431	0.02062	0.01881	0.01348	0.01945	0.01710	0.01849	0.08872	0.00711	0.00607	0.00198	0.00854	0.00558	0.00304	0.00886
2	0.01607	0.62433	0.18202	0.01237	0.01862	0.02293	0.01349	0.01922	0.01300	0.01601	0.00936	0.01085	0.00812	0.00555	0.00448	0.00149	0.00733	0.00366	0.00271	0.00840
3	0.01319	0.01442	0.03003	0.02209	0.02727	0.01343	0.54267	0.01757	0.01458	0.01944	0.02195	0.10902	0.10621	0.00838	0.00756	0.00219	0.00894	0.00945	0.00386	0.00776
4	0.01022	0.00730	0.01022	0.01168	0.01314	0.00730	0.01022	0.01314	0.01460	0.01899	0.03359	0.07156	0.03651	0.01752	0.00876	0.00292	0.00584	0.69478	0.00584	0.00584
5	0.01489	0.05641	0.50031	0.01826	0.06686	0.05521	0.04856	0.02073	0.01398	0.08084	0.01278	0.01482	0.00934	0.00854	0.04919	0.00243	0.00944	0.00504	0.00324	0.00913
6	0.01372	0.08015	0.13124	0.09856	0.08142	0.05371	0.04368	0.07806	0.01450	0.01908	0.01733	0.11855	0.01690	0.03188	0.03113	0.06846	0.00757	0.08280	0.00393	0.00733
7	0.01062	0.00750	0.01162	0.01076	0.01222	0.00814	0.05163	0.01250	0.01069	0.05399	0.01720	0.02604	0.01610	0.13469	0.52969	0.05628	0.01390	0.00705	0.00365	0.00572
8	0.01737	0.09803	0.02529	0.11274	0.25544	0.20928	0.13103	0.02113	0.03577	0.01833	0.01153	0.01462	0.00937	0.00598	0.00612	0.00184	0.00904	0.00535	0.00320	0.00854
9	0.00784	0.00572	0.00737	0.00852	0.00912	0.00537	0.00576	0.00901	0.01218	0.01604	0.03678	0.61481	0.12157	0.05869	0.04644	0.00308	0.00441	0.01648	0.00566	0.00514
10	0.01663	0.01434	0.01888	0.13558	0.04921	0.03649	0.08939	0.21358	0.01816	0.02525	0.01278	0.01509	0.00982	0.00602	0.00582	0.00160	0.00688	0.00516	0.02470	0.29462

[dist]
# distance from previous block
# <min> <max>
0	1

[block]
# block no. 2 follows, 35 sequences, length 67
# corresponding to MSA columns:
# 303-369
name=unknown_C
#
# <colnr> <probs for GDERKNQSTAVLIFYWHMCP>
#	G	D	E	R	K	N	Q	S	T	A	V	L	I	F	Y	W	H	M	C	P
0	0.01253	0.01065	0.01244	0.00929	0.01440	0.00814	0.00745	0.01525	0.01334	0.02029	0.01685	0.02039	0.06968	0.00636	0.00516	0.00115	0.00464	0.04425	0.00405	0.70367
1	0.01773	0.01500	0.01391	0.01214	0.01494	0.15186	0.00932	0.25701	0.06007	0.02490	0.04998	0.08886	0.01750	0.04984	0.01020	0.11253	0.00671	0.02457	0.05542	0.00750
2	0.01102	0.00551	0.00826	0.00826	0.00826	0.00551	0.00551	0.00826	0.00826	0.01102	0.01102	0.01928	0.01102	0.02204	0.02479	0.81543	0.00551	0.00551	0.00275	0.00275
3	0.03883	0.01557	0.03251	0.12702	0.03277	0.01517	0.56063	0.01912	0.01439	0.01979	0.01361	0.05501	0.01101	0.00623	0.00725	0.00215	0.00985	0.00764	0.00331	0.00812
4	0.01583	0.01630	0.02464	0.13038	0.37522	0.09322	0.12002	0.02045	0.06024	0.01956	0.01244	0.01603	0.01007	0.00630	0.00725	0.00200	0.05194	0.00585	0.00331	0.00896
5	0.00878	0.00698	0.01091	0.01075	0.01181	0.00663	0.08793	0.01030	0.01209	0.01620	0.03012	0.57896	0.03521	0.10092	0.03783	0.00319	0.00525	0.01545	0.00527	0.00542
6	0.02024	0.18211	0.02147	0.01423	0.03839	0.01930	0.02893	0.33710	0.19354	0.05655	0.01662	0.01648	0.01243	0.00728	0.00591	0.00185	0.00651	0.00563	0.00547	0.00996
7	0.01513	0.08193	0.09397	0.07947	0.06615	0.07266	0.02904	0.04493	0.01523	0.12050	0.05122	0.14704	0.11651	0.01051	0.00664	0.00205	0.00640	0.02804	0.00486	0.00772
8	0.01703	0.06917	0.19594	0.03660	0.06139	0.04025	0.09776	0.13413	0.12141	0.06692	0.01491	0.01605	0.01105	0.00653	0.00610	0.00187	0.00761	0.00554	0.00435	0.08539
9	0.01608	0.02094	0.21206	0.04645	0.11867	0.04308	0.31402	0.07799	0.01591	0.05362	0.01293	0.01581	0.00955	0.00593	0.00672	0.00203	0.00938	0.00616	0.00352	0.00915
10	0.01480	0.01593	0.03186	0.08409	0.18151	0.01601	0.44814	0.01935	0.01419	0.01962	0.01210	0.01649	0.00950	0.00603	0.00841	0.00214	0.08133	0.00677	0.00312	0.00860
11	0.01474	0.01368	0.02070	0.28701	0.32712	0.03325	0.01652	0.07501	0.05606	0.02066	0.01619	0.01946	0.05826	0.00694	0.00638	0.00199	0.00748	0.00621	0.00366	0.00867
12	0.13459	0.01650	0.01711	0.01352	0.01825	0.01844	0.01109	0.53578	0.11186	0.03674	0.01563	0.01557	0.01128	0.00749	0.00602	0.00194	0.00645	0.00557	0.00602	0.01015
13	0.00807	0.00641	0.00725	0.00712	0.00894	0.00559	0.00531	0.01018	0.01569	0.02026	0.31810	0.08580	0.44871	0.01505	0.00752	0.00210	0.00315	0.01285	0.00631	0.00559
14	0.00790	0.00644	0.00699	0.00685	0.00882	0.00553	0.00514	0.00989	0.01542	0.01942	0.24822	0.05730	0.54953	0.01522	0.00749	0.00210	0.00315	0.01286	0.00619	0.00553
15	0.01112	0.00752	0.01023	0.01092	0.01238	0.00766	0.00890	0.02649	0.03086	0.06306	0.03005	0.20601	0.03218	0.04181	0.09623	0.00369	0.02024	0.36889	0.00560	0.00614
16	0.01570	0.01507	0.02575	0.03894	0.73748	0.01507	0.01947	0.01947	0.01444	0.02073	0.01193	0.01570	0.01005	0.00565	0.00628	0.00188	0.00754	0.00565	0.00314	0.01005
17	0.00810	0.00607	0.00837	0.00913	0.00995	0.00559	0.03163	0.00927	0.01241	0.01626	0.03720	0.61504	0.13539	0.01891	0.00869	0.03670	0.00395	0.01648	0.00566	0.00520
18	0.00798	0.00580	0.00757	0.00882	0.00950	0.00539	0.00617	0.00937	0.01282	0.01692	0.06739	0.61515	0.10662	0.01902	0.00807	0.00254	0.00379	0.07588	0.00593	0.00527
19	0.01740	0.62080	0.09615	0.01219	0.01771	0.11311	0.01217	0.01987	0.01356	0.01547	0.00917	0.01062	0.00814	0.00562	0.00445	0.00145	0.00759	0.00360	0.00278	0.00816
20	0.01457	0.01633	0.03453	0.02507	0.03064	0.01589	0.62079	0.01938	0.01438	0.01969	0.01335	0.04861	0.01087	0.00648	0.00873	0.00222	0.07917	0.00775	0.00328	0.00827
21	0.00781	0.00558	0.00745	0.00892	0.00933	0.00522	0.00603	0.00897	0.01222	0.01628	0.03492	0.75081	0.04179	0.01980	0.00812	0.00259	0.00375	0.03936	0.00589	0.00517
22	0.01343	0.15795	0.62526	0.01687	0.02559	0.01647	0.02133	0.01991	0.01331	0.01923	0.01096	0.01286	0.00805	0.00593	0.00570	0.00190	0.00894	0.00447	0.00268	0.00917
23	0.00912	0.00675	0.00877	0.00864	0.00994	0.00653	0.00657	0.01163	0.01606	0.02226	0.48336	0.10831	0.09576	0.05811	0.00960	0.00243	0.03146	0.09257	0.00635	0.00577
24	0.02357	0.01609	0.01772	0.01380	0.01854	0.01742	0.01131	0.58386	0.02720	0.12584	0.01776	0.06643	0.01347	0.00846	0.00647	0.00196	0.00656	0.00661	0.00650	0.01041
25	0.01912	0.27899	0.02319	0.01624	0.10241	0.30357	0.01201	0.06614	0.01650	0.01816	0.05450	0.01548	0.03501	0.00681	0.00543	0.00163	0.00835	0.00488	0.00357	0.00802
26	0.01650	0.01593	0.02217	0.18864	0.40309	0.08899	0.01706	0.08591	0.06063	0.02141	0.01276	0.01599	0.01017	0.00626	0.00625	0.00193	0.00791	0.00559	0.00359	0.00920
27	0.01685	0.07135	0.16019	0.01878	0.09698	0.06088	0.13852	0.10375	0.06387	0.07643	0.06192	0.01838	0.01402	0.02472	0.00729	0.00203	0.02674	0.00613	0.00427	0.02687
28	0.01059	0.00819	0.01002	0.00988	0.01153	0.00828	0.02492	0.06064	0.11273	0.01974	0.07247	0.29833	0.13315	0.11189	0.01074	0.00285	0.00468	0.07738	0.00573	0.00627
29	0.01198	0.01128	0.01903	0.76180	0.04369	0.01409	0.01762	0.01621	0.01268	0.01621	0.01128	0.01691	0.00846	0.00634	0.00634	0.00211	0.00846	0.00564	0.00282	0.00705
30	0.00991	0.00720	0.00979	0.01108	0.01262	0.00708	0.00960	0.01268	0.01459	0.01877	0.03710	0.07036	0.11641	0.01736	0.00862	0.00283	0.00554	0.61682	0.00585	0.00579
31	0.01477	0.01490	0.02757	0.17401	0.37680	0.01519	0.22290	0.01949	0.03410	0.01990	0.01246	0.01657	0.00988	0.00578	0.00665	0.00201	0.00857	0.00623	0.00319	0.00903
32	0.02763	0.01213	0.01554	0.01192	0.01686	0.01130	0.00984	0.16154	0.02038	0.60811	0.02316	0.02038	0.01477	0.00781	0.00637	0.00195	0.00570	0.00625	0.00756	0.01079
33	0.02712	0.01085	0.01452	0.01130	0.01602	0.00964	0.00928	0.03056	0.06268	0.67670	0.04505	0.02245	0.01718	0.00804	0.00642	0.00198	0.00531	0.00657	0.00774	0.01061
34	0.01228	0.01158	0.01957	0.70329	0.09985	0.01417	0.01777	0.01647	0.01283	0.01657	0.01133	0.01682	0.00859	0.00629	0.00634	0.00210	0.00838	0.00564	0.00284	0.00729
35	0.01270	0.00660	0.00680	0.00657	0.00832	0.00669	0.00499	0.01663	0.06090	0.05010	0.02119	0.02358	0.01645	0.00749	0.00464	0.00154	0.00318	0.00601	0.72925	0.00637
36	0.00784	0.00630	0.00665	0.00676	0.00838	0.00548	0.00479	0.00918	0.01351	0.01650	0.07321	0.12024	0.54005	0.13922	0.01155	0.00282	0.00372	0.01307	0.00559	0.00511
37	0.00773	0.00552	0.00736	0.00883	0.00920	0.00515	0.00589	0.00883	0.01215	0.01619	0.03497	0.77291	0.04196	0.01987	0.00810	0.00258	0.00368	0.01803	0.00589	0.00515
38	0.00906	0.00680	0.01020	0.01020	0.01133	0.00793	0.00793	0.01133	0.01020	0.01473	0.01699	0.02492	0.01586	0.04758	0.75191	0.01020	0.01699	0.00680	0.00340	0.00566
39	0.00768	0.00573	0.00715	0.00828	0.00906	0.00520	0.00564	0.00890	0.01268	0.01641	0.04169	0.60950	0.20103	0.01900	0.00796	0.00248	0.00357	0.01697	0.00589	0.00520
40	0.02561	0.01045	0.01392	0.01088	0.01531	0.00928	0.00891	0.05716	0.01845	0.61033	0.09879	0.02411	0.02015	0.00836	0.00642	0.00195	0.00512	0.00687	0.03783	0.01011
41	0.01497	0.01711	0.03743	0.02674	0.03316	0.01604	0.71444	0.02032	0.01497	0.02032	0.01283	0.01711	0.00963	0.00535	0.00749	0.00214	0.01070	0.00749	0.00321	0.00856
42	0.82186	0.01227	0.00932	0.00834	0.01227	0.01423	0.00687	0.01865	0.01080	0.02846	0.00883	0.01031	0.00687	0.00589	0.00393	0.00196	0.00491	0.00344	0.00393	0.00687
43	0.12440	0.00723	0.00686	0.00657	0.00852	0.00757	0.00505	0.04097	0.01356	0.02491	0.01885	0.02150	0.01476	0.00719	0.00443	0.00156	0.00337	0.00556	0.67091	0.00622
44	0.01102	0.00551	0.00826	0.00826	0.00826	0.00551	0.00551	0.00826	0.00826	0.01102	0.01102	0.01928	0.01102	0.02204	0.02479	0.81543	0.00551	0.00551	0.00275	0.00275
45	0.02307	0.00951	0.01290	0.01052	0.01436	0.00831	0.00842	0.02541	0.01730	0.54868	0.11820	0.12893	0.02505	0.01018	0.00676	0.00205	0.00485	0.00865	0.00747	0.00939
46	0.12473	0.02997	0.64246	0.01673	0.02535	0.01466	0.02115	0.01989	0.01303	0.02125	0.01103	0.01297	0.00787	0.00601	0.00574	0.00200	0.00876	0.00451	0.00285	0.00903
47	0.00917	0.00693	0.00970	0.00938	0.01097	0.00647	0.03639	0.01192	0.01631	0.02244	0.45666	0.14621	0.09420	0.01449	0.00777	0.00224	0.00388	0.12252	0.00643	0.00592
48	0.01504	0.01683	0.03556	0.02562	0.03181	0.01602	0.65742	0.02140	0.07253	0.02082	0.01389	0.01764	0.01041	0.00561	0.00740	0.00214	0.01024	0.00746	0.00347	0.00868
49	0.02349	0.01717	0.01837	0.01416	0.01905	0.01898	0.01167	0.68076	0.02899	0.03915	0.01551	0.01566	0.01107	0.00760	0.00625	0.00188	0.00678	0.00572	0.04720	0.01054
50	0.01696	0.78087	0.03324	0.01085	0.01628	0.02510	0.01085	0.01900	0.01289	0.01493	0.00882	0.01018	0.00814	0.00543	0.00407	0.00136	0.00678	0.00339	0.00271	0.00814
51	0.01665	0.01755	0.20304	0.06518	0.21899	0.01269	0.06944	0.02096	0.01481	0.18154	0.01917	0.02060	0.06956	0.00850	0.03138	0.00227	0.00778	0.00638	0.00430	0.00923
52	0.01272	0.03281	0.74418	0.01808	0.02746	0.01473	0.02344	0.02009	0.01339	0.02009	0.01138	0.01339	0.00804	0.00603	0.00603	0.00201	0.00938	0.00469	0.00268	0.00938
53	0.01449	0.01625	0.03509	0.02522	0.03124	0.01523	0.65709	0.01964	0.01521	0.02074	0.07122	0.01956	0.01369	0.00596	0.00749	0.00213	0.01007	0.00781	0.00351	0.00835
54	0.01451	0.01349	0.02625	0.03266	0.02459	0.01324	0.40383	0.01827	0.01407	0.08448	0.01856	0.08437	0.03722	0.05358	0.02723	0.00267	0.07276	0.04641	0.00407	0.00774
55	0.01608	0.17014	0.09765	0.01656	0.02149	0.01715	0.18262	0.16130	0.03453	0.02294	0.03416	0.04464	0.01475	0.00829	0.00739	0.00205	0.05542	0.08015	0.00421	0.00848
56	0.01444	0.01040	0.01083	0.01001	0.01158	0.09416	0.00730	0.10954	0.01387	0.04773	0.01941	0.09007	0.08033	0.01644	0.01551	0.40026	0.00594	0.00728	0.02960	0.00529
57	0.02098	0.01382	0.04829	0.01270	0.01716	0.01370	0.01056	0.08966	0.37606	0.28871	0.02398	0.02173	0.01679	0.00813	0.00640	0.00206	0.00552	0.00665	0.00678	0.01035
58	0.01267	0.01208	0.02053	0.60961	0.14129	0.01449	0.03786	0.01676	0.01289	0.01694	0.01130	0.01663	0.00871	0.00639	0.00691	0.00211	0.03675	0.00569	0.00287	0.00751
59	0.01371	0.16975	0.16026	0.08581	0.14958	0.01547	0.01447	0.01976	0.12428	0.01931	0.03442	0.02095	0.07812	0.01010	0.05557	0.00244	0.00757	0.00616	0.00381	0.00845
60	0.02376	0.02851	0.01812	0.01610	0.01962	0.65027	0.01223	0.12098	0.01962	0.01891	0.01056	0.01196	0.00853	0.00669	0.00581	0.00167	0.01082	0.00431	0.00369	0.00783
61	0.01043	0.00697	0.00850	0.00788	0.00969	0.00653	0.00598	0.03907	0.01738	0.04879	0.51065	0.04354	0.12515	0.01217	0.00698	0.00194	0.00324	0.01053	0.11834	0.00625
62	0.00922	0.00668	0.00900	0.01023	0.01144	0.00646	0.00831	0.01153	0.01409	0.01842	0.07679	0.26659	0.09751	0.01780	0.00840	0.00271	0.00485	0.40843	0.00592	0.00562
63	0.00911	0.00652	0.00835	0.00924	0.01015	0.00635	0.00646	0.01202	0.07800	0.03417	0.10704	0.59468	0.04106	0.01780	0.00786	0.00247	0.00382	0.03298	0.00610	0.00583
64	0.00787	0.00562	0.00752	0.00899	0.00942	0.00527	0.00613	0.00908	0.01228	0.01635	0.03489	0.73324	0.04165	0.01974	0.00813	0.00260	0.00380	0.05631	0.00589	0.00519
65	0.01075	0.00902	0.01103	0.01074	0.01215	0.06743	0.00830	0.03675	0.01146	0.01559	0.01645	0.02399	0.01528	0.06399	0.64602	0.00911	0.01589	0.00661	0.00350	0.00592
66	0.01585	0.10864	0.32989	0.04492	0.14790	0.07439	0.07922	0.08805	0.01560	0.02111	0.01157	0.01390	0.00882	0.00604	0.00600	0.00189	0.00879	0.00504	0.00322	0.00919

[dist]
# distance from previous block
# <min> <max>
5	24

[block]
# block no. 3 follows, 35 sequences, length 35
# corresponding to MSA columns:
# 394-428
name=unknown_D
#
# <colnr> <probs for GDERKNQSTAVLIFYWHMCP>
#	G	D	E	R	K	N	Q	S	T	A	V	L	I	F	Y	W	H	M	C	P
0	0.02545	0.01145	0.01440	0.01136	0.01592	0.03864	0.00932	0.05054	0.01805	0.57959	0.05477	0.02419	0.01788	0.00833	0.00642	0.00194	0.00556	0.04169	0.00724	0.05725
1	0.01178	0.00830	0.01092	0.01052	0.01270	0.00806	0.03484	0.07558	0.01640	0.05871	0.14699	0.11153	0.15402	0.01446	0.00771	0.00238	0.00490	0.26228	0.04137	0.00653
2	0.01413	0.01360	0.02046	0.47477	0.21823	0.05744	0.01717	0.04412	0.01411	0.01840	0.01151	0.01607	0.00897	0.00616	0.00623	0.00197	0.00819	0.00548	0.00310	0.03988
3	0.01440	0.01370	0.02267	0.03376	0.62146	0.01353	0.01714	0.01782	0.01445	0.02015	0.02026	0.02292	0.12542	0.00731	0.00647	0.00193	0.00685	0.00688	0.00358	0.00930
4	0.01050	0.00824	0.00927	0.00921	0.01093	0.00841	0.00663	0.05083	0.16885	0.01984	0.06842	0.29059	0.19123	0.10475	0.01033	0.00275	0.00430	0.01265	0.00584	0.00644
5	0.02606	0.04524	0.01646	0.01255	0.01717	0.12965	0.01021	0.11053	0.05732	0.47640	0.02085	0.01889	0.01382	0.00756	0.00618	0.00189	0.00658	0.00586	0.00667	0.01010
6	0.01012	0.00904	0.07394	0.00901	0.01141	0.00690	0.00771	0.01337	0.01719	0.05710	0.56476	0.04494	0.10619	0.01249	0.00734	0.00203	0.00377	0.02971	0.00652	0.00645
7	0.02275	0.01811	0.01821	0.01447	0.01916	0.07800	0.01175	0.55202	0.13968	0.03587	0.01648	0.01627	0.01194	0.00769	0.00631	0.00192	0.00703	0.00581	0.00612	0.01039
8	0.00772	0.00557	0.00731	0.00869	0.00916	0.00516	0.00583	0.00885	0.01228	0.01625	0.03668	0.73130	0.08246	0.01965	0.00806	0.00255	0.00365	0.01776	0.00589	0.00516
9	0.04376	0.04517	0.01436	0.01081	0.01499	0.01058	0.00884	0.05786	0.08289	0.43690	0.15596	0.02526	0.02332	0.00861	0.00637	0.00193	0.00501	0.00709	0.00704	0.03325
10	0.01696	0.78087	0.03324	0.01085	0.01628	0.02510	0.01085	0.01900	0.01289	0.01493	0.00882	0.01018	0.00814	0.00543	0.00407	0.00136	0.00678	0.00339	0.00271	0.00814
11	0.02412	0.01777	0.01904	0.01460	0.01967	0.01967	0.01206	0.71633	0.02983	0.03998	0.01523	0.01523	0.01079	0.00762	0.00635	0.00190	0.00698	0.00571	0.00635	0.01079
12	0.01367	0.01288	0.09372	0.01225	0.01607	0.01111	0.06422	0.02179	0.24114	0.09197	0.19347	0.03272	0.12840	0.01102	0.02493	0.00227	0.00553	0.00873	0.00589	0.00821
13	0.01812	0.65212	0.03062	0.01180	0.01685	0.14971	0.01110	0.02008	0.01376	0.01503	0.00899	0.01039	0.00815	0.00562	0.00435	0.00140	0.00758	0.00351	0.00281	0.00801
14	0.00771	0.00559	0.00729	0.00864	0.00915	0.00517	0.00580	0.00886	0.01233	0.01627	0.03734	0.71530	0.09804	0.01957	0.00805	0.00254	0.00364	0.01766	0.00589	0.00517
15	0.01198	0.01128	0.01903	0.76180	0.04369	0.01409	0.01762	0.01621	0.01268	0.01621	0.01128	0.01691	0.00846	0.00634	0.00634	0.00211	0.00846	0.00564	0.00282	0.00705
16	0.00867	0.00647	0.00805	0.00766	0.00929	0.00585	0.00574	0.01137	0.01723	0.02371	0.59444	0.05024	0.20063	0.01362	0.00749	0.00203	0.00304	0.01187	0.00676	0.00585
17	0.00750	0.00643	0.00643	0.00643	0.00857	0.00536	0.00482	0.00910	0.01446	0.01714	0.06427	0.06105	0.73490	0.01607	0.00750	0.00214	0.00321	0.01339	0.00589	0.00536
18	0.00772	0.00555	0.00733	0.00875	0.00918	0.00516	0.00585	0.00884	0.01222	0.01623	0.03593	0.74935	0.06490	0.01975	0.00808	0.00256	0.00367	0.01788	0.00589	0.00516
19	0.02263	0.01674	0.01788	0.01398	0.01872	0.01857	0.01146	0.61053	0.10014	0.03777	0.01659	0.01653	0.01195	0.00771	0.00626	0.00191	0.00657	0.00587	0.04775	0.01046
20	0.00898	0.00648	0.00848	0.00798	0.00948	0.00599	0.00599	0.01197	0.01796	0.02544	0.73413	0.04739	0.05986	0.01297	0.00748	0.00200	0.00299	0.01147	0.00698	0.00599
21	0.00773	0.00552	0.00736	0.00883	0.00920	0.00515	0.00589	0.00883	0.01215	0.01619	0.03497	0.77291	0.04196	0.01987	0.00810	0.00258	0.00368	0.01803	0.00589	0.00515
22	0.00906	0.00680	0.01020	0.01020	0.01133	0.00793	0.00793	0.01133	0.01020	0.01473	0.01699	0.02492	0.01586	0.04758	0.75191	0.01020	0.01699	0.00680	0.00340	0.00566
23	0.00978	0.00805	0.00852	0.00815	0.01048	0.00772	0.00616	0.05415	0.11815	0.02026	0.09492	0.11530	0.48573	0.01464	0.00733	0.00216	0.00372	0.01234	0.00607	0.00637
24	0.00813	0.00678	0.00703	0.00706	0.00909	0.00598	0.00531	0.01043	0.04527	0.01736	0.05796	0.05883	0.61676	0.06345	0.00908	0.00244	0.00364	0.05412	0.00578	0.00550
25	0.01479	0.01135	0.01263	0.01139	0.01451	0.01243	0.00889	0.02708	0.46370	0.08275	0.17870	0.03177	0.06117	0.01010	0.00679	0.00213	0.00456	0.02974	0.00663	0.00889
26	0.01272	0.03281	0.74418	0.01808	0.02746	0.01473	0.02344	0.02009	0.01339	0.02009	0.01138	0.01339	0.00804	0.00603	0.00603	0.00201	0.00938	0.00469	0.00268	0.00938
27	0.01120	0.00853	0.01055	0.00966	0.01160	0.00895	0.00743	0.01721	0.16631	0.04377	0.50206	0.03910	0.04583	0.01294	0.03238	0.00234	0.04662	0.00995	0.00654	0.00701
28	0.00884	0.00686	0.00829	0.00901	0.01082	0.00631	0.00748	0.01109	0.01453	0.01805	0.04918	0.06622	0.39135	0.01678	0.00812	0.00253	0.00451	0.34857	0.00587	0.00559
29	0.01198	0.01128	0.01903	0.76180	0.04369	0.01409	0.01762	0.01621	0.01268	0.01621	0.01128	0.01691	0.00846	0.00634	0.00634	0.00211	0.00846	0.00564	0.00282	0.00705
30	0.01773	0.14094	0.14963	0.01362	0.01849	0.11081	0.01268	0.14496	0.13848	0.06731	0.04565	0.08032	0.01587	0.00827	0.00606	0.00191	0.00709	0.00650	0.00481	0.00888
31	0.01210	0.02622	0.55145	0.01571	0.02305	0.01283	0.01903	0.04417	0.01420	0.02057	0.06051	0.10713	0.04872	0.00860	0.00644	0.00208	0.00794	0.00711	0.00360	0.00854
32	0.01549	0.01425	0.01918	0.16748	0.25024	0.10090	0.04202	0.05551	0.01533	0.05861	0.01879	0.06524	0.05918	0.00963	0.02789	0.00228	0.00782	0.05796	0.00406	0.00816
33	0.01360	0.12600	0.41937	0.01972	0.15195	0.01536	0.01881	0.01946	0.04040	0.01955	0.01320	0.05058	0.01087	0.00762	0.02288	0.00210	0.00825	0.00550	0.02579	0.00897
34	0.01865	0.09571	0.10508	0.03232	0.13353	0.20190	0.01374	0.16450	0.01853	0.03813	0.06906	0.01742	0.02767	0.00718	0.00597	0.00180	0.00796	0.00556	0.02659	0.00869

[dist]
# distance from previous block
# <min> <max>
0	5

[block]
# block no. 4 follows, 35 sequences, length 18
# corresponding to MSA columns:
# 434-451
name=unknown_E
#
# <colnr> <probs for GDERKNQSTAVLIFYWHMCP>
#	G	D	E	R	K	N	Q	S	T	A	V	L	I	F	Y	W	H	M	C	P
0	0.01096	0.08763	0.01330	0.01070	0.01227	0.04983	0.00851	0.01292	0.01101	0.01481	0.01782	0.02482	0.05330	0.08317	0.49043	0.00754	0.07485	0.00672	0.00343	0.00598
1	0.01573	0.01409	0.04942	0.17780	0.27704	0.01378	0.04096	0.09665	0.03565	0.06767	0.03438	0.01933	0.04807	0.00687	0.00630	0.00190	0.00708	0.00615	0.00409	0.07705
2	0.01715	0.15251	0.10333	0.05767	0.10986	0.10956	0.05953	0.04625	0.04284	0.07418	0.01302	0.01617	0.01055	0.00724	0.00793	0.00196	0.11386	0.02194	0.02600	0.00848
3	0.01100	0.03922	0.04197	0.01203	0.03946	0.08044	0.03857	0.01316	0.01306	0.01666	0.05067	0.20333	0.16662	0.02153	0.18372	0.00408	0.04343	0.01035	0.00448	0.00624
4	0.01315	0.00934	0.01168	0.05178	0.05859	0.04549	0.00848	0.03689	0.01654	0.11691	0.34390	0.08931	0.08228	0.01461	0.06987	0.00271	0.00568	0.00978	0.00597	0.00702
5	0.01504	0.06879	0.47378	0.01771	0.05936	0.04859	0.01935	0.08051	0.03249	0.03973	0.02943	0.01471	0.01012	0.00674	0.00695	0.00199	0.05709	0.00505	0.00338	0.00919
6	0.02353	0.01796	0.01751	0.01412	0.01856	0.18622	0.04068	0.26749	0.05944	0.22261	0.01957	0.01892	0.04842	0.00781	0.00632	0.00189	0.00745	0.00605	0.00589	0.00958
7	0.00912	0.00613	0.00705	0.00711	0.00723	0.00608	0.00411	0.00938	0.00997	0.01339	0.06667	0.08759	0.02660	0.68080	0.02919	0.00566	0.00579	0.00992	0.00417	0.00406
8	0.01333	0.01181	0.01836	0.09869	0.26948	0.01236	0.05794	0.04490	0.05792	0.02137	0.10910	0.02556	0.08559	0.00992	0.03708	0.00232	0.03883	0.00738	0.06999	0.00808
9	0.01752	0.02151	0.18961	0.01729	0.02273	0.15339	0.16810	0.12496	0.03527	0.06686	0.01609	0.04825	0.03218	0.04815	0.00789	0.00220	0.00876	0.00653	0.00416	0.00855
10	0.01437	0.32429	0.46717	0.01527	0.02310	0.01877	0.01854	0.01966	0.01320	0.01808	0.01039	0.01214	0.00808	0.00579	0.00526	0.00175	0.00837	0.00418	0.00269	0.00889
11	0.00769	0.00598	0.00700	0.00771	0.00893	0.00529	0.00541	0.00912	0.01349	0.01711	0.08542	0.41491	0.35371	0.01780	0.00780	0.00235	0.00343	0.01560	0.00595	0.00529
12	0.11873	0.01334	0.05722	0.01125	0.01428	0.09903	0.00932	0.05319	0.09657	0.07892	0.08907	0.16698	0.07274	0.01164	0.00671	0.00217	0.00571	0.08031	0.00546	0.00735
13	0.01955	0.01997	0.01880	0.01582	0.01905	0.26927	0.06162	0.19585	0.07180	0.02270	0.01307	0.01545	0.01057	0.01173	0.08335	0.00282	0.13064	0.00547	0.00421	0.00827
14	0.05167	0.01337	0.05922	0.01090	0.01602	0.01124	0.00931	0.13019	0.07061	0.07220	0.05219	0.01884	0.04966	0.00679	0.00553	0.00148	0.00528	0.00541	0.00485	0.40525
15	0.01092	0.00812	0.01015	0.01052	0.04305	0.00834	0.00734	0.08147	0.04021	0.01963	0.11147	0.14762	0.09490	0.18383	0.11914	0.00422	0.00670	0.06527	0.02102	0.00608
16	0.42350	0.06676	0.06828	0.01034	0.01462	0.10890	0.00908	0.03642	0.01316	0.04632	0.01119	0.01271	0.00871	0.00613	0.00456	0.00177	0.00607	0.00403	0.08748	0.05996
17	0.01589	0.59151	0.21321	0.01268	0.01911	0.02248	0.01404	0.01927	0.01302	0.01623	0.00947	0.01099	0.00811	0.00558	0.00457	0.00152	0.00744	0.00372	0.00270	0.00845

[dist]
# distance from previous block
# <min> <max>
0	1

[block]
# block no. 5 follows, 35 sequences, length 59
# corresponding to MSA columns:
# 453-511
name=unknown_F
#
# <colnr> <probs for GDERKNQSTAVLIFYWHMCP>
#	G	D	E	R	K	N	Q	S	T	A	V	L	I	F	Y	W	H	M	C	P
0	0.01363	0.19348	0.59149	0.01653	0.02506	0.01696	0.02074	0.01986	0.01329	0.01898	0.01083	0.01270	0.00806	0.00590	0.00561	0.00187	0.00882	0.00441	0.00269	0.00911
1	0.00884	0.00638	0.00818	0.00918	0.00997	0.00614	0.00639	0.05157	0.01358	0.01809	0.06000	0.65390	0.06108	0.01869	0.00798	0.00251	0.00392	0.04208	0.00595	0.00555
2	0.00772	0.00558	0.00730	0.00869	0.00916	0.00516	0.00582	0.00885	0.01228	0.01625	0.03672	0.73019	0.08354	0.01965	0.00806	0.00255	0.00365	0.01776	0.00589	0.00516
3	0.01543	0.00982	0.01192	0.00980	0.01340	0.00898	0.02912	0.09281	0.04655	0.18680	0.11252	0.03746	0.28854	0.01106	0.00676	0.00193	0.00456	0.00925	0.00621	0.09708
4	0.00860	0.00636	0.00803	0.00784	0.00930	0.00579	0.00579	0.01115	0.01673	0.02305	0.54684	0.13454	0.16395	0.01427	0.00756	0.00209	0.00311	0.01254	0.00668	0.00579
5	0.01567	0.01515	0.02617	0.03850	0.71189	0.01511	0.04472	0.01950	0.01446	0.02071	0.01197	0.01575	0.01003	0.00564	0.00632	0.00189	0.00765	0.00572	0.00314	0.00999
6	0.00773	0.00552	0.00736	0.00883	0.00920	0.00515	0.00589	0.00883	0.01215	0.01619	0.03497	0.77291	0.04196	0.01987	0.00810	0.00258	0.00368	0.01803	0.00589	0.00515
7	0.00796	0.00562	0.00729	0.00854	0.00885	0.00531	0.00558	0.00889	0.01170	0.01560	0.03267	0.66099	0.03907	0.13574	0.01180	0.00312	0.00406	0.01669	0.00558	0.00495
8	0.58591	0.06086	0.01294	0.01013	0.01424	0.08520	0.00835	0.11758	0.01428	0.02805	0.00983	0.01110	0.00762	0.00617	0.00444	0.00189	0.00593	0.00381	0.00413	0.00754
9	0.01022	0.00730	0.01022	0.01168	0.01314	0.00730	0.01022	0.01314	0.01460	0.01899	0.03359	0.07156	0.03651	0.01752	0.00876	0.00292	0.00584	0.69478	0.00584	0.00584
10	0.00905	0.00649	0.00801	0.00778	0.00942	0.00583	0.00578	0.01145	0.01638	0.04445	0.45719	0.13512	0.23074	0.01442	0.00752	0.00210	0.00321	0.01258	0.00660	0.00587
11	0.01578	0.01363	0.01434	0.01291	0.01650	0.01578	0.01004	0.03371	0.72602	0.02654	0.02582	0.02367	0.01937	0.00861	0.00646	0.00215	0.00502	0.00717	0.00646	0.01004
12	0.01366	0.01241	0.02001	0.35227	0.16735	0.01434	0.06308	0.04670	0.03835	0.01929	0.01290	0.01736	0.01020	0.00772	0.02327	0.00224	0.08466	0.00586	0.08048	0.00784
13	0.00905	0.00610	0.00709	0.00725	0.00734	0.00611	0.00422	0.00926	0.00958	0.01282	0.02153	0.12170	0.02488	0.66629	0.05637	0.00591	0.00628	0.01011	0.00405	0.00406
14	0.01183	0.00591	0.00591	0.00591	0.00739	0.00591	0.00443	0.01478	0.01330	0.02365	0.02069	0.02365	0.01626	0.00739	0.00443	0.00148	0.00296	0.00591	0.81227	0.00591
15	0.02359	0.01670	0.01817	0.01405	0.01893	0.01827	0.01156	0.61623	0.05268	0.09084	0.04262	0.01717	0.01324	0.00786	0.00639	0.00192	0.00665	0.00602	0.00648	0.01059
16	0.82186	0.01227	0.00932	0.00834	0.01227	0.01423	0.00687	0.01865	0.01080	0.02846	0.00883	0.01031	0.00687	0.00589	0.00393	0.00196	0.00491	0.00344	0.00393	0.00687
17	0.02164	0.01344	0.01549	0.01252	0.01671	0.01409	0.01016	0.31997	0.12150	0.22578	0.08653	0.05600	0.01989	0.00912	0.00662	0.00202	0.00574	0.02612	0.00679	0.00986
18	0.02655	0.01193	0.01519	0.01185	0.01664	0.01125	0.00972	0.11152	0.09772	0.58062	0.02397	0.02108	0.01553	0.00791	0.00638	0.00198	0.00554	0.00639	0.00752	0.01071
19	0.01350	0.01148	0.01334	0.00956	0.01518	0.00880	0.00766	0.03772	0.01367	0.02127	0.01140	0.01322	0.00944	0.00479	0.00475	0.00097	0.00477	0.00382	0.00384	0.79084
20	0.01376	0.01381	0.02027	0.01707	0.01755	0.01874	0.06076	0.01545	0.01009	0.01559	0.00898	0.01454	0.00872	0.01218	0.04935	0.00303	0.68455	0.00573	0.00283	0.00700
21	0.00923	0.00615	0.00692	0.00692	0.00692	0.00615	0.00384	0.00923	0.00923	0.01230	0.01999	0.04151	0.02306	0.77705	0.03229	0.00615	0.00615	0.00923	0.00384	0.00384
22	0.01371	0.01126	0.01321	0.00947	0.01508	0.00849	0.00758	0.01652	0.01334	0.04693	0.01178	0.01346	0.00963	0.00481	0.00476	0.00098	0.00472	0.00385	0.00391	0.78653
23	0.00999	0.00720	0.00990	0.01116	0.01266	0.00711	0.00966	0.01283	0.01479	0.01924	0.07546	0.06955	0.07975	0.01718	0.00861	0.00282	0.00552	0.61484	0.00591	0.00582
24	0.01557	0.01494	0.02552	0.06402	0.71341	0.01504	0.01941	0.01936	0.01438	0.02057	0.01191	0.01574	0.00999	0.00568	0.00628	0.00189	0.00757	0.00565	0.00313	0.00994
25	0.01570	0.01507	0.02575	0.03894	0.73748	0.01507	0.01947	0.01947	0.01444	0.02073	0.01193	0.01570	0.01005	0.00565	0.00628	0.00188	0.00754	0.00565	0.00314	0.01005
26	0.00884	0.00648	0.00829	0.00784	0.00939	0.00593	0.00588	0.01170	0.01763	0.02466	0.67146	0.04867	0.12301	0.01326	0.00748	0.00201	0.00301	0.01165	0.00688	0.00593
27	0.00790	0.00568	0.00749	0.00864	0.00922	0.00528	0.00587	0.00928	0.01303	0.01752	0.13359	0.64910	0.06629	0.01879	0.00799	0.00248	0.00357	0.01697	0.00604	0.00528
28	0.00773	0.00552	0.00736	0.00883	0.00920	0.00515	0.00589	0.00883	0.01215	0.01619	0.03497	0.77291	0.04196	0.01987	0.00810	0.00258	0.00368	0.01803	0.00589	0.00515
29	0.00773	0.00552	0.00736	0.00883	0.00920	0.00515	0.00589	0.00883	0.01215	0.01619	0.03497	0.77291	0.04196	0.01987	0.00810	0.00258	0.00368	0.01803	0.00589	0.00515
30	0.00773	0.00552	0.00736	0.00883	0.00920	0.00515	0.00589	0.00883	0.01215	0.01619	0.03497	0.77291	0.04196	0.01987	0.00810	0.00258	0.00368	0.01803	0.00589	0.00515
31	0.01102	0.00551	0.00826	0.00826	0.00826	0.00551	0.00551	0.00826	0.00826	0.01102	0.01102	0.01928	0.01102	0.02204	0.02479	0.81543	0.00551	0.00551	0.00275	0.00275
32	0.01570	0.01507	0.02575	0.03894	0.73748	0.01507	0.01947	0.01947	0.01444	0.02073	0.01193	0.01570	0.01005	0.00565	0.00628	0.00188	0.00754	0.00565	0.00314	0.01005
33	0.00906	0.00684	0.00821	0.00844	0.00986	0.00658	0.00610	0.01266	0.08851	0.02060	0.25653	0.31058	0.17162	0.01539	0.00749	0.00223	0.00349	0.01356	0.03627	0.00598
34	0.01180	0.00933	0.00986	0.00892	0.01162	0.00919	0.00689	0.17383	0.05541	0.02281	0.04766	0.12712	0.45313	0.01414	0.00724	0.00214	0.00423	0.01180	0.00603	0.00684
35	0.00773	0.00552	0.00736	0.00883	0.00920	0.00515	0.00589	0.00883	0.01215	0.01619	0.03497	0.77291	0.04196	0.01987	0.00810	0.00258	0.00368	0.01803	0.00589	0.00515
36	0.00888	0.00652	0.00823	0.00827	0.00950	0.00618	0.00593	0.01177	0.04755	0.02168	0.43006	0.24033	0.08940	0.06537	0.00924	0.00244	0.00349	0.01299	0.00640	0.00577
37	0.16274	0.01442	0.01515	0.01228	0.01642	0.01597	0.00996	0.39136	0.08594	0.07548	0.01611	0.01743	0.01215	0.03851	0.06191	0.00270	0.00693	0.00570	0.02961	0.00925
38	0.00773	0.00552	0.00736	0.00883	0.00920	0.00515	0.00589	0.00883	0.01215	0.01619	0.03497	0.77291	0.04196	0.01987	0.00810	0.00258	0.00368	0.01803	0.00589	0.00515
39	0.82186	0.01227	0.00932	0.00834	0.01227	0.01423	0.00687	0.01865	0.01080	0.02846	0.00883	0.01031	0.00687	0.00589	0.00393	0.00196	0.00491	0.00344	0.00393	0.00687
40	0.82186	0.01227	0.00932	0.00834	0.01227	0.01423	0.00687	0.01865	0.01080	0.02846	0.00883	0.01031	0.00687	0.00589	0.00393	0.00196	0.00491	0.00344	0.00393	0.00687
41	0.01246	0.00959	0.01129	0.01115	0.01360	0.00997	0.00928	0.11368	0.13113	0.02273	0.03642	0.05372	0.18142	0.01439	0.00778	0.00249	0.00530	0.34047	0.00602	0.00710
42	0.01580	0.28898	0.29033	0.01802	0.10133	0.06287	0.05672	0.04558	0.03082	0.01898	0.01102	0.01293	0.00876	0.00589	0.00546	0.00175	0.00828	0.00456	0.00303	0.00892
43	0.01376	0.01752	0.21791	0.01390	0.03532	0.01331	0.01315	0.02497	0.34950	0.03927	0.14797	0.02578	0.04255	0.00877	0.00654	0.00207	0.00590	0.00735	0.00543	0.00902
44	0.00787	0.00562	0.00752	0.00900	0.00943	0.00528	0.00614	0.00908	0.01229	0.01635	0.03489	0.73283	0.04165	0.01974	0.00814	0.00260	0.00380	0.05671	0.00589	0.00519
45	0.01410	0.01344	0.02286	0.35006	0.43887	0.01465	0.01867	0.01807	0.01369	0.01878	0.01165	0.01622	0.00936	0.00595	0.00631	0.00198	0.00793	0.00565	0.00300	0.00876
46	0.01464	0.03809	0.19188	0.05475	0.11335	0.11700	0.20196	0.01933	0.02990	0.01888	0.01660	0.06321	0.05485	0.00850	0.02711	0.00224	0.00909	0.00691	0.00345	0.00824
47	0.00827	0.00624	0.00871	0.09204	0.01312	0.00621	0.00729	0.00979	0.01234	0.01631	0.03310	0.64852	0.05696	0.01820	0.00791	0.00252	0.00426	0.03728	0.00555	0.00539
48	0.01559	0.01496	0.02554	0.06120	0.71611	0.01504	0.01941	0.01937	0.01439	0.02059	0.01191	0.01574	0.01000	0.00567	0.00628	0.00189	0.00756	0.00565	0.00313	0.00996
49	0.01998	0.08961	0.07633	0.04327	0.13849	0.14888	0.01295	0.04780	0.01581	0.20932	0.01521	0.01655	0.01130	0.00878	0.03458	0.02627	0.02987	0.00532	0.04090	0.00878
50	0.01400	0.02182	0.33243	0.10393	0.15874	0.01440	0.09389	0.02074	0.08219	0.04238	0.01442	0.04747	0.01136	0.00680	0.00640	0.00205	0.00830	0.00612	0.00349	0.00909
51	0.00986	0.00784	0.01210	0.01414	0.11455	0.00864	0.00935	0.01221	0.01102	0.01574	0.01826	0.10624	0.01791	0.03854	0.56351	0.00817	0.01417	0.00788	0.00364	0.00623
52	0.01198	0.01128	0.01903	0.76180	0.04369	0.01409	0.01762	0.01621	0.01268	0.01621	0.01128	0.01691	0.00846	0.00634	0.00634	0.00211	0.00846	0.00564	0.00282	0.00705
53	0.01499	0.02267	0.36801	0.01853	0.11737	0.05496	0.03802	0.03880	0.01489	0.09088	0.06496	0.05221	0.03415	0.00808	0.00695	0.02762	0.00785	0.00638	0.00393	0.00876
54	0.01525	0.04242	0.22795	0.04615	0.36367	0.01533	0.12065	0.03557	0.01459	0.04049	0.01224	0.01528	0.00950	0.00583	0.00633	0.00195	0.00844	0.00560	0.00320	0.00956
55	0.02286	0.01072	0.04512	0.01092	0.01517	0.00891	0.00926	0.02550	0.01686	0.53038	0.08598	0.02590	0.05751	0.01303	0.08888	0.00289	0.00653	0.00716	0.00696	0.00947
56	0.74469	0.04058	0.01078	0.00881	0.01286	0.01495	0.00733	0.06053	0.01201	0.02866	0.00922	0.01060	0.00715	0.00598	0.00408	0.00194	0.00510	0.00357	0.00403	0.00715
57	0.00773	0.00552	0.00736	0.00883	0.00920	0.00515	0.00589	0.00883	0.01215	0.01619	0.03497	0.77291	0.04196	0.01987	0.00810	0.00258	0.00368	0.01803	0.00589	0.00515
58	0.01574	0.17192	0.21396	0.01260	0.01906	0.01451	0.01297	0.06853	0.03144	0.07261	0.01242	0.01362	0.00956	0.00572	0.00521	0.00148	0.00659	0.00434	0.00380	0.30392

[dist]
# distance from previous block
# <min> <max>
0	1

[block]
# block no. 6 follows, 35 sequences, length 30
# corresponding to MSA columns:
# 513-542
name=unknown_G
#
# <colnr> <probs for GDERKNQSTAVLIFYWHMCP>
#	G	D	E	R	K	N	Q	S	T	A	V	L	I	F	Y	W	H	M	C	P
0	0.01204	0.01257	0.03423	0.01427	0.01771	0.07945	0.20458	0.01555	0.04091	0.01888	0.06350	0.13632	0.22265	0.01161	0.00725	0.00214	0.00651	0.04640	0.02502	0.02843
1	0.01503	0.10484	0.17453	0.04319	0.06677	0.03318	0.16070	0.03908	0.21723	0.02189	0.04848	0.01853	0.01416	0.00690	0.00633	0.00199	0.00768	0.00624	0.00419	0.00905
2	0.01284	0.03199	0.70699	0.01854	0.02776	0.01480	0.05980	0.02010	0.01348	0.02010	0.01146	0.01359	0.00812	0.00599	0.00610	0.00202	0.00944	0.00484	0.00271	0.00933
