[name]
unknown

[dist]
# distance from previous block
# <min> <max>
0	73

[block]
# block no. 0 follows, 28 sequences, length 69
# corresponding to MSA columns:
# 85-153
name=unknown_A
#
# <colnr> <probs for GDERKNQSTAVLIFYWHMCP>
#	G	D	E	R	K	N	Q	S	T	A	V	L	I	F	Y	W	H	M	C	P
0	0.03168	0.01257	0.01686	0.01298	0.01849	0.01109	0.01070	0.06306	0.02139	0.65350	0.04948	0.02536	0.01936	0.00917	0.00735	0.00225	0.00618	0.00746	0.00889	0.01219
1	0.01387	0.01415	0.05217	0.66235	0.04778	0.01647	0.02028	0.01872	0.01441	0.01872	0.01277	0.01904	0.00966	0.00751	0.00803	0.00245	0.04381	0.00641	0.00322	0.00819
2	0.01029	0.00743	0.00972	0.00914	0.01086	0.00686	0.00686	0.01372	0.02058	0.02915	0.69536	0.05430	0.06859	0.01486	0.00857	0.00229	0.00343	0.01315	0.00800	0.00686
3	0.02067	0.63342	0.06731	0.01288	0.01925	0.02619	0.01292	0.02334	0.01547	0.09379	0.01231	0.01329	0.01029	0.00656	0.00506	0.00167	0.00774	0.00434	0.00376	0.00973
4	0.01577	0.01478	0.02493	0.37133	0.36051	0.01633	0.02063	0.02031	0.01553	0.02139	0.01370	0.01901	0.01091	0.00693	0.00715	0.00227	0.00894	0.00648	0.03343	0.00968
5	0.00963	0.00740	0.00881	0.00846	0.01046	0.00658	0.00634	0.01245	0.01903	0.02548	0.45563	0.06034	0.31061	0.01623	0.00858	0.00235	0.00353	0.01399	0.00752	0.00658
6	0.02146	0.02493	0.02191	0.02200	0.11244	0.36258	0.01552	0.02361	0.01656	0.01846	0.01142	0.01542	0.01014	0.01133	0.04670	0.00281	0.24494	0.00562	0.00355	0.00860
7	0.00955	0.00736	0.00846	0.00821	0.01007	0.00655	0.00599	0.01189	0.01768	0.02322	0.34140	0.06066	0.34806	0.09526	0.01165	0.00288	0.00393	0.01386	0.00705	0.00627
8	0.02216	0.36016	0.10687	0.01577	0.02214	0.10108	0.03983	0.17178	0.02028	0.05800	0.01331	0.01449	0.01049	0.00714	0.00600	0.00188	0.00885	0.00509	0.00443	0.01024
9	0.79588	0.01406	0.01068	0.00956	0.01406	0.01631	0.00787	0.02137	0.01237	0.03261	0.01012	0.01181	0.00787	0.00675	0.00450	0.00225	0.00562	0.00394	0.00450	0.00787
10	0.00891	0.00644	0.00843	0.00991	0.01051	0.00596	0.00668	0.01031	0.01439	0.01912	0.07279	0.66673	0.08870	0.02214	0.00920	0.00289	0.00415	0.01999	0.00681	0.00596
11	0.11849	0.09498	0.01812	0.03400	0.01789	0.05766	0.07112	0.07964	0.01760	0.06415	0.07176	0.16594	0.04539	0.01172	0.00713	0.00230	0.00666	0.03194	0.07524	0.00828
12	0.01373	0.01292	0.02180	0.72707	0.05006	0.01615	0.02019	0.01857	0.01453	0.01857	0.01292	0.01938	0.00969	0.00727	0.00727	0.00242	0.00969	0.00646	0.00323	0.00807
13	0.01808	0.01561	0.01644	0.01479	0.01890	0.01808	0.01151	0.03863	0.68606	0.03041	0.02959	0.02712	0.02219	0.00986	0.00740	0.00247	0.00575	0.00822	0.00740	0.01151
14	0.01734	0.01684	0.02723	0.03660	0.48556	0.01884	0.02030	0.02080	0.01485	0.02178	0.01238	0.01734	0.01089	0.00844	0.01243	0.00248	0.23562	0.00644	0.00347	0.01040
15	0.02041	0.48733	0.03218	0.01470	0.01996	0.18197	0.04346	0.02287	0.01645	0.01830	0.05249	0.01509	0.01305	0.00721	0.00605	0.00176	0.02927	0.00492	0.00358	0.00896
16	0.01943	0.74891	0.03809	0.01244	0.01866	0.02876	0.01244	0.02177	0.01477	0.01710	0.01011	0.01166	0.00933	0.00622	0.00466	0.00155	0.00777	0.00389	0.00311	0.00933
17	0.00957	0.00751	0.00953	0.00952	0.01132	0.00747	0.00725	0.01190	0.01488	0.01958	0.12487	0.07549	0.30737	0.03350	0.30937	0.00638	0.01039	0.01206	0.00569	0.00637
18	0.00935	0.00721	0.00854	0.00860	0.01038	0.00640	0.00630	0.01175	0.01778	0.02343	0.32822	0.18145	0.31903	0.01769	0.00870	0.00247	0.00367	0.01536	0.00727	0.00640
19	0.01548	0.01688	0.08529	0.04867	0.21708	0.01498	0.18708	0.02144	0.06245	0.02358	0.05194	0.03470	0.04223	0.01011	0.00821	0.00252	0.00882	0.13424	0.00473	0.00957
20	0.02020	0.10843	0.05410	0.24613	0.10149	0.04050	0.01681	0.07489	0.01736	0.14831	0.01551	0.01835	0.01154	0.00807	0.00869	0.00229	0.08663	0.00619	0.00465	0.00985
21	0.02484	0.01516	0.02289	0.01899	0.06884	0.01477	0.14562	0.10052	0.11316	0.31657	0.02345	0.02292	0.01615	0.00830	0.00744	0.00227	0.00756	0.00752	0.05165	0.01135
22	0.01622	0.00888	0.01112	0.00981	0.01267	0.00813	0.00762	0.01996	0.04512	0.19341	0.35702	0.04486	0.12410	0.01295	0.00783	0.00224	0.00422	0.01108	0.09446	0.00829
23	0.01758	0.10830	0.10107	0.17655	0.22065	0.03849	0.08806	0.05779	0.07786	0.02332	0.01470	0.01807	0.01152	0.00708	0.00702	0.00221	0.00919	0.00637	0.00396	0.01021
24	0.14951	0.23789	0.24546	0.01740	0.06078	0.07856	0.01721	0.04240	0.01555	0.02295	0.01154	0.01373	0.00927	0.00704	0.00667	0.00207	0.04402	0.00479	0.00354	0.00961
25	0.00886	0.00633	0.00843	0.01012	0.01054	0.00590	0.00675	0.01012	0.01392	0.01856	0.04006	0.73979	0.04808	0.02277	0.00928	0.00295	0.00422	0.02066	0.00675	0.00590
26	0.01057	0.00705	0.00793	0.00793	0.00793	0.00705	0.00440	0.01057	0.01057	0.01409	0.02290	0.04757	0.02643	0.74454	0.03700	0.00705	0.00705	0.01057	0.00440	0.00440
27	0.02006	0.01798	0.02709	0.05420	0.40216	0.07073	0.08393	0.02561	0.07850	0.09917	0.01656	0.01934	0.01288	0.00733	0.00785	0.00224	0.03205	0.00680	0.00454	0.01098
28	0.03234	0.01281	0.01714	0.01314	0.01877	0.01133	0.01086	0.07052	0.02154	0.66809	0.02806	0.02434	0.01768	0.00898	0.00731	0.00225	0.00628	0.00727	0.00890	0.01237
29	0.01883	0.01751	0.04987	0.14405	0.25673	0.03950	0.10523	0.04507	0.10325	0.08302	0.01684	0.01982	0.01286	0.00766	0.00828	0.00234	0.04709	0.00695	0.00458	0.01051
30	0.02374	0.35008	0.02832	0.01595	0.02079	0.41214	0.01334	0.02582	0.01802	0.01749	0.01074	0.01247	0.00935	0.00693	0.00572	0.00173	0.01075	0.00433	0.00346	0.00883
31	0.01057	0.00705	0.00793	0.00793	0.00793	0.00705	0.00440	0.01057	0.01057	0.01409	0.02290	0.04757	0.02643	0.74454	0.03700	0.00705	0.00705	0.01057	0.00440	0.00440
32	0.01634	0.02326	0.19171	0.02774	0.03565	0.01772	0.50390	0.02287	0.01656	0.02300	0.01450	0.01896	0.01087	0.00798	0.03277	0.00274	0.01216	0.00783	0.00355	0.00990
33	0.01808	0.53743	0.21516	0.01521	0.02266	0.02529	0.03737	0.02215	0.01500	0.01887	0.01103	0.01289	0.00935	0.00640	0.00538	0.00178	0.00870	0.00443	0.00312	0.00972
34	0.01005	0.00732	0.00948	0.00936	0.01094	0.00675	0.00698	0.01307	0.01921	0.02672	0.53340	0.15152	0.10537	0.01643	0.00874	0.00244	0.00371	0.04415	0.00769	0.00667
35	0.00934	0.00736	0.00854	0.00918	0.01104	0.00656	0.00705	0.01143	0.01626	0.02028	0.08911	0.20543	0.40865	0.01944	0.00901	0.00272	0.00437	0.14118	0.00680	0.00623
36	0.01049	0.00991	0.05085	0.01309	0.05520	0.00814	0.03992	0.01326	0.01649	0.02215	0.19651	0.30517	0.17822	0.01728	0.00870	0.00260	0.00501	0.03351	0.00650	0.00700
37	0.06954	0.02634	0.31353	0.16635	0.12432	0.08827	0.04175	0.02234	0.01574	0.02247	0.01311	0.01657	0.00991	0.00700	0.00681	0.00224	0.00995	0.00572	0.02834	0.00972
38	0.02877	0.01395	0.01729	0.01376	0.01906	0.01363	0.01120	0.10360	0.17431	0.48074	0.02770	0.02452	0.01836	0.00917	0.00733	0.00229	0.00628	0.00744	0.00845	0.01217
39	0.01662	0.03812	0.01892	0.01639	0.01831	0.09386	0.03418	0.02027	0.06060	0.05271	0.01940	0.03167	0.01848	0.01903	0.11937	0.00417	0.27198	0.13320	0.00463	0.00810
40	0.01955	0.01992	0.06528	0.06750	0.26076	0.13158	0.03576	0.06188	0.03663	0.06568	0.04669	0.01989	0.01452	0.01066	0.04753	0.00278	0.07231	0.00665	0.00442	0.01001
41	0.01936	0.00964	0.01275	0.01082	0.01415	0.00872	0.00852	0.02307	0.04108	0.29636	0.41109	0.04177	0.04714	0.01239	0.00804	0.00228	0.00459	0.01069	0.00838	0.00918
42	0.01493	0.01405	0.02396	0.39067	0.27066	0.01582	0.03864	0.01938	0.01499	0.02031	0.01396	0.01993	0.01130	0.01221	0.08606	0.00336	0.01049	0.00667	0.00344	0.00914
43	0.22691	0.10547	0.13690	0.05871	0.02215	0.01860	0.01411	0.19500	0.01987	0.07237	0.03484	0.03678	0.01310	0.00809	0.00626	0.00219	0.00757	0.00597	0.00519	0.00993
44	0.01900	0.05302	0.02472	0.04608	0.31010	0.10251	0.05675	0.05882	0.01725	0.06491	0.01553	0.01968	0.01283	0.01632	0.14645	0.00400	0.01134	0.00657	0.00419	0.00995
45	0.00903	0.00645	0.00864	0.01032	0.01082	0.00605	0.00705	0.01042	0.01409	0.01875	0.03997	0.69954	0.04769	0.02261	0.00932	0.00298	0.00437	0.05919	0.00674	0.00595
46	0.01494	0.12697	0.22122	0.01844	0.02384	0.01768	0.11076	0.01947	0.01486	0.02055	0.02004	0.06206	0.05417	0.01089	0.01075	0.00256	0.15102	0.08690	0.00402	0.00886
47	0.07188	0.02435	0.27201	0.05382	0.05681	0.01749	0.06366	0.15505	0.08574	0.10311	0.01720	0.01832	0.01223	0.00772	0.00706	0.00229	0.00883	0.00632	0.00515	0.01097
48	0.00903	0.00645	0.00864	0.01033	0.01083	0.00606	0.00706	0.01043	0.01409	0.01876	0.03997	0.69872	0.04769	0.02261	0.00933	0.00298	0.00437	0.05997	0.00674	0.00595
49	0.71830	0.03862	0.05905	0.01041	0.01539	0.01674	0.00931	0.02149	0.01265	0.03147	0.01032	0.01205	0.00801	0.00674	0.00467	0.00223	0.00604	0.00403	0.00436	0.00811
50	0.01092	0.00703	0.00715	0.00726	0.00923	0.00642	0.00539	0.01345	0.01579	0.02305	0.04828	0.09094	0.34034	0.01404	0.00700	0.00213	0.00358	0.01167	0.36991	0.00642
51	0.01056	0.00708	0.00811	0.00811	0.00817	0.00715	0.00463	0.01069	0.01062	0.01423	0.02274	0.04664	0.02603	0.71100	0.06999	0.00727	0.00765	0.01044	0.00438	0.00451
52	0.04467	0.01644	0.02679	0.19523	0.43253	0.01742	0.04925	0.06649	0.03661	0.02456	0.01414	0.01839	0.01132	0.00690	0.00719	0.00225	0.00880	0.00653	0.00391	0.01059
53	0.02406	0.23782	0.02620	0.01844	0.06745	0.40630	0.01405	0.06629	0.03969	0.02010	0.01201	0.01372	0.01007	0.00720	0.00612	0.00184	0.01073	0.00480	0.00388	0.00923
54	0.00923	0.00715	0.00841	0.00860	0.01034	0.00633	0.00626	0.01148	0.01733	0.02263	0.27782	0.21777	0.33417	0.01820	0.00874	0.00251	0.00372	0.01581	0.00718	0.00633
55	0.33952	0.01542	0.01813	0.09051	0.06853	0.01713	0.04344	0.13982	0.01809	0.12294	0.01468	0.01639	0.01073	0.00774	0.00711	0.00231	0.04689	0.00565	0.00530	0.00965
56	0.01195	0.00795	0.00938	0.00871	0.01121	0.00694	0.00664	0.01455	0.01867	0.09963	0.32162	0.05856	0.36542	0.01592	0.00844	0.00236	0.00386	0.01355	0.00751	0.00712
57	0.01281	0.01043	0.01388	0.04621	0.01483	0.01262	0.00980	0.04555	0.01252	0.01764	0.01907	0.07962	0.02021	0.28528	0.17182	0.00626	0.20162	0.00917	0.00422	0.00645
58	0.00867	0.00737	0.00747	0.00745	0.00987	0.00617	0.00559	0.01059	0.01676	0.02009	0.10300	0.06922	0.66661	0.01824	0.00859	0.00245	0.00367	0.01524	0.00681	0.00617
59	0.01943	0.74891	0.03809	0.01244	0.01866	0.02876	0.01244	0.02177	0.01477	0.01710	0.01011	0.01166	0.00933	0.00622	0.00466	0.00155	0.00777	0.00389	0.00311	0.00933
60	0.01543	0.01298	0.01408	0.01283	0.01623	0.01441	0.00990	0.03034	0.47188	0.02920	0.19107	0.03717	0.09005	0.01177	0.00778	0.00242	0.00503	0.00999	0.00749	0.00995
61	0.02672	0.10137	0.02362	0.01625	0.02211	0.02323	0.01366	0.60232	0.03202	0.04262	0.01664	0.01681	0.01202	0.00845	0.00698	0.00211	0.00797	0.00625	0.00681	0.01202
62	0.01923	0.04694	0.08396	0.13366	0.25386	0.04065	0.07804	0.15475	0.04934	0.02702	0.01474	0.01797	0.01144	0.00740	0.00769	0.00225	0.02947	0.00651	0.00439	0.01067
63	0.71046	0.01476	0.01192	0.01036	0.01500	0.01700	0.00853	0.09405	0.01480	0.03408	0.01094	0.01244	0.00837	0.00697	0.00481	0.00224	0.00589	0.00423	0.00481	0.00837
64	0.01824	0.03957	0.12444	0.01538	0.05775	0.01278	0.03140	0.05855	0.01706	0.11670	0.01616	0.03876	0.01273	0.00693	0.00627	0.00166	0.00687	0.00573	0.00490	0.40812
65	0.22000	0.24046	0.09436	0.01857	0.11338	0.08979	0.03968	0.02300	0.03532	0.02334	0.01175	0.01400	0.00971	0.00692	0.00628	0.00204	0.03341	0.00488	0.00375	0.00934
66	0.03138	0.01435	0.01809	0.01387	0.01954	0.01362	0.01146	0.19384	0.02412	0.54114	0.02590	0.02294	0.01660	0.00893	0.00730	0.00223	0.00663	0.00712	0.00857	0.01237
67	0.02077	0.01688	0.01797	0.01514	0.01990	0.01894	0.01203	0.22811	0.45299	0.03464	0.02501	0.02355	0.01860	0.00927	0.00725	0.00230	0.00640	0.00750	0.00719	0.05555
68	0.01700	0.01527	0.01778	0.01617	0.09790	0.05538	0.01132	0.07530	0.01695	0.02466	0.01431	0.04765	0.01249	0.00710	0.00702	0.00155	0.04625	0.00561	0.00449	0.50581

[dist]
# distance from previous block
# <min> <max>
1	2

[block]
# block no. 1 follows, 28 sequences, length 23
# corresponding to MSA columns:
# 156-178
name=unknown_B
#
# <colnr> <probs for GDERKNQSTAVLIFYWHMCP>
#	G	D	E	R	K	N	Q	S	T	A	V	L	I	F	Y	W	H	M	C	P
0	0.79588	0.01406	0.01068	0.00956	0.01406	0.01631	0.00787	0.02137	0.01237	0.03261	0.01012	0.01181	0.00787	0.00675	0.00450	0.00225	0.00562	0.00394	0.00450	0.00787
1	0.01000	0.00738	0.01055	0.01084	0.01201	0.00792	0.00812	0.01244	0.01386	0.01954	0.14930	0.20175	0.03457	0.03967	0.41769	0.00788	0.01289	0.01183	0.00533	0.00642
2	0.01455	0.03302	0.57847	0.01998	0.02946	0.01620	0.05863	0.02308	0.05084	0.02392	0.07001	0.01938	0.01486	0.00767	0.00716	0.00232	0.00996	0.00633	0.00373	0.01041
3	0.01020	0.00743	0.00960	0.00905	0.01081	0.00682	0.00679	0.01355	0.02037	0.02866	0.66346	0.05510	0.10079	0.01504	0.00857	0.00229	0.00344	0.01326	0.00794	0.00682
4	0.01846	0.01541	0.01643	0.01450	0.01858	0.01756	0.01134	0.10892	0.55070	0.03205	0.08924	0.02851	0.02532	0.01019	0.00749	0.00242	0.00580	0.00848	0.00744	0.01118
5	0.01033	0.00700	0.00822	0.00844	0.00858	0.00702	0.00500	0.01065	0.01108	0.01485	0.02498	0.13854	0.02882	0.60738	0.07376	0.00678	0.00741	0.01175	0.00469	0.00473
6	0.01813	0.08017	0.09094	0.02596	0.18100	0.06747	0.17223	0.05085	0.12060	0.02394	0.01698	0.02162	0.01395	0.03286	0.00886	0.00245	0.03024	0.02717	0.00439	0.01018
7	0.33326	0.01015	0.01011	0.00932	0.01217	0.01074	0.00728	0.01686	0.01720	0.03057	0.41364	0.03683	0.04363	0.01153	0.00690	0.00227	0.00433	0.00936	0.00656	0.00728
8	0.01724	0.06870	0.08823	0.10386	0.28245	0.04112	0.05209	0.05731	0.04339	0.02389	0.07617	0.02086	0.01639	0.00814	0.00856	0.00227	0.06815	0.00692	0.00420	0.01006
9	0.01458	0.03760	0.70688	0.02072	0.03146	0.01688	0.02686	0.02302	0.01535	0.02302	0.01304	0.01535	0.00921	0.00691	0.00691	0.00230	0.01074	0.00537	0.00307	0.01074
10	0.01013	0.00758	0.01042	0.01162	0.01237	0.00788	0.00871	0.01200	0.01418	0.01907	0.03587	0.48137	0.04150	0.02405	0.06823	0.00377	0.05724	0.16149	0.00625	0.00628
11	0.02112	0.01770	0.02428	0.08851	0.30472	0.01868	0.01740	0.27344	0.05105	0.03207	0.01567	0.01807	0.01208	0.00747	0.00711	0.00212	0.00812	0.00641	0.00519	0.06879
12	0.01373	0.01292	0.02180	0.72707	0.05006	0.01615	0.02019	0.01857	0.01453	0.01857	0.01292	0.01938	0.00969	0.00727	0.00727	0.00242	0.00969	0.00646	0.00323	0.00807
13	0.00917	0.00716	0.00822	0.00869	0.01037	0.00636	0.00634	0.01105	0.01605	0.02029	0.13066	0.23416	0.38327	0.05886	0.01041	0.00287	0.00417	0.05906	0.00676	0.00610
14	0.01538	0.01147	0.01329	0.01253	0.01544	0.01220	0.00991	0.05968	0.25823	0.06281	0.14039	0.06870	0.08021	0.05752	0.01004	0.00289	0.00562	0.14766	0.00718	0.00886
15	0.79588	0.01406	0.01068	0.00956	0.01406	0.01631	0.00787	0.02137	0.01237	0.03261	0.01012	0.01181	0.00787	0.00675	0.00450	0.00225	0.00562	0.00394	0.00450	0.00787
16	0.33075	0.01862	0.01687	0.01389	0.01888	0.07518	0.01129	0.31242	0.07798	0.03708	0.01505	0.01567	0.01115	0.00794	0.00613	0.00221	0.00728	0.00550	0.00590	0.01020
17	0.01290	0.00814	0.00978	0.00895	0.01157	0.00712	0.00686	0.01556	0.01891	0.12591	0.33156	0.05654	0.32781	0.01549	0.00839	0.00235	0.00395	0.01321	0.00762	0.00737
18	0.34153	0.02063	0.01710	0.01665	0.08071	0.19451	0.01198	0.11997	0.08456	0.02974	0.01372	0.01504	0.01065	0.00751	0.00596	0.00216	0.00815	0.00516	0.00491	0.00936
19	0.01876	0.01573	0.01670	0.01472	0.01890	0.01800	0.01153	0.11000	0.57691	0.03210	0.06291	0.02743	0.02349	0.00999	0.00744	0.00242	0.00589	0.00828	0.00741	0.01136
20	0.01396	0.02268	0.30318	0.01928	0.02574	0.01405	0.13940	0.02078	0.05919	0.02273	0.02325	0.11886	0.02221	0.01175	0.00822	0.00265	0.00903	0.14919	0.00470	0.00915
21	0.00987	0.00738	0.00922	0.00924	0.01097	0.00672	0.00699	0.01269	0.01856	0.02511	0.41963	0.13747	0.20702	0.01704	0.00879	0.00250	0.00387	0.07290	0.00746	0.00657
22	0.65846	0.01519	0.01267	0.01084	0.01558	0.01742	0.00894	0.13828	0.01627	0.03497	0.01143	0.01282	0.00868	0.00710	0.00499	0.00224	0.00605	0.00440	0.00499	0.00868

[dist]
# distance from previous block
# <min> <max>
0	1

[block]
# block no. 2 follows, 28 sequences, length 46
# corresponding to MSA columns:
# 181-226
name=unknown_C
#
# <colnr> <probs for GDERKNQSTAVLIFYWHMCP>
#	G	D	E	R	K	N	Q	S	T	A	V	L	I	F	Y	W	H	M	C	P
0	0.02171	0.02802	0.08253	0.02302	0.02822	0.35817	0.24207	0.02554	0.01815	0.02007	0.01242	0.01577	0.00994	0.00744	0.00883	0.00222	0.07698	0.00623	0.00362	0.00904
1	0.09604	0.03280	0.01971	0.01791	0.02172	0.65272	0.01349	0.02834	0.01986	0.01912	0.01114	0.01299	0.00923	0.00742	0.00637	0.00191	0.01244	0.00461	0.00381	0.00838
2	0.01541	0.15941	0.59235	0.01930	0.02927	0.01892	0.02439	0.02281	0.01525	0.02201	0.01254	0.01472	0.00923	0.00679	0.00652	0.00217	0.01023	0.00512	0.00308	0.01050
3	0.67857	0.01409	0.01159	0.01024	0.01477	0.01611	0.00837	0.02379	0.07327	0.07432	0.01302	0.01399	0.00979	0.00717	0.00493	0.00227	0.00567	0.00453	0.00504	0.00848
4	0.02572	0.01776	0.01871	0.01502	0.01987	0.07224	0.01210	0.39214	0.02770	0.17115	0.06732	0.08579	0.02027	0.01036	0.00749	0.00225	0.00739	0.00826	0.00734	0.01110
5	0.01121	0.00699	0.00926	0.01027	0.01131	0.00641	0.00709	0.01272	0.01491	0.08589	0.06204	0.62353	0.06860	0.02101	0.00904	0.00284	0.00436	0.01892	0.00701	0.00658
6	0.01283	0.00981	0.01284	0.13459	0.01922	0.01033	0.00999	0.01887	0.13192	0.05582	0.25584	0.16684	0.10396	0.01418	0.00822	0.00247	0.00520	0.01243	0.00677	0.00788
7	0.01417	0.00975	0.01114	0.01022	0.01318	0.00944	0.00784	0.02048	0.16106	0.11355	0.20356	0.07935	0.28831	0.01470	0.00819	0.00241	0.00441	0.01248	0.00748	0.00826
8	0.35516	0.02604	0.30226	0.01592	0.02308	0.07943	0.03871	0.04078	0.01510	0.02735	0.01179	0.01381	0.00879	0.00691	0.00590	0.00224	0.00871	0.00483	0.00389	0.00930
9	0.08665	0.00904	0.01147	0.01108	0.01359	0.00851	0.00841	0.01919	0.01655	0.22059	0.08592	0.35745	0.03682	0.01647	0.00828	0.00266	0.00506	0.06685	0.00730	0.00810
10	0.03978	0.01376	0.01943	0.15431	0.21375	0.01498	0.01487	0.04821	0.16958	0.02567	0.13203	0.02821	0.02410	0.05908	0.00943	0.00264	0.00708	0.00819	0.00536	0.00953
11	0.02020	0.01158	0.01418	0.01260	0.01631	0.01138	0.01026	0.10493	0.09327	0.23747	0.05677	0.09236	0.12343	0.01389	0.00826	0.00258	0.00590	0.14746	0.00761	0.00956
12	0.01507	0.01292	0.01507	0.01077	0.01723	0.00969	0.00861	0.01830	0.01507	0.02369	0.01292	0.01507	0.01077	0.00538	0.00538	0.00108	0.00538	0.00431	0.00431	0.78898
13	0.02715	0.03464	0.02060	0.01873	0.02247	0.71536	0.01404	0.02903	0.02060	0.01779	0.01124	0.01311	0.00936	0.00749	0.00655	0.00187	0.01311	0.00468	0.00375	0.00843
14	0.00920	0.00697	0.00855	0.00947	0.01079	0.00632	0.00686	0.01108	0.01573	0.02032	0.11923	0.39070	0.25507	0.02029	0.00906	0.00276	0.00421	0.08032	0.00687	0.00616
15	0.01333	0.00907	0.01107	0.01168	0.05700	0.00915	0.00700	0.07190	0.01391	0.04712	0.02404	0.12292	0.02633	0.51303	0.02782	0.00560	0.00687	0.01098	0.00507	0.00611
16	0.79588	0.01406	0.01068	0.00956	0.01406	0.01631	0.00787	0.02137	0.01237	0.03261	0.01012	0.01181	0.00787	0.00675	0.00450	0.00225	0.00562	0.00394	0.00450	0.00787
17	0.01464	0.01440	0.02172	0.67890	0.04819	0.06370	0.01977	0.01928	0.01495	0.01852	0.01281	0.01895	0.00967	0.00728	0.00722	0.00239	0.00992	0.00634	0.00327	0.00810
18	0.70218	0.01385	0.01144	0.00997	0.01461	0.01562	0.00822	0.02309	0.01341	0.11507	0.01240	0.01340	0.00911	0.00702	0.00484	0.00225	0.00569	0.00435	0.00505	0.00842
19	0.01458	0.03760	0.70688	0.02072	0.03146	0.01688	0.02686	0.02302	0.01535	0.02302	0.01304	0.01535	0.00921	0.00691	0.00691	0.00230	0.01074	0.00537	0.00307	0.01074
20	0.01876	0.01533	0.02260	0.31873	0.20454	0.03489	0.01820	0.11731	0.01880	0.08551	0.01688	0.02332	0.01347	0.00831	0.00742	0.00235	0.00875	0.05029	0.00468	0.00988
21	0.01165	0.00744	0.00934	0.00959	0.01130	0.00666	0.00691	0.01362	0.01655	0.09537	0.17000	0.37383	0.20284	0.01875	0.00877	0.00263	0.00416	0.01653	0.00723	0.00684
22	0.02080	0.01884	0.03004	0.04787	0.13503	0.01973	0.24589	0.24823	0.07018	0.03121	0.01626	0.01897	0.01225	0.00768	0.00849	0.00235	0.04278	0.00735	0.00513	0.01094
23	0.06966	0.00936	0.01170	0.01114	0.01386	0.00889	0.00864	0.02004	0.04796	0.20499	0.11598	0.25162	0.08552	0.01579	0.00830	0.00263	0.00509	0.09322	0.00737	0.00826
24	0.01665	0.07698	0.43280	0.02160	0.03000	0.08647	0.13573	0.02317	0.01583	0.02178	0.01271	0.01568	0.00957	0.00721	0.00827	0.00230	0.06409	0.00584	0.00325	0.01006
25	0.14633	0.00876	0.01112	0.01100	0.01272	0.01007	0.00846	0.01415	0.01182	0.01948	0.01892	0.05585	0.01817	0.09188	0.51774	0.00938	0.01561	0.00783	0.00415	0.00656
26	0.02651	0.01980	0.02118	0.01650	0.02212	0.02202	0.01355	0.60036	0.11060	0.04401	0.01887	0.01859	0.01351	0.00886	0.00729	0.00221	0.00774	0.00674	0.00729	0.01226
27	0.01128	0.00906	0.01364	0.09227	0.01765	0.01088	0.01093	0.01410	0.01249	0.01777	0.04358	0.02966	0.01935	0.04280	0.52243	0.00923	0.07733	0.03472	0.00403	0.00681
28	0.50782	0.01611	0.01467	0.01210	0.01709	0.01819	0.00998	0.24196	0.02004	0.06293	0.01330	0.01421	0.00977	0.00750	0.00554	0.00223	0.00644	0.00494	0.00561	0.00956
29	0.02033	0.01643	0.01792	0.01532	0.01844	0.08592	0.01230	0.24419	0.04663	0.05904	0.01749	0.02260	0.01463	0.02061	0.16208	0.06036	0.12054	0.03069	0.00535	0.00915
30	0.01758	0.01772	0.02217	0.10335	0.32431	0.12766	0.01675	0.02318	0.09522	0.02324	0.08602	0.02578	0.06819	0.00881	0.00736	0.00221	0.00826	0.00769	0.00469	0.00980
31	0.01811	0.01648	0.02289	0.43184	0.14029	0.06127	0.01879	0.15685	0.01932	0.02499	0.01387	0.01838	0.01050	0.00747	0.00721	0.00230	0.00939	0.00637	0.00416	0.00951
32	0.02471	0.01692	0.01822	0.01504	0.01998	0.04584	0.01205	0.21575	0.31222	0.20047	0.02522	0.02325	0.01788	0.00923	0.00731	0.00231	0.00679	0.00738	0.00761	0.01183
33	0.02392	0.02335	0.01899	0.01615	0.02060	0.26830	0.01266	0.27037	0.13386	0.03053	0.02307	0.02295	0.08425	0.00948	0.00717	0.00215	0.00901	0.00707	0.00597	0.01016
34	0.07726	0.12285	0.09772	0.01570	0.02074	0.26227	0.01372	0.09033	0.07962	0.05596	0.08106	0.01931	0.01686	0.00832	0.00657	0.00205	0.00916	0.00605	0.00497	0.00946
35	0.00936	0.00675	0.00835	0.00918	0.00994	0.00629	0.00611	0.01071	0.01440	0.01910	0.12327	0.42100	0.13101	0.17226	0.01490	0.00366	0.00464	0.01691	0.00642	0.00574
36	0.07740	0.02607	0.02391	0.01947	0.02444	0.33593	0.12750	0.19495	0.05360	0.02757	0.01421	0.01591	0.01092	0.00763	0.00699	0.00211	0.01079	0.00595	0.00486	0.00979
37	0.01018	0.00748	0.00881	0.00927	0.01074	0.00711	0.00659	0.01347	0.06352	0.02208	0.15800	0.32732	0.19586	0.04441	0.00949	0.00272	0.00410	0.01564	0.07665	0.00654
38	0.02208	0.01702	0.02186	0.11624	0.16822	0.01862	0.01570	0.25810	0.16886	0.08861	0.01962	0.02053	0.01444	0.00833	0.00729	0.00228	0.00772	0.00695	0.00613	0.01143
39	0.01581	0.00855	0.01066	0.00992	0.01158	0.00821	0.00681	0.01762	0.03761	0.18063	0.04609	0.15093	0.02852	0.37588	0.05491	0.00517	0.00682	0.01126	0.00606	0.00696
40	0.01341	0.00995	0.01173	0.01108	0.01329	0.01037	0.00839	0.06282	0.16587	0.02440	0.17244	0.06817	0.13365	0.04391	0.03775	0.13906	0.00574	0.05423	0.00638	0.00737
41	0.01799	0.01727	0.02950	0.04462	0.69919	0.01727	0.02231	0.02231	0.01655	0.02375	0.01367	0.01799	0.01151	0.00648	0.00720	0.00216	0.00864	0.00648	0.00360	0.01151
42	0.01627	0.01363	0.01572	0.01133	0.01773	0.01092	0.00911	0.08094	0.01690	0.02580	0.01335	0.01530	0.01092	0.00570	0.00556	0.00118	0.00563	0.00452	0.00459	0.71489
43	0.01015	0.00712	0.00864	0.00893	0.00946	0.00715	0.00578	0.01099	0.01194	0.01588	0.02983	0.14776	0.08872	0.44722	0.13550	0.00666	0.00826	0.02988	0.00494	0.00517
44	0.03944	0.00903	0.01192	0.12440	0.01749	0.00937	0.00890	0.01373	0.01330	0.01878	0.06379	0.09825	0.07002	0.22015	0.15865	0.00544	0.00905	0.00979	0.00469	0.09381
45	0.11711	0.05771	0.01853	0.01500	0.01710	0.04204	0.03373	0.01923	0.07392	0.02156	0.04599	0.07351	0.10139	0.01237	0.01415	0.00269	0.31291	0.00842	0.00462	0.00801

[dist]
# distance from previous block
# <min> <max>
6	14

[block]
# block no. 3 follows, 28 sequences, length 31
# corresponding to MSA columns:
# 241-271
name=unknown_D
#
# <colnr> <probs for GDERKNQSTAVLIFYWHMCP>
#	G	D	E	R	K	N	Q	S	T	A	V	L	I	F	Y	W	H	M	C	P
0	0.02351	0.01831	0.01950	0.01589	0.02097	0.02062	0.01282	0.40051	0.31533	0.03917	0.02269	0.02162	0.01660	0.00922	0.00733	0.00230	0.00703	0.00727	0.00733	0.01199
1	0.10219	0.01110	0.01239	0.01087	0.01402	0.01119	0.00818	0.07003	0.09855	0.18728	0.03200	0.08649	0.12058	0.18633	0.01441	0.00349	0.00590	0.00991	0.00661	0.00851
2	0.05660	0.01880	0.02085	0.01800	0.07063	0.02074	0.01369	0.47172	0.14121	0.06404	0.01931	0.01914	0.01397	0.00868	0.00718	0.00223	0.00751	0.00674	0.00697	0.01197
3	0.00931	0.00728	0.00843	0.00838	0.01032	0.00640	0.00619	0.01173	0.01790	0.02337	0.32142	0.13549	0.37292	0.01744	0.00866	0.00244	0.00364	0.01502	0.00726	0.00640
4	0.01214	0.00755	0.00915	0.00886	0.00947	0.00762	0.00557	0.01274	0.01148	0.06468	0.02280	0.04303	0.02456	0.58641	0.13779	0.00740	0.00887	0.00991	0.00466	0.00530
5	0.01925	0.01958	0.02710	0.26666	0.08658	0.13167	0.17488	0.11984	0.03879	0.02436	0.01429	0.01825	0.01086	0.00726	0.00747	0.00229	0.01042	0.00674	0.00417	0.00954
6	0.01969	0.01947	0.02476	0.05700	0.02525	0.12152	0.14644	0.08453	0.15231	0.04461	0.01633	0.01909	0.01288	0.00930	0.01208	0.00254	0.21079	0.00698	0.00476	0.00965
7	0.12106	0.06929	0.01843	0.01413	0.01853	0.05410	0.03161	0.19244	0.16198	0.08120	0.06839	0.09620	0.02146	0.01028	0.00705	0.00229	0.00676	0.00831	0.00646	0.01004
8	0.02454	0.18998	0.02520	0.01599	0.02111	0.09868	0.01355	0.35935	0.04406	0.05287	0.01506	0.01599	0.01153	0.00840	0.00804	0.00210	0.07132	0.00578	0.00562	0.01082
9	0.01534	0.12032	0.27620	0.20470	0.03128	0.04785	0.01922	0.02076	0.01552	0.02111	0.04129	0.01970	0.01309	0.00755	0.00669	0.00211	0.00914	0.02799	0.00361	0.09652
10	0.01301	0.00766	0.01014	0.00981	0.01050	0.00782	0.00672	0.01288	0.01198	0.06721	0.05570	0.05796	0.02385	0.30507	0.08060	0.24090	0.03390	0.03447	0.00464	0.00518
11	0.01618	0.14632	0.01916	0.01146	0.01746	0.04938	0.00959	0.01914	0.01540	0.02201	0.01499	0.01816	0.03227	0.00651	0.00556	0.00132	0.00620	0.02518	0.00421	0.55952
12	0.01295	0.00788	0.01054	0.03262	0.01241	0.00760	0.00755	0.03296	0.01417	0.04610	0.10882	0.03852	0.14312	0.02005	0.01826	0.39113	0.00565	0.05554	0.00504	0.02910
13	0.02763	0.02036	0.02182	0.01672	0.02254	0.02254	0.01382	0.67496	0.03418	0.04581	0.01745	0.01745	0.01236	0.00873	0.00727	0.00218	0.00800	0.00654	0.00727	0.01236
14	0.44817	0.01585	0.01696	0.04648	0.12943	0.01797	0.01230	0.14705	0.01728	0.03234	0.01220	0.01443	0.00949	0.00742	0.00660	0.00228	0.04458	0.00508	0.00476	0.00934
15	0.01047	0.00745	0.00998	0.00998	0.01069	0.00816	0.00697	0.01189	0.01118	0.01562	0.02102	0.03716	0.02191	0.36685	0.40851	0.00958	0.01385	0.00905	0.00413	0.00555
16	0.01670	0.01639	0.02920	0.26662	0.27696	0.01736	0.17158	0.04356	0.04641	0.02294	0.01449	0.01922	0.01130	0.00688	0.00755	0.00233	0.00968	0.00704	0.00378	0.01000
17	0.01668	0.01877	0.09019	0.01754	0.02192	0.11443	0.13844	0.07181	0.12771	0.02459	0.07336	0.20242	0.02608	0.01203	0.00800	0.00245	0.00817	0.01085	0.00559	0.00898
18	0.01670	0.12625	0.04333	0.04574	0.04346	0.10163	0.01143	0.02336	0.16493	0.04959	0.07744	0.10851	0.11021	0.01149	0.00722	0.00224	0.00677	0.00946	0.03143	0.00884
19	0.01932	0.28794	0.25857	0.01719	0.02389	0.18337	0.01794	0.02355	0.01604	0.01929	0.01132	0.01356	0.00931	0.00724	0.00731	0.00200	0.06466	0.00476	0.00325	0.00949
20	0.01651	0.01550	0.01909	0.24108	0.11424	0.09206	0.01529	0.07109	0.11258	0.02300	0.02171	0.09503	0.03864	0.01263	0.04412	0.00289	0.00888	0.04182	0.00490	0.00894
21	0.73866	0.01357	0.01044	0.00940	0.01375	0.01557	0.00770	0.02057	0.01268	0.03167	0.01474	0.01603	0.05790	0.00760	0.00480	0.00226	0.00548	0.00477	0.00466	0.00775
22	0.01143	0.00749	0.00949	0.00988	0.01099	0.00736	0.00695	0.03339	0.01515	0.04586	0.12128	0.33538	0.03955	0.14313	0.07578	0.00417	0.00613	0.03473	0.07550	0.00637
23	0.00946	0.00715	0.00947	0.01056	0.01115	0.00717	0.00736	0.01093	0.01432	0.01928	0.08581	0.60427	0.08016	0.02126	0.01025	0.00290	0.05697	0.01882	0.00658	0.00613
24	0.01257	0.00778	0.00996	0.01043	0.01180	0.00737	0.00734	0.01510	0.05001	0.10320	0.07637	0.46473	0.06140	0.09463	0.01177	0.00322	0.00483	0.03368	0.00689	0.00692
25	0.01893	0.67513	0.10746	0.01330	0.01998	0.02753	0.01393	0.02190	0.01483	0.01772	0.01041	0.01204	0.00932	0.00629	0.00490	0.00163	0.00808	0.00404	0.00311	0.00948
26	0.00978	0.00686	0.00834	0.00915	0.00963	0.00659	0.00594	0.01067	0.01283	0.01687	0.03496	0.33746	0.08832	0.34221	0.02156	0.00475	0.00559	0.05745	0.00571	0.00531
27	0.07380	0.06962	0.04502	0.01421	0.01988	0.01675	0.01221	0.25413	0.04370	0.31613	0.04622	0.02129	0.01646	0.00873	0.00697	0.00218	0.00695	0.00676	0.00740	0.01159
28	0.01162	0.00733	0.00891	0.00874	0.00955	0.00703	0.00563	0.01254	0.01371	0.05742	0.16323	0.11939	0.06072	0.42002	0.02520	0.04000	0.00581	0.01194	0.00567	0.00553
29	0.02137	0.06372	0.02050	0.01825	0.06260	0.28797	0.01356	0.04825	0.04448	0.06863	0.01602	0.07149	0.01437	0.01332	0.06383	0.00301	0.14844	0.00691	0.00448	0.00880
30	0.02048	0.01549	0.01774	0.01466	0.01929	0.01654	0.03564	0.22719	0.26665	0.08363	0.02815	0.07973	0.06898	0.01061	0.00749	0.00230	0.00642	0.00885	0.00704	0.06313

[dist]
# distance from previous block
# <min> <max>
0	3

[block]
# block no. 4 follows, 28 sequences, length 18
# corresponding to MSA columns:
# 275-292
name=unknown_E
#
# <colnr> <probs for GDERKNQSTAVLIFYWHMCP>
#	G	D	E	R	K	N	Q	S	T	A	V	L	I	F	Y	W	H	M	C	P
0	0.07578	0.04628	0.01481	0.01291	0.04680	0.03633	0.00923	0.08862	0.06246	0.05033	0.05909	0.15606	0.02439	0.13787	0.01217	0.00296	0.00623	0.00955	0.00559	0.14255
1	0.13847	0.07612	0.04991	0.04297	0.01946	0.01662	0.03521	0.14226	0.14810	0.05548	0.02113	0.05022	0.04185	0.06563	0.00971	0.02860	0.00692	0.00739	0.00560	0.03835
2	0.01119	0.00832	0.00992	0.01037	0.01170	0.00827	0.00723	0.06156	0.06745	0.02153	0.06759	0.44686	0.11255	0.10532	0.01216	0.00326	0.00486	0.01656	0.00661	0.00670
3	0.01902	0.01685	0.02447	0.12494	0.35864	0.01815	0.01836	0.13204	0.16002	0.02807	0.01754	0.02001	0.01365	0.00766	0.00726	0.00226	0.00807	0.00685	0.00495	0.01119
4	0.01733	0.01827	0.02205	0.01904	0.01951	0.10994	0.01567	0.01895	0.01233	0.01753	0.00976	0.01555	0.00952	0.01206	0.02167	0.00302	0.64039	0.00615	0.00325	0.00801
5	0.02680	0.02841	0.02113	0.01799	0.02234	0.42315	0.01405	0.27006	0.02523	0.02826	0.01348	0.01487	0.01049	0.00820	0.00765	0.00205	0.04547	0.00546	0.00504	0.00988
6	0.00925	0.00668	0.00831	0.00928	0.01000	0.00622	0.00617	0.01054	0.01422	0.01878	0.09589	0.47015	0.13113	0.15140	0.01412	0.00357	0.00459	0.01752	0.00643	0.00574
7	0.01716	0.01961	0.04289	0.03064	0.03799	0.01838	0.67279	0.02328	0.01716	0.02328	0.01471	0.01961	0.01103	0.00613	0.00858	0.00245	0.01225	0.00858	0.00368	0.00980
8	0.01093	0.00743	0.01115	0.01115	0.01213	0.00842	0.00842	0.01213	0.01115	0.01585	0.01781	0.02699	0.01683	0.04744	0.54948	0.19959	0.01629	0.00743	0.00372	0.00568
9	0.01458	0.03760	0.70688	0.02072	0.03146	0.01688	0.02686	0.02302	0.01535	0.02302	0.01304	0.01535	0.00921	0.00691	0.00691	0.00230	0.01074	0.00537	0.00307	0.01074
10	0.23697	0.01343	0.01327	0.01146	0.01545	0.06977	0.00903	0.02531	0.04177	0.26672	0.05286	0.08366	0.04842	0.03802	0.00778	0.00245	0.00611	0.00799	0.04034	0.00919
11	0.18486	0.07929	0.01741	0.01277	0.01751	0.03620	0.01058	0.15750	0.04618	0.21968	0.05437	0.05064	0.03804	0.00973	0.00675	0.00225	0.00651	0.03294	0.00669	0.01011
12	0.01068	0.00733	0.00951	0.00968	0.01100	0.00707	0.00728	0.01191	0.01481	0.01954	0.16382	0.05233	0.18969	0.08157	0.08809	0.17819	0.00662	0.11956	0.00570	0.00561
13	0.01461	0.01382	0.02340	0.58524	0.18496	0.01638	0.02063	0.01935	0.01495	0.01965	0.01308	0.01909	0.01007	0.00710	0.00725	0.00237	0.00947	0.00646	0.00331	0.00879
14	0.01630	0.19381	0.41708	0.01903	0.02734	0.05165	0.07058	0.02236	0.01527	0.02098	0.01260	0.01538	0.00981	0.00917	0.04040	0.00260	0.03711	0.00540	0.00320	0.00995
15	0.04682	0.00803	0.00923	0.00972	0.01151	0.00771	0.00718	0.01377	0.06757	0.02202	0.12860	0.30476	0.25032	0.01847	0.00866	0.00267	0.00433	0.06510	0.00684	0.00668
16	0.09159	0.03970	0.03830	0.01337	0.01751	0.03543	0.01089	0.25631	0.08097	0.08139	0.02140	0.02604	0.04207	0.13768	0.07221	0.00384	0.00831	0.00746	0.00600	0.00953
17	0.02037	0.01048	0.01293	0.01122	0.01459	0.01009	0.00875	0.07570	0.06819	0.26417	0.13186	0.14816	0.03078	0.01214	0.00744	0.00228	0.00505	0.01034	0.14607	0.00939

[dist]
# distance from previous block
# <min> <max>
0	2

[block]
# block no. 5 follows, 28 sequences, length 51
# corresponding to MSA columns:
# 295-323,325-346
name=unknown_F
#
# <colnr> <probs for GDERKNQSTAVLIFYWHMCP>
#	G	D	E	R	K	N	Q	S	T	A	V	L	I	F	Y	W	H	M	C	P
0	0.05469	0.11835	0.05676	0.01642	0.02167	0.17287	0.03653	0.22210	0.13521	0.05032	0.01696	0.01762	0.01290	0.00924	0.02490	0.00234	0.00914	0.00603	0.00549	0.01046
1	0.01649	0.01574	0.02680	0.28441	0.47111	0.01688	0.02156	0.02100	0.01584	0.02193	0.01341	0.01848	0.01087	0.00675	0.00722	0.00225	0.00901	0.00647	0.00347	0.01031
2	0.01913	0.01784	0.02791	0.02138	0.02678	0.04070	0.28329	0.18092	0.13717	0.02891	0.01943	0.05301	0.01558	0.01293	0.07737	0.00330	0.01048	0.00836	0.00535	0.01017
3	0.04439	0.01372	0.01590	0.01333	0.01772	0.01434	0.01063	0.10618	0.27148	0.24305	0.13957	0.02941	0.02716	0.01021	0.00747	0.00233	0.00575	0.00845	0.00790	0.01099
4	0.02218	0.05128	0.01896	0.01353	0.01951	0.01593	0.01112	0.26376	0.06002	0.11314	0.01726	0.01761	0.01278	0.00734	0.00639	0.00172	0.00658	0.00569	0.00607	0.32913
5	0.01066	0.00715	0.00821	0.00834	0.00847	0.00715	0.00496	0.01091	0.01104	0.01467	0.02408	0.05017	0.02759	0.68982	0.03496	0.00677	0.00702	0.05889	0.00458	0.00458
6	0.03930	0.07732	0.10169	0.09876	0.08208	0.01392	0.04221	0.04724	0.01585	0.13578	0.02037	0.09508	0.01857	0.16491	0.01347	0.00330	0.00780	0.00854	0.00502	0.00879
7	0.00975	0.00741	0.00897	0.00858	0.01053	0.00663	0.00644	0.01268	0.01931	0.02614	0.49893	0.05925	0.26690	0.01598	0.00858	0.00234	0.00351	0.01384	0.00761	0.00663
8	0.01356	0.01265	0.02120	0.69133	0.04811	0.01569	0.01952	0.01833	0.01484	0.01910	0.04689	0.02112	0.01262	0.00765	0.00733	0.00242	0.00938	0.00679	0.00347	0.00801
9	0.01545	0.07812	0.52711	0.02278	0.05668	0.01789	0.13553	0.02296	0.01566	0.02272	0.01317	0.01594	0.00961	0.00671	0.00706	0.00228	0.01074	0.00586	0.00319	0.01052
10	0.01778	0.02155	0.11084	0.02488	0.06171	0.07734	0.30367	0.06184	0.01719	0.02331	0.04717	0.01933	0.01334	0.00828	0.01117	0.00249	0.15721	0.00743	0.00394	0.00951
11	0.01884	0.01180	0.01209	0.01045	0.01358	0.03867	0.00823	0.16827	0.04979	0.08608	0.05591	0.02554	0.01945	0.00891	0.00609	0.00192	0.00514	0.00707	0.44341	0.00877
12	0.79588	0.01406	0.01068	0.00956	0.01406	0.01631	0.00787	0.02137	0.01237	0.03261	0.01012	0.01181	0.00787	0.00675	0.00450	0.00225	0.00562	0.00394	0.00450	0.00787
13	0.01481	0.01306	0.01607	0.01242	0.01714	0.01199	0.00997	0.01756	0.01419	0.02206	0.01414	0.06621	0.01314	0.00810	0.00943	0.00164	0.15337	0.00588	0.00425	0.57458
14	0.02135	0.01884	0.02528	0.11819	0.27494	0.07965	0.05773	0.18900	0.05850	0.06133	0.01599	0.01853	0.01218	0.00752	0.00727	0.00221	0.00895	0.00660	0.00497	0.01096
15	0.00902	0.00649	0.00860	0.01022	0.01079	0.00606	0.00701	0.01043	0.01419	0.01879	0.04119	0.67516	0.07136	0.02245	0.00930	0.00296	0.00435	0.05892	0.00674	0.00596
16	0.02267	0.01600	0.02417	0.03176	0.42121	0.04474	0.01753	0.02637	0.01827	0.24016	0.05041	0.02164	0.01617	0.00772	0.00727	0.00218	0.00780	0.00698	0.00553	0.01143
17	0.06136	0.01923	0.02054	0.01587	0.02146	0.02118	0.01309	0.59490	0.03194	0.07077	0.01782	0.01787	0.01263	0.00864	0.00707	0.00217	0.00764	0.00647	0.03742	0.01195
18	0.02007	0.01136	0.01353	0.01166	0.01528	0.01103	0.00912	0.13873	0.05208	0.23208	0.06561	0.17369	0.14917	0.01364	0.00787	0.00240	0.00539	0.01153	0.04634	0.00940
19	0.00933	0.00676	0.00851	0.00933	0.01019	0.00627	0.00633	0.01094	0.01514	0.02025	0.17417	0.43614	0.12390	0.11262	0.01259	0.00328	0.00436	0.01725	0.00670	0.00593
20	0.01411	0.01331	0.02249	0.66612	0.10803	0.01625	0.02038	0.01891	0.01471	0.01903	0.01299	0.01926	0.00985	0.00720	0.00726	0.00240	0.00960	0.00646	0.00326	0.00838
21	0.01388	0.01293	0.01838	0.01637	0.01684	0.01743	0.01340	0.01584	0.01133	0.01727	0.01318	0.02055	0.01271	0.02806	0.27770	0.00630	0.47009	0.00688	0.00344	0.00742
22	0.01233	0.00992	0.01020	0.00920	0.01232	0.00936	0.00715	0.14100	0.02003	0.02478	0.06260	0.05964	0.56187	0.01651	0.00833	0.00240	0.00453	0.01361	0.00685	0.00736
23	0.17768	0.00867	0.00947	0.00938	0.01149	0.00880	0.00707	0.01563	0.01584	0.05215	0.20388	0.19479	0.05906	0.01449	0.00814	0.03314	0.00443	0.03736	0.12166	0.00688
24	0.01903	0.01406	0.04321	0.01448	0.03678	0.01350	0.04200	0.14204	0.14449	0.14244	0.16647	0.06523	0.10133	0.01163	0.00784	0.00235	0.00605	0.00994	0.00722	0.00993
25	0.01067	0.00768	0.00930	0.00922	0.01050	0.00763	0.00652	0.03215	0.01484	0.02009	0.14501	0.09683	0.15668	0.24778	0.14105	0.00548	0.00768	0.02990	0.03498	0.00600
26	0.01856	0.62011	0.15919	0.01394	0.02098	0.02661	0.01505	0.02199	0.01487	0.01817	0.01064	0.01233	0.00931	0.00634	0.00507	0.00169	0.00831	0.00416	0.00310	0.00958
27	0.15959	0.01839	0.02340	0.09320	0.18317	0.11378	0.10517	0.07413	0.01714	0.02498	0.01467	0.06714	0.01283	0.00840	0.00798	0.00232	0.05308	0.00705	0.00425	0.00931
28	0.01373	0.01292	0.02180	0.72707	0.05006	0.01615	0.02019	0.01857	0.01453	0.01857	0.01292	0.01938	0.00969	0.00727	0.00727	0.00242	0.00969	0.00646	0.00323	0.00807
29	0.01943	0.74891	0.03809	0.01244	0.01866	0.02876	0.01244	0.02177	0.01477	0.01710	0.01011	0.01166	0.00933	0.00622	0.00466	0.00155	0.00777	0.00389	0.00311	0.00933
30	0.06949	0.13134	0.15324	0.01575	0.02210	0.11228	0.01498	0.15406	0.05005	0.18244	0.01735	0.01736	0.01236	0.00784	0.00657	0.00210	0.00853	0.00577	0.00561	0.01077
31	0.02075	0.01647	0.01958	0.10423	0.09368	0.09465	0.03735	0.09317	0.09141	0.14194	0.02039	0.08680	0.01670	0.00908	0.00716	0.00214	0.00772	0.00770	0.00569	0.12338
32	0.00949	0.00736	0.00864	0.00841	0.01040	0.00651	0.00628	0.01215	0.01857	0.02459	0.39918	0.08920	0.33961	0.01672	0.00861	0.00239	0.00357	0.01441	0.00741	0.00651
33	0.01050	0.00702	0.00795	0.00802	0.00804	0.00700	0.00451	0.01055	0.01072	0.01429	0.02365	0.07785	0.02737	0.71296	0.03579	0.00687	0.00692	0.01101	0.00451	0.00447
34	0.01507	0.01292	0.01507	0.01077	0.01723	0.00969	0.00861	0.01830	0.01507	0.02369	0.01292	0.01507	0.01077	0.00538	0.00538	0.00108	0.00538	0.00431	0.00431	0.78898
35	0.02178	0.01728	0.01843	0.01538	0.02011	0.01951	0.01229	0.30424	0.38693	0.03681	0.05054	0.02413	0.01989	0.00958	0.00739	0.00234	0.00660	0.00771	0.00737	0.01168
36	0.01948	0.01799	0.02248	0.13231	0.02714	0.10400	0.13001	0.19066	0.08823	0.02849	0.05638	0.02394	0.04984	0.01006	0.02712	0.00252	0.00907	0.00767	0.04302	0.00960
37	0.79588	0.01406	0.01068	0.00956	0.01406	0.01631	0.00787	0.02137	0.01237	0.03261	0.01012	0.01181	0.00787	0.00675	0.00450	0.00225	0.00562	0.00394	0.00450	0.00787
38	0.01862	0.01485	0.01535	0.01305	0.01687	0.04367	0.01026	0.28043	0.12590	0.03225	0.09499	0.08202	0.17163	0.03585	0.00875	0.00249	0.00622	0.01031	0.00697	0.00952
39	0.01000	0.00695	0.00938	0.01041	0.01105	0.00696	0.00739	0.01128	0.01313	0.01763	0.03210	0.38003	0.03678	0.14602	0.12668	0.05303	0.00756	0.10224	0.00569	0.00569
40	0.01092	0.00732	0.00924	0.00937	0.01065	0.00682	0.00662	0.01294	0.01638	0.05408	0.28031	0.23891	0.10431	0.15716	0.01421	0.00343	0.00461	0.03951	0.00686	0.00632
41	0.01767	0.01831	0.03224	0.12010	0.38782	0.05118	0.22006	0.02249	0.01669	0.02270	0.01378	0.01841	0.01105	0.00651	0.00760	0.00227	0.01008	0.00703	0.00359	0.01044
42	0.05206	0.01091	0.01211	0.01120	0.01348	0.01157	0.00814	0.12067	0.12735	0.05291	0.05209	0.19753	0.02852	0.20767	0.01545	0.00368	0.00588	0.01135	0.04953	0.00787
43	0.01696	0.01395	0.01491	0.01317	0.01696	0.01540	0.01029	0.12326	0.40035	0.03073	0.11729	0.03604	0.13613	0.01171	0.00772	0.00240	0.00545	0.00974	0.00735	0.01018
44	0.02260	0.02199	0.02301	0.01873	0.02371	0.18413	0.11689	0.20178	0.25145	0.03037	0.01970	0.02007	0.01481	0.00841	0.00735	0.00225	0.00911	0.00700	0.00591	0.01074
45	0.01458	0.03760	0.70688	0.02072	0.03146	0.01688	0.02686	0.02302	0.01535	0.02302	0.01304	0.01535	0.00921	0.00691	0.00691	0.00230	0.01074	0.00537	0.00307	0.01074
46	0.00968	0.00713	0.00921	0.00972	0.01084	0.00696	0.00696	0.01161	0.01476	0.01984	0.15373	0.27288	0.13965	0.11182	0.15115	0.00497	0.00743	0.03946	0.00613	0.00608
47	0.02405	0.01030	0.01324	0.01105	0.01517	0.00914	0.00901	0.02689	0.01883	0.42647	0.03426	0.03579	0.10654	0.01103	0.00727	0.00226	0.00536	0.06240	0.16097	0.01000
48	0.79588	0.01406	0.01068	0.00956	0.01406	0.01631	0.00787	0.02137	0.01237	0.03261	0.01012	0.01181	0.00787	0.00675	0.00450	0.00225	0.00562	0.00394	0.00450	0.00787
