[name]
unknown

[dist]
# distance from previous block
# <min> <max>
0	470

[block]
# block no. 0 follows, 31 sequences, length 41
# corresponding to MSA columns:
# 472-512
name=unknown_A
#
# <colnr> <probs for GDERKNQSTAVLIFYWHMCP>
#	G	D	E	R	K	N	Q	S	T	A	V	L	I	F	Y	W	H	M	C	P
0	0.22774	0.01374	0.01828	0.06605	0.23878	0.03236	0.03837	0.01909	0.01440	0.02379	0.01601	0.02587	0.01478	0.00840	0.00641	0.00216	0.00699	0.12440	0.00420	0.09818
1	0.24819	0.01534	0.01972	0.02554	0.34806	0.03871	0.01446	0.02212	0.08390	0.02523	0.01326	0.01567	0.01071	0.00642	0.00586	0.00198	0.00686	0.00530	0.00407	0.08860
2	0.03754	0.01607	0.02527	0.03317	0.47671	0.01649	0.06114	0.06101	0.13245	0.04793	0.01603	0.01851	0.01266	0.00681	0.00683	0.00210	0.00771	0.00647	0.00437	0.01072
3	0.01654	0.01567	0.02600	0.14344	0.54801	0.01658	0.02003	0.04420	0.01556	0.02199	0.01264	0.01698	0.01049	0.00666	0.00779	0.00213	0.05560	0.00609	0.00343	0.01017
4	0.04354	0.01515	0.02432	0.05426	0.52995	0.01480	0.01800	0.02153	0.01559	0.08529	0.01392	0.01703	0.01114	0.00622	0.00650	0.00193	0.00750	0.00585	0.00394	0.10354
5	0.01063	0.00765	0.00978	0.01120	0.07863	0.00775	0.00620	0.01124	0.01060	0.01439	0.02042	0.04049	0.02282	0.62506	0.09047	0.00654	0.00776	0.00935	0.00403	0.00498
6	0.00821	0.00691	0.00696	0.00696	0.00913	0.00583	0.00513	0.00983	0.01523	0.01815	0.06625	0.06449	0.66995	0.06489	0.00980	0.00259	0.00367	0.01415	0.00621	0.00567
7	0.01922	0.67218	0.03388	0.01233	0.01801	0.07190	0.01188	0.06133	0.01535	0.01776	0.00999	0.01139	0.00895	0.00607	0.00465	0.00152	0.00765	0.00386	0.00320	0.00890
8	0.01588	0.01518	0.02587	0.22574	0.54136	0.01598	0.02047	0.02007	0.01508	0.02107	0.01268	0.01728	0.01039	0.00629	0.00679	0.00210	0.00839	0.00609	0.00330	0.00999
9	0.01708	0.01664	0.02729	0.06238	0.67523	0.03830	0.02070	0.02109	0.01564	0.02203	0.01278	0.01683	0.01072	0.00615	0.00676	0.00203	0.00829	0.00604	0.00338	0.01065
10	0.02177	0.02559	0.02190	0.07150	0.23753	0.43891	0.01590	0.02507	0.04296	0.01896	0.01202	0.01462	0.00990	0.00682	0.00643	0.00190	0.01058	0.00516	0.00358	0.00891
11	0.02950	0.01357	0.01707	0.01308	0.01842	0.01291	0.01081	0.20228	0.02280	0.54814	0.02429	0.02153	0.01558	0.00840	0.00687	0.00210	0.00626	0.00670	0.00805	0.01164
12	0.00926	0.00692	0.00860	0.00830	0.00999	0.00626	0.00618	0.01205	0.01818	0.02492	0.53502	0.09648	0.20233	0.01515	0.00811	0.00222	0.00332	0.01324	0.00721	0.00626
13	0.01688	0.01438	0.01526	0.01366	0.01745	0.01652	0.01064	0.05677	0.64112	0.02903	0.06858	0.02676	0.02320	0.00953	0.00702	0.00230	0.00535	0.00796	0.00699	0.01059
14	0.00995	0.00663	0.00746	0.00746	0.00746	0.00663	0.00415	0.00995	0.00995	0.01327	0.02156	0.04477	0.02487	0.75957	0.03482	0.00663	0.00663	0.00995	0.00415	0.00415
15	0.01628	0.01758	0.02474	0.13948	0.02690	0.11358	0.15704	0.01921	0.01337	0.01781	0.01073	0.01589	0.00927	0.00918	0.01472	0.00257	0.37432	0.00623	0.00317	0.00793
16	0.00834	0.00595	0.00794	0.00953	0.00992	0.00556	0.00635	0.00953	0.01310	0.01746	0.03771	0.75510	0.04525	0.02143	0.00873	0.00278	0.00397	0.01945	0.00635	0.00556
17	0.00968	0.00699	0.00914	0.00861	0.01022	0.00646	0.00646	0.01291	0.01937	0.02743	0.71328	0.05110	0.06455	0.01399	0.00807	0.00215	0.00323	0.01237	0.00753	0.00646
18	0.01630	0.01719	0.02076	0.01792	0.01836	0.11074	0.01475	0.01784	0.01160	0.01650	0.00918	0.01464	0.00896	0.01135	0.02040	0.00284	0.65428	0.00579	0.00306	0.00754
19	0.01292	0.01216	0.02052	0.74312	0.04712	0.01520	0.01900	0.01748	0.01368	0.01748	0.01216	0.01824	0.00912	0.00684	0.00684	0.00228	0.00912	0.00608	0.00304	0.00760
20	0.02601	0.01916	0.02053	0.01574	0.02122	0.02122	0.01300	0.69408	0.03217	0.04312	0.01643	0.01643	0.01163	0.00821	0.00684	0.00205	0.00753	0.00616	0.00684	0.01163
21	0.01615	0.01845	0.04037	0.02884	0.03576	0.01730	0.69204	0.02191	0.01615	0.02191	0.01384	0.01845	0.01038	0.00577	0.00807	0.00231	0.01153	0.00807	0.00346	0.00923
22	0.01536	0.01575	0.02786	0.15058	0.17152	0.01795	0.21147	0.01914	0.01370	0.01941	0.01172	0.01694	0.00979	0.00810	0.01242	0.00248	0.25728	0.00663	0.00322	0.00869
23	0.01829	0.76368	0.03585	0.01171	0.01756	0.02707	0.01171	0.02049	0.01390	0.01610	0.00951	0.01097	0.00878	0.00585	0.00439	0.00146	0.00732	0.00366	0.00293	0.00878
24	0.01419	0.01216	0.01419	0.01013	0.01621	0.00912	0.00811	0.01723	0.01419	0.02229	0.01216	0.01419	0.01013	0.00507	0.00507	0.00101	0.00507	0.00405	0.00405	0.80139
25	0.00834	0.00595	0.00794	0.00953	0.00992	0.00556	0.00635	0.00953	0.01310	0.01746	0.03771	0.75510	0.04525	0.02143	0.00873	0.00278	0.00397	0.01945	0.00635	0.00556
26	0.01472	0.00864	0.01054	0.00939	0.01227	0.00793	0.00732	0.01830	0.06311	0.19230	0.22940	0.04625	0.27526	0.01593	0.05484	0.00279	0.00507	0.01113	0.00706	0.00775
27	0.02310	0.01112	0.01420	0.01166	0.01581	0.01053	0.00935	0.02907	0.14997	0.42492	0.19001	0.03031	0.02899	0.00993	0.00718	0.00216	0.00513	0.00835	0.00796	0.01026
28	0.01829	0.76368	0.03585	0.01171	0.01756	0.02707	0.01171	0.02049	0.01390	0.01610	0.00951	0.01097	0.00878	0.00585	0.00439	0.00146	0.00732	0.00366	0.00293	0.00878
29	0.01460	0.10392	0.63362	0.01863	0.02817	0.01714	0.02355	0.04562	0.01503	0.02191	0.01216	0.01419	0.00878	0.00650	0.00631	0.00210	0.00975	0.00496	0.00303	0.01004
30	0.01962	0.02018	0.04425	0.06484	0.13646	0.20802	0.01413	0.02955	0.30457	0.05885	0.01917	0.01961	0.01462	0.00786	0.00669	0.00210	0.00814	0.00633	0.00514	0.00987
31	0.02962	0.01141	0.01553	0.01199	0.01709	0.00987	0.00987	0.03230	0.01957	0.68618	0.06204	0.02471	0.01937	0.00875	0.00694	0.00212	0.00569	0.00716	0.00842	0.01138
32	0.01419	0.01216	0.01419	0.01013	0.01621	0.00912	0.00811	0.01723	0.01419	0.02229	0.01216	0.01419	0.01013	0.00507	0.00507	0.00101	0.00507	0.00405	0.00405	0.80139
33	0.01610	0.01887	0.06010	0.02904	0.06032	0.01722	0.64797	0.02187	0.01608	0.02192	0.01376	0.01828	0.01035	0.00580	0.00798	0.00229	0.01137	0.00791	0.00344	0.00931
34	0.01395	0.01370	0.02001	0.45860	0.03551	0.05302	0.01695	0.01738	0.01291	0.01706	0.01156	0.01754	0.00954	0.01096	0.05471	0.00298	0.21698	0.00604	0.00309	0.00749
35	0.00968	0.00699	0.00914	0.00861	0.01022	0.00646	0.00646	0.01291	0.01937	0.02743	0.71328	0.05110	0.06455	0.01399	0.00807	0.00215	0.00323	0.01237	0.00753	0.00646
36	0.00834	0.00595	0.00794	0.00953	0.00992	0.00556	0.00635	0.00953	0.01310	0.01746	0.03771	0.75510	0.04525	0.02143	0.00873	0.00278	0.00397	0.01945	0.00635	0.00556
37	0.01044	0.00827	0.01212	0.01320	0.08958	0.00777	0.03423	0.01345	0.01757	0.02458	0.46665	0.17358	0.07338	0.01424	0.00805	0.00226	0.00423	0.01285	0.00667	0.00686
38	0.01567	0.01650	0.14219	0.01271	0.01947	0.01073	0.03751	0.01965	0.01479	0.08521	0.01358	0.01522	0.01049	0.00566	0.00560	0.00137	0.00628	0.00464	0.00422	0.55851
39	0.01676	0.00860	0.01081	0.00948	0.01239	0.00779	0.00738	0.01994	0.03937	0.25098	0.25048	0.08431	0.14174	0.01235	0.00733	0.00215	0.00422	0.01053	0.09529	0.00811
40	0.20812	0.10509	0.06903	0.06789	0.02022	0.11284	0.01217	0.11992	0.05489	0.06539	0.04905	0.01652	0.01290	0.00749	0.00626	0.00200	0.02742	0.00534	0.00470	0.03279

[dist]
# distance from previous block
# <min> <max>
0	25

[block]
# block no. 1 follows, 31 sequences, length 29
# corresponding to MSA columns:
# 538-566
name=unknown_B
#
# <colnr> <probs for GDERKNQSTAVLIFYWHMCP>
#	G	D	E	R	K	N	Q	S	T	A	V	L	I	F	Y	W	H	M	C	P
0	0.01696	0.07942	0.40376	0.01851	0.06084	0.07412	0.03294	0.04647	0.05606	0.07974	0.03122	0.04206	0.01287	0.00753	0.00655	0.00210	0.00894	0.00603	0.00404	0.00984
1	0.01786	0.05108	0.05905	0.03262	0.43314	0.10720	0.08668	0.02334	0.08094	0.02189	0.01392	0.01695	0.01130	0.00649	0.00673	0.00203	0.00880	0.00609	0.00371	0.01019
2	0.01438	0.01358	0.02003	0.47537	0.06103	0.04187	0.04497	0.04144	0.05828	0.02000	0.01511	0.01936	0.03226	0.00708	0.00669	0.00209	0.00834	0.00621	0.00369	0.10823
3	0.01361	0.01365	0.04444	0.09744	0.31000	0.01317	0.07760	0.01752	0.03135	0.02048	0.02726	0.10067	0.15980	0.01026	0.00785	0.00225	0.03032	0.00933	0.00432	0.00867
4	0.01532	0.06531	0.57790	0.02095	0.09752	0.01607	0.02327	0.02228	0.01486	0.06553	0.01314	0.01509	0.00941	0.00655	0.00645	0.00212	0.00951	0.00521	0.00329	0.01022
5	0.01372	0.03539	0.72412	0.01950	0.02961	0.01589	0.02528	0.02167	0.01444	0.02167	0.01228	0.01444	0.00867	0.00650	0.00650	0.00217	0.01011	0.00506	0.00289	0.01011
6	0.01462	0.01736	0.09582	0.02595	0.11621	0.01483	0.40818	0.01958	0.01547	0.02124	0.01827	0.12317	0.01691	0.00886	0.00794	0.00238	0.00960	0.05082	0.00398	0.00882
7	0.01532	0.01536	0.05712	0.17104	0.13409	0.01604	0.17101	0.01920	0.01428	0.05653	0.03419	0.06474	0.01387	0.00883	0.01077	0.00242	0.17526	0.00753	0.00379	0.00861
8	0.01683	0.01653	0.02936	0.04033	0.63095	0.01639	0.10566	0.02111	0.01565	0.02230	0.01299	0.01712	0.01078	0.00605	0.00694	0.00207	0.00856	0.00635	0.00340	0.01063
9	0.00982	0.00715	0.01009	0.01009	0.01100	0.00806	0.00743	0.01164	0.01073	0.01521	0.01915	0.03145	0.01909	0.23214	0.55434	0.00988	0.01534	0.00800	0.00379	0.00561
10	0.70827	0.10792	0.01331	0.00934	0.01378	0.01683	0.00795	0.02016	0.01193	0.02885	0.00952	0.01110	0.00758	0.00629	0.00425	0.00203	0.00555	0.00370	0.00407	0.00758
11	0.00824	0.00694	0.00715	0.00710	0.00934	0.00584	0.00532	0.01013	0.01597	0.01937	0.13346	0.06437	0.64940	0.01699	0.00808	0.00229	0.00344	0.01423	0.00647	0.00584
12	0.01076	0.00879	0.01068	0.01028	0.01115	0.03391	0.00749	0.01213	0.01144	0.01539	0.02454	0.03616	0.10654	0.28794	0.29120	0.00714	0.09588	0.00889	0.00409	0.00560
13	0.01074	0.00816	0.01065	0.05575	0.01218	0.00934	0.00728	0.01167	0.01045	0.01443	0.01877	0.03596	0.02041	0.48410	0.16326	0.00672	0.10242	0.00871	0.00384	0.00515
14	0.01870	0.72222	0.03492	0.01204	0.01776	0.06706	0.01179	0.02087	0.01421	0.01613	0.00957	0.01105	0.00878	0.00592	0.00449	0.00148	0.00760	0.00370	0.00296	0.00873
15	0.01771	0.67179	0.12269	0.01269	0.01908	0.02566	0.01342	0.02063	0.01397	0.01680	0.00986	0.01141	0.00877	0.00593	0.00466	0.00155	0.00767	0.00383	0.00292	0.00895
16	0.06696	0.55409	0.18767	0.01327	0.01997	0.02384	0.01446	0.02073	0.01388	0.01826	0.01013	0.01176	0.00867	0.00603	0.00485	0.00166	0.00781	0.00397	0.00300	0.00899
17	0.00995	0.00725	0.01058	0.01058	0.01177	0.00835	0.00815	0.01233	0.01114	0.01632	0.01869	0.02756	0.01746	0.07899	0.66149	0.01028	0.01697	0.00739	0.04871	0.00604
18	0.02207	0.38300	0.02728	0.01479	0.01943	0.39419	0.01249	0.02404	0.01676	0.01643	0.01007	0.01168	0.00880	0.00648	0.00532	0.00162	0.00993	0.00405	0.00324	0.00834
19	0.00977	0.00733	0.01100	0.01100	0.01222	0.00855	0.00855	0.01222	0.01100	0.01588	0.01833	0.02688	0.01710	0.05131	0.73245	0.01100	0.01833	0.00733	0.00367	0.00611
20	0.00869	0.00620	0.00834	0.00993	0.01048	0.00586	0.00696	0.01013	0.01344	0.01786	0.03751	0.66684	0.04448	0.02110	0.00883	0.00283	0.00427	0.10426	0.00634	0.00565
21	0.01573	0.02149	0.16505	0.02751	0.05455	0.01701	0.55047	0.02184	0.01582	0.02188	0.01353	0.01768	0.01008	0.00591	0.00775	0.00227	0.01117	0.00746	0.00335	0.00944
22	0.01431	0.01400	0.01970	0.01708	0.01724	0.01939	0.01416	0.01593	0.01054	0.01639	0.01016	0.01647	0.01001	0.01694	0.11203	0.00400	0.65510	0.00616	0.00308	0.00731
23	0.00834	0.00595	0.00794	0.00953	0.00992	0.00556	0.00635	0.00953	0.01310	0.01746	0.03771	0.75510	0.04525	0.02143	0.00873	0.00278	0.00397	0.01945	0.00635	0.00556
24	0.01592	0.01522	0.02594	0.21892	0.54788	0.01599	0.02049	0.02011	0.01510	0.02112	0.01269	0.01726	0.01040	0.00628	0.00679	0.00209	0.00838	0.00609	0.00330	0.01002
25	0.03596	0.42311	0.19037	0.01833	0.11734	0.02220	0.03948	0.04651	0.01498	0.01980	0.01102	0.01305	0.00917	0.00613	0.00542	0.00177	0.00817	0.00456	0.00318	0.00946
26	0.01638	0.01216	0.01515	0.08023	0.05038	0.01223	0.01049	0.14289	0.09163	0.07903	0.21434	0.05557	0.02865	0.00968	0.00695	0.00197	0.00556	0.00824	0.00614	0.15231
27	0.14891	0.02388	0.14165	0.04349	0.20910	0.22261	0.01658	0.07575	0.01709	0.02348	0.01182	0.01422	0.00933	0.00667	0.00614	0.00200	0.00920	0.00504	0.00374	0.00929
28	0.01831	0.18911	0.12478	0.05740	0.09404	0.11066	0.08478	0.07373	0.08987	0.03850	0.01503	0.03253	0.01230	0.00739	0.00639	0.00200	0.00865	0.02098	0.00411	0.00943

[dist]
# distance from previous block
# <min> <max>
0	1

[block]
# block no. 2 follows, 31 sequences, length 12
# corresponding to MSA columns:
# 568-579
name=unknown_C
#
# <colnr> <probs for GDERKNQSTAVLIFYWHMCP>
#	G	D	E	R	K	N	Q	S	T	A	V	L	I	F	Y	W	H	M	C	P
0	0.01790	0.14696	0.13223	0.04787	0.05433	0.04163	0.03957	0.14794	0.18467	0.02591	0.01907	0.01970	0.04610	0.00782	0.00641	0.00201	0.00750	0.00626	0.00489	0.04124
1	0.01174	0.00824	0.01035	0.00998	0.01201	0.00805	0.00773	0.01671	0.10357	0.06324	0.41929	0.10359	0.08267	0.01447	0.00810	0.00236	0.00412	0.09941	0.00720	0.00716
2	0.01289	0.08503	0.36469	0.01588	0.02234	0.01378	0.06870	0.01839	0.01541	0.02204	0.19041	0.02552	0.02402	0.03547	0.05387	0.00282	0.00865	0.00733	0.00420	0.00856
3	0.01125	0.00605	0.00887	0.00921	0.00936	0.00598	0.00628	0.00930	0.00997	0.01327	0.01745	0.14458	0.01886	0.02312	0.02284	0.62644	0.00564	0.04424	0.00371	0.00358
4	0.01377	0.02414	0.37314	0.01752	0.02501	0.01372	0.12299	0.04587	0.01586	0.02274	0.07076	0.02309	0.08529	0.00793	0.00685	0.00205	0.00840	0.00694	0.00398	0.10994
5	0.01419	0.07683	0.13652	0.08972	0.05524	0.01389	0.06581	0.01915	0.05256	0.02058	0.01457	0.01966	0.01233	0.02597	0.06721	0.00267	0.02923	0.03181	0.00378	0.24828
6	0.01250	0.00978	0.01336	0.01414	0.09531	0.01024	0.00971	0.04634	0.01776	0.04036	0.38942	0.04161	0.08962	0.01266	0.00961	0.00228	0.09882	0.04299	0.03611	0.00740
7	0.01676	0.10899	0.30525	0.01617	0.04708	0.04965	0.01662	0.05126	0.06817	0.07783	0.07093	0.01857	0.01514	0.00731	0.00629	0.00193	0.00787	0.00576	0.00437	0.10405
8	0.04247	0.04106	0.10850	0.04290	0.02146	0.12682	0.08104	0.07116	0.13139	0.02337	0.01612	0.01833	0.01266	0.01124	0.07464	0.00278	0.00908	0.00592	0.05763	0.10144
9	0.07669	0.01447	0.05038	0.06501	0.13853	0.01441	0.01295	0.08250	0.07636	0.04590	0.06684	0.02100	0.01608	0.05631	0.01005	0.00233	0.09391	0.00639	0.00462	0.14525
10	0.01933	0.02262	0.08360	0.06790	0.15849	0.26366	0.03498	0.09403	0.04163	0.02205	0.01862	0.02038	0.08194	0.00795	0.00667	0.00198	0.00920	0.00632	0.00418	0.03446
11	0.04204	0.08140	0.08664	0.07735	0.11422	0.04910	0.07189	0.09639	0.03860	0.02369	0.10195	0.11545	0.03998	0.00984	0.00727	0.00217	0.02008	0.00852	0.00477	0.00864

[dist]
# distance from previous block
# <min> <max>
0	27

[block]
# block no. 3 follows, 31 sequences, length 27
# corresponding to MSA columns:
# 608-634
name=unknown_D
#
# <colnr> <probs for GDERKNQSTAVLIFYWHMCP>
#	G	D	E	R	K	N	Q	S	T	A	V	L	I	F	Y	W	H	M	C	P
0	0.01634	0.07804	0.23927	0.12155	0.06793	0.07689	0.01706	0.09642	0.07865	0.02342	0.05099	0.02026	0.04822	0.00783	0.00658	0.00207	0.00832	0.00627	0.00423	0.02965
1	0.03881	0.03481	0.07899	0.12430	0.14487	0.05033	0.05152	0.08175	0.06689	0.16083	0.04617	0.02106	0.01502	0.00774	0.00679	0.00211	0.00770	0.02219	0.00513	0.03299
2	0.03961	0.01494	0.06885	0.03293	0.07758	0.05892	0.01132	0.06317	0.04610	0.04378	0.14408	0.05207	0.04209	0.00874	0.00686	0.00182	0.02412	0.00720	0.00505	0.25077
3	0.01665	0.01640	0.05129	0.11149	0.52127	0.01615	0.03939	0.05996	0.03469	0.02303	0.01414	0.03906	0.01190	0.00684	0.00688	0.00210	0.00817	0.00656	0.00372	0.01031
4	0.00833	0.00649	0.00757	0.00826	0.00963	0.00573	0.00583	0.00993	0.01474	0.01872	0.10592	0.38208	0.35448	0.01895	0.00838	0.00251	0.00368	0.01658	0.00645	0.00573
5	0.01875	0.07422	0.02357	0.02182	0.15714	0.16741	0.12528	0.05406	0.07213	0.06321	0.06465	0.05878	0.01818	0.00866	0.00703	0.00211	0.00851	0.04069	0.00471	0.00909
6	0.00834	0.00595	0.00794	0.00953	0.00992	0.00556	0.00635	0.00953	0.01310	0.01746	0.03771	0.75510	0.04525	0.02143	0.00873	0.00278	0.00397	0.01945	0.00635	0.00556
7	0.01419	0.01216	0.01419	0.01013	0.01621	0.00912	0.00811	0.01723	0.01419	0.02229	0.01216	0.01419	0.01013	0.00507	0.00507	0.00101	0.00507	0.00405	0.00405	0.80139
8	0.02636	0.01860	0.02018	0.01547	0.02094	0.02038	0.01278	0.64460	0.03122	0.09392	0.01722	0.01694	0.01203	0.00823	0.00685	0.00206	0.00740	0.00621	0.00697	0.01164
9	0.02533	0.01883	0.02015	0.01560	0.02096	0.02090	0.01284	0.64483	0.08251	0.04203	0.01728	0.01711	0.01233	0.00829	0.00685	0.00207	0.00737	0.00628	0.00685	0.01157
10	0.00968	0.00699	0.00914	0.00861	0.01022	0.00646	0.00646	0.01291	0.01937	0.02743	0.71328	0.05110	0.06455	0.01399	0.00807	0.00215	0.00323	0.01237	0.00753	0.00646
11	0.00995	0.00663	0.00746	0.00746	0.00746	0.00663	0.00415	0.00995	0.00995	0.01327	0.02156	0.04477	0.02487	0.75957	0.03482	0.00663	0.00663	0.00995	0.00415	0.00415
12	0.05930	0.01437	0.09516	0.01287	0.01866	0.01092	0.01166	0.03151	0.01869	0.61592	0.02465	0.02182	0.01563	0.00816	0.00673	0.00212	0.00628	0.00655	0.00768	0.01130
13	0.02565	0.01899	0.02033	0.01567	0.02108	0.02105	0.01292	0.66830	0.05852	0.04255	0.01687	0.01678	0.01200	0.00825	0.00685	0.00206	0.00745	0.00622	0.00685	0.01160
14	0.01746	0.08546	0.39254	0.02079	0.10686	0.15303	0.02026	0.05829	0.04349	0.02179	0.01264	0.01462	0.00959	0.00671	0.00635	0.00202	0.00977	0.00511	0.00344	0.00979
15	0.01026	0.00747	0.00950	0.00898	0.00996	0.00767	0.00641	0.01233	0.01531	0.02173	0.39867	0.04472	0.04485	0.24557	0.04529	0.00392	0.06056	0.01077	0.03024	0.00580
16	0.01372	0.03539	0.72412	0.01950	0.02961	0.01589	0.02528	0.02167	0.01444	0.02167	0.01228	0.01444	0.00867	0.00650	0.00650	0.00217	0.01011	0.00506	0.00289	0.01011
17	0.01392	0.06633	0.69487	0.01917	0.02910	0.01636	0.02470	0.02162	0.01442	0.02143	0.01216	0.01430	0.00867	0.00647	0.00641	0.00214	0.00999	0.00500	0.00289	0.01005
18	0.01967	0.18076	0.10799	0.02399	0.26069	0.07184	0.01650	0.10764	0.01775	0.08081	0.01349	0.01537	0.01056	0.00659	0.00613	0.00188	0.00811	0.00532	0.00412	0.04079
19	0.01160	0.07681	0.24457	0.01231	0.01708	0.01115	0.01295	0.01620	0.01710	0.02413	0.39082	0.03678	0.07946	0.01108	0.00726	0.00211	0.00582	0.00941	0.00558	0.00780
20	0.80789	0.01323	0.01006	0.00900	0.01323	0.01535	0.00741	0.02011	0.01164	0.03070	0.00953	0.01111	0.00741	0.00635	0.00423	0.00212	0.00529	0.00370	0.00423	0.00741
21	0.00928	0.00664	0.00909	0.01059	0.01141	0.00646	0.00797	0.01117	0.01385	0.01836	0.03627	0.49928	0.04195	0.02209	0.04486	0.00331	0.00544	0.22995	0.00620	0.00582
22	0.00860	0.00615	0.00825	0.00983	0.01035	0.00579	0.00682	0.00999	0.01336	0.01776	0.03756	0.68754	0.04466	0.02118	0.00880	0.00282	0.00420	0.08437	0.00635	0.00563
23	0.04909	0.02902	0.02005	0.01960	0.09025	0.56690	0.01379	0.09357	0.02005	0.02039	0.01136	0.01317	0.00925	0.00705	0.00624	0.00183	0.01121	0.00473	0.00387	0.00858
24	0.01656	0.01587	0.02709	0.10724	0.65456	0.01616	0.02081	0.02067	0.01540	0.02190	0.01280	0.01705	0.01068	0.00616	0.00678	0.00205	0.00822	0.00609	0.00335	0.01054
25	0.02989	0.01191	0.01657	0.01391	0.05821	0.01042	0.01069	0.03262	0.01935	0.68089	0.02617	0.02292	0.01658	0.00833	0.00687	0.00211	0.00596	0.00683	0.00817	0.01160
26	0.03070	0.01164	0.01588	0.01217	0.01746	0.01006	0.01006	0.03334	0.01958	0.72163	0.02699	0.02329	0.01694	0.00847	0.00688	0.00212	0.00582	0.00688	0.00847	0.01164

[dist]
# distance from previous block
# <min> <max>
3	5

[block]
# block no. 4 follows, 31 sequences, length 10
# corresponding to MSA columns:
# 651-654,656-661
name=unknown_E
#
# <colnr> <probs for GDERKNQSTAVLIFYWHMCP>
#	G	D	E	R	K	N	Q	S	T	A	V	L	I	F	Y	W	H	M	C	P
0	0.01092	0.00869	0.01069	0.00979	0.01270	0.00713	0.00713	0.01292	0.01358	0.01959	0.02644	0.42832	0.02976	0.01422	0.00712	0.00200	0.00445	0.01266	0.00534	0.35655
1	0.01372	0.01825	0.17947	0.40255	0.03853	0.01556	0.13347	0.01906	0.01417	0.01946	0.01277	0.01761	0.00958	0.00683	0.00750	0.00226	0.03830	0.00620	0.03635	0.00838
2	0.00948	0.00708	0.00911	0.00941	0.01090	0.00627	0.00663	0.01139	0.01465	0.02038	0.18395	0.49137	0.04444	0.01741	0.00805	0.00238	0.00396	0.01565	0.00628	0.12120
3	0.19280	0.44544	0.09538	0.01304	0.01862	0.02256	0.04374	0.02033	0.01334	0.02016	0.00995	0.01194	0.00855	0.00641	0.00587	0.00181	0.05413	0.00415	0.00324	0.00854
4	0.00971	0.00644	0.00902	0.00954	0.01025	0.00652	0.00676	0.01033	0.01205	0.01636	0.07495	0.28469	0.06956	0.02914	0.20378	0.21078	0.00818	0.01199	0.00485	0.00511
5	0.02000	0.59843	0.03245	0.01260	0.01837	0.02577	0.01199	0.16999	0.01796	0.02209	0.01105	0.01218	0.00941	0.00638	0.00493	0.00159	0.00736	0.00421	0.00380	0.00941
6	0.01510	0.17897	0.01899	0.01048	0.01651	0.01310	0.00891	0.01795	0.01412	0.02092	0.01157	0.01347	0.00983	0.00524	0.00492	0.00111	0.00557	0.00397	0.00380	0.62546
7	0.01753	0.64163	0.15120	0.01301	0.01958	0.02520	0.01398	0.02068	0.01399	0.01703	0.00997	0.01156	0.00876	0.00596	0.00474	0.00158	0.00778	0.00389	0.00292	0.00900
8	0.00885	0.00666	0.00819	0.00844	0.00987	0.00600	0.00609	0.01106	0.01646	0.02203	0.33702	0.26937	0.23071	0.01714	0.00828	0.00238	0.00352	0.01507	0.00686	0.00600
9	0.01091	0.00712	0.00942	0.00922	0.01082	0.00657	0.00687	0.01364	0.01784	0.07340	0.48770	0.20649	0.05591	0.01546	0.00819	0.00233	0.00370	0.04052	0.00728	0.00661

[dist]
# distance from previous block
# <min> <max>
0	3

[block]
# block no. 5 follows, 31 sequences, length 6
# corresponding to MSA columns:
# 679-684
name=unknown_F
#
# <colnr> <probs for GDERKNQSTAVLIFYWHMCP>
#	G	D	E	R	K	N	Q	S	T	A	V	L	I	F	Y	W	H	M	C	P
0	0.03070	0.01164	0.01588	0.01217	0.01746	0.01006	0.01006	0.03334	0.01958	0.72163	0.02699	0.02329	0.01694	0.00847	0.00688	0.00212	0.00582	0.00688	0.00847	0.01164
1	0.02974	0.01552	0.01653	0.01318	0.01815	0.14371	0.01064	0.03223	0.01955	0.59115	0.02395	0.02126	0.01543	0.00821	0.00675	0.00205	0.00703	0.00642	0.00755	0.01096
2	0.00929	0.00664	0.00904	0.01062	0.01143	0.00638	0.00801	0.01118	0.01404	0.01853	0.03718	0.51417	0.04316	0.02053	0.00899	0.00291	0.00480	0.25095	0.00633	0.00582
3	0.01745	0.62888	0.16325	0.01315	0.01979	0.02500	0.01422	0.02070	0.01400	0.01713	0.01002	0.01162	0.00876	0.00597	0.00478	0.00159	0.00783	0.00392	0.00292	0.00903
4	0.06736	0.41703	0.24153	0.01433	0.02133	0.02232	0.01569	0.09175	0.01585	0.02155	0.01108	0.01261	0.00896	0.00633	0.00528	0.00178	0.00806	0.00435	0.00341	0.00940
5	0.01829	0.76368	0.03585	0.01171	0.01756	0.02707	0.01171	0.02049	0.01390	0.01610	0.00951	0.01097	0.00878	0.00585	0.00439	0.00146	0.00732	0.00366	0.00293	0.00878

[dist]
# distance from previous block
# <min> <max>
2	6

[block]
# block no. 6 follows, 31 sequences, length 21
# corresponding to MSA columns:
# 691-711
name=unknown_G
#
# <colnr> <probs for GDERKNQSTAVLIFYWHMCP>
#	G	D	E	R	K	N	Q	S	T	A	V	L	I	F	Y	W	H	M	C	P
0	0.01775	0.27840	0.34614	0.01641	0.02380	0.13557	0.01820	0.05406	0.01590	0.02002	0.01127	0.01303	0.00887	0.00645	0.00576	0.00186	0.00941	0.00453	0.00319	0.00938
1	0.02431	0.03203	0.09525	0.01770	0.02206	0.60892	0.01450	0.07001	0.01969	0.01899	0.01114	0.01283	0.00898	0.00707	0.00625	0.00182	0.01179	0.00459	0.00367	0.00841
2	0.01462	0.05175	0.28560	0.02103	0.02808	0.01512	0.27940	0.02037	0.01536	0.04070	0.01890	0.04927	0.04387	0.00847	0.00748	0.00232	0.00956	0.07520	0.00388	0.00903
3	0.00830	0.00610	0.00779	0.00915	0.00982	0.00559	0.00618	0.00957	0.01346	0.01761	0.04230	0.65492	0.14246	0.02084	0.00864	0.00271	0.00390	0.01872	0.00635	0.00559
4	0.01438	0.13979	0.62546	0.01838	0.02788	0.01749	0.02333	0.02150	0.01437	0.02087	0.01188	0.01395	0.00868	0.00641	0.00620	0.00207	0.00971	0.00486	0.00289	0.00992
5	0.01829	0.76368	0.03585	0.01171	0.01756	0.02707	0.01171	0.02049	0.01390	0.01610	0.00951	0.01097	0.00878	0.00585	0.00439	0.00146	0.00732	0.00366	0.00293	0.00878
6	0.02261	0.32859	0.02605	0.01523	0.01970	0.44666	0.01261	0.02455	0.01717	0.01648	0.01014	0.01179	0.00880	0.00657	0.00545	0.00164	0.01030	0.00410	0.00328	0.00827
7	0.00980	0.00666	0.00742	0.00742	0.00760	0.00656	0.00423	0.00994	0.01040	0.01368	0.02540	0.04646	0.08029	0.69989	0.03267	0.00629	0.00638	0.01031	0.00432	0.00428
8	0.00945	0.00718	0.00886	0.00926	0.01105	0.00660	0.00739	0.01201	0.01660	0.02161	0.24297	0.10033	0.28837	0.01705	0.00853	0.00254	0.00428	0.21311	0.00668	0.00612
9	0.01478	0.02448	0.42298	0.01649	0.02370	0.01285	0.05469	0.02052	0.01549	0.10813	0.06133	0.07910	0.07254	0.00955	0.00712	0.00226	0.00814	0.03209	0.00453	0.00923
10	0.01023	0.00865	0.01359	0.01489	0.08797	0.00814	0.08178	0.01242	0.01421	0.01880	0.03681	0.45800	0.13056	0.01739	0.00841	0.00261	0.00530	0.05794	0.00572	0.00659
11	0.09319	0.01177	0.01541	0.01192	0.01712	0.01048	0.00984	0.03228	0.01894	0.66607	0.02559	0.02231	0.01617	0.00830	0.00667	0.00212	0.00578	0.00662	0.00813	0.01130
12	0.13341	0.02028	0.03427	0.01447	0.01762	0.31731	0.01181	0.02201	0.05354	0.02084	0.02034	0.03554	0.01991	0.01119	0.00708	0.00234	0.00878	0.23698	0.00476	0.00750
13	0.35558	0.01496	0.08122	0.01261	0.01787	0.01343	0.05684	0.02541	0.03495	0.27791	0.03590	0.01780	0.01309	0.00738	0.00584	0.00214	0.00631	0.00562	0.00575	0.00938
14	0.13606	0.11575	0.13747	0.01276	0.01794	0.01530	0.03009	0.12427	0.04904	0.02672	0.13914	0.02533	0.08253	0.00895	0.00633	0.00201	0.00637	0.00709	0.00509	0.05175
15	0.28738	0.08497	0.12360	0.01199	0.01734	0.03529	0.01137	0.07243	0.01601	0.13304	0.05113	0.01953	0.05832	0.00784	0.00573	0.00201	0.00644	0.00573	0.00502	0.04483
16	0.08472	0.15462	0.14539	0.01428	0.02038	0.01884	0.01371	0.27313	0.04700	0.06751	0.03676	0.01633	0.01247	0.00737	0.00606	0.00192	0.00730	0.00547	0.00516	0.06160
17	0.14437	0.30615	0.20273	0.01362	0.01996	0.04268	0.01426	0.06176	0.04789	0.04140	0.01425	0.01533	0.03591	0.00694	0.00543	0.00188	0.00760	0.00488	0.00385	0.00910
18	0.11179	0.21674	0.11460	0.01787	0.07626	0.08854	0.09972	0.11220	0.01742	0.02410	0.05059	0.01593	0.01244	0.00689	0.00600	0.00193	0.00832	0.00548	0.00402	0.00918
19	0.06237	0.23823	0.30623	0.01568	0.02263	0.01854	0.04881	0.04971	0.04059	0.03939	0.01313	0.01540	0.01034	0.01093	0.07771	0.00284	0.00951	0.00514	0.00355	0.00926
20	0.05798	0.10501	0.27895	0.01510	0.05104	0.04497	0.01494	0.05745	0.01447	0.02037	0.01745	0.02395	0.05198	0.17113	0.04469	0.00342	0.00863	0.00658	0.00375	0.00814

[dist]
# distance from previous block
# <min> <max>
15	54

[block]
# block no. 7 follows, 31 sequences, length 38
# corresponding to MSA columns:
# 766-795,797-802,805,806
name=unknown_H
#
# <colnr> <probs for GDERKNQSTAVLIFYWHMCP>
#	G	D	E	R	K	N	Q	S	T	A	V	L	I	F	Y	W	H	M	C	P
0	0.01122	0.00884	0.00964	0.06649	0.01207	0.04984	0.00627	0.01196	0.01119	0.01453	0.02044	0.07476	0.02279	0.56331	0.04599	0.00564	0.00725	0.00944	0.00412	0.04421
1	0.12858	0.26843	0.06596	0.06055	0.07680	0.14058	0.03845	0.02248	0.01544	0.08222	0.03422	0.01499	0.01132	0.00673	0.00561	0.00185	0.00813	0.00494	0.00391	0.00881
2	0.01601	0.31274	0.12652	0.05215	0.12940	0.01913	0.03611	0.01937	0.01407	0.03786	0.01428	0.05565	0.01332	0.05177	0.00852	0.00225	0.04772	0.03085	0.00354	0.00873
3	0.01441	0.18973	0.52525	0.01705	0.02564	0.01762	0.02102	0.02079	0.01468	0.02088	0.06178	0.01632	0.01268	0.00690	0.00616	0.00201	0.00902	0.00528	0.00323	0.00956
4	0.01444	0.14918	0.61658	0.01828	0.02773	0.01764	0.02316	0.02148	0.01436	0.02080	0.01185	0.01390	0.00868	0.00640	0.00617	0.00206	0.00967	0.00484	0.00289	0.00990
5	0.01726	0.01419	0.01518	0.01359	0.01741	0.01620	0.01058	0.03509	0.64154	0.05867	0.06105	0.02667	0.02283	0.00947	0.00701	0.00230	0.00533	0.00792	0.00705	0.01065
6	0.01678	0.01610	0.02749	0.06877	0.69131	0.01621	0.02092	0.02086	0.01551	0.02216	0.01284	0.01698	0.01077	0.00612	0.00678	0.00204	0.00817	0.00610	0.00337	0.01071
7	0.02555	0.01894	0.02028	0.01565	0.02104	0.02100	0.01289	0.66079	0.06620	0.04238	0.01700	0.01689	0.01210	0.00827	0.00685	0.00207	0.00742	0.00624	0.00685	0.01159
8	0.01276	0.01206	0.02083	0.62359	0.04288	0.01454	0.06512	0.01714	0.01372	0.01773	0.01399	0.06165	0.01161	0.00923	0.03332	0.00263	0.00932	0.00705	0.00329	0.00754
9	0.00995	0.00663	0.00746	0.00746	0.00746	0.00663	0.00415	0.00995	0.00995	0.01327	0.02156	0.04477	0.02487	0.75957	0.03482	0.00663	0.00663	0.00995	0.00415	0.00415
10	0.01817	0.01527	0.01612	0.01416	0.01823	0.01756	0.01111	0.12085	0.61815	0.03048	0.02638	0.02436	0.01970	0.00914	0.00695	0.00229	0.00569	0.00753	0.00695	0.01093
11	0.01597	0.10597	0.47975	0.01963	0.02814	0.08650	0.10807	0.04033	0.01557	0.02124	0.01215	0.01446	0.00899	0.00644	0.00647	0.00207	0.01016	0.00527	0.00313	0.00969
12	0.00977	0.00733	0.01100	0.01100	0.01222	0.00855	0.00855	0.01222	0.01100	0.01588	0.01833	0.02688	0.01710	0.05131	0.73245	0.01100	0.01833	0.00733	0.00367	0.00611
13	0.02601	0.01916	0.02053	0.01574	0.02122	0.02122	0.01300	0.69408	0.03217	0.04312	0.01643	0.01643	0.01163	0.00821	0.00684	0.00205	0.00753	0.00616	0.00684	0.01163
14	0.01077	0.00769	0.01073	0.01231	0.01377	0.00766	0.01058	0.01373	0.01550	0.02019	0.03636	0.14136	0.03993	0.01914	0.00938	0.00311	0.00608	0.60917	0.00630	0.00623
15	0.02443	0.01838	0.01964	0.01542	0.02061	0.02048	0.01262	0.57866	0.15015	0.04057	0.01843	0.01802	0.01326	0.00840	0.00686	0.00210	0.00716	0.00644	0.00686	0.01149
16	0.02601	0.01916	0.02053	0.01574	0.02122	0.02122	0.01300	0.69408	0.03217	0.04312	0.01643	0.01643	0.01163	0.00821	0.00684	0.00205	0.00753	0.00616	0.00684	0.01163
17	0.02598	0.01989	0.02047	0.01584	0.02121	0.05961	0.01302	0.65806	0.03148	0.04169	0.01611	0.01620	0.01148	0.00815	0.00681	0.00204	0.00779	0.00606	0.00666	0.01143
18	0.00952	0.00699	0.00892	0.00843	0.01012	0.00638	0.00633	0.01259	0.01898	0.02651	0.64663	0.05263	0.13178	0.01433	0.00807	0.00217	0.00325	0.01259	0.00741	0.00638
19	0.00932	0.00733	0.00865	0.00931	0.01131	0.00666	0.00765	0.01165	0.01566	0.01932	0.05540	0.07060	0.43055	0.01799	0.00866	0.00266	0.00466	0.29030	0.00633	0.00600
20	0.01320	0.01247	0.02093	0.68236	0.08237	0.01544	0.01898	0.01764	0.01368	0.01771	0.01210	0.01807	0.00921	0.00696	0.00733	0.00229	0.03237	0.00608	0.00306	0.00777
21	0.01292	0.01216	0.02052	0.74312	0.04712	0.01520	0.01900	0.01748	0.01368	0.01748	0.01216	0.01824	0.00912	0.00684	0.00684	0.00228	0.00912	0.00608	0.00304	0.00760
22	0.02556	0.03261	0.01939	0.01763	0.02115	0.73210	0.01322	0.02732	0.01939	0.01674	0.01058	0.01234	0.00881	0.00705	0.00617	0.00176	0.01234	0.00441	0.00353	0.00793
23	0.01555	0.08439	0.47889	0.02103	0.04945	0.03433	0.14965	0.02219	0.01508	0.04794	0.01291	0.01531	0.00938	0.00639	0.00666	0.00213	0.01001	0.00561	0.00324	0.00987
24	0.16062	0.01750	0.03484	0.02522	0.03165	0.01694	0.56711	0.02159	0.01533	0.02352	0.01305	0.01711	0.00984	0.00587	0.00737	0.00227	0.01040	0.00728	0.00360	0.00890
25	0.00834	0.00595	0.00794	0.00953	0.00992	0.00556	0.00635	0.00953	0.01310	0.01746	0.03771	0.75510	0.04525	0.02143	0.00873	0.00278	0.00397	0.01945	0.00635	0.00556
26	0.01921	0.01660	0.05164	0.01454	0.01911	0.01766	0.01199	0.17801	0.50404	0.05236	0.02458	0.02294	0.01816	0.00889	0.00691	0.00225	0.00612	0.00724	0.00678	0.01099
27	0.00857	0.00612	0.00821	0.00980	0.01030	0.00576	0.00676	0.00994	0.01333	0.01773	0.03758	0.69541	0.04473	0.02121	0.00880	0.00281	0.00417	0.07681	0.00635	0.00562
28	0.00834	0.00595	0.00794	0.00953	0.00992	0.00556	0.00635	0.00953	0.01310	0.01746	0.03771	0.75510	0.04525	0.02143	0.00873	0.00278	0.00397	0.01945	0.00635	0.00556
29	0.01829	0.76368	0.03585	0.01171	0.01756	0.02707	0.01171	0.02049	0.01390	0.01610	0.00951	0.01097	0.00878	0.00585	0.00439	0.00146	0.00732	0.00366	0.00293	0.00878
30	0.05006	0.46033	0.07040	0.01371	0.01913	0.20639	0.01272	0.04147	0.01594	0.03997	0.01069	0.01207	0.00906	0.00637	0.00511	0.00164	0.00866	0.00411	0.00341	0.00876
31	0.01444	0.01383	0.02343	0.45255	0.26463	0.01594	0.03675	0.01869	0.01418	0.01913	0.01225	0.01763	0.00971	0.00687	0.00776	0.00224	0.05200	0.00613	0.00316	0.00870
32	0.00995	0.00663	0.00746	0.00746	0.00746	0.00663	0.00415	0.00995	0.00995	0.01327	0.02156	0.04477	0.02487	0.75957	0.03482	0.00663	0.00663	0.00995	0.00415	0.00415
33	0.01392	0.06628	0.69493	0.01917	0.02910	0.01636	0.02470	0.02162	0.01442	0.02143	0.01216	0.01430	0.00867	0.00647	0.00641	0.00214	0.00999	0.00500	0.00289	0.01005
34	0.01600	0.01786	0.09048	0.11529	0.43587	0.01642	0.14747	0.02072	0.01525	0.02152	0.01282	0.01710	0.01032	0.00630	0.00739	0.00215	0.02732	0.00637	0.00331	0.01002
35	0.01133	0.00763	0.01011	0.01093	0.01228	0.00751	0.00887	0.01366	0.01467	0.04523	0.07276	0.06535	0.05503	0.20043	0.01548	0.00389	0.00611	0.42685	0.00592	0.00596
36	0.01045	0.00748	0.00986	0.00968	0.01055	0.00822	0.00686	0.03672	0.01134	0.01580	0.01962	0.03403	0.02017	0.34823	0.41131	0.00882	0.01299	0.00839	0.00399	0.00549
37	0.02403	0.01804	0.16735	0.01509	0.02133	0.01342	0.05341	0.10788	0.07004	0.38076	0.02317	0.02174	0.03500	0.00818	0.00691	0.00215	0.00717	0.00676	0.00663	0.01094

[dist]
# distance from previous block
# <min> <max>
0	1

[block]
# block no. 8 follows, 31 sequences, length 11
# corresponding to MSA columns:
# 817-827
name=unknown_I
#
# <colnr> <probs for GDERKNQSTAVLIFYWHMCP>
#	G	D	E	R	K	N	Q	S	T	A	V	L	I	F	Y	W	H	M	C	P
0	0.09099	0.05237	0.06521	0.01718	0.07710	0.05193	0.06247	0.24987	0.07740	0.09946	0.03125	0.01826	0.01338	0.00764	0.00644	0.00204	0.00737	0.00615	0.05337	0.01012
1	0.01102	0.00917	0.01339	0.01267	0.01360	0.01154	0.01010	0.01324	0.01087	0.01602	0.01607	0.02401	0.01515	0.04184	0.56143	0.00907	0.19385	0.00701	0.00350	0.00644
2	0.06814	0.41837	0.07307	0.01409	0.01932	0.26961	0.01285	0.02290	0.01570	0.01756	0.01006	0.01168	0.00870	0.00634	0.00513	0.00165	0.00911	0.00401	0.00321	0.00849
3	0.01736	0.48786	0.12442	0.02003	0.18759	0.02299	0.01573	0.02076	0.01438	0.01834	0.01068	0.01287	0.00926	0.00600	0.00524	0.00169	0.00788	0.00443	0.00303	0.00945
4	0.01657	0.05367	0.01480	0.01201	0.01524	0.20209	0.00897	0.03799	0.10311	0.01959	0.03904	0.04330	0.04160	0.18907	0.01306	0.00290	0.00746	0.00705	0.00456	0.16791
5	0.01307	0.13173	0.45387	0.01599	0.02316	0.01499	0.01879	0.01857	0.01404	0.01986	0.01801	0.19235	0.01749	0.01001	0.00674	0.00221	0.00823	0.00832	0.00373	0.00882
6	0.00845	0.00651	0.00773	0.00834	0.00970	0.00579	0.00591	0.01018	0.01509	0.01946	0.15774	0.36780	0.31554	0.01861	0.00837	0.00249	0.00365	0.01632	0.00654	0.00579
7	0.61530	0.01148	0.00955	0.00912	0.01243	0.01299	0.00715	0.01756	0.01199	0.02751	0.01631	0.19032	0.01652	0.00998	0.00532	0.00228	0.00497	0.00750	0.00474	0.00696
8	0.02120	0.11205	0.01580	0.01088	0.01481	0.01093	0.00884	0.02350	0.01651	0.35855	0.02595	0.19754	0.02230	0.01100	0.00671	0.00208	0.00532	0.00926	0.07141	0.05535
9	0.00828	0.00619	0.00770	0.00890	0.00976	0.00561	0.00607	0.00960	0.01370	0.01771	0.04532	0.58908	0.20636	0.02044	0.00858	0.00267	0.00385	0.01824	0.00635	0.00561
10	0.01779	0.33177	0.28536	0.01464	0.02201	0.01955	0.01629	0.04519	0.01533	0.09112	0.01276	0.01395	0.00977	0.00637	0.00556	0.00177	0.00802	0.00462	0.00370	0.07441

[dist]
# distance from previous block
# <min> <max>
7	14

[block]
# block no. 9 follows, 31 sequences, length 10
# corresponding to MSA columns:
# 844-853
name=unknown_J
#
# <colnr> <probs for GDERKNQSTAVLIFYWHMCP>
#	G	D	E	R	K	N	Q	S	T	A	V	L	I	F	Y	W	H	M	C	P
0	0.01026	0.00683	0.00898	0.00939	0.01062	0.00651	0.00717	0.01201	0.01523	0.02092	0.24037	0.14406	0.10342	0.01763	0.01141	0.13798	0.00451	0.16383	0.06324	0.00564
1	0.05631	0.26652	0.05184	0.01415	0.06131	0.01782	0.01179	0.04966	0.01497	0.08724	0.01326	0.03678	0.01120	0.00714	0.00699	0.00172	0.07723	0.00509	0.00410	0.20487
2	0.01373	0.01438	0.08050	0.01483	0.01967	0.01186	0.12634	0.05294	0.01562	0.02197	0.02447	0.04976	0.11625	0.00994	0.00812	0.00204	0.05910	0.09309	0.00461	0.26080
3	0.04885	0.20400	0.07766	0.02335	0.22032	0.12075	0.06462	0.06951	0.06816	0.02216	0.01298	0.01513	0.01053	0.00657	0.00610	0.00191	0.00856	0.00536	0.00380	0.00967
4	0.02108	0.13166	0.05054	0.01574	0.01973	0.09924	0.01352	0.23853	0.06977	0.06202	0.01404	0.01571	0.01104	0.00871	0.01037	0.00220	0.19599	0.00565	0.00484	0.00962
5	0.05765	0.17483	0.05215	0.03380	0.05665	0.09742	0.05431	0.06320	0.06622	0.04017	0.05902	0.07066	0.01651	0.00806	0.00614	0.00185	0.00727	0.00655	0.00450	0.12305
6	0.01011	0.00811	0.01179	0.01153	0.01324	0.00795	0.05731	0.01265	0.01528	0.02035	0.15788	0.23271	0.14752	0.01877	0.04441	0.00306	0.03568	0.17929	0.00607	0.00631
7	0.00924	0.00654	0.00878	0.00947	0.01042	0.00627	0.00683	0.01101	0.01468	0.01999	0.22224	0.37164	0.07481	0.02178	0.07317	0.05338	0.00529	0.06248	0.00623	0.00575
8	0.01197	0.06411	0.05069	0.01264	0.04677	0.00960	0.00980	0.01537	0.05771	0.05506	0.03345	0.36713	0.07276	0.01661	0.00811	0.00260	0.00537	0.14726	0.00591	0.00709
9	0.05472	0.04822	0.04760	0.04184	0.09179	0.08825	0.35217	0.02072	0.01626	0.02208	0.10714	0.02122	0.01724	0.00731	0.00782	0.00218	0.03326	0.00751	0.00398	0.00869

[dist]
# distance from previous block
# <min> <max>
27	50

[block]
# block no. 10 follows, 31 sequences, length 12
# corresponding to MSA columns:
# 912-923
name=unknown_K
#
# <colnr> <probs for GDERKNQSTAVLIFYWHMCP>
#	G	D	E	R	K	N	Q	S	T	A	V	L	I	F	Y	W	H	M	C	P
0	0.08408	0.27713	0.25071	0.01609	0.04787	0.05714	0.01634	0.13471	0.01731	0.02391	0.01174	0.01331	0.00919	0.00657	0.00565	0.00188	0.00837	0.00466	0.00373	0.00961
1	0.01855	0.17602	0.11521	0.01541	0.05720	0.07719	0.01342	0.19265	0.01912	0.02519	0.01551	0.01722	0.04073	0.01018	0.05627	0.00239	0.00846	0.00546	0.00437	0.12945
2	0.01758	0.12521	0.38126	0.01692	0.02435	0.15389	0.01861	0.02390	0.06357	0.05155	0.01332	0.01474	0.01001	0.00673	0.00614	0.00194	0.00939	0.00496	0.00361	0.05234
3	0.01654	0.19745	0.43024	0.01881	0.07341	0.01913	0.02034	0.10669	0.01665	0.02317	0.01222	0.01408	0.00922	0.00654	0.00608	0.00198	0.00901	0.00495	0.00343	0.01005
4	0.01530	0.22839	0.39601	0.01690	0.02424	0.04700	0.03855	0.02059	0.01405	0.01924	0.01171	0.01443	0.00936	0.00978	0.05727	0.00263	0.05740	0.00496	0.00300	0.00919
5	0.01035	0.00919	0.04533	0.01021	0.01176	0.03851	0.00803	0.01244	0.01419	0.01888	0.05259	0.35594	0.10887	0.07614	0.01028	0.00291	0.00514	0.13157	0.07166	0.00603
6	0.01345	0.05008	0.23124	0.05285	0.01990	0.01257	0.01398	0.10242	0.01857	0.02579	0.27669	0.03373	0.08266	0.01060	0.00724	0.00216	0.00647	0.02579	0.00546	0.00834
7	0.01541	0.14694	0.13981	0.04538	0.10377	0.01458	0.01372	0.02057	0.08374	0.08462	0.06202	0.15227	0.02127	0.01158	0.03372	0.00245	0.00714	0.00851	0.00484	0.02765
8	0.00903	0.00674	0.00853	0.00920	0.01046	0.00632	0.00680	0.01103	0.01493	0.01968	0.16689	0.30205	0.20102	0.04473	0.05978	0.00330	0.00511	0.10221	0.00630	0.00586
9	0.01458	0.07640	0.39634	0.01652	0.02399	0.01515	0.05268	0.06706	0.04383	0.02397	0.11697	0.02040	0.01787	0.00763	0.00658	0.00202	0.00816	0.00629	0.00415	0.07941
10	0.00953	0.00694	0.00899	0.00874	0.01029	0.00640	0.00655	0.01251	0.01851	0.02586	0.59693	0.11139	0.09728	0.01497	0.00818	0.00225	0.00342	0.03761	0.00732	0.00634
11	0.01855	0.19943	0.14920	0.02063	0.17701	0.08350	0.01592	0.08772	0.01693	0.04982	0.01257	0.01449	0.01000	0.00636	0.00589	0.00177	0.00812	0.00494	0.00383	0.11331

[dist]
# distance from previous block
# <min> <max>
0	4

[block]
# block no. 11 follows, 31 sequences, length 29
# corresponding to MSA columns:
# 928-956
name=unknown_L
#
# <colnr> <probs for GDERKNQSTAVLIFYWHMCP>
#	G	D	E	R	K	N	Q	S	T	A	V	L	I	F	Y	W	H	M	C	P
0	0.01639	0.10404	0.24405	0.02188	0.16577	0.05359	0.05976	0.05074	0.08462	0.02279	0.03600	0.01704	0.01247	0.00679	0.00639	0.00196	0.00838	0.00573	0.00388	0.07772
1	0.01673	0.08664	0.12169	0.11417	0.35809	0.07000	0.07160	0.02164	0.03635	0.02087	0.01277	0.01626	0.01028	0.00636	0.00659	0.00204	0.00893	0.00581	0.00336	0.00984
2	0.01654	0.24121	0.23725	0.05122	0.25716	0.04550	0.01920	0.02115	0.01482	0.01993	0.01160	0.01433	0.00945	0.00621	0.00597	0.00190	0.00867	0.00501	0.00310	0.00979
3	0.01730	0.01555	0.02583	0.09858	0.53455	0.01606	0.03625	0.02205	0.05091	0.06348	0.01428	0.01782	0.01148	0.00670	0.00749	0.00212	0.03904	0.00627	0.00383	0.01042
4	0.01167	0.00602	0.00875	0.00875	0.00875	0.00602	0.00574	0.00903	0.00903	0.01204	0.01296	0.02345	0.01332	0.10530	0.02763	0.71293	0.00602	0.00639	0.00310	0.00310
5	0.01829	0.76368	0.03585	0.01171	0.01756	0.02707	0.01171	0.02049	0.01390	0.01610	0.00951	0.01097	0.00878	0.00585	0.00439	0.00146	0.00732	0.00366	0.00293	0.00878
6	0.01275	0.00638	0.00638	0.00638	0.00797	0.00638	0.00478	0.01594	0.01435	0.02551	0.02232	0.02551	0.01754	0.00797	0.00478	0.00159	0.00319	0.00638	0.79755	0.00638
7	0.01370	0.03213	0.62204	0.01967	0.02892	0.01540	0.07244	0.02113	0.01466	0.02160	0.01416	0.01936	0.01106	0.00736	0.00683	0.00225	0.00993	0.05442	0.00318	0.00977
8	0.02524	0.01878	0.02010	0.01559	0.02092	0.02086	0.01282	0.63776	0.08974	0.04188	0.01740	0.01720	0.01243	0.00830	0.00685	0.00208	0.00735	0.00629	0.00685	0.01157
