[name]
unknown

[dist]
# distance from previous block
# <min> <max>
16	87

[block]
# block no. 0 follows, 34 sequences, length 8
# corresponding to MSA columns:
# 98-105
name=unknown_A
#
# <colnr> <probs for GDERKNQSTAVLIFYWHMCP>
#	G	D	E	R	K	N	Q	S	T	A	V	L	I	F	Y	W	H	M	C	P
0	0.01485	0.03742	0.16208	0.05543	0.16894	0.07491	0.09897	0.05034	0.06391	0.02181	0.10478	0.02210	0.05362	0.00763	0.00657	0.00197	0.00769	0.00678	0.00413	0.03607
1	0.01443	0.03713	0.01705	0.01608	0.08996	0.07839	0.06984	0.01807	0.06564	0.07205	0.01699	0.05542	0.01516	0.05490	0.27970	0.00531	0.07536	0.00701	0.00404	0.00746
2	0.01256	0.01057	0.01241	0.04895	0.01543	0.01061	0.00858	0.02033	0.24329	0.02236	0.12105	0.02810	0.09197	0.01359	0.09323	0.00279	0.00617	0.00747	0.00529	0.22524
3	0.04351	0.18865	0.28890	0.02167	0.17284	0.07165	0.08612	0.02045	0.01417	0.01943	0.01108	0.01354	0.00877	0.00589	0.00581	0.00186	0.00871	0.00488	0.00298	0.00910
4	0.00918	0.00669	0.00908	0.00896	0.01000	0.00710	0.00657	0.01113	0.01222	0.01714	0.18802	0.03603	0.05915	0.19565	0.38612	0.00717	0.01095	0.00887	0.00453	0.00543
5	0.01414	0.09991	0.62648	0.01751	0.02639	0.01631	0.02192	0.06723	0.01473	0.02136	0.01162	0.01347	0.00838	0.00619	0.00598	0.00198	0.00914	0.00473	0.00299	0.00953
6	0.01041	0.00732	0.00884	0.00822	0.01028	0.00676	0.00624	0.01400	0.06162	0.06831	0.45827	0.04892	0.23943	0.01347	0.00749	0.00208	0.00339	0.01162	0.00683	0.00649
7	0.01633	0.01249	0.01370	0.01162	0.01491	0.01350	0.00911	0.27813	0.18113	0.02981	0.17733	0.05669	0.08688	0.05838	0.00856	0.00233	0.00528	0.00875	0.00641	0.00864

[dist]
# distance from previous block
# <min> <max>
0	2

[block]
# block no. 1 follows, 34 sequences, length 13
# corresponding to MSA columns:
# 108-120
name=unknown_B
#
# <colnr> <probs for GDERKNQSTAVLIFYWHMCP>
#	G	D	E	R	K	N	Q	S	T	A	V	L	I	F	Y	W	H	M	C	P
0	0.01427	0.01289	0.05728	0.01036	0.01620	0.00938	0.00884	0.01810	0.04604	0.05683	0.01286	0.01433	0.01027	0.00521	0.00503	0.00113	0.00512	0.00418	0.00409	0.68757
1	0.01665	0.01956	0.12420	0.02025	0.13727	0.13492	0.11920	0.02081	0.03318	0.05259	0.01242	0.01490	0.00979	0.00625	0.00712	0.00178	0.06117	0.00525	0.00359	0.19911
2	0.01348	0.10541	0.63878	0.01809	0.02711	0.01610	0.05355	0.02036	0.01366	0.01996	0.01141	0.01349	0.00827	0.00605	0.00601	0.00199	0.00935	0.00477	0.00276	0.00939
3	0.01122	0.00561	0.00842	0.00842	0.00842	0.00561	0.00561	0.00842	0.00842	0.01122	0.01122	0.01964	0.01122	0.02245	0.02525	0.81201	0.00561	0.00561	0.00281	0.00281
4	0.03150	0.01611	0.06611	0.07962	0.40169	0.04457	0.09504	0.05333	0.01536	0.02134	0.02876	0.02106	0.01310	0.03040	0.00746	0.00217	0.00804	0.05160	0.00363	0.00911
5	0.00976	0.00722	0.00990	0.00970	0.01045	0.00831	0.00715	0.01136	0.01020	0.01471	0.01772	0.02945	0.01776	0.25574	0.45361	0.00825	0.06754	0.00751	0.03835	0.00533
6	0.00914	0.00660	0.00864	0.00813	0.00965	0.00610	0.00610	0.01219	0.01829	0.02591	0.72921	0.04827	0.06097	0.01321	0.00762	0.00203	0.00305	0.01169	0.00711	0.00610
7	0.01330	0.02998	0.61388	0.01841	0.02708	0.01474	0.07908	0.04258	0.01460	0.02147	0.05508	0.01610	0.01159	0.00656	0.00636	0.00205	0.00919	0.00546	0.00316	0.00932
8	0.01291	0.07365	0.02091	0.61912	0.07479	0.01562	0.01726	0.01685	0.01285	0.01658	0.01114	0.01643	0.00866	0.00663	0.00711	0.00212	0.05151	0.00555	0.00288	0.00741
9	0.01036	0.00629	0.00811	0.00886	0.00995	0.00576	0.00618	0.01179	0.01329	0.09300	0.03600	0.58294	0.09405	0.01779	0.00776	0.00245	0.00385	0.01591	0.05974	0.00592
10	0.00801	0.00575	0.00751	0.00875	0.00926	0.00536	0.00587	0.00924	0.01273	0.01699	0.08241	0.65968	0.07127	0.05280	0.00927	0.00273	0.00379	0.01733	0.00598	0.00525
11	0.06170	0.01182	0.01518	0.09384	0.08223	0.01029	0.01007	0.01882	0.01401	0.11742	0.01329	0.01504	0.01024	0.00556	0.00530	0.00137	0.00557	0.00455	0.00424	0.49948
12	0.01306	0.03088	0.04036	0.01123	0.02659	0.01001	0.02686	0.08991	0.04632	0.03760	0.08211	0.17306	0.03600	0.07930	0.05400	0.00273	0.00602	0.00887	0.00498	0.22013

[dist]
# distance from previous block
# <min> <max>
0	1

[block]
# block no. 2 follows, 34 sequences, length 8
# corresponding to MSA columns:
# 122-129
name=unknown_C
#
# <colnr> <probs for GDERKNQSTAVLIFYWHMCP>
#	G	D	E	R	K	N	Q	S	T	A	V	L	I	F	Y	W	H	M	C	P
0	0.01569	0.04606	0.12499	0.06693	0.35303	0.01499	0.01695	0.05839	0.05937	0.03978	0.01372	0.03412	0.01123	0.00661	0.00659	0.00189	0.02862	0.00575	0.00373	0.09154
1	0.01282	0.01025	0.01189	0.03091	0.01394	0.01127	0.00846	0.05868	0.28704	0.02327	0.16597	0.09991	0.08729	0.03684	0.03140	0.05783	0.02925	0.00947	0.00592	0.00758
2	0.00832	0.00651	0.00754	0.00741	0.00918	0.00573	0.00551	0.01056	0.01617	0.02116	0.35949	0.10058	0.38833	0.01520	0.00767	0.00214	0.00320	0.01307	0.00650	0.00573
3	0.01367	0.01190	0.01477	0.01278	0.09180	0.00933	0.00895	0.01665	0.01354	0.02106	0.01156	0.01367	0.00964	0.00489	0.00496	0.00106	0.00509	0.00403	0.00376	0.72688
4	0.01536	0.11163	0.12947	0.02039	0.18742	0.03793	0.07957	0.02046	0.07478	0.06338	0.05624	0.04505	0.03336	0.00856	0.02163	0.00211	0.00744	0.02995	0.00417	0.05110
5	0.01319	0.01036	0.01231	0.00927	0.01406	0.00806	0.00735	0.01601	0.01459	0.05936	0.14139	0.02234	0.05361	0.00700	0.00551	0.00126	0.00444	0.00583	0.00473	0.58931
6	0.01454	0.01415	0.09491	0.01594	0.10877	0.01204	0.03567	0.08527	0.10588	0.05531	0.11394	0.10598	0.03978	0.00933	0.00699	0.00195	0.02657	0.00802	0.00510	0.13986
7	0.01474	0.01281	0.03275	0.01618	0.13336	0.05132	0.04145	0.05070	0.07390	0.07120	0.09897	0.12934	0.06034	0.00955	0.00657	0.00187	0.00579	0.00838	0.00507	0.17572

[dist]
# distance from previous block
# <min> <max>
0	2

[block]
# block no. 3 follows, 34 sequences, length 14
# corresponding to MSA columns:
# 132-145
name=unknown_D
#
# <colnr> <probs for GDERKNQSTAVLIFYWHMCP>
#	G	D	E	R	K	N	Q	S	T	A	V	L	I	F	Y	W	H	M	C	P
0	0.05274	0.10363	0.09795	0.04801	0.39134	0.05958	0.05240	0.01927	0.01435	0.01995	0.01445	0.04742	0.03770	0.00683	0.00616	0.00192	0.00776	0.00610	0.00336	0.00908
1	0.13133	0.13192	0.15706	0.01513	0.07921	0.05907	0.02739	0.09272	0.03152	0.05576	0.01709	0.01808	0.07495	0.00714	0.00565	0.00182	0.00698	0.00547	0.00412	0.07760
2	0.01538	0.04315	0.26056	0.01949	0.13876	0.05291	0.06378	0.06324	0.06685	0.05098	0.06734	0.02031	0.04009	0.02832	0.00712	0.00207	0.00776	0.00628	0.00411	0.04149
3	0.01140	0.00801	0.01090	0.01053	0.01208	0.00885	0.00806	0.08364	0.01302	0.04688	0.02035	0.13708	0.01996	0.07199	0.49686	0.00782	0.01323	0.00863	0.00436	0.00635
4	0.01382	0.01120	0.01312	0.00985	0.01503	0.00892	0.00779	0.01761	0.06206	0.05061	0.01482	0.06918	0.01293	0.00631	0.00523	0.00121	0.00476	0.00523	0.00435	0.66596
5	0.02502	0.01737	0.01894	0.01452	0.01967	0.01896	0.01200	0.64134	0.02916	0.11218	0.01654	0.01618	0.01150	0.00778	0.00647	0.00195	0.00694	0.00589	0.00662	0.01099
6	0.72429	0.04830	0.06344	0.00933	0.01380	0.01503	0.00840	0.01912	0.01128	0.02775	0.00918	0.01072	0.00714	0.00599	0.00416	0.00198	0.00541	0.00359	0.00385	0.00724
7	0.01110	0.00569	0.00854	0.00854	0.00860	0.00576	0.00576	0.00860	0.00854	0.01145	0.01159	0.01998	0.01152	0.02401	0.06851	0.76399	0.00631	0.00569	0.00285	0.00298
8	0.01495	0.01357	0.02202	0.14130	0.36902	0.01401	0.06888	0.08854	0.01605	0.02196	0.05784	0.02214	0.07399	0.00802	0.00741	0.03338	0.00729	0.00690	0.00393	0.00879
9	0.01552	0.01213	0.01411	0.01023	0.01587	0.00984	0.00825	0.08852	0.01546	0.06803	0.01278	0.01415	0.01012	0.00529	0.00506	0.00112	0.00507	0.00420	0.00436	0.67986
10	0.01598	0.01411	0.02523	0.01828	0.02416	0.01235	0.34152	0.02004	0.01492	0.10401	0.01468	0.01844	0.01142	0.00594	0.00648	0.00173	0.00781	0.03048	0.00412	0.30829
11	0.07494	0.03080	0.01954	0.08216	0.25184	0.10829	0.02926	0.13275	0.04296	0.02373	0.02890	0.07231	0.01435	0.00797	0.00633	0.00199	0.00737	0.02646	0.02928	0.00876
12	0.01803	0.10467	0.22300	0.01355	0.01945	0.06621	0.01372	0.04836	0.01567	0.18393	0.01710	0.05296	0.01382	0.00782	0.00607	0.00185	0.00716	0.05181	0.00466	0.13015
13	0.03392	0.14081	0.34766	0.01718	0.06609	0.04464	0.03484	0.09503	0.04867	0.06925	0.01316	0.01446	0.00973	0.00640	0.00587	0.00188	0.00817	0.00497	0.00378	0.03350

[dist]
# distance from previous block
# <min> <max>
0	4

[block]
# block no. 4 follows, 34 sequences, length 22
# corresponding to MSA columns:
# 150-171
name=unknown_E
#
# <colnr> <probs for GDERKNQSTAVLIFYWHMCP>
#	G	D	E	R	K	N	Q	S	T	A	V	L	I	F	Y	W	H	M	C	P
0	0.05008	0.03594	0.03391	0.03655	0.20163	0.01290	0.03142	0.06809	0.08419	0.12720	0.03686	0.12892	0.01835	0.00920	0.00688	0.00205	0.02271	0.02550	0.00507	0.06255
1	0.04394	0.20330	0.15201	0.02026	0.16432	0.20209	0.04005	0.06638	0.01597	0.01978	0.01091	0.01299	0.00886	0.00612	0.00564	0.00176	0.00882	0.00463	0.00329	0.00885
2	0.01191	0.01062	0.04397	0.03201	0.04526	0.06787	0.02783	0.01419	0.02867	0.05596	0.02556	0.37839	0.02783	0.08905	0.07022	0.00337	0.02084	0.01217	0.02789	0.00638
3	0.05331	0.01319	0.03711	0.01353	0.09438	0.01081	0.00984	0.07669	0.01489	0.02312	0.01179	0.01373	0.00960	0.00525	0.00511	0.00123	0.00546	0.00422	0.00396	0.59278
4	0.00923	0.00692	0.01038	0.01038	0.01154	0.00808	0.00808	0.01154	0.01038	0.01500	0.01731	0.02538	0.01615	0.04846	0.74732	0.01038	0.01731	0.00692	0.00346	0.00577
5	0.00986	0.00716	0.00888	0.00863	0.00901	0.00783	0.00573	0.01102	0.02872	0.01406	0.04167	0.03651	0.02201	0.52413	0.18040	0.00665	0.06044	0.00864	0.00392	0.00476
6	0.00851	0.00658	0.00776	0.00746	0.00926	0.00583	0.00560	0.01096	0.01679	0.02235	0.44953	0.05413	0.34287	0.01454	0.00763	0.00210	0.00314	0.01251	0.00664	0.00583
7	0.01765	0.01905	0.20233	0.14512	0.07409	0.03486	0.17017	0.02301	0.04147	0.18469	0.01563	0.01749	0.01098	0.00655	0.00663	0.00207	0.00853	0.00611	0.00427	0.00931
8	0.01220	0.01148	0.01938	0.75739	0.04450	0.01436	0.01794	0.01651	0.01292	0.01651	0.01148	0.01723	0.00861	0.00646	0.00646	0.00215	0.00861	0.00574	0.00287	0.00718
9	0.01931	0.01724	0.01632	0.01406	0.01805	0.11600	0.01105	0.20427	0.45126	0.02897	0.02136	0.02025	0.01597	0.00823	0.00645	0.00206	0.00650	0.00650	0.00611	0.01005
10	0.01588	0.01428	0.02414	0.19256	0.54572	0.01482	0.01886	0.01975	0.01453	0.05895	0.01273	0.01658	0.01020	0.00603	0.00642	0.00197	0.00776	0.00579	0.00339	0.00962
11	0.02211	0.02668	0.01704	0.01549	0.01864	0.60025	0.01170	0.04875	0.04717	0.01744	0.01192	0.01394	0.00987	0.01021	0.06590	0.00240	0.01132	0.00465	0.03701	0.00753
12	0.01401	0.01294	0.01754	0.01515	0.01569	0.01727	0.01237	0.07089	0.01156	0.01724	0.01113	0.01813	0.01093	0.08742	0.09882	0.00389	0.54863	0.00616	0.00329	0.00695
13	0.01124	0.07124	0.04088	0.01284	0.01520	0.00961	0.05132	0.01437	0.01461	0.01900	0.03016	0.09127	0.03241	0.01580	0.00833	0.00275	0.00636	0.54078	0.00542	0.00640
14	0.01031	0.00925	0.01496	0.01278	0.01546	0.00854	0.16318	0.01354	0.04357	0.01929	0.10143	0.30130	0.16976	0.01411	0.00769	0.00228	0.00536	0.03097	0.00540	0.05084
15	0.05776	0.01154	0.01318	0.00951	0.01516	0.00894	0.00762	0.01642	0.01327	0.02149	0.01135	0.01324	0.00943	0.00485	0.00474	0.00101	0.00480	0.00381	0.00384	0.76805
16	0.00892	0.00660	0.00832	0.00789	0.00951	0.00600	0.00592	0.01176	0.01776	0.02465	0.63018	0.05034	0.16078	0.01368	0.00762	0.00205	0.00308	0.01198	0.00695	0.00600
17	0.00924	0.00687	0.01011	0.01011	0.01117	0.00793	0.00774	0.01136	0.01030	0.01480	0.01755	0.02675	0.01675	0.10716	0.68943	0.01005	0.01641	0.00712	0.00350	0.00562
18	0.00818	0.00600	0.00823	0.04968	0.01140	0.00581	0.00678	0.00954	0.01248	0.01658	0.03426	0.70702	0.04072	0.01942	0.00817	0.00261	0.00408	0.03786	0.00583	0.00537
19	0.01598	0.04036	0.12876	0.09276	0.15770	0.11595	0.05869	0.03913	0.01538	0.06108	0.09171	0.05440	0.01670	0.00816	0.00783	0.00206	0.07423	0.00672	0.00400	0.00840
20	0.01072	0.00938	0.01259	0.09934	0.05570	0.00956	0.04660	0.01586	0.13295	0.01990	0.10734	0.08873	0.29851	0.03325	0.02868	0.00252	0.00535	0.01071	0.00541	0.00692
21	0.15695	0.03627	0.01735	0.05361	0.01943	0.06314	0.04923	0.24098	0.17156	0.04847	0.01608	0.01685	0.01207	0.00896	0.03685	0.00232	0.00721	0.00568	0.00524	0.03176

[dist]
# distance from previous block
# <min> <max>
0	1

[block]
# block no. 5 follows, 34 sequences, length 32
# corresponding to MSA columns:
# 173-204
name=unknown_F
#
# <colnr> <probs for GDERKNQSTAVLIFYWHMCP>
#	G	D	E	R	K	N	Q	S	T	A	V	L	I	F	Y	W	H	M	C	P
0	0.01305	0.03214	0.01920	0.01639	0.06873	0.05359	0.16544	0.01555	0.01250	0.01707	0.03297	0.02408	0.01515	0.19528	0.13479	0.00437	0.08833	0.00704	0.00354	0.08080
1	0.01291	0.05448	0.02016	0.67350	0.04147	0.03834	0.01729	0.01694	0.01302	0.01639	0.01122	0.01659	0.00858	0.00654	0.00669	0.00211	0.02807	0.00556	0.00288	0.00725
2	0.68770	0.01376	0.01142	0.04475	0.05424	0.06051	0.00855	0.01935	0.01175	0.02716	0.00935	0.01118	0.00733	0.00605	0.00436	0.00198	0.00573	0.00377	0.00386	0.00722
3	0.01313	0.01203	0.01759	0.01514	0.01834	0.04462	0.17073	0.04011	0.14235	0.02158	0.07118	0.10026	0.07400	0.01235	0.00777	0.00242	0.00670	0.21680	0.00542	0.00750
4	0.04987	0.01220	0.01991	0.57808	0.09049	0.01450	0.04834	0.01841	0.05236	0.03622	0.01266	0.01734	0.00951	0.00651	0.00640	0.00213	0.00821	0.00583	0.00330	0.00773
5	0.01322	0.01265	0.02117	0.35034	0.28605	0.01393	0.04832	0.01699	0.01378	0.01843	0.01815	0.02206	0.09553	0.00752	0.00715	0.00210	0.03431	0.00677	0.00338	0.00814
6	0.00943	0.00808	0.01050	0.06830	0.03301	0.00853	0.00806	0.01141	0.01394	0.01827	0.14409	0.19391	0.30939	0.01490	0.00958	0.00233	0.11253	0.01234	0.00539	0.00601
7	0.01641	0.01405	0.01480	0.01322	0.01693	0.01623	0.01031	0.06166	0.69306	0.02758	0.02586	0.02376	0.01937	0.00873	0.00657	0.00218	0.00519	0.00725	0.00657	0.01026
8	0.01312	0.01097	0.03067	0.04331	0.14948	0.02534	0.03229	0.04397	0.03642	0.06325	0.16398	0.07079	0.12403	0.05174	0.06088	0.00287	0.03061	0.00905	0.02977	0.00747
9	0.00816	0.00647	0.00734	0.00733	0.00910	0.00565	0.00542	0.01022	0.01567	0.02017	0.28319	0.13154	0.43541	0.01572	0.00770	0.00218	0.00325	0.01348	0.00637	0.00565
10	0.01531	0.01488	0.02182	0.35620	0.29099	0.07043	0.01769	0.05880	0.01483	0.01949	0.01169	0.01609	0.00931	0.00656	0.00719	0.00206	0.04928	0.00563	0.00323	0.00853
11	0.01536	0.01568	0.02049	0.16464	0.30557	0.13118	0.01579	0.01834	0.01382	0.01787	0.01267	0.04002	0.01133	0.03488	0.06899	0.00287	0.09302	0.00609	0.00325	0.00815
12	0.00792	0.00656	0.00693	0.00684	0.00890	0.00557	0.00513	0.00981	0.01539	0.01902	0.18842	0.05960	0.60605	0.01578	0.00763	0.00215	0.00323	0.01328	0.00621	0.00557
13	0.03063	0.03464	0.20006	0.09898	0.07069	0.03437	0.31961	0.02022	0.01439	0.04302	0.01269	0.01619	0.00952	0.00615	0.00733	0.00210	0.03995	0.00623	0.02454	0.00871
14	0.78935	0.01246	0.00985	0.03563	0.01366	0.01449	0.00739	0.01890	0.01107	0.02854	0.00909	0.01074	0.00706	0.00601	0.00409	0.00200	0.00513	0.00358	0.00396	0.00700
15	0.01798	0.69966	0.03225	0.01163	0.01693	0.10018	0.01120	0.02002	0.01366	0.01527	0.00909	0.01050	0.00830	0.00564	0.00432	0.00141	0.00740	0.00353	0.00282	0.00821
16	0.00779	0.00655	0.00675	0.00670	0.00882	0.00552	0.00503	0.00956	0.01508	0.01830	0.13181	0.06079	0.66311	0.01605	0.00763	0.00217	0.00325	0.01344	0.00611	0.00552
17	0.01103	0.00567	0.00830	0.00830	0.00837	0.00563	0.00552	0.00849	0.00867	0.01149	0.01345	0.02203	0.03631	0.05317	0.02496	0.75110	0.00556	0.00604	0.00296	0.00294
18	0.05260	0.01358	0.07394	0.07894	0.10997	0.01200	0.15403	0.02038	0.04444	0.16592	0.04442	0.16276	0.01924	0.00940	0.00695	0.00217	0.00697	0.00879	0.00497	0.00854
19	0.00828	0.00580	0.00763	0.00899	0.00947	0.00548	0.00615	0.00954	0.01243	0.01676	0.03420	0.65539	0.04041	0.05899	0.00945	0.00280	0.00401	0.06473	0.03423	0.00526
20	0.01484	0.07067	0.49498	0.01750	0.02494	0.09033	0.04226	0.05162	0.01453	0.02008	0.01158	0.01403	0.00876	0.00844	0.04063	0.00240	0.05548	0.00493	0.00302	0.00899
21	0.01904	0.09610	0.11477	0.07592	0.17045	0.10541	0.08636	0.03636	0.01561	0.16123	0.01407	0.01592	0.01045	0.00666	0.00692	0.00195	0.04392	0.00553	0.00409	0.00925
22	0.01456	0.31676	0.42443	0.01515	0.02270	0.01879	0.01800	0.02012	0.03554	0.01853	0.01178	0.03543	0.00963	0.00641	0.00545	0.00181	0.00822	0.00476	0.00296	0.00896
23	0.00794	0.00580	0.00749	0.00880	0.00944	0.00535	0.00603	0.00919	0.01275	0.01672	0.03920	0.65704	0.12634	0.01968	0.00820	0.00258	0.00377	0.04239	0.00600	0.00530
24	0.01339	0.03715	0.02165	0.33222	0.29259	0.01399	0.04814	0.01721	0.01409	0.01902	0.06315	0.05089	0.03420	0.00743	0.00660	0.00205	0.00759	0.00690	0.00351	0.00821
25	0.01813	0.08005	0.10743	0.01960	0.12885	0.03762	0.14410	0.03581	0.05364	0.17950	0.01765	0.02021	0.02579	0.00951	0.05019	0.00248	0.00829	0.02713	0.00460	0.02940
26	0.00955	0.00730	0.00992	0.00971	0.01051	0.00819	0.00717	0.01123	0.01155	0.01625	0.12002	0.10197	0.04894	0.19692	0.32169	0.00658	0.08339	0.00930	0.00433	0.00547
27	0.00805	0.00601	0.00748	0.00827	0.00927	0.00545	0.00576	0.00964	0.01399	0.01842	0.16831	0.47446	0.20517	0.01807	0.00799	0.00241	0.00351	0.01606	0.00620	0.00545
28	0.01506	0.02186	0.26858	0.04973	0.20723	0.03840	0.13311	0.05839	0.03761	0.02127	0.01275	0.01592	0.00989	0.00826	0.04076	0.00244	0.04038	0.00578	0.00333	0.00927
29	0.01679	0.03790	0.10234	0.08257	0.32480	0.10570	0.06316	0.08232	0.01626	0.02155	0.01292	0.01738	0.01070	0.00656	0.00636	0.00192	0.00839	0.03303	0.00357	0.04577
30	0.01534	0.04674	0.12514	0.07266	0.22440	0.01326	0.04448	0.05640	0.03734	0.08753	0.04935	0.09576	0.01677	0.01033	0.04454	0.00246	0.00752	0.00735	0.03384	0.00880
31	0.01430	0.01155	0.01294	0.10190	0.01735	0.06730	0.00980	0.07714	0.13341	0.05788	0.04563	0.13702	0.05794	0.05441	0.04964	0.00289	0.02604	0.06471	0.05073	0.00741

[dist]
# distance from previous block
# <min> <max>
1	5

[block]
# block no. 6 follows, 34 sequences, length 31
# corresponding to MSA columns:
# 210-240
name=unknown_G
#
# <colnr> <probs for GDERKNQSTAVLIFYWHMCP>
#	G	D	E	R	K	N	Q	S	T	A	V	L	I	F	Y	W	H	M	C	P
0	0.03547	0.01634	0.04966	0.14165	0.36556	0.08044	0.05013	0.03547	0.04753	0.02060	0.01264	0.01611	0.01022	0.00733	0.02812	0.00215	0.00830	0.00559	0.00344	0.06325
1	0.01361	0.01374	0.07391	0.07729	0.07487	0.03324	0.04131	0.07209	0.03363	0.02115	0.03448	0.06538	0.06772	0.03292	0.05074	0.00234	0.00696	0.00677	0.00420	0.27366
2	0.00939	0.00677	0.00776	0.00760	0.00950	0.00596	0.00563	0.01142	0.01492	0.04086	0.19200	0.14439	0.34142	0.04342	0.00828	0.00226	0.00358	0.02845	0.07180	0.04459
3	0.25628	0.01215	0.05625	0.11534	0.04577	0.01168	0.03098	0.01954	0.01375	0.16909	0.05789	0.02194	0.04748	0.06154	0.03130	0.00258	0.00639	0.00622	0.02606	0.00777
4	0.01739	0.01369	0.01468	0.01241	0.01618	0.01507	0.00985	0.28508	0.28951	0.03057	0.08400	0.05017	0.11285	0.01007	0.00681	0.00209	0.00542	0.00825	0.00648	0.00941
5	0.01373	0.01422	0.02728	0.33835	0.10517	0.01515	0.29964	0.01827	0.01400	0.01867	0.01390	0.01859	0.03339	0.00648	0.00748	0.00217	0.03554	0.00677	0.00317	0.00804
6	0.00886	0.00674	0.00817	0.00787	0.00958	0.00615	0.00588	0.01184	0.03600	0.02318	0.49574	0.08611	0.24150	0.01429	0.00763	0.00211	0.00320	0.01242	0.00674	0.00599
7	0.01990	0.11129	0.05354	0.01585	0.01888	0.40998	0.01302	0.04195	0.01564	0.01665	0.01062	0.03815	0.00960	0.00811	0.00942	0.00197	0.18953	0.00500	0.00330	0.00760
8	0.01296	0.03342	0.73944	0.01842	0.02797	0.01501	0.02387	0.02046	0.01364	0.02046	0.01160	0.01364	0.00818	0.00614	0.00614	0.00205	0.00955	0.00477	0.00273	0.00955
9	0.03673	0.00695	0.00857	0.00882	0.01018	0.00659	0.00654	0.01176	0.01391	0.03692	0.17958	0.20550	0.10843	0.15888	0.01254	0.00312	0.00457	0.14159	0.00574	0.03308
10	0.15704	0.01608	0.01605	0.04762	0.01851	0.14423	0.04388	0.14547	0.06223	0.18124	0.06933	0.03885	0.01586	0.00795	0.00614	0.00198	0.00695	0.00623	0.00554	0.00884
11	0.49713	0.01158	0.01196	0.14520	0.06032	0.01326	0.00947	0.01841	0.01210	0.04470	0.01168	0.01415	0.00899	0.00632	0.00472	0.00196	0.00556	0.00445	0.11083	0.00720
12	0.01346	0.01233	0.02065	0.07508	0.14793	0.01256	0.18624	0.04027	0.09280	0.02050	0.05944	0.05346	0.03381	0.12328	0.04743	0.00312	0.00783	0.00800	0.03401	0.00780
13	0.00778	0.00638	0.00686	0.00711	0.00891	0.00546	0.00519	0.00941	0.01452	0.01783	0.10377	0.19414	0.55647	0.01688	0.00775	0.00226	0.00335	0.01440	0.00607	0.00546
14	0.01297	0.03990	0.10394	0.21499	0.09656	0.03444	0.01415	0.01768	0.06909	0.01946	0.09321	0.02417	0.04425	0.01000	0.02591	0.03229	0.06335	0.02976	0.04633	0.00757
15	0.00881	0.00658	0.00741	0.00756	0.00866	0.00617	0.00512	0.01043	0.03374	0.01659	0.10127	0.13923	0.27672	0.29992	0.01719	0.00378	0.00458	0.03585	0.00533	0.00507
16	0.01517	0.01493	0.02265	0.25500	0.34440	0.06303	0.03590	0.03548	0.01417	0.01907	0.01167	0.01618	0.00959	0.00780	0.02792	0.00230	0.08719	0.00572	0.00316	0.00864
17	0.81856	0.01250	0.00950	0.00850	0.01250	0.01449	0.00700	0.01899	0.01100	0.02899	0.00900	0.01050	0.00700	0.00600	0.00400	0.00200	0.00500	0.00350	0.00400	0.00700
18	0.01727	0.77681	0.03386	0.01106	0.01658	0.02557	0.01106	0.01935	0.01313	0.01520	0.00898	0.01036	0.00829	0.00553	0.00415	0.00138	0.00691	0.00345	0.00276	0.00829
19	0.01072	0.00899	0.01304	0.01192	0.01277	0.01093	0.03270	0.01251	0.01061	0.01538	0.04830	0.02642	0.01740	0.16993	0.37002	0.00702	0.20463	0.00730	0.00354	0.00587
20	0.01092	0.00700	0.00920	0.00843	0.01026	0.00640	0.00640	0.01392	0.01831	0.08938	0.66640	0.04592	0.05695	0.01274	0.00752	0.00203	0.00327	0.01122	0.00719	0.00653
21	0.02066	0.10138	0.01818	0.01369	0.01745	0.23119	0.01099	0.15878	0.09664	0.10629	0.01741	0.03647	0.03357	0.01146	0.06942	0.00260	0.03424	0.00595	0.00493	0.00870
22	0.01270	0.05954	0.01211	0.06895	0.01429	0.03048	0.00823	0.01485	0.01417	0.11755	0.11330	0.20002	0.11919	0.03628	0.12989	0.00363	0.00702	0.02573	0.00540	0.00667
23	0.00974	0.00706	0.00826	0.00793	0.00992	0.00639	0.00595	0.01271	0.04888	0.05809	0.32211	0.10942	0.34040	0.01464	0.00757	0.00215	0.00342	0.01258	0.00657	0.00620
24	0.01584	0.01680	0.07787	0.10856	0.41223	0.05022	0.06429	0.07801	0.01598	0.02170	0.01606	0.01907	0.06084	0.00681	0.00653	0.00198	0.00797	0.00629	0.00362	0.00935
25	0.03332	0.08295	0.28309	0.04837	0.17010	0.03632	0.06422	0.01912	0.01360	0.04030	0.01281	0.01625	0.01023	0.01287	0.12564	0.00331	0.01009	0.00545	0.00319	0.00876
26	0.01089	0.00657	0.00941	0.00919	0.00936	0.00718	0.00641	0.00958	0.00897	0.01232	0.01322	0.02327	0.01348	0.13112	0.13540	0.51426	0.06624	0.00635	0.00306	0.00374
27	0.01026	0.00649	0.00856	0.00944	0.01047	0.00607	0.00683	0.01176	0.01324	0.08077	0.03496	0.50134	0.07337	0.07071	0.00988	0.00286	0.00442	0.12676	0.00602	0.00579
28	0.03814	0.15025	0.06117	0.01620	0.13456	0.01417	0.01169	0.06086	0.05088	0.03673	0.02117	0.19111	0.05204	0.01336	0.05722	0.00267	0.05143	0.02405	0.00444	0.00787
29	0.01720	0.05925	0.29865	0.01857	0.08610	0.04160	0.05843	0.17703	0.01815	0.06295	0.01549	0.02076	0.01248	0.00771	0.00652	0.00207	0.00827	0.07502	0.00428	0.00946
30	0.01493	0.01446	0.02499	0.11632	0.52208	0.01484	0.07714	0.01877	0.01452	0.02042	0.03911	0.01881	0.03474	0.00661	0.00711	0.00201	0.03405	0.00637	0.00338	0.00935

[dist]
# distance from previous block
# <min> <max>
0	2

# created by:
# /home/cegg/simao/soft/augustus-3.2.1/scripts/msa2prfl.pl ./align_prep/EOG090W0HDY.fa
