[name]
unknown

[dist]
# distance from previous block
# <min> <max>
0	26

[block]
# block no. 0 follows, 29 sequences, length 32
# corresponding to MSA columns:
# 26-57
name=unknown_A
#
# <colnr> <probs for GDERKNQSTAVLIFYWHMCP>
#	G	D	E	R	K	N	Q	S	T	A	V	L	I	F	Y	W	H	M	C	P
0	0.01408	0.01036	0.01321	0.01321	0.01592	0.01034	0.01132	0.11423	0.01889	0.02524	0.05349	0.06349	0.03448	0.01641	0.00893	0.00285	0.00652	0.47449	0.00645	0.08609
1	0.01490	0.06023	0.01246	0.01033	0.01182	0.04101	0.00755	0.03130	0.03451	0.06603	0.02018	0.08973	0.05565	0.01946	0.01898	0.45573	0.00617	0.00789	0.03066	0.00542
2	0.08656	0.01014	0.01239	0.01077	0.01386	0.00997	0.00835	0.04029	0.03104	0.08287	0.06485	0.05404	0.01891	0.02084	0.16575	0.11545	0.02244	0.00708	0.04307	0.18133
3	0.08768	0.01420	0.01558	0.01285	0.01735	0.06157	0.01030	0.08304	0.13128	0.34147	0.12371	0.02649	0.02376	0.00950	0.00708	0.00221	0.00616	0.00764	0.00756	0.01056
4	0.10685	0.01142	0.01427	0.06122	0.01758	0.01145	0.00978	0.07787	0.01756	0.29038	0.05974	0.02741	0.03649	0.09853	0.10606	0.00396	0.00800	0.00755	0.00640	0.02750
5	0.00871	0.00650	0.00803	0.00917	0.01008	0.00590	0.00625	0.01011	0.01433	0.01858	0.06593	0.53888	0.20339	0.04650	0.00986	0.00290	0.00408	0.01844	0.00657	0.00581
6	0.01402	0.01077	0.01212	0.01147	0.01408	0.01139	0.00872	0.05043	0.25974	0.04777	0.10710	0.12402	0.13411	0.09214	0.01105	0.00298	0.00524	0.06776	0.00682	0.00828
7	0.01385	0.01267	0.02109	0.61380	0.11168	0.01530	0.01896	0.01845	0.01448	0.01928	0.01346	0.01937	0.01028	0.00712	0.00696	0.00230	0.00896	0.00635	0.05748	0.00816
8	0.00949	0.00671	0.00820	0.00883	0.00936	0.00648	0.00570	0.01044	0.01269	0.01685	0.06310	0.32492	0.09890	0.32086	0.06099	0.00495	0.00604	0.01467	0.00556	0.00528
9	0.00880	0.00662	0.00785	0.00875	0.00977	0.00600	0.00592	0.01007	0.01408	0.01798	0.04806	0.43185	0.26229	0.11286	0.01230	0.00324	0.00431	0.01726	0.00632	0.00567
10	0.01394	0.01316	0.02225	0.65086	0.12694	0.01595	0.02002	0.01863	0.01447	0.01880	0.01274	0.01882	0.00970	0.00703	0.00711	0.00234	0.00937	0.00633	0.00321	0.00831
11	0.01477	0.01400	0.02374	0.51484	0.25652	0.01617	0.02043	0.01935	0.01486	0.01980	0.01289	0.01855	0.01006	0.00687	0.00710	0.00229	0.00917	0.00633	0.00328	0.00898
12	0.01429	0.01352	0.02288	0.59335	0.18173	0.01604	0.02020	0.01893	0.01464	0.01922	0.01281	0.01871	0.00985	0.00696	0.00711	0.00232	0.00928	0.00633	0.00324	0.00859
13	0.01034	0.00755	0.00902	0.00900	0.01106	0.00654	0.00654	0.01233	0.01588	0.05014	0.14382	0.30940	0.27585	0.01755	0.00832	0.00243	0.00402	0.01532	0.00666	0.07823
14	0.01116	0.00752	0.00954	0.00898	0.01095	0.00680	0.00675	0.01412	0.01919	0.07086	0.52185	0.09340	0.16161	0.01517	0.00836	0.00230	0.00362	0.01326	0.00764	0.00691
15	0.00910	0.00655	0.00894	0.01013	0.01071	0.00654	0.00699	0.01056	0.01296	0.01756	0.03381	0.54605	0.03939	0.07095	0.16857	0.00502	0.00760	0.01688	0.00586	0.00583
16	0.36007	0.01175	0.01139	0.01002	0.01391	0.01226	0.00800	0.06566	0.01614	0.15135	0.03017	0.09389	0.16741	0.01111	0.00641	0.00231	0.00522	0.00860	0.00608	0.00826
17	0.01105	0.00734	0.00885	0.00891	0.01073	0.00652	0.00645	0.01297	0.01628	0.08357	0.17440	0.27259	0.28528	0.04970	0.00972	0.00270	0.00409	0.01533	0.00694	0.00656
18	0.00871	0.00706	0.00760	0.00778	0.00971	0.00609	0.00564	0.01048	0.01591	0.01965	0.12237	0.16088	0.51615	0.05756	0.01000	0.00270	0.00383	0.01531	0.00660	0.00595
19	0.00988	0.00695	0.00803	0.00808	0.00875	0.00664	0.00508	0.01081	0.01315	0.01747	0.14528	0.11403	0.13285	0.45434	0.02507	0.00510	0.00558	0.01235	0.00545	0.00510
20	0.07238	0.01105	0.01303	0.01160	0.01497	0.01103	0.00897	0.07998	0.11420	0.22821	0.05739	0.22901	0.07176	0.01334	0.00760	0.00242	0.00524	0.01138	0.02726	0.00918
21	0.01039	0.00743	0.00918	0.00965	0.01063	0.00720	0.00660	0.05329	0.01557	0.02097	0.15396	0.41952	0.07309	0.15206	0.01375	0.00344	0.00471	0.01603	0.00644	0.00609
22	0.02290	0.01643	0.01793	0.01440	0.01889	0.01779	0.01153	0.49513	0.02812	0.06308	0.02353	0.11156	0.05454	0.05898	0.00933	0.00256	0.00703	0.00886	0.00691	0.01050
23	0.00931	0.00646	0.00808	0.00911	0.00937	0.00620	0.00575	0.01008	0.01240	0.01654	0.03293	0.48276	0.03913	0.29552	0.01929	0.00440	0.00517	0.01653	0.00575	0.00523
24	0.01557	0.01144	0.01273	0.01183	0.01493	0.01220	0.00925	0.04759	0.30924	0.07381	0.07922	0.09054	0.12146	0.01274	0.00762	0.00242	0.00506	0.06929	0.08402	0.00905
25	0.01019	0.00756	0.01111	0.01111	0.01226	0.00872	0.00848	0.01250	0.01134	0.01628	0.01938	0.02968	0.01854	0.11704	0.65891	0.01103	0.01796	0.00788	0.00386	0.00617
26	0.04181	0.00701	0.00728	0.00729	0.00877	0.00695	0.00520	0.01478	0.01445	0.02391	0.07078	0.07220	0.06836	0.12898	0.01064	0.00267	0.00404	0.00881	0.48985	0.00622
27	0.01319	0.00852	0.01034	0.01006	0.01229	0.00806	0.00764	0.01698	0.07835	0.11274	0.15338	0.17340	0.20549	0.07146	0.01051	0.00287	0.00475	0.08567	0.00698	0.00731
28	0.08400	0.00914	0.03577	0.01008	0.01182	0.00857	0.00760	0.01430	0.05845	0.02176	0.16933	0.26525	0.05971	0.13100	0.07751	0.00401	0.00621	0.01301	0.00596	0.00653
29	0.02194	0.01892	0.02321	0.05412	0.10438	0.06967	0.06092	0.33285	0.02355	0.03173	0.01456	0.01711	0.01126	0.00870	0.01018	0.00231	0.14733	0.00638	0.03050	0.01037
30	0.01047	0.00763	0.00917	0.00956	0.01045	0.00770	0.00641	0.03080	0.05722	0.01808	0.03295	0.31445	0.08773	0.27751	0.08275	0.00497	0.00661	0.01405	0.00561	0.00587
31	0.01075	0.00905	0.00929	0.00980	0.02947	0.05597	0.00648	0.01205	0.01463	0.01821	0.10146	0.16763	0.26720	0.21740	0.01645	0.02398	0.00541	0.01324	0.00571	0.00580

[dist]
# distance from previous block
# <min> <max>
5	37

[block]
# block no. 1 follows, 29 sequences, length 15
# corresponding to MSA columns:
# 98-112
name=unknown_B
#
# <colnr> <probs for GDERKNQSTAVLIFYWHMCP>
#	G	D	E	R	K	N	Q	S	T	A	V	L	I	F	Y	W	H	M	C	P
0	0.01477	0.07053	0.11409	0.01271	0.01723	0.01236	0.03660	0.04449	0.08264	0.07598	0.07223	0.07130	0.15045	0.05780	0.06271	0.00313	0.00728	0.00926	0.00549	0.07897
1	0.03929	0.08397	0.01794	0.01481	0.06566	0.06211	0.05479	0.05423	0.04469	0.02343	0.14828	0.10820	0.05775	0.04109	0.04646	0.00274	0.00711	0.00921	0.00530	0.11297
2	0.01393	0.08182	0.01770	0.14843	0.07431	0.01271	0.03680	0.06613	0.01680	0.04264	0.12559	0.19690	0.07142	0.05216	0.00921	0.00260	0.00644	0.01116	0.00544	0.00782
3	0.01574	0.01443	0.04981	0.17663	0.09586	0.01403	0.12129	0.10265	0.01853	0.05122	0.11799	0.07594	0.07371	0.00994	0.00767	0.00229	0.00770	0.00913	0.00517	0.03029
4	0.09139	0.01679	0.07004	0.25504	0.02869	0.08410	0.01475	0.10052	0.05317	0.02379	0.01767	0.12943	0.01607	0.00981	0.00749	0.00232	0.02984	0.00801	0.00459	0.03649
5	0.21562	0.11940	0.06574	0.06172	0.02003	0.04952	0.02812	0.05200	0.17423	0.02550	0.01740	0.05932	0.01477	0.03906	0.00784	0.00242	0.02691	0.00661	0.00485	0.00896
6	0.01703	0.04877	0.06808	0.08710	0.39266	0.04664	0.13825	0.02202	0.03558	0.02227	0.01610	0.01975	0.03939	0.00697	0.00721	0.00218	0.00916	0.00688	0.00370	0.01025
7	0.01745	0.01568	0.01796	0.01355	0.01904	0.06062	0.04054	0.11153	0.01747	0.02525	0.01293	0.01524	0.01057	0.00659	0.00748	0.00152	0.07649	0.00493	0.00445	0.52071
8	0.01003	0.00733	0.00876	0.00875	0.00994	0.00682	0.00584	0.01129	0.01330	0.01794	0.09721	0.21396	0.12463	0.30618	0.05739	0.00464	0.00597	0.01294	0.00548	0.07160
9	0.00966	0.00763	0.00900	0.00891	0.01105	0.00653	0.00646	0.01168	0.01568	0.02081	0.14569	0.30078	0.27534	0.01724	0.00821	0.00236	0.00399	0.01504	0.00646	0.11748
10	0.01237	0.00618	0.00928	0.00928	0.00928	0.00618	0.00618	0.00928	0.00928	0.01237	0.01237	0.02165	0.01237	0.02474	0.02783	0.79283	0.00618	0.00618	0.00309	0.00309
11	0.01574	0.01550	0.02540	0.19302	0.06908	0.01735	0.17566	0.02238	0.12172	0.02169	0.01502	0.01905	0.01192	0.00814	0.01065	0.00240	0.16018	0.00688	0.00403	0.08422
12	0.01960	0.01595	0.01948	0.01754	0.06627	0.04201	0.06266	0.18733	0.20215	0.06120	0.02310	0.03024	0.01931	0.01000	0.00749	0.00231	0.00725	0.11450	0.00623	0.08539
13	0.05994	0.05635	0.10103	0.01491	0.01941	0.01258	0.12228	0.02031	0.07215	0.09880	0.10414	0.17228	0.09178	0.01211	0.00767	0.00238	0.00668	0.01084	0.00579	0.00856
14	0.01711	0.01695	0.09017	0.06907	0.11395	0.04366	0.15521	0.08353	0.01812	0.08660	0.04902	0.11292	0.09120	0.01031	0.00774	0.00233	0.00816	0.00952	0.00516	0.00927

[dist]
# distance from previous block
# <min> <max>
4	27

[block]
# block no. 2 follows, 29 sequences, length 37
# corresponding to MSA columns:
# 140-167,169-177
name=unknown_C
#
# <colnr> <probs for GDERKNQSTAVLIFYWHMCP>
#	G	D	E	R	K	N	Q	S	T	A	V	L	I	F	Y	W	H	M	C	P
0	0.01825	0.15649	0.08592	0.03510	0.01920	0.08775	0.01223	0.10021	0.04698	0.07460	0.11979	0.05505	0.05180	0.00966	0.00677	0.00201	0.00713	0.02454	0.00540	0.08112
1	0.01539	0.01477	0.06893	0.07059	0.08856	0.03453	0.06584	0.02246	0.15809	0.07061	0.06513	0.09211	0.12952	0.01164	0.00823	0.00242	0.02859	0.03792	0.00570	0.00898
2	0.01727	0.01756	0.05587	0.07226	0.02084	0.10885	0.01258	0.09267	0.21855	0.02484	0.02605	0.05066	0.10179	0.01165	0.03032	0.00256	0.06566	0.00803	0.00547	0.05654
3	0.01327	0.00664	0.00664	0.00664	0.00830	0.00664	0.00498	0.01659	0.01493	0.02655	0.02323	0.02655	0.01825	0.00830	0.00498	0.00166	0.00332	0.00664	0.78928	0.00664
4	0.01345	0.01266	0.02136	0.73264	0.04904	0.01582	0.01978	0.01819	0.01424	0.01819	0.01266	0.01898	0.00949	0.00712	0.00712	0.00237	0.00949	0.00633	0.00316	0.00791
5	0.02660	0.03394	0.02018	0.01834	0.02201	0.72116	0.01376	0.02843	0.02018	0.01743	0.01101	0.01284	0.00917	0.00734	0.00642	0.00183	0.01284	0.00459	0.00367	0.00825
6	0.02707	0.01995	0.02137	0.01638	0.02208	0.02208	0.01353	0.68159	0.03348	0.04488	0.01710	0.01710	0.01211	0.00855	0.00712	0.00214	0.00784	0.00641	0.00712	0.01211
7	0.01003	0.00782	0.01054	0.00979	0.01184	0.00712	0.03735	0.01307	0.01865	0.02536	0.46407	0.08308	0.20705	0.01554	0.00851	0.00237	0.00402	0.04990	0.00725	0.00664
8	0.01681	0.01921	0.04202	0.03001	0.03721	0.01801	0.67947	0.02281	0.01681	0.02281	0.01441	0.01921	0.01080	0.00600	0.00840	0.00240	0.01200	0.00840	0.00360	0.00960
9	0.80005	0.01377	0.01047	0.00936	0.01377	0.01597	0.00771	0.02093	0.01212	0.03195	0.00991	0.01157	0.00771	0.00661	0.00441	0.00220	0.00551	0.00386	0.00441	0.00771
10	0.01660	0.01570	0.02617	0.12530	0.49951	0.01603	0.04827	0.04834	0.01672	0.02314	0.01900	0.02261	0.07579	0.00762	0.00725	0.00219	0.00826	0.00725	0.00392	0.01032
11	0.01920	0.08910	0.04672	0.01478	0.01917	0.07467	0.09652	0.09224	0.01997	0.15294	0.21348	0.07904	0.03041	0.01053	0.00747	0.00218	0.00702	0.00915	0.00629	0.00912
12	0.00905	0.00624	0.00840	0.00982	0.01025	0.00586	0.00658	0.01001	0.01353	0.01811	0.06450	0.65401	0.04494	0.02219	0.01067	0.07089	0.00428	0.01873	0.00636	0.00559
13	0.00864	0.00688	0.00778	0.00846	0.01009	0.00602	0.00610	0.01029	0.01527	0.01893	0.05850	0.32052	0.43184	0.01969	0.00872	0.00262	0.00392	0.04317	0.00661	0.00595
14	0.01289	0.00790	0.01042	0.00944	0.01161	0.00720	0.00720	0.01617	0.02019	0.11618	0.61500	0.04947	0.06082	0.01382	0.00824	0.00223	0.00371	0.01214	0.00796	0.00741
15	0.01904	0.75404	0.03731	0.01218	0.01828	0.02818	0.01218	0.02132	0.01447	0.01675	0.00990	0.01142	0.00914	0.00609	0.00457	0.00152	0.00761	0.00381	0.00305	0.00914
16	0.01688	0.42860	0.34384	0.01586	0.02397	0.02289	0.01859	0.02188	0.01472	0.01938	0.01121	0.01306	0.00908	0.00640	0.00557	0.00186	0.00893	0.00447	0.00303	0.00977
17	0.01352	0.01265	0.02127	0.64822	0.09452	0.01542	0.01929	0.01806	0.01435	0.01856	0.01399	0.05378	0.01143	0.00779	0.00721	0.00238	0.00916	0.00700	0.00336	0.00805
18	0.80005	0.01377	0.01047	0.00936	0.01377	0.01597	0.00771	0.02093	0.01212	0.03195	0.00991	0.01157	0.00771	0.00661	0.00441	0.00220	0.00551	0.00386	0.00441	0.00771
19	0.01008	0.00720	0.00935	0.00952	0.01026	0.00760	0.00660	0.01140	0.01158	0.01578	0.02586	0.09180	0.06619	0.35250	0.30364	0.00802	0.01132	0.03141	0.00450	0.00541
20	0.00977	0.00718	0.00915	0.00885	0.01050	0.00656	0.00656	0.01278	0.01916	0.02663	0.57508	0.11390	0.13614	0.01560	0.00846	0.00231	0.00345	0.01374	0.00760	0.00656
21	0.01327	0.00664	0.00664	0.00664	0.00830	0.00664	0.00498	0.01659	0.01493	0.02655	0.02323	0.02655	0.01825	0.00830	0.00498	0.00166	0.00332	0.00664	0.78928	0.00664
22	0.04424	0.05727	0.02164	0.04314	0.02211	0.04227	0.12254	0.12524	0.09953	0.10845	0.01936	0.07332	0.01587	0.02756	0.00767	0.00218	0.00748	0.00748	0.00553	0.14712
23	0.01449	0.01263	0.02108	0.69192	0.04730	0.01552	0.01925	0.01913	0.01459	0.05734	0.01353	0.01928	0.00995	0.00721	0.00712	0.00236	0.00930	0.00638	0.00348	0.00815
24	0.06405	0.09543	0.13792	0.04764	0.05280	0.06592	0.07753	0.11830	0.03510	0.04584	0.01689	0.02184	0.03374	0.05699	0.01023	0.00257	0.07494	0.02857	0.00445	0.00927
25	0.01693	0.27465	0.28031	0.01797	0.02516	0.07154	0.10413	0.02187	0.01558	0.02038	0.05071	0.01637	0.01261	0.00714	0.00694	0.00203	0.03721	0.00560	0.00342	0.00945
26	0.00938	0.00704	0.00872	0.00893	0.01048	0.00638	0.00657	0.01184	0.01744	0.02341	0.35620	0.22649	0.21869	0.01752	0.00863	0.00248	0.00374	0.04255	0.00718	0.00631
27	0.01026	0.00739	0.01072	0.01234	0.04334	0.00695	0.02941	0.01193	0.01420	0.04223	0.03682	0.63507	0.04302	0.02048	0.00894	0.00283	0.00475	0.04647	0.00644	0.00641
28	0.01987	0.01454	0.01962	0.01771	0.10088	0.01414	0.05522	0.12742	0.06580	0.13388	0.01760	0.03740	0.01376	0.00867	0.00873	0.04112	0.05091	0.00646	0.00543	0.24085
29	0.05678	0.02592	0.01903	0.01670	0.02083	0.39313	0.01296	0.17485	0.13205	0.02632	0.01630	0.01865	0.01307	0.00845	0.00676	0.00207	0.01000	0.03144	0.00517	0.00952
30	0.80005	0.01377	0.01047	0.00936	0.01377	0.01597	0.00771	0.02093	0.01212	0.03195	0.00991	0.01157	0.00771	0.00661	0.00441	0.00220	0.00551	0.00386	0.00441	0.00771
31	0.01327	0.00664	0.00664	0.00664	0.00830	0.00664	0.00498	0.01659	0.01493	0.02655	0.02323	0.02655	0.01825	0.00830	0.00498	0.00166	0.00332	0.00664	0.78928	0.00664
32	0.01327	0.00664	0.00664	0.00664	0.00830	0.00664	0.00498	0.01659	0.01493	0.02655	0.02323	0.02655	0.01825	0.00830	0.00498	0.00166	0.00332	0.00664	0.78928	0.00664
33	0.02519	0.12019	0.02253	0.04695	0.02268	0.50016	0.01378	0.12599	0.02124	0.02153	0.01186	0.01356	0.00963	0.00736	0.00633	0.00186	0.01130	0.00484	0.00409	0.00893
34	0.04761	0.12006	0.03723	0.01149	0.01490	0.03192	0.00954	0.05048	0.07282	0.06719	0.17434	0.14170	0.10625	0.01261	0.00791	0.00223	0.03445	0.01040	0.00605	0.04081
35	0.06191	0.14459	0.33132	0.01922	0.04825	0.01839	0.10818	0.05020	0.06198	0.04545	0.01597	0.01769	0.03176	0.00721	0.00661	0.00216	0.00910	0.00600	0.00394	0.01007
36	0.05209	0.01356	0.03779	0.01416	0.03935	0.01341	0.03064	0.19768	0.02102	0.10448	0.13543	0.15048	0.07140	0.01234	0.00852	0.00235	0.04729	0.01029	0.00653	0.03117

[dist]
# distance from previous block
# <min> <max>
0	19

[block]
# block no. 3 follows, 29 sequences, length 13
# corresponding to MSA columns:
# 197-209
name=unknown_D
#
# <colnr> <probs for GDERKNQSTAVLIFYWHMCP>
#	G	D	E	R	K	N	Q	S	T	A	V	L	I	F	Y	W	H	M	C	P
0	0.08198	0.04477	0.04742	0.01935	0.12469	0.10429	0.03579	0.09745	0.14064	0.07036	0.01874	0.05916	0.01564	0.03663	0.04231	0.00283	0.03588	0.00718	0.00519	0.00969
1	0.06755	0.01371	0.01565	0.09795	0.06083	0.03817	0.01158	0.05185	0.29362	0.04870	0.13920	0.03105	0.07980	0.01030	0.00728	0.00231	0.00604	0.00863	0.00634	0.00943
2	0.04630	0.01826	0.14458	0.10281	0.17521	0.01549	0.04197	0.07195	0.07372	0.02475	0.06024	0.05222	0.03679	0.00911	0.00800	0.00230	0.04379	0.02785	0.00460	0.04007
3	0.01260	0.01171	0.02041	0.31755	0.06357	0.01296	0.11618	0.01644	0.01422	0.01888	0.02103	0.13144	0.05109	0.01817	0.13808	0.00410	0.01049	0.00939	0.00405	0.00763
4	0.01021	0.00749	0.01072	0.01072	0.01175	0.00851	0.00800	0.01225	0.01123	0.01600	0.01973	0.03163	0.01939	0.18994	0.58717	0.01055	0.01669	0.00816	0.00391	0.00596
5	0.02390	0.01764	0.01997	0.01563	0.02051	0.01946	0.01285	0.42679	0.07105	0.08794	0.01718	0.01780	0.01262	0.00879	0.00909	0.00217	0.10429	0.00630	0.00640	0.09962
6	0.01327	0.00664	0.00664	0.00664	0.00830	0.00664	0.00498	0.01659	0.01493	0.02655	0.02323	0.02655	0.01825	0.00830	0.00498	0.00166	0.00332	0.00664	0.78928	0.00664
7	0.01550	0.17002	0.30607	0.09550	0.11344	0.01905	0.02015	0.02059	0.01442	0.02019	0.01289	0.04400	0.01093	0.00794	0.00856	0.00224	0.09979	0.00594	0.00325	0.00954
8	0.01946	0.01617	0.01709	0.01485	0.01918	0.01853	0.01169	0.15827	0.56919	0.03261	0.02676	0.02480	0.01994	0.00945	0.00722	0.00236	0.00605	0.00774	0.00722	0.01143
9	0.01327	0.00664	0.00664	0.00664	0.00830	0.00664	0.00498	0.01659	0.01493	0.02655	0.02323	0.02655	0.01825	0.00830	0.00498	0.00166	0.00332	0.00664	0.78928	0.00664
10	0.02002	0.05794	0.02467	0.12382	0.21085	0.24725	0.07200	0.06631	0.01817	0.02139	0.01436	0.06369	0.01260	0.00793	0.00698	0.00211	0.00997	0.00673	0.00394	0.00927
11	0.04995	0.15945	0.08219	0.01518	0.02102	0.07225	0.06832	0.10538	0.06370	0.07148	0.03504	0.01713	0.01303	0.00724	0.00665	0.00186	0.02702	0.00563	0.00476	0.17271
12	0.02388	0.02768	0.06734	0.01896	0.02391	0.38116	0.08801	0.16154	0.09283	0.02525	0.01463	0.01600	0.01126	0.00764	0.00689	0.00205	0.01082	0.00579	0.00470	0.00965

[dist]
# distance from previous block
# <min> <max>
0	2

[block]
# block no. 4 follows, 29 sequences, length 20
# corresponding to MSA columns:
# 212-231
name=unknown_E
#
# <colnr> <probs for GDERKNQSTAVLIFYWHMCP>
#	G	D	E	R	K	N	Q	S	T	A	V	L	I	F	Y	W	H	M	C	P
0	0.01327	0.00664	0.00664	0.00664	0.00830	0.00664	0.00498	0.01659	0.01493	0.02655	0.02323	0.02655	0.01825	0.00830	0.00498	0.00166	0.00332	0.00664	0.78928	0.00664
1	0.01327	0.00664	0.00664	0.00664	0.00830	0.00664	0.00498	0.01659	0.01493	0.02655	0.02323	0.02655	0.01825	0.00830	0.00498	0.00166	0.00332	0.00664	0.78928	0.00664
2	0.10549	0.01524	0.06931	0.01317	0.01859	0.01347	0.01152	0.14871	0.04689	0.37012	0.05033	0.02496	0.06179	0.00923	0.00697	0.00222	0.00640	0.00730	0.00737	0.01091
3	0.00883	0.00723	0.00779	0.00765	0.00987	0.00619	0.00574	0.01103	0.01722	0.02157	0.23009	0.06468	0.54303	0.01716	0.00841	0.00236	0.00354	0.01449	0.00692	0.00619
4	0.01018	0.00758	0.01119	0.01119	0.01238	0.00876	0.00859	0.01255	0.01137	0.01634	0.01930	0.02925	0.01836	0.10122	0.67448	0.01113	0.01824	0.00782	0.00385	0.00622
5	0.01428	0.03683	0.71286	0.02030	0.03082	0.01654	0.02631	0.02255	0.01503	0.02255	0.01278	0.01503	0.00902	0.00677	0.00677	0.00226	0.01052	0.00526	0.00301	0.01052
6	0.01097	0.00872	0.01265	0.01220	0.01319	0.01061	0.00950	0.01317	0.01128	0.01640	0.01794	0.02767	0.01722	0.10296	0.56602	0.00988	0.12183	0.00764	0.00375	0.00640
7	0.01327	0.00664	0.00664	0.00664	0.00830	0.00664	0.00498	0.01659	0.01493	0.02655	0.02323	0.02655	0.01825	0.00830	0.00498	0.00166	0.00332	0.00664	0.78928	0.00664
8	0.00965	0.00726	0.00893	0.00851	0.01038	0.00654	0.00638	0.01261	0.01915	0.02617	0.54063	0.05711	0.22962	0.01545	0.00840	0.00228	0.00342	0.01343	0.00753	0.00654
9	0.02734	0.01951	0.02110	0.01618	0.02186	0.02143	0.01336	0.64536	0.03275	0.08214	0.01771	0.01750	0.01242	0.00856	0.00713	0.00214	0.00774	0.00645	0.00722	0.01211
10	0.01327	0.00664	0.00664	0.00664	0.00830	0.00664	0.00498	0.01659	0.01493	0.02655	0.02323	0.02655	0.01825	0.00830	0.00498	0.00166	0.00332	0.00664	0.78928	0.00664
11	0.01327	0.00664	0.00664	0.00664	0.00830	0.00664	0.00498	0.01659	0.01493	0.02655	0.02323	0.02655	0.01825	0.00830	0.00498	0.00166	0.00332	0.00664	0.78928	0.00664
12	0.00890	0.00636	0.00852	0.01017	0.01068	0.00598	0.00700	0.01030	0.01385	0.01843	0.03912	0.69176	0.04661	0.02210	0.00915	0.00292	0.00433	0.07137	0.00661	0.00585
13	0.01771	0.14662	0.02505	0.01794	0.01977	0.11684	0.03974	0.01960	0.01299	0.01732	0.00986	0.01462	0.00934	0.01042	0.01726	0.00264	0.48525	0.00567	0.00320	0.00815
14	0.01477	0.01266	0.01477	0.01055	0.01687	0.00949	0.00844	0.01793	0.01477	0.02320	0.01266	0.01477	0.01055	0.00527	0.00527	0.00105	0.00527	0.00422	0.00422	0.79328
15	0.23375	0.28294	0.09430	0.01377	0.01934	0.16307	0.01281	0.06836	0.01635	0.02357	0.01092	0.01251	0.00895	0.00672	0.00530	0.00189	0.00841	0.00431	0.00382	0.00892
16	0.01776	0.01759	0.02849	0.08914	0.59730	0.05273	0.04905	0.02198	0.01630	0.02260	0.01326	0.01754	0.01103	0.00643	0.00708	0.00213	0.00890	0.00634	0.00351	0.01082
17	0.01501	0.01453	0.02590	0.28981	0.26524	0.01542	0.12940	0.01961	0.01608	0.02199	0.09980	0.02286	0.01757	0.00760	0.00747	0.00227	0.00879	0.00750	0.00395	0.00919
18	0.04223	0.14090	0.06303	0.04104	0.07118	0.05586	0.01255	0.09524	0.04085	0.09728	0.01814	0.01910	0.05063	0.00742	0.00614	0.00178	0.00710	0.00576	0.00488	0.21891
19	0.04091	0.00865	0.01162	0.01331	0.07772	0.00814	0.00895	0.01465	0.01597	0.06905	0.14528	0.31584	0.10044	0.01669	0.00837	0.00258	0.00490	0.09507	0.00650	0.03535

[dist]
# distance from previous block
# <min> <max>
10	33

[block]
# block no. 5 follows, 29 sequences, length 34
# corresponding to MSA columns:
# 265-298
name=unknown_F
#
# <colnr> <probs for GDERKNQSTAVLIFYWHMCP>
#	G	D	E	R	K	N	Q	S	T	A	V	L	I	F	Y	W	H	M	C	P
0	0.01719	0.01686	0.01788	0.04769	0.16218	0.17877	0.01318	0.03591	0.01782	0.04798	0.14946	0.08206	0.07282	0.01138	0.00876	0.00230	0.06187	0.04233	0.00520	0.00838
1	0.01411	0.01010	0.01484	0.05384	0.14345	0.01007	0.01116	0.01795	0.04289	0.09498	0.27226	0.11795	0.03861	0.01692	0.08108	0.00328	0.00681	0.03520	0.00627	0.00821
2	0.01076	0.00908	0.01114	0.01265	0.06172	0.03997	0.00837	0.01280	0.01573	0.02086	0.18354	0.38496	0.12789	0.01773	0.00932	0.00260	0.04236	0.01554	0.00634	0.00663
3	0.01105	0.00843	0.01180	0.18097	0.01866	0.00946	0.00899	0.01273	0.01152	0.01544	0.01938	0.03597	0.02022	0.42120	0.17883	0.00682	0.01017	0.00880	0.00393	0.00562
4	0.02403	0.01198	0.01572	0.07924	0.01965	0.01167	0.01078	0.12587	0.02005	0.37989	0.02688	0.16256	0.02208	0.04469	0.00884	0.00255	0.00631	0.00963	0.00740	0.01015
5	0.02020	0.01727	0.04736	0.26965	0.03320	0.01847	0.09212	0.28076	0.06885	0.05685	0.01632	0.01885	0.01181	0.00778	0.00727	0.00228	0.00877	0.00671	0.00526	0.01023
6	0.01594	0.01204	0.01258	0.01126	0.01397	0.08570	0.00862	0.07101	0.05536	0.10533	0.40178	0.08329	0.06828	0.01298	0.00793	0.00224	0.00521	0.01109	0.00730	0.00808
7	0.01767	0.01563	0.04171	0.01375	0.01718	0.08941	0.01086	0.09909	0.26660	0.06847	0.05353	0.22264	0.02730	0.01280	0.00767	0.00243	0.00637	0.01088	0.00663	0.00938
8	0.01904	0.75404	0.03731	0.01218	0.01828	0.02818	0.01218	0.02132	0.01447	0.01675	0.00990	0.01142	0.00914	0.00609	0.00457	0.00152	0.00761	0.00381	0.00305	0.00914
9	0.01580	0.08456	0.02984	0.19165	0.03202	0.01971	0.23647	0.01966	0.01399	0.01923	0.01186	0.01721	0.00985	0.00846	0.01280	0.00255	0.25577	0.00675	0.00328	0.00854
10	0.01031	0.00707	0.00863	0.00863	0.00893	0.00737	0.00539	0.01091	0.01061	0.01445	0.02165	0.04222	0.02399	0.58623	0.19717	0.00797	0.00976	0.00971	0.00420	0.00479
11	0.01542	0.11423	0.47645	0.02168	0.03091	0.01821	0.18005	0.02247	0.01539	0.02195	0.01284	0.01562	0.00946	0.00651	0.00690	0.00221	0.01054	0.00584	0.00315	0.01015
12	0.00884	0.00641	0.00835	0.00959	0.01032	0.00592	0.00654	0.01040	0.01468	0.01963	0.12917	0.60486	0.09700	0.02098	0.00895	0.00277	0.00399	0.01889	0.00677	0.00592
13	0.01327	0.00664	0.00664	0.00664	0.00830	0.00664	0.00498	0.01659	0.01493	0.02655	0.02323	0.02655	0.01825	0.00830	0.00498	0.00166	0.00332	0.00664	0.78928	0.00664
14	0.00868	0.00620	0.00826	0.00991	0.01033	0.00578	0.00661	0.00991	0.01363	0.01818	0.03925	0.74510	0.04710	0.02231	0.00909	0.00289	0.00413	0.02024	0.00661	0.00578
15	0.02470	0.01277	0.01574	0.01279	0.01734	0.01254	0.01031	0.10512	0.15374	0.37955	0.14701	0.02904	0.02664	0.00997	0.00739	0.00224	0.00570	0.00827	0.00814	0.01099
16	0.01819	0.01462	0.02305	0.03202	0.46238	0.01432	0.01709	0.02264	0.05166	0.11991	0.02561	0.02711	0.12257	0.00872	0.00729	0.00219	0.00720	0.00793	0.00495	0.01056
17	0.01327	0.00664	0.00664	0.00664	0.00830	0.00664	0.00498	0.01659	0.01493	0.02655	0.02323	0.02655	0.01825	0.00830	0.00498	0.00166	0.00332	0.00664	0.78928	0.00664
18	0.01345	0.01266	0.02136	0.73264	0.04904	0.01582	0.01978	0.01819	0.01424	0.01819	0.01266	0.01898	0.00949	0.00712	0.00712	0.00237	0.00949	0.00633	0.00316	0.00791
19	0.01878	0.01582	0.01670	0.01471	0.01892	0.01821	0.01153	0.11107	0.61750	0.03150	0.02763	0.02549	0.02064	0.00953	0.00723	0.00238	0.00589	0.00786	0.00723	0.01137
20	0.02682	0.02737	0.02074	0.01742	0.02205	0.39311	0.01365	0.33493	0.02642	0.03031	0.01386	0.01484	0.01055	0.00791	0.00675	0.00198	0.01049	0.00544	0.00529	0.01006
21	0.02707	0.01995	0.02137	0.01638	0.02208	0.02208	0.01353	0.68159	0.03348	0.04488	0.01710	0.01710	0.01211	0.00855	0.00712	0.00214	0.00784	0.00641	0.00712	0.01211
22	0.02050	0.01700	0.02410	0.01922	0.02267	0.09659	0.16922	0.02339	0.01580	0.18343	0.01740	0.07242	0.01445	0.01023	0.01301	0.00257	0.25612	0.00782	0.00491	0.00915
23	0.02707	0.01995	0.02137	0.01638	0.02208	0.02208	0.01353	0.68159	0.03348	0.04488	0.01710	0.01710	0.01211	0.00855	0.00712	0.00214	0.00784	0.00641	0.00712	0.01211
24	0.01008	0.00728	0.00952	0.00896	0.01064	0.00672	0.00672	0.01344	0.02016	0.02855	0.70158	0.05319	0.06719	0.01456	0.00840	0.00224	0.00336	0.01288	0.00784	0.00672
25	0.01390	0.01793	0.14848	0.16642	0.03123	0.01485	0.23315	0.01892	0.01561	0.02159	0.09447	0.10533	0.02070	0.00961	0.00886	0.00245	0.05459	0.00915	0.00420	0.00854
26	0.01797	0.01957	0.02146	0.01862	0.01942	0.17379	0.01518	0.01959	0.01292	0.01720	0.00971	0.01498	0.00931	0.01135	0.01969	0.00284	0.57941	0.00587	0.00324	0.00789
27	0.01428	0.03683	0.71286	0.02030	0.03082	0.01654	0.02631	0.02255	0.01503	0.02255	0.01278	0.01503	0.00902	0.00677	0.00677	0.00226	0.01052	0.00526	0.00301	0.01052
28	0.02535	0.03185	0.02036	0.01838	0.02164	0.64160	0.01397	0.02715	0.01912	0.01739	0.01082	0.01315	0.00919	0.00792	0.00835	0.00198	0.09519	0.00477	0.00361	0.00820
29	0.01994	0.01626	0.02054	0.07525	0.16293	0.01801	0.01465	0.26625	0.18269	0.03159	0.01905	0.02084	0.01468	0.01335	0.08841	0.00328	0.00884	0.00692	0.00573	0.01077
30	0.01017	0.00763	0.01144	0.01144	0.01272	0.00890	0.00890	0.01272	0.01144	0.01653	0.01907	0.02797	0.01780	0.05340	0.72153	0.01144	0.01907	0.00763	0.00381	0.00636
31	0.01550	0.01474	0.02489	0.33836	0.39854	0.01606	0.02037	0.01987	0.01537	0.02094	0.01518	0.02003	0.03521	0.00709	0.00713	0.00224	0.00873	0.00665	0.00348	0.00964
32	0.02105	0.56586	0.03301	0.01356	0.01925	0.12821	0.01257	0.09747	0.01746	0.02005	0.01088	0.01227	0.00948	0.00655	0.00513	0.00164	0.00840	0.00422	0.00360	0.00935
33	0.04729	0.01441	0.04211	0.01170	0.01798	0.01151	0.00983	0.09502	0.01724	0.07911	0.01426	0.01565	0.01111	0.00603	0.00565	0.00136	0.00583	0.00472	0.00487	0.58433

[dist]
# distance from previous block
# <min> <max>
0	1

[block]
# block no. 6 follows, 29 sequences, length 8
# corresponding to MSA columns:
# 300-307
name=unknown_G
#
# <colnr> <probs for GDERKNQSTAVLIFYWHMCP>
#	G	D	E	R	K	N	Q	S	T	A	V	L	I	F	Y	W	H	M	C	P
0	0.02185	0.01505	0.01889	0.05293	0.02059	0.04505	0.03968	0.16585	0.05897	0.20195	0.07513	0.04200	0.01897	0.01225	0.04605	0.00285	0.13817	0.00762	0.00623	0.00991
1	0.01712	0.01666	0.02918	0.11458	0.58225	0.01689	0.07529	0.02155	0.01606	0.02270	0.01340	0.01790	0.01105	0.00640	0.00717	0.00217	0.00886	0.00651	0.00349	0.01079
2	0.01392	0.01304	0.01821	0.01606	0.01632	0.01760	0.01303	0.01552	0.01096	0.01666	0.01272	0.02137	0.01282	0.09793	0.16840	0.00523	0.51276	0.00695	0.00338	0.00713
3	0.01327	0.00664	0.00664	0.00664	0.00830	0.00664	0.00498	0.01659	0.01493	0.02655	0.02323	0.02655	0.01825	0.00830	0.00498	0.00166	0.00332	0.00664	0.78928	0.00664
4	0.01021	0.00747	0.01061	0.01061	0.01160	0.00845	0.00787	0.01218	0.01120	0.01592	0.01983	0.03217	0.01962	0.21040	0.56704	0.01042	0.01633	0.00824	0.00393	0.00590
5	0.51201	0.05048	0.01298	0.01069	0.01479	0.06493	0.00865	0.02274	0.10535	0.02905	0.06028	0.01921	0.04845	0.00813	0.00540	0.00219	0.00591	0.00561	0.00500	0.00815
6	0.01545	0.17666	0.16725	0.01588	0.05600	0.06110	0.03683	0.01982	0.04065	0.02055	0.01804	0.16145	0.01765	0.00956	0.00655	0.00198	0.00755	0.00799	0.00422	0.15482
7	0.01756	0.01629	0.07169	0.04620	0.02270	0.01585	0.11048	0.07133	0.33437	0.07223	0.02549	0.09530	0.02103	0.01031	0.00765	0.00245	0.00716	0.03549	0.00623	0.01022

[dist]
# distance from previous block
# <min> <max>
0	81

# created by:
# /home/cegg/simao/soft/augustus-3.2.1/scripts/msa2prfl.pl ./align_prep/EOG090W0AK7.fa
