[name]
unknown

[dist]
# distance from previous block
# <min> <max>
2	57

[block]
# block no. 0 follows, 31 sequences, length 15
# corresponding to MSA columns:
# 58-72
name=unknown_A
#
# <colnr> <probs for GDERKNQSTAVLIFYWHMCP>
#	G	D	E	R	K	N	Q	S	T	A	V	L	I	F	Y	W	H	M	C	P
0	0.00903	0.00652	0.00816	0.00860	0.00953	0.00606	0.00589	0.01076	0.01492	0.02019	0.26411	0.32780	0.11755	0.14375	0.01287	0.00317	0.00412	0.01495	0.00637	0.00564
1	0.02846	0.01112	0.01513	0.01184	0.01670	0.00964	0.00968	0.03108	0.01930	0.64916	0.06981	0.05577	0.02107	0.00935	0.00703	0.00215	0.00558	0.00775	0.00832	0.01107
2	0.01162	0.00762	0.00943	0.00886	0.01098	0.00695	0.00668	0.01479	0.04135	0.09696	0.40047	0.12129	0.20734	0.01477	0.00798	0.00225	0.00370	0.01283	0.00722	0.00690
3	0.01292	0.01216	0.02052	0.74312	0.04712	0.01520	0.01900	0.01748	0.01368	0.01748	0.01216	0.01824	0.00912	0.00684	0.00684	0.00228	0.00912	0.00608	0.00304	0.00760
4	0.32581	0.01689	0.01651	0.01316	0.01815	0.01897	0.01086	0.43565	0.02430	0.03835	0.01378	0.01439	0.01001	0.00750	0.00584	0.00208	0.00667	0.00522	0.00584	0.01001
5	0.02593	0.01914	0.01998	0.01553	0.02084	0.05385	0.01274	0.59471	0.05747	0.08424	0.01727	0.01703	0.01220	0.00822	0.00682	0.00205	0.00756	0.00619	0.00679	0.01143
6	0.01680	0.01434	0.01533	0.01454	0.06054	0.05497	0.01061	0.14346	0.30372	0.02901	0.17012	0.03133	0.08494	0.01042	0.00721	0.00219	0.00573	0.00869	0.00659	0.00947
7	0.72067	0.01305	0.01071	0.00935	0.01371	0.01475	0.00771	0.02160	0.01253	0.10823	0.01149	0.01248	0.00848	0.00659	0.00453	0.00212	0.00535	0.00406	0.00471	0.00788
8	0.00877	0.00696	0.00788	0.00765	0.00966	0.00607	0.00574	0.01115	0.01721	0.02232	0.34569	0.05952	0.43533	0.01589	0.00808	0.00224	0.00336	0.01355	0.00686	0.00607
9	0.04050	0.09751	0.25999	0.03286	0.02283	0.06797	0.01625	0.22086	0.04525	0.04799	0.01482	0.01607	0.01093	0.00726	0.00621	0.00200	0.00823	0.00544	0.06712	0.00992
10	0.00889	0.00648	0.00839	0.00911	0.01014	0.00598	0.00648	0.01092	0.01560	0.02113	0.27409	0.42165	0.11143	0.01839	0.00848	0.00254	0.00377	0.04386	0.00676	0.00592
11	0.11575	0.01394	0.01315	0.01169	0.01406	0.13265	0.00873	0.12861	0.01561	0.06686	0.01347	0.01850	0.01158	0.04230	0.01619	0.35336	0.00722	0.00565	0.00427	0.00640
12	0.01727	0.01582	0.06464	0.01981	0.11292	0.03521	0.12839	0.17588	0.01879	0.05953	0.04373	0.10447	0.01809	0.03780	0.09603	0.00342	0.02579	0.00839	0.00496	0.00904
13	0.46085	0.01349	0.01218	0.01039	0.01457	0.01501	0.00844	0.15028	0.06022	0.03154	0.04252	0.01871	0.05541	0.00789	0.00535	0.00207	0.00544	0.00556	0.04256	0.03756
14	0.04935	0.04150	0.14647	0.01263	0.01925	0.01261	0.01204	0.09429	0.01649	0.07436	0.01351	0.01490	0.01036	0.00600	0.00560	0.00148	0.00640	0.00465	0.00443	0.45368

[dist]
# distance from previous block
# <min> <max>
8	14

[block]
# block no. 1 follows, 31 sequences, length 15
# corresponding to MSA columns:
# 89-103
name=unknown_B
#
# <colnr> <probs for GDERKNQSTAVLIFYWHMCP>
#	G	D	E	R	K	N	Q	S	T	A	V	L	I	F	Y	W	H	M	C	P
0	0.00958	0.00652	0.00776	0.00811	0.00827	0.00650	0.00487	0.00998	0.01070	0.01434	0.02495	0.20088	0.02895	0.55758	0.06722	0.00602	0.00668	0.01191	0.00461	0.00456
1	0.05983	0.04343	0.01607	0.03033	0.06442	0.01231	0.02593	0.04715	0.11529	0.09524	0.03760	0.02234	0.01594	0.11329	0.01005	0.00239	0.00602	0.00628	0.00503	0.27105
2	0.01524	0.01399	0.02218	0.25073	0.33869	0.01452	0.01735	0.04667	0.01535	0.02147	0.01383	0.05079	0.01181	0.00696	0.00662	0.00198	0.00774	0.00639	0.00366	0.13403
3	0.01556	0.43329	0.22213	0.01334	0.01965	0.02047	0.01458	0.01953	0.01498	0.01957	0.12977	0.01875	0.01822	0.00741	0.00560	0.00178	0.00740	0.00553	0.00370	0.00875
4	0.01597	0.33772	0.17181	0.01538	0.02155	0.02000	0.09891	0.02226	0.11234	0.02058	0.06260	0.01931	0.03931	0.00741	0.00602	0.00191	0.00774	0.00604	0.00399	0.00914
5	0.06477	0.01762	0.01921	0.07290	0.02233	0.01979	0.01286	0.50500	0.13167	0.03823	0.01746	0.01767	0.01262	0.00817	0.00672	0.00212	0.00722	0.00626	0.00642	0.01097
6	0.01822	0.01667	0.02675	0.03828	0.61856	0.01696	0.01987	0.11614	0.01792	0.02529	0.01337	0.01686	0.01095	0.00639	0.00678	0.00203	0.00804	0.00610	0.00388	0.01095
7	0.04518	0.01691	0.01636	0.01388	0.01789	0.13127	0.01094	0.22247	0.12917	0.15922	0.02165	0.08809	0.01775	0.03386	0.02640	0.00252	0.00749	0.02287	0.00633	0.00974
8	0.01730	0.00906	0.00987	0.00862	0.01132	0.00915	0.00678	0.12133	0.01779	0.12658	0.02208	0.02381	0.01655	0.00808	0.00539	0.00174	0.00422	0.00641	0.56599	0.00792
9	0.01444	0.01371	0.02327	0.47715	0.30120	0.01560	0.01976	0.01881	0.01440	0.01933	0.01243	0.01774	0.00977	0.00656	0.00681	0.00219	0.00874	0.00609	0.00317	0.00883
10	0.02216	0.01235	0.01428	0.01173	0.01578	0.01264	0.00943	0.17199	0.13892	0.26050	0.05552	0.02399	0.01881	0.00869	0.00645	0.00202	0.00539	0.00701	0.19232	0.01003
11	0.00966	0.00720	0.00927	0.01045	0.01195	0.00681	0.00847	0.01200	0.01511	0.01928	0.04507	0.22722	0.21439	0.01907	0.00894	0.00285	0.00504	0.35489	0.00632	0.00600
12	0.01538	0.00910	0.01161	0.01163	0.04481	0.00880	0.00823	0.07490	0.03839	0.15464	0.12387	0.30195	0.05033	0.01414	0.00752	0.00231	0.00465	0.01240	0.09750	0.00784
13	0.00991	0.00679	0.00825	0.00825	0.00852	0.00706	0.00513	0.01046	0.01018	0.01385	0.02083	0.04077	0.02314	0.60124	0.19078	0.00761	0.00925	0.00936	0.00404	0.00458
14	0.02562	0.05649	0.02130	0.01554	0.02103	0.02151	0.01294	0.66031	0.03125	0.04176	0.01608	0.01615	0.01149	0.00809	0.00672	0.00202	0.00752	0.00603	0.00665	0.01149

[dist]
# distance from previous block
# <min> <max>
0	2

[block]
# block no. 2 follows, 31 sequences, length 17
# corresponding to MSA columns:
# 106-122
name=unknown_C
#
# <colnr> <probs for GDERKNQSTAVLIFYWHMCP>
#	G	D	E	R	K	N	Q	S	T	A	V	L	I	F	Y	W	H	M	C	P
0	0.62201	0.01755	0.13940	0.01126	0.01662	0.01577	0.01094	0.05716	0.01327	0.02974	0.01040	0.01200	0.00787	0.00648	0.00478	0.00212	0.00628	0.00408	0.00413	0.00813
1	0.01643	0.07208	0.02524	0.33729	0.23584	0.01734	0.06683	0.10664	0.01682	0.02243	0.01284	0.01709	0.01001	0.00665	0.00672	0.00212	0.00866	0.00605	0.00366	0.00927
2	0.01018	0.00774	0.01151	0.01228	0.05011	0.00875	0.00873	0.01244	0.01113	0.01594	0.01840	0.02838	0.01765	0.12979	0.61314	0.01001	0.01643	0.00756	0.00370	0.00614
3	0.00961	0.00649	0.00756	0.00790	0.00798	0.00641	0.00461	0.00986	0.01061	0.01415	0.02497	0.19488	0.02918	0.60358	0.02931	0.00582	0.00607	0.01196	0.00461	0.00444
4	0.02742	0.01092	0.01483	0.01162	0.01633	0.00949	0.00949	0.03015	0.01955	0.61329	0.13409	0.02763	0.02437	0.00933	0.00707	0.00212	0.00542	0.00774	0.00832	0.01083
5	0.01125	0.00638	0.00898	0.00893	0.00944	0.00655	0.00623	0.01059	0.01079	0.01534	0.07683	0.02670	0.01893	0.07791	0.15213	0.45748	0.00775	0.00708	0.07648	0.00425
6	0.16048	0.01132	0.01246	0.01053	0.01414	0.01151	0.00841	0.13680	0.03836	0.16197	0.23455	0.03372	0.11670	0.01085	0.00691	0.00215	0.00493	0.00882	0.00683	0.00855
7	0.02372	0.06027	0.01943	0.01664	0.02039	0.54843	0.01272	0.05161	0.14315	0.01977	0.01385	0.01480	0.01109	0.00744	0.00626	0.00186	0.01071	0.00503	0.00423	0.00862
8	0.62424	0.01389	0.01467	0.01395	0.08001	0.01533	0.06945	0.02105	0.01282	0.06554	0.01113	0.01294	0.00849	0.00639	0.00495	0.00213	0.00613	0.00448	0.00431	0.00811
9	0.01800	0.08239	0.01902	0.01474	0.04541	0.04132	0.07269	0.13483	0.07631	0.11241	0.08132	0.08362	0.09647	0.02295	0.00793	0.00222	0.02463	0.02166	0.00584	0.03625
10	0.01868	0.08564	0.09052	0.04121	0.10472	0.13789	0.01382	0.10758	0.15005	0.04739	0.07964	0.02164	0.03405	0.00827	0.00657	0.00202	0.00765	0.00660	0.02658	0.00948
11	0.00971	0.00722	0.00909	0.00886	0.01047	0.00679	0.00655	0.01331	0.05217	0.02524	0.52349	0.15416	0.11690	0.01514	0.00811	0.00227	0.00347	0.01336	0.00723	0.00648
12	0.01682	0.01610	0.02687	0.03496	0.50247	0.01641	0.09572	0.04860	0.07572	0.02334	0.01636	0.01956	0.03738	0.00702	0.00750	0.00213	0.03196	0.00677	0.00394	0.01039
13	0.00887	0.00699	0.00805	0.00810	0.01004	0.00617	0.00618	0.01119	0.01669	0.02146	0.26933	0.09337	0.41570	0.01660	0.00823	0.00236	0.00367	0.07423	0.00672	0.00603
14	0.01148	0.00757	0.00983	0.00949	0.01122	0.00743	0.00719	0.03815	0.01674	0.06288	0.32464	0.15074	0.06995	0.02112	0.13847	0.00382	0.00645	0.02776	0.06838	0.00670
15	0.01714	0.01817	0.05650	0.06817	0.07061	0.14402	0.11485	0.10638	0.08119	0.02280	0.01956	0.17677	0.01857	0.01044	0.00802	0.00228	0.04206	0.00908	0.00477	0.00862
16	0.01419	0.01028	0.01128	0.01052	0.01322	0.01099	0.00803	0.02397	0.31121	0.05835	0.12320	0.09936	0.08951	0.01143	0.00691	0.00218	0.00437	0.00970	0.17289	0.00841

[dist]
# distance from previous block
# <min> <max>
0	9

[block]
# block no. 3 follows, 31 sequences, length 33
# corresponding to MSA columns:
# 132-164
name=unknown_D
#
# <colnr> <probs for GDERKNQSTAVLIFYWHMCP>
#	G	D	E	R	K	N	Q	S	T	A	V	L	I	F	Y	W	H	M	C	P
0	0.05071	0.15086	0.04544	0.01571	0.06025	0.16205	0.01230	0.07885	0.26307	0.02423	0.01917	0.01932	0.03435	0.00795	0.00618	0.00199	0.00751	0.00604	0.02449	0.00953
1	0.01164	0.00610	0.00915	0.00915	0.00929	0.00624	0.00624	0.00929	0.00915	0.01234	0.01263	0.02150	0.01249	0.02695	0.10817	0.70979	0.00737	0.00610	0.00305	0.00333
2	0.01742	0.01915	0.10798	0.03035	0.34874	0.04216	0.14444	0.06087	0.04111	0.04235	0.01396	0.01700	0.01094	0.00634	0.00685	0.00203	0.00872	0.00621	0.00386	0.06950
3	0.01212	0.06458	0.06242	0.01129	0.01463	0.05149	0.04948	0.04644	0.01679	0.02161	0.17394	0.14069	0.24990	0.01348	0.00751	0.00218	0.00546	0.01156	0.00571	0.03874
4	0.01066	0.00926	0.01468	0.01354	0.05414	0.00853	0.11869	0.01380	0.01713	0.02323	0.34759	0.12500	0.18898	0.01374	0.00807	0.00227	0.00499	0.01254	0.00625	0.00691
5	0.02095	0.01033	0.01299	0.01096	0.01432	0.01024	0.00868	0.02569	0.10646	0.33635	0.06407	0.02672	0.02042	0.05627	0.04927	0.00285	0.04089	0.00737	0.16595	0.00923
6	0.01509	0.02193	0.29735	0.04032	0.05574	0.01477	0.03325	0.10581	0.13158	0.02634	0.14328	0.02497	0.04209	0.00881	0.00701	0.00218	0.00749	0.00739	0.00503	0.00957
7	0.00888	0.00762	0.00780	0.00829	0.00997	0.03507	0.00594	0.01042	0.01485	0.01805	0.05561	0.31067	0.44591	0.01838	0.00824	0.00246	0.00400	0.01583	0.00624	0.00578
8	0.01708	0.10674	0.09504	0.01806	0.09571	0.04134	0.11220	0.05250	0.01595	0.05994	0.01312	0.01527	0.01032	0.00592	0.00598	0.00162	0.00755	0.00518	0.00399	0.31648
9	0.09780	0.01271	0.01858	0.46491	0.09380	0.03752	0.01613	0.01742	0.01359	0.01922	0.01463	0.10046	0.01316	0.00863	0.00749	0.00232	0.04315	0.00728	0.00358	0.00763
10	0.01470	0.01279	0.01550	0.01177	0.01723	0.01109	0.04106	0.02136	0.16184	0.02383	0.04394	0.01830	0.01464	0.00636	0.00574	0.00140	0.00537	0.00537	0.00479	0.56292
11	0.01633	0.01564	0.02668	0.14779	0.61582	0.01610	0.02070	0.02047	0.01529	0.02162	0.01276	0.01713	0.01058	0.00621	0.00678	0.00207	0.00828	0.00609	0.00333	0.01035
12	0.01940	0.01016	0.01283	0.01064	0.01416	0.00947	0.00847	0.09901	0.02062	0.29170	0.31993	0.03776	0.09359	0.01150	0.00748	0.00214	0.00473	0.00974	0.00771	0.00896
13	0.01499	0.01098	0.01384	0.01196	0.01408	0.01218	0.04376	0.16009	0.01656	0.02401	0.01930	0.02947	0.01779	0.18416	0.08874	0.00408	0.09289	0.04558	0.18831	0.00724
14	0.01799	0.05537	0.01567	0.01249	0.01535	0.05291	0.01016	0.07442	0.01590	0.18240	0.02385	0.02614	0.09491	0.02164	0.21057	0.00466	0.11987	0.00735	0.03006	0.00827
15	0.00834	0.00639	0.00768	0.00868	0.00983	0.00572	0.00610	0.00981	0.01412	0.01795	0.04934	0.47491	0.29253	0.01982	0.00852	0.00262	0.00387	0.04175	0.00635	0.00567
16	0.05581	0.04432	0.05924	0.07473	0.28639	0.03786	0.15527	0.04669	0.01611	0.09365	0.01399	0.01710	0.01078	0.00678	0.00772	0.00215	0.05128	0.00628	0.00401	0.00986
17	0.00995	0.00663	0.00746	0.00746	0.00746	0.00663	0.00415	0.00995	0.00995	0.01327	0.02156	0.04477	0.02487	0.75957	0.03482	0.00663	0.00663	0.00995	0.00415	0.00415
18	0.02601	0.01916	0.02053	0.01574	0.02122	0.02122	0.01300	0.69408	0.03217	0.04312	0.01643	0.01643	0.01163	0.00821	0.00684	0.00205	0.00753	0.00616	0.00684	0.01163
19	0.01580	0.01318	0.01503	0.01109	0.01692	0.01116	0.00890	0.09818	0.07081	0.02524	0.01390	0.01534	0.01116	0.00577	0.00542	0.00124	0.00538	0.00459	0.00461	0.64626
20	0.03504	0.01446	0.02348	0.15529	0.36648	0.03598	0.07222	0.01869	0.01466	0.02046	0.01597	0.11465	0.01501	0.00980	0.02888	0.00249	0.03578	0.00794	0.00374	0.00901
21	0.61112	0.05311	0.01348	0.01048	0.01505	0.01712	0.00875	0.15465	0.01586	0.03242	0.01090	0.01217	0.00832	0.00670	0.00476	0.00207	0.00584	0.00419	0.00469	0.00832
22	0.01913	0.01819	0.01650	0.01470	0.01862	0.14505	0.01140	0.07793	0.53797	0.02745	0.02401	0.02257	0.01812	0.00881	0.00681	0.00220	0.00679	0.00704	0.00634	0.01036
23	0.00979	0.00728	0.01073	0.01073	0.01185	0.00841	0.00822	0.01204	0.01092	0.01568	0.01857	0.02824	0.01770	0.10524	0.67933	0.01066	0.01743	0.00753	0.00370	0.00596
24	0.00870	0.00619	0.00784	0.00892	0.00941	0.00582	0.00586	0.00979	0.01293	0.01718	0.06846	0.54173	0.08182	0.16541	0.01377	0.00348	0.00443	0.01696	0.00597	0.00534
25	0.01349	0.00890	0.01101	0.01109	0.01332	0.00885	0.00918	0.09242	0.01757	0.06411	0.06015	0.11453	0.11140	0.01554	0.00815	0.00260	0.00539	0.31866	0.10652	0.00711
26	0.01699	0.01398	0.01508	0.01325	0.01695	0.01577	0.01037	0.12339	0.49285	0.03042	0.14487	0.02869	0.02716	0.00995	0.00714	0.00225	0.00533	0.00832	0.00704	0.01018
27	0.01152	0.00618	0.00927	0.00927	0.00948	0.00639	0.00639	0.00948	0.00927	0.01258	0.01300	0.02185	0.01279	0.02853	0.14886	0.66426	0.00808	0.00618	0.00309	0.00351
28	0.01372	0.03539	0.72412	0.01950	0.02961	0.01589	0.02528	0.02167	0.01444	0.02167	0.01228	0.01444	0.00867	0.00650	0.00650	0.00217	0.01011	0.00506	0.00289	0.01011
29	0.01231	0.01063	0.01331	0.01083	0.01471	0.00937	0.03286	0.01547	0.03893	0.02115	0.07391	0.12680	0.13352	0.01060	0.00774	0.00179	0.06023	0.00884	0.00498	0.39202
30	0.01091	0.00758	0.00933	0.00905	0.00981	0.00809	0.00610	0.05052	0.01171	0.01622	0.02024	0.03675	0.02137	0.46378	0.25752	0.00762	0.01035	0.00877	0.02900	0.00528
31	0.01496	0.01025	0.01171	0.01068	0.01364	0.01038	0.00832	0.05968	0.18738	0.12082	0.07303	0.07010	0.23296	0.05794	0.03569	0.00291	0.00545	0.05929	0.00665	0.00817
32	0.04208	0.01186	0.07368	0.05282	0.01587	0.01022	0.00973	0.09409	0.04070	0.06188	0.35100	0.04062	0.14422	0.01207	0.00749	0.00218	0.00497	0.01024	0.00652	0.00777

[dist]
# distance from previous block
# <min> <max>
5	7

[block]
# block no. 4 follows, 31 sequences, length 52
# corresponding to MSA columns:
# 172-192,194-224
name=unknown_E
#
# <colnr> <probs for GDERKNQSTAVLIFYWHMCP>
#	G	D	E	R	K	N	Q	S	T	A	V	L	I	F	Y	W	H	M	C	P
0	0.49485	0.01898	0.14029	0.03488	0.01847	0.07850	0.01185	0.04405	0.01409	0.07298	0.01156	0.01301	0.00857	0.00665	0.00515	0.00210	0.00701	0.00437	0.00426	0.00836
1	0.09743	0.01734	0.01931	0.01795	0.10318	0.06845	0.04201	0.29214	0.13263	0.06653	0.02035	0.02055	0.05497	0.00832	0.00668	0.00211	0.00723	0.00666	0.00586	0.01028
2	0.01582	0.03769	0.05310	0.01350	0.06005	0.01156	0.02673	0.06757	0.01578	0.04279	0.01288	0.01478	0.01036	0.00557	0.00547	0.00128	0.00593	0.00454	0.00423	0.59037
3	0.02520	0.03207	0.02018	0.01805	0.02170	0.70521	0.03875	0.02712	0.01927	0.01694	0.01070	0.01257	0.00887	0.00700	0.00624	0.00178	0.01231	0.00454	0.00352	0.00798
4	0.00881	0.00627	0.00836	0.00986	0.01041	0.00595	0.00691	0.01022	0.01332	0.01768	0.03667	0.62107	0.04336	0.05879	0.01017	0.00303	0.00444	0.11287	0.00623	0.00559
5	0.01460	0.01430	0.01369	0.01259	0.01362	0.15935	0.00940	0.01587	0.01300	0.01660	0.01985	0.08226	0.05945	0.22492	0.01920	0.00360	0.21968	0.00834	0.07341	0.00628
6	0.00857	0.00687	0.00759	0.00768	0.00958	0.00598	0.00568	0.01052	0.01592	0.02001	0.18818	0.12471	0.48551	0.04159	0.00906	0.00249	0.00365	0.03405	0.00651	0.00585
7	0.01050	0.00682	0.01008	0.01008	0.01082	0.00755	0.00741	0.01096	0.01023	0.01437	0.01633	0.02586	0.01579	0.08349	0.45185	0.27904	0.01343	0.00701	0.00346	0.00493
8	0.01608	0.20060	0.12780	0.15809	0.32716	0.01865	0.01898	0.02033	0.01466	0.01985	0.01184	0.01536	0.00971	0.00623	0.00616	0.00196	0.00839	0.00535	0.00314	0.00965
9	0.01945	0.01320	0.01491	0.01237	0.01642	0.01374	0.00985	0.21826	0.17765	0.13513	0.11997	0.05887	0.06404	0.01018	0.00702	0.00210	0.00551	0.00840	0.03491	0.05803
10	0.05307	0.09885	0.35778	0.01866	0.09726	0.01543	0.01855	0.02459	0.01579	0.21241	0.01596	0.01663	0.01111	0.00692	0.00632	0.00207	0.00825	0.00547	0.00452	0.01036
11	0.02106	0.01993	0.01754	0.01521	0.01936	0.18653	0.01188	0.18299	0.39095	0.02910	0.02119	0.02036	0.01595	0.00851	0.00675	0.00213	0.00752	0.00659	0.00612	0.01033
12	0.78359	0.01383	0.01035	0.00926	0.01348	0.03762	0.00759	0.02033	0.01188	0.03026	0.00956	0.01115	0.00745	0.00637	0.00429	0.00211	0.00551	0.00373	0.00421	0.00743
13	0.01523	0.06827	0.41547	0.04483	0.12911	0.07542	0.03949	0.02151	0.03404	0.02108	0.03121	0.04754	0.01237	0.00734	0.00660	0.00211	0.00929	0.00607	0.00341	0.00959
14	0.01077	0.01671	0.24628	0.01380	0.01769	0.01036	0.03350	0.01439	0.01361	0.01898	0.02858	0.39755	0.07002	0.01516	0.00885	0.00255	0.05584	0.01315	0.00490	0.00731
15	0.00955	0.00758	0.02875	0.00929	0.01086	0.00658	0.00715	0.01245	0.01767	0.02474	0.51363	0.20889	0.05761	0.01566	0.00823	0.00234	0.00372	0.04188	0.00709	0.00635
16	0.01371	0.01387	0.06229	0.04360	0.29897	0.01325	0.04908	0.01663	0.01349	0.01886	0.01971	0.02797	0.07603	0.18828	0.04000	0.00358	0.08100	0.00782	0.00376	0.00810
17	0.02443	0.09313	0.04285	0.01457	0.01974	0.01916	0.01251	0.43285	0.02581	0.14695	0.01718	0.01725	0.01224	0.00814	0.00729	0.00203	0.04491	0.00599	0.04210	0.01085
18	0.00937	0.00670	0.00727	0.00733	0.00814	0.00631	0.00458	0.01007	0.01202	0.01547	0.03757	0.07608	0.24798	0.47121	0.02436	0.00495	0.00541	0.01163	0.02876	0.00479
19	0.00950	0.00992	0.08251	0.00911	0.01186	0.00718	0.00794	0.01266	0.01744	0.02347	0.39840	0.05284	0.30298	0.01447	0.00791	0.00221	0.00403	0.01239	0.00661	0.00658
20	0.01521	0.01629	0.03183	0.02403	0.02849	0.01719	0.43405	0.01952	0.01447	0.02018	0.01466	0.02295	0.01276	0.00983	0.03218	0.00280	0.20558	0.06595	0.00359	0.00842
21	0.01656	0.01588	0.02710	0.10631	0.65545	0.01616	0.02081	0.02067	0.01540	0.02190	0.01280	0.01705	0.01068	0.00616	0.00678	0.00205	0.00822	0.00609	0.00335	0.01054
22	0.01691	0.01712	0.02491	0.22050	0.46190	0.10008	0.01957	0.02083	0.01553	0.02043	0.01242	0.01673	0.01015	0.00640	0.00672	0.00206	0.00888	0.00589	0.00331	0.00966
23	0.01558	0.01700	0.03417	0.02520	0.03053	0.01714	0.50302	0.02031	0.01500	0.02085	0.01402	0.02063	0.01159	0.00755	0.01067	0.00242	0.14678	0.04139	0.00354	0.04259
24	0.03765	0.01681	0.08097	0.01400	0.01874	0.04571	0.03494	0.20186	0.19755	0.09004	0.06288	0.02807	0.12108	0.00983	0.00704	0.00218	0.00654	0.00801	0.00630	0.00981
25	0.11109	0.45344	0.08998	0.01337	0.01890	0.17799	0.01273	0.02203	0.01488	0.01842	0.00999	0.01159	0.00862	0.00623	0.00494	0.00167	0.00842	0.00395	0.00321	0.00855
26	0.01188	0.00594	0.00891	0.00891	0.00891	0.00594	0.00594	0.00891	0.00891	0.01188	0.01188	0.02080	0.01188	0.02377	0.02674	0.80095	0.00594	0.00594	0.00297	0.00297
27	0.01519	0.03134	0.57717	0.02039	0.02972	0.01571	0.12235	0.02247	0.01503	0.06754	0.01347	0.01561	0.00946	0.00652	0.00676	0.00218	0.01004	0.00562	0.00334	0.01008
28	0.01388	0.01175	0.01388	0.01037	0.01602	0.00900	0.00839	0.01693	0.01434	0.02212	0.01448	0.02026	0.01295	0.00640	0.00549	0.00122	0.00519	0.06835	0.00427	0.72472
29	0.01680	0.01721	0.05326	0.02246	0.02767	0.01684	0.39513	0.13771	0.01768	0.02414	0.01549	0.05199	0.01320	0.07398	0.01158	0.00273	0.08095	0.00810	0.00418	0.00890
30	0.01168	0.00607	0.00892	0.00899	0.00916	0.00602	0.00614	0.00919	0.00951	0.01256	0.01545	0.02528	0.04334	0.02327	0.02515	0.73055	0.00585	0.03634	0.00327	0.00324
31	0.02466	0.01788	0.01932	0.01519	0.02036	0.01976	0.01242	0.53324	0.15379	0.08267	0.01916	0.01851	0.01365	0.00842	0.00687	0.00211	0.00704	0.00649	0.00697	0.01149
32	0.05393	0.01683	0.01855	0.03443	0.04298	0.07919	0.03330	0.31836	0.03978	0.19514	0.03519	0.04198	0.01503	0.00848	0.00675	0.00207	0.00725	0.00674	0.03359	0.01043
33	0.01829	0.76368	0.03585	0.01171	0.01756	0.02707	0.01171	0.02049	0.01390	0.01610	0.00951	0.01097	0.00878	0.00585	0.00439	0.00146	0.00732	0.00366	0.00293	0.00878
34	0.01372	0.03539	0.72412	0.01950	0.02961	0.01589	0.02528	0.02167	0.01444	0.02167	0.01228	0.01444	0.00867	0.00650	0.00650	0.00217	0.01011	0.00506	0.00289	0.01011
35	0.04299	0.01593	0.02112	0.05063	0.29506	0.03866	0.01530	0.21455	0.05001	0.06373	0.01913	0.02362	0.04422	0.02585	0.00759	0.00224	0.00746	0.04662	0.00513	0.01015
36	0.00867	0.00665	0.00803	0.00847	0.00982	0.00613	0.00605	0.01043	0.01455	0.01891	0.14436	0.28496	0.29290	0.05966	0.08484	0.00356	0.00530	0.01482	0.00613	0.00575
37	0.01240	0.00684	0.00790	0.00794	0.00920	0.00675	0.00563	0.01445	0.01330	0.06550	0.02484	0.12803	0.02390	0.20143	0.05038	0.00360	0.00524	0.03797	0.36867	0.00603
38	0.29551	0.01341	0.01465	0.01167	0.01663	0.01368	0.00963	0.13637	0.01892	0.37508	0.01930	0.01801	0.01282	0.00770	0.00597	0.00211	0.00592	0.00568	0.00676	0.01019
39	0.01041	0.00864	0.01256	0.25139	0.02281	0.00928	0.01110	0.01339	0.01497	0.01937	0.11666	0.18130	0.16290	0.01451	0.00802	0.00251	0.00587	0.12241	0.00539	0.00651
40	0.01079	0.00886	0.00963	0.01038	0.01159	0.06963	0.00768	0.01270	0.01525	0.01981	0.15378	0.36765	0.07393	0.01787	0.00893	0.02749	0.00500	0.13182	0.03119	0.00601
41	0.01094	0.00881	0.01100	0.01144	0.04762	0.02546	0.00836	0.02953	0.01773	0.02396	0.38305	0.07093	0.16401	0.01470	0.00878	0.00236	0.03668	0.11130	0.00659	0.00672
42	0.36566	0.04190	0.01675	0.01606	0.08980	0.26265	0.01143	0.08213	0.01659	0.02572	0.01084	0.01260	0.00866	0.00671	0.00540	0.00196	0.00826	0.00441	0.00410	0.00836
43	0.34316	0.04282	0.01570	0.01304	0.01715	0.21125	0.01041	0.08826	0.06813	0.08357	0.01325	0.01417	0.01008	0.00731	0.00612	0.00204	0.03544	0.00477	0.00475	0.00860
44	0.01734	0.40436	0.26307	0.01594	0.04168	0.09209	0.01675	0.02144	0.01456	0.01821	0.01062	0.01256	0.00881	0.00639	0.00590	0.00179	0.03203	0.00434	0.00299	0.00916
45	0.01375	0.00815	0.01044	0.00932	0.01174	0.00745	0.00717	0.03642	0.01921	0.15161	0.48334	0.06878	0.11875	0.01339	0.00784	0.00218	0.00387	0.01163	0.00752	0.00745
46	0.00966	0.00741	0.00961	0.01010	0.01092	0.00764	0.00725	0.01193	0.03852	0.01961	0.16797	0.43137	0.07313	0.06294	0.01132	0.00288	0.06962	0.03590	0.00617	0.00604
47	0.00961	0.00649	0.00756	0.00790	0.00798	0.00641	0.00461	0.00986	0.01061	0.01415	0.02495	0.19393	0.02915	0.60457	0.02934	0.00582	0.00607	0.01194	0.00461	0.00444
48	0.01025	0.00742	0.01089	0.01080	0.01193	0.00864	0.00836	0.01238	0.01106	0.01627	0.01790	0.02605	0.01656	0.04569	0.62191	0.05777	0.03936	0.00714	0.05362	0.00598
49	0.01565	0.15480	0.48754	0.02040	0.09833	0.06799	0.02172	0.02180	0.01482	0.02046	0.01176	0.01398	0.00892	0.00639	0.00615	0.00201	0.00959	0.00488	0.00299	0.00981
50	0.01629	0.25114	0.02034	0.01195	0.01544	0.10128	0.00996	0.10785	0.01762	0.02177	0.11419	0.15272	0.08518	0.01135	0.00713	0.00203	0.03180	0.00904	0.00504	0.00788
51	0.13450	0.01708	0.09035	0.01480	0.06138	0.06782	0.01202	0.14715	0.04452	0.15689	0.03241	0.05655	0.01513	0.03474	0.00732	0.00219	0.00689	0.00655	0.02630	0.06541

[dist]
# distance from previous block
# <min> <max>
5	10

[block]
# block no. 5 follows, 31 sequences, length 6
# corresponding to MSA columns:
# 236-241
name=unknown_F
#
# <colnr> <probs for GDERKNQSTAVLIFYWHMCP>
#	G	D	E	R	K	N	Q	S	T	A	V	L	I	F	Y	W	H	M	C	P
0	0.01631	0.01307	0.07879	0.01340	0.04793	0.01136	0.01086	0.07770	0.13683	0.13958	0.23259	0.08979	0.05459	0.01161	0.00748	0.00225	0.00542	0.03477	0.00674	0.00892
1	0.01567	0.01522	0.02066	0.11100	0.11341	0.08779	0.06510	0.01890	0.03730	0.04247	0.01549	0.10105	0.01461	0.01279	0.05511	0.00300	0.25077	0.00771	0.00388	0.00807
2	0.01507	0.01425	0.02356	0.36589	0.35778	0.01582	0.01937	0.02041	0.06186	0.02052	0.01356	0.01813	0.01073	0.00666	0.00682	0.00217	0.00840	0.00620	0.00347	0.00933
3	0.00934	0.00739	0.00804	0.00802	0.00994	0.00667	0.00583	0.04624	0.01588	0.01988	0.10504	0.18361	0.45747	0.07315	0.01014	0.00269	0.00399	0.01440	0.00630	0.00597
4	0.18600	0.04981	0.01848	0.10736	0.02239	0.26467	0.04385	0.06974	0.04662	0.05453	0.01299	0.01503	0.01007	0.00721	0.00645	0.00201	0.03267	0.00512	0.03665	0.00834
5	0.24174	0.06927	0.01433	0.01196	0.04301	0.07955	0.00915	0.10266	0.01714	0.05234	0.09300	0.04784	0.10001	0.00967	0.00612	0.00206	0.00593	0.02666	0.05963	0.00794

[dist]
# distance from previous block
# <min> <max>
12	16

[block]
# block no. 6 follows, 31 sequences, length 9
# corresponding to MSA columns:
# 259-267
name=unknown_G
#
# <colnr> <probs for GDERKNQSTAVLIFYWHMCP>
#	G	D	E	R	K	N	Q	S	T	A	V	L	I	F	Y	W	H	M	C	P
0	0.01440	0.01141	0.01423	0.04484	0.01681	0.01187	0.00986	0.12975	0.07777	0.02327	0.01702	0.02140	0.01440	0.02658	0.32858	0.00579	0.01158	0.00628	0.00456	0.20959
1	0.01232	0.01126	0.01432	0.01300	0.01372	0.03862	0.01020	0.01382	0.01151	0.01605	0.02152	0.02967	0.10815	0.15091	0.19131	0.00539	0.31998	0.00807	0.00382	0.00637
2	0.00939	0.00671	0.00838	0.00832	0.00975	0.00610	0.00604	0.01115	0.01621	0.02178	0.36732	0.13701	0.22595	0.01709	0.01066	0.10932	0.00374	0.01292	0.00647	0.00570
3	0.05321	0.01175	0.01209	0.01125	0.01395	0.10483	0.00844	0.02011	0.01635	0.24202	0.06217	0.32170	0.06571	0.01416	0.00754	0.00235	0.00568	0.01216	0.00660	0.00794
4	0.01089	0.00647	0.00717	0.00734	0.00834	0.00632	0.00498	0.01284	0.01343	0.02081	0.08852	0.13343	0.05644	0.22514	0.01432	0.00327	0.00429	0.01003	0.36035	0.00561
5	0.01144	0.00993	0.01416	0.01293	0.01445	0.03713	0.04910	0.01403	0.01265	0.01789	0.10960	0.02743	0.02163	0.03651	0.46687	0.00784	0.11799	0.00775	0.00407	0.00660
6	0.01156	0.00905	0.01084	0.01092	0.01300	0.00935	0.00855	0.01852	0.19641	0.02369	0.20661	0.15887	0.10861	0.01539	0.00821	0.00254	0.00467	0.16906	0.00679	0.00736
7	0.01301	0.01144	0.01498	0.01127	0.01639	0.00909	0.06899	0.01605	0.01480	0.02182	0.06193	0.05795	0.10929	0.00805	0.00609	0.00145	0.00528	0.00700	0.00462	0.54051
8	0.80789	0.01323	0.01006	0.00900	0.01323	0.01535	0.00741	0.02011	0.01164	0.03070	0.00953	0.01111	0.00741	0.00635	0.00423	0.00212	0.00529	0.00370	0.00423	0.00741

[dist]
# distance from previous block
# <min> <max>
0	1

[block]
# block no. 7 follows, 31 sequences, length 17
# corresponding to MSA columns:
# 269-285
name=unknown_H
#
# <colnr> <probs for GDERKNQSTAVLIFYWHMCP>
#	G	D	E	R	K	N	Q	S	T	A	V	L	I	F	Y	W	H	M	C	P
0	0.06182	0.01532	0.02082	0.02587	0.33026	0.04423	0.01502	0.08130	0.11385	0.13546	0.05383	0.03916	0.01664	0.00794	0.00678	0.00211	0.00700	0.00692	0.00532	0.01037
1	0.02045	0.01712	0.02512	0.02635	0.27303	0.01740	0.10857	0.27500	0.02191	0.05315	0.01474	0.01690	0.01121	0.00683	0.00682	0.00199	0.00801	0.00623	0.00493	0.08424
2	0.73462	0.04005	0.01157	0.00948	0.01385	0.01610	0.00789	0.05927	0.01291	0.03090	0.00993	0.01142	0.00770	0.00644	0.00439	0.00209	0.00549	0.00385	0.00434	0.00770
3	0.06089	0.01739	0.07060	0.02195	0.02835	0.01550	0.39042	0.06275	0.03521	0.20043	0.01735	0.01913	0.01212	0.00675	0.00739	0.00223	0.00931	0.00726	0.00501	0.00997
4	0.01419	0.01216	0.01419	0.01013	0.01621	0.00912	0.00811	0.01723	0.01419	0.02229	0.01216	0.01419	0.01013	0.00507	0.00507	0.00101	0.00507	0.00405	0.00405	0.80139
5	0.02626	0.01876	0.02028	0.01555	0.02101	0.02061	0.01284	0.65848	0.03149	0.07967	0.01699	0.01680	0.01192	0.00823	0.00685	0.00206	0.00744	0.00620	0.00693	0.01164
6	0.01022	0.00709	0.00898	0.00956	0.01035	0.00700	0.00702	0.01182	0.01338	0.01785	0.11428	0.09357	0.03610	0.36184	0.02100	0.00462	0.00595	0.24863	0.00546	0.00528
7	0.37612	0.01038	0.00967	0.00856	0.01198	0.01107	0.00687	0.02081	0.01402	0.14697	0.01732	0.01860	0.01284	0.00732	0.00489	0.00192	0.00459	0.00525	0.30307	0.00775
8	0.01496	0.01424	0.02420	0.38750	0.38683	0.01574	0.02001	0.01926	0.01464	0.01995	0.01252	0.01758	0.00999	0.00646	0.00681	0.00215	0.00862	0.00609	0.00322	0.00924
9	0.00846	0.00613	0.00803	0.00950	0.01010	0.00570	0.00652	0.00979	0.01342	0.01770	0.03990	0.66940	0.09302	0.02100	0.00872	0.00276	0.00406	0.05382	0.00635	0.00561
10	0.01027	0.00748	0.01018	0.00952	0.01020	0.00770	0.04482	0.01117	0.01055	0.01437	0.02036	0.03908	0.02222	0.55078	0.19614	0.00740	0.00964	0.00923	0.00399	0.00490
11	0.01672	0.01912	0.07240	0.08465	0.29399	0.06610	0.30231	0.02160	0.01588	0.02138	0.01303	0.01720	0.01025	0.00610	0.00727	0.00215	0.01004	0.00675	0.00337	0.00968
12	0.00979	0.00728	0.01074	0.01074	0.01187	0.00841	0.00823	0.01205	0.01092	0.01569	0.01856	0.02816	0.01766	0.10223	0.68230	0.01068	0.01748	0.00752	0.00370	0.00597
13	0.06075	0.01271	0.01439	0.01046	0.01639	0.01032	0.00841	0.06420	0.01528	0.02422	0.01230	0.01416	0.01008	0.00536	0.00514	0.00115	0.00525	0.00418	0.00426	0.70101
14	0.02175	0.05954	0.02217	0.02517	0.29471	0.20414	0.01509	0.05888	0.01792	0.13811	0.01527	0.01702	0.01171	0.00697	0.00637	0.00192	0.00844	0.00567	0.05934	0.00983
15	0.00948	0.00644	0.00760	0.00806	0.00818	0.00632	0.00479	0.00983	0.01086	0.01449	0.02625	0.25133	0.03080	0.54492	0.02723	0.00551	0.00586	0.01271	0.00479	0.00456
16	0.08111	0.32867	0.23372	0.01521	0.02208	0.02069	0.05720	0.05697	0.06290	0.04441	0.01278	0.01415	0.00998	0.00652	0.00561	0.00189	0.00807	0.00486	0.00371	0.00947

[dist]
# distance from previous block
# <min> <max>
1	3

[block]
# block no. 8 follows, 31 sequences, length 9
# corresponding to MSA columns:
# 289-297
name=unknown_I
#
# <colnr> <probs for GDERKNQSTAVLIFYWHMCP>
#	G	D	E	R	K	N	Q	S	T	A	V	L	I	F	Y	W	H	M	C	P
0	0.02099	0.01345	0.01567	0.01247	0.01734	0.01313	0.01000	0.15519	0.16697	0.21199	0.05252	0.04887	0.01826	0.00848	0.00656	0.00190	0.00569	0.00694	0.00662	0.20695
1	0.00869	0.00646	0.00810	0.00873	0.00988	0.00587	0.00615	0.01061	0.01549	0.02069	0.24854	0.40407	0.18493	0.01836	0.00840	0.00250	0.00364	0.01630	0.00671	0.00587
2	0.02895	0.01126	0.01532	0.01188	0.01686	0.00976	0.00976	0.03164	0.01956	0.66389	0.08407	0.02560	0.02090	0.00893	0.00698	0.00212	0.00561	0.00734	0.00839	0.01121
3	0.02091	0.01957	0.01640	0.01417	0.01755	0.23698	0.01110	0.20075	0.10854	0.02715	0.01683	0.01825	0.01306	0.00822	0.00738	0.00197	0.06406	0.00585	0.18237	0.00890
4	0.01664	0.01596	0.02724	0.09325	0.66793	0.01618	0.02085	0.02074	0.01544	0.02199	0.01282	0.01703	0.01071	0.00615	0.00678	0.00205	0.00820	0.00609	0.00336	0.01060
5	0.02529	0.01994	0.02005	0.01576	0.02095	0.08022	0.01286	0.58837	0.08227	0.03981	0.01681	0.01678	0.01210	0.00820	0.00680	0.00205	0.00777	0.00613	0.00658	0.01126
6	0.00995	0.00663	0.00746	0.00746	0.00746	0.00663	0.00415	0.00995	0.00995	0.01327	0.02156	0.04477	0.02487	0.75957	0.03482	0.00663	0.00663	0.00995	0.00415	0.00415
7	0.01150	0.00784	0.00872	0.00826	0.00879	0.00804	0.00500	0.07588	0.01209	0.01614	0.02106	0.04204	0.02360	0.68716	0.03213	0.00619	0.00672	0.00958	0.00441	0.00487
8	0.01738	0.02031	0.03762	0.02736	0.03384	0.11105	0.60302	0.02262	0.01657	0.02124	0.01341	0.01765	0.01017	0.00594	0.00782	0.00224	0.01164	0.00759	0.00347	0.00906

[dist]
# distance from previous block
# <min> <max>
0	21

[block]
# block no. 9 follows, 31 sequences, length 25
# corresponding to MSA columns:
# 319-343
name=unknown_J
#
# <colnr> <probs for GDERKNQSTAVLIFYWHMCP>
#	G	D	E	R	K	N	Q	S	T	A	V	L	I	F	Y	W	H	M	C	P
0	0.02956	0.07179	0.01761	0.01225	0.01759	0.01176	0.01028	0.05316	0.01953	0.64402	0.02526	0.02209	0.01612	0.00825	0.00668	0.00206	0.00599	0.00660	0.00797	0.01141
1	0.01829	0.76368	0.03585	0.01171	0.01756	0.02707	0.01171	0.02049	0.01390	0.01610	0.00951	0.01097	0.00878	0.00585	0.00439	0.00146	0.00732	0.00366	0.00293	0.00878
2	0.01477	0.01405	0.02386	0.41967	0.35611	0.01569	0.01992	0.01910	0.01456	0.01973	0.01249	0.01764	0.00991	0.00650	0.00681	0.00217	0.00866	0.00609	0.00320	0.00909
3	0.00962	0.00704	0.00905	0.00868	0.01035	0.00647	0.00660	0.01271	0.01883	0.02626	0.61869	0.05385	0.12072	0.01455	0.00815	0.00222	0.00342	0.04905	0.00736	0.00639
4	0.01685	0.36860	0.34858	0.01566	0.02337	0.04237	0.01802	0.05855	0.01532	0.02015	0.01119	0.01290	0.00889	0.00631	0.00554	0.00183	0.00875	0.00446	0.00314	0.00952
5	0.01009	0.00737	0.00948	0.01031	0.01174	0.00714	0.00832	0.01242	0.01489	0.01931	0.09260	0.08739	0.16285	0.13293	0.03531	0.00368	0.00589	0.35644	0.00600	0.00586
6	0.00971	0.00722	0.00963	0.00991	0.01074	0.00775	0.00721	0.01127	0.01181	0.01608	0.02772	0.17308	0.08200	0.21445	0.28782	0.00682	0.04029	0.05631	0.00466	0.00556
7	0.01188	0.00594	0.00891	0.00891	0.00891	0.00594	0.00594	0.00891	0.00891	0.01188	0.01188	0.02080	0.01188	0.02377	0.02674	0.80095	0.00594	0.00594	0.00297	0.00297
8	0.02494	0.03159	0.01948	0.01764	0.02097	0.69097	0.01332	0.02669	0.01887	0.01673	0.01048	0.01249	0.00882	0.00733	0.00711	0.00183	0.05483	0.00450	0.00349	0.00791
9	0.04271	0.04886	0.02539	0.06124	0.24565	0.14178	0.14452	0.05278	0.04006	0.02238	0.01353	0.01664	0.01083	0.00648	0.00654	0.00196	0.00887	0.00596	0.04766	0.05614
10	0.01683	0.01578	0.02329	0.27160	0.30006	0.07896	0.04095	0.02063	0.01513	0.05863	0.01324	0.01747	0.01046	0.00701	0.00781	0.00216	0.05942	0.00605	0.02540	0.00913
11	0.76490	0.01314	0.01038	0.00917	0.01346	0.01505	0.00756	0.02084	0.01208	0.06891	0.01049	0.01179	0.00794	0.00647	0.00438	0.00212	0.00532	0.00388	0.00447	0.00764
12	0.02075	0.01786	0.01655	0.01453	0.01856	0.14922	0.01138	0.09097	0.41955	0.10590	0.02380	0.02364	0.01796	0.00898	0.00687	0.00220	0.00696	0.02754	0.00646	0.01031
13	0.29974	0.01790	0.03667	0.01270	0.01671	0.15195	0.01045	0.14786	0.01806	0.06697	0.05348	0.01663	0.01311	0.00782	0.00658	0.00205	0.04808	0.00533	0.05940	0.00850
14	0.01852	0.00872	0.01154	0.01007	0.01303	0.00781	0.00781	0.02116	0.01801	0.31659	0.25772	0.15395	0.03758	0.01242	0.00741	0.00220	0.00443	0.01076	0.07180	0.00847
15	0.00832	0.00600	0.00789	0.00940	0.00989	0.00557	0.00629	0.00954	0.01322	0.01751	0.03925	0.72138	0.07797	0.02123	0.00870	0.00276	0.00394	0.01920	0.00635	0.00557
16	0.00840	0.00611	0.00779	0.00909	0.00970	0.00565	0.00608	0.00959	0.01322	0.01735	0.04062	0.63031	0.12545	0.06347	0.01016	0.00294	0.00406	0.01829	0.00622	0.00550
17	0.00936	0.00674	0.00908	0.01059	0.01153	0.00646	0.00810	0.01133	0.01424	0.01867	0.03861	0.46187	0.07411	0.02027	0.00898	0.00290	0.00484	0.27015	0.00633	0.00585
18	0.01802	0.01458	0.01565	0.01369	0.01784	0.01637	0.01073	0.06515	0.59598	0.06725	0.02637	0.02433	0.01962	0.00894	0.00684	0.00222	0.00551	0.00740	0.00687	0.05663
19	0.02418	0.01886	0.01924	0.01518	0.02022	0.06150	0.01237	0.56023	0.08605	0.03892	0.02016	0.01986	0.05379	0.00877	0.00689	0.00207	0.00739	0.00668	0.00663	0.01100
20	0.01682	0.01368	0.01480	0.01333	0.01700	0.01551	0.01041	0.03352	0.59315	0.05997	0.08880	0.02914	0.02509	0.00993	0.00713	0.00232	0.00526	0.02671	0.00706	0.01035
21	0.01555	0.32631	0.44918	0.01639	0.02480	0.02036	0.01986	0.02119	0.01423	0.01944	0.01117	0.01306	0.00871	0.00624	0.00566	0.00189	0.00899	0.00450	0.00290	0.00958
22	0.00968	0.00705	0.00914	0.00877	0.01042	0.00651	0.00668	0.01281	0.01891	0.02646	0.63192	0.05366	0.10034	0.01450	0.00816	0.00223	0.00344	0.05552	0.00738	0.00641
23	0.01829	0.76368	0.03585	0.01171	0.01756	0.02707	0.01171	0.02049	0.01390	0.01610	0.00951	0.01097	0.00878	0.00585	0.00439	0.00146	0.00732	0.00366	0.00293	0.00878
24	0.01744	0.01634	0.02652	0.03743	0.59115	0.01664	0.03802	0.06146	0.08231	0.02414	0.01453	0.01777	0.01183	0.00651	0.00683	0.00207	0.00793	0.00631	0.00393	0.01084

[dist]
# distance from previous block
# <min> <max>
0	2

[block]
# block no. 10 follows, 31 sequences, length 15
# corresponding to MSA columns:
# 346-360
name=unknown_K
#
# <colnr> <probs for GDERKNQSTAVLIFYWHMCP>
#	G	D	E	R	K	N	Q	S	T	A	V	L	I	F	Y	W	H	M	C	P
0	0.17771	0.01312	0.01594	0.01253	0.01738	0.01299	0.03704	0.14382	0.02009	0.37939	0.08272	0.02203	0.01817	0.00840	0.00652	0.00212	0.00601	0.00668	0.00708	0.01026
1	0.02542	0.01887	0.02020	0.01562	0.02099	0.02094	0.01286	0.65082	0.07639	0.04216	0.01718	0.01702	0.01224	0.00828	0.00685	0.00207	0.00739	0.00626	0.00685	0.01158
2	0.00977	0.00733	0.01100	0.01100	0.01222	0.00855	0.00855	0.01222	0.01100	0.01588	0.01833	0.02688	0.01710	0.05131	0.73245	0.01100	0.01833	0.00733	0.00367	0.00611
3	0.00977	0.00733	0.01100	0.01100	0.01222	0.00855	0.00855	0.01222	0.01100	0.01588	0.01833	0.02688	0.01710	0.05131	0.73245	0.01100	0.01833	0.00733	0.00367	0.00611
4	0.80789	0.01323	0.01006	0.00900	0.01323	0.01535	0.00741	0.02011	0.01164	0.03070	0.00953	0.01111	0.00741	0.00635	0.00423	0.00212	0.00529	0.00370	0.00423	0.00741
5	0.01826	0.01893	0.02599	0.06861	0.56610	0.14102	0.01955	0.02194	0.01616	0.02116	0.01244	0.01619	0.01041	0.00629	0.00667	0.00200	0.00891	0.00580	0.00340	0.01019
6	0.01615	0.01845	0.04037	0.02884	0.03576	0.01730	0.69204	0.02191	0.01615	0.02191	0.01384	0.01845	0.01038	0.00577	0.00807	0.00231	0.01153	0.00807	0.00346	0.00923
7	0.21072	0.01329	0.01468	0.01210	0.01678	0.01384	0.00982	0.07155	0.20016	0.33265	0.02244	0.02058	0.01540	0.00817	0.00627	0.00217	0.00569	0.00631	0.00697	0.01042
8	0.00847	0.00606	0.00806	0.00944	0.00995	0.00565	0.00636	0.00986	0.01372	0.01845	0.10458	0.68542	0.04716	0.02070	0.00867	0.00272	0.00390	0.01875	0.00647	0.00565
9	0.01506	0.01520	0.02018	0.01745	0.01769	0.05134	0.01443	0.01664	0.01091	0.01644	0.00972	0.01570	0.00955	0.01456	0.07238	0.00351	0.66276	0.00601	0.00306	0.00741
10	0.01049	0.00750	0.00949	0.00931	0.00989	0.00814	0.00631	0.03225	0.01114	0.01534	0.02063	0.06783	0.02229	0.44901	0.25925	0.00762	0.03495	0.00926	0.00413	0.00519
11	0.00907	0.00675	0.00860	0.00972	0.01093	0.00628	0.00735	0.01102	0.01471	0.01903	0.07964	0.37836	0.19729	0.01943	0.00874	0.00274	0.00444	0.19365	0.00640	0.00585
12	0.09514	0.09829	0.01958	0.01391	0.01892	0.08957	0.01151	0.28003	0.09370	0.18527	0.01800	0.01741	0.01280	0.00784	0.00630	0.00201	0.00719	0.00582	0.00623	0.01050
13	0.01530	0.01370	0.01372	0.01257	0.01583	0.06475	0.00962	0.02814	0.44438	0.02566	0.10253	0.09510	0.07808	0.01115	0.00719	0.00225	0.00539	0.00940	0.00657	0.03866
14	0.01921	0.01904	0.02484	0.03351	0.48737	0.13119	0.01824	0.08935	0.06696	0.02395	0.01392	0.01676	0.01131	0.00668	0.00670	0.00201	0.00855	0.00595	0.00400	0.01045

[dist]
# distance from previous block
# <min> <max>
0	1

[block]
# block no. 11 follows, 31 sequences, length 32
# corresponding to MSA columns:
# 362-383,385-394
name=unknown_L
#
# <colnr> <probs for GDERKNQSTAVLIFYWHMCP>
#	G	D	E	R	K	N	Q	S	T	A	V	L	I	F	Y	W	H	M	C	P
0	0.01650	0.29777	0.30956	0.01824	0.02585	0.06089	0.14012	0.02160	0.01483	0.01940	0.01145	0.01378	0.00903	0.00616	0.00600	0.00191	0.00948	0.00505	0.00304	0.00934
1	0.01924	0.01583	0.01800	0.01497	0.01939	0.01769	0.04988	0.23401	0.42195	0.03233	0.04461	0.02423	0.03814	0.00912	0.00705	0.00223	0.00629	0.00760	0.00673	0.01071
2	0.02194	0.01047	0.01292	0.01080	0.01432	0.01001	0.00851	0.07799	0.05655	0.35257	0.02503	0.02976	0.01939	0.12914	0.01113	0.00281	0.00563	0.04497	0.14691	0.00916
3	0.08603	0.01179	0.01292	0.01248	0.01530	0.05184	0.01035	0.13598	0.01852	0.07523	0.03041	0.11047	0.07018	0.01460	0.00801	0.00263	0.00636	0.31296	0.00622	0.00772
4	0.00955	0.00694	0.00899	0.00858	0.01016	0.00638	0.00640	0.01261	0.01888	0.02654	0.65135	0.08808	0.09083	0.01451	0.00810	0.00219	0.00328	0.01282	0.00742	0.00638
5	0.01570	0.01326	0.01774	0.01471	0.01894	0.03672	0.10971	0.06002	0.15173	0.05418	0.06348	0.05067	0.02304	0.01033	0.00732	0.00217	0.00664	0.15272	0.00562	0.18531
6	0.00883	0.00634	0.00832	0.00959	0.01023	0.00591	0.00655	0.01012	0.01307	0.01751	0.03555	0.63340	0.04216	0.07532	0.01058	0.00303	0.00435	0.06040	0.00611	0.03262
7	0.12811	0.01914	0.01991	0.01959	0.14620	0.12006	0.01350	0.33252	0.02357	0.09041	0.01491	0.01580	0.01097	0.00744	0.00639	0.00202	0.00789	0.00563	0.00553	0.01040
8	0.08757	0.04840	0.02479	0.03342	0.51393	0.04879	0.01786	0.02281	0.06507	0.05238	0.01400	0.01684	0.01133	0.00648	0.00644	0.00203	0.00774	0.00586	0.00392	0.01035
9	0.01446	0.12919	0.60317	0.01950	0.05911	0.01736	0.02332	0.02148	0.01442	0.02097	0.01194	0.01411	0.00878	0.00640	0.00624	0.00207	0.00966	0.00492	0.00292	0.00997
10	0.80789	0.01323	0.01006	0.00900	0.01323	0.01535	0.00741	0.02011	0.01164	0.03070	0.00953	0.01111	0.00741	0.00635	0.00423	0.00212	0.00529	0.00370	0.00423	0.00741
11	0.01479	0.01240	0.01438	0.01051	0.01630	0.00984	0.00838	0.06560	0.01543	0.02358	0.01356	0.04604	0.01174	0.00599	0.00535	0.00116	0.00520	0.00486	0.00435	0.71052
12	0.00839	0.00687	0.00740	0.00741	0.00946	0.00588	0.00550	0.01035	0.01608	0.02000	0.18126	0.11282	0.55077	0.01703	0.00813	0.00232	0.00346	0.01443	0.00656	0.00588
