[name]
unknown

[dist]
# distance from previous block
# <min> <max>
0	35

[block]
# block no. 0 follows, 34 sequences, length 18
# corresponding to MSA columns:
# 264-281
name=unknown_A
#
# <colnr> <probs for GDERKNQSTAVLIFYWHMCP>
#	G	D	E	R	K	N	Q	S	T	A	V	L	I	F	Y	W	H	M	C	P
0	0.01143	0.00859	0.01116	0.01212	0.01400	0.00899	0.01038	0.01714	0.14146	0.02072	0.03279	0.06414	0.03406	0.01622	0.00850	0.00283	0.00580	0.56689	0.00606	0.00672
1	0.02326	0.15412	0.02198	0.01418	0.01942	0.02103	0.01206	0.58706	0.02729	0.03615	0.01434	0.01459	0.01050	0.00736	0.00605	0.00184	0.00707	0.00539	0.00580	0.01050
2	0.01601	0.01485	0.01972	0.01659	0.01751	0.01984	0.01380	0.14024	0.01357	0.02006	0.00974	0.01438	0.00893	0.01067	0.01856	0.00267	0.62592	0.00568	0.00348	0.00777
3	0.01388	0.01495	0.03116	0.08935	0.03041	0.01433	0.52106	0.01880	0.01559	0.02126	0.14132	0.02294	0.01887	0.00693	0.00752	0.00215	0.00928	0.00818	0.00392	0.00811
4	0.01460	0.01240	0.01334	0.01240	0.01547	0.01413	0.00947	0.02979	0.59391	0.02514	0.02797	0.15760	0.02385	0.01082	0.00687	0.00227	0.00487	0.00929	0.00647	0.00933
5	0.67350	0.01138	0.00906	0.00824	0.01152	0.01302	0.00644	0.01727	0.01071	0.02604	0.01103	0.01620	0.00995	0.14349	0.00918	0.00276	0.00523	0.00456	0.00398	0.00644
6	0.00764	0.00655	0.00655	0.00655	0.00873	0.00545	0.00491	0.00927	0.01473	0.01745	0.06546	0.06218	0.73000	0.01636	0.00764	0.00218	0.00327	0.01364	0.00600	0.00545
7	0.01394	0.01336	0.02330	0.16277	0.31935	0.01372	0.13632	0.01872	0.05008	0.02134	0.14144	0.02266	0.01943	0.00732	0.00685	0.00204	0.00745	0.00722	0.00402	0.00867
8	0.05507	0.01062	0.01393	0.01082	0.01550	0.00933	0.00889	0.02896	0.01758	0.61930	0.02395	0.02143	0.01547	0.00776	0.00616	0.00191	0.00523	0.00624	0.07957	0.04228
9	0.02414	0.03079	0.01831	0.01665	0.01998	0.74698	0.01248	0.02580	0.01831	0.01581	0.00999	0.01165	0.00832	0.00666	0.00583	0.00166	0.01165	0.00416	0.00333	0.00749
10	0.01764	0.28180	0.28200	0.01612	0.05063	0.04773	0.05107	0.05582	0.01520	0.10670	0.01262	0.01384	0.00948	0.00621	0.00559	0.00179	0.00811	0.00474	0.00364	0.00927
11	0.02029	0.02015	0.26941	0.01909	0.11056	0.01312	0.08908	0.04294	0.01632	0.30783	0.01748	0.01772	0.01181	0.00681	0.00648	0.00202	0.00777	0.00591	0.00505	0.01016
12	0.00864	0.00620	0.00805	0.00927	0.00986	0.00593	0.00629	0.04144	0.01320	0.01761	0.03468	0.73390	0.04127	0.01967	0.00816	0.00259	0.00390	0.01779	0.00602	0.00551
13	0.01546	0.01312	0.02149	0.06384	0.50066	0.01313	0.01628	0.01915	0.03420	0.07710	0.01760	0.14591	0.01646	0.00854	0.00673	0.00206	0.00680	0.00802	0.00414	0.00930
14	0.01642	0.01549	0.02588	0.03841	0.69673	0.01559	0.01945	0.05464	0.01550	0.02210	0.01232	0.01597	0.01027	0.00586	0.00640	0.00192	0.00765	0.00576	0.00336	0.01027
15	0.00888	0.00632	0.00800	0.00836	0.00905	0.00625	0.00571	0.01019	0.01220	0.01652	0.13583	0.22642	0.07695	0.28307	0.12598	0.00493	0.00657	0.03868	0.00507	0.00504
16	0.00926	0.00624	0.00705	0.00712	0.00722	0.00618	0.00405	0.00937	0.00974	0.01291	0.02280	0.07828	0.05103	0.70791	0.03074	0.00593	0.00603	0.00999	0.00409	0.00404
17	0.25979	0.01216	0.01353	0.01084	0.01539	0.01227	0.00891	0.10788	0.03761	0.39738	0.01930	0.01798	0.01288	0.00738	0.00568	0.00198	0.00543	0.00554	0.03844	0.00960

[dist]
# distance from previous block
# <min> <max>
0	1

[block]
# block no. 1 follows, 34 sequences, length 39
# corresponding to MSA columns:
# 283-321
name=unknown_B
#
# <colnr> <probs for GDERKNQSTAVLIFYWHMCP>
#	G	D	E	R	K	N	Q	S	T	A	V	L	I	F	Y	W	H	M	C	P
0	0.01622	0.01610	0.02639	0.03702	0.63046	0.04684	0.06271	0.01997	0.01471	0.02064	0.01198	0.01583	0.01006	0.00599	0.00702	0.00196	0.03721	0.00580	0.00319	0.00990
1	0.01476	0.00746	0.00797	0.00727	0.00941	0.00745	0.00563	0.07005	0.01535	0.09915	0.02111	0.02322	0.01608	0.00759	0.00487	0.00159	0.00358	0.00606	0.66449	0.00692
2	0.01404	0.01345	0.02234	0.36410	0.33429	0.01542	0.01830	0.01781	0.01333	0.01835	0.01141	0.01633	0.00929	0.00673	0.00818	0.00213	0.09727	0.00574	0.00301	0.00847
3	0.06982	0.45825	0.06408	0.01267	0.01784	0.13895	0.01179	0.09611	0.04312	0.01968	0.01066	0.01184	0.00894	0.00614	0.00485	0.00159	0.00764	0.00404	0.00348	0.00851
4	0.72707	0.04562	0.01125	0.00907	0.01321	0.01537	0.00755	0.06886	0.01248	0.02924	0.00947	0.01085	0.00734	0.00610	0.00418	0.00197	0.00523	0.00366	0.00412	0.00734
5	0.01665	0.01668	0.02531	0.03687	0.64583	0.08044	0.01899	0.02022	0.01487	0.02046	0.01184	0.01555	0.01001	0.00602	0.00683	0.00193	0.03280	0.00561	0.00320	0.00989
6	0.00993	0.00815	0.00885	0.00869	0.01081	0.00804	0.00650	0.01541	0.17650	0.02011	0.10940	0.12988	0.36817	0.05557	0.00886	0.00247	0.00398	0.03607	0.00612	0.00652
7	0.01220	0.01148	0.01938	0.75739	0.04450	0.01436	0.01794	0.01651	0.01292	0.01651	0.01148	0.01723	0.00861	0.00646	0.00646	0.00215	0.00861	0.00574	0.00287	0.00718
8	0.01019	0.00677	0.00875	0.00843	0.01001	0.00622	0.00628	0.01273	0.01682	0.06813	0.49700	0.13750	0.09970	0.04666	0.00876	0.00233	0.00355	0.03724	0.00677	0.00616
9	0.00823	0.00612	0.00714	0.00769	0.00862	0.00560	0.00515	0.00934	0.01272	0.01633	0.07647	0.32992	0.26103	0.19927	0.01393	0.00333	0.00416	0.01435	0.00555	0.00504
10	0.01599	0.01535	0.02623	0.03966	0.73262	0.01535	0.01983	0.01983	0.01471	0.02111	0.01215	0.01599	0.01023	0.00576	0.00640	0.00192	0.00768	0.00576	0.00320	0.01023
11	0.00868	0.00659	0.00799	0.00764	0.00937	0.00590	0.00573	0.01129	0.01719	0.02330	0.52440	0.05256	0.26741	0.01418	0.00763	0.00208	0.00312	0.01229	0.00677	0.00590
12	0.02264	0.01621	0.01747	0.01368	0.01840	0.01772	0.01121	0.55752	0.07380	0.07375	0.02010	0.01970	0.05691	0.00836	0.00646	0.00196	0.00648	0.00645	0.04080	0.01038
13	0.00764	0.00655	0.00655	0.00655	0.00873	0.00545	0.00491	0.00927	0.01473	0.01745	0.06546	0.06218	0.73000	0.01636	0.00764	0.00218	0.00327	0.01364	0.00600	0.00545
14	0.01413	0.09570	0.56375	0.01853	0.06260	0.01548	0.04311	0.02055	0.01406	0.05089	0.03486	0.01505	0.01036	0.00635	0.00609	0.00198	0.00888	0.00509	0.00314	0.00940
15	0.02308	0.03104	0.08656	0.01681	0.02073	0.67770	0.01356	0.02530	0.01787	0.01625	0.01014	0.01184	0.00831	0.00661	0.00586	0.00170	0.01145	0.00422	0.00327	0.00769
16	0.06369	0.03210	0.69347	0.01779	0.02699	0.01497	0.02281	0.02037	0.01348	0.02100	0.01143	0.01344	0.00811	0.00613	0.00600	0.00204	0.00926	0.00469	0.00281	0.00939
17	0.01438	0.02608	0.43690	0.02077	0.02878	0.01519	0.25414	0.04324	0.01501	0.03887	0.03631	0.01633	0.01076	0.00624	0.00671	0.00209	0.00961	0.00604	0.00331	0.00924
18	0.00787	0.00562	0.00750	0.00900	0.00937	0.00525	0.00600	0.00900	0.01237	0.01649	0.03561	0.76871	0.04274	0.02024	0.00825	0.00262	0.00375	0.01837	0.00600	0.00525
19	0.01589	0.01196	0.01297	0.03080	0.03852	0.05644	0.00904	0.08996	0.19178	0.11361	0.17262	0.03346	0.15177	0.01050	0.00684	0.00205	0.00513	0.00875	0.02956	0.00834
20	0.00982	0.00689	0.00870	0.00898	0.01057	0.00612	0.00644	0.01161	0.01309	0.03290	0.04986	0.49329	0.03418	0.01577	0.00727	0.00222	0.00398	0.04977	0.08539	0.14315
21	0.04401	0.05402	0.04214	0.01259	0.01741	0.04211	0.01067	0.20975	0.05871	0.35424	0.07102	0.02068	0.01689	0.00805	0.00635	0.00195	0.00617	0.00635	0.00671	0.01017
22	0.06025	0.13425	0.04525	0.01748	0.12721	0.05450	0.04224	0.17364	0.06697	0.17349	0.01607	0.01689	0.01189	0.02380	0.00658	0.00198	0.00705	0.00561	0.00512	0.00973
23	0.01599	0.05882	0.02099	0.01738	0.06343	0.01762	0.08679	0.13367	0.10552	0.02187	0.01385	0.01812	0.01186	0.05434	0.05482	0.00301	0.28328	0.00626	0.00407	0.00832
24	0.01774	0.03200	0.01879	0.02089	0.24980	0.01323	0.02951	0.14078	0.01800	0.13593	0.11853	0.03871	0.01996	0.03219	0.03719	0.00243	0.02456	0.00715	0.03349	0.00912
25	0.04284	0.13200	0.25420	0.02279	0.24382	0.05459	0.01778	0.07371	0.01544	0.03618	0.01180	0.01400	0.00924	0.00606	0.00582	0.00184	0.00808	0.00489	0.00339	0.04152
26	0.01391	0.00930	0.01138	0.00971	0.01281	0.00871	0.00755	0.01944	0.13676	0.12838	0.38691	0.03448	0.03878	0.01028	0.00680	0.00187	0.00405	0.00887	0.00660	0.14341
27	0.01641	0.01493	0.02208	0.03068	0.50485	0.05999	0.01634	0.05861	0.01646	0.05149	0.11062	0.02130	0.03310	0.00726	0.00656	0.00193	0.00708	0.00666	0.00418	0.00947
28	0.32236	0.01515	0.01663	0.03747	0.18498	0.09015	0.01224	0.04641	0.01323	0.02301	0.01059	0.01375	0.00888	0.00950	0.05289	0.00259	0.12385	0.00479	0.00360	0.00791
29	0.04534	0.21457	0.02308	0.01850	0.16292	0.08829	0.01290	0.15770	0.16958	0.02442	0.01472	0.01559	0.01163	0.00683	0.00573	0.00182	0.00710	0.00528	0.00449	0.00951
30	0.01115	0.00564	0.00836	0.00836	0.00836	0.00564	0.00554	0.00846	0.00846	0.01128	0.01159	0.02054	0.01171	0.05235	0.02556	0.77991	0.00564	0.00576	0.00285	0.00285
31	0.01413	0.12528	0.47037	0.02042	0.08366	0.01671	0.12195	0.02018	0.01380	0.01975	0.01144	0.01397	0.00861	0.00606	0.00649	0.00199	0.02797	0.00512	0.00285	0.00926
32	0.01566	0.21896	0.09027	0.09422	0.16314	0.03211	0.11963	0.06319	0.01492	0.01959	0.01467	0.01732	0.05456	0.00686	0.00683	0.00191	0.04832	0.00580	0.00339	0.00865
33	0.01727	0.77681	0.03386	0.01106	0.01658	0.02557	0.01106	0.01935	0.01313	0.01520	0.00898	0.01036	0.00829	0.00553	0.00415	0.00138	0.00691	0.00345	0.00276	0.00829
34	0.00931	0.00661	0.00881	0.00881	0.00942	0.00722	0.00612	0.01053	0.00992	0.01384	0.01874	0.03334	0.01961	0.38949	0.41101	0.00844	0.01211	0.00809	0.00367	0.00490
35	0.01704	0.57751	0.13485	0.04011	0.01956	0.06748	0.01329	0.03552	0.01390	0.01663	0.00967	0.01129	0.00835	0.00577	0.00468	0.00154	0.00765	0.00383	0.00288	0.00845
36	0.01746	0.01462	0.02208	0.10984	0.45141	0.04141	0.01664	0.06484	0.03397	0.09272	0.01445	0.01725	0.01124	0.00640	0.00628	0.00193	0.00731	0.00583	0.05467	0.00966
37	0.01204	0.00977	0.01099	0.01104	0.01260	0.05661	0.00844	0.06255	0.08356	0.01986	0.02625	0.28856	0.02754	0.02018	0.12631	0.00368	0.03940	0.10578	0.06825	0.00660
38	0.00846	0.00660	0.00770	0.00762	0.00943	0.00585	0.00579	0.01077	0.01619	0.02114	0.34498	0.07518	0.38412	0.01522	0.00773	0.00218	0.00336	0.05547	0.00647	0.00575

[dist]
# distance from previous block
# <min> <max>
0	1

[block]
# block no. 2 follows, 34 sequences, length 20
# corresponding to MSA columns:
# 323-342
name=unknown_C
#
# <colnr> <probs for GDERKNQSTAVLIFYWHMCP>
#	G	D	E	R	K	N	Q	S	T	A	V	L	I	F	Y	W	H	M	C	P
0	0.05491	0.01491	0.07772	0.08450	0.22240	0.01397	0.03962	0.06326	0.09239	0.04708	0.03467	0.04823	0.03910	0.00771	0.00712	0.00199	0.04749	0.00655	0.00427	0.09214
1	0.01544	0.01564	0.09457	0.01728	0.14706	0.01237	0.03646	0.11473	0.01610	0.02374	0.01224	0.01433	0.00975	0.00554	0.00555	0.00143	0.00635	0.00469	0.00395	0.44279
2	0.00841	0.00611	0.00793	0.00910	0.00980	0.00581	0.00635	0.01023	0.03137	0.01746	0.07700	0.58981	0.07459	0.04658	0.00909	0.00272	0.00399	0.07220	0.00600	0.00545
3	0.00791	0.00641	0.00694	0.00709	0.00887	0.00553	0.00517	0.00958	0.01463	0.01814	0.13748	0.15917	0.53068	0.04260	0.00859	0.00237	0.00342	0.01393	0.00606	0.00545
4	0.01259	0.02568	0.50109	0.01650	0.02385	0.01320	0.06396	0.04310	0.01519	0.02204	0.14511	0.03845	0.03515	0.00800	0.00660	0.00206	0.00809	0.00677	0.00385	0.00872
5	0.01465	0.08294	0.51216	0.01761	0.04668	0.10020	0.01999	0.02136	0.05261	0.02017	0.04395	0.01536	0.01124	0.00660	0.00606	0.00196	0.00902	0.00508	0.00322	0.00913
6	0.02041	0.35641	0.05908	0.01383	0.01877	0.23827	0.01228	0.14897	0.04030	0.02070	0.01115	0.01228	0.00915	0.00641	0.00524	0.00163	0.00842	0.00428	0.00373	0.00867
7	0.01287	0.01395	0.05171	0.01934	0.02380	0.01285	0.38523	0.01750	0.03430	0.02140	0.18556	0.06570	0.06610	0.00910	0.00831	0.00220	0.04857	0.00927	0.00452	0.00771
8	0.01340	0.01148	0.01340	0.00957	0.01531	0.00861	0.00766	0.01627	0.01340	0.02105	0.01148	0.01340	0.00957	0.00479	0.00479	0.00096	0.00479	0.00383	0.00383	0.81242
9	0.01703	0.00925	0.01017	0.00881	0.01160	0.00946	0.00694	0.12061	0.07446	0.14609	0.02143	0.02249	0.01591	0.00774	0.00530	0.00171	0.00419	0.00618	0.49271	0.00792
10	0.00923	0.00692	0.01038	0.01038	0.01154	0.00808	0.00808	0.01154	0.01038	0.01500	0.01731	0.02538	0.01615	0.04846	0.74732	0.01038	0.01731	0.00692	0.00346	0.00577
11	0.00778	0.00646	0.00681	0.00692	0.00887	0.00549	0.00512	0.00948	0.01478	0.01805	0.11652	0.13249	0.60599	0.01650	0.00770	0.00221	0.00330	0.01396	0.00609	0.00549
12	0.00820	0.00588	0.00771	0.00905	0.00960	0.00553	0.00626	0.00947	0.01255	0.01659	0.03599	0.62389	0.07359	0.06419	0.00974	0.00285	0.00409	0.08369	0.00587	0.00525
13	0.00975	0.00672	0.00941	0.00941	0.01056	0.00760	0.00720	0.01205	0.01090	0.01650	0.01816	0.02611	0.01664	0.08221	0.57308	0.00855	0.01411	0.00690	0.14844	0.00571
14	0.01220	0.01148	0.01938	0.75739	0.04450	0.01436	0.01794	0.01651	0.01292	0.01651	0.01148	0.01723	0.00861	0.00646	0.00646	0.00215	0.00861	0.00574	0.00287	0.00718
15	0.00822	0.00585	0.00731	0.00833	0.00876	0.00551	0.00541	0.00912	0.01185	0.01562	0.03437	0.53606	0.09409	0.20134	0.01414	0.00347	0.00432	0.01582	0.00550	0.00494
16	0.01727	0.77681	0.03386	0.01106	0.01658	0.02557	0.01106	0.01935	0.01313	0.01520	0.00898	0.01036	0.00829	0.00553	0.00415	0.00138	0.00691	0.00345	0.00276	0.00829
17	0.08466	0.05217	0.05959	0.01432	0.04944	0.04148	0.01162	0.26706	0.16084	0.07624	0.06303	0.01939	0.01580	0.00991	0.04370	0.00240	0.00701	0.00617	0.00563	0.00957
18	0.01860	0.01692	0.02655	0.06655	0.62805	0.01674	0.01982	0.02240	0.06150	0.02382	0.01591	0.02049	0.01351	0.00795	0.00763	0.00248	0.00843	0.00676	0.00442	0.01146
19	0.02326	0.04929	0.01888	0.01574	0.01975	0.27610	0.01208	0.24775	0.08962	0.02793	0.02427	0.02545	0.11710	0.01050	0.00755	0.00241	0.00887	0.00732	0.00603	0.01010

[dist]
# distance from previous block
# <min> <max>
1	48

[block]
# block no. 3 follows, 34 sequences, length 55
# corresponding to MSA columns:
# 391-438,453-459
name=unknown_D
#
# <colnr> <probs for GDERKNQSTAVLIFYWHMCP>
#	G	D	E	R	K	N	Q	S	T	A	V	L	I	F	Y	W	H	M	C	P
0	0.14428	0.01606	0.04715	0.01261	0.01634	0.10146	0.01029	0.25056	0.09419	0.02831	0.05896	0.15361	0.01944	0.00996	0.00639	0.00208	0.00638	0.00798	0.00550	0.00848
1	0.69813	0.01316	0.04662	0.00932	0.01346	0.01388	0.00816	0.01907	0.01163	0.04986	0.01136	0.01528	0.00940	0.00688	0.00452	0.00207	0.00531	0.05051	0.00419	0.00718
2	0.00983	0.00776	0.01139	0.01100	0.01218	0.00923	0.00865	0.01207	0.01043	0.01524	0.01627	0.02393	0.01521	0.04352	0.65418	0.00936	0.08916	0.00671	0.00341	0.03047
3	0.04231	0.21059	0.22323	0.06492	0.02198	0.05405	0.01486	0.10595	0.01638	0.14198	0.01377	0.01487	0.01012	0.00785	0.02867	0.00210	0.00806	0.00493	0.00418	0.00920
4	0.01109	0.00570	0.00855	0.00855	0.00863	0.00578	0.00578	0.00863	0.00855	0.01148	0.01164	0.02003	0.01156	0.02422	0.07459	0.75723	0.00641	0.00570	0.00285	0.00301
5	0.00893	0.00606	0.00816	0.00950	0.01019	0.00570	0.00675	0.01037	0.01293	0.04043	0.03508	0.64358	0.04106	0.01950	0.00829	0.00265	0.00412	0.11510	0.00606	0.00554
6	0.00825	0.00578	0.00739	0.00852	0.00880	0.00550	0.00548	0.00910	0.01164	0.01551	0.03185	0.58933	0.03798	0.20610	0.01433	0.00352	0.00437	0.01615	0.00548	0.00492
7	0.00785	0.00632	0.00703	0.00748	0.00910	0.00549	0.00545	0.00945	0.01420	0.01757	0.08172	0.26203	0.48627	0.01739	0.00785	0.00233	0.00349	0.03751	0.00604	0.00544
8	0.02385	0.01756	0.01894	0.01472	0.01970	0.01940	0.01219	0.67581	0.02960	0.03964	0.01646	0.01841	0.01231	0.00827	0.00659	0.00199	0.00705	0.04035	0.00644	0.01073
9	0.01122	0.00561	0.00842	0.00842	0.00842	0.00561	0.00561	0.00842	0.00842	0.01122	0.01122	0.01964	0.01122	0.02245	0.02525	0.81201	0.00561	0.00561	0.00281	0.00281
10	0.01943	0.01444	0.01590	0.01279	0.01678	0.01570	0.01033	0.45396	0.08430	0.03533	0.22154	0.02564	0.02608	0.00941	0.00681	0.00199	0.00578	0.00763	0.00666	0.00952
11	0.01340	0.01148	0.01340	0.00957	0.01531	0.00861	0.00766	0.01627	0.01340	0.02105	0.01148	0.01340	0.00957	0.00479	0.00479	0.00096	0.00479	0.00383	0.00383	0.81242
12	0.01669	0.67626	0.12930	0.01205	0.01812	0.02414	0.01279	0.01950	0.01320	0.01591	0.00934	0.01081	0.00828	0.00561	0.00442	0.00147	0.00727	0.00363	0.00276	0.00846
13	0.01814	0.16458	0.01887	0.01263	0.01685	0.05151	0.01043	0.16906	0.31764	0.05011	0.03922	0.02215	0.06453	0.00842	0.00613	0.00194	0.00602	0.00660	0.00567	0.00948
14	0.02789	0.01276	0.01609	0.01233	0.01737	0.01211	0.01019	0.20004	0.02144	0.56438	0.02302	0.02039	0.01475	0.00794	0.00649	0.00198	0.00590	0.00633	0.00762	0.01099
15	0.01692	0.01346	0.01499	0.01171	0.01666	0.01303	0.00937	0.18602	0.18513	0.04416	0.01692	0.03652	0.01334	0.00692	0.00574	0.00155	0.00541	0.00557	0.00526	0.39132
16	0.00953	0.00742	0.00876	0.00828	0.01022	0.00706	0.00625	0.01394	0.09729	0.02380	0.47362	0.04920	0.23328	0.01354	0.00751	0.00209	0.00334	0.01170	0.00676	0.00640
17	0.01220	0.01148	0.01938	0.75739	0.04450	0.01436	0.01794	0.01651	0.01292	0.01651	0.01148	0.01723	0.00861	0.00646	0.00646	0.00215	0.00861	0.00574	0.00287	0.00718
18	0.01469	0.01645	0.03510	0.02546	0.03124	0.01576	0.62555	0.01963	0.01478	0.02015	0.01438	0.06860	0.01199	0.00676	0.00836	0.00224	0.04877	0.00826	0.00343	0.00839
19	0.01599	0.01535	0.02623	0.03966	0.73262	0.01535	0.01983	0.01983	0.01471	0.02111	0.01215	0.01599	0.01023	0.00576	0.00640	0.00192	0.00768	0.00576	0.00320	0.01023
20	0.01041	0.00744	0.01041	0.01190	0.01339	0.00744	0.01041	0.01339	0.01487	0.01934	0.03421	0.07288	0.03719	0.01785	0.00892	0.00297	0.00595	0.68913	0.00595	0.00595
21	0.00802	0.00586	0.00755	0.00860	0.00934	0.00539	0.00589	0.00947	0.01346	0.01792	0.13561	0.58798	0.12347	0.01882	0.00809	0.00249	0.00360	0.01690	0.00615	0.00539
22	0.00923	0.00692	0.01038	0.01038	0.01154	0.00808	0.00808	0.01154	0.01038	0.01500	0.01731	0.02538	0.01615	0.04846	0.74732	0.01038	0.01731	0.00692	0.00346	0.00577
23	0.02899	0.01100	0.01499	0.01150	0.01649	0.00950	0.00950	0.03149	0.01849	0.73709	0.02549	0.02199	0.01599	0.00800	0.00650	0.00200	0.00550	0.00650	0.00800	0.01100
24	0.02456	0.01810	0.01939	0.01487	0.02004	0.02004	0.01228	0.71107	0.03038	0.04072	0.01551	0.01551	0.01099	0.00776	0.00646	0.00194	0.00711	0.00582	0.00646	0.01099
25	0.01607	0.01388	0.01461	0.01315	0.01680	0.01607	0.01023	0.03433	0.72094	0.02703	0.02630	0.02411	0.01972	0.00877	0.00657	0.00219	0.00511	0.00731	0.00657	0.01023
26	0.01599	0.01535	0.02623	0.03966	0.73262	0.01535	0.01983	0.01983	0.01471	0.02111	0.01215	0.01599	0.01023	0.00576	0.00640	0.00192	0.00768	0.00576	0.00320	0.01023
27	0.02659	0.01038	0.01414	0.01121	0.01568	0.00901	0.00910	0.02893	0.01780	0.65511	0.02664	0.10695	0.01904	0.00939	0.00670	0.00207	0.00530	0.00785	0.00777	0.01034
28	0.01607	0.01388	0.01461	0.01315	0.01680	0.01607	0.01023	0.03433	0.72094	0.02703	0.02630	0.02411	0.01972	0.00877	0.00657	0.00219	0.00511	0.00731	0.00657	0.01023
29	0.00787	0.00562	0.00750	0.00900	0.00937	0.00525	0.00600	0.00900	0.01237	0.01649	0.03561	0.76871	0.04274	0.02024	0.00825	0.00262	0.00375	0.01837	0.00600	0.00525
30	0.01573	0.01509	0.02576	0.08878	0.68552	0.01528	0.01970	0.01960	0.01459	0.02079	0.01211	0.01608	0.01012	0.00581	0.00640	0.00194	0.00774	0.00576	0.00318	0.01003
31	0.01529	0.01719	0.03372	0.02467	0.03046	0.05591	0.58616	0.02093	0.05307	0.02049	0.01512	0.06775	0.01246	0.00668	0.00751	0.00218	0.01015	0.00814	0.00363	0.00850
32	0.01322	0.03160	0.65965	0.01942	0.02863	0.01516	0.10184	0.02049	0.01382	0.02049	0.01176	0.01407	0.00837	0.00606	0.00631	0.00206	0.00970	0.00510	0.00279	0.00945
33	0.00940	0.00626	0.00705	0.00705	0.00705	0.00626	0.00392	0.00940	0.00940	0.01253	0.02036	0.04228	0.02349	0.77292	0.03289	0.00626	0.00626	0.00940	0.00392	0.00392
34	0.81856	0.01250	0.00950	0.00850	0.01250	0.01449	0.00700	0.01899	0.01100	0.02899	0.00900	0.01050	0.00700	0.00600	0.00400	0.00200	0.00500	0.00350	0.00400	0.00700
35	0.10256	0.01641	0.01712	0.01376	0.01841	0.01842	0.01120	0.46056	0.21266	0.03588	0.01773	0.01730	0.01292	0.00785	0.00624	0.00201	0.00636	0.00598	0.00624	0.01038
36	0.24581	0.01410	0.01469	0.01173	0.01641	0.05066	0.00962	0.18950	0.01924	0.33927	0.01778	0.01675	0.01193	0.00732	0.00577	0.00197	0.00605	0.00539	0.00629	0.00971
37	0.01619	0.01528	0.02496	0.01921	0.02292	0.04061	0.28362	0.11533	0.01565	0.04029	0.01337	0.01737	0.01074	0.01110	0.07212	0.00292	0.20304	0.00655	0.06053	0.00819
38	0.00780	0.00650	0.00674	0.00678	0.00878	0.00551	0.00501	0.00946	0.01473	0.01786	0.10829	0.09282	0.63480	0.03587	0.00832	0.00230	0.00336	0.01361	0.00602	0.00545
39	0.01712	0.01502	0.02415	0.03293	0.53866	0.01523	0.04435	0.04300	0.11097	0.07147	0.01511	0.01754	0.01192	0.00636	0.00648	0.00197	0.00729	0.00609	0.00408	0.01025
40	0.01375	0.17726	0.55222	0.06755	0.02687	0.01703	0.02096	0.01997	0.01349	0.01916	0.01108	0.01325	0.00824	0.00604	0.00577	0.00192	0.00897	0.00458	0.00275	0.00914
41	0.01296	0.03342	0.73944	0.01842	0.02797	0.01501	0.02387	0.02046	0.01364	0.02046	0.01160	0.01364	0.00818	0.00614	0.00614	0.00205	0.00955	0.00477	0.00273	0.00955
42	0.00988	0.00657	0.00852	0.00904	0.01025	0.00624	0.00660	0.01154	0.01334	0.06639	0.08142	0.35574	0.14254	0.07630	0.09394	0.00366	0.00569	0.08080	0.00576	0.00576
43	0.01449	0.01482	0.01907	0.01654	0.01678	0.06773	0.01361	0.01590	0.01058	0.01562	0.00995	0.05211	0.01020	0.01145	0.01952	0.00274	0.67266	0.00620	0.00302	0.00700
44	0.25558	0.01127	0.01313	0.01046	0.01507	0.01083	0.00862	0.02738	0.01618	0.51123	0.02061	0.01875	0.01342	0.00741	0.00572	0.00198	0.00528	0.00562	0.03176	0.00969
45	0.01665	0.01417	0.01494	0.01327	0.01702	0.01634	0.01037	0.08065	0.67368	0.02797	0.02556	0.02352	0.01913	0.00870	0.00657	0.00217	0.00525	0.00720	0.00657	0.01028
46	0.01563	0.01164	0.01300	0.01133	0.01456	0.01248	0.00887	0.13906	0.29352	0.07659	0.21680	0.04816	0.08948	0.01062	0.00696	0.00210	0.00474	0.00895	0.00674	0.00879
47	0.01189	0.00989	0.01433	0.01678	0.17780	0.00905	0.03118	0.01466	0.02995	0.03670	0.02620	0.30493	0.07711	0.01230	0.00697	0.00205	0.00519	0.03207	0.00488	0.17608
48	0.01647	0.43479	0.28394	0.01412	0.02099	0.04385	0.01576	0.06894	0.01469	0.01890	0.01041	0.01194	0.00845	0.00594	0.00507	0.00167	0.00801	0.00411	0.00303	0.00891
49	0.01430	0.26355	0.52102	0.01614	0.02444	0.01827	0.01991	0.02012	0.01348	0.01883	0.01079	0.01263	0.00822	0.00595	0.00552	0.00184	0.00873	0.00437	0.00274	0.00916
50	0.01055	0.00804	0.00911	0.00891	0.01112	0.00782	0.00690	0.01559	0.14172	0.04444	0.16322	0.09727	0.32349	0.01437	0.00751	0.00225	0.00396	0.08889	0.02817	0.00666
51	0.01789	0.06711	0.01672	0.01324	0.01725	0.03456	0.01059	0.16430	0.50281	0.02854	0.02249	0.02120	0.01689	0.00827	0.00631	0.00206	0.00572	0.00664	0.02734	0.01007
52	0.01055	0.00715	0.00893	0.00946	0.01045	0.00701	0.00657	0.07598	0.01396	0.04627	0.03116	0.54611	0.03586	0.12350	0.01147	0.00305	0.00455	0.03628	0.00583	0.00585
53	0.01785	0.10061	0.28695	0.01963	0.11743	0.04926	0.07550	0.09920	0.01652	0.11706	0.01387	0.01544	0.01015	0.00740	0.02341	0.00213	0.00861	0.00538	0.00400	0.00961
54	0.73225	0.01231	0.00968	0.00861	0.01253	0.01409	0.00706	0.04518	0.01200	0.02866	0.01311	0.01423	0.05663	0.00678	0.00434	0.00201	0.00496	0.00428	0.00423	0.00705

[dist]
# distance from previous block
# <min> <max>
1	7

[block]
# block no. 4 follows, 34 sequences, length 16
# corresponding to MSA columns:
# 467-482
name=unknown_E
#
# <colnr> <probs for GDERKNQSTAVLIFYWHMCP>
#	G	D	E	R	K	N	Q	S	T	A	V	L	I	F	Y	W	H	M	C	P
0	0.01519	0.14927	0.08257	0.04798	0.10561	0.03919	0.01178	0.01851	0.03346	0.10595	0.10528	0.03038	0.04018	0.09799	0.00953	0.00250	0.00652	0.08561	0.00469	0.00783
1	0.05061	0.06622	0.06270	0.01748	0.09913	0.07000	0.09278	0.10931	0.03561	0.23862	0.01784	0.03871	0.01343	0.00895	0.03213	0.00228	0.00771	0.02173	0.00527	0.00950
2	0.06207	0.01164	0.01481	0.01158	0.01631	0.01085	0.00950	0.09337	0.05415	0.56859	0.06031	0.02234	0.01764	0.00819	0.00645	0.00200	0.00548	0.00661	0.00756	0.01053
3	0.01368	0.06728	0.01489	0.00968	0.01541	0.00985	0.00790	0.01649	0.01338	0.02063	0.01130	0.01318	0.00948	0.00484	0.00474	0.00099	0.00494	0.00380	0.00375	0.75380
4	0.07903	0.01157	0.01453	0.01133	0.01610	0.01066	0.00929	0.07842	0.04843	0.52861	0.05525	0.02149	0.01684	0.00791	0.00627	0.00194	0.00541	0.00635	0.00724	0.06335
5	0.01340	0.01148	0.01340	0.00957	0.01531	0.00861	0.00766	0.01627	0.01340	0.02105	0.01148	0.01340	0.00957	0.00479	0.00479	0.00096	0.00479	0.00383	0.00383	0.81242
6	0.00787	0.00562	0.00750	0.00900	0.00937	0.00525	0.00600	0.00900	0.01237	0.01649	0.03561	0.76871	0.04274	0.02024	0.00825	0.00262	0.00375	0.01837	0.00600	0.00525
7	0.01812	0.01490	0.01576	0.01356	0.01758	0.01703	0.01072	0.19745	0.55450	0.03033	0.02370	0.02204	0.01762	0.00852	0.00655	0.00213	0.00559	0.00695	0.00655	0.01041
8	0.01644	0.09323	0.01899	0.09946	0.02111	0.04793	0.05794	0.14356	0.17431	0.02423	0.01849	0.02285	0.03021	0.00801	0.00627	0.00191	0.00672	0.06661	0.00486	0.13686
9	0.11061	0.01194	0.01870	0.31667	0.02923	0.01273	0.09960	0.02160	0.01494	0.23583	0.05278	0.01952	0.01351	0.00709	0.00639	0.00209	0.00725	0.00625	0.00481	0.00844
10	0.01296	0.03342	0.73944	0.01842	0.02797	0.01501	0.02387	0.02046	0.01364	0.02046	0.01160	0.01364	0.00818	0.00614	0.00614	0.00205	0.00955	0.00477	0.00273	0.00955
11	0.01296	0.03342	0.73944	0.01842	0.02797	0.01501	0.02387	0.02046	0.01364	0.02046	0.01160	0.01364	0.00818	0.00614	0.00614	0.00205	0.00955	0.00477	0.00273	0.00955
12	0.01462	0.03110	0.66442	0.01770	0.02678	0.01444	0.02238	0.02160	0.01414	0.09467	0.01303	0.01451	0.00899	0.00633	0.00618	0.00204	0.00913	0.00495	0.00327	0.00970
13	0.01157	0.00732	0.01029	0.01196	0.05950	0.00691	0.00827	0.01343	0.01381	0.10713	0.03249	0.48138	0.03608	0.01725	0.00805	0.00257	0.00468	0.15481	0.00605	0.00644
14	0.01830	0.01163	0.01906	0.17276	0.13692	0.01152	0.09101	0.02158	0.01559	0.26883	0.05318	0.11446	0.01830	0.00881	0.00687	0.00212	0.00677	0.00808	0.00534	0.00887
15	0.01225	0.02792	0.58561	0.04255	0.02551	0.01343	0.02078	0.01873	0.01385	0.02028	0.05167	0.06885	0.01491	0.00813	0.00653	0.00214	0.00859	0.04613	0.00336	0.00879

[dist]
# distance from previous block
# <min> <max>
0	7

[block]
# block no. 5 follows, 34 sequences, length 27
# corresponding to MSA columns:
# 490-516
name=unknown_F
#
# <colnr> <probs for GDERKNQSTAVLIFYWHMCP>
#	G	D	E	R	K	N	Q	S	T	A	V	L	I	F	Y	W	H	M	C	P
0	0.01498	0.01333	0.06427	0.01162	0.01483	0.05164	0.00984	0.16052	0.03804	0.06237	0.29699	0.03290	0.10141	0.01081	0.00813	0.00205	0.06637	0.00872	0.00596	0.02522
1	0.06711	0.05168	0.01908	0.16027	0.11226	0.17366	0.01388	0.03211	0.03785	0.07677	0.01353	0.01856	0.01135	0.00807	0.00869	0.00212	0.13458	0.04652	0.00385	0.00805
2	0.01559	0.01166	0.01345	0.05641	0.01664	0.01247	0.00944	0.05918	0.35135	0.09977	0.15410	0.02947	0.07524	0.00960	0.00671	0.00205	0.00494	0.00809	0.00639	0.05746
3	0.08285	0.27488	0.16764	0.01375	0.01898	0.10639	0.01358	0.04172	0.01383	0.01892	0.01002	0.01215	0.00840	0.00658	0.00711	0.00177	0.10643	0.00421	0.00316	0.08765
4	0.00868	0.00664	0.00826	0.00809	0.00963	0.00639	0.00604	0.01085	0.01449	0.01940	0.27880	0.04678	0.27098	0.07696	0.19439	0.00447	0.00692	0.01098	0.00560	0.00565
5	0.35664	0.01756	0.01510	0.01246	0.01687	0.12136	0.01010	0.32387	0.02055	0.03226	0.01200	0.01286	0.00894	0.00686	0.00534	0.00193	0.00687	0.00461	0.00499	0.00882
6	0.01096	0.00818	0.00956	0.00909	0.01134	0.00799	0.00707	0.01631	0.14392	0.05450	0.30710	0.04926	0.24597	0.01356	0.00752	0.00220	0.00388	0.07811	0.00661	0.00686
7	0.01624	0.50925	0.21016	0.01313	0.01936	0.06603	0.01416	0.01971	0.01380	0.01704	0.04163	0.01295	0.01060	0.00609	0.00491	0.00160	0.00770	0.00420	0.00298	0.00846
8	0.01956	0.01448	0.01560	0.01308	0.01718	0.01615	0.01044	0.25432	0.39065	0.08616	0.02234	0.02113	0.01635	0.00829	0.00639	0.00205	0.00565	0.00667	0.06328	0.01024
9	0.01462	0.01336	0.02155	0.45637	0.26042	0.01523	0.01798	0.08612	0.01521	0.02036	0.01209	0.01667	0.00936	0.00636	0.00644	0.00206	0.00817	0.00575	0.00333	0.00852
10	0.14353	0.01473	0.02384	0.01860	0.02174	0.01709	0.24090	0.01891	0.01244	0.07031	0.01127	0.01519	0.00921	0.00831	0.01297	0.00242	0.34112	0.00602	0.00352	0.00787
11	0.01906	0.01634	0.03020	0.02296	0.06243	0.01592	0.42757	0.14173	0.01824	0.13804	0.01532	0.01768	0.01098	0.00640	0.00750	0.00211	0.02645	0.00700	0.00456	0.00951
12	0.01567	0.01310	0.01376	0.01245	0.01589	0.01508	0.00966	0.03243	0.65112	0.02674	0.02578	0.02411	0.01941	0.00864	0.00637	0.00212	0.00491	0.00718	0.08576	0.00981
13	0.00834	0.00596	0.00791	0.00929	0.00987	0.00565	0.00656	0.00971	0.01268	0.01677	0.03544	0.60508	0.05920	0.05657	0.00954	0.00285	0.00420	0.12318	0.00589	0.00530
14	0.30848	0.01901	0.01560	0.01300	0.01733	0.18502	0.01044	0.30612	0.02067	0.03080	0.01191	0.01283	0.00895	0.00688	0.00544	0.00190	0.00740	0.00461	0.00486	0.00876
15	0.63568	0.01353	0.01148	0.00986	0.01403	0.01553	0.00809	0.13709	0.05715	0.03086	0.01114	0.01217	0.00844	0.00646	0.00457	0.00200	0.00536	0.00412	0.00457	0.00787
16	0.00839	0.00634	0.00775	0.00789	0.00932	0.00570	0.00573	0.01055	0.01578	0.02112	0.36430	0.23361	0.24821	0.01588	0.00778	0.00222	0.00329	0.01393	0.00651	0.00570
17	0.02277	0.01504	0.01662	0.01363	0.01744	0.13139	0.04136	0.07739	0.06764	0.34073	0.05900	0.05695	0.01739	0.00891	0.00804	0.00208	0.08120	0.00696	0.00616	0.00933
18	0.01031	0.00647	0.00756	0.00790	0.00863	0.00647	0.00556	0.01176	0.01172	0.01705	0.02372	0.04465	0.02486	0.40338	0.02011	0.00429	0.00536	0.16466	0.21061	0.00492
19	0.01340	0.01148	0.01340	0.00957	0.01531	0.00861	0.00766	0.01627	0.01340	0.02105	0.01148	0.01340	0.00957	0.00479	0.00479	0.00096	0.00479	0.00383	0.00383	0.81242
20	0.00806	0.00626	0.00735	0.00785	0.00926	0.00555	0.00567	0.00979	0.01448	0.01857	0.16335	0.31152	0.35294	0.01727	0.00789	0.00234	0.00349	0.03669	0.00618	0.00550
21	0.01865	0.01399	0.01527	0.01295	0.01689	0.01553	0.01028	0.20404	0.41578	0.09120	0.09287	0.02412	0.02125	0.00888	0.00664	0.00210	0.00545	0.00729	0.00672	0.01008
22	0.03926	0.42954	0.29494	0.01435	0.02135	0.02085	0.03795	0.04223	0.01388	0.01856	0.01030	0.01198	0.00835	0.00584	0.00507	0.00169	0.00797	0.00416	0.00292	0.00882
23	0.02041	0.04448	0.20711	0.06794	0.02348	0.08644	0.06942	0.09627	0.01737	0.23807	0.01606	0.01660	0.01108	0.00680	0.00626	0.00192	0.00798	0.00554	0.00488	0.05189
24	0.02602	0.01130	0.01467	0.01163	0.01626	0.01045	0.00948	0.03117	0.13562	0.58932	0.05469	0.02343	0.01847	0.00834	0.00656	0.00203	0.00533	0.00685	0.00772	0.01067
25	0.03702	0.01419	0.02242	0.08208	0.46477	0.03451	0.04710	0.03935	0.01503	0.05043	0.03777	0.01982	0.05130	0.00763	0.00743	0.04260	0.00733	0.00638	0.00375	0.00908
26	0.03602	0.04400	0.15853	0.02286	0.07399	0.01601	0.37353	0.04313	0.08504	0.06048	0.01456	0.01710	0.01077	0.00614	0.00688	0.00209	0.00919	0.00661	0.00384	0.00925

[dist]
# distance from previous block
# <min> <max>
0	33

[block]
# block no. 6 follows, 34 sequences, length 74
# corresponding to MSA columns:
# 550-623
name=unknown_G
#
# <colnr> <probs for GDERKNQSTAVLIFYWHMCP>
#	G	D	E	R	K	N	Q	S	T	A	V	L	I	F	Y	W	H	M	C	P
0	0.15308	0.01197	0.01459	0.01137	0.01623	0.01138	0.00939	0.10038	0.01855	0.55279	0.02185	0.01950	0.01405	0.00766	0.00610	0.00199	0.00559	0.00595	0.00721	0.01036
1	0.00799	0.00628	0.00723	0.00759	0.00910	0.00551	0.00546	0.00974	0.01469	0.01877	0.18219	0.27304	0.39557	0.01694	0.00782	0.00229	0.00337	0.01470	0.00621	0.00551
2	0.01509	0.01385	0.09899	0.03471	0.14162	0.01180	0.04973	0.05567	0.07331	0.11665	0.10037	0.08124	0.11095	0.01019	0.00744	0.00215	0.03031	0.03215	0.00527	0.00850
3	0.04086	0.42034	0.10731	0.04109	0.09836	0.02006	0.01335	0.02184	0.06314	0.09958	0.01279	0.01387	0.01014	0.00617	0.00513	0.00169	0.00701	0.00455	0.00371	0.00901
4	0.00879	0.00630	0.00814	0.00922	0.01002	0.00602	0.00674	0.01032	0.01294	0.01698	0.05557	0.39408	0.09681	0.13531	0.01216	0.00322	0.00465	0.19176	0.00570	0.00527
5	0.14100	0.01206	0.01657	0.05785	0.06071	0.01203	0.07641	0.09899	0.01708	0.28040	0.05264	0.11008	0.01802	0.00893	0.00648	0.00209	0.00610	0.00766	0.00591	0.00899
6	0.01577	0.03787	0.07020	0.32071	0.14902	0.06203	0.03321	0.08734	0.06483	0.04058	0.02992	0.01732	0.01128	0.00688	0.00674	0.00204	0.02605	0.00583	0.00380	0.00860
7	0.59603	0.01501	0.05889	0.01305	0.07029	0.02860	0.04507	0.06750	0.01315	0.02800	0.01008	0.01184	0.00776	0.00609	0.00471	0.00199	0.00606	0.00413	0.00398	0.00778
8	0.04357	0.01509	0.06856	0.04431	0.15215	0.02955	0.05662	0.17557	0.05109	0.11530	0.07116	0.05741	0.05903	0.00876	0.00670	0.00205	0.00672	0.02185	0.00531	0.00919
9	0.01154	0.00847	0.01191	0.01108	0.01239	0.00992	0.00879	0.01377	0.01217	0.06714	0.10862	0.02764	0.05436	0.03128	0.40526	0.00663	0.15288	0.00755	0.03219	0.00641
10	0.02002	0.24885	0.14420	0.01521	0.02024	0.39169	0.01392	0.02326	0.03630	0.01674	0.01044	0.01197	0.00862	0.00630	0.00541	0.00166	0.00972	0.00415	0.00316	0.00815
11	0.00923	0.00692	0.01038	0.01038	0.01154	0.00808	0.00808	0.01154	0.01038	0.01500	0.01731	0.02538	0.01615	0.04846	0.74732	0.01038	0.01731	0.00692	0.00346	0.00577
12	0.00832	0.00609	0.00781	0.00839	0.00940	0.00559	0.00591	0.01021	0.01483	0.02009	0.29548	0.42080	0.12881	0.01719	0.00795	0.00235	0.00343	0.01535	0.00641	0.00559
13	0.04039	0.01611	0.03354	0.16971	0.03519	0.01589	0.55121	0.01982	0.01466	0.02014	0.01263	0.01717	0.00948	0.00566	0.00728	0.00217	0.01026	0.00712	0.00321	0.00836
14	0.00880	0.00601	0.00722	0.00781	0.00796	0.00586	0.00473	0.00924	0.01057	0.01409	0.02635	0.32778	0.03105	0.47711	0.02320	0.00483	0.00528	0.01292	0.00473	0.00444
15	0.01627	0.01456	0.05555	0.23634	0.27022	0.01478	0.04399	0.10405	0.01611	0.06713	0.01373	0.01712	0.01050	0.00664	0.00677	0.00201	0.02956	0.00585	0.05981	0.00902
16	0.00764	0.00655	0.00655	0.00655	0.00873	0.00545	0.00491	0.00927	0.01473	0.01745	0.06546	0.06218	0.73000	0.01636	0.00764	0.00218	0.00327	0.01364	0.00600	0.00545
17	0.01757	0.72302	0.03324	0.01166	0.01715	0.04306	0.02739	0.03563	0.01371	0.01594	0.00925	0.01068	0.00839	0.00561	0.00432	0.00142	0.00712	0.00362	0.00288	0.00834
18	0.00800	0.00621	0.00731	0.00805	0.00927	0.00559	0.00565	0.00977	0.02760	0.01757	0.08325	0.43239	0.31989	0.01809	0.00794	0.00241	0.00355	0.01590	0.00607	0.00547
19	0.01462	0.20872	0.42082	0.01520	0.02252	0.05345	0.01765	0.01969	0.01376	0.03418	0.01268	0.06030	0.01065	0.00685	0.00569	0.00183	0.00824	0.00525	0.00316	0.06475
20	0.01538	0.02740	0.45874	0.02190	0.12153	0.06583	0.11280	0.02142	0.01461	0.06195	0.01256	0.01481	0.00914	0.00614	0.00637	0.00202	0.00939	0.00534	0.00321	0.00947
21	0.01296	0.03342	0.73944	0.01842	0.02797	0.01501	0.02387	0.02046	0.01364	0.02046	0.01160	0.01364	0.00818	0.00614	0.00614	0.00205	0.00955	0.00477	0.00273	0.00955
22	0.01420	0.01638	0.11891	0.26486	0.32953	0.01489	0.05594	0.01943	0.04743	0.01976	0.01310	0.01786	0.01049	0.00644	0.00652	0.00206	0.00824	0.02172	0.00326	0.00898
23	0.00764	0.00655	0.00655	0.00655	0.00873	0.00545	0.00491	0.00927	0.01473	0.01745	0.06546	0.06218	0.73000	0.01636	0.00764	0.00218	0.00327	0.01364	0.00600	0.00545
24	0.01494	0.11557	0.02100	0.01565	0.01719	0.06740	0.04572	0.01766	0.05341	0.01671	0.01195	0.06247	0.01155	0.01028	0.01518	0.00244	0.46425	0.00627	0.02297	0.00738
25	0.01004	0.00684	0.00862	0.00901	0.01034	0.00648	0.00643	0.01291	0.06357	0.06521	0.18757	0.44353	0.11123	0.01676	0.00782	0.00238	0.00376	0.01493	0.00641	0.00616
26	0.01733	0.16167	0.01762	0.01119	0.01497	0.01479	0.00937	0.24701	0.02131	0.08169	0.29878	0.02801	0.03071	0.00951	0.00647	0.00187	0.00534	0.00774	0.00611	0.00852
27	0.01570	0.07926	0.05293	0.03748	0.19915	0.04929	0.01319	0.04076	0.12246	0.07058	0.02170	0.07273	0.06136	0.00947	0.00735	0.00211	0.04600	0.06698	0.02284	0.00865
28	0.02468	0.01086	0.01376	0.01101	0.01533	0.01016	0.00895	0.04910	0.11107	0.51897	0.02467	0.02239	0.01643	0.00802	0.00622	0.00195	0.00513	0.00652	0.12463	0.01017
29	0.15325	0.14156	0.13044	0.01157	0.01658	0.01472	0.01112	0.08430	0.06474	0.16203	0.01626	0.01671	0.01187	0.00692	0.00532	0.00184	0.00602	0.00514	0.13078	0.00882
30	0.01736	0.14017	0.04699	0.01924	0.18054	0.23653	0.01301	0.02173	0.08967	0.01977	0.11756	0.02035	0.03518	0.00766	0.00608	0.00181	0.00778	0.00608	0.00414	0.00835
31	0.00818	0.00641	0.00740	0.00748	0.00914	0.00563	0.00548	0.01020	0.01552	0.02010	0.28092	0.17495	0.39363	0.01596	0.00773	0.00221	0.00328	0.01377	0.00637	0.00563
32	0.04674	0.07671	0.18400	0.01508	0.02088	0.06867	0.05747	0.20778	0.06814	0.08919	0.03143	0.03654	0.01271	0.00734	0.00616	0.00191	0.00756	0.00585	0.00483	0.05103
33	0.01166	0.00787	0.01018	0.00980	0.01184	0.00732	0.02360	0.01497	0.07548	0.09870	0.12295	0.37736	0.10487	0.01515	0.00753	0.00228	0.00420	0.02536	0.00619	0.06269
34	0.01669	0.21451	0.10852	0.03342	0.11264	0.07856	0.01303	0.05779	0.08005	0.07160	0.06073	0.04052	0.06968	0.00802	0.00598	0.00186	0.00693	0.00639	0.00438	0.00869
35	0.04158	0.15265	0.18510	0.05154	0.31368	0.01735	0.06622	0.06065	0.01498	0.02116	0.01161	0.01443	0.00930	0.00593	0.00596	0.00188	0.00809	0.00520	0.00323	0.00947
36	0.00787	0.00562	0.00750	0.00900	0.00937	0.00525	0.00600	0.00900	0.01237	0.01649	0.03561	0.76871	0.04274	0.02024	0.00825	0.00262	0.00375	0.01837	0.00600	0.00525
37	0.16425	0.01411	0.06401	0.01072	0.01632	0.01172	0.00930	0.11286	0.01531	0.02520	0.01159	0.01317	0.00919	0.00551	0.00496	0.00136	0.00548	0.00411	0.00415	0.49668
38	0.09801	0.01513	0.01922	0.04018	0.14065	0.01636	0.06142	0.24316	0.18273	0.06961	0.01761	0.03801	0.01348	0.00763	0.00637	0.00204	0.00666	0.00643	0.00544	0.00987
39	0.01614	0.01716	0.03054	0.03233	0.37345	0.06182	0.30883	0.02044	0.01502	0.02044	0.01230	0.01627	0.00988	0.00584	0.00731	0.00204	0.03118	0.00644	0.00323	0.00933
40	0.00885	0.00650	0.00828	0.00803	0.00952	0.00594	0.00595	0.01154	0.01730	0.02401	0.58434	0.12099	0.13617	0.01427	0.00768	0.00211	0.00314	0.01257	0.00687	0.00594
41	0.01406	0.01188	0.01375	0.00988	0.01559	0.00929	0.00793	0.05733	0.01440	0.02222	0.01172	0.01352	0.00965	0.00496	0.00488	0.00102	0.00492	0.00395	0.00398	0.76506
42	0.03812	0.04523	0.27027	0.01745	0.07490	0.06547	0.01639	0.23946	0.07871	0.07010	0.01469	0.01548	0.01064	0.00696	0.00619	0.00197	0.00799	0.00538	0.00465	0.00996
43	0.03687	0.56439	0.05003	0.01220	0.01714	0.08321	0.01156	0.02097	0.07433	0.01678	0.01060	0.01198	0.00926	0.00627	0.00556	0.00159	0.05174	0.00401	0.00317	0.00833
44	0.01893	0.01565	0.01966	0.01583	0.01918	0.03549	0.07817	0.26254	0.12844	0.05703	0.01551	0.01724	0.01194	0.00868	0.01068	0.00223	0.22165	0.00617	0.04576	0.00920
45	0.08415	0.01110	0.01461	0.01129	0.01621	0.00985	0.00932	0.03062	0.01797	0.68762	0.02434	0.02119	0.01537	0.00786	0.00632	0.00200	0.00546	0.00629	0.00772	0.01072
46	0.01244	0.01173	0.01982	0.71173	0.08829	0.01442	0.01806	0.01672	0.01303	0.01680	0.01153	0.01715	0.00872	0.00642	0.00646	0.00214	0.00855	0.00574	0.00289	0.00737
47	0.00925	0.00686	0.01005	0.01005	0.01109	0.00790	0.00767	0.01133	0.01029	0.01476	0.01761	0.02705	0.01688	0.11998	0.67679	0.00998	0.01622	0.00717	0.00351	0.00559
48	0.01414	0.01414	0.01979	0.01696	0.01696	0.01979	0.01414	0.01555	0.00990	0.01555	0.00848	0.01414	0.00848	0.01131	0.02120	0.00283	0.76110	0.00565	0.00283	0.00707
49	0.00809	0.00581	0.00758	0.00870	0.00927	0.00541	0.00587	0.00942	0.01304	0.01749	0.12059	0.61834	0.07127	0.05506	0.00932	0.00271	0.00376	0.01694	0.00603	0.00530
50	0.00929	0.00668	0.00915	0.00915	0.00988	0.00741	0.00654	0.01075	0.01002	0.01409	0.01843	0.03163	0.01886	0.31602	0.48346	0.00886	0.01323	0.00784	0.00363	0.00508
51	0.01339	0.01378	0.01405	0.17634	0.07142	0.17872	0.01110	0.01619	0.03890	0.01715	0.02606	0.26552	0.10731	0.01221	0.00704	0.00218	0.00690	0.01049	0.00452	0.00674
52	0.00939	0.00631	0.00726	0.00726	0.00733	0.00638	0.00418	0.00953	0.00946	0.01268	0.02017	0.04122	0.02303	0.72745	0.07773	0.00652	0.00696	0.00924	0.00389	0.00403
53	0.01598	0.01746	0.07553	0.08412	0.51416	0.06191	0.07609	0.02049	0.03389	0.02054	0.01239	0.01597	0.01008	0.00594	0.00645	0.00196	0.00832	0.00578	0.00325	0.00968
54	0.01317	0.01272	0.01795	0.01567	0.01590	0.01750	0.01295	0.01476	0.00999	0.01544	0.01021	0.01634	0.00999	0.01859	0.16349	0.00431	0.61535	0.00590	0.00295	0.00681
55	0.01769	0.01436	0.01782	0.01817	0.14196	0.01581	0.03066	0.11329	0.40330	0.07628	0.02260	0.02203	0.03555	0.00827	0.00705	0.00212	0.03015	0.00693	0.00585	0.01010
56	0.01336	0.01314	0.01890	0.01619	0.01693	0.03248	0.05702	0.01523	0.01052	0.01576	0.01071	0.01672	0.01022	0.01886	0.17677	0.00439	0.53688	0.00602	0.00300	0.00690
57	0.01417	0.07755	0.56584	0.02070	0.12072	0.05056	0.02199	0.02056	0.01397	0.02000	0.01143	0.01365	0.00847	0.00607	0.00603	0.00197	0.00923	0.00479	0.00282	0.00946
58	0.73612	0.06135	0.01144	0.00891	0.01305	0.01542	0.00747	0.04644	0.01190	0.02858	0.00925	0.01069	0.00724	0.00604	0.00411	0.00196	0.00520	0.00359	0.00402	0.00724
