[name]
unknown

[dist]
# distance from previous block
# <min> <max>
14	124

[block]
# block no. 0 follows, 33 sequences, length 18
# corresponding to MSA columns:
# 125-142
name=unknown_A
#
# <colnr> <probs for GDERKNQSTAVLIFYWHMCP>
#	G	D	E	R	K	N	Q	S	T	A	V	L	I	F	Y	W	H	M	C	P
0	0.00980	0.00655	0.00787	0.00819	0.00966	0.00588	0.00585	0.01153	0.01453	0.06459	0.13459	0.33660	0.25583	0.03962	0.00855	0.00246	0.00372	0.01450	0.05375	0.00591
1	0.15008	0.00857	0.00965	0.00888	0.01153	0.00817	0.00675	0.01672	0.01486	0.18810	0.10917	0.17803	0.19194	0.05793	0.00853	0.00247	0.00442	0.01090	0.00624	0.00709
2	0.02283	0.02440	0.01734	0.01653	0.06034	0.49521	0.01190	0.04006	0.01816	0.11608	0.01731	0.06469	0.05022	0.00836	0.00634	0.00186	0.00969	0.00615	0.00443	0.00811
3	0.00859	0.00654	0.00786	0.00830	0.00959	0.00601	0.00588	0.01088	0.03727	0.01960	0.21014	0.33975	0.24261	0.04487	0.00894	0.00252	0.00365	0.01499	0.00633	0.00573
4	0.00902	0.00715	0.00782	0.00773	0.00965	0.00644	0.00568	0.04697	0.01574	0.01984	0.14560	0.16212	0.46540	0.04994	0.00896	0.00244	0.00372	0.01373	0.00620	0.00584
5	0.01116	0.00703	0.00889	0.00849	0.01022	0.00637	0.00623	0.01343	0.01643	0.10151	0.38181	0.16450	0.14923	0.07300	0.00974	0.00252	0.00379	0.01254	0.00674	0.00636
6	0.00989	0.00626	0.00756	0.00772	0.00854	0.00611	0.00525	0.01061	0.01177	0.01655	0.05401	0.12097	0.13725	0.20563	0.07738	0.15066	0.00570	0.00991	0.14341	0.00480
7	0.09856	0.00909	0.01153	0.01095	0.01250	0.01071	0.00856	0.01477	0.06935	0.01872	0.06481	0.05825	0.05211	0.05852	0.36805	0.00653	0.10851	0.00776	0.00425	0.00647
8	0.01008	0.00779	0.01140	0.10309	0.05643	0.00858	0.00897	0.01226	0.01161	0.01619	0.02171	0.13251	0.04686	0.13916	0.34079	0.00659	0.01118	0.00907	0.03976	0.00597
9	0.01329	0.01031	0.01168	0.01052	0.01304	0.01085	0.00817	0.14496	0.09233	0.04485	0.08523	0.15835	0.28010	0.01395	0.00864	0.00229	0.06636	0.01147	0.00613	0.00745
10	0.01049	0.00592	0.00823	0.00838	0.00856	0.00583	0.00550	0.00915	0.01010	0.01360	0.07491	0.12275	0.02196	0.15350	0.02338	0.49629	0.00537	0.00859	0.00384	0.00366
11	0.01535	0.01390	0.01839	0.13475	0.24504	0.06926	0.01363	0.09186	0.01580	0.02118	0.03552	0.08095	0.01556	0.08157	0.00961	0.02348	0.00724	0.00711	0.00406	0.09573
12	0.01236	0.01062	0.01240	0.01194	0.01376	0.06929	0.04688	0.08608	0.06943	0.02024	0.02817	0.45364	0.03096	0.01920	0.07916	0.00323	0.00670	0.01357	0.00558	0.00679
13	0.00978	0.00721	0.00923	0.01051	0.05160	0.00725	0.00646	0.01183	0.05468	0.01637	0.05259	0.31282	0.03134	0.32531	0.05946	0.00454	0.00593	0.01263	0.00501	0.00547
14	0.04598	0.01368	0.07511	0.05487	0.07857	0.01250	0.05249	0.11635	0.09626	0.11007	0.07456	0.18031	0.03924	0.01078	0.00705	0.00221	0.00618	0.00945	0.00565	0.00869
15	0.01609	0.01413	0.06195	0.07568	0.07715	0.05535	0.04127	0.11456	0.09354	0.07485	0.05920	0.06432	0.08948	0.01143	0.00952	0.11395	0.00666	0.00783	0.00501	0.00802
16	0.01456	0.03834	0.03511	0.07429	0.06475	0.04618	0.16437	0.08452	0.05694	0.02117	0.06305	0.02498	0.04936	0.09815	0.09087	0.00350	0.03647	0.00749	0.00425	0.02164
17	0.09314	0.04971	0.04469	0.08838	0.04670	0.09534	0.04774	0.13610	0.07680	0.02433	0.07338	0.05199	0.01688	0.05307	0.00829	0.00225	0.02679	0.00672	0.00466	0.05305

[dist]
# distance from previous block
# <min> <max>
6	70

[block]
# block no. 1 follows, 33 sequences, length 51
# corresponding to MSA columns:
# 213-263
name=unknown_B
#
# <colnr> <probs for GDERKNQSTAVLIFYWHMCP>
#	G	D	E	R	K	N	Q	S	T	A	V	L	I	F	Y	W	H	M	C	P
0	0.01584	0.04816	0.07143	0.15493	0.18645	0.04419	0.04893	0.08352	0.06743	0.04804	0.01964	0.04437	0.07858	0.00808	0.00689	0.00204	0.02237	0.00695	0.00427	0.03789
1	0.01700	0.21218	0.17369	0.01605	0.07851	0.08017	0.01431	0.08178	0.08910	0.02175	0.01294	0.01432	0.01028	0.00630	0.00557	0.00168	0.00754	0.00475	0.00382	0.14825
2	0.01357	0.01234	0.04696	0.15710	0.15212	0.01151	0.01272	0.03443	0.06240	0.04643	0.08805	0.06488	0.08602	0.00900	0.00663	0.00194	0.00614	0.02450	0.00465	0.15862
3	0.05617	0.01100	0.01286	0.04446	0.01559	0.01073	0.00868	0.08328	0.08912	0.06521	0.09172	0.12156	0.08617	0.01013	0.00697	0.00189	0.03152	0.00839	0.00544	0.23911
4	0.04998	0.01539	0.02379	0.13498	0.09713	0.06069	0.20896	0.07447	0.01591	0.02201	0.05054	0.02053	0.01370	0.00747	0.00796	0.00209	0.06677	0.03974	0.00392	0.08396
5	0.01777	0.01904	0.06455	0.05501	0.22542	0.18946	0.03773	0.04047	0.04157	0.05218	0.01615	0.01863	0.05528	0.00818	0.00832	0.03662	0.06116	0.00598	0.00386	0.04264
6	0.01679	0.06069	0.04876	0.01395	0.05321	0.04775	0.04000	0.06047	0.10296	0.15363	0.02428	0.22521	0.02301	0.04135	0.00806	0.00236	0.00613	0.03463	0.00568	0.03109
7	0.01702	0.01714	0.01691	0.01675	0.09080	0.19742	0.01184	0.07999	0.08201	0.01993	0.04054	0.02188	0.05844	0.05850	0.04850	0.03972	0.16416	0.00658	0.00418	0.00771
8	0.04488	0.04405	0.02338	0.20848	0.32109	0.07390	0.03857	0.08928	0.01602	0.02170	0.01199	0.01574	0.00965	0.00661	0.00715	0.00203	0.04723	0.00563	0.00352	0.00911
9	0.01348	0.04741	0.01791	0.15490	0.05792	0.05099	0.01289	0.01576	0.01198	0.01660	0.03831	0.02012	0.01315	0.08342	0.10786	0.00376	0.28252	0.00626	0.00332	0.04141
10	0.00829	0.00625	0.00766	0.00829	0.00940	0.00573	0.00581	0.00987	0.01391	0.01819	0.14259	0.38396	0.24112	0.05685	0.04779	0.00305	0.00443	0.01528	0.00604	0.00549
11	0.04428	0.01618	0.08098	0.19954	0.04914	0.01556	0.12869	0.17329	0.01854	0.16118	0.01547	0.01748	0.01091	0.00710	0.00716	0.00212	0.03191	0.00618	0.00484	0.00946
12	0.01774	0.01635	0.02364	0.16009	0.44924	0.07782	0.01803	0.08392	0.01663	0.05457	0.01301	0.01637	0.01031	0.00636	0.00649	0.00198	0.00818	0.00576	0.00374	0.00975
13	0.01742	0.01547	0.05325	0.01376	0.01731	0.07397	0.04008	0.30619	0.04340	0.02789	0.02293	0.29198	0.02299	0.01235	0.00724	0.00223	0.00659	0.01058	0.00581	0.00854
14	0.00842	0.00660	0.00761	0.00755	0.00933	0.00580	0.00559	0.01061	0.01622	0.02112	0.32558	0.12450	0.39606	0.01577	0.00783	0.00221	0.00329	0.01356	0.00656	0.00580
15	0.01637	0.01414	0.01489	0.01340	0.01712	0.01637	0.01042	0.03498	0.71568	0.02754	0.02679	0.02456	0.02010	0.00893	0.00670	0.00223	0.00521	0.00744	0.00670	0.01042
16	0.00876	0.00668	0.00786	0.00758	0.00925	0.00598	0.00556	0.01106	0.01648	0.02197	0.41549	0.05397	0.30789	0.08072	0.01002	0.00251	0.00348	0.01245	0.00654	0.00577
17	0.00962	0.00689	0.00850	0.00809	0.00995	0.00620	0.00615	0.01231	0.01752	0.04752	0.49571	0.05306	0.24155	0.01433	0.00778	0.00215	0.00336	0.03619	0.00692	0.00619
18	0.00859	0.00652	0.00708	0.00711	0.00835	0.00591	0.00477	0.00972	0.01313	0.01653	0.10056	0.08661	0.37529	0.30126	0.01755	0.00381	0.00449	0.01232	0.00540	0.00501
19	0.01215	0.01126	0.01888	0.68299	0.04218	0.01402	0.01734	0.01634	0.01292	0.01668	0.01226	0.01833	0.00950	0.01061	0.07582	0.00298	0.00961	0.00596	0.00298	0.00718
20	0.15893	0.14896	0.09847	0.01834	0.04685	0.06509	0.22727	0.06318	0.03504	0.05990	0.01267	0.01476	0.00965	0.00620	0.00603	0.00197	0.00846	0.00553	0.00386	0.00886
21	0.01003	0.00714	0.00840	0.00813	0.00813	0.00768	0.00497	0.01016	0.00962	0.01305	0.01960	0.04038	0.02250	0.69742	0.03239	0.00605	0.07696	0.00921	0.00388	0.00429
22	0.01192	0.02493	0.48983	0.01600	0.02284	0.01290	0.01888	0.01778	0.01278	0.01897	0.01378	0.01794	0.01108	0.02083	0.25512	0.00496	0.01240	0.00560	0.00303	0.00843
23	0.01864	0.13286	0.05062	0.01453	0.01812	0.16398	0.01222	0.15819	0.11367	0.02317	0.03743	0.07176	0.01490	0.00912	0.00873	0.00208	0.13023	0.00650	0.00461	0.00865
24	0.01039	0.00660	0.00768	0.00757	0.00785	0.00658	0.00447	0.01062	0.01009	0.04387	0.02122	0.05913	0.02377	0.68709	0.06186	0.00628	0.00676	0.00956	0.00420	0.00441
25	0.01430	0.21754	0.56061	0.01690	0.02561	0.01796	0.02108	0.02057	0.01377	0.01952	0.01115	0.01307	0.00837	0.00610	0.00575	0.00192	0.00906	0.00453	0.00279	0.00941
26	0.02270	0.02837	0.02071	0.01801	0.02136	0.60055	0.07789	0.02474	0.01749	0.01655	0.01032	0.01268	0.00864	0.00715	0.00770	0.00187	0.08751	0.00473	0.00333	0.00771
27	0.01746	0.74890	0.05696	0.01151	0.01727	0.02570	0.01168	0.01975	0.01339	0.01566	0.00924	0.01067	0.00844	0.00565	0.00429	0.00143	0.00713	0.00356	0.00281	0.00849
28	0.00851	0.00644	0.00786	0.00806	0.00948	0.00578	0.00583	0.01066	0.01591	0.02125	0.34320	0.25104	0.24925	0.01637	0.00795	0.00228	0.00337	0.01437	0.00660	0.00578
29	0.01758	0.01118	0.01568	0.06536	0.14511	0.01086	0.01126	0.02248	0.10053	0.22041	0.14849	0.07285	0.02525	0.00948	0.00685	0.00204	0.00556	0.02775	0.00604	0.07525
30	0.01922	0.12980	0.10632	0.01585	0.04387	0.07643	0.07581	0.17690	0.03605	0.10142	0.01566	0.04790	0.01248	0.00998	0.05187	0.00242	0.00838	0.00607	0.00470	0.05888
31	0.09687	0.01518	0.01583	0.01341	0.01760	0.01720	0.01074	0.26266	0.38177	0.03231	0.03466	0.02189	0.01701	0.00862	0.00648	0.00214	0.00588	0.02319	0.00640	0.01018
32	0.00956	0.00690	0.00822	0.00778	0.00975	0.00610	0.00587	0.01207	0.01719	0.05292	0.43083	0.05372	0.32593	0.01452	0.00772	0.00213	0.00330	0.01248	0.00683	0.00616
33	0.07050	0.15564	0.17857	0.14111	0.08778	0.05256	0.07658	0.02002	0.01403	0.05910	0.01294	0.04687	0.01066	0.00706	0.00670	0.00202	0.04007	0.00574	0.00347	0.00859
34	0.02342	0.01786	0.01905	0.01494	0.01954	0.04070	0.01222	0.60324	0.02818	0.03765	0.01598	0.04030	0.01231	0.02749	0.00823	0.00216	0.05372	0.00637	0.00618	0.01048
35	0.00873	0.00652	0.00762	0.00762	0.00891	0.00594	0.00532	0.01045	0.01475	0.01948	0.27622	0.13551	0.26445	0.18353	0.01358	0.00315	0.00399	0.01282	0.00602	0.00541
36	0.01050	0.00776	0.00916	0.00967	0.01100	0.02662	0.00691	0.01383	0.08526	0.05201	0.12838	0.47412	0.09216	0.01720	0.00796	0.00247	0.00417	0.02814	0.00634	0.00634
37	0.02205	0.11335	0.07985	0.01658	0.05499	0.30587	0.01346	0.20522	0.03480	0.04915	0.03539	0.01496	0.01150	0.00716	0.00606	0.00182	0.00906	0.00513	0.00447	0.00912
38	0.01449	0.00976	0.01133	0.01020	0.01280	0.00985	0.00774	0.10360	0.13241	0.11063	0.17959	0.14643	0.13729	0.07203	0.00942	0.00253	0.00467	0.01092	0.00659	0.00773
39	0.00999	0.00672	0.00822	0.00821	0.00921	0.00657	0.00558	0.01115	0.01213	0.05093	0.07307	0.13615	0.15492	0.32971	0.14353	0.00539	0.00718	0.01110	0.00497	0.00526
40	0.01365	0.01170	0.01365	0.00975	0.01560	0.00878	0.00780	0.01658	0.01365	0.02145	0.01170	0.01365	0.00975	0.00488	0.00488	0.00098	0.00488	0.00390	0.00390	0.80888
41	0.06852	0.05621	0.06224	0.01586	0.04514	0.38074	0.01247	0.05902	0.11443	0.05238	0.01554	0.01651	0.03314	0.00870	0.02945	0.00214	0.00946	0.00529	0.00428	0.00847
42	0.00981	0.00700	0.00845	0.00879	0.01066	0.00631	0.00691	0.01195	0.01531	0.05646	0.12571	0.16087	0.35057	0.01679	0.00813	0.00246	0.00416	0.17730	0.00633	0.00602
43	0.01715	0.01485	0.02055	0.05323	0.06547	0.04081	0.12877	0.09688	0.09385	0.07144	0.01485	0.01672	0.01141	0.00663	0.00715	0.00177	0.05426	0.00570	0.00452	0.27395
44	0.00830	0.00669	0.00739	0.00722	0.00921	0.00578	0.00541	0.01046	0.01624	0.02072	0.29055	0.05853	0.49921	0.01558	0.00778	0.00217	0.00326	0.01322	0.00650	0.00578
45	0.00857	0.00611	0.00790	0.00888	0.00951	0.00576	0.00609	0.00998	0.01331	0.01786	0.13338	0.49691	0.06732	0.11926	0.01169	0.00309	0.00419	0.05887	0.00599	0.00534
46	0.00828	0.00669	0.00737	0.00720	0.00920	0.00577	0.00540	0.01042	0.01619	0.02061	0.28198	0.05871	0.50785	0.01562	0.00778	0.00217	0.00326	0.01324	0.00648	0.00577
47	0.00873	0.00655	0.00807	0.00805	0.00952	0.00597	0.00588	0.01103	0.01620	0.02189	0.40300	0.17045	0.22153	0.04183	0.02922	0.00259	0.00380	0.01332	0.00656	0.00582
48	0.01840	0.01261	0.01658	0.01333	0.01714	0.01313	0.09765	0.22687	0.07750	0.10924	0.02025	0.06318	0.01598	0.01132	0.05849	0.00258	0.00689	0.00723	0.20274	0.00888
49	0.01704	0.46041	0.16465	0.01372	0.01996	0.09481	0.03809	0.02036	0.01411	0.01732	0.01014	0.01187	0.00860	0.00580	0.00497	0.00156	0.00799	0.00403	0.00298	0.08158
50	0.16332	0.02274	0.30560	0.09085	0.02428	0.04032	0.01655	0.10110	0.12847	0.02532	0.01413	0.01555	0.01039	0.00690	0.00598	0.00209	0.00784	0.00524	0.00412	0.00921

[dist]
# distance from previous block
# <min> <max>
0	3

[block]
# block no. 2 follows, 33 sequences, length 9
# corresponding to MSA columns:
# 267-275
name=unknown_C
#
# <colnr> <probs for GDERKNQSTAVLIFYWHMCP>
#	G	D	E	R	K	N	Q	S	T	A	V	L	I	F	Y	W	H	M	C	P
0	0.01108	0.00865	0.01041	0.00983	0.01204	0.00850	0.00729	0.05574	0.08351	0.01996	0.05166	0.24890	0.11087	0.06788	0.13986	0.00390	0.00686	0.01115	0.00531	0.12658
1	0.01499	0.01173	0.01493	0.01111	0.01637	0.00953	0.04850	0.05076	0.01518	0.07800	0.04862	0.06367	0.01497	0.00672	0.00562	0.00134	0.00526	0.00575	0.00463	0.57234
2	0.00940	0.00705	0.01058	0.01058	0.01176	0.00823	0.00823	0.01176	0.01058	0.01528	0.01763	0.02586	0.01646	0.04937	0.74255	0.01058	0.01763	0.00705	0.00353	0.00588
3	0.01365	0.01170	0.01365	0.00975	0.01560	0.00878	0.00780	0.01658	0.01365	0.02145	0.01170	0.01365	0.00975	0.00488	0.00488	0.00098	0.00488	0.00390	0.00390	0.80888
4	0.01365	0.01170	0.01365	0.00975	0.01560	0.00878	0.00780	0.01658	0.01365	0.02145	0.01170	0.01365	0.00975	0.00488	0.00488	0.00098	0.00488	0.00390	0.00390	0.80888
5	0.00840	0.00614	0.00761	0.00834	0.00918	0.00566	0.00567	0.00981	0.01364	0.01806	0.15483	0.43189	0.16094	0.11456	0.01140	0.00297	0.00394	0.01558	0.00603	0.00535
6	0.04371	0.13119	0.19714	0.01523	0.02078	0.09856	0.08845	0.08039	0.04493	0.02196	0.07399	0.04236	0.04112	0.03081	0.00707	0.00206	0.00790	0.00649	0.00413	0.04174
7	0.00879	0.00639	0.00791	0.00830	0.00919	0.00625	0.00571	0.00982	0.01185	0.01548	0.03510	0.22606	0.20229	0.21087	0.16112	0.04547	0.00717	0.01227	0.00491	0.00504
8	0.01684	0.20840	0.13274	0.01518	0.05415	0.13488	0.03689	0.08735	0.01570	0.01951	0.01472	0.04424	0.03145	0.10141	0.00963	0.00238	0.02769	0.00598	0.00371	0.03717

[dist]
# distance from previous block
# <min> <max>
0	27

[block]
# block no. 3 follows, 33 sequences, length 26
# corresponding to MSA columns:
# 303-328
name=unknown_D
#
# <colnr> <probs for GDERKNQSTAVLIFYWHMCP>
#	G	D	E	R	K	N	Q	S	T	A	V	L	I	F	Y	W	H	M	C	P
0	0.01737	0.01965	0.16204	0.01662	0.06023	0.07406	0.03904	0.20119	0.16205	0.02654	0.01930	0.06671	0.03358	0.01141	0.05772	0.00268	0.00827	0.00706	0.00502	0.00944
1	0.04108	0.05707	0.15847	0.01405	0.06497	0.01138	0.01205	0.04775	0.04429	0.01979	0.02328	0.20055	0.04231	0.07517	0.08928	0.00353	0.00765	0.07540	0.00458	0.00734
2	0.01701	0.04216	0.07365	0.17645	0.13476	0.07479	0.15511	0.08524	0.07860	0.05193	0.01452	0.01788	0.01120	0.02906	0.00747	0.00219	0.00870	0.00626	0.00401	0.00903
3	0.02256	0.02632	0.01759	0.01577	0.01918	0.53318	0.01192	0.08679	0.11391	0.01976	0.01354	0.01557	0.01113	0.04111	0.02168	0.00217	0.01043	0.00511	0.00415	0.00813
4	0.00932	0.00673	0.00880	0.00828	0.00984	0.00621	0.00621	0.01242	0.01863	0.02640	0.72410	0.04918	0.06212	0.01346	0.00776	0.00207	0.00311	0.01191	0.00725	0.00621
5	0.01473	0.01424	0.02447	0.23672	0.41318	0.01537	0.06616	0.01862	0.01409	0.01960	0.01286	0.04348	0.01100	0.00697	0.00773	0.00213	0.05992	0.00645	0.00325	0.00904
6	0.04524	0.00688	0.00803	0.00818	0.00888	0.00691	0.00540	0.01050	0.01211	0.01686	0.11885	0.21482	0.10445	0.35440	0.01982	0.00419	0.03228	0.01208	0.00510	0.00502
7	0.00894	0.00689	0.00890	0.00867	0.01015	0.00630	0.03073	0.01093	0.01501	0.01991	0.26773	0.18962	0.23331	0.11941	0.01147	0.00286	0.00413	0.03329	0.00609	0.00565
8	0.03637	0.02145	0.01815	0.01602	0.04893	0.29520	0.01212	0.23842	0.04375	0.05731	0.01376	0.01519	0.01068	0.00974	0.04959	0.00234	0.03644	0.00523	0.00475	0.06457
9	0.00814	0.00582	0.00778	0.00930	0.00974	0.00545	0.00632	0.00938	0.01272	0.01694	0.03622	0.73211	0.04328	0.02051	0.00843	0.00269	0.00392	0.04975	0.00611	0.00538
10	0.10079	0.06032	0.11037	0.04299	0.09128	0.01621	0.15915	0.14403	0.01742	0.09515	0.01376	0.01572	0.01019	0.00659	0.00677	0.00199	0.03223	0.00572	0.00438	0.06495
11	0.01135	0.00866	0.01033	0.00947	0.01163	0.00830	0.00685	0.06853	0.03632	0.01901	0.02538	0.19860	0.07763	0.19166	0.12264	0.00426	0.00696	0.01012	0.00485	0.16746
12	0.03954	0.34632	0.14772	0.06812	0.07534	0.05122	0.04802	0.10292	0.01604	0.03240	0.01134	0.01327	0.00910	0.00619	0.00547	0.00177	0.00802	0.00466	0.00348	0.00906
13	0.00863	0.00630	0.00770	0.00810	0.00908	0.00582	0.00555	0.01021	0.01418	0.01894	0.23236	0.30343	0.16904	0.15518	0.01272	0.00310	0.00400	0.01425	0.00604	0.00538
14	0.08240	0.06137	0.01858	0.11947	0.05386	0.22943	0.03838	0.04400	0.19284	0.02176	0.04140	0.01942	0.01437	0.00770	0.00625	0.00200	0.00811	0.02570	0.00448	0.00847
15	0.13071	0.01616	0.02066	0.08567	0.29904	0.09323	0.03745	0.09098	0.02787	0.03937	0.04495	0.01845	0.01300	0.00720	0.00672	0.00204	0.02855	0.02481	0.00412	0.00905
16	0.02008	0.01532	0.01653	0.01325	0.01779	0.01658	0.01070	0.38785	0.19724	0.03407	0.05565	0.01999	0.01624	0.00810	0.00638	0.00191	0.00603	0.00641	0.05137	0.09854
17	0.01243	0.00980	0.01236	0.08431	0.05278	0.02958	0.00880	0.03803	0.03206	0.04349	0.04625	0.12675	0.04170	0.17788	0.11698	0.00410	0.00761	0.00871	0.00452	0.14186
18	0.01597	0.05825	0.30537	0.05554	0.12189	0.01608	0.10530	0.09680	0.01600	0.05419	0.01324	0.01601	0.01000	0.00899	0.04851	0.00255	0.03650	0.00570	0.00363	0.00947
19	0.01561	0.21737	0.40120	0.01713	0.02489	0.01825	0.08731	0.04661	0.05424	0.04014	0.01267	0.01434	0.00952	0.00629	0.00594	0.00193	0.00873	0.00505	0.00335	0.00945
20	0.01229	0.01063	0.01612	0.35513	0.02877	0.01215	0.04231	0.05517	0.07938	0.01958	0.02180	0.22844	0.02164	0.01152	0.00732	0.00238	0.00690	0.05662	0.00460	0.00726
21	0.02026	0.09723	0.01821	0.01446	0.01783	0.38107	0.01123	0.09904	0.09287	0.01993	0.01499	0.05841	0.01326	0.03909	0.07118	0.00275	0.01001	0.00595	0.00423	0.00799
22	0.01402	0.01142	0.01346	0.00975	0.01534	0.00867	0.00779	0.01694	0.01411	0.04841	0.04970	0.01585	0.01275	0.00545	0.00509	0.00107	0.00481	0.00442	0.00424	0.73670
23	0.00897	0.00705	0.00832	0.00942	0.01016	0.03754	0.00652	0.01045	0.01374	0.01803	0.11682	0.60264	0.06605	0.01898	0.00822	0.00256	0.00414	0.03871	0.00612	0.00558
24	0.01608	0.01087	0.01229	0.01102	0.01348	0.03636	0.00827	0.14466	0.08764	0.11860	0.02476	0.16064	0.05138	0.14007	0.09250	0.04157	0.00711	0.00947	0.00566	0.00755
25	0.04788	0.01091	0.01699	0.01419	0.01700	0.01161	0.12378	0.04119	0.01340	0.09261	0.01800	0.07704	0.01639	0.04481	0.26520	0.00527	0.09729	0.02960	0.00434	0.05250

[dist]
# distance from previous block
# <min> <max>
0	2

[block]
# block no. 4 follows, 33 sequences, length 16
# corresponding to MSA columns:
# 331-346
name=unknown_E
#
# <colnr> <probs for GDERKNQSTAVLIFYWHMCP>
#	G	D	E	R	K	N	Q	S	T	A	V	L	I	F	Y	W	H	M	C	P
0	0.00819	0.00659	0.00731	0.00734	0.00920	0.00570	0.00542	0.01017	0.01567	0.01985	0.22917	0.13309	0.48664	0.01628	0.00784	0.00223	0.00333	0.01390	0.00640	0.00570
1	0.01668	0.05531	0.06301	0.20532	0.17717	0.01711	0.07575	0.11909	0.03160	0.04961	0.01291	0.01638	0.01006	0.00727	0.00864	0.00216	0.11313	0.00591	0.00383	0.00907
2	0.07444	0.01482	0.01468	0.01322	0.01695	0.04929	0.01029	0.03346	0.63308	0.02716	0.02477	0.02298	0.01863	0.00863	0.00647	0.00219	0.00550	0.00702	0.00636	0.01006
3	0.01555	0.07323	0.15060	0.08980	0.50097	0.01625	0.02013	0.02002	0.01454	0.02059	0.01200	0.01556	0.00979	0.00597	0.00631	0.00196	0.00817	0.00552	0.00312	0.00992
4	0.00945	0.00687	0.00963	0.00963	0.01048	0.00771	0.00705	0.01115	0.01030	0.01458	0.01850	0.03066	0.01854	0.24965	0.54512	0.00941	0.01450	0.00776	0.00366	0.00535
5	0.01253	0.00776	0.01004	0.00904	0.01121	0.00726	0.00693	0.01642	0.05727	0.12497	0.58803	0.04408	0.05339	0.01247	0.00755	0.00207	0.00357	0.01092	0.00734	0.00714
6	0.00938	0.00615	0.00814	0.00922	0.00989	0.00575	0.00629	0.01065	0.01302	0.05422	0.06021	0.62734	0.04126	0.07228	0.01007	0.00289	0.00413	0.03740	0.00611	0.00561
7	0.00933	0.00635	0.00718	0.00729	0.00748	0.00625	0.00422	0.00953	0.01018	0.01342	0.02512	0.09816	0.07457	0.66024	0.02984	0.00581	0.00598	0.01056	0.00430	0.00420
8	0.00893	0.00653	0.00853	0.00943	0.01057	0.00612	0.00714	0.01104	0.01484	0.01972	0.18714	0.35109	0.12831	0.01799	0.00837	0.00258	0.00418	0.18543	0.00634	0.00574
9	0.01365	0.01170	0.01365	0.00975	0.01560	0.00878	0.00780	0.01658	0.01365	0.02145	0.01170	0.01365	0.00975	0.00488	0.00488	0.00098	0.00488	0.00390	0.00390	0.80888
10	0.01760	0.77260	0.03450	0.01126	0.01690	0.02605	0.01126	0.01971	0.01338	0.01549	0.00915	0.01056	0.00845	0.00563	0.00422	0.00141	0.00704	0.00352	0.00282	0.00845
11	0.07333	0.01735	0.01803	0.01409	0.01911	0.06992	0.01154	0.45795	0.02605	0.20026	0.01737	0.01676	0.01195	0.00777	0.00640	0.00197	0.00707	0.00583	0.00657	0.01070
12	0.01577	0.01156	0.01306	0.01145	0.01449	0.01244	0.00884	0.12384	0.28754	0.07875	0.23048	0.05358	0.03187	0.06551	0.00899	0.00245	0.00496	0.00896	0.00673	0.00873
13	0.01306	0.01248	0.02153	0.62946	0.12983	0.01485	0.05122	0.01745	0.01350	0.01761	0.01186	0.01740	0.00904	0.00644	0.00663	0.00217	0.00877	0.00594	0.00299	0.00778
14	0.00889	0.00649	0.00788	0.00837	0.00978	0.00575	0.00593	0.01052	0.01427	0.03843	0.12498	0.41431	0.25838	0.01767	0.00796	0.00239	0.00367	0.01557	0.00623	0.03253
15	0.01929	0.01728	0.01785	0.01599	0.05731	0.11852	0.01209	0.25323	0.14251	0.02761	0.04291	0.05806	0.01550	0.00912	0.00888	0.00211	0.12226	0.00674	0.00528	0.04746

[dist]
# distance from previous block
# <min> <max>
0	2

[block]
# block no. 5 follows, 33 sequences, length 14
# corresponding to MSA columns:
# 352-365
name=unknown_F
#
# <colnr> <probs for GDERKNQSTAVLIFYWHMCP>
#	G	D	E	R	K	N	Q	S	T	A	V	L	I	F	Y	W	H	M	C	P
0	0.01431	0.01593	0.10109	0.31791	0.34958	0.01489	0.01934	0.01878	0.01409	0.01958	0.01202	0.01641	0.00952	0.00615	0.00644	0.00202	0.00828	0.00566	0.00310	0.04490
1	0.03707	0.01807	0.06377	0.11248	0.10393	0.09139	0.31105	0.05600	0.01609	0.02149	0.05914	0.01840	0.01300	0.00679	0.00768	0.00213	0.04245	0.00680	0.00368	0.00859
2	0.01481	0.01083	0.01203	0.01095	0.01352	0.03916	0.00844	0.14260	0.09439	0.07772	0.19636	0.16903	0.08003	0.04411	0.00854	0.00241	0.00510	0.05579	0.00649	0.00770
3	0.00844	0.00612	0.00766	0.00865	0.00935	0.00571	0.00591	0.00968	0.01290	0.01692	0.06791	0.48016	0.13800	0.13476	0.01219	0.00318	0.00425	0.05713	0.00583	0.00525
4	0.01583	0.02002	0.12988	0.02273	0.02863	0.06490	0.41147	0.05524	0.03551	0.02130	0.01569	0.01893	0.04605	0.00704	0.00858	0.00221	0.07646	0.00716	0.00362	0.00876
5	0.01586	0.05273	0.17462	0.12940	0.17518	0.03715	0.10065	0.10599	0.05195	0.02275	0.01540	0.04676	0.02758	0.00727	0.00663	0.00207	0.00838	0.00651	0.00387	0.00926
6	0.01382	0.00882	0.01103	0.01100	0.01339	0.00871	0.00891	0.01881	0.12910	0.13662	0.03703	0.16176	0.13416	0.01519	0.00800	0.00256	0.00510	0.26205	0.00652	0.00743
7	0.00964	0.00727	0.00877	0.00896	0.01053	0.00692	0.00669	0.03932	0.04135	0.02114	0.22581	0.24025	0.21001	0.04786	0.00907	0.00255	0.00405	0.08738	0.00636	0.00607
8	0.01612	0.01367	0.01672	0.17285	0.13467	0.08253	0.01265	0.11001	0.04812	0.07102	0.07584	0.07446	0.08987	0.04293	0.00804	0.00228	0.00693	0.00812	0.00494	0.00822
9	0.01605	0.02224	0.30708	0.01890	0.05341	0.01502	0.13568	0.10138	0.04566	0.07725	0.01684	0.04471	0.03234	0.00951	0.03985	0.00253	0.04138	0.00666	0.00417	0.00937
10	0.01482	0.00848	0.01045	0.00968	0.01237	0.00778	0.00760	0.04171	0.04015	0.20458	0.11061	0.15950	0.24069	0.01437	0.00765	0.00231	0.00449	0.08851	0.00678	0.00747
11	0.08120	0.15819	0.02064	0.01625	0.09563	0.14244	0.01194	0.10904	0.20072	0.05487	0.01592	0.01634	0.01233	0.00712	0.00582	0.00187	0.00723	0.00537	0.00480	0.03227
12	0.01818	0.06853	0.08852	0.08438	0.30494	0.07472	0.01657	0.07003	0.10524	0.08253	0.01509	0.01697	0.01159	0.00674	0.00633	0.00197	0.00779	0.00575	0.00425	0.00987
13	0.04712	0.01517	0.10811	0.01327	0.02995	0.09439	0.03810	0.01695	0.04242	0.03272	0.05774	0.14544	0.02019	0.04706	0.05802	0.05579	0.04050	0.02216	0.00433	0.11056

[dist]
# distance from previous block
# <min> <max>
7	51

[block]
# block no. 6 follows, 33 sequences, length 24
# corresponding to MSA columns:
# 417-440
name=unknown_G
#
# <colnr> <probs for GDERKNQSTAVLIFYWHMCP>
#	G	D	E	R	K	N	Q	S	T	A	V	L	I	F	Y	W	H	M	C	P
0	0.37651	0.01375	0.05019	0.03748	0.01803	0.01362	0.09001	0.05804	0.04185	0.11298	0.01599	0.08021	0.01336	0.00803	0.00576	0.00212	0.00623	0.02263	0.00484	0.02836
1	0.01691	0.01613	0.03962	0.06733	0.36556	0.07372	0.01575	0.06201	0.13617	0.04432	0.01823	0.02091	0.04744	0.03815	0.00766	0.00219	0.00742	0.00655	0.00434	0.00958
2	0.05403	0.01575	0.01917	0.07057	0.15703	0.07934	0.03722	0.19455	0.03925	0.07081	0.06333	0.02172	0.06687	0.00851	0.00789	0.00209	0.07104	0.00677	0.00497	0.00910
3	0.01429	0.01349	0.08567	0.04623	0.06666	0.01214	0.03040	0.05834	0.13885	0.05700	0.03756	0.06057	0.01797	0.14939	0.06963	0.00349	0.03567	0.00749	0.00470	0.09044
4	0.01484	0.01106	0.01188	0.01077	0.01343	0.06714	0.00811	0.12004	0.01764	0.09375	0.13546	0.29986	0.06013	0.01345	0.00726	0.00214	0.00514	0.01163	0.00612	0.09016
5	0.13051	0.04282	0.01764	0.01578	0.07014	0.14157	0.01179	0.19384	0.08204	0.02610	0.04045	0.01696	0.01286	0.01127	0.06640	0.00274	0.09809	0.00565	0.00466	0.00871
6	0.01227	0.00614	0.00614	0.00614	0.00767	0.00614	0.00460	0.01534	0.01381	0.02454	0.02148	0.02454	0.01687	0.00767	0.00460	0.00153	0.00307	0.00614	0.80518	0.00614
7	0.01106	0.00878	0.01386	0.01222	0.01420	0.00856	0.12511	0.01368	0.03064	0.04483	0.09032	0.30609	0.07988	0.09873	0.03991	0.00314	0.03158	0.01261	0.04844	0.00635
8	0.05905	0.02014	0.10172	0.09303	0.08213	0.13240	0.18717	0.12967	0.01740	0.02312	0.01325	0.04471	0.01077	0.00727	0.00749	0.00210	0.04955	0.00636	0.00388	0.00879
9	0.00966	0.00780	0.00864	0.00908	0.01080	0.03164	0.00700	0.01238	0.04189	0.01956	0.12622	0.19451	0.29539	0.01644	0.00796	0.00242	0.00433	0.15508	0.03324	0.00598
10	0.06148	0.12842	0.02205	0.03917	0.07478	0.26191	0.06505	0.04158	0.07217	0.01949	0.01218	0.01457	0.01005	0.00730	0.00795	0.00195	0.11044	0.00513	0.03611	0.00823
11	0.01046	0.00647	0.00865	0.00936	0.01038	0.00602	0.00672	0.01157	0.01339	0.07393	0.07423	0.45456	0.08714	0.01896	0.01035	0.10046	0.00434	0.08143	0.00594	0.00565
12	0.01978	0.24893	0.02510	0.06245	0.16682	0.26677	0.01410	0.02224	0.01558	0.04799	0.01102	0.01330	0.00924	0.00653	0.00637	0.00176	0.04549	0.00463	0.00334	0.00857
13	0.00985	0.00746	0.00913	0.00900	0.01073	0.00713	0.00665	0.05912	0.01566	0.02104	0.20334	0.26396	0.19519	0.02002	0.09701	0.00327	0.00550	0.01312	0.00602	0.03681
14	0.01422	0.04564	0.02072	0.25044	0.20802	0.01364	0.04551	0.04156	0.01495	0.02087	0.07365	0.01875	0.01416	0.00657	0.00624	0.00181	0.00715	0.00593	0.00374	0.18641
15	0.01718	0.13774	0.39928	0.01824	0.05869	0.22079	0.01900	0.02218	0.01521	0.01879	0.01100	0.01297	0.00850	0.00630	0.00589	0.00187	0.00985	0.00455	0.00298	0.00899
16	0.01144	0.00572	0.00858	0.00858	0.00858	0.00572	0.00572	0.00858	0.00858	0.01144	0.01144	0.02001	0.01144	0.02287	0.02573	0.80846	0.00572	0.00572	0.00286	0.00286
17	0.01747	0.01480	0.01504	0.01311	0.01689	0.04820	0.01028	0.17776	0.43961	0.02872	0.02803	0.05116	0.09017	0.00980	0.00681	0.00217	0.00571	0.00801	0.00645	0.00980
18	0.00813	0.00606	0.00759	0.00867	0.00957	0.00552	0.00603	0.00957	0.01356	0.01764	0.07955	0.54403	0.19696	0.01927	0.00825	0.00255	0.00376	0.04165	0.00617	0.00547
19	0.01438	0.01995	0.21397	0.16850	0.13045	0.01604	0.16626	0.02080	0.07573	0.02033	0.01322	0.01678	0.01014	0.00683	0.00813	0.00220	0.07780	0.00614	0.00335	0.00900
20	0.00917	0.00673	0.00914	0.00943	0.01037	0.00719	0.00692	0.01086	0.01129	0.01543	0.02608	0.13518	0.08557	0.18864	0.39264	0.00750	0.01156	0.04657	0.00434	0.00540
21	0.01755	0.09352	0.16091	0.01344	0.01866	0.01550	0.01283	0.17646	0.15855	0.08975	0.10665	0.02440	0.06576	0.00882	0.00653	0.00203	0.00641	0.00709	0.00565	0.00950
22	0.01693	0.01539	0.09380	0.09996	0.17161	0.03590	0.01433	0.05974	0.11929	0.12661	0.07550	0.04749	0.03880	0.00951	0.02464	0.00231	0.02666	0.00723	0.00507	0.00924
23	0.07635	0.07285	0.04791	0.04277	0.12261	0.01409	0.01152	0.13463	0.09025	0.04703	0.15008	0.02689	0.09094	0.00906	0.00647	0.00198	0.00583	0.00749	0.00535	0.03591

[dist]
# distance from previous block
# <min> <max>
1	3

[block]
# block no. 7 follows, 33 sequences, length 18
# corresponding to MSA columns:
# 444-461
name=unknown_H
#
# <colnr> <probs for GDERKNQSTAVLIFYWHMCP>
#	G	D	E	R	K	N	Q	S	T	A	V	L	I	F	Y	W	H	M	C	P
0	0.29301	0.07303	0.05230	0.01349	0.04607	0.07699	0.01097	0.12640	0.16412	0.02754	0.01539	0.01772	0.01226	0.00753	0.00561	0.00204	0.00654	0.03536	0.00485	0.00880
1	0.01593	0.15222	0.03902	0.08254	0.08920	0.08067	0.03707	0.04736	0.16179	0.03878	0.03773	0.12085	0.01895	0.00950	0.00654	0.00208	0.00693	0.03958	0.00474	0.00851
2	0.01279	0.03758	0.21659	0.05316	0.08316	0.02965	0.04699	0.04779	0.01494	0.02052	0.09114	0.12716	0.06955	0.04891	0.00907	0.00243	0.04244	0.03392	0.00436	0.00784
3	0.01227	0.00614	0.00614	0.00614	0.00767	0.00614	0.00460	0.01534	0.01381	0.02454	0.02148	0.02454	0.01687	0.00767	0.00460	0.00153	0.00307	0.00614	0.80518	0.00614
4	0.01798	0.73282	0.03365	0.01157	0.01708	0.06448	0.01134	0.02007	0.01366	0.01552	0.00921	0.01063	0.00845	0.00569	0.00432	0.00142	0.00730	0.00356	0.00285	0.00840
5	0.11876	0.01104	0.01303	0.01117	0.01466	0.01100	0.00885	0.14222	0.01794	0.28660	0.02430	0.16389	0.02147	0.06556	0.00874	0.00253	0.00558	0.05739	0.00654	0.00871
6	0.00913	0.00671	0.00844	0.00814	0.00952	0.00637	0.00593	0.01148	0.01585	0.02186	0.44267	0.04778	0.15089	0.12839	0.09464	0.00369	0.00526	0.01131	0.00618	0.00575
7	0.01372	0.01395	0.07609	0.05114	0.11389	0.03118	0.04093	0.05253	0.17327	0.02252	0.07676	0.13093	0.06606	0.01128	0.00774	0.00230	0.03110	0.07105	0.00524	0.00832
8	0.62674	0.01392	0.01655	0.01316	0.01784	0.01521	0.17124	0.01976	0.01222	0.02755	0.01014	0.01236	0.00780	0.00598	0.00494	0.00208	0.00651	0.00456	0.00390	0.00754
9	0.01586	0.01537	0.02666	0.09053	0.60127	0.01540	0.07043	0.01990	0.01485	0.02113	0.01238	0.01640	0.01025	0.00586	0.00656	0.00196	0.00803	0.00594	0.00326	0.03796
10	0.01450	0.01468	0.02173	0.01816	0.01872	0.01987	0.07208	0.01628	0.01054	0.01628	0.00903	0.01468	0.00875	0.01102	0.02045	0.00283	0.69421	0.00593	0.00292	0.00734
11	0.02411	0.00993	0.01341	0.01084	0.01485	0.00870	0.00867	0.02653	0.01796	0.54481	0.12723	0.08909	0.02545	0.03722	0.00790	0.00225	0.00512	0.00850	0.00770	0.00974
12	0.01100	0.00905	0.01004	0.01005	0.01220	0.00938	0.00751	0.01852	0.26010	0.02100	0.04187	0.26507	0.23637	0.01524	0.00765	0.00240	0.00427	0.04474	0.00632	0.00722
13	0.00923	0.00636	0.00830	0.00944	0.01035	0.00594	0.00682	0.01076	0.01338	0.04101	0.03816	0.51847	0.11013	0.04942	0.00941	0.00282	0.00433	0.13397	0.00609	0.00563
14	0.00872	0.00661	0.00810	0.00841	0.00994	0.00599	0.00634	0.01095	0.01581	0.02086	0.28844	0.20298	0.26847	0.01653	0.00806	0.00236	0.00368	0.09545	0.00651	0.00581
15	0.05572	0.18306	0.38755	0.07625	0.07923	0.07275	0.01907	0.02058	0.01404	0.01955	0.01104	0.01336	0.00851	0.00615	0.00574	0.00191	0.00888	0.00463	0.00295	0.00903
16	0.01778	0.01225	0.01447	0.01340	0.05156	0.01302	0.00995	0.06642	0.35367	0.16158	0.18100	0.02874	0.02777	0.00958	0.00691	0.00213	0.00506	0.00812	0.00692	0.00967
17	0.05389	0.15378	0.16083	0.05900	0.15831	0.04244	0.04311	0.07199	0.01626	0.10180	0.06541	0.01758	0.01385	0.00693	0.00609	0.00192	0.00762	0.00570	0.00420	0.00929

[dist]
# distance from previous block
# <min> <max>
0	1

[block]
# block no. 8 follows, 33 sequences, length 32
# corresponding to MSA columns:
# 463-494
name=unknown_I
#
# <colnr> <probs for GDERKNQSTAVLIFYWHMCP>
#	G	D	E	R	K	N	Q	S	T	A	V	L	I	F	Y	W	H	M	C	P
0	0.01219	0.00877	0.01054	0.01030	0.01235	0.00902	0.00772	0.01868	0.20310	0.07226	0.17642	0.25765	0.08448	0.01620	0.04413	0.00276	0.00490	0.03464	0.00652	0.00737
1	0.00802	0.00573	0.00764	0.00917	0.00955	0.00535	0.00611	0.00917	0.01260	0.01681	0.03628	0.76434	0.04354	0.02062	0.00840	0.00267	0.00382	0.01872	0.00611	0.00535
2	0.04210	0.01354	0.02065	0.32114	0.22027	0.01557	0.01650	0.08761	0.01512	0.04800	0.01280	0.01770	0.01031	0.03855	0.00925	0.00234	0.09038	0.00596	0.00366	0.00854
3	0.01599	0.09571	0.13092	0.12463	0.31464	0.01624	0.04371	0.04364	0.05807	0.04842	0.03653	0.01736	0.01219	0.00657	0.00635	0.00198	0.00786	0.00587	0.00374	0.00956
4	0.00897	0.00638	0.00854	0.00984	0.01059	0.00613	0.00728	0.01068	0.01342	0.01783	0.06882	0.46892	0.04128	0.07732	0.01051	0.00304	0.00465	0.21431	0.00599	0.00550
5	0.01658	0.01353	0.01520	0.01140	0.01688	0.01231	0.00918	0.17764	0.09590	0.02675	0.01433	0.01536	0.01124	0.00603	0.00547	0.00135	0.00546	0.00476	0.00483	0.53579
6	0.01714	0.44429	0.17482	0.01606	0.04482	0.09375	0.08792	0.02076	0.01429	0.01743	0.01034	0.01232	0.00866	0.00587	0.00526	0.00168	0.00852	0.00439	0.00294	0.00874
7	0.01575	0.01172	0.01390	0.01012	0.01581	0.00915	0.00813	0.01916	0.03816	0.11147	0.01402	0.01513	0.01093	0.00543	0.00516	0.00115	0.00498	0.00436	0.00453	0.68094
8	0.00916	0.00629	0.00722	0.00748	0.00773	0.00614	0.00444	0.00949	0.01054	0.01387	0.02715	0.16874	0.08426	0.57892	0.02710	0.00541	0.00569	0.01150	0.00453	0.00435
9	0.01608	0.06860	0.01378	0.01124	0.01410	0.01084	0.00920	0.12867	0.01775	0.14672	0.06682	0.16374	0.06996	0.04500	0.00863	0.00254	0.00556	0.18675	0.00625	0.00775
10	0.01282	0.00908	0.01106	0.01088	0.01252	0.00941	0.00802	0.16501	0.01681	0.04422	0.03001	0.49900	0.03357	0.04164	0.00920	0.00264	0.02758	0.04356	0.00611	0.00687
11	0.01365	0.01170	0.01365	0.00975	0.01560	0.00878	0.00780	0.01658	0.01365	0.02145	0.01170	0.01365	0.00975	0.00488	0.00488	0.00098	0.00488	0.00390	0.00390	0.80888
12	0.00952	0.00636	0.00720	0.00725	0.00727	0.00635	0.00407	0.00956	0.00968	0.01291	0.02130	0.06895	0.02464	0.74181	0.03261	0.00625	0.00629	0.00990	0.00407	0.00404
13	0.01430	0.01216	0.01392	0.01057	0.01592	0.01031	0.00844	0.03652	0.13233	0.02292	0.01502	0.01731	0.01235	0.00602	0.00535	0.00127	0.00502	0.02436	0.00450	0.63142
14	0.01527	0.39118	0.33809	0.01512	0.02239	0.02028	0.04294	0.01993	0.01357	0.01802	0.01082	0.01292	0.00879	0.00772	0.03588	0.00211	0.00880	0.00441	0.00285	0.00891
15	0.02087	0.01235	0.01500	0.01270	0.01648	0.01269	0.01046	0.26878	0.02150	0.22783	0.04388	0.07552	0.02153	0.01406	0.06406	0.00290	0.00703	0.13636	0.00668	0.00931
16	0.00865	0.00602	0.00758	0.00858	0.00887	0.00578	0.00553	0.00946	0.01164	0.01550	0.03084	0.49019	0.03654	0.28003	0.01714	0.00397	0.00479	0.03860	0.00537	0.00490
17	0.00940	0.00705	0.01058	0.01058	0.01176	0.00823	0.00823	0.01176	0.01058	0.01528	0.01763	0.02586	0.01646	0.04937	0.74255	0.01058	0.01763	0.00705	0.00353	0.00588
18	0.00817	0.00646	0.00739	0.00788	0.00946	0.00568	0.00578	0.00990	0.01467	0.01844	0.11914	0.26564	0.42254	0.01760	0.00804	0.00239	0.00362	0.05540	0.00622	0.00559
19	0.01554	0.01776	0.03885	0.02775	0.03441	0.01665	0.70366	0.02109	0.01554	0.02109	0.01332	0.01776	0.00999	0.00555	0.00777	0.00222	0.01110	0.00777	0.00333	0.00888
20	0.02253	0.01302	0.01526	0.01273	0.01712	0.01359	0.01018	0.06137	0.38045	0.33851	0.02598	0.02325	0.01805	0.00854	0.00666	0.00214	0.00547	0.00702	0.00733	0.01080
21	0.02037	0.01338	0.01929	0.02293	0.28601	0.01347	0.01377	0.02726	0.18366	0.25866	0.02060	0.02078	0.01499	0.00952	0.04315	0.00248	0.00695	0.00655	0.00572	0.01046
22	0.01900	0.00960	0.01216	0.01051	0.01364	0.00898	0.00817	0.07521	0.04077	0.32013	0.10770	0.16146	0.07770	0.07061	0.00930	0.00254	0.00504	0.03203	0.00698	0.00846
23	0.01741	0.01204	0.01555	0.01713	0.15935	0.03446	0.01103	0.09390	0.05864	0.17644	0.02898	0.17806	0.12047	0.01154	0.00761	0.00220	0.03072	0.00985	0.00587	0.00875
24	0.29880	0.05158	0.03992	0.03753	0.01756	0.29639	0.01074	0.03718	0.01503	0.02175	0.01254	0.04382	0.01119	0.00935	0.03590	0.00231	0.00865	0.03848	0.00389	0.00740
25	0.01187	0.00721	0.00850	0.00805	0.01024	0.00636	0.00603	0.01393	0.01569	0.13056	0.17090	0.14400	0.32887	0.03642	0.00818	0.00229	0.00378	0.01232	0.06829	0.00652
26	0.01661	0.01708	0.08085	0.03365	0.53687	0.01601	0.01880	0.06523	0.10553	0.02348	0.01440	0.01713	0.01155	0.00642	0.00652	0.00200	0.00760	0.00599	0.00387	0.01042
27	0.01269	0.00966	0.01292	0.01478	0.13735	0.00952	0.00937	0.01793	0.12516	0.07190	0.29092	0.09513	0.14189	0.01210	0.00735	0.00214	0.00452	0.01062	0.00626	0.00778
28	0.01465	0.01420	0.02151	0.05776	0.13151	0.03260	0.13120	0.02065	0.14670	0.02064	0.07782	0.02217	0.01702	0.05610	0.01244	0.00258	0.20071	0.00719	0.00421	0.00833
29	0.00849	0.00652	0.00797	0.00825	0.00972	0.00600	0.00607	0.01052	0.01495	0.01966	0.23008	0.22940	0.28966	0.02008	0.08116	0.00315	0.00489	0.03155	0.00616	0.00573
30	0.01122	0.00765	0.00934	0.00961	0.01085	0.00753	0.00684	0.08460	0.01462	0.04849	0.03272	0.40870	0.08228	0.16097	0.01294	0.00328	0.00490	0.07160	0.00584	0.00603
31	0.01713	0.09536	0.02103	0.10235	0.16155	0.16545	0.03412	0.05396	0.01564	0.01990	0.01181	0.01477	0.00979	0.00812	0.04236	0.00207	0.00851	0.00492	0.00354	0.20764

[dist]
# distance from previous block
# <min> <max>
6	9

[block]
# block no. 9 follows, 33 sequences, length 37
# corresponding to MSA columns:
# 505-541
name=unknown_J
#
# <colnr> <probs for GDERKNQSTAVLIFYWHMCP>
#	G	D	E	R	K	N	Q	S	T	A	V	L	I	F	Y	W	H	M	C	P
0	0.01481	0.01393	0.02302	0.35707	0.36173	0.01558	0.01878	0.04491	0.01456	0.01991	0.01203	0.01675	0.00963	0.00653	0.00726	0.00211	0.04339	0.00586	0.00322	0.00891
1	0.01559	0.01569	0.09750	0.11476	0.15677	0.01346	0.01419	0.14356	0.01708	0.02415	0.01548	0.04742	0.02768	0.00729	0.00621	0.00179	0.00688	0.02714	0.00422	0.24315
2	0.00891	0.00650	0.00830	0.00916	0.01012	0.00612	0.00648	0.03289	0.01456	0.01945	0.15226	0.52244	0.10518	0.01854	0.00822	0.00253	0.00389	0.05240	0.00631	0.00574
3	0.00921	0.00650	0.00851	0.00906	0.00961	0.00670	0.00628	0.01042	0.01117	0.01515	0.02540	0.23370	0.02852	0.31166	0.20899	0.00617	0.00860	0.07469	0.00463	0.00504
4	0.05712	0.01429	0.02277	0.19125	0.25583	0.01505	0.10010	0.07676	0.06178	0.09691	0.03382	0.01849	0.01252	0.00681	0.00662	0.00208	0.00773	0.00633	0.00434	0.00940
5	0.04901	0.07627	0.01924	0.01446	0.01911	0.14198	0.01176	0.36058	0.15233	0.06493	0.01663	0.01650	0.01227	0.00768	0.00624	0.00194	0.00749	0.00569	0.00577	0.01011
6	0.01357	0.01276	0.01880	0.03972	0.01924	0.04109	0.14468	0.04157	0.03648	0.01906	0.01558	0.07337	0.01452	0.06414	0.14716	0.00390	0.12422	0.00722	0.00387	0.15907
7	0.01521	0.01434	0.02289	0.01822	0.02048	0.01721	0.16401	0.01781	0.01250	0.05966	0.04929	0.01741	0.01233	0.00964	0.01576	0.00251	0.45509	0.00645	0.00359	0.06561
8	0.02126	0.01518	0.06717	0.01322	0.01749	0.05755	0.01125	0.12234	0.15541	0.26850	0.02374	0.05313	0.03927	0.03435	0.00835	0.00230	0.04160	0.03183	0.00636	0.00971
9	0.01576	0.01534	0.02956	0.06872	0.29542	0.01491	0.31734	0.02012	0.01513	0.05619	0.01534	0.07705	0.01309	0.00706	0.00722	0.00215	0.00887	0.00776	0.00374	0.00922
10	0.03841	0.01066	0.01881	0.01517	0.01782	0.01056	0.22612	0.02876	0.05766	0.01720	0.01479	0.02336	0.01349	0.05613	0.01732	0.37437	0.00744	0.04255	0.00360	0.00578
11	0.01481	0.01411	0.02371	0.19762	0.52282	0.01469	0.01868	0.01867	0.01458	0.02019	0.01615	0.01997	0.06162	0.00681	0.00662	0.00203	0.00771	0.00644	0.00339	0.00938
12	0.01634	0.01083	0.01621	0.19667	0.02317	0.01118	0.06401	0.08553	0.01751	0.17527	0.17616	0.10836	0.02725	0.01040	0.00722	0.00219	0.00624	0.03148	0.00584	0.00815
13	0.01759	0.01694	0.04681	0.06959	0.11640	0.08006	0.21193	0.08701	0.08302	0.07382	0.01694	0.04106	0.01390	0.00800	0.00777	0.00219	0.04373	0.04966	0.00448	0.00907
14	0.01616	0.10251	0.15239	0.09686	0.07131	0.10279	0.32276	0.02103	0.01512	0.01945	0.01203	0.01552	0.00927	0.00595	0.00672	0.00203	0.01010	0.00610	0.00314	0.00876
15	0.01043	0.00797	0.01155	0.05559	0.06490	0.00802	0.02507	0.01234	0.01354	0.04709	0.05860	0.46125	0.09259	0.01668	0.00874	0.00252	0.04507	0.04612	0.00560	0.00633
16	0.01391	0.04629	0.09159	0.19633	0.06358	0.04052	0.09002	0.05144	0.01460	0.01973	0.06585	0.06525	0.01678	0.01081	0.03877	0.00261	0.11687	0.04338	0.00385	0.00781
17	0.01410	0.01387	0.02442	0.28569	0.22023	0.01524	0.15029	0.01863	0.03871	0.01920	0.01401	0.06415	0.01203	0.00758	0.00820	0.00223	0.07248	0.00708	0.00342	0.00843
18	0.01825	0.18275	0.24680	0.12300	0.02516	0.04597	0.01629	0.08514	0.04178	0.13320	0.01431	0.01554	0.01038	0.00674	0.00596	0.00193	0.00806	0.00516	0.00417	0.00941
19	0.01348	0.01375	0.02610	0.40943	0.03795	0.01528	0.26393	0.01801	0.01370	0.01821	0.01246	0.01794	0.00965	0.00897	0.05066	0.00273	0.05025	0.00661	0.00310	0.00779
20	0.01307	0.01582	0.17448	0.23673	0.02739	0.01243	0.09642	0.01740	0.03237	0.05322	0.01617	0.05003	0.01452	0.19666	0.01342	0.00323	0.00823	0.00733	0.00368	0.00741
21	0.01659	0.01377	0.02178	0.26617	0.20269	0.01499	0.07475	0.09480	0.05703	0.08530	0.01584	0.05790	0.01274	0.00763	0.00719	0.00215	0.02846	0.00688	0.00429	0.00905
