[name]
unknown

[dist]
# distance from previous block
# <min> <max>
6	224

[block]
# block no. 0 follows, 27 sequences, length 35
# corresponding to MSA columns:
# 229-247,251-266
name=unknown_A
#
# <colnr> <probs for GDERKNQSTAVLIFYWHMCP>
#	G	D	E	R	K	N	Q	S	T	A	V	L	I	F	Y	W	H	M	C	P
0	0.01798	0.02146	0.12401	0.02273	0.02890	0.08831	0.30611	0.04724	0.05983	0.05380	0.02151	0.11373	0.03987	0.00961	0.00822	0.00247	0.01017	0.00956	0.00481	0.00968
1	0.01839	0.06013	0.11518	0.08514	0.30694	0.08477	0.03594	0.06830	0.03866	0.02415	0.01839	0.04679	0.04825	0.00834	0.00731	0.00225	0.00911	0.00727	0.00424	0.01047
2	0.01210	0.08470	0.01249	0.00939	0.01107	0.01002	0.00676	0.03681	0.01588	0.02130	0.23575	0.04698	0.09246	0.32382	0.04625	0.00469	0.00633	0.01106	0.00580	0.00633
3	0.01398	0.17026	0.04230	0.01116	0.01464	0.01388	0.00943	0.06992	0.05383	0.02398	0.16558	0.14780	0.18375	0.03673	0.00867	0.00247	0.00555	0.01186	0.00620	0.00802
4	0.01553	0.08818	0.48535	0.02041	0.02957	0.01733	0.11213	0.02280	0.01587	0.02351	0.01446	0.01723	0.01067	0.00705	0.00691	0.00225	0.01016	0.00597	0.08431	0.01030
5	0.01645	0.19591	0.30442	0.01581	0.02315	0.03698	0.01748	0.05467	0.01682	0.02301	0.06767	0.02065	0.04399	0.00896	0.00772	0.04264	0.00852	0.00617	0.00407	0.08492
6	0.01892	0.61191	0.16245	0.01428	0.02150	0.02711	0.01545	0.02247	0.01519	0.01859	0.01088	0.01261	0.00950	0.00648	0.00519	0.00173	0.00851	0.00425	0.00317	0.00980
7	0.70654	0.01423	0.01215	0.08755	0.01838	0.01664	0.00941	0.02151	0.01288	0.03174	0.01065	0.01290	0.00824	0.00695	0.00490	0.00232	0.00620	0.00430	0.00445	0.00806
8	0.01659	0.01951	0.06822	0.02847	0.03557	0.01744	0.56974	0.02257	0.01759	0.02389	0.05338	0.02437	0.04951	0.00741	0.00869	0.00249	0.01152	0.00922	0.00412	0.00970
9	0.01778	0.01610	0.05407	0.17418	0.09856	0.01610	0.10538	0.16051	0.02042	0.04566	0.05803	0.06498	0.06906	0.00987	0.00814	0.00240	0.02336	0.00877	0.03699	0.00965
10	0.01303	0.00800	0.00908	0.00906	0.01072	0.00812	0.00665	0.06214	0.01630	0.02516	0.05086	0.18553	0.05614	0.05758	0.07641	0.00339	0.00580	0.01091	0.37817	0.00695
11	0.01911	0.01627	0.01715	0.01524	0.01955	0.01877	0.01191	0.08132	0.63645	0.03210	0.02939	0.02704	0.02199	0.00999	0.00755	0.00250	0.00603	0.00828	0.00755	0.01181
12	0.01524	0.01302	0.01522	0.01094	0.01739	0.00981	0.00874	0.01855	0.01557	0.02436	0.03417	0.01664	0.01283	0.00580	0.00560	0.00114	0.00544	0.00468	0.00452	0.76035
13	0.00918	0.00652	0.00857	0.01016	0.01056	0.00612	0.00671	0.01037	0.01395	0.01860	0.03957	0.68143	0.04740	0.07841	0.01166	0.00334	0.00453	0.02031	0.00671	0.00591
14	0.01277	0.00975	0.01028	0.00961	0.01273	0.00928	0.00737	0.01888	0.16145	0.07450	0.06189	0.05838	0.49302	0.01616	0.00841	0.00249	0.00442	0.01345	0.00721	0.00795
15	0.01517	0.00915	0.01170	0.01102	0.01374	0.00855	0.00884	0.01921	0.05407	0.14967	0.29766	0.05705	0.14697	0.01552	0.00878	0.00260	0.00491	0.14941	0.00784	0.00814
16	0.03331	0.01263	0.01723	0.01321	0.01895	0.01091	0.01091	0.03618	0.02125	0.69794	0.02929	0.02527	0.01838	0.00919	0.00747	0.00230	0.00632	0.00747	0.00919	0.01263
17	0.03122	0.01315	0.01703	0.01318	0.01864	0.01202	0.01085	0.10880	0.02241	0.57014	0.02755	0.02458	0.01775	0.00911	0.00729	0.00225	0.00631	0.00733	0.06819	0.01219
18	0.01332	0.01183	0.01872	0.48949	0.03911	0.01408	0.01721	0.01834	0.04399	0.02013	0.02303	0.07383	0.04900	0.01133	0.00812	0.00268	0.00858	0.12478	0.00449	0.00793
19	0.01765	0.01458	0.01721	0.05291	0.01909	0.09641	0.04181	0.06241	0.01625	0.08062	0.01923	0.02805	0.01708	0.08033	0.16731	0.00497	0.13037	0.04777	0.07780	0.00815
20	0.79154	0.01436	0.01091	0.00976	0.01436	0.01665	0.00804	0.02182	0.01263	0.03331	0.01034	0.01206	0.00804	0.00689	0.00459	0.00230	0.00574	0.00402	0.00459	0.00804
21	0.01829	0.01979	0.02227	0.16125	0.02664	0.17092	0.01671	0.02065	0.01418	0.01815	0.01082	0.01634	0.00974	0.01070	0.01709	0.00280	0.42588	0.00614	0.00338	0.00825
22	0.01648	0.21147	0.20790	0.01493	0.02076	0.08798	0.01527	0.04426	0.01735	0.02249	0.13288	0.02538	0.05144	0.01425	0.08362	0.00315	0.00968	0.00716	0.00451	0.00904
23	0.05999	0.09615	0.02696	0.03276	0.42290	0.01845	0.01835	0.05350	0.08299	0.06057	0.01704	0.02141	0.01412	0.00778	0.00708	0.00223	0.00803	0.03386	0.00464	0.01119
24	0.01293	0.00810	0.01062	0.00981	0.01171	0.00764	0.00729	0.01584	0.01891	0.09639	0.47490	0.04910	0.05454	0.11213	0.07392	0.00380	0.00571	0.01198	0.00743	0.00723
25	0.01057	0.00763	0.01002	0.00954	0.01129	0.00708	0.00723	0.01407	0.02083	0.02942	0.65890	0.05676	0.06879	0.01542	0.00882	0.00238	0.00366	0.04247	0.00811	0.00700
26	0.01687	0.01813	0.07975	0.21134	0.42063	0.01764	0.04598	0.02165	0.01602	0.02251	0.01353	0.01847	0.01098	0.00718	0.00831	0.00235	0.04798	0.00660	0.00352	0.01056
27	0.01254	0.01003	0.01171	0.01200	0.01453	0.01027	0.00974	0.01990	0.18565	0.02392	0.06547	0.08911	0.22754	0.01731	0.00906	0.00288	0.00551	0.25786	0.00707	0.00790
28	0.00917	0.00659	0.00873	0.01039	0.01096	0.00615	0.00708	0.01058	0.01444	0.01914	0.04201	0.68157	0.07071	0.02298	0.00949	0.00302	0.00441	0.04961	0.00689	0.00608
29	0.00908	0.00659	0.00858	0.01008	0.01072	0.00608	0.00680	0.01050	0.01468	0.01944	0.06757	0.65641	0.10090	0.02260	0.00939	0.00295	0.00423	0.02039	0.00694	0.00608
30	0.05043	0.14782	0.14743	0.01554	0.02198	0.01983	0.01492	0.21632	0.10994	0.11238	0.02163	0.02137	0.05092	0.00878	0.00688	0.00220	0.00778	0.00671	0.00599	0.01114
31	0.01851	0.01949	0.03073	0.10962	0.33576	0.09287	0.16877	0.02286	0.01673	0.02230	0.01345	0.01816	0.01101	0.00735	0.00926	0.00237	0.07994	0.00690	0.00363	0.01029
32	0.01102	0.03777	0.01034	0.00932	0.01000	0.00850	0.00616	0.01196	0.01197	0.01625	0.05994	0.08009	0.02799	0.47946	0.18140	0.00751	0.00966	0.01059	0.00466	0.00540
33	0.01758	0.14440	0.05313	0.19222	0.31346	0.04290	0.03957	0.02252	0.04321	0.02168	0.01390	0.01803	0.01139	0.00825	0.02577	0.00244	0.00944	0.00622	0.00366	0.01023
34	0.01293	0.01188	0.04188	0.01048	0.01533	0.00881	0.00859	0.01606	0.01639	0.02375	0.12202	0.08742	0.15182	0.01084	0.00696	0.00174	0.00503	0.00916	0.00554	0.43336

[dist]
# distance from previous block
# <min> <max>
0	2

[block]
# block no. 1 follows, 27 sequences, length 27
# corresponding to MSA columns:
# 269-284,293-303
name=unknown_B
#
# <colnr> <probs for GDERKNQSTAVLIFYWHMCP>
#	G	D	E	R	K	N	Q	S	T	A	V	L	I	F	Y	W	H	M	C	P
0	0.02057	0.57825	0.03423	0.03954	0.02039	0.13096	0.01293	0.02302	0.01600	0.01806	0.01119	0.01309	0.00995	0.00668	0.00517	0.00168	0.00865	0.00431	0.03611	0.00923
1	0.00922	0.00670	0.00875	0.01031	0.01102	0.00623	0.00713	0.01072	0.01466	0.01928	0.04394	0.62802	0.10732	0.02266	0.00947	0.00300	0.00443	0.06413	0.00689	0.00611
2	0.01584	0.17395	0.57344	0.01953	0.02962	0.01957	0.02460	0.02326	0.01556	0.02235	0.01275	0.01495	0.00943	0.00692	0.00661	0.00220	0.01039	0.00519	0.00314	0.01069
3	0.01680	0.01691	0.03160	0.13675	0.20809	0.01705	0.28950	0.02324	0.06917	0.02384	0.01812	0.02225	0.03445	0.00737	0.00790	0.00238	0.00984	0.00796	0.04672	0.01005
4	0.04126	0.03351	0.56151	0.11519	0.03433	0.01718	0.04974	0.02285	0.01553	0.02324	0.01327	0.01627	0.00949	0.00707	0.00708	0.00237	0.01071	0.00571	0.00323	0.01047
5	0.50815	0.01165	0.00946	0.00873	0.01228	0.01311	0.00700	0.02017	0.01370	0.03126	0.01539	0.01775	0.01204	0.00753	0.00481	0.00209	0.00491	0.00508	0.28726	0.00763
6	0.01982	0.01932	0.01718	0.05783	0.02093	0.17581	0.01217	0.08119	0.33504	0.02751	0.05356	0.02795	0.07633	0.01016	0.00742	0.00232	0.00768	0.00809	0.02960	0.01009
7	0.01051	0.00759	0.00992	0.00934	0.01109	0.00700	0.00700	0.01401	0.02101	0.02977	0.68888	0.05545	0.07005	0.01518	0.00876	0.00233	0.00350	0.01343	0.00817	0.00700
8	0.01630	0.01532	0.02512	0.03696	0.53579	0.01508	0.01895	0.02026	0.01723	0.02406	0.07702	0.02931	0.11830	0.00913	0.00768	0.00226	0.00763	0.00852	0.00452	0.01055
9	0.01078	0.00724	0.00832	0.00832	0.00840	0.00732	0.00478	0.01094	0.01086	0.01456	0.02319	0.04746	0.02650	0.69953	0.07669	0.00747	0.00793	0.01063	0.00447	0.00462
10	0.02017	0.71430	0.03816	0.01297	0.01921	0.05747	0.01277	0.02254	0.01533	0.01749	0.01037	0.01197	0.00953	0.00640	0.00484	0.00160	0.00816	0.00400	0.00320	0.00949
11	0.66976	0.01617	0.06634	0.06589	0.01862	0.01669	0.01055	0.02173	0.01305	0.03142	0.01079	0.01295	0.00829	0.00695	0.00501	0.00232	0.00648	0.00434	0.00438	0.00829
12	0.01212	0.01023	0.01577	0.01458	0.01601	0.01193	0.06121	0.01469	0.01305	0.01873	0.02242	0.15049	0.02297	0.03479	0.34405	0.00723	0.15073	0.04674	0.02518	0.00709
13	0.01063	0.00800	0.01053	0.01118	0.03842	0.00743	0.00809	0.01372	0.01910	0.02613	0.42630	0.12276	0.15186	0.01683	0.00897	0.00256	0.00427	0.09873	0.00751	0.00697
14	0.00947	0.00755	0.00849	0.00826	0.01046	0.00656	0.00619	0.01201	0.01857	0.02398	0.32307	0.06499	0.43946	0.01734	0.00877	0.00244	0.00366	0.01476	0.00741	0.00656
15	0.01418	0.02773	0.42655	0.01919	0.02634	0.01620	0.04564	0.02040	0.01430	0.02132	0.01442	0.01902	0.01163	0.01901	0.17110	0.00468	0.10906	0.00631	0.00337	0.00955
16	0.70962	0.01470	0.01295	0.01356	0.08624	0.01676	0.00960	0.02192	0.01309	0.03235	0.01072	0.01273	0.00843	0.00686	0.00489	0.00229	0.00607	0.00429	0.00450	0.00843
17	0.13515	0.01287	0.01638	0.01275	0.01833	0.01168	0.01053	0.03425	0.02009	0.60866	0.02674	0.02349	0.01699	0.00888	0.00708	0.00230	0.00624	0.00700	0.00857	0.01202
18	0.02342	0.01841	0.01958	0.01611	0.02119	0.02078	0.01295	0.35873	0.35203	0.03905	0.02392	0.02268	0.01756	0.00948	0.00749	0.00237	0.00704	0.00752	0.00749	0.01219
19	0.03331	0.01263	0.01723	0.01321	0.01895	0.01091	0.01091	0.03618	0.02125	0.69794	0.02929	0.02527	0.01838	0.00919	0.00747	0.00230	0.00632	0.00747	0.00919	0.01263
20	0.00902	0.00654	0.00853	0.01012	0.01071	0.00605	0.00679	0.01036	0.01443	0.01904	0.04361	0.68222	0.09940	0.02291	0.00942	0.00298	0.00426	0.02068	0.00689	0.00605
21	0.01273	0.00651	0.00955	0.00955	0.00955	0.00651	0.00630	0.00976	0.00976	0.01301	0.01371	0.02459	0.01399	0.08116	0.02969	0.72371	0.00651	0.00678	0.00332	0.00332
22	0.01346	0.00756	0.00853	0.00810	0.01020	0.00712	0.00614	0.01668	0.01768	0.07072	0.22247	0.04138	0.12375	0.01192	0.00684	0.00204	0.00370	0.01000	0.40445	0.00723
23	0.03331	0.01263	0.01723	0.01321	0.01895	0.01091	0.01091	0.03618	0.02125	0.69794	0.02929	0.02527	0.01838	0.00919	0.00747	0.00230	0.00632	0.00747	0.00919	0.01263
24	0.03266	0.01367	0.01787	0.01370	0.01947	0.01244	0.01132	0.11621	0.02298	0.61547	0.02784	0.02432	0.01765	0.00915	0.00746	0.00229	0.00655	0.00737	0.00897	0.01263
25	0.69100	0.01382	0.01119	0.00988	0.01441	0.01569	0.00811	0.02269	0.01346	0.08460	0.01255	0.01392	0.00943	0.00716	0.00485	0.00227	0.00566	0.00444	0.04653	0.00834
26	0.05125	0.01252	0.01599	0.01334	0.01791	0.01185	0.01097	0.11467	0.02162	0.41110	0.05144	0.08886	0.02508	0.01209	0.00799	0.00252	0.00638	0.10530	0.00823	0.01090

[dist]
# distance from previous block
# <min> <max>
0	10

[block]
# block no. 2 follows, 27 sequences, length 115
# corresponding to MSA columns:
# 314-428
name=unknown_C
#
# <colnr> <probs for GDERKNQSTAVLIFYWHMCP>
#	G	D	E	R	K	N	Q	S	T	A	V	L	I	F	Y	W	H	M	C	P
0	0.79154	0.01436	0.01091	0.00976	0.01436	0.01665	0.00804	0.02182	0.01263	0.03331	0.01034	0.01206	0.00804	0.00689	0.00459	0.00230	0.00574	0.00402	0.00459	0.00804
1	0.01624	0.01624	0.02274	0.01949	0.01949	0.02274	0.01624	0.01787	0.01137	0.01787	0.00975	0.01624	0.00975	0.01299	0.02436	0.00325	0.72552	0.00650	0.00325	0.00812
2	0.00923	0.00665	0.00879	0.01044	0.01105	0.00621	0.00718	0.01069	0.01453	0.01922	0.04229	0.66143	0.07644	0.02288	0.00950	0.00302	0.00445	0.06301	0.00689	0.00609
3	0.05005	0.02769	0.02531	0.02192	0.05562	0.40831	0.15160	0.02915	0.09263	0.04532	0.01499	0.01697	0.01173	0.00761	0.00721	0.00214	0.01166	0.00617	0.00443	0.00951
4	0.00979	0.00756	0.00893	0.00859	0.01065	0.00670	0.00644	0.01262	0.01932	0.02574	0.43456	0.06208	0.32687	0.01668	0.00876	0.00241	0.00361	0.01435	0.00764	0.00670
5	0.01047	0.00752	0.00968	0.00923	0.01096	0.00693	0.00689	0.01382	0.02043	0.02888	0.61910	0.08045	0.09500	0.01545	0.00868	0.00235	0.00354	0.01362	0.03005	0.00693
6	0.01837	0.01764	0.03013	0.04557	0.69279	0.01764	0.02278	0.02278	0.01690	0.02425	0.01396	0.01837	0.01176	0.00661	0.00735	0.00220	0.00882	0.00661	0.00367	0.01176
7	0.01488	0.01180	0.01410	0.06193	0.01854	0.01295	0.01118	0.02565	0.30833	0.04440	0.03522	0.17524	0.06261	0.01513	0.00857	0.00281	0.00599	0.15461	0.00699	0.00908
8	0.00904	0.00646	0.00861	0.01034	0.01077	0.00603	0.00689	0.01034	0.01421	0.01895	0.04092	0.73426	0.04910	0.02326	0.00948	0.00301	0.00431	0.02110	0.00689	0.00603
9	0.01042	0.00759	0.00981	0.00925	0.01104	0.00697	0.00694	0.01385	0.02081	0.02930	0.65890	0.05623	0.10032	0.01535	0.00876	0.00234	0.00351	0.01354	0.00811	0.00697
10	0.01853	0.01946	0.09388	0.08282	0.40599	0.01734	0.16037	0.02366	0.01706	0.06650	0.01505	0.01901	0.01173	0.00680	0.00764	0.00231	0.00972	0.00702	0.00397	0.01113
11	0.02765	0.01445	0.01861	0.03890	0.02010	0.03628	0.01239	0.07497	0.01951	0.43885	0.02312	0.02335	0.01601	0.04148	0.01221	0.00269	0.15384	0.00724	0.00728	0.01108
12	0.79154	0.01436	0.01091	0.00976	0.01436	0.01665	0.00804	0.02182	0.01263	0.03331	0.01034	0.01206	0.00804	0.00689	0.00459	0.00230	0.00574	0.00402	0.00459	0.00804
13	0.03331	0.01263	0.01723	0.01321	0.01895	0.01091	0.01091	0.03618	0.02125	0.69794	0.02929	0.02527	0.01838	0.00919	0.00747	0.00230	0.00632	0.00747	0.00919	0.01263
14	0.02443	0.35335	0.02909	0.01578	0.02104	0.30644	0.01344	0.08948	0.01972	0.04761	0.01228	0.01363	0.01020	0.00725	0.00592	0.00181	0.01013	0.00471	0.00410	0.00958
15	0.01008	0.00752	0.00936	0.00900	0.01085	0.00681	0.00671	0.01314	0.01986	0.02725	0.53153	0.08858	0.19933	0.01629	0.00879	0.00240	0.00359	0.01423	0.00785	0.00681
16	0.02703	0.09797	0.02262	0.01856	0.02261	0.64921	0.01420	0.02899	0.02051	0.01811	0.01137	0.01326	0.00956	0.00754	0.00652	0.00188	0.01291	0.00471	0.00377	0.00869
17	0.01604	0.01594	0.02235	0.01922	0.01927	0.02225	0.01599	0.01770	0.01139	0.01784	0.01011	0.01671	0.01006	0.01453	0.04904	0.00356	0.70010	0.00655	0.00327	0.00807
18	0.02004	0.01706	0.01634	0.01344	0.01786	0.15830	0.01053	0.02269	0.01698	0.11913	0.01784	0.07280	0.01521	0.00880	0.00806	0.00184	0.07377	0.00660	0.06660	0.31612
19	0.01846	0.01595	0.01679	0.01511	0.01930	0.01846	0.01175	0.03945	0.67938	0.03105	0.03022	0.02770	0.02266	0.01007	0.00755	0.00252	0.00588	0.00839	0.00755	0.01175
20	0.01855	0.07415	0.02881	0.15962	0.43242	0.01818	0.04374	0.02275	0.01647	0.06528	0.01438	0.01853	0.01157	0.00714	0.00788	0.00226	0.03702	0.00653	0.00390	0.01081
21	0.02430	0.01852	0.01797	0.01541	0.02006	0.12483	0.01212	0.08361	0.36628	0.19496	0.02614	0.02413	0.01881	0.00939	0.00739	0.00235	0.00733	0.00747	0.00737	0.01154
22	0.02100	0.02494	0.02341	0.01985	0.02355	0.37345	0.15041	0.02376	0.01850	0.01987	0.04089	0.14148	0.01891	0.01067	0.00881	0.00233	0.05649	0.00886	0.00446	0.00837
23	0.02731	0.01991	0.02130	0.01644	0.02211	0.02200	0.01354	0.62673	0.03368	0.04557	0.01823	0.01845	0.01303	0.00889	0.00728	0.00220	0.00787	0.00670	0.05650	0.01226
24	0.02052	0.01697	0.01795	0.01552	0.02009	0.01943	0.01225	0.17211	0.54337	0.03437	0.02760	0.02561	0.02054	0.00983	0.00753	0.00246	0.00636	0.00803	0.00753	0.01193
25	0.01539	0.01319	0.01539	0.01100	0.01759	0.00990	0.00880	0.01869	0.01539	0.02419	0.01319	0.01539	0.01100	0.00550	0.00550	0.00110	0.00550	0.00440	0.00440	0.78449
26	0.00924	0.00661	0.00879	0.01021	0.01081	0.00616	0.00691	0.01082	0.01510	0.02037	0.12571	0.64543	0.05184	0.02220	0.00938	0.00293	0.00420	0.02010	0.00706	0.00616
27	0.01402	0.01319	0.02227	0.72126	0.05113	0.01649	0.02062	0.01897	0.01484	0.01897	0.01319	0.01979	0.00990	0.00742	0.00742	0.00247	0.00990	0.00660	0.00330	0.00825
28	0.03331	0.01263	0.01723	0.01321	0.01895	0.01091	0.01091	0.03618	0.02125	0.69794	0.02929	0.02527	0.01838	0.00919	0.00747	0.00230	0.00632	0.00747	0.00919	0.01263
29	0.03331	0.01263	0.01723	0.01321	0.01895	0.01091	0.01091	0.03618	0.02125	0.69794	0.02929	0.02527	0.01838	0.00919	0.00747	0.00230	0.00632	0.00747	0.00919	0.01263
30	0.01384	0.00692	0.00692	0.00692	0.00865	0.00692	0.00519	0.01730	0.01557	0.02768	0.02422	0.02768	0.01903	0.00865	0.00519	0.00173	0.00346	0.00692	0.78031	0.00692
31	0.01075	0.00738	0.00905	0.00905	0.00938	0.00771	0.00568	0.01141	0.01108	0.01510	0.02252	0.04377	0.02490	0.56961	0.20442	0.00837	0.01034	0.01009	0.00437	0.00503
32	0.02010	0.54228	0.15730	0.01451	0.02157	0.05111	0.01533	0.02363	0.01581	0.06213	0.01212	0.01350	0.01007	0.00671	0.00542	0.00178	0.00859	0.00450	0.00358	0.00995
33	0.79154	0.01436	0.01091	0.00976	0.01436	0.01665	0.00804	0.02182	0.01263	0.03331	0.01034	0.01206	0.00804	0.00689	0.00459	0.00230	0.00574	0.00402	0.00459	0.00804
34	0.01398	0.01298	0.02186	0.69840	0.04980	0.01617	0.02016	0.01867	0.01468	0.01877	0.01319	0.01988	0.00999	0.00801	0.00812	0.02758	0.00979	0.00659	0.00330	0.00809
35	0.00904	0.00646	0.00861	0.01034	0.01077	0.00603	0.00689	0.01034	0.01421	0.01895	0.04092	0.73426	0.04910	0.02326	0.00948	0.00301	0.00431	0.02110	0.00689	0.00603
36	0.01985	0.74357	0.03890	0.01270	0.01905	0.02937	0.01270	0.02223	0.01508	0.01747	0.01032	0.01191	0.00953	0.00635	0.00476	0.00159	0.00794	0.00397	0.00318	0.00953
37	0.00886	0.00752	0.00764	0.00761	0.01008	0.00630	0.00571	0.01082	0.01712	0.02053	0.10518	0.07066	0.65951	0.01862	0.00877	0.00250	0.00375	0.01556	0.00696	0.00630
38	0.01035	0.00758	0.00970	0.00917	0.01099	0.00694	0.00688	0.01370	0.02063	0.02887	0.63199	0.05694	0.12749	0.01551	0.00876	0.00235	0.00353	0.01363	0.00805	0.00694
39	0.01765	0.02034	0.10595	0.13322	0.42967	0.04469	0.09532	0.02272	0.01671	0.02315	0.01381	0.01826	0.01109	0.00678	0.00746	0.00228	0.00981	0.00666	0.00358	0.01087
40	0.01063	0.00787	0.01150	0.01150	0.01267	0.00904	0.00874	0.01298	0.01180	0.01691	0.02028	0.03136	0.01951	0.13285	0.63381	0.01140	0.01845	0.00827	0.00404	0.00639
41	0.00904	0.00646	0.00861	0.01034	0.01077	0.00603	0.00689	0.01034	0.01421	0.01895	0.04092	0.73426	0.04910	0.02326	0.00948	0.00301	0.00431	0.02110	0.00689	0.00603
42	0.01309	0.01009	0.01127	0.01052	0.01336	0.01010	0.00802	0.02081	0.20400	0.05634	0.23100	0.07707	0.27533	0.01507	0.00839	0.00247	0.00442	0.01283	0.00754	0.00829
43	0.01864	0.27524	0.23400	0.06701	0.06833	0.13521	0.01845	0.02316	0.01617	0.01994	0.01238	0.01520	0.01016	0.00960	0.04515	0.00255	0.01061	0.00513	0.00335	0.00971
44	0.01749	0.01832	0.02255	0.01945	0.01987	0.09717	0.01604	0.01914	0.01242	0.01790	0.00993	0.01593	0.00973	0.01241	0.02245	0.00310	0.64831	0.00631	0.00331	0.00817
45	0.26815	0.05415	0.02034	0.03715	0.07648	0.25472	0.05567	0.06405	0.01775	0.02562	0.01295	0.03293	0.01086	0.00918	0.02885	0.00247	0.00984	0.00560	0.00432	0.00893
46	0.06304	0.01270	0.01698	0.01307	0.01877	0.01114	0.01080	0.03562	0.02091	0.67187	0.02854	0.02475	0.01797	0.00910	0.00735	0.00230	0.00629	0.00733	0.00901	0.01245
47	0.02167	0.57999	0.03477	0.01419	0.01995	0.18643	0.01308	0.02394	0.01646	0.01763	0.01059	0.01225	0.00954	0.00665	0.00521	0.00166	0.00920	0.00416	0.00333	0.00931
48	0.00944	0.00756	0.00848	0.00850	0.01068	0.00659	0.00645	0.01182	0.01789	0.02269	0.23194	0.09527	0.46038	0.01815	0.00889	0.00254	0.00391	0.05512	0.00722	0.00649
49	0.02349	0.02779	0.02242	0.01956	0.02246	0.42658	0.04306	0.04465	0.04270	0.01962	0.01198	0.01519	0.01026	0.00933	0.01217	0.00237	0.22806	0.00566	0.00389	0.00875
50	0.01280	0.00888	0.01090	0.01188	0.05842	0.00810	0.00797	0.01559	0.04625	0.09685	0.05249	0.23410	0.33967	0.04925	0.00993	0.00280	0.00479	0.01501	0.00686	0.00747
51	0.07598	0.01319	0.01619	0.01271	0.01808	0.01214	0.01026	0.04981	0.09395	0.41785	0.02491	0.02395	0.01722	0.04289	0.00839	0.00235	0.00619	0.00698	0.00765	0.13931
52	0.02773	0.03538	0.02104	0.01913	0.02295	0.70930	0.01434	0.02964	0.02104	0.01817	0.01148	0.01339	0.00956	0.00765	0.00669	0.00191	0.01339	0.00478	0.00383	0.00861
53	0.01596	0.01397	0.02260	0.07415	0.35477	0.01392	0.04724	0.02024	0.03932	0.05239	0.02793	0.11157	0.10566	0.01133	0.00807	0.00247	0.00755	0.05603	0.00504	0.00978
54	0.01088	0.00805	0.01123	0.01111	0.01200	0.00919	0.00816	0.01272	0.01158	0.01644	0.02051	0.03429	0.02066	0.25180	0.48911	0.01023	0.04314	0.00872	0.00410	0.00607
55	0.02773	0.03538	0.02104	0.01913	0.02295	0.70930	0.01434	0.02964	0.02104	0.01817	0.01148	0.01339	0.00956	0.00765	0.00669	0.00191	0.01339	0.00478	0.00383	0.00861
56	0.02776	0.03446	0.02112	0.01900	0.02295	0.66573	0.01433	0.07017	0.02192	0.01999	0.01188	0.01367	0.00976	0.00773	0.00674	0.00193	0.01306	0.00490	0.00405	0.00886
57	0.01951	0.01814	0.01727	0.01556	0.01972	0.09648	0.01204	0.03834	0.60504	0.02960	0.02810	0.02608	0.02118	0.00980	0.00746	0.00245	0.00672	0.00799	0.00713	0.01140
58	0.01485	0.00841	0.00856	0.00819	0.01034	0.00877	0.00623	0.04201	0.09119	0.02871	0.02468	0.02734	0.01922	0.00882	0.00553	0.00184	0.00389	0.00708	0.66667	0.00766
59	0.00902	0.00656	0.00851	0.01006	0.01069	0.00605	0.00677	0.01037	0.01448	0.01906	0.04428	0.66922	0.11196	0.02282	0.00941	0.00297	0.00425	0.02057	0.00689	0.00605
60	0.01196	0.00854	0.01196	0.01367	0.01538	0.00854	0.01196	0.01538	0.01709	0.02222	0.03931	0.08374	0.04272	0.02051	0.01025	0.00342	0.00684	0.64283	0.00684	0.00684
61	0.00896	0.00753	0.00778	0.00772	0.01014	0.00635	0.00579	0.01102	0.01737	0.02111	0.14179	0.06971	0.62253	0.01841	0.00877	0.00249	0.00373	0.01542	0.00703	0.00635
62	0.03218	0.01344	0.01761	0.01361	0.01929	0.01224	0.01121	0.08646	0.05448	0.61371	0.02842	0.02480	0.01813	0.00921	0.00747	0.00230	0.00644	0.00745	0.00897	0.01259
63	0.03152	0.01400	0.01792	0.01380	0.01944	0.01307	0.01138	0.15529	0.02383	0.55031	0.05086	0.02494	0.01915	0.00935	0.00750	0.00229	0.00657	0.00753	0.00882	0.01243
64	0.01087	0.00834	0.01244	0.01229	0.01355	0.00991	0.00961	0.01347	0.01190	0.01726	0.01941	0.02856	0.01814	0.05367	0.67742	0.01152	0.05311	0.00789	0.00394	0.00670
65	0.01800	0.01726	0.02946	0.10374	0.63755	0.01754	0.02260	0.02245	0.01673	0.02380	0.01390	0.01850	0.01160	0.00668	0.00736	0.00223	0.00891	0.00661	0.00364	0.01146
66	0.79154	0.01436	0.01091	0.00976	0.01436	0.01665	0.00804	0.02182	0.01263	0.03331	0.01034	0.01206	0.00804	0.00689	0.00459	0.00230	0.00574	0.00402	0.00459	0.00804
67	0.01609	0.01610	0.02317	0.01968	0.02001	0.02212	0.04085	0.01793	0.01162	0.01807	0.01030	0.01684	0.01011	0.01423	0.04772	0.00352	0.67358	0.00663	0.00329	0.00814
68	0.04907	0.04040	0.03463	0.01210	0.01432	0.01069	0.00951	0.01774	0.06233	0.09882	0.06576	0.38088	0.05982	0.01733	0.00973	0.00277	0.06030	0.03937	0.00661	0.00783
69	0.01876	0.52246	0.06254	0.01388	0.01935	0.02452	0.03398	0.02139	0.01515	0.05136	0.01495	0.09484	0.01449	0.00886	0.00695	0.00196	0.05491	0.00646	0.00391	0.00927
70	0.01026	0.00755	0.00929	0.00885	0.01077	0.00684	0.00664	0.01341	0.01992	0.02758	0.53015	0.05786	0.20272	0.01571	0.00862	0.00235	0.00356	0.01366	0.03743	0.00684
71	0.01045	0.00754	0.00987	0.00938	0.01108	0.00697	0.00700	0.01387	0.02075	0.02935	0.66347	0.08207	0.06923	0.01549	0.00878	0.00236	0.00353	0.01373	0.00812	0.00697
72	0.02274	0.07229	0.14086	0.02034	0.07544	0.11538	0.06117	0.21729	0.07981	0.07262	0.01705	0.01832	0.01270	0.00949	0.02938	0.00252	0.00976	0.00641	0.00538	0.01107
73	0.01239	0.00914	0.01040	0.01005	0.01109	0.00983	0.00661	0.01714	0.15204	0.01826	0.02440	0.04179	0.02504	0.50151	0.11373	0.00679	0.00847	0.00994	0.00508	0.00629
74	0.00904	0.00646	0.00861	0.01034	0.01077	0.00603	0.00689	0.01034	0.01421	0.01895	0.04092	0.73426	0.04910	0.02326	0.00948	0.00301	0.00431	0.02110	0.00689	0.00603
75	0.00904	0.00646	0.00861	0.01034	0.01077	0.00603	0.00689	0.01034	0.01421	0.01895	0.04092	0.73426	0.04910	0.02326	0.00948	0.00301	0.00431	0.02110	0.00689	0.00603
76	0.01635	0.12619	0.38667	0.02527	0.14775	0.01885	0.10288	0.02287	0.01591	0.02264	0.01348	0.01667	0.01040	0.00853	0.03231	0.00259	0.01069	0.00598	0.00334	0.01064
77	0.02360	0.02718	0.02429	0.02538	0.17509	0.39258	0.05743	0.07011	0.02005	0.02191	0.01473	0.01739	0.03327	0.00814	0.00826	0.00215	0.05870	0.00606	0.00410	0.00958
78	0.72001	0.08195	0.01351	0.01004	0.01479	0.01783	0.00847	0.02186	0.01286	0.03184	0.01034	0.01205	0.00818	0.00684	0.00461	0.00223	0.00595	0.00402	0.00446	0.00818
79	0.03269	0.01363	0.01784	0.01368	0.01945	0.01238	0.01130	0.11298	0.02291	0.61879	0.02789	0.02436	0.01768	0.00915	0.00746	0.00229	0.00654	0.00737	0.00897	0.01263
80	0.02181	0.15650	0.02455	0.12236	0.04849	0.36682	0.04132	0.02446	0.01813	0.01867	0.01448	0.08133	0.01341	0.00874	0.00682	0.00207	0.01085	0.00664	0.00391	0.00864
81	0.01555	0.01200	0.01438	0.01087	0.01639	0.00935	0.00858	0.01876	0.01656	0.06959	0.11559	0.05709	0.02208	0.00804	0.00631	0.00146	0.00520	0.00675	0.00540	0.58008
82	0.02630	0.16429	0.02429	0.01796	0.02224	0.58553	0.01405	0.02829	0.01995	0.01804	0.01126	0.01312	0.00956	0.00741	0.00634	0.00185	0.01240	0.00463	0.00371	0.00877
83	0.01707	0.13456	0.47688	0.01998	0.05288	0.01807	0.04137	0.02388	0.01637	0.07646	0.04465	0.01791	0.01300	0.00745	0.00690	0.00224	0.00980	0.00592	0.00389	0.01072
84	0.01688	0.01826	0.05660	0.11289	0.26339	0.01732	0.30779	0.02226	0.01716	0.02377	0.05717	0.02153	0.01495	0.00711	0.00807	0.00238	0.01032	0.00796	0.00393	0.01025
85	0.03231	0.01310	0.01892	0.01436	0.02021	0.01141	0.05249	0.03539	0.02101	0.65513	0.02838	0.02493	0.01792	0.00900	0.00755	0.00231	0.00671	0.00755	0.00884	0.01247
86	0.01730	0.01809	0.01788	0.01624	0.01857	0.21240	0.06557	0.05981	0.01732	0.02069	0.02414	0.30579	0.02619	0.01635	0.03624	0.00296	0.09927	0.01215	0.00522	0.00781
87	0.01372	0.00696	0.00711	0.00711	0.00882	0.00701	0.00535	0.01714	0.01543	0.02728	0.02405	0.02773	0.01901	0.01044	0.03207	0.00212	0.00409	0.00696	0.75069	0.00691
88	0.66511	0.05003	0.04033	0.01203	0.01717	0.01744	0.06116	0.02206	0.01325	0.03144	0.01082	0.01282	0.00842	0.00682	0.00502	0.00228	0.00658	0.00445	0.00441	0.00837
89	0.03191	0.01377	0.04329	0.01360	0.01947	0.01151	0.01158	0.03585	0.05202	0.64080	0.02872	0.02502	0.01824	0.00915	0.00745	0.00231	0.00647	0.00743	0.00888	0.01253
90	0.01846	0.01595	0.01679	0.01511	0.01930	0.01846	0.01175	0.03945	0.67938	0.03105	0.03022	0.02770	0.02266	0.01007	0.00755	0.00252	0.00588	0.00839	0.00755	0.01175
91	0.03207	0.01274	0.01711	0.01319	0.01876	0.01123	0.01087	0.06113	0.02180	0.64111	0.05851	0.02632	0.02047	0.00945	0.00752	0.00230	0.00627	0.00770	0.00907	0.01238
92	0.00904	0.00646	0.00861	0.01034	0.01077	0.00603	0.00689	0.01034	0.01421	0.01895	0.04092	0.73426	0.04910	0.02326	0.00948	0.00301	0.00431	0.02110	0.00689	0.00603
93	0.01624	0.01624	0.02274	0.01949	0.01949	0.02274	0.01624	0.01787	0.01137	0.01787	0.00975	0.01624	0.00975	0.01299	0.02436	0.00325	0.72552	0.00650	0.00325	0.00812
94	0.01047	0.00738	0.00964	0.00989	0.01046	0.00783	0.00667	0.01167	0.01172	0.01614	0.02458	0.14003	0.02695	0.37407	0.29108	0.00841	0.01164	0.01119	0.00464	0.00554
95	0.03309	0.01299	0.01745	0.01338	0.01913	0.01144	0.01105	0.06357	0.02184	0.66970	0.02879	0.02494	0.01813	0.00918	0.00746	0.00229	0.00640	0.00743	0.00911	0.01263
96	0.03223	0.01436	0.01830	0.01403	0.01981	0.01347	0.01159	0.16972	0.02413	0.56032	0.02686	0.02369	0.01716	0.00913	0.00746	0.00228	0.00671	0.00730	0.00882	0.01263
97	0.01520	0.08317	0.65863	0.02062	0.03130	0.01801	0.02649	0.02343	0.01564	0.02313	0.01313	0.01543	0.00941	0.00701	0.00691	0.00230	0.01078	0.00539	0.00314	0.01088
98	0.01547	0.00878	0.00938	0.04170	0.01227	0.00919	0.00692	0.09086	0.01772	0.02942	0.02298	0.02619	0.01787	0.00862	0.00555	0.00182	0.00429	0.00688	0.65646	0.00763
99	0.79154	0.01436	0.01091	0.00976	0.01436	0.01665	0.00804	0.02182	0.01263	0.03331	0.01034	0.01206	0.00804	0.00689	0.00459	0.00230	0.00574	0.00402	0.00459	0.00804
100	0.01626	0.01643	0.02281	0.01944	0.02000	0.04464	0.04490	0.01818	0.01201	0.01809	0.01081	0.01729	0.01047	0.01573	0.07484	0.00383	0.61615	0.00665	0.00335	0.00811
101	0.01451	0.01034	0.01201	0.03921	0.01498	0.03535	0.00880	0.02000	0.13307	0.09162	0.14225	0.30090	0.06050	0.04038	0.00940	0.00276	0.00525	0.01400	0.03663	0.00803
102	0.02083	0.15905	0.17316	0.01682	0.04593	0.05050	0.01581	0.06923	0.04342	0.15468	0.04013	0.05185	0.01669	0.00933	0.00821	0.00226	0.06040	0.02518	0.00531	0.03122
103	0.00957	0.00755	0.00863	0.00836	0.01052	0.00661	0.00627	0.01220	0.01881	0.02454	0.35834	0.06407	0.40385	0.01713	0.00877	0.00243	0.00364	0.01463	0.00748	0.00661
104	0.01133	0.00740	0.00900	0.00860	0.01038	0.00695	0.00645	0.01474	0.01935	0.02875	0.48043	0.04870	0.08544	0.01358	0.00779	0.00218	0.00350	0.01177	0.21670	0.00695
105	0.05065	0.01465	0.04400	0.12972	0.15765	0.01481	0.04265	0.09866	0.07618	0.02750	0.04935	0.02805	0.06621	0.00935	0.00721	0.00228	0.00721	0.02813	0.13625	0.00948
106	0.01662	0.02264	0.31976	0.01706	0.04862	0.01291	0.01749	0.04377	0.01707	0.12232	0.08334	0.14890	0.02381	0.01223	0.00912	0.05208	0.00794	0.00943	0.00533	0.00957
107	0.00904	0.00646	0.00861	0.01034	0.01077	0.00603	0.00689	0.01034	0.01421	0.01895	0.04092	0.73426	0.04910	0.02326	0.00948	0.00301	0.00431	0.02110	0.00689	0.00603
108	0.00901	0.00658	0.00849	0.01002	0.01068	0.00606	0.00675	0.01037	0.01452	0.01908	0.04479	0.65936	0.12150	0.02275	0.00940	0.00296	0.00425	0.02049	0.00689	0.00606
109	0.01761	0.29043	0.12977	0.06753	0.21472	0.04580	0.01776	0.02162	0.01591	0.02057	0.01645	0.01919	0.05365	0.00902	0.02898	0.00233	0.00908	0.00601	0.00360	0.00996
110	0.01265	0.01090	0.01559	0.01442	0.01518	0.01401	0.01149	0.01477	0.01166	0.01728	0.01644	0.02573	0.01591	0.08365	0.41950	0.00849	0.27394	0.00761	0.00375	0.00703
111	0.67173	0.01668	0.01254	0.04167	0.01692	0.09472	0.00930	0.02258	0.01368	0.03098	0.01059	0.01254	0.00829	0.00700	0.00495	0.00226	0.00678	0.00422	0.00445	0.00811
112	0.03002	0.01320	0.01691	0.01337	0.01871	0.01234	0.01091	0.05997	0.12104	0.54319	0.02877	0.02546	0.01883	0.00929	0.00738	0.00230	0.00620	0.00755	0.04231	0.01225
113	0.01712	0.07533	0.06820	0.11652	0.17630	0.04982	0.09067	0.05091	0.09251	0.02467	0.09721	0.05131	0.02068	0.00906	0.00797	0.00233	0.02662	0.00807	0.00482	0.00987
114	0.01057	0.00759	0.00974	0.01066	0.01183	0.00729	0.00809	0.01268	0.01563	0.02059	0.11716	0.21895	0.11046	0.16408	0.01526	0.00386	0.00563	0.23725	0.00655	0.00615

[dist]
# distance from previous block
# <min> <max>
0	1

[block]
# block no. 3 follows, 27 sequences, length 28
# corresponding to MSA columns:
# 430-433,443-466
name=unknown_D
#
# <colnr> <probs for GDERKNQSTAVLIFYWHMCP>
#	G	D	E	R	K	N	Q	S	T	A	V	L	I	F	Y	W	H	M	C	P
0	0.01768	0.01521	0.02107	0.02126	0.13894	0.01604	0.08876	0.13340	0.20742	0.02838	0.02663	0.13928	0.04893	0.05077	0.00963	0.00274	0.00729	0.01029	0.00611	0.01017
1	0.01888	0.01687	0.05831	0.06149	0.41694	0.01599	0.03998	0.02485	0.08175	0.09241	0.01877	0.05309	0.01533	0.00811	0.00741	0.00229	0.00809	0.00756	0.04077	0.01112
2	0.02773	0.03538	0.02104	0.01913	0.02295	0.70930	0.01434	0.02964	0.02104	0.01817	0.01148	0.01339	0.00956	0.00765	0.00669	0.00191	0.01339	0.00478	0.00383	0.00861
3	0.01652	0.08261	0.43563	0.01782	0.02593	0.07275	0.02072	0.02290	0.01733	0.06033	0.13505	0.02287	0.02080	0.00862	0.00718	0.00225	0.00936	0.00685	0.00443	0.01005
4	0.01956	0.01685	0.01740	0.03690	0.05518	0.14387	0.01229	0.13689	0.01994	0.08032	0.07492	0.13190	0.02333	0.01880	0.11780	0.00389	0.06621	0.00932	0.00569	0.00895
5	0.71469	0.01580	0.01199	0.01061	0.01522	0.05451	0.00866	0.05224	0.01412	0.03311	0.01075	0.01240	0.00834	0.00703	0.00484	0.00227	0.00627	0.00418	0.00468	0.00828
6	0.01109	0.00803	0.01088	0.01233	0.01388	0.00782	0.01027	0.01400	0.01674	0.02180	0.07365	0.19927	0.10059	0.02061	0.00991	0.00322	0.00596	0.44639	0.00691	0.00665
7	0.02079	0.01710	0.01810	0.01558	0.02019	0.01955	0.01231	0.18931	0.52574	0.03481	0.02726	0.02534	0.02027	0.00980	0.00752	0.00245	0.00642	0.00799	0.00752	0.01196
8	0.01807	0.01311	0.01567	0.01133	0.01780	0.01005	0.00911	0.02131	0.01627	0.12486	0.01560	0.01687	0.01210	0.00605	0.00579	0.00128	0.00562	0.00486	0.00511	0.66916
9	0.01284	0.00774	0.00990	0.01000	0.01166	0.00703	0.00712	0.01476	0.01662	0.11572	0.17179	0.35896	0.12857	0.07791	0.01129	0.00306	0.00459	0.01613	0.00727	0.00705
10	0.01127	0.00974	0.01435	0.01645	0.11791	0.00904	0.05621	0.01387	0.01636	0.02125	0.07673	0.25520	0.27161	0.01731	0.00887	0.00267	0.00554	0.06200	0.00623	0.00739
11	0.02003	0.01393	0.02156	0.01686	0.02152	0.01369	0.17599	0.09017	0.09874	0.16446	0.10763	0.06604	0.02477	0.00996	0.00774	0.00233	0.00715	0.00924	0.11821	0.00997
12	0.03331	0.01263	0.01723	0.01321	0.01895	0.01091	0.01091	0.03618	0.02125	0.69794	0.02929	0.02527	0.01838	0.00919	0.00747	0.00230	0.00632	0.00747	0.00919	0.01263
13	0.03331	0.01263	0.01723	0.01321	0.01895	0.01091	0.01091	0.03618	0.02125	0.69794	0.02929	0.02527	0.01838	0.00919	0.00747	0.00230	0.00632	0.00747	0.00919	0.01263
14	0.01538	0.10872	0.63465	0.02032	0.03083	0.01845	0.02596	0.02338	0.01561	0.02291	0.01302	0.01530	0.00942	0.00698	0.00682	0.00227	0.01067	0.00533	0.00314	0.01083
15	0.01402	0.01319	0.02227	0.72126	0.05113	0.01649	0.02062	0.01897	0.01484	0.01897	0.01319	0.01979	0.00990	0.00742	0.00742	0.00247	0.00990	0.00660	0.00330	0.00825
16	0.01972	0.01405	0.01572	0.01411	0.01805	0.01542	0.01093	0.03482	0.47251	0.14484	0.03155	0.12596	0.02561	0.01176	0.00781	0.00255	0.00573	0.01001	0.00774	0.01110
17	0.01503	0.01456	0.02407	0.47902	0.09633	0.01806	0.05132	0.01928	0.01439	0.01940	0.01259	0.01891	0.01008	0.00851	0.01118	0.00262	0.16603	0.00668	0.00334	0.00859
18	0.02218	0.09711	0.30287	0.05202	0.06246	0.01623	0.01905	0.02809	0.03700	0.26240	0.01921	0.01940	0.01314	0.00782	0.00702	0.00226	0.00870	0.00624	0.00545	0.01135
19	0.01875	0.29178	0.17742	0.09410	0.04671	0.04208	0.06192	0.09481	0.03954	0.02370	0.03490	0.01693	0.01243	0.00735	0.00647	0.00207	0.00913	0.00576	0.00403	0.01011
20	0.01026	0.00753	0.00962	0.00920	0.01097	0.00688	0.00686	0.01350	0.02028	0.02828	0.59622	0.08866	0.13221	0.01592	0.00879	0.00238	0.00357	0.01401	0.00798	0.00688
21	0.01043	0.00753	0.00986	0.00939	0.01107	0.00696	0.00700	0.01383	0.02067	0.02923	0.65645	0.08943	0.06900	0.01558	0.00879	0.00237	0.00354	0.01381	0.00811	0.00696
22	0.01703	0.13763	0.47946	0.02212	0.08977	0.01877	0.04967	0.02395	0.01607	0.05915	0.01387	0.01606	0.01020	0.00699	0.00684	0.00223	0.01014	0.00561	0.00354	0.01088
23	0.01440	0.00814	0.01038	0.01023	0.01215	0.00804	0.00781	0.01687	0.01520	0.11548	0.03129	0.12514	0.07378	0.09628	0.16216	0.00496	0.00829	0.08250	0.18965	0.00725
24	0.00988	0.00681	0.00837	0.00927	0.00950	0.00659	0.00575	0.01056	0.01259	0.01678	0.03257	0.40790	0.03858	0.36398	0.02295	0.00501	0.00568	0.01620	0.00575	0.00530
25	0.01157	0.00772	0.00913	0.00886	0.01101	0.00688	0.00661	0.01414	0.01819	0.07219	0.27579	0.14350	0.29068	0.01660	0.00847	0.00243	0.00390	0.01428	0.07103	0.00700
26	0.01859	0.06361	0.33825	0.02173	0.08815	0.06825	0.05824	0.09124	0.07235	0.04969	0.01686	0.05019	0.01329	0.00823	0.00725	0.00231	0.00972	0.00680	0.00446	0.01081
27	0.01446	0.01371	0.02362	0.49196	0.08944	0.01616	0.08354	0.01903	0.01497	0.01995	0.01507	0.05409	0.01253	0.00974	0.02893	0.00278	0.04873	0.00755	0.02524	0.00848

[dist]
# distance from previous block
# <min> <max>
1	3

[block]
# block no. 4 follows, 27 sequences, length 20
# corresponding to MSA columns:
# 470-489
name=unknown_E
#
# <colnr> <probs for GDERKNQSTAVLIFYWHMCP>
#	G	D	E	R	K	N	Q	S	T	A	V	L	I	F	Y	W	H	M	C	P
0	0.01114	0.00779	0.01017	0.01068	0.01238	0.00728	0.00836	0.01394	0.01796	0.04590	0.26786	0.20463	0.13617	0.01865	0.00930	0.00281	0.00475	0.19602	0.00739	0.00684
1	0.02105	0.01730	0.01933	0.04933	0.05836	0.01963	0.01343	0.21753	0.42885	0.03464	0.02502	0.02401	0.01862	0.00943	0.00750	0.00242	0.00687	0.00773	0.00711	0.01184
2	0.01646	0.01567	0.02664	0.14514	0.43481	0.01617	0.06398	0.02131	0.03908	0.02290	0.01828	0.06664	0.03513	0.01007	0.03342	0.00270	0.00910	0.00807	0.00407	0.01037
3	0.01548	0.07166	0.54140	0.01894	0.02825	0.01665	0.02329	0.02352	0.04272	0.04767	0.08515	0.02045	0.01660	0.00806	0.00714	0.00231	0.00966	0.00642	0.00405	0.01057
4	0.01585	0.11531	0.52620	0.02174	0.03166	0.01884	0.12261	0.02341	0.01589	0.02287	0.01324	0.01591	0.00970	0.00685	0.00705	0.00229	0.01086	0.00581	0.00323	0.01066
5	0.01617	0.01353	0.02218	0.05977	0.18237	0.01308	0.13258	0.02083	0.05026	0.09031	0.05406	0.04043	0.19845	0.01164	0.00829	0.00248	0.00749	0.06107	0.00566	0.00934
6	0.00877	0.00752	0.00752	0.00752	0.01003	0.00627	0.00564	0.01065	0.01692	0.02005	0.07520	0.07144	0.68978	0.01880	0.00877	0.00251	0.00376	0.01567	0.00689	0.00627
7	0.01756	0.28577	0.26594	0.01627	0.02336	0.05860	0.01744	0.02511	0.12505	0.02198	0.01681	0.06528	0.01435	0.00844	0.00646	0.00213	0.00872	0.00645	0.00417	0.01011
8	0.03011	0.01222	0.01604	0.01263	0.01782	0.01098	0.01033	0.03429	0.06559	0.57726	0.02878	0.02570	0.01874	0.00919	0.00722	0.00225	0.00597	0.00747	0.09548	0.01193
9	0.00975	0.00720	0.01008	0.01093	0.01187	0.00753	0.00793	0.01169	0.01330	0.01822	0.03296	0.37793	0.06679	0.03791	0.33073	0.00708	0.01143	0.01480	0.00555	0.00632
10	0.01489	0.03840	0.70064	0.02116	0.03213	0.01724	0.02743	0.02351	0.01567	0.02351	0.01332	0.01567	0.00940	0.00705	0.00705	0.00235	0.01097	0.00549	0.00313	0.01097
11	0.00904	0.00646	0.00861	0.01034	0.01077	0.00603	0.00689	0.01034	0.01421	0.01895	0.04092	0.73426	0.04910	0.02326	0.00948	0.00301	0.00431	0.02110	0.00689	0.00603
12	0.00944	0.00697	0.00893	0.01034	0.01134	0.00646	0.00744	0.01116	0.01514	0.01965	0.04686	0.51565	0.16370	0.02204	0.00947	0.00298	0.00459	0.11479	0.00688	0.00620
13	0.79154	0.01436	0.01091	0.00976	0.01436	0.01665	0.00804	0.02182	0.01263	0.03331	0.01034	0.01206	0.00804	0.00689	0.00459	0.00230	0.00574	0.00402	0.00459	0.00804
14	0.06933	0.01272	0.01693	0.01304	0.01873	0.01118	0.01077	0.03550	0.02084	0.66636	0.02839	0.02464	0.01789	0.00908	0.00733	0.00230	0.00629	0.00730	0.00897	0.01242
15	0.02687	0.02012	0.02152	0.01681	0.02251	0.02239	0.01378	0.58107	0.12407	0.04461	0.01954	0.01919	0.01401	0.00907	0.00744	0.00227	0.00785	0.00692	0.00744	0.01250
16	0.01070	0.00756	0.00994	0.00994	0.01058	0.00820	0.00679	0.01198	0.01134	0.01576	0.02171	0.03925	0.02294	0.41083	0.36052	0.00947	0.01329	0.00943	0.00425	0.00552
17	0.03331	0.01263	0.01723	0.01321	0.01895	0.01091	0.01091	0.03618	0.02125	0.69794	0.02929	0.02527	0.01838	0.00919	0.00747	0.00230	0.00632	0.00747	0.00919	0.01263
18	0.02777	0.03436	0.02112	0.01898	0.02296	0.66104	0.01433	0.07453	0.02201	0.02018	0.01192	0.01370	0.00978	0.00774	0.00675	0.00193	0.01302	0.00492	0.00408	0.00889
19	0.02026	0.70773	0.03808	0.01292	0.01925	0.02906	0.01277	0.05426	0.01607	0.01892	0.01069	0.01220	0.00968	0.00648	0.00490	0.00162	0.00795	0.00410	0.00339	0.00968

[dist]
# distance from previous block
# <min> <max>
0	3

[block]
# block no. 5 follows, 27 sequences, length 74
# corresponding to MSA columns:
# 493-517,529-577
name=unknown_F
#
# <colnr> <probs for GDERKNQSTAVLIFYWHMCP>
#	G	D	E	R	K	N	Q	S	T	A	V	L	I	F	Y	W	H	M	C	P
0	0.01820	0.01869	0.06396	0.04434	0.65947	0.01762	0.02302	0.02282	0.01684	0.02422	0.01393	0.01824	0.01164	0.00664	0.00733	0.00221	0.00893	0.00656	0.00365	0.01172
1	0.01854	0.51349	0.14838	0.04993	0.02272	0.02529	0.01538	0.04282	0.03877	0.02005	0.01413	0.01572	0.03345	0.00716	0.00561	0.00185	0.00835	0.00500	0.00359	0.00977
2	0.02363	0.05742	0.02132	0.04171	0.06836	0.45253	0.01441	0.06340	0.01955	0.02013	0.01312	0.01639	0.01114	0.01434	0.10348	0.00337	0.03738	0.00553	0.00398	0.00880
3	0.01061	0.00795	0.01193	0.01193	0.01326	0.00928	0.00928	0.01326	0.01193	0.01723	0.01988	0.02916	0.01856	0.05568	0.70968	0.01193	0.01988	0.00795	0.00398	0.00663
4	0.02009	0.16379	0.01902	0.01202	0.01614	0.08755	0.01000	0.17965	0.02078	0.02917	0.01805	0.02007	0.01421	0.00801	0.00582	0.00182	0.00663	0.00594	0.32014	0.04110
5	0.00958	0.00729	0.00897	0.00959	0.01107	0.00646	0.00674	0.01144	0.01583	0.02099	0.13422	0.44386	0.19769	0.02001	0.00896	0.00268	0.00415	0.01775	0.00691	0.05581
6	0.01957	0.04515	0.11048	0.09175	0.02459	0.11270	0.05617	0.04913	0.11482	0.11967	0.11445	0.02792	0.06200	0.00973	0.00755	0.00230	0.00824	0.00811	0.00586	0.00981
7	0.01731	0.01562	0.02495	0.08192	0.40927	0.01609	0.03849	0.06304	0.05816	0.02522	0.02029	0.05150	0.01872	0.00988	0.00797	0.00248	0.00831	0.11550	0.00476	0.01051
8	0.03331	0.01263	0.01723	0.01321	0.01895	0.01091	0.01091	0.03618	0.02125	0.69794	0.02929	0.02527	0.01838	0.00919	0.00747	0.00230	0.00632	0.00747	0.00919	0.01263
9	0.01063	0.00786	0.01147	0.01147	0.01263	0.00903	0.00870	0.01296	0.01179	0.01689	0.02031	0.03150	0.01957	0.13802	0.62873	0.01136	0.01836	0.00830	0.00404	0.00637
