[name]
unknown

[dist]
# distance from previous block
# <min> <max>
3	62

[block]
# block no. 0 follows, 33 sequences, length 11
# corresponding to MSA columns:
# 92-102
name=unknown_A
#
# <colnr> <probs for GDERKNQSTAVLIFYWHMCP>
#	G	D	E	R	K	N	Q	S	T	A	V	L	I	F	Y	W	H	M	C	P
0	0.01632	0.16752	0.27167	0.09800	0.09685	0.01683	0.01705	0.09122	0.01584	0.05903	0.01309	0.01518	0.00990	0.00645	0.00584	0.00187	0.00789	0.00507	0.05254	0.03184
1	0.20029	0.01470	0.01752	0.43000	0.05500	0.09735	0.01478	0.06063	0.01448	0.02133	0.01121	0.01518	0.00856	0.00655	0.00593	0.00208	0.00815	0.00515	0.00348	0.00764
2	0.00993	0.00688	0.00917	0.01030	0.01132	0.00685	0.00816	0.01206	0.01346	0.01810	0.03148	0.21670	0.03482	0.13272	0.04532	0.00371	0.00596	0.36458	0.05289	0.00559
3	0.01264	0.01189	0.02163	0.01686	0.01986	0.01182	0.29636	0.03573	0.01306	0.01775	0.01828	0.10199	0.01862	0.28872	0.03927	0.00406	0.05157	0.00934	0.00393	0.00662
4	0.01036	0.00823	0.01161	0.17268	0.01814	0.00828	0.00900	0.01373	0.01702	0.02388	0.50912	0.03932	0.04610	0.01125	0.00727	0.00201	0.00450	0.00992	0.00602	0.07157
5	0.02310	0.01782	0.02129	0.02072	0.17644	0.01936	0.01421	0.55439	0.02743	0.03708	0.01505	0.01591	0.01103	0.00745	0.00657	0.00197	0.00737	0.00591	0.00585	0.01103
6	0.46952	0.01402	0.01404	0.01308	0.07297	0.01540	0.00972	0.17257	0.01690	0.12675	0.01317	0.01386	0.00954	0.00676	0.00517	0.00202	0.00586	0.00469	0.00511	0.00885
7	0.01234	0.00837	0.01525	0.01281	0.01428	0.00813	0.15971	0.01134	0.01011	0.01356	0.01185	0.01951	0.01112	0.01905	0.02177	0.63057	0.00690	0.00617	0.00296	0.00419
8	0.01572	0.33812	0.40319	0.01545	0.02323	0.02004	0.01823	0.06086	0.01469	0.01986	0.01095	0.01263	0.00855	0.00609	0.00544	0.00180	0.00847	0.00437	0.00302	0.00929
9	0.01737	0.53109	0.18727	0.01352	0.01982	0.09957	0.01430	0.02066	0.01405	0.01674	0.00985	0.01144	0.00843	0.00589	0.00485	0.00159	0.00815	0.00389	0.00287	0.00864
10	0.19389	0.43642	0.02453	0.01050	0.01578	0.01980	0.00973	0.02010	0.01335	0.07332	0.01079	0.01193	0.00894	0.00582	0.00447	0.00153	0.00619	0.00382	0.00365	0.12544

[dist]
# distance from previous block
# <min> <max>
0	2

[block]
# block no. 1 follows, 33 sequences, length 23
# corresponding to MSA columns:
# 105-127
name=unknown_B
#
# <colnr> <probs for GDERKNQSTAVLIFYWHMCP>
#	G	D	E	R	K	N	Q	S	T	A	V	L	I	F	Y	W	H	M	C	P
0	0.01627	0.46706	0.05989	0.01182	0.01635	0.10058	0.01096	0.01925	0.04200	0.01752	0.08475	0.09519	0.01801	0.00829	0.00541	0.00171	0.00690	0.00627	0.00382	0.00794
1	0.01801	0.32635	0.13329	0.01706	0.07672	0.05957	0.08746	0.08998	0.03389	0.05574	0.01405	0.01547	0.03221	0.00658	0.00571	0.00179	0.00798	0.00521	0.00377	0.00917
2	0.39307	0.19417	0.01818	0.01129	0.01531	0.01591	0.07788	0.01771	0.01242	0.02295	0.01464	0.15190	0.01452	0.00865	0.00529	0.00202	0.00593	0.00680	0.00408	0.00729
3	0.00917	0.08360	0.01002	0.00755	0.00994	0.00779	0.00595	0.01126	0.01579	0.01981	0.23323	0.05434	0.47923	0.01472	0.00742	0.00210	0.00365	0.01233	0.00608	0.00602
4	0.01634	0.28249	0.42465	0.01551	0.02338	0.01838	0.01842	0.02159	0.01422	0.09045	0.01233	0.01362	0.00918	0.00623	0.00560	0.00185	0.00840	0.00458	0.00333	0.00944
5	0.01538	0.13570	0.35126	0.01493	0.02191	0.01476	0.04012	0.03965	0.01511	0.09265	0.06466	0.01906	0.03986	0.00842	0.02797	0.00214	0.00800	0.00577	0.00401	0.07863
6	0.01503	0.26332	0.32861	0.01498	0.02180	0.01772	0.04337	0.02106	0.06970	0.04196	0.08840	0.01784	0.01533	0.00706	0.00587	0.00188	0.00774	0.00556	0.00376	0.00901
7	0.01634	0.01437	0.03875	0.32819	0.24560	0.03943	0.01691	0.04191	0.03357	0.09150	0.01382	0.01725	0.01045	0.00652	0.00643	0.00200	0.00791	0.00577	0.00384	0.05944
8	0.02119	0.05858	0.03954	0.01590	0.01936	0.54294	0.03596	0.02335	0.01779	0.01748	0.08402	0.01780	0.04038	0.00785	0.00665	0.00181	0.03251	0.00552	0.00382	0.00754
9	0.01699	0.01160	0.01399	0.01016	0.01585	0.00896	0.00819	0.01984	0.01474	0.17084	0.01470	0.01549	0.01113	0.00556	0.00524	0.00120	0.00503	0.00447	0.00479	0.64121
10	0.01511	0.05449	0.08295	0.09032	0.16442	0.07449	0.12843	0.01935	0.04728	0.01899	0.01449	0.09098	0.01323	0.00864	0.00952	0.00224	0.14589	0.00719	0.00357	0.00840
11	0.09814	0.18794	0.30739	0.01405	0.02085	0.01612	0.01554	0.03844	0.01516	0.16743	0.04912	0.01638	0.01260	0.00689	0.00575	0.00192	0.00744	0.00517	0.00433	0.00935
12	0.01839	0.04906	0.05128	0.01427	0.05410	0.10648	0.01126	0.17733	0.09257	0.05409	0.08605	0.01899	0.01643	0.00737	0.00607	0.00170	0.00666	0.00582	0.00511	0.21699
13	0.01418	0.15910	0.08868	0.01139	0.01577	0.04744	0.01023	0.03383	0.05037	0.04730	0.02278	0.15113	0.08267	0.01118	0.02769	0.00209	0.00630	0.02858	0.00457	0.18473
14	0.01623	0.04437	0.40945	0.01817	0.06866	0.04498	0.05840	0.03718	0.01535	0.11467	0.01726	0.01842	0.05554	0.00708	0.00638	0.00200	0.00847	0.00582	0.00393	0.04764
15	0.01474	0.06456	0.09454	0.25751	0.31001	0.03626	0.01820	0.01954	0.04384	0.01936	0.01272	0.01680	0.01024	0.00850	0.04409	0.00246	0.00877	0.00569	0.00324	0.00894
16	0.04770	0.02063	0.27218	0.05145	0.02308	0.05089	0.07030	0.02087	0.01462	0.13713	0.01743	0.05741	0.01470	0.00910	0.00839	0.00229	0.08780	0.08101	0.00433	0.00870
17	0.00968	0.00729	0.00813	0.00790	0.01012	0.00651	0.00605	0.01256	0.05042	0.05348	0.18862	0.07510	0.47418	0.01544	0.00775	0.00224	0.00364	0.04822	0.00646	0.00621
18	0.00802	0.00573	0.00764	0.00917	0.00955	0.00535	0.00611	0.00917	0.01260	0.01681	0.03628	0.76434	0.04354	0.02062	0.00840	0.00267	0.00382	0.01872	0.00611	0.00535
19	0.01444	0.05614	0.06506	0.01134	0.01353	0.02722	0.00924	0.04205	0.13127	0.05107	0.01560	0.04850	0.01378	0.01601	0.01688	0.40681	0.04461	0.00635	0.00403	0.00610
20	0.02954	0.01120	0.01528	0.01171	0.01681	0.00968	0.00968	0.03208	0.01884	0.73213	0.02597	0.02241	0.01630	0.00815	0.00662	0.00204	0.00560	0.00662	0.00815	0.01120
21	0.02565	0.01056	0.01395	0.01099	0.01539	0.00941	0.00897	0.05491	0.01886	0.56639	0.10228	0.02529	0.02121	0.00868	0.00657	0.00200	0.00517	0.00714	0.07636	0.01022
22	0.08976	0.03051	0.54341	0.01798	0.02630	0.08302	0.05480	0.04273	0.01471	0.02188	0.01161	0.01366	0.00841	0.00631	0.00611	0.00205	0.00948	0.00486	0.00310	0.00930

[dist]
# distance from previous block
# <min> <max>
0	2

[block]
# block no. 2 follows, 33 sequences, length 14
# corresponding to MSA columns:
# 130-143
name=unknown_C
#
# <colnr> <probs for GDERKNQSTAVLIFYWHMCP>
#	G	D	E	R	K	N	Q	S	T	A	V	L	I	F	Y	W	H	M	C	P
0	0.01714	0.05836	0.29179	0.01999	0.11320	0.23790	0.01785	0.02137	0.01514	0.01862	0.01339	0.01569	0.04047	0.00733	0.00772	0.00201	0.08491	0.00524	0.00319	0.00869
1	0.57284	0.09011	0.01428	0.01156	0.04262	0.13827	0.00899	0.02059	0.01282	0.02559	0.00946	0.01110	0.00762	0.00617	0.00450	0.00192	0.00653	0.00376	0.00380	0.00747
2	0.01698	0.21043	0.15550	0.06912	0.23916	0.14056	0.01693	0.02070	0.01482	0.01854	0.01174	0.03532	0.01007	0.00650	0.00586	0.00183	0.00860	0.00519	0.00314	0.00899
3	0.00952	0.00767	0.01096	0.01156	0.03446	0.00767	0.04108	0.01139	0.01361	0.01819	0.09021	0.41289	0.11838	0.03810	0.00992	0.00269	0.05913	0.09096	0.00568	0.00595
4	0.06684	0.20336	0.26675	0.01606	0.05386	0.07878	0.01597	0.08053	0.06477	0.02204	0.03876	0.01509	0.01148	0.00690	0.00624	0.00191	0.03283	0.00502	0.00372	0.00908
5	0.01270	0.04175	0.17304	0.05303	0.18066	0.01239	0.01446	0.01838	0.09279	0.02156	0.13757	0.11394	0.08014	0.01016	0.00693	0.00213	0.00636	0.00889	0.00472	0.00838
6	0.00910	0.00675	0.00852	0.00858	0.00996	0.00632	0.00624	0.01215	0.04515	0.02294	0.44034	0.24901	0.11909	0.01558	0.00790	0.00226	0.00341	0.01381	0.00680	0.00608
7	0.01530	0.01711	0.13068	0.17479	0.33124	0.01485	0.06721	0.02080	0.05816	0.05254	0.04328	0.01844	0.01276	0.00665	0.00665	0.00207	0.00808	0.00623	0.00372	0.00945
8	0.01575	0.04332	0.27540	0.10960	0.12528	0.01502	0.04349	0.11938	0.01679	0.05724	0.01738	0.04401	0.04505	0.00795	0.00665	0.00211	0.00812	0.03407	0.00409	0.00927
9	0.00815	0.00615	0.00750	0.00831	0.00934	0.00561	0.00576	0.00957	0.01352	0.01749	0.08854	0.44814	0.25015	0.05322	0.03399	0.00293	0.00420	0.01601	0.00600	0.00542
10	0.00847	0.00650	0.00831	0.00903	0.00994	0.00633	0.00641	0.01001	0.01340	0.01774	0.10357	0.46746	0.18277	0.02078	0.06088	0.00309	0.03814	0.01568	0.00589	0.00559
11	0.01709	0.05158	0.12606	0.06998	0.07502	0.03561	0.06551	0.08486	0.12315	0.11303	0.04652	0.05207	0.03901	0.00851	0.00663	0.00208	0.00703	0.02347	0.04363	0.00915
12	0.01382	0.01368	0.05406	0.09180	0.27857	0.03725	0.09176	0.01716	0.01442	0.04357	0.02141	0.22824	0.04471	0.01055	0.00721	0.00222	0.00715	0.00989	0.00429	0.00827
13	0.01972	0.32913	0.06280	0.01797	0.09984	0.26506	0.05530	0.04578	0.01610	0.01788	0.01047	0.01243	0.00886	0.00615	0.00546	0.00167	0.00914	0.00443	0.00322	0.00858

[dist]
# distance from previous block
# <min> <max>
0	1

[block]
# block no. 3 follows, 33 sequences, length 77
# corresponding to MSA columns:
# 145-221
name=unknown_D
#
# <colnr> <probs for GDERKNQSTAVLIFYWHMCP>
#	G	D	E	R	K	N	Q	S	T	A	V	L	I	F	Y	W	H	M	C	P
0	0.01652	0.01345	0.04387	0.04853	0.01792	0.04926	0.02698	0.03897	0.03686	0.13864	0.02144	0.02201	0.10122	0.00761	0.00649	0.00162	0.03210	0.00609	0.00487	0.36555
1	0.09532	0.13448	0.11636	0.01376	0.03624	0.06427	0.01223	0.21066	0.05935	0.02639	0.01537	0.05208	0.01280	0.02812	0.03319	0.00233	0.00742	0.00592	0.06486	0.00885
2	0.01031	0.00708	0.00901	0.00969	0.01081	0.00690	0.00680	0.03014	0.06952	0.05485	0.10323	0.57874	0.04138	0.01804	0.00807	0.00253	0.00403	0.01622	0.00638	0.00627
3	0.00921	0.00660	0.00827	0.00837	0.00986	0.00598	0.00616	0.01148	0.01619	0.03975	0.36390	0.23484	0.20002	0.01601	0.00795	0.00229	0.00350	0.03693	0.00669	0.00597
4	0.01790	0.04347	0.15746	0.01956	0.08592	0.20323	0.03554	0.07392	0.01532	0.01952	0.01068	0.01393	0.00894	0.00818	0.01127	0.00221	0.25591	0.00522	0.00333	0.00848
5	0.01903	0.01160	0.06088	0.01075	0.01464	0.00986	0.00921	0.09647	0.03944	0.28106	0.19433	0.03085	0.07784	0.00986	0.00671	0.00200	0.00498	0.00819	0.10346	0.00886
6	0.01487	0.01197	0.01572	0.16217	0.08480	0.01324	0.01190	0.08520	0.19209	0.05945	0.16893	0.02908	0.07562	0.00965	0.00749	0.00216	0.03334	0.00814	0.00563	0.00856
7	0.01760	0.77260	0.03450	0.01126	0.01690	0.02605	0.01126	0.01971	0.01338	0.01549	0.00915	0.01056	0.00845	0.00563	0.00422	0.00141	0.00704	0.00352	0.00282	0.00845
8	0.01857	0.10360	0.04528	0.07937	0.36289	0.11430	0.01680	0.09074	0.01678	0.05092	0.01246	0.01522	0.01004	0.00648	0.00661	0.00191	0.02930	0.00539	0.00372	0.00961
9	0.01745	0.74734	0.05844	0.01152	0.01729	0.02568	0.01171	0.01975	0.01339	0.01567	0.00924	0.01067	0.00844	0.00565	0.00429	0.00143	0.00713	0.00357	0.00281	0.00849
10	0.78617	0.01284	0.01029	0.00981	0.03865	0.01480	0.00760	0.01938	0.01134	0.02925	0.00928	0.01090	0.00725	0.00610	0.00416	0.00203	0.00519	0.00365	0.00404	0.00725
11	0.00940	0.00705	0.01058	0.01058	0.01176	0.00823	0.00823	0.01176	0.01058	0.01528	0.01763	0.02586	0.01646	0.04937	0.74255	0.01058	0.01763	0.00705	0.00353	0.00588
12	0.01659	0.01424	0.01518	0.03185	0.01794	0.01648	0.01069	0.05889	0.67334	0.02778	0.02602	0.02407	0.01949	0.00884	0.00669	0.00222	0.00537	0.00735	0.00660	0.01037
13	0.01481	0.01166	0.01377	0.00989	0.01569	0.00884	0.00794	0.01771	0.01403	0.07319	0.01274	0.01429	0.01023	0.00511	0.00500	0.00105	0.00493	0.00410	0.00421	0.75081
14	0.00802	0.00573	0.00764	0.00917	0.00955	0.00535	0.00611	0.00917	0.01260	0.01681	0.03628	0.76434	0.04354	0.02062	0.00840	0.00267	0.00382	0.01872	0.00611	0.00535
15	0.01440	0.01440	0.02016	0.01728	0.01728	0.02016	0.01440	0.01584	0.01008	0.01584	0.00864	0.01440	0.00864	0.01152	0.02160	0.00288	0.75659	0.00576	0.00288	0.00720
16	0.01298	0.01226	0.02073	0.65212	0.14177	0.01477	0.01855	0.01730	0.01342	0.01748	0.01180	0.01737	0.00901	0.00648	0.00657	0.00216	0.00864	0.00585	0.00297	0.00775
17	0.02954	0.01120	0.01528	0.01171	0.01681	0.00968	0.00968	0.03208	0.01884	0.73213	0.02597	0.02241	0.01630	0.00815	0.00662	0.00204	0.00560	0.00662	0.00815	0.01120
18	0.01498	0.00725	0.00783	0.00719	0.00933	0.00712	0.00555	0.04297	0.01509	0.11704	0.02185	0.02394	0.01659	0.00774	0.00494	0.00162	0.00355	0.00619	0.67224	0.00698
19	0.00940	0.00705	0.01058	0.01058	0.01176	0.00823	0.00823	0.01176	0.01058	0.01528	0.01763	0.02586	0.01646	0.04937	0.74255	0.01058	0.01763	0.00705	0.00353	0.00588
20	0.31695	0.02218	0.01553	0.01357	0.01755	0.34469	0.01062	0.14473	0.01809	0.02560	0.01081	0.01214	0.00846	0.00673	0.00536	0.00187	0.00854	0.00429	0.00421	0.00808
21	0.10524	0.05147	0.01821	0.01594	0.01947	0.64655	0.01210	0.02538	0.01774	0.01747	0.01004	0.01171	0.00834	0.00668	0.00569	0.00172	0.01104	0.00415	0.00344	0.00760
22	0.01574	0.01664	0.01786	0.01566	0.01636	0.16577	0.01246	0.01702	0.01176	0.01542	0.01082	0.01830	0.01096	0.12704	0.02023	0.00318	0.48880	0.00604	0.00316	0.00680
23	0.01171	0.01038	0.05925	0.03854	0.01410	0.00892	0.00864	0.04007	0.09016	0.05207	0.29625	0.06996	0.17110	0.01373	0.03772	0.00243	0.00502	0.01031	0.00612	0.05352
24	0.01681	0.28609	0.32000	0.01698	0.07349	0.06909	0.01728	0.02202	0.04335	0.06010	0.01226	0.01371	0.00948	0.00627	0.00559	0.00182	0.00838	0.00464	0.00334	0.00930
25	0.00982	0.00693	0.00848	0.00857	0.01038	0.00631	0.00669	0.01227	0.01614	0.04753	0.27173	0.11117	0.27080	0.01551	0.00789	0.00232	0.00388	0.13799	0.03950	0.00608
26	0.01449	0.00791	0.01024	0.00898	0.01156	0.00705	0.00697	0.01725	0.01820	0.21301	0.44981	0.04396	0.13918	0.01248	0.00746	0.00208	0.00380	0.01077	0.00733	0.00745
27	0.01538	0.02302	0.32458	0.04734	0.25225	0.01531	0.07414	0.04452	0.01507	0.05079	0.01362	0.01784	0.01073	0.00686	0.00713	0.00211	0.03437	0.03177	0.00347	0.00970
28	0.00940	0.00698	0.00958	0.00972	0.01044	0.00767	0.00703	0.01100	0.01142	0.01599	0.07838	0.18969	0.02712	0.19128	0.33763	0.00691	0.04943	0.01042	0.00445	0.00546
29	0.00802	0.00573	0.00764	0.00917	0.00955	0.00535	0.00611	0.00917	0.01260	0.01681	0.03628	0.76434	0.04354	0.02062	0.00840	0.00267	0.00382	0.01872	0.00611	0.00535
30	0.00805	0.00583	0.00761	0.00896	0.00951	0.00539	0.00604	0.00931	0.01300	0.01723	0.06367	0.68817	0.09277	0.02008	0.00833	0.00262	0.00376	0.01812	0.00615	0.00539
31	0.01628	0.01931	0.14581	0.07362	0.14837	0.03732	0.23360	0.12136	0.04261	0.02365	0.01504	0.06490	0.01238	0.00727	0.00699	0.00213	0.00892	0.00715	0.00398	0.00931
32	0.01697	0.01325	0.01647	0.04191	0.11605	0.10064	0.03195	0.03966	0.01542	0.15080	0.08785	0.02385	0.03565	0.01962	0.20647	0.00436	0.05919	0.00698	0.00478	0.00812
33	0.62693	0.01394	0.01391	0.01426	0.10831	0.03564	0.04434	0.01966	0.01210	0.02733	0.00981	0.01192	0.00778	0.00621	0.00508	0.00205	0.02504	0.00415	0.00388	0.00767
34	0.02936	0.01148	0.01545	0.01185	0.01694	0.01009	0.00979	0.05808	0.01931	0.70547	0.02558	0.02215	0.01610	0.00814	0.00662	0.00203	0.00567	0.00659	0.00809	0.01120
35	0.01873	0.28804	0.02639	0.10075	0.19746	0.22888	0.01467	0.02142	0.01528	0.01731	0.01053	0.01312	0.00898	0.00613	0.00554	0.00171	0.00882	0.00456	0.00310	0.00858
36	0.01040	0.00883	0.01043	0.00913	0.01196	0.00799	0.00710	0.01257	0.01432	0.01958	0.11280	0.10747	0.29271	0.01276	0.00832	0.00196	0.07479	0.02869	0.00528	0.24292
37	0.05001	0.26125	0.02380	0.01605	0.06894	0.29532	0.01243	0.08177	0.04595	0.04391	0.01163	0.01304	0.00954	0.00673	0.00603	0.00173	0.03498	0.00451	0.00378	0.00860
38	0.02796	0.01245	0.01671	0.01434	0.07157	0.01148	0.01084	0.11561	0.02007	0.59125	0.02366	0.02111	0.01521	0.00794	0.00661	0.00202	0.00598	0.00648	0.00758	0.01114
39	0.03866	0.01624	0.09230	0.22459	0.39068	0.01539	0.03771	0.02036	0.06146	0.02083	0.01305	0.01683	0.01033	0.00630	0.00648	0.00206	0.00809	0.00585	0.00338	0.00939
40	0.01637	0.01414	0.01489	0.01340	0.01712	0.01637	0.01042	0.03498	0.71568	0.02754	0.02679	0.02456	0.02010	0.00893	0.00670	0.00223	0.00521	0.00744	0.00670	0.01042
41	0.01472	0.04878	0.23462	0.01695	0.04184	0.04944	0.13540	0.04457	0.03712	0.05904	0.04650	0.06314	0.08253	0.00919	0.00691	0.00214	0.00782	0.05399	0.03682	0.00847
42	0.01296	0.35881	0.02066	0.01074	0.01378	0.01540	0.00940	0.01495	0.01335	0.01667	0.02277	0.25912	0.02523	0.01447	0.03703	0.00249	0.00629	0.13446	0.00448	0.00693
43	0.46492	0.06918	0.06946	0.01523	0.08716	0.03745	0.08003	0.01955	0.01257	0.02499	0.01078	0.03121	0.00893	0.00661	0.00574	0.00205	0.03774	0.00479	0.00372	0.00789
44	0.01144	0.00572	0.00858	0.00858	0.00858	0.00572	0.00572	0.00858	0.00858	0.01144	0.01144	0.02001	0.01144	0.02287	0.02573	0.80846	0.00572	0.00572	0.00286	0.00286
45	0.01568	0.01827	0.12190	0.01995	0.02572	0.01616	0.30078	0.05412	0.27876	0.02421	0.01999	0.02118	0.03662	0.00737	0.00711	0.00220	0.00829	0.00738	0.00474	0.00956
46	0.01376	0.01180	0.01370	0.00990	0.01566	0.00909	0.00791	0.01734	0.04274	0.02170	0.01233	0.01410	0.01018	0.00504	0.00495	0.00103	0.00489	0.00405	0.00402	0.77580
47	0.00802	0.00573	0.00764	0.00917	0.00955	0.00535	0.00611	0.00917	0.01260	0.01681	0.03628	0.76434	0.04354	0.02062	0.00840	0.00267	0.00382	0.01872	0.00611	0.00535
48	0.01440	0.01440	0.02016	0.01728	0.01728	0.02016	0.01440	0.01584	0.01008	0.01584	0.00864	0.01440	0.00864	0.01152	0.02160	0.00288	0.75659	0.00576	0.00288	0.00720
49	0.02503	0.01844	0.01976	0.01515	0.02042	0.02042	0.01251	0.70562	0.03095	0.04149	0.01581	0.01581	0.01120	0.00790	0.00659	0.00198	0.00724	0.00593	0.00659	0.01120
50	0.02769	0.01066	0.01430	0.01112	0.01583	0.00930	0.00913	0.03030	0.01830	0.65657	0.02549	0.02264	0.01636	0.00810	0.00640	0.00198	0.00533	0.00657	0.09326	0.01066
51	0.01323	0.00706	0.00716	0.00682	0.00863	0.00721	0.00520	0.06744	0.01510	0.02582	0.02105	0.02388	0.01645	0.00769	0.00475	0.00157	0.00338	0.00612	0.74491	0.00652
52	0.01642	0.01616	0.02085	0.07154	0.27862	0.14485	0.08147	0.01978	0.01501	0.02054	0.01390	0.01751	0.01130	0.00681	0.00703	0.00191	0.05390	0.00581	0.18821	0.00838
53	0.01144	0.00572	0.00858	0.00858	0.00858	0.00572	0.00572	0.00858	0.00858	0.01144	0.01144	0.02001	0.01144	0.02287	0.02573	0.80846	0.00572	0.00572	0.00286	0.00286
54	0.02464	0.02990	0.01878	0.01675	0.02036	0.65969	0.01270	0.10395	0.02006	0.01901	0.01082	0.01232	0.00879	0.00691	0.00601	0.00173	0.01134	0.00443	0.00376	0.00804
55	0.02198	0.02708	0.01878	0.01672	0.01957	0.57648	0.03651	0.02367	0.01686	0.01603	0.01080	0.01450	0.00959	0.05862	0.00983	0.00218	0.10516	0.00491	0.00337	0.00738
56	0.01713	0.00962	0.01283	0.01230	0.05720	0.00936	0.00894	0.02160	0.09947	0.25756	0.17108	0.07878	0.07288	0.01688	0.12009	0.00343	0.00677	0.00907	0.00652	0.00848
57	0.04584	0.19250	0.27522	0.07568	0.09752	0.05916	0.04213	0.01955	0.01406	0.01934	0.03696	0.04577	0.01198	0.00710	0.00641	0.00196	0.03126	0.00561	0.00325	0.00869
58	0.01374	0.00741	0.00777	0.00729	0.00927	0.00746	0.00557	0.07503	0.01549	0.05461	0.02345	0.05579	0.04358	0.00858	0.00513	0.00167	0.00357	0.00695	0.64094	0.00673
59	0.02459	0.01013	0.01359	0.01079	0.01507	0.00880	0.00877	0.02718	0.01857	0.56226	0.15302	0.02970	0.06808	0.00962	0.00690	0.00205	0.00502	0.00801	0.00786	0.00997
60	0.02353	0.03281	0.07657	0.01443	0.04449	0.01199	0.05270	0.08678	0.01828	0.43109	0.02397	0.05985	0.04176	0.00890	0.00716	0.00211	0.02545	0.02138	0.00661	0.01014
61	0.00960	0.00728	0.01005	0.13851	0.01606	0.00731	0.00831	0.01177	0.01419	0.03770	0.13097	0.37452	0.15376	0.01611	0.00787	0.00243	0.00463	0.03715	0.00576	0.00603
62	0.00820	0.00589	0.00783	0.00931	0.00983	0.00552	0.00641	0.00950	0.01286	0.01705	0.03706	0.69312	0.06297	0.02033	0.00844	0.00269	0.00397	0.06750	0.00611	0.00541
63	0.00796	0.00609	0.00732	0.00825	0.00932	0.00544	0.00571	0.00934	0.01361	0.01738	0.06337	0.49506	0.28942	0.01903	0.00816	0.00250	0.00363	0.01682	0.00614	0.00544
64	0.03971	0.06990	0.05327	0.01898	0.02494	0.01544	0.29949	0.11239	0.01828	0.25432	0.01730	0.01820	0.01196	0.00674	0.00685	0.00206	0.00834	0.00665	0.00527	0.00989
65	0.01746	0.01793	0.06823	0.01554	0.01782	0.17469	0.02951	0.01959	0.01336	0.09711	0.01304	0.01805	0.01138	0.07057	0.08363	0.00344	0.31138	0.00592	0.00374	0.00760
66	0.81514	0.01273	0.00968	0.00866	0.01273	0.01477	0.00713	0.01935	0.01120	0.02954	0.00917	0.01069	0.00713	0.00611	0.00407	0.00204	0.00509	0.00356	0.00407	0.00713
67	0.02909	0.01192	0.01572	0.01205	0.01716	0.01073	0.00996	0.09849	0.02004	0.66404	0.02497	0.02176	0.01579	0.00812	0.00662	0.00203	0.00576	0.00655	0.00799	0.01120
68	0.01809	0.67219	0.06134	0.01211	0.01769	0.09372	0.01193	0.02038	0.01390	0.01576	0.00936	0.01082	0.00845	0.00577	0.00447	0.00146	0.00761	0.00364	0.00287	0.00842
69	0.00925	0.00727	0.00857	0.00786	0.01014	0.00626	0.00595	0.01181	0.01675	0.02270	0.40365	0.05033	0.29803	0.01366	0.00744	0.00200	0.00339	0.01173	0.00645	0.09676
70	0.02467	0.02920	0.01826	0.01643	0.01996	0.65960	0.01240	0.02705	0.04438	0.07111	0.01199	0.01314	0.00950	0.00697	0.00602	0.00174	0.01115	0.00454	0.00388	0.00801
71	0.02877	0.01143	0.01534	0.01173	0.01686	0.00994	0.00968	0.05039	0.01897	0.68393	0.02511	0.02187	0.01589	0.00801	0.00655	0.00199	0.00562	0.00649	0.00793	0.04351
72	0.01342	0.03200	0.05420	0.10277	0.19707	0.01235	0.04918	0.01869	0.10385	0.03827	0.04502	0.16392	0.06692	0.01049	0.00704	0.00218	0.00642	0.03231	0.00472	0.03920
73	0.02325	0.01756	0.01876	0.01479	0.01974	0.01958	0.01208	0.56773	0.17174	0.03862	0.01807	0.01761	0.01303	0.00811	0.00661	0.00203	0.00683	0.00624	0.00661	0.01104
74	0.01731	0.23531	0.18690	0.02221	0.20615	0.14330	0.03705	0.02114	0.01478	0.01855	0.01088	0.01337	0.00900	0.00622	0.00624	0.00182	0.03292	0.00475	0.00304	0.00909
75	0.81514	0.01273	0.00968	0.00866	0.01273	0.01477	0.00713	0.01935	0.01120	0.02954	0.00917	0.01069	0.00713	0.00611	0.00407	0.00204	0.00509	0.00356	0.00407	0.00713
76	0.25442	0.26969	0.12326	0.01519	0.07153	0.07021	0.04963	0.02021	0.01331	0.02122	0.01005	0.01210	0.00828	0.00615	0.00550	0.00184	0.03158	0.00425	0.00329	0.00831

[dist]
# distance from previous block
# <min> <max>
0	15

[block]
# block no. 4 follows, 33 sequences, length 28
# corresponding to MSA columns:
# 237-264
name=unknown_E
#
# <colnr> <probs for GDERKNQSTAVLIFYWHMCP>
#	G	D	E	R	K	N	Q	S	T	A	V	L	I	F	Y	W	H	M	C	P
0	0.01358	0.01454	0.03009	0.02218	0.02734	0.01358	0.50535	0.01820	0.01574	0.02135	0.12322	0.08181	0.06365	0.00854	0.00782	0.00223	0.00890	0.00958	0.00429	0.00802
1	0.01700	0.01445	0.01524	0.01352	0.01736	0.01666	0.01057	0.08318	0.66647	0.02854	0.02600	0.02393	0.01946	0.00886	0.00669	0.00221	0.00536	0.00733	0.00669	0.01048
2	0.01620	0.01189	0.01410	0.01022	0.01594	0.00934	0.00823	0.04471	0.01500	0.11697	0.01376	0.01490	0.01068	0.00543	0.00517	0.00115	0.00506	0.00434	0.00457	0.67234
3	0.00816	0.00579	0.00760	0.00899	0.00934	0.00544	0.00592	0.00920	0.01233	0.01645	0.03490	0.70030	0.04180	0.08705	0.01063	0.00300	0.00405	0.01790	0.00592	0.00523
4	0.01440	0.01440	0.02016	0.01728	0.01728	0.02016	0.01440	0.01584	0.01008	0.01584	0.00864	0.01440	0.00864	0.01152	0.02160	0.00288	0.75659	0.00576	0.00288	0.00720
5	0.00815	0.00610	0.00758	0.00845	0.00944	0.00552	0.00587	0.00971	0.01405	0.01843	0.14376	0.49564	0.20601	0.01865	0.00816	0.00248	0.00360	0.01659	0.00628	0.00552
6	0.02371	0.01104	0.01415	0.01148	0.01573	0.01040	0.00925	0.02944	0.15313	0.48132	0.13988	0.02718	0.02449	0.00916	0.00682	0.00208	0.00512	0.00764	0.00772	0.01024
7	0.02401	0.01272	0.01532	0.01213	0.01658	0.01267	0.00988	0.22778	0.06681	0.36087	0.10888	0.02400	0.02071	0.00876	0.00666	0.00201	0.00563	0.00710	0.04719	0.01028
8	0.14290	0.01472	0.01572	0.01273	0.01738	0.03930	0.01034	0.21758	0.16379	0.26704	0.02028	0.01891	0.01403	0.00789	0.00622	0.00205	0.00611	0.00606	0.00665	0.01031
9	0.01616	0.01514	0.01551	0.01347	0.01561	0.13395	0.01069	0.15088	0.01824	0.02386	0.20466	0.05669	0.06733	0.01122	0.01106	0.00225	0.21231	0.00818	0.00517	0.00762
10	0.11445	0.01630	0.01774	0.01503	0.05991	0.01777	0.01154	0.49722	0.02570	0.03643	0.05784	0.01795	0.01407	0.02908	0.00705	0.00207	0.00666	0.00604	0.00596	0.04121
11	0.02041	0.06631	0.09093	0.01603	0.01953	0.25101	0.01384	0.07251	0.03685	0.10538	0.01264	0.01468	0.01000	0.00838	0.01067	0.00215	0.23089	0.00522	0.00405	0.00853
12	0.06760	0.01508	0.01362	0.03163	0.01575	0.15442	0.00926	0.16528	0.01906	0.15073	0.01788	0.01886	0.01315	0.00751	0.00566	0.00179	0.00638	0.00565	0.27224	0.00847
13	0.08631	0.01310	0.01896	0.29896	0.18376	0.01486	0.01521	0.13257	0.01608	0.02313	0.01327	0.01754	0.01052	0.01169	0.09333	0.00307	0.00888	0.00581	0.02453	0.00843
14	0.01852	0.11578	0.22903	0.03142	0.02212	0.16457	0.01524	0.16059	0.01822	0.02345	0.01195	0.01351	0.00920	0.00641	0.00580	0.00173	0.00855	0.00466	0.00386	0.13540
15	0.01538	0.01118	0.01260	0.01168	0.01458	0.01211	0.00896	0.06044	0.36112	0.09277	0.04213	0.20137	0.04522	0.01210	0.00712	0.00230	0.00487	0.03275	0.04253	0.00879
16	0.01127	0.00707	0.00914	0.00960	0.01103	0.00659	0.00701	0.03436	0.01482	0.09835	0.09404	0.47308	0.10339	0.01766	0.00810	0.00252	0.00422	0.07497	0.00644	0.00634
17	0.01323	0.01427	0.06623	0.01967	0.08479	0.01287	0.26748	0.01949	0.11533	0.02181	0.10912	0.07301	0.10311	0.01098	0.03604	0.00253	0.00782	0.00923	0.00475	0.00825
18	0.00970	0.00736	0.00913	0.00979	0.01110	0.00732	0.00719	0.01388	0.11286	0.02029	0.14897	0.41053	0.09210	0.01724	0.00810	0.00252	0.00413	0.09512	0.00637	0.00630
19	0.00816	0.00579	0.00760	0.00899	0.00934	0.00544	0.00592	0.00920	0.01233	0.01645	0.03490	0.70030	0.04180	0.08705	0.01063	0.00300	0.00405	0.01790	0.00592	0.00523
20	0.00817	0.00579	0.00760	0.00898	0.00933	0.00544	0.00591	0.00921	0.01232	0.01642	0.03482	0.69628	0.04169	0.09122	0.01077	0.00302	0.00406	0.01785	0.00591	0.00522
21	0.01225	0.00820	0.01043	0.01087	0.01268	0.00815	0.00852	0.04177	0.08491	0.08335	0.03496	0.32668	0.07575	0.01683	0.00820	0.00264	0.00496	0.23566	0.00635	0.00684
22	0.01861	0.14476	0.02300	0.09105	0.02221	0.29060	0.05418	0.02079	0.01446	0.01629	0.00988	0.01334	0.00864	0.00793	0.01057	0.00209	0.23586	0.00495	0.00309	0.00768
23	0.04098	0.05353	0.09006	0.10024	0.02013	0.01106	0.01084	0.01686	0.01346	0.02052	0.01299	0.05948	0.01138	0.00626	0.00538	0.00140	0.00591	0.00510	0.00375	0.51068
24	0.01525	0.28647	0.12992	0.07913	0.07215	0.08968	0.01366	0.01825	0.01331	0.01662	0.01199	0.01625	0.01058	0.04243	0.12464	0.03400	0.00974	0.00504	0.00307	0.00781
25	0.00980	0.00731	0.00837	0.00861	0.01039	0.00689	0.00632	0.01331	0.08930	0.04233	0.08727	0.29035	0.31630	0.01643	0.00776	0.00236	0.00382	0.03292	0.03388	0.00626
26	0.01707	0.16444	0.02167	0.03830	0.13809	0.20835	0.05123	0.04616	0.01684	0.02000	0.13097	0.02352	0.08007	0.00831	0.00631	0.00184	0.00778	0.00676	0.00423	0.00805
27	0.03394	0.04431	0.06040	0.01331	0.03985	0.01207	0.05104	0.01980	0.05683	0.10012	0.03373	0.01832	0.03997	0.00696	0.00711	0.00163	0.07247	0.00550	0.00446	0.37819

[dist]
# distance from previous block
# <min> <max>
0	2

[block]
# block no. 5 follows, 33 sequences, length 32
# corresponding to MSA columns:
# 267-298
name=unknown_F
#
# <colnr> <probs for GDERKNQSTAVLIFYWHMCP>
#	G	D	E	R	K	N	Q	S	T	A	V	L	I	F	Y	W	H	M	C	P
0	0.06437	0.12359	0.06715	0.17606	0.02531	0.15797	0.05098	0.06119	0.05450	0.01966	0.01214	0.02910	0.01005	0.00756	0.00816	0.00207	0.11302	0.00545	0.00356	0.00811
1	0.01149	0.00866	0.01196	0.10517	0.08894	0.00854	0.00947	0.03308	0.01515	0.06531	0.09315	0.23113	0.22349	0.01436	0.00763	0.00233	0.00501	0.05266	0.00565	0.00683
2	0.01260	0.01200	0.06836	0.08130	0.15381	0.01056	0.03728	0.01690	0.05961	0.04723	0.15395	0.18612	0.04249	0.01143	0.00724	0.00219	0.00587	0.03579	0.00515	0.05014
3	0.02373	0.12267	0.02061	0.01626	0.01993	0.65400	0.01254	0.02548	0.01801	0.01604	0.01005	0.01171	0.00848	0.00664	0.00573	0.00166	0.01128	0.00415	0.00332	0.00773
4	0.02193	0.06933	0.05369	0.01768	0.08163	0.34483	0.01335	0.20503	0.05019	0.02429	0.03242	0.01591	0.02629	0.00738	0.00619	0.00184	0.00921	0.00535	0.00446	0.00901
5	0.02424	0.01902	0.01925	0.01513	0.02012	0.07326	0.01234	0.59686	0.08997	0.03840	0.01635	0.01628	0.01177	0.00791	0.00655	0.00198	0.00741	0.00594	0.00636	0.01087
6	0.40641	0.07582	0.11811	0.01481	0.06316	0.14789	0.04852	0.02099	0.01357	0.02388	0.01015	0.01208	0.00800	0.00617	0.00508	0.00194	0.00761	0.00424	0.00358	0.00799
7	0.01481	0.30377	0.47888	0.01602	0.02426	0.01922	0.01955	0.02043	0.01371	0.01889	0.01084	0.01268	0.00838	0.00603	0.00551	0.00184	0.00875	0.00437	0.00279	0.00926
8	0.01572	0.01363	0.01546	0.01566	0.08465	0.01545	0.01102	0.03156	0.59401	0.02613	0.02615	0.08110	0.02099	0.00954	0.00681	0.00224	0.00535	0.00817	0.00632	0.01003
9	0.02442	0.01170	0.01499	0.01127	0.01660	0.00990	0.00923	0.05905	0.01781	0.48013	0.02109	0.01939	0.01403	0.00713	0.00608	0.00171	0.00545	0.00575	0.00676	0.25751
10	0.01618	0.04252	0.26939	0.01437	0.01979	0.01303	0.03185	0.08931	0.03737	0.13552	0.01818	0.07677	0.01531	0.07861	0.09672	0.00349	0.02114	0.00710	0.00461	0.00875
11	0.01627	0.28822	0.05042	0.01819	0.04454	0.03918	0.24229	0.02080	0.05694	0.03732	0.06548	0.01899	0.01462	0.00703	0.00681	0.00193	0.03541	0.02321	0.00379	0.00858
12	0.00794	0.00651	0.00700	0.00724	0.00908	0.00557	0.00529	0.00962	0.01485	0.01825	0.11025	0.18768	0.55364	0.01714	0.00789	0.00229	0.00340	0.01461	0.00620	0.00557
13	0.02954	0.01120	0.01528	0.01171	0.01681	0.00968	0.00968	0.03208	0.01884	0.73213	0.02597	0.02241	0.01630	0.00815	0.00662	0.00204	0.00560	0.00662	0.00815	0.01120
14	0.01370	0.01373	0.03850	0.35647	0.25578	0.04069	0.01717	0.01742	0.01387	0.01839	0.01618	0.06649	0.04933	0.00803	0.00747	0.00216	0.04605	0.00701	0.00341	0.00815
15	0.06627	0.01236	0.01950	0.62197	0.08284	0.01500	0.01736	0.05359	0.01408	0.01924	0.01179	0.01693	0.00889	0.00658	0.00641	0.00216	0.00839	0.00570	0.00321	0.00769
16	0.01933	0.01586	0.01699	0.01438	0.01780	0.06084	0.01160	0.24152	0.25401	0.05387	0.01926	0.02105	0.01500	0.00917	0.00913	0.00222	0.13368	0.03116	0.04350	0.00962
17	0.62078	0.01321	0.01112	0.00967	0.01374	0.01515	0.00790	0.10669	0.06141	0.03065	0.01182	0.01298	0.00901	0.00661	0.00459	0.00202	0.00527	0.00426	0.04532	0.00781
18	0.01299	0.03878	0.01687	0.06788	0.23305	0.03699	0.01254	0.01588	0.01431	0.01919	0.02463	0.08342	0.10279	0.03393	0.03858	0.00258	0.00689	0.12920	0.00437	0.10513
19	0.01666	0.01455	0.01439	0.01296	0.01561	0.15616	0.01015	0.12562	0.06878	0.06351	0.01689	0.02101	0.01418	0.02827	0.36926	0.00620	0.02728	0.00630	0.00448	0.00774
20	0.05977	0.03738	0.04732	0.03498	0.01487	0.04212	0.00988	0.05158	0.01273	0.05911	0.01648	0.04439	0.01531	0.11917	0.32473	0.00628	0.08623	0.00690	0.00397	0.00681
21	0.01619	0.01403	0.01638	0.01510	0.11129	0.05713	0.01046	0.09804	0.01646	0.04139	0.05159	0.01634	0.01294	0.00622	0.00603	0.00141	0.02692	0.00498	0.00436	0.47275
22	0.00841	0.00621	0.00794	0.00906	0.01000	0.00574	0.00653	0.01003	0.01376	0.01798	0.08462	0.49876	0.16732	0.01913	0.00834	0.00260	0.00399	0.10785	0.00618	0.00554
23	0.00956	0.00643	0.00741	0.00741	0.00749	0.00651	0.00428	0.00972	0.00964	0.01293	0.02053	0.04192	0.02343	0.72006	0.08140	0.00667	0.00714	0.00940	0.00396	0.00412
24	0.01539	0.13673	0.56616	0.01702	0.02573	0.01628	0.02106	0.02176	0.01430	0.08829	0.01279	0.01424	0.00912	0.00635	0.00600	0.00198	0.00895	0.00484	0.00330	0.00969
25	0.01317	0.00838	0.01058	0.01068	0.01298	0.00805	0.00892	0.05966	0.01642	0.10846	0.03922	0.09494	0.18645	0.01569	0.00813	0.00259	0.00525	0.34812	0.03541	0.00688
26	0.15890	0.00952	0.01049	0.00919	0.01224	0.00946	0.00720	0.03706	0.06583	0.17374	0.20878	0.03483	0.14249	0.04244	0.00768	0.00224	0.00442	0.00876	0.04708	0.00765
27	0.01481	0.20136	0.28429	0.01595	0.02154	0.06410	0.05754	0.01896	0.01347	0.01826	0.01315	0.08060	0.01191	0.00824	0.00836	0.00207	0.12407	0.00609	0.02686	0.00835
28	0.01637	0.07225	0.09758	0.01232	0.01850	0.01259	0.03590	0.10418	0.01620	0.06779	0.01298	0.01441	0.01009	0.00569	0.00541	0.00137	0.00615	0.00454	0.00427	0.48140
29	0.01993	0.00889	0.01079	0.00914	0.01230	0.00833	0.00725	0.05847	0.01675	0.32224	0.02399	0.06946	0.01800	0.00869	0.00579	0.00184	0.00440	0.00712	0.37813	0.00848
30	0.01051	0.00675	0.00854	0.00873	0.00987	0.00650	0.00608	0.01179	0.01247	0.07958	0.03342	0.28379	0.14315	0.20719	0.13636	0.00477	0.00682	0.01267	0.00534	0.00566
31	0.01904	0.15335	0.04170	0.07427	0.02146	0.26328	0.05518	0.07994	0.12707	0.02033	0.01497	0.05121	0.01273	0.02933	0.00689	0.00202	0.00870	0.00596	0.00416	0.00841

[dist]
# distance from previous block
# <min> <max>
0	23

# created by:
# /home/cegg/simao/soft/augustus-3.2.1/scripts/msa2prfl.pl ./align_prep/EOG090W0D73.fa
