[name]
unknown

[dist]
# distance from previous block
# <min> <max>
0	4

[block]
# block no. 0 follows, 33 sequences, length 71
# corresponding to MSA columns:
# 15-85
name=unknown_A
#
# <colnr> <probs for GDERKNQSTAVLIFYWHMCP>
#	G	D	E	R	K	N	Q	S	T	A	V	L	I	F	Y	W	H	M	C	P
0	0.04252	0.01212	0.01510	0.01261	0.01631	0.02788	0.04901	0.13459	0.10914	0.21519	0.16217	0.07957	0.02753	0.01055	0.00712	0.00217	0.00568	0.05496	0.00675	0.00904
1	0.01762	0.68421	0.08501	0.01199	0.01790	0.02501	0.01228	0.05107	0.01422	0.01707	0.00965	0.01104	0.00857	0.00578	0.00448	0.00148	0.00725	0.00373	0.00299	0.00867
2	0.01144	0.00572	0.00858	0.00858	0.00858	0.00572	0.00572	0.00858	0.00858	0.01144	0.01144	0.02001	0.01144	0.02287	0.02573	0.80846	0.00572	0.00572	0.00286	0.00286
3	0.01594	0.46941	0.28858	0.01533	0.05374	0.02166	0.01642	0.02015	0.01364	0.01771	0.01027	0.01204	0.00850	0.00587	0.00507	0.00168	0.00805	0.00412	0.00282	0.00900
4	0.01320	0.03405	0.73453	0.01876	0.02849	0.01529	0.02432	0.02085	0.01390	0.02085	0.01181	0.01390	0.00834	0.00625	0.00625	0.00208	0.00973	0.00486	0.00278	0.00973
5	0.00840	0.00669	0.00752	0.00732	0.00927	0.00582	0.00549	0.01064	0.01646	0.02124	0.33076	0.05766	0.45868	0.01538	0.00777	0.00216	0.00324	0.01310	0.00657	0.00582
6	0.01608	0.01691	0.07543	0.03892	0.67946	0.01562	0.02049	0.02025	0.01491	0.02146	0.01234	0.01613	0.01028	0.00589	0.00650	0.00196	0.00795	0.00580	0.00323	0.01038
7	0.01287	0.01215	0.02054	0.67131	0.12340	0.01474	0.01850	0.01721	0.01337	0.01736	0.01178	0.01741	0.00896	0.00650	0.00657	0.00217	0.00867	0.00585	0.00296	0.00767
8	0.00802	0.00573	0.00764	0.00917	0.00955	0.00535	0.00611	0.00917	0.01260	0.01681	0.03628	0.76434	0.04354	0.02062	0.00840	0.00267	0.00382	0.01872	0.00611	0.00535
9	0.02954	0.01120	0.01528	0.01171	0.01681	0.00968	0.00968	0.03208	0.01884	0.73213	0.02597	0.02241	0.01630	0.00815	0.00662	0.00204	0.00560	0.00662	0.00815	0.01120
10	0.02934	0.01152	0.01547	0.01186	0.01696	0.01015	0.00980	0.06162	0.01937	0.70184	0.02553	0.02212	0.01607	0.00814	0.00662	0.00203	0.00567	0.00659	0.00808	0.01120
11	0.05695	0.73511	0.03327	0.01114	0.01669	0.02549	0.01106	0.01969	0.01327	0.01618	0.00915	0.01057	0.00838	0.00566	0.00422	0.00144	0.00694	0.00352	0.00288	0.00838
12	0.00950	0.00635	0.00720	0.00728	0.00730	0.00633	0.00409	0.00955	0.00972	0.01296	0.02151	0.07867	0.02490	0.73173	0.03227	0.00620	0.00626	0.01002	0.00409	0.00406
13	0.01554	0.01776	0.03885	0.02775	0.03441	0.01665	0.70366	0.02109	0.01554	0.02109	0.01332	0.01776	0.00999	0.00555	0.00777	0.00222	0.01110	0.00777	0.00333	0.00888
14	0.01612	0.01505	0.02485	0.18107	0.54253	0.01577	0.01929	0.06670	0.01572	0.02195	0.01248	0.01651	0.01015	0.00615	0.00653	0.00200	0.00797	0.00587	0.00342	0.00986
15	0.02570	0.01035	0.01405	0.01106	0.01548	0.00902	0.00902	0.02835	0.01880	0.59816	0.15850	0.02749	0.02499	0.00916	0.00684	0.00204	0.00513	0.00762	0.00798	0.01026
16	0.01554	0.01776	0.03885	0.02775	0.03441	0.01665	0.70366	0.02109	0.01554	0.02109	0.01332	0.01776	0.00999	0.00555	0.00777	0.00222	0.01110	0.00777	0.00333	0.00888
17	0.00826	0.00702	0.04078	0.00960	0.01041	0.00580	0.00694	0.00970	0.01266	0.01699	0.03517	0.73013	0.04194	0.01997	0.00830	0.00265	0.00409	0.01808	0.00596	0.00555
18	0.02177	0.01639	0.01746	0.01395	0.01857	0.01818	0.01134	0.49872	0.17320	0.03661	0.02088	0.02039	0.04854	0.00854	0.00658	0.00202	0.00643	0.00665	0.04325	0.01052
19	0.02250	0.01684	0.01814	0.01439	0.01910	0.01876	0.01175	0.54506	0.13736	0.03747	0.01779	0.01795	0.01303	0.01021	0.04481	0.00245	0.00735	0.00623	0.02816	0.01066
20	0.06408	0.01571	0.01537	0.01356	0.01744	0.06667	0.01061	0.10533	0.55359	0.02836	0.02345	0.02195	0.01759	0.00851	0.00648	0.00216	0.00588	0.00684	0.00631	0.01012
21	0.01215	0.00861	0.01045	0.01031	0.01217	0.00857	0.00751	0.08335	0.09521	0.05819	0.10349	0.45889	0.03667	0.01593	0.00771	0.00238	0.00438	0.01416	0.00635	0.04353
22	0.01613	0.01705	0.03663	0.02631	0.03271	0.01594	0.64464	0.02138	0.01565	0.06158	0.01468	0.03877	0.01128	0.00612	0.00772	0.00222	0.01058	0.00801	0.00368	0.00891
23	0.01398	0.01348	0.02348	0.45699	0.27917	0.01512	0.06701	0.01828	0.01396	0.01873	0.01205	0.01713	0.00943	0.00626	0.00664	0.00211	0.00861	0.00599	0.00307	0.00849
24	0.00802	0.00573	0.00764	0.00917	0.00955	0.00535	0.00611	0.00917	0.01260	0.01681	0.03628	0.76434	0.04354	0.02062	0.00840	0.00267	0.00382	0.01872	0.00611	0.00535
25	0.02443	0.01814	0.01942	0.01503	0.02019	0.02014	0.01237	0.65947	0.07808	0.04053	0.01656	0.01641	0.01181	0.00797	0.00659	0.00199	0.00710	0.00603	0.00659	0.01114
26	0.01320	0.03405	0.73453	0.01876	0.02849	0.01529	0.02432	0.02085	0.01390	0.02085	0.01181	0.01390	0.00834	0.00625	0.00625	0.00208	0.00973	0.00486	0.00278	0.00973
27	0.01395	0.01414	0.01963	0.64537	0.04161	0.10232	0.01751	0.01793	0.01375	0.01671	0.01144	0.01679	0.00874	0.00673	0.00689	0.00215	0.02836	0.00565	0.00298	0.00735
28	0.02459	0.03138	0.01866	0.01696	0.02035	0.74221	0.01272	0.02629	0.01866	0.01611	0.01018	0.01187	0.00848	0.00678	0.00594	0.00170	0.01187	0.00424	0.00339	0.00763
29	0.01227	0.00614	0.00614	0.00614	0.00767	0.00614	0.00460	0.01534	0.01381	0.02454	0.02148	0.02454	0.01687	0.00767	0.00460	0.00153	0.00307	0.00614	0.80518	0.00614
30	0.00851	0.00670	0.00768	0.00744	0.00934	0.00587	0.00558	0.01086	0.01673	0.02189	0.37966	0.05661	0.40937	0.01514	0.00777	0.00215	0.00323	0.01295	0.00665	0.00587
31	0.01320	0.03405	0.73453	0.01876	0.02849	0.01529	0.02432	0.02085	0.01390	0.02085	0.01181	0.01390	0.00834	0.00625	0.00625	0.00208	0.00973	0.00486	0.00278	0.00973
32	0.00799	0.00663	0.00699	0.00699	0.00904	0.00563	0.00521	0.00982	0.01536	0.01885	0.15026	0.09370	0.60796	0.01644	0.00781	0.00222	0.00333	0.01386	0.00626	0.00563
33	0.00881	0.00671	0.00809	0.00775	0.00952	0.00599	0.00581	0.01143	0.01743	0.02353	0.50531	0.05390	0.28270	0.01453	0.00777	0.00212	0.00318	0.01257	0.00687	0.00599
34	0.02072	0.01640	0.01743	0.03544	0.01939	0.05043	0.01179	0.31948	0.28966	0.06481	0.02024	0.02068	0.01517	0.00863	0.00735	0.00214	0.04078	0.02285	0.00627	0.01032
35	0.01290	0.01110	0.01769	0.04723	0.35363	0.01124	0.01347	0.01596	0.04674	0.01896	0.02036	0.24205	0.02115	0.01411	0.04219	0.08254	0.00676	0.00984	0.00424	0.00785
36	0.00802	0.00573	0.00764	0.00917	0.00955	0.00535	0.00611	0.00917	0.01260	0.01681	0.03628	0.76434	0.04354	0.02062	0.00840	0.00267	0.00382	0.01872	0.00611	0.00535
37	0.00955	0.00738	0.00891	0.00983	0.04240	0.00686	0.00669	0.01247	0.06349	0.03728	0.11062	0.30664	0.32043	0.01654	0.00784	0.00235	0.00388	0.01443	0.00618	0.00625
38	0.01389	0.13388	0.58148	0.04385	0.02776	0.01680	0.05351	0.02056	0.01388	0.01998	0.01151	0.01375	0.00845	0.00615	0.00606	0.00200	0.00939	0.00485	0.00282	0.00943
39	0.01706	0.03598	0.01973	0.04635	0.26273	0.06410	0.01407	0.19203	0.01858	0.02473	0.01856	0.16199	0.01803	0.01008	0.00741	0.00216	0.03107	0.04159	0.00476	0.00899
40	0.14273	0.01642	0.02431	0.05346	0.48103	0.06913	0.07829	0.02050	0.01466	0.02220	0.01178	0.01525	0.00968	0.00596	0.00620	0.00198	0.00801	0.00555	0.00339	0.00947
41	0.00901	0.00753	0.03068	0.06181	0.03797	0.00686	0.00825	0.01082	0.01301	0.01728	0.03389	0.55628	0.06870	0.03739	0.00882	0.00270	0.00471	0.07282	0.00564	0.00582
42	0.00793	0.00609	0.00727	0.00821	0.00930	0.00543	0.00568	0.00927	0.01353	0.01718	0.04798	0.49462	0.30571	0.01910	0.00816	0.00250	0.00363	0.01686	0.00611	0.00543
43	0.01604	0.50961	0.28377	0.01393	0.02103	0.02222	0.01591	0.02012	0.01356	0.01740	0.01010	0.01175	0.00841	0.00585	0.00495	0.00165	0.00800	0.00400	0.00280	0.00890
44	0.00937	0.00664	0.00840	0.00829	0.00982	0.00603	0.00609	0.01183	0.01683	0.04268	0.45841	0.19476	0.16576	0.01528	0.00786	0.00222	0.00336	0.01346	0.00686	0.00607
45	0.00826	0.00663	0.00731	0.00725	0.00913	0.00575	0.00536	0.01025	0.01572	0.01993	0.24240	0.09505	0.49030	0.03692	0.00852	0.00232	0.00338	0.01348	0.00636	0.00568
46	0.00956	0.00643	0.00743	0.00743	0.00751	0.00652	0.00430	0.00973	0.00965	0.01295	0.02052	0.04184	0.02339	0.71660	0.08481	0.00669	0.00720	0.00939	0.00396	0.00413
47	0.01637	0.01414	0.01489	0.01340	0.01712	0.01637	0.01042	0.03498	0.71568	0.02754	0.02679	0.02456	0.02010	0.00893	0.00670	0.00223	0.00521	0.00744	0.00670	0.01042
48	0.02068	0.02175	0.01631	0.01455	0.01810	0.35976	0.01115	0.07141	0.24183	0.05481	0.05164	0.02097	0.05169	0.00841	0.00643	0.00194	0.00833	0.00632	0.00518	0.00874
49	0.01780	0.75108	0.03404	0.01143	0.01700	0.04684	0.01131	0.01990	0.01353	0.01551	0.00918	0.01060	0.00845	0.00567	0.00427	0.00142	0.00718	0.00354	0.00283	0.00842
50	0.75990	0.01266	0.01037	0.05987	0.01498	0.01476	0.00790	0.01918	0.01134	0.02866	0.00934	0.01117	0.00724	0.00614	0.00425	0.00205	0.00535	0.00372	0.00399	0.00714
51	0.01629	0.01564	0.02672	0.04041	0.72757	0.01564	0.02020	0.02020	0.01499	0.02151	0.01238	0.01629	0.01043	0.00587	0.00652	0.00196	0.00782	0.00587	0.00326	0.01043
52	0.01334	0.05684	0.71293	0.01853	0.02814	0.01562	0.02392	0.02081	0.01388	0.02068	0.01173	0.01380	0.00834	0.00624	0.00619	0.00206	0.00965	0.00482	0.00278	0.00969
53	0.00941	0.00702	0.01043	0.01043	0.01155	0.00815	0.00804	0.01166	0.01053	0.01517	0.01777	0.02664	0.01680	0.08181	0.71058	0.01039	0.01713	0.00717	0.00355	0.00579
54	0.00834	0.00634	0.00769	0.00810	0.00943	0.00568	0.00579	0.01026	0.01523	0.02007	0.25797	0.32013	0.26680	0.01715	0.00801	0.00234	0.00344	0.01508	0.00646	0.00568
55	0.01637	0.01414	0.01489	0.01340	0.01712	0.01637	0.01042	0.03498	0.71568	0.02754	0.02679	0.02456	0.02010	0.00893	0.00670	0.00223	0.00521	0.00744	0.00670	0.01042
56	0.01456	0.01299	0.01788	0.06376	0.02041	0.01127	0.09801	0.06128	0.01486	0.02220	0.01208	0.01461	0.00977	0.00547	0.00597	0.00134	0.02854	0.00471	0.00390	0.57639
57	0.01732	0.17081	0.07153	0.02079	0.02694	0.01836	0.37628	0.11946	0.01746	0.04322	0.04428	0.01732	0.01222	0.00636	0.00677	0.00200	0.00914	0.00663	0.00397	0.00912
58	0.01420	0.01466	0.02519	0.01994	0.02226	0.01764	0.23960	0.01709	0.01193	0.01750	0.01121	0.01682	0.00998	0.01391	0.09978	0.00355	0.42747	0.00657	0.00310	0.00760
59	0.00802	0.00573	0.00764	0.00917	0.00955	0.00535	0.00611	0.00917	0.01260	0.01681	0.03628	0.76434	0.04354	0.02062	0.00840	0.00267	0.00382	0.01872	0.00611	0.00535
60	0.06706	0.01499	0.14932	0.05772	0.11794	0.01157	0.01275	0.03770	0.06822	0.07496	0.09863	0.03081	0.17600	0.00972	0.00665	0.00208	0.00598	0.00811	0.04152	0.00827
61	0.01577	0.01533	0.02423	0.20635	0.23997	0.03914	0.14071	0.04484	0.16218	0.02201	0.01545	0.01844	0.01193	0.00672	0.00678	0.00211	0.00821	0.00649	0.00402	0.00931
62	0.01411	0.13871	0.55374	0.01871	0.02750	0.01700	0.10038	0.02071	0.01401	0.02010	0.01160	0.01386	0.00854	0.00608	0.00614	0.00200	0.00950	0.00500	0.00285	0.00945
63	0.00824	0.00673	0.00730	0.00727	0.00932	0.00579	0.00553	0.01027	0.01576	0.01966	0.20111	0.06096	0.55390	0.01608	0.00784	0.00223	0.00342	0.04651	0.00635	0.00572
64	0.01412	0.01497	0.06493	0.19516	0.34761	0.01431	0.11556	0.01829	0.01447	0.01985	0.01730	0.05842	0.06075	0.00751	0.00688	0.00211	0.00810	0.00729	0.00351	0.00886
65	0.06932	0.66404	0.03168	0.01149	0.01691	0.05742	0.01111	0.04401	0.01409	0.01733	0.00943	0.01081	0.00846	0.00579	0.00437	0.00148	0.00714	0.00364	0.00305	0.00842
66	0.01320	0.03405	0.73453	0.01876	0.02849	0.01529	0.02432	0.02085	0.01390	0.02085	0.01181	0.01390	0.00834	0.00625	0.00625	0.00208	0.00973	0.00486	0.00278	0.00973
67	0.00813	0.00581	0.00777	0.00930	0.00973	0.00545	0.00631	0.00936	0.01272	0.01693	0.03622	0.73408	0.04329	0.02052	0.00843	0.00269	0.00392	0.04786	0.00611	0.00538
68	0.01076	0.00834	0.01164	0.01089	0.01235	0.00931	0.02933	0.05941	0.01236	0.01716	0.02174	0.05184	0.07171	0.14551	0.45422	0.00789	0.04725	0.00818	0.00404	0.00608
69	0.01023	0.05604	0.01032	0.00844	0.01031	0.00770	0.00641	0.01317	0.03407	0.03863	0.48723	0.07963	0.13259	0.06542	0.00929	0.00237	0.00375	0.01153	0.00656	0.00630
70	0.01860	0.02046	0.02010	0.08670	0.02172	0.27084	0.03352	0.07210	0.01510	0.01812	0.01014	0.01402	0.00883	0.00896	0.01320	0.00232	0.34889	0.00531	0.00336	0.00771

[dist]
# distance from previous block
# <min> <max>
0	1

[block]
# block no. 1 follows, 33 sequences, length 28
# corresponding to MSA columns:
# 87-114
name=unknown_B
#
# <colnr> <probs for GDERKNQSTAVLIFYWHMCP>
#	G	D	E	R	K	N	Q	S	T	A	V	L	I	F	Y	W	H	M	C	P
0	0.81514	0.01273	0.00968	0.00866	0.01273	0.01477	0.00713	0.01935	0.01120	0.02954	0.00917	0.01069	0.00713	0.00611	0.00407	0.00204	0.00509	0.00356	0.00407	0.00713
1	0.01272	0.01200	0.02027	0.69904	0.09684	0.01470	0.01843	0.01708	0.01330	0.01717	0.01175	0.01746	0.00890	0.00653	0.00658	0.00218	0.00870	0.00585	0.00295	0.00755
2	0.00999	0.00705	0.00824	0.00790	0.01004	0.00619	0.00607	0.01230	0.01658	0.07016	0.29733	0.05607	0.40090	0.01502	0.00777	0.00220	0.00356	0.04978	0.00666	0.00621
3	0.02403	0.02883	0.01849	0.01652	0.02012	0.61731	0.01253	0.09452	0.07086	0.01947	0.01195	0.01319	0.00960	0.00705	0.00606	0.00176	0.01092	0.00464	0.00395	0.00819
4	0.00910	0.00693	0.00913	0.01010	0.01073	0.00715	0.00718	0.01135	0.04948	0.01778	0.05788	0.61028	0.04013	0.01897	0.00929	0.00266	0.05904	0.05105	0.00594	0.00581
5	0.01150	0.00881	0.00997	0.00920	0.01120	0.04784	0.00697	0.01552	0.06709	0.05732	0.57474	0.04483	0.08411	0.01268	0.00754	0.00207	0.00386	0.01102	0.00698	0.00678
6	0.01501	0.33714	0.44725	0.01569	0.02373	0.01970	0.01896	0.02038	0.01368	0.01865	0.01072	0.01253	0.00838	0.00600	0.00542	0.00181	0.00863	0.00431	0.00279	0.00920
7	0.00824	0.00596	0.00780	0.00887	0.00956	0.00552	0.00607	0.00978	0.01384	0.01861	0.16333	0.59514	0.08469	0.01910	0.00825	0.00254	0.00366	0.01721	0.00632	0.00552
8	0.02653	0.01369	0.01655	0.01288	0.01783	0.01362	0.01057	0.25451	0.07381	0.43292	0.04173	0.02111	0.01614	0.00827	0.00665	0.00203	0.00605	0.00660	0.00750	0.01101
9	0.01631	0.01657	0.02800	0.08807	0.51557	0.05372	0.14394	0.02044	0.01515	0.02081	0.01239	0.01642	0.01013	0.00591	0.00672	0.00201	0.00870	0.00613	0.00325	0.00978
10	0.01372	0.01351	0.07545	0.01315	0.06664	0.05361	0.01015	0.06024	0.15657	0.05509	0.06909	0.09233	0.26975	0.01207	0.00715	0.00217	0.00546	0.01012	0.00574	0.00799
11	0.00800	0.00582	0.00754	0.00892	0.00948	0.00537	0.00600	0.00919	0.01284	0.01690	0.03928	0.69533	0.11062	0.02024	0.00834	0.00263	0.00377	0.01824	0.00611	0.00537
12	0.12314	0.02565	0.01707	0.01515	0.01885	0.49585	0.01161	0.11484	0.05158	0.02174	0.01355	0.01464	0.03440	0.00729	0.00589	0.00182	0.00980	0.00487	0.00415	0.00810
13	0.00932	0.00673	0.00880	0.00828	0.00984	0.00621	0.00621	0.01242	0.01863	0.02640	0.72410	0.04918	0.06212	0.01346	0.00776	0.00207	0.00311	0.01191	0.00725	0.00621
14	0.01979	0.58067	0.03034	0.01213	0.01753	0.07300	0.01139	0.09905	0.01613	0.07090	0.01121	0.01211	0.00934	0.00615	0.00478	0.00154	0.00729	0.00407	0.00367	0.00891
15	0.00822	0.00581	0.00758	0.00892	0.00925	0.00548	0.00584	0.00922	0.01222	0.01630	0.03432	0.67338	0.04107	0.11496	0.01157	0.00314	0.00414	0.01756	0.00584	0.00518
16	0.07939	0.04446	0.05180	0.01453	0.01923	0.10254	0.04381	0.32818	0.09015	0.07686	0.01623	0.01807	0.01243	0.06313	0.00827	0.00230	0.00755	0.00597	0.00549	0.00961
17	0.01383	0.01397	0.02540	0.14788	0.12478	0.01533	0.24094	0.01756	0.01351	0.01884	0.03477	0.05974	0.01346	0.01127	0.06401	0.00295	0.16290	0.00745	0.00344	0.00799
18	0.00821	0.00669	0.00727	0.00713	0.00916	0.00574	0.00534	0.01029	0.01603	0.02022	0.25251	0.05935	0.53757	0.01576	0.00778	0.00218	0.00327	0.01333	0.00643	0.00574
19	0.01824	0.02155	0.16804	0.01691	0.02238	0.12337	0.10217	0.14240	0.20710	0.04239	0.03478	0.01872	0.01399	0.00870	0.02761	0.00231	0.00854	0.00630	0.00491	0.00959
20	0.01808	0.01446	0.05218	0.08890	0.18504	0.03873	0.04416	0.06558	0.08785	0.16336	0.05103	0.05573	0.01651	0.00984	0.03993	0.00242	0.00744	0.00701	0.00511	0.04666
21	0.01342	0.01089	0.01333	0.08778	0.03774	0.04894	0.00994	0.01774	0.09794	0.07771	0.17676	0.12326	0.11064	0.01341	0.03310	0.00255	0.10206	0.00989	0.00554	0.00736
22	0.02250	0.00961	0.01288	0.01052	0.01437	0.00841	0.00843	0.02503	0.01818	0.49124	0.18216	0.07937	0.06665	0.01060	0.00705	0.00210	0.00481	0.00897	0.00771	0.00941
23	0.05724	0.02022	0.17193	0.01669	0.09291	0.13472	0.01400	0.05822	0.07523	0.16162	0.02128	0.02133	0.08409	0.00799	0.00636	0.00198	0.00755	0.00630	0.00494	0.03537
24	0.01490	0.25283	0.30354	0.11788	0.07608	0.01864	0.09029	0.01994	0.01389	0.01874	0.01119	0.01394	0.00875	0.00601	0.00586	0.00190	0.00879	0.00496	0.00290	0.00897
25	0.00831	0.00657	0.00752	0.00783	0.00953	0.00578	0.00584	0.01023	0.01521	0.01928	0.17577	0.19352	0.42836	0.01695	0.00799	0.00234	0.00358	0.06340	0.00631	0.00567
26	0.03916	0.01749	0.23073	0.01390	0.01923	0.01148	0.06777	0.06937	0.01685	0.13665	0.14466	0.07701	0.10743	0.01005	0.00698	0.00213	0.00657	0.00862	0.00538	0.00854
27	0.01723	0.01574	0.08474	0.13144	0.35174	0.01440	0.04094	0.07137	0.01643	0.11224	0.04791	0.03776	0.01404	0.00716	0.00667	0.00205	0.00759	0.00655	0.00429	0.00970

[dist]
# distance from previous block
# <min> <max>
1	4

[block]
# block no. 2 follows, 33 sequences, length 8
# corresponding to MSA columns:
# 119-126
name=unknown_C
#
# <colnr> <probs for GDERKNQSTAVLIFYWHMCP>
#	G	D	E	R	K	N	Q	S	T	A	V	L	I	F	Y	W	H	M	C	P
0	0.07585	0.01514	0.02113	0.06250	0.27063	0.04901	0.06744	0.07994	0.01614	0.06786	0.01306	0.01555	0.01024	0.00602	0.00602	0.00175	0.00721	0.00534	0.00407	0.20510
1	0.12833	0.09348	0.16290	0.01684	0.07881	0.11244	0.03321	0.09612	0.04554	0.12005	0.01391	0.01500	0.01031	0.00695	0.00652	0.00198	0.03881	0.00513	0.00440	0.00929
2	0.00984	0.00764	0.00883	0.00869	0.01058	0.00751	0.00649	0.01441	0.11736	0.02155	0.22645	0.14801	0.25901	0.01715	0.06132	0.00282	0.00465	0.01219	0.04904	0.00647
3	0.01627	0.01551	0.02358	0.02275	0.16324	0.01783	0.13597	0.07771	0.16819	0.02254	0.01477	0.01771	0.01195	0.00847	0.01166	0.00236	0.24961	0.00652	0.00417	0.00917
4	0.01073	0.00770	0.00950	0.00934	0.01072	0.00774	0.00678	0.06167	0.01480	0.04409	0.13783	0.27668	0.15010	0.11502	0.07254	0.00357	0.03647	0.01288	0.00577	0.00609
5	0.00854	0.00668	0.00777	0.00779	0.00958	0.00591	0.00588	0.01078	0.01617	0.02099	0.30367	0.11074	0.38815	0.01588	0.00790	0.00225	0.00346	0.05551	0.00653	0.00581
6	0.01131	0.00849	0.00955	0.01020	0.01134	0.05297	0.00715	0.05928	0.01456	0.05423	0.03272	0.62842	0.03775	0.01826	0.00803	0.00253	0.00465	0.01632	0.00607	0.00619
7	0.81514	0.01273	0.00968	0.00866	0.01273	0.01477	0.00713	0.01935	0.01120	0.02954	0.00917	0.01069	0.00713	0.00611	0.00407	0.00204	0.00509	0.00356	0.00407	0.00713

[dist]
# distance from previous block
# <min> <max>
0	1

[block]
# block no. 3 follows, 33 sequences, length 43
# corresponding to MSA columns:
# 128-170
name=unknown_D
#
# <colnr> <probs for GDERKNQSTAVLIFYWHMCP>
#	G	D	E	R	K	N	Q	S	T	A	V	L	I	F	Y	W	H	M	C	P
0	0.01541	0.01694	0.03395	0.02479	0.03060	0.04274	0.56890	0.04173	0.01552	0.02082	0.01382	0.01849	0.01078	0.01116	0.09979	0.00324	0.01183	0.00749	0.00346	0.00853
1	0.00801	0.00577	0.00759	0.00905	0.00952	0.00536	0.00606	0.00918	0.01272	0.01685	0.03770	0.73178	0.07519	0.02044	0.00837	0.00265	0.00380	0.01849	0.00611	0.00536
2	0.00784	0.00661	0.00679	0.00687	0.00896	0.00556	0.00510	0.00952	0.01496	0.01797	0.08364	0.10588	0.66420	0.01682	0.00782	0.00225	0.00336	0.01413	0.00615	0.00556
3	0.01912	0.47621	0.08122	0.01308	0.01836	0.10941	0.01247	0.05513	0.04130	0.06797	0.01161	0.01275	0.00957	0.00649	0.00573	0.00166	0.04125	0.00429	0.00359	0.00879
4	0.03160	0.01983	0.19055	0.03903	0.23900	0.04798	0.03795	0.07803	0.04666	0.02252	0.03855	0.01787	0.02623	0.00844	0.02739	0.00229	0.07721	0.00596	0.00379	0.03911
5	0.01907	0.14438	0.08269	0.01455	0.01922	0.12979	0.03557	0.21862	0.11408	0.02523	0.01524	0.01732	0.01219	0.03465	0.08598	0.00295	0.00908	0.00567	0.00464	0.00909
6	0.00941	0.00703	0.01045	0.01045	0.01158	0.00816	0.00807	0.01167	0.01054	0.01519	0.01775	0.02653	0.01675	0.07713	0.71519	0.01042	0.01720	0.00715	0.00354	0.00580
7	0.00968	0.00771	0.01010	0.00971	0.01161	0.00723	0.04839	0.01243	0.06027	0.01861	0.09402	0.16016	0.31624	0.04264	0.01041	0.07250	0.00462	0.09211	0.00570	0.00586
8	0.01723	0.02041	0.20231	0.01559	0.03728	0.10377	0.04461	0.08208	0.14936	0.09423	0.04247	0.03945	0.08293	0.00897	0.00676	0.00211	0.00750	0.02870	0.00511	0.00915
9	0.01418	0.01374	0.02387	0.24357	0.29441	0.01506	0.10876	0.01796	0.01357	0.01879	0.01263	0.01843	0.01066	0.04322	0.05130	0.00284	0.07903	0.00634	0.00318	0.00845
10	0.00836	0.00663	0.00756	0.00780	0.00958	0.00583	0.00588	0.01036	0.01540	0.01950	0.18834	0.15653	0.44334	0.01671	0.00798	0.00232	0.00359	0.07226	0.00633	0.00570
11	0.05635	0.01074	0.01409	0.01133	0.01576	0.00971	0.00936	0.04985	0.01838	0.55663	0.05799	0.02758	0.01981	0.00916	0.00670	0.00210	0.00545	0.06544	0.04343	0.01014
12	0.09243	0.02034	0.21820	0.07181	0.11378	0.01552	0.16544	0.10505	0.01655	0.07124	0.01418	0.01787	0.01077	0.00680	0.00659	0.00212	0.00858	0.02932	0.00403	0.00937
13	0.01359	0.09816	0.67376	0.01811	0.02749	0.01622	0.02319	0.02075	0.01385	0.02038	0.01158	0.01361	0.00835	0.00620	0.00608	0.00203	0.00950	0.00475	0.00278	0.00962
14	0.00872	0.00683	0.00725	0.00706	0.00929	0.00579	0.00532	0.01061	0.01563	0.04295	0.15526	0.06004	0.61044	0.01595	0.00774	0.00220	0.00338	0.01338	0.00634	0.00584
15	0.02432	0.02977	0.01945	0.01717	0.02084	0.65358	0.03640	0.08610	0.01963	0.01852	0.01078	0.01242	0.00877	0.00684	0.00606	0.00174	0.01144	0.00451	0.00367	0.00799
16	0.01544	0.28807	0.43480	0.01630	0.02431	0.01886	0.04932	0.02088	0.01397	0.04541	0.01149	0.01323	0.00875	0.00608	0.00563	0.00185	0.00871	0.00459	0.00302	0.00930
17	0.01530	0.01462	0.02492	0.22461	0.55117	0.01538	0.01971	0.01933	0.01452	0.02030	0.01221	0.01662	0.01000	0.00605	0.00653	0.00202	0.00807	0.00586	0.00317	0.00962
18	0.00802	0.00573	0.00764	0.00917	0.00955	0.00535	0.00611	0.00917	0.01260	0.01681	0.03628	0.76434	0.04354	0.02062	0.00840	0.00267	0.00382	0.01872	0.00611	0.00535
19	0.01875	0.01504	0.01908	0.01624	0.05064	0.12694	0.13805	0.09215	0.01773	0.15422	0.10470	0.04176	0.03654	0.01157	0.03607	0.07238	0.00795	0.02675	0.00523	0.00822
20	0.01443	0.01588	0.03145	0.06776	0.03017	0.04494	0.51269	0.01898	0.01502	0.01988	0.01707	0.14674	0.01566	0.00827	0.00773	0.00227	0.00973	0.00940	0.00379	0.00812
21	0.01607	0.01759	0.06714	0.05370	0.11932	0.10016	0.18651	0.02024	0.04363	0.04392	0.03468	0.03249	0.01258	0.00988	0.04280	0.00263	0.17791	0.00665	0.00367	0.00841
22	0.74563	0.01288	0.01059	0.00941	0.01313	0.01524	0.00776	0.01905	0.01111	0.02835	0.00912	0.01102	0.00726	0.00658	0.00560	0.00211	0.07032	0.00376	0.00397	0.00714
23	0.01356	0.01980	0.25551	0.05109	0.02505	0.01389	0.20403	0.03877	0.04711	0.02125	0.04547	0.02079	0.03056	0.02688	0.07167	0.00295	0.03334	0.00678	0.06308	0.00841
24	0.00800	0.00668	0.00697	0.00690	0.00903	0.00565	0.00517	0.00987	0.01552	0.01900	0.15967	0.06135	0.63116	0.01622	0.00778	0.00220	0.00330	0.01361	0.00627	0.00565
25	0.02166	0.04518	0.01952	0.01750	0.08085	0.23925	0.01286	0.24945	0.16448	0.02720	0.01551	0.01621	0.01192	0.00768	0.00699	0.00196	0.04143	0.00563	0.00506	0.00962
26	0.00864	0.00673	0.00786	0.00766	0.00953	0.00595	0.00580	0.01106	0.01679	0.02207	0.38713	0.05682	0.37515	0.01516	0.00782	0.00218	0.00332	0.03777	0.00667	0.00590
27	0.14391	0.01515	0.01578	0.01274	0.01720	0.05643	0.01042	0.31593	0.02269	0.19775	0.07914	0.02170	0.01716	0.00854	0.00638	0.00204	0.00639	0.03451	0.00642	0.00973
28	0.01623	0.44913	0.26355	0.01516	0.02214	0.04509	0.06835	0.02040	0.01388	0.01769	0.01037	0.01224	0.00853	0.00587	0.00521	0.00170	0.00839	0.00431	0.00286	0.00887
29	0.00802	0.00573	0.00764	0.00917	0.00955	0.00535	0.00611	0.00917	0.01260	0.01681	0.03628	0.76434	0.04354	0.02062	0.00840	0.00267	0.00382	0.01872	0.00611	0.00535
30	0.01777	0.01411	0.01513	0.01335	0.01724	0.01604	0.01046	0.06481	0.63156	0.08220	0.02624	0.02400	0.01941	0.00883	0.00669	0.00221	0.00533	0.00731	0.00680	0.01051
31	0.05065	0.01078	0.05303	0.07290	0.01632	0.01001	0.03258	0.09879	0.04681	0.02188	0.05372	0.30616	0.14855	0.01435	0.00749	0.00236	0.00533	0.03567	0.00558	0.00700
32	0.01643	0.03474	0.02737	0.02049	0.02505	0.08110	0.35748	0.02232	0.11395	0.05465	0.01615	0.03503	0.01331	0.07333	0.01078	0.00257	0.07525	0.00744	0.00411	0.00844
33	0.00938	0.00693	0.01008	0.01014	0.01115	0.00792	0.00766	0.01141	0.01053	0.01504	0.01863	0.05319	0.01826	0.13197	0.63497	0.00982	0.01585	0.00775	0.00367	0.00564
34	0.01889	0.63547	0.03157	0.01232	0.01754	0.15854	0.01153	0.02093	0.01435	0.01560	0.00934	0.01080	0.00845	0.00585	0.00454	0.00146	0.00793	0.00365	0.00292	0.00830
35	0.00802	0.00573	0.00764	0.00917	0.00955	0.00535	0.00611	0.00917	0.01260	0.01681	0.03628	0.76434	0.04354	0.02062	0.00840	0.00267	0.00382	0.01872	0.00611	0.00535
36	0.01396	0.01189	0.01382	0.00990	0.01573	0.00909	0.00793	0.03546	0.01413	0.02200	0.01181	0.01371	0.00979	0.00496	0.00492	0.00100	0.00494	0.00396	0.00397	0.78702
37	0.07300	0.01495	0.04967	0.01313	0.01825	0.01440	0.01117	0.23703	0.11317	0.35335	0.02130	0.01957	0.01431	0.00797	0.00645	0.00205	0.00621	0.00625	0.00699	0.01078
38	0.01663	0.60906	0.18951	0.01292	0.01946	0.02367	0.01416	0.01996	0.01349	0.01668	0.00974	0.01130	0.00842	0.00577	0.00467	0.00156	0.00764	0.00382	0.00281	0.00873
39	0.00947	0.00634	0.00721	0.00732	0.00734	0.00631	0.00414	0.00955	0.00978	0.01304	0.02181	0.09272	0.02528	0.71716	0.03178	0.00613	0.00621	0.01020	0.00414	0.00408
40	0.00797	0.00591	0.00745	0.00868	0.00942	0.00539	0.00589	0.00922	0.01307	0.01700	0.04224	0.62706	0.17698	0.01985	0.00828	0.00259	0.00372	0.01777	0.00611	0.00539
41	0.01375	0.01480	0.03087	0.08692	0.03033	0.01419	0.50301	0.01830	0.01474	0.01985	0.01783	0.16882	0.01667	0.00869	0.00779	0.00231	0.00942	0.00982	0.00386	0.00803
42	0.01940	0.01749	0.02026	0.03317	0.02080	0.09967	0.08180	0.26688	0.10033	0.02742	0.01571	0.01976	0.01280	0.00881	0.00956	0.00220	0.14947	0.04678	0.00498	0.04271

[dist]
# distance from previous block
# <min> <max>
0	1

[block]
# block no. 4 follows, 33 sequences, length 61
# corresponding to MSA columns:
# 172-232
name=unknown_E
#
# <colnr> <probs for GDERKNQSTAVLIFYWHMCP>
#	G	D	E	R	K	N	Q	S	T	A	V	L	I	F	Y	W	H	M	C	P
0	0.00922	0.00719	0.00845	0.00835	0.01012	0.00674	0.00617	0.01289	0.07726	0.02211	0.33607	0.17024	0.27024	0.01529	0.00778	0.00223	0.00348	0.01329	0.00664	0.00622
1	0.00939	0.00914	0.07628	0.00935	0.01145	0.00693	0.00783	0.01222	0.01600	0.02206	0.38723	0.16231	0.12516	0.06748	0.00960	0.00254	0.00425	0.04838	0.00623	0.00617
2	0.09329	0.02710	0.50811	0.01681	0.02453	0.01457	0.04610	0.02107	0.07927	0.02202	0.01502	0.07638	0.01227	0.00764	0.00631	0.00215	0.00841	0.00623	0.00357	0.00914
3	0.01784	0.01541	0.02332	0.17331	0.45357	0.06560	0.01794	0.02151	0.01539	0.11223	0.01386	0.01702	0.01073	0.00636	0.00650	0.00199	0.00800	0.00585	0.00384	0.00973
4	0.01625	0.02202	0.19865	0.01644	0.02054	0.19590	0.05604	0.01969	0.01420	0.05009	0.01449	0.08568	0.01309	0.01358	0.09169	0.00315	0.15031	0.00667	0.00362	0.00791
5	0.00880	0.00652	0.00832	0.00956	0.01026	0.00638	0.00651	0.01158	0.07840	0.01781	0.03540	0.69511	0.04135	0.01953	0.00824	0.00263	0.00395	0.01766	0.00617	0.00582
6	0.67471	0.01356	0.01141	0.07900	0.01630	0.04860	0.00869	0.01931	0.01169	0.02723	0.00943	0.01152	0.00740	0.00638	0.00502	0.00207	0.03272	0.00389	0.00389	0.00717
7	0.01588	0.01522	0.02598	0.11608	0.65510	0.01553	0.02000	0.01984	0.01480	0.02101	0.01231	0.01643	0.01025	0.00594	0.00652	0.00198	0.00792	0.00586	0.00322	0.01010
8	0.01209	0.01040	0.01059	0.00986	0.01266	0.02798	0.00754	0.05324	0.25914	0.02256	0.07103	0.08061	0.36984	0.01339	0.00733	0.00222	0.00440	0.01119	0.00631	0.00759
9	0.00792	0.00667	0.00686	0.00681	0.00898	0.00562	0.00511	0.00971	0.01533	0.01855	0.12490	0.06210	0.66621	0.01639	0.00778	0.00221	0.00331	0.01372	0.00621	0.00562
10	0.01202	0.05179	0.01434	0.05951	0.08002	0.03132	0.00995	0.01371	0.01220	0.01614	0.02296	0.03742	0.09092	0.25801	0.03614	0.00392	0.13691	0.10246	0.00408	0.00619
11	0.54130	0.08346	0.01342	0.00968	0.01415	0.01453	0.00816	0.02261	0.01334	0.20638	0.01343	0.01365	0.00958	0.00658	0.00473	0.00198	0.00540	0.00434	0.00499	0.00829
12	0.01472	0.01392	0.02321	0.19637	0.39079	0.01467	0.06546	0.02013	0.07961	0.02142	0.08023	0.02052	0.01575	0.00700	0.00675	0.00206	0.00759	0.00671	0.00388	0.00921
13	0.01516	0.02043	0.15272	0.02628	0.03344	0.01643	0.59247	0.02105	0.01527	0.02105	0.01307	0.01713	0.00972	0.00566	0.00752	0.00220	0.01087	0.00729	0.00324	0.00902
14	0.01668	0.70092	0.03189	0.01083	0.01615	0.02413	0.01068	0.01875	0.01353	0.01570	0.01454	0.01550	0.07550	0.00667	0.00456	0.00148	0.00669	0.00449	0.00312	0.00818
15	0.01767	0.01361	0.01773	0.06618	0.13229	0.01346	0.02953	0.13526	0.12564	0.10101	0.01979	0.02050	0.05673	0.00737	0.00626	0.00179	0.00619	0.00624	0.00518	0.21757
16	0.01819	0.01736	0.02452	0.01904	0.02356	0.08744	0.25293	0.20656	0.09310	0.02597	0.01725	0.09744	0.01475	0.00870	0.00820	0.00220	0.06098	0.00793	0.00484	0.00905
17	0.01910	0.53901	0.07381	0.01317	0.01849	0.20690	0.01244	0.02145	0.01475	0.01598	0.00958	0.01110	0.00845	0.00596	0.00478	0.00152	0.00843	0.00379	0.00296	0.00832
18	0.01591	0.01225	0.01515	0.01321	0.08231	0.01037	0.00940	0.08273	0.01570	0.08132	0.01477	0.05415	0.01251	0.02149	0.00608	0.00144	0.00541	0.00538	0.00456	0.53586
19	0.01408	0.01416	0.02304	0.45973	0.12509	0.04926	0.10486	0.01812	0.01362	0.01781	0.01160	0.01682	0.00911	0.00689	0.00829	0.00222	0.08835	0.00601	0.00304	0.00790
20	0.01117	0.00908	0.02656	0.00900	0.01126	0.04438	0.00702	0.01401	0.03757	0.07096	0.27407	0.12824	0.28606	0.01448	0.00763	0.00220	0.00419	0.02918	0.00643	0.00652
21	0.00934	0.00647	0.00756	0.00761	0.00798	0.00650	0.00467	0.00982	0.01031	0.01367	0.02521	0.06367	0.09073	0.58629	0.11782	0.00640	0.00740	0.00994	0.00420	0.00441
22	0.00948	0.00674	0.00900	0.00900	0.00962	0.00737	0.00625	0.01074	0.01011	0.01411	0.01908	0.03388	0.01994	0.38440	0.41228	0.00862	0.01239	0.00823	0.00374	0.00500
23	0.01675	0.01493	0.01506	0.01356	0.01727	0.04962	0.01053	0.03458	0.68375	0.02702	0.02603	0.02398	0.01956	0.00883	0.00666	0.00221	0.00552	0.00730	0.00655	0.01029
24	0.01486	0.02859	0.45794	0.02029	0.02846	0.08329	0.18798	0.02118	0.01473	0.02050	0.01202	0.01464	0.00883	0.00606	0.00652	0.00202	0.00999	0.00546	0.00303	0.05362
25	0.11564	0.01656	0.10307	0.08311	0.02205	0.01489	0.03477	0.23224	0.02041	0.26594	0.01750	0.01742	0.01182	0.00738	0.00630	0.00204	0.00701	0.00581	0.00592	0.01011
26	0.00949	0.00672	0.00888	0.00888	0.00947	0.00731	0.00611	0.01067	0.01008	0.01402	0.01919	0.03447	0.02019	0.40887	0.38817	0.00848	0.01201	0.00831	0.00376	0.00493
27	0.00890	0.00732	0.00882	0.00970	0.05969	0.00651	0.00660	0.01117	0.01600	0.02054	0.24936	0.07101	0.45118	0.01512	0.00774	0.00219	0.00367	0.03214	0.00624	0.00610
28	0.02261	0.01297	0.01866	0.01639	0.08506	0.01251	0.09105	0.06595	0.13968	0.37235	0.02567	0.02418	0.06506	0.00835	0.00684	0.00209	0.00631	0.00730	0.00665	0.01033
29	0.01330	0.01233	0.01940	0.59073	0.08320	0.01497	0.01715	0.01993	0.12525	0.01882	0.01415	0.01859	0.01068	0.00691	0.00660	0.00219	0.00815	0.00611	0.00355	0.00800
30	0.02132	0.02317	0.01586	0.01423	0.01743	0.44709	0.01082	0.10961	0.05908	0.02158	0.01480	0.03932	0.01219	0.00765	0.00589	0.00176	0.00899	0.00545	0.15588	0.00788
31	0.01488	0.01545	0.05553	0.14439	0.43467	0.04724	0.04070	0.01877	0.01496	0.02030	0.03808	0.02275	0.06266	0.00749	0.00676	0.00206	0.00783	0.03277	0.00362	0.00910
32	0.02848	0.05898	0.01678	0.01193	0.01706	0.01145	0.00997	0.07853	0.01935	0.63923	0.02422	0.02121	0.01545	0.00797	0.00647	0.00199	0.00581	0.00638	0.00771	0.01103
33	0.01571	0.01397	0.02327	0.03421	0.58642	0.01386	0.01752	0.01930	0.01513	0.04905	0.05385	0.07104	0.01602	0.00746	0.00666	0.00200	0.00704	0.00714	0.03062	0.00973
34	0.00844	0.00691	0.00748	0.00741	0.00950	0.00605	0.00564	0.01088	0.03336	0.01985	0.19672	0.06002	0.54237	0.01590	0.00781	0.00223	0.00346	0.04377	0.00635	0.00583
35	0.01278	0.01192	0.02002	0.62091	0.12566	0.01431	0.01804	0.01703	0.01351	0.01756	0.01322	0.02092	0.01078	0.00722	0.00673	0.00222	0.00849	0.04791	0.00316	0.00761
36	0.76535	0.01406	0.05468	0.00928	0.01371	0.01480	0.00820	0.01944	0.01137	0.02900	0.00933	0.01089	0.00720	0.00612	0.00421	0.00204	0.00538	0.00365	0.00399	0.00729
37	0.08335	0.01103	0.01448	0.01129	0.01609	0.00982	0.00928	0.02997	0.01829	0.63907	0.06814	0.02325	0.01850	0.00833	0.00651	0.00204	0.00541	0.00673	0.00781	0.01061
38	0.00809	0.00576	0.00762	0.00908	0.00944	0.00539	0.00601	0.00919	0.01247	0.01662	0.03558	0.73154	0.04265	0.05464	0.00954	0.00284	0.00394	0.01830	0.00601	0.00529
39	0.04050	0.01494	0.01453	0.01298	0.03239	0.13173	0.00999	0.19269	0.03650	0.14739	0.02252	0.07799	0.04512	0.04441	0.00785	0.00226	0.00669	0.06744	0.08352	0.00857
40	0.21965	0.01157	0.01392	0.01097	0.01582	0.01091	0.00906	0.02900	0.01699	0.56211	0.02191	0.01957	0.01408	0.00766	0.00600	0.00204	0.00548	0.00588	0.00716	0.01022
41	0.00929	0.00704	0.00799	0.00818	0.00998	0.00641	0.00596	0.01209	0.06061	0.04283	0.11942	0.26635	0.38641	0.01674	0.00785	0.00234	0.00365	0.01446	0.00633	0.00607
42	0.01567	0.01312	0.01414	0.01294	0.01626	0.01494	0.01003	0.07263	0.56000	0.02679	0.02759	0.11649	0.02310	0.01066	0.00699	0.00230	0.00520	0.03489	0.00660	0.00968
43	0.01508	0.01436	0.02462	0.24184	0.49604	0.01516	0.03967	0.01915	0.01446	0.02023	0.01243	0.01689	0.01010	0.00610	0.00653	0.00202	0.00808	0.00592	0.02192	0.00940
44	0.01365	0.01170	0.01365	0.00975	0.01560	0.00878	0.00780	0.01658	0.01365	0.02145	0.01170	0.01365	0.00975	0.00488	0.00488	0.00098	0.00488	0.00390	0.00390	0.80888
45	0.01503	0.01285	0.01366	0.01238	0.01578	0.01456	0.00959	0.03084	0.59460	0.02665	0.09523	0.02996	0.08020	0.00997	0.00688	0.00222	0.00486	0.00837	0.00670	0.00964
46	0.01744	0.01531	0.01538	0.01191	0.01712	0.09651	0.00947	0.12828	0.09909	0.04360	0.01431	0.01529	0.01121	0.00613	0.00553	0.00139	0.00612	0.00474	0.00470	0.47647
47	0.00867	0.00649	0.00805	0.00812	0.00955	0.00586	0.00591	0.01100	0.01642	0.02223	0.41617	0.21691	0.20878	0.01584	0.00792	0.00224	0.00332	0.01392	0.00673	0.00586
48	0.02567	0.01757	0.01862	0.01449	0.01956	0.06051	0.01187	0.50588	0.04842	0.18264	0.01791	0.01721	0.01236	0.00792	0.00656	0.00198	0.00711	0.00602	0.00672	0.01096
49	0.03797	0.01100	0.01257	0.01075	0.01415	0.03819	0.00846	0.07159	0.10375	0.26024	0.19379	0.07622	0.11113	0.01110	0.00705	0.00211	0.00495	0.00931	0.00701	0.00869
50	0.00800	0.00661	0.00702	0.00706	0.00906	0.00563	0.00524	0.00981	0.01530	0.01883	0.14985	0.11204	0.58974	0.01654	0.00782	0.00224	0.00334	0.01398	0.00626	0.00563
51	0.00980	0.00718	0.00876	0.00923	0.01041	0.00693	0.00649	0.07477	0.01516	0.02013	0.11485	0.49529	0.12496	0.05216	0.00923	0.00265	0.00412	0.01575	0.00619	0.00596
52	0.17145	0.02088	0.02007	0.01813	0.08652	0.25923	0.09220	0.16165	0.01905	0.07218	0.01274	0.01424	0.00965	0.00675	0.00603	0.00192	0.00878	0.00517	0.00446	0.00890
53	0.01467	0.01711	0.09537	0.02213	0.04063	0.01560	0.38639	0.06110	0.01524	0.02103	0.01716	0.09767	0.04096	0.00863	0.00953	0.00233	0.11379	0.00846	0.00382	0.00840
54	0.01106	0.00659	0.00672	0.00665	0.00833	0.00638	0.00491	0.01413	0.03911	0.02223	0.05063	0.03591	0.19084	0.06339	0.00756	0.00208	0.00344	0.00846	0.50557	0.00600
55	0.21643	0.08861	0.01819	0.01363	0.01791	0.19242	0.01112	0.25201	0.03616	0.04266	0.01236	0.01341	0.00949	0.00718	0.00629	0.00192	0.04181	0.00477	0.00473	0.00890
56	0.00878	0.00665	0.00815	0.00822	0.00982	0.00601	0.00619	0.01119	0.01646	0.02198	0.37801	0.14929	0.25939	0.01576	0.00796	0.00227	0.00351	0.06783	0.00666	0.00589
57	0.01632	0.01647	0.09360	0.01489	0.02092	0.01359	0.11832	0.15890	0.03645	0.02542	0.01312	0.01507	0.01018	0.00605	0.00636	0.00158	0.02924	0.00516	0.00429	0.39407
58	0.01463	0.15818	0.56147	0.01760	0.02634	0.01697	0.04910	0.02107	0.01405	0.04547	0.01193	0.01379	0.00871	0.00619	0.00598	0.00197	0.00918	0.00482	0.00300	0.00953
59	0.01371	0.01276	0.02082	0.40603	0.18345	0.01476	0.04788	0.03588	0.03329	0.01853	0.01308	0.01961	0.01097	0.07815	0.01020	0.00258	0.06073	0.00633	0.00331	0.00792
60	0.00805	0.00635	0.00727	0.00774	0.00924	0.00556	0.00554	0.00971	0.01460	0.01849	0.13599	0.30764	0.40516	0.01767	0.00800	0.00236	0.00348	0.01534	0.00625	0.00556

[dist]
# distance from previous block
# <min> <max>
0	4

[block]
# block no. 5 follows, 33 sequences, length 18
# corresponding to MSA columns:
# 237-254
name=unknown_F
#
# <colnr> <probs for GDERKNQSTAVLIFYWHMCP>
#	G	D	E	R	K	N	Q	S	T	A	V	L	I	F	Y	W	H	M	C	P
0	0.00928	0.00688	0.00822	0.00861	0.00961	0.00669	0.00587	0.01203	0.07286	0.01851	0.15111	0.32903	0.12262	0.19168	0.01391	0.00334	0.00435	0.01391	0.00586	0.00563
1	0.07945	0.34484	0.18869	0.01432	0.02017	0.21642	0.01433	0.02172	0.01476	0.01796	0.01004	0.01169	0.00833	0.00612	0.00514	0.00169	0.00881	0.00403	0.00306	0.00842
2	0.08243	0.08730	0.25262	0.01720	0.02335	0.11463	0.14481	0.05532	0.04532	0.02153	0.01313	0.01636	0.01041	0.04820	0.00761	0.00221	0.00891	0.00557	0.03448	0.00861
3	0.01016	0.00764	0.00925	0.00961	0.01110	0.00750	0.00705	0.06238	0.06265	0.02104	0.13561	0.40334	0.14335	0.01713	0.00802	0.00247	0.00416	0.06488	0.00634	0.00632
4	0.01986	0.04287	0.02222	0.01703	0.02131	0.11973	0.17620	0.17576	0.01915	0.11466	0.01756	0.06692	0.01463	0.00872	0.00787	0.00212	0.05875	0.04316	0.04261	0.00889
5	0.06600	0.01929	0.19798	0.01503	0.02112	0.05308	0.07335	0.07394	0.05585	0.15942	0.01688	0.01981	0.01279	0.00732	0.00630	0.00193	0.00744	0.04525	0.00485	0.14239
6	0.01607	0.05238	0.01563	0.01559	0.11979	0.01146	0.01067	0.02079	0.11252	0.16310	0.03951	0.16356	0.03700	0.01372	0.05171	0.00272	0.03102	0.07133	0.00565	0.04577
7	0.45302	0.01368	0.01705	0.04124	0.24493	0.01476	0.05275	0.01923	0.01290	0.02558	0.01299	0.01537	0.03922	0.00647	0.00531	0.00203	0.00636	0.00506	0.00382	0.00823
8	0.01754	0.05759	0.05403	0.01913	0.02427	0.01603	0.30046	0.15150	0.04901	0.07707	0.06683	0.02099	0.01550	0.04392	0.02415	0.00249	0.03851	0.00726	0.00471	0.00902
9	0.00880	0.00654	0.00824	0.00851	0.00990	0.00598	0.00632	0.01112	0.01611	0.02171	0.36256	0.23372	0.18678	0.01630	0.00804	0.00233	0.00358	0.07097	0.00664	0.00585
10	0.01801	0.01329	0.01486	0.01229	0.01684	0.01362	0.00973	0.06186	0.39949	0.12980	0.02225	0.02101	0.01644	0.00772	0.00621	0.00187	0.00528	0.00633	0.00618	0.21691
11	0.48625	0.01483	0.01299	0.01092	0.01513	0.04995	0.00890	0.22041	0.01790	0.03218	0.06445	0.01512	0.01248	0.00722	0.00517	0.00201	0.00589	0.00491	0.00502	0.00828
12	0.01304	0.01144	0.01804	0.22539	0.16013	0.01209	0.06461	0.01803	0.07728	0.04232	0.17662	0.03031	0.10453	0.00929	0.00707	0.00213	0.00648	0.00842	0.00482	0.00797
13	0.01285	0.01044	0.01452	0.01232	0.01518	0.01034	0.10102	0.14040	0.04096	0.02491	0.21274	0.16429	0.14414	0.03191	0.00831	0.00235	0.00535	0.03458	0.00609	0.00731
14	0.02150	0.01390	0.01595	0.01258	0.01739	0.01404	0.01019	0.24246	0.15910	0.20623	0.06150	0.02076	0.01696	0.00796	0.00638	0.00187	0.00577	0.00639	0.00656	0.15252
15	0.60203	0.01528	0.01193	0.01037	0.01453	0.10153	0.00840	0.07352	0.01417	0.08122	0.01105	0.01210	0.00828	0.00648	0.00468	0.00199	0.00610	0.00405	0.00449	0.00780
16	0.08194	0.04958	0.02032	0.04382	0.28458	0.01350	0.01384	0.04277	0.01671	0.34010	0.01814	0.01836	0.01268	0.00697	0.00628	0.00198	0.00660	0.00592	0.00556	0.01036
17	0.01396	0.01645	0.07100	0.02352	0.02931	0.01445	0.53408	0.01884	0.01510	0.02035	0.02017	0.09959	0.07407	0.00811	0.00775	0.00226	0.00960	0.00928	0.00383	0.00827

[dist]
# distance from previous block
# <min> <max>
0	6

[block]
# block no. 6 follows, 33 sequences, length 44
# corresponding to MSA columns:
# 261-304
name=unknown_G
#
# <colnr> <probs for GDERKNQSTAVLIFYWHMCP>
#	G	D	E	R	K	N	Q	S	T	A	V	L	I	F	Y	W	H	M	C	P
0	0.00944	0.00693	0.00997	0.00997	0.01093	0.00790	0.00747	0.01136	0.01040	0.01483	0.01819	0.02896	0.01780	0.17891	0.61485	0.00982	0.01561	0.00751	0.00361	0.00554
1	0.00899	0.00716	0.00813	0.00792	0.00987	0.00655	0.00592	0.01237	0.06517	0.02176	0.31786	0.09745	0.37670	0.01512	0.00774	0.00219	0.00341	0.01296	0.00660	0.00614
2	0.01365	0.01170	0.01365	0.00975	0.01560	0.00878	0.00780	0.01658	0.01365	0.02145	0.01170	0.01365	0.00975	0.00488	0.00488	0.00098	0.00488	0.00390	0.00390	0.80888
3	0.01878	0.01798	0.01840	0.01579	0.01829	0.14985	0.01270	0.13281	0.19004	0.03954	0.01496	0.01687	0.01204	0.00937	0.01233	0.00234	0.29851	0.00595	0.00463	0.00881
4	0.00849	0.00664	0.00713	0.00701	0.00902	0.00576	0.00526	0.01061	0.01577	0.02034	0.21800	0.05700	0.51386	0.01522	0.00753	0.00213	0.00326	0.01282	0.06840	0.00576
