[name]
unknown

[dist]
# distance from previous block
# <min> <max>
0	302

[block]
# block no. 0 follows, 34 sequences, length 23
# corresponding to MSA columns:
# 307-329
name=unknown_A
#
# <colnr> <probs for GDERKNQSTAVLIFYWHMCP>
#	G	D	E	R	K	N	Q	S	T	A	V	L	I	F	Y	W	H	M	C	P
0	0.01452	0.01031	0.01291	0.01198	0.04353	0.00950	0.00913	0.10810	0.01654	0.08614	0.05955	0.16642	0.02484	0.01149	0.00687	0.00200	0.00524	0.15101	0.00553	0.24439
1	0.01967	0.01659	0.02168	0.02396	0.28188	0.06485	0.05063	0.22463	0.07054	0.07438	0.01489	0.01641	0.01132	0.00667	0.00633	0.00187	0.00738	0.00577	0.00478	0.07578
2	0.00854	0.00660	0.00793	0.00787	0.00952	0.00608	0.00591	0.01073	0.01523	0.02006	0.29360	0.08161	0.32904	0.04739	0.09084	0.00324	0.00499	0.03911	0.00604	0.00567
3	0.01456	0.01389	0.02364	0.31037	0.47308	0.01498	0.01912	0.01858	0.01404	0.01937	0.01190	0.01646	0.00962	0.00602	0.00642	0.00201	0.00803	0.00575	0.00307	0.00908
4	0.01196	0.01247	0.06648	0.06343	0.01713	0.01437	0.01243	0.01410	0.01072	0.01582	0.01433	0.10173	0.01456	0.05009	0.17774	0.00450	0.38069	0.00744	0.00336	0.00664
5	0.01684	0.70132	0.10551	0.01180	0.01774	0.02449	0.01236	0.01946	0.01318	0.01574	0.00925	0.01070	0.00828	0.00559	0.00435	0.00145	0.00718	0.00359	0.00276	0.00842
6	0.01109	0.00570	0.00855	0.00855	0.00862	0.00578	0.00578	0.00862	0.00855	0.01147	0.01163	0.02002	0.01155	0.02417	0.07313	0.75886	0.00639	0.00570	0.00285	0.00300
7	0.00923	0.00692	0.01038	0.01038	0.01154	0.00808	0.00808	0.01154	0.01038	0.01500	0.01731	0.02538	0.01615	0.04846	0.74732	0.01038	0.01731	0.00692	0.00346	0.00577
8	0.01525	0.01743	0.03813	0.02723	0.03377	0.01634	0.70915	0.02070	0.01525	0.02070	0.01307	0.01743	0.00980	0.00545	0.00763	0.00218	0.01089	0.00763	0.00327	0.00871
9	0.01808	0.01534	0.01571	0.01362	0.01757	0.04297	0.01073	0.17153	0.55556	0.02941	0.02352	0.02192	0.01754	0.00849	0.00653	0.00212	0.00575	0.00689	0.00644	0.01028
10	0.01429	0.26281	0.52172	0.01615	0.02445	0.01826	0.01992	0.02012	0.01348	0.01884	0.01079	0.01263	0.00822	0.00595	0.00552	0.00184	0.00873	0.00437	0.00274	0.00916
11	0.01854	0.01492	0.05773	0.01324	0.01753	0.01522	0.01103	0.13934	0.43846	0.12188	0.06274	0.02319	0.01946	0.00860	0.00658	0.00211	0.00563	0.00706	0.00655	0.01018
12	0.01623	0.01338	0.02112	0.02108	0.16812	0.01497	0.10769	0.01992	0.05965	0.11963	0.01616	0.06156	0.01417	0.04262	0.01269	0.00253	0.25010	0.02568	0.00425	0.00844
13	0.00908	0.00660	0.00855	0.00807	0.00962	0.00607	0.00605	0.01208	0.01815	0.02557	0.70252	0.04882	0.08786	0.01334	0.00762	0.00204	0.00306	0.01176	0.00707	0.00607
14	0.00998	0.00772	0.00930	0.00875	0.01069	0.00761	0.00663	0.01510	0.12513	0.02429	0.48689	0.04573	0.15699	0.01456	0.03973	0.00244	0.00402	0.01111	0.00670	0.00662
15	0.00833	0.00646	0.00759	0.00755	0.00922	0.00571	0.00557	0.01053	0.01600	0.02106	0.35416	0.14404	0.34966	0.01546	0.00771	0.00217	0.00323	0.01337	0.00649	0.00571
16	0.01653	0.01465	0.01432	0.01279	0.01638	0.08349	0.00992	0.03076	0.54458	0.05033	0.05628	0.02520	0.05094	0.00893	0.00653	0.00209	0.00556	0.00733	0.00622	0.03719
17	0.00857	0.00654	0.00786	0.00762	0.00932	0.00584	0.00568	0.01104	0.01680	0.02258	0.46954	0.08418	0.29173	0.01460	0.00765	0.00211	0.00316	0.01265	0.00668	0.00584
18	0.00809	0.00576	0.00763	0.00904	0.00946	0.00542	0.00612	0.00925	0.01234	0.01643	0.03469	0.69112	0.04137	0.06201	0.00965	0.00285	0.00401	0.05368	0.00588	0.00521
19	0.01648	0.00905	0.04035	0.01006	0.01290	0.00743	0.00802	0.01867	0.01570	0.30003	0.11344	0.30434	0.08908	0.01374	0.00735	0.00225	0.00455	0.01200	0.00678	0.00779
20	0.01599	0.01535	0.02623	0.03966	0.73262	0.01535	0.01983	0.01983	0.01471	0.02111	0.01215	0.01599	0.01023	0.00576	0.00640	0.00192	0.00768	0.00576	0.00320	0.01023
21	0.05517	0.07003	0.01906	0.01658	0.03891	0.63343	0.01238	0.04858	0.01805	0.01731	0.01014	0.01179	0.00841	0.00658	0.00570	0.00168	0.01086	0.00420	0.00343	0.00771
22	0.01928	0.00956	0.01229	0.01044	0.01370	0.00898	0.00821	0.03861	0.08984	0.35140	0.21533	0.07993	0.03107	0.05310	0.00845	0.00233	0.00478	0.02683	0.00717	0.00870

[dist]
# distance from previous block
# <min> <max>
0	2

[block]
# block no. 1 follows, 34 sequences, length 16
# corresponding to MSA columns:
# 332-347
name=unknown_B
#
# <colnr> <probs for GDERKNQSTAVLIFYWHMCP>
#	G	D	E	R	K	N	Q	S	T	A	V	L	I	F	Y	W	H	M	C	P
0	0.03951	0.28642	0.18326	0.02146	0.22267	0.01930	0.03380	0.08535	0.01532	0.02097	0.01117	0.01334	0.00908	0.00595	0.00552	0.00177	0.00777	0.00472	0.00328	0.00935
1	0.01949	0.13702	0.04214	0.02070	0.16967	0.34802	0.03909	0.03754	0.01599	0.01765	0.01092	0.01361	0.00928	0.00883	0.04828	0.00225	0.04321	0.00479	0.00325	0.00825
2	0.00898	0.00643	0.00860	0.00874	0.00981	0.00647	0.00636	0.01112	0.01377	0.01939	0.27399	0.19520	0.06014	0.08589	0.21936	0.00485	0.00751	0.01143	0.03635	0.00562
3	0.01787	0.06158	0.07094	0.05406	0.33583	0.05763	0.07365	0.11182	0.07566	0.05729	0.01411	0.01633	0.01095	0.00644	0.00635	0.00194	0.00789	0.00579	0.00408	0.00982
4	0.00990	0.00679	0.00822	0.00773	0.00962	0.00608	0.00584	0.01251	0.01700	0.06065	0.45935	0.04964	0.25197	0.01355	0.00740	0.00205	0.00324	0.01167	0.05064	0.00616
5	0.01768	0.16660	0.13031	0.01776	0.06305	0.09768	0.13851	0.06145	0.08436	0.07811	0.05193	0.01724	0.01333	0.00693	0.00656	0.00192	0.02757	0.00585	0.00416	0.00898
6	0.00897	0.00647	0.00790	0.00798	0.00882	0.00656	0.00544	0.01011	0.01104	0.01476	0.02960	0.08084	0.16729	0.34905	0.23032	0.00628	0.00859	0.00996	0.02511	0.00489
7	0.15858	0.06413	0.17648	0.01602	0.05173	0.14295	0.05525	0.06917	0.06001	0.10517	0.01353	0.01465	0.01001	0.00675	0.00621	0.00196	0.02928	0.00504	0.00421	0.00889
8	0.04852	0.12786	0.30439	0.01874	0.08248	0.08569	0.10251	0.04204	0.01482	0.03980	0.01170	0.01380	0.00893	0.00598	0.00587	0.00184	0.00868	0.00493	0.00329	0.06813
9	0.01734	0.12258	0.08529	0.09790	0.11636	0.13753	0.08679	0.06842	0.16273	0.02135	0.01450	0.01625	0.01128	0.00670	0.00615	0.00193	0.00825	0.00562	0.00401	0.00902
10	0.01788	0.01642	0.11044	0.05066	0.16412	0.01508	0.01427	0.19002	0.11000	0.08612	0.01735	0.05083	0.01362	0.00795	0.00710	0.00204	0.04451	0.00648	0.06555	0.00957
11	0.00848	0.00619	0.00784	0.00821	0.00927	0.00570	0.00578	0.01042	0.01500	0.02038	0.33403	0.32993	0.13309	0.06387	0.00945	0.00255	0.00355	0.01438	0.00634	0.00555
12	0.01854	0.01751	0.06359	0.03519	0.01936	0.09524	0.03147	0.27807	0.11059	0.02707	0.01727	0.05974	0.01483	0.03752	0.00950	0.00233	0.10303	0.04512	0.00511	0.00891
13	0.00969	0.00659	0.00829	0.00861	0.00996	0.00613	0.00645	0.01180	0.01488	0.04509	0.23559	0.22484	0.14692	0.07110	0.00961	0.00262	0.00403	0.12019	0.05183	0.00578
14	0.01923	0.04158	0.01806	0.03828	0.12681	0.03793	0.01213	0.22011	0.23780	0.08764	0.01966	0.04795	0.01520	0.00811	0.00638	0.00201	0.00632	0.00668	0.03820	0.00991
15	0.01968	0.00911	0.01165	0.00996	0.01315	0.00822	0.00770	0.05184	0.01640	0.38695	0.03157	0.17567	0.11292	0.07450	0.00909	0.00248	0.00491	0.00994	0.03585	0.00839

[dist]
# distance from previous block
# <min> <max>
0	6

[block]
# block no. 2 follows, 34 sequences, length 25
# corresponding to MSA columns:
# 354-378
name=unknown_C
#
# <colnr> <probs for GDERKNQSTAVLIFYWHMCP>
#	G	D	E	R	K	N	Q	S	T	A	V	L	I	F	Y	W	H	M	C	P
0	0.06937	0.14516	0.16187	0.01654	0.07423	0.08857	0.04553	0.16465	0.05160	0.07504	0.01528	0.01618	0.03447	0.00696	0.00590	0.00188	0.00774	0.00538	0.00437	0.00929
1	0.15207	0.13006	0.19846	0.01467	0.02003	0.06240	0.09848	0.01968	0.05862	0.02099	0.04954	0.01882	0.05727	0.00896	0.03535	0.00230	0.03463	0.00584	0.00375	0.00808
2	0.01043	0.01114	0.10300	0.01153	0.01385	0.00996	0.01023	0.01401	0.04125	0.01760	0.07615	0.02706	0.06628	0.03161	0.42069	0.00676	0.08211	0.00735	0.03244	0.00657
3	0.01786	0.11934	0.25494	0.01490	0.02110	0.07141	0.01525	0.22680	0.01876	0.02553	0.01258	0.01407	0.00954	0.00672	0.00636	0.00181	0.03726	0.00487	0.03743	0.08348
4	0.00918	0.00721	0.01027	0.09935	0.07035	0.00725	0.00820	0.01080	0.01243	0.01647	0.03107	0.49394	0.07728	0.10230	0.01064	0.00290	0.00489	0.01457	0.00517	0.00573
5	0.01648	0.09380	0.23514	0.01893	0.14875	0.09763	0.01578	0.04502	0.06515	0.07218	0.05656	0.04879	0.01486	0.00749	0.00614	0.00192	0.00766	0.00611	0.03261	0.00901
6	0.00820	0.00598	0.00757	0.00846	0.00914	0.00566	0.00573	0.00941	0.01239	0.01635	0.06354	0.48541	0.13685	0.12252	0.06805	0.00362	0.00503	0.01535	0.00557	0.00517
7	0.01748	0.21148	0.13546	0.05926	0.05118	0.21328	0.06201	0.02113	0.03511	0.01737	0.01070	0.01321	0.00887	0.00672	0.00740	0.00186	0.09523	0.00473	0.00311	0.02440
8	0.00787	0.00562	0.00750	0.00900	0.00937	0.00525	0.00600	0.00900	0.01237	0.01649	0.03561	0.76871	0.04274	0.02024	0.00825	0.00262	0.00375	0.01837	0.00600	0.00525
9	0.01741	0.01219	0.07328	0.01197	0.01558	0.01040	0.03691	0.10438	0.01572	0.21069	0.02014	0.12401	0.01770	0.08446	0.05192	0.07760	0.02674	0.00792	0.00532	0.07567
10	0.04663	0.04088	0.01892	0.04072	0.06635	0.09005	0.01303	0.01839	0.01215	0.08876	0.01144	0.01633	0.01018	0.05520	0.01618	0.00267	0.43536	0.00567	0.00353	0.00758
11	0.01714	0.01685	0.11283	0.01470	0.06824	0.05904	0.01218	0.13621	0.04110	0.08327	0.04076	0.01792	0.03774	0.00709	0.00666	0.00168	0.04438	0.00550	0.00463	0.27210
12	0.00824	0.00657	0.00738	0.00718	0.00910	0.00571	0.00538	0.01044	0.01615	0.02083	0.33068	0.05662	0.46266	0.01510	0.00763	0.00212	0.00318	0.01286	0.00644	0.00571
13	0.01310	0.03698	0.03652	0.01016	0.01282	0.12377	0.00814	0.04188	0.04155	0.04711	0.37293	0.03973	0.16674	0.01174	0.00706	0.00198	0.00509	0.00982	0.00601	0.00688
14	0.05179	0.01077	0.01243	0.00964	0.01414	0.00921	0.00763	0.04561	0.05516	0.04011	0.18338	0.02244	0.02245	0.00727	0.00563	0.00140	0.00451	0.00602	0.00498	0.48542
15	0.07705	0.09410	0.37943	0.01620	0.02351	0.01738	0.04197	0.20971	0.03703	0.02635	0.01268	0.01403	0.00924	0.00656	0.00595	0.00196	0.00823	0.00501	0.00397	0.00963
16	0.01438	0.01635	0.08718	0.18492	0.14843	0.01504	0.31806	0.03632	0.01487	0.02023	0.01417	0.02113	0.01165	0.00680	0.00712	0.00218	0.00928	0.05992	0.00342	0.00854
17	0.01799	0.01176	0.01237	0.01022	0.01347	0.01268	0.00820	0.34548	0.02154	0.03198	0.01844	0.02002	0.01392	0.00764	0.00544	0.00171	0.00496	0.00592	0.42790	0.00838
18	0.02126	0.01574	0.01740	0.01466	0.04380	0.01733	0.01140	0.44215	0.18695	0.06836	0.04116	0.03688	0.01582	0.02791	0.00724	0.00213	0.00637	0.00675	0.00639	0.01032
19	0.01120	0.00976	0.01392	0.01279	0.01341	0.01263	0.01022	0.01300	0.01012	0.01506	0.01399	0.02201	0.01358	0.08159	0.41021	0.00710	0.31344	0.00658	0.00324	0.00616
20	0.01562	0.01434	0.02423	0.12309	0.59405	0.01462	0.01864	0.01944	0.01478	0.04308	0.04623	0.01784	0.01261	0.00626	0.00647	0.00195	0.00750	0.00606	0.00349	0.00970
21	0.01402	0.04212	0.01083	0.00890	0.01146	0.00760	0.00693	0.01640	0.01676	0.19966	0.31760	0.12601	0.17028	0.01297	0.00726	0.00209	0.00395	0.01116	0.00680	0.00720
22	0.01315	0.02535	0.01219	0.01106	0.01336	0.01137	0.00845	0.11616	0.20786	0.02260	0.04538	0.18225	0.05241	0.08567	0.12752	0.00393	0.00711	0.04109	0.00560	0.00751
23	0.01770	0.01312	0.01529	0.04038	0.01777	0.01191	0.00944	0.18907	0.03429	0.09675	0.01420	0.01516	0.01075	0.00599	0.00547	0.00138	0.00558	0.00474	0.00491	0.48608
24	0.02142	0.01620	0.01771	0.01431	0.01866	0.01830	0.01163	0.42293	0.24581	0.06626	0.01891	0.01842	0.01380	0.00831	0.00744	0.00208	0.05466	0.00631	0.00634	0.01050

[dist]
# distance from previous block
# <min> <max>
0	10

[block]
# block no. 3 follows, 34 sequences, length 22
# corresponding to MSA columns:
# 389-410
name=unknown_D
#
# <colnr> <probs for GDERKNQSTAVLIFYWHMCP>
#	G	D	E	R	K	N	Q	S	T	A	V	L	I	F	Y	W	H	M	C	P
0	0.01600	0.01525	0.02544	0.03786	0.68412	0.01540	0.01918	0.02081	0.06256	0.02151	0.01311	0.01654	0.01088	0.00596	0.00641	0.00194	0.00750	0.00586	0.00343	0.01023
1	0.00822	0.00653	0.00739	0.00726	0.00911	0.00569	0.00541	0.01037	0.01597	0.02063	0.31661	0.08947	0.44376	0.01534	0.00766	0.00215	0.00321	0.01311	0.00642	0.00569
2	0.01296	0.03342	0.73944	0.01842	0.02797	0.01501	0.02387	0.02046	0.01364	0.02046	0.01160	0.01364	0.00818	0.00614	0.00614	0.00205	0.00955	0.00477	0.00273	0.00955
3	0.00811	0.00653	0.00727	0.00747	0.00931	0.00569	0.00565	0.01001	0.01502	0.01874	0.15623	0.13308	0.50526	0.01642	0.00780	0.00227	0.00351	0.06988	0.00616	0.00557
4	0.01653	0.01638	0.02297	0.09256	0.48661	0.09039	0.01737	0.02251	0.12923	0.02114	0.01417	0.01696	0.01144	0.00639	0.00637	0.00196	0.00775	0.00584	0.00373	0.00970
5	0.00799	0.00571	0.00764	0.00913	0.00956	0.00535	0.00621	0.00920	0.01249	0.01663	0.03555	0.73582	0.04247	0.02013	0.00828	0.00264	0.00385	0.05007	0.00600	0.00528
6	0.01834	0.01232	0.01885	0.07570	0.31515	0.01173	0.01381	0.02149	0.01560	0.23273	0.02207	0.02418	0.08442	0.00786	0.00651	0.00194	0.00636	0.02975	0.00502	0.07618
7	0.01599	0.01535	0.02623	0.03966	0.73262	0.01535	0.01983	0.01983	0.01471	0.02111	0.01215	0.01599	0.01023	0.00576	0.00640	0.00192	0.00768	0.00576	0.00320	0.01023
8	0.01446	0.01523	0.09804	0.11911	0.16037	0.01365	0.16096	0.08593	0.01552	0.03778	0.01750	0.16185	0.01631	0.00904	0.00729	0.00217	0.02467	0.00851	0.02321	0.00840
9	0.01522	0.30295	0.15700	0.01323	0.01840	0.08617	0.04348	0.02024	0.08943	0.01936	0.11566	0.02106	0.05706	0.00777	0.00577	0.00179	0.00709	0.00608	0.00403	0.00821
10	0.63263	0.03344	0.04965	0.00882	0.01268	0.01358	0.00761	0.01804	0.01124	0.02649	0.01088	0.01416	0.00908	0.06816	0.00649	0.00230	0.00527	0.00422	0.05841	0.00686
11	0.04163	0.05068	0.03572	0.00975	0.01186	0.00901	0.02907	0.01222	0.01378	0.01871	0.10335	0.17510	0.27041	0.03516	0.00918	0.00239	0.06967	0.05751	0.03871	0.00609
12	0.01321	0.01269	0.01907	0.44074	0.09041	0.04811	0.03489	0.01699	0.02851	0.01704	0.01347	0.02177	0.01174	0.04976	0.00999	0.00248	0.10635	0.05224	0.00327	0.00727
13	0.01122	0.00561	0.00842	0.00842	0.00842	0.00561	0.00561	0.00842	0.00842	0.01122	0.01122	0.01964	0.01122	0.02245	0.02525	0.81201	0.00561	0.00561	0.00281	0.00281
14	0.01873	0.04162	0.21882	0.01530	0.05271	0.04822	0.01431	0.13004	0.11332	0.16879	0.07980	0.02101	0.03253	0.00794	0.00642	0.00200	0.00700	0.00639	0.00538	0.00966
15	0.08629	0.04819	0.01882	0.01852	0.16486	0.10655	0.04429	0.13557	0.04762	0.12123	0.09361	0.03896	0.03151	0.00800	0.00632	0.00194	0.00689	0.00664	0.00514	0.00902
16	0.00787	0.00562	0.00750	0.00900	0.00937	0.00525	0.00600	0.00900	0.01237	0.01649	0.03561	0.76871	0.04274	0.02024	0.00825	0.00262	0.00375	0.01837	0.00600	0.00525
17	0.01296	0.03342	0.73944	0.01842	0.02797	0.01501	0.02387	0.02046	0.01364	0.02046	0.01160	0.01364	0.00818	0.00614	0.00614	0.00205	0.00955	0.00477	0.00273	0.00955
18	0.34286	0.01515	0.05698	0.04146	0.19791	0.04257	0.03022	0.05162	0.02999	0.09654	0.01313	0.03252	0.01028	0.00666	0.00548	0.00199	0.00656	0.00519	0.00426	0.00863
19	0.01647	0.08878	0.17926	0.02088	0.20556	0.09456	0.03277	0.02144	0.06302	0.07737	0.05520	0.01933	0.04642	0.00715	0.00617	0.00188	0.00760	0.00597	0.00405	0.04611
20	0.09423	0.03356	0.18549	0.01451	0.08598	0.01136	0.01265	0.01898	0.01467	0.12440	0.12772	0.02217	0.03784	0.01039	0.05624	0.00241	0.00690	0.00629	0.00465	0.12958
21	0.06004	0.03315	0.09951	0.01556	0.09779	0.01276	0.03917	0.10199	0.09698	0.10425	0.17708	0.04947	0.02401	0.00873	0.00652	0.00197	0.00593	0.00746	0.00548	0.05217

[dist]
# distance from previous block
# <min> <max>
3	55

[block]
# block no. 4 follows, 34 sequences, length 14
# corresponding to MSA columns:
# 467-480
name=unknown_E
#
# <colnr> <probs for GDERKNQSTAVLIFYWHMCP>
#	G	D	E	R	K	N	Q	S	T	A	V	L	I	F	Y	W	H	M	C	P
0	0.01291	0.01134	0.01719	0.04700	0.32549	0.01101	0.01294	0.04126	0.01479	0.02053	0.05436	0.17724	0.08587	0.01064	0.00691	0.00206	0.00589	0.04604	0.00452	0.09202
1	0.01627	0.01572	0.05366	0.02723	0.37247	0.04926	0.05772	0.02079	0.06975	0.06412	0.01414	0.01811	0.01175	0.05478	0.00946	0.00226	0.08045	0.00603	0.00379	0.05225
2	0.15328	0.01478	0.06537	0.04972	0.14578	0.01432	0.03050	0.10221	0.11809	0.09286	0.06301	0.01860	0.01476	0.00731	0.00644	0.00198	0.02760	0.00592	0.00490	0.06255
3	0.01517	0.06491	0.02338	0.10880	0.39537	0.01666	0.01685	0.01925	0.05519	0.01946	0.01217	0.01606	0.01029	0.00723	0.00937	0.00211	0.16814	0.00568	0.02495	0.00898
4	0.01977	0.45105	0.05919	0.01358	0.01842	0.30809	0.01219	0.02193	0.01518	0.01568	0.00949	0.01102	0.00830	0.00600	0.00489	0.00152	0.00889	0.00379	0.00298	0.00803
5	0.01122	0.00561	0.00842	0.00842	0.00842	0.00561	0.00561	0.00842	0.00842	0.01122	0.01122	0.01964	0.01122	0.02245	0.02525	0.81201	0.00561	0.00561	0.00281	0.00281
6	0.06140	0.60495	0.05687	0.01182	0.01726	0.06608	0.01149	0.07390	0.01468	0.01818	0.00965	0.01097	0.00843	0.00582	0.00449	0.00150	0.00720	0.00373	0.00315	0.00843
7	0.01617	0.01507	0.05681	0.11026	0.43842	0.01457	0.03711	0.06897	0.03741	0.06095	0.04842	0.03895	0.01393	0.00695	0.00655	0.00200	0.00739	0.00649	0.00400	0.00958
8	0.00830	0.00619	0.00749	0.00792	0.00902	0.00563	0.00551	0.00993	0.01418	0.01872	0.21909	0.32060	0.22519	0.09927	0.01061	0.00275	0.00372	0.01445	0.00606	0.00537
9	0.01439	0.01859	0.29819	0.01314	0.01856	0.01109	0.01401	0.05645	0.03585	0.12229	0.29252	0.02860	0.03019	0.00929	0.00679	0.00203	0.00622	0.00782	0.00546	0.00850
10	0.07074	0.01575	0.06619	0.06401	0.44255	0.01500	0.01693	0.10423	0.01663	0.07238	0.04404	0.01728	0.01248	0.00655	0.00629	0.00196	0.00724	0.00586	0.00410	0.00980
11	0.01545	0.17061	0.44075	0.01683	0.02461	0.01721	0.06820	0.05893	0.05816	0.05181	0.01292	0.01439	0.00952	0.00630	0.00593	0.00193	0.00856	0.00501	0.00344	0.00943
12	0.00865	0.01043	0.11708	0.00886	0.01173	0.00693	0.00799	0.01112	0.01423	0.01817	0.09787	0.16904	0.43493	0.04343	0.00845	0.00238	0.00439	0.01278	0.00551	0.00602
13	0.01540	0.09118	0.33507	0.01905	0.14104	0.01465	0.01738	0.04432	0.05707	0.08872	0.03574	0.06378	0.03323	0.00774	0.00628	0.00200	0.00756	0.00643	0.00407	0.00931

[dist]
# distance from previous block
# <min> <max>
3	8

[block]
# block no. 5 follows, 34 sequences, length 58
# corresponding to MSA columns:
# 489-546
name=unknown_F
#
# <colnr> <probs for GDERKNQSTAVLIFYWHMCP>
#	G	D	E	R	K	N	Q	S	T	A	V	L	I	F	Y	W	H	M	C	P
0	0.01416	0.13085	0.41862	0.02106	0.10826	0.01649	0.13965	0.01998	0.01400	0.01977	0.01298	0.01540	0.02782	0.00616	0.00619	0.00197	0.00903	0.00543	0.00297	0.00920
1	0.71473	0.01301	0.01055	0.00924	0.01332	0.01502	0.00758	0.07513	0.04821	0.02983	0.01039	0.01158	0.00796	0.00628	0.00433	0.00200	0.00517	0.00388	0.00433	0.00748
2	0.01470	0.18742	0.51191	0.01784	0.06050	0.06242	0.02029	0.02053	0.01388	0.01911	0.01098	0.01295	0.00832	0.00602	0.00572	0.00188	0.00903	0.00451	0.00280	0.00919
3	0.02247	0.11911	0.18142	0.01362	0.01967	0.01357	0.03571	0.02722	0.06492	0.40678	0.01980	0.01855	0.01326	0.00722	0.00614	0.00195	0.00675	0.00579	0.00586	0.01018
4	0.02709	0.04918	0.01552	0.01125	0.01605	0.01008	0.00935	0.02961	0.01821	0.65392	0.07107	0.02314	0.01857	0.00822	0.00645	0.00197	0.00541	0.00669	0.00768	0.01054
5	0.00825	0.00594	0.00781	0.00867	0.00944	0.00551	0.00600	0.00996	0.01421	0.01934	0.24396	0.53246	0.06837	0.01803	0.00804	0.00243	0.00353	0.01623	0.00633	0.00551
6	0.02147	0.02595	0.01959	0.01687	0.02055	0.53777	0.09197	0.05851	0.04052	0.01806	0.01476	0.01639	0.05376	0.00835	0.02583	0.00202	0.01076	0.00540	0.00375	0.00772
7	0.02259	0.10183	0.03847	0.07643	0.10737	0.06718	0.05136	0.12706	0.01844	0.29909	0.01727	0.01741	0.01201	0.00701	0.00622	0.00191	0.00725	0.00576	0.00546	0.00988
8	0.00800	0.00572	0.00765	0.00915	0.00958	0.00536	0.00623	0.00923	0.01250	0.01664	0.03554	0.73244	0.04245	0.02012	0.00828	0.00264	0.00386	0.05333	0.00600	0.00528
9	0.00940	0.00626	0.00705	0.00705	0.00705	0.00626	0.00392	0.00940	0.00940	0.01253	0.02036	0.04228	0.02349	0.77292	0.03289	0.00626	0.00626	0.00940	0.00392	0.00392
10	0.01515	0.01602	0.03183	0.11743	0.27518	0.01577	0.39093	0.01991	0.01479	0.02035	0.01257	0.01691	0.00981	0.00567	0.00707	0.00209	0.00952	0.00676	0.00320	0.00906
11	0.01578	0.04260	0.09012	0.07860	0.48487	0.04635	0.10808	0.02003	0.01468	0.02030	0.01199	0.01568	0.00975	0.00582	0.00644	0.00195	0.00845	0.00577	0.00314	0.00961
12	0.00774	0.00652	0.00671	0.00672	0.00881	0.00549	0.00502	0.00944	0.01487	0.01795	0.10546	0.08450	0.66614	0.01630	0.00766	0.00219	0.00327	0.01367	0.00607	0.00549
13	0.00923	0.00692	0.01038	0.01038	0.01154	0.00808	0.00808	0.01154	0.01038	0.01500	0.01731	0.02538	0.01615	0.04846	0.74732	0.01038	0.01731	0.00692	0.00346	0.00577
14	0.30173	0.06296	0.05718	0.01206	0.01698	0.03685	0.01052	0.24061	0.03482	0.14717	0.01433	0.01448	0.01021	0.00694	0.00543	0.00194	0.00632	0.00490	0.00532	0.00923
15	0.04378	0.12576	0.23415	0.01958	0.13794	0.06292	0.03556	0.17886	0.05815	0.02485	0.01292	0.01448	0.00985	0.00652	0.00596	0.00190	0.00809	0.00514	0.00397	0.00962
16	0.59613	0.01326	0.01178	0.00990	0.01421	0.01486	0.00817	0.13620	0.01509	0.11131	0.01196	0.01264	0.00869	0.00652	0.00469	0.00199	0.00541	0.00423	0.00486	0.00812
17	0.02301	0.04464	0.01906	0.01468	0.01943	0.10025	0.01196	0.51155	0.13054	0.03507	0.01627	0.01618	0.01189	0.00771	0.00633	0.00193	0.00731	0.00577	0.00601	0.01040
18	0.01574	0.49661	0.17485	0.01231	0.01870	0.02057	0.01311	0.01906	0.01328	0.01726	0.00994	0.01154	0.00848	0.00553	0.00466	0.00145	0.00709	0.00379	0.00293	0.14308
19	0.01448	0.23038	0.52794	0.01641	0.02468	0.04266	0.02009	0.02035	0.01366	0.01891	0.01085	0.01271	0.00822	0.00599	0.00560	0.00186	0.00892	0.00440	0.00276	0.00915
20	0.01028	0.00805	0.01100	0.00979	0.01184	0.00781	0.04681	0.01519	0.09785	0.02574	0.60845	0.04376	0.05336	0.01226	0.00750	0.00206	0.00373	0.01096	0.00683	0.00672
21	0.01459	0.01440	0.02591	0.27924	0.38401	0.01518	0.13452	0.01886	0.01420	0.01949	0.01208	0.01665	0.00962	0.00594	0.00662	0.00204	0.00853	0.00606	0.00310	0.00895
22	0.01377	0.01294	0.02185	0.39409	0.34683	0.01437	0.01831	0.01778	0.01383	0.01872	0.01318	0.02011	0.01109	0.00685	0.00658	0.00210	0.00803	0.04788	0.00321	0.00845
23	0.02899	0.01100	0.01499	0.01150	0.01649	0.00950	0.00950	0.03149	0.01849	0.73709	0.02549	0.02199	0.01599	0.00800	0.00650	0.00200	0.00550	0.00650	0.00800	0.01100
24	0.01041	0.00744	0.01041	0.01190	0.01339	0.00744	0.01041	0.01339	0.01487	0.01934	0.03421	0.07288	0.03719	0.01785	0.00892	0.00297	0.00595	0.68913	0.00595	0.00595
25	0.02111	0.02589	0.01643	0.01533	0.01832	0.59326	0.01171	0.02297	0.01759	0.01643	0.01695	0.02371	0.05709	0.00889	0.00639	0.00189	0.01030	0.10472	0.00388	0.00714
26	0.01599	0.01535	0.02623	0.03966	0.73262	0.01535	0.01983	0.01983	0.01471	0.02111	0.01215	0.01599	0.01023	0.00576	0.00640	0.00192	0.00768	0.00576	0.00320	0.01023
27	0.02456	0.01810	0.01939	0.01487	0.02004	0.02004	0.01228	0.71107	0.03038	0.04072	0.01551	0.01551	0.01099	0.00776	0.00646	0.00194	0.00711	0.00582	0.00646	0.01099
28	0.00936	0.00639	0.00769	0.00769	0.00791	0.00661	0.00472	0.00981	0.00959	0.01301	0.01977	0.03902	0.02207	0.63300	0.17087	0.00706	0.00840	0.00892	0.00383	0.00427
29	0.01332	0.01117	0.01699	0.01419	0.01731	0.01135	0.15212	0.13409	0.05545	0.02383	0.14248	0.13394	0.05751	0.01605	0.09154	0.00319	0.00751	0.08502	0.00544	0.00750
30	0.01296	0.03342	0.73944	0.01842	0.02797	0.01501	0.02387	0.02046	0.01364	0.02046	0.01160	0.01364	0.00818	0.00614	0.00614	0.00205	0.00955	0.00477	0.00273	0.00955
31	0.02456	0.01810	0.01939	0.01487	0.02004	0.02004	0.01228	0.71107	0.03038	0.04072	0.01551	0.01551	0.01099	0.00776	0.00646	0.00194	0.00711	0.00582	0.00646	0.01099
32	0.81856	0.01250	0.00950	0.00850	0.01250	0.01449	0.00700	0.01899	0.01100	0.02899	0.00900	0.01050	0.00700	0.00600	0.00400	0.00200	0.00500	0.00350	0.00400	0.00700
33	0.81856	0.01250	0.00950	0.00850	0.01250	0.01449	0.00700	0.01899	0.01100	0.02899	0.00900	0.01050	0.00700	0.00600	0.00400	0.00200	0.00500	0.00350	0.00400	0.00700
34	0.01607	0.01388	0.01461	0.01315	0.01680	0.01607	0.01023	0.03433	0.72094	0.02703	0.02630	0.02411	0.01972	0.00877	0.00657	0.00219	0.00511	0.00731	0.00657	0.01023
35	0.00960	0.00978	0.09521	0.00935	0.01182	0.00715	0.00820	0.01317	0.01774	0.02527	0.64420	0.04416	0.05471	0.01237	0.00745	0.00203	0.00382	0.01087	0.00659	0.00651
36	0.00786	0.00566	0.00746	0.00890	0.00935	0.00526	0.00595	0.00901	0.01246	0.01653	0.03679	0.74074	0.06994	0.02009	0.00822	0.00261	0.00373	0.01818	0.00600	0.00526
37	0.02449	0.02013	0.01922	0.01515	0.02003	0.13658	0.01231	0.60121	0.02844	0.03673	0.01463	0.01489	0.01056	0.00758	0.00636	0.00190	0.00784	0.00555	0.00596	0.01043
38	0.01607	0.01388	0.01461	0.01315	0.01680	0.01607	0.01023	0.03433	0.72094	0.02703	0.02630	0.02411	0.01972	0.00877	0.00657	0.00219	0.00511	0.00731	0.00657	0.01023
39	0.02311	0.02890	0.01774	0.01613	0.01941	0.67570	0.01212	0.02585	0.06169	0.01686	0.03638	0.01371	0.01089	0.00702	0.00594	0.00171	0.01094	0.00462	0.00366	0.00761
40	0.01122	0.00561	0.00842	0.00842	0.00842	0.00561	0.00561	0.00842	0.00842	0.01122	0.01122	0.01964	0.01122	0.02245	0.02525	0.81201	0.00561	0.00561	0.00281	0.00281
41	0.05398	0.22322	0.06792	0.01569	0.04494	0.22447	0.05520	0.13013	0.05103	0.05761	0.01245	0.01360	0.00975	0.00653	0.00562	0.00175	0.00847	0.00478	0.00404	0.00883
42	0.01479	0.05478	0.53862	0.01803	0.02635	0.01483	0.09162	0.02163	0.03430	0.08529	0.03111	0.01582	0.01069	0.00646	0.00630	0.00204	0.00894	0.00542	0.00348	0.00948
43	0.00896	0.00660	0.00838	0.00794	0.00954	0.00602	0.00595	0.01184	0.01786	0.02489	0.64892	0.04995	0.14189	0.01359	0.00762	0.00205	0.00308	0.01192	0.00698	0.00602
44	0.34986	0.01424	0.01600	0.01695	0.16721	0.01542	0.01124	0.19877	0.01754	0.09515	0.01318	0.01437	0.00979	0.00662	0.00539	0.00195	0.00610	0.00492	0.02624	0.00905
45	0.01716	0.03409	0.05216	0.05256	0.47100	0.01506	0.13629	0.02122	0.01511	0.10200	0.01371	0.01673	0.01065	0.00599	0.00656	0.00197	0.00805	0.00607	0.00372	0.00991
46	0.17736	0.19932	0.18008	0.01793	0.14267	0.04799	0.03363	0.02132	0.05728	0.04962	0.01198	0.01364	0.00940	0.00614	0.00535	0.00185	0.00738	0.00465	0.00356	0.00885
47	0.01565	0.01532	0.02419	0.13049	0.42102	0.04415	0.08669	0.02153	0.10946	0.02103	0.01395	0.01714	0.01115	0.00623	0.00648	0.00197	0.00784	0.00602	0.00364	0.03606
48	0.00914	0.00660	0.00864	0.00813	0.00965	0.00610	0.00610	0.01219	0.01829	0.02591	0.72921	0.04827	0.06097	0.01321	0.00762	0.00203	0.00305	0.01169	0.00711	0.00610
49	0.03573	0.18584	0.30685	0.01636	0.05213	0.01739	0.05206	0.10239	0.05690	0.02242	0.01238	0.01396	0.00949	0.00617	0.00568	0.00180	0.00786	0.00483	0.00359	0.08617
50	0.00941	0.00753	0.01026	0.15239	0.01618	0.00755	0.00813	0.01240	0.01649	0.02228	0.44778	0.04527	0.19491	0.01259	0.00740	0.00209	0.00417	0.01096	0.00605	0.00617
51	0.01583	0.01519	0.02594	0.06970	0.70381	0.01531	0.01975	0.01969	0.01464	0.02092	0.01213	0.01604	0.01017	0.00579	0.00640	0.00193	0.00772	0.00576	0.00318	0.01011
52	0.01371	0.01132	0.01321	0.00981	0.01513	0.00893	0.00778	0.01743	0.05717	0.04080	0.01402	0.05302	0.01207	0.00591	0.00512	0.00115	0.00477	0.00486	0.00422	0.69957
53	0.01340	0.01148	0.01340	0.00957	0.01531	0.00861	0.00766	0.01627	0.01340	0.02105	0.01148	0.01340	0.00957	0.00479	0.00479	0.00096	0.00479	0.00383	0.00383	0.81242
54	0.01640	0.56429	0.21251	0.01310	0.01958	0.04587	0.01436	0.01984	0.01342	0.01656	0.00968	0.01124	0.00827	0.00572	0.00471	0.00156	0.00773	0.00381	0.00277	0.00859
55	0.81856	0.01250	0.00950	0.00850	0.01250	0.01449	0.00700	0.01899	0.01100	0.02899	0.00900	0.01050	0.00700	0.00600	0.00400	0.00200	0.00500	0.00350	0.00400	0.00700
56	0.01143	0.00798	0.00987	0.01045	0.01221	0.00821	0.00860	0.03523	0.09591	0.02167	0.05559	0.12032	0.04745	0.01454	0.00759	0.00248	0.00494	0.35624	0.16276	0.00652
57	0.01296	0.03342	0.73944	0.01842	0.02797	0.01501	0.02387	0.02046	0.01364	0.02046	0.01160	0.01364	0.00818	0.00614	0.00614	0.00205	0.00955	0.00477	0.00273	0.00955

[dist]
# distance from previous block
# <min> <max>
0	38

# created by:
# /home/cegg/simao/soft/augustus-3.2.1/scripts/msa2prfl.pl ./align_prep/EOG090W0HX7.fa
