[name]
unknown

[dist]
# distance from previous block
# <min> <max>
0	33

[block]
# block no. 0 follows, 32 sequences, length 45
# corresponding to MSA columns:
# 38-82
name=unknown_A
#
# <colnr> <probs for GDERKNQSTAVLIFYWHMCP>
#	G	D	E	R	K	N	Q	S	T	A	V	L	I	F	Y	W	H	M	C	P
0	0.08699	0.02146	0.28147	0.01589	0.03898	0.06741	0.05400	0.03734	0.01610	0.11170	0.08678	0.02626	0.05768	0.00889	0.00676	0.00217	0.00779	0.05877	0.00472	0.00884
1	0.12032	0.07900	0.22854	0.01570	0.05377	0.06371	0.01504	0.07436	0.04515	0.16558	0.01712	0.01854	0.02895	0.00761	0.00645	0.00206	0.02197	0.02175	0.00479	0.00957
2	0.03434	0.07697	0.16949	0.01501	0.02010	0.18274	0.03899	0.07953	0.06922	0.06453	0.03512	0.04245	0.08694	0.00917	0.00665	0.00207	0.00821	0.04508	0.00470	0.00868
3	0.04604	0.11256	0.17177	0.01795	0.11850	0.08555	0.03375	0.06463	0.03041	0.04316	0.05883	0.03733	0.02895	0.00790	0.00626	0.00194	0.00760	0.03140	0.03436	0.06112
4	0.01491	0.21007	0.17088	0.01606	0.04051	0.01653	0.11454	0.05393	0.05451	0.02083	0.01736	0.14376	0.01626	0.00886	0.00638	0.00200	0.00746	0.00773	0.03595	0.04146
5	0.04690	0.35566	0.31876	0.01518	0.02233	0.10023	0.01698	0.02130	0.01437	0.01865	0.01056	0.01232	0.00852	0.00615	0.00535	0.00178	0.00878	0.00424	0.00297	0.00901
6	0.01532	0.17108	0.25221	0.04555	0.02273	0.01664	0.06713	0.08324	0.06048	0.02263	0.05076	0.05905	0.01493	0.00771	0.00621	0.00195	0.00768	0.00637	0.03403	0.05430
7	0.02180	0.06378	0.06016	0.01709	0.05884	0.28242	0.02987	0.24920	0.02235	0.02686	0.08890	0.01798	0.01560	0.00785	0.00647	0.00190	0.00892	0.00591	0.00489	0.00919
8	0.01760	0.01285	0.01439	0.01221	0.01576	0.01385	0.00966	0.23035	0.21330	0.07221	0.16488	0.03013	0.07983	0.01238	0.03492	0.03555	0.00588	0.00840	0.00667	0.00918
9	0.00910	0.00677	0.00849	0.00836	0.00995	0.00616	0.00625	0.01176	0.01748	0.02388	0.49263	0.13041	0.18873	0.01532	0.00804	0.00224	0.00340	0.03796	0.00699	0.00610
10	0.01669	0.01441	0.01517	0.01365	0.01745	0.01669	0.01062	0.03565	0.71021	0.02807	0.02731	0.02503	0.02048	0.00910	0.00683	0.00228	0.00531	0.00759	0.00683	0.01062
11	0.00992	0.00708	0.00978	0.01133	0.01249	0.00695	0.00926	0.01235	0.01456	0.01908	0.03602	0.30810	0.04057	0.01938	0.00903	0.00297	0.00540	0.45360	0.00620	0.00593
12	0.07733	0.05409	0.01192	0.01036	0.01252	0.08755	0.00777	0.05269	0.01610	0.02203	0.19527	0.31417	0.05520	0.01421	0.00728	0.00222	0.00512	0.01223	0.00580	0.03617
13	0.01707	0.62534	0.17040	0.01297	0.01952	0.02441	0.01407	0.02032	0.01374	0.01685	0.00986	0.01143	0.00859	0.00586	0.00471	0.00157	0.00771	0.00385	0.00286	0.00887
14	0.00940	0.00682	0.00864	0.00821	0.00969	0.00630	0.00602	0.01215	0.01783	0.02491	0.60207	0.05067	0.11098	0.08477	0.01039	0.00254	0.00350	0.01207	0.00698	0.00607
15	0.00940	0.00621	0.00817	0.00934	0.01011	0.00571	0.00637	0.01068	0.01334	0.05718	0.03816	0.67851	0.08145	0.02007	0.00843	0.00266	0.00397	0.01810	0.00635	0.00580
16	0.01599	0.02537	0.34204	0.07157	0.10266	0.06028	0.20276	0.02194	0.01525	0.05914	0.01319	0.01606	0.00965	0.00630	0.00684	0.00213	0.00993	0.00598	0.00338	0.00954
17	0.01393	0.02668	0.48048	0.01792	0.02559	0.01417	0.09269	0.02095	0.05364	0.04944	0.04327	0.05667	0.01457	0.05063	0.00833	0.00243	0.00887	0.00677	0.00376	0.00922
18	0.01393	0.03144	0.59377	0.02093	0.03023	0.01586	0.15717	0.02130	0.01449	0.02130	0.01234	0.01494	0.00883	0.00623	0.00668	0.00215	0.01019	0.00554	0.00294	0.00975
19	0.01996	0.06043	0.07980	0.02135	0.10960	0.23011	0.15010	0.04084	0.10752	0.07375	0.01487	0.01659	0.01139	0.00699	0.00700	0.00202	0.02823	0.00594	0.00421	0.00931
20	0.01572	0.09355	0.41575	0.06147	0.02919	0.01684	0.15778	0.05971	0.01562	0.05336	0.01298	0.01537	0.00940	0.00637	0.00656	0.00209	0.00957	0.00563	0.00342	0.00964
21	0.00872	0.00621	0.00833	0.00982	0.01041	0.00591	0.00699	0.01020	0.01321	0.01752	0.03611	0.60670	0.04256	0.04867	0.00966	0.00294	0.00441	0.13996	0.00614	0.00553
22	0.01253	0.06779	0.51720	0.01591	0.02358	0.01393	0.01937	0.01847	0.01393	0.01981	0.02090	0.02357	0.11483	0.05226	0.03556	0.00268	0.00891	0.00660	0.00344	0.00874
23	0.01684	0.11517	0.44157	0.01789	0.04212	0.01651	0.05436	0.04852	0.05530	0.10779	0.01460	0.01578	0.01043	0.00671	0.00630	0.00205	0.00875	0.00538	0.00392	0.01001
24	0.03992	0.43551	0.21782	0.01402	0.02056	0.07885	0.01496	0.02198	0.04012	0.04490	0.01145	0.01277	0.00929	0.00624	0.00518	0.00172	0.00812	0.00428	0.00329	0.00904
25	0.02541	0.01240	0.01573	0.01254	0.01710	0.01216	0.01025	0.15951	0.05963	0.44866	0.02324	0.02218	0.01584	0.01453	0.11513	0.00337	0.00783	0.00672	0.00721	0.01057
26	0.02165	0.09488	0.01837	0.07574	0.03869	0.21820	0.01157	0.08590	0.01795	0.18360	0.01758	0.01882	0.02932	0.01103	0.06580	0.00259	0.00890	0.00576	0.06487	0.00878
27	0.03010	0.01142	0.01557	0.01194	0.01713	0.00986	0.00986	0.03270	0.01920	0.72698	0.02647	0.02284	0.01661	0.00830	0.00675	0.00208	0.00571	0.00675	0.00830	0.01142
28	0.00942	0.00680	0.00890	0.00849	0.01001	0.00628	0.00633	0.01247	0.01864	0.02635	0.67978	0.09073	0.06223	0.01414	0.00795	0.00215	0.00321	0.01253	0.00732	0.00628
29	0.00818	0.00584	0.00779	0.00934	0.00973	0.00545	0.00623	0.00934	0.01285	0.01713	0.03698	0.75981	0.04438	0.02102	0.00856	0.00273	0.00389	0.01908	0.00623	0.00545
30	0.76890	0.01329	0.01042	0.00918	0.01340	0.01536	0.00756	0.05666	0.01251	0.03077	0.00971	0.01118	0.00749	0.00633	0.00429	0.00207	0.00531	0.00376	0.00429	0.00749
31	0.23498	0.01188	0.01391	0.01093	0.01592	0.01115	0.00900	0.02778	0.01665	0.47641	0.02058	0.01884	0.01351	0.00744	0.00589	0.00197	0.00550	0.00566	0.00680	0.08520
32	0.05733	0.01796	0.01935	0.01489	0.02020	0.01969	0.01230	0.61849	0.02974	0.09747	0.01668	0.01645	0.01167	0.00800	0.00661	0.00202	0.00716	0.00600	0.00674	0.01125
33	0.01871	0.68885	0.03342	0.01211	0.01760	0.10317	0.01164	0.02081	0.01421	0.01585	0.00944	0.01091	0.00861	0.00587	0.00449	0.00147	0.00771	0.00367	0.00293	0.00852
34	0.01626	0.48975	0.27247	0.01405	0.02123	0.02216	0.01592	0.02037	0.01383	0.01788	0.01035	0.01204	0.00862	0.00593	0.00504	0.00166	0.00804	0.00407	0.00290	0.03744
35	0.01646	0.01654	0.02741	0.07286	0.53139	0.05482	0.11139	0.02048	0.01538	0.02115	0.01346	0.04311	0.01158	0.00656	0.00686	0.00205	0.00855	0.00662	0.00342	0.00991
36	0.02258	0.02471	0.01813	0.01701	0.05730	0.44803	0.01240	0.08718	0.09379	0.05336	0.01550	0.01704	0.02865	0.02578	0.00739	0.00200	0.03055	0.00549	0.02455	0.00855
37	0.01251	0.00625	0.00625	0.00625	0.00782	0.00625	0.00469	0.01563	0.01407	0.02502	0.02189	0.02502	0.01720	0.00782	0.00469	0.00156	0.00313	0.00625	0.80144	0.00625
38	0.01764	0.01489	0.01571	0.01385	0.01781	0.01713	0.01085	0.10727	0.63705	0.02960	0.02610	0.02407	0.01950	0.00899	0.00682	0.00225	0.00553	0.00742	0.00682	0.01071
39	0.00959	0.00719	0.01078	0.01078	0.01198	0.00839	0.00839	0.01198	0.01078	0.01558	0.01797	0.02636	0.01677	0.05032	0.73760	0.01078	0.01797	0.00719	0.00359	0.00599
40	0.02180	0.02049	0.07559	0.01489	0.01963	0.18086	0.01262	0.25008	0.11465	0.09465	0.05745	0.02095	0.01616	0.00843	0.00665	0.00201	0.00786	0.03134	0.00574	0.03815
41	0.01584	0.09841	0.14710	0.07594	0.25856	0.04372	0.12827	0.03723	0.04155	0.02099	0.01433	0.06166	0.01225	0.00715	0.00667	0.00206	0.00862	0.00667	0.00358	0.00942
42	0.81159	0.01298	0.00986	0.00882	0.01298	0.01505	0.00727	0.01972	0.01142	0.03010	0.00934	0.01090	0.00727	0.00623	0.00415	0.00208	0.00519	0.00363	0.00415	0.00727
43	0.01173	0.00806	0.01155	0.01096	0.01280	0.00889	0.00860	0.03396	0.01215	0.06790	0.01825	0.02522	0.01628	0.04393	0.62913	0.00944	0.01617	0.00697	0.00404	0.04396
44	0.00894	0.00712	0.00812	0.00836	0.01027	0.00645	0.00641	0.01166	0.04215	0.02007	0.16290	0.13688	0.42232	0.01681	0.00814	0.00240	0.00387	0.10469	0.00643	0.00601

[dist]
# distance from previous block
# <min> <max>
0	1

[block]
# block no. 1 follows, 32 sequences, length 13
# corresponding to MSA columns:
# 84-96
name=unknown_B
#
# <colnr> <probs for GDERKNQSTAVLIFYWHMCP>
#	G	D	E	R	K	N	Q	S	T	A	V	L	I	F	Y	W	H	M	C	P
0	0.01267	0.01193	0.02013	0.74806	0.04621	0.01491	0.01863	0.01714	0.01342	0.01714	0.01193	0.01789	0.00894	0.00671	0.00671	0.00224	0.00894	0.00596	0.00298	0.00745
1	0.01584	0.01810	0.03959	0.02828	0.03507	0.01697	0.69796	0.02149	0.01584	0.02149	0.01357	0.01810	0.01018	0.00566	0.00792	0.00226	0.01131	0.00792	0.00339	0.00905
2	0.02848	0.01147	0.01540	0.01174	0.01701	0.00977	0.00967	0.03111	0.01867	0.65603	0.02501	0.02194	0.01594	0.00797	0.00657	0.00197	0.00564	0.00647	0.00787	0.09129
3	0.00816	0.00590	0.00773	0.00919	0.00969	0.00546	0.00616	0.00936	0.01300	0.01719	0.03887	0.71756	0.08541	0.02078	0.00853	0.00270	0.00386	0.01878	0.00623	0.00546
4	0.00959	0.00719	0.01078	0.01078	0.01198	0.00839	0.00839	0.01198	0.01078	0.01558	0.01797	0.02636	0.01677	0.05032	0.73760	0.01078	0.01797	0.00719	0.00359	0.00599
5	0.02896	0.01325	0.01670	0.01281	0.01804	0.01258	0.01058	0.19818	0.02227	0.55717	0.02390	0.02117	0.01532	0.00824	0.00674	0.00206	0.00612	0.00657	0.00791	0.01142
6	0.01251	0.00625	0.00625	0.00625	0.00782	0.00625	0.00469	0.01563	0.01407	0.02502	0.02189	0.02502	0.01720	0.00782	0.00469	0.00156	0.00313	0.00625	0.80144	0.00625
7	0.01280	0.01043	0.01454	0.04154	0.20678	0.03696	0.01119	0.01527	0.01502	0.06176	0.07560	0.28331	0.11586	0.01403	0.00770	0.00236	0.00563	0.05630	0.00542	0.00751
8	0.01669	0.01441	0.01517	0.01365	0.01745	0.01669	0.01062	0.03565	0.71021	0.02807	0.02731	0.02503	0.02048	0.00910	0.00683	0.00228	0.00531	0.00759	0.00683	0.01062
9	0.01251	0.00625	0.00625	0.00625	0.00782	0.00625	0.00469	0.01563	0.01407	0.02502	0.02189	0.02502	0.01720	0.00782	0.00469	0.00156	0.00313	0.00625	0.80144	0.00625
10	0.01406	0.01057	0.01109	0.03223	0.03391	0.05328	0.00814	0.06555	0.09831	0.02440	0.06786	0.05161	0.09000	0.01001	0.00680	0.00197	0.03657	0.02902	0.34725	0.00735
11	0.01711	0.01471	0.01737	0.04405	0.01968	0.04264	0.05119	0.17522	0.01829	0.02613	0.01293	0.01477	0.01020	0.00588	0.00567	0.00139	0.00637	0.00479	0.00451	0.50712
12	0.04616	0.02685	0.42219	0.01998	0.09246	0.05379	0.05750	0.07975	0.01632	0.04694	0.03933	0.04189	0.01251	0.00730	0.00656	0.00211	0.00893	0.00604	0.00380	0.00962

[dist]
# distance from previous block
# <min> <max>
0	6

[block]
# block no. 2 follows, 32 sequences, length 38
# corresponding to MSA columns:
# 103-107,110-142
name=unknown_C
#
# <colnr> <probs for GDERKNQSTAVLIFYWHMCP>
#	G	D	E	R	K	N	Q	S	T	A	V	L	I	F	Y	W	H	M	C	P
0	0.01490	0.01426	0.04048	0.07265	0.39672	0.01409	0.04116	0.03745	0.09541	0.02264	0.07197	0.09330	0.03801	0.00877	0.00703	0.00214	0.00700	0.00816	0.00445	0.00942
1	0.06085	0.01129	0.01611	0.35506	0.02923	0.01222	0.01303	0.04227	0.01524	0.15106	0.03833	0.04155	0.01392	0.00757	0.00630	0.00200	0.00681	0.00636	0.07336	0.09744
2	0.09452	0.01137	0.01421	0.01126	0.01594	0.01046	0.00922	0.05675	0.03914	0.52794	0.04912	0.02643	0.08502	0.00914	0.00667	0.00210	0.00542	0.00735	0.00761	0.01033
3	0.63555	0.01263	0.01115	0.00953	0.01391	0.01388	0.00785	0.02265	0.01317	0.18708	0.01320	0.01359	0.00937	0.00670	0.00474	0.00208	0.00531	0.00433	0.00509	0.00820
4	0.00918	0.00678	0.00786	0.00759	0.00944	0.00607	0.00569	0.01177	0.01708	0.02332	0.39905	0.05330	0.31337	0.01442	0.00761	0.00212	0.00325	0.01235	0.08367	0.00607
5	0.01251	0.00625	0.00625	0.00625	0.00782	0.00625	0.00469	0.01563	0.01407	0.02502	0.02189	0.02502	0.01720	0.00782	0.00469	0.00156	0.00313	0.00625	0.80144	0.00625
6	0.00831	0.00590	0.00775	0.00917	0.00953	0.00554	0.00604	0.00938	0.01258	0.01678	0.03563	0.69851	0.04267	0.08465	0.01076	0.00305	0.00412	0.01828	0.00604	0.00533
7	0.03010	0.01142	0.01557	0.01194	0.01713	0.00986	0.00986	0.03270	0.01920	0.72698	0.02647	0.02284	0.01661	0.00830	0.00675	0.00208	0.00571	0.00675	0.00830	0.01142
8	0.01251	0.00625	0.00625	0.00625	0.00782	0.00625	0.00469	0.01563	0.01407	0.02502	0.02189	0.02502	0.01720	0.00782	0.00469	0.00156	0.00313	0.00625	0.80144	0.00625
9	0.02457	0.01813	0.01939	0.01503	0.02018	0.02009	0.01236	0.63956	0.06933	0.04091	0.01694	0.01691	0.01212	0.00811	0.00665	0.00201	0.00712	0.00614	0.03325	0.01119
10	0.00925	0.00673	0.00923	0.00957	0.01037	0.00723	0.00686	0.01083	0.01119	0.01547	0.02474	0.19587	0.05033	0.19496	0.39730	0.00775	0.01184	0.01066	0.00438	0.00545
11	0.01599	0.03914	0.02272	0.13154	0.02452	0.07522	0.11778	0.03899	0.01379	0.04442	0.04360	0.01764	0.01208	0.01036	0.03330	0.00270	0.33840	0.00636	0.00358	0.00788
12	0.01251	0.00625	0.00625	0.00625	0.00782	0.00625	0.00469	0.01563	0.01407	0.02502	0.02189	0.02502	0.01720	0.00782	0.00469	0.00156	0.00313	0.00625	0.80144	0.00625
13	0.01468	0.01468	0.02055	0.01762	0.01762	0.02055	0.01468	0.01615	0.01028	0.01615	0.00881	0.01468	0.00881	0.01174	0.02202	0.00294	0.75191	0.00587	0.00294	0.00734
14	0.01427	0.16836	0.60293	0.01773	0.02689	0.01758	0.02237	0.02104	0.01407	0.02025	0.01155	0.01355	0.00852	0.00626	0.00600	0.00200	0.00942	0.00471	0.00284	0.00968
15	0.50820	0.01843	0.01355	0.01192	0.01587	0.19964	0.00950	0.08714	0.01526	0.02732	0.01024	0.01184	0.00807	0.00677	0.00549	0.00201	0.03265	0.00412	0.00418	0.00780
16	0.01468	0.01468	0.02055	0.01762	0.01762	0.02055	0.01468	0.01615	0.01028	0.01615	0.00881	0.01468	0.00881	0.01174	0.02202	0.00294	0.75191	0.00587	0.00294	0.00734
17	0.01462	0.22436	0.54992	0.01715	0.02599	0.01842	0.02135	0.02095	0.01403	0.01984	0.01134	0.01329	0.00853	0.00621	0.00584	0.00195	0.00921	0.00460	0.00284	0.00958
18	0.00818	0.00584	0.00779	0.00934	0.00973	0.00545	0.00623	0.00934	0.01285	0.01713	0.03698	0.75981	0.04438	0.02102	0.00856	0.00273	0.00389	0.01908	0.00623	0.00545
19	0.00881	0.00679	0.00804	0.00781	0.00962	0.00602	0.00583	0.01129	0.01724	0.02294	0.42628	0.08567	0.32873	0.01535	0.00795	0.00220	0.00329	0.01325	0.00687	0.00602
20	0.01346	0.03471	0.72942	0.01912	0.02904	0.01558	0.02479	0.02125	0.01417	0.02125	0.01204	0.01417	0.00850	0.00637	0.00637	0.00212	0.00992	0.00496	0.00283	0.00992
21	0.00818	0.00584	0.00779	0.00934	0.00973	0.00545	0.00623	0.00934	0.01285	0.01713	0.03698	0.75981	0.04438	0.02102	0.00856	0.00273	0.00389	0.01908	0.00623	0.00545
22	0.00959	0.00719	0.01078	0.01078	0.01198	0.00839	0.00839	0.01198	0.01078	0.01558	0.01797	0.02636	0.01677	0.05032	0.73760	0.01078	0.01797	0.00719	0.00359	0.00599
23	0.01669	0.01441	0.01517	0.01365	0.01745	0.01669	0.01062	0.03565	0.71021	0.02807	0.02731	0.02503	0.02048	0.00910	0.00683	0.00228	0.00531	0.00759	0.00683	0.01062
24	0.01661	0.01594	0.02724	0.04119	0.72233	0.01594	0.02059	0.02059	0.01528	0.02192	0.01262	0.01661	0.01063	0.00598	0.00664	0.00199	0.00797	0.00598	0.00332	0.01063
25	0.01267	0.01193	0.02013	0.74806	0.04621	0.01491	0.01863	0.01714	0.01342	0.01714	0.01193	0.01789	0.00894	0.00671	0.00671	0.00224	0.00894	0.00596	0.00298	0.00745
26	0.02007	0.02392	0.01800	0.01636	0.01848	0.44829	0.01257	0.02166	0.01584	0.01644	0.01335	0.10842	0.01326	0.01004	0.01073	0.00219	0.21273	0.00663	0.00367	0.00736
27	0.01007	0.00689	0.00775	0.00766	0.00789	0.00697	0.00446	0.01107	0.04264	0.01425	0.04877	0.04328	0.02574	0.69972	0.03185	0.00614	0.00632	0.00975	0.00432	0.00446
28	0.01297	0.01223	0.02066	0.69489	0.09707	0.01499	0.01878	0.01740	0.01356	0.01750	0.01198	0.01779	0.00907	0.00665	0.00670	0.00222	0.00887	0.00596	0.00301	0.00769
29	0.01251	0.00625	0.00625	0.00625	0.00782	0.00625	0.00469	0.01563	0.01407	0.02502	0.02189	0.02502	0.01720	0.00782	0.00469	0.00156	0.00313	0.00625	0.80144	0.00625
30	0.01794	0.76823	0.03516	0.01148	0.01722	0.02655	0.01148	0.02009	0.01363	0.01579	0.00933	0.01076	0.00861	0.00574	0.00431	0.00144	0.00718	0.00359	0.00287	0.00861
31	0.01251	0.00625	0.00625	0.00625	0.00782	0.00625	0.00469	0.01563	0.01407	0.02502	0.02189	0.02502	0.01720	0.00782	0.00469	0.00156	0.00313	0.00625	0.80144	0.00625
32	0.66788	0.01279	0.01059	0.00902	0.01350	0.01395	0.00739	0.01921	0.01187	0.02862	0.00981	0.01144	0.00775	0.00600	0.00430	0.00188	0.00515	0.00369	0.00412	0.15102
33	0.09662	0.02420	0.01640	0.01484	0.01833	0.44732	0.01129	0.04586	0.14299	0.02114	0.04870	0.01885	0.04954	0.00810	0.00621	0.00191	0.00923	0.00575	0.00455	0.00817
34	0.02097	0.01843	0.08270	0.02033	0.14494	0.01750	0.05612	0.38414	0.02386	0.05376	0.01567	0.04084	0.01208	0.00759	0.00667	0.00198	0.00759	0.00634	0.00540	0.07309
35	0.01500	0.01512	0.05970	0.27046	0.37881	0.01514	0.03938	0.03891	0.01499	0.02083	0.01353	0.04041	0.01122	0.00682	0.00669	0.00210	0.00820	0.00640	0.02706	0.00923
36	0.08726	0.00731	0.00819	0.00847	0.00924	0.00745	0.00574	0.01142	0.01130	0.01635	0.02508	0.09514	0.04860	0.48597	0.02432	0.00509	0.00605	0.12746	0.00466	0.00489
37	0.28588	0.03874	0.05595	0.01465	0.08680	0.05303	0.01117	0.10869	0.05708	0.06580	0.01321	0.01442	0.01009	0.00652	0.00541	0.00184	0.00643	0.00475	0.00460	0.15495

[dist]
# distance from previous block
# <min> <max>
0	3

[block]
# block no. 3 follows, 32 sequences, length 7
# corresponding to MSA columns:
# 154-160
name=unknown_D
#
# <colnr> <probs for GDERKNQSTAVLIFYWHMCP>
#	G	D	E	R	K	N	Q	S	T	A	V	L	I	F	Y	W	H	M	C	P
0	0.01686	0.05774	0.04801	0.12024	0.28040	0.03834	0.04649	0.06596	0.05055	0.05023	0.01429	0.01729	0.01128	0.00678	0.00694	0.00196	0.03765	0.00584	0.06256	0.06060
1	0.01251	0.00625	0.00625	0.00625	0.00782	0.00625	0.00469	0.01563	0.01407	0.02502	0.02189	0.02502	0.01720	0.00782	0.00469	0.00156	0.00313	0.00625	0.80144	0.00625
2	0.04405	0.02113	0.02092	0.05552	0.07591	0.27774	0.09963	0.16449	0.01985	0.05236	0.01516	0.07013	0.01276	0.00801	0.00662	0.00199	0.00920	0.00657	0.02916	0.00882
3	0.00868	0.00640	0.00848	0.05798	0.01178	0.00624	0.00668	0.00994	0.01262	0.01663	0.03513	0.56709	0.08275	0.12223	0.01193	0.00318	0.00456	0.01660	0.00571	0.00541
4	0.01683	0.26114	0.20449	0.01409	0.01958	0.13338	0.01418	0.02145	0.05937	0.03885	0.01474	0.06294	0.01277	0.00997	0.04671	0.00234	0.00870	0.00574	0.04418	0.00855
5	0.01654	0.01378	0.01603	0.01505	0.10823	0.05207	0.01033	0.10191	0.04456	0.05784	0.06778	0.02048	0.03758	0.03048	0.00683	0.00169	0.00597	0.00588	0.00484	0.38211
6	0.10154	0.01985	0.16917	0.03519	0.02187	0.07335	0.08780	0.14655	0.07659	0.07382	0.03374	0.05283	0.03368	0.00819	0.00653	0.00211	0.00773	0.00677	0.03348	0.00921

[dist]
# distance from previous block
# <min> <max>
1	20

[block]
# block no. 4 follows, 32 sequences, length 29
# corresponding to MSA columns:
# 181-209
name=unknown_E
#
# <colnr> <probs for GDERKNQSTAVLIFYWHMCP>
#	G	D	E	R	K	N	Q	S	T	A	V	L	I	F	Y	W	H	M	C	P
0	0.01983	0.22487	0.08453	0.01529	0.06030	0.01692	0.06133	0.10093	0.01716	0.16193	0.01474	0.01554	0.01099	0.00643	0.00577	0.00169	0.00706	0.00514	0.00467	0.16489
1	0.01277	0.01476	0.17082	0.03240	0.01699	0.01042	0.01156	0.01835	0.10217	0.05970	0.09831	0.11123	0.07480	0.06117	0.07272	0.00313	0.00702	0.00889	0.02806	0.08473
2	0.02506	0.03198	0.01901	0.01729	0.02074	0.73725	0.01296	0.02679	0.01901	0.01642	0.01037	0.01210	0.00864	0.00691	0.00605	0.00173	0.01210	0.00432	0.00346	0.00778
3	0.03790	0.10624	0.28798	0.03748	0.04551	0.03574	0.03535	0.10167	0.07518	0.06039	0.09607	0.01968	0.01672	0.00767	0.00641	0.00203	0.00781	0.00617	0.00452	0.00947
4	0.11668	0.04336	0.20942	0.06688	0.07109	0.09921	0.01485	0.01880	0.01405	0.04332	0.01725	0.17885	0.01675	0.01000	0.00741	0.00223	0.04968	0.00804	0.00406	0.00808
5	0.02506	0.03198	0.01901	0.01729	0.02074	0.73725	0.01296	0.02679	0.01901	0.01642	0.01037	0.01210	0.00864	0.00691	0.00605	0.00173	0.01210	0.00432	0.00346	0.00778
6	0.06099	0.01373	0.01948	0.09267	0.18961	0.05245	0.08889	0.05982	0.07210	0.02280	0.07318	0.12556	0.04323	0.01013	0.00718	0.00224	0.00709	0.04565	0.00479	0.00841
7	0.00959	0.00719	0.01078	0.01078	0.01198	0.00839	0.00839	0.01198	0.01078	0.01558	0.01797	0.02636	0.01677	0.05032	0.73760	0.01078	0.01797	0.00719	0.00359	0.00599
8	0.02474	0.06575	0.01976	0.01702	0.02058	0.70465	0.01290	0.02649	0.01877	0.01639	0.01032	0.01204	0.00864	0.00686	0.00597	0.00172	0.01187	0.00429	0.00343	0.00782
9	0.01506	0.01655	0.03356	0.02482	0.02981	0.01685	0.51372	0.01957	0.01453	0.02013	0.01431	0.07042	0.01235	0.00796	0.01075	0.00243	0.15691	0.00831	0.00351	0.00846
10	0.02506	0.03198	0.01901	0.01729	0.02074	0.73725	0.01296	0.02679	0.01901	0.01642	0.01037	0.01210	0.00864	0.00691	0.00605	0.00173	0.01210	0.00432	0.00346	0.00778
11	0.00974	0.00656	0.00760	0.00760	0.00769	0.00666	0.00441	0.00994	0.00984	0.01322	0.02089	0.04250	0.02378	0.70670	0.09080	0.00685	0.00743	0.00955	0.00403	0.00422
12	0.06676	0.23874	0.02705	0.01775	0.07895	0.02049	0.12196	0.23564	0.06044	0.02746	0.03397	0.01608	0.01211	0.00693	0.00608	0.00190	0.00763	0.00573	0.00464	0.00970
13	0.81159	0.01298	0.00986	0.00882	0.01298	0.01505	0.00727	0.01972	0.01142	0.03010	0.00934	0.01090	0.00727	0.00623	0.00415	0.00208	0.00519	0.00363	0.00415	0.00727
14	0.00972	0.00678	0.00864	0.00896	0.01017	0.00636	0.00635	0.01225	0.03796	0.04413	0.29626	0.36199	0.09477	0.05225	0.00937	0.00260	0.00381	0.01490	0.00665	0.00609
15	0.00959	0.00719	0.01078	0.01078	0.01198	0.00839	0.00839	0.01198	0.01078	0.01558	0.01797	0.02636	0.01677	0.05032	0.73760	0.01078	0.01797	0.00719	0.00359	0.00599
16	0.01251	0.00625	0.00625	0.00625	0.00782	0.00625	0.00469	0.01563	0.01407	0.02502	0.02189	0.02502	0.01720	0.00782	0.00469	0.00156	0.00313	0.00625	0.80144	0.00625
17	0.01405	0.01301	0.01365	0.01429	0.08855	0.07421	0.00979	0.02315	0.29703	0.02347	0.12026	0.03727	0.22109	0.01138	0.00719	0.00218	0.00537	0.00955	0.00607	0.00845
18	0.01251	0.00625	0.00625	0.00625	0.00782	0.00625	0.00469	0.01563	0.01407	0.02502	0.02189	0.02502	0.01720	0.00782	0.00469	0.00156	0.00313	0.00625	0.80144	0.00625
19	0.06920	0.01598	0.02135	0.02238	0.20252	0.05123	0.03508	0.12512	0.01676	0.12449	0.01370	0.01632	0.01074	0.00843	0.01119	0.00229	0.23336	0.00590	0.00450	0.00947
20	0.01287	0.01213	0.02049	0.71193	0.08077	0.01496	0.01873	0.01732	0.01351	0.01739	0.01196	0.01782	0.00903	0.00667	0.00671	0.00222	0.00889	0.00596	0.00300	0.00762
21	0.01391	0.01193	0.01391	0.00994	0.01590	0.00894	0.00795	0.01690	0.01391	0.02186	0.01193	0.01391	0.00994	0.00497	0.00497	0.00099	0.00497	0.00398	0.00398	0.80521
22	0.00959	0.00716	0.01064	0.01064	0.01178	0.00831	0.00820	0.01189	0.01074	0.01547	0.01811	0.02711	0.01710	0.08064	0.70772	0.01060	0.01749	0.00730	0.00361	0.00591
23	0.01391	0.01193	0.01391	0.00994	0.01590	0.00894	0.00795	0.01690	0.01391	0.02186	0.01193	0.01391	0.00994	0.00497	0.00497	0.00099	0.00497	0.00398	0.00398	0.80521
24	0.01794	0.76823	0.03516	0.01148	0.01722	0.02655	0.01148	0.02009	0.01363	0.01579	0.00933	0.01076	0.00861	0.00574	0.00431	0.00144	0.00718	0.00359	0.00287	0.00861
25	0.01403	0.01279	0.04279	0.01048	0.01630	0.00947	0.00872	0.04172	0.01452	0.02235	0.01336	0.05213	0.01169	0.00596	0.00527	0.00117	0.00520	0.00486	0.00414	0.70304
26	0.01469	0.23656	0.53838	0.01702	0.02579	0.01860	0.02113	0.02093	0.01402	0.01975	0.01129	0.01323	0.00853	0.00620	0.00581	0.00194	0.00916	0.00458	0.00284	0.00956
27	0.06006	0.44473	0.07564	0.11084	0.02273	0.04196	0.04549	0.05193	0.01493	0.06010	0.01139	0.01328	0.00925	0.00622	0.00523	0.00173	0.00774	0.00452	0.00348	0.00876
28	0.01776	0.10916	0.08417	0.01463	0.03907	0.04080	0.01239	0.13356	0.33716	0.02709	0.04018	0.02010	0.01628	0.00793	0.00631	0.00199	0.00649	0.00631	0.00554	0.07309

[dist]
# distance from previous block
# <min> <max>
0	1

[block]
# block no. 5 follows, 32 sequences, length 23
# corresponding to MSA columns:
# 212-234
name=unknown_F
#
# <colnr> <probs for GDERKNQSTAVLIFYWHMCP>
#	G	D	E	R	K	N	Q	S	T	A	V	L	I	F	Y	W	H	M	C	P
0	0.04705	0.15455	0.29111	0.01647	0.02356	0.08578	0.06769	0.11554	0.01695	0.02319	0.01198	0.01380	0.00917	0.00635	0.00592	0.00184	0.00871	0.00488	0.00365	0.09181
1	0.01679	0.58021	0.21311	0.01344	0.02025	0.02374	0.01489	0.02039	0.01377	0.01719	0.01002	0.01164	0.00858	0.00590	0.00484	0.00161	0.00788	0.00394	0.00286	0.00895
2	0.01238	0.07399	0.44477	0.01509	0.02184	0.01320	0.01771	0.01803	0.01504	0.02169	0.18110	0.06612	0.02413	0.03700	0.00776	0.00227	0.00766	0.00755	0.00415	0.00851
3	0.01081	0.00772	0.01081	0.01236	0.01390	0.00772	0.01081	0.01390	0.01545	0.02008	0.03553	0.07569	0.03862	0.01854	0.00927	0.00309	0.00618	0.67717	0.00618	0.00618
4	0.00840	0.00667	0.00790	0.00844	0.00974	0.00617	0.00604	0.00996	0.01430	0.01825	0.09938	0.36800	0.34827	0.01834	0.00873	0.00248	0.03120	0.01587	0.00619	0.00568
5	0.01584	0.01810	0.03959	0.02828	0.03507	0.01697	0.69796	0.02149	0.01584	0.02149	0.01357	0.01810	0.01018	0.00566	0.00792	0.00226	0.01131	0.00792	0.00339	0.00905
6	0.01251	0.00625	0.00625	0.00625	0.00782	0.00625	0.00469	0.01563	0.01407	0.02502	0.02189	0.02502	0.01720	0.00782	0.00469	0.00156	0.00313	0.00625	0.80144	0.00625
7	0.05870	0.00831	0.00986	0.00887	0.01149	0.00772	0.00686	0.01673	0.04840	0.14426	0.36235	0.04583	0.21879	0.01300	0.00746	0.00215	0.00387	0.01105	0.00704	0.00727
8	0.00851	0.00682	0.00762	0.00757	0.00955	0.00593	0.00571	0.01067	0.01630	0.02074	0.25654	0.08459	0.47857	0.01623	0.00800	0.00227	0.00345	0.03851	0.00657	0.00587
9	0.01251	0.00625	0.00625	0.00625	0.00782	0.00625	0.00469	0.01563	0.01407	0.02502	0.02189	0.02502	0.01720	0.00782	0.00469	0.00156	0.00313	0.00625	0.80144	0.00625
10	0.01346	0.03471	0.72942	0.01912	0.02904	0.01558	0.02479	0.02125	0.01417	0.02125	0.01204	0.01417	0.00850	0.00637	0.00637	0.00212	0.00992	0.00496	0.00283	0.00992
11	0.01847	0.71316	0.03395	0.01192	0.01748	0.07971	0.01159	0.02059	0.01404	0.01583	0.00941	0.01086	0.00861	0.00583	0.00444	0.00146	0.00754	0.00364	0.00291	0.00855
12	0.01166	0.00583	0.00874	0.00874	0.00874	0.00583	0.00583	0.00874	0.00874	0.01166	0.01166	0.02040	0.01166	0.02331	0.02622	0.80478	0.00583	0.00583	0.00291	0.00291
13	0.00949	0.00683	0.00936	0.00952	0.01025	0.00748	0.00677	0.01099	0.01067	0.01491	0.02097	0.10821	0.02209	0.27707	0.43542	0.00857	0.01282	0.00925	0.00402	0.00531
14	0.01468	0.01468	0.02055	0.01762	0.01762	0.02055	0.01468	0.01615	0.01028	0.01615	0.00881	0.01468	0.00881	0.01174	0.02202	0.00294	0.75191	0.00587	0.00294	0.00734
15	0.12116	0.01348	0.01465	0.01341	0.03809	0.01482	0.01018	0.26536	0.15378	0.03026	0.02317	0.20423	0.02178	0.01156	0.00695	0.00229	0.00581	0.03385	0.00615	0.00902
16	0.01409	0.01325	0.02143	0.32738	0.21671	0.01485	0.04590	0.01836	0.03771	0.01913	0.01346	0.01992	0.01139	0.04091	0.00935	0.00236	0.07812	0.02420	0.00343	0.06805
17	0.01468	0.01468	0.02055	0.01762	0.01762	0.02055	0.01468	0.01615	0.01028	0.01615	0.00881	0.01468	0.00881	0.01174	0.02202	0.00294	0.75191	0.00587	0.00294	0.00734
18	0.00846	0.00615	0.00805	0.00947	0.01016	0.00574	0.00667	0.00991	0.01337	0.01757	0.03961	0.61639	0.10479	0.02036	0.00859	0.00273	0.00412	0.09608	0.00622	0.00556
19	0.25052	0.17293	0.13095	0.01605	0.07213	0.11073	0.04272	0.07185	0.01522	0.02360	0.01081	0.01277	0.00864	0.00650	0.00584	0.00193	0.02999	0.00452	0.00366	0.00865
20	0.06415	0.01387	0.01331	0.01167	0.01495	0.11084	0.00917	0.13916	0.07632	0.12789	0.09548	0.07979	0.03993	0.01010	0.00657	0.00205	0.00597	0.03757	0.13276	0.00845
21	0.10612	0.13750	0.13161	0.01562	0.08708	0.08010	0.01313	0.08602	0.01598	0.02312	0.01352	0.01518	0.03380	0.00644	0.00553	0.00167	0.00723	0.00481	0.00388	0.21167
22	0.08067	0.08434	0.13076	0.01662	0.12112	0.03499	0.01311	0.05694	0.06252	0.06424	0.15686	0.04390	0.04036	0.00904	0.00654	0.00203	0.00644	0.02709	0.00504	0.03739

[dist]
# distance from previous block
# <min> <max>
2	8

[block]
# block no. 6 follows, 32 sequences, length 29
# corresponding to MSA columns:
# 244-256,258-273
name=unknown_G
#
# <colnr> <probs for GDERKNQSTAVLIFYWHMCP>
#	G	D	E	R	K	N	Q	S	T	A	V	L	I	F	Y	W	H	M	C	P
0	0.09232	0.21293	0.12993	0.01877	0.11228	0.16047	0.04259	0.06550	0.01578	0.02083	0.01094	0.01323	0.00900	0.00673	0.00684	0.00191	0.06288	0.00475	0.00343	0.00889
1	0.02014	0.22833	0.06007	0.01292	0.01764	0.08410	0.01143	0.11473	0.04717	0.15637	0.04057	0.07078	0.03653	0.00867	0.00661	0.00191	0.03163	0.00660	0.00517	0.03865
2	0.01047	0.00725	0.00980	0.00967	0.01085	0.00810	0.00726	0.03057	0.01166	0.01728	0.01902	0.02872	0.01793	0.15826	0.49540	0.00849	0.01363	0.00743	0.12236	0.00586
3	0.12939	0.14617	0.05640	0.01277	0.01821	0.01670	0.01135	0.20876	0.02029	0.28945	0.01768	0.01689	0.01216	0.00742	0.00595	0.00195	0.00657	0.00550	0.00610	0.01030
4	0.01346	0.03471	0.72942	0.01912	0.02904	0.01558	0.02479	0.02125	0.01417	0.02125	0.01204	0.01417	0.00850	0.00637	0.00637	0.00212	0.00992	0.00496	0.00283	0.00992
5	0.01052	0.00761	0.01041	0.01174	0.01334	0.00750	0.01016	0.01350	0.01558	0.02021	0.06706	0.07370	0.09527	0.01821	0.00910	0.00298	0.00582	0.59491	0.00623	0.00614
6	0.00862	0.00711	0.00761	0.00743	0.00961	0.00625	0.00559	0.01133	0.04358	0.02046	0.20993	0.05982	0.54720	0.01596	0.00788	0.00223	0.00342	0.01345	0.00651	0.00601
7	0.01251	0.00625	0.00625	0.00625	0.00782	0.00625	0.00469	0.01563	0.01407	0.02502	0.02189	0.02502	0.01720	0.00782	0.00469	0.00156	0.00313	0.00625	0.80144	0.00625
8	0.20012	0.10574	0.12746	0.04294	0.04071	0.01643	0.01291	0.10948	0.05871	0.11845	0.03469	0.01677	0.01236	0.00889	0.03210	0.00236	0.04049	0.00542	0.00479	0.00916
9	0.29366	0.06817	0.10545	0.04458	0.04009	0.01565	0.03110	0.10438	0.05721	0.12214	0.01544	0.04851	0.01197	0.00754	0.00574	0.00208	0.00661	0.00572	0.00493	0.00903
10	0.01251	0.00625	0.00625	0.00625	0.00782	0.00625	0.00469	0.01563	0.01407	0.02502	0.02189	0.02502	0.01720	0.00782	0.00469	0.00156	0.00313	0.00625	0.80144	0.00625
11	0.01102	0.00807	0.01082	0.01178	0.01350	0.00815	0.01002	0.01531	0.06798	0.02186	0.15292	0.06749	0.04153	0.01700	0.00885	0.00286	0.00559	0.51227	0.00644	0.00654
12	0.04532	0.19321	0.24707	0.06802	0.15097	0.03960	0.05807	0.03988	0.03602	0.02102	0.03317	0.01558	0.01108	0.00650	0.00604	0.00195	0.00844	0.00533	0.00341	0.00933
13	0.01761	0.01752	0.08632	0.15889	0.42110	0.06429	0.01899	0.02172	0.01551	0.09379	0.01373	0.01696	0.01063	0.00645	0.00660	0.00204	0.00836	0.00585	0.00374	0.00989
14	0.01517	0.01567	0.01844	0.01680	0.03884	0.11802	0.01318	0.01689	0.01253	0.01726	0.06646	0.07312	0.01593	0.01275	0.03606	0.00286	0.49196	0.00716	0.00363	0.00725
15	0.04264	0.09407	0.18320	0.01586	0.03651	0.04645	0.06389	0.10233	0.08736	0.04418	0.06754	0.04434	0.01593	0.00801	0.00717	0.00201	0.04600	0.00642	0.00455	0.08155
16	0.00988	0.00676	0.00781	0.00768	0.00802	0.00668	0.00453	0.01018	0.01010	0.01367	0.02109	0.06522	0.02401	0.66886	0.06842	0.00636	0.00694	0.00967	0.00411	0.04000
17	0.00818	0.00584	0.00779	0.00934	0.00973	0.00545	0.00623	0.00934	0.01285	0.01713	0.03698	0.75981	0.04438	0.02102	0.00856	0.00273	0.00389	0.01908	0.00623	0.00545
18	0.01337	0.01134	0.01716	0.08981	0.06405	0.06429	0.12294	0.01411	0.01219	0.01575	0.01542	0.12222	0.01534	0.01571	0.01587	0.34320	0.03003	0.00794	0.00353	0.00573
19	0.05873	0.19207	0.02485	0.09782	0.12292	0.15377	0.04483	0.02021	0.01404	0.01801	0.01034	0.01387	0.00899	0.00753	0.00955	0.00208	0.18390	0.00505	0.00316	0.00827
20	0.00959	0.00719	0.01078	0.01078	0.01198	0.00839	0.00839	0.01198	0.01078	0.01558	0.01797	0.02636	0.01677	0.05032	0.73760	0.01078	0.01797	0.00719	0.00359	0.00599
21	0.02028	0.11804	0.01757	0.01312	0.04718	0.03586	0.01016	0.06947	0.13393	0.25142	0.13034	0.07977	0.02459	0.00970	0.00671	0.00206	0.00573	0.00805	0.00653	0.00951
22	0.35745	0.04223	0.05654	0.01305	0.04760	0.06339	0.01054	0.08778	0.08647	0.11202	0.01568	0.05356	0.01242	0.00774	0.00558	0.00208	0.00634	0.00567	0.00507	0.00880
23	0.01250	0.01258	0.06912	0.02149	0.23626	0.01132	0.04846	0.03336	0.01427	0.01994	0.04830	0.29501	0.02564	0.03759	0.05030	0.00297	0.03715	0.01128	0.00463	0.00784
24	0.01654	0.01173	0.03991	0.01205	0.01502	0.01193	0.01003	0.14360	0.04017	0.12801	0.02448	0.06052	0.07778	0.02007	0.17910	0.00423	0.07583	0.03749	0.08332	0.00820
25	0.01511	0.01249	0.08555	0.01157	0.01510	0.01033	0.00995	0.13166	0.03745	0.11070	0.16291	0.20568	0.08220	0.01296	0.00745	0.00223	0.00530	0.03152	0.00635	0.04347
26	0.01559	0.09318	0.07672	0.01536	0.06115	0.08059	0.04950	0.02338	0.20944	0.04262	0.19086	0.02728	0.04266	0.00934	0.00730	0.00208	0.03100	0.00777	0.00542	0.00876
27	0.04219	0.01450	0.04651	0.03504	0.10481	0.09715	0.01111	0.08511	0.03798	0.06904	0.11107	0.11570	0.04641	0.03168	0.00756	0.00216	0.00639	0.02264	0.04086	0.07210
28	0.04895	0.04944	0.08754	0.05579	0.12510	0.08716	0.01291	0.04449	0.05506	0.04219	0.14026	0.02695	0.06857	0.00995	0.02252	0.00220	0.02470	0.02781	0.00478	0.06364

[dist]
# distance from previous block
# <min> <max>
6	436

[block]
# block no. 7 follows, 32 sequences, length 15
# corresponding to MSA columns:
# 747-761
name=unknown_H
#
# <colnr> <probs for GDERKNQSTAVLIFYWHMCP>
#	G	D	E	R	K	N	Q	S	T	A	V	L	I	F	Y	W	H	M	C	P
0	0.34473	0.18701	0.07966	0.01245	0.01734	0.16202	0.01120	0.04646	0.04661	0.02377	0.01085	0.01223	0.00870	0.00647	0.00497	0.00188	0.00750	0.00414	0.00383	0.00820
1	0.01181	0.00695	0.01124	0.01027	0.01085	0.00685	0.06501	0.00994	0.00946	0.01264	0.01283	0.02269	0.01288	0.10033	0.02549	0.65133	0.00637	0.00642	0.00308	0.00356
2	0.01240	0.01149	0.01917	0.68462	0.04311	0.01417	0.01758	0.01676	0.01390	0.01798	0.07256	0.02065	0.01361	0.00731	0.00681	0.00223	0.00845	0.00649	0.00336	0.00736
3	0.01962	0.02088	0.10738	0.02533	0.23373	0.11732	0.11092	0.14986	0.06863	0.05872	0.01473	0.01670	0.01117	0.00683	0.00674	0.00204	0.00883	0.00606	0.00441	0.01011
4	0.02135	0.04187	0.02056	0.01676	0.06219	0.04055	0.10241	0.22235	0.02037	0.19089	0.01906	0.06858	0.01516	0.03909	0.03668	0.00261	0.03587	0.00735	0.02666	0.00965
5	0.00818	0.00584	0.00779	0.00934	0.00973	0.00545	0.00623	0.00934	0.01285	0.01713	0.03698	0.75981	0.04438	0.02102	0.00856	0.00273	0.00389	0.01908	0.00623	0.00545
6	0.01251	0.00625	0.00625	0.00625	0.00782	0.00625	0.00469	0.01563	0.01407	0.02502	0.02189	0.02502	0.01720	0.00782	0.00469	0.00156	0.00313	0.00625	0.80144	0.00625
7	0.01625	0.01526	0.02096	0.13628	0.09777	0.05188	0.11012	0.06992	0.26161	0.02382	0.01966	0.05159	0.01610	0.00870	0.00776	0.00227	0.04190	0.03390	0.00496	0.00927
8	0.01251	0.00625	0.00625	0.00625	0.00782	0.00625	0.00469	0.01563	0.01407	0.02502	0.02189	0.02502	0.01720	0.00782	0.00469	0.00156	0.00313	0.00625	0.80144	0.00625
9	0.01680	0.21731	0.14151	0.03411	0.04694	0.08654	0.01359	0.08394	0.08857	0.02212	0.05631	0.02077	0.04275	0.00785	0.00604	0.00186	0.00743	0.02943	0.00430	0.07184
10	0.01750	0.20021	0.15923	0.01997	0.15271	0.01816	0.05511	0.12430	0.04986	0.05095	0.04899	0.04510	0.01438	0.00748	0.00626	0.00195	0.00765	0.00623	0.00430	0.00966
11	0.01251	0.00625	0.00625	0.00625	0.00782	0.00625	0.00469	0.01563	0.01407	0.02502	0.02189	0.02502	0.01720	0.00782	0.00469	0.00156	0.00313	0.00625	0.80144	0.00625
12	0.01253	0.01092	0.01740	0.05783	0.26213	0.01094	0.04442	0.01614	0.04138	0.02065	0.09572	0.21885	0.02892	0.03911	0.00863	0.00252	0.00626	0.09281	0.00498	0.00785
13	0.01686	0.06037	0.11173	0.02130	0.21835	0.04026	0.01475	0.08863	0.10471	0.06490	0.08362	0.07062	0.01906	0.00848	0.00666	0.00202	0.00692	0.00728	0.00491	0.04855
14	0.01111	0.00908	0.01146	0.01167	0.01352	0.03705	0.04227	0.01496	0.07367	0.02021	0.07270	0.24046	0.10908	0.01655	0.00833	0.00265	0.00545	0.26332	0.02994	0.00652

[dist]
# distance from previous block
# <min> <max>
5	108

# created by:
# /home/cegg/simao/soft/augustus-3.2.1/scripts/msa2prfl.pl ./align_prep/EOG090W07XP.fa
