[name]
unknown

[dist]
# distance from previous block
# <min> <max>
98	567

[block]
# block no. 0 follows, 23 sequences, length 22
# corresponding to MSA columns:
# 880-901
name=unknown_A
#
# <colnr> <probs for GDERKNQSTAVLIFYWHMCP>
#	G	D	E	R	K	N	Q	S	T	A	V	L	I	F	Y	W	H	M	C	P
0	0.02206	0.02210	0.06342	0.01837	0.06506	0.12240	0.01431	0.15187	0.07166	0.03083	0.01781	0.04402	0.01462	0.00846	0.00724	0.00197	0.00860	0.00665	0.00562	0.30295
1	0.01827	0.01906	0.10855	0.01756	0.06969	0.01454	0.01453	0.09489	0.06148	0.02931	0.01961	0.06062	0.01715	0.00910	0.00732	0.00199	0.00748	0.04091	0.00548	0.38246
2	0.01915	0.01585	0.05424	0.01489	0.04879	0.01271	0.01185	0.05756	0.06649	0.09957	0.07325	0.02749	0.06951	0.00914	0.00727	0.00189	0.00649	0.00754	0.00624	0.39008
3	0.04571	0.01899	0.13108	0.01630	0.02272	0.01407	0.06237	0.09070	0.02105	0.11998	0.10652	0.06597	0.05650	0.01092	0.00808	0.00235	0.00768	0.02444	0.00650	0.16806
4	0.01980	0.03043	0.35598	0.02628	0.14058	0.01855	0.05626	0.07266	0.05517	0.07232	0.01737	0.01951	0.01270	0.00797	0.00784	0.00246	0.01039	0.00674	0.00473	0.06228
5	0.02023	0.05846	0.27338	0.05558	0.11095	0.01997	0.07003	0.15816	0.02216	0.03115	0.03763	0.01987	0.01394	0.00818	0.00783	0.00240	0.01024	0.00691	0.00488	0.06805
6	0.02254	0.09099	0.13618	0.06992	0.02690	0.06842	0.01658	0.15639	0.05548	0.07276	0.01722	0.01871	0.01293	0.00806	0.00720	0.00210	0.00903	0.00617	0.00553	0.19690
7	0.01894	0.02257	0.14902	0.03136	0.25851	0.01806	0.10349	0.06592	0.06681	0.02898	0.07153	0.02363	0.01858	0.00840	0.00815	0.00241	0.00951	0.00787	0.00500	0.08127
8	0.01721	0.05439	0.02087	0.09722	0.13062	0.01505	0.01403	0.06214	0.06538	0.02645	0.02400	0.13450	0.04810	0.01093	0.00772	0.00221	0.00725	0.00947	0.00550	0.24697
9	0.01665	0.01567	0.02740	0.44336	0.16422	0.01774	0.09373	0.02199	0.01705	0.02317	0.01575	0.02205	0.01215	0.00790	0.00808	0.00259	0.01039	0.00752	0.06275	0.00984
10	0.01453	0.00831	0.01225	0.01183	0.01183	0.00914	0.00831	0.01163	0.01079	0.01473	0.01369	0.02385	0.01369	0.02654	0.03111	0.67441	0.08862	0.00705	0.00353	0.00415
11	0.02713	0.07220	0.02603	0.02104	0.02508	0.42101	0.06173	0.02963	0.02039	0.07092	0.01393	0.01666	0.01138	0.00937	0.01098	0.00242	0.13972	0.00607	0.00447	0.00983
12	0.01007	0.00721	0.00958	0.01117	0.01181	0.00672	0.00755	0.01177	0.01641	0.02211	0.11715	0.63315	0.05636	0.02438	0.01026	0.00321	0.00460	0.02208	0.00770	0.00672
13	0.16870	0.02304	0.13152	0.05785	0.07696	0.02053	0.04585	0.25465	0.02504	0.09435	0.01746	0.01888	0.01250	0.00859	0.00752	0.00251	0.00913	0.00670	0.00616	0.01207
14	0.02606	0.02273	0.02350	0.17730	0.03176	0.13456	0.01684	0.35550	0.02905	0.03691	0.01724	0.01984	0.01289	0.01193	0.04507	0.00302	0.01105	0.00701	0.00618	0.01157
15	0.01173	0.00814	0.01025	0.01025	0.01073	0.00863	0.00666	0.01270	0.01221	0.01677	0.02429	0.04601	0.02642	0.49641	0.25551	0.00959	0.01250	0.01076	0.00473	0.00569
16	0.01315	0.00938	0.01135	0.01155	0.01281	0.00947	0.00800	0.08564	0.01750	0.02344	0.06280	0.34196	0.05611	0.22138	0.05423	0.00498	0.00703	0.03539	0.00675	0.00708
17	0.05369	0.05307	0.02132	0.04777	0.12673	0.20673	0.01455	0.05915	0.04339	0.02528	0.05427	0.13341	0.02253	0.01296	0.02935	0.00271	0.00975	0.00932	0.00537	0.06864
18	0.02090	0.02079	0.05084	0.06689	0.23813	0.11326	0.04629	0.02478	0.01847	0.07415	0.02107	0.02413	0.06615	0.00946	0.01011	0.00245	0.09092	0.00762	0.00479	0.08881
19	0.04876	0.08121	0.09089	0.01998	0.06622	0.06363	0.04011	0.08856	0.12194	0.10580	0.01924	0.02051	0.01460	0.00920	0.00969	0.00244	0.09012	0.00687	0.00580	0.09440
20	0.05526	0.01640	0.03774	0.12236	0.07332	0.03128	0.08860	0.02656	0.05447	0.15607	0.05419	0.04913	0.01899	0.00905	0.00784	0.00231	0.00832	0.00805	0.00602	0.17403
21	0.02296	0.02081	0.04149	0.02184	0.05575	0.11728	0.16798	0.10467	0.02287	0.10889	0.10932	0.02762	0.02305	0.00955	0.00839	0.00238	0.00974	0.02333	0.00619	0.09589

[dist]
# distance from previous block
# <min> <max>
65	248

[block]
# block no. 1 follows, 23 sequences, length 10
# corresponding to MSA columns:
# 1213-1222
name=unknown_B
#
# <colnr> <probs for GDERKNQSTAVLIFYWHMCP>
#	G	D	E	R	K	N	Q	S	T	A	V	L	I	F	Y	W	H	M	C	P
0	0.01716	0.11052	0.06072	0.08958	0.11617	0.01712	0.09574	0.05507	0.01920	0.02611	0.09648	0.10234	0.02677	0.01159	0.00838	0.00253	0.00856	0.06019	0.00542	0.07038
1	0.04812	0.01537	0.02083	0.13830	0.02757	0.03116	0.08634	0.02799	0.17310	0.09834	0.05940	0.03165	0.08732	0.01044	0.00812	0.00250	0.00780	0.00911	0.03717	0.07935
2	0.01864	0.01770	0.07644	0.19361	0.12135	0.01578	0.12342	0.02372	0.01827	0.09253	0.05428	0.05969	0.01840	0.00902	0.00821	0.00244	0.00939	0.00852	0.00509	0.12349
3	0.12272	0.01582	0.02099	0.04701	0.10841	0.01402	0.05994	0.02195	0.01678	0.02757	0.01425	0.01734	0.01165	0.00654	0.00650	0.00173	0.00732	0.00554	0.00463	0.46929
4	0.01759	0.01401	0.02018	0.18407	0.14831	0.01479	0.01566	0.02486	0.12066	0.08142	0.15928	0.03557	0.07830	0.01123	0.00846	0.00255	0.00739	0.00984	0.00644	0.03939
5	0.28533	0.01438	0.01546	0.07667	0.05842	0.04113	0.01140	0.02291	0.01717	0.11181	0.06493	0.11987	0.04937	0.01146	0.00730	0.00253	0.00682	0.00920	0.00614	0.06770
6	0.15878	0.01889	0.05915	0.31190	0.03629	0.08739	0.01788	0.07427	0.01871	0.02687	0.01777	0.02792	0.01526	0.00999	0.00783	0.00271	0.00985	0.08434	0.00480	0.00939
7	0.01853	0.01768	0.08777	0.06129	0.07776	0.01294	0.01408	0.02293	0.01748	0.07807	0.01593	0.01832	0.01248	0.00675	0.00667	0.00165	0.00733	0.00557	0.00494	0.51184
8	0.12839	0.02046	0.07180	0.27383	0.03561	0.07007	0.01780	0.15057	0.05447	0.03063	0.01587	0.01924	0.01189	0.00837	0.00745	0.00247	0.00961	0.00653	0.00509	0.05987
9	0.12690	0.01950	0.08919	0.02217	0.15907	0.01683	0.01575	0.06275	0.11542	0.03043	0.01733	0.01926	0.01362	0.00766	0.00695	0.00210	0.00769	0.00621	0.00525	0.25590

[dist]
# distance from previous block
# <min> <max>
17	112

[block]
# block no. 2 follows, 23 sequences, length 9
# corresponding to MSA columns:
# 1389-1397
name=unknown_C
#
# <colnr> <probs for GDERKNQSTAVLIFYWHMCP>
#	G	D	E	R	K	N	Q	S	T	A	V	L	I	F	Y	W	H	M	C	P
0	0.08259	0.01808	0.02434	0.03083	0.32790	0.04826	0.01735	0.08933	0.02000	0.02932	0.05529	0.02339	0.01740	0.05559	0.00978	0.00260	0.00849	0.00730	0.00503	0.12712
1	0.01699	0.01540	0.02632	0.45833	0.08871	0.01713	0.09526	0.02215	0.01719	0.05193	0.01801	0.02350	0.03550	0.00827	0.00817	0.00256	0.01026	0.00771	0.00423	0.07238
2	0.27529	0.01524	0.01646	0.09510	0.02280	0.01523	0.01151	0.06835	0.01743	0.03092	0.01511	0.01996	0.01257	0.00786	0.00634	0.00205	0.00698	0.03425	0.00511	0.32142
3	0.01493	0.01361	0.02156	0.35332	0.15871	0.01494	0.01816	0.01930	0.01736	0.02306	0.06847	0.08524	0.09783	0.01129	0.00845	0.00261	0.00858	0.01005	0.00489	0.04764
4	0.02190	0.01615	0.01933	0.10479	0.02497	0.01595	0.01293	0.21538	0.02428	0.07721	0.05817	0.02265	0.01757	0.00862	0.00730	0.00201	0.00734	0.00694	0.05711	0.27940
5	0.01924	0.01752	0.02719	0.18297	0.35224	0.01781	0.02063	0.07150	0.01921	0.02716	0.01524	0.01974	0.01231	0.00738	0.00766	0.00224	0.00913	0.00676	0.00440	0.15966
6	0.02325	0.01754	0.06316	0.05272	0.19695	0.01531	0.04538	0.04648	0.05386	0.20302	0.02257	0.06432	0.01760	0.00924	0.00795	0.00235	0.00818	0.00820	0.00631	0.13561
7	0.06488	0.08208	0.01821	0.01434	0.01823	0.04873	0.01147	0.06485	0.24730	0.02846	0.03792	0.09116	0.15295	0.01387	0.00925	0.00271	0.04406	0.03247	0.00692	0.01013
8	0.07714	0.01201	0.01555	0.01580	0.08212	0.01157	0.01087	0.02084	0.01907	0.13261	0.18613	0.12044	0.11102	0.01408	0.00960	0.00256	0.04882	0.01180	0.00718	0.09080

[dist]
# distance from previous block
# <min> <max>
45	166

[block]
# block no. 3 follows, 23 sequences, length 8
# corresponding to MSA columns:
# 1593-1600
name=unknown_D
#
# <colnr> <probs for GDERKNQSTAVLIFYWHMCP>
#	G	D	E	R	K	N	Q	S	T	A	V	L	I	F	Y	W	H	M	C	P
0	0.12538	0.31316	0.11842	0.05138	0.02383	0.02374	0.01541	0.09763	0.01937	0.07117	0.01893	0.02009	0.05370	0.00863	0.00652	0.00221	0.00853	0.00618	0.00496	0.01074
1	0.02297	0.38136	0.05883	0.01613	0.02182	0.09211	0.01481	0.10103	0.02016	0.05258	0.05825	0.01859	0.01585	0.00905	0.00864	0.00218	0.08420	0.00604	0.00479	0.01059
2	0.06450	0.15225	0.13884	0.01717	0.02363	0.06758	0.01635	0.14712	0.04311	0.12910	0.06228	0.02154	0.01752	0.00951	0.00861	0.00241	0.05401	0.00692	0.00606	0.01151
3	0.02136	0.14528	0.15784	0.19365	0.07810	0.11076	0.01996	0.05250	0.01908	0.07578	0.01582	0.01890	0.01200	0.00808	0.00732	0.00235	0.01045	0.00630	0.03377	0.01072
4	0.01603	0.07649	0.05617	0.01493	0.05845	0.01209	0.01091	0.05683	0.01448	0.01936	0.01762	0.09647	0.01770	0.02201	0.02229	0.46151	0.00755	0.00850	0.00429	0.00634
5	0.17836	0.11123	0.05346	0.15860	0.02878	0.01884	0.05822	0.05888	0.04554	0.06254	0.04679	0.02529	0.01718	0.00927	0.00731	0.00248	0.00848	0.04751	0.00529	0.05596
6	0.04305	0.01798	0.06479	0.24821	0.13082	0.04791	0.01843	0.06498	0.01875	0.04744	0.06261	0.02619	0.04000	0.04143	0.01077	0.00280	0.05673	0.00795	0.00488	0.04428
7	0.06979	0.11227	0.09162	0.02266	0.14596	0.01806	0.05369	0.05132	0.08428	0.05670	0.07281	0.08254	0.04978	0.01135	0.00808	0.00257	0.00812	0.04188	0.00582	0.01071

[dist]
# distance from previous block
# <min> <max>
18	76

[block]
# block no. 4 follows, 23 sequences, length 7
# corresponding to MSA columns:
# 1693-1699
name=unknown_E
#
# <colnr> <probs for GDERKNQSTAVLIFYWHMCP>
#	G	D	E	R	K	N	Q	S	T	A	V	L	I	F	Y	W	H	M	C	P
0	0.01894	0.05350	0.05468	0.15701	0.12668	0.01887	0.05154	0.12617	0.02027	0.02772	0.02102	0.07439	0.05108	0.01053	0.00998	0.00255	0.08010	0.00866	0.00507	0.08123
1	0.02365	0.02233	0.02452	0.15364	0.08319	0.15547	0.05351	0.21335	0.05936	0.03253	0.08043	0.02374	0.01914	0.00951	0.00818	0.00246	0.01017	0.00782	0.00594	0.01106
2	0.05588	0.01889	0.02128	0.05697	0.11374	0.06845	0.01490	0.21075	0.12255	0.07986	0.09666	0.02886	0.05434	0.01063	0.00817	0.00251	0.00810	0.00868	0.00709	0.01167
3	0.01759	0.08736	0.08651	0.23972	0.03171	0.01679	0.01647	0.06512	0.05683	0.07053	0.09665	0.08625	0.07215	0.01168	0.00825	0.00260	0.00827	0.00987	0.00583	0.00983
4	0.01672	0.18808	0.05813	0.08731	0.05957	0.01862	0.01412	0.02260	0.08893	0.02507	0.12187	0.03411	0.08598	0.01154	0.00896	0.00246	0.05548	0.02858	0.06226	0.00959
5	0.01727	0.01675	0.07891	0.01690	0.07104	0.04969	0.01285	0.07717	0.11353	0.05610	0.10386	0.13725	0.13507	0.06339	0.01108	0.00304	0.00711	0.01237	0.00690	0.00970
6	0.04402	0.01789	0.01945	0.03624	0.08459	0.09336	0.01355	0.15701	0.02398	0.15070	0.05910	0.03291	0.06555	0.01115	0.00808	0.00243	0.00805	0.05754	0.05091	0.06347

[dist]
# distance from previous block
# <min> <max>
37	129

[block]
# block no. 5 follows, 23 sequences, length 21
# corresponding to MSA columns:
# 1858-1878
name=unknown_F
#
# <colnr> <probs for GDERKNQSTAVLIFYWHMCP>
#	G	D	E	R	K	N	Q	S	T	A	V	L	I	F	Y	W	H	M	C	P
0	0.23369	0.07237	0.12523	0.03525	0.06817	0.12295	0.01593	0.02964	0.08429	0.11453	0.01743	0.01845	0.01293	0.00834	0.00687	0.00242	0.00912	0.00605	0.00543	0.01090
1	0.26753	0.01994	0.02368	0.02752	0.25025	0.07684	0.04263	0.09400	0.01947	0.03191	0.01419	0.01712	0.01134	0.00760	0.00691	0.00234	0.00880	0.00606	0.00488	0.06697
2	0.02503	0.02180	0.02289	0.02426	0.17237	0.16873	0.01572	0.12299	0.04866	0.11492	0.08496	0.02401	0.02040	0.00924	0.00785	0.00226	0.00920	0.00750	0.00625	0.09097
3	0.01391	0.01230	0.01874	0.01696	0.06299	0.01145	0.10970	0.01922	0.06372	0.02853	0.30197	0.04987	0.17402	0.01403	0.00911	0.00252	0.00621	0.01274	0.00718	0.06484
4	0.02591	0.02262	0.03063	0.02418	0.05252	0.12577	0.22268	0.18471	0.02545	0.12386	0.06298	0.02352	0.01794	0.00897	0.00858	0.00250	0.01083	0.00836	0.00632	0.01168
5	0.02113	0.52227	0.04163	0.02212	0.12673	0.02864	0.09129	0.02460	0.01713	0.02112	0.01255	0.01523	0.01104	0.00698	0.00619	0.00197	0.00944	0.00544	0.00364	0.01087
6	0.02192	0.10773	0.03251	0.04079	0.48324	0.12726	0.02208	0.02603	0.01896	0.02454	0.01434	0.01835	0.01217	0.00738	0.00757	0.00228	0.01032	0.00656	0.00398	0.01200
7	0.02473	0.02808	0.02842	0.03668	0.37405	0.32027	0.02071	0.02831	0.02053	0.02349	0.01403	0.01761	0.01176	0.00774	0.00771	0.00226	0.01191	0.00632	0.00409	0.01129
8	0.02008	0.01928	0.03294	0.04981	0.66422	0.01928	0.02490	0.02490	0.01848	0.02651	0.01526	0.02008	0.01285	0.00723	0.00803	0.00241	0.00964	0.00723	0.00402	0.01285
9	0.02804	0.02378	0.02256	0.02146	0.10088	0.20452	0.01524	0.22913	0.02675	0.13537	0.02346	0.02405	0.05878	0.01188	0.03490	0.00279	0.01047	0.00759	0.00663	0.01171
10	0.02393	0.34024	0.02910	0.01405	0.01964	0.02299	0.01239	0.14173	0.02166	0.13028	0.06587	0.02465	0.01967	0.08855	0.01063	0.00275	0.00799	0.00713	0.00598	0.01078
11	0.02164	0.01507	0.01701	0.01528	0.01953	0.01642	0.01182	0.03733	0.42774	0.15371	0.03471	0.13879	0.02851	0.01314	0.00858	0.00279	0.00624	0.01121	0.00848	0.01202
12	0.01019	0.00719	0.00932	0.01091	0.01130	0.00680	0.00711	0.01138	0.01494	0.01991	0.04165	0.60417	0.04979	0.13608	0.01532	0.00403	0.00521	0.02126	0.00711	0.00632
13	0.01994	0.01530	0.02357	0.41594	0.11388	0.01750	0.01971	0.02743	0.10836	0.12746	0.02001	0.02366	0.01453	0.00874	0.00813	0.00265	0.00943	0.00765	0.00535	0.01077
14	0.01785	0.01689	0.02774	0.33950	0.32129	0.01896	0.02274	0.02410	0.06133	0.02417	0.01596	0.02142	0.01269	0.00813	0.00872	0.00261	0.03347	0.00735	0.00411	0.01097
15	0.01025	0.00754	0.00960	0.01058	0.01174	0.00690	0.00737	0.01236	0.01783	0.02386	0.20502	0.45563	0.14646	0.02250	0.01005	0.00303	0.00440	0.02010	0.00789	0.00690
16	0.01180	0.00787	0.00885	0.00885	0.00885	0.00787	0.00492	0.01180	0.01180	0.01573	0.02557	0.05310	0.02950	0.71483	0.04130	0.00787	0.00787	0.01180	0.00492	0.00492
17	0.02138	0.01857	0.02230	0.01959	0.06668	0.06690	0.08306	0.22871	0.08919	0.03510	0.12508	0.03604	0.12763	0.01202	0.00868	0.00254	0.00815	0.01026	0.00713	0.01096
18	0.02023	0.10470	0.02178	0.01759	0.07109	0.12390	0.01288	0.05791	0.14689	0.02655	0.02478	0.07188	0.06358	0.01019	0.00740	0.00214	0.00801	0.00817	0.00573	0.19459
19	0.05189	0.01972	0.02552	0.05721	0.24086	0.02133	0.01810	0.25455	0.14395	0.05419	0.02041	0.02178	0.01539	0.00899	0.00800	0.00250	0.00863	0.00754	0.00651	0.01291
20	0.04949	0.04994	0.07207	0.20725	0.14365	0.09203	0.01878	0.02772	0.06299	0.12806	0.03729	0.02426	0.01636	0.00905	0.00789	0.00252	0.00964	0.02466	0.00540	0.01095

[dist]
# distance from previous block
# <min> <max>
7	40

[block]
# block no. 6 follows, 23 sequences, length 11
# corresponding to MSA columns:
# 1929-1939
name=unknown_G
#
# <colnr> <probs for GDERKNQSTAVLIFYWHMCP>
#	G	D	E	R	K	N	Q	S	T	A	V	L	I	F	Y	W	H	M	C	P
0	0.31613	0.11773	0.02859	0.01982	0.02588	0.14060	0.19339	0.02608	0.01739	0.02802	0.01301	0.01596	0.01034	0.00740	0.00679	0.00239	0.01027	0.00605	0.00439	0.00975
1	0.01441	0.00903	0.01128	0.01029	0.01300	0.00804	0.00787	0.01770	0.02188	0.11686	0.42976	0.06048	0.21499	0.01669	0.00938	0.00259	0.00432	0.01440	0.00873	0.00829
2	0.01437	0.00908	0.01199	0.01170	0.01407	0.00884	0.00905	0.01705	0.01743	0.11038	0.10411	0.13574	0.18745	0.03264	0.22925	0.00619	0.01053	0.05515	0.00697	0.00802
3	0.01120	0.00842	0.01080	0.04824	0.01405	0.00798	0.00799	0.01417	0.01989	0.02709	0.39098	0.14923	0.16177	0.07737	0.01230	0.00314	0.00473	0.01556	0.00787	0.00722
4	0.01591	0.07145	0.15557	0.10770	0.02534	0.01403	0.04036	0.02080	0.01946	0.08066	0.21243	0.04106	0.13756	0.01254	0.00853	0.00255	0.00757	0.01069	0.00630	0.00948
5	0.05488	0.26512	0.22822	0.01835	0.02562	0.11443	0.01903	0.02727	0.07852	0.02348	0.01452	0.01654	0.01171	0.00835	0.00818	0.00231	0.06290	0.00565	0.00409	0.01080
6	0.07907	0.02034	0.21322	0.01582	0.02174	0.01347	0.04550	0.02049	0.01632	0.02614	0.06705	0.02585	0.01946	0.02170	0.17605	0.00496	0.01166	0.00748	0.11118	0.08248
7	0.08548	0.14639	0.14395	0.01850	0.02517	0.10067	0.05973	0.08361	0.17776	0.02930	0.04010	0.02106	0.01647	0.00888	0.00737	0.00241	0.00943	0.00693	0.00551	0.01129
8	0.07249	0.02914	0.28507	0.02017	0.02819	0.07503	0.06328	0.12919	0.03926	0.05596	0.01705	0.01958	0.01277	0.01323	0.07204	0.00346	0.01175	0.00668	0.00499	0.04067
9	0.01990	0.02376	0.20642	0.01802	0.02480	0.06140	0.06003	0.09721	0.02171	0.09358	0.13659	0.07930	0.02737	0.01097	0.00828	0.00245	0.00880	0.00933	0.00620	0.08389
10	0.02283	0.02033	0.02784	0.20368	0.09724	0.09666	0.12565	0.12489	0.06431	0.08771	0.03630	0.02258	0.01532	0.00870	0.00832	0.00255	0.01050	0.00783	0.00557	0.01119

[dist]
# distance from previous block
# <min> <max>
24	150

[block]
# block no. 7 follows, 23 sequences, length 18
# corresponding to MSA columns:
# 2118-2128,2130-2136
name=unknown_H
#
# <colnr> <probs for GDERKNQSTAVLIFYWHMCP>
#	G	D	E	R	K	N	Q	S	T	A	V	L	I	F	Y	W	H	M	C	P
0	0.06429	0.15606	0.05431	0.05214	0.02511	0.29738	0.05367	0.02621	0.01945	0.02215	0.01865	0.02067	0.06467	0.00869	0.00706	0.00211	0.01096	0.00637	0.00437	0.08566
1	0.35729	0.02094	0.11494	0.01399	0.01963	0.08572	0.01276	0.02395	0.04331	0.03011	0.05173	0.05435	0.01702	0.03407	0.00773	0.00258	0.00785	0.00676	0.00515	0.09014
2	0.01615	0.01437	0.01830	0.02148	0.17401	0.03959	0.01327	0.02332	0.13307	0.02858	0.21025	0.04310	0.12118	0.01280	0.00862	0.00248	0.00649	0.03125	0.00683	0.07486
3	0.01505	0.01270	0.01467	0.01148	0.01705	0.01018	0.00897	0.01927	0.04946	0.02622	0.07600	0.07397	0.11965	0.01051	0.00721	0.00175	0.00549	0.00881	0.00588	0.50568
4	0.02650	0.02048	0.02388	0.11822	0.05875	0.02262	0.01637	0.44092	0.07270	0.04287	0.01911	0.02036	0.01393	0.00923	0.00799	0.00242	0.00889	0.00725	0.00707	0.06044
5	0.01043	0.00772	0.00982	0.01094	0.01222	0.00711	0.00790	0.01260	0.01762	0.02321	0.14909	0.41999	0.17108	0.02277	0.01018	0.00312	0.00476	0.08478	0.00775	0.00690
6	0.01247	0.00977	0.01314	0.01552	0.08372	0.00922	0.01058	0.01532	0.01808	0.02391	0.12727	0.14819	0.17720	0.08562	0.01291	0.00348	0.00615	0.18983	0.00699	0.03065
7	0.01425	0.00774	0.00835	0.00820	0.01009	0.00759	0.00615	0.01804	0.01844	0.03080	0.17850	0.03754	0.03418	0.01117	0.00661	0.00205	0.00379	0.00927	0.57965	0.00759
8	0.01714	0.01620	0.02709	0.36598	0.29700	0.01828	0.02245	0.02206	0.01732	0.02365	0.05003	0.02297	0.01524	0.00851	0.00903	0.00262	0.04227	0.00762	0.00406	0.01048
9	0.00975	0.00809	0.00853	0.00871	0.01113	0.00687	0.00642	0.01184	0.01844	0.02247	0.11556	0.15179	0.55071	0.02087	0.00968	0.00279	0.00416	0.01767	0.00763	0.00687
10	0.06166	0.54747	0.03592	0.01364	0.02010	0.02763	0.01298	0.04581	0.01734	0.04569	0.01437	0.05228	0.01328	0.00814	0.00574	0.00188	0.00811	0.00565	0.00427	0.05803
11	0.01004	0.00717	0.00959	0.01148	0.01201	0.00672	0.00780	0.01157	0.01569	0.02089	0.04464	0.67949	0.05333	0.02528	0.01040	0.00332	0.00484	0.05159	0.00753	0.00663
12	0.02968	0.02502	0.02290	0.02024	0.06209	0.20904	0.01520	0.26419	0.10204	0.13682	0.02083	0.02069	0.01507	0.00940	0.00791	0.00238	0.00998	0.00706	0.00707	0.01238
13	0.01610	0.01521	0.02574	0.59001	0.15514	0.01823	0.02292	0.02141	0.01659	0.02167	0.01456	0.02138	0.01115	0.00797	0.00810	0.00266	0.01062	0.00721	0.00367	0.00964
14	0.00980	0.00740	0.00906	0.01039	0.01153	0.00667	0.00713	0.01140	0.01641	0.02107	0.05575	0.52371	0.23238	0.02399	0.01013	0.00313	0.00453	0.02132	0.00753	0.00667
15	0.05647	0.21054	0.02670	0.01534	0.02165	0.02034	0.05277	0.15143	0.02133	0.05144	0.01793	0.07924	0.01584	0.00906	0.00688	0.00200	0.00779	0.00725	0.00552	0.22047
16	0.01552	0.01336	0.01815	0.06204	0.07445	0.01544	0.01305	0.03955	0.01545	0.02224	0.02416	0.12261	0.05937	0.12749	0.01933	0.00368	0.22288	0.01049	0.04724	0.07351
17	0.01449	0.01311	0.01328	0.01209	0.01540	0.06633	0.03123	0.07040	0.05815	0.02542	0.08245	0.06193	0.40779	0.04549	0.01056	0.00292	0.00622	0.04742	0.00717	0.00816

[dist]
# distance from previous block
# <min> <max>
45	234

[block]
# block no. 8 follows, 23 sequences, length 6
# corresponding to MSA columns:
# 2456-2461
name=unknown_I
#
# <colnr> <probs for GDERKNQSTAVLIFYWHMCP>
#	G	D	E	R	K	N	Q	S	T	A	V	L	I	F	Y	W	H	M	C	P
0	0.11086	0.01616	0.05644	0.01662	0.06542	0.03319	0.01280	0.10243	0.03928	0.18985	0.03359	0.14291	0.09890	0.01353	0.00836	0.00269	0.00713	0.03183	0.00736	0.01066
1	0.16759	0.01686	0.01831	0.06508	0.05099	0.04042	0.01280	0.16432	0.09710	0.07347	0.08755	0.06478	0.02290	0.01053	0.00761	0.00246	0.00733	0.00842	0.00677	0.07473
2	0.01981	0.02155	0.10605	0.03784	0.40190	0.05099	0.06664	0.02486	0.01815	0.05583	0.01673	0.02141	0.01365	0.01408	0.09147	0.00376	0.01182	0.00738	0.00429	0.01179
3	0.01846	0.10498	0.02506	0.39514	0.04072	0.11085	0.01820	0.02274	0.01731	0.02143	0.01377	0.01874	0.01093	0.00763	0.00727	0.00223	0.01022	0.00615	0.00388	0.14431
4	0.01946	0.12595	0.26624	0.03359	0.31241	0.05591	0.02473	0.02550	0.01795	0.02483	0.01431	0.01774	0.01145	0.00742	0.00748	0.00236	0.01062	0.00627	0.00373	0.01202
5	0.01729	0.01561	0.02513	0.39842	0.04201	0.01817	0.09464	0.09296	0.01834	0.02421	0.01659	0.02556	0.01394	0.10678	0.01400	0.00344	0.05114	0.00815	0.00438	0.00924

[dist]
# distance from previous block
# <min> <max>
0	1

[block]
# block no. 9 follows, 23 sequences, length 11
# corresponding to MSA columns:
# 2463-2473
name=unknown_J
#
# <colnr> <probs for GDERKNQSTAVLIFYWHMCP>
#	G	D	E	R	K	N	Q	S	T	A	V	L	I	F	Y	W	H	M	C	P
0	0.01800	0.01665	0.03352	0.07750	0.05722	0.06960	0.01296	0.02545	0.14887	0.04481	0.02418	0.14568	0.02220	0.01117	0.00777	0.00225	0.00738	0.00953	0.00594	0.25933
1	0.02711	0.02105	0.02555	0.12041	0.11859	0.02332	0.01777	0.46316	0.03225	0.04333	0.01817	0.01987	0.01324	0.00916	0.00810	0.00247	0.00930	0.00728	0.00690	0.01298
2	0.04093	0.01991	0.10968	0.01839	0.07884	0.01778	0.01502	0.25981	0.05184	0.03775	0.05059	0.02434	0.01839	0.00947	0.00738	0.00232	0.00761	0.00753	0.21108	0.01132
3	0.05909	0.11688	0.02521	0.07775	0.02601	0.02241	0.01484	0.34518	0.02902	0.17429	0.02021	0.02024	0.01419	0.00918	0.00760	0.00238	0.00853	0.00695	0.00735	0.01270
4	0.02834	0.02165	0.02500	0.02253	0.11374	0.02331	0.01632	0.50744	0.03387	0.04593	0.01853	0.01937	0.01354	0.00912	0.00795	0.00234	0.00882	0.00711	0.00731	0.06777
5	0.04868	0.01396	0.01590	0.01354	0.01798	0.01401	0.01081	0.12086	0.13963	0.09099	0.18126	0.04124	0.08462	0.01280	0.00842	0.00248	0.00607	0.05321	0.00784	0.11573
6	0.02597	0.01851	0.02053	0.01682	0.02203	0.02014	0.01366	0.38958	0.11844	0.08830	0.06152	0.07706	0.02437	0.01230	0.00859	0.00264	0.00775	0.05117	0.00824	0.01238
7	0.02934	0.02225	0.02555	0.02302	0.11436	0.02434	0.01675	0.55171	0.03540	0.04770	0.01889	0.01957	0.01367	0.00939	0.00811	0.00243	0.00903	0.00729	0.00754	0.01367
8	0.01677	0.11061	0.01963	0.04607	0.01901	0.01510	0.03692	0.10601	0.01956	0.05156	0.06551	0.33360	0.03527	0.04159	0.01088	0.00300	0.03872	0.01468	0.00663	0.00885
9	0.05035	0.07205	0.02113	0.01552	0.02090	0.05009	0.01260	0.33054	0.02755	0.03778	0.02143	0.11487	0.01890	0.01102	0.00762	0.00228	0.00778	0.00873	0.04900	0.11986
10	0.01986	0.01578	0.01975	0.02029	0.10953	0.01737	0.01402	0.12008	0.24836	0.05572	0.02478	0.02722	0.01967	0.02423	0.19915	0.00552	0.01159	0.00833	0.00651	0.03224

[dist]
# distance from previous block
# <min> <max>
18	98

[block]
# block no. 10 follows, 23 sequences, length 17
# corresponding to MSA columns:
# 2607-2623
name=unknown_K
#
# <colnr> <probs for GDERKNQSTAVLIFYWHMCP>
#	G	D	E	R	K	N	Q	S	T	A	V	L	I	F	Y	W	H	M	C	P
0	0.05841	0.09668	0.02517	0.10169	0.02718	0.07810	0.08666	0.14361	0.05133	0.05968	0.01872	0.04359	0.01530	0.04019	0.00898	0.00254	0.00915	0.00751	0.04109	0.08441
1	0.12677	0.02268	0.04985	0.01660	0.02188	0.15443	0.01371	0.20149	0.07837	0.03361	0.02056	0.07154	0.01785	0.01066	0.00765	0.00242	0.00897	0.04412	0.00625	0.09062
2	0.05573	0.05117	0.09002	0.01645	0.04897	0.01715	0.01397	0.23130	0.02464	0.03464	0.05405	0.06144	0.09849	0.01211	0.00801	0.00248	0.00749	0.05168	0.07753	0.04269
3	0.02328	0.02311	0.13520	0.05090	0.03077	0.01991	0.16842	0.19615	0.10444	0.10014	0.04924	0.02381	0.01756	0.00912	0.00849	0.00260	0.00992	0.00829	0.00642	0.01221
4	0.01822	0.01715	0.02467	0.01977	0.02430	0.09076	0.21122	0.05992	0.01983	0.06376	0.03543	0.17493	0.14069	0.04794	0.01083	0.00299	0.00919	0.01312	0.00610	0.00918
5	0.02055	0.05213	0.05015	0.06685	0.08070	0.07549	0.01482	0.13058	0.13673	0.03029	0.02589	0.02866	0.07362	0.01015	0.00777	0.00232	0.00821	0.03061	0.02661	0.12788
6	0.04619	0.31770	0.05363	0.01873	0.02476	0.16086	0.11070	0.06237	0.01941	0.02318	0.01609	0.08078	0.01494	0.00917	0.00706	0.00220	0.01035	0.00733	0.00443	0.01013
7	0.01831	0.01024	0.01410	0.01276	0.01574	0.00929	0.03905	0.02080	0.01872	0.20161	0.09440	0.19890	0.12970	0.10597	0.01354	0.00353	0.00625	0.07046	0.00784	0.00880
8	0.01833	0.01585	0.02477	0.07822	0.02783	0.01368	0.16101	0.02274	0.01773	0.07125	0.01750	0.05002	0.01441	0.00754	0.00740	0.00189	0.00828	0.00722	0.00502	0.42933
9	0.01758	0.01611	0.01690	0.01276	0.01928	0.07022	0.01002	0.02092	0.01729	0.02549	0.01617	0.06050	0.01452	0.00745	0.00640	0.00141	0.00669	0.00600	0.00492	0.64934
10	0.02018	0.01743	0.01835	0.01651	0.02110	0.02018	0.01284	0.04312	0.64956	0.03394	0.03303	0.03027	0.02477	0.01101	0.00826	0.00275	0.00642	0.00917	0.00826	0.01284
11	0.03031	0.03867	0.02299	0.02090	0.02508	0.68226	0.01568	0.03240	0.02299	0.01986	0.01254	0.01463	0.01045	0.00836	0.00732	0.00209	0.01463	0.00523	0.00418	0.00941
12	0.01775	0.01775	0.02485	0.02130	0.02130	0.02485	0.01775	0.01953	0.01243	0.01953	0.01065	0.01775	0.01065	0.01420	0.02663	0.00355	0.69998	0.00710	0.00355	0.00888
13	0.01825	0.28862	0.44342	0.01976	0.02992	0.02367	0.02412	0.02519	0.01690	0.02329	0.01337	0.01563	0.01033	0.00743	0.00680	0.00227	0.01079	0.00539	0.00344	0.01142
14	0.01532	0.01442	0.02434	0.69533	0.05589	0.01803	0.02253	0.02073	0.01622	0.02073	0.01442	0.02163	0.01082	0.00811	0.00811	0.00270	0.01082	0.00721	0.00361	0.00901
15	0.01552	0.07120	0.37393	0.02266	0.08478	0.01673	0.05978	0.02196	0.01694	0.02414	0.02207	0.19031	0.02147	0.01199	0.00836	0.00270	0.00987	0.01049	0.00455	0.01056
16	0.09191	0.11935	0.33476	0.02019	0.05743	0.02024	0.02130	0.10953	0.01984	0.05525	0.01739	0.06627	0.01424	0.00920	0.00741	0.00248	0.00976	0.00717	0.00482	0.01146

[dist]
# distance from previous block
# <min> <max>
0	129

[block]
# block no. 11 follows, 23 sequences, length 15
# corresponding to MSA columns:
# 2779-2793
name=unknown_L
#
# <colnr> <probs for GDERKNQSTAVLIFYWHMCP>
#	G	D	E	R	K	N	Q	S	T	A	V	L	I	F	Y	W	H	M	C	P
0	0.01720	0.01392	0.01672	0.01287	0.01878	0.01176	0.02846	0.05089	0.06655	0.05297	0.06828	0.04963	0.09193	0.00968	0.00724	0.00180	0.00605	0.00813	0.00607	0.46105
1	0.01929	0.01956	0.03566	0.03166	0.16689	0.01924	0.31537	0.05531	0.07367	0.02753	0.02058	0.02432	0.04554	0.00838	0.00958	0.00258	0.04259	0.00883	0.00483	0.06859
2	0.01597	0.01522	0.02600	0.48056	0.11429	0.01794	0.06782	0.02107	0.01699	0.02261	0.06572	0.02435	0.01636	0.00897	0.00946	0.00271	0.05240	0.00798	0.00411	0.00945
3	0.01335	0.01382	0.07946	0.06665	0.04493	0.01142	0.05002	0.01900	0.05826	0.02926	0.38327	0.04963	0.12007	0.01423	0.00914	0.00260	0.00616	0.01261	0.00732	0.00880
4	0.01166	0.00841	0.01163	0.01163	0.01259	0.00938	0.00838	0.01358	0.01262	0.01779	0.02303	0.03903	0.02339	0.28134	0.46644	0.01130	0.01706	0.00974	0.00454	0.00646
5	0.01274	0.01021	0.01470	0.06746	0.01764	0.01216	0.01114	0.01538	0.01415	0.02018	0.09196	0.03538	0.02586	0.13765	0.37398	0.00902	0.10881	0.00947	0.00478	0.00732
6	0.03085	0.02273	0.02435	0.01867	0.02516	0.02516	0.01542	0.63716	0.03815	0.05114	0.01948	0.01948	0.01380	0.00974	0.00812	0.00244	0.00893	0.00731	0.00812	0.01380
7	0.01308	0.01108	0.01383	0.01367	0.01533	0.06362	0.01058	0.01591	0.01383	0.01892	0.02100	0.03051	0.01950	0.05668	0.62894	0.01217	0.02117	0.00842	0.00433	0.00742
8	0.01180	0.00787	0.00885	0.00885	0.00885	0.00787	0.00492	0.01180	0.01180	0.01573	0.02557	0.05310	0.02950	0.71483	0.04130	0.00787	0.00787	0.01180	0.00492	0.00492
9	0.01736	0.06013	0.39819	0.02036	0.02878	0.10749	0.04187	0.02398	0.01741	0.02336	0.01936	0.02270	0.05063	0.01677	0.11271	0.00412	0.01332	0.00702	0.00394	0.01050
10	0.01740	0.05915	0.06783	0.20006	0.06304	0.01671	0.08456	0.07008	0.01912	0.02630	0.05122	0.02560	0.06411	0.00880	0.00774	0.00223	0.00885	0.00775	0.00487	0.19458
11	0.01970	0.11095	0.06198	0.02395	0.07104	0.09351	0.21801	0.02553	0.05701	0.02474	0.01810	0.04602	0.01562	0.00860	0.00798	0.00231	0.01040	0.03736	0.00465	0.14254
12	0.02132	0.21403	0.18710	0.06297	0.02722	0.15824	0.01819	0.07155	0.01959	0.02410	0.01542	0.05716	0.01337	0.00874	0.00704	0.00218	0.01043	0.00650	0.00432	0.07053
13	0.08085	0.17859	0.32183	0.06424	0.02985	0.11383	0.02157	0.02670	0.04801	0.02444	0.01421	0.01653	0.01095	0.00781	0.00696	0.00234	0.01085	0.00565	0.00392	0.01088
14	0.05043	0.14714	0.07349	0.01543	0.02063	0.04394	0.05398	0.02368	0.04429	0.09873	0.13120	0.06393	0.07051	0.01144	0.00890	0.00239	0.04973	0.00924	0.00607	0.07486

[dist]
# distance from previous block
# <min> <max>
2	18

[block]
# block no. 12 follows, 23 sequences, length 39
# corresponding to MSA columns:
# 2812-2850
name=unknown_M
#
# <colnr> <probs for GDERKNQSTAVLIFYWHMCP>
#	G	D	E	R	K	N	Q	S	T	A	V	L	I	F	Y	W	H	M	C	P
0	0.03340	0.06384	0.02381	0.01666	0.02321	0.01432	0.08345	0.03693	0.02229	0.55076	0.02878	0.02595	0.01852	0.00946	0.00812	0.00248	0.00780	0.00806	0.00891	0.01324
1	0.01829	0.06882	0.10277	0.03667	0.42113	0.01829	0.02147	0.02390	0.04256	0.02641	0.07733	0.02713	0.06202	0.00913	0.00805	0.00243	0.00883	0.00829	0.00474	0.01172
2	0.01678	0.01638	0.02868	0.46996	0.09267	0.01876	0.13313	0.02397	0.07316	0.02326	0.01650	0.02234	0.01247	0.00808	0.00839	0.00269	0.01086	0.00782	0.00414	0.00997
3	0.01314	0.01001	0.01345	0.11883	0.02018	0.01050	0.01078	0.08451	0.01824	0.02420	0.03710	0.52315	0.04241	0.02092	0.00975	0.00310	0.00614	0.01879	0.00699	0.00779
4	0.01891	0.01788	0.03024	0.04539	0.58943	0.01782	0.02291	0.02334	0.01814	0.02584	0.01864	0.09911	0.01753	0.00931	0.00830	0.00251	0.00907	0.00905	0.00442	0.01214
5	0.01889	0.01938	0.02565	0.02454	0.09526	0.06995	0.01843	0.02104	0.01386	0.02035	0.01131	0.01780	0.01089	0.01300	0.02315	0.00332	0.57317	0.00699	0.00365	0.00937
6	0.12551	0.01543	0.01685	0.01458	0.01898	0.04207	0.01161	0.17975	0.02360	0.20322	0.02904	0.18589	0.02637	0.01405	0.00843	0.00275	0.00718	0.05601	0.00787	0.01080
7	0.03641	0.01381	0.01883	0.01444	0.02071	0.01193	0.01193	0.03954	0.02322	0.66984	0.03201	0.02762	0.02009	0.01004	0.00816	0.00251	0.00690	0.00816	0.01004	0.01381
8	0.02169	0.71972	0.04252	0.01388	0.02083	0.03211	0.01388	0.02430	0.01649	0.01909	0.01128	0.01302	0.01041	0.00694	0.00521	0.00174	0.00868	0.00434	0.00347	0.01041
9	0.04807	0.02600	0.19095	0.19365	0.24225	0.09486	0.04156	0.02495	0.01795	0.02451	0.01445	0.01887	0.01126	0.00769	0.00782	0.00250	0.01108	0.00664	0.00383	0.01110
10	0.01627	0.04197	0.67279	0.02313	0.03512	0.01884	0.02998	0.02570	0.01713	0.02570	0.01456	0.01713	0.01028	0.00771	0.00771	0.00257	0.01199	0.00600	0.00343	0.01199
11	0.04586	0.01700	0.02455	0.17612	0.09990	0.04441	0.11228	0.07018	0.10766	0.06514	0.02209	0.02503	0.03267	0.00896	0.00792	0.00251	0.00901	0.00805	0.11003	0.01063
12	0.02192	0.40900	0.20568	0.01768	0.02543	0.15387	0.01849	0.02623	0.01791	0.02099	0.01239	0.01442	0.01039	0.00742	0.00628	0.00202	0.01070	0.00495	0.00360	0.01064
13	0.01423	0.06543	0.02031	0.01620	0.01904	0.01405	0.10445	0.01924	0.08628	0.02402	0.09924	0.30078	0.07987	0.01729	0.01110	0.00294	0.07518	0.01525	0.00654	0.00858
14	0.01686	0.01409	0.01520	0.01432	0.01764	0.01573	0.01072	0.03245	0.43558	0.02913	0.03795	0.15590	0.07583	0.07675	0.01166	0.00330	0.00608	0.01243	0.00778	0.01060
15	0.03199	0.01866	0.02098	0.01953	0.09194	0.11813	0.01403	0.03719	0.08727	0.43239	0.02724	0.02504	0.01827	0.00957	0.00802	0.00246	0.00836	0.00771	0.00828	0.01292
16	0.01915	0.02189	0.04788	0.03420	0.04241	0.02052	0.63475	0.02599	0.01915	0.02599	0.01642	0.02189	0.01231	0.00684	0.00958	0.00274	0.01368	0.00958	0.00410	0.01094
17	0.29838	0.01204	0.01182	0.01045	0.01427	0.01267	0.00833	0.04166	0.01829	0.12577	0.12024	0.02796	0.02474	0.00995	0.00647	0.00233	0.00532	0.00758	0.23262	0.00912
18	0.01452	0.00991	0.01297	0.01370	0.01600	0.00982	0.01132	0.01957	0.07513	0.06889	0.11451	0.14890	0.08230	0.02014	0.01036	0.00332	0.00641	0.34606	0.00789	0.00826
19	0.01185	0.01008	0.01716	0.01597	0.01802	0.00945	0.13158	0.01442	0.01638	0.02190	0.03906	0.54853	0.04522	0.02163	0.01024	0.00320	0.00659	0.04437	0.00685	0.00749
20	0.01159	0.00869	0.01304	0.01304	0.01449	0.01014	0.01014	0.01449	0.01304	0.01884	0.02173	0.03188	0.02029	0.06086	0.68268	0.01304	0.02173	0.00869	0.00435	0.00724
21	0.00989	0.00706	0.00942	0.01130	0.01177	0.00659	0.00753	0.01130	0.01554	0.02071	0.04472	0.70954	0.05367	0.02542	0.01036	0.00330	0.00471	0.02307	0.00753	0.00659
22	0.01627	0.04197	0.67279	0.02313	0.03512	0.01884	0.02998	0.02570	0.01713	0.02570	0.01456	0.01713	0.01028	0.00771	0.00771	0.00257	0.01199	0.00600	0.00343	0.01199
23	0.11229	0.01400	0.01812	0.01405	0.02020	0.01257	0.01160	0.03793	0.02225	0.60450	0.02988	0.02613	0.01892	0.00978	0.00784	0.00251	0.00684	0.00777	0.00953	0.01329
24	0.01706	0.01027	0.01291	0.01132	0.01443	0.00954	0.00879	0.06248	0.02356	0.14637	0.43708	0.05386	0.12910	0.01540	0.00922	0.00256	0.00476	0.01328	0.00891	0.00909
25	0.01124	0.00845	0.01060	0.01179	0.01312	0.00821	0.00851	0.01506	0.07301	0.02322	0.08866	0.46967	0.11447	0.02270	0.01014	0.00319	0.00506	0.08789	0.00768	0.00735
26	0.01186	0.00839	0.01151	0.01151	0.01257	0.00934	0.00838	0.01397	0.01291	0.01860	0.02311	0.03791	0.02297	0.24662	0.45844	0.01090	0.01669	0.00952	0.04818	0.00659
27	0.01180	0.00787	0.00885	0.00885	0.00885	0.00787	0.00492	0.01180	0.01180	0.01573	0.02557	0.05310	0.02950	0.71483	0.04130	0.00787	0.00787	0.01180	0.00492	0.00492
28	0.00981	0.00736	0.00910	0.01050	0.01156	0.00666	0.00718	0.01139	0.01631	0.02103	0.05449	0.54499	0.21191	0.02415	0.01016	0.00315	0.00455	0.02152	0.00753	0.00666
29	0.00989	0.00706	0.00942	0.01130	0.01177	0.00659	0.00753	0.01130	0.01554	0.02071	0.04472	0.70954	0.05367	0.02542	0.01036	0.00330	0.00471	0.02307	0.00753	0.00659
30	0.02185	0.01826	0.01928	0.01685	0.02173	0.02096	0.01325	0.13576	0.55420	0.03663	0.03091	0.02859	0.02306	0.01081	0.00823	0.00270	0.00681	0.00888	0.00823	0.01299
31	0.77215	0.01569	0.01193	0.01067	0.01569	0.01820	0.00879	0.02385	0.01381	0.03641	0.01130	0.01318	0.00879	0.00753	0.00502	0.00251	0.00628	0.00439	0.00502	0.00879
32	0.02591	0.07571	0.02479	0.01934	0.02381	0.23693	0.07827	0.02895	0.02015	0.17124	0.02095	0.02802	0.01739	0.01255	0.03346	0.00296	0.08758	0.07589	0.00579	0.01030
33	0.03017	0.01475	0.01840	0.01482	0.02035	0.01432	0.01200	0.07977	0.16467	0.42762	0.08713	0.03058	0.02571	0.01082	0.00830	0.00256	0.00666	0.00891	0.00941	0.01305
34	0.01253	0.00905	0.01238	0.01411	0.01592	0.00891	0.01206	0.01593	0.01839	0.02379	0.04608	0.14540	0.09363	0.02254	0.01101	0.00362	0.00697	0.51284	0.00748	0.00735
35	0.01664	0.03652	0.54786	0.02144	0.03169	0.01792	0.02631	0.07015	0.01853	0.02704	0.01839	0.09668	0.01552	0.00989	0.00804	0.00264	0.01093	0.00805	0.00425	0.01151
36	0.02355	0.01863	0.02476	0.10296	0.02875	0.04379	0.10173	0.21638	0.09669	0.10030	0.02320	0.09611	0.01911	0.01123	0.00972	0.00270	0.05270	0.00952	0.00672	0.01145
37	0.02058	0.26275	0.19261	0.01940	0.02612	0.02464	0.06028	0.05356	0.04144	0.06051	0.01470	0.01738	0.01181	0.00906	0.01090	0.00249	0.15029	0.00620	0.00429	0.01097
38	0.02119	0.01747	0.02131	0.15824	0.02904	0.01854	0.01491	0.20941	0.09542	0.03317	0.01787	0.02023	0.01369	0.00862	0.00852	0.00220	0.04761	0.00670	0.00588	0.25000

[dist]
# distance from previous block
# <min> <max>
0	3

[block]
# block no. 13 follows, 23 sequences, length 27
# corresponding to MSA columns:
# 2854-2875,2879-2883
name=unknown_N
#
# <colnr> <probs for GDERKNQSTAVLIFYWHMCP>
#	G	D	E	R	K	N	Q	S	T	A	V	L	I	F	Y	W	H	M	C	P
0	0.02469	0.02050	0.02192	0.01985	0.06998	0.05199	0.01476	0.27241	0.31506	0.03922	0.02488	0.02415	0.01854	0.00995	0.00807	0.00252	0.00800	0.00798	0.00759	0.03794
1	0.01822	0.09907	0.39696	0.02136	0.06023	0.01923	0.02328	0.02475	0.01722	0.07642	0.02109	0.02305	0.06730	0.00963	0.00979	0.00260	0.08705	0.00715	0.00437	0.01124
2	0.14630	0.09966	0.02644	0.14640	0.24262	0.08331	0.01831	0.02666	0.08776	0.02650	0.01571	0.01901	0.01263	0.00793	0.00718	0.00241	0.00929	0.00645	0.00454	0.01089
3	0.02924	0.01441	0.01805	0.01448	0.02002	0.01370	0.01170	0.06639	0.14728	0.41178	0.09750	0.03068	0.02628	0.01070	0.00821	0.00249	0.00654	0.00883	0.00920	0.05248
4	0.03323	0.01567	0.01954	0.01502	0.02120	0.01482	0.01237	0.17973	0.02620	0.46461	0.02798	0.02531	0.01826	0.00976	0.00794	0.00241	0.00720	0.00778	0.04315	0.04781
5	0.01444	0.00945	0.01231	0.01160	0.01231	0.01037	0.00805	0.01499	0.01277	0.06314	0.02235	0.04020	0.02327	0.38789	0.15400	0.09453	0.08731	0.00990	0.00487	0.00626
6	0.01883	0.01636	0.01889	0.12975	0.02637	0.01905	0.01414	0.03765	0.50478	0.03165	0.06869	0.03070	0.02564	0.01087	0.00831	0.00273	0.00700	0.00919	0.00752	0.01188
7	0.01308	0.00934	0.01308	0.01494	0.01681	0.00934	0.01308	0.01681	0.01868	0.02428	0.04296	0.09153	0.04670	0.02242	0.01121	0.00374	0.00747	0.60960	0.00747	0.00747
8	0.01163	0.00854	0.01227	0.01227	0.01345	0.00972	0.00918	0.01399	0.01281	0.01826	0.02244	0.03580	0.02199	0.18163	0.56423	0.01209	0.01917	0.00927	0.00445	0.00681
9	0.02070	0.02091	0.03089	0.11717	0.52654	0.09295	0.02362	0.02528	0.01873	0.02514	0.01487	0.01965	0.01236	0.00745	0.00796	0.00241	0.01032	0.00700	0.00399	0.01205
10	0.02169	0.71972	0.04252	0.01388	0.02083	0.03211	0.01388	0.02430	0.01649	0.01909	0.01128	0.01302	0.01041	0.00694	0.00521	0.00174	0.00868	0.00434	0.00347	0.01041
11	0.02018	0.01743	0.01835	0.01651	0.02110	0.02018	0.01284	0.04312	0.64956	0.03394	0.03303	0.03027	0.02477	0.01101	0.00826	0.00275	0.00642	0.00917	0.00826	0.01284
12	0.00989	0.00706	0.00942	0.01130	0.01177	0.00659	0.00753	0.01130	0.01554	0.02071	0.04472	0.70954	0.05367	0.02542	0.01036	0.00330	0.00471	0.02307	0.00753	0.00659
13	0.02707	0.02239	0.02429	0.01915	0.02455	0.09353	0.06007	0.41489	0.03128	0.04149	0.05200	0.02180	0.01681	0.01004	0.00939	0.00247	0.05855	0.00764	0.05049	0.01208
14	0.00984	0.00726	0.00922	0.01078	0.01163	0.00663	0.00730	0.01136	0.01603	0.02092	0.05100	0.60384	0.15532	0.02461	0.01023	0.00320	0.00461	0.02207	0.00753	0.00663
15	0.00959	0.00822	0.00822	0.00822	0.01096	0.00685	0.00617	0.01165	0.01850	0.02192	0.08220	0.07809	0.66092	0.02055	0.00959	0.00274	0.00411	0.01713	0.00754	0.00685
16	0.02046	0.02031	0.03160	0.09498	0.57417	0.06642	0.02407	0.02513	0.01863	0.02561	0.01501	0.01981	0.01253	0.00738	0.00799	0.00241	0.01008	0.00709	0.00400	0.01233
17	0.01167	0.00839	0.01148	0.01148	0.01239	0.00930	0.00820	0.01349	0.01258	0.01768	0.02316	0.03978	0.02371	0.30424	0.44399	0.01112	0.01657	0.00985	0.00456	0.00638
18	0.00980	0.00823	0.00851	0.00844	0.01109	0.00694	0.00633	0.01205	0.01899	0.02310	0.14652	0.07614	0.59587	0.02011	0.00959	0.00272	0.00408	0.01685	0.00769	0.00694
19	0.02879	0.01975	0.02174	0.01736	0.02328	0.02155	0.01411	0.37061	0.20703	0.14988	0.02538	0.02387	0.01793	0.01015	0.00816	0.00254	0.00789	0.00797	0.00848	0.01353
20	0.02731	0.02292	0.02562	0.02015	0.02624	0.08023	0.08387	0.39516	0.16015	0.04212	0.02132	0.02155	0.01560	0.00956	0.00824	0.00250	0.00943	0.00776	0.00736	0.01291
21	0.01951	0.01887	0.03272	0.12090	0.56556	0.01920	0.05497	0.02449	0.01826	0.02584	0.01523	0.02035	0.01260	0.00731	0.00812	0.00246	0.00997	0.00734	0.00398	0.01233
22	0.01151	0.00791	0.00877	0.00877	0.00913	0.00773	0.00508	0.01178	0.01269	0.01656	0.03310	0.05643	0.11354	0.62242	0.03708	0.00718	0.00737	0.01251	0.00527	0.00517
23	0.01876	0.01886	0.02895	0.29280	0.27777	0.07217	0.07468	0.02368	0.01791	0.02369	0.01476	0.02016	0.01177	0.00754	0.00799	0.00244	0.01059	0.00709	0.00393	0.06447
24	0.02659	0.02154	0.02396	0.01879	0.02448	0.06287	0.04727	0.41922	0.04753	0.04117	0.01846	0.02016	0.01393	0.01315	0.05718	0.00316	0.05289	0.00723	0.00685	0.07357
25	0.01699	0.01770	0.03413	0.02609	0.03134	0.01782	0.37193	0.02344	0.07190	0.02478	0.02361	0.17746	0.02254	0.01220	0.01151	0.00295	0.08621	0.01232	0.00518	0.00990
26	0.05228	0.02075	0.08835	0.02948	0.10413	0.01830	0.35607	0.02379	0.01846	0.02663	0.07187	0.04551	0.01880	0.00870	0.00966	0.00264	0.04218	0.00930	0.00462	0.04849

[dist]
# distance from previous block
# <min> <max>
1	9

[block]
# block no. 14 follows, 23 sequences, length 45
# corresponding to MSA columns:
# 2893-2937
name=unknown_O
#
# <colnr> <probs for GDERKNQSTAVLIFYWHMCP>
#	G	D	E	R	K	N	Q	S	T	A	V	L	I	F	Y	W	H	M	C	P
