[name]
unknown

[dist]
# distance from previous block
# <min> <max>
0	70

[block]
# block no. 0 follows, 32 sequences, length 28
# corresponding to MSA columns:
# 81-108
name=unknown_A
#
# <colnr> <probs for GDERKNQSTAVLIFYWHMCP>
#	G	D	E	R	K	N	Q	S	T	A	V	L	I	F	Y	W	H	M	C	P
0	0.01603	0.01165	0.01412	0.01345	0.01635	0.01237	0.01150	0.25746	0.02116	0.02796	0.02863	0.05454	0.02896	0.01481	0.00836	0.00271	0.00661	0.43891	0.00637	0.00804
1	0.01279	0.01058	0.01655	0.02250	0.26527	0.01057	0.01414	0.01613	0.01531	0.02064	0.02744	0.07621	0.02886	0.01416	0.00831	0.00269	0.00674	0.41821	0.00517	0.00774
2	0.02139	0.42293	0.02809	0.01351	0.01887	0.10100	0.01209	0.26217	0.02057	0.02526	0.01185	0.01281	0.00961	0.00669	0.00535	0.00167	0.00778	0.00454	0.00430	0.00952
3	0.01708	0.28301	0.03005	0.03064	0.47201	0.01971	0.01736	0.02041	0.01469	0.01974	0.01145	0.01453	0.00991	0.00589	0.00581	0.00179	0.00769	0.00513	0.00316	0.00991
4	0.02113	0.02108	0.01841	0.07894	0.06045	0.27268	0.01295	0.15408	0.20906	0.03934	0.01669	0.01754	0.01276	0.00807	0.00697	0.02106	0.00859	0.00585	0.00503	0.00933
5	0.01977	0.01696	0.02472	0.03204	0.47329	0.01767	0.01781	0.26177	0.02105	0.02915	0.01386	0.01643	0.01091	0.00672	0.00667	0.00200	0.00776	0.00600	0.00453	0.01091
6	0.00920	0.00627	0.00748	0.00804	0.00818	0.00613	0.00483	0.00961	0.01085	0.01447	0.02677	0.29806	0.03149	0.50036	0.02507	0.00516	0.00558	0.01307	0.00483	0.00456
7	0.00964	0.00676	0.00853	0.00853	0.00903	0.00715	0.00563	0.01054	0.01030	0.01409	0.02153	0.03835	0.04410	0.48668	0.28304	0.00789	0.01048	0.00899	0.00397	0.00480
8	0.01966	0.01175	0.01450	0.01065	0.01634	0.00927	0.00863	0.02251	0.01579	0.27219	0.01709	0.01708	0.01231	0.00615	0.00560	0.00138	0.00523	0.00496	0.00551	0.52341
9	0.00818	0.00584	0.00779	0.00934	0.00973	0.00545	0.00623	0.00934	0.01285	0.01713	0.03698	0.75981	0.04438	0.02102	0.00856	0.00273	0.00389	0.01908	0.00623	0.00545
10	0.02112	0.01632	0.01763	0.01444	0.01892	0.01836	0.01165	0.40965	0.27083	0.03512	0.02023	0.02009	0.01506	0.01177	0.06463	0.00280	0.00749	0.00668	0.00651	0.01070
11	0.01117	0.00813	0.01071	0.01114	0.01294	0.00811	0.00929	0.04250	0.04381	0.02372	0.27698	0.06223	0.04557	0.01604	0.00859	0.00267	0.00513	0.38799	0.00665	0.00662
12	0.01021	0.00800	0.00996	0.00955	0.01192	0.00669	0.00684	0.01202	0.01323	0.01881	0.02809	0.49501	0.03215	0.01532	0.00729	0.00211	0.00427	0.01371	0.00543	0.28937
13	0.01982	0.01456	0.01617	0.01295	0.01698	0.01567	0.01047	0.45596	0.02709	0.03683	0.26557	0.02818	0.02984	0.01007	0.00714	0.00205	0.00589	0.00820	0.00695	0.00961
14	0.05105	0.01402	0.01467	0.01199	0.01611	0.01494	0.00968	0.38546	0.06730	0.03232	0.03494	0.03366	0.26322	0.01122	0.00705	0.00212	0.00575	0.00892	0.00644	0.00915
15	0.00970	0.00675	0.00855	0.00855	0.00897	0.00717	0.00560	0.01055	0.01012	0.01392	0.02002	0.03768	0.02169	0.51076	0.28388	0.00802	0.01058	0.00885	0.00390	0.00475
16	0.02612	0.01536	0.01771	0.01385	0.01894	0.01602	0.01135	0.35370	0.11653	0.30555	0.02160	0.01990	0.01462	0.00829	0.00674	0.00207	0.00646	0.00652	0.00734	0.01131
17	0.00903	0.00650	0.00855	0.00876	0.00992	0.00602	0.00629	0.01148	0.01681	0.02344	0.47674	0.30207	0.05659	0.01631	0.00814	0.00233	0.00342	0.01460	0.00698	0.00602
18	0.01108	0.00977	0.01574	0.48581	0.03326	0.01155	0.01423	0.01437	0.01321	0.01714	0.02082	0.28128	0.02152	0.01179	0.00737	0.00241	0.00715	0.01062	0.00413	0.00674
19	0.01298	0.00671	0.00676	0.00659	0.00829	0.00678	0.00498	0.04047	0.01471	0.02564	0.02168	0.02469	0.01699	0.00783	0.00476	0.00158	0.00328	0.00625	0.77260	0.00644
20	0.01604	0.00811	0.00998	0.00934	0.01161	0.00768	0.00703	0.05537	0.01602	0.19985	0.04628	0.28549	0.02758	0.01279	0.00678	0.00214	0.00428	0.01107	0.25497	0.00755
21	0.00874	0.00608	0.00762	0.00862	0.00888	0.00582	0.00546	0.00949	0.01175	0.01567	0.03136	0.50566	0.03728	0.28485	0.01765	0.00407	0.00482	0.01577	0.00546	0.00496
22	0.00967	0.00684	0.00899	0.00899	0.00957	0.00742	0.00616	0.01083	0.01025	0.01425	0.01961	0.03542	0.02071	0.41903	0.37428	0.00857	0.01205	0.00852	0.00384	0.00500
23	0.01179	0.01011	0.01139	0.00882	0.01347	0.00778	0.00694	0.01432	0.01440	0.02054	0.03182	0.03190	0.26188	0.00924	0.00602	0.00145	0.00441	0.00759	0.00478	0.52136
24	0.00809	0.00618	0.00743	0.00844	0.00949	0.00553	0.00583	0.00944	0.01372	0.01748	0.04798	0.51300	0.28409	0.01959	0.00834	0.00256	0.00372	0.01733	0.00623	0.00553
25	0.01382	0.01183	0.01234	0.01127	0.01456	0.01289	0.00872	0.04473	0.44480	0.02493	0.04144	0.03883	0.26843	0.01188	0.00722	0.00227	0.00469	0.00988	0.00661	0.00888
26	0.00866	0.00662	0.00794	0.00805	0.00962	0.00591	0.00587	0.01088	0.01637	0.02170	0.34190	0.20707	0.29225	0.01644	0.00806	0.00230	0.00340	0.01434	0.00673	0.00591
27	0.01426	0.01106	0.01166	0.00996	0.01329	0.01108	0.00789	0.25488	0.02128	0.02723	0.08837	0.04651	0.42906	0.01362	0.00750	0.00217	0.00480	0.01116	0.00647	0.00774

[dist]
# distance from previous block
# <min> <max>
0	3

[block]
# block no. 1 follows, 32 sequences, length 60
# corresponding to MSA columns:
# 112-118,122-174
name=unknown_B
#
# <colnr> <probs for GDERKNQSTAVLIFYWHMCP>
#	G	D	E	R	K	N	Q	S	T	A	V	L	I	F	Y	W	H	M	C	P
0	0.00827	0.00598	0.00766	0.00896	0.00949	0.00555	0.00596	0.00940	0.01283	0.01691	0.03860	0.64214	0.10428	0.07716	0.01045	0.00297	0.00405	0.01792	0.00606	0.00536
1	0.01524	0.01724	0.03710	0.02665	0.03309	0.01611	0.64528	0.02059	0.01580	0.02124	0.01771	0.02163	0.06412	0.00652	0.00792	0.00226	0.01071	0.00839	0.00361	0.00879
2	0.00917	0.00674	0.00803	0.00782	0.00955	0.00607	0.00582	0.01178	0.01716	0.02355	0.42980	0.09027	0.26035	0.01466	0.00771	0.00215	0.00327	0.01268	0.06734	0.00607
3	0.01524	0.01724	0.03710	0.02665	0.03309	0.01611	0.64528	0.02059	0.01580	0.02124	0.01771	0.02163	0.06412	0.00652	0.00792	0.00226	0.01071	0.00839	0.00361	0.00879
4	0.01339	0.01249	0.02081	0.28612	0.22666	0.01408	0.05422	0.01682	0.01333	0.01826	0.01489	0.07603	0.01377	0.06307	0.05964	0.00314	0.07447	0.00741	0.00346	0.00795
5	0.01528	0.01503	0.02423	0.11909	0.31149	0.01777	0.05293	0.01837	0.01301	0.01892	0.01101	0.01605	0.00964	0.00843	0.01306	0.00243	0.31530	0.00603	0.00312	0.00879
6	0.06425	0.12803	0.02201	0.05041	0.10768	0.36697	0.01361	0.13052	0.01914	0.02185	0.01142	0.01329	0.00926	0.00677	0.00591	0.00181	0.00966	0.00473	0.00389	0.00878
7	0.01677	0.25940	0.13569	0.01511	0.01981	0.04331	0.05242	0.07523	0.01511	0.04634	0.04667	0.01650	0.01256	0.01107	0.06445	0.00270	0.14904	0.00552	0.00372	0.00860
8	0.01365	0.00794	0.01048	0.01034	0.01247	0.00740	0.00834	0.01618	0.01631	0.15373	0.18270	0.09777	0.10387	0.07227	0.01022	0.00285	0.00507	0.25478	0.00669	0.00694
9	0.00946	0.00716	0.01048	0.01048	0.01176	0.00818	0.00814	0.01180	0.01113	0.01577	0.02177	0.02927	0.07021	0.04779	0.68212	0.01014	0.01686	0.00772	0.00379	0.00597
10	0.06233	0.01737	0.02114	0.06538	0.28216	0.09524	0.01524	0.16488	0.10669	0.08010	0.01579	0.01732	0.01200	0.00714	0.00650	0.00203	0.00770	0.00595	0.00489	0.01018
11	0.81159	0.01298	0.00986	0.00882	0.01298	0.01505	0.00727	0.01972	0.01142	0.03010	0.00934	0.01090	0.00727	0.00623	0.00415	0.00208	0.00519	0.00363	0.00415	0.00727
12	0.01070	0.00778	0.01053	0.01172	0.01326	0.00781	0.00987	0.01442	0.05229	0.02079	0.09741	0.14899	0.04056	0.01788	0.00893	0.00292	0.00560	0.50586	0.00633	0.00634
13	0.00982	0.00716	0.00820	0.00823	0.00967	0.00677	0.00580	0.01202	0.04670	0.03744	0.09338	0.13367	0.28389	0.22980	0.04707	0.00391	0.00522	0.03991	0.00567	0.00567
14	0.01794	0.76823	0.03516	0.01148	0.01722	0.02655	0.01148	0.02009	0.01363	0.01579	0.00933	0.01076	0.00861	0.00574	0.00431	0.00144	0.00718	0.00359	0.00287	0.00861
15	0.02688	0.01047	0.01387	0.01090	0.01542	0.00920	0.00891	0.02957	0.01826	0.59843	0.02563	0.02324	0.01672	0.00822	0.00637	0.00198	0.00524	0.00666	0.15355	0.01047
16	0.21142	0.00886	0.00966	0.00891	0.01142	0.00933	0.00691	0.01691	0.01297	0.11737	0.02212	0.02586	0.07853	0.05868	0.16982	0.04934	0.00762	0.00676	0.16072	0.00679
17	0.10787	0.01376	0.01726	0.11644	0.15626	0.04195	0.01322	0.12085	0.08336	0.05609	0.04844	0.02717	0.03430	0.01098	0.03983	0.00260	0.00742	0.08836	0.00503	0.00881
18	0.01661	0.01594	0.02724	0.04119	0.72233	0.01594	0.02059	0.02059	0.01528	0.02192	0.01262	0.01661	0.01063	0.00598	0.00664	0.00199	0.00797	0.00598	0.00332	0.01063
19	0.00793	0.00680	0.00680	0.00680	0.00906	0.00566	0.00510	0.00963	0.01529	0.01813	0.06797	0.06457	0.71961	0.01699	0.00793	0.00227	0.00340	0.01416	0.00623	0.00566
20	0.00991	0.00772	0.01139	0.01125	0.01230	0.00920	0.00876	0.01215	0.01088	0.01573	0.01847	0.07398	0.01795	0.04520	0.63020	0.00960	0.07766	0.00787	0.00371	0.00607
21	0.01647	0.01418	0.02274	0.28648	0.27475	0.03246	0.05549	0.03901	0.01523	0.08812	0.01463	0.04825	0.01186	0.00742	0.00755	0.00217	0.04359	0.00665	0.00388	0.00906
22	0.01796	0.01362	0.01484	0.01292	0.01569	0.07889	0.01012	0.14260	0.10049	0.12119	0.09116	0.09749	0.02244	0.05493	0.08736	0.00338	0.09232	0.00838	0.00577	0.00846
23	0.01346	0.03471	0.72942	0.01912	0.02904	0.01558	0.02479	0.02125	0.01417	0.02125	0.01204	0.01417	0.00850	0.00637	0.00637	0.00212	0.00992	0.00496	0.00283	0.00992
24	0.81159	0.01298	0.00986	0.00882	0.01298	0.01505	0.00727	0.01972	0.01142	0.03010	0.00934	0.01090	0.00727	0.00623	0.00415	0.00208	0.00519	0.00363	0.00415	0.00727
25	0.01047	0.00720	0.00865	0.00856	0.01007	0.00674	0.00620	0.01281	0.03620	0.05756	0.22159	0.12971	0.19952	0.18525	0.01395	0.00329	0.00450	0.06562	0.00617	0.00596
26	0.16497	0.01501	0.01685	0.04893	0.05841	0.01552	0.01114	0.28991	0.02103	0.10181	0.01461	0.01547	0.01070	0.00689	0.00587	0.00182	0.00640	0.00522	0.00544	0.18402
27	0.81159	0.01298	0.00986	0.00882	0.01298	0.01505	0.00727	0.01972	0.01142	0.03010	0.00934	0.01090	0.00727	0.00623	0.00415	0.00208	0.00519	0.00363	0.00415	0.00727
28	0.00822	0.00586	0.00777	0.00928	0.00966	0.00548	0.00616	0.00936	0.01275	0.01700	0.03650	0.73795	0.04377	0.04371	0.00935	0.00284	0.00397	0.01879	0.00616	0.00541
29	0.00959	0.00719	0.01078	0.01078	0.01198	0.00839	0.00839	0.01198	0.01078	0.01558	0.01797	0.02636	0.01677	0.05032	0.73760	0.01078	0.01797	0.00719	0.00359	0.00599
30	0.01289	0.01215	0.02052	0.70850	0.08405	0.01497	0.01874	0.01734	0.01352	0.01741	0.01196	0.01782	0.00904	0.00667	0.00670	0.00222	0.00889	0.00596	0.00300	0.00763
31	0.81159	0.01298	0.00986	0.00882	0.01298	0.01505	0.00727	0.01972	0.01142	0.03010	0.00934	0.01090	0.00727	0.00623	0.00415	0.00208	0.00519	0.00363	0.00415	0.00727
32	0.00976	0.00651	0.00732	0.00732	0.00732	0.00651	0.00407	0.00976	0.00976	0.01301	0.02114	0.04391	0.02439	0.76419	0.03415	0.00651	0.00651	0.00976	0.00407	0.00407
33	0.01166	0.00583	0.00874	0.00874	0.00874	0.00583	0.00583	0.00874	0.00874	0.01166	0.01166	0.02040	0.01166	0.02331	0.02622	0.80478	0.00583	0.00583	0.00291	0.00291
34	0.00853	0.00681	0.00766	0.00765	0.00959	0.00594	0.00577	0.01070	0.01628	0.02076	0.25786	0.09385	0.46354	0.01628	0.00801	0.00228	0.00347	0.04257	0.00657	0.00587
35	0.02551	0.01879	0.02014	0.01544	0.02081	0.02081	0.01275	0.69996	0.03155	0.04229	0.01611	0.01611	0.01141	0.00805	0.00671	0.00201	0.00738	0.00604	0.00671	0.01141
36	0.02549	0.01883	0.01969	0.01527	0.02050	0.05117	0.01254	0.61454	0.04958	0.07908	0.01676	0.01657	0.01184	0.00805	0.00669	0.00201	0.00744	0.00605	0.00666	0.01123
37	0.01033	0.00708	0.00856	0.00818	0.00988	0.00644	0.00601	0.01253	0.01631	0.06109	0.35728	0.05260	0.23103	0.13975	0.01229	0.00293	0.00406	0.04111	0.00652	0.00605
38	0.01584	0.01810	0.03959	0.02828	0.03507	0.01697	0.69796	0.02149	0.01584	0.02149	0.01357	0.01810	0.01018	0.00566	0.00792	0.00226	0.01131	0.00792	0.00339	0.00905
39	0.00823	0.00700	0.00713	0.00717	0.00938	0.00602	0.00534	0.01048	0.03825	0.01840	0.06489	0.10217	0.65859	0.01696	0.00793	0.00229	0.00349	0.01422	0.00625	0.00582
40	0.00913	0.00681	0.00830	0.00794	0.00957	0.00618	0.00584	0.01168	0.01732	0.02361	0.50138	0.05316	0.22150	0.07624	0.01008	0.00251	0.00350	0.01244	0.00683	0.00598
41	0.02518	0.01863	0.01995	0.01537	0.02068	0.02065	0.01267	0.67514	0.05691	0.04176	0.01653	0.01644	0.01175	0.00809	0.00672	0.00202	0.00731	0.00610	0.00672	0.01138
42	0.81159	0.01298	0.00986	0.00882	0.01298	0.01505	0.00727	0.01972	0.01142	0.03010	0.00934	0.01090	0.00727	0.00623	0.00415	0.00208	0.00519	0.00363	0.00415	0.00727
43	0.00950	0.00686	0.00897	0.00844	0.01002	0.00633	0.00633	0.01266	0.01899	0.02691	0.71879	0.05012	0.06331	0.01372	0.00791	0.00211	0.00317	0.01213	0.00739	0.00633
44	0.07236	0.00772	0.00842	0.00797	0.00886	0.00788	0.00503	0.04038	0.01171	0.04777	0.04637	0.03883	0.02339	0.58509	0.02742	0.00543	0.00615	0.00896	0.03514	0.00510
45	0.00959	0.00719	0.01078	0.01078	0.01198	0.00839	0.00839	0.01198	0.01078	0.01558	0.01797	0.02636	0.01677	0.05032	0.73760	0.01078	0.01797	0.00719	0.00359	0.00599
46	0.00837	0.00681	0.00741	0.00726	0.00934	0.00585	0.00545	0.01049	0.01634	0.02062	0.25244	0.06048	0.53359	0.01606	0.00793	0.00222	0.00333	0.01359	0.00656	0.00585
47	0.05942	0.01717	0.01857	0.01454	0.01964	0.01881	0.01193	0.51482	0.10992	0.11844	0.01833	0.01771	0.01290	0.00813	0.00662	0.00205	0.00685	0.00620	0.00680	0.01114
48	0.01648	0.01419	0.01499	0.01350	0.01723	0.01638	0.01049	0.03497	0.68966	0.02803	0.04787	0.02578	0.02176	0.00924	0.00686	0.00227	0.00525	0.00772	0.00684	0.01049
49	0.00959	0.00719	0.01078	0.01078	0.01198	0.00839	0.00839	0.01198	0.01078	0.01558	0.01797	0.02636	0.01677	0.05032	0.73760	0.01078	0.01797	0.00719	0.00359	0.00599
50	0.01346	0.03471	0.72942	0.01912	0.02904	0.01558	0.02479	0.02125	0.01417	0.02125	0.01204	0.01417	0.00850	0.00637	0.00637	0.00212	0.00992	0.00496	0.00283	0.00992
51	0.65766	0.01362	0.01148	0.00990	0.01422	0.01554	0.00813	0.09804	0.04090	0.06193	0.01155	0.01256	0.00865	0.00664	0.00466	0.00208	0.00547	0.00419	0.00473	0.00805
52	0.01132	0.00844	0.01031	0.00946	0.01155	0.00832	0.00727	0.07081	0.07227	0.02757	0.55123	0.04703	0.08975	0.01323	0.00778	0.00216	0.00379	0.03349	0.00719	0.00703
53	0.01286	0.01212	0.02046	0.71444	0.07838	0.01496	0.01873	0.01731	0.01351	0.01737	0.01196	0.01783	0.00902	0.00667	0.00671	0.00222	0.00890	0.00596	0.00300	0.00760
54	0.01459	0.01433	0.01996	0.01715	0.01721	0.01996	0.01427	0.01613	0.01043	0.01651	0.00935	0.01511	0.00915	0.01158	0.02130	0.00288	0.72096	0.00589	0.03594	0.00730
55	0.00905	0.00890	0.07363	0.00979	0.01156	0.00672	0.00793	0.01129	0.01437	0.01930	0.15444	0.40548	0.14024	0.04845	0.00926	0.00268	0.00448	0.05040	0.00602	0.00602
56	0.00831	0.00594	0.00795	0.00950	0.00995	0.00557	0.00647	0.00958	0.01298	0.01729	0.03691	0.72355	0.04407	0.02089	0.00860	0.00274	0.00401	0.05395	0.00623	0.00549
57	0.21920	0.01743	0.01692	0.03528	0.11425	0.13976	0.01192	0.10784	0.14773	0.10242	0.01607	0.01663	0.01199	0.00731	0.00597	0.00204	0.00720	0.00550	0.00515	0.00940
58	0.01545	0.12168	0.08970	0.09347	0.11010	0.01740	0.37819	0.02038	0.01525	0.02056	0.04349	0.01798	0.01209	0.00621	0.00704	0.00210	0.00967	0.00686	0.00340	0.00897
59	0.01382	0.11866	0.05214	0.07893	0.11008	0.03895	0.01296	0.03575	0.03204	0.01849	0.03370	0.08539	0.03213	0.01909	0.17843	0.00419	0.11632	0.00735	0.00383	0.00775

[dist]
# distance from previous block
# <min> <max>
2	6

[block]
# block no. 2 follows, 32 sequences, length 38
# corresponding to MSA columns:
# 192-229
name=unknown_C
#
# <colnr> <probs for GDERKNQSTAVLIFYWHMCP>
#	G	D	E	R	K	N	Q	S	T	A	V	L	I	F	Y	W	H	M	C	P
0	0.16925	0.37372	0.02493	0.01254	0.01750	0.13256	0.01107	0.12036	0.04478	0.02292	0.01120	0.01235	0.00925	0.00648	0.00500	0.00172	0.00752	0.00423	0.00392	0.00872
1	0.02063	0.01575	0.01904	0.01486	0.01931	0.01710	0.04885	0.33483	0.07256	0.07441	0.01592	0.01710	0.01195	0.00807	0.00872	0.00201	0.11818	0.00596	0.03980	0.13495
2	0.01586	0.01545	0.02019	0.48536	0.09398	0.10377	0.01701	0.07566	0.06901	0.02033	0.01331	0.01748	0.01013	0.00697	0.00663	0.00214	0.00885	0.00589	0.00367	0.00832
3	0.00977	0.00759	0.00902	0.00896	0.01079	0.00727	0.00674	0.01402	0.09493	0.02281	0.32295	0.15951	0.23018	0.01546	0.00797	0.00232	0.00376	0.05268	0.00677	0.00650
4	0.01564	0.01496	0.02549	0.21444	0.55662	0.01569	0.02011	0.01975	0.01482	0.02075	0.01245	0.01692	0.01022	0.00616	0.00666	0.00205	0.00821	0.00597	0.00324	0.00985
5	0.07368	0.01304	0.01608	0.01250	0.01760	0.01255	0.01029	0.15742	0.05430	0.52457	0.02358	0.02099	0.01528	0.00818	0.00660	0.00207	0.00597	0.00648	0.00770	0.01114
6	0.00846	0.00612	0.00780	0.00902	0.00966	0.00571	0.00615	0.00968	0.01297	0.01701	0.03889	0.56934	0.11979	0.09410	0.01107	0.00307	0.00423	0.05555	0.00601	0.00538
7	0.01023	0.00712	0.00822	0.00789	0.01005	0.00618	0.00593	0.01238	0.01649	0.07903	0.24833	0.11016	0.42228	0.01565	0.00788	0.00224	0.00356	0.01335	0.00673	0.00631
8	0.32127	0.01265	0.01385	0.01109	0.01590	0.01277	0.00915	0.08689	0.01739	0.40640	0.01916	0.01779	0.01266	0.00751	0.00578	0.00207	0.00566	0.00552	0.00661	0.00987
9	0.81159	0.01298	0.00986	0.00882	0.01298	0.01505	0.00727	0.01972	0.01142	0.03010	0.00934	0.01090	0.00727	0.00623	0.00415	0.00208	0.00519	0.00363	0.00415	0.00727
10	0.68083	0.01307	0.01104	0.00951	0.01385	0.01471	0.00784	0.05397	0.01331	0.11359	0.01171	0.01257	0.00858	0.00656	0.00458	0.00207	0.00536	0.00412	0.00477	0.00796
11	0.02313	0.00978	0.01232	0.01000	0.01383	0.00894	0.00808	0.05342	0.01794	0.43276	0.04943	0.02429	0.01828	0.00832	0.00608	0.00190	0.00480	0.00674	0.28047	0.00946
12	0.03010	0.01142	0.01557	0.01194	0.01713	0.00986	0.00986	0.03270	0.01920	0.72698	0.02647	0.02284	0.01661	0.00830	0.00675	0.00208	0.00571	0.00675	0.00830	0.01142
13	0.02551	0.01879	0.02014	0.01544	0.02081	0.02081	0.01275	0.69996	0.03155	0.04229	0.01611	0.01611	0.01141	0.00805	0.00671	0.00201	0.00738	0.00604	0.00671	0.01141
14	0.00917	0.00628	0.00832	0.00945	0.01026	0.00584	0.00663	0.01073	0.01391	0.04083	0.10156	0.59365	0.07249	0.01960	0.00847	0.00265	0.00402	0.06397	0.00640	0.00578
15	0.00950	0.00686	0.00897	0.00844	0.01002	0.00633	0.00633	0.01266	0.01899	0.02691	0.71879	0.05012	0.06331	0.01372	0.00791	0.00211	0.00317	0.01213	0.00739	0.00633
16	0.73081	0.01313	0.01065	0.00930	0.01356	0.01499	0.00766	0.04974	0.01275	0.07254	0.01066	0.01184	0.00801	0.00643	0.00442	0.00207	0.00532	0.00392	0.00451	0.00769
17	0.01584	0.01810	0.03959	0.02828	0.03507	0.01697	0.69796	0.02149	0.01584	0.02149	0.01357	0.01810	0.01018	0.00566	0.00792	0.00226	0.01131	0.00792	0.00339	0.00905
18	0.01720	0.01467	0.01546	0.01376	0.01764	0.01693	0.01074	0.07398	0.67106	0.02889	0.02666	0.02452	0.01996	0.00904	0.00682	0.00226	0.00543	0.00750	0.00682	0.01067
19	0.00808	0.00680	0.00700	0.00695	0.00915	0.00573	0.00521	0.00991	0.01564	0.01894	0.12838	0.06323	0.65869	0.01669	0.00793	0.00225	0.00338	0.01397	0.00634	0.00573
20	0.00855	0.00682	0.00766	0.00745	0.00944	0.00593	0.00559	0.01083	0.01676	0.02161	0.32624	0.05884	0.45917	0.01569	0.00792	0.00220	0.00331	0.01336	0.00669	0.00593
21	0.00950	0.00686	0.00897	0.00844	0.01002	0.00633	0.00633	0.01266	0.01899	0.02691	0.71879	0.05012	0.06331	0.01372	0.00791	0.00211	0.00317	0.01213	0.00739	0.00633
22	0.01391	0.01193	0.01391	0.00994	0.01590	0.00894	0.00795	0.01690	0.01391	0.02186	0.01193	0.01391	0.00994	0.00497	0.00497	0.00099	0.00497	0.00398	0.00398	0.80521
23	0.00976	0.00651	0.00732	0.00732	0.00732	0.00651	0.00407	0.00976	0.00976	0.01301	0.02114	0.04391	0.02439	0.76419	0.03415	0.00651	0.00651	0.00976	0.00407	0.00407
24	0.01794	0.76823	0.03516	0.01148	0.01722	0.02655	0.01148	0.02009	0.01363	0.01579	0.00933	0.01076	0.00861	0.00574	0.00431	0.00144	0.00718	0.00359	0.00287	0.00861
25	0.00929	0.00685	0.00868	0.00822	0.00990	0.00624	0.00617	0.01226	0.01850	0.02573	0.63174	0.05205	0.15110	0.01416	0.00792	0.00213	0.00320	0.01241	0.00723	0.00624
26	0.00805	0.00631	0.00730	0.00809	0.00940	0.00556	0.00567	0.00948	0.01405	0.01762	0.05219	0.41863	0.37574	0.01904	0.00825	0.00250	0.00365	0.01666	0.00623	0.00556
27	0.02551	0.01879	0.02014	0.01544	0.02081	0.02081	0.01275	0.69996	0.03155	0.04229	0.01611	0.01611	0.01141	0.00805	0.00671	0.00201	0.00738	0.00604	0.00671	0.01141
28	0.01584	0.01810	0.03959	0.02828	0.03507	0.01697	0.69796	0.02149	0.01584	0.02149	0.01357	0.01810	0.01018	0.00566	0.00792	0.00226	0.01131	0.00792	0.00339	0.00905
29	0.01468	0.01468	0.02055	0.01762	0.01762	0.02055	0.01468	0.01615	0.01028	0.01615	0.00881	0.01468	0.00881	0.01174	0.02202	0.00294	0.75191	0.00587	0.00294	0.00734
30	0.01263	0.00704	0.00931	0.00972	0.01120	0.00636	0.00690	0.01412	0.01429	0.16198	0.03675	0.56669	0.08028	0.01818	0.00815	0.00256	0.00423	0.01626	0.00665	0.00668
31	0.01081	0.00772	0.01081	0.01236	0.01390	0.00772	0.01081	0.01390	0.01545	0.02008	0.03553	0.07569	0.03862	0.01854	0.00927	0.00309	0.00618	0.67717	0.00618	0.00618
32	0.00980	0.00699	0.00914	0.00909	0.01047	0.00663	0.00695	0.01255	0.01713	0.02380	0.49380	0.05452	0.05347	0.10816	0.01146	0.00286	0.00419	0.14625	0.00673	0.00602
33	0.00856	0.00611	0.00822	0.00978	0.01033	0.00578	0.00689	0.01000	0.01322	0.01755	0.03677	0.66100	0.04355	0.02066	0.00867	0.00278	0.00422	0.11412	0.00622	0.00556
34	0.81159	0.01298	0.00986	0.00882	0.01298	0.01505	0.00727	0.01972	0.01142	0.03010	0.00934	0.01090	0.00727	0.00623	0.00415	0.00208	0.00519	0.00363	0.00415	0.00727
35	0.00970	0.00761	0.00985	0.01075	0.03410	0.00749	0.00804	0.01190	0.01498	0.01965	0.14517	0.19219	0.22832	0.03794	0.00991	0.00270	0.04761	0.18997	0.00605	0.00607
36	0.09057	0.01757	0.03943	0.01391	0.01797	0.15756	0.03897	0.13466	0.08737	0.13637	0.06889	0.02390	0.08671	0.00913	0.00741	0.00209	0.04588	0.00701	0.00564	0.00897
37	0.04762	0.05313	0.02047	0.03954	0.17470	0.13633	0.04258	0.08145	0.07616	0.17387	0.03435	0.01928	0.01403	0.02808	0.02709	0.00234	0.00806	0.00618	0.00512	0.00962

[dist]
# distance from previous block
# <min> <max>
0	14

[block]
# block no. 3 follows, 32 sequences, length 10
# corresponding to MSA columns:
# 341-350
name=unknown_D
#
# <colnr> <probs for GDERKNQSTAVLIFYWHMCP>
#	G	D	E	R	K	N	Q	S	T	A	V	L	I	F	Y	W	H	M	C	P
0	0.14064	0.06212	0.02443	0.05176	0.35922	0.10923	0.08400	0.02187	0.04561	0.02219	0.01235	0.01536	0.01007	0.00625	0.00618	0.00199	0.00827	0.00552	0.00359	0.00936
1	0.09186	0.03414	0.01416	0.05666	0.05693	0.01115	0.01052	0.03735	0.07222	0.13914	0.06251	0.08323	0.02516	0.03091	0.00790	0.00245	0.00589	0.19645	0.00583	0.05553
2	0.16012	0.11400	0.01625	0.01256	0.05672	0.01364	0.00960	0.10721	0.01725	0.16089	0.08122	0.11076	0.07105	0.01031	0.00642	0.00210	0.00559	0.02998	0.00579	0.00854
3	0.01013	0.00739	0.00884	0.00930	0.01073	0.00710	0.00697	0.05171	0.01498	0.01962	0.06542	0.25002	0.20527	0.11514	0.01162	0.00307	0.00475	0.15533	0.03671	0.00589
4	0.02506	0.03198	0.01901	0.01729	0.02074	0.73725	0.01296	0.02679	0.01901	0.01642	0.01037	0.01210	0.00864	0.00691	0.00605	0.00173	0.01210	0.00432	0.00346	0.00778
5	0.01480	0.01483	0.06168	0.01134	0.01720	0.05192	0.00962	0.01961	0.08328	0.02213	0.01337	0.01493	0.01081	0.00558	0.00531	0.00124	0.00574	0.00442	0.00415	0.62804
6	0.00818	0.00584	0.00779	0.00934	0.00973	0.00545	0.00623	0.00934	0.01285	0.01713	0.03698	0.75981	0.04438	0.02102	0.00856	0.00273	0.00389	0.01908	0.00623	0.00545
7	0.81159	0.01298	0.00986	0.00882	0.01298	0.01505	0.00727	0.01972	0.01142	0.03010	0.00934	0.01090	0.00727	0.00623	0.00415	0.00208	0.00519	0.00363	0.00415	0.00727
8	0.00833	0.00655	0.00756	0.00810	0.00965	0.00578	0.00591	0.01008	0.01487	0.01877	0.11964	0.28848	0.39825	0.01806	0.00821	0.00245	0.00370	0.05358	0.00634	0.00569
9	0.01812	0.10595	0.02124	0.01924	0.15543	0.13682	0.05179	0.07742	0.11271	0.05219	0.10515	0.02230	0.04199	0.00807	0.00650	0.00192	0.00737	0.00674	0.00489	0.04414

[dist]
# distance from previous block
# <min> <max>
7	9

[block]
# block no. 4 follows, 32 sequences, length 45
# corresponding to MSA columns:
# 360-404
name=unknown_E
#
# <colnr> <probs for GDERKNQSTAVLIFYWHMCP>
#	G	D	E	R	K	N	Q	S	T	A	V	L	I	F	Y	W	H	M	C	P
0	0.00856	0.00682	0.00772	0.00801	0.00971	0.00612	0.00581	0.01098	0.04093	0.01956	0.15773	0.25442	0.40501	0.01732	0.00806	0.00237	0.00357	0.01497	0.00643	0.00589
1	0.02261	0.01505	0.01674	0.01369	0.01828	0.01633	0.01103	0.26728	0.30003	0.18677	0.02304	0.02142	0.01635	0.00852	0.00671	0.00212	0.00606	0.00682	0.03020	0.01095
2	0.05547	0.00963	0.01254	0.04811	0.08571	0.00972	0.00967	0.01736	0.07696	0.10309	0.06066	0.19027	0.16946	0.01386	0.00797	0.00241	0.02502	0.08863	0.00592	0.00753
3	0.01666	0.41134	0.29744	0.01541	0.02277	0.02107	0.05781	0.02118	0.01422	0.05009	0.01138	0.01304	0.00902	0.00609	0.00542	0.00177	0.00840	0.00451	0.00313	0.00926
4	0.00826	0.00671	0.00732	0.00737	0.00932	0.00577	0.00545	0.01019	0.01577	0.01973	0.19137	0.13177	0.52404	0.01676	0.00799	0.00228	0.00340	0.01426	0.00646	0.00577
5	0.07754	0.01036	0.01274	0.01068	0.01447	0.00979	0.00861	0.04407	0.07065	0.35046	0.17929	0.03434	0.09898	0.01070	0.00705	0.00216	0.00492	0.03671	0.00735	0.00915
6	0.05121	0.01470	0.05135	0.28465	0.25490	0.01507	0.06670	0.04851	0.03900	0.05105	0.01466	0.05243	0.01198	0.00724	0.00674	0.00216	0.00811	0.00668	0.00383	0.00903
7	0.01359	0.01903	0.25611	0.08131	0.02345	0.01306	0.08151	0.06267	0.01515	0.05050	0.02272	0.18739	0.07149	0.01101	0.00827	0.00234	0.05828	0.00943	0.00442	0.00827
8	0.00811	0.00680	0.00705	0.00699	0.00917	0.00574	0.00524	0.00998	0.01572	0.01915	0.14353	0.06290	0.64341	0.01661	0.00793	0.00225	0.00337	0.01393	0.00637	0.00574
9	0.00972	0.00707	0.00998	0.01030	0.01128	0.00778	0.00783	0.01171	0.01140	0.01586	0.02221	0.07793	0.02295	0.17554	0.45958	0.00841	0.01333	0.10730	0.00421	0.00563
10	0.01441	0.01332	0.02334	0.39264	0.15001	0.01487	0.12553	0.01852	0.01423	0.05042	0.01553	0.04405	0.03530	0.00761	0.00787	0.00225	0.05123	0.00702	0.00356	0.00827
11	0.01342	0.01239	0.01840	0.45701	0.08676	0.04060	0.01597	0.03882	0.03910	0.01910	0.03690	0.08879	0.01631	0.00924	0.00757	0.00231	0.03274	0.05301	0.00391	0.00764
12	0.01765	0.70094	0.03386	0.01203	0.01726	0.02601	0.01177	0.01974	0.01333	0.01582	0.00928	0.01111	0.00863	0.00628	0.00589	0.00157	0.07368	0.00379	0.00288	0.00850
13	0.81159	0.01298	0.00986	0.00882	0.01298	0.01505	0.00727	0.01972	0.01142	0.03010	0.00934	0.01090	0.00727	0.00623	0.00415	0.00208	0.00519	0.00363	0.00415	0.00727
14	0.00935	0.00706	0.00847	0.00826	0.00976	0.00658	0.00583	0.01100	0.01353	0.01812	0.15107	0.12201	0.21300	0.20849	0.11611	0.00445	0.00634	0.01152	0.00535	0.06368
15	0.05999	0.01244	0.01931	0.39554	0.08702	0.01409	0.05649	0.05870	0.04450	0.06907	0.03763	0.08518	0.01503	0.00834	0.00684	0.00223	0.00771	0.00744	0.00427	0.00821
16	0.81159	0.01298	0.00986	0.00882	0.01298	0.01505	0.00727	0.01972	0.01142	0.03010	0.00934	0.01090	0.00727	0.00623	0.00415	0.00208	0.00519	0.00363	0.00415	0.00727
17	0.00972	0.00664	0.00799	0.00799	0.00822	0.00687	0.00491	0.01019	0.00996	0.01351	0.02053	0.04050	0.02291	0.62543	0.17089	0.00734	0.00873	0.00926	0.00397	0.00444
18	0.00959	0.00719	0.01078	0.01078	0.01198	0.00839	0.00839	0.01198	0.01078	0.01558	0.01797	0.02636	0.01677	0.05032	0.73760	0.01078	0.01797	0.00719	0.00359	0.00599
19	0.01267	0.01193	0.02013	0.74806	0.04621	0.01491	0.01863	0.01714	0.01342	0.01714	0.01193	0.01789	0.00894	0.00671	0.00671	0.00224	0.00894	0.00596	0.00298	0.00745
20	0.81159	0.01298	0.00986	0.00882	0.01298	0.01505	0.00727	0.01972	0.01142	0.03010	0.00934	0.01090	0.00727	0.00623	0.00415	0.00208	0.00519	0.00363	0.00415	0.00727
21	0.00959	0.00719	0.01078	0.01078	0.01198	0.00839	0.00839	0.01198	0.01078	0.01558	0.01797	0.02636	0.01677	0.05032	0.73760	0.01078	0.01797	0.00719	0.00359	0.00599
22	0.01284	0.00936	0.01103	0.01037	0.01253	0.00977	0.00776	0.02022	0.24086	0.05696	0.26394	0.10374	0.05786	0.06787	0.01075	0.05722	0.00456	0.02836	0.00653	0.00746
23	0.03010	0.01142	0.01557	0.01194	0.01713	0.00986	0.00986	0.03270	0.01920	0.72698	0.02647	0.02284	0.01661	0.00830	0.00675	0.00208	0.00571	0.00675	0.00830	0.01142
24	0.02551	0.01879	0.02014	0.01544	0.02081	0.02081	0.01275	0.69996	0.03155	0.04229	0.01611	0.01611	0.01141	0.00805	0.00671	0.00201	0.00738	0.00604	0.00671	0.01141
25	0.00827	0.00595	0.00784	0.00918	0.00973	0.00553	0.00619	0.00961	0.01342	0.01793	0.09121	0.67877	0.07090	0.02030	0.00849	0.00266	0.00382	0.01835	0.00632	0.00553
26	0.01541	0.00791	0.00951	0.00914	0.01139	0.00767	0.00731	0.04330	0.01581	0.14997	0.02665	0.10150	0.02371	0.01130	0.00642	0.00209	0.00444	0.14415	0.39502	0.00729
27	0.02742	0.01202	0.01549	0.01228	0.01719	0.01123	0.01001	0.03329	0.15749	0.58712	0.02664	0.02328	0.01738	0.00846	0.00676	0.00212	0.00563	0.00692	0.00801	0.01126
28	0.00959	0.00719	0.01078	0.01078	0.01198	0.00839	0.00839	0.01198	0.01078	0.01558	0.01797	0.02636	0.01677	0.05032	0.73760	0.01078	0.01797	0.00719	0.00359	0.00599
29	0.00950	0.00686	0.00897	0.00844	0.01002	0.00633	0.00633	0.01266	0.01899	0.02691	0.71879	0.05012	0.06331	0.01372	0.00791	0.00211	0.00317	0.01213	0.00739	0.00633
30	0.01391	0.01193	0.01391	0.00994	0.01590	0.00894	0.00795	0.01690	0.01391	0.02186	0.01193	0.01391	0.00994	0.00497	0.00497	0.00099	0.00497	0.00398	0.00398	0.80521
31	0.02506	0.03198	0.01901	0.01729	0.02074	0.73725	0.01296	0.02679	0.01901	0.01642	0.01037	0.01210	0.00864	0.00691	0.00605	0.00173	0.01210	0.00432	0.00346	0.00778
32	0.02551	0.01879	0.02014	0.01544	0.02081	0.02081	0.01275	0.69996	0.03155	0.04229	0.01611	0.01611	0.01141	0.00805	0.00671	0.00201	0.00738	0.00604	0.00671	0.01141
33	0.03010	0.01142	0.01557	0.01194	0.01713	0.00986	0.00986	0.03270	0.01920	0.72698	0.02647	0.02284	0.01661	0.00830	0.00675	0.00208	0.00571	0.00675	0.00830	0.01142
34	0.00903	0.00645	0.00877	0.01032	0.01109	0.00619	0.00772	0.01082	0.01369	0.01809	0.03651	0.53754	0.04251	0.02021	0.00879	0.00284	0.00464	0.23289	0.00621	0.00569
35	0.01166	0.00583	0.00874	0.00874	0.00874	0.00583	0.00583	0.00874	0.00874	0.01166	0.01166	0.02040	0.01166	0.02331	0.02622	0.80478	0.00583	0.00583	0.00291	0.00291
36	0.01166	0.00583	0.00874	0.00874	0.00874	0.00583	0.00583	0.00874	0.00874	0.01166	0.01166	0.02040	0.01166	0.02331	0.02622	0.80478	0.00583	0.00583	0.00291	0.00291
37	0.34176	0.01241	0.01305	0.01089	0.01530	0.01293	0.00885	0.05152	0.09446	0.31034	0.01976	0.05108	0.01434	0.00812	0.00579	0.00213	0.00544	0.00612	0.00632	0.00939
38	0.00920	0.00627	0.00748	0.00803	0.00817	0.00613	0.00483	0.00961	0.01085	0.01446	0.02672	0.29596	0.03143	0.50254	0.02514	0.00517	0.00559	0.01304	0.00483	0.00455
39	0.00959	0.00719	0.01078	0.01078	0.01198	0.00839	0.00839	0.01198	0.01078	0.01558	0.01797	0.02636	0.01677	0.05032	0.73760	0.01078	0.01797	0.00719	0.00359	0.00599
40	0.01525	0.03955	0.01960	0.01621	0.01790	0.01895	0.03715	0.02237	0.22973	0.02012	0.01664	0.01948	0.03487	0.01067	0.01574	0.00263	0.44381	0.00667	0.00427	0.00842
41	0.01269	0.00781	0.00961	0.00940	0.01091	0.00751	0.00661	0.05202	0.03398	0.10839	0.08919	0.31474	0.08365	0.18437	0.01429	0.02438	0.00490	0.01309	0.00606	0.00639
42	0.00959	0.00719	0.01078	0.01078	0.01198	0.00839	0.00839	0.01198	0.01078	0.01558	0.01797	0.02636	0.01677	0.05032	0.73760	0.01078	0.01797	0.00719	0.00359	0.00599
43	0.01584	0.01810	0.03959	0.02828	0.03507	0.01697	0.69796	0.02149	0.01584	0.02149	0.01357	0.01810	0.01018	0.00566	0.00792	0.00226	0.01131	0.00792	0.00339	0.00905
44	0.01806	0.70678	0.06377	0.01196	0.01787	0.02585	0.01209	0.04788	0.01439	0.01710	0.00972	0.01112	0.00872	0.00586	0.00449	0.00149	0.00730	0.00375	0.00303	0.00878

[dist]
# distance from previous block
# <min> <max>
0	17

[block]
# block no. 5 follows, 32 sequences, length 63
# corresponding to MSA columns:
# 422-447,453-489
name=unknown_F
#
# <colnr> <probs for GDERKNQSTAVLIFYWHMCP>
#	G	D	E	R	K	N	Q	S	T	A	V	L	I	F	Y	W	H	M	C	P
0	0.01369	0.03273	0.65114	0.01982	0.02917	0.01585	0.07914	0.02111	0.01418	0.02111	0.01206	0.01450	0.00865	0.00649	0.00699	0.00216	0.03334	0.00523	0.00288	0.00977
1	0.00824	0.00593	0.00783	0.00932	0.00982	0.00552	0.00631	0.00948	0.01303	0.01725	0.03828	0.71056	0.07349	0.02078	0.00856	0.00272	0.00394	0.03725	0.00623	0.00548
2	0.01184	0.00968	0.01070	0.01028	0.01161	0.05880	0.00771	0.01357	0.01363	0.04239	0.06819	0.17666	0.17559	0.08350	0.07237	0.00341	0.12203	0.01097	0.09084	0.00621
3	0.01801	0.01324	0.02162	0.33064	0.27992	0.01414	0.01735	0.02188	0.01539	0.17912	0.01546	0.01855	0.01127	0.00681	0.00669	0.00211	0.00787	0.00615	0.00430	0.00948
4	0.00826	0.00653	0.00745	0.00780	0.00942	0.00572	0.00563	0.01006	0.01522	0.01932	0.16905	0.26108	0.41552	0.01759	0.00811	0.00237	0.00350	0.01522	0.00643	0.00572
5	0.01126	0.00763	0.00917	0.00955	0.01080	0.00763	0.00687	0.09188	0.01535	0.02157	0.04926	0.43302	0.03459	0.07128	0.00959	0.00273	0.00449	0.05614	0.14093	0.00625
6	0.06878	0.01200	0.01364	0.00986	0.01570	0.00936	0.00790	0.01709	0.01374	0.02243	0.01175	0.01371	0.00975	0.00506	0.00491	0.00107	0.00498	0.00395	0.00399	0.75032
7	0.03859	0.03939	0.06751	0.06282	0.01879	0.05297	0.01103	0.16789	0.06299	0.07845	0.05792	0.05081	0.08129	0.03483	0.00739	0.00207	0.00641	0.00724	0.02465	0.12697
8	0.04817	0.08616	0.01320	0.01024	0.01171	0.06401	0.00759	0.07142	0.01208	0.01585	0.01161	0.01804	0.01092	0.01828	0.01989	0.56077	0.00654	0.00542	0.00333	0.00477
9	0.01279	0.00891	0.01067	0.00955	0.01171	0.00886	0.00718	0.09103	0.06896	0.06148	0.43650	0.04298	0.07546	0.11116	0.01109	0.00269	0.00436	0.01064	0.00683	0.00713
10	0.02551	0.01879	0.02014	0.01544	0.02081	0.02081	0.01275	0.69996	0.03155	0.04229	0.01611	0.01611	0.01141	0.00805	0.00671	0.00201	0.00738	0.00604	0.00671	0.01141
11	0.01515	0.01459	0.01999	0.01712	0.01750	0.01993	0.01419	0.06290	0.01185	0.01799	0.01050	0.04616	0.01049	0.01188	0.02040	0.00286	0.66919	0.00644	0.00333	0.00754
12	0.00818	0.00584	0.00779	0.00934	0.00973	0.00545	0.00623	0.00934	0.01285	0.01713	0.03698	0.75981	0.04438	0.02102	0.00856	0.00273	0.00389	0.01908	0.00623	0.00545
13	0.00938	0.00635	0.00774	0.00840	0.00880	0.00618	0.00545	0.01032	0.01190	0.01622	0.05737	0.30829	0.03398	0.36917	0.02041	0.00444	0.00521	0.05901	0.04647	0.00493
14	0.00829	0.00683	0.00733	0.00745	0.00952	0.00586	0.00566	0.01021	0.01557	0.01909	0.12909	0.09254	0.57979	0.01694	0.00805	0.00233	0.00359	0.05977	0.00634	0.00576
15	0.01584	0.01810	0.03959	0.02828	0.03507	0.01697	0.69796	0.02149	0.01584	0.02149	0.01357	0.01810	0.01018	0.00566	0.00792	0.00226	0.01131	0.00792	0.00339	0.00905
16	0.01746	0.00891	0.00991	0.00867	0.01143	0.00892	0.00681	0.08194	0.05847	0.16750	0.02261	0.02378	0.01676	0.00801	0.00541	0.00175	0.00416	0.00641	0.52308	0.00802
17	0.00999	0.00700	0.00890	0.00871	0.01035	0.00644	0.00660	0.01264	0.01729	0.04557	0.46155	0.09690	0.14764	0.05244	0.00937	0.00249	0.00379	0.07921	0.00690	0.00621
18	0.02973	0.01201	0.01594	0.01222	0.01743	0.01075	0.01010	0.08654	0.02020	0.67173	0.02564	0.02230	0.01619	0.00828	0.00674	0.00207	0.00584	0.00669	0.00818	0.01142
19	0.77771	0.01291	0.01011	0.00896	0.01316	0.01483	0.00738	0.02029	0.01176	0.06031	0.01009	0.01142	0.00767	0.00632	0.00426	0.00208	0.00521	0.00377	0.00433	0.00745
20	0.01906	0.01559	0.01651	0.01413	0.01835	0.01780	0.01119	0.21430	0.52770	0.03189	0.02430	0.02263	0.01804	0.00882	0.00680	0.00221	0.00587	0.00717	0.00680	0.01083
21	0.00859	0.00601	0.00790	0.00932	0.00981	0.00568	0.00636	0.00989	0.01290	0.01739	0.03551	0.65061	0.04196	0.05925	0.00981	0.00290	0.00415	0.06139	0.03508	0.00545
22	0.75783	0.01287	0.01025	0.00904	0.01326	0.01470	0.00745	0.02062	0.01195	0.07804	0.01052	0.01172	0.00791	0.00637	0.00433	0.00208	0.00523	0.00385	0.00444	0.00755
23	0.81159	0.01298	0.00986	0.00882	0.01298	0.01505	0.00727	0.01972	0.01142	0.03010	0.00934	0.01090	0.00727	0.00623	0.00415	0.00208	0.00519	0.00363	0.00415	0.00727
24	0.00976	0.00651	0.00732	0.00732	0.00732	0.00651	0.00407	0.00976	0.00976	0.01301	0.02114	0.04391	0.02439	0.76419	0.03415	0.00651	0.00651	0.00976	0.00407	0.00407
25	0.01713	0.01463	0.01542	0.01374	0.01762	0.01690	0.01073	0.06885	0.67629	0.02878	0.02675	0.02459	0.02003	0.00905	0.00682	0.00226	0.00541	0.00751	0.00682	0.01066
26	0.01669	0.01441	0.01517	0.01365	0.01745	0.01669	0.01062	0.03565	0.71021	0.02807	0.02731	0.02503	0.02048	0.00910	0.00683	0.00228	0.00531	0.00759	0.00683	0.01062
27	0.01669	0.01441	0.01517	0.01365	0.01745	0.01669	0.01062	0.03565	0.71021	0.02807	0.02731	0.02503	0.02048	0.00910	0.00683	0.00228	0.00531	0.00759	0.00683	0.01062
28	0.00804	0.00655	0.00712	0.00751	0.00927	0.00563	0.00543	0.00964	0.01476	0.01812	0.07854	0.24703	0.52312	0.01796	0.00810	0.00238	0.00352	0.01540	0.00626	0.00563
29	0.00805	0.00634	0.00727	0.00800	0.00938	0.00556	0.00563	0.00949	0.01413	0.01765	0.05328	0.39416	0.39951	0.01890	0.00823	0.00248	0.00363	0.01649	0.00623	0.00556
30	0.01669	0.01441	0.01517	0.01365	0.01745	0.01669	0.01062	0.03565	0.71021	0.02807	0.02731	0.02503	0.02048	0.00910	0.00683	0.00228	0.00531	0.00759	0.00683	0.01062
31	0.02506	0.03198	0.01901	0.01729	0.02074	0.73725	0.01296	0.02679	0.01901	0.01642	0.01037	0.01210	0.00864	0.00691	0.00605	0.00173	0.01210	0.00432	0.00346	0.00778
32	0.01391	0.01193	0.01391	0.00994	0.01590	0.00894	0.00795	0.01690	0.01391	0.02186	0.01193	0.01391	0.00994	0.00497	0.00497	0.00099	0.00497	0.00398	0.00398	0.80521
33	0.00859	0.00614	0.00826	0.00982	0.01039	0.00581	0.00695	0.01006	0.01326	0.01759	0.03675	0.65217	0.04347	0.02063	0.00868	0.00278	0.00425	0.12262	0.00622	0.00556
34	0.01794	0.76823	0.03516	0.01148	0.01722	0.02655	0.01148	0.02009	0.01363	0.01579	0.00933	0.01076	0.00861	0.00574	0.00431	0.00144	0.00718	0.00359	0.00287	0.00861
35	0.00949	0.00800	0.00837	0.00807	0.01049	0.00748	0.00611	0.01408	0.12506	0.02071	0.13696	0.05668	0.53360	0.01537	0.00775	0.00225	0.00367	0.01289	0.00646	0.00652
36	0.00897	0.00684	0.00824	0.00789	0.00970	0.00611	0.00592	0.01164	0.01775	0.02395	0.49987	0.05498	0.28408	0.01482	0.00792	0.00216	0.00324	0.01282	0.00700	0.00611
37	0.01267	0.01193	0.02013	0.74806	0.04621	0.01491	0.01863	0.01714	0.01342	0.01714	0.01193	0.01789	0.00894	0.00671	0.00671	0.00224	0.00894	0.00596	0.00298	0.00745
38	0.03010	0.01142	0.01557	0.01194	0.01713	0.00986	0.00986	0.03270	0.01920	0.72698	0.02647	0.02284	0.01661	0.00830	0.00675	0.00208	0.00571	0.00675	0.00830	0.01142
39	0.01267	0.01193	0.02013	0.74806	0.04621	0.01491	0.01863	0.01714	0.01342	0.01714	0.01193	0.01789	0.00894	0.00671	0.00671	0.00224	0.00894	0.00596	0.00298	0.00745
40	0.00818	0.00584	0.00779	0.00934	0.00973	0.00545	0.00623	0.00934	0.01285	0.01713	0.03698	0.75981	0.04438	0.02102	0.00856	0.00273	0.00389	0.01908	0.00623	0.00545
41	0.01584	0.01810	0.03959	0.02828	0.03507	0.01697	0.69796	0.02149	0.01584	0.02149	0.01357	0.01810	0.01018	0.00566	0.00792	0.00226	0.01131	0.00792	0.00339	0.00905
42	0.00950	0.00686	0.00897	0.00844	0.01002	0.00633	0.00633	0.01266	0.01899	0.02691	0.71879	0.05012	0.06331	0.01372	0.00791	0.00211	0.00317	0.01213	0.00739	0.00633
43	0.01546	0.01991	0.12377	0.02638	0.03307	0.01705	0.56552	0.02108	0.01523	0.02108	0.01304	0.01737	0.00987	0.00618	0.00874	0.00229	0.06421	0.00740	0.00329	0.00903
44	0.07182	0.01200	0.01937	0.69333	0.04375	0.01492	0.01779	0.01733	0.01327	0.01810	0.01173	0.01737	0.00882	0.00667	0.00652	0.00222	0.00867	0.00579	0.00307	0.00744
45	0.00974	0.00912	0.05839	0.01027	0.01203	0.00772	0.00798	0.01391	0.10561	0.01968	0.08749	0.49120	0.10607	0.01751	0.00807	0.00253	0.00439	0.01560	0.00616	0.00653
46	0.21683	0.34053	0.14266	0.01301	0.01869	0.13365	0.01289	0.02125	0.01402	0.02038	0.00995	0.01158	0.00826	0.00615	0.00489	0.00176	0.00791	0.00394	0.00328	0.00836
47	0.07050	0.01828	0.01934	0.01498	0.02022	0.02031	0.01235	0.63335	0.05834	0.04100	0.01618	0.01618	0.01155	0.00799	0.00657	0.00203	0.00717	0.00597	0.00657	0.01114
48	0.01034	0.00743	0.00983	0.01097	0.01235	0.00731	0.00914	0.01279	0.01454	0.01876	0.03676	0.06952	0.10950	0.13511	0.01302	0.00354	0.00593	0.50149	0.00585	0.00579
49	0.04339	0.01237	0.01798	0.14512	0.11193	0.01305	0.07519	0.11451	0.04213	0.07931	0.04691	0.04459	0.05133	0.08384	0.02739	0.00275	0.00721	0.00762	0.06503	0.00834
50	0.01655	0.01544	0.04159	0.12431	0.11019	0.09741	0.05764	0.12614	0.03560	0.04844	0.12330	0.07530	0.05503	0.00944	0.00700	0.00210	0.00727	0.00817	0.03058	0.00848
51	0.02358	0.01220	0.01493	0.01232	0.01672	0.01215	0.00988	0.03232	0.27686	0.41453	0.07804	0.02568	0.02151	0.00900	0.00686	0.00215	0.00537	0.00746	0.00769	0.01074
52	0.01100	0.00676	0.00798	0.00795	0.00838	0.00659	0.00480	0.01135	0.01089	0.06520	0.02385	0.14745	0.02676	0.60052	0.02842	0.00563	0.00606	0.01091	0.00469	0.00480
53	0.01427	0.01323	0.02140	0.43210	0.15755	0.01537	0.04819	0.06531	0.01516	0.02026	0.03994	0.02016	0.03689	0.00763	0.00798	0.00223	0.06391	0.00657	0.00359	0.00825
54	0.13810	0.08771	0.25857	0.01248	0.01788	0.03771	0.01330	0.01738	0.01505	0.02265	0.16882	0.02910	0.13662	0.00960	0.00640	0.00206	0.00651	0.00762	0.00458	0.00786
