[name]
unknown

[dist]
# distance from previous block
# <min> <max>
7	291

[block]
# block no. 0 follows, 30 sequences, length 13
# corresponding to MSA columns:
# 352-364
name=unknown_A
#
# <colnr> <probs for GDERKNQSTAVLIFYWHMCP>
#	G	D	E	R	K	N	Q	S	T	A	V	L	I	F	Y	W	H	M	C	P
0	0.07635	0.10829	0.11096	0.01420	0.01924	0.06433	0.02981	0.14034	0.12677	0.02637	0.02230	0.02422	0.08569	0.00907	0.00702	0.00211	0.03048	0.02930	0.03109	0.04204
1	0.01759	0.04623	0.12133	0.01785	0.02308	0.10210	0.15639	0.11221	0.07978	0.04111	0.01923	0.13235	0.01722	0.01118	0.03553	0.00256	0.00903	0.00847	0.00485	0.04191
2	0.01719	0.04369	0.05898	0.04223	0.06757	0.14029	0.05769	0.06724	0.03387	0.06311	0.02353	0.11313	0.07402	0.03114	0.03763	0.00264	0.00825	0.03563	0.02941	0.05277
3	0.04114	0.03343	0.05719	0.03661	0.01476	0.00998	0.00900	0.01646	0.06567	0.05214	0.09471	0.09219	0.10281	0.12713	0.12489	0.00423	0.00769	0.00942	0.00519	0.09535
4	0.01790	0.01612	0.06493	0.01775	0.06561	0.04149	0.12833	0.05759	0.04102	0.11569	0.03999	0.02109	0.04355	0.00936	0.03404	0.00229	0.06046	0.00667	0.00487	0.21123
5	0.04195	0.04689	0.19338	0.01431	0.03982	0.01246	0.03213	0.04338	0.04358	0.02124	0.01988	0.05368	0.05714	0.06116	0.14097	0.03518	0.00936	0.00722	0.03247	0.09379
6	0.01557	0.04077	0.04432	0.01415	0.06035	0.01074	0.05835	0.01824	0.01533	0.13552	0.09782	0.12586	0.05627	0.11597	0.01186	0.00277	0.03768	0.00951	0.00547	0.12343
7	0.04216	0.10334	0.08081	0.01751	0.08828	0.09701	0.03746	0.08468	0.09090	0.04015	0.01736	0.07427	0.01505	0.01187	0.05647	0.00276	0.06627	0.00699	0.05762	0.00903
8	0.04421	0.00991	0.04164	0.01285	0.04542	0.00949	0.03319	0.03845	0.01376	0.04700	0.05013	0.14228	0.02314	0.06518	0.26461	0.05672	0.01045	0.02462	0.06010	0.00685
9	0.04853	0.11290	0.06208	0.01150	0.01413	0.14332	0.00929	0.01671	0.01370	0.01753	0.04880	0.05633	0.01975	0.26165	0.10124	0.00462	0.00912	0.00769	0.03451	0.00660
10	0.01358	0.03881	0.06597	0.01378	0.05768	0.03339	0.05776	0.03891	0.05052	0.01721	0.01725	0.02961	0.01731	0.31092	0.02310	0.18885	0.00749	0.00778	0.00395	0.00614
11	0.01954	0.07826	0.15801	0.04968	0.07663	0.06760	0.09689	0.21823	0.08780	0.02854	0.04035	0.01821	0.01342	0.00758	0.00688	0.00212	0.00874	0.00636	0.00487	0.01029
12	0.04728	0.01811	0.01885	0.05104	0.18918	0.20294	0.01370	0.03761	0.01685	0.08534	0.04204	0.04673	0.03586	0.01045	0.03683	0.00247	0.06363	0.00679	0.06553	0.00879

[dist]
# distance from previous block
# <min> <max>
9	17

[block]
# block no. 1 follows, 30 sequences, length 41
# corresponding to MSA columns:
# 403-443
name=unknown_B
#
# <colnr> <probs for GDERKNQSTAVLIFYWHMCP>
#	G	D	E	R	K	N	Q	S	T	A	V	L	I	F	Y	W	H	M	C	P
0	0.04252	0.08033	0.15321	0.01651	0.07434	0.06117	0.02862	0.02419	0.08880	0.15669	0.01804	0.02069	0.01404	0.05699	0.08740	0.00332	0.00900	0.00626	0.00487	0.05299
1	0.01774	0.08645	0.07133	0.01683	0.07516	0.08680	0.06400	0.11537	0.08290	0.05862	0.09579	0.04862	0.05650	0.05971	0.03136	0.00270	0.00789	0.00796	0.00526	0.00901
2	0.01588	0.14469	0.05861	0.03638	0.09441	0.07015	0.01101	0.01887	0.01521	0.05625	0.05500	0.02464	0.05047	0.06863	0.03435	0.00253	0.00701	0.00667	0.17398	0.05525
3	0.01646	0.02307	0.20615	0.02390	0.03094	0.05906	0.38175	0.06544	0.01706	0.02304	0.01562	0.07514	0.01295	0.00758	0.00769	0.00230	0.01057	0.00803	0.00385	0.00942
4	0.01957	0.02118	0.01967	0.01670	0.01956	0.28212	0.05285	0.05628	0.01634	0.02009	0.01223	0.01571	0.01041	0.00951	0.02629	0.00233	0.22994	0.00551	0.07582	0.08790
5	0.01134	0.00821	0.01084	0.01046	0.01165	0.00912	0.00766	0.06516	0.01258	0.01755	0.01958	0.03236	0.01952	0.27159	0.45085	0.00908	0.01404	0.00823	0.00415	0.00604
6	0.01434	0.01109	0.01340	0.01414	0.06918	0.01185	0.00961	0.02372	0.30318	0.05982	0.07420	0.24670	0.03101	0.07274	0.00997	0.00281	0.00527	0.01180	0.00651	0.00863
7	0.01499	0.01435	0.02509	0.21647	0.36796	0.01496	0.09203	0.01917	0.01548	0.02138	0.05663	0.07785	0.01661	0.00810	0.00731	0.00224	0.00830	0.00790	0.00386	0.00933
8	0.80405	0.01350	0.01026	0.00918	0.01350	0.01565	0.00756	0.02051	0.01188	0.03131	0.00972	0.01134	0.00756	0.00648	0.00432	0.00216	0.00540	0.00378	0.00432	0.00756
9	0.01446	0.00904	0.00800	0.00771	0.00961	0.06449	0.00582	0.03754	0.01560	0.02585	0.02163	0.02466	0.01699	0.00806	0.00505	0.00165	0.00413	0.00634	0.70658	0.00679
10	0.01412	0.01331	0.02286	0.04910	0.30735	0.01371	0.11065	0.01737	0.01444	0.02023	0.01970	0.19884	0.02017	0.03624	0.04662	0.00300	0.06939	0.01003	0.00420	0.00865
11	0.01196	0.00612	0.00897	0.00897	0.00897	0.00612	0.00591	0.00918	0.00918	0.01223	0.01291	0.02317	0.01318	0.08259	0.02793	0.73386	0.00612	0.00639	0.00313	0.00313
12	0.02711	0.01861	0.02036	0.01561	0.02117	0.02025	0.01290	0.60799	0.03124	0.12616	0.01807	0.01761	0.01253	0.00841	0.00699	0.00210	0.00747	0.00637	0.00718	0.01187
13	0.01447	0.01240	0.01447	0.01034	0.01654	0.00930	0.00827	0.01757	0.01447	0.02274	0.01240	0.01447	0.01034	0.00517	0.00517	0.00103	0.00517	0.00413	0.00413	0.79742
14	0.01866	0.75896	0.03657	0.01194	0.01791	0.02761	0.01194	0.02090	0.01418	0.01642	0.00970	0.01119	0.00896	0.00597	0.00448	0.00149	0.00746	0.00373	0.00299	0.00896
15	0.77556	0.01361	0.01091	0.01040	0.03876	0.01569	0.00806	0.02055	0.01202	0.03100	0.00984	0.01155	0.00768	0.00647	0.00441	0.00216	0.00550	0.00387	0.00429	0.00768
16	0.01722	0.01427	0.01531	0.01378	0.01742	0.01620	0.01066	0.11477	0.51578	0.02940	0.02840	0.12983	0.02372	0.01113	0.00735	0.00240	0.00558	0.00942	0.00700	0.01037
17	0.01301	0.00650	0.00650	0.00650	0.00813	0.00650	0.00488	0.01626	0.01463	0.02602	0.02276	0.02602	0.01789	0.00813	0.00488	0.00163	0.00325	0.00650	0.79350	0.00650
18	0.00920	0.00650	0.00779	0.00854	0.00956	0.00599	0.00586	0.01081	0.01433	0.01942	0.10623	0.39772	0.18278	0.08988	0.01087	0.00293	0.00405	0.01578	0.08600	0.00575
19	0.00850	0.00607	0.00810	0.00972	0.01012	0.00567	0.00648	0.00972	0.01336	0.01781	0.03846	0.75020	0.04615	0.02186	0.00891	0.00283	0.00405	0.01984	0.00648	0.00567
20	0.01623	0.01277	0.01416	0.01242	0.01576	0.01397	0.00969	0.15070	0.31006	0.03119	0.25412	0.05259	0.03505	0.01117	0.00745	0.00225	0.00509	0.00946	0.02641	0.00945
21	0.01788	0.01567	0.01470	0.01202	0.01650	0.15628	0.00935	0.02177	0.06206	0.09930	0.14738	0.02415	0.03756	0.00824	0.00638	0.00165	0.00640	0.00661	0.00544	0.33067
22	0.01623	0.01101	0.01272	0.01087	0.01391	0.01128	0.00855	0.19274	0.05795	0.07296	0.35079	0.03723	0.06092	0.01153	0.00738	0.00211	0.00472	0.00973	0.09889	0.00849
23	0.01994	0.08546	0.19680	0.09685	0.02572	0.28009	0.01714	0.02369	0.01626	0.06018	0.01211	0.01469	0.00950	0.00767	0.00851	0.00212	0.10572	0.00515	0.00356	0.00885
24	0.10610	0.35632	0.02475	0.03531	0.01821	0.15960	0.01129	0.02189	0.01545	0.07436	0.01501	0.08862	0.01401	0.00845	0.00567	0.00188	0.00781	0.02269	0.00415	0.00843
25	0.01854	0.27831	0.02216	0.01392	0.07063	0.11965	0.01038	0.02041	0.01478	0.09379	0.01596	0.02281	0.01470	0.19472	0.01304	0.00299	0.00768	0.00618	0.05138	0.00798
26	0.46348	0.01288	0.01338	0.14046	0.05602	0.01464	0.01046	0.05644	0.01447	0.02798	0.06153	0.02034	0.06756	0.00806	0.00564	0.00220	0.00608	0.00593	0.00460	0.00782
27	0.01016	0.00765	0.00966	0.01044	0.01206	0.00737	0.00825	0.01357	0.05450	0.02133	0.14635	0.22401	0.17603	0.01823	0.00884	0.00275	0.00478	0.25091	0.00668	0.00643
28	0.01399	0.01344	0.02050	0.30952	0.06588	0.01750	0.01655	0.01689	0.01249	0.01761	0.01302	0.07542	0.01227	0.01056	0.01452	0.00269	0.34885	0.00725	0.00337	0.00770
29	0.00926	0.00697	0.00857	0.00847	0.01012	0.00628	0.00624	0.01187	0.01787	0.02421	0.45008	0.15302	0.22906	0.01620	0.00833	0.00233	0.00346	0.01417	0.00720	0.00628
30	0.01097	0.00785	0.00970	0.00987	0.01090	0.00817	0.00708	0.01391	0.08161	0.01754	0.04805	0.08318	0.06167	0.31235	0.12284	0.05783	0.00783	0.11787	0.00507	0.00572
31	0.01511	0.18622	0.53780	0.01877	0.02799	0.01867	0.06015	0.02186	0.01472	0.02093	0.01202	0.01422	0.00896	0.00645	0.00627	0.00207	0.00980	0.00503	0.00299	0.00998
32	0.00935	0.00689	0.00886	0.01011	0.01089	0.00671	0.00698	0.01219	0.06797	0.01933	0.07259	0.63801	0.04505	0.02041	0.00875	0.00277	0.00419	0.03621	0.00659	0.00616
33	0.01515	0.01281	0.01484	0.01066	0.01683	0.01000	0.00855	0.05541	0.01551	0.02394	0.01265	0.01460	0.01042	0.00535	0.00527	0.00109	0.00531	0.00426	0.00430	0.75308
34	0.01808	0.01668	0.02353	0.18877	0.05091	0.07489	0.15598	0.07880	0.16656	0.06313	0.01785	0.03697	0.01377	0.00802	0.00787	0.00228	0.03869	0.00719	0.00484	0.02519
35	0.01777	0.44565	0.16737	0.01440	0.02046	0.07905	0.01478	0.02223	0.05963	0.01852	0.01310	0.01465	0.02757	0.00710	0.00642	0.00183	0.05218	0.00477	0.00339	0.00914
36	0.00879	0.00624	0.00820	0.00960	0.01005	0.00588	0.00644	0.01003	0.01336	0.01785	0.05773	0.64136	0.04467	0.08809	0.01133	0.00318	0.00435	0.04095	0.00631	0.00559
37	0.01160	0.01001	0.01246	0.01211	0.01343	0.06629	0.00940	0.01390	0.01183	0.01623	0.01753	0.02597	0.01646	0.06633	0.60383	0.00980	0.06548	0.00723	0.00370	0.00641
38	0.16549	0.01985	0.05791	0.01481	0.01960	0.13446	0.02865	0.18902	0.20521	0.04737	0.01915	0.01915	0.03313	0.00824	0.00646	0.00215	0.00757	0.00621	0.00567	0.00991
39	0.33336	0.01346	0.05636	0.01429	0.09151	0.01283	0.01057	0.02125	0.03171	0.14299	0.01991	0.07159	0.03486	0.06817	0.00847	0.00264	0.00614	0.04619	0.00526	0.00843
40	0.01835	0.14796	0.11555	0.02226	0.16631	0.11387	0.09599	0.07212	0.01755	0.04406	0.06731	0.04001	0.01587	0.02429	0.00734	0.00213	0.00875	0.00666	0.00419	0.00944

[dist]
# distance from previous block
# <min> <max>
0	11

[block]
# block no. 2 follows, 30 sequences, length 32
# corresponding to MSA columns:
# 459-490
name=unknown_C
#
# <colnr> <probs for GDERKNQSTAVLIFYWHMCP>
#	G	D	E	R	K	N	Q	S	T	A	V	L	I	F	Y	W	H	M	C	P
0	0.02114	0.11124	0.02011	0.01460	0.01901	0.19849	0.02707	0.17324	0.10192	0.05864	0.07679	0.05497	0.01835	0.00879	0.00661	0.00195	0.00792	0.00683	0.00546	0.06686
1	0.01659	0.06832	0.01751	0.01596	0.10326	0.08076	0.02649	0.12068	0.01859	0.04107	0.09170	0.14254	0.07133	0.01080	0.00695	0.00202	0.00641	0.00916	0.04669	0.10315
2	0.00886	0.00627	0.00820	0.00952	0.00998	0.00592	0.00637	0.01009	0.01336	0.01787	0.06759	0.61051	0.04436	0.10994	0.01211	0.00329	0.00442	0.03953	0.00626	0.00556
3	0.01710	0.15343	0.13385	0.02381	0.21509	0.04243	0.06649	0.06151	0.06429	0.02280	0.04474	0.01879	0.02918	0.00754	0.00751	0.00207	0.05152	0.00624	0.00401	0.02760
4	0.02201	0.01553	0.01754	0.01328	0.01898	0.01517	0.01083	0.30660	0.06432	0.12386	0.01722	0.01737	0.01257	0.00725	0.00630	0.00171	0.00636	0.00566	0.00612	0.31132
5	0.02338	0.01233	0.03632	0.01211	0.01654	0.01108	0.01007	0.11074	0.04733	0.38238	0.22416	0.03095	0.03065	0.01022	0.00736	0.00217	0.00551	0.00854	0.00791	0.01025
6	0.00905	0.00676	0.00834	0.00865	0.01000	0.00613	0.00617	0.01119	0.01643	0.02202	0.31534	0.28510	0.20924	0.04160	0.00934	0.00259	0.00371	0.01541	0.00689	0.00604
7	0.01909	0.01736	0.02182	0.01973	0.08022	0.05204	0.04578	0.18598	0.12815	0.02626	0.01477	0.01759	0.01201	0.00979	0.01363	0.00253	0.31241	0.00647	0.00475	0.00962
8	0.00942	0.00713	0.00872	0.00859	0.01040	0.00644	0.00652	0.01215	0.01803	0.02423	0.43438	0.08755	0.26169	0.01600	0.00837	0.00235	0.00363	0.06093	0.00717	0.00632
9	0.01706	0.01511	0.02425	0.10188	0.47426	0.01471	0.01805	0.02097	0.01564	0.05862	0.01367	0.01719	0.01107	0.00621	0.00658	0.00190	0.00765	0.00585	0.00383	0.16551
10	0.01453	0.07211	0.62132	0.01897	0.02850	0.01690	0.02377	0.02335	0.07460	0.02242	0.01377	0.01554	0.00994	0.00684	0.00656	0.00219	0.00974	0.00532	0.00331	0.01031
11	0.49123	0.01382	0.01248	0.01073	0.01494	0.01559	0.00872	0.13366	0.07607	0.04992	0.07450	0.01787	0.01515	0.00784	0.00544	0.00215	0.00555	0.00550	0.03026	0.00857
12	0.72819	0.01364	0.01079	0.00966	0.01394	0.01582	0.00789	0.02211	0.07810	0.03110	0.01152	0.01275	0.00888	0.00677	0.00459	0.00218	0.00541	0.00418	0.00459	0.00789
13	0.01301	0.01128	0.01158	0.01179	0.01372	0.07237	0.00869	0.04602	0.17345	0.02175	0.03487	0.39372	0.07972	0.01669	0.00819	0.00260	0.00542	0.06129	0.00639	0.00745
14	0.00920	0.00711	0.00839	0.00807	0.01001	0.00630	0.00605	0.01186	0.01816	0.02420	0.44355	0.05836	0.33220	0.01568	0.00824	0.00226	0.00339	0.01349	0.00718	0.00630
15	0.00997	0.00748	0.01121	0.01121	0.01246	0.00872	0.00872	0.01246	0.01121	0.01620	0.01869	0.02741	0.01745	0.05234	0.72710	0.01121	0.01869	0.00748	0.00374	0.00623
16	0.01866	0.75896	0.03657	0.01194	0.01791	0.02761	0.01194	0.02090	0.01418	0.01642	0.00970	0.01119	0.00896	0.00597	0.00448	0.00149	0.00746	0.00373	0.00299	0.00896
17	0.01306	0.00891	0.01077	0.01021	0.01196	0.00975	0.00756	0.04066	0.12247	0.04538	0.02200	0.03081	0.01983	0.20241	0.26921	0.00641	0.01019	0.00795	0.14350	0.00697
18	0.01473	0.04914	0.04527	0.01109	0.04435	0.00977	0.04231	0.03967	0.01618	0.06025	0.09573	0.02639	0.02134	0.00845	0.00574	0.00181	0.00475	0.00706	0.48836	0.00762
19	0.01212	0.00606	0.00909	0.00909	0.00909	0.00606	0.00606	0.00909	0.00909	0.01212	0.01212	0.02121	0.01212	0.02424	0.02727	0.79697	0.00606	0.00606	0.00303	0.00303
20	0.01000	0.00737	0.01068	0.01068	0.01174	0.00843	0.00806	0.01212	0.01106	0.01581	0.01918	0.03011	0.01862	0.15607	0.62497	0.01056	0.01693	0.00787	0.00381	0.00593
21	0.01447	0.01240	0.01447	0.01034	0.01654	0.00930	0.00827	0.01757	0.01447	0.02274	0.01240	0.01447	0.01034	0.00517	0.00517	0.00103	0.00517	0.00413	0.00413	0.79742
22	0.23852	0.01032	0.01209	0.01123	0.01311	0.01171	0.03032	0.01536	0.01206	0.03983	0.01969	0.14999	0.02066	0.17023	0.09605	0.00441	0.10163	0.03165	0.00461	0.00655
23	0.01100	0.00786	0.01097	0.01258	0.01408	0.00783	0.01083	0.01404	0.01583	0.02061	0.03708	0.13753	0.04069	0.01950	0.00957	0.00318	0.00622	0.60782	0.00643	0.00636
24	0.02530	0.02794	0.02005	0.01742	0.02115	0.48743	0.01350	0.16466	0.02162	0.04632	0.01244	0.01409	0.00989	0.00797	0.00806	0.00199	0.08167	0.00511	0.00442	0.00896
25	0.02610	0.01933	0.02070	0.01597	0.02148	0.02144	0.01316	0.65754	0.06392	0.04329	0.01730	0.01719	0.01231	0.00843	0.00699	0.00211	0.00758	0.00636	0.00699	0.01183
26	0.08601	0.01310	0.01592	0.01354	0.01660	0.04325	0.06529	0.15449	0.10011	0.05674	0.01759	0.04455	0.01508	0.01442	0.01394	0.27339	0.00696	0.03642	0.00502	0.00758
27	0.01848	0.27083	0.05103	0.03240	0.02104	0.17787	0.09260	0.05637	0.03537	0.02029	0.05332	0.02325	0.07260	0.00851	0.00641	0.00195	0.00864	0.03629	0.00420	0.00855
28	0.01506	0.01275	0.01478	0.01061	0.01679	0.00990	0.00851	0.05010	0.01536	0.02377	0.01261	0.01458	0.01041	0.00532	0.00526	0.00109	0.00529	0.00424	0.00427	0.75930
29	0.01862	0.05347	0.29359	0.01520	0.02195	0.01438	0.01615	0.10411	0.05016	0.16501	0.05718	0.06009	0.04909	0.00900	0.00690	0.00215	0.00754	0.00730	0.00543	0.04267
30	0.01878	0.01570	0.01658	0.01449	0.01869	0.01802	0.01139	0.13809	0.59530	0.03149	0.02659	0.02460	0.01984	0.00930	0.00708	0.00232	0.00586	0.00764	0.00708	0.01117
31	0.01535	0.00814	0.00850	0.00780	0.01003	0.00828	0.00603	0.08732	0.01680	0.06296	0.02238	0.02493	0.01723	0.00818	0.00521	0.00170	0.00385	0.00651	0.67146	0.00734

[dist]
# distance from previous block
# <min> <max>
0	4

[block]
# block no. 3 follows, 30 sequences, length 44
# corresponding to MSA columns:
# 495-538
name=unknown_D
#
# <colnr> <probs for GDERKNQSTAVLIFYWHMCP>
#	G	D	E	R	K	N	Q	S	T	A	V	L	I	F	Y	W	H	M	C	P
0	0.03684	0.00682	0.00716	0.00711	0.00855	0.00681	0.00512	0.01495	0.01446	0.02436	0.10279	0.05398	0.02512	0.11643	0.00978	0.00248	0.00385	0.00807	0.53910	0.00619
1	0.01100	0.00633	0.00842	0.00858	0.00862	0.00629	0.00539	0.00956	0.00992	0.01323	0.01854	0.10261	0.02061	0.30691	0.02865	0.41260	0.00614	0.00900	0.00383	0.00375
2	0.01128	0.00693	0.00895	0.00968	0.01097	0.00626	0.00678	0.01275	0.01453	0.10404	0.04160	0.56564	0.13471	0.01965	0.00858	0.00268	0.00421	0.01755	0.00674	0.00646
3	0.02678	0.01626	0.01856	0.01454	0.01982	0.01713	0.01191	0.36823	0.12796	0.27038	0.02216	0.02052	0.01512	0.00863	0.00701	0.00216	0.00676	0.00677	0.00756	0.01175
4	0.02290	0.01675	0.01816	0.01487	0.01970	0.01860	0.01197	0.33218	0.32948	0.10367	0.02303	0.02160	0.01662	0.00889	0.00704	0.00222	0.00654	0.00707	0.00720	0.01150
5	0.12167	0.01475	0.01816	0.24616	0.04797	0.01667	0.01378	0.26717	0.02117	0.06811	0.01715	0.01934	0.03509	0.00794	0.00655	0.00216	0.00741	0.00627	0.05306	0.00944
6	0.01684	0.01767	0.03423	0.08264	0.11009	0.01812	0.42694	0.06682	0.01658	0.02282	0.01341	0.01803	0.01045	0.00700	0.00981	0.00239	0.10565	0.00744	0.00366	0.00941
7	0.10767	0.09875	0.22190	0.01702	0.02193	0.18925	0.01666	0.02181	0.01451	0.02001	0.01064	0.01362	0.00882	0.00813	0.01030	0.00225	0.19987	0.00495	0.00329	0.00864
8	0.12216	0.02408	0.28026	0.01621	0.02324	0.01774	0.01683	0.25237	0.08352	0.07371	0.01598	0.01657	0.01137	0.00759	0.00652	0.00217	0.00807	0.00573	0.00524	0.01065
9	0.01447	0.01240	0.01447	0.01034	0.01654	0.00930	0.00827	0.01757	0.01447	0.02274	0.01240	0.01447	0.01034	0.00517	0.00517	0.00103	0.00517	0.00413	0.00413	0.79742
10	0.00963	0.00714	0.00812	0.00808	0.01011	0.00620	0.00598	0.01170	0.01657	0.05029	0.20829	0.16352	0.43511	0.01714	0.00829	0.00238	0.00366	0.01468	0.00684	0.00627
11	0.01611	0.01678	0.02635	0.02350	0.10220	0.04352	0.15907	0.01888	0.01282	0.01868	0.01073	0.01617	0.00968	0.01000	0.01737	0.00275	0.47722	0.00652	0.00322	0.00842
12	0.00996	0.00678	0.00892	0.01029	0.01121	0.00657	0.00776	0.01202	0.01428	0.01961	0.03561	0.42578	0.04026	0.04396	0.00957	0.00295	0.00482	0.22657	0.09713	0.00596
13	0.01175	0.00623	0.00904	0.00904	0.00911	0.00631	0.00600	0.00943	0.00935	0.01254	0.01374	0.02460	0.01408	0.11596	0.07073	0.65195	0.00691	0.00665	0.00322	0.00337
14	0.01866	0.75896	0.03657	0.01194	0.01791	0.02761	0.01194	0.02090	0.01418	0.01642	0.00970	0.01119	0.00896	0.00597	0.00448	0.00149	0.00746	0.00373	0.00299	0.00896
15	0.03131	0.01188	0.01619	0.01242	0.01781	0.01026	0.01026	0.03401	0.01997	0.71606	0.02753	0.02375	0.01727	0.00864	0.00702	0.00216	0.00594	0.00702	0.00864	0.01188
16	0.00999	0.00687	0.00815	0.00820	0.00850	0.00699	0.00502	0.01048	0.01065	0.01429	0.02404	0.06461	0.05371	0.59563	0.13822	0.00714	0.00835	0.01022	0.00432	0.00464
17	0.02055	0.15551	0.02107	0.01479	0.01925	0.16162	0.01199	0.11846	0.34938	0.02639	0.01991	0.01940	0.01533	0.00823	0.00644	0.00206	0.00758	0.00624	0.00563	0.01018
18	0.80405	0.01350	0.01026	0.00918	0.01350	0.01565	0.00756	0.02051	0.01188	0.03131	0.00972	0.01134	0.00756	0.00648	0.00432	0.00216	0.00540	0.00378	0.00432	0.00756
19	0.04079	0.12943	0.16513	0.03951	0.06690	0.05720	0.09895	0.22419	0.02054	0.02764	0.01490	0.05619	0.01219	0.00783	0.00670	0.00209	0.00876	0.00651	0.00456	0.01000
20	0.00863	0.00638	0.00831	0.00951	0.01029	0.00605	0.00657	0.01008	0.01348	0.01778	0.04085	0.56790	0.13879	0.02477	0.09162	0.00373	0.00566	0.01767	0.00616	0.00577
21	0.01365	0.01288	0.02178	0.65783	0.12453	0.01563	0.01961	0.01824	0.01418	0.01840	0.01249	0.01845	0.00950	0.00689	0.00697	0.00230	0.00919	0.00620	0.00314	0.00813
22	0.01979	0.00849	0.01010	0.00870	0.01172	0.00789	0.00687	0.02284	0.01661	0.28176	0.02453	0.02518	0.01766	0.00832	0.00567	0.00182	0.00425	0.00669	0.50261	0.00849
23	0.02306	0.01721	0.01854	0.01507	0.01998	0.01919	0.01217	0.38138	0.30507	0.07867	0.02218	0.02098	0.01606	0.00884	0.00703	0.00221	0.00669	0.00699	0.00713	0.01153
24	0.00997	0.00748	0.01121	0.01121	0.01246	0.00872	0.00872	0.01246	0.01121	0.01620	0.01869	0.02741	0.01745	0.05234	0.72710	0.01121	0.01869	0.00748	0.00374	0.00623
25	0.01534	0.01484	0.02231	0.52067	0.10168	0.06460	0.05549	0.05880	0.01585	0.02012	0.01353	0.01998	0.01069	0.00736	0.00708	0.00228	0.00938	0.02812	0.00353	0.00836
26	0.47984	0.01302	0.01262	0.01051	0.01525	0.01374	0.00862	0.02540	0.05204	0.24110	0.01636	0.01613	0.01145	0.00723	0.00535	0.00211	0.00556	0.00502	0.00579	0.05288
27	0.00979	0.00727	0.01033	0.01044	0.01153	0.00812	0.00783	0.01185	0.01149	0.01613	0.02334	0.08142	0.05871	0.13489	0.55276	0.00960	0.01538	0.00906	0.00414	0.00593
28	0.02375	0.26065	0.02504	0.01609	0.02043	0.50767	0.01300	0.02568	0.01802	0.01687	0.01045	0.01215	0.00898	0.00681	0.00572	0.00170	0.01098	0.00426	0.00340	0.00836
29	0.01944	0.03694	0.06368	0.01828	0.02316	0.10594	0.21042	0.04117	0.01679	0.17151	0.01883	0.06597	0.01521	0.01631	0.13971	0.00386	0.01109	0.00772	0.00492	0.00906
30	0.01405	0.00834	0.01144	0.01000	0.01237	0.00762	0.02832	0.01704	0.01890	0.15313	0.50416	0.04533	0.05184	0.07416	0.01026	0.00257	0.00433	0.01125	0.00744	0.00745
31	0.01834	0.70939	0.08333	0.01249	0.01875	0.02683	0.01289	0.02098	0.01422	0.01681	0.00989	0.01144	0.00895	0.00602	0.00463	0.00154	0.00766	0.00383	0.00298	0.00905
32	0.01408	0.03553	0.69638	0.02020	0.03041	0.01625	0.04744	0.02211	0.01479	0.02211	0.01258	0.01487	0.00890	0.00661	0.00668	0.00221	0.01036	0.00526	0.00297	0.01028
33	0.00961	0.00704	0.00908	0.00927	0.01076	0.00652	0.00700	0.01233	0.01766	0.02417	0.42697	0.18881	0.13019	0.01670	0.00854	0.00246	0.00385	0.09557	0.00716	0.00631
34	0.01407	0.03082	0.56572	0.01828	0.02700	0.01550	0.02232	0.02317	0.09990	0.02330	0.05805	0.02043	0.01487	0.00785	0.00688	0.00226	0.00917	0.02648	0.00386	0.01005
35	0.02730	0.01386	0.01635	0.01257	0.01802	0.05980	0.01024	0.06553	0.01954	0.49226	0.02275	0.02074	0.01502	0.00783	0.00659	0.00190	0.00633	0.00622	0.00730	0.16983
36	0.05273	0.01225	0.01623	0.01248	0.01785	0.01089	0.01031	0.06132	0.02029	0.66844	0.02658	0.02311	0.01677	0.00857	0.00694	0.00216	0.00600	0.00690	0.00845	0.01175
37	0.00883	0.00707	0.00860	0.04010	0.01181	0.00664	0.00684	0.01068	0.01448	0.01822	0.05117	0.26623	0.37617	0.02281	0.09758	0.00362	0.00589	0.03131	0.00599	0.00596
38	0.02647	0.01898	0.02051	0.01580	0.02131	0.02088	0.01303	0.63031	0.05503	0.07970	0.01774	0.01745	0.01248	0.00843	0.00699	0.00211	0.00751	0.00638	0.00707	0.01184
39	0.00997	0.00709	0.00864	0.00864	0.01021	0.00664	0.00633	0.01316	0.03978	0.02440	0.37764	0.19390	0.14652	0.01545	0.00795	0.00229	0.00355	0.01354	0.09785	0.00644
40	0.02027	0.01341	0.01926	0.04075	0.06773	0.01367	0.10599	0.04789	0.21085	0.21593	0.02354	0.04085	0.01740	0.00981	0.02825	0.00247	0.00699	0.00760	0.09720	0.01016
41	0.01027	0.00672	0.00770	0.00770	0.00770	0.00672	0.00434	0.01008	0.01008	0.01344	0.02138	0.04416	0.02456	0.70987	0.03501	0.05531	0.00672	0.00990	0.00415	0.00415
42	0.02359	0.04972	0.01911	0.01453	0.01939	0.06159	0.01187	0.42044	0.08951	0.09442	0.06735	0.02289	0.05546	0.00924	0.00700	0.00210	0.00710	0.00717	0.00677	0.01075
43	0.11066	0.07211	0.01821	0.01435	0.03461	0.16436	0.03320	0.06398	0.01707	0.11267	0.03794	0.08894	0.01585	0.00886	0.00727	0.00197	0.05110	0.00677	0.00496	0.13511

[dist]
# distance from previous block
# <min> <max>
0	1

[block]
# block no. 4 follows, 30 sequences, length 27
# corresponding to MSA columns:
# 540-566
name=unknown_E
#
# <colnr> <probs for GDERKNQSTAVLIFYWHMCP>
#	G	D	E	R	K	N	Q	S	T	A	V	L	I	F	Y	W	H	M	C	P
0	0.01851	0.45698	0.06633	0.01312	0.01838	0.02311	0.01241	0.12850	0.04912	0.02175	0.01361	0.03993	0.01216	0.03343	0.03770	0.00235	0.03400	0.00541	0.00402	0.00917
1	0.68985	0.01305	0.01076	0.00943	0.01376	0.01472	0.00775	0.02181	0.01286	0.10538	0.01215	0.01325	0.00901	0.00678	0.00463	0.00214	0.00537	0.00423	0.03510	0.00799
2	0.09179	0.09769	0.10110	0.04206	0.08203	0.01771	0.16739	0.14731	0.01913	0.14379	0.01570	0.01721	0.01132	0.00702	0.00672	0.00212	0.00847	0.00622	0.00497	0.01025
3	0.01577	0.01844	0.12938	0.09043	0.22341	0.06236	0.05861	0.05423	0.06860	0.02263	0.05447	0.08795	0.01823	0.05425	0.00893	0.00250	0.00821	0.00802	0.00436	0.00922
4	0.00863	0.00704	0.00764	0.00759	0.00969	0.00604	0.00565	0.01073	0.01667	0.02090	0.21557	0.09594	0.52942	0.01709	0.00827	0.00234	0.00350	0.01448	0.00676	0.00604
5	0.01049	0.00692	0.00944	0.00944	0.01019	0.00723	0.00670	0.01105	0.01158	0.01586	0.08094	0.03602	0.06216	0.20274	0.26504	0.20687	0.01017	0.02796	0.00425	0.00497
6	0.18131	0.01175	0.01245	0.01043	0.01431	0.01222	0.00841	0.12492	0.05504	0.20726	0.02072	0.02103	0.01489	0.00803	0.00575	0.00198	0.00517	0.00612	0.26903	0.00916
7	0.80405	0.01350	0.01026	0.00918	0.01350	0.01565	0.00756	0.02051	0.01188	0.03131	0.00972	0.01134	0.00756	0.00648	0.00432	0.00216	0.00540	0.00378	0.00432	0.00756
8	0.01040	0.00765	0.01025	0.01024	0.01123	0.00851	0.00740	0.01314	0.05347	0.01629	0.02134	0.07172	0.02160	0.25839	0.43685	0.00888	0.01352	0.00897	0.00424	0.00590
9	0.01660	0.01586	0.02649	0.14966	0.51646	0.01652	0.04564	0.02233	0.07860	0.02258	0.01446	0.01835	0.01170	0.00662	0.00699	0.00215	0.00833	0.00645	0.00374	0.01047
10	0.10713	0.01991	0.02361	0.09201	0.41043	0.18778	0.01778	0.02257	0.01621	0.02195	0.01212	0.01559	0.01002	0.00655	0.00648	0.00204	0.00909	0.00553	0.00356	0.00967
11	0.11213	0.01499	0.01461	0.01236	0.01596	0.11129	0.00977	0.14671	0.01954	0.17503	0.08953	0.02375	0.01927	0.05140	0.04884	0.00283	0.02977	0.00685	0.08647	0.00890
12	0.00868	0.00666	0.00796	0.00853	0.00992	0.00594	0.00606	0.01053	0.01562	0.02027	0.18651	0.35034	0.30040	0.01874	0.00852	0.00252	0.00370	0.01644	0.00672	0.00594
13	0.01705	0.01415	0.02359	0.35269	0.33209	0.01536	0.01921	0.02126	0.01549	0.10071	0.01447	0.01862	0.01098	0.00684	0.00695	0.00220	0.00847	0.00630	0.00389	0.00966
14	0.01145	0.00927	0.00996	0.00949	0.01210	0.00919	0.00729	0.04094	0.16874	0.02348	0.13108	0.07546	0.37555	0.01492	0.00789	0.00235	0.00422	0.04014	0.03909	0.00737
15	0.01046	0.00729	0.00846	0.00827	0.00827	0.00767	0.00491	0.01056	0.01018	0.01373	0.02119	0.04379	0.02437	0.70889	0.03474	0.00654	0.05218	0.00990	0.00416	0.00444
16	0.02038	0.55799	0.03219	0.03414	0.01969	0.09209	0.01250	0.12173	0.01750	0.02066	0.01094	0.01237	0.00941	0.00648	0.00510	0.00164	0.00803	0.00426	0.00365	0.00928
17	0.01495	0.01253	0.01367	0.01244	0.01569	0.01397	0.00960	0.02949	0.48650	0.02844	0.21430	0.03480	0.06159	0.01111	0.00745	0.00232	0.00484	0.00945	0.00723	0.00962
18	0.10732	0.07726	0.13399	0.01721	0.06328	0.21367	0.01466	0.12849	0.01952	0.13914	0.01470	0.01547	0.01075	0.00730	0.00627	0.00200	0.00896	0.00527	0.00487	0.00985
19	0.01311	0.01131	0.01793	0.37889	0.03181	0.01285	0.05486	0.03836	0.01607	0.04089	0.15990	0.06394	0.08113	0.01028	0.00815	0.00234	0.03678	0.00900	0.00478	0.00761
20	0.01447	0.01240	0.01447	0.01034	0.01654	0.00930	0.00827	0.01757	0.01447	0.02274	0.01240	0.01447	0.01034	0.00517	0.00517	0.00103	0.00517	0.00413	0.00413	0.79742
21	0.80405	0.01350	0.01026	0.00918	0.01350	0.01565	0.00756	0.02051	0.01188	0.03131	0.00972	0.01134	0.00756	0.00648	0.00432	0.00216	0.00540	0.00378	0.00432	0.00756
22	0.01390	0.01279	0.02093	0.69911	0.04664	0.01583	0.01905	0.05391	0.01497	0.01924	0.01264	0.01850	0.00944	0.00705	0.00698	0.00231	0.00921	0.00621	0.00331	0.00797
23	0.01652	0.24058	0.17627	0.02130	0.08334	0.01963	0.21701	0.03777	0.03598	0.02094	0.01474	0.01795	0.03047	0.02940	0.00745	0.00217	0.00923	0.00628	0.00354	0.00945
24	0.01083	0.00808	0.00991	0.00974	0.01143	0.00861	0.00729	0.01509	0.09662	0.01951	0.05479	0.05609	0.15829	0.11033	0.30105	0.00635	0.01023	0.00964	0.08956	0.00656
25	0.05148	0.16669	0.06534	0.01453	0.03849	0.10672	0.01218	0.14260	0.05404	0.06263	0.10760	0.06042	0.02050	0.02668	0.00788	0.00217	0.03862	0.00714	0.00521	0.00907
26	0.01844	0.10096	0.22491	0.01624	0.02225	0.10005	0.01616	0.14282	0.15082	0.02604	0.01867	0.02406	0.01544	0.00895	0.00687	0.00221	0.00844	0.08187	0.00495	0.00988

[dist]
# distance from previous block
# <min> <max>
2	12

[block]
# block no. 5 follows, 30 sequences, length 9
# corresponding to MSA columns:
# 581-589
name=unknown_F
#
# <colnr> <probs for GDERKNQSTAVLIFYWHMCP>
#	G	D	E	R	K	N	Q	S	T	A	V	L	I	F	Y	W	H	M	C	P
0	0.04252	0.01784	0.02190	0.05443	0.25712	0.10155	0.04186	0.09618	0.19267	0.05305	0.01930	0.02056	0.03405	0.00785	0.00691	0.00215	0.00789	0.00673	0.00508	0.01036
1	0.20627	0.01559	0.01855	0.01602	0.04852	0.05805	0.08105	0.13957	0.01715	0.04969	0.05831	0.02067	0.01507	0.08509	0.01222	0.00277	0.13560	0.00658	0.00477	0.00846
2	0.01630	0.01246	0.01648	0.01335	0.01776	0.01176	0.08336	0.08399	0.12192	0.09571	0.02919	0.11432	0.11549	0.01084	0.00721	0.00208	0.00596	0.03600	0.00595	0.19985
3	0.01969	0.00936	0.01216	0.01019	0.01373	0.00819	0.00809	0.02243	0.01916	0.35091	0.27192	0.04145	0.15881	0.01223	0.00766	0.00221	0.00458	0.01036	0.00792	0.00896
4	0.02689	0.01896	0.02058	0.01578	0.02135	0.02077	0.01303	0.63801	0.03183	0.09531	0.01758	0.01729	0.01228	0.00840	0.00698	0.00210	0.00755	0.00634	0.00711	0.01187
5	0.01556	0.00897	0.00923	0.00831	0.01068	0.00936	0.00646	0.14319	0.01807	0.02941	0.02163	0.02427	0.01675	0.00818	0.00528	0.00171	0.00409	0.00646	0.64487	0.00752
6	0.00898	0.00693	0.00790	0.00844	0.00991	0.00625	0.00612	0.01052	0.01445	0.01802	0.05175	0.21129	0.37351	0.13764	0.01296	0.00328	0.00452	0.09578	0.00611	0.00564
7	0.02210	0.01181	0.01563	0.13734	0.02168	0.01194	0.01123	0.06206	0.10673	0.33763	0.09244	0.02731	0.04644	0.00930	0.00706	0.00219	0.00605	0.00775	0.05330	0.01000
8	0.01598	0.01651	0.13873	0.01540	0.02039	0.01316	0.10881	0.02458	0.20600	0.10805	0.08874	0.06105	0.10359	0.03680	0.00849	0.00247	0.00685	0.00917	0.00591	0.00931

[dist]
# distance from previous block
# <min> <max>
0	3

[block]
# block no. 6 follows, 30 sequences, length 20
# corresponding to MSA columns:
# 593-606,650-655
name=unknown_G
#
# <colnr> <probs for GDERKNQSTAVLIFYWHMCP>
#	G	D	E	R	K	N	Q	S	T	A	V	L	I	F	Y	W	H	M	C	P
0	0.01448	0.03488	0.01838	0.01555	0.01817	0.10125	0.10970	0.03921	0.01633	0.02103	0.11594	0.09181	0.06197	0.01578	0.05829	0.00313	0.10653	0.14503	0.00511	0.00741
1	0.04249	0.09103	0.01995	0.04167	0.02014	0.06482	0.07458	0.05409	0.05004	0.02271	0.01353	0.01604	0.01110	0.00912	0.05405	0.00215	0.00778	0.00510	0.00415	0.39545
2	0.24508	0.05703	0.01830	0.04449	0.01982	0.26112	0.01214	0.13450	0.01815	0.02560	0.01131	0.01342	0.00910	0.00771	0.00773	0.00210	0.09478	0.00481	0.00426	0.00855
3	0.01109	0.00999	0.05713	0.01083	0.01287	0.00882	0.00850	0.01676	0.14810	0.02196	0.09517	0.41262	0.06074	0.01645	0.00798	0.00253	0.00460	0.01458	0.07209	0.00719
4	0.00953	0.00695	0.00897	0.00920	0.01046	0.00662	0.00672	0.01183	0.01604	0.02193	0.32414	0.20583	0.11866	0.08632	0.07958	0.00369	0.00547	0.05550	0.00653	0.00606
5	0.02573	0.01218	0.01529	0.01239	0.01707	0.01156	0.01000	0.06399	0.14315	0.47272	0.03090	0.06175	0.07073	0.01008	0.00721	0.00224	0.00568	0.00833	0.00801	0.01098
6	0.01353	0.00850	0.00993	0.00926	0.01126	0.00833	0.00674	0.01770	0.10052	0.10331	0.17975	0.06032	0.11794	0.20428	0.01469	0.00339	0.00491	0.02829	0.09032	0.00703
7	0.80405	0.01350	0.01026	0.00918	0.01350	0.01565	0.00756	0.02051	0.01188	0.03131	0.00972	0.01134	0.00756	0.00648	0.00432	0.00216	0.00540	0.00378	0.00432	0.00756
8	0.02198	0.01817	0.01763	0.01470	0.01912	0.09381	0.01171	0.32594	0.26244	0.03423	0.02076	0.02044	0.01543	0.00861	0.00675	0.00211	0.00702	0.00668	0.08179	0.01067
9	0.01138	0.00655	0.00982	0.00982	0.01025	0.00698	0.00698	0.01025	0.00982	0.01353	0.01438	0.02335	0.01395	0.03392	0.26824	0.52642	0.01041	0.00655	0.00327	0.00413
10	0.02223	0.09384	0.02244	0.05597	0.10782	0.28992	0.01443	0.17899	0.02059	0.02407	0.01341	0.04323	0.01139	0.00817	0.00773	0.00203	0.06424	0.00586	0.00436	0.00928
11	0.13559	0.01750	0.02093	0.14006	0.24631	0.10508	0.01573	0.09828	0.07393	0.05976	0.01460	0.01701	0.01124	0.00713	0.00649	0.00212	0.00815	0.00583	0.00450	0.00977
12	0.01687	0.01400	0.01523	0.01356	0.01669	0.03652	0.01069	0.10037	0.37123	0.02715	0.02295	0.02393	0.01795	0.01569	0.11442	0.00360	0.06906	0.00725	0.09330	0.00955
13	0.00840	0.00708	0.00728	0.00723	0.00952	0.00596	0.00542	0.01032	0.01627	0.01972	0.13153	0.06572	0.64701	0.01735	0.00825	0.00234	0.00351	0.01453	0.00659	0.00596
14	0.28846	0.01813	0.10450	0.01491	0.02005	0.04556	0.08371	0.09647	0.14649	0.02834	0.01566	0.01735	0.01202	0.01106	0.06618	0.00296	0.00836	0.00582	0.00481	0.00915
15	0.01283	0.00900	0.01206	0.01178	0.01289	0.00988	0.00886	0.01435	0.01380	0.10317	0.03343	0.42625	0.09733	0.01761	0.01184	0.00276	0.17468	0.01461	0.00595	0.00690
16	0.00969	0.00711	0.00967	0.00980	0.01084	0.00754	0.00714	0.01163	0.01266	0.01756	0.11102	0.12495	0.07470	0.16851	0.37645	0.00767	0.01181	0.01060	0.00484	0.00582
17	0.02074	0.27509	0.02572	0.03831	0.09315	0.11645	0.01333	0.17343	0.05422	0.04305	0.04384	0.01893	0.01431	0.00785	0.00618	0.00191	0.00799	0.03113	0.00471	0.00967
18	0.01493	0.15470	0.13082	0.01516	0.01990	0.03273	0.09627	0.06434	0.08613	0.02279	0.09582	0.18978	0.02539	0.01119	0.00719	0.00224	0.00714	0.00982	0.00507	0.00859
19	0.12970	0.01794	0.05324	0.26426	0.02910	0.12017	0.01447	0.14454	0.01813	0.02546	0.01295	0.01601	0.00985	0.00705	0.00624	0.00203	0.00838	0.00538	0.03103	0.08406

[dist]
# distance from previous block
# <min> <max>
5	14

[block]
# block no. 7 follows, 30 sequences, length 14
# corresponding to MSA columns:
# 670-683
name=unknown_H
#
# <colnr> <probs for GDERKNQSTAVLIFYWHMCP>
#	G	D	E	R	K	N	Q	S	T	A	V	L	I	F	Y	W	H	M	C	P
0	0.52049	0.01483	0.01606	0.01653	0.13057	0.01630	0.04165	0.09301	0.01536	0.06131	0.01203	0.01379	0.00917	0.00671	0.00533	0.00215	0.00644	0.00480	0.00462	0.00887
1	0.01678	0.01499	0.02083	0.01745	0.01901	0.01923	0.04490	0.02101	0.10014	0.07239	0.01343	0.01742	0.01146	0.01094	0.01809	0.00276	0.52051	0.00640	0.00408	0.04818
2	0.12151	0.01756	0.04260	0.04802	0.22610	0.06458	0.01490	0.12890	0.16374	0.07766	0.01733	0.01841	0.01308	0.00756	0.00659	0.00215	0.00745	0.00618	0.00524	0.01045
3	0.39501	0.01583	0.01647	0.01322	0.01819	0.05174	0.06216	0.16031	0.01848	0.16508	0.01500	0.01549	0.01063	0.00727	0.00579	0.00214	0.00682	0.00530	0.00560	0.00945
4	0.80405	0.01350	0.01026	0.00918	0.01350	0.01565	0.00756	0.02051	0.01188	0.03131	0.00972	0.01134	0.00756	0.00648	0.00432	0.00216	0.00540	0.00378	0.00432	0.00756
5	0.00934	0.00711	0.00858	0.00821	0.01009	0.00635	0.00616	0.01212	0.01848	0.02495	0.49626	0.05711	0.27902	0.01540	0.00824	0.00225	0.00337	0.01332	0.00728	0.00635
6	0.01736	0.01499	0.01578	0.01420	0.01815	0.01736	0.01105	0.03708	0.69862	0.02919	0.02840	0.02604	0.02130	0.00947	0.00710	0.00237	0.00552	0.00789	0.00710	0.01105
7	0.01548	0.01411	0.02447	0.01909	0.02239	0.01509	0.26252	0.05994	0.06926	0.02025	0.01470	0.02125	0.01276	0.06969	0.01712	0.18167	0.14143	0.00736	0.00389	0.00754
8	0.00929	0.00686	0.00880	0.00968	0.01092	0.00637	0.00724	0.01143	0.01567	0.02071	0.18249	0.35309	0.16451	0.01904	0.00880	0.00269	0.00427	0.14537	0.00672	0.00605
9	0.04917	0.01971	0.19997	0.13906	0.27427	0.01498	0.01959	0.02247	0.01572	0.12102	0.01588	0.02035	0.01230	0.00740	0.00689	0.00222	0.00843	0.03629	0.00418	0.01011
10	0.01009	0.00701	0.00883	0.00883	0.00926	0.00743	0.00575	0.01093	0.01051	0.01444	0.02087	0.03947	0.02268	0.51633	0.27027	0.00828	0.01081	0.00924	0.00406	0.00491
11	0.07884	0.01619	0.01738	0.01381	0.01861	0.01750	0.01122	0.42592	0.07782	0.11221	0.02363	0.02386	0.07898	0.04206	0.00818	0.00236	0.00673	0.00727	0.00682	0.01060
12	0.01537	0.01406	0.06583	0.01332	0.01826	0.01172	0.05831	0.07086	0.10765	0.05400	0.04993	0.13545	0.02098	0.00971	0.00681	0.00191	0.00606	0.02816	0.00540	0.30621
13	0.05860	0.30224	0.02069	0.05911	0.01621	0.07170	0.00959	0.01839	0.01438	0.01987	0.01796	0.05123	0.04443	0.03857	0.02910	0.00225	0.00680	0.00620	0.20510	0.00756

[dist]
# distance from previous block
# <min> <max>
1	5

[block]
# block no. 8 follows, 30 sequences, length 29
# corresponding to MSA columns:
# 689-717
name=unknown_I
#
# <colnr> <probs for GDERKNQSTAVLIFYWHMCP>
#	G	D	E	R	K	N	Q	S	T	A	V	L	I	F	Y	W	H	M	C	P
0	0.01456	0.01593	0.11392	0.01357	0.01677	0.08773	0.03131	0.02062	0.17439	0.02021	0.02222	0.12703	0.02114	0.06515	0.01305	0.15005	0.00714	0.05446	0.02328	0.00745
1	0.01420	0.01286	0.02107	0.19307	0.28375	0.01401	0.03548	0.03958	0.01468	0.02034	0.01675	0.09787	0.01557	0.01714	0.14534	0.00400	0.03379	0.00797	0.00386	0.00866
2	0.00879	0.00619	0.00801	0.00935	0.00968	0.00586	0.00608	0.00979	0.01280	0.01706	0.03557	0.62637	0.04250	0.15068	0.01358	0.00353	0.00453	0.01813	0.00608	0.00541
3	0.01098	0.00741	0.00990	0.00956	0.01086	0.00762	0.00698	0.01307	0.01393	0.05369	0.21149	0.04007	0.06028	0.20948	0.29631	0.00685	0.01031	0.00981	0.00530	0.00611
4	0.02612	0.01887	0.02036	0.01576	0.02122	0.02081	0.01297	0.61221	0.07802	0.07478	0.01807	0.01772	0.01277	0.00846	0.00699	0.00212	0.00745	0.00643	0.00707	0.01181
5	0.63215	0.01336	0.01149	0.00996	0.01435	0.01499	0.00817	0.04522	0.03907	0.11183	0.03544	0.01484	0.01125	0.00716	0.00496	0.00217	0.00548	0.00468	0.00513	0.00831
6	0.17976	0.01160	0.01368	0.01115	0.01542	0.01127	0.00904	0.07459	0.01925	0.36108	0.18994	0.02772	0.02685	0.00957	0.00677	0.00216	0.00531	0.00769	0.00742	0.00972
7	0.01318	0.01240	0.02093	0.73798	0.04806	0.01550	0.01938	0.01783	0.01395	0.01783	0.01240	0.01860	0.00930	0.00698	0.00698	0.00233	0.00930	0.00620	0.00310	0.00775
8	0.01661	0.01621	0.02617	0.21233	0.52142	0.04430	0.02060	0.02079	0.01557	0.02135	0.01286	0.01741	0.01054	0.00644	0.00690	0.00212	0.00871	0.00615	0.00337	0.01013
9	0.04650	0.50988	0.02943	0.01249	0.01763	0.12395	0.01145	0.06773	0.01623	0.01982	0.01155	0.01315	0.00994	0.00653	0.00494	0.00161	0.00774	0.00427	0.07639	0.00876
10	0.04923	0.08023	0.04831	0.01757	0.08116	0.20796	0.01340	0.12835	0.01841	0.02372	0.01205	0.01430	0.00988	0.00730	0.00792	0.00186	0.09295	0.00498	0.00413	0.17628
11	0.01622	0.02657	0.33711	0.10991	0.25854	0.08847	0.02234	0.02197	0.01554	0.02133	0.01253	0.01581	0.00965	0.00659	0.00673	0.00214	0.00975	0.00556	0.00320	0.01004
12	0.00895	0.00668	0.00802	0.00863	0.00976	0.00610	0.00600	0.01053	0.01469	0.01914	0.14540	0.33064	0.23546	0.12097	0.01233	0.00316	0.00424	0.03725	0.00635	0.00569
13	0.00874	0.00642	0.00815	0.00936	0.01019	0.00592	0.00649	0.01021	0.01413	0.01850	0.07474	0.54538	0.15328	0.04436	0.00967	0.00288	0.00415	0.05524	0.00646	0.00574
14	0.01247	0.00952	0.03579	0.01137	0.01373	0.00881	0.08922	0.01578	0.01502	0.02317	0.08335	0.07215	0.04589	0.06227	0.00923	0.00247	0.02847	0.09465	0.35986	0.00680
15	0.01212	0.00606	0.00909	0.00909	0.00909	0.00606	0.00606	0.00909	0.00909	0.01212	0.01212	0.02121	0.01212	0.02424	0.02727	0.79697	0.00606	0.00606	0.00303	0.00303
16	0.01866	0.75896	0.03657	0.01194	0.01791	0.02761	0.01194	0.02090	0.01418	0.01642	0.00970	0.01119	0.00896	0.00597	0.00448	0.00149	0.00746	0.00373	0.00299	0.00896
17	0.00932	0.00693	0.00885	0.00996	0.01122	0.00645	0.00758	0.01137	0.01514	0.01962	0.09123	0.35911	0.19277	0.01967	0.00892	0.00279	0.00456	0.20195	0.00655	0.00600
18	0.01318	0.01240	0.02093	0.73798	0.04806	0.01550	0.01938	0.01783	0.01395	0.01783	0.01240	0.01860	0.00930	0.00698	0.00698	0.00233	0.00930	0.00620	0.00310	0.00775
19	0.02092	0.02547	0.03851	0.01859	0.06782	0.45455	0.05153	0.02353	0.01819	0.01903	0.09025	0.01946	0.01657	0.01302	0.08955	0.00299	0.01184	0.00610	0.00404	0.00805
20	0.01213	0.00992	0.01303	0.06450	0.01677	0.00908	0.00919	0.01495	0.01341	0.01972	0.01879	0.10955	0.01835	0.02226	0.22289	0.00453	0.00948	0.04494	0.00435	0.36218
21	0.37172	0.01558	0.01819	0.07814	0.08238	0.03904	0.08675	0.07282	0.12404	0.02856	0.01427	0.01610	0.01091	0.00707	0.00591	0.00220	0.00711	0.00556	0.00467	0.00898
22	0.01619	0.04475	0.04571	0.14596	0.19983	0.03841	0.10181	0.04380	0.09571	0.04803	0.04551	0.07633	0.04955	0.00887	0.00725	0.00224	0.00793	0.00816	0.00463	0.00933
23	0.01274	0.01062	0.01249	0.00962	0.01436	0.00831	0.00756	0.01574	0.01583	0.02351	0.17713	0.02884	0.09969	0.00861	0.00620	0.00144	0.00456	0.00723	0.00520	0.53031
24	0.00914	0.00654	0.00874	0.00983	0.01058	0.00626	0.00695	0.01089	0.01436	0.01944	0.14471	0.49887	0.04611	0.05857	0.05130	0.00344	0.00512	0.07689	0.00640	0.00585
25	0.01412	0.01327	0.01681	0.08253	0.04128	0.09452	0.05755	0.03459	0.01354	0.01780	0.03770	0.02504	0.01616	0.12695	0.23777	0.03501	0.11736	0.00728	0.00380	0.00693
26	0.01671	0.01556	0.10303	0.01476	0.06818	0.01364	0.01203	0.21502	0.06839	0.03080	0.17866	0.02969	0.06756	0.00994	0.00699	0.00210	0.00599	0.00824	0.12353	0.00919
27	0.00909	0.00650	0.00828	0.00925	0.00990	0.00618	0.00627	0.01041	0.01346	0.01792	0.08696	0.45405	0.09033	0.16468	0.03723	0.00381	0.00508	0.04903	0.00604	0.00553
28	0.04687	0.02163	0.17115	0.04596	0.07337	0.07549	0.10168	0.14289	0.08808	0.02628	0.01880	0.02040	0.05924	0.00801	0.00736	0.00216	0.02938	0.00667	0.00462	0.04995

[dist]
# distance from previous block
# <min> <max>
0	1

[block]
# block no. 9 follows, 30 sequences, length 14
# corresponding to MSA columns:
# 719-732
name=unknown_J
#
# <colnr> <probs for GDERKNQSTAVLIFYWHMCP>
#	G	D	E	R	K	N	Q	S	T	A	V	L	I	F	Y	W	H	M	C	P
0	0.01318	0.01240	0.02093	0.73798	0.04806	0.01550	0.01938	0.01783	0.01395	0.01783	0.01240	0.01860	0.00930	0.00698	0.00698	0.00233	0.00930	0.00620	0.00310	0.00775
