[name]
unknown

[dist]
# distance from previous block
# <min> <max>
17	258

[block]
# block no. 0 follows, 29 sequences, length 170
# corresponding to MSA columns:
# 362-373,378-385,387-527,592-600
name=unknown_A
#
# <colnr> <probs for GDERKNQSTAVLIFYWHMCP>
#	G	D	E	R	K	N	Q	S	T	A	V	L	I	F	Y	W	H	M	C	P
0	0.01727	0.01705	0.06515	0.01370	0.01950	0.09569	0.05511	0.02204	0.06842	0.07063	0.03910	0.01999	0.04389	0.00711	0.00624	0.00160	0.00693	0.00586	0.00480	0.41992
1	0.01713	0.04424	0.15423	0.01610	0.02210	0.04243	0.09224	0.10578	0.06018	0.05440	0.01887	0.12336	0.01673	0.00909	0.00695	0.00203	0.00768	0.00791	0.00496	0.19359
2	0.04800	0.01244	0.05919	0.01115	0.01580	0.00957	0.00946	0.03569	0.01607	0.06763	0.08016	0.12442	0.07658	0.01080	0.00684	0.00189	0.00541	0.05465	0.00549	0.34875
3	0.01462	0.01289	0.01784	0.01476	0.04846	0.01163	0.08108	0.04426	0.03410	0.02384	0.08438	0.06688	0.03889	0.00888	0.00779	0.00180	0.05464	0.02887	0.00488	0.39951
4	0.01396	0.01085	0.01423	0.01329	0.06041	0.01031	0.03563	0.07915	0.04802	0.05187	0.27676	0.03943	0.13922	0.01448	0.05368	0.00269	0.00597	0.01007	0.00639	0.11359
5	0.01580	0.01560	0.02294	0.11832	0.13256	0.07944	0.14784	0.04567	0.01777	0.02376	0.17693	0.02699	0.04063	0.00888	0.00799	0.00216	0.03092	0.00817	0.00478	0.07284
6	0.01345	0.01266	0.02136	0.73264	0.04904	0.01582	0.01978	0.01819	0.01424	0.01819	0.01266	0.01898	0.00949	0.00712	0.00712	0.00237	0.00949	0.00633	0.00316	0.00791
7	0.01434	0.01262	0.01203	0.01111	0.01388	0.10175	0.00852	0.03937	0.13082	0.04821	0.26797	0.04643	0.21783	0.01352	0.00792	0.00229	0.00536	0.03137	0.00684	0.00782
8	0.01076	0.00843	0.01019	0.00895	0.01179	0.00718	0.00683	0.01377	0.01820	0.02552	0.42550	0.04793	0.18257	0.01324	0.00772	0.00202	0.00382	0.01143	0.00681	0.17734
9	0.01031	0.00742	0.00950	0.00958	0.01104	0.00703	0.00732	0.01299	0.01744	0.02383	0.39246	0.05959	0.10596	0.13147	0.01310	0.00322	0.00467	0.15991	0.00689	0.00625
10	0.01851	0.01684	0.02907	0.03657	0.48927	0.01643	0.12453	0.04694	0.01710	0.06474	0.01452	0.01807	0.01156	0.00645	0.00716	0.00210	0.00865	0.00659	0.00403	0.06089
11	0.01558	0.01558	0.02181	0.01869	0.01869	0.02181	0.01558	0.01714	0.01091	0.01714	0.00935	0.01558	0.00935	0.01246	0.02337	0.00312	0.73672	0.00623	0.00312	0.00779
12	0.02500	0.02586	0.01912	0.01672	0.02091	0.39970	0.01289	0.12724	0.17923	0.07721	0.01741	0.01754	0.01319	0.00817	0.00677	0.00204	0.00990	0.00586	0.00541	0.00982
13	0.01826	0.01770	0.01551	0.01419	0.01766	0.16801	0.01091	0.07890	0.33246	0.02570	0.03022	0.09622	0.09659	0.01155	0.00746	0.00234	0.00704	0.03355	0.00630	0.00941
14	0.00982	0.00760	0.00905	0.00936	0.01098	0.00720	0.00675	0.01354	0.07910	0.02233	0.22552	0.31125	0.22523	0.01790	0.00855	0.00254	0.00392	0.01573	0.00700	0.00661
15	0.30663	0.01327	0.01355	0.01103	0.01584	0.01357	0.00897	0.08907	0.06011	0.17718	0.01744	0.01771	0.01262	0.00741	0.00564	0.00197	0.00562	0.00540	0.07863	0.13833
16	0.02208	0.02641	0.01681	0.01534	0.01872	0.50809	0.01155	0.04858	0.01959	0.01926	0.02505	0.02569	0.16020	0.00975	0.00682	0.00196	0.01023	0.00701	0.03903	0.00784
17	0.01373	0.01294	0.02186	0.68681	0.09270	0.01589	0.01991	0.01844	0.01437	0.01853	0.01271	0.01889	0.00961	0.00707	0.00711	0.00236	0.00942	0.00633	0.00319	0.00813
18	0.02233	0.01920	0.01748	0.01513	0.01929	0.17547	0.01211	0.23004	0.14548	0.08544	0.02520	0.03035	0.06344	0.01062	0.00744	0.00230	0.00797	0.09440	0.00639	0.00993
19	0.01146	0.00931	0.01190	0.01112	0.01302	0.00955	0.00877	0.01388	0.01565	0.02171	0.20601	0.09349	0.13546	0.06927	0.01271	0.00282	0.12001	0.12224	0.00590	0.10571
20	0.01919	0.01406	0.01795	0.01522	0.01911	0.07003	0.10017	0.06790	0.11208	0.17320	0.04958	0.12423	0.06848	0.01242	0.00802	0.00248	0.00707	0.10300	0.00659	0.00921
21	0.01485	0.01447	0.02231	0.01902	0.02035	0.01834	0.10484	0.01739	0.01290	0.01881	0.01619	0.03013	0.01641	0.01315	0.01840	0.00305	0.47978	0.14790	0.00393	0.00777
22	0.01904	0.75404	0.03731	0.01218	0.01828	0.02818	0.01218	0.02132	0.01447	0.01675	0.00990	0.01142	0.00914	0.00609	0.00457	0.00152	0.00761	0.00381	0.00305	0.00914
23	0.02224	0.01122	0.01442	0.01214	0.01646	0.01012	0.01006	0.07144	0.01947	0.34833	0.06082	0.04027	0.08726	0.01189	0.00771	0.00233	0.00587	0.14895	0.00748	0.09152
24	0.02670	0.03090	0.02044	0.01792	0.02203	0.56939	0.01371	0.17024	0.02307	0.02339	0.01233	0.01376	0.00981	0.00760	0.00657	0.00190	0.01175	0.00498	0.00442	0.00909
25	0.01539	0.01269	0.01432	0.01372	0.01690	0.01421	0.01103	0.02949	0.45073	0.02723	0.07626	0.04400	0.03037	0.01290	0.00808	0.00266	0.00575	0.19760	0.00708	0.00959
26	0.00938	0.00670	0.00907	0.01072	0.01144	0.00639	0.00783	0.01113	0.01432	0.01896	0.03886	0.57871	0.04557	0.02165	0.00928	0.00299	0.00474	0.17973	0.00660	0.00598
27	0.00931	0.00725	0.00846	0.00816	0.01017	0.00639	0.00612	0.01196	0.01835	0.02428	0.41261	0.06023	0.35882	0.01615	0.00841	0.00232	0.00347	0.01386	0.00728	0.00639
28	0.01444	0.06064	0.69043	0.02003	0.03040	0.01692	0.02584	0.02251	0.01501	0.02236	0.01268	0.01491	0.00902	0.00674	0.00669	0.00223	0.01043	0.00521	0.00301	0.01048
29	0.04896	0.01177	0.01418	0.01190	0.01578	0.01154	0.00942	0.16194	0.02063	0.30325	0.02693	0.17914	0.02262	0.01154	0.00718	0.00226	0.00562	0.00966	0.11585	0.00984
30	0.01202	0.00966	0.01101	0.01025	0.01278	0.00986	0.00781	0.02007	0.22026	0.02701	0.37158	0.04838	0.18380	0.01381	0.00806	0.00233	0.00409	0.01188	0.00741	0.00793
31	0.02083	0.01590	0.01772	0.01336	0.01924	0.01541	0.01086	0.30125	0.06799	0.05873	0.01621	0.01690	0.01222	0.00709	0.00626	0.00165	0.00641	0.00551	0.00582	0.38063
32	0.01036	0.00690	0.00777	0.00777	0.00777	0.00690	0.00431	0.01036	0.01036	0.01381	0.02244	0.04660	0.02589	0.74975	0.03624	0.00690	0.00690	0.01036	0.00431	0.00431
33	0.02346	0.01815	0.01934	0.01565	0.02071	0.02040	0.01266	0.43346	0.28748	0.03906	0.02168	0.02075	0.01582	0.00898	0.00717	0.00224	0.00699	0.00704	0.00717	0.01179
34	0.02414	0.02053	0.01928	0.01597	0.02077	0.13915	0.01273	0.33801	0.24420	0.05995	0.02032	0.01970	0.01493	0.00871	0.00704	0.00218	0.00791	0.00666	0.00664	0.01118
35	0.01255	0.00777	0.01005	0.01036	0.01228	0.00711	0.00800	0.01482	0.01646	0.11335	0.12522	0.28326	0.17084	0.01812	0.00878	0.00271	0.00474	0.15956	0.00705	0.00697
36	0.80005	0.01377	0.01047	0.00936	0.01377	0.01597	0.00771	0.02093	0.01212	0.03195	0.00991	0.01157	0.00771	0.00661	0.00441	0.00220	0.00551	0.00386	0.00441	0.00771
37	0.01724	0.01652	0.02820	0.10766	0.64441	0.01682	0.02166	0.02151	0.01603	0.02279	0.01333	0.01775	0.01111	0.00642	0.00706	0.00214	0.00856	0.00634	0.00349	0.01097
38	0.00878	0.00713	0.00783	0.00817	0.01016	0.00618	0.00611	0.01071	0.01611	0.01986	0.10842	0.17453	0.50961	0.01858	0.00862	0.00253	0.00388	0.06005	0.00669	0.00606
39	0.01681	0.01921	0.04202	0.03001	0.03721	0.01801	0.67947	0.02281	0.01681	0.02281	0.01441	0.01921	0.01080	0.00600	0.00840	0.00240	0.01200	0.00840	0.00360	0.00960
40	0.01477	0.01266	0.01477	0.01055	0.01687	0.00949	0.00844	0.01793	0.01477	0.02320	0.01266	0.01477	0.01055	0.00527	0.00527	0.00105	0.00527	0.00422	0.00422	0.79328
41	0.01036	0.00690	0.00777	0.00777	0.00777	0.00690	0.00431	0.01036	0.01036	0.01381	0.02244	0.04660	0.02589	0.74975	0.03624	0.00690	0.00690	0.01036	0.00431	0.00431
42	0.00987	0.00799	0.00944	0.01071	0.01127	0.04230	0.00735	0.01115	0.01384	0.01810	0.03655	0.67725	0.04358	0.02114	0.00957	0.00285	0.03588	0.01886	0.00631	0.00599
43	0.00968	0.00716	0.00903	0.00877	0.01045	0.00651	0.00650	0.01258	0.01889	0.02606	0.53660	0.12326	0.16639	0.01587	0.00847	0.00233	0.00347	0.01394	0.00752	0.00651
44	0.02255	0.01902	0.01874	0.01566	0.02037	0.08489	0.01247	0.31333	0.34716	0.03512	0.02221	0.02123	0.01644	0.00897	0.00712	0.00224	0.00725	0.00703	0.00686	0.01135
45	0.00931	0.00706	0.00865	0.00913	0.01068	0.00640	0.00680	0.01157	0.01665	0.02186	0.24048	0.25432	0.26270	0.01841	0.00876	0.00259	0.00401	0.08748	0.00696	0.00621
46	0.02462	0.02009	0.01991	0.01609	0.02116	0.08773	0.01298	0.45418	0.20115	0.03839	0.01956	0.01912	0.01430	0.00872	0.00709	0.00218	0.00775	0.00666	0.00682	0.01153
47	0.02271	0.01745	0.01867	0.01535	0.02024	0.01960	0.01234	0.35042	0.35108	0.05869	0.02318	0.02189	0.01693	0.00909	0.00718	0.00227	0.00672	0.00723	0.00724	0.01171
48	0.02482	0.02543	0.01967	0.01688	0.02128	0.34548	0.01315	0.23878	0.17038	0.02886	0.01685	0.01718	0.01284	0.00823	0.00682	0.00206	0.00968	0.00592	0.00555	0.01014
49	0.02872	0.01223	0.01606	0.01261	0.01767	0.01113	0.01031	0.06143	0.06734	0.57070	0.09019	0.02677	0.02227	0.00939	0.00728	0.00222	0.00586	0.00772	0.00854	0.01156
50	0.02138	0.01154	0.01387	0.01208	0.01563	0.03342	0.00937	0.07070	0.08170	0.31621	0.08345	0.22204	0.05109	0.01321	0.00780	0.00240	0.00556	0.01134	0.00764	0.00959
51	0.00874	0.00622	0.00824	0.00983	0.01023	0.00583	0.00652	0.00993	0.01350	0.01800	0.03858	0.71732	0.04625	0.05124	0.01017	0.00305	0.00424	0.01985	0.00652	0.00573
52	0.00914	0.00671	0.00858	0.00924	0.01035	0.00614	0.00650	0.01121	0.01628	0.02200	0.27891	0.41462	0.13600	0.01902	0.00876	0.00260	0.00379	0.01697	0.00705	0.00614
53	0.01360	0.00821	0.01083	0.01091	0.01311	0.00761	0.00881	0.01633	0.01744	0.13038	0.18521	0.15334	0.13365	0.01699	0.00881	0.00271	0.00506	0.24251	0.00720	0.00729
54	0.01904	0.75404	0.03731	0.01218	0.01828	0.02818	0.01218	0.02132	0.01447	0.01675	0.00990	0.01142	0.00914	0.00609	0.00457	0.00152	0.00761	0.00381	0.00305	0.00914
55	0.00973	0.00680	0.00808	0.00850	0.00893	0.00667	0.00531	0.01039	0.01183	0.01563	0.03135	0.22445	0.09713	0.44735	0.07221	0.00575	0.00669	0.01314	0.00509	0.00499
56	0.01558	0.01558	0.02181	0.01869	0.01869	0.02181	0.01558	0.01714	0.01091	0.01714	0.00935	0.01558	0.00935	0.01246	0.02337	0.00312	0.73672	0.00623	0.00312	0.00779
57	0.01508	0.00838	0.00856	0.00791	0.01010	0.00865	0.00610	0.10345	0.01736	0.02894	0.02243	0.02531	0.01745	0.00833	0.00526	0.00172	0.00391	0.00661	0.68712	0.00735
58	0.01558	0.01558	0.02181	0.01869	0.01869	0.02181	0.01558	0.01714	0.01091	0.01714	0.00935	0.01558	0.00935	0.01246	0.02337	0.00312	0.73672	0.00623	0.00312	0.00779
59	0.00868	0.00620	0.00826	0.00991	0.01033	0.00578	0.00661	0.00991	0.01363	0.01818	0.03925	0.74510	0.04710	0.02231	0.00909	0.00289	0.00413	0.02024	0.00661	0.00578
60	0.01774	0.01527	0.01801	0.04093	0.11173	0.01721	0.01311	0.07269	0.49777	0.02893	0.02620	0.02794	0.02058	0.00970	0.00737	0.00241	0.00633	0.04860	0.00657	0.01092
61	0.01798	0.17638	0.02368	0.04927	0.17932	0.06700	0.01433	0.06821	0.16455	0.02425	0.06188	0.02604	0.01925	0.00903	0.00686	0.00216	0.00746	0.06754	0.00502	0.00979
62	0.02061	0.02189	0.11542	0.08983	0.17354	0.10642	0.01763	0.23924	0.02154	0.02845	0.01412	0.01688	0.01094	0.00946	0.03445	0.00254	0.05604	0.00604	0.00461	0.01035
63	0.01428	0.03683	0.71286	0.02030	0.03082	0.01654	0.02631	0.02255	0.01503	0.02255	0.01278	0.01503	0.00902	0.00677	0.00677	0.00226	0.01052	0.00526	0.00301	0.01052
64	0.01003	0.00728	0.00946	0.00891	0.01061	0.00670	0.00668	0.01335	0.02005	0.02831	0.68492	0.05360	0.08400	0.01465	0.00840	0.00224	0.00337	0.01293	0.00781	0.00670
65	0.01348	0.00832	0.00960	0.00896	0.01085	0.00879	0.00693	0.07088	0.01687	0.02679	0.15137	0.03065	0.02672	0.01563	0.10125	0.00316	0.03234	0.00793	0.44237	0.00711
66	0.80005	0.01377	0.01047	0.00936	0.01377	0.01597	0.00771	0.02093	0.01212	0.03195	0.00991	0.01157	0.00771	0.00661	0.00441	0.00220	0.00551	0.00386	0.00441	0.00771
67	0.01017	0.00763	0.01144	0.01144	0.01272	0.00890	0.00890	0.01272	0.01144	0.01653	0.01907	0.02797	0.01780	0.05340	0.72153	0.01144	0.01907	0.00763	0.00381	0.00636
68	0.00874	0.00622	0.00824	0.00983	0.01023	0.00583	0.00652	0.00993	0.01351	0.01801	0.03861	0.71877	0.04630	0.04973	0.01011	0.00304	0.00424	0.01987	0.00652	0.00573
69	0.50805	0.01314	0.01277	0.01062	0.01545	0.01388	0.00876	0.02617	0.01526	0.28982	0.01683	0.01638	0.01148	0.00745	0.00545	0.00220	0.00572	0.00511	0.00608	0.00939
70	0.80005	0.01377	0.01047	0.00936	0.01377	0.01597	0.00771	0.02093	0.01212	0.03195	0.00991	0.01157	0.00771	0.00661	0.00441	0.00220	0.00551	0.00386	0.00441	0.00771
71	0.01587	0.01451	0.01772	0.01567	0.01777	0.01826	0.01261	0.02623	0.33135	0.02314	0.02235	0.02420	0.05043	0.01408	0.06036	0.00329	0.31002	0.00762	0.00528	0.00924
72	0.01237	0.00618	0.00928	0.00928	0.00928	0.00618	0.00618	0.00928	0.00928	0.01237	0.01237	0.02165	0.01237	0.02474	0.02783	0.79283	0.00618	0.00618	0.00309	0.00309
73	0.01904	0.75404	0.03731	0.01218	0.01828	0.02818	0.01218	0.02132	0.01447	0.01675	0.00990	0.01142	0.00914	0.00609	0.00457	0.00152	0.00761	0.00381	0.00305	0.00914
74	0.00951	0.00716	0.00863	0.00880	0.01039	0.00652	0.00651	0.01177	0.01676	0.02213	0.28609	0.15298	0.26163	0.08543	0.01122	0.00291	0.00417	0.07442	0.00683	0.00613
75	0.02630	0.03330	0.02004	0.01821	0.02189	0.69720	0.01367	0.02875	0.04308	0.01785	0.01162	0.01331	0.00960	0.00742	0.00645	0.00185	0.01260	0.00470	0.00379	0.00836
76	0.02499	0.01770	0.01820	0.01498	0.01985	0.08478	0.01200	0.23195	0.25833	0.20443	0.02342	0.02178	0.01657	0.00889	0.00711	0.00222	0.00710	0.00700	0.00726	0.01145
77	0.01564	0.01576	0.02282	0.01926	0.01962	0.02162	0.04883	0.01742	0.01120	0.01742	0.00960	0.01576	0.00942	0.01214	0.02262	0.00308	0.70042	0.00634	0.00314	0.00788
78	0.02423	0.02897	0.01909	0.01732	0.02108	0.53372	0.01310	0.03094	0.19932	0.02072	0.01580	0.01650	0.01252	0.00796	0.00664	0.00199	0.01092	0.00551	0.00462	0.00906
79	0.00877	0.00627	0.00835	0.00985	0.01035	0.00585	0.00662	0.01016	0.01408	0.01889	0.08450	0.69783	0.04847	0.02178	0.00904	0.00285	0.00408	0.01974	0.00669	0.00585
80	0.02473	0.01691	0.02200	0.01707	0.02249	0.01765	0.10468	0.34408	0.08993	0.18189	0.02164	0.02418	0.01602	0.00912	0.00751	0.00229	0.00773	0.05180	0.00697	0.01130
81	0.00848	0.00722	0.00731	0.00728	0.00966	0.00604	0.00546	0.01035	0.01639	0.01961	0.09717	0.06792	0.67718	0.01790	0.00842	0.00240	0.00360	0.01494	0.00666	0.00604
82	0.01770	0.01565	0.01641	0.01546	0.04166	0.03933	0.01156	0.03612	0.62695	0.02881	0.02822	0.04862	0.02179	0.00988	0.00727	0.00240	0.00591	0.00827	0.00699	0.01100
83	0.04121	0.04712	0.02171	0.04922	0.12738	0.05637	0.04384	0.04023	0.04648	0.02087	0.01466	0.06579	0.01357	0.01173	0.03585	0.00284	0.30076	0.00717	0.04463	0.00857
84	0.02854	0.01311	0.01659	0.01321	0.01839	0.01251	0.01075	0.05736	0.17391	0.53269	0.02792	0.02453	0.01838	0.00900	0.00718	0.00225	0.00602	0.00734	0.00840	0.01192
85	0.01021	0.00699	0.00849	0.00860	0.00887	0.00721	0.00533	0.01077	0.01078	0.01461	0.02292	0.08954	0.02577	0.56992	0.16379	0.00749	0.00902	0.01050	0.00437	0.00480
86	0.01477	0.01266	0.01477	0.01055	0.01687	0.00949	0.00844	0.01793	0.01477	0.02320	0.01266	0.01477	0.01055	0.00527	0.00527	0.00105	0.00527	0.00422	0.00422	0.79328
87	0.01300	0.00666	0.00674	0.00674	0.00825	0.00666	0.00492	0.01601	0.01451	0.02536	0.02316	0.02841	0.01896	0.07712	0.00788	0.00215	0.00365	0.00698	0.71642	0.00642
88	0.01264	0.01147	0.01888	0.52262	0.08390	0.01361	0.01692	0.01656	0.01423	0.01853	0.01875	0.18386	0.01815	0.01052	0.00756	0.00247	0.00821	0.00949	0.00397	0.00765
89	0.01914	0.01885	0.01539	0.01454	0.04136	0.26328	0.01075	0.11496	0.01910	0.02354	0.04220	0.02389	0.06026	0.01714	0.13934	0.00369	0.01048	0.00680	0.14720	0.00807
90	0.04806	0.01580	0.01865	0.15193	0.02500	0.01789	0.01338	0.27504	0.17710	0.09144	0.01973	0.02048	0.01436	0.00860	0.00746	0.00226	0.03001	0.00675	0.04550	0.01056
91	0.18445	0.01283	0.01855	0.24951	0.21299	0.01423	0.01521	0.01820	0.01420	0.02256	0.01735	0.15585	0.01678	0.00970	0.00689	0.00236	0.00732	0.00846	0.00419	0.00838
92	0.05350	0.01639	0.01842	0.02070	0.18855	0.11593	0.01279	0.10805	0.04428	0.07187	0.01728	0.02458	0.01544	0.18202	0.05002	0.00371	0.03572	0.00711	0.00476	0.00887
93	0.01904	0.75404	0.03731	0.01218	0.01828	0.02818	0.01218	0.02132	0.01447	0.01675	0.00990	0.01142	0.00914	0.00609	0.00457	0.00152	0.00761	0.00381	0.00305	0.00914
94	0.01545	0.01456	0.02220	0.37981	0.20995	0.03894	0.01831	0.04101	0.03792	0.02074	0.01376	0.01892	0.01102	0.01031	0.05525	0.00287	0.04166	0.00634	0.00362	0.03736
95	0.04495	0.07552	0.28873	0.09243	0.07207	0.01836	0.07895	0.15513	0.03781	0.04832	0.01445	0.01663	0.01058	0.00716	0.00683	0.00220	0.00923	0.00594	0.00429	0.01042
96	0.02135	0.01580	0.02056	0.08779	0.17673	0.08307	0.04046	0.06795	0.01828	0.20262	0.01920	0.07733	0.01539	0.00844	0.00701	0.00207	0.00768	0.00730	0.00547	0.11550
97	0.06168	0.01393	0.01812	0.08504	0.04665	0.01371	0.01227	0.15716	0.02181	0.45960	0.02314	0.02156	0.01510	0.00841	0.00703	0.00220	0.00680	0.00676	0.00755	0.01148
98	0.11867	0.01368	0.01634	0.01270	0.01781	0.01318	0.03085	0.16539	0.02096	0.23955	0.11060	0.02307	0.02031	0.00849	0.00666	0.00198	0.00605	0.00684	0.00674	0.16014
99	0.01698	0.06473	0.14708	0.01607	0.04300	0.08138	0.06187	0.02047	0.01617	0.13208	0.02509	0.25595	0.02485	0.01283	0.00772	0.00243	0.00758	0.04959	0.00545	0.00866
100	0.01106	0.00762	0.00969	0.04482	0.01239	0.00718	0.00711	0.01424	0.01873	0.04785	0.48216	0.04974	0.14608	0.01379	0.00792	0.00220	0.00378	0.01197	0.09482	0.00684
101	0.01428	0.03683	0.71286	0.02030	0.03082	0.01654	0.02631	0.02255	0.01503	0.02255	0.01278	0.01503	0.00902	0.00677	0.00677	0.00226	0.01052	0.00526	0.00301	0.01052
102	0.01973	0.01283	0.04563	0.12600	0.02183	0.01246	0.01212	0.08766	0.06061	0.24038	0.02728	0.19414	0.04705	0.01220	0.00845	0.00245	0.04299	0.01026	0.00653	0.00940
103	0.01625	0.28762	0.40536	0.01792	0.02643	0.02078	0.06593	0.02264	0.03745	0.02077	0.01241	0.01443	0.00961	0.00657	0.00612	0.00201	0.00944	0.00506	0.00320	0.01000
104	0.00849	0.00722	0.00731	0.00729	0.00966	0.00604	0.00547	0.01036	0.01640	0.01965	0.09985	0.06785	0.67447	0.01788	0.00841	0.00240	0.00360	0.01493	0.00667	0.00604
105	0.04043	0.01635	0.02927	0.06916	0.02930	0.01599	0.34367	0.11362	0.01915	0.15899	0.01788	0.02104	0.01303	0.03512	0.00870	0.00246	0.00939	0.00764	0.03887	0.00995
106	0.01609	0.01554	0.02362	0.25391	0.36134	0.06224	0.01927	0.02019	0.01588	0.02102	0.01627	0.02616	0.01457	0.00844	0.00740	0.00233	0.00882	0.09370	0.00383	0.00939
107	0.05644	0.01625	0.10903	0.01404	0.01915	0.03673	0.01269	0.06126	0.11050	0.31841	0.02603	0.07775	0.02055	0.01058	0.00739	0.00238	0.00682	0.07657	0.00698	0.01044
108	0.01043	0.00781	0.01005	0.01120	0.01302	0.00743	0.00944	0.01318	0.01622	0.02055	0.04813	0.10534	0.24033	0.01929	0.00938	0.00300	0.00556	0.43668	0.00658	0.00636
109	0.01411	0.04911	0.42127	0.01611	0.02358	0.01447	0.01873	0.08537	0.01721	0.02392	0.04855	0.06376	0.15369	0.01024	0.00724	0.00228	0.00821	0.00831	0.00449	0.00937
110	0.01779	0.01549	0.05832	0.05271	0.28054	0.01455	0.10281	0.06473	0.04590	0.07530	0.01531	0.01949	0.01228	0.01082	0.01175	0.17386	0.00822	0.00667	0.00421	0.00924
111	0.01620	0.13456	0.12039	0.11450	0.26426	0.06398	0.01793	0.02011	0.01530	0.02027	0.01587	0.11383	0.01503	0.00884	0.00732	0.00219	0.02876	0.00754	0.00375	0.00938
112	0.17531	0.01909	0.02443	0.17579	0.09710	0.15310	0.16663	0.02207	0.01553	0.02230	0.01205	0.01601	0.00954	0.00706	0.00775	0.00226	0.05570	0.00596	0.00364	0.00865
113	0.00926	0.00684	0.00862	0.00955	0.01054	0.00640	0.00666	0.01144	0.03303	0.02022	0.14944	0.47760	0.13372	0.04902	0.00994	0.00288	0.00417	0.03786	0.00673	0.00608
114	0.01728	0.01545	0.01764	0.01534	0.01905	0.06414	0.07267	0.09951	0.35974	0.02767	0.04999	0.16152	0.02518	0.01161	0.00767	0.00243	0.00660	0.01015	0.00655	0.00980
115	0.00868	0.00620	0.00826	0.00991	0.01033	0.00578	0.00661	0.00991	0.01363	0.01818	0.03925	0.74510	0.04710	0.02231	0.00909	0.00289	0.00413	0.02024	0.00661	0.00578
116	0.00978	0.00713	0.00920	0.00897	0.01053	0.00655	0.00662	0.01275	0.01902	0.02654	0.57072	0.14717	0.10674	0.01583	0.00849	0.00234	0.00348	0.01401	0.00759	0.00655
117	0.80005	0.01377	0.01047	0.00936	0.01377	0.01597	0.00771	0.02093	0.01212	0.03195	0.00991	0.01157	0.00771	0.00661	0.00441	0.00220	0.00551	0.00386	0.00441	0.00771
118	0.01237	0.00618	0.00928	0.00928	0.00928	0.00618	0.00618	0.00928	0.00928	0.01237	0.01237	0.02165	0.01237	0.02474	0.02783	0.79283	0.00618	0.00618	0.00309	0.00309
119	0.01017	0.00763	0.01144	0.01144	0.01272	0.00890	0.00890	0.01272	0.01144	0.01653	0.01907	0.02797	0.01780	0.05340	0.72153	0.01144	0.01907	0.00763	0.00381	0.00636
120	0.01558	0.01558	0.02181	0.01869	0.01869	0.02181	0.01558	0.01714	0.01091	0.01714	0.00935	0.01558	0.00935	0.01246	0.02337	0.00312	0.73672	0.00623	0.00312	0.00779
121	0.02707	0.01995	0.02137	0.01638	0.02208	0.02208	0.01353	0.68159	0.03348	0.04488	0.01710	0.01710	0.01211	0.00855	0.00712	0.00214	0.00784	0.00641	0.00712	0.01211
122	0.01558	0.01558	0.02181	0.01869	0.01869	0.02181	0.01558	0.01714	0.01091	0.01714	0.00935	0.01558	0.00935	0.01246	0.02337	0.00312	0.73672	0.00623	0.00312	0.00779
123	0.01477	0.01266	0.01477	0.01055	0.01687	0.00949	0.00844	0.01793	0.01477	0.02320	0.01266	0.01477	0.01055	0.00527	0.00527	0.00105	0.00527	0.00422	0.00422	0.79328
124	0.01484	0.01350	0.01844	0.28993	0.13574	0.04472	0.01473	0.02143	0.15019	0.02032	0.01813	0.02611	0.01583	0.17099	0.01351	0.00332	0.00813	0.00749	0.00432	0.00834
125	0.02145	0.01452	0.01443	0.01228	0.01545	0.10689	0.00919	0.14482	0.04019	0.19932	0.02216	0.05326	0.01926	0.24534	0.01631	0.00365	0.00738	0.00815	0.03729	0.00865
126	0.01905	0.01459	0.02123	0.01606	0.02097	0.01431	0.11601	0.05486	0.01622	0.14983	0.01529	0.01751	0.01171	0.00777	0.01013	0.00198	0.16541	0.00597	0.00488	0.31624
127	0.02866	0.01163	0.01559	0.01207	0.01723	0.01001	0.00988	0.03150	0.01981	0.59418	0.07340	0.02568	0.02060	0.00896	0.00705	0.00211	0.00573	0.00734	0.03506	0.06352
128	0.02151	0.01828	0.12934	0.01714	0.02277	0.01545	0.09367	0.15068	0.09069	0.20135	0.02256	0.02825	0.01763	0.00981	0.00830	0.00243	0.03906	0.09429	0.00625	0.01055
129	0.01477	0.01266	0.01477	0.01055	0.01687	0.00949	0.00844	0.01793	0.01477	0.02320	0.01266	0.01477	0.01055	0.00527	0.00527	0.00105	0.00527	0.00422	0.00422	0.79328
130	0.02162	0.01724	0.01830	0.01528	0.02001	0.01954	0.01222	0.30691	0.41703	0.03609	0.02401	0.02261	0.01771	0.00920	0.00719	0.00230	0.00656	0.00737	0.00719	0.01162
131	0.00892	0.00645	0.00849	0.01003	0.01069	0.00602	0.00698	0.01038	0.01406	0.01854	0.04129	0.63839	0.09012	0.02178	0.00911	0.00290	0.00432	0.07904	0.00661	0.00587
132	0.01345	0.01266	0.02136	0.73264	0.04904	0.01582	0.01978	0.01819	0.01424	0.01819	0.01266	0.01898	0.00949	0.00712	0.00712	0.00237	0.00949	0.00633	0.00316	0.00791
133	0.01904	0.75404	0.03731	0.01218	0.01828	0.02818	0.01218	0.02132	0.01447	0.01675	0.00990	0.01142	0.00914	0.00609	0.00457	0.00152	0.00761	0.00381	0.00305	0.00914
134	0.01110	0.00693	0.00765	0.00756	0.00934	0.00648	0.00564	0.01400	0.01663	0.02513	0.22578	0.07497	0.18455	0.01283	0.00688	0.00204	0.00343	0.01085	0.36173	0.00648
135	0.01872	0.70633	0.08225	0.01272	0.01911	0.02740	0.01312	0.02140	0.01451	0.01714	0.01009	0.01166	0.00913	0.00614	0.00472	0.00157	0.00781	0.00390	0.00304	0.00923
136	0.02661	0.01723	0.01900	0.01732	0.08316	0.10951	0.01282	0.20624	0.02301	0.30771	0.02184	0.02399	0.01596	0.01028	0.02714	0.00246	0.00807	0.04980	0.00688	0.01099
137	0.01681	0.01921	0.04202	0.03001	0.03721	0.01801	0.67947	0.02281	0.01681	0.02281	0.01441	0.01921	0.01080	0.00600	0.00840	0.00240	0.01200	0.00840	0.00360	0.00960
138	0.00868	0.00620	0.00826	0.00991	0.01033	0.00578	0.00661	0.00991	0.01363	0.01818	0.03925	0.74510	0.04710	0.02231	0.00909	0.00289	0.00413	0.02024	0.00661	0.00578
139	0.01785	0.57535	0.20562	0.01420	0.02140	0.02528	0.01570	0.02163	0.01461	0.01820	0.01062	0.01232	0.00911	0.00626	0.00512	0.00171	0.00834	0.00417	0.00304	0.00948
140	0.01053	0.00790	0.01149	0.01135	0.01250	0.00926	0.00876	0.01289	0.01147	0.01672	0.01901	0.02862	0.01798	0.09638	0.62080	0.01044	0.04932	0.00772	0.03057	0.00629
141	0.01643	0.02184	0.14215	0.02856	0.03626	0.01779	0.58198	0.02277	0.01654	0.02277	0.01416	0.01858	0.01054	0.00612	0.00816	0.00238	0.01178	0.00793	0.00351	0.00974
142	0.00870	0.00723	0.00765	0.00791	0.01011	0.00619	0.00602	0.01059	0.01607	0.01935	0.06695	0.11456	0.60131	0.01846	0.00858	0.00251	0.00390	0.07126	0.00661	0.00604
143	0.01662	0.01590	0.02710	0.20869	0.54817	0.01666	0.02136	0.02098	0.01574	0.02205	0.01322	0.01795	0.01085	0.00653	0.00707	0.00218	0.00871	0.00634	0.00344	0.01047
144	0.01103	0.00788	0.01096	0.01261	0.01405	0.00781	0.01070	0.01398	0.01595	0.02081	0.03795	0.18592	0.04195	0.02009	0.00972	0.00322	0.00617	0.55619	0.00657	0.00643
145	0.01573	0.01499	0.02548	0.35599	0.40785	0.01642	0.02091	0.02019	0.01532	0.02097	0.01306	0.01824	0.01047	0.00670	0.00708	0.00223	0.00893	0.00634	0.00336	0.00975
146	0.80005	0.01377	0.01047	0.00936	0.01377	0.01597	0.00771	0.02093	0.01212	0.03195	0.00991	0.01157	0.00771	0.00661	0.00441	0.00220	0.00551	0.00386	0.00441	0.00771
147	0.01701	0.01301	0.01437	0.01168	0.01620	0.03800	0.00919	0.07931	0.12473	0.09175	0.13872	0.05032	0.06584	0.00955	0.00681	0.00184	0.00545	0.00794	0.00620	0.29209
148	0.02578	0.02025	0.02058	0.01626	0.02160	0.06799	0.01324	0.55150	0.12129	0.04102	0.01829	0.01809	0.01321	0.00862	0.00709	0.00215	0.00787	0.00651	0.00691	0.01174
149	0.01807	0.60815	0.17472	0.01383	0.02083	0.02581	0.01506	0.02157	0.01458	0.01793	0.01049	0.01216	0.00911	0.00623	0.00502	0.00167	0.00821	0.00410	0.00304	0.00942
150	0.02415	0.01958	0.01637	0.01413	0.01811	0.26344	0.01096	0.10230	0.02065	0.22900	0.02769	0.09252	0.10874	0.01075	0.00724	0.00216	0.00817	0.00843	0.00629	0.00933
151	0.16728	0.01891	0.01721	0.01458	0.01910	0.11533	0.01159	0.25854	0.22002	0.03341	0.01913	0.04199	0.01485	0.00880	0.00662	0.00221	0.00733	0.00662	0.00616	0.01031
152	0.01017	0.00763	0.01144	0.01144	0.01272	0.00890	0.00890	0.01272	0.01144	0.01653	0.01907	0.02797	0.01780	0.05340	0.72153	0.01144	0.01907	0.00763	0.00381	0.00636
153	0.01520	0.01283	0.01362	0.01247	0.01589	0.01414	0.00961	0.05656	0.44666	0.02730	0.06296	0.08411	0.17379	0.01247	0.00766	0.00243	0.00510	0.01049	0.00708	0.00962
154	0.01477	0.01266	0.01477	0.01055	0.01687	0.00949	0.00844	0.01793	0.01477	0.02320	0.01266	0.01477	0.01055	0.00527	0.00527	0.00105	0.00527	0.00422	0.00422	0.79328
155	0.01314	0.00666	0.00676	0.00674	0.00840	0.00664	0.00505	0.01646	0.01516	0.02663	0.05238	0.02769	0.02035	0.00857	0.00512	0.00168	0.00332	0.00690	0.75570	0.00664
156	0.00945	0.00725	0.00865	0.00830	0.01025	0.00645	0.00623	0.01223	0.01868	0.02505	0.46473	0.05896	0.30622	0.01587	0.00840	0.00230	0.00345	0.01369	0.00738	0.00645
157	0.67880	0.01451	0.01203	0.01036	0.01496	0.01659	0.00853	0.10544	0.01508	0.05378	0.01137	0.01265	0.00857	0.00692	0.00483	0.00219	0.00582	0.00428	0.00488	0.00840
158	0.01040	0.00698	0.00863	0.00897	0.00998	0.00650	0.00606	0.01188	0.01470	0.04975	0.17404	0.31082	0.11911	0.21059	0.01591	0.00373	0.00473	0.01496	0.00636	0.00589
159	0.00842	0.00721	0.00721	0.00721	0.00962	0.00601	0.00541	0.01022	0.01623	0.01924	0.07213	0.06853	0.70244	0.01803	0.00842	0.00240	0.00361	0.01503	0.00661	0.00601
160	0.01128	0.00668	0.00717	0.00749	0.00904	0.00634	0.00545	0.01388	0.01510	0.02348	0.05866	0.18015	0.16124	0.01325	0.00660	0.00207	0.00354	0.01124	0.45097	0.00634
161	0.02728	0.01960	0.02116	0.01622	0.02191	0.02157	0.01340	0.65311	0.03290	0.07417	0.01758	0.01741	0.01235	0.00856	0.00712	0.00214	0.00776	0.00644	0.00720	0.01211
162	0.01591	0.01333	0.01538	0.01109	0.01736	0.01066	0.00891	0.07953	0.01650	0.02521	0.01307	0.01498	0.01069	0.00558	0.00545	0.00116	0.00551	0.00442	0.00449	0.72077
163	0.01017	0.00763	0.01144	0.01144	0.01272	0.00890	0.00890	0.01272	0.01144	0.01653	0.01907	0.02797	0.01780	0.05340	0.72153	0.01144	0.01907	0.00763	0.00381	0.00636
164	0.02216	0.08520	0.01959	0.01629	0.01943	0.49242	0.01248	0.02402	0.01763	0.01716	0.01347	0.04810	0.01248	0.03907	0.09609	0.00327	0.04371	0.00585	0.00376	0.00783
165	0.01604	0.22436	0.04542	0.01305	0.01756	0.01689	0.03942	0.02156	0.12505	0.03963	0.01724	0.02259	0.01521	0.09092	0.08036	0.00332	0.03563	0.02269	0.00443	0.14862
166	0.01623	0.31653	0.42396	0.01748	0.02615	0.02114	0.04496	0.02208	0.01488	0.02029	0.01171	0.01378	0.00913	0.00647	0.00597	0.00197	0.00944	0.00481	0.00304	0.00995
167	0.14394	0.05606	0.01820	0.01511	0.01913	0.37788	0.01179	0.14206	0.02064	0.02562	0.03476	0.01573	0.01204	0.00769	0.00610	0.00193	0.00953	0.00519	0.06788	0.00872
168	0.01875	0.01588	0.01589	0.01279	0.01748	0.10962	0.01009	0.11949	0.04822	0.07664	0.08185	0.05353	0.04059	0.00875	0.00706	0.00177	0.02968	0.00690	0.00553	0.31948
169	0.01860	0.01550	0.07937	0.01294	0.01737	0.01446	0.01123	0.21796	0.14944	0.05767	0.11250	0.02578	0.02253	0.00924	0.00676	0.00208	0.00593	0.00749	0.17664	0.03653

[dist]
# distance from previous block
# <min> <max>
0	2

[block]
# block no. 1 follows, 29 sequences, length 18
# corresponding to MSA columns:
# 603-620
name=unknown_B
#
# <colnr> <probs for GDERKNQSTAVLIFYWHMCP>
#	G	D	E	R	K	N	Q	S	T	A	V	L	I	F	Y	W	H	M	C	P
0	0.01099	0.00943	0.01007	0.01077	0.01182	0.07705	0.00765	0.01254	0.01380	0.01753	0.03298	0.38985	0.08020	0.09765	0.15458	0.00488	0.00831	0.03832	0.00553	0.00604
1	0.01390	0.03473	0.66446	0.01958	0.02941	0.01580	0.02496	0.02168	0.01494	0.02225	0.01460	0.06518	0.01164	0.00783	0.00692	0.00230	0.01008	0.00629	0.00325	0.01020
2	0.02615	0.01949	0.02085	0.01620	0.02173	0.02165	0.01331	0.61822	0.09835	0.04339	0.01827	0.01803	0.01306	0.00866	0.00714	0.00216	0.00762	0.00657	0.00714	0.01203
3	0.06022	0.02158	0.01877	0.01790	0.08659	0.25804	0.01276	0.22467	0.02347	0.02939	0.15324	0.02275	0.02199	0.00904	0.00700	0.00206	0.00859	0.00697	0.00560	0.00940
4	0.00921	0.00699	0.00801	0.00817	0.00959	0.00631	0.00568	0.01090	0.01547	0.02001	0.19456	0.17593	0.31569	0.16500	0.01412	0.00336	0.00430	0.01451	0.00642	0.00579
5	0.01646	0.01576	0.01648	0.01905	0.15551	0.15380	0.01229	0.02133	0.09956	0.04607	0.10433	0.09044	0.11577	0.01231	0.00778	0.00235	0.00715	0.08936	0.00568	0.00851
6	0.01942	0.01208	0.01393	0.01136	0.01502	0.01201	0.00887	0.20796	0.02134	0.14187	0.13992	0.02993	0.02533	0.11840	0.01118	0.00270	0.00578	0.00806	0.10863	0.08621
7	0.00990	0.00720	0.00885	0.00885	0.00975	0.00737	0.00603	0.01110	0.01190	0.01580	0.03143	0.04498	0.16059	0.37432	0.25388	0.00747	0.01020	0.01042	0.00462	0.00532
8	0.01237	0.00618	0.00928	0.00928	0.00928	0.00618	0.00618	0.00928	0.00928	0.01237	0.01237	0.02165	0.01237	0.02474	0.02783	0.79283	0.00618	0.00618	0.00309	0.00309
9	0.01328	0.00981	0.01160	0.01022	0.01280	0.00971	0.00792	0.14725	0.02232	0.03062	0.48214	0.04794	0.13880	0.01380	0.00814	0.00224	0.00429	0.01186	0.00754	0.00771
10	0.00987	0.00729	0.00942	0.01022	0.01170	0.00683	0.00798	0.01240	0.01661	0.02195	0.20899	0.23811	0.16827	0.01877	0.00904	0.00277	0.00462	0.22198	0.00690	0.00630
11	0.01477	0.01266	0.01477	0.01055	0.01687	0.00949	0.00844	0.01793	0.01477	0.02320	0.01266	0.01477	0.01055	0.00527	0.00527	0.00105	0.00527	0.00422	0.00422	0.79328
12	0.01477	0.01266	0.01477	0.01055	0.01687	0.00949	0.00844	0.01793	0.01477	0.02320	0.01266	0.01477	0.01055	0.00527	0.00527	0.00105	0.00527	0.00422	0.00422	0.79328
13	0.01717	0.01698	0.01586	0.01213	0.01792	0.15396	0.00952	0.02006	0.01586	0.02203	0.01232	0.01437	0.01027	0.00569	0.00551	0.00121	0.00681	0.00429	0.00411	0.63393
14	0.01428	0.03683	0.71286	0.02030	0.03082	0.01654	0.02631	0.02255	0.01503	0.02255	0.01278	0.01503	0.00902	0.00677	0.00677	0.00226	0.01052	0.00526	0.00301	0.01052
15	0.02463	0.02824	0.02262	0.01910	0.02354	0.46225	0.09434	0.12795	0.08604	0.02344	0.01406	0.01557	0.01102	0.00758	0.00685	0.00200	0.01129	0.00566	0.00453	0.00929
16	0.01533	0.01458	0.02476	0.42178	0.34517	0.01632	0.02071	0.01984	0.01513	0.02048	0.01299	0.01837	0.01030	0.00677	0.00709	0.00226	0.00903	0.00634	0.00333	0.00943
17	0.01487	0.01372	0.01993	0.01434	0.02065	0.01105	0.14451	0.01854	0.01525	0.02293	0.01591	0.01829	0.04435	0.00604	0.00606	0.00139	0.00656	0.00560	0.00421	0.59580

[dist]
# distance from previous block
# <min> <max>
0	1

[block]
# block no. 2 follows, 29 sequences, length 37
# corresponding to MSA columns:
# 622-658
name=unknown_C
#
# <colnr> <probs for GDERKNQSTAVLIFYWHMCP>
#	G	D	E	R	K	N	Q	S	T	A	V	L	I	F	Y	W	H	M	C	P
0	0.01906	0.01909	0.01837	0.01644	0.01856	0.20935	0.01306	0.02375	0.11914	0.06108	0.03857	0.06656	0.01761	0.01150	0.01318	0.00257	0.27373	0.04510	0.00480	0.00848
1	0.01454	0.07584	0.67611	0.01985	0.03014	0.01717	0.02554	0.02248	0.01500	0.02224	0.01262	0.01484	0.00903	0.00673	0.00665	0.00222	0.01037	0.00518	0.00301	0.01045
2	0.00997	0.00744	0.01102	0.01124	0.01240	0.00848	0.00859	0.01234	0.01174	0.01675	0.02177	0.12376	0.02171	0.04925	0.62637	0.01030	0.01708	0.00931	0.00419	0.00628
3	0.51662	0.01337	0.01202	0.00979	0.01489	0.01363	0.00797	0.01985	0.01307	0.02879	0.01090	0.01272	0.00873	0.00613	0.00472	0.00179	0.00542	0.00399	0.00434	0.29124
4	0.01416	0.01338	0.02264	0.61571	0.16043	0.01601	0.02013	0.01881	0.01457	0.01905	0.01278	0.01875	0.00980	0.00699	0.00711	0.00233	0.00932	0.00633	0.00323	0.00848
5	0.01477	0.01266	0.01477	0.01055	0.01687	0.00949	0.00844	0.01793	0.01477	0.02320	0.01266	0.01477	0.01055	0.00527	0.00527	0.00105	0.00527	0.00422	0.00422	0.79328
6	0.01094	0.00786	0.01084	0.01243	0.01390	0.00775	0.01053	0.01386	0.01596	0.02076	0.03909	0.18172	0.06402	0.02002	0.00967	0.00319	0.00609	0.53837	0.00657	0.00642
7	0.01035	0.00679	0.00907	0.01035	0.01117	0.00637	0.00730	0.01186	0.01418	0.05600	0.03772	0.59644	0.04384	0.05319	0.01026	0.00308	0.00465	0.09462	0.00662	0.00616
8	0.01025	0.00732	0.01007	0.01172	0.01282	0.00714	0.00935	0.01264	0.01519	0.01994	0.03838	0.37094	0.04365	0.02082	0.00951	0.00311	0.00550	0.37887	0.00658	0.00622
9	0.02192	0.01961	0.02632	0.02027	0.02580	0.07869	0.21505	0.31997	0.08303	0.03276	0.01836	0.02301	0.01450	0.00862	0.00767	0.00230	0.00924	0.05663	0.00573	0.01053
10	0.01003	0.00758	0.01101	0.01098	0.01236	0.00856	0.00851	0.01257	0.01231	0.01743	0.06225	0.03251	0.07283	0.04848	0.62628	0.01023	0.01699	0.00849	0.00426	0.00635
11	0.02426	0.02309	0.01949	0.01647	0.02105	0.24375	0.01296	0.29048	0.21641	0.03184	0.01853	0.01843	0.01391	0.00848	0.00693	0.00212	0.00881	0.00629	0.00606	0.01064
12	0.01082	0.00815	0.01021	0.01040	0.01206	0.00808	0.00782	0.01577	0.10757	0.02468	0.32884	0.24621	0.07201	0.01678	0.00861	0.00257	0.00427	0.09089	0.00723	0.00703
13	0.01499	0.01136	0.01592	0.01337	0.01667	0.01115	0.09790	0.11628	0.05916	0.07503	0.20013	0.16938	0.14122	0.01380	0.00818	0.00240	0.00569	0.01232	0.00678	0.00827
14	0.01560	0.01604	0.03033	0.02241	0.02764	0.01580	0.38721	0.02014	0.01574	0.02265	0.06626	0.02100	0.01527	0.00767	0.01003	0.00225	0.12081	0.00768	0.04899	0.12647
15	0.01805	0.60501	0.17769	0.01387	0.02088	0.02576	0.01512	0.02158	0.01459	0.01796	0.01050	0.01217	0.00911	0.00623	0.00503	0.00168	0.00822	0.00411	0.00304	0.00943
16	0.01838	0.02137	0.15972	0.04604	0.10783	0.01856	0.16179	0.16469	0.07150	0.02731	0.01498	0.01776	0.01143	0.00778	0.00916	0.00232	0.09367	0.00665	0.00447	0.03457
17	0.01343	0.01461	0.11771	0.01297	0.01567	0.01289	0.01121	0.04621	0.12301	0.02102	0.06946	0.08057	0.04832	0.24928	0.01921	0.00395	0.11849	0.00943	0.00500	0.00755
18	0.00861	0.00645	0.00800	0.00924	0.01015	0.00584	0.00631	0.00999	0.01428	0.01844	0.04744	0.57647	0.21044	0.02124	0.00892	0.00277	0.00400	0.01894	0.00661	0.00584
19	0.02179	0.01735	0.02050	0.01565	0.02139	0.01790	0.06266	0.36953	0.11939	0.03547	0.01740	0.01798	0.01295	0.00766	0.00676	0.00192	0.00718	0.00622	0.00612	0.21418
20	0.01587	0.07807	0.21206	0.02055	0.02734	0.01728	0.23364	0.02305	0.09554	0.02244	0.01513	0.01866	0.01193	0.03425	0.00921	0.00236	0.05780	0.00665	0.00389	0.09428
21	0.07671	0.37170	0.13303	0.01452	0.01954	0.04314	0.01437	0.02016	0.01372	0.01893	0.01167	0.03999	0.01075	0.00983	0.03547	0.00242	0.14671	0.00525	0.00333	0.00873
22	0.01819	0.00973	0.01216	0.01045	0.01384	0.00895	0.00822	0.02262	0.08339	0.26706	0.27746	0.04345	0.16940	0.01275	0.00786	0.00228	0.00458	0.01082	0.00789	0.00892
23	0.01246	0.01072	0.01677	0.12863	0.22288	0.01098	0.01377	0.01546	0.01509	0.02024	0.02964	0.27156	0.07552	0.01459	0.00826	0.00261	0.00655	0.11124	0.00517	0.00787
24	0.01714	0.12576	0.41180	0.01782	0.02568	0.09839	0.02008	0.06280	0.07821	0.02300	0.01505	0.04636	0.01200	0.00777	0.00660	0.00215	0.00953	0.00595	0.00387	0.01005
25	0.01501	0.03178	0.52053	0.02308	0.03265	0.01696	0.21357	0.02262	0.01554	0.02262	0.01325	0.01623	0.00953	0.00655	0.00723	0.00230	0.01095	0.00616	0.00318	0.01026
26	0.00969	0.00758	0.00902	0.00976	0.01178	0.00691	0.00797	0.01209	0.01620	0.02006	0.05664	0.09821	0.40386	0.01887	0.00903	0.00279	0.00485	0.28187	0.00659	0.00623
27	0.01648	0.01572	0.02596	0.14514	0.31566	0.01655	0.11733	0.02429	0.15607	0.02361	0.01810	0.02367	0.01485	0.00790	0.00747	0.00233	0.00846	0.04577	0.00443	0.01020
28	0.01732	0.01649	0.07602	0.14024	0.36840	0.01548	0.01865	0.07986	0.01730	0.06314	0.01750	0.10509	0.01556	0.00875	0.00730	0.00227	0.00806	0.00798	0.00443	0.01016
29	0.01507	0.00897	0.00929	0.00864	0.01094	0.00944	0.00662	0.09118	0.08699	0.02857	0.02375	0.05237	0.01902	0.00899	0.00560	0.00184	0.00408	0.00727	0.59370	0.00768
30	0.01301	0.00804	0.00981	0.00892	0.01148	0.00707	0.00685	0.01570	0.01876	0.13526	0.36360	0.05410	0.29050	0.01490	0.00820	0.00229	0.00389	0.01274	0.00755	0.00733
31	0.01858	0.29599	0.24587	0.02059	0.12805	0.13766	0.01837	0.02297	0.01586	0.01969	0.01152	0.01374	0.00943	0.00655	0.00595	0.00190	0.00953	0.00478	0.00321	0.00976
32	0.01020	0.00752	0.01087	0.01087	0.01194	0.00859	0.00818	0.01235	0.01127	0.01610	0.01960	0.03089	0.01907	0.16227	0.61440	0.01073	0.01717	0.00806	0.00389	0.00604
33	0.01017	0.00763	0.01144	0.01144	0.01272	0.00890	0.00890	0.01272	0.01144	0.01653	0.01907	0.02797	0.01780	0.05340	0.72153	0.01144	0.01907	0.00763	0.00381	0.00636
34	0.05059	0.01708	0.02485	0.06646	0.41906	0.04265	0.03927	0.10847	0.07798	0.02612	0.01542	0.01931	0.01263	0.03963	0.00827	0.00237	0.00826	0.00658	0.00438	0.01061
35	0.06217	0.01927	0.02757	0.02408	0.12130	0.09473	0.24223	0.13910	0.09338	0.02728	0.01632	0.03811	0.01293	0.00749	0.00732	0.00220	0.00932	0.00721	0.00476	0.04324
36	0.01288	0.10763	0.28290	0.01361	0.01856	0.01342	0.01433	0.01667	0.01279	0.01789	0.01677	0.02773	0.01631	0.28073	0.11426	0.00509	0.01003	0.00725	0.00359	0.00755

[dist]
# distance from previous block
# <min> <max>
0	3

[block]
# block no. 3 follows, 29 sequences, length 7
# corresponding to MSA columns:
# 662-668
name=unknown_D
#
# <colnr> <probs for GDERKNQSTAVLIFYWHMCP>
#	G	D	E	R	K	N	Q	S	T	A	V	L	I	F	Y	W	H	M	C	P
0	0.17335	0.20770	0.23555	0.01495	0.02174	0.05784	0.01569	0.07163	0.06277	0.05824	0.01357	0.01472	0.01032	0.00703	0.00581	0.00204	0.00818	0.00495	0.00420	0.00974
1	0.16743	0.00941	0.00998	0.00967	0.01172	0.00990	0.00715	0.07088	0.01502	0.02342	0.06300	0.15915	0.10113	0.16699	0.06874	0.00404	0.00642	0.04118	0.04815	0.00661
2	0.00913	0.00724	0.00820	0.00796	0.01006	0.00631	0.00597	0.01160	0.01792	0.02324	0.34231	0.06194	0.42978	0.01654	0.00841	0.00233	0.00350	0.01411	0.00714	0.00631
3	0.02052	0.28231	0.02811	0.11714	0.15060	0.19937	0.01549	0.07063	0.01758	0.02036	0.01172	0.01436	0.00981	0.00677	0.00603	0.00187	0.00936	0.00500	0.00360	0.00936
4	0.01036	0.00690	0.00777	0.00777	0.00777	0.00690	0.00431	0.01036	0.01036	0.01381	0.02244	0.04660	0.02589	0.74975	0.03624	0.00690	0.00690	0.01036	0.00431	0.00431
5	0.04615	0.01725	0.02384	0.11136	0.22948	0.06200	0.08681	0.11125	0.12619	0.02636	0.01697	0.02097	0.01359	0.00774	0.00713	0.00221	0.00838	0.03056	0.00474	0.04703
6	0.02197	0.14664	0.24423	0.01660	0.02346	0.13900	0.01685	0.11794	0.04819	0.13572	0.01578	0.01634	0.01144	0.00746	0.00648	0.00204	0.00914	0.00550	0.00482	0.01042

[dist]
# distance from previous block
# <min> <max>
3	5

[block]
# block no. 4 follows, 29 sequences, length 19
# corresponding to MSA columns:
# 674-692
name=unknown_E
#
# <colnr> <probs for GDERKNQSTAVLIFYWHMCP>
#	G	D	E	R	K	N	Q	S	T	A	V	L	I	F	Y	W	H	M	C	P
0	0.02246	0.24375	0.05612	0.01569	0.02074	0.33280	0.01333	0.07878	0.06684	0.02092	0.01263	0.01396	0.01037	0.00708	0.00593	0.00178	0.00980	0.00476	0.00402	0.05825
1	0.01610	0.01162	0.01269	0.01125	0.01445	0.03829	0.00874	0.05971	0.18601	0.11672	0.26138	0.04220	0.16633	0.01265	0.00781	0.00229	0.00494	0.01067	0.00738	0.00877
2	0.01676	0.01391	0.01581	0.01541	0.06023	0.01529	0.01126	0.08041	0.42229	0.02828	0.02756	0.10392	0.02346	0.01104	0.00739	0.00237	0.00579	0.05028	0.03100	0.05752
3	0.01018	0.00752	0.01085	0.01077	0.01198	0.00843	0.00818	0.01259	0.01248	0.01785	0.10866	0.03302	0.02502	0.11371	0.56390	0.00981	0.01587	0.00857	0.00439	0.00621
4	0.01007	0.00876	0.00880	0.00951	0.01086	0.06178	0.00663	0.01149	0.01490	0.01827	0.04783	0.41356	0.27493	0.05608	0.01000	0.00284	0.00476	0.01668	0.00627	0.00598
