[name]
unknown

[dist]
# distance from previous block
# <min> <max>
10	42

[block]
# block no. 0 follows, 30 sequences, length 18
# corresponding to MSA columns:
# 74-91
name=unknown_A
#
# <colnr> <probs for GDERKNQSTAVLIFYWHMCP>
#	G	D	E	R	K	N	Q	S	T	A	V	L	I	F	Y	W	H	M	C	P
0	0.08050	0.06063	0.13719	0.01860	0.11572	0.05114	0.04856	0.05602	0.07313	0.03860	0.04863	0.02158	0.06148	0.00952	0.02952	0.00235	0.04511	0.00656	0.00447	0.09069
1	0.08168	0.06825	0.14315	0.01503	0.04144	0.07293	0.02972	0.07672	0.06363	0.05800	0.01996	0.13346	0.01865	0.05001	0.07538	0.00330	0.00863	0.02664	0.00484	0.00857
2	0.05268	0.24635	0.10638	0.03341	0.05649	0.05187	0.03545	0.04841	0.11672	0.02210	0.01972	0.02299	0.06459	0.00835	0.00622	0.00199	0.00743	0.04319	0.00439	0.05127
3	0.01574	0.21174	0.25907	0.01823	0.07656	0.01801	0.07378	0.05105	0.03824	0.02185	0.03761	0.04155	0.05224	0.00779	0.00640	0.00200	0.00823	0.00644	0.00388	0.04960
4	0.12758	0.19681	0.32157	0.01694	0.06583	0.05549	0.01749	0.02115	0.01458	0.02175	0.01396	0.01576	0.03946	0.00688	0.00582	0.00197	0.00845	0.00504	0.00342	0.04004
5	0.08541	0.06810	0.50090	0.01844	0.02687	0.01598	0.07760	0.02086	0.01448	0.02229	0.01446	0.07715	0.01205	0.00781	0.00664	0.00223	0.00931	0.00647	0.00342	0.00952
6	0.01051	0.00728	0.00839	0.00804	0.00863	0.00709	0.00481	0.01090	0.01057	0.01446	0.02100	0.04203	0.02367	0.65335	0.07000	0.00652	0.00727	0.00949	0.00419	0.07181
7	0.01318	0.01240	0.02093	0.73798	0.04806	0.01550	0.01938	0.01783	0.01395	0.01783	0.01240	0.01860	0.00930	0.00698	0.00698	0.00233	0.00930	0.00620	0.00310	0.00775
8	0.01037	0.00780	0.00967	0.00909	0.01099	0.00744	0.00685	0.01492	0.07715	0.02726	0.59220	0.05127	0.12015	0.01417	0.00814	0.00222	0.00350	0.01241	0.00752	0.00690
9	0.00850	0.00607	0.00810	0.00972	0.01012	0.00567	0.00648	0.00972	0.01336	0.01781	0.03846	0.75020	0.04615	0.02186	0.00891	0.00283	0.00405	0.01984	0.00648	0.00567
10	0.02054	0.11244	0.15948	0.06222	0.11875	0.32351	0.04649	0.04072	0.01748	0.01970	0.01170	0.01420	0.00940	0.00677	0.00637	0.00194	0.01063	0.00507	0.00343	0.00916
11	0.00864	0.00630	0.00788	0.00908	0.00974	0.00582	0.00605	0.00981	0.01341	0.01752	0.04174	0.56760	0.14765	0.09986	0.01166	0.00318	0.00426	0.01800	0.00624	0.00555
12	0.01245	0.01103	0.01733	0.21270	0.21333	0.01163	0.01401	0.01589	0.01559	0.02110	0.14959	0.10941	0.10998	0.01308	0.04039	0.00270	0.00708	0.00995	0.00484	0.00793
13	0.03971	0.01470	0.01947	0.01814	0.12553	0.03523	0.05824	0.07469	0.05039	0.12999	0.04288	0.01872	0.01416	0.00716	0.00716	0.00180	0.04261	0.00596	0.00511	0.28835
14	0.01796	0.05196	0.02213	0.02358	0.24799	0.01476	0.07126	0.07091	0.10349	0.10739	0.15302	0.02685	0.04004	0.00885	0.00723	0.00215	0.00680	0.00801	0.00565	0.00997
15	0.01565	0.01588	0.05399	0.13572	0.37915	0.03505	0.04002	0.02059	0.05095	0.02133	0.01445	0.01892	0.01196	0.01251	0.10096	0.00327	0.00982	0.00633	0.00365	0.04980
16	0.11350	0.05233	0.02279	0.02111	0.16204	0.01623	0.11256	0.15832	0.03820	0.10042	0.01868	0.06028	0.03654	0.00818	0.00678	0.00212	0.00741	0.00719	0.00522	0.05010
17	0.01976	0.06152	0.05080	0.08676	0.16519	0.12952	0.19752	0.04807	0.01735	0.09555	0.01438	0.01716	0.01091	0.00663	0.00695	0.00206	0.00959	0.00629	0.00414	0.04986

[dist]
# distance from previous block
# <min> <max>
6	11

[block]
# block no. 1 follows, 30 sequences, length 45
# corresponding to MSA columns:
# 103-114,116-148
name=unknown_B
#
# <colnr> <probs for GDERKNQSTAVLIFYWHMCP>
#	G	D	E	R	K	N	Q	S	T	A	V	L	I	F	Y	W	H	M	C	P
0	0.01751	0.07109	0.05255	0.11496	0.25233	0.03503	0.05356	0.04608	0.17397	0.05021	0.03577	0.02002	0.01459	0.00758	0.00722	0.00217	0.02393	0.00665	0.00462	0.01015
1	0.01486	0.05503	0.02179	0.13373	0.30678	0.03649	0.03118	0.01834	0.01541	0.02091	0.04348	0.07657	0.08468	0.00878	0.00691	0.00204	0.00729	0.00788	0.00413	0.10372
2	0.01409	0.05066	0.03380	0.03626	0.01503	0.03332	0.00890	0.01766	0.05273	0.09237	0.17042	0.10199	0.09565	0.05720	0.07627	0.00317	0.00663	0.00969	0.00577	0.11841
3	0.01833	0.17226	0.16057	0.03453	0.10292	0.07735	0.01507	0.03780	0.01595	0.08930	0.01361	0.01550	0.01065	0.00787	0.02877	0.00204	0.00832	0.00502	0.00401	0.18013
4	0.01035	0.00870	0.03425	0.00950	0.01157	0.00770	0.00740	0.01479	0.08534	0.02431	0.35171	0.18153	0.16566	0.01531	0.00806	0.00234	0.00395	0.01338	0.03727	0.00686
5	0.01509	0.01215	0.01714	0.01352	0.01811	0.01082	0.10075	0.06705	0.03534	0.06062	0.08845	0.10865	0.02290	0.01116	0.03234	0.00220	0.00654	0.04848	0.00533	0.32337
6	0.01409	0.01243	0.01573	0.01154	0.01734	0.00984	0.05774	0.01782	0.03759	0.02254	0.01889	0.02045	0.08056	0.00661	0.00577	0.00131	0.00550	0.00562	0.00442	0.63422
7	0.01509	0.07394	0.01767	0.01372	0.08615	0.01153	0.00988	0.01823	0.01459	0.02223	0.01225	0.01448	0.01029	0.00534	0.00529	0.00118	0.00567	0.00431	0.00397	0.65420
8	0.01448	0.01268	0.02121	0.64692	0.09501	0.01529	0.01902	0.01899	0.01443	0.05679	0.01329	0.01879	0.00987	0.00701	0.00697	0.00230	0.00904	0.00625	0.00343	0.00822
9	0.01725	0.01706	0.12015	0.08676	0.02207	0.01568	0.01367	0.12070	0.26901	0.06176	0.02388	0.02434	0.05617	0.01116	0.04229	0.00270	0.02888	0.00729	0.04930	0.00988
10	0.04032	0.10212	0.11945	0.02007	0.08962	0.10158	0.10839	0.11209	0.09393	0.04335	0.01620	0.05658	0.01335	0.00817	0.00756	0.00216	0.04403	0.00676	0.00454	0.00972
11	0.01490	0.02016	0.18043	0.15352	0.16724	0.01588	0.24411	0.02041	0.01549	0.02133	0.01742	0.02113	0.06123	0.00717	0.00740	0.00226	0.00973	0.00729	0.00353	0.00938
12	0.01111	0.00794	0.01105	0.01244	0.01405	0.00789	0.01078	0.01433	0.01643	0.02159	0.10404	0.07605	0.04273	0.01878	0.00950	0.00311	0.00611	0.59907	0.00655	0.00644
13	0.02326	0.01404	0.01765	0.01377	0.03793	0.01273	0.03043	0.16687	0.02047	0.27736	0.01886	0.01851	0.01319	0.00715	0.00636	0.00173	0.00626	0.00581	0.00633	0.30127
14	0.01564	0.01150	0.01310	0.01189	0.01501	0.01230	0.00915	0.02697	0.36220	0.09636	0.22483	0.08781	0.05969	0.01196	0.00759	0.00233	0.00475	0.01027	0.00735	0.00928
15	0.01972	0.60631	0.03353	0.01458	0.05680	0.13453	0.01270	0.02200	0.01513	0.01687	0.01006	0.01174	0.00908	0.00617	0.00489	0.00157	0.00830	0.00399	0.00310	0.00894
16	0.01647	0.01882	0.04118	0.02941	0.03647	0.01765	0.68588	0.02235	0.01647	0.02235	0.01412	0.01882	0.01059	0.00588	0.00824	0.00235	0.01176	0.00824	0.00353	0.00941
17	0.02019	0.57693	0.03223	0.01331	0.01870	0.17650	0.01224	0.02297	0.04030	0.01702	0.01061	0.01203	0.00941	0.00636	0.00496	0.00159	0.00849	0.00405	0.00327	0.00885
18	0.01212	0.00606	0.00909	0.00909	0.00909	0.00606	0.00606	0.00909	0.00909	0.01212	0.01212	0.02121	0.01212	0.02424	0.02727	0.79697	0.00606	0.00606	0.00303	0.00303
19	0.26986	0.01561	0.01916	0.01498	0.02023	0.01641	0.12690	0.14529	0.13440	0.03040	0.01537	0.01662	0.01165	0.00703	0.00609	0.00204	0.00690	0.00577	0.00512	0.13016
20	0.02716	0.04596	0.01881	0.01467	0.01959	0.17328	0.01183	0.18744	0.09065	0.30750	0.02070	0.01939	0.01425	0.00824	0.00676	0.00206	0.00784	0.00625	0.00677	0.01084
21	0.01008	0.00717	0.00907	0.00868	0.01044	0.00651	0.00647	0.01297	0.01869	0.04381	0.54180	0.10490	0.16293	0.01520	0.00825	0.00227	0.00345	0.01333	0.00743	0.00655
22	0.01212	0.00606	0.00909	0.00909	0.00909	0.00606	0.00606	0.00909	0.00909	0.01212	0.01212	0.02121	0.01212	0.02424	0.02727	0.79697	0.00606	0.00606	0.00303	0.00303
23	0.01487	0.01264	0.01468	0.01052	0.01670	0.00971	0.00843	0.03956	0.01507	0.02344	0.01255	0.01455	0.01039	0.00527	0.00523	0.00107	0.00525	0.00420	0.00423	0.77165
24	0.62895	0.01313	0.01160	0.00991	0.01447	0.01443	0.00817	0.02357	0.01371	0.18647	0.01375	0.01415	0.00976	0.00697	0.00493	0.00216	0.00552	0.00451	0.00530	0.00854
25	0.01883	0.01252	0.01594	0.01160	0.01763	0.00987	0.03486	0.02193	0.01595	0.19897	0.01631	0.01700	0.01211	0.00608	0.00576	0.00137	0.00562	0.00503	0.00526	0.56740
26	0.01380	0.01303	0.02205	0.63310	0.14812	0.01567	0.01969	0.01837	0.01425	0.01858	0.01251	0.01840	0.00957	0.00686	0.00697	0.00229	0.00915	0.00620	0.00315	0.00825
27	0.02164	0.01769	0.01815	0.01515	0.01978	0.04829	0.01210	0.31548	0.38560	0.03503	0.02269	0.02151	0.01676	0.00891	0.00702	0.00223	0.00674	0.00706	0.00691	0.01128
28	0.01015	0.00677	0.00761	0.00761	0.00761	0.00677	0.00423	0.01015	0.01015	0.01353	0.02199	0.04567	0.02537	0.75476	0.03552	0.00677	0.00677	0.01015	0.00423	0.00423
29	0.01584	0.01632	0.02106	0.01801	0.01862	0.07756	0.03419	0.01763	0.01217	0.01769	0.05368	0.01749	0.01278	0.01175	0.02019	0.00288	0.61464	0.00645	0.00340	0.00766
30	0.01447	0.01240	0.01447	0.01034	0.01654	0.00930	0.00827	0.01757	0.01447	0.02274	0.01240	0.01447	0.01034	0.00517	0.00517	0.00103	0.00517	0.00413	0.00413	0.79742
31	0.07208	0.08752	0.01827	0.01262	0.01781	0.01377	0.01060	0.12032	0.02021	0.47644	0.02277	0.02103	0.01516	0.01063	0.04641	0.00258	0.00700	0.00643	0.00733	0.01103
32	0.02071	0.01544	0.01672	0.01381	0.01823	0.01690	0.01108	0.31294	0.25713	0.07513	0.07377	0.02779	0.08877	0.01010	0.00724	0.00222	0.00613	0.00815	0.00712	0.01063
33	0.00988	0.00713	0.00933	0.00878	0.01043	0.00658	0.00658	0.01317	0.01975	0.02798	0.70754	0.05213	0.06584	0.01427	0.00823	0.00219	0.00329	0.01262	0.00768	0.00658
34	0.01447	0.01240	0.01447	0.01034	0.01654	0.00930	0.00827	0.01757	0.01447	0.02274	0.01240	0.01447	0.01034	0.00517	0.00517	0.00103	0.00517	0.00413	0.00413	0.79742
35	0.00865	0.00622	0.00797	0.00931	0.00982	0.00579	0.00617	0.00978	0.01323	0.01746	0.03918	0.62964	0.09262	0.09488	0.01152	0.00319	0.00428	0.01849	0.00625	0.00554
36	0.01455	0.01265	0.01549	0.01107	0.01730	0.00962	0.03421	0.01775	0.01455	0.02272	0.01247	0.01464	0.01035	0.00520	0.00529	0.00108	0.00542	0.00429	0.00411	0.76724
37	0.00882	0.00653	0.00824	0.00899	0.01008	0.00595	0.00629	0.01068	0.01551	0.02069	0.22107	0.44183	0.17153	0.01910	0.00861	0.00258	0.00376	0.01700	0.00680	0.00595
38	0.01351	0.01305	0.02296	0.66710	0.04690	0.01572	0.08606	0.01828	0.01421	0.01828	0.01257	0.01863	0.00943	0.00687	0.00710	0.00233	0.00955	0.00641	0.00314	0.00792
39	0.01626	0.01838	0.03995	0.02873	0.03557	0.01725	0.65821	0.02203	0.01645	0.02229	0.01505	0.02128	0.01180	0.00643	0.00829	0.00239	0.01155	0.03514	0.00365	0.00929
40	0.80405	0.01350	0.01026	0.00918	0.01350	0.01565	0.00756	0.02051	0.01188	0.03131	0.00972	0.01134	0.00756	0.00648	0.00432	0.00216	0.00540	0.00378	0.00432	0.00756
41	0.01002	0.00730	0.01057	0.01057	0.01174	0.00822	0.00804	0.01191	0.01133	0.01594	0.02209	0.03075	0.06699	0.08443	0.58647	0.06981	0.01603	0.00803	0.00391	0.00586
42	0.03630	0.01381	0.01559	0.01678	0.13541	0.08640	0.01090	0.02119	0.12777	0.04131	0.24735	0.03123	0.05727	0.00986	0.00705	0.00200	0.00589	0.00841	0.00581	0.11967
43	0.01644	0.02291	0.23970	0.02090	0.14340	0.08617	0.01753	0.06314	0.03407	0.02296	0.03207	0.04210	0.01383	0.00815	0.00788	0.00208	0.06223	0.03136	0.00402	0.12905
44	0.05990	0.01566	0.02158	0.09031	0.36995	0.06700	0.01633	0.02188	0.09824	0.02260	0.01757	0.10572	0.01599	0.00860	0.00692	0.00217	0.00757	0.00771	0.00431	0.03998

[dist]
# distance from previous block
# <min> <max>
1	3

[block]
# block no. 2 follows, 30 sequences, length 177
# corresponding to MSA columns:
# 152-184,198-244,256-307,309-353
name=unknown_C
#
# <colnr> <probs for GDERKNQSTAVLIFYWHMCP>
#	G	D	E	R	K	N	Q	S	T	A	V	L	I	F	Y	W	H	M	C	P
0	0.10908	0.01177	0.01416	0.01155	0.01608	0.01116	0.00937	0.05019	0.08380	0.37524	0.09016	0.02902	0.06725	0.00971	0.00689	0.00215	0.00546	0.02841	0.00737	0.06119
1	0.01843	0.01337	0.01590	0.01197	0.01745	0.01195	0.00969	0.08680	0.05927	0.12978	0.01590	0.01687	0.01214	0.00674	0.00691	0.00152	0.05393	0.00514	0.00521	0.50104
2	0.01423	0.01220	0.01418	0.01021	0.01626	0.00917	0.00815	0.01728	0.01453	0.02259	0.01465	0.01650	0.03727	0.00565	0.00529	0.00108	0.00510	0.00454	0.00422	0.76688
3	0.36171	0.13713	0.01882	0.01256	0.01738	0.04436	0.01066	0.24189	0.01941	0.03204	0.01206	0.01330	0.00932	0.00727	0.00601	0.00205	0.03515	0.00472	0.00491	0.00923
4	0.01727	0.01658	0.02832	0.04283	0.71123	0.01658	0.02142	0.02142	0.01589	0.02280	0.01313	0.01727	0.01105	0.00622	0.00691	0.00207	0.00829	0.00622	0.00345	0.01105
5	0.01112	0.00827	0.01170	0.01306	0.08065	0.00897	0.00826	0.01234	0.01109	0.01553	0.01860	0.03265	0.01921	0.31879	0.30703	0.06846	0.03649	0.00824	0.00382	0.00573
6	0.15193	0.01231	0.01533	0.01207	0.01702	0.01167	0.00995	0.05108	0.01882	0.54315	0.04685	0.02228	0.01698	0.00858	0.00710	0.00218	0.02747	0.00665	0.00771	0.01089
7	0.02607	0.03326	0.01978	0.01798	0.02157	0.72674	0.01348	0.02787	0.01978	0.01708	0.01079	0.01258	0.00899	0.00719	0.00629	0.00180	0.01258	0.00449	0.00360	0.00809
8	0.03032	0.01210	0.01616	0.01254	0.01784	0.01076	0.01031	0.03423	0.06802	0.66743	0.02759	0.02391	0.01756	0.00870	0.00702	0.00217	0.00591	0.00708	0.00853	0.01182
9	0.01400	0.03610	0.71860	0.01989	0.03020	0.01621	0.02578	0.02210	0.01473	0.02210	0.01252	0.01473	0.00884	0.00663	0.00663	0.00221	0.01031	0.00516	0.00295	0.01031
10	0.00850	0.00607	0.00810	0.00972	0.01012	0.00567	0.00648	0.00972	0.01336	0.01781	0.03846	0.75020	0.04615	0.02186	0.00891	0.00283	0.00405	0.01984	0.00648	0.00567
11	0.01087	0.00780	0.01079	0.01235	0.01385	0.00772	0.01057	0.01383	0.01578	0.02050	0.03815	0.14797	0.06141	0.01950	0.00952	0.00315	0.00609	0.57741	0.00643	0.00633
12	0.01727	0.01658	0.02832	0.04283	0.71123	0.01658	0.02142	0.02142	0.01589	0.02280	0.01313	0.01727	0.01105	0.00622	0.00691	0.00207	0.00829	0.00622	0.00345	0.01105
13	0.00830	0.00707	0.00715	0.00713	0.00946	0.00592	0.00535	0.01012	0.01604	0.01917	0.09279	0.06664	0.68610	0.01755	0.00825	0.00235	0.00353	0.01465	0.00652	0.00592
14	0.01447	0.01240	0.01447	0.01034	0.01654	0.00930	0.00827	0.01757	0.01447	0.02274	0.01240	0.01447	0.01034	0.00517	0.00517	0.00103	0.00517	0.00413	0.00413	0.79742
15	0.02607	0.03326	0.01978	0.01798	0.02157	0.72674	0.01348	0.02787	0.01978	0.01708	0.01079	0.01258	0.00899	0.00719	0.00629	0.00180	0.01258	0.00449	0.00360	0.00809
16	0.01015	0.00677	0.00761	0.00761	0.00761	0.00677	0.00423	0.01015	0.01015	0.01353	0.02199	0.04567	0.02537	0.75476	0.03552	0.00677	0.00677	0.01015	0.00423	0.00423
17	0.00850	0.00607	0.00810	0.00972	0.01012	0.00567	0.00648	0.00972	0.01336	0.01781	0.03846	0.75020	0.04615	0.02186	0.00891	0.00283	0.00405	0.01984	0.00648	0.00567
18	0.01527	0.01527	0.02137	0.01832	0.01832	0.02137	0.01527	0.01679	0.01069	0.01679	0.00916	0.01527	0.00916	0.01221	0.02290	0.00305	0.74198	0.00611	0.00305	0.00763
19	0.00850	0.00607	0.00810	0.00972	0.01012	0.00567	0.00648	0.00972	0.01336	0.01781	0.03846	0.75020	0.04615	0.02186	0.00891	0.00283	0.00405	0.01984	0.00648	0.00567
20	0.01736	0.01499	0.01578	0.01420	0.01815	0.01736	0.01105	0.03708	0.69862	0.02919	0.02840	0.02604	0.02130	0.00947	0.00710	0.00237	0.00552	0.00789	0.00710	0.01105
21	0.01447	0.01240	0.01447	0.01034	0.01654	0.00930	0.00827	0.01757	0.01447	0.02274	0.01240	0.01447	0.01034	0.00517	0.00517	0.00103	0.00517	0.00413	0.00413	0.79742
22	0.01447	0.01240	0.01447	0.01034	0.01654	0.00930	0.00827	0.01757	0.01447	0.02274	0.01240	0.01447	0.01034	0.00517	0.00517	0.00103	0.00517	0.00413	0.00413	0.79742
23	0.02323	0.01009	0.01361	0.01105	0.01503	0.00887	0.00887	0.02616	0.01989	0.45679	0.28376	0.03444	0.03558	0.01076	0.00747	0.00217	0.00494	0.00913	0.00828	0.00988
24	0.00841	0.00708	0.00730	0.00725	0.00953	0.00596	0.00543	0.01034	0.01630	0.01979	0.13620	0.06561	0.64230	0.01732	0.00825	0.00234	0.00351	0.01451	0.00660	0.00596
25	0.01720	0.01613	0.02659	0.13855	0.55133	0.01690	0.02041	0.06208	0.01649	0.02321	0.01311	0.01736	0.01079	0.00666	0.00746	0.00214	0.03322	0.00622	0.00361	0.01052
26	0.01611	0.01517	0.02704	0.29618	0.20955	0.01615	0.17901	0.04505	0.03617	0.04329	0.01495	0.02072	0.01182	0.00712	0.00736	0.00229	0.00926	0.02960	0.00384	0.00932
27	0.01603	0.01753	0.03400	0.02539	0.02989	0.01900	0.44278	0.02034	0.01437	0.02034	0.01232	0.01753	0.01007	0.00818	0.01355	0.00261	0.27647	0.00746	0.00336	0.00877
28	0.01301	0.00650	0.00650	0.00650	0.00813	0.00650	0.00488	0.01626	0.01463	0.02602	0.02276	0.02602	0.01789	0.00813	0.00488	0.00163	0.00325	0.00650	0.79350	0.00650
29	0.01431	0.06912	0.65989	0.01990	0.02988	0.01680	0.05135	0.02205	0.01478	0.02184	0.01245	0.01473	0.00891	0.00657	0.00659	0.00218	0.01024	0.00521	0.00297	0.01021
30	0.03077	0.01263	0.03805	0.01265	0.01820	0.01044	0.01074	0.03364	0.01981	0.69446	0.02706	0.02347	0.01701	0.00857	0.00701	0.00216	0.00607	0.00696	0.00846	0.01183
31	0.00846	0.00625	0.00791	0.00925	0.01000	0.00571	0.00627	0.00977	0.01381	0.01800	0.04418	0.62906	0.16361	0.02112	0.00879	0.00275	0.00396	0.01893	0.00648	0.00571
32	0.01708	0.01639	0.02798	0.07525	0.68030	0.01653	0.02132	0.02125	0.01580	0.02257	0.01309	0.01733	0.01097	0.00625	0.00691	0.00208	0.00834	0.00622	0.00344	0.01090
33	0.01679	0.01731	0.03315	0.06509	0.41625	0.01696	0.28588	0.02165	0.01604	0.02242	0.01349	0.01794	0.01080	0.00611	0.00744	0.00219	0.00971	0.00702	0.00347	0.01027
34	0.01015	0.00677	0.00761	0.00761	0.00761	0.00677	0.00423	0.01015	0.01015	0.01353	0.02199	0.04567	0.02537	0.75476	0.03552	0.00677	0.00677	0.01015	0.00423	0.00423
35	0.01301	0.00650	0.00650	0.00650	0.00813	0.00650	0.00488	0.01626	0.01463	0.02602	0.02276	0.02602	0.01789	0.00813	0.00488	0.00163	0.00325	0.00650	0.79350	0.00650
36	0.01766	0.01562	0.01592	0.01433	0.01826	0.04184	0.01113	0.03676	0.67519	0.02877	0.02779	0.02557	0.02088	0.00939	0.00707	0.00235	0.00577	0.00777	0.00698	0.01094
37	0.01540	0.04403	0.18188	0.03914	0.02225	0.01304	0.04816	0.06595	0.01589	0.02367	0.01273	0.01495	0.01002	0.00586	0.00583	0.00151	0.00711	0.00479	0.00395	0.46381
38	0.01212	0.00606	0.00909	0.00909	0.00909	0.00606	0.00606	0.00909	0.00909	0.01212	0.01212	0.02121	0.01212	0.02424	0.02727	0.79697	0.00606	0.00606	0.00303	0.00303
39	0.01447	0.01240	0.01447	0.01034	0.01654	0.00930	0.00827	0.01757	0.01447	0.02274	0.01240	0.01447	0.01034	0.00517	0.00517	0.00103	0.00517	0.00413	0.00413	0.79742
40	0.01755	0.01940	0.13513	0.03345	0.46136	0.04116	0.04257	0.02209	0.01629	0.07273	0.03928	0.01987	0.03344	0.00709	0.00698	0.00211	0.00840	0.00658	0.00399	0.01053
41	0.39179	0.01778	0.17479	0.01231	0.01784	0.01396	0.01217	0.02251	0.03522	0.13914	0.01767	0.06863	0.03325	0.00838	0.00582	0.00223	0.00647	0.00621	0.00501	0.00882
42	0.00850	0.00607	0.00810	0.00972	0.01012	0.00567	0.00648	0.00972	0.01336	0.01781	0.03846	0.75020	0.04615	0.02186	0.00891	0.00283	0.00405	0.01984	0.00648	0.00567
43	0.01728	0.08174	0.50342	0.01875	0.02730	0.13367	0.02186	0.07646	0.01697	0.02266	0.01239	0.01431	0.00911	0.00682	0.00646	0.00209	0.01029	0.00505	0.00338	0.00999
44	0.01912	0.04213	0.01820	0.01508	0.01938	0.06477	0.03258	0.11895	0.52420	0.02965	0.02467	0.02323	0.01853	0.00895	0.00698	0.00226	0.00652	0.00733	0.00660	0.01084
45	0.01736	0.32681	0.37563	0.01615	0.02417	0.04499	0.01881	0.02254	0.01500	0.06216	0.01224	0.01378	0.00941	0.00651	0.00577	0.00190	0.00897	0.00467	0.00333	0.00978
46	0.04123	0.05783	0.61274	0.01864	0.02819	0.01607	0.02340	0.02302	0.01507	0.08125	0.01361	0.01527	0.00952	0.00677	0.00651	0.00218	0.00968	0.00522	0.00348	0.01031
47	0.01961	0.13237	0.05105	0.05185	0.34382	0.05117	0.06453	0.06828	0.03836	0.09138	0.01465	0.01706	0.01145	0.00672	0.00661	0.00202	0.00835	0.00599	0.00423	0.01048
48	0.01215	0.00744	0.00979	0.00936	0.01109	0.00722	0.04823	0.01438	0.01418	0.02192	0.02813	0.07322	0.09027	0.01349	0.00956	0.11949	0.00468	0.09409	0.40524	0.00606
49	0.01634	0.02531	0.34373	0.06969	0.15982	0.03930	0.07933	0.02335	0.06206	0.06541	0.03872	0.01837	0.01279	0.00711	0.00695	0.00220	0.00923	0.00623	0.00392	0.01016
50	0.01743	0.01687	0.05035	0.18222	0.41579	0.04055	0.08579	0.02181	0.01590	0.06578	0.01389	0.01787	0.01090	0.00654	0.00703	0.00215	0.00891	0.00637	0.00371	0.01013
51	0.01480	0.01419	0.01870	0.01631	0.01700	0.04262	0.01332	0.03769	0.01196	0.01768	0.01228	0.03874	0.01213	0.04190	0.13208	0.00432	0.51430	0.00673	0.00347	0.02979
52	0.01012	0.00686	0.00809	0.00809	0.00825	0.00702	0.00482	0.01045	0.01029	0.01388	0.02155	0.04326	0.02432	0.66197	0.12687	0.00735	0.00834	0.00980	0.00416	0.00449
53	0.01447	0.01240	0.01447	0.01034	0.01654	0.00930	0.00827	0.01757	0.01447	0.02274	0.01240	0.01447	0.01034	0.00517	0.00517	0.00103	0.00517	0.00413	0.00413	0.79742
54	0.00912	0.00677	0.00845	0.00888	0.01018	0.00618	0.00639	0.01127	0.01628	0.02182	0.29492	0.30204	0.18807	0.04023	0.00935	0.00263	0.00383	0.04066	0.00686	0.00604
55	0.01504	0.14759	0.54654	0.01988	0.07012	0.01805	0.02287	0.02234	0.03641	0.02148	0.01262	0.01469	0.00939	0.00659	0.00632	0.00209	0.00959	0.00509	0.00312	0.01017
56	0.00971	0.00745	0.00866	0.00833	0.01029	0.00688	0.00623	0.01305	0.04924	0.02368	0.36798	0.05502	0.30821	0.03900	0.02848	0.00263	0.00401	0.01280	0.03190	0.00644
57	0.01014	0.00807	0.00892	0.00899	0.02928	0.00726	0.00651	0.01355	0.06656	0.04330	0.16398	0.05909	0.51732	0.01595	0.00809	0.00232	0.00385	0.01343	0.00670	0.00670
58	0.02103	0.01644	0.01843	0.01524	0.01986	0.01840	0.03451	0.28226	0.37169	0.05939	0.02310	0.02224	0.01707	0.01056	0.03487	0.00260	0.00707	0.00724	0.00686	0.01115
59	0.02338	0.01780	0.01901	0.01522	0.02013	0.01988	0.01230	0.48382	0.21320	0.03874	0.02013	0.02043	0.01497	0.03831	0.00815	0.00235	0.00706	0.00687	0.00690	0.01134
60	0.01902	0.72447	0.03584	0.01213	0.01808	0.02733	0.01200	0.05201	0.01505	0.01770	0.01003	0.01145	0.00909	0.00608	0.00459	0.00152	0.00747	0.00385	0.00317	0.00909
61	0.00997	0.00748	0.01121	0.01121	0.01246	0.00872	0.00872	0.01246	0.01121	0.01620	0.01869	0.02741	0.01745	0.05234	0.72710	0.01121	0.01869	0.00748	0.00374	0.00623
62	0.01266	0.00653	0.00673	0.00675	0.00834	0.00648	0.00504	0.01585	0.01491	0.02586	0.06575	0.05220	0.02182	0.00898	0.00522	0.00170	0.00328	0.00734	0.71808	0.00648
63	0.01330	0.01253	0.01916	0.01653	0.01764	0.01609	0.07246	0.01559	0.01141	0.01706	0.01334	0.02034	0.01253	0.02737	0.29744	0.00619	0.39359	0.00683	0.00336	0.00724
64	0.07624	0.01676	0.01879	0.01448	0.01993	0.01769	0.01196	0.44086	0.02747	0.25462	0.01971	0.01862	0.01330	0.00834	0.00683	0.00212	0.00699	0.00636	0.00734	0.01160
65	0.07566	0.01470	0.01598	0.01349	0.01729	0.01598	0.01064	0.41853	0.02496	0.03451	0.02337	0.25663	0.02279	0.01266	0.00742	0.00234	0.00633	0.01055	0.00663	0.00953
66	0.01447	0.01240	0.01447	0.01034	0.01654	0.00930	0.00827	0.01757	0.01447	0.02274	0.01240	0.01447	0.01034	0.00517	0.00517	0.00103	0.00517	0.00413	0.00413	0.79742
67	0.01931	0.01572	0.01667	0.01433	0.01849	0.01790	0.01126	0.20066	0.49437	0.03213	0.02512	0.02470	0.01912	0.04762	0.00854	0.00252	0.00613	0.00760	0.00692	0.01090
68	0.00825	0.00707	0.00707	0.00707	0.00943	0.00589	0.00530	0.01001	0.01591	0.01885	0.07069	0.06716	0.70839	0.01767	0.00825	0.00236	0.00353	0.01473	0.00648	0.00589
69	0.05395	0.01246	0.02038	0.70041	0.04628	0.01551	0.01877	0.01797	0.01385	0.01852	0.01226	0.01823	0.00921	0.00695	0.00684	0.00232	0.00910	0.00608	0.00316	0.00774
70	0.02112	0.20978	0.16940	0.01692	0.02229	0.36703	0.01577	0.02432	0.01683	0.01795	0.01079	0.01285	0.00896	0.00707	0.00689	0.00188	0.05360	0.00454	0.00328	0.00874
71	0.01503	0.01274	0.01477	0.01060	0.01678	0.00988	0.00850	0.04884	0.01533	0.02373	0.01261	0.01458	0.01041	0.00532	0.00525	0.00108	0.00529	0.00423	0.00427	0.76078
72	0.01048	0.03240	0.11388	0.03838	0.01514	0.00882	0.01020	0.03907	0.01438	0.01944	0.03203	0.56567	0.03693	0.01810	0.00830	0.00266	0.00540	0.01620	0.00576	0.00676
73	0.06994	0.01389	0.01709	0.01317	0.01856	0.01341	0.01088	0.19834	0.02279	0.51115	0.02389	0.02135	0.01541	0.00846	0.00687	0.00214	0.00635	0.00667	0.00800	0.01165
74	0.01318	0.01240	0.02093	0.73798	0.04806	0.01550	0.01938	0.01783	0.01395	0.01783	0.01240	0.01860	0.00930	0.00698	0.00698	0.00233	0.00930	0.00620	0.00310	0.00775
75	0.00917	0.00800	0.00957	0.13467	0.01620	0.00759	0.00780	0.01149	0.01570	0.01900	0.08358	0.05814	0.56314	0.01568	0.00803	0.00235	0.00453	0.01316	0.00593	0.00624
76	0.01056	0.00730	0.00948	0.00884	0.01064	0.00668	0.00666	0.01377	0.01961	0.05149	0.65867	0.05174	0.08967	0.01421	0.00819	0.00220	0.00339	0.01251	0.00767	0.00674
77	0.02029	0.01889	0.04151	0.01508	0.01955	0.10844	0.01221	0.19557	0.39885	0.03069	0.02425	0.02312	0.04185	0.00911	0.00699	0.00222	0.00705	0.00721	0.00646	0.01066
78	0.00905	0.00681	0.00861	0.03689	0.01132	0.00637	0.00659	0.01088	0.01511	0.01997	0.19032	0.37184	0.18991	0.07060	0.01043	0.00285	0.00417	0.01594	0.00645	0.00590
79	0.01572	0.01521	0.02474	0.38015	0.20099	0.03544	0.10111	0.04424	0.07232	0.02140	0.01422	0.01870	0.01095	0.00692	0.00711	0.00225	0.00908	0.00655	0.00372	0.00917
80	0.00955	0.00703	0.00858	0.00883	0.01000	0.00663	0.00614	0.01203	0.04066	0.02118	0.27127	0.26656	0.14243	0.14166	0.01300	0.00319	0.00423	0.01454	0.00654	0.00597
81	0.01738	0.01816	0.04814	0.10368	0.48483	0.08355	0.04370	0.02146	0.01595	0.02173	0.01280	0.01672	0.01055	0.00631	0.00677	0.00201	0.00876	0.00594	0.00347	0.06810
82	0.00858	0.00614	0.00817	0.00966	0.01014	0.00572	0.00648	0.00992	0.01374	0.01842	0.07818	0.70876	0.04732	0.02141	0.00887	0.00280	0.00400	0.01941	0.00655	0.00572
83	0.09783	0.10859	0.02183	0.01616	0.05572	0.04437	0.01281	0.44202	0.04979	0.06129	0.01565	0.01603	0.01149	0.00780	0.00641	0.00203	0.00750	0.00576	0.00602	0.01091
84	0.02174	0.17991	0.04238	0.06779	0.02170	0.10548	0.01312	0.20027	0.10252	0.09455	0.03812	0.01798	0.01387	0.00808	0.00714	0.00203	0.04210	0.00593	0.00532	0.00997
85	0.00850	0.00607	0.00810	0.00972	0.01012	0.00567	0.00648	0.00972	0.01336	0.01781	0.03846	0.75020	0.04615	0.02186	0.00891	0.00283	0.00405	0.01984	0.00648	0.00567
86	0.06756	0.04782	0.11681	0.02749	0.28656	0.09793	0.08129	0.02133	0.01520	0.02152	0.01231	0.01597	0.01018	0.00844	0.03248	0.00242	0.07913	0.00576	0.00345	0.04635
87	0.00885	0.00622	0.00799	0.00927	0.00958	0.00590	0.00600	0.00981	0.01267	0.01690	0.03493	0.59930	0.04170	0.17884	0.01461	0.00368	0.00463	0.01776	0.00600	0.00536
88	0.01969	0.59280	0.05487	0.01319	0.01891	0.11682	0.01260	0.04539	0.03774	0.01805	0.01078	0.01216	0.00946	0.00634	0.00495	0.00160	0.00816	0.00410	0.00333	0.00906
89	0.04473	0.03806	0.07151	0.07121	0.23879	0.01656	0.09520	0.09071	0.10978	0.12731	0.01748	0.01909	0.01294	0.00726	0.00695	0.00217	0.00801	0.00658	0.00502	0.01063
90	0.01507	0.01499	0.02133	0.08673	0.02115	0.02082	0.01566	0.01689	0.01100	0.01689	0.00947	0.01558	0.00917	0.01172	0.02139	0.00298	0.67233	0.00612	0.00306	0.00764
91	0.03112	0.01218	0.01638	0.01256	0.01797	0.01071	0.01038	0.05997	0.02048	0.68937	0.02710	0.02347	0.01706	0.00863	0.00702	0.00216	0.00601	0.00699	0.00857	0.01188
92	0.01635	0.01676	0.06209	0.16923	0.52831	0.01639	0.02089	0.02136	0.04020	0.02207	0.01351	0.01770	0.01099	0.00650	0.00691	0.00214	0.00848	0.00622	0.00349	0.01040
93	0.01866	0.75896	0.03657	0.01194	0.01791	0.02761	0.01194	0.02090	0.01418	0.01642	0.00970	0.01119	0.00896	0.00597	0.00448	0.00149	0.00746	0.00373	0.00299	0.00896
94	0.01727	0.01658	0.02832	0.04283	0.71123	0.01658	0.02142	0.02142	0.01589	0.02280	0.01313	0.01727	0.01105	0.00622	0.00691	0.00207	0.00829	0.00622	0.00345	0.01105
95	0.00958	0.00663	0.00783	0.00835	0.00867	0.00643	0.00517	0.01015	0.01165	0.01536	0.03055	0.25183	0.07859	0.46955	0.02515	0.00522	0.00575	0.03362	0.00510	0.00483
96	0.00904	0.00675	0.00943	0.04488	0.03728	0.00652	0.00762	0.01052	0.01348	0.01799	0.03633	0.68954	0.04316	0.02060	0.00874	0.00278	0.00445	0.01871	0.00621	0.00596
97	0.01318	0.01240	0.02093	0.73798	0.04806	0.01550	0.01938	0.01783	0.01395	0.01783	0.01240	0.01860	0.00930	0.00698	0.00698	0.00233	0.00930	0.00620	0.00310	0.00775
98	0.00850	0.00607	0.00810	0.00972	0.01012	0.00567	0.00648	0.00972	0.01336	0.01781	0.03846	0.75020	0.04615	0.02186	0.00891	0.00283	0.00405	0.01984	0.00648	0.00567
99	0.00955	0.00692	0.00901	0.00891	0.01033	0.00638	0.00652	0.01239	0.01836	0.02568	0.55488	0.19137	0.08176	0.01588	0.00837	0.00233	0.00345	0.01412	0.00741	0.00638
100	0.70759	0.01496	0.04849	0.01166	0.04087	0.01578	0.03201	0.02069	0.01233	0.03022	0.01014	0.01198	0.00786	0.00646	0.00467	0.00217	0.00597	0.00409	0.00419	0.00789
101	0.01707	0.38511	0.29644	0.01554	0.02283	0.06615	0.01735	0.02154	0.01463	0.01887	0.01093	0.01289	0.00897	0.00648	0.00607	0.00182	0.03371	0.00442	0.00305	0.03613
102	0.01370	0.01277	0.02146	0.62627	0.13289	0.01538	0.01922	0.01825	0.01422	0.01872	0.01280	0.01865	0.00978	0.00691	0.00691	0.00227	0.00899	0.00621	0.02644	0.00814
103	0.00997	0.00748	0.01121	0.01121	0.01246	0.00872	0.00872	0.01246	0.01121	0.01620	0.01869	0.02741	0.01745	0.05234	0.72710	0.01121	0.01869	0.00748	0.00374	0.00623
104	0.02247	0.34384	0.02656	0.01502	0.01957	0.40354	0.01254	0.02450	0.01721	0.01708	0.01071	0.01242	0.00926	0.00670	0.00547	0.00166	0.01009	0.00423	0.02873	0.00841
105	0.01682	0.02007	0.22859	0.04031	0.04099	0.01284	0.03398	0.06539	0.01640	0.09692	0.01518	0.03828	0.01179	0.00681	0.00623	0.00174	0.00735	0.00561	0.00444	0.33026
106	0.04370	0.09091	0.36216	0.02303	0.15316	0.09364	0.06238	0.02210	0.01565	0.02177	0.03980	0.01629	0.01160	0.00681	0.00654	0.00209	0.00958	0.00560	0.00339	0.00979
107	0.01853	0.01600	0.01641	0.01450	0.01860	0.03967	0.01134	0.10090	0.61209	0.03027	0.02671	0.02471	0.01999	0.00929	0.00706	0.00232	0.00595	0.00763	0.00698	0.01104
108	0.11526	0.54894	0.03093	0.01330	0.03950	0.09404	0.01190	0.04412	0.01513	0.01943	0.01016	0.01173	0.00895	0.00624	0.00480	0.00164	0.00775	0.00398	0.00336	0.00886
109	0.01099	0.01009	0.05394	0.01072	0.01306	0.00899	0.00870	0.01622	0.13133	0.02116	0.11694	0.18467	0.17926	0.04151	0.08028	0.03279	0.00626	0.06005	0.00604	0.00700
110	0.00895	0.00676	0.00827	0.00860	0.01004	0.00608	0.00618	0.01110	0.01650	0.02194	0.29962	0.29119	0.24378	0.01780	0.00846	0.00246	0.00362	0.01565	0.00693	0.00608
111	0.01795	0.01528	0.01611	0.01432	0.01837	0.01763	0.01119	0.07885	0.65589	0.03014	0.02765	0.02544	0.02070	0.00940	0.00709	0.00235	0.00566	0.00779	0.00709	0.01110
112	0.00849	0.00694	0.00723	0.00738	0.00928	0.00597	0.00529	0.01000	0.01501	0.01814	0.06211	0.12841	0.56837	0.10250	0.01143	0.00291	0.00395	0.01468	0.00622	0.00568
113	0.01321	0.01055	0.01210	0.01105	0.01372	0.01119	0.00847	0.04152	0.28492	0.02861	0.40229	0.04143	0.06776	0.01234	0.00775	0.00226	0.00429	0.01066	0.00740	0.00845
114	0.02446	0.01386	0.01633	0.01350	0.01823	0.01436	0.01083	0.08046	0.33803	0.34878	0.02720	0.02434	0.01878	0.00901	0.00705	0.00225	0.00586	0.00737	0.00780	0.01149
115	0.01874	0.71092	0.05915	0.01241	0.01845	0.04988	0.01246	0.02116	0.01438	0.01663	0.00983	0.01136	0.00895	0.00603	0.00461	0.00153	0.00773	0.00380	0.00300	0.00897
116	0.01417	0.01308	0.02147	0.64973	0.09538	0.01590	0.01921	0.05264	0.01507	0.01954	0.01268	0.01841	0.00956	0.00699	0.00697	0.00230	0.00914	0.00621	0.00333	0.00821
117	0.01301	0.00650	0.00650	0.00650	0.00813	0.00650	0.00488	0.01626	0.01463	0.02602	0.02276	0.02602	0.01789	0.00813	0.00488	0.00163	0.00325	0.00650	0.79350	0.00650
118	0.01447	0.01240	0.01447	0.01034	0.01654	0.00930	0.00827	0.01757	0.01447	0.02274	0.01240	0.01447	0.01034	0.00517	0.00517	0.00103	0.00517	0.00413	0.00413	0.79742
119	0.01240	0.00996	0.01208	0.01188	0.01402	0.01048	0.02639	0.04274	0.23394	0.02336	0.07836	0.35458	0.07114	0.01615	0.00821	0.00260	0.00491	0.05228	0.00669	0.00782
120	0.01572	0.01469	0.02439	0.37908	0.35710	0.01629	0.02005	0.05076	0.01574	0.02137	0.01294	0.01789	0.01024	0.00669	0.00694	0.00220	0.00875	0.00621	0.00345	0.00949
121	0.01669	0.01611	0.02817	0.03915	0.59465	0.01598	0.08304	0.02093	0.01609	0.02287	0.03931	0.02112	0.01415	0.00700	0.00719	0.00215	0.00836	0.03277	0.00373	0.01055
122	0.01647	0.01882	0.04118	0.02941	0.03647	0.01765	0.68588	0.02235	0.01647	0.02235	0.01412	0.01882	0.01059	0.00588	0.00824	0.00235	0.01176	0.00824	0.00353	0.00941
123	0.02607	0.03326	0.01978	0.01798	0.02157	0.72674	0.01348	0.02787	0.01978	0.01708	0.01079	0.01258	0.00899	0.00719	0.00629	0.00180	0.01258	0.00449	0.00360	0.00809
124	0.00957	0.00692	0.00992	0.01047	0.01133	0.00751	0.00766	0.01131	0.01181	0.01647	0.02523	0.27014	0.02723	0.07385	0.42847	0.03718	0.01276	0.01169	0.00465	0.00583
125	0.01746	0.57292	0.21210	0.01399	0.02107	0.02468	0.01550	0.02121	0.01432	0.01788	0.01043	0.01210	0.00893	0.00614	0.00503	0.00168	0.00820	0.00410	0.00298	0.00930
126	0.01015	0.00775	0.01157	0.01146	0.01266	0.00916	0.00895	0.01261	0.01120	0.01622	0.01836	0.02700	0.01716	0.05095	0.70280	0.01093	0.04365	0.00743	0.00371	0.00628
127	0.02504	0.01083	0.01426	0.01155	0.01586	0.00979	0.00930	0.02900	0.06675	0.49460	0.14207	0.05557	0.02681	0.01011	0.00720	0.00218	0.00527	0.00847	0.04489	0.01045
128	0.01399	0.04167	0.11625	0.06167	0.04435	0.10526	0.04848	0.01763	0.01582	0.01989	0.02682	0.13662	0.04803	0.01380	0.00812	0.00261	0.00795	0.25850	0.00499	0.00757
129	0.00997	0.00748	0.01121	0.01121	0.01246	0.00872	0.00872	0.01246	0.01121	0.01620	0.01869	0.02741	0.01745	0.05234	0.72710	0.01121	0.01869	0.00748	0.00374	0.00623
130	0.00850	0.00607	0.00810	0.00972	0.01012	0.00567	0.00648	0.00972	0.01336	0.01781	0.03846	0.75020	0.04615	0.02186	0.00891	0.00283	0.00405	0.01984	0.00648	0.00567
131	0.00854	0.00619	0.00798	0.00938	0.00996	0.00573	0.00628	0.00976	0.01348	0.01775	0.04089	0.65809	0.10831	0.04974	0.00987	0.00294	0.00410	0.01898	0.00639	0.00563
132	0.01711	0.01473	0.01557	0.01402	0.01789	0.01700	0.01090	0.03629	0.67611	0.02915	0.05092	0.02690	0.02278	0.00963	0.00714	0.00236	0.00545	0.00805	0.00712	0.01090
133	0.03048	0.01169	0.01593	0.01228	0.01753	0.01011	0.01011	0.03320	0.01996	0.68951	0.05377	0.02485	0.01915	0.00885	0.00706	0.00216	0.00584	0.00723	0.00860	0.01167
134	0.00993	0.00640	0.00778	0.00856	0.00958	0.00604	0.00599	0.01203	0.01476	0.02158	0.13204	0.41553	0.07536	0.01678	0.00767	0.00239	0.00369	0.01487	0.22298	0.00604
135	0.00999	0.00735	0.01057	0.01054	0.01161	0.00831	0.00793	0.01214	0.01149	0.01640	0.05471	0.03148	0.02115	0.15778	0.58428	0.01007	0.01607	0.00815	0.00402	0.00594
136	0.01455	0.01399	0.01949	0.01691	0.01708	0.01924	0.01395	0.01618	0.01086	0.01697	0.01092	0.01774	0.01074	0.04055	0.08340	0.00383	0.62758	0.00638	0.03230	0.00736
137	0.01373	0.03419	0.67203	0.01916	0.02890	0.01557	0.02452	0.02151	0.01506	0.02249	0.05816	0.01719	0.01258	0.00713	0.00673	0.00221	0.00985	0.00565	0.00326	0.01007
138	0.02669	0.01929	0.02078	0.01593	0.02151	0.02125	0.01316	0.66577	0.03237	0.06678	0.01712	0.01699	0.01205	0.00839	0.00698	0.00210	0.00762	0.00631	0.00704	0.01187
139	0.01380	0.01035	0.01044	0.01021	0.01078	0.11650	0.00689	0.01217	0.01105	0.01331	0.01448	0.04733	0.01504	0.14902	0.02492	0.51212	0.00712	0.00697	0.00344	0.00410
140	0.01578	0.01570	0.01748	0.18380	0.12843	0.14047	0.01351	0.04604	0.08557	0.02219	0.12132	0.03049	0.13069	0.00994	0.00724	0.00217	0.00752	0.00834	0.00498	0.00834
141	0.01257	0.01127	0.04839	0.01217	0.03740	0.01072	0.00933	0.02077	0.22307	0.02610	0.34883	0.06347	0.04244	0.06608	0.03395	0.00289	0.00529	0.01049	0.00670	0.00806
142	0.01400	0.03610	0.71860	0.01989	0.03020	0.01621	0.02578	0.02210	0.01473	0.02210	0.01252	0.01473	0.00884	0.00663	0.00663	0.00221	0.01031	0.00516	0.00295	0.01031
143	0.01607	0.14185	0.06216	0.01144	0.01781	0.01326	0.01020	0.03869	0.01516	0.04523	0.01258	0.01430	0.01028	0.00561	0.00526	0.00125	0.00598	0.00429	0.00410	0.56449
144	0.01212	0.00606	0.00909	0.00909	0.00909	0.00606	0.00606	0.00909	0.00909	0.01212	0.01212	0.02121	0.01212	0.02424	0.02727	0.79697	0.00606	0.00606	0.00303	0.00303
145	0.01400	0.03610	0.71860	0.01989	0.03020	0.01621	0.02578	0.02210	0.01473	0.02210	0.01252	0.01473	0.00884	0.00663	0.00663	0.00221	0.01031	0.00516	0.00295	0.01031
146	0.02277	0.08668	0.08718	0.02195	0.19757	0.03772	0.03328	0.09874	0.04252	0.25102	0.01906	0.02059	0.01393	0.00779	0.00681	0.00211	0.00764	0.02612	0.00566	0.01087
147	0.01644	0.07987	0.33866	0.01781	0.05571	0.01708	0.01822	0.12238	0.13975	0.02582	0.01828	0.08683	0.01518	0.00878	0.00684	0.00222	0.00816	0.00715	0.00465	0.01017
148	0.01727	0.01658	0.02832	0.04283	0.71123	0.01658	0.02142	0.02142	0.01589	0.02280	0.01313	0.01727	0.01105	0.00622	0.00691	0.00207	0.00829	0.00622	0.00345	0.01105
149	0.02229	0.01628	0.01977	0.01569	0.02057	0.01753	0.07617	0.32736	0.19759	0.10518	0.02167	0.04532	0.01622	0.00888	0.00707	0.00219	0.00695	0.00742	0.05496	0.01089
150	0.01349	0.06674	0.50997	0.01776	0.02579	0.01503	0.04338	0.02044	0.03785	0.02159	0.03729	0.12588	0.01657	0.00916	0.00698	0.00228	0.00891	0.00769	0.00377	0.00943
151	0.02556	0.04248	0.11920	0.01404	0.02002	0.01184	0.04708	0.02924	0.01863	0.48457	0.07008	0.02337	0.01850	0.00838	0.00695	0.00212	0.00672	0.00698	0.00713	0.03711
152	0.01866	0.75896	0.03657	0.01194	0.01791	0.02761	0.01194	0.02090	0.01418	0.01642	0.00970	0.01119	0.00896	0.00597	0.00448	0.00149	0.00746	0.00373	0.00299	0.00896
153	0.01131	0.00844	0.01256	0.01348	0.01527	0.00835	0.04568	0.01452	0.01589	0.02073	0.03588	0.12492	0.03908	0.01878	0.00951	0.00314	0.00653	0.58313	0.00628	0.00652
154	0.01400	0.03610	0.71860	0.01989	0.03020	0.01621	0.02578	0.02210	0.01473	0.02210	0.01252	0.01473	0.00884	0.00663	0.00663	0.00221	0.01031	0.00516	0.00295	0.01031
155	0.01091	0.00872	0.01157	0.01133	0.01272	0.02934	0.00871	0.01422	0.04791	0.01826	0.09992	0.05326	0.02398	0.06447	0.51894	0.00878	0.03752	0.00846	0.00445	0.00653
156	0.00999	0.00739	0.01075	0.01075	0.01184	0.00847	0.00814	0.01216	0.01108	0.01586	0.01912	0.02976	0.01847	0.14272	0.63811	0.01064	0.01716	0.00782	0.00380	0.00597
157	0.01714	0.54301	0.05350	0.01345	0.03734	0.02326	0.03111	0.03733	0.01498	0.01845	0.04973	0.05780	0.03642	0.00798	0.00599	0.00177	0.03252	0.00585	0.00367	0.00870
158	0.01141	0.00638	0.00891	0.00891	0.00903	0.00649	0.00584	0.00968	0.00956	0.01287	0.01528	0.02809	0.01603	0.21499	0.09542	0.51938	0.00743	0.00725	0.00341	0.00364
159	0.04215	0.35078	0.27845	0.01588	0.02285	0.04465	0.03533	0.02208	0.04625	0.01974	0.01171	0.01367	0.00950	0.00681	0.00667	0.00194	0.05416	0.00473	0.00324	0.00940
160	0.01763	0.01716	0.02339	0.26607	0.23539	0.11339	0.06194	0.04486	0.06095	0.04690	0.01597	0.01944	0.03159	0.00729	0.00699	0.00217	0.00902	0.00650	0.00400	0.00934
161	0.04938	0.02655	0.04367	0.05418	0.02301	0.38108	0.01394	0.27291	0.02392	0.02776	0.01312	0.01448	0.01003	0.00758	0.00653	0.00196	0.01029	0.00525	0.00483	0.00954
162	0.01793	0.01500	0.02568	0.10490	0.37380	0.01471	0.10796	0.02206	0.01644	0.11258	0.05740	0.02041	0.01492	0.00699	0.00708	0.00209	0.00805	0.00685	0.00440	0.06074
163	0.02734	0.01825	0.02014	0.01544	0.02099	0.01971	0.01275	0.57710	0.03063	0.15791	0.01858	0.01794	0.01278	0.00842	0.00699	0.00211	0.00738	0.00641	0.00726	0.01187
164	0.01545	0.01437	0.02417	0.25179	0.43989	0.01538	0.01937	0.01962	0.01500	0.02109	0.01364	0.01861	0.01117	0.00892	0.04397	0.00260	0.00890	0.00629	0.04021	0.00958
165	0.01605	0.04080	0.14821	0.09025	0.12480	0.03687	0.11536	0.02269	0.10227	0.06942	0.09932	0.04461	0.04114	0.00865	0.00725	0.00222	0.00802	0.00785	0.00481	0.00942
166	0.02483	0.05220	0.02045	0.01631	0.02100	0.26514	0.01299	0.34623	0.11730	0.03162	0.01599	0.01635	0.01203	0.00802	0.00666	0.00201	0.00908	0.00578	0.00567	0.01034
167	0.01435	0.00859	0.01079	0.01032	0.01249	0.00809	0.00765	0.07516	0.01769	0.14483	0.16138	0.36126	0.10649	0.01652	0.00821	0.00248	0.00451	0.01454	0.00712	0.00750
168	0.01277	0.02052	0.30024	0.01667	0.07900	0.01236	0.01611	0.01950	0.08235	0.02398	0.20455	0.03401	0.10638	0.01056	0.00741	0.00226	0.00692	0.03043	0.00516	0.00883
169	0.09023	0.06503	0.06340	0.01585	0.04316	0.01636	0.06588	0.12674	0.18105	0.20288	0.02065	0.02031	0.01478	0.00948	0.03097	0.00248	0.00739	0.00659	0.00618	0.01060
170	0.00937	0.00706	0.00833	0.00875	0.01033	0.00645	0.00643	0.01134	0.03660	0.01920	0.10743	0.22496	0.34848	0.01892	0.01039	0.08229	0.00419	0.06741	0.00625	0.00582
171	0.01013	0.00775	0.01037	0.03706	0.01207	0.00856	0.00761	0.01142	0.01181	0.01616	0.02658	0.27838	0.04691	0.24095	0.16299	0.00567	0.08267	0.01248	0.00480	0.00564
172	0.09532	0.02215	0.08628	0.01777	0.09048	0.24785	0.01358	0.11334	0.04202	0.05014	0.01668	0.06628	0.01431	0.00871	0.00654	0.00208	0.00866	0.02916	0.05969	0.00899
173	0.01354	0.00903	0.01305	0.10814	0.03846	0.03692	0.02990	0.01300	0.01158	0.03841	0.04549	0.02217	0.01450	0.02059	0.05702	0.50571	0.00752	0.00650	0.00353	0.00494
174	0.15728	0.01416	0.03603	0.08478	0.01879	0.07207	0.00991	0.01913	0.03782	0.02398	0.06330	0.04201	0.01565	0.00738	0.00572	0.00170	0.00611	0.00577	0.06837	0.31003
175	0.02168	0.06090	0.11183	0.06407	0.11249	0.20979	0.01537	0.13226	0.01966	0.10511	0.03348	0.01837	0.01298	0.04233	0.00798	0.00224	0.00916	0.00594	0.00471	0.00963
176	0.01748	0.05252	0.09172	0.08122	0.15366	0.08370	0.01487	0.04173	0.12155	0.06377	0.06579	0.02231	0.01713	0.00799	0.00671	0.00202	0.00755	0.02903	0.00481	0.11446

[dist]
