[name]
unknown

[dist]
# distance from previous block
# <min> <max>
0	136

[block]
# block no. 0 follows, 34 sequences, length 14
# corresponding to MSA columns:
# 136-149
name=unknown_A
#
# <colnr> <probs for GDERKNQSTAVLIFYWHMCP>
#	G	D	E	R	K	N	Q	S	T	A	V	L	I	F	Y	W	H	M	C	P
0	0.01262	0.25452	0.01794	0.01163	0.01441	0.01326	0.01062	0.01530	0.01431	0.01801	0.02611	0.05281	0.02791	0.01389	0.00739	0.00246	0.00626	0.46892	0.00493	0.00670
1	0.02384	0.01820	0.24765	0.01372	0.02018	0.01127	0.01411	0.02795	0.01694	0.50695	0.02103	0.01931	0.01349	0.00740	0.00638	0.00201	0.00680	0.00594	0.00631	0.01053
2	0.01482	0.02095	0.25492	0.07015	0.47055	0.01519	0.02103	0.01986	0.01428	0.02066	0.01194	0.01530	0.00949	0.00592	0.00632	0.00197	0.00833	0.00544	0.00303	0.00986
3	0.01127	0.00894	0.01041	0.00963	0.01189	0.00926	0.00734	0.01910	0.24370	0.02569	0.45790	0.04146	0.09366	0.01200	0.00729	0.00209	0.00373	0.01041	0.00686	0.00738
4	0.01436	0.01516	0.02558	0.25809	0.03144	0.05197	0.24233	0.01803	0.01302	0.01755	0.01102	0.01608	0.00895	0.00761	0.01129	0.00234	0.23823	0.00625	0.00301	0.00766
5	0.01070	0.00871	0.00979	0.00971	0.01180	0.00898	0.00728	0.01777	0.24134	0.02134	0.12000	0.22819	0.21912	0.01461	0.00751	0.00232	0.00408	0.04339	0.00631	0.00703
6	0.29964	0.01080	0.01054	0.00936	0.01271	0.01178	0.00744	0.02292	0.17533	0.12216	0.05274	0.02018	0.01598	0.00761	0.00522	0.00193	0.00453	0.00576	0.19539	0.00800
7	0.27927	0.02492	0.01548	0.01403	0.01757	0.51175	0.01072	0.02361	0.01596	0.02005	0.00967	0.01128	0.00790	0.00645	0.00524	0.00177	0.00952	0.00395	0.00354	0.00733
8	0.00991	0.00816	0.01178	0.24852	0.02071	0.00865	0.00973	0.01315	0.01604	0.02165	0.40125	0.04034	0.14239	0.01151	0.00725	0.00209	0.00487	0.01006	0.00559	0.00635
9	0.01490	0.01092	0.01589	0.01945	0.24378	0.01076	0.01165	0.01987	0.09981	0.12132	0.26242	0.03317	0.05359	0.00992	0.00702	0.00206	0.00527	0.04383	0.00582	0.00856
10	0.01013	0.00817	0.01209	0.24875	0.02084	0.00875	0.00990	0.01358	0.01657	0.02289	0.49871	0.03830	0.04415	0.01104	0.00725	0.00207	0.00484	0.00978	0.00575	0.00644
11	0.00983	0.01476	0.24283	0.01222	0.01563	0.00864	0.01208	0.01313	0.01289	0.01787	0.02707	0.42446	0.03021	0.04980	0.00876	0.00264	0.00594	0.07975	0.00485	0.00664
12	0.01589	0.53807	0.26046	0.01342	0.02024	0.02218	0.01517	0.01971	0.01329	0.01689	0.00982	0.01142	0.00826	0.00572	0.00479	0.00160	0.00776	0.00388	0.00275	0.00870
13	0.02414	0.03079	0.01831	0.01665	0.01998	0.74698	0.01248	0.02580	0.01831	0.01581	0.00999	0.01165	0.00832	0.00666	0.00583	0.00166	0.01165	0.00416	0.00333	0.00749

[dist]
# distance from previous block
# <min> <max>
0	3

[block]
# block no. 1 follows, 34 sequences, length 11
# corresponding to MSA columns:
# 153-163
name=unknown_B
#
# <colnr> <probs for GDERKNQSTAVLIFYWHMCP>
#	G	D	E	R	K	N	Q	S	T	A	V	L	I	F	Y	W	H	M	C	P
0	0.01763	0.01135	0.01383	0.01009	0.01563	0.00885	0.00816	0.02040	0.01478	0.21531	0.01528	0.01573	0.01131	0.00566	0.00525	0.00124	0.00498	0.00455	0.00496	0.59500
1	0.02193	0.02143	0.21422	0.01544	0.02178	0.01745	0.01510	0.44475	0.02446	0.11614	0.01561	0.01576	0.01081	0.00735	0.00638	0.00198	0.00758	0.00561	0.00563	0.01060
2	0.01505	0.01168	0.01498	0.01229	0.01655	0.01075	0.05180	0.14456	0.01718	0.04860	0.02009	0.06557	0.01910	0.00975	0.00661	0.00187	0.00588	0.19111	0.00510	0.33147
3	0.01016	0.00768	0.01039	0.21061	0.01721	0.00846	0.00772	0.01133	0.01035	0.01361	0.01795	0.03549	0.01945	0.56499	0.02572	0.00515	0.00690	0.00840	0.00363	0.00480
4	0.01015	0.00720	0.00874	0.00932	0.01030	0.00721	0.00644	0.07264	0.04665	0.01916	0.03089	0.54451	0.03521	0.09850	0.01043	0.00287	0.00433	0.01503	0.05454	0.00589
5	0.02109	0.02505	0.02035	0.02274	0.21302	0.48110	0.01445	0.02411	0.04977	0.01776	0.01127	0.01352	0.00938	0.00673	0.00672	0.00181	0.04455	0.00481	0.00342	0.00834
6	0.01328	0.01744	0.21037	0.01197	0.01875	0.01035	0.01206	0.01741	0.01346	0.02089	0.01151	0.01346	0.00919	0.00515	0.00515	0.00125	0.00608	0.00408	0.00353	0.59461
7	0.01323	0.01295	0.01006	0.00960	0.01071	0.20714	0.00633	0.01384	0.01232	0.01389	0.02182	0.03586	0.08632	0.49335	0.02315	0.00463	0.00744	0.00838	0.00395	0.00503
8	0.01901	0.01559	0.03133	0.02351	0.05984	0.01444	0.48900	0.02359	0.01611	0.21507	0.01640	0.01860	0.01150	0.00615	0.00727	0.00212	0.00929	0.00724	0.00455	0.00940
9	0.00940	0.00626	0.00705	0.00705	0.00705	0.00626	0.00392	0.00940	0.00940	0.01253	0.02036	0.04228	0.02349	0.77292	0.03289	0.00626	0.00626	0.00940	0.00392	0.00392
10	0.01296	0.03342	0.73944	0.01842	0.02797	0.01501	0.02387	0.02046	0.01364	0.02046	0.01160	0.01364	0.00818	0.00614	0.00614	0.00205	0.00955	0.00477	0.00273	0.00955

[dist]
# distance from previous block
# <min> <max>
0	4

[block]
# block no. 2 follows, 34 sequences, length 7
# corresponding to MSA columns:
# 168-174
name=unknown_C
#
# <colnr> <probs for GDERKNQSTAVLIFYWHMCP>
#	G	D	E	R	K	N	Q	S	T	A	V	L	I	F	Y	W	H	M	C	P
0	0.00841	0.00630	0.00780	0.00800	0.00935	0.00569	0.00578	0.01055	0.01569	0.02111	0.36587	0.26350	0.21621	0.01604	0.00781	0.00224	0.00331	0.01412	0.00652	0.00569
1	0.01419	0.01197	0.01345	0.01239	0.01535	0.01387	0.00964	0.02806	0.52549	0.02372	0.02383	0.02446	0.01874	0.01968	0.21033	0.00445	0.00847	0.00720	0.00572	0.00900
2	0.01121	0.00876	0.01232	0.01602	0.20663	0.00876	0.00829	0.01227	0.01086	0.01489	0.01810	0.03505	0.01984	0.56190	0.02560	0.00507	0.00665	0.00840	0.00372	0.00565
3	0.01313	0.09280	0.47929	0.22104	0.03151	0.01576	0.02111	0.01928	0.01340	0.01891	0.01133	0.01434	0.00831	0.00617	0.00605	0.00202	0.00906	0.00492	0.00277	0.00879
4	0.01204	0.00602	0.00602	0.00602	0.00753	0.00602	0.00452	0.01506	0.01355	0.02409	0.02108	0.02409	0.01656	0.00753	0.00452	0.00151	0.00301	0.00602	0.80879	0.00602
5	0.00993	0.00897	0.01196	0.01565	0.20785	0.00818	0.00901	0.01218	0.01472	0.01846	0.05079	0.04948	0.53201	0.01345	0.00730	0.00211	0.00448	0.01147	0.00523	0.00677
6	0.01296	0.03342	0.73944	0.01842	0.02797	0.01501	0.02387	0.02046	0.01364	0.02046	0.01160	0.01364	0.00818	0.00614	0.00614	0.00205	0.00955	0.00477	0.00273	0.00955

[dist]
# distance from previous block
# <min> <max>
0	3

[block]
# block no. 3 follows, 34 sequences, length 24
# corresponding to MSA columns:
# 178-201
name=unknown_D
#
# <colnr> <probs for GDERKNQSTAVLIFYWHMCP>
#	G	D	E	R	K	N	Q	S	T	A	V	L	I	F	Y	W	H	M	C	P
0	0.01353	0.11214	0.60235	0.01750	0.02581	0.01655	0.02166	0.01993	0.01327	0.01948	0.01105	0.01333	0.00822	0.00651	0.00720	0.00204	0.07280	0.00471	0.00274	0.00920
1	0.07641	0.00620	0.00767	0.00895	0.00964	0.00603	0.00608	0.00984	0.01225	0.01755	0.03336	0.70461	0.03971	0.01904	0.00789	0.00257	0.00385	0.01711	0.00583	0.00540
2	0.01584	0.01523	0.02573	0.05873	0.61016	0.01544	0.05922	0.02100	0.07439	0.02144	0.01338	0.01680	0.01096	0.00601	0.00649	0.00196	0.00768	0.00600	0.00348	0.01005
3	0.01322	0.03177	0.67817	0.01797	0.02702	0.01510	0.02272	0.02164	0.07344	0.02102	0.01284	0.01453	0.00916	0.00636	0.00618	0.00206	0.00917	0.00499	0.00305	0.00961
4	0.01727	0.77681	0.03386	0.01106	0.01658	0.02557	0.01106	0.01935	0.01313	0.01520	0.00898	0.01036	0.00829	0.00553	0.00415	0.00138	0.00691	0.00345	0.00276	0.00829
5	0.00787	0.00562	0.00750	0.00900	0.00937	0.00525	0.00600	0.00900	0.01237	0.01649	0.03561	0.76871	0.04274	0.02024	0.00825	0.00262	0.00375	0.01837	0.00600	0.00525
6	0.01272	0.03175	0.69388	0.01777	0.02682	0.01445	0.02276	0.01995	0.01393	0.02080	0.05634	0.01580	0.01148	0.00658	0.00623	0.00205	0.00914	0.00521	0.00300	0.00933
7	0.01122	0.00561	0.00842	0.00842	0.00842	0.00561	0.00561	0.00842	0.00842	0.01122	0.01122	0.01964	0.01122	0.02245	0.02525	0.81201	0.00561	0.00561	0.00281	0.00281
8	0.01628	0.01609	0.02533	0.08014	0.64800	0.06091	0.01926	0.02001	0.01483	0.02051	0.01198	0.01579	0.01002	0.00585	0.00636	0.00192	0.00798	0.00566	0.00319	0.00989
9	0.00997	0.00719	0.00983	0.01100	0.01247	0.00705	0.00936	0.01277	0.01511	0.01981	0.11415	0.10786	0.08062	0.01737	0.00867	0.00280	0.00535	0.53663	0.00609	0.00590
10	0.00771	0.00655	0.00665	0.00662	0.00877	0.00549	0.00497	0.00942	0.01491	0.01788	0.09860	0.06149	0.69659	0.01621	0.00764	0.00217	0.00326	0.01354	0.00606	0.00549
11	0.00923	0.00692	0.01038	0.01038	0.01154	0.00808	0.00808	0.01154	0.01038	0.01500	0.01731	0.02538	0.01615	0.04846	0.74732	0.01038	0.01731	0.00692	0.00346	0.00577
12	0.00914	0.00660	0.00864	0.00813	0.00965	0.00610	0.00610	0.01219	0.01829	0.02591	0.72921	0.04827	0.06097	0.01321	0.00762	0.00203	0.00305	0.01169	0.00711	0.00610
13	0.81856	0.01250	0.00950	0.00850	0.01250	0.01449	0.00700	0.01899	0.01100	0.02899	0.00900	0.01050	0.00700	0.00600	0.00400	0.00200	0.00500	0.00350	0.00400	0.00700
14	0.02373	0.01730	0.01851	0.01428	0.01921	0.01911	0.01177	0.66496	0.02926	0.03962	0.01588	0.01608	0.01136	0.00774	0.00633	0.00191	0.00684	0.00583	0.05961	0.01066
15	0.02899	0.01100	0.01499	0.01150	0.01649	0.00950	0.00950	0.03149	0.01849	0.73709	0.02549	0.02199	0.01599	0.00800	0.00650	0.00200	0.00550	0.00650	0.00800	0.01100
16	0.01320	0.07441	0.70054	0.01801	0.02734	0.01559	0.02317	0.02040	0.01361	0.02017	0.01145	0.01346	0.00819	0.00611	0.00603	0.00201	0.00940	0.00470	0.00273	0.00948
17	0.02369	0.01767	0.01890	0.01469	0.01971	0.01963	0.01207	0.64173	0.10114	0.03932	0.01662	0.01639	0.01188	0.00786	0.00648	0.00196	0.00691	0.00597	0.00648	0.01091
18	0.01296	0.03342	0.73944	0.01842	0.02797	0.01501	0.02387	0.02046	0.01364	0.02046	0.01160	0.01364	0.00818	0.00614	0.00614	0.00205	0.00955	0.00477	0.00273	0.00955
19	0.01439	0.12873	0.60850	0.01708	0.02586	0.01608	0.02143	0.02092	0.01384	0.05868	0.01201	0.01367	0.00862	0.00616	0.00590	0.00196	0.00899	0.00470	0.00302	0.00946
20	0.01054	0.00846	0.01134	0.01063	0.01101	0.01026	0.00785	0.01164	0.00984	0.01409	0.01637	0.02969	0.01732	0.34514	0.26257	0.00674	0.20005	0.00765	0.00349	0.00531
21	0.01727	0.77681	0.03386	0.01106	0.01658	0.02557	0.01106	0.01935	0.01313	0.01520	0.00898	0.01036	0.00829	0.00553	0.00415	0.00138	0.00691	0.00345	0.00276	0.00829
22	0.01525	0.01743	0.03813	0.02723	0.03377	0.01634	0.70915	0.02070	0.01525	0.02070	0.01307	0.01743	0.00980	0.00545	0.00763	0.00218	0.01089	0.00763	0.00327	0.00871
23	0.00884	0.00659	0.00822	0.00781	0.00947	0.00597	0.00586	0.01161	0.01758	0.02423	0.59697	0.05104	0.19426	0.01384	0.00762	0.00206	0.00309	0.01207	0.00689	0.00597

[dist]
# distance from previous block
# <min> <max>
0	1

[block]
# block no. 4 follows, 34 sequences, length 15
# corresponding to MSA columns:
# 203-217
name=unknown_E
#
# <colnr> <probs for GDERKNQSTAVLIFYWHMCP>
#	G	D	E	R	K	N	Q	S	T	A	V	L	I	F	Y	W	H	M	C	P
0	0.01727	0.77681	0.03386	0.01106	0.01658	0.02557	0.01106	0.01935	0.01313	0.01520	0.00898	0.01036	0.00829	0.00553	0.00415	0.00138	0.00691	0.00345	0.00276	0.00829
1	0.01795	0.01481	0.01567	0.01353	0.01752	0.01695	0.01068	0.18398	0.56824	0.03006	0.02391	0.02221	0.01779	0.00854	0.00655	0.00214	0.00556	0.00698	0.00655	0.01040
2	0.00853	0.00694	0.00760	0.00737	0.00942	0.00619	0.00555	0.01145	0.05194	0.02054	0.26683	0.05597	0.48867	0.01501	0.00758	0.00214	0.00330	0.01271	0.00637	0.00590
3	0.00925	0.00684	0.00998	0.01012	0.01116	0.00778	0.00776	0.01135	0.01061	0.01507	0.01917	0.05959	0.01893	0.10713	0.61917	0.00934	0.01524	0.04218	0.00373	0.00560
4	0.00914	0.00660	0.00864	0.00813	0.00965	0.00610	0.00610	0.01219	0.01829	0.02591	0.72921	0.04827	0.06097	0.01321	0.00762	0.00203	0.00305	0.01169	0.00711	0.00610
5	0.81856	0.01250	0.00950	0.00850	0.01250	0.01449	0.00700	0.01899	0.01100	0.02899	0.00900	0.01050	0.00700	0.00600	0.00400	0.00200	0.00500	0.00350	0.00400	0.00700
6	0.01340	0.01148	0.01340	0.00957	0.01531	0.00861	0.00766	0.01627	0.01340	0.02105	0.01148	0.01340	0.00957	0.00479	0.00479	0.00096	0.00479	0.00383	0.00383	0.81242
7	0.00807	0.00656	0.00715	0.00700	0.00899	0.00564	0.00525	0.01011	0.01575	0.01988	0.25575	0.05819	0.53819	0.01546	0.00763	0.00214	0.00321	0.01308	0.00632	0.00564
8	0.01504	0.01177	0.01380	0.00996	0.01562	0.00923	0.00801	0.05109	0.01458	0.07230	0.01266	0.01410	0.01009	0.00516	0.00499	0.00108	0.00495	0.00411	0.00425	0.71721
9	0.01296	0.03342	0.73944	0.01842	0.02797	0.01501	0.02387	0.02046	0.01364	0.02046	0.01160	0.01364	0.00818	0.00614	0.00614	0.00205	0.00955	0.00477	0.00273	0.00955
10	0.81856	0.01250	0.00950	0.00850	0.01250	0.01449	0.00700	0.01899	0.01100	0.02899	0.00900	0.01050	0.00700	0.00600	0.00400	0.00200	0.00500	0.00350	0.00400	0.00700
11	0.01314	0.01244	0.02107	0.58003	0.21454	0.01460	0.01841	0.01733	0.01336	0.01765	0.01165	0.01692	0.00901	0.00629	0.00644	0.00210	0.00838	0.00575	0.00295	0.00793
12	0.01414	0.01414	0.01979	0.01696	0.01696	0.01979	0.01414	0.01555	0.00990	0.01555	0.00848	0.01414	0.00848	0.01131	0.02120	0.00283	0.76110	0.00565	0.00283	0.00707
13	0.01000	0.00773	0.01090	0.01141	0.01332	0.00742	0.04433	0.01279	0.01486	0.01896	0.04050	0.06757	0.19877	0.01687	0.00856	0.00275	0.00557	0.49589	0.00583	0.00597
14	0.00940	0.00626	0.00705	0.00705	0.00705	0.00626	0.00392	0.00940	0.00940	0.01253	0.02036	0.04228	0.02349	0.77292	0.03289	0.00626	0.00626	0.00940	0.00392	0.00392

[dist]
# distance from previous block
# <min> <max>
0	3

[block]
# block no. 5 follows, 34 sequences, length 43
# corresponding to MSA columns:
# 221-263
name=unknown_F
#
# <colnr> <probs for GDERKNQSTAVLIFYWHMCP>
#	G	D	E	R	K	N	Q	S	T	A	V	L	I	F	Y	W	H	M	C	P
0	0.02899	0.01100	0.01499	0.01150	0.01649	0.00950	0.00950	0.03149	0.01849	0.73709	0.02549	0.02199	0.01599	0.00800	0.00650	0.00200	0.00550	0.00650	0.00800	0.01100
1	0.01723	0.60843	0.08340	0.01149	0.01731	0.02232	0.01161	0.01980	0.01348	0.05525	0.01031	0.01152	0.00882	0.00564	0.00448	0.00143	0.00683	0.00375	0.00314	0.08377
2	0.01620	0.01177	0.01395	0.01013	0.01573	0.00936	0.00817	0.05605	0.01504	0.12289	0.01367	0.01472	0.01055	0.00540	0.00512	0.00116	0.00501	0.00431	0.00456	0.65622
3	0.01340	0.01148	0.01340	0.00957	0.01531	0.00861	0.00766	0.01627	0.01340	0.02105	0.01148	0.01340	0.00957	0.00479	0.00479	0.00096	0.00479	0.00383	0.00383	0.81242
4	0.01823	0.67326	0.03170	0.01183	0.01705	0.12570	0.01125	0.02024	0.01385	0.01529	0.00912	0.01054	0.00830	0.00568	0.00438	0.00142	0.00757	0.00355	0.00284	0.00818
5	0.01080	0.00838	0.01015	0.00921	0.01146	0.00822	0.00701	0.01679	0.15421	0.02577	0.53949	0.04099	0.04914	0.01172	0.00721	0.00198	0.00358	0.01025	0.00676	0.06687
6	0.02069	0.01615	0.01770	0.04285	0.01968	0.05503	0.03524	0.37236	0.19352	0.07043	0.01963	0.07389	0.01546	0.00876	0.00663	0.00206	0.00671	0.00712	0.00613	0.00997
7	0.01367	0.01298	0.02203	0.47982	0.31062	0.01474	0.01867	0.01779	0.01361	0.01829	0.01174	0.01675	0.00924	0.00619	0.00644	0.00206	0.00825	0.00575	0.00300	0.00836
8	0.00764	0.00655	0.00655	0.00655	0.00873	0.00545	0.00491	0.00927	0.01473	0.01745	0.06546	0.06218	0.73000	0.01636	0.00764	0.00218	0.00327	0.01364	0.00600	0.00545
9	0.01340	0.01148	0.01340	0.00957	0.01531	0.00861	0.00766	0.01627	0.01340	0.02105	0.01148	0.01340	0.00957	0.00479	0.00479	0.00096	0.00479	0.00383	0.00383	0.81242
10	0.01285	0.04899	0.34141	0.01334	0.01898	0.01160	0.01476	0.04401	0.01646	0.06212	0.31106	0.02845	0.03069	0.00922	0.00671	0.00201	0.00643	0.00773	0.00498	0.00820
11	0.11103	0.02165	0.04701	0.01582	0.02031	0.33739	0.11818	0.02342	0.01643	0.11100	0.04004	0.01536	0.01150	0.00664	0.00597	0.00179	0.00899	0.00520	0.00416	0.07810
12	0.01727	0.77681	0.03386	0.01106	0.01658	0.02557	0.01106	0.01935	0.01313	0.01520	0.00898	0.01036	0.00829	0.00553	0.00415	0.00138	0.00691	0.00345	0.00276	0.00829
13	0.02651	0.01047	0.01408	0.01098	0.01561	0.00904	0.00900	0.02897	0.01820	0.65164	0.06006	0.02616	0.07112	0.00885	0.00663	0.00201	0.00522	0.00726	0.00781	0.01036
14	0.00825	0.00604	0.00774	0.00843	0.00938	0.00554	0.00590	0.01004	0.01452	0.01958	0.25815	0.45718	0.13026	0.01756	0.00798	0.00238	0.00347	0.01570	0.00635	0.00554
15	0.81856	0.01250	0.00950	0.00850	0.01250	0.01449	0.00700	0.01899	0.01100	0.02899	0.00900	0.01050	0.00700	0.00600	0.00400	0.00200	0.00500	0.00350	0.00400	0.00700
16	0.00914	0.00660	0.00864	0.00813	0.00965	0.00610	0.00610	0.01219	0.01829	0.02591	0.72921	0.04827	0.06097	0.01321	0.00762	0.00203	0.00305	0.01169	0.00711	0.00610
17	0.01607	0.01388	0.01461	0.01315	0.01680	0.01607	0.01023	0.03433	0.72094	0.02703	0.02630	0.02411	0.01972	0.00877	0.00657	0.00219	0.00511	0.00731	0.00657	0.01023
18	0.00880	0.00659	0.00816	0.00777	0.00944	0.00595	0.00582	0.01152	0.01747	0.02397	0.57716	0.05145	0.21422	0.01393	0.00762	0.00207	0.00310	0.01213	0.00686	0.00595
19	0.00910	0.00657	0.00859	0.00816	0.00964	0.00606	0.00609	0.01207	0.01806	0.02555	0.70240	0.07611	0.06026	0.01348	0.00764	0.00206	0.00308	0.01194	0.00707	0.00606
20	0.00787	0.00562	0.00750	0.00900	0.00937	0.00525	0.00600	0.00900	0.01237	0.01649	0.03561	0.76871	0.04274	0.02024	0.00825	0.00262	0.00375	0.01837	0.00600	0.00525
21	0.00787	0.00562	0.00750	0.00900	0.00937	0.00525	0.00600	0.00900	0.01237	0.01649	0.03561	0.76871	0.04274	0.02024	0.00825	0.00262	0.00375	0.01837	0.00600	0.00525
22	0.01576	0.01353	0.01438	0.01308	0.01662	0.01560	0.01024	0.03320	0.68270	0.02661	0.02673	0.02675	0.02067	0.00926	0.00670	0.00223	0.00516	0.04424	0.00654	0.01000
23	0.01298	0.00692	0.00702	0.00668	0.00846	0.00706	0.00509	0.06682	0.01480	0.02533	0.02066	0.02345	0.01615	0.00754	0.00466	0.00154	0.00332	0.00601	0.74912	0.00639
24	0.02270	0.01630	0.01740	0.01355	0.01817	0.01795	0.01112	0.60730	0.02787	0.03824	0.01634	0.01679	0.01182	0.00772	0.00617	0.00187	0.00650	0.00585	0.12609	0.01025
25	0.00923	0.00692	0.01038	0.01038	0.01154	0.00808	0.00808	0.01154	0.01038	0.01500	0.01731	0.02538	0.01615	0.04846	0.74732	0.01038	0.01731	0.00692	0.00346	0.00577
26	0.01285	0.01215	0.02055	0.63432	0.16250	0.01453	0.01827	0.01708	0.01323	0.01730	0.01160	0.01701	0.00889	0.00634	0.00645	0.00211	0.00845	0.00574	0.00293	0.00770
27	0.63735	0.01418	0.03973	0.01165	0.05959	0.01526	0.00912	0.10593	0.01376	0.02964	0.01011	0.01159	0.00775	0.00621	0.00454	0.00199	0.00561	0.00398	0.00421	0.00780
28	0.01520	0.01705	0.03404	0.05339	0.03121	0.03632	0.55634	0.01988	0.01441	0.01961	0.01222	0.01676	0.00951	0.00643	0.00964	0.00226	0.12704	0.00716	0.00319	0.00837
29	0.01296	0.03342	0.73944	0.01842	0.02797	0.01501	0.02387	0.02046	0.01364	0.02046	0.01160	0.01364	0.00818	0.00614	0.00614	0.00205	0.00955	0.00477	0.00273	0.00955
30	0.00940	0.00626	0.00705	0.00705	0.00705	0.00626	0.00392	0.00940	0.00940	0.01253	0.02036	0.04228	0.02349	0.77292	0.03289	0.00626	0.00626	0.00940	0.00392	0.00392
31	0.00880	0.00659	0.00815	0.00776	0.00944	0.00595	0.00582	0.01152	0.01746	0.02395	0.57547	0.05149	0.21593	0.01394	0.00762	0.00207	0.00310	0.01214	0.00686	0.00595
32	0.01220	0.01148	0.01938	0.75739	0.04450	0.01436	0.01794	0.01651	0.01292	0.01651	0.01148	0.01723	0.00861	0.00646	0.00646	0.00215	0.00861	0.00574	0.00287	0.00718
33	0.00914	0.00660	0.00864	0.00813	0.00965	0.00610	0.00610	0.01219	0.01829	0.02591	0.72921	0.04827	0.06097	0.01321	0.00762	0.00203	0.00305	0.01169	0.00711	0.00610
34	0.81856	0.01250	0.00950	0.00850	0.01250	0.01449	0.00700	0.01899	0.01100	0.02899	0.00900	0.01050	0.00700	0.00600	0.00400	0.00200	0.00500	0.00350	0.00400	0.00700
35	0.00923	0.00692	0.01038	0.01038	0.01154	0.00808	0.00808	0.01154	0.01038	0.01500	0.01731	0.02538	0.01615	0.04846	0.74732	0.01038	0.01731	0.00692	0.00346	0.00577
36	0.00937	0.00638	0.00764	0.00764	0.00785	0.00659	0.00466	0.00978	0.00957	0.01297	0.01981	0.03926	0.02218	0.64338	0.16064	0.00700	0.00824	0.00895	0.00383	0.00425
37	0.00830	0.00689	0.00730	0.00714	0.00926	0.00605	0.00537	0.01094	0.04710	0.01946	0.18736	0.05788	0.57347	0.01544	0.00759	0.00215	0.00331	0.01299	0.00623	0.00579
38	0.02414	0.03079	0.01831	0.01665	0.01998	0.74698	0.01248	0.02580	0.01831	0.01581	0.00999	0.01165	0.00832	0.00666	0.00583	0.00166	0.01165	0.00416	0.00333	0.00749
39	0.02414	0.03079	0.01831	0.01665	0.01998	0.74698	0.01248	0.02580	0.01831	0.01581	0.00999	0.01165	0.00832	0.00666	0.00583	0.00166	0.01165	0.00416	0.00333	0.00749
40	0.01387	0.19071	0.59015	0.01686	0.02556	0.01724	0.02116	0.02023	0.01353	0.01935	0.01104	0.01295	0.00821	0.00601	0.00572	0.00191	0.00899	0.00450	0.00274	0.00928
41	0.00923	0.00692	0.01038	0.01038	0.01154	0.00808	0.00808	0.01154	0.01038	0.01500	0.01731	0.02538	0.01615	0.04846	0.74732	0.01038	0.01731	0.00692	0.00346	0.00577
42	0.02007	0.01624	0.06988	0.01381	0.01838	0.03644	0.01180	0.24863	0.27312	0.12703	0.02122	0.02222	0.01591	0.00986	0.03193	0.00237	0.00678	0.03797	0.00622	0.01010

[dist]
# distance from previous block
# <min> <max>
0	2

[block]
# block no. 6 follows, 34 sequences, length 51
# corresponding to MSA columns:
# 266-282,316-349
name=unknown_G
#
# <colnr> <probs for GDERKNQSTAVLIFYWHMCP>
#	G	D	E	R	K	N	Q	S	T	A	V	L	I	F	Y	W	H	M	C	P
0	0.01672	0.68195	0.12389	0.01200	0.01804	0.02422	0.01269	0.01949	0.01319	0.01587	0.00932	0.01078	0.00828	0.00561	0.00440	0.00147	0.00725	0.00362	0.00276	0.00845
1	0.01435	0.01139	0.01538	0.01145	0.01652	0.00929	0.07935	0.01783	0.03332	0.08289	0.09531	0.04128	0.01723	0.00665	0.00569	0.00138	0.00525	0.00586	0.00464	0.52494
2	0.01296	0.03342	0.73944	0.01842	0.02797	0.01501	0.02387	0.02046	0.01364	0.02046	0.01160	0.01364	0.00818	0.00614	0.00614	0.00205	0.00955	0.00477	0.00273	0.00955
3	0.00857	0.00612	0.00830	0.00980	0.01048	0.00585	0.00722	0.01021	0.01306	0.01728	0.03523	0.57668	0.04120	0.01958	0.00843	0.00272	0.00436	0.20348	0.00598	0.00544
4	0.01245	0.01173	0.01982	0.71108	0.08890	0.01442	0.01807	0.01672	0.01304	0.01681	0.01153	0.01715	0.00872	0.00641	0.00646	0.00214	0.00855	0.00574	0.00289	0.00737
5	0.01296	0.03342	0.73944	0.01842	0.02797	0.01501	0.02387	0.02046	0.01364	0.02046	0.01160	0.01364	0.00818	0.00614	0.00614	0.00205	0.00955	0.00477	0.00273	0.00955
6	0.02414	0.03079	0.01831	0.01665	0.01998	0.74698	0.01248	0.02580	0.01831	0.01581	0.00999	0.01165	0.00832	0.00666	0.00583	0.00166	0.01165	0.00416	0.00333	0.00749
7	0.01315	0.01121	0.01308	0.00965	0.01500	0.00865	0.00764	0.01641	0.03602	0.02097	0.01342	0.05948	0.01190	0.00585	0.00505	0.00110	0.00473	0.00482	0.00405	0.73783
8	0.01340	0.01148	0.01340	0.00957	0.01531	0.00861	0.00766	0.01627	0.01340	0.02105	0.01148	0.01340	0.00957	0.00479	0.00479	0.00096	0.00479	0.00383	0.00383	0.81242
9	0.02041	0.01239	0.01473	0.01169	0.01641	0.01176	0.00945	0.12307	0.14772	0.26340	0.02097	0.04200	0.01573	0.00793	0.00617	0.00179	0.00543	0.03122	0.00624	0.23150
10	0.01452	0.01687	0.10944	0.02660	0.27539	0.01427	0.22236	0.01885	0.01426	0.02042	0.03391	0.01802	0.01189	0.04357	0.00844	0.00215	0.03670	0.00632	0.00338	0.10265
11	0.01357	0.01164	0.01348	0.00980	0.01541	0.00909	0.00782	0.01744	0.05905	0.02144	0.01244	0.01409	0.01023	0.00504	0.00490	0.00104	0.00481	0.00405	0.00401	0.76066
12	0.01332	0.04283	0.02964	0.02166	0.02649	0.01367	0.49165	0.01746	0.01439	0.01935	0.01905	0.22144	0.01870	0.00947	0.00766	0.00227	0.00880	0.01039	0.00399	0.00776
13	0.00938	0.00632	0.00732	0.00732	0.00742	0.00641	0.00426	0.00957	0.00948	0.01273	0.02011	0.04089	0.02289	0.71316	0.09182	0.00660	0.00718	0.00919	0.00388	0.00407
14	0.01662	0.60889	0.08778	0.01287	0.01839	0.02359	0.04827	0.01986	0.03977	0.01636	0.01002	0.01171	0.00880	0.00601	0.00551	0.00158	0.04856	0.00404	0.00293	0.00842
15	0.01591	0.01558	0.02752	0.03830	0.65638	0.01546	0.09502	0.01992	0.01477	0.02106	0.01225	0.01615	0.01019	0.00572	0.00653	0.00195	0.00803	0.00596	0.00321	0.01007
16	0.00905	0.00655	0.00863	0.00884	0.01016	0.00613	0.00672	0.01167	0.01649	0.02276	0.46181	0.19002	0.07827	0.01541	0.00795	0.00230	0.00365	0.12105	0.00667	0.00589
17	0.01280	0.01168	0.01784	0.01460	0.01786	0.01208	0.17959	0.02044	0.21940	0.02257	0.17961	0.03446	0.09077	0.05949	0.00958	0.00248	0.03731	0.04421	0.00547	0.00777
18	0.01220	0.01148	0.01938	0.75739	0.04450	0.01436	0.01794	0.01651	0.01292	0.01651	0.01148	0.01723	0.00861	0.00646	0.00646	0.00215	0.00861	0.00574	0.00287	0.00718
19	0.02349	0.02972	0.01841	0.01667	0.01978	0.70006	0.01259	0.02514	0.01777	0.01580	0.00989	0.01181	0.00833	0.00696	0.00682	0.00174	0.06001	0.00426	0.00330	0.00746
20	0.00764	0.00655	0.00655	0.00655	0.00873	0.00545	0.00491	0.00927	0.01473	0.01745	0.06546	0.06218	0.73000	0.01636	0.00764	0.00218	0.00327	0.01364	0.00600	0.00545
21	0.00787	0.00562	0.00750	0.00900	0.00937	0.00525	0.00600	0.00900	0.01237	0.01649	0.03561	0.76871	0.04274	0.02024	0.00825	0.00262	0.00375	0.01837	0.00600	0.00525
22	0.21903	0.01211	0.01413	0.01113	0.01590	0.01182	0.00919	0.10044	0.01794	0.49249	0.02045	0.01853	0.01329	0.00749	0.00589	0.00199	0.00555	0.00570	0.00687	0.01003
23	0.02109	0.18342	0.02151	0.01365	0.01857	0.02038	0.01156	0.41037	0.17877	0.03211	0.01646	0.01628	0.01232	0.00749	0.00598	0.00187	0.00663	0.00563	0.00568	0.01023
24	0.01664	0.02053	0.20850	0.02976	0.40271	0.05066	0.07348	0.02133	0.01497	0.08061	0.01309	0.01579	0.01006	0.00606	0.00641	0.00197	0.00842	0.00564	0.00349	0.00987
25	0.01340	0.01148	0.01340	0.00957	0.01531	0.00861	0.00766	0.01627	0.01340	0.02105	0.01148	0.01340	0.00957	0.00479	0.00479	0.00096	0.00479	0.00383	0.00383	0.81242
26	0.01220	0.01148	0.01938	0.75739	0.04450	0.01436	0.01794	0.01651	0.01292	0.01651	0.01148	0.01723	0.00861	0.00646	0.00646	0.00215	0.00861	0.00574	0.00287	0.00718
27	0.00909	0.00660	0.00857	0.00808	0.00962	0.00608	0.00606	0.01210	0.01817	0.02563	0.70690	0.04873	0.08346	0.01332	0.00762	0.00204	0.00306	0.01175	0.00708	0.00608
28	0.01607	0.01388	0.01461	0.01315	0.01680	0.01607	0.01023	0.03433	0.72094	0.02703	0.02630	0.02411	0.01972	0.00877	0.00657	0.00219	0.00511	0.00731	0.00657	0.01023
29	0.01220	0.01148	0.01938	0.75739	0.04450	0.01436	0.01794	0.01651	0.01292	0.01651	0.01148	0.01723	0.00861	0.00646	0.00646	0.00215	0.00861	0.00574	0.00287	0.00718
30	0.00932	0.00628	0.00703	0.00703	0.00712	0.00623	0.00396	0.00939	0.00962	0.01273	0.02222	0.04311	0.05272	0.74162	0.03184	0.00610	0.00614	0.00957	0.00400	0.00398
31	0.01599	0.01535	0.02623	0.03966	0.73262	0.01535	0.01983	0.01983	0.01471	0.02111	0.01215	0.01599	0.01023	0.00576	0.00640	0.00192	0.00768	0.00576	0.00320	0.01023
32	0.00764	0.00655	0.00655	0.00655	0.00873	0.00545	0.00491	0.00927	0.01473	0.01745	0.06546	0.06218	0.73000	0.01636	0.00764	0.00218	0.00327	0.01364	0.00600	0.00545
33	0.02298	0.09759	0.05499	0.01623	0.02006	0.64669	0.01291	0.02496	0.01762	0.01599	0.00998	0.01163	0.00831	0.00653	0.00569	0.00166	0.01113	0.00413	0.00325	0.00766
34	0.01122	0.00561	0.00842	0.00842	0.00842	0.00561	0.00561	0.00842	0.00842	0.01122	0.01122	0.01964	0.01122	0.02245	0.02525	0.81201	0.00561	0.00561	0.00281	0.00281
35	0.01783	0.58310	0.14005	0.01223	0.01832	0.02227	0.01286	0.02078	0.01377	0.09120	0.01110	0.01208	0.00908	0.00588	0.00470	0.00155	0.00717	0.00397	0.00330	0.00877
36	0.05721	0.48947	0.21069	0.01307	0.01914	0.02154	0.01417	0.01921	0.01291	0.01726	0.00986	0.01181	0.00843	0.00719	0.02620	0.00190	0.04468	0.00400	0.00284	0.00841
37	0.21350	0.01291	0.01458	0.01333	0.06197	0.01358	0.03123	0.08705	0.19407	0.09178	0.01788	0.02003	0.01392	0.00749	0.00574	0.00193	0.00556	0.03893	0.03908	0.11542
38	0.05857	0.12530	0.11545	0.01267	0.01734	0.09582	0.01155	0.07268	0.06539	0.08477	0.07525	0.01877	0.01535	0.04479	0.00782	0.00200	0.04581	0.00559	0.00448	0.12061
39	0.09331	0.01623	0.04242	0.01450	0.06337	0.09272	0.01116	0.18685	0.15352	0.14539	0.02153	0.02097	0.06985	0.00812	0.00623	0.00197	0.00651	0.00635	0.00572	0.03330
40	0.12750	0.01983	0.01995	0.01603	0.02053	0.23349	0.12755	0.18557	0.04983	0.09418	0.03486	0.01597	0.01178	0.00704	0.00618	0.00192	0.00846	0.00562	0.00484	0.00886
41	0.17522	0.05785	0.11557	0.01449	0.07794	0.03066	0.01187	0.06433	0.15925	0.05652	0.05553	0.05444	0.01610	0.01054	0.05372	0.00254	0.00691	0.00633	0.00476	0.02543
42	0.08137	0.03959	0.10904	0.01341	0.01783	0.12371	0.03226	0.07784	0.10285	0.16177	0.02014	0.08634	0.03728	0.01130	0.05412	0.00256	0.00773	0.00699	0.00517	0.00870
43	0.10659	0.01798	0.10474	0.01305	0.01753	0.12292	0.01146	0.16045	0.12263	0.09925	0.05803	0.04690	0.07352	0.00877	0.00629	0.00201	0.00676	0.00684	0.00542	0.00884
44	0.10247	0.09848	0.04704	0.01329	0.01716	0.27066	0.03092	0.04929	0.03578	0.09195	0.04285	0.10168	0.03247	0.00861	0.00599	0.00187	0.00777	0.00664	0.00452	0.03054
45	0.17425	0.01661	0.11808	0.01349	0.01818	0.04975	0.06694	0.12120	0.12426	0.07001	0.06347	0.05632	0.06329	0.00860	0.00625	0.00207	0.00650	0.00701	0.00514	0.00860
46	0.16519	0.01848	0.07868	0.01545	0.04605	0.15210	0.08776	0.07411	0.09196	0.04400	0.05445	0.01667	0.01311	0.00697	0.00624	0.00189	0.02546	0.00549	0.00437	0.09157
47	0.08745	0.19550	0.34654	0.01511	0.02209	0.03753	0.04515	0.05833	0.05098	0.02130	0.01333	0.01477	0.03004	0.00646	0.00559	0.00186	0.00798	0.00488	0.00342	0.03168
48	0.21508	0.01760	0.07991	0.01539	0.05358	0.10021	0.07643	0.16349	0.05064	0.04280	0.06419	0.04435	0.01446	0.00773	0.00639	0.00202	0.02641	0.00609	0.00469	0.00854
49	0.09842	0.05658	0.06085	0.01200	0.01563	0.10929	0.01028	0.07828	0.05580	0.04438	0.06796	0.07099	0.07218	0.01031	0.00691	0.00205	0.02958	0.10978	0.00495	0.08377
50	0.13356	0.16795	0.08222	0.01280	0.01671	0.05894	0.03096	0.09166	0.01499	0.05898	0.01552	0.09529	0.01428	0.00899	0.00753	0.00204	0.09423	0.03965	0.04581	0.00791

[dist]
# distance from previous block
# <min> <max>
7	231

# created by:
# /home/cegg/simao/soft/augustus-3.2.1/scripts/msa2prfl.pl ./align_prep/EOG090W0CME.fa
