[name]
unknown

[dist]
# distance from previous block
# <min> <max>
0	200

[block]
# block no. 0 follows, 34 sequences, length 6
# corresponding to MSA columns:
# 200-205
name=unknown_A
#
# <colnr> <probs for GDERKNQSTAVLIFYWHMCP>
#	G	D	E	R	K	N	Q	S	T	A	V	L	I	F	Y	W	H	M	C	P
0	0.28607	0.04862	0.04717	0.03761	0.07756	0.06003	0.01123	0.14547	0.01700	0.15019	0.01484	0.01748	0.01134	0.00729	0.00562	0.00199	0.00654	0.04016	0.00498	0.00883
1	0.01537	0.04871	0.01747	0.10135	0.04771	0.15802	0.03476	0.01750	0.01305	0.05305	0.01431	0.06489	0.01343	0.07219	0.13115	0.00382	0.17594	0.00665	0.00360	0.00705
2	0.06854	0.01951	0.01963	0.10704	0.06201	0.24860	0.07716	0.15349	0.01791	0.02242	0.01212	0.01495	0.00966	0.00978	0.06049	0.00251	0.03967	0.00528	0.00392	0.04533
3	0.01172	0.00978	0.01201	0.06367	0.01476	0.06291	0.00907	0.06670	0.01260	0.01694	0.01648	0.02447	0.01527	0.10034	0.52386	0.00817	0.01457	0.00676	0.00368	0.00624
4	0.07521	0.01081	0.01353	0.01288	0.05112	0.04182	0.06722	0.08229	0.03744	0.05428	0.05527	0.19999	0.14785	0.03864	0.06021	0.00292	0.00643	0.02970	0.00531	0.00709
5	0.08014	0.07211	0.10880	0.06451	0.12635	0.05215	0.07410	0.19469	0.07088	0.04585	0.01379	0.01543	0.01040	0.00662	0.00608	0.00192	0.00767	0.00546	0.00439	0.03866

[dist]
# distance from previous block
# <min> <max>
7	13

[block]
# block no. 1 follows, 34 sequences, length 16
# corresponding to MSA columns:
# 219-234
name=unknown_B
#
# <colnr> <probs for GDERKNQSTAVLIFYWHMCP>
#	G	D	E	R	K	N	Q	S	T	A	V	L	I	F	Y	W	H	M	C	P
0	0.05758	0.55443	0.13796	0.01229	0.01823	0.05051	0.01277	0.02042	0.01360	0.05680	0.01034	0.01156	0.00864	0.00582	0.00464	0.00156	0.00732	0.00385	0.00313	0.00854
1	0.01703	0.73467	0.07385	0.01147	0.01723	0.02497	0.01178	0.01941	0.01316	0.01550	0.00913	0.01055	0.00829	0.00556	0.00426	0.00142	0.00706	0.00353	0.00276	0.00836
2	0.00875	0.00659	0.00808	0.00771	0.00941	0.00593	0.00578	0.01142	0.01735	0.02368	0.55396	0.05194	0.23761	0.01404	0.00762	0.00207	0.00311	0.01220	0.00682	0.00593
3	0.01722	0.73997	0.03293	0.01116	0.01659	0.02511	0.01102	0.02007	0.04731	0.01577	0.00982	0.01103	0.00884	0.00568	0.00426	0.00142	0.00682	0.00364	0.00295	0.00839
4	0.01772	0.72798	0.03284	0.01142	0.01681	0.07278	0.01115	0.01977	0.01347	0.01524	0.00905	0.01045	0.00829	0.00560	0.00426	0.00140	0.00722	0.00350	0.00280	0.00824
5	0.01572	0.29165	0.38167	0.01616	0.02351	0.09276	0.05606	0.02063	0.01402	0.01817	0.01060	0.01251	0.00833	0.00594	0.00549	0.00178	0.00892	0.00441	0.00283	0.00886
6	0.01390	0.03765	0.08588	0.01361	0.04267	0.01394	0.01109	0.02562	0.41402	0.02348	0.06285	0.12246	0.05585	0.01048	0.00732	0.00221	0.03355	0.00879	0.00574	0.00889
7	0.00940	0.00626	0.00705	0.00705	0.00705	0.00626	0.00392	0.00940	0.00940	0.01253	0.02036	0.04228	0.02349	0.77292	0.03289	0.00626	0.00626	0.00940	0.00392	0.00392
8	0.00809	0.00579	0.00769	0.00885	0.00942	0.00539	0.00601	0.00955	0.01339	0.01811	0.15493	0.64477	0.04587	0.01903	0.00814	0.00252	0.00363	0.01722	0.00619	0.00539
9	0.01555	0.05277	0.02339	0.36242	0.20520	0.09215	0.08182	0.05506	0.01506	0.01914	0.01173	0.01594	0.00920	0.00624	0.00637	0.00200	0.00875	0.00565	0.00322	0.00835
10	0.02129	0.02133	0.01901	0.16370	0.02470	0.29381	0.01360	0.27000	0.02105	0.02490	0.01218	0.01431	0.00935	0.00730	0.00714	0.00193	0.05623	0.00517	0.00433	0.00866
11	0.04599	0.01328	0.01627	0.05300	0.06471	0.01401	0.01100	0.26736	0.05948	0.21977	0.01871	0.02072	0.01398	0.07115	0.07810	0.00311	0.00751	0.00639	0.00592	0.00953
12	0.01390	0.01310	0.01879	0.46370	0.10727	0.05010	0.01552	0.04319	0.01413	0.01879	0.01163	0.01596	0.00905	0.00610	0.00607	0.00185	0.00782	0.00527	0.00326	0.17449
13	0.01969	0.01465	0.01726	0.10115	0.04978	0.04210	0.01189	0.24071	0.10919	0.12721	0.04321	0.01846	0.01393	0.00767	0.00712	0.00192	0.04928	0.00598	0.00550	0.11331
14	0.13388	0.01424	0.01645	0.22551	0.10740	0.09558	0.01257	0.06517	0.03236	0.02185	0.06066	0.01800	0.01320	0.03506	0.00684	0.00201	0.00711	0.00554	0.00392	0.12265
15	0.04107	0.01573	0.01635	0.01337	0.01733	0.13580	0.06268	0.21325	0.03350	0.07778	0.05985	0.07065	0.07202	0.01058	0.03712	0.00224	0.00732	0.00731	0.02124	0.08481

[dist]
# distance from previous block
# <min> <max>
0	118

[block]
# block no. 2 follows, 34 sequences, length 10
# corresponding to MSA columns:
# 366-375
name=unknown_C
#
# <colnr> <probs for GDERKNQSTAVLIFYWHMCP>
#	G	D	E	R	K	N	Q	S	T	A	V	L	I	F	Y	W	H	M	C	P
0	0.08913	0.12045	0.07752	0.03146	0.03912	0.17904	0.01197	0.12538	0.01722	0.08108	0.01433	0.04233	0.01200	0.00873	0.02894	0.00208	0.00800	0.03310	0.00435	0.07377
1	0.03268	0.14302	0.19013	0.01345	0.01889	0.03914	0.01316	0.18567	0.07136	0.03992	0.01454	0.01783	0.01189	0.09039	0.03006	0.00252	0.00760	0.00549	0.00432	0.06792
2	0.00856	0.00739	0.04129	0.00854	0.00979	0.00620	0.00632	0.01009	0.01267	0.01675	0.09323	0.33256	0.17999	0.17282	0.06054	0.00370	0.00524	0.01365	0.00535	0.00532
3	0.01495	0.23416	0.36878	0.01498	0.02192	0.01669	0.04074	0.02034	0.04140	0.06826	0.01586	0.06412	0.03640	0.00744	0.00587	0.00191	0.00782	0.00591	0.00359	0.00888
4	0.01594	0.15914	0.17759	0.11814	0.08883	0.05414	0.14039	0.03409	0.01467	0.06835	0.01384	0.06137	0.01146	0.00697	0.00625	0.00196	0.00844	0.00620	0.00356	0.00867
5	0.01540	0.01734	0.06268	0.10888	0.19804	0.05333	0.34707	0.02064	0.04237	0.02033	0.01290	0.01670	0.01000	0.00583	0.00689	0.00203	0.00939	0.00650	0.00334	0.04035
6	0.01316	0.01301	0.02001	0.36869	0.08028	0.05894	0.09033	0.01662	0.01331	0.01727	0.01525	0.10577	0.01429	0.00909	0.00864	0.00229	0.09802	0.04427	0.00349	0.00727
7	0.01468	0.07501	0.03005	0.06107	0.08000	0.01483	0.42496	0.01887	0.01459	0.04887	0.01674	0.13800	0.01522	0.00802	0.00725	0.00216	0.00885	0.00874	0.00384	0.00825
8	0.01759	0.01552	0.06447	0.01950	0.08470	0.01407	0.23681	0.12992	0.05745	0.12027	0.02095	0.02346	0.07512	0.00777	0.00691	0.00204	0.00767	0.03213	0.00493	0.05871
9	0.00853	0.00615	0.00820	0.00909	0.00972	0.00615	0.00637	0.00988	0.01175	0.01580	0.03053	0.43010	0.06185	0.13566	0.17342	0.00485	0.00719	0.05441	0.00514	0.00522

[dist]
# distance from previous block
# <min> <max>
0	4

[block]
# block no. 3 follows, 34 sequences, length 64
# corresponding to MSA columns:
# 380-443
name=unknown_D
#
# <colnr> <probs for GDERKNQSTAVLIFYWHMCP>
#	G	D	E	R	K	N	Q	S	T	A	V	L	I	F	Y	W	H	M	C	P
0	0.01410	0.01497	0.07869	0.29806	0.39164	0.01457	0.01900	0.01835	0.01398	0.01930	0.01295	0.01905	0.01081	0.00664	0.00652	0.00207	0.00808	0.03920	0.00318	0.00886
1	0.01792	0.03929	0.39132	0.01629	0.02350	0.01376	0.05890	0.07666	0.01634	0.20142	0.01709	0.02041	0.01260	0.00754	0.00651	0.00209	0.00810	0.05597	0.00461	0.00968
2	0.00802	0.00684	0.00764	0.06546	0.01159	0.00613	0.00604	0.00981	0.01435	0.01728	0.05822	0.13022	0.60403	0.01598	0.00761	0.00222	0.00374	0.01350	0.00576	0.00557
3	0.07595	0.03105	0.65504	0.01759	0.02634	0.01515	0.02218	0.02016	0.01329	0.02094	0.01127	0.01341	0.00810	0.00632	0.00654	0.00207	0.03777	0.00471	0.00283	0.00926
4	0.01589	0.14389	0.26716	0.05392	0.02523	0.07992	0.15830	0.05455	0.01562	0.04557	0.06809	0.01699	0.01310	0.00666	0.00626	0.00193	0.00877	0.00579	0.00362	0.00873
5	0.01318	0.01398	0.07711	0.54128	0.05287	0.01457	0.08307	0.05340	0.01424	0.01871	0.01298	0.01958	0.01025	0.00695	0.00666	0.00217	0.00867	0.03937	0.00324	0.00771
6	0.01683	0.01425	0.01504	0.01330	0.01709	0.01642	0.01041	0.09447	0.65958	0.02825	0.02534	0.02334	0.01895	0.00868	0.00656	0.00217	0.00529	0.00717	0.00656	0.01029
7	0.00789	0.00607	0.00723	0.00796	0.00915	0.00541	0.00558	0.00939	0.01382	0.01772	0.10973	0.42800	0.31267	0.01810	0.00795	0.00240	0.00350	0.01592	0.00610	0.00541
8	0.01760	0.15798	0.13512	0.01984	0.11836	0.10771	0.14114	0.02198	0.04511	0.09681	0.01459	0.05460	0.01194	0.00706	0.00650	0.00193	0.02281	0.00613	0.00388	0.00892
9	0.02412	0.01788	0.01914	0.01478	0.01987	0.01983	0.01217	0.67573	0.06644	0.04001	0.01608	0.01596	0.01144	0.00781	0.00647	0.00195	0.00701	0.00590	0.00647	0.01095
10	0.02046	0.01606	0.01708	0.01404	0.01847	0.01812	0.01129	0.38404	0.36410	0.03410	0.02073	0.01967	0.01521	0.00824	0.00652	0.00206	0.00615	0.00654	0.00652	0.01062
11	0.01497	0.02472	0.34701	0.02046	0.05173	0.08342	0.22449	0.02082	0.03191	0.03878	0.01488	0.01796	0.03549	0.03561	0.00765	0.00221	0.00952	0.00620	0.00336	0.00883
12	0.01313	0.01243	0.02105	0.58187	0.21278	0.01460	0.01841	0.01732	0.01336	0.01763	0.01165	0.01692	0.00901	0.00629	0.00644	0.00210	0.00838	0.00575	0.00295	0.00793
13	0.02391	0.01747	0.01869	0.01440	0.01938	0.01931	0.01188	0.67473	0.02950	0.03985	0.01580	0.01596	0.01128	0.00774	0.00636	0.00192	0.00690	0.00583	0.04836	0.01073
14	0.00780	0.00608	0.00709	0.00784	0.00908	0.00537	0.00550	0.00923	0.01365	0.01724	0.07140	0.42003	0.36022	0.01823	0.00795	0.00240	0.00351	0.01597	0.00603	0.00537
15	0.44976	0.01641	0.07001	0.01228	0.03575	0.05919	0.01036	0.19076	0.01652	0.02955	0.01137	0.01294	0.00870	0.00856	0.04141	0.00238	0.00695	0.00444	0.00442	0.00824
16	0.01028	0.00862	0.00912	0.00965	0.01088	0.06433	0.00682	0.04577	0.03400	0.01891	0.10065	0.50698	0.11511	0.01717	0.00780	0.00240	0.00445	0.01519	0.00593	0.00594
17	0.00787	0.00562	0.00750	0.00900	0.00937	0.00525	0.00600	0.00900	0.01237	0.01649	0.03561	0.76871	0.04274	0.02024	0.00825	0.00262	0.00375	0.01837	0.00600	0.00525
18	0.01175	0.01066	0.01750	0.50355	0.07628	0.01296	0.01548	0.01542	0.01246	0.01652	0.01378	0.04067	0.01183	0.01544	0.15147	0.00380	0.03681	0.02345	0.00317	0.00700
19	0.01638	0.37752	0.32081	0.01478	0.02168	0.11300	0.01649	0.02062	0.01400	0.01743	0.01018	0.01187	0.00825	0.00592	0.00518	0.00169	0.00859	0.00409	0.00282	0.00870
20	0.02189	0.01579	0.01716	0.01388	0.01847	0.01746	0.01123	0.38907	0.28427	0.10940	0.02055	0.01937	0.01475	0.00816	0.00651	0.00204	0.00620	0.00644	0.00667	0.01071
21	0.01305	0.03280	0.71226	0.01876	0.02819	0.01506	0.05044	0.02047	0.01370	0.02047	0.01165	0.01379	0.00825	0.00611	0.00620	0.00205	0.00960	0.00489	0.00275	0.00952
22	0.01484	0.10319	0.15469	0.02074	0.02687	0.04414	0.36895	0.02051	0.05838	0.01986	0.01703	0.01959	0.06615	0.00684	0.00722	0.00207	0.02990	0.00693	0.00353	0.00856
23	0.00934	0.00715	0.00824	0.00789	0.00994	0.00661	0.00598	0.01250	0.05765	0.04054	0.27325	0.05142	0.39546	0.01717	0.06533	0.00277	0.00447	0.01191	0.00625	0.00612
24	0.81856	0.01250	0.00950	0.00850	0.01250	0.01449	0.00700	0.01899	0.01100	0.02899	0.00900	0.01050	0.00700	0.00600	0.00400	0.00200	0.00500	0.00350	0.00400	0.00700
25	0.01338	0.00975	0.01185	0.01321	0.12296	0.03746	0.00852	0.01602	0.03059	0.13494	0.12936	0.04404	0.37778	0.01244	0.00717	0.00207	0.00466	0.01052	0.00593	0.00735
26	0.08990	0.04167	0.01531	0.01128	0.01619	0.01069	0.00938	0.03010	0.03493	0.63559	0.02356	0.02068	0.01508	0.00776	0.00621	0.00198	0.00551	0.00616	0.00744	0.01056
27	0.01607	0.01388	0.01461	0.01315	0.01680	0.01607	0.01023	0.03433	0.72094	0.02703	0.02630	0.02411	0.01972	0.00877	0.00657	0.00219	0.00511	0.00731	0.00657	0.01023
28	0.08998	0.01096	0.01434	0.01114	0.01594	0.00977	0.00918	0.02983	0.01790	0.65647	0.04923	0.02203	0.01689	0.00803	0.00634	0.00200	0.00537	0.00645	0.00765	0.01051
29	0.01249	0.02638	0.52433	0.01657	0.02409	0.01339	0.05330	0.01960	0.05199	0.02188	0.15230	0.02113	0.01916	0.00762	0.00652	0.00206	0.00811	0.00639	0.00381	0.00887
30	0.01296	0.03342	0.73944	0.01842	0.02797	0.01501	0.02387	0.02046	0.01364	0.02046	0.01160	0.01364	0.00818	0.00614	0.00614	0.00205	0.00955	0.00477	0.00273	0.00955
31	0.00787	0.00562	0.00750	0.00900	0.00937	0.00525	0.00600	0.00900	0.01237	0.01649	0.03561	0.76871	0.04274	0.02024	0.00825	0.00262	0.00375	0.01837	0.00600	0.00525
32	0.01697	0.01007	0.01365	0.01171	0.01481	0.00985	0.05022	0.07870	0.03186	0.24035	0.03250	0.14403	0.15708	0.01425	0.04435	0.00267	0.04534	0.06734	0.00621	0.00804
33	0.01377	0.01308	0.02221	0.46074	0.32891	0.01477	0.01872	0.01788	0.01366	0.01841	0.01176	0.01672	0.00928	0.00617	0.00643	0.00206	0.00823	0.00575	0.00301	0.00844
34	0.01525	0.01743	0.03813	0.02723	0.03377	0.01634	0.70915	0.02070	0.01525	0.02070	0.01307	0.01743	0.00980	0.00545	0.00763	0.00218	0.01089	0.00763	0.00327	0.00871
35	0.01232	0.01161	0.01960	0.73460	0.06636	0.01439	0.01800	0.01661	0.01298	0.01665	0.01151	0.01719	0.00866	0.00644	0.00646	0.00215	0.00858	0.00574	0.00288	0.00727
36	0.01313	0.06302	0.71135	0.01812	0.02751	0.01543	0.02336	0.02042	0.01362	0.02025	0.01149	0.01351	0.00819	0.00611	0.00606	0.00202	0.00944	0.00472	0.00273	0.00950
37	0.01582	0.01705	0.03649	0.02742	0.07737	0.01602	0.63889	0.02105	0.01534	0.04797	0.01349	0.01751	0.01007	0.00556	0.00750	0.00216	0.01048	0.00746	0.00344	0.00890
38	0.00787	0.00562	0.00750	0.00900	0.00937	0.00525	0.00600	0.00900	0.01237	0.01649	0.03561	0.76871	0.04274	0.02024	0.00825	0.00262	0.00375	0.01837	0.00600	0.00525
39	0.01346	0.07035	0.61972	0.01907	0.02806	0.01571	0.10419	0.02043	0.01380	0.02022	0.01163	0.01392	0.00838	0.00603	0.00621	0.00203	0.00957	0.00504	0.00279	0.00938
40	0.01518	0.01557	0.02142	0.41745	0.26216	0.12262	0.01775	0.01895	0.01429	0.01789	0.01148	0.01601	0.00909	0.00626	0.00635	0.00201	0.00876	0.00551	0.00304	0.00821
41	0.01684	0.01371	0.01463	0.01305	0.01678	0.01568	0.01018	0.03416	0.67916	0.06926	0.02625	0.02398	0.01950	0.00872	0.00657	0.00218	0.00514	0.00726	0.00666	0.01027
42	0.01812	0.23363	0.22806	0.05545	0.05983	0.06463	0.01594	0.20756	0.01835	0.02403	0.01186	0.01343	0.00911	0.00644	0.00568	0.00181	0.00814	0.00476	0.00382	0.00937
43	0.01625	0.05655	0.02459	0.18012	0.39688	0.09350	0.05363	0.03697	0.01488	0.01955	0.01161	0.01548	0.00953	0.00623	0.00687	0.00196	0.03760	0.00556	0.00319	0.00903
44	0.01534	0.01686	0.02510	0.37364	0.03593	0.14514	0.23422	0.01945	0.01452	0.01767	0.01163	0.01621	0.00893	0.00633	0.00717	0.00210	0.03296	0.00605	0.00308	0.00771
45	0.00787	0.00562	0.00750	0.00900	0.00937	0.00525	0.00600	0.00900	0.01237	0.01649	0.03561	0.76871	0.04274	0.02024	0.00825	0.00262	0.00375	0.01837	0.00600	0.00525
46	0.01712	0.75080	0.05854	0.01131	0.01698	0.02520	0.01150	0.01939	0.01315	0.01539	0.00907	0.01048	0.00829	0.00555	0.00422	0.00141	0.00700	0.00350	0.00276	0.00834
47	0.01531	0.37578	0.33101	0.01441	0.02144	0.02002	0.01640	0.02150	0.09284	0.01876	0.01204	0.01330	0.00953	0.00615	0.00526	0.00175	0.00783	0.00445	0.00318	0.00904
48	0.00764	0.00655	0.00655	0.00655	0.00873	0.00545	0.00491	0.00927	0.01473	0.01745	0.06546	0.06218	0.73000	0.01636	0.00764	0.00218	0.00327	0.01364	0.00600	0.00545
49	0.02371	0.02954	0.01888	0.01683	0.02033	0.68103	0.03380	0.05239	0.03345	0.01716	0.01064	0.01224	0.00871	0.00671	0.00592	0.00170	0.01132	0.00440	0.00352	0.00772
50	0.02310	0.01723	0.01791	0.01438	0.01903	0.08792	0.02651	0.36835	0.18328	0.14553	0.01895	0.01816	0.01348	0.00787	0.00646	0.00198	0.00692	0.00614	0.00636	0.01043
51	0.02009	0.01656	0.01609	0.01377	0.01783	0.10719	0.01086	0.17165	0.42252	0.09869	0.02198	0.02059	0.01615	0.00822	0.00645	0.00206	0.00637	0.00653	0.00629	0.01012
52	0.00787	0.00562	0.00750	0.00900	0.00937	0.00525	0.00600	0.00900	0.01237	0.01649	0.03561	0.76871	0.04274	0.02024	0.00825	0.00262	0.00375	0.01837	0.00600	0.00525
53	0.01323	0.01286	0.01952	0.62717	0.07757	0.05193	0.01734	0.01780	0.04011	0.01708	0.01190	0.01703	0.00910	0.00669	0.00695	0.00214	0.03534	0.00572	0.00305	0.00747
54	0.01152	0.00837	0.00952	0.00896	0.01003	0.00898	0.00600	0.06808	0.11355	0.01713	0.02045	0.03544	0.02105	0.51173	0.11722	0.00586	0.00756	0.00850	0.00444	0.00561
55	0.02406	0.01785	0.01911	0.01476	0.01985	0.01980	0.01216	0.67082	0.07145	0.03991	0.01615	0.01602	0.01151	0.00782	0.00647	0.00195	0.00699	0.00591	0.00647	0.01094
56	0.01525	0.01743	0.03813	0.02723	0.03377	0.01634	0.70915	0.02070	0.01525	0.02070	0.01307	0.01743	0.00980	0.00545	0.00763	0.00218	0.01089	0.00763	0.00327	0.00871
57	0.01487	0.01409	0.02329	0.25059	0.47247	0.01511	0.01852	0.01998	0.06936	0.02021	0.01306	0.01699	0.01050	0.00620	0.00643	0.00201	0.00775	0.00587	0.00337	0.00933
58	0.01425	0.01421	0.02017	0.01831	0.05953	0.01953	0.01447	0.01580	0.01018	0.01588	0.00870	0.01425	0.00859	0.01098	0.02032	0.00277	0.71628	0.00566	0.00285	0.00726
59	0.00774	0.00615	0.00695	0.00759	0.00900	0.00537	0.00537	0.00916	0.01373	0.01705	0.05279	0.36202	0.43834	0.01801	0.00790	0.00237	0.00347	0.01564	0.00600	0.00537
60	0.02044	0.06871	0.02609	0.01975	0.02446	0.37570	0.26376	0.02418	0.04414	0.05336	0.01243	0.01465	0.00967	0.00630	0.00644	0.00187	0.01054	0.00561	0.00363	0.00826
61	0.66140	0.01360	0.01146	0.00976	0.01399	0.01559	0.00804	0.15599	0.01483	0.03131	0.01029	0.01149	0.00779	0.00635	0.00449	0.00199	0.00542	0.00396	0.00449	0.00779
62	0.00790	0.00642	0.00704	0.00747	0.00923	0.00557	0.00556	0.00954	0.01425	0.01740	0.05683	0.20948	0.53340	0.01728	0.00786	0.00234	0.00358	0.06740	0.00600	0.00545
63	0.01599	0.01535	0.02623	0.03966	0.73262	0.01535	0.01983	0.01983	0.01471	0.02111	0.01215	0.01599	0.01023	0.00576	0.00640	0.00192	0.00768	0.00576	0.00320	0.01023

[dist]
# distance from previous block
# <min> <max>
0	24

[block]
# block no. 4 follows, 34 sequences, length 21
# corresponding to MSA columns:
# 468-488
name=unknown_E
#
# <colnr> <probs for GDERKNQSTAVLIFYWHMCP>
#	G	D	E	R	K	N	Q	S	T	A	V	L	I	F	Y	W	H	M	C	P
0	0.02456	0.01810	0.01939	0.01487	0.02004	0.02004	0.01228	0.71107	0.03038	0.04072	0.01551	0.01551	0.01099	0.00776	0.00646	0.00194	0.00711	0.00582	0.00646	0.01099
1	0.00922	0.00666	0.00875	0.00836	0.00988	0.00618	0.00636	0.01227	0.01808	0.02551	0.68640	0.04978	0.05950	0.01350	0.00770	0.00209	0.00323	0.05342	0.00704	0.00609
2	0.00940	0.00626	0.00705	0.00705	0.00705	0.00626	0.00392	0.00940	0.00940	0.01253	0.02036	0.04228	0.02349	0.77292	0.03289	0.00626	0.00626	0.00940	0.00392	0.00392
3	0.57809	0.01296	0.01105	0.00979	0.01346	0.04190	0.00795	0.09404	0.01331	0.02765	0.01101	0.01336	0.00888	0.01268	0.11753	0.00326	0.00736	0.00430	0.00416	0.00727
4	0.40354	0.01542	0.01467	0.01183	0.01644	0.01739	0.00976	0.38074	0.02113	0.03512	0.01240	0.01312	0.00908	0.00692	0.00529	0.00197	0.00610	0.00471	0.00529	0.00908
5	0.00801	0.00575	0.00739	0.00864	0.00910	0.00536	0.00572	0.00906	0.01223	0.01616	0.03611	0.64879	0.08715	0.09488	0.01066	0.00296	0.00397	0.01716	0.00579	0.00513
6	0.01571	0.01506	0.02571	0.09371	0.68080	0.01528	0.01969	0.01958	0.01458	0.02076	0.01210	0.01608	0.01011	0.00581	0.00640	0.00194	0.00775	0.00576	0.00317	0.01000
7	0.02414	0.03079	0.01831	0.01665	0.01998	0.74698	0.01248	0.02580	0.01831	0.01581	0.00999	0.01165	0.00832	0.00666	0.00583	0.00166	0.01165	0.00416	0.00333	0.00749
8	0.00950	0.00728	0.01056	0.01045	0.01138	0.00855	0.00800	0.01148	0.01038	0.01490	0.01802	0.06822	0.01779	0.10841	0.59333	0.00907	0.06571	0.00770	0.00360	0.00566
9	0.00849	0.00613	0.00788	0.00904	0.00977	0.00579	0.00645	0.00988	0.01274	0.01666	0.03683	0.47853	0.11445	0.10726	0.01118	0.00307	0.00440	0.14046	0.00575	0.00524
10	0.02201	0.01581	0.01770	0.01498	0.05851	0.01713	0.01145	0.50311	0.06452	0.08448	0.01955	0.02071	0.05012	0.05975	0.00831	0.00226	0.00666	0.00659	0.00620	0.01014
11	0.73876	0.04655	0.01150	0.01033	0.05240	0.01503	0.00789	0.01906	0.01130	0.02794	0.00917	0.01079	0.00723	0.00596	0.00414	0.00197	0.00523	0.00362	0.00390	0.00723
12	0.01654	0.01611	0.02217	0.13244	0.42200	0.09616	0.01684	0.06523	0.06369	0.02182	0.05361	0.01803	0.01336	0.00671	0.00643	0.00195	0.00778	0.00602	0.00383	0.00932
13	0.09135	0.01609	0.01776	0.14781	0.06894	0.07430	0.01275	0.30003	0.07456	0.02891	0.01466	0.01738	0.01133	0.00732	0.00615	0.00194	0.00722	0.02681	0.00494	0.06976
14	0.03807	0.31870	0.13006	0.01444	0.05861	0.07360	0.01303	0.08654	0.05251	0.04438	0.03057	0.06246	0.01375	0.00768	0.00561	0.00181	0.00722	0.02835	0.00399	0.00863
15	0.01517	0.09218	0.10667	0.01745	0.08897	0.01417	0.12850	0.06719	0.08682	0.04929	0.05373	0.06776	0.01721	0.00818	0.00650	0.00194	0.00700	0.05088	0.00449	0.11589
16	0.10379	0.06305	0.08663	0.01451	0.05520	0.06353	0.04695	0.11241	0.09846	0.10641	0.04570	0.05979	0.03138	0.00797	0.00608	0.00191	0.00659	0.00648	0.00502	0.07814
17	0.08507	0.01248	0.01435	0.01131	0.01561	0.05205	0.04749	0.03916	0.03498	0.02230	0.10189	0.06092	0.01781	0.00751	0.00644	0.00155	0.04479	0.00609	0.00443	0.41376
18	0.06097	0.01364	0.03989	0.01409	0.07050	0.03852	0.04921	0.10196	0.08649	0.10952	0.08038	0.02388	0.09004	0.00810	0.00621	0.00180	0.00586	0.00677	0.00528	0.18689
19	0.03844	0.01370	0.01764	0.04769	0.12034	0.03825	0.05044	0.10302	0.12725	0.10978	0.01721	0.04499	0.01361	0.00932	0.04480	0.00225	0.00697	0.00619	0.00496	0.18315
20	0.09812	0.01654	0.01760	0.01411	0.01844	0.08836	0.05333	0.26617	0.11512	0.04928	0.01657	0.01729	0.03496	0.00768	0.00720	0.00193	0.06365	0.00577	0.00518	0.10268

[dist]
# distance from previous block
# <min> <max>
15	35

[block]
# block no. 5 follows, 34 sequences, length 19
# corresponding to MSA columns:
# 534-552
name=unknown_F
#
# <colnr> <probs for GDERKNQSTAVLIFYWHMCP>
#	G	D	E	R	K	N	Q	S	T	A	V	L	I	F	Y	W	H	M	C	P
0	0.04415	0.04307	0.05757	0.07597	0.03668	0.12252	0.03056	0.21970	0.07104	0.04699	0.12288	0.05045	0.01952	0.00850	0.00645	0.00196	0.00710	0.00688	0.00521	0.02281
1	0.01599	0.01609	0.08193	0.06550	0.08280	0.06232	0.11769	0.09963	0.04243	0.06372	0.05190	0.04841	0.07359	0.00846	0.00789	0.00203	0.07102	0.00716	0.00448	0.07696
2	0.04627	0.06848	0.05702	0.01285	0.01685	0.09627	0.01088	0.07058	0.14534	0.09963	0.03269	0.01816	0.01367	0.01206	0.08955	0.00280	0.07150	0.00563	0.00474	0.12503
3	0.01709	0.26105	0.18207	0.06092	0.02320	0.15941	0.09011	0.04606	0.04346	0.01886	0.03332	0.01440	0.01062	0.00637	0.00571	0.00179	0.00875	0.00496	0.00334	0.00850
4	0.01371	0.05123	0.01673	0.27482	0.04266	0.09007	0.01282	0.04435	0.03974	0.01831	0.03966	0.07195	0.06787	0.03577	0.00880	0.00231	0.07093	0.06246	0.00405	0.03177
5	0.01579	0.01107	0.01331	0.01172	0.01437	0.06136	0.03017	0.10714	0.01538	0.13688	0.01992	0.08770	0.01804	0.08899	0.27695	0.00542	0.01048	0.03089	0.00493	0.03948
6	0.02060	0.14889	0.10428	0.03045	0.01957	0.18768	0.01277	0.20895	0.03926	0.07841	0.01330	0.01465	0.01019	0.00817	0.00745	0.06905	0.00815	0.00499	0.00441	0.00877
7	0.08801	0.06567	0.09099	0.01491	0.01969	0.29890	0.03123	0.14834	0.07575	0.02335	0.01254	0.01370	0.00975	0.00667	0.00575	0.00176	0.00867	0.00475	0.00417	0.07540
8	0.01424	0.07663	0.01962	0.01544	0.01633	0.01864	0.01293	0.05054	0.01127	0.01672	0.01012	0.01547	0.00967	0.01587	0.12112	0.00372	0.55573	0.00566	0.00310	0.00719
9	0.01532	0.01182	0.01387	0.01003	0.01568	0.00933	0.00807	0.05653	0.01477	0.08159	0.01287	0.01423	0.01018	0.00522	0.00502	0.00110	0.00497	0.00416	0.00432	0.70092
10	0.13728	0.01339	0.01496	0.01218	0.01606	0.01458	0.00994	0.25900	0.06288	0.17347	0.06853	0.02217	0.06430	0.00996	0.02736	0.00230	0.06977	0.00665	0.00605	0.00918
11	0.01338	0.01012	0.01158	0.01109	0.01329	0.01085	0.00821	0.11323	0.23904	0.04243	0.04613	0.36863	0.03022	0.03995	0.00825	0.00249	0.00475	0.01238	0.00625	0.00773
12	0.01232	0.01133	0.01898	0.50205	0.13596	0.01319	0.03180	0.01632	0.01368	0.01814	0.07375	0.02315	0.01522	0.00934	0.03837	0.00251	0.00828	0.04470	0.00348	0.00743
13	0.00881	0.00688	0.00900	0.07075	0.01241	0.00691	0.00705	0.01051	0.01338	0.01764	0.13039	0.36070	0.17544	0.08051	0.01054	0.00274	0.03658	0.02863	0.00558	0.00554
14	0.01404	0.01167	0.01859	0.50185	0.05047	0.01366	0.03270	0.01778	0.01329	0.07818	0.01287	0.01731	0.00971	0.00688	0.00755	0.00207	0.07345	0.00570	0.03783	0.07438
15	0.43876	0.09040	0.03311	0.01146	0.01589	0.13123	0.03188	0.03857	0.01409	0.12491	0.01182	0.01270	0.00881	0.00637	0.00488	0.00189	0.00666	0.00424	0.00434	0.00798
16	0.01216	0.14502	0.07572	0.01111	0.01385	0.03556	0.00948	0.05367	0.05420	0.01881	0.05224	0.33529	0.02755	0.03095	0.06889	0.00297	0.00653	0.03418	0.00492	0.00690
17	0.07640	0.13657	0.04132	0.01425	0.07639	0.09712	0.01087	0.09335	0.07056	0.07000	0.03492	0.07156	0.03413	0.01224	0.08140	0.00271	0.00775	0.00645	0.00456	0.05746
18	0.07145	0.18121	0.11546	0.05553	0.02038	0.03795	0.05190	0.15908	0.08835	0.02390	0.02935	0.01850	0.02611	0.01054	0.06435	0.00258	0.00809	0.02230	0.00430	0.00869

[dist]
# distance from previous block
# <min> <max>
3	12

[block]
# block no. 6 follows, 34 sequences, length 67
# corresponding to MSA columns:
# 572-596,604-645
name=unknown_G
#
# <colnr> <probs for GDERKNQSTAVLIFYWHMCP>
#	G	D	E	R	K	N	Q	S	T	A	V	L	I	F	Y	W	H	M	C	P
0	0.19448	0.05965	0.03780	0.05599	0.04559	0.04382	0.01059	0.11345	0.06108	0.11038	0.03806	0.04851	0.01395	0.00773	0.00610	0.00191	0.02534	0.01976	0.00491	0.10090
1	0.08205	0.01899	0.06132	0.01432	0.03365	0.16347	0.01166	0.23676	0.13847	0.06715	0.01830	0.03703	0.04131	0.00799	0.00617	0.00193	0.00727	0.00608	0.00531	0.04077
2	0.08868	0.06087	0.04144	0.05194	0.10268	0.23098	0.07571	0.02214	0.04360	0.09666	0.07822	0.04841	0.01595	0.00766	0.00620	0.00192	0.00807	0.00628	0.00437	0.00824
3	0.05184	0.11932	0.01887	0.09926	0.04888	0.31088	0.01169	0.04853	0.01602	0.01854	0.01424	0.01606	0.05688	0.00681	0.00560	0.00164	0.00839	0.00493	0.00361	0.13799
4	0.04821	0.00862	0.00885	0.00836	0.00988	0.05612	0.00586	0.01319	0.01422	0.06569	0.24138	0.06498	0.13488	0.27391	0.01597	0.00350	0.00503	0.01017	0.00548	0.00568
5	0.05855	0.02159	0.06176	0.01664	0.02149	0.24908	0.11294	0.19927	0.06958	0.10434	0.01474	0.01554	0.01079	0.00700	0.00631	0.00192	0.00883	0.00556	0.00485	0.00923
6	0.01916	0.11095	0.09468	0.02234	0.25583	0.03714	0.04381	0.02300	0.03180	0.21222	0.05071	0.01831	0.01391	0.00699	0.00667	0.00193	0.03030	0.00592	0.00465	0.00968
7	0.01113	0.01032	0.01786	0.09502	0.05702	0.00999	0.18624	0.01462	0.01565	0.02102	0.24314	0.07226	0.15564	0.01129	0.00754	0.00219	0.00612	0.05087	0.00516	0.00693
8	0.00790	0.00591	0.00737	0.00850	0.00935	0.00538	0.00589	0.00922	0.01304	0.01683	0.04290	0.57069	0.21140	0.01921	0.00812	0.00253	0.00371	0.04076	0.00600	0.00532
9	0.01667	0.45651	0.25651	0.01403	0.02058	0.10331	0.01529	0.02043	0.01387	0.01694	0.00993	0.01155	0.00826	0.00585	0.00497	0.00163	0.00828	0.00395	0.00282	0.00860
10	0.02038	0.01622	0.07014	0.13418	0.12661	0.04395	0.12262	0.14338	0.01833	0.21480	0.01622	0.01759	0.01137	0.00683	0.00660	0.00202	0.00792	0.00612	0.00498	0.00971
11	0.02414	0.03079	0.01831	0.01665	0.01998	0.74698	0.01248	0.02580	0.01831	0.01581	0.00999	0.01165	0.00832	0.00666	0.00583	0.00166	0.01165	0.00416	0.00333	0.00749
12	0.00804	0.00574	0.00769	0.00919	0.00964	0.00539	0.00629	0.00929	0.01254	0.01668	0.03552	0.72224	0.04236	0.02008	0.00829	0.00265	0.00390	0.06316	0.00599	0.00530
13	0.01630	0.43517	0.18945	0.01591	0.02245	0.03963	0.14337	0.03653	0.01418	0.01801	0.01050	0.01255	0.00861	0.00573	0.00533	0.00170	0.00835	0.00459	0.00295	0.00869
14	0.01370	0.10167	0.57259	0.01897	0.02771	0.01620	0.12028	0.02039	0.01382	0.02000	0.01156	0.01387	0.00843	0.00598	0.00616	0.00200	0.00949	0.00506	0.00281	0.00931
15	0.01020	0.00734	0.01012	0.01140	0.01292	0.00726	0.00987	0.01312	0.01510	0.01969	0.08205	0.07075	0.07040	0.01747	0.00878	0.00288	0.00563	0.61305	0.00603	0.00594
16	0.04068	0.01051	0.01187	0.04122	0.01400	0.01138	0.00832	0.23242	0.01895	0.02798	0.10591	0.10279	0.02216	0.01131	0.03651	0.00226	0.02392	0.00790	0.26230	0.00760
17	0.31170	0.11477	0.08416	0.01270	0.01758	0.01714	0.05253	0.15932	0.07301	0.02726	0.01438	0.01543	0.03764	0.00706	0.00580	0.00197	0.02951	0.00509	0.00442	0.00851
18	0.02401	0.02181	0.01946	0.01578	0.02021	0.26252	0.03672	0.39814	0.02451	0.06939	0.01391	0.01460	0.01025	0.00743	0.00676	0.00189	0.03238	0.00536	0.00527	0.00962
19	0.00787	0.00604	0.00721	0.00801	0.00915	0.00538	0.00559	0.00932	0.01366	0.01749	0.09330	0.45158	0.30563	0.01830	0.00797	0.00242	0.00352	0.01612	0.00607	0.00538
20	0.05450	0.01598	0.01766	0.01534	0.06602	0.04555	0.01165	0.35004	0.14788	0.17970	0.01879	0.01806	0.01326	0.00774	0.00636	0.00199	0.00656	0.00606	0.00636	0.01051
21	0.01263	0.01178	0.01926	0.64171	0.08776	0.01433	0.01727	0.01780	0.05994	0.01774	0.03031	0.01837	0.01075	0.00673	0.00649	0.00214	0.00818	0.00599	0.00324	0.00756
22	0.00786	0.00566	0.00746	0.00890	0.00935	0.00526	0.00596	0.00901	0.01246	0.01653	0.03678	0.74102	0.06966	0.02009	0.00822	0.00261	0.00373	0.01818	0.00600	0.00526
23	0.01584	0.01520	0.02595	0.06847	0.70500	0.01531	0.01975	0.01970	0.01464	0.02092	0.01213	0.01604	0.01017	0.00579	0.00640	0.00193	0.00771	0.00576	0.00319	0.01011
24	0.49986	0.01402	0.01116	0.01013	0.01330	0.10965	0.00803	0.01908	0.04070	0.02496	0.05943	0.01758	0.01327	0.05088	0.00730	0.00227	0.04699	0.02180	0.02268	0.00691
25	0.00786	0.00568	0.00743	0.00883	0.00933	0.00526	0.00593	0.00902	0.01253	0.01656	0.03761	0.72152	0.08863	0.01998	0.00821	0.00259	0.00372	0.01805	0.00600	0.00526
26	0.12501	0.01146	0.01450	0.01126	0.01615	0.01053	0.00930	0.05701	0.01805	0.62311	0.02308	0.02033	0.01470	0.00774	0.00619	0.00200	0.00550	0.00611	0.00745	0.01051
27	0.01266	0.01145	0.04193	0.07461	0.01696	0.01147	0.02855	0.07418	0.23005	0.02304	0.10140	0.09558	0.17549	0.01316	0.03658	0.00253	0.00571	0.03108	0.00575	0.00781
28	0.35972	0.24510	0.07836	0.01087	0.01588	0.03801	0.01021	0.02155	0.04123	0.10995	0.01193	0.01269	0.00913	0.00624	0.00468	0.00182	0.00620	0.00413	0.00409	0.00823
29	0.00802	0.00573	0.00766	0.00916	0.00960	0.00537	0.00625	0.00925	0.01251	0.01666	0.03553	0.72927	0.04242	0.02011	0.00829	0.00264	0.00387	0.05638	0.00600	0.00529
30	0.49494	0.01611	0.01313	0.01122	0.01538	0.10630	0.00906	0.17933	0.05483	0.02995	0.01155	0.01253	0.00877	0.00663	0.00493	0.00195	0.00631	0.00432	0.00462	0.00815
31	0.09313	0.10136	0.33867	0.03894	0.02244	0.01598	0.04513	0.08072	0.09819	0.02256	0.01388	0.01686	0.01094	0.06511	0.00792	0.00231	0.00787	0.00541	0.00375	0.00883
32	0.01296	0.03342	0.73944	0.01842	0.02797	0.01501	0.02387	0.02046	0.01364	0.02046	0.01160	0.01364	0.00818	0.00614	0.00614	0.00205	0.00955	0.00477	0.00273	0.00955
33	0.00764	0.00655	0.00655	0.00655	0.00873	0.00545	0.00491	0.00927	0.01473	0.01745	0.06546	0.06218	0.73000	0.01636	0.00764	0.00218	0.00327	0.01364	0.00600	0.00545
34	0.01594	0.42018	0.32486	0.01447	0.02152	0.06854	0.01645	0.02023	0.01368	0.01742	0.01013	0.01181	0.00825	0.00585	0.00508	0.00168	0.00831	0.00405	0.00279	0.00876
35	0.01901	0.01519	0.01725	0.01413	0.01816	0.03684	0.04927	0.36140	0.18810	0.03142	0.05203	0.07896	0.01802	0.01175	0.05551	0.00262	0.00720	0.00755	0.00602	0.00957
36	0.01525	0.01743	0.03813	0.02723	0.03377	0.01634	0.70915	0.02070	0.01525	0.02070	0.01307	0.01743	0.00980	0.00545	0.00763	0.00218	0.01089	0.00763	0.00327	0.00871
37	0.02415	0.03039	0.01834	0.01659	0.01998	0.72394	0.01248	0.04752	0.01869	0.01660	0.01016	0.01177	0.00841	0.00669	0.00585	0.00167	0.01151	0.00421	0.00343	0.00760
38	0.04109	0.38031	0.26371	0.01505	0.04571	0.09509	0.01559	0.02086	0.03626	0.01801	0.01061	0.01222	0.00865	0.00597	0.00513	0.00169	0.00818	0.00417	0.00298	0.00871
39	0.00812	0.00579	0.00768	0.00899	0.00948	0.00543	0.00612	0.00942	0.01281	0.01717	0.08551	0.66509	0.04322	0.04376	0.00902	0.00271	0.00387	0.04452	0.00601	0.00530
40	0.00781	0.00628	0.00697	0.00738	0.00898	0.00544	0.00531	0.00940	0.01428	0.01777	0.10360	0.26961	0.47995	0.01729	0.00782	0.00230	0.00340	0.01489	0.00608	0.00544
41	0.05298	0.57518	0.12345	0.01191	0.01766	0.02246	0.01234	0.03579	0.02877	0.01786	0.04272	0.01294	0.01093	0.00610	0.00467	0.00156	0.00696	0.00414	0.00318	0.00840
42	0.12139	0.10370	0.05886	0.06516	0.04859	0.30338	0.01255	0.05576	0.13235	0.02092	0.01297	0.01425	0.01024	0.00677	0.00565	0.00184	0.00853	0.00480	0.00396	0.00833
43	0.00838	0.00665	0.00761	0.00783	0.00969	0.00588	0.00608	0.01047	0.01529	0.01928	0.18193	0.09735	0.45874	0.01622	0.00787	0.00231	0.00369	0.12290	0.00620	0.00564
44	0.03753	0.01642	0.01709	0.01466	0.01829	0.15279	0.07381	0.11169	0.21745	0.06689	0.03902	0.02779	0.04622	0.00951	0.00728	0.00216	0.03090	0.09635	0.00546	0.00869
45	0.06960	0.39333	0.03965	0.01170	0.01590	0.09111	0.01052	0.02010	0.09298	0.01760	0.01278	0.01517	0.01109	0.01474	0.15511	0.00338	0.00921	0.00469	0.00347	0.00786
46	0.01583	0.01519	0.02594	0.06958	0.70393	0.01531	0.01975	0.01969	0.01464	0.02092	0.01213	0.01604	0.01017	0.00579	0.00640	0.00193	0.00772	0.00576	0.00318	0.01011
47	0.01807	0.01028	0.01237	0.01054	0.01401	0.01009	0.00834	0.04095	0.19771	0.27590	0.19397	0.03396	0.12482	0.01054	0.00693	0.00208	0.00457	0.00887	0.00712	0.00891
48	0.01388	0.19114	0.58975	0.01685	0.02555	0.01725	0.02115	0.02023	0.01353	0.01935	0.01104	0.01295	0.00821	0.00601	0.00572	0.00191	0.00899	0.00449	0.00274	0.00928
49	0.01531	0.16554	0.02331	0.16179	0.26942	0.05253	0.01513	0.03977	0.03119	0.01913	0.03997	0.01895	0.05601	0.00731	0.00705	0.00193	0.05770	0.00595	0.00352	0.00851
50	0.02282	0.01013	0.01328	0.01073	0.01476	0.00917	0.00866	0.02675	0.07803	0.49630	0.18256	0.02927	0.04915	0.00948	0.00679	0.00203	0.00485	0.00794	0.00762	0.00967
51	0.01727	0.77681	0.03386	0.01106	0.01658	0.02557	0.01106	0.01935	0.01313	0.01520	0.00898	0.01036	0.00829	0.00553	0.00415	0.00138	0.00691	0.00345	0.00276	0.00829
52	0.00924	0.00656	0.00777	0.00806	0.00961	0.00586	0.00589	0.01092	0.01430	0.05371	0.12276	0.25482	0.33364	0.06765	0.00954	0.00261	0.00388	0.06145	0.00608	0.00567
53	0.01755	0.01482	0.01907	0.02247	0.26362	0.03781	0.01391	0.12998	0.25629	0.05382	0.02000	0.02418	0.01629	0.00835	0.00669	0.00211	0.00660	0.07128	0.00529	0.00988
54	0.00798	0.00643	0.00717	0.00766	0.00936	0.00562	0.00573	0.00964	0.01421	0.01744	0.05542	0.22313	0.50177	0.01740	0.00791	0.00237	0.00366	0.08565	0.00599	0.00546
55	0.19409	0.01707	0.03524	0.01638	0.04841	0.12584	0.13716	0.07138	0.14344	0.02379	0.01663	0.03789	0.04054	0.00776	0.00709	0.00209	0.05619	0.00627	0.00441	0.00834
56	0.01478	0.01421	0.02460	0.23081	0.48897	0.01492	0.05720	0.01880	0.01427	0.01980	0.01265	0.01801	0.01054	0.00627	0.00655	0.00203	0.00806	0.02515	0.00319	0.00921
57	0.01525	0.01743	0.03813	0.02723	0.03377	0.01634	0.70915	0.02070	0.01525	0.02070	0.01307	0.01743	0.00980	0.00545	0.00763	0.00218	0.01089	0.00763	0.00327	0.00871
58	0.02383	0.02958	0.01821	0.01643	0.01985	0.68703	0.01238	0.05471	0.04732	0.01731	0.01088	0.01232	0.00890	0.00679	0.00588	0.00170	0.01120	0.00436	0.00359	0.00775
59	0.01548	0.01483	0.02531	0.13624	0.64003	0.01522	0.01958	0.01938	0.01447	0.02049	0.01206	0.01616	0.01002	0.00585	0.00641	0.00195	0.00780	0.00576	0.00315	0.00982
60	0.01629	0.50633	0.18458	0.01469	0.02119	0.02205	0.09887	0.03737	0.01394	0.01764	0.01020	0.01206	0.00852	0.00571	0.00505	0.00163	0.00796	0.00430	0.00291	0.00868
61	0.00938	0.00705	0.00902	0.01004	0.01168	0.00668	0.00841	0.01182	0.01468	0.01857	0.04413	0.11203	0.25547	0.01753	0.00848	0.00270	0.00497	0.43565	0.00597	0.00575
62	0.01827	0.01910	0.01942	0.07548	0.13317	0.26665	0.07249	0.08354	0.06011	0.03523	0.01632	0.10470	0.01492	0.02709	0.00725	0.00210	0.00861	0.02316	0.00423	0.00818
63	0.01506	0.01494	0.02371	0.22402	0.38748	0.04790	0.04967	0.01865	0.01375	0.01886	0.01141	0.01593	0.00946	0.00675	0.00853	0.00211	0.11416	0.00575	0.00307	0.00879
64	0.00780	0.00589	0.00722	0.00829	0.00919	0.00531	0.00568	0.00908	0.01305	0.01677	0.04422	0.56503	0.24086	0.01912	0.00807	0.00250	0.00361	0.01700	0.00600	0.00531
65	0.00805	0.00575	0.00771	0.00920	0.00966	0.00540	0.00631	0.00931	0.01255	0.01670	0.03551	0.71910	0.04234	0.02007	0.00830	0.00265	0.00391	0.06619	0.00599	0.00530
66	0.21789	0.01435	0.02128	0.07651	0.48904	0.01509	0.01623	0.01979	0.03210	0.02296	0.01169	0.01490	0.00956	0.00594	0.00580	0.00196	0.00699	0.00523	0.00347	0.00923

[dist]
# distance from previous block
# <min> <max>
0	2

# created by:
# /home/cegg/simao/soft/augustus-3.2.1/scripts/msa2prfl.pl ./align_prep/EOG090W0F1C.fa
