[name]
unknown

[dist]
# distance from previous block
# <min> <max>
0	11

[block]
# block no. 0 follows, 36 sequences, length 14
# corresponding to MSA columns:
# 11-24
name=unknown_A
#
# <colnr> <probs for GDERKNQSTAVLIFYWHMCP>
#	G	D	E	R	K	N	Q	S	T	A	V	L	I	F	Y	W	H	M	C	P
0	0.16409	0.01068	0.01316	0.01057	0.01493	0.01004	0.00871	0.02709	0.04175	0.54458	0.04240	0.02221	0.01616	0.00796	0.00598	0.00198	0.00516	0.03610	0.00689	0.00957
1	0.01666	0.78478	0.03265	0.01066	0.01599	0.02465	0.01066	0.01866	0.01266	0.01466	0.00866	0.00999	0.00800	0.00533	0.00400	0.00133	0.00666	0.00333	0.00267	0.00800
2	0.00889	0.00627	0.00788	0.00753	0.00857	0.00593	0.00526	0.01097	0.01513	0.02121	0.52846	0.04485	0.04822	0.23750	0.01448	0.00315	0.00385	0.01062	0.00596	0.00526
3	0.00759	0.00542	0.00723	0.00868	0.00904	0.00506	0.00578	0.00868	0.01193	0.01591	0.03434	0.77697	0.04121	0.01952	0.00795	0.00253	0.00361	0.01771	0.00578	0.00506
4	0.01761	0.61908	0.06343	0.01192	0.01707	0.15070	0.01148	0.01978	0.01355	0.01500	0.00895	0.01036	0.00800	0.00555	0.00437	0.00141	0.00757	0.00351	0.00276	0.00792
5	0.00901	0.14084	0.01102	0.00746	0.00983	0.00858	0.00593	0.01058	0.01356	0.01630	0.04892	0.17046	0.49701	0.01459	0.00688	0.00204	0.00384	0.01221	0.00525	0.00570
6	0.01567	0.32763	0.28428	0.01405	0.02008	0.14254	0.01508	0.01949	0.01347	0.01656	0.01036	0.01247	0.00856	0.00899	0.06428	0.00229	0.00913	0.00416	0.00280	0.00811
7	0.01911	0.24641	0.14826	0.01462	0.01950	0.37926	0.01343	0.02262	0.05222	0.01641	0.01043	0.01183	0.00856	0.00613	0.00524	0.00162	0.00925	0.00408	0.00311	0.00792
8	0.02285	0.01545	0.14229	0.01296	0.01821	0.01206	0.01215	0.11115	0.01752	0.43906	0.01910	0.01802	0.01264	0.00747	0.00723	0.00194	0.06640	0.00570	0.00605	0.05175
9	0.01145	0.02355	0.49658	0.01500	0.02157	0.01176	0.01790	0.01721	0.01411	0.02043	0.13720	0.02865	0.02128	0.00902	0.00662	0.00213	0.00755	0.12606	0.00388	0.00805
10	0.11115	0.30305	0.40033	0.01404	0.02120	0.01811	0.01659	0.01917	0.01267	0.01887	0.00997	0.01164	0.00779	0.00569	0.00498	0.00174	0.00776	0.00399	0.00279	0.00847
11	0.00895	0.00615	0.00718	0.00746	0.00780	0.00605	0.00474	0.00948	0.01026	0.01347	0.02531	0.09868	0.07542	0.58165	0.02555	0.00513	0.00563	0.09260	0.00429	0.00421
12	0.19592	0.15227	0.37725	0.01543	0.02244	0.01622	0.10056	0.01926	0.01268	0.02075	0.01037	0.01238	0.00784	0.00571	0.00530	0.00187	0.00795	0.00444	0.00297	0.00836
13	0.04476	0.01108	0.13621	0.00939	0.01238	0.00764	0.00875	0.01309	0.01614	0.02323	0.50046	0.04079	0.12912	0.01162	0.00695	0.00198	0.00413	0.01000	0.00587	0.00642

[dist]
# distance from previous block
# <min> <max>
0	15

[block]
# block no. 1 follows, 36 sequences, length 20
# corresponding to MSA columns:
# 40-59
name=unknown_B
#
# <colnr> <probs for GDERKNQSTAVLIFYWHMCP>
#	G	D	E	R	K	N	Q	S	T	A	V	L	I	F	Y	W	H	M	C	P
0	0.00774	0.00633	0.00683	0.00670	0.00864	0.00542	0.00503	0.00966	0.01508	0.01892	0.23595	0.05653	0.56551	0.01500	0.00736	0.00207	0.00310	0.01267	0.00606	0.00542
1	0.01887	0.00910	0.03007	0.01027	0.01345	0.00774	0.00833	0.02120	0.01605	0.40526	0.12474	0.20542	0.02870	0.01182	0.00697	0.00214	0.00471	0.06002	0.00687	0.00827
2	0.01179	0.01090	0.01820	0.60346	0.11199	0.01304	0.01638	0.01563	0.01270	0.01652	0.01375	0.06863	0.01198	0.00757	0.00645	0.00212	0.00778	0.04092	0.00315	0.00705
3	0.00791	0.00567	0.00765	0.00887	0.00942	0.00541	0.00617	0.00931	0.01238	0.01665	0.08435	0.63500	0.04061	0.02053	0.05320	0.00296	0.00449	0.05852	0.00571	0.00519
4	0.01550	0.06136	0.02573	0.03658	0.69826	0.01540	0.01861	0.01909	0.01409	0.02001	0.01153	0.01509	0.00976	0.00554	0.00604	0.00182	0.00736	0.00542	0.00306	0.00976
5	0.06319	0.16881	0.57215	0.01587	0.02404	0.01630	0.01976	0.01945	0.01291	0.01931	0.01057	0.01239	0.00784	0.00580	0.00544	0.00185	0.00847	0.00430	0.00271	0.00883
6	0.01577	0.01566	0.02433	0.08136	0.64671	0.06856	0.01850	0.01934	0.01433	0.01971	0.01153	0.01519	0.00964	0.00566	0.00613	0.00185	0.00774	0.00544	0.00307	0.00950
7	0.02404	0.00974	0.01320	0.01042	0.01455	0.00849	0.00849	0.02655	0.01779	0.59876	0.17083	0.02639	0.02430	0.00874	0.00649	0.00193	0.00482	0.00729	0.00754	0.00964
8	0.01407	0.01390	0.01889	0.16278	0.34246	0.09777	0.01466	0.01782	0.04255	0.01922	0.09287	0.05497	0.06575	0.00795	0.00641	0.00193	0.00699	0.00708	0.00387	0.00808
9	0.01471	0.01415	0.02365	0.13552	0.56000	0.01518	0.01822	0.01819	0.01340	0.01911	0.01121	0.01537	0.00945	0.00628	0.00787	0.00199	0.09807	0.00554	0.00300	0.00910
10	0.01200	0.01131	0.01911	0.71964	0.08751	0.01390	0.01742	0.01612	0.01257	0.01620	0.01112	0.01654	0.00841	0.00619	0.00623	0.00206	0.00825	0.00554	0.00279	0.00711
11	0.01542	0.01480	0.02529	0.03824	0.74217	0.01480	0.01912	0.01912	0.01419	0.02036	0.01172	0.01542	0.00987	0.00555	0.00617	0.00185	0.00740	0.00555	0.00308	0.00987
12	0.82504	0.01205	0.00916	0.00819	0.01205	0.01398	0.00675	0.01832	0.01060	0.02795	0.00868	0.01012	0.00675	0.00578	0.00386	0.00193	0.00482	0.00337	0.00386	0.00675
13	0.01177	0.01107	0.01869	0.76606	0.04291	0.01384	0.01730	0.01592	0.01246	0.01592	0.01107	0.01661	0.00831	0.00623	0.00623	0.00208	0.00831	0.00554	0.00277	0.00692
14	0.82504	0.01205	0.00916	0.00819	0.01205	0.01398	0.00675	0.01832	0.01060	0.02795	0.00868	0.01012	0.00675	0.00578	0.00386	0.00193	0.00482	0.00337	0.00386	0.00675
15	0.00979	0.00725	0.00875	0.00832	0.00832	0.00812	0.00534	0.01000	0.00914	0.01254	0.01781	0.03646	0.02035	0.65852	0.02992	0.00551	0.12751	0.00849	0.00361	0.00426
16	0.67395	0.06279	0.01162	0.00902	0.01304	0.01514	0.00753	0.07012	0.04796	0.02782	0.00996	0.01112	0.00772	0.00601	0.00416	0.00189	0.00509	0.00372	0.00407	0.00726
17	0.02015	0.06491	0.05266	0.01229	0.01701	0.06618	0.01054	0.16228	0.09767	0.21991	0.01841	0.02057	0.01396	0.00760	0.00596	0.00178	0.00620	0.05576	0.00557	0.14058
18	0.16215	0.14539	0.45395	0.01623	0.06905	0.01600	0.01785	0.01926	0.01268	0.02048	0.01036	0.01225	0.00783	0.00578	0.00526	0.00186	0.00789	0.00424	0.00289	0.00861
19	0.03422	0.01767	0.12006	0.06776	0.01905	0.14758	0.01195	0.14672	0.08999	0.07587	0.02101	0.13949	0.06301	0.00951	0.00639	0.00200	0.00698	0.00773	0.00488	0.00813

[dist]
# distance from previous block
# <min> <max>
14	22

[block]
# block no. 2 follows, 36 sequences, length 102
# corresponding to MSA columns:
# 85-186
name=unknown_C
#
# <colnr> <probs for GDERKNQSTAVLIFYWHMCP>
#	G	D	E	R	K	N	Q	S	T	A	V	L	I	F	Y	W	H	M	C	P
0	0.21949	0.35846	0.17749	0.01136	0.01699	0.01819	0.01195	0.01836	0.01247	0.01981	0.04047	0.01240	0.00988	0.00585	0.00454	0.00163	0.00648	0.00397	0.00319	0.04700
1	0.04397	0.31208	0.10505	0.01294	0.04469	0.13680	0.01143	0.01876	0.01402	0.06590	0.05249	0.12556	0.01605	0.00822	0.00547	0.00174	0.00693	0.00639	0.00382	0.00767
2	0.01420	0.02773	0.57405	0.01743	0.02560	0.01421	0.07357	0.02172	0.07158	0.08110	0.01356	0.01492	0.00954	0.00622	0.00609	0.00199	0.00863	0.00515	0.00339	0.00932
3	0.01279	0.01092	0.01272	0.00933	0.01457	0.00843	0.00741	0.01603	0.03940	0.02033	0.01259	0.04589	0.01095	0.00539	0.00482	0.00104	0.00458	0.00441	0.00388	0.75450
4	0.82504	0.01205	0.00916	0.00819	0.01205	0.01398	0.00675	0.01832	0.01060	0.02795	0.00868	0.01012	0.00675	0.00578	0.00386	0.00193	0.00482	0.00337	0.00386	0.00675
5	0.01292	0.01107	0.01292	0.00923	0.01477	0.00831	0.00738	0.01569	0.01292	0.02030	0.01107	0.01292	0.00923	0.00461	0.00461	0.00092	0.00461	0.00369	0.00369	0.81912
6	0.01471	0.01681	0.03676	0.02626	0.03256	0.01576	0.71954	0.01996	0.01471	0.01996	0.01261	0.01681	0.00945	0.00525	0.00735	0.00210	0.01050	0.00735	0.00315	0.00840
7	0.01241	0.01173	0.01986	0.63719	0.16672	0.01401	0.01763	0.01649	0.01276	0.01670	0.01119	0.01640	0.00858	0.00611	0.00622	0.00204	0.00815	0.00554	0.00282	0.00744
8	0.02368	0.01745	0.01870	0.01434	0.01932	0.01932	0.01184	0.72139	0.02929	0.03927	0.01496	0.01496	0.01060	0.00748	0.00623	0.00187	0.00686	0.00561	0.00623	0.01060
9	0.00878	0.00637	0.00828	0.00780	0.00929	0.00586	0.00585	0.01169	0.01755	0.02478	0.72155	0.04689	0.07625	0.01282	0.00735	0.00196	0.00294	0.01132	0.00683	0.00586
10	0.01250	0.03223	0.74875	0.01776	0.02697	0.01447	0.02302	0.01973	0.01315	0.01973	0.01118	0.01315	0.00789	0.00592	0.00592	0.00197	0.00921	0.00460	0.00263	0.00921
11	0.82504	0.01205	0.00916	0.00819	0.01205	0.01398	0.00675	0.01832	0.01060	0.02795	0.00868	0.01012	0.00675	0.00578	0.00386	0.00193	0.00482	0.00337	0.00386	0.00675
12	0.01082	0.00541	0.00812	0.00812	0.00812	0.00541	0.00541	0.00812	0.00812	0.01082	0.01082	0.01894	0.01082	0.02165	0.02435	0.81872	0.00541	0.00541	0.00271	0.00271
13	0.00736	0.00631	0.00631	0.00631	0.00842	0.00526	0.00473	0.00894	0.01420	0.01683	0.06312	0.05996	0.73964	0.01578	0.00736	0.00210	0.00316	0.01315	0.00579	0.00526
14	0.00758	0.00547	0.00719	0.00856	0.00901	0.00507	0.00573	0.00869	0.01204	0.01595	0.03573	0.74236	0.07492	0.01934	0.00792	0.00251	0.00359	0.01749	0.00578	0.00507
15	0.00914	0.00603	0.00676	0.00676	0.00681	0.00603	0.00379	0.00923	0.00918	0.01243	0.01965	0.04023	0.02244	0.75709	0.03087	0.00590	0.00594	0.00896	0.02890	0.00384
16	0.00834	0.00635	0.00767	0.00734	0.00902	0.00568	0.00550	0.01083	0.01651	0.02231	0.51728	0.05094	0.28206	0.01374	0.00735	0.00201	0.00301	0.01188	0.00651	0.00568
17	0.01727	0.01604	0.01497	0.01330	0.01689	0.12166	0.01033	0.08747	0.57234	0.02558	0.02227	0.02086	0.01677	0.00808	0.00623	0.00202	0.00599	0.00650	0.00588	0.00954
18	0.02393	0.01859	0.01826	0.01433	0.01907	0.11581	0.01168	0.58098	0.02695	0.08574	0.01493	0.01491	0.01060	0.00736	0.00615	0.00184	0.00732	0.00544	0.00594	0.01015
19	0.00818	0.00629	0.00748	0.00729	0.00894	0.00559	0.00543	0.01049	0.01598	0.02130	0.43602	0.09190	0.32398	0.01430	0.00739	0.00205	0.00306	0.01236	0.00638	0.00559
20	0.01401	0.01426	0.01903	0.01635	0.01647	0.04792	0.01357	0.01538	0.00986	0.01500	0.00824	0.01354	0.00817	0.01073	0.01987	0.00268	0.73995	0.00540	0.00275	0.00683
21	0.01250	0.03223	0.74875	0.01776	0.02697	0.01447	0.02302	0.01973	0.01315	0.01973	0.01118	0.01315	0.00789	0.00592	0.00592	0.00197	0.00921	0.00460	0.00263	0.00921
22	0.01250	0.03223	0.74875	0.01776	0.02697	0.01447	0.02302	0.01973	0.01315	0.01973	0.01118	0.01315	0.00789	0.00592	0.00592	0.00197	0.00921	0.00460	0.00263	0.00921
23	0.02682	0.01037	0.01401	0.01082	0.01549	0.00894	0.00891	0.02919	0.01763	0.70641	0.02670	0.02334	0.05520	0.00815	0.00633	0.00194	0.00518	0.00664	0.00761	0.01031
24	0.01592	0.01679	0.03131	0.02295	0.02844	0.03878	0.52274	0.09400	0.08116	0.02212	0.01369	0.01686	0.01033	0.00611	0.00778	0.00210	0.04961	0.00694	0.00374	0.00864
25	0.01250	0.03223	0.74875	0.01776	0.02697	0.01447	0.02302	0.01973	0.01315	0.01973	0.01118	0.01315	0.00789	0.00592	0.00592	0.00197	0.00921	0.00460	0.00263	0.00921
26	0.01563	0.59879	0.20963	0.01242	0.01870	0.02214	0.01372	0.01892	0.01278	0.01591	0.00928	0.01078	0.00797	0.00548	0.00447	0.00149	0.00729	0.00365	0.00266	0.00830
27	0.01615	0.69322	0.11977	0.01152	0.01733	0.02341	0.01216	0.01879	0.01272	0.01528	0.00897	0.01038	0.00798	0.00540	0.00423	0.00141	0.00697	0.00349	0.00266	0.00814
28	0.00756	0.00617	0.00671	0.00711	0.00880	0.00532	0.00525	0.00910	0.01372	0.01673	0.05524	0.21554	0.54999	0.01667	0.00756	0.00224	0.00340	0.05187	0.00578	0.00524
29	0.01535	0.01677	0.02684	0.02055	0.02434	0.09787	0.35622	0.04123	0.03933	0.01867	0.01346	0.01711	0.03786	0.00766	0.01099	0.00223	0.23581	0.00658	0.00334	0.00780
30	0.01456	0.24707	0.48513	0.01559	0.02321	0.07722	0.01860	0.01984	0.01338	0.01792	0.01034	0.01210	0.00793	0.00579	0.00535	0.00176	0.00864	0.00419	0.00269	0.00870
31	0.01537	0.01491	0.02580	0.03632	0.65765	0.01491	0.07529	0.01971	0.04114	0.02054	0.01230	0.01583	0.01018	0.00564	0.00627	0.00188	0.00756	0.00575	0.00321	0.00975
32	0.00898	0.00601	0.00682	0.00690	0.00692	0.00599	0.00389	0.00904	0.00922	0.01229	0.02044	0.08120	0.02367	0.73921	0.03041	0.00585	0.00591	0.00954	0.00389	0.00385
33	0.02009	0.01433	0.01604	0.01258	0.01668	0.01558	0.04004	0.50346	0.02436	0.03418	0.01629	0.01724	0.01198	0.00733	0.00578	0.00177	0.00596	0.00574	0.22138	0.00923
34	0.01310	0.14175	0.64453	0.01673	0.02537	0.01595	0.02122	0.01958	0.01308	0.01899	0.01081	0.01269	0.00791	0.00583	0.00564	0.00188	0.00884	0.00442	0.00264	0.00903
35	0.00918	0.00654	0.00837	0.00826	0.00865	0.00713	0.00553	0.01000	0.00941	0.01301	0.01819	0.03414	0.01967	0.49911	0.28096	0.00728	0.03838	0.00810	0.00359	0.00451
36	0.82504	0.01205	0.00916	0.00819	0.01205	0.01398	0.00675	0.01832	0.01060	0.02795	0.00868	0.01012	0.00675	0.00578	0.00386	0.00193	0.00482	0.00337	0.00386	0.00675
37	0.01433	0.17295	0.34754	0.01727	0.02423	0.01628	0.17203	0.02047	0.06208	0.04241	0.04342	0.01570	0.01142	0.00618	0.00596	0.00188	0.00832	0.00546	0.00334	0.00874
38	0.00736	0.00631	0.00631	0.00631	0.00842	0.00526	0.00473	0.00894	0.01420	0.01683	0.06312	0.05996	0.73964	0.01578	0.00736	0.00210	0.00316	0.01315	0.00579	0.00526
39	0.01542	0.01480	0.02529	0.03824	0.74217	0.01480	0.01912	0.01912	0.01419	0.02036	0.01172	0.01542	0.00987	0.00555	0.00617	0.00185	0.00740	0.00555	0.00308	0.00987
40	0.02327	0.02970	0.01766	0.01605	0.01926	0.75602	0.01204	0.02488	0.01766	0.01525	0.00963	0.01124	0.00803	0.00642	0.00562	0.00161	0.01124	0.00401	0.00321	0.00722
41	0.00741	0.00611	0.00652	0.00684	0.00855	0.00522	0.00497	0.00888	0.01370	0.01663	0.05672	0.21946	0.58427	0.01661	0.00749	0.00220	0.00326	0.01416	0.00579	0.00522
42	0.01603	0.01483	0.01879	0.01586	0.01690	0.05432	0.01314	0.11502	0.01301	0.04543	0.00980	0.01398	0.00878	0.01009	0.01722	0.00252	0.59791	0.00544	0.00343	0.00750
43	0.00757	0.00552	0.00713	0.00843	0.00897	0.00508	0.00567	0.00870	0.01217	0.01600	0.03735	0.70193	0.11430	0.01913	0.00789	0.00249	0.00357	0.01724	0.00578	0.00508
44	0.02327	0.02970	0.01766	0.01605	0.01926	0.75602	0.01204	0.02488	0.01766	0.01525	0.00963	0.01124	0.00803	0.00642	0.00562	0.00161	0.01124	0.00401	0.00321	0.00722
45	0.00759	0.00542	0.00723	0.00868	0.00904	0.00506	0.00578	0.00868	0.01193	0.01591	0.03434	0.77697	0.04121	0.01952	0.00795	0.00253	0.00361	0.01771	0.00578	0.00506
46	0.01666	0.78478	0.03265	0.01066	0.01599	0.02465	0.01066	0.01866	0.01266	0.01466	0.00866	0.00999	0.00800	0.00533	0.00400	0.00133	0.00666	0.00333	0.00267	0.00800
47	0.01177	0.01107	0.01869	0.76606	0.04291	0.01384	0.01730	0.01592	0.01246	0.01592	0.01107	0.01661	0.00831	0.00623	0.00623	0.00208	0.00831	0.00554	0.00277	0.00692
48	0.01177	0.01107	0.01869	0.76606	0.04291	0.01384	0.01730	0.01592	0.01246	0.01592	0.01107	0.01661	0.00831	0.00623	0.00623	0.00208	0.00831	0.00554	0.00277	0.00692
49	0.01550	0.01338	0.01409	0.01268	0.01620	0.01550	0.00986	0.03311	0.73091	0.02606	0.02536	0.02325	0.01902	0.00845	0.00634	0.00211	0.00493	0.00704	0.00634	0.00986
50	0.82504	0.01205	0.00916	0.00819	0.01205	0.01398	0.00675	0.01832	0.01060	0.02795	0.00868	0.01012	0.00675	0.00578	0.00386	0.00193	0.00482	0.00337	0.00386	0.00675
51	0.00905	0.00606	0.00692	0.00692	0.00696	0.00611	0.00393	0.00914	0.00910	0.01217	0.01952	0.04016	0.02239	0.75346	0.05892	0.00619	0.00644	0.00897	0.00376	0.00384
52	0.00994	0.00718	0.00891	0.00950	0.01054	0.00715	0.00667	0.11285	0.01447	0.01932	0.03151	0.66559	0.03673	0.01776	0.00770	0.00243	0.00409	0.01594	0.00585	0.00587
53	0.01542	0.01480	0.02529	0.03824	0.74217	0.01480	0.01912	0.01912	0.01419	0.02036	0.01172	0.01542	0.00987	0.00555	0.00617	0.00185	0.00740	0.00555	0.00308	0.00987
54	0.82504	0.01205	0.00916	0.00819	0.01205	0.01398	0.00675	0.01832	0.01060	0.02795	0.00868	0.01012	0.00675	0.00578	0.00386	0.00193	0.00482	0.00337	0.00386	0.00675
55	0.00890	0.00668	0.01001	0.01001	0.01113	0.00779	0.00779	0.01113	0.01001	0.01446	0.01669	0.02448	0.01558	0.04673	0.75634	0.01001	0.01669	0.00668	0.00334	0.00556
56	0.02739	0.01044	0.01416	0.01090	0.01561	0.00904	0.00899	0.02982	0.01767	0.72166	0.02443	0.02128	0.01544	0.00770	0.00620	0.00191	0.00522	0.00625	0.03544	0.01044
57	0.00759	0.00542	0.00723	0.00868	0.00904	0.00506	0.00578	0.00868	0.01193	0.01591	0.03434	0.77697	0.04121	0.01952	0.00795	0.00253	0.00361	0.01771	0.00578	0.00506
58	0.00856	0.00636	0.00798	0.00757	0.00915	0.00577	0.00568	0.01127	0.01704	0.02356	0.62080	0.04889	0.17776	0.01327	0.00735	0.00198	0.00298	0.01160	0.00667	0.00577
59	0.01250	0.03223	0.74875	0.01776	0.02697	0.01447	0.02302	0.01973	0.01315	0.01973	0.01118	0.01315	0.00789	0.00592	0.00592	0.00197	0.00921	0.00460	0.00263	0.00921
60	0.00892	0.00661	0.00969	0.00969	0.01068	0.00761	0.00738	0.01092	0.00992	0.01422	0.01699	0.02614	0.01630	0.12165	0.68241	0.00961	0.01560	0.00692	0.00338	0.00538
61	0.16758	0.02632	0.51505	0.01585	0.02349	0.01473	0.04270	0.05853	0.04170	0.02262	0.01152	0.01320	0.00831	0.00606	0.00561	0.00197	0.00812	0.00462	0.00322	0.00882
62	0.01509	0.01291	0.01427	0.01379	0.05556	0.01468	0.01008	0.05461	0.60384	0.02533	0.02503	0.08839	0.02016	0.00923	0.00647	0.00213	0.00502	0.00784	0.00611	0.00947
63	0.00964	0.00752	0.01044	0.01004	0.01068	0.00895	0.00752	0.01112	0.00968	0.01388	0.01626	0.02743	0.01647	0.24596	0.44701	0.00784	0.12378	0.00716	0.00337	0.00525
64	0.05940	0.04507	0.15427	0.03195	0.54820	0.01505	0.01884	0.01917	0.01375	0.02046	0.01135	0.01453	0.00928	0.00562	0.00592	0.00186	0.00756	0.00518	0.00303	0.00951
65	0.01326	0.02688	0.50192	0.02071	0.02891	0.01492	0.26449	0.01981	0.01369	0.01981	0.01167	0.01442	0.00843	0.00569	0.00642	0.00202	0.00966	0.00556	0.00281	0.00893
66	0.02795	0.01060	0.01446	0.01109	0.01591	0.00916	0.00916	0.03036	0.01783	0.74648	0.02458	0.02121	0.01542	0.00771	0.00627	0.00193	0.00530	0.00627	0.00771	0.01060
67	0.01455	0.03881	0.01695	0.01371	0.01662	0.07320	0.16318	0.03797	0.01442	0.13247	0.02398	0.35275	0.02468	0.03662	0.00792	0.00231	0.00632	0.01132	0.00513	0.00708
68	0.04814	0.01183	0.01651	0.01261	0.01748	0.01094	0.06885	0.08504	0.04871	0.57783	0.02239	0.02011	0.01445	0.00746	0.00629	0.00195	0.00583	0.00626	0.00704	0.01028
69	0.02795	0.01060	0.01446	0.01109	0.01591	0.00916	0.00916	0.03036	0.01783	0.74648	0.02458	0.02121	0.01542	0.00771	0.00627	0.00193	0.00530	0.00627	0.00771	0.01060
70	0.01389	0.01325	0.02253	0.34212	0.45021	0.01440	0.01836	0.01778	0.01347	0.01850	0.01145	0.01592	0.00922	0.00583	0.00619	0.00194	0.00778	0.00555	0.00295	0.00864
71	0.01336	0.17441	0.58769	0.01671	0.02508	0.01645	0.04537	0.01954	0.01312	0.01878	0.01075	0.01268	0.00797	0.00578	0.00561	0.00186	0.00877	0.00446	0.00266	0.00895
72	0.02695	0.01185	0.01492	0.01158	0.01632	0.02992	0.00951	0.09490	0.04680	0.63305	0.02332	0.02044	0.01492	0.00769	0.00625	0.00192	0.00559	0.00618	0.00740	0.01049
73	0.00772	0.00551	0.00738	0.00882	0.00924	0.00517	0.00601	0.00890	0.01206	0.01605	0.03427	0.73976	0.04093	0.01940	0.00799	0.00255	0.00373	0.05364	0.00578	0.00510
74	0.02059	0.28119	0.02274	0.01427	0.01803	0.47554	0.01166	0.02232	0.01559	0.01504	0.00924	0.01094	0.00802	0.00628	0.00580	0.00157	0.04688	0.00386	0.00300	0.00746
75	0.75061	0.01193	0.00980	0.03636	0.01340	0.01370	0.00727	0.01890	0.01107	0.06752	0.00965	0.01098	0.00729	0.00591	0.00408	0.00193	0.00498	0.00361	0.00403	0.00697
76	0.02158	0.01346	0.01542	0.01264	0.01691	0.01429	0.01027	0.24641	0.25311	0.25106	0.02229	0.02261	0.01621	0.00840	0.00641	0.00202	0.00569	0.04443	0.00669	0.01009
77	0.01410	0.20163	0.40390	0.01622	0.06532	0.01650	0.01732	0.06232	0.04864	0.01981	0.01327	0.06988	0.01121	0.00699	0.00568	0.00186	0.00774	0.00552	0.00330	0.00878
78	0.00769	0.00621	0.00671	0.00690	0.00857	0.00539	0.00503	0.00923	0.01380	0.01699	0.10164	0.14584	0.53516	0.07061	0.00921	0.00245	0.00348	0.03418	0.00571	0.00519
79	0.00795	0.00568	0.00764	0.00908	0.00960	0.00537	0.00641	0.00929	0.01228	0.01631	0.03414	0.67368	0.04043	0.01918	0.00805	0.00258	0.00393	0.11747	0.00578	0.00516
80	0.75687	0.05877	0.01069	0.00845	0.01239	0.01466	0.00706	0.01869	0.02792	0.02711	0.00907	0.01043	0.00712	0.00582	0.00392	0.00190	0.00493	0.00346	0.00384	0.00690
81	0.01471	0.01681	0.03676	0.02626	0.03256	0.01576	0.71954	0.01996	0.01471	0.01996	0.01261	0.01681	0.00945	0.00525	0.00735	0.00210	0.01050	0.00735	0.00315	0.00840
82	0.01734	0.01228	0.01647	0.01482	0.07992	0.01222	0.07073	0.02593	0.28511	0.18726	0.07750	0.02191	0.01833	0.00754	0.00623	0.00186	0.00550	0.00661	0.00575	0.12669
83	0.00752	0.00632	0.00653	0.00648	0.00851	0.00533	0.00486	0.00925	0.01457	0.01771	0.13603	0.05851	0.66617	0.01545	0.00736	0.00209	0.00313	0.01295	0.00590	0.00533
84	0.26390	0.01486	0.01806	0.01406	0.01855	0.04074	0.14077	0.25758	0.01834	0.07707	0.01335	0.01559	0.01015	0.04477	0.02409	0.00231	0.00715	0.00544	0.00475	0.00846
85	0.00882	0.00637	0.00833	0.00784	0.00931	0.00588	0.00588	0.01176	0.01764	0.02499	0.73888	0.04654	0.05879	0.01274	0.00735	0.00196	0.00294	0.01127	0.00686	0.00588
86	0.01666	0.78478	0.03265	0.01066	0.01599	0.02465	0.01066	0.01866	0.01266	0.01466	0.00866	0.00999	0.00800	0.00533	0.00400	0.00133	0.00666	0.00333	0.00267	0.00800
87	0.01082	0.00541	0.00812	0.00812	0.00812	0.00541	0.00541	0.00812	0.00812	0.01082	0.01082	0.01894	0.01082	0.02165	0.02435	0.81872	0.00541	0.00541	0.00271	0.00271
88	0.01161	0.00581	0.00581	0.00581	0.00726	0.00581	0.00436	0.01452	0.01307	0.02323	0.02033	0.02323	0.01597	0.00726	0.00436	0.00145	0.00290	0.00581	0.81562	0.00581
89	0.00906	0.00604	0.00680	0.00680	0.00680	0.00604	0.00378	0.00906	0.00906	0.01208	0.01963	0.04077	0.02265	0.78103	0.03171	0.00604	0.00604	0.00906	0.00378	0.00378
90	0.01046	0.00673	0.00885	0.00812	0.00987	0.00616	0.00616	0.01335	0.01765	0.08690	0.67759	0.04437	0.05507	0.01231	0.00726	0.00196	0.00314	0.01084	0.00693	0.00628
91	0.01623	0.01628	0.02406	0.03495	0.63917	0.09131	0.01803	0.02026	0.04259	0.02005	0.01204	0.01530	0.01004	0.00575	0.00612	0.00184	0.00770	0.00545	0.00322	0.00960
92	0.82504	0.01205	0.00916	0.00819	0.01205	0.01398	0.00675	0.01832	0.01060	0.02795	0.00868	0.01012	0.00675	0.00578	0.00386	0.00193	0.00482	0.00337	0.00386	0.00675
93	0.01396	0.01129	0.01320	0.00950	0.01498	0.00875	0.00762	0.04239	0.01373	0.05198	0.01179	0.01335	0.00954	0.00485	0.00474	0.00100	0.00473	0.00387	0.00396	0.75476
94	0.01520	0.01437	0.02408	0.03396	0.60914	0.01448	0.05613	0.02007	0.07200	0.02093	0.01328	0.01651	0.01088	0.00585	0.00616	0.00187	0.00716	0.00578	0.04257	0.00959
95	0.01431	0.01357	0.02301	0.20662	0.54395	0.01421	0.01826	0.01808	0.01379	0.01924	0.01260	0.01835	0.01076	0.00627	0.00630	0.00195	0.00753	0.03908	0.00314	0.00898
96	0.01522	0.01210	0.01480	0.01325	0.05038	0.01272	0.05054	0.26056	0.11900	0.02713	0.11086	0.11476	0.13329	0.01089	0.00687	0.00206	0.00541	0.02612	0.00586	0.00821
97	0.03979	0.01393	0.02273	0.19323	0.44001	0.01523	0.03663	0.04545	0.01380	0.01977	0.01125	0.01534	0.00926	0.00635	0.00769	0.00200	0.09009	0.00552	0.00313	0.00878
98	0.01548	0.01449	0.02399	0.13230	0.60312	0.01497	0.01841	0.06453	0.01495	0.02101	0.01185	0.01555	0.00971	0.00577	0.00618	0.00188	0.00749	0.00555	0.00325	0.00953
99	0.08431	0.01389	0.01899	0.33281	0.14852	0.01583	0.01491	0.25047	0.01817	0.02540	0.01227	0.01532	0.00919	0.00649	0.00602	0.00196	0.00738	0.00538	0.00406	0.00861
100	0.01971	0.01643	0.08708	0.16716	0.02410	0.01627	0.01351	0.39324	0.06154	0.09334	0.03536	0.01700	0.01210	0.00730	0.00624	0.00194	0.00702	0.00579	0.00534	0.00955
101	0.06616	0.07320	0.07505	0.22813	0.17219	0.06679	0.01543	0.04624	0.05281	0.01907	0.01131	0.01471	0.00911	0.00683	0.00787	0.00201	0.11663	0.00514	0.00324	0.00807

[dist]
# distance from previous block
# <min> <max>
0	20

# created by:
# /home/cegg/simao/soft/augustus-3.2.1/scripts/msa2prfl.pl ./align_prep/EOG090W0GVL.fa
