[name]
unknown

[dist]
# distance from previous block
# <min> <max>
0	24

[block]
# block no. 0 follows, 33 sequences, length 16
# corresponding to MSA columns:
# 31-46
name=unknown_A
#
# <colnr> <probs for GDERKNQSTAVLIFYWHMCP>
#	G	D	E	R	K	N	Q	S	T	A	V	L	I	F	Y	W	H	M	C	P
0	0.00867	0.00679	0.00791	0.00789	0.00978	0.00603	0.00608	0.01103	0.01637	0.02121	0.30811	0.05930	0.40042	0.01565	0.00792	0.00226	0.00356	0.08864	0.00653	0.00586
1	0.01388	0.10750	0.59153	0.01731	0.02588	0.04491	0.02145	0.02045	0.01432	0.02044	0.05380	0.01557	0.01155	0.00664	0.00612	0.00200	0.00915	0.00512	0.00307	0.00931
2	0.01778	0.11250	0.14219	0.01767	0.05842	0.14514	0.10548	0.08767	0.08112	0.04247	0.01665	0.03783	0.04091	0.00768	0.00692	0.00198	0.03736	0.00623	0.02509	0.00889
3	0.02014	0.04594	0.06703	0.02569	0.27046	0.20683	0.08427	0.12801	0.01850	0.05209	0.01284	0.01513	0.01004	0.00650	0.00641	0.00191	0.00912	0.00553	0.00397	0.00959
4	0.00829	0.00633	0.00761	0.00806	0.00940	0.00565	0.00575	0.01015	0.01508	0.01975	0.23316	0.32604	0.28635	0.01730	0.00801	0.00235	0.00346	0.01519	0.00642	0.00565
5	0.01522	0.01781	0.14649	0.22124	0.07549	0.09707	0.06451	0.04411	0.01539	0.06579	0.03546	0.11028	0.04510	0.00888	0.00683	0.00214	0.00817	0.00774	0.00411	0.00816
6	0.06107	0.01344	0.01906	0.23090	0.17271	0.04185	0.04071	0.10204	0.01564	0.02166	0.01663	0.15624	0.01587	0.00947	0.00769	0.00222	0.05237	0.00815	0.00414	0.00813
7	0.00841	0.00620	0.00787	0.00850	0.00954	0.00566	0.00598	0.01027	0.01492	0.02007	0.26398	0.42638	0.15259	0.01770	0.00810	0.00241	0.00351	0.01578	0.00648	0.00566
8	0.00797	0.00593	0.00743	0.00864	0.00941	0.00539	0.00588	0.00923	0.01311	0.01701	0.04271	0.61617	0.18756	0.01979	0.00827	0.00258	0.00372	0.01770	0.00611	0.00539
9	0.07319	0.14319	0.17027	0.01621	0.07222	0.13891	0.01437	0.08394	0.01717	0.18844	0.01465	0.01515	0.01057	0.00679	0.00587	0.00188	0.00803	0.00504	0.00460	0.00952
10	0.71581	0.01297	0.01065	0.00925	0.01346	0.01476	0.00762	0.06098	0.01289	0.07709	0.01068	0.01178	0.00798	0.00635	0.00439	0.00203	0.00525	0.00391	0.00449	0.00764
11	0.01439	0.01581	0.06555	0.05827	0.08965	0.06768	0.24284	0.04345	0.04148	0.01997	0.01862	0.18505	0.01817	0.03916	0.00913	0.00243	0.04685	0.00940	0.00415	0.00798
12	0.13234	0.16150	0.03978	0.01201	0.01650	0.03338	0.01041	0.17872	0.04392	0.12048	0.01674	0.01797	0.03257	0.01363	0.11668	0.00316	0.00817	0.00555	0.00497	0.03153
13	0.00861	0.00635	0.00803	0.00916	0.00988	0.00609	0.00622	0.01085	0.05506	0.01766	0.05857	0.62678	0.08450	0.04745	0.00918	0.00274	0.00395	0.01718	0.00610	0.00564
14	0.17209	0.22999	0.24704	0.05835	0.02186	0.10350	0.01511	0.02107	0.01394	0.04737	0.01091	0.01267	0.00848	0.00621	0.00527	0.00185	0.00813	0.00430	0.00333	0.00854
15	0.13357	0.30599	0.16411	0.01212	0.01753	0.03677	0.01232	0.06817	0.01485	0.02124	0.05783	0.01918	0.06480	0.03864	0.00650	0.00199	0.00689	0.00550	0.00384	0.00816

[dist]
# distance from previous block
# <min> <max>
0	3

[block]
# block no. 1 follows, 33 sequences, length 13
# corresponding to MSA columns:
# 50-62
name=unknown_B
#
# <colnr> <probs for GDERKNQSTAVLIFYWHMCP>
#	G	D	E	R	K	N	Q	S	T	A	V	L	I	F	Y	W	H	M	C	P
0	0.07915	0.38702	0.06304	0.01420	0.03770	0.08062	0.04983	0.07770	0.04678	0.06993	0.01217	0.01337	0.00978	0.00646	0.00565	0.00174	0.02753	0.00459	0.00385	0.00889
1	0.01558	0.44864	0.25494	0.01465	0.02139	0.02095	0.06228	0.01963	0.01365	0.01763	0.01165	0.05031	0.01030	0.00658	0.00532	0.00174	0.00800	0.00501	0.00301	0.00873
2	0.01158	0.00920	0.01028	0.01005	0.01201	0.00968	0.00731	0.05237	0.22322	0.02086	0.03546	0.25013	0.16095	0.11465	0.03875	0.00321	0.00517	0.01215	0.00594	0.00704
3	0.01291	0.00860	0.01032	0.00946	0.01054	0.01032	0.00753	0.01549	0.01270	0.02195	0.01765	0.02152	0.01442	0.00882	0.00967	0.00194	0.22781	0.00602	0.56589	0.00645
4	0.01850	0.53774	0.11210	0.01328	0.01893	0.16936	0.01307	0.02117	0.01450	0.01623	0.00967	0.01121	0.00844	0.00594	0.00480	0.00154	0.00833	0.00382	0.00293	0.00843
5	0.01298	0.00794	0.00949	0.00863	0.00996	0.00784	0.00586	0.06522	0.01411	0.10079	0.16285	0.03935	0.02958	0.44951	0.04452	0.00481	0.00603	0.00935	0.00531	0.00587
6	0.01689	0.01428	0.01608	0.01379	0.01693	0.01678	0.01106	0.17607	0.34138	0.02713	0.02531	0.02506	0.09717	0.01012	0.00981	0.00231	0.15710	0.00751	0.00584	0.00938
7	0.01013	0.00843	0.01069	0.01064	0.01167	0.00934	0.00794	0.01327	0.07944	0.01882	0.10872	0.36782	0.14050	0.01641	0.01060	0.00254	0.14736	0.01371	0.00567	0.00630
8	0.01880	0.01632	0.20484	0.01440	0.04529	0.01066	0.02815	0.02293	0.03336	0.30756	0.04481	0.18150	0.02122	0.01039	0.00697	0.00219	0.00643	0.00895	0.00593	0.00929
9	0.01959	0.16047	0.24510	0.01483	0.02133	0.01477	0.06852	0.02392	0.01600	0.26743	0.06998	0.01919	0.01530	0.00728	0.00624	0.00195	0.00740	0.00598	0.00503	0.00967
10	0.01741	0.01929	0.03487	0.02540	0.03158	0.09503	0.56418	0.08620	0.01733	0.02248	0.01322	0.01694	0.00994	0.00590	0.00746	0.00214	0.01082	0.00722	0.00364	0.00896
11	0.02095	0.23358	0.02248	0.01535	0.03969	0.41589	0.01204	0.02477	0.09743	0.01747	0.01360	0.01468	0.03173	0.00699	0.00562	0.00170	0.00938	0.00475	0.00369	0.00820
12	0.01923	0.12440	0.24868	0.01465	0.02101	0.01636	0.01505	0.09853	0.17438	0.17477	0.01824	0.01784	0.01299	0.00735	0.00619	0.00200	0.00721	0.00574	0.00521	0.01018

[dist]
# distance from previous block
# <min> <max>
3	9

[block]
# block no. 2 follows, 33 sequences, length 138
# corresponding to MSA columns:
# 72-177,179-210
name=unknown_C
#
# <colnr> <probs for GDERKNQSTAVLIFYWHMCP>
#	G	D	E	R	K	N	Q	S	T	A	V	L	I	F	Y	W	H	M	C	P
0	0.06898	0.01394	0.01532	0.01448	0.06094	0.03807	0.01067	0.19808	0.23797	0.07799	0.02326	0.14580	0.02033	0.01047	0.00683	0.00221	0.00593	0.03322	0.00616	0.00937
1	0.02056	0.01183	0.01485	0.01219	0.01618	0.01181	0.03310	0.10710	0.17688	0.29534	0.15281	0.04963	0.04834	0.00981	0.00697	0.00211	0.00532	0.00831	0.00718	0.00969
2	0.04394	0.06121	0.01706	0.01235	0.01740	0.03633	0.01009	0.25026	0.09198	0.09131	0.01645	0.04168	0.01284	0.00727	0.00588	0.00167	0.00608	0.00567	0.00546	0.26508
3	0.02309	0.01690	0.01903	0.01457	0.01984	0.01802	0.03272	0.51851	0.07333	0.07902	0.01659	0.01659	0.01189	0.00756	0.00643	0.00189	0.00685	0.00589	0.00627	0.10503
4	0.01941	0.43663	0.02764	0.01469	0.06309	0.16084	0.01208	0.09095	0.05952	0.01953	0.01139	0.01266	0.00961	0.00628	0.00511	0.00159	0.00786	0.00430	0.00361	0.03322
5	0.00975	0.00724	0.00986	0.00972	0.01036	0.00823	0.00700	0.01114	0.01024	0.01444	0.01879	0.05530	0.01957	0.30990	0.41196	0.00829	0.06093	0.00827	0.00374	0.00525
6	0.01084	0.00905	0.01309	0.01510	0.15038	0.00862	0.03142	0.01446	0.04262	0.02362	0.40834	0.06227	0.15968	0.01229	0.00750	0.00210	0.00442	0.01095	0.00610	0.00714
7	0.01365	0.01170	0.01365	0.00975	0.01560	0.00878	0.00780	0.01658	0.01365	0.02145	0.01170	0.01365	0.00975	0.00488	0.00488	0.00098	0.00488	0.00390	0.00390	0.80888
8	0.00906	0.00757	0.00964	0.00983	0.04972	0.00673	0.03070	0.01149	0.01629	0.02111	0.29117	0.05422	0.42931	0.01457	0.00770	0.00215	0.00377	0.01254	0.00625	0.00617
9	0.00930	0.00614	0.00730	0.00786	0.00901	0.00573	0.00557	0.01135	0.01428	0.02056	0.15215	0.34893	0.14125	0.01549	0.00722	0.00221	0.00343	0.01360	0.21287	0.00573
10	0.38838	0.03659	0.01975	0.03768	0.04461	0.04185	0.18486	0.04086	0.01348	0.02465	0.01238	0.06211	0.01067	0.00728	0.00656	0.00214	0.04852	0.00598	0.00391	0.00777
11	0.05487	0.01970	0.15935	0.03234	0.46186	0.03816	0.07879	0.03830	0.01518	0.02209	0.01222	0.01555	0.00980	0.00600	0.00644	0.00200	0.00844	0.00568	0.00330	0.00994
12	0.01843	0.01745	0.01589	0.01414	0.01792	0.14316	0.01097	0.08172	0.54493	0.02655	0.02311	0.02172	0.01743	0.00848	0.00656	0.00212	0.00652	0.00678	0.00611	0.00999
13	0.00908	0.00672	0.00847	0.00803	0.00969	0.00611	0.00602	0.01196	0.01807	0.02506	0.62160	0.05139	0.16546	0.01396	0.00777	0.00209	0.00314	0.01222	0.00707	0.00611
14	0.01671	0.01392	0.01423	0.01280	0.01636	0.04061	0.00994	0.03279	0.60468	0.04959	0.02570	0.02405	0.01927	0.00872	0.00648	0.00214	0.00526	0.00718	0.07959	0.00996
15	0.00940	0.00705	0.01058	0.01058	0.01176	0.00823	0.00823	0.01176	0.01058	0.01528	0.01763	0.02586	0.01646	0.04937	0.74255	0.01058	0.01763	0.00705	0.00353	0.00588
16	0.00828	0.00669	0.00737	0.00720	0.00920	0.00577	0.00540	0.01042	0.01619	0.02060	0.28153	0.05872	0.50830	0.01562	0.00778	0.00217	0.00326	0.01324	0.00648	0.00577
17	0.00991	0.00686	0.00899	0.00838	0.01004	0.00631	0.00631	0.01300	0.01864	0.04694	0.70378	0.04840	0.06078	0.01330	0.00773	0.00207	0.00318	0.01175	0.00727	0.00636
18	0.02710	0.01072	0.01463	0.01164	0.01628	0.00937	0.00965	0.02971	0.01849	0.64211	0.04890	0.02818	0.01980	0.00927	0.00689	0.00213	0.00557	0.07109	0.00792	0.01056
19	0.12340	0.00979	0.01110	0.00932	0.01279	0.00963	0.00748	0.05785	0.03716	0.29470	0.04439	0.02230	0.01668	0.00789	0.00557	0.00185	0.00457	0.00620	0.30876	0.00857
20	0.00920	0.00672	0.00863	0.00815	0.00976	0.00616	0.00612	0.01219	0.01835	0.02572	0.67202	0.05030	0.11462	0.01371	0.00777	0.00208	0.00312	0.01206	0.00716	0.00616
21	0.00815	0.00621	0.00742	0.00810	0.00927	0.00557	0.00566	0.00969	0.01413	0.01824	0.13360	0.39931	0.28957	0.04247	0.00891	0.00256	0.00364	0.01583	0.00619	0.00549
22	0.00849	0.00647	0.00728	0.00743	0.00874	0.00583	0.00513	0.00992	0.01395	0.01785	0.15845	0.16119	0.34888	0.19476	0.01396	0.00325	0.00409	0.01327	0.00579	0.00526
23	0.02459	0.03138	0.01866	0.01696	0.02035	0.74221	0.01272	0.02629	0.01866	0.01611	0.01018	0.01187	0.00848	0.00678	0.00594	0.00170	0.01187	0.00424	0.00339	0.00763
24	0.01647	0.27564	0.39239	0.01584	0.02341	0.06214	0.01819	0.08728	0.01566	0.02081	0.01123	0.01287	0.00866	0.00624	0.00560	0.00183	0.00873	0.00449	0.00320	0.00933
25	0.01701	0.04221	0.04796	0.05619	0.11895	0.12537	0.12590	0.06122	0.01485	0.04034	0.01220	0.01654	0.01030	0.02860	0.05623	0.00284	0.20548	0.00598	0.00353	0.00831
26	0.24163	0.25434	0.04033	0.01333	0.01789	0.27395	0.03608	0.02200	0.01472	0.01996	0.00974	0.01141	0.00815	0.00618	0.00497	0.00173	0.00841	0.00397	0.00339	0.00784
27	0.01363	0.10486	0.66742	0.01804	0.02738	0.01632	0.02307	0.02074	0.01385	0.02033	0.01156	0.01358	0.00835	0.00619	0.00606	0.00202	0.00947	0.00474	0.00278	0.00961
28	0.00908	0.00664	0.00854	0.00837	0.00985	0.00610	0.00624	0.01183	0.01750	0.02431	0.56345	0.13313	0.11794	0.01473	0.00788	0.00219	0.00331	0.03589	0.00698	0.00605
29	0.00802	0.00573	0.00764	0.00917	0.00955	0.00535	0.00611	0.00917	0.01260	0.01681	0.03628	0.76434	0.04354	0.02062	0.00840	0.00267	0.00382	0.01872	0.00611	0.00535
30	0.01148	0.00766	0.01067	0.01191	0.01355	0.00755	0.01027	0.01437	0.01519	0.05871	0.03446	0.11570	0.03706	0.01779	0.00891	0.00295	0.00589	0.60338	0.00618	0.00630
31	0.01014	0.00743	0.00995	0.01121	0.01285	0.00724	0.00967	0.01294	0.01513	0.01938	0.04018	0.07244	0.15274	0.01793	0.00887	0.00290	0.00561	0.57136	0.00607	0.00598
32	0.01534	0.01916	0.09878	0.02697	0.03390	0.01653	0.64514	0.02107	0.01540	0.02107	0.01319	0.01743	0.00985	0.00561	0.00764	0.00221	0.01098	0.00752	0.00328	0.00895
33	0.01320	0.03405	0.73453	0.01876	0.02849	0.01529	0.02432	0.02085	0.01390	0.02085	0.01181	0.01390	0.00834	0.00625	0.00625	0.00208	0.00973	0.00486	0.00278	0.00973
34	0.02954	0.01120	0.01528	0.01171	0.01681	0.00968	0.00968	0.03208	0.01884	0.73213	0.02597	0.02241	0.01630	0.00815	0.00662	0.00204	0.00560	0.00662	0.00815	0.01120
35	0.01629	0.01564	0.02672	0.04041	0.72757	0.01564	0.02020	0.02020	0.01499	0.02151	0.01238	0.01629	0.01043	0.00587	0.00652	0.00196	0.00782	0.00587	0.00326	0.01043
36	0.01759	0.01841	0.17051	0.09459	0.13322	0.01416	0.12665	0.08040	0.01645	0.13301	0.01466	0.01670	0.01064	0.00636	0.00647	0.00193	0.00804	0.00581	0.00427	0.12014
37	0.02492	0.01845	0.01942	0.01503	0.02019	0.04159	0.01236	0.64170	0.05023	0.06478	0.01632	0.01618	0.01156	0.00791	0.00657	0.00198	0.00727	0.00595	0.00655	0.01107
38	0.01227	0.00614	0.00614	0.00614	0.00767	0.00614	0.00460	0.01534	0.01381	0.02454	0.02148	0.02454	0.01687	0.00767	0.00460	0.00153	0.00307	0.00614	0.80518	0.00614
39	0.02769	0.01236	0.01549	0.01221	0.01706	0.03430	0.01003	0.07429	0.05927	0.60055	0.02517	0.02354	0.01667	0.00848	0.00668	0.00207	0.00590	0.02964	0.00774	0.01087
40	0.81514	0.01273	0.00968	0.00866	0.01273	0.01477	0.00713	0.01935	0.01120	0.02954	0.00917	0.01069	0.00713	0.00611	0.00407	0.00204	0.00509	0.00356	0.00407	0.00713
41	0.01602	0.01678	0.05533	0.03685	0.55079	0.01585	0.16938	0.02042	0.01507	0.02139	0.01257	0.01653	0.01026	0.00581	0.00678	0.00202	0.00861	0.00624	0.00326	0.01006
42	0.01144	0.00572	0.00858	0.00858	0.00858	0.00572	0.00572	0.00858	0.00858	0.01144	0.01144	0.02001	0.01144	0.02287	0.02573	0.80846	0.00572	0.00572	0.00286	0.00286
43	0.00940	0.00705	0.01058	0.01058	0.01176	0.00823	0.00823	0.01176	0.01058	0.01528	0.01763	0.02586	0.01646	0.04937	0.74255	0.01058	0.01763	0.00705	0.00353	0.00588
44	0.00802	0.00573	0.00764	0.00917	0.00955	0.00535	0.00611	0.00917	0.01260	0.01681	0.03628	0.76434	0.04354	0.02062	0.00840	0.00267	0.00382	0.01872	0.00611	0.00535
45	0.01365	0.01170	0.01365	0.00975	0.01560	0.00878	0.00780	0.01658	0.01365	0.02145	0.01170	0.01365	0.00975	0.00488	0.00488	0.00098	0.00488	0.00390	0.00390	0.80888
46	0.02954	0.01120	0.01528	0.01171	0.01681	0.00968	0.00968	0.03208	0.01884	0.73213	0.02597	0.02241	0.01630	0.00815	0.00662	0.00204	0.00560	0.00662	0.00815	0.01120
47	0.81514	0.01273	0.00968	0.00866	0.01273	0.01477	0.00713	0.01935	0.01120	0.02954	0.00917	0.01069	0.00713	0.00611	0.00407	0.00204	0.00509	0.00356	0.00407	0.00713
48	0.01261	0.01161	0.01922	0.66360	0.06273	0.01439	0.01745	0.01680	0.01314	0.01735	0.01215	0.01778	0.00927	0.00680	0.00702	0.00218	0.03556	0.00586	0.04714	0.00734
49	0.00965	0.00709	0.00930	0.00999	0.01157	0.00674	0.00821	0.01238	0.01600	0.02118	0.23937	0.10332	0.15307	0.01671	0.00846	0.00261	0.00465	0.34728	0.00642	0.00599
50	0.01376	0.05528	0.66931	0.01878	0.02809	0.03807	0.04549	0.02099	0.01408	0.02055	0.01173	0.01386	0.00840	0.00623	0.00623	0.00206	0.00976	0.00490	0.00282	0.00960
51	0.01660	0.01343	0.02092	0.08724	0.31170	0.01255	0.05230	0.02011	0.01498	0.11299	0.01570	0.01804	0.03400	0.00627	0.00618	0.00173	0.00681	0.00576	0.00414	0.23855
52	0.50138	0.04579	0.01379	0.01175	0.01563	0.27847	0.00930	0.02187	0.01398	0.02419	0.00953	0.01112	0.00766	0.00634	0.00475	0.00189	0.00761	0.00381	0.00378	0.00736
53	0.01320	0.03405	0.73453	0.01876	0.02849	0.01529	0.02432	0.02085	0.01390	0.02085	0.01181	0.01390	0.00834	0.00625	0.00625	0.00208	0.00973	0.00486	0.00278	0.00973
54	0.01957	0.08755	0.04443	0.01611	0.06075	0.19509	0.01242	0.12286	0.32158	0.02500	0.01825	0.01813	0.01400	0.00769	0.00625	0.00197	0.00760	0.00592	0.00519	0.00965
55	0.00785	0.00640	0.00695	0.00739	0.00908	0.00550	0.00532	0.00937	0.01431	0.01750	0.05789	0.26619	0.52774	0.01782	0.00796	0.00235	0.00347	0.01529	0.00611	0.00550
56	0.01203	0.01276	0.12183	0.01181	0.01540	0.00975	0.05550	0.03915	0.08253	0.04338	0.19198	0.08416	0.15404	0.01279	0.02626	0.00238	0.00565	0.04150	0.06970	0.00744
57	0.01583	0.20863	0.40100	0.01777	0.02565	0.01825	0.11485	0.06530	0.01525	0.04154	0.01205	0.01400	0.00901	0.00617	0.00601	0.00193	0.00899	0.00507	0.00327	0.00944
58	0.02954	0.01120	0.01528	0.01171	0.01681	0.00968	0.00968	0.03208	0.01884	0.73213	0.02597	0.02241	0.01630	0.00815	0.00662	0.00204	0.00560	0.00662	0.00815	0.01120
59	0.09983	0.00922	0.01137	0.01001	0.01298	0.00885	0.00793	0.03963	0.03474	0.24112	0.30547	0.08721	0.03702	0.01162	0.00711	0.00216	0.00449	0.05423	0.00700	0.00801
60	0.01564	0.01333	0.04598	0.04953	0.28615	0.01242	0.07718	0.04155	0.03446	0.10068	0.11147	0.02826	0.09862	0.00878	0.00695	0.00207	0.00662	0.02326	0.02811	0.00896
61	0.01243	0.01170	0.01975	0.75282	0.04534	0.01463	0.01828	0.01682	0.01316	0.01682	0.01170	0.01755	0.00878	0.00658	0.00658	0.00219	0.00878	0.00585	0.00293	0.00731
62	0.01320	0.03405	0.73453	0.01876	0.02849	0.01529	0.02432	0.02085	0.01390	0.02085	0.01181	0.01390	0.00834	0.00625	0.00625	0.00208	0.00973	0.00486	0.00278	0.00973
63	0.00927	0.00669	0.00876	0.00831	0.00983	0.00618	0.00621	0.01231	0.01842	0.02606	0.70004	0.07419	0.06147	0.01371	0.00779	0.00209	0.00313	0.01214	0.00721	0.00618
64	0.00894	0.00668	0.00934	0.03282	0.05018	0.00664	0.00726	0.01035	0.01219	0.01645	0.03038	0.53654	0.03540	0.10408	0.09655	0.00394	0.00608	0.01527	0.00533	0.00560
65	0.01320	0.03405	0.73453	0.01876	0.02849	0.01529	0.02432	0.02085	0.01390	0.02085	0.01181	0.01390	0.00834	0.00625	0.00625	0.00208	0.00973	0.00486	0.00278	0.00973
66	0.01320	0.03405	0.73453	0.01876	0.02849	0.01529	0.02432	0.02085	0.01390	0.02085	0.01181	0.01390	0.00834	0.00625	0.00625	0.00208	0.00973	0.00486	0.00278	0.00973
67	0.01637	0.01414	0.01489	0.01340	0.01712	0.01637	0.01042	0.03498	0.71568	0.02754	0.02679	0.02456	0.02010	0.00893	0.00670	0.00223	0.00521	0.00744	0.00670	0.01042
68	0.81514	0.01273	0.00968	0.00866	0.01273	0.01477	0.00713	0.01935	0.01120	0.02954	0.00917	0.01069	0.00713	0.00611	0.00407	0.00204	0.00509	0.00356	0.00407	0.00713
69	0.00801	0.00576	0.00760	0.00908	0.00953	0.00535	0.00607	0.00918	0.01269	0.01684	0.03736	0.73951	0.06768	0.02048	0.00838	0.00266	0.00380	0.01854	0.00611	0.00535
70	0.01650	0.08560	0.08329	0.01658	0.06905	0.22450	0.06586	0.03745	0.03687	0.01979	0.11378	0.07003	0.07031	0.00934	0.00749	0.00201	0.05187	0.00751	0.00431	0.00785
71	0.01150	0.00717	0.00913	0.00926	0.01103	0.00673	0.00734	0.01408	0.01578	0.08271	0.21447	0.12099	0.12094	0.03702	0.00847	0.00248	0.00435	0.20301	0.10717	0.00636
72	0.01627	0.22447	0.24362	0.06822	0.16437	0.01797	0.08640	0.02093	0.01442	0.06665	0.01230	0.01466	0.00950	0.00609	0.00596	0.00189	0.00843	0.00517	0.00331	0.00938
73	0.01225	0.00969	0.01131	0.00938	0.01328	0.00804	0.00740	0.03945	0.01464	0.02153	0.04475	0.10341	0.10314	0.00978	0.00611	0.00161	0.00457	0.07329	0.07785	0.42852
74	0.01698	0.03661	0.06293	0.02042	0.18807	0.06300	0.01385	0.05007	0.42114	0.02507	0.02057	0.02048	0.01574	0.00778	0.00651	0.00209	0.00665	0.00655	0.00532	0.01017
75	0.01750	0.01470	0.01552	0.01362	0.01755	0.01690	0.01069	0.12222	0.62660	0.02935	0.02537	0.02342	0.01894	0.00880	0.00668	0.00220	0.00547	0.00725	0.00668	0.01052
76	0.00806	0.00576	0.00768	0.00914	0.00956	0.00538	0.00611	0.00927	0.01280	0.01712	0.05859	0.74115	0.04414	0.02039	0.00838	0.00265	0.00380	0.01849	0.00615	0.00538
77	0.00799	0.00606	0.00737	0.00834	0.00935	0.00545	0.00576	0.00937	0.01358	0.01746	0.07036	0.51504	0.26189	0.01911	0.00818	0.00251	0.00364	0.01693	0.00615	0.00545
78	0.03587	0.00900	0.01186	0.01140	0.01406	0.00863	0.00938	0.04108	0.03675	0.23548	0.06437	0.16019	0.03133	0.01443	0.00791	0.00255	0.00542	0.28572	0.00674	0.00782
79	0.00970	0.00687	0.00859	0.00807	0.00988	0.00620	0.00609	0.01250	0.01791	0.04887	0.56726	0.05112	0.19452	0.01393	0.00773	0.00210	0.00324	0.01213	0.00705	0.00625
80	0.01342	0.03256	0.67096	0.01958	0.02903	0.01541	0.08640	0.02087	0.01405	0.02087	0.01195	0.01425	0.00849	0.00619	0.00639	0.00210	0.00985	0.00513	0.00283	0.00965
81	0.01783	0.01139	0.01229	0.01042	0.01362	0.01218	0.00824	0.22004	0.12924	0.08590	0.03858	0.02305	0.01704	0.03271	0.00668	0.00198	0.00493	0.00657	0.33867	0.00861
82	0.02807	0.01120	0.01502	0.01168	0.01657	0.00992	0.00959	0.03152	0.05724	0.66742	0.05163	0.02351	0.01819	0.00839	0.00667	0.00205	0.00549	0.00686	0.00804	0.01098
83	0.34083	0.01675	0.04119	0.05880	0.04159	0.08503	0.01111	0.19535	0.06328	0.06852	0.01337	0.01436	0.00988	0.00695	0.00551	0.00201	0.00680	0.00491	0.00490	0.00886
84	0.66933	0.05485	0.01299	0.03587	0.08195	0.01547	0.00896	0.01937	0.01175	0.02759	0.00955	0.01144	0.00757	0.00608	0.00440	0.00200	0.00558	0.00385	0.00389	0.00752
85	0.06670	0.01590	0.01712	0.01362	0.01831	0.01736	0.01116	0.46547	0.10497	0.10305	0.01980	0.02027	0.03401	0.00844	0.00649	0.00203	0.00644	0.02290	0.03555	0.01041
86	0.01144	0.00572	0.00858	0.00858	0.00858	0.00572	0.00572	0.00858	0.00858	0.01144	0.01144	0.02001	0.01144	0.02287	0.02573	0.80846	0.00572	0.00572	0.00286	0.00286
87	0.00946	0.00650	0.00761	0.00774	0.00807	0.00651	0.00481	0.00995	0.01039	0.01378	0.02460	0.06638	0.06831	0.60232	0.08475	0.00615	0.00697	0.04705	0.00426	0.00439
88	0.01243	0.01170	0.01975	0.75282	0.04534	0.01463	0.01828	0.01682	0.01316	0.01682	0.01170	0.01755	0.00878	0.00658	0.00658	0.00219	0.00878	0.00585	0.00293	0.00731
89	0.00957	0.00640	0.00729	0.00729	0.00733	0.00644	0.00413	0.00964	0.00961	0.01285	0.02064	0.04252	0.02369	0.74517	0.05665	0.00652	0.00675	0.00949	0.00397	0.00405
90	0.00922	0.00673	0.00867	0.00818	0.00978	0.00617	0.00614	0.01224	0.01841	0.02587	0.68387	0.05004	0.10267	0.01366	0.00777	0.00208	0.00312	0.01203	0.00718	0.00617
91	0.00887	0.00622	0.00797	0.00895	0.00944	0.00598	0.00612	0.01006	0.01245	0.01662	0.07241	0.42876	0.03840	0.22948	0.01549	0.00372	0.00479	0.10357	0.00558	0.00511
92	0.01678	0.01405	0.01490	0.01335	0.01711	0.01617	0.01040	0.03489	0.69418	0.04927	0.02677	0.02450	0.01998	0.00891	0.00670	0.00223	0.00522	0.00742	0.00674	0.01044
93	0.79236	0.01269	0.00984	0.00875	0.01285	0.01462	0.00720	0.01972	0.01143	0.04991	0.00965	0.01103	0.00740	0.00617	0.00415	0.00204	0.00511	0.00365	0.00419	0.00725
94	0.01552	0.08202	0.14607	0.15543	0.10675	0.12433	0.01529	0.04403	0.08686	0.02047	0.06297	0.04464	0.05199	0.00810	0.00643	0.00201	0.00793	0.00664	0.00406	0.00847
95	0.00920	0.00684	0.00793	0.00758	0.00958	0.00599	0.00571	0.01155	0.01680	0.04505	0.36754	0.05550	0.39713	0.01492	0.00774	0.00215	0.00330	0.01274	0.00670	0.00604
96	0.01244	0.00941	0.01066	0.00994	0.01249	0.00965	0.00756	0.02028	0.25510	0.06559	0.22730	0.11098	0.19622	0.01303	0.00740	0.00222	0.00409	0.01118	0.00674	0.00771
97	0.71747	0.03649	0.01129	0.00945	0.01357	0.05831	0.00777	0.04353	0.01239	0.02874	0.00946	0.01094	0.00739	0.00620	0.00428	0.00200	0.00563	0.00369	0.00408	0.00734
98	0.81514	0.01273	0.00968	0.00866	0.01273	0.01477	0.00713	0.01935	0.01120	0.02954	0.00917	0.01069	0.00713	0.00611	0.00407	0.00204	0.00509	0.00356	0.00407	0.00713
99	0.01659	0.03935	0.16781	0.13100	0.09162	0.06694	0.03310	0.11047	0.21001	0.02421	0.01758	0.01885	0.02844	0.00745	0.00649	0.00208	0.00781	0.00615	0.00454	0.00951
100	0.00801	0.00576	0.00760	0.00907	0.00952	0.00535	0.00607	0.00918	0.01269	0.01684	0.03740	0.73863	0.06853	0.02048	0.00838	0.00266	0.00380	0.01854	0.00611	0.00535
101	0.01629	0.01564	0.02672	0.04041	0.72757	0.01564	0.02020	0.02020	0.01499	0.02151	0.01238	0.01629	0.01043	0.00587	0.00652	0.00196	0.00782	0.00587	0.00326	0.01043
102	0.01637	0.01414	0.01489	0.01340	0.01712	0.01637	0.01042	0.03498	0.71568	0.02754	0.02679	0.02456	0.02010	0.00893	0.00670	0.00223	0.00521	0.00744	0.00670	0.01042
103	0.01311	0.01117	0.01305	0.00961	0.01501	0.00846	0.00761	0.01589	0.01363	0.02105	0.01500	0.06149	0.03502	0.00623	0.00519	0.00112	0.00476	0.00514	0.00411	0.73335
104	0.02501	0.11067	0.11467	0.01325	0.01906	0.01450	0.01237	0.15629	0.01979	0.41710	0.02006	0.01854	0.01329	0.00753	0.00627	0.00195	0.00664	0.00587	0.00647	0.01066
105	0.01579	0.15704	0.13893	0.06100	0.04951	0.03659	0.36402	0.03731	0.01516	0.02030	0.01245	0.01582	0.00961	0.00589	0.00663	0.00200	0.00962	0.00622	0.02729	0.00883
106	0.02938	0.01145	0.01543	0.01183	0.01693	0.01004	0.00977	0.05507	0.01926	0.70856	0.02563	0.02218	0.01612	0.00814	0.00662	0.00203	0.00566	0.00660	0.00809	0.01120
107	0.01916	0.60724	0.03096	0.01254	0.01767	0.18582	0.01159	0.02118	0.01455	0.01563	0.00938	0.01085	0.00846	0.00589	0.00461	0.00147	0.00812	0.00368	0.00294	0.00827
108	0.01968	0.06195	0.18920	0.02268	0.20585	0.03426	0.06596	0.15028	0.01841	0.14565	0.01504	0.01637	0.01090	0.00671	0.00643	0.00199	0.00807	0.00574	0.00458	0.01025
109	0.01327	0.03297	0.69516	0.01868	0.02788	0.01556	0.02378	0.02057	0.01369	0.02057	0.01164	0.01393	0.00836	0.00654	0.00710	0.00213	0.05089	0.00491	0.00279	0.00959
110	0.02519	0.01817	0.01959	0.01502	0.02028	0.02002	0.01241	0.68092	0.03051	0.06682	0.01618	0.01605	0.01138	0.00791	0.00659	0.00198	0.00718	0.00595	0.00664	0.01120
111	0.00797	0.00593	0.00743	0.00864	0.00941	0.00539	0.00588	0.00923	0.01311	0.01701	0.04275	0.61537	0.18835	0.01978	0.00827	0.00258	0.00372	0.01769	0.00611	0.00539
112	0.01554	0.01776	0.03885	0.02775	0.03441	0.01665	0.70366	0.02109	0.01554	0.02109	0.01332	0.01776	0.00999	0.00555	0.00777	0.00222	0.01110	0.00777	0.00333	0.00888
113	0.02954	0.01120	0.01528	0.01171	0.01681	0.00968	0.00968	0.03208	0.01884	0.73213	0.02597	0.02241	0.01630	0.00815	0.00662	0.00204	0.00560	0.00662	0.00815	0.01120
114	0.01557	0.01359	0.02167	0.09155	0.48346	0.01394	0.01652	0.06164	0.01556	0.02270	0.01486	0.04389	0.01255	0.00686	0.00628	0.00193	0.00695	0.00636	0.13478	0.00934
115	0.01144	0.00572	0.00858	0.00858	0.00858	0.00572	0.00572	0.00858	0.00858	0.01144	0.01144	0.02001	0.01144	0.02287	0.02573	0.80846	0.00572	0.00572	0.00286	0.00286
116	0.00869	0.00668	0.00779	0.00764	0.00945	0.00592	0.00575	0.01108	0.01659	0.02199	0.37109	0.08059	0.35563	0.01513	0.00775	0.00217	0.00331	0.03075	0.02609	0.00588
117	0.07645	0.07554	0.04586	0.15594	0.13105	0.05945	0.11748	0.05814	0.01600	0.15325	0.01523	0.04082	0.01168	0.00703	0.00640	0.00203	0.00797	0.00622	0.00440	0.00905
118	0.02237	0.17127	0.04663	0.01734	0.06361	0.51896	0.01330	0.04075	0.01756	0.01710	0.01031	0.01206	0.00865	0.00652	0.00567	0.00168	0.01052	0.00427	0.00333	0.00812
119	0.00853	0.00656	0.00793	0.00828	0.00977	0.00578	0.00590	0.01032	0.01456	0.01923	0.17683	0.36971	0.25102	0.01711	0.00788	0.00232	0.00360	0.01506	0.00620	0.05342
120	0.09819	0.17096	0.15488	0.01880	0.10346	0.14525	0.08519	0.06316	0.06238	0.02161	0.01219	0.01406	0.00963	0.00637	0.00581	0.00188	0.00858	0.00501	0.00362	0.00898
121	0.01467	0.19871	0.53050	0.01725	0.02581	0.01792	0.04302	0.04397	0.01442	0.02036	0.01140	0.01334	0.00851	0.00615	0.00586	0.00193	0.00909	0.00469	0.00294	0.00946
122	0.00831	0.00607	0.00784	0.00886	0.00967	0.00560	0.00617	0.00992	0.01400	0.01868	0.15963	0.54294	0.11704	0.01888	0.00825	0.00253	0.00372	0.04003	0.00631	0.00554
123	0.01884	0.05810	0.03888	0.01360	0.01860	0.05025	0.03456	0.27538	0.16213	0.02926	0.01936	0.01948	0.05449	0.00770	0.00620	0.00180	0.00653	0.00611	0.00545	0.17328
124	0.00802	0.00573	0.00764	0.00917	0.00955	0.00535	0.00611	0.00917	0.01260	0.01681	0.03628	0.76434	0.04354	0.02062	0.00840	0.00267	0.00382	0.01872	0.00611	0.00535
125	0.01243	0.01170	0.01975	0.75282	0.04534	0.01463	0.01828	0.01682	0.01316	0.01682	0.01170	0.01755	0.00878	0.00658	0.00658	0.00219	0.00878	0.00585	0.00293	0.00731
126	0.02726	0.01392	0.01744	0.01447	0.05721	0.01368	0.01123	0.26171	0.02277	0.45684	0.02175	0.01981	0.01423	0.00794	0.00660	0.00201	0.00629	0.00634	0.00734	0.01116
127	0.04449	0.06458	0.01895	0.01677	0.06556	0.37868	0.01234	0.11497	0.06238	0.03955	0.01517	0.03943	0.03636	0.00804	0.00709	0.00191	0.05537	0.00567	0.00428	0.00842
128	0.01760	0.77260	0.03450	0.01126	0.01690	0.02605	0.01126	0.01971	0.01338	0.01549	0.00915	0.01056	0.00845	0.00563	0.00422	0.00141	0.00704	0.00352	0.00282	0.00845
129	0.00783	0.00667	0.00674	0.00672	0.00892	0.00558	0.00504	0.00954	0.01512	0.01806	0.08748	0.06291	0.70394	0.01657	0.00778	0.00222	0.00333	0.01383	0.00615	0.00558
130	0.03857	0.00789	0.00924	0.01028	0.03177	0.02884	0.00715	0.01168	0.03362	0.01790	0.03854	0.42528	0.19188	0.01924	0.04881	0.00294	0.02821	0.03658	0.00565	0.00593
131	0.01692	0.04125	0.03983	0.01352	0.01755	0.11454	0.01121	0.12029	0.03997	0.02219	0.01232	0.01494	0.01027	0.00997	0.05640	0.00231	0.15327	0.00495	0.00403	0.29428
132	0.00796	0.00613	0.00728	0.00815	0.00930	0.00545	0.00567	0.00936	0.01370	0.01743	0.06508	0.46896	0.31419	0.01888	0.00814	0.00248	0.00361	0.01664	0.00614	0.00545
133	0.00797	0.00662	0.00698	0.00702	0.00904	0.00562	0.00521	0.00977	0.01527	0.01872	0.14079	0.10713	0.60407	0.01656	0.00782	0.00223	0.00334	0.01398	0.00624	0.00562
134	0.01573	0.25922	0.37594	0.04300	0.02539	0.04224	0.08487	0.02096	0.01420	0.04471	0.01159	0.01361	0.00884	0.00609	0.00579	0.00188	0.00892	0.00481	0.00306	0.00915
135	0.01250	0.01139	0.01840	0.25193	0.21414	0.01212	0.05221	0.01641	0.03682	0.01915	0.02409	0.12296	0.11116	0.00999	0.00704	0.00220	0.00687	0.02967	0.03320	0.00776
136	0.40489	0.01150	0.01186	0.00982	0.01410	0.01180	0.00805	0.02435	0.01489	0.33095	0.04239	0.01785	0.01355	0.00733	0.00533	0.00201	0.00513	0.00531	0.05008	0.00879
137	0.01379	0.01308	0.02219	0.50270	0.28486	0.01498	0.01896	0.01801	0.01380	0.01847	0.01194	0.01711	0.00936	0.00633	0.00656	0.00211	0.00844	0.00586	0.00304	0.00841

[dist]
# distance from previous block
# <min> <max>
5	26

[block]
# block no. 3 follows, 33 sequences, length 30
# corresponding to MSA columns:
# 244-273
name=unknown_D
#
# <colnr> <probs for GDERKNQSTAVLIFYWHMCP>
#	G	D	E	R	K	N	Q	S	T	A	V	L	I	F	Y	W	H	M	C	P
0	0.09477	0.22874	0.04633	0.01562	0.04285	0.12944	0.10590	0.06209	0.07425	0.06235	0.01308	0.01443	0.01028	0.00636	0.00562	0.00177	0.00787	0.00500	0.00404	0.06920
1	0.05060	0.01452	0.08201	0.01524	0.05539	0.02778	0.11820	0.05377	0.07817	0.02321	0.10421	0.04855	0.08807	0.00881	0.00663	0.00191	0.00639	0.02827	0.00480	0.18348
2	0.05735	0.01441	0.03464	0.01201	0.01656	0.08681	0.03552	0.04303	0.11617	0.02221	0.01720	0.11901	0.01567	0.00807	0.00590	0.00164	0.00597	0.00672	0.00461	0.37649
3	0.01201	0.00808	0.01377	0.01193	0.01307	0.00821	0.11236	0.01099	0.01002	0.01349	0.01387	0.02120	0.03847	0.02019	0.04341	0.58911	0.04616	0.00638	0.00308	0.00419
4	0.01388	0.01359	0.01897	0.01640	0.01646	0.01881	0.01353	0.01530	0.01008	0.01565	0.00975	0.01652	0.00986	0.05365	0.06003	0.00347	0.67807	0.00603	0.00297	0.00696
5	0.10059	0.01361	0.01827	0.05813	0.13754	0.01334	0.05713	0.11929	0.01628	0.05169	0.01400	0.05475	0.01177	0.00694	0.00642	0.00174	0.03170	0.00581	0.00436	0.27663
6	0.01842	0.19961	0.14169	0.01463	0.01974	0.18670	0.03052	0.06767	0.03744	0.04863	0.01251	0.01437	0.01003	0.00844	0.03591	0.00212	0.04994	0.00480	0.02958	0.06723
7	0.00906	0.00777	0.01073	0.00990	0.01204	0.00701	0.07784	0.01161	0.03339	0.01915	0.13063	0.24671	0.36742	0.01601	0.00792	0.00233	0.00429	0.01416	0.00598	0.00605
8	0.00867	0.00639	0.00866	0.01043	0.03428	0.00602	0.00711	0.01025	0.01337	0.01775	0.06316	0.58668	0.07813	0.01933	0.00837	0.00265	0.00419	0.10286	0.00605	0.00565
9	0.01365	0.01170	0.01365	0.00975	0.01560	0.00878	0.00780	0.01658	0.01365	0.02145	0.01170	0.01365	0.00975	0.00488	0.00488	0.00098	0.00488	0.00390	0.00390	0.80888
10	0.04050	0.01060	0.01309	0.01104	0.01475	0.01027	0.00882	0.05746	0.13102	0.34607	0.14147	0.07235	0.05445	0.01042	0.00693	0.00213	0.00496	0.02824	0.02611	0.00933
11	0.01449	0.03875	0.03331	0.16402	0.08261	0.05069	0.01194	0.13398	0.01715	0.02265	0.06917	0.16090	0.07519	0.01042	0.00680	0.00205	0.00645	0.00892	0.00483	0.08568
12	0.01476	0.01434	0.02020	0.12917	0.30232	0.07238	0.03519	0.01955	0.08501	0.01956	0.01789	0.02195	0.05912	0.03570	0.09317	0.00319	0.03740	0.00672	0.00380	0.00855
13	0.02103	0.01406	0.01658	0.03642	0.01857	0.01378	0.01048	0.25553	0.03739	0.18205	0.01643	0.01670	0.01183	0.00704	0.00662	0.00169	0.03650	0.00541	0.00573	0.28615
14	0.01338	0.01298	0.01846	0.08024	0.01872	0.01768	0.01365	0.01509	0.01061	0.01599	0.01194	0.08458	0.01229	0.01394	0.05731	0.00321	0.58272	0.00703	0.00322	0.00697
15	0.01809	0.04136	0.04326	0.01801	0.11963	0.07115	0.03215	0.13989	0.09738	0.08411	0.03339	0.02035	0.04147	0.01164	0.06513	0.00277	0.11860	0.00647	0.02610	0.00905
16	0.01615	0.01525	0.02554	0.13122	0.61091	0.01570	0.01964	0.04760	0.01540	0.02171	0.01243	0.01644	0.01025	0.00604	0.00653	0.00199	0.00792	0.00587	0.00335	0.01006
17	0.01442	0.07827	0.01356	0.01185	0.01379	0.25688	0.00872	0.01586	0.01485	0.01651	0.02679	0.40937	0.06487	0.01448	0.00719	0.00221	0.00679	0.01229	0.00492	0.00639
18	0.00930	0.00675	0.00917	0.00969	0.01051	0.00712	0.00692	0.03186	0.01198	0.01646	0.02611	0.35070	0.02905	0.12233	0.31298	0.00635	0.00991	0.01242	0.00481	0.00558
19	0.00818	0.00588	0.00780	0.00927	0.00979	0.00550	0.00636	0.00947	0.01286	0.01703	0.03731	0.69408	0.06813	0.02032	0.00842	0.00268	0.00395	0.06148	0.00611	0.00540
20	0.01243	0.01170	0.01975	0.75282	0.04534	0.01463	0.01828	0.01682	0.01316	0.01682	0.01170	0.01755	0.00878	0.00658	0.00658	0.00219	0.00878	0.00585	0.00293	0.00731
21	0.00884	0.00651	0.00833	0.00907	0.01003	0.00621	0.00634	0.01151	0.05348	0.02008	0.22653	0.50210	0.07047	0.01786	0.00811	0.00247	0.00368	0.01605	0.00646	0.00588
22	0.00918	0.00697	0.00830	0.00821	0.00989	0.00639	0.00605	0.03849	0.01670	0.02221	0.33928	0.20017	0.27245	0.01577	0.00785	0.00224	0.00349	0.01372	0.00662	0.00602
23	0.01263	0.00754	0.00942	0.00848	0.01086	0.00667	0.00652	0.01524	0.01769	0.15422	0.41711	0.04808	0.23336	0.01335	0.00756	0.00211	0.00363	0.01147	0.00711	0.00695
24	0.01379	0.00818	0.00968	0.00887	0.01114	0.00810	0.00679	0.01903	0.12024	0.11598	0.29274	0.06281	0.03567	0.01065	0.00653	0.00195	0.00375	0.00910	0.24757	0.00742
25	0.01387	0.00927	0.01032	0.00902	0.01207	0.00872	0.00708	0.11688	0.03716	0.12513	0.13110	0.04769	0.41903	0.01356	0.00741	0.00214	0.00426	0.01126	0.00663	0.00741
26	0.01485	0.01416	0.02411	0.30747	0.47182	0.01526	0.01948	0.01894	0.01431	0.01975	0.01213	0.01677	0.00981	0.00613	0.00654	0.00204	0.00818	0.00586	0.00313	0.00926
27	0.01672	0.01693	0.02713	0.06147	0.57796	0.07140	0.09081	0.02065	0.01527	0.02089	0.01229	0.01615	0.01018	0.00593	0.00661	0.00197	0.00851	0.00594	0.00327	0.00995
28	0.01420	0.01350	0.02293	0.42719	0.35717	0.01509	0.01916	0.01837	0.01400	0.01896	0.01201	0.01698	0.00953	0.00625	0.00655	0.00208	0.00834	0.00586	0.00308	0.00874
29	0.02630	0.01458	0.01673	0.01318	0.01809	0.04262	0.01076	0.23844	0.11069	0.40339	0.02234	0.02024	0.01491	0.00812	0.00659	0.00203	0.00630	0.00642	0.00730	0.01096

[dist]
# distance from previous block
# <min> <max>
1	2

[block]
# block no. 4 follows, 33 sequences, length 42
# corresponding to MSA columns:
# 276-317
name=unknown_E
#
# <colnr> <probs for GDERKNQSTAVLIFYWHMCP>
#	G	D	E	R	K	N	Q	S	T	A	V	L	I	F	Y	W	H	M	C	P
0	0.02429	0.03092	0.01933	0.01732	0.02082	0.71783	0.03594	0.02611	0.01855	0.01628	0.01028	0.01207	0.00853	0.00674	0.00600	0.00171	0.01185	0.00436	0.00339	0.00767
1	0.01606	0.01358	0.02171	0.44557	0.15248	0.01537	0.05683	0.11108	0.01636	0.06786	0.01339	0.01744	0.00994	0.00668	0.00664	0.00212	0.00834	0.00602	0.00384	0.00869
2	0.00881	0.00632	0.00842	0.00918	0.01014	0.00593	0.00668	0.01091	0.01516	0.02073	0.29297	0.41603	0.04981	0.01766	0.00825	0.00249	0.00382	0.09441	0.00653	0.00575
3	0.01560	0.01655	0.01868	0.01640	0.01711	0.14822	0.01331	0.01715	0.01175	0.01588	0.01064	0.04229	0.01051	0.01400	0.07527	0.00327	0.53706	0.00606	0.00314	0.00711
4	0.00889	0.00671	0.00821	0.00784	0.00958	0.00603	0.00588	0.01160	0.01764	0.02403	0.54319	0.05308	0.24451	0.01434	0.00777	0.00211	0.00317	0.01245	0.00693	0.00603
5	0.00802	0.00573	0.00764	0.00917	0.00955	0.00535	0.00611	0.00917	0.01260	0.01681	0.03628	0.76434	0.04354	0.02062	0.00840	0.00267	0.00382	0.01872	0.00611	0.00535
6	0.00904	0.00674	0.00853	0.00934	0.01047	0.00646	0.00679	0.01188	0.05780	0.01959	0.15904	0.43712	0.11951	0.01793	0.00820	0.00253	0.00399	0.09278	0.00634	0.00592
7	0.02503	0.01844	0.01976	0.01515	0.02042	0.02042	0.01251	0.70562	0.03095	0.04149	0.01581	0.01581	0.01120	0.00790	0.00659	0.00198	0.00724	0.00593	0.00659	0.01120
8	0.01445	0.12469	0.60408	0.01773	0.02656	0.06168	0.02200	0.02105	0.01413	0.01990	0.01139	0.01336	0.00836	0.00621	0.00599	0.00198	0.00953	0.00466	0.00282	0.00944
9	0.01651	0.01456	0.02345	0.14784	0.48839	0.01520	0.01804	0.02222	0.10109	0.06557	0.01489	0.01789	0.01172	0.00650	0.00656	0.00203	0.00751	0.00610	0.00393	0.00998
10	0.01799	0.01907	0.07383	0.01431	0.01831	0.18150	0.01189	0.05629	0.38236	0.04161	0.06488	0.02399	0.01938	0.00883	0.00665	0.00211	0.00710	0.03492	0.00566	0.00933
11	0.01927	0.01798	0.17349	0.07586	0.04824	0.01412	0.05719	0.13858	0.08561	0.19139	0.06389	0.02015	0.01559	0.00761	0.00661	0.00203	0.00722	0.00642	0.00545	0.04330
12	0.03929	0.00833	0.01094	0.01023	0.01165	0.00897	0.00772	0.01419	0.01265	0.11269	0.07244	0.13764	0.09580	0.10923	0.14742	0.07268	0.10729	0.00962	0.00497	0.00625
13	0.01467	0.04217	0.02002	0.01664	0.01706	0.05211	0.01383	0.01620	0.01062	0.01581	0.00929	0.01486	0.00911	0.01344	0.06497	0.00325	0.65014	0.00569	0.00294	0.00718
14	0.00890	0.00634	0.00765	0.00818	0.00878	0.00595	0.00522	0.00969	0.01156	0.01540	0.03092	0.37808	0.08382	0.33187	0.01868	0.00411	0.00490	0.01388	0.00513	0.04094
15	0.01365	0.01170	0.01365	0.00975	0.01560	0.00878	0.00780	0.01658	0.01365	0.02145	0.01170	0.01365	0.00975	0.00488	0.00488	0.00098	0.00488	0.00390	0.00390	0.80888
16	0.01313	0.01027	0.01170	0.01110	0.01382	0.01092	0.00880	0.02274	0.32127	0.04962	0.17129	0.04420	0.13591	0.01264	0.00751	0.00234	0.00469	0.13333	0.00665	0.00810
17	0.01265	0.00676	0.00740	0.00703	0.00880	0.00664	0.00534	0.03219	0.01545	0.05364	0.17066	0.02947	0.02632	0.00892	0.00540	0.00168	0.00328	0.00737	0.58451	0.00648
18	0.01320	0.03405	0.73453	0.01876	0.02849	0.01529	0.02432	0.02085	0.01390	0.02085	0.01181	0.01390	0.00834	0.00625	0.00625	0.00208	0.00973	0.00486	0.00278	0.00973
19	0.00806	0.00656	0.00714	0.00725	0.00913	0.00564	0.00534	0.00990	0.01529	0.01907	0.17008	0.14937	0.53094	0.01665	0.00786	0.00225	0.00336	0.01418	0.00630	0.00564
20	0.02064	0.02483	0.01887	0.01684	0.01902	0.47444	0.01312	0.02227	0.01550	0.01599	0.00993	0.01322	0.00882	0.00989	0.03747	0.00241	0.26124	0.00485	0.00323	0.00743
21	0.01373	0.01197	0.01431	0.01051	0.01577	0.00993	0.00847	0.01650	0.01329	0.02088	0.01139	0.01373	0.00964	0.00555	0.00657	0.00117	0.08100	0.00409	0.00380	0.72770
22	0.18194	0.01820	0.01699	0.08085	0.02039	0.22926	0.05629	0.07667	0.01687	0.11469	0.05518	0.04401	0.01397	0.00791	0.00673	0.00202	0.03928	0.00596	0.00466	0.00815
23	0.01364	0.01275	0.02142	0.45388	0.21659	0.01476	0.04277	0.01770	0.01358	0.01860	0.01236	0.01749	0.00974	0.00671	0.00736	0.00213	0.05171	0.00594	0.05276	0.00809
24	0.02492	0.02171	0.01948	0.01560	0.02040	0.20274	0.01257	0.53402	0.02785	0.03508	0.01438	0.01481	0.01051	0.00762	0.00642	0.00191	0.00841	0.00550	0.00578	0.01030
25	0.00868	0.00642	0.00809	0.00905	0.00988	0.00613	0.00621	0.01105	0.05416	0.01836	0.10966	0.56528	0.09578	0.04703	0.00913	0.00269	0.00388	0.01663	0.00618	0.00570
26	0.01308	0.01259	0.01757	0.01559	0.01569	0.01708	0.01269	0.01449	0.01056	0.01600	0.01402	0.15344	0.01532	0.01430	0.04007	0.00307	0.59593	0.00819	0.00350	0.00682
27	0.02516	0.01893	0.01953	0.01513	0.02028	0.06197	0.01242	0.64211	0.02981	0.06467	0.01584	0.01581	0.01122	0.00785	0.00655	0.00196	0.00745	0.00585	0.00646	0.01099
28	0.01585	0.01360	0.01443	0.01307	0.01661	0.01564	0.01013	0.03332	0.66728	0.02716	0.05333	0.04883	0.02242	0.00947	0.00679	0.00224	0.00509	0.00797	0.00670	0.01010
29	0.00811	0.00577	0.00761	0.00905	0.00941	0.00541	0.00599	0.00919	0.01243	0.01657	0.03538	0.72243	0.04240	0.06409	0.00986	0.00289	0.00397	0.01818	0.00599	0.00527
30	0.01386	0.01339	0.02126	0.36347	0.16970	0.01670	0.01734	0.01715	0.01248	0.01741	0.01080	0.01624	0.00905	0.00812	0.01167	0.00238	0.26230	0.00582	0.00298	0.00789
31	0.01735	0.01720	0.02313	0.18671	0.40053	0.11855	0.01779	0.07648	0.03963	0.02156	0.01268	0.01617	0.01018	0.00642	0.00646	0.00198	0.00846	0.00569	0.00359	0.00943
32	0.00956	0.00645	0.00750	0.00750	0.00761	0.00656	0.00439	0.00978	0.00967	0.01300	0.02045	0.04147	0.02323	0.70114	0.10005	0.00678	0.00744	0.00934	0.00395	0.00417
33	0.01061	0.00758	0.01061	0.01212	0.01364	0.00758	0.01061	0.01364	0.01515	0.01970	0.03486	0.07426	0.03789	0.01819	0.00909	0.00303	0.00606	0.68326	0.00606	0.00606
34	0.00996	0.00942	0.05443	0.01056	0.04166	0.00784	0.00837	0.01395	0.06652	0.02181	0.26108	0.05255	0.29738	0.01421	0.00773	0.00227	0.00435	0.10309	0.00618	0.00664
35	0.01389	0.14989	0.62474	0.01759	0.02667	0.01698	0.02228	0.02067	0.01382	0.02001	0.01140	0.01338	0.00836	0.00616	0.00594	0.00198	0.00931	0.00465	0.00279	0.00953
36	0.00817	0.00640	0.00745	0.00815	0.00959	0.00568	0.00596	0.00980	0.01421	0.01783	0.07130	0.32962	0.38617	0.01821	0.00813	0.00246	0.00376	0.07543	0.00614	0.00554
37	0.00957	0.00638	0.00718	0.00718	0.00718	0.00638	0.00399	0.00957	0.00957	0.01276	0.02074	0.04308	0.02393	0.76864	0.03351	0.00638	0.00638	0.00957	0.00399	0.00399
38	0.81514	0.01273	0.00968	0.00866	0.01273	0.01477	0.00713	0.01935	0.01120	0.02954	0.00917	0.01069	0.00713	0.00611	0.00407	0.00204	0.00509	0.00356	0.00407	0.00713
39	0.02704	0.06770	0.04092	0.01296	0.01806	0.10233	0.01097	0.11028	0.01972	0.48949	0.02120	0.01923	0.01393	0.00772	0.00636	0.00195	0.00680	0.00597	0.00684	0.01053
