[name]
unknown

[dist]
# distance from previous block
# <min> <max>
0	17

[block]
# block no. 0 follows, 29 sequences, length 21
# corresponding to MSA columns:
# 327-347
name=unknown_A
#
# <colnr> <probs for GDERKNQSTAVLIFYWHMCP>
#	G	D	E	R	K	N	Q	S	T	A	V	L	I	F	Y	W	H	M	C	P
0	0.08893	0.06898	0.04126	0.01563	0.06375	0.09878	0.01214	0.10147	0.10123	0.09802	0.02164	0.07098	0.01903	0.01025	0.00697	0.00225	0.00723	0.09752	0.02838	0.04557
1	0.05591	0.01364	0.01695	0.01706	0.11948	0.07896	0.05411	0.02028	0.01772	0.12491	0.18749	0.06458	0.09241	0.01050	0.00731	0.00210	0.00637	0.00911	0.00592	0.09519
2	0.01156	0.00815	0.00999	0.01031	0.01175	0.00792	0.00729	0.05376	0.04870	0.04352	0.06874	0.44102	0.07540	0.10519	0.01186	0.00317	0.00488	0.03850	0.00646	0.03184
3	0.01606	0.02465	0.29304	0.05663	0.08764	0.04912	0.08959	0.05641	0.07380	0.02330	0.01819	0.02050	0.05704	0.00822	0.00849	0.00230	0.07073	0.00671	0.00401	0.03356
4	0.01840	0.09666	0.05884	0.10292	0.15010	0.08220	0.05546	0.14097	0.05047	0.02427	0.01619	0.04588	0.01423	0.10068	0.01055	0.00272	0.00862	0.00706	0.00446	0.00933
5	0.01367	0.01026	0.01208	0.05439	0.01522	0.04511	0.00855	0.01746	0.04940	0.08298	0.36568	0.11462	0.06730	0.01289	0.00778	0.00217	0.00486	0.01120	0.00681	0.09759
6	0.01386	0.01308	0.02208	0.49797	0.16331	0.01504	0.04496	0.01831	0.01513	0.01990	0.05199	0.02353	0.05513	0.00798	0.00730	0.00232	0.00873	0.00728	0.00370	0.00841
7	0.05188	0.05161	0.51603	0.05509	0.02844	0.01636	0.02220	0.06241	0.01647	0.05176	0.05185	0.01759	0.01276	0.00738	0.00674	0.00223	0.00941	0.00578	0.00383	0.01017
8	0.01840	0.53440	0.19777	0.01454	0.02153	0.07165	0.01567	0.02209	0.01498	0.01818	0.01066	0.01238	0.00911	0.00634	0.00522	0.00172	0.00866	0.00421	0.00308	0.00941
9	0.01904	0.75404	0.03731	0.01218	0.01828	0.02818	0.01218	0.02132	0.01447	0.01675	0.00990	0.01142	0.00914	0.00609	0.00457	0.00152	0.00761	0.00381	0.00305	0.00914
10	0.01003	0.00711	0.00852	0.00844	0.00919	0.00707	0.00552	0.01115	0.01271	0.01708	0.12681	0.04752	0.11899	0.43929	0.13520	0.00635	0.00785	0.01091	0.00505	0.00520
11	0.00964	0.00705	0.00908	0.00924	0.01067	0.00649	0.00680	0.01231	0.01796	0.02471	0.44307	0.22918	0.12146	0.01708	0.00864	0.00247	0.00373	0.04666	0.00735	0.00641
12	0.01451	0.03536	0.65962	0.02160	0.05778	0.01661	0.05159	0.02253	0.01515	0.02259	0.01287	0.01530	0.00918	0.00672	0.00684	0.00226	0.01050	0.00543	0.00305	0.01052
13	0.01130	0.00722	0.00947	0.00947	0.01079	0.00795	0.00718	0.01396	0.01263	0.01996	0.02080	0.02870	0.01850	0.08362	0.41743	0.00761	0.01258	0.00745	0.28705	0.00632
14	0.01055	0.00734	0.00920	0.00910	0.00943	0.00786	0.00591	0.01113	0.01061	0.01455	0.02079	0.03995	0.02280	0.52240	0.20935	0.03745	0.03321	0.00938	0.00410	0.00490
15	0.00881	0.00647	0.00800	0.00915	0.00991	0.00595	0.00612	0.01002	0.01378	0.01790	0.04379	0.53605	0.17243	0.10192	0.01196	0.00324	0.00434	0.01813	0.00636	0.00567
16	0.01029	0.00715	0.00904	0.00904	0.00948	0.00759	0.00590	0.01117	0.01073	0.01475	0.02127	0.04015	0.02309	0.50869	0.27348	0.00848	0.01112	0.00941	0.00414	0.00502
17	0.01564	0.01317	0.01523	0.01096	0.01724	0.01039	0.00880	0.06507	0.01609	0.02474	0.01297	0.01493	0.01066	0.00551	0.00540	0.00113	0.00546	0.00437	0.00443	0.73779
18	0.01722	0.10394	0.10974	0.14626	0.15484	0.09742	0.01633	0.02090	0.01572	0.06903	0.01729	0.12510	0.01591	0.00929	0.00730	0.00219	0.02547	0.00777	0.00421	0.03406
19	0.07170	0.01239	0.11415	0.03499	0.01446	0.00949	0.00954	0.01356	0.01374	0.01950	0.06731	0.15502	0.18591	0.20326	0.01561	0.00362	0.03250	0.01162	0.00513	0.00651
20	0.01480	0.09748	0.08679	0.01073	0.01490	0.03993	0.00966	0.03501	0.06567	0.02381	0.02419	0.05216	0.08237	0.00897	0.00593	0.00181	0.00557	0.00715	0.28761	0.12546

[dist]
# distance from previous block
# <min> <max>
4	19

[block]
# block no. 1 follows, 29 sequences, length 14
# corresponding to MSA columns:
# 367-380
name=unknown_B
#
# <colnr> <probs for GDERKNQSTAVLIFYWHMCP>
#	G	D	E	R	K	N	Q	S	T	A	V	L	I	F	Y	W	H	M	C	P
0	0.00898	0.00650	0.00864	0.00994	0.01065	0.00616	0.00691	0.01058	0.01425	0.01907	0.09179	0.58850	0.07631	0.02329	0.05247	0.00336	0.00506	0.04507	0.00653	0.00593
1	0.06360	0.01974	0.17093	0.05780	0.09454	0.07502	0.01512	0.07372	0.10596	0.02444	0.04017	0.14306	0.06461	0.01083	0.00727	0.00233	0.00759	0.00908	0.00505	0.00913
2	0.01785	0.08267	0.16022	0.08991	0.07031	0.11136	0.11933	0.08857	0.04308	0.02418	0.08200	0.02005	0.01612	0.00768	0.00701	0.00211	0.00925	0.00665	0.00433	0.03732
3	0.01094	0.01526	0.19326	0.01207	0.01601	0.00964	0.01171	0.01566	0.06200	0.02145	0.11889	0.22278	0.20092	0.04556	0.00923	0.00266	0.00580	0.01288	0.00576	0.00751
4	0.05909	0.00936	0.01312	0.12703	0.06572	0.00956	0.03743	0.01405	0.01479	0.02060	0.06643	0.22629	0.17384	0.05562	0.00945	0.00272	0.00573	0.03232	0.04999	0.00686
5	0.02190	0.10793	0.04718	0.01893	0.07566	0.07284	0.11522	0.18183	0.05600	0.13145	0.05170	0.02210	0.04837	0.00837	0.00707	0.00212	0.00818	0.00713	0.00567	0.01036
6	0.01709	0.04279	0.12352	0.06243	0.26888	0.09512	0.16519	0.02185	0.01650	0.02199	0.05180	0.01939	0.01388	0.00892	0.03758	0.00256	0.01021	0.00680	0.00371	0.00978
7	0.01134	0.00742	0.00906	0.00875	0.01051	0.00707	0.00647	0.01376	0.01600	0.06050	0.23345	0.07530	0.18614	0.09768	0.11669	0.00408	0.00630	0.01145	0.11152	0.00651
8	0.02012	0.02376	0.08702	0.01727	0.02145	0.30247	0.06816	0.11604	0.01971	0.02271	0.01921	0.13153	0.01853	0.01205	0.02834	0.00253	0.01014	0.06559	0.00480	0.00856
9	0.03824	0.05424	0.13990	0.06433	0.15190	0.09225	0.04366	0.11285	0.05139	0.09051	0.01678	0.04037	0.01308	0.00784	0.00680	0.00214	0.00851	0.00650	0.04857	0.01014
10	0.01202	0.03755	0.12012	0.01076	0.01433	0.00928	0.00982	0.01588	0.04855	0.06317	0.09149	0.18911	0.27742	0.01498	0.00784	0.00239	0.00515	0.01275	0.04989	0.00749
11	0.01453	0.00834	0.01047	0.00932	0.01205	0.00737	0.00721	0.01734	0.01916	0.17870	0.38284	0.05080	0.22559	0.01420	0.00813	0.00228	0.00403	0.01217	0.00773	0.00774
12	0.06906	0.08835	0.20729	0.08237	0.16059	0.06725	0.05593	0.02436	0.01635	0.14035	0.01505	0.01699	0.01103	0.00699	0.00664	0.00214	0.00893	0.00580	0.00429	0.01021
13	0.01808	0.04523	0.20792	0.05137	0.22547	0.06222	0.04601	0.07903	0.01748	0.04850	0.01371	0.01632	0.01058	0.00665	0.00667	0.00199	0.00885	0.00567	0.00397	0.12428

[dist]
# distance from previous block
# <min> <max>
0	2

[block]
# block no. 2 follows, 29 sequences, length 20
# corresponding to MSA columns:
# 383-402
name=unknown_C
#
# <colnr> <probs for GDERKNQSTAVLIFYWHMCP>
#	G	D	E	R	K	N	Q	S	T	A	V	L	I	F	Y	W	H	M	C	P
0	0.03880	0.01025	0.03226	0.01384	0.06875	0.01060	0.00973	0.04340	0.02988	0.01931	0.02441	0.12872	0.06492	0.15353	0.27034	0.00649	0.05336	0.00986	0.00462	0.00693
1	0.01728	0.01718	0.10373	0.01555	0.05832	0.04034	0.01285	0.17150	0.17456	0.02932	0.08228	0.05039	0.09383	0.01074	0.00734	0.00228	0.00662	0.03686	0.05936	0.00966
2	0.01860	0.05656	0.17566	0.13383	0.12187	0.01661	0.04133	0.12472	0.05149	0.09850	0.05057	0.02022	0.01472	0.00941	0.03288	0.00254	0.00881	0.00660	0.00486	0.01022
3	0.15545	0.22161	0.12603	0.06484	0.06525	0.12259	0.01467	0.04136	0.01550	0.02224	0.01179	0.01424	0.00961	0.00702	0.00641	0.00199	0.04102	0.00481	0.04466	0.00891
4	0.01075	0.00848	0.01255	0.01222	0.01336	0.01028	0.00962	0.01319	0.01139	0.01659	0.01803	0.02665	0.01690	0.04902	0.64676	0.01055	0.09594	0.00748	0.00374	0.00651
5	0.00859	0.00710	0.00756	0.00789	0.00996	0.00607	0.00586	0.01038	0.01584	0.01917	0.06560	0.17172	0.57340	0.01876	0.00858	0.00252	0.00382	0.04456	0.00661	0.00600
6	0.01237	0.00618	0.00928	0.00928	0.00928	0.00618	0.00618	0.00928	0.00928	0.01237	0.01237	0.02165	0.01237	0.02474	0.02783	0.79283	0.00618	0.00618	0.00309	0.00309
7	0.01571	0.01598	0.02405	0.01995	0.02075	0.02139	0.08908	0.01776	0.01156	0.01776	0.00991	0.01598	0.00951	0.01175	0.02171	0.00304	0.65648	0.00647	0.00317	0.00799
8	0.01740	0.01650	0.02316	0.23340	0.32635	0.08194	0.01821	0.07606	0.01728	0.02299	0.01503	0.05365	0.01274	0.00773	0.00701	0.00218	0.00864	0.00688	0.04326	0.00960
9	0.06326	0.66627	0.07871	0.01254	0.01882	0.02674	0.01283	0.02138	0.01437	0.01799	0.01008	0.01166	0.00905	0.00616	0.00470	0.00161	0.00768	0.00390	0.00312	0.00914
10	0.14122	0.02466	0.26898	0.01599	0.02311	0.05609	0.01652	0.18518	0.04913	0.04747	0.01439	0.01559	0.01053	0.00723	0.00633	0.00207	0.00830	0.00534	0.00474	0.09711
11	0.00982	0.00668	0.00792	0.00845	0.00858	0.00655	0.00504	0.01022	0.01140	0.01519	0.02777	0.26834	0.03262	0.51883	0.02762	0.00563	0.00602	0.01349	0.00504	0.00478
12	0.01778	0.01806	0.03657	0.04744	0.16924	0.13947	0.06695	0.08062	0.05316	0.02419	0.09153	0.02572	0.07630	0.00936	0.00851	0.00221	0.06660	0.00770	0.04952	0.00908
13	0.00999	0.00728	0.00876	0.00908	0.01007	0.00704	0.00613	0.01251	0.05394	0.02007	0.18890	0.27829	0.10543	0.23060	0.01664	0.00383	0.00480	0.01448	0.00626	0.00591
14	0.01471	0.01230	0.01861	0.18863	0.07853	0.01336	0.07295	0.03692	0.10713	0.06205	0.06573	0.06559	0.10624	0.01519	0.08543	0.00337	0.03045	0.00912	0.00516	0.00854
15	0.01589	0.01192	0.01386	0.01083	0.01581	0.01024	0.00858	0.04930	0.08578	0.08791	0.10738	0.02769	0.09688	0.00876	0.00646	0.00164	0.00507	0.00725	0.00579	0.42295
16	0.01379	0.01307	0.02219	0.53470	0.13660	0.01520	0.05114	0.01830	0.01496	0.01955	0.04004	0.02287	0.05213	0.00785	0.00729	0.00234	0.00892	0.00716	0.00360	0.00831
17	0.01790	0.01723	0.01571	0.01500	0.03942	0.15193	0.01098	0.05746	0.36017	0.02509	0.02758	0.11504	0.05598	0.04734	0.00878	0.00256	0.00700	0.00922	0.00617	0.00944
18	0.14665	0.05695	0.04361	0.04377	0.21259	0.01434	0.01314	0.05126	0.03873	0.04825	0.04743	0.09216	0.01800	0.04165	0.00834	0.02181	0.00665	0.00758	0.03969	0.04739
19	0.06600	0.06256	0.10923	0.01889	0.04419	0.07290	0.17507	0.12194	0.01874	0.02596	0.06165	0.02257	0.06421	0.00841	0.00778	0.00217	0.04120	0.00726	0.03301	0.03627

[dist]
# distance from previous block
# <min> <max>
2	29

[block]
# block no. 3 follows, 29 sequences, length 84
# corresponding to MSA columns:
# 432-492,494-516
name=unknown_D
#
# <colnr> <probs for GDERKNQSTAVLIFYWHMCP>
#	G	D	E	R	K	N	Q	S	T	A	V	L	I	F	Y	W	H	M	C	P
0	0.08515	0.06636	0.23673	0.01459	0.02001	0.04052	0.04437	0.02034	0.01496	0.07687	0.05964	0.02245	0.01640	0.06273	0.07891	0.00337	0.03114	0.00655	0.09031	0.00861
1	0.01810	0.12259	0.04830	0.06004	0.05177	0.06546	0.11105	0.10493	0.04317	0.04321	0.03978	0.04395	0.01527	0.01037	0.03641	0.00252	0.07561	0.02573	0.00456	0.07717
2	0.00985	0.00885	0.04803	0.01076	0.01222	0.00756	0.00808	0.01337	0.08035	0.01963	0.03898	0.58892	0.08643	0.01992	0.00873	0.00278	0.00460	0.01787	0.00647	0.00660
3	0.01392	0.01070	0.01293	0.01044	0.01497	0.00845	0.00800	0.01655	0.01496	0.06014	0.04498	0.21280	0.02276	0.01037	0.00651	0.00165	0.00494	0.00899	0.00524	0.51069
4	0.01570	0.01280	0.01545	0.01124	0.01718	0.01014	0.02660	0.04593	0.01556	0.04784	0.01398	0.01708	0.01172	0.04683	0.00722	0.00150	0.00568	0.00487	0.00449	0.66821
5	0.01622	0.01582	0.02179	0.01857	0.01888	0.02183	0.01547	0.05398	0.01216	0.01867	0.00978	0.01566	0.00950	0.01225	0.02247	0.00306	0.69630	0.00624	0.00334	0.00803
6	0.00884	0.00661	0.00794	0.00886	0.00984	0.00601	0.00600	0.01017	0.01421	0.01831	0.06792	0.44752	0.23445	0.10440	0.01199	0.00319	0.00427	0.01737	0.00639	0.00571
7	0.01190	0.01017	0.01475	0.01376	0.01462	0.01302	0.01103	0.01413	0.01127	0.01672	0.01597	0.02402	0.01510	0.04034	0.49870	0.00879	0.24813	0.00718	0.00359	0.00681
8	0.54883	0.01216	0.01062	0.00942	0.01340	0.01330	0.00763	0.02029	0.01432	0.09667	0.10235	0.02362	0.08581	0.00894	0.00557	0.00223	0.00511	0.00640	0.00548	0.00785
9	0.04906	0.01069	0.01251	0.06666	0.01611	0.01111	0.00904	0.13317	0.06627	0.02844	0.28796	0.09031	0.16395	0.01340	0.00787	0.00232	0.00498	0.01139	0.00684	0.00792
10	0.01584	0.01233	0.01383	0.01290	0.01570	0.01342	0.00972	0.17218	0.24160	0.02808	0.03082	0.34268	0.03078	0.01501	0.00803	0.00256	0.00547	0.01308	0.00694	0.00903
11	0.01557	0.01575	0.02159	0.22474	0.02764	0.05886	0.01669	0.01807	0.01238	0.01746	0.01039	0.01641	0.00938	0.01064	0.01774	0.00283	0.48668	0.00617	0.00316	0.00785
12	0.01023	0.00736	0.01009	0.01006	0.01091	0.00812	0.00722	0.01193	0.01143	0.01609	0.04872	0.03550	0.02267	0.29367	0.45373	0.00948	0.01419	0.00880	0.00416	0.00566
13	0.54973	0.25103	0.01907	0.01027	0.01521	0.01988	0.00915	0.02106	0.01287	0.02708	0.00991	0.01152	0.00817	0.00644	0.00446	0.00199	0.00618	0.00384	0.00397	0.00817
14	0.01679	0.41517	0.35650	0.01602	0.02420	0.02268	0.01886	0.02190	0.01474	0.01949	0.01126	0.01313	0.00908	0.00641	0.00561	0.00187	0.00899	0.00449	0.00303	0.00979
15	0.02418	0.26473	0.02567	0.01637	0.02082	0.49906	0.01325	0.02615	0.01835	0.01721	0.01065	0.01239	0.00916	0.00694	0.00583	0.00173	0.01117	0.00434	0.00347	0.00854
16	0.00855	0.00722	0.00740	0.00736	0.00970	0.00607	0.00552	0.01049	0.01655	0.02001	0.12418	0.06726	0.64992	0.01775	0.00841	0.00239	0.00359	0.01485	0.00671	0.00607
17	0.26156	0.02367	0.27824	0.01742	0.02472	0.01671	0.11491	0.08849	0.01659	0.07513	0.01361	0.01541	0.00978	0.00692	0.00634	0.00225	0.00861	0.00553	0.00434	0.00978
18	0.01904	0.75404	0.03731	0.01218	0.01828	0.02818	0.01218	0.02132	0.01447	0.01675	0.00990	0.01142	0.00914	0.00609	0.00457	0.00152	0.00761	0.00381	0.00305	0.00914
19	0.01428	0.03683	0.71286	0.02030	0.03082	0.01654	0.02631	0.02255	0.01503	0.02255	0.01278	0.01503	0.00902	0.00677	0.00677	0.00226	0.01052	0.00526	0.00301	0.01052
20	0.01237	0.00618	0.00928	0.00928	0.00928	0.00618	0.00618	0.00928	0.00928	0.01237	0.01237	0.02165	0.01237	0.02474	0.02783	0.79283	0.00618	0.00618	0.00309	0.00309
21	0.01025	0.00686	0.00780	0.00790	0.00793	0.00683	0.00446	0.01033	0.01056	0.01408	0.02349	0.09032	0.02722	0.70422	0.03454	0.00665	0.00673	0.01097	0.00446	0.00441
22	0.01051	0.00865	0.00943	0.00915	0.01159	0.00829	0.00695	0.01591	0.13750	0.02299	0.18770	0.08881	0.40530	0.01609	0.00828	0.00242	0.00403	0.03235	0.00697	0.00710
23	0.01008	0.00728	0.00952	0.00896	0.01064	0.00672	0.00672	0.01344	0.02016	0.02855	0.70158	0.05319	0.06719	0.01456	0.00840	0.00224	0.00336	0.01288	0.00784	0.00672
24	0.01330	0.00933	0.01181	0.01092	0.01222	0.01035	0.00794	0.08408	0.01366	0.04737	0.02005	0.03379	0.02009	0.34031	0.27944	0.00760	0.05822	0.00855	0.00454	0.00643
25	0.00865	0.00629	0.00817	0.00968	0.01027	0.00580	0.00650	0.00994	0.01386	0.01827	0.04215	0.68542	0.10491	0.02193	0.00903	0.00285	0.00408	0.01978	0.00661	0.00580
26	0.00872	0.00653	0.00811	0.00919	0.01018	0.00591	0.00633	0.01027	0.01477	0.01925	0.09926	0.52705	0.20721	0.02067	0.00887	0.00272	0.00394	0.01840	0.00671	0.00591
27	0.01335	0.01025	0.01335	0.04082	0.03515	0.01088	0.03099	0.05860	0.09832	0.04068	0.05166	0.10635	0.08815	0.19740	0.09540	0.00461	0.02996	0.06127	0.00552	0.00729
28	0.01599	0.02252	0.20370	0.06938	0.12147	0.06491	0.18296	0.02097	0.01511	0.02087	0.01386	0.04566	0.01166	0.00969	0.03461	0.00273	0.12412	0.00703	0.00347	0.00932
29	0.00866	0.00647	0.00806	0.00926	0.01018	0.00587	0.00634	0.01011	0.01446	0.01879	0.07007	0.56488	0.19885	0.02105	0.00891	0.00276	0.00398	0.01878	0.00665	0.00587
30	0.01867	0.01577	0.01664	0.01469	0.01888	0.01816	0.01150	0.10389	0.62486	0.03134	0.02776	0.02560	0.02075	0.00955	0.00723	0.00239	0.00586	0.00788	0.00723	0.01136
31	0.01602	0.01652	0.05612	0.21816	0.41682	0.01635	0.08731	0.02063	0.01563	0.02171	0.01415	0.04258	0.01188	0.00707	0.00726	0.00224	0.00902	0.00697	0.00352	0.01002
32	0.01808	0.07320	0.20227	0.07642	0.09354	0.05712	0.07390	0.06098	0.04166	0.10146	0.11197	0.02250	0.01922	0.00820	0.00710	0.00218	0.00846	0.00703	0.00488	0.00984
33	0.00973	0.00756	0.00918	0.07343	0.01300	0.00742	0.00688	0.01125	0.01358	0.01717	0.04292	0.12146	0.29171	0.25545	0.06580	0.00454	0.00639	0.03151	0.00537	0.00565
34	0.04568	0.19467	0.06972	0.01494	0.03971	0.15828	0.01273	0.06991	0.01730	0.06574	0.01279	0.01439	0.01028	0.00678	0.00639	0.00170	0.03554	0.00474	0.00419	0.21451
35	0.55011	0.15066	0.01667	0.01085	0.01562	0.04344	0.00926	0.06728	0.03731	0.02947	0.01109	0.01247	0.00880	0.00678	0.00479	0.00207	0.00632	0.00419	0.00441	0.00841
36	0.01004	0.00679	0.00845	0.00949	0.01038	0.00649	0.00655	0.03311	0.01482	0.02078	0.06223	0.55990	0.06488	0.01924	0.00834	0.00263	0.00408	0.01721	0.12842	0.00617
37	0.00909	0.00717	0.00789	0.00779	0.00989	0.00623	0.00581	0.01137	0.01721	0.02214	0.24932	0.08800	0.46996	0.01683	0.00831	0.00235	0.00354	0.01429	0.03658	0.00623
38	0.02516	0.01065	0.01416	0.01136	0.01579	0.00926	0.00919	0.02793	0.01989	0.50331	0.16446	0.03462	0.10033	0.01092	0.00754	0.00223	0.00527	0.00912	0.00839	0.01041
39	0.01392	0.01313	0.02220	0.65541	0.12261	0.01594	0.02001	0.01860	0.01446	0.01876	0.01274	0.01883	0.00969	0.00703	0.00711	0.00234	0.00938	0.00633	0.00320	0.00829
40	0.01065	0.00744	0.00966	0.00927	0.01106	0.00685	0.00706	0.01382	0.01942	0.04696	0.57304	0.07961	0.10406	0.01523	0.00849	0.00234	0.00370	0.05689	0.00766	0.00679
41	0.01122	0.00847	0.01059	0.01089	0.04940	0.00831	0.00768	0.03521	0.01774	0.02480	0.31441	0.04783	0.22403	0.01639	0.05264	0.00281	0.03356	0.01152	0.10554	0.00696
42	0.01904	0.75404	0.03731	0.01218	0.01828	0.02818	0.01218	0.02132	0.01447	0.01675	0.00990	0.01142	0.00914	0.00609	0.00457	0.00152	0.00761	0.00381	0.00305	0.00914
43	0.05740	0.01618	0.01787	0.01419	0.01923	0.01724	0.01155	0.36154	0.12197	0.15638	0.06454	0.02335	0.04092	0.00925	0.00709	0.00217	0.00660	0.00728	0.00725	0.03798
44	0.01904	0.75404	0.03731	0.01218	0.01828	0.02818	0.01218	0.02132	0.01447	0.01675	0.00990	0.01142	0.00914	0.00609	0.00457	0.00152	0.00761	0.00381	0.00305	0.00914
45	0.80005	0.01377	0.01047	0.00936	0.01377	0.01597	0.00771	0.02093	0.01212	0.03195	0.00991	0.01157	0.00771	0.00661	0.00441	0.00220	0.00551	0.00386	0.00441	0.00771
46	0.01428	0.03683	0.71286	0.02030	0.03082	0.01654	0.02631	0.02255	0.01503	0.02255	0.01278	0.01503	0.00902	0.00677	0.00677	0.00226	0.01052	0.00526	0.00301	0.01052
47	0.01036	0.00690	0.00777	0.00777	0.00777	0.00690	0.00431	0.01036	0.01036	0.01381	0.02244	0.04660	0.02589	0.74975	0.03624	0.00690	0.00690	0.01036	0.00431	0.00431
48	0.00867	0.00624	0.00822	0.00981	0.01030	0.00579	0.00656	0.00993	0.01373	0.01822	0.04054	0.71859	0.07278	0.02214	0.00906	0.00287	0.00411	0.02004	0.00661	0.00579
49	0.00868	0.00620	0.00826	0.00991	0.01033	0.00578	0.00661	0.00991	0.01363	0.01818	0.03925	0.74510	0.04710	0.02231	0.00909	0.00289	0.00413	0.02024	0.00661	0.00578
50	0.00842	0.00721	0.00721	0.00721	0.00962	0.00601	0.00541	0.01022	0.01623	0.01924	0.07213	0.06853	0.70244	0.01803	0.00842	0.00240	0.00361	0.01503	0.00661	0.00601
51	0.01428	0.03683	0.71286	0.02030	0.03082	0.01654	0.02631	0.02255	0.01503	0.02255	0.01278	0.01503	0.00902	0.00677	0.00677	0.00226	0.01052	0.00526	0.00301	0.01052
52	0.03195	0.01212	0.01652	0.01267	0.01818	0.01047	0.01047	0.03470	0.02038	0.71026	0.02809	0.02424	0.01763	0.00881	0.00716	0.00220	0.00606	0.00716	0.00881	0.01212
53	0.03195	0.01212	0.01652	0.01267	0.01818	0.01047	0.01047	0.03470	0.02038	0.71026	0.02809	0.02424	0.01763	0.00881	0.00716	0.00220	0.00606	0.00716	0.00881	0.01212
54	0.01966	0.41697	0.19352	0.01554	0.02212	0.18614	0.01590	0.02326	0.01593	0.01828	0.01084	0.01261	0.00912	0.00654	0.00552	0.00177	0.00952	0.00433	0.00318	0.00926
55	0.01540	0.01263	0.03849	0.01335	0.01551	0.05114	0.03810	0.01798	0.01563	0.10406	0.20845	0.03247	0.02967	0.10726	0.08276	0.00385	0.16850	0.00883	0.02830	0.00760
56	0.00868	0.00620	0.00826	0.00991	0.01033	0.00578	0.00661	0.00991	0.01363	0.01818	0.03925	0.74510	0.04710	0.02231	0.00909	0.00289	0.00413	0.02024	0.00661	0.00578
57	0.01477	0.01266	0.01477	0.01055	0.01687	0.00949	0.00844	0.01793	0.01477	0.02320	0.01266	0.01477	0.01055	0.00527	0.00527	0.00105	0.00527	0.00422	0.00422	0.79328
58	0.01785	0.10162	0.02041	0.09900	0.10842	0.07423	0.01310	0.13705	0.01912	0.04588	0.09321	0.12017	0.02196	0.01019	0.00760	0.00214	0.03219	0.00842	0.00518	0.06228
59	0.01237	0.00618	0.00928	0.00928	0.00928	0.00618	0.00618	0.00928	0.00928	0.01237	0.01237	0.02165	0.01237	0.02474	0.02783	0.79283	0.00618	0.00618	0.00309	0.00309
60	0.03052	0.01220	0.01635	0.01263	0.01794	0.01078	0.01040	0.06267	0.02096	0.64248	0.06494	0.02552	0.02013	0.00912	0.00723	0.00220	0.00599	0.00744	0.00868	0.01182
61	0.02420	0.07834	0.02126	0.01766	0.04688	0.35531	0.01343	0.19577	0.10568	0.02613	0.01506	0.01620	0.01184	0.00932	0.03003	0.00229	0.01033	0.00559	0.00495	0.00973
62	0.01550	0.01263	0.01484	0.01064	0.01693	0.00953	0.00852	0.01864	0.01500	0.05246	0.01331	0.01517	0.01085	0.00542	0.00535	0.00110	0.00531	0.00434	0.00441	0.76002
63	0.01641	0.26708	0.43775	0.01804	0.02672	0.04797	0.05070	0.02240	0.01513	0.02049	0.01185	0.01397	0.00914	0.00654	0.00612	0.00201	0.00974	0.00491	0.00307	0.00995
64	0.01836	0.01596	0.01697	0.04240	0.04058	0.04496	0.01196	0.09737	0.51654	0.03006	0.06551	0.02611	0.02220	0.00955	0.00726	0.00234	0.00623	0.00792	0.00686	0.01084
65	0.01327	0.00664	0.00664	0.00664	0.00830	0.00664	0.00498	0.01659	0.01493	0.02655	0.02323	0.02655	0.01825	0.00830	0.00498	0.00166	0.00332	0.00664	0.78928	0.00664
66	0.04137	0.07649	0.45042	0.02143	0.03012	0.04442	0.16707	0.02251	0.01534	0.02217	0.01268	0.01554	0.00939	0.00677	0.00747	0.00225	0.03556	0.00582	0.00321	0.00996
67	0.08216	0.15973	0.05419	0.02271	0.09176	0.22091	0.22580	0.02389	0.01685	0.02090	0.01209	0.01504	0.00977	0.00651	0.00662	0.00203	0.01052	0.00579	0.00355	0.00917
68	0.01398	0.01323	0.02221	0.63141	0.12050	0.01615	0.01986	0.01856	0.01434	0.01872	0.01262	0.01871	0.00968	0.00722	0.00768	0.00237	0.03494	0.00633	0.00320	0.00828
69	0.01040	0.00762	0.00980	0.00919	0.01097	0.00719	0.00691	0.01448	0.04878	0.02861	0.67294	0.05206	0.06525	0.01435	0.00835	0.00225	0.00346	0.01267	0.00781	0.00691
70	0.01027	0.00723	0.00941	0.00941	0.00997	0.00779	0.00636	0.01141	0.01084	0.01502	0.02094	0.03829	0.02228	0.43926	0.34180	0.00893	0.01233	0.00914	0.00409	0.00523
71	0.00847	0.00699	0.00744	0.00780	0.00977	0.00596	0.00567	0.01015	0.01566	0.01901	0.06498	0.21580	0.55979	0.01896	0.00856	0.00251	0.00372	0.01616	0.00661	0.00596
72	0.01290	0.01025	0.01444	0.04351	0.01593	0.01190	0.03300	0.05977	0.01473	0.02118	0.10094	0.03230	0.02356	0.07840	0.26714	0.00603	0.13083	0.05217	0.06394	0.00710
73	0.04754	0.11964	0.07966	0.02057	0.04500	0.39306	0.15143	0.02551	0.01800	0.01948	0.01174	0.01424	0.00951	0.00681	0.00658	0.00196	0.01148	0.00535	0.00355	0.00889
74	0.80005	0.01377	0.01047	0.00936	0.01377	0.01597	0.00771	0.02093	0.01212	0.03195	0.00991	0.01157	0.00771	0.00661	0.00441	0.00220	0.00551	0.00386	0.00441	0.00771
75	0.04123	0.11092	0.16487	0.01534	0.01999	0.06754	0.01464	0.04728	0.04414	0.11610	0.05566	0.04576	0.01647	0.03602	0.03585	0.00279	0.14468	0.00682	0.00473	0.00916
76	0.00911	0.00677	0.00849	0.00906	0.01030	0.00615	0.00641	0.01119	0.01639	0.02196	0.27393	0.37459	0.18193	0.01880	0.00872	0.00257	0.00376	0.01669	0.00703	0.00615
77	0.01517	0.01543	0.02353	0.04928	0.02228	0.04241	0.13132	0.01771	0.01263	0.01821	0.01327	0.06744	0.01288	0.01489	0.07449	0.00357	0.44648	0.00764	0.00352	0.00788
78	0.00888	0.00677	0.00809	0.00872	0.01005	0.00607	0.00613	0.01066	0.01559	0.02023	0.16665	0.36099	0.28217	0.04324	0.00962	0.00274	0.00390	0.01678	0.00675	0.00598
79	0.00932	0.00713	0.00855	0.00845	0.01024	0.00636	0.00624	0.01188	0.01799	0.02401	0.39932	0.13964	0.29165	0.01671	0.00849	0.00237	0.00354	0.01451	0.00726	0.00636
80	0.04530	0.01568	0.02719	0.16521	0.03145	0.01558	0.27084	0.04233	0.01571	0.02268	0.01315	0.01735	0.01030	0.00658	0.00813	0.00206	0.05913	0.00646	0.00380	0.22106
81	0.05395	0.12343	0.13557	0.01821	0.09664	0.17913	0.01489	0.04761	0.04226	0.02210	0.01438	0.04500	0.01247	0.00763	0.00626	0.00189	0.00867	0.02312	0.00404	0.14274
82	0.04380	0.07278	0.17105	0.06587	0.16999	0.01682	0.01678	0.15303	0.04102	0.02687	0.02015	0.04341	0.06797	0.00856	0.00680	0.00216	0.00779	0.00705	0.04814	0.00995
83	0.09434	0.05057	0.07620	0.01782	0.06421	0.03932	0.10444	0.09033	0.12324	0.04808	0.01847	0.02045	0.03622	0.01182	0.06970	0.00295	0.03439	0.00662	0.00487	0.08596

[dist]
# distance from previous block
# <min> <max>
1	12

[block]
# block no. 4 follows, 29 sequences, length 11
# corresponding to MSA columns:
# 529-539
name=unknown_E
#
# <colnr> <probs for GDERKNQSTAVLIFYWHMCP>
#	G	D	E	R	K	N	Q	S	T	A	V	L	I	F	Y	W	H	M	C	P
0	0.01894	0.01605	0.03682	0.01317	0.01800	0.05999	0.01070	0.17875	0.15673	0.06261	0.05912	0.02552	0.07139	0.03731	0.00792	0.00212	0.00647	0.00725	0.00605	0.20510
1	0.01053	0.00754	0.00903	0.00907	0.01060	0.00729	0.00666	0.01343	0.05129	0.02158	0.20650	0.10556	0.18640	0.12028	0.04768	0.04182	0.00525	0.06541	0.06788	0.00618
2	0.04623	0.05552	0.09514	0.01514	0.03692	0.07202	0.05351	0.06623	0.03521	0.06468	0.07657	0.14513	0.07603	0.01307	0.03355	0.00262	0.05479	0.00953	0.00527	0.04281
3	0.01913	0.13740	0.17776	0.04511	0.04845	0.12355	0.13170	0.10674	0.07133	0.02414	0.01505	0.01855	0.01196	0.00752	0.00687	0.00214	0.00971	0.02882	0.00421	0.00987
4	0.02117	0.01030	0.01365	0.04440	0.01667	0.00956	0.00956	0.02496	0.06216	0.35931	0.12105	0.13648	0.08319	0.01271	0.00783	0.00240	0.00539	0.04197	0.00773	0.00952
5	0.00908	0.00683	0.00846	0.00926	0.01054	0.00621	0.00668	0.01103	0.01576	0.02064	0.17117	0.38168	0.22758	0.01951	0.00884	0.00267	0.00403	0.06712	0.00683	0.00608
6	0.01927	0.04658	0.12598	0.04629	0.06978	0.20981	0.13693	0.07658	0.04082	0.02236	0.03151	0.04143	0.01345	0.03099	0.00907	0.00235	0.05671	0.00679	0.00410	0.00919
7	0.01779	0.01859	0.07460	0.16738	0.07645	0.13059	0.06823	0.07371	0.05280	0.05383	0.03630	0.06062	0.01681	0.01169	0.04560	0.00282	0.02919	0.04942	0.00463	0.00893
8	0.00881	0.00710	0.00784	0.00793	0.00993	0.00614	0.00584	0.01088	0.01675	0.02112	0.20408	0.15076	0.48222	0.01782	0.00850	0.00243	0.00362	0.01522	0.00688	0.00614
9	0.01672	0.01492	0.02249	0.34729	0.10841	0.06436	0.08279	0.05025	0.01585	0.06479	0.01440	0.01943	0.01123	0.01176	0.06484	0.04136	0.03010	0.00657	0.00388	0.00857
10	0.07524	0.05787	0.18617	0.03899	0.07768	0.07278	0.13414	0.10650	0.01780	0.02497	0.01554	0.05310	0.01316	0.00977	0.03439	0.00256	0.00964	0.02951	0.00421	0.03599

[dist]
# distance from previous block
# <min> <max>
0	1

[block]
# block no. 5 follows, 29 sequences, length 10
# corresponding to MSA columns:
# 541-550
name=unknown_F
#
# <colnr> <probs for GDERKNQSTAVLIFYWHMCP>
#	G	D	E	R	K	N	Q	S	T	A	V	L	I	F	Y	W	H	M	C	P
0	0.01991	0.05368	0.06387	0.07228	0.13696	0.24643	0.03796	0.05617	0.11424	0.02230	0.01688	0.01902	0.03154	0.00831	0.00741	0.02745	0.00930	0.00616	0.04085	0.00927
1	0.06399	0.01343	0.01548	0.05637	0.01918	0.01175	0.00966	0.06709	0.06206	0.02543	0.01392	0.01580	0.01118	0.00600	0.00560	0.00138	0.00576	0.00475	0.00458	0.58659
2	0.01654	0.01862	0.11397	0.03888	0.05431	0.06381	0.09751	0.09561	0.13371	0.02435	0.02181	0.10648	0.04569	0.01318	0.05459	0.00300	0.07502	0.00870	0.00498	0.00926
3	0.01413	0.04466	0.04390	0.02230	0.25120	0.06502	0.01338	0.01749	0.03345	0.02060	0.05355	0.14426	0.14304	0.03311	0.06540	0.00312	0.00783	0.01030	0.00483	0.00840
4	0.01527	0.01200	0.01378	0.01252	0.01535	0.01346	0.00964	0.10776	0.27820	0.02507	0.02673	0.03022	0.07364	0.07602	0.20348	0.05462	0.00951	0.00833	0.00578	0.00862
5	0.01456	0.01470	0.09490	0.23457	0.14604	0.01310	0.06118	0.01878	0.01551	0.06405	0.04044	0.11195	0.07251	0.00996	0.00740	0.00233	0.00772	0.00898	0.05269	0.00863
6	0.01791	0.00933	0.01237	0.01119	0.01416	0.00883	0.00905	0.02170	0.04714	0.24531	0.23533	0.04395	0.03734	0.01614	0.06507	0.00312	0.00617	0.12822	0.05908	0.00858
7	0.04419	0.04849	0.02133	0.07449	0.06968	0.01974	0.01373	0.44306	0.04679	0.03682	0.01584	0.01691	0.01171	0.00779	0.00673	0.00201	0.00758	0.00602	0.00599	0.10110
8	0.01760	0.17344	0.13229	0.09553	0.14639	0.01815	0.11667	0.04902	0.01633	0.06410	0.01461	0.04349	0.01194	0.00714	0.00666	0.00204	0.00867	0.00637	0.00396	0.06561
9	0.01810	0.15380	0.21515	0.02376	0.20303	0.03691	0.04239	0.08803	0.01740	0.04739	0.01449	0.04598	0.01196	0.00735	0.00657	0.00204	0.00864	0.00614	0.00401	0.04684

[dist]
# distance from previous block
# <min> <max>
0	5

[block]
# block no. 6 follows, 29 sequences, length 10
# corresponding to MSA columns:
# 556-565
name=unknown_G
#
# <colnr> <probs for GDERKNQSTAVLIFYWHMCP>
#	G	D	E	R	K	N	Q	S	T	A	V	L	I	F	Y	W	H	M	C	P
0	0.01684	0.16525	0.06261	0.04705	0.10006	0.08468	0.10961	0.03993	0.08020	0.02096	0.03960	0.05390	0.03872	0.07563	0.01012	0.02591	0.00838	0.00752	0.00429	0.00874
1	0.06559	0.04873	0.15322	0.07856	0.17529	0.11443	0.03582	0.05960	0.01727	0.09722	0.01529	0.01944	0.01210	0.00787	0.00755	0.00222	0.04057	0.03499	0.00434	0.00989
2	0.01428	0.01350	0.02286	0.59580	0.17939	0.01604	0.02019	0.01892	0.01463	0.01920	0.01280	0.01871	0.00985	0.00697	0.00711	0.00232	0.00929	0.00633	0.00324	0.00858
3	0.00953	0.00767	0.00860	0.00895	0.01080	0.00713	0.00648	0.01306	0.08171	0.02061	0.10394	0.28643	0.37252	0.01837	0.00852	0.00255	0.00396	0.01591	0.00676	0.00650
4	0.08135	0.05001	0.07815	0.05689	0.25908	0.07930	0.06743	0.15526	0.01923	0.02691	0.01330	0.01624	0.01051	0.00726	0.00768	0.00218	0.04871	0.00597	0.00424	0.01030
5	0.18606	0.11711	0.23240	0.01353	0.01954	0.04639	0.01419	0.04403	0.04295	0.02473	0.04703	0.02323	0.10133	0.00868	0.00616	0.00212	0.00730	0.00651	0.04795	0.00878
6	0.01025	0.00733	0.00991	0.00991	0.01065	0.00807	0.00699	0.01173	0.01099	0.01540	0.02047	0.03573	0.02117	0.34336	0.43618	0.00955	0.01401	0.00876	0.00402	0.00551
7	0.01594	0.05875	0.05739	0.01402	0.02064	0.01277	0.09726	0.05579	0.01607	0.02394	0.01297	0.01529	0.01050	0.00568	0.00582	0.00138	0.00671	0.00492	0.00417	0.55999
8	0.08000	0.16362	0.15196	0.01621	0.07272	0.04238	0.01433	0.12411	0.01832	0.08287	0.02023	0.05260	0.07190	0.00865	0.00642	0.00204	0.00752	0.00672	0.00485	0.05256
9	0.06204	0.04904	0.18980	0.07411	0.21658	0.01615	0.01815	0.06870	0.05713	0.11454	0.05280	0.01977	0.01481	0.00761	0.00685	0.00219	0.00804	0.00640	0.00479	0.01050

[dist]
# distance from previous block
# <min> <max>
0	1

[block]
# block no. 7 follows, 29 sequences, length 55
# corresponding to MSA columns:
# 567-621
name=unknown_H
#
# <colnr> <probs for GDERKNQSTAVLIFYWHMCP>
#	G	D	E	R	K	N	Q	S	T	A	V	L	I	F	Y	W	H	M	C	P
0	0.01169	0.03441	0.01125	0.01014	0.03531	0.00884	0.00755	0.01550	0.07476	0.04555	0.08034	0.05295	0.43460	0.01455	0.00777	0.00222	0.00448	0.03822	0.00628	0.10360
1	0.01704	0.02230	0.18912	0.04819	0.12505	0.08392	0.12031	0.07232	0.01695	0.02321	0.05028	0.01995	0.01405	0.03895	0.01036	0.00249	0.09874	0.00675	0.03064	0.00938
2	0.01542	0.04787	0.28630	0.08137	0.15938	0.04036	0.05022	0.04672	0.01592	0.02222	0.04058	0.04478	0.01467	0.07075	0.00946	0.00258	0.00904	0.00688	0.00379	0.03170
3	0.02111	0.07451	0.02089	0.18886	0.05203	0.18289	0.01441	0.14842	0.01983	0.08926	0.01680	0.08513	0.01426	0.00909	0.00746	0.00218	0.03162	0.00713	0.00491	0.00921
4	0.01118	0.00939	0.01323	0.04041	0.11117	0.00991	0.01013	0.01305	0.01389	0.01866	0.03439	0.33790	0.13292	0.08221	0.01283	0.00309	0.09539	0.03803	0.00542	0.00682
5	0.01558	0.01558	0.02181	0.01869	0.01869	0.02181	0.01558	0.01714	0.01091	0.01714	0.00935	0.01558	0.00935	0.01246	0.02337	0.00312	0.73672	0.00623	0.00312	0.00779
6	0.01553	0.01526	0.02612	0.30885	0.25120	0.01748	0.09244	0.01968	0.01456	0.02013	0.01250	0.01797	0.01018	0.00770	0.01013	0.00243	0.13886	0.00654	0.00332	0.00915
7	0.02078	0.01450	0.02235	0.01745	0.02248	0.01443	0.18755	0.03019	0.24097	0.22688	0.10075	0.02694	0.02277	0.00900	0.00766	0.00233	0.00719	0.00843	0.00681	0.01056
8	0.01560	0.01541	0.01601	0.21260	0.02528	0.12516	0.01257	0.02390	0.22328	0.02232	0.06216	0.03245	0.16296	0.01059	0.00738	0.00230	0.00731	0.00873	0.00544	0.00853
9	0.01741	0.00885	0.01158	0.01018	0.01314	0.00785	0.00788	0.02014	0.01904	0.26584	0.31781	0.12566	0.11771	0.01383	0.00805	0.00232	0.00443	0.01197	0.00790	0.00843
10	0.01283	0.01285	0.09872	0.08116	0.01835	0.01148	0.01159	0.08518	0.01427	0.01987	0.01819	0.02833	0.01705	0.18672	0.34362	0.00749	0.01332	0.00767	0.00411	0.00719
11	0.00915	0.00666	0.00863	0.00937	0.01038	0.00613	0.00656	0.01118	0.01614	0.02193	0.27592	0.44947	0.10357	0.01925	0.00879	0.00262	0.00382	0.01725	0.00704	0.00613
12	0.01477	0.01266	0.01477	0.01055	0.01687	0.00949	0.00844	0.01793	0.01477	0.02320	0.01266	0.01477	0.01055	0.00527	0.00527	0.00105	0.00527	0.00422	0.00422	0.79328
13	0.01497	0.01733	0.20853	0.01478	0.01966	0.01140	0.06420	0.01937	0.01701	0.12445	0.21035	0.13297	0.05629	0.01203	0.00856	0.00239	0.04074	0.01040	0.00588	0.00868
14	0.34561	0.01789	0.07032	0.07667	0.18541	0.06976	0.01438	0.05336	0.01564	0.07195	0.01279	0.01505	0.00977	0.00689	0.00589	0.00217	0.00761	0.00515	0.00435	0.00933
15	0.01865	0.00921	0.01207	0.01025	0.01354	0.00814	0.00807	0.02159	0.01981	0.30035	0.36239	0.04330	0.11764	0.01264	0.00791	0.00224	0.00447	0.01083	0.00809	0.00880
16	0.02931	0.01222	0.01610	0.01251	0.01767	0.01094	0.01027	0.08118	0.02120	0.59102	0.07185	0.02719	0.04578	0.00950	0.00728	0.00221	0.00593	0.00776	0.00854	0.01155
17	0.08904	0.01353	0.01817	0.01421	0.01932	0.01306	0.06687	0.13208	0.02069	0.40585	0.02502	0.02525	0.03936	0.01162	0.04867	0.00279	0.00749	0.02884	0.00731	0.01082
18	0.00947	0.00686	0.00839	0.00928	0.01061	0.00617	0.00664	0.01113	0.01506	0.03855	0.07032	0.43765	0.26256	0.02011	0.00884	0.00272	0.00414	0.05868	0.00671	0.00612
19	0.00868	0.00620	0.00826	0.00991	0.01033	0.00578	0.00661	0.00991	0.01363	0.01818	0.03925	0.74510	0.04710	0.02231	0.00909	0.00289	0.00413	0.02024	0.00661	0.00578
20	0.01730	0.01778	0.02511	0.28385	0.33934	0.11441	0.03608	0.02134	0.01591	0.02045	0.01270	0.01742	0.01028	0.00694	0.00753	0.00221	0.03229	0.00614	0.00341	0.00951
21	0.01631	0.07524	0.15167	0.06190	0.04951	0.04552	0.17771	0.02184	0.05730	0.05044	0.04541	0.06528	0.01671	0.00928	0.00941	0.00241	0.09799	0.03264	0.00428	0.00916
22	0.01809	0.02598	0.21550	0.15480	0.18139	0.19285	0.04729	0.02293	0.01639	0.02049	0.01242	0.01596	0.00973	0.00701	0.00734	0.00217	0.03110	0.00568	0.00334	0.00953
23	0.01477	0.01266	0.01477	0.01055	0.01687	0.00949	0.00844	0.01793	0.01477	0.02320	0.01266	0.01477	0.01055	0.00527	0.00527	0.00105	0.00527	0.00422	0.00422	0.79328
24	0.15565	0.01870	0.02224	0.21041	0.03004	0.11311	0.10835	0.20720	0.02045	0.02862	0.01345	0.01637	0.01006	0.00730	0.00674	0.00221	0.00914	0.00598	0.00462	0.00934
25	0.00890	0.00633	0.00836	0.00990	0.01033	0.00596	0.00665	0.01014	0.01352	0.01801	0.03804	0.67051	0.04540	0.07170	0.01097	0.00318	0.00442	0.04551	0.00645	0.00572
26	0.00877	0.00718	0.00774	0.00770	0.00986	0.00615	0.00574	0.01088	0.01693	0.02113	0.20174	0.09691	0.53951	0.01751	0.00844	0.00239	0.00358	0.01482	0.00687	0.00615
27	0.05678	0.01426	0.01761	0.01355	0.01907	0.01375	0.01119	0.20672	0.02359	0.50977	0.02454	0.02190	0.01582	0.00867	0.00706	0.00219	0.00651	0.00685	0.00821	0.01197
28	0.02141	0.01451	0.01704	0.01291	0.01845	0.01360	0.01050	0.20758	0.02093	0.16297	0.01765	0.04105	0.01351	0.00773	0.00702	0.00173	0.03589	0.00601	0.00597	0.36353
29	0.02962	0.01162	0.01566	0.01218	0.01735	0.01004	0.01000	0.03233	0.02010	0.64061	0.05441	0.02819	0.06492	0.00963	0.00729	0.00222	0.00580	0.00788	0.00863	0.01152
30	0.00982	0.00727	0.00915	0.00868	0.01048	0.00661	0.00651	0.01293	0.01954	0.02708	0.60208	0.05561	0.16761	0.01511	0.00840	0.00227	0.00340	0.01322	0.00764	0.00661
31	0.01390	0.01285	0.02085	0.48490	0.03895	0.01525	0.06684	0.03894	0.06701	0.02020	0.01747	0.11245	0.01543	0.00941	0.00805	0.00246	0.03443	0.00840	0.00407	0.00815
32	0.02719	0.01391	0.01695	0.01353	0.01859	0.01380	0.01100	0.14150	0.16783	0.42580	0.05347	0.02472	0.01959	0.00918	0.00722	0.00224	0.00615	0.00746	0.00816	0.01172
33	0.00998	0.00700	0.00783	0.00778	0.00838	0.00672	0.00474	0.01062	0.01236	0.01620	0.09615	0.05122	0.15318	0.54635	0.02852	0.00564	0.00596	0.01145	0.00507	0.00485
34	0.03887	0.00691	0.00696	0.00693	0.00866	0.00704	0.00523	0.01657	0.01469	0.02630	0.02262	0.02612	0.01789	0.01014	0.03516	0.00209	0.00405	0.00659	0.73052	0.00666
35	0.04217	0.05430	0.22652	0.01819	0.02260	0.18964	0.01759	0.02148	0.01467	0.01931	0.01203	0.04417	0.01069	0.00950	0.01242	0.00245	0.26427	0.00595	0.00340	0.00868
36	0.01723	0.01468	0.02136	0.53386	0.04156	0.01756	0.01804	0.20231	0.01958	0.02560	0.01389	0.01846	0.01022	0.00752	0.00712	0.00231	0.00903	0.00635	0.00426	0.00908
37	0.01904	0.75404	0.03731	0.01218	0.01828	0.02818	0.01218	0.02132	0.01447	0.01675	0.00990	0.01142	0.00914	0.00609	0.00457	0.00152	0.00761	0.00381	0.00305	0.00914
38	0.01771	0.01383	0.01581	0.01203	0.01760	0.01235	0.00961	0.16779	0.04454	0.05117	0.01702	0.07730	0.01462	0.00772	0.00615	0.00154	0.00579	0.00630	0.00534	0.49576
39	0.00882	0.00685	0.00806	0.00873	0.01023	0.00609	0.00628	0.01063	0.01561	0.01988	0.12404	0.33818	0.34516	0.01945	0.00874	0.00262	0.00391	0.04396	0.00674	0.00602
40	0.01772	0.55499	0.22480	0.01444	0.02176	0.02495	0.01610	0.02166	0.01463	0.01836	0.01070	0.01242	0.00911	0.00628	0.00518	0.00173	0.00842	0.00421	0.00304	0.00952
41	0.01319	0.01040	0.01512	0.21388	0.07527	0.01117	0.01280	0.04201	0.04151	0.04881	0.05421	0.19808	0.08826	0.01421	0.00822	0.00262	0.00659	0.13036	0.00559	0.00769
42	0.01722	0.01679	0.02729	0.16181	0.56775	0.04170	0.02121	0.02145	0.01601	0.02218	0.01318	0.01769	0.01090	0.00651	0.00704	0.00215	0.00879	0.00628	0.00347	0.01059
43	0.02311	0.01074	0.01415	0.01159	0.01561	0.00986	0.00930	0.04977	0.04740	0.40665	0.25306	0.03391	0.03421	0.01233	0.03275	0.00255	0.00566	0.00910	0.00819	0.01007
44	0.01263	0.00665	0.00704	0.00731	0.00881	0.00660	0.00545	0.01570	0.01483	0.02530	0.02580	0.11695	0.02274	0.01049	0.00568	0.00188	0.00355	0.03545	0.66061	0.00653
45	0.01388	0.01335	0.02330	0.64934	0.07442	0.01604	0.07213	0.01871	0.01452	0.01876	0.01282	0.01895	0.00967	0.00700	0.00722	0.00236	0.00965	0.00649	0.00321	0.00818
46	0.02969	0.01508	0.01741	0.01375	0.01902	0.06618	0.01119	0.12115	0.07875	0.51160	0.02541	0.02262	0.01660	0.00874	0.00711	0.00218	0.00677	0.00694	0.00807	0.01175
47	0.01147	0.00820	0.01147	0.01311	0.01475	0.00820	0.01147	0.01475	0.01639	0.02131	0.03770	0.08032	0.04098	0.01967	0.00984	0.00328	0.00656	0.65741	0.00656	0.00656
48	0.01586	0.01365	0.02283	0.51059	0.20657	0.01568	0.01958	0.02033	0.01518	0.07157	0.01400	0.01905	0.01054	0.00706	0.00711	0.00230	0.00898	0.00639	0.00368	0.00905
49	0.01083	0.00846	0.01214	0.01177	0.01272	0.01013	0.00904	0.01290	0.01123	0.01622	0.01841	0.02915	0.01795	0.14691	0.54307	0.00983	0.10136	0.00785	0.00380	0.00624
50	0.01036	0.00690	0.00777	0.00777	0.00777	0.00690	0.00431	0.01036	0.01036	0.01381	0.02244	0.04660	0.02589	0.74975	0.03624	0.00690	0.00690	0.01036	0.00431	0.00431
51	0.01498	0.01298	0.01583	0.01305	0.06874	0.01005	0.00945	0.01823	0.01487	0.02321	0.01271	0.01498	0.01060	0.00535	0.00541	0.00113	0.00551	0.00438	0.00417	0.73436
52	0.01477	0.01266	0.01477	0.01055	0.01687	0.00949	0.00844	0.01793	0.01477	0.02320	0.01266	0.01477	0.01055	0.00527	0.00527	0.00105	0.00527	0.00422	0.00422	0.79328
53	0.01464	0.09087	0.66196	0.01968	0.02987	0.01741	0.02524	0.02246	0.01499	0.02211	0.01256	0.01476	0.00903	0.00671	0.00660	0.00220	0.01030	0.00515	0.00301	0.01042
54	0.02168	0.02341	0.02742	0.02153	0.02673	0.27188	0.26141	0.07539	0.09348	0.05554	0.03982	0.01899	0.01381	0.00751	0.00741	0.00216	0.01072	0.00694	0.00468	0.00950

[dist]
# distance from previous block
# <min> <max>
0	1

[block]
# block no. 8 follows, 29 sequences, length 33
# corresponding to MSA columns:
# 623-655
name=unknown_I
#
# <colnr> <probs for GDERKNQSTAVLIFYWHMCP>
#	G	D	E	R	K	N	Q	S	T	A	V	L	I	F	Y	W	H	M	C	P
0	0.01342	0.01160	0.01879	0.60579	0.04192	0.01422	0.01719	0.01791	0.01436	0.01965	0.01450	0.02031	0.01102	0.00732	0.00674	0.00225	0.00841	0.00638	0.14051	0.00769
1	0.01160	0.00855	0.01086	0.01082	0.03685	0.00820	0.00786	0.01633	0.08169	0.04804	0.48855	0.05159	0.13434	0.01427	0.00827	0.00232	0.00401	0.04101	0.00745	0.00738
2	0.01274	0.01108	0.01471	0.18818	0.04445	0.05359	0.01284	0.01598	0.01511	0.01953	0.02644	0.11490	0.04159	0.01907	0.09727	0.00377	0.00889	0.24327	0.00499	0.05158
3	0.01633	0.01229	0.01379	0.03462	0.01645	0.01341	0.00971	0.07626	0.33277	0.06288	0.18689	0.03362	0.06092	0.01084	0.00732	0.00226	0.00508	0.00913	0.08591	0.00950
4	0.02429	0.02552	0.02235	0.06037	0.02462	0.34361	0.07098	0.22903	0.05537	0.02699	0.01407	0.01582	0.01084	0.00789	0.00753	0.00208	0.03830	0.00581	0.00485	0.00967
5	0.01056	0.00739	0.00944	0.00892	0.01076	0.00673	0.00669	0.01365	0.01949	0.04939	0.58585	0.07827	0.13599	0.01503	0.00838	0.00228	0.00350	0.01319	0.00769	0.00678
