[name]
unknown

[dist]
# distance from previous block
# <min> <max>
0	43

[block]
# block no. 0 follows, 34 sequences, length 12
# corresponding to MSA columns:
# 45-56
name=unknown_A
#
# <colnr> <probs for GDERKNQSTAVLIFYWHMCP>
#	G	D	E	R	K	N	Q	S	T	A	V	L	I	F	Y	W	H	M	C	P
0	0.03014	0.05556	0.09276	0.01397	0.06774	0.03264	0.03609	0.04640	0.06334	0.04421	0.17705	0.06961	0.02626	0.04811	0.00826	0.00219	0.02224	0.05661	0.00499	0.10185
1	0.06704	0.13063	0.12919	0.01419	0.03743	0.10700	0.04971	0.04624	0.13541	0.02166	0.07505	0.04407	0.06533	0.00820	0.00607	0.00190	0.00698	0.00660	0.00444	0.04285
2	0.07883	0.15114	0.07758	0.04796	0.01906	0.05754	0.08309	0.08222	0.07747	0.03900	0.01882	0.06100	0.06506	0.06447	0.00797	0.00222	0.00697	0.00677	0.00430	0.04849
3	0.09595	0.06190	0.16012	0.04229	0.04211	0.03160	0.01176	0.03377	0.05728	0.02061	0.02084	0.11992	0.07649	0.04108	0.00722	0.00211	0.00624	0.02637	0.00425	0.13807
4	0.01604	0.12153	0.27067	0.01499	0.03877	0.13345	0.01500	0.02141	0.07020	0.06950	0.10302	0.02187	0.04249	0.00800	0.00620	0.00193	0.00776	0.02436	0.00424	0.00856
5	0.01537	0.11306	0.29584	0.01514	0.03857	0.01506	0.03468	0.07832	0.08102	0.04841	0.04431	0.01628	0.01241	0.00653	0.00583	0.00176	0.00728	0.00522	0.00401	0.16091
6	0.05575	0.10487	0.23387	0.01564	0.04825	0.01425	0.06878	0.02132	0.03520	0.14697	0.05275	0.01957	0.01417	0.00737	0.00674	0.00195	0.03959	0.03404	0.00435	0.07455
7	0.01085	0.00571	0.00822	0.00822	0.00845	0.00560	0.00554	0.00851	0.00907	0.01187	0.01684	0.02405	0.08571	0.02182	0.02343	0.72809	0.00537	0.00644	0.00314	0.00308
8	0.00825	0.00589	0.00769	0.00893	0.00960	0.00549	0.00624	0.00939	0.01265	0.01657	0.03766	0.58417	0.12093	0.01970	0.00915	0.04637	0.00399	0.07630	0.00582	0.00520
9	0.01334	0.09901	0.67720	0.01777	0.02696	0.01594	0.02274	0.02036	0.01360	0.02000	0.01136	0.01335	0.00819	0.00608	0.00596	0.00199	0.00932	0.00466	0.00273	0.00944
10	0.01894	0.09131	0.04477	0.04686	0.18859	0.13460	0.07177	0.05243	0.10402	0.10665	0.01478	0.01642	0.01137	0.00702	0.00728	0.00197	0.06202	0.00568	0.00427	0.00925
11	0.01368	0.04581	0.26178	0.02811	0.01953	0.02729	0.01392	0.01963	0.09105	0.05447	0.07667	0.02140	0.05477	0.01039	0.05623	0.00241	0.02912	0.00614	0.00422	0.16337

[dist]
# distance from previous block
# <min> <max>
2	5

[block]
# block no. 1 follows, 34 sequences, length 16
# corresponding to MSA columns:
# 62-77
name=unknown_B
#
# <colnr> <probs for GDERKNQSTAVLIFYWHMCP>
#	G	D	E	R	K	N	Q	S	T	A	V	L	I	F	Y	W	H	M	C	P
0	0.59269	0.01543	0.05920	0.04341	0.06482	0.06254	0.01000	0.04868	0.01280	0.02701	0.00982	0.01164	0.00762	0.00613	0.00463	0.00198	0.00615	0.00397	0.00388	0.00759
1	0.00918	0.00636	0.00762	0.00802	0.00848	0.00621	0.00527	0.01002	0.01140	0.01511	0.06953	0.15712	0.07103	0.47123	0.02306	0.00480	0.00548	0.10068	0.00481	0.00460
2	0.01281	0.01210	0.02047	0.64319	0.15399	0.01451	0.01824	0.01704	0.01321	0.01724	0.01159	0.01703	0.00887	0.00635	0.00645	0.00212	0.00846	0.00574	0.00292	0.00766
3	0.00958	0.00790	0.00972	0.09881	0.01400	0.03231	0.00750	0.01222	0.01623	0.02162	0.40302	0.13178	0.18385	0.01363	0.00750	0.00213	0.00414	0.01189	0.00612	0.00605
4	0.01122	0.00561	0.00842	0.00842	0.00842	0.00561	0.00561	0.00842	0.00842	0.01122	0.01122	0.01964	0.01122	0.02245	0.02525	0.81201	0.00561	0.00561	0.00281	0.00281
5	0.01460	0.01550	0.02739	0.02122	0.02392	0.01836	0.30202	0.01768	0.01211	0.01768	0.01038	0.01550	0.00903	0.00888	0.01558	0.00256	0.45035	0.00647	0.00301	0.00775
6	0.00940	0.00653	0.00784	0.00809	0.00969	0.00582	0.00586	0.01109	0.01437	0.06711	0.12409	0.31525	0.33034	0.01797	0.03343	0.00260	0.00406	0.01443	0.00617	0.00584
7	0.01080	0.00693	0.00860	0.00884	0.01053	0.00629	0.00668	0.01261	0.01441	0.09858	0.08989	0.25237	0.24679	0.06821	0.00962	0.00269	0.00430	0.12968	0.00615	0.00604
8	0.22758	0.00877	0.00934	0.00858	0.01069	0.00895	0.00613	0.01628	0.01204	0.16171	0.02045	0.12915	0.02026	0.31439	0.01661	0.00379	0.00543	0.00848	0.00503	0.00632
9	0.01088	0.00751	0.00879	0.00878	0.01056	0.00706	0.00656	0.06078	0.01486	0.06614	0.04249	0.22154	0.29142	0.11398	0.01104	0.00288	0.00453	0.09829	0.00589	0.00603
10	0.01248	0.00762	0.00862	0.00792	0.00990	0.00742	0.00594	0.05645	0.04056	0.07321	0.21529	0.03683	0.12433	0.08929	0.00901	0.00231	0.00388	0.00896	0.27343	0.00654
11	0.06569	0.00697	0.00797	0.00830	0.00939	0.00689	0.00570	0.04047	0.01320	0.01891	0.09430	0.34884	0.09623	0.18442	0.01302	0.00320	0.00439	0.01303	0.05361	0.00546
12	0.24806	0.01317	0.01356	0.01114	0.01502	0.01428	0.00885	0.24514	0.06765	0.14446	0.01680	0.02001	0.01327	0.12973	0.01000	0.00268	0.00597	0.00594	0.00561	0.00867
13	0.31599	0.01086	0.01066	0.00916	0.01276	0.01128	0.00738	0.10285	0.01610	0.13312	0.08339	0.03003	0.21281	0.00993	0.00596	0.00204	0.00471	0.00767	0.00569	0.00759
14	0.00909	0.00648	0.00767	0.00789	0.00887	0.00613	0.00536	0.02770	0.01364	0.01836	0.17193	0.25616	0.15886	0.22223	0.01452	0.00336	0.00427	0.01296	0.03927	0.00526
15	0.01073	0.00804	0.00960	0.01004	0.01148	0.00833	0.00728	0.04502	0.16154	0.02072	0.06113	0.47143	0.03550	0.01614	0.00761	0.00243	0.00421	0.04785	0.05427	0.00665

[dist]
# distance from previous block
# <min> <max>
1	18

[block]
# block no. 2 follows, 34 sequences, length 46
# corresponding to MSA columns:
# 96-141
name=unknown_C
#
# <colnr> <probs for GDERKNQSTAVLIFYWHMCP>
#	G	D	E	R	K	N	Q	S	T	A	V	L	I	F	Y	W	H	M	C	P
0	0.00947	0.00711	0.00940	0.00893	0.01070	0.00639	0.04664	0.01131	0.01438	0.04958	0.15559	0.24438	0.30004	0.08398	0.01002	0.00264	0.00418	0.01356	0.00592	0.00580
1	0.03636	0.00757	0.00925	0.00913	0.01106	0.00731	0.00719	0.01424	0.06686	0.04677	0.34869	0.08519	0.16323	0.01427	0.00768	0.00228	0.00399	0.14599	0.00653	0.00641
2	0.00901	0.00741	0.00803	0.00773	0.00991	0.00686	0.00584	0.01295	0.09767	0.02078	0.23462	0.05412	0.47242	0.01466	0.00751	0.00214	0.00343	0.01239	0.00636	0.00618
3	0.11247	0.00763	0.00894	0.00925	0.01091	0.00760	0.00714	0.01365	0.01329	0.07168	0.05201	0.18182	0.08403	0.14325	0.01170	0.00311	0.00499	0.20507	0.04551	0.00594
4	0.00813	0.00601	0.00760	0.00836	0.00932	0.00548	0.00583	0.00979	0.01417	0.01886	0.20269	0.47629	0.16793	0.01792	0.00799	0.00241	0.00350	0.01598	0.00626	0.00548
5	0.04823	0.00631	0.00618	0.00613	0.00775	0.00640	0.00463	0.01523	0.01344	0.02431	0.02054	0.02348	0.01613	0.00746	0.00449	0.00153	0.00310	0.00591	0.77269	0.00607
6	0.01205	0.00619	0.00644	0.02972	0.00869	0.00629	0.00494	0.01510	0.01353	0.02385	0.02078	0.02387	0.01631	0.00749	0.00458	0.00153	0.00319	0.00601	0.78337	0.00606
7	0.01204	0.00602	0.00602	0.00602	0.00753	0.00602	0.00452	0.01506	0.01355	0.02409	0.02108	0.02409	0.01656	0.00753	0.00452	0.00151	0.00301	0.00602	0.80879	0.00602
8	0.00824	0.00645	0.00689	0.00690	0.00853	0.00567	0.00490	0.00977	0.01406	0.01769	0.12851	0.08682	0.48350	0.14672	0.01194	0.00287	0.00378	0.01267	0.02880	0.00527
9	0.01268	0.01197	0.02024	0.66773	0.13047	0.01448	0.01818	0.01692	0.01314	0.01708	0.01157	0.01707	0.00882	0.00637	0.00645	0.00212	0.00850	0.00574	0.00291	0.00756
10	0.00926	0.00629	0.00701	0.00701	0.00718	0.00620	0.00399	0.00939	0.00981	0.01291	0.02389	0.04384	0.07889	0.71360	0.03091	0.00594	0.00603	0.00973	0.00408	0.00404
11	0.01220	0.01148	0.01938	0.75739	0.04450	0.01436	0.01794	0.01651	0.01292	0.01651	0.01148	0.01723	0.00861	0.00646	0.00646	0.00215	0.00861	0.00574	0.00287	0.00718
12	0.00798	0.00656	0.00702	0.00691	0.00894	0.00560	0.00518	0.00994	0.01554	0.01939	0.21747	0.05900	0.57677	0.01564	0.00763	0.00215	0.00322	0.01319	0.00625	0.00560
13	0.01340	0.01148	0.01340	0.00957	0.01531	0.00861	0.00766	0.01627	0.01340	0.02105	0.01148	0.01340	0.00957	0.00479	0.00479	0.00096	0.00479	0.00383	0.00383	0.81242
14	0.01220	0.01148	0.01938	0.75739	0.04450	0.01436	0.01794	0.01651	0.01292	0.01651	0.01148	0.01723	0.00861	0.00646	0.00646	0.00215	0.00861	0.00574	0.00287	0.00718
15	0.01607	0.01388	0.01461	0.01315	0.01680	0.01607	0.01023	0.03433	0.72094	0.02703	0.02630	0.02411	0.01972	0.00877	0.00657	0.00219	0.00511	0.00731	0.00657	0.01023
16	0.01599	0.01535	0.02623	0.03966	0.73262	0.01535	0.01983	0.01983	0.01471	0.02111	0.01215	0.01599	0.01023	0.00576	0.00640	0.00192	0.00768	0.00576	0.00320	0.01023
17	0.01483	0.01740	0.05933	0.02610	0.03245	0.01578	0.65433	0.02015	0.01506	0.02049	0.01407	0.05225	0.01128	0.00616	0.00761	0.00220	0.01052	0.00803	0.00338	0.00858
18	0.01392	0.08750	0.59742	0.01857	0.02731	0.04449	0.08219	0.02061	0.01393	0.01991	0.01147	0.01365	0.00834	0.00605	0.00611	0.00199	0.00955	0.00490	0.00280	0.00930
19	0.00764	0.00655	0.00655	0.00655	0.00873	0.00545	0.00491	0.00927	0.01473	0.01745	0.06546	0.06218	0.73000	0.01636	0.00764	0.00218	0.00327	0.01364	0.00600	0.00545
20	0.01296	0.03342	0.73944	0.01842	0.02797	0.01501	0.02387	0.02046	0.01364	0.02046	0.01160	0.01364	0.00818	0.00614	0.00614	0.00205	0.00955	0.00477	0.00273	0.00955
21	0.06466	0.01265	0.03984	0.01198	0.01711	0.01114	0.01019	0.10945	0.01936	0.59896	0.02309	0.02042	0.01473	0.00781	0.00637	0.00199	0.00580	0.00622	0.00745	0.01076
22	0.01727	0.77681	0.03386	0.01106	0.01658	0.02557	0.01106	0.01935	0.01313	0.01520	0.00898	0.01036	0.00829	0.00553	0.00415	0.00138	0.00691	0.00345	0.00276	0.00829
23	0.01008	0.00714	0.01019	0.01001	0.01107	0.00808	0.00755	0.03828	0.01084	0.01533	0.01683	0.02596	0.01609	0.11379	0.56557	0.10274	0.01448	0.00697	0.00355	0.00545
24	0.01218	0.01460	0.10155	0.09361	0.07437	0.05649	0.13283	0.01576	0.01489	0.01932	0.11027	0.03359	0.23594	0.01025	0.00780	0.00213	0.04374	0.00896	0.00442	0.00731
25	0.01220	0.01148	0.01938	0.75739	0.04450	0.01436	0.01794	0.01651	0.01292	0.01651	0.01148	0.01723	0.00861	0.00646	0.00646	0.00215	0.00861	0.00574	0.00287	0.00718
26	0.01499	0.01433	0.02441	0.22969	0.55043	0.01509	0.01933	0.01895	0.01424	0.01989	0.01198	0.01632	0.00981	0.00594	0.00641	0.00198	0.00792	0.00575	0.00311	0.00943
27	0.01537	0.01729	0.10925	0.08705	0.45018	0.01527	0.11361	0.04949	0.01521	0.02137	0.01398	0.01743	0.03236	0.00623	0.00658	0.00200	0.00824	0.00615	0.00336	0.00960
28	0.00804	0.00632	0.00733	0.00804	0.00950	0.00561	0.00593	0.00965	0.01391	0.01733	0.05125	0.31374	0.40606	0.01791	0.00800	0.00243	0.00375	0.09375	0.00599	0.00544
29	0.01930	0.01262	0.01435	0.01237	0.01628	0.01360	0.00977	0.03217	0.47878	0.22807	0.06929	0.02499	0.02120	0.00882	0.00662	0.00213	0.00510	0.00735	0.00701	0.01019
30	0.01544	0.07570	0.07557	0.31612	0.26319	0.04471	0.01775	0.07900	0.01531	0.02028	0.01181	0.01565	0.00928	0.00625	0.00621	0.00197	0.00823	0.00544	0.00329	0.00878
31	0.01669	0.01793	0.10667	0.03094	0.47741	0.04405	0.01813	0.10729	0.04058	0.02330	0.01393	0.04848	0.01175	0.00682	0.00644	0.00197	0.00772	0.00619	0.00380	0.00993
32	0.00940	0.00626	0.00705	0.00705	0.00705	0.00626	0.00392	0.00940	0.00940	0.01253	0.02036	0.04228	0.02349	0.77292	0.03289	0.00626	0.00626	0.00940	0.00392	0.00392
33	0.03558	0.01516	0.10540	0.47821	0.11960	0.01487	0.08769	0.01782	0.01332	0.01825	0.01160	0.01643	0.00882	0.00633	0.00679	0.00213	0.02533	0.00576	0.00296	0.00795
34	0.01443	0.02102	0.25095	0.16508	0.26040	0.03403	0.12230	0.01969	0.01421	0.01985	0.01193	0.01558	0.00917	0.00599	0.00649	0.00203	0.00902	0.00568	0.00300	0.00915
35	0.01334	0.01739	0.16712	0.33275	0.11606	0.01469	0.17273	0.01830	0.01364	0.01858	0.01232	0.01751	0.00963	0.03940	0.00780	0.00229	0.00910	0.00613	0.00301	0.00820
36	0.00815	0.00589	0.00778	0.00918	0.00980	0.00552	0.00644	0.00952	0.01281	0.01688	0.03728	0.64446	0.08435	0.01973	0.00829	0.00264	0.00398	0.09597	0.00599	0.00534
37	0.01629	0.10639	0.08808	0.16078	0.16211	0.01652	0.15258	0.08858	0.05036	0.05399	0.01364	0.01697	0.01059	0.02691	0.00709	0.00210	0.00824	0.00598	0.00378	0.00901
38	0.01328	0.01190	0.01953	0.08231	0.27795	0.01212	0.09321	0.01798	0.07578	0.02058	0.03518	0.15313	0.02039	0.00989	0.00698	0.00218	0.00662	0.06831	0.06450	0.00818
39	0.00808	0.00657	0.00705	0.00717	0.00906	0.00570	0.00538	0.00981	0.01462	0.01792	0.11087	0.08096	0.56324	0.06287	0.00930	0.00249	0.00365	0.06386	0.00595	0.00544
40	0.01651	0.01766	0.06842	0.06209	0.13026	0.10269	0.21814	0.08303	0.01643	0.04128	0.01697	0.02173	0.05339	0.00759	0.00747	0.00206	0.04090	0.04589	0.00396	0.04355
41	0.11446	0.14123	0.01965	0.01559	0.05130	0.49239	0.01168	0.02319	0.01620	0.01738	0.01017	0.01256	0.00877	0.03238	0.00630	0.00183	0.00979	0.00423	0.00333	0.00756
42	0.05146	0.01598	0.03654	0.01681	0.06700	0.03617	0.09891	0.29958	0.07240	0.10150	0.01666	0.01871	0.01256	0.00977	0.04974	0.00245	0.00784	0.02438	0.00540	0.05612
43	0.01415	0.19150	0.52575	0.01869	0.08693	0.01730	0.02077	0.02017	0.01362	0.01939	0.01108	0.01314	0.00839	0.00597	0.00573	0.00189	0.00882	0.00458	0.00278	0.00934
44	0.01041	0.01036	0.09466	0.01209	0.01459	0.00811	0.01139	0.01377	0.01472	0.01927	0.03490	0.06487	0.10727	0.01633	0.00846	0.00278	0.00608	0.53804	0.00558	0.00632
45	0.11032	0.68806	0.03103	0.01076	0.01611	0.02428	0.01058	0.01931	0.01288	0.01680	0.00898	0.01038	0.00814	0.00558	0.00413	0.00145	0.00669	0.00346	0.00291	0.00814

[dist]
# distance from previous block
# <min> <max>
0	1

[block]
# block no. 3 follows, 34 sequences, length 7
# corresponding to MSA columns:
# 143-149
name=unknown_D
#
# <colnr> <probs for GDERKNQSTAVLIFYWHMCP>
#	G	D	E	R	K	N	Q	S	T	A	V	L	I	F	Y	W	H	M	C	P
0	0.03824	0.12201	0.36793	0.01650	0.07011	0.03832	0.01705	0.02146	0.06460	0.08611	0.04938	0.01873	0.04787	0.00723	0.00603	0.00195	0.00772	0.00571	0.00394	0.00911
1	0.00966	0.00703	0.00946	0.01077	0.01216	0.00684	0.00902	0.01217	0.01445	0.01864	0.03826	0.18546	0.12268	0.01806	0.00866	0.00282	0.00526	0.49688	0.00596	0.00577
2	0.01895	0.60039	0.03040	0.01207	0.01739	0.07606	0.01136	0.13220	0.01630	0.01939	0.01012	0.01129	0.00873	0.00597	0.00464	0.00149	0.00728	0.00389	0.00341	0.00867
3	0.00787	0.00562	0.00750	0.00900	0.00937	0.00525	0.00600	0.00900	0.01237	0.01649	0.03561	0.76871	0.04274	0.02024	0.00825	0.00262	0.00375	0.01837	0.00600	0.00525
4	0.01407	0.04382	0.06142	0.20093	0.25171	0.01533	0.14159	0.01804	0.01374	0.01887	0.01436	0.03943	0.03073	0.00743	0.00812	0.00215	0.08136	0.02518	0.00328	0.00844
5	0.01449	0.13751	0.02507	0.17640	0.33914	0.01584	0.07666	0.01803	0.01405	0.01876	0.01613	0.04576	0.06067	0.00709	0.00630	0.00195	0.00758	0.00654	0.00336	0.00865
6	0.18850	0.01237	0.06342	0.01098	0.01569	0.01053	0.00960	0.02597	0.01659	0.46114	0.10045	0.02200	0.01867	0.00804	0.00608	0.00201	0.00540	0.00634	0.00671	0.00952

[dist]
# distance from previous block
# <min> <max>
0	108

# created by:
# /home/cegg/simao/soft/augustus-3.2.1/scripts/msa2prfl.pl ./align_prep/EOG090W0NTV.fa
