[name]
unknown

[dist]
# distance from previous block
# <min> <max>
0	27

[block]
# block no. 0 follows, 34 sequences, length 60
# corresponding to MSA columns:
# 27-86
name=unknown_A
#
# <colnr> <probs for GDERKNQSTAVLIFYWHMCP>
#	G	D	E	R	K	N	Q	S	T	A	V	L	I	F	Y	W	H	M	C	P
0	0.01849	0.01854	0.01869	0.01969	0.16102	0.23487	0.02886	0.10692	0.03124	0.03602	0.01457	0.05676	0.01304	0.03909	0.00945	0.00220	0.11300	0.02301	0.04633	0.00820
1	0.04036	0.16428	0.05766	0.07735	0.06008	0.24420	0.01295	0.16578	0.01849	0.02207	0.01418	0.01567	0.04657	0.00703	0.00576	0.00176	0.00845	0.00509	0.00397	0.02831
2	0.00820	0.00635	0.00739	0.00757	0.00907	0.00563	0.00546	0.01007	0.01504	0.01953	0.25187	0.21386	0.35297	0.04666	0.00878	0.00240	0.00343	0.01394	0.00624	0.00554
3	0.01559	0.01500	0.02555	0.10812	0.59195	0.01534	0.05415	0.02031	0.05167	0.02095	0.01288	0.01661	0.01055	0.00597	0.00647	0.00197	0.00780	0.00593	0.00335	0.00986
4	0.00781	0.00650	0.00682	0.00685	0.00886	0.00551	0.00510	0.00958	0.01499	0.01832	0.13586	0.09781	0.62132	0.01623	0.00767	0.00219	0.00327	0.01367	0.00612	0.00551
5	0.09512	0.00915	0.01149	0.01075	0.01349	0.00894	0.00870	0.05385	0.01586	0.23655	0.06269	0.16176	0.02773	0.03428	0.02817	0.00272	0.00558	0.19916	0.00635	0.00766
6	0.01443	0.01315	0.03521	0.01422	0.05431	0.02901	0.10790	0.05205	0.01531	0.04214	0.07927	0.03982	0.01615	0.00678	0.00592	0.00150	0.00606	0.02356	0.00434	0.43887
7	0.51819	0.01421	0.05256	0.06879	0.17666	0.01485	0.01172	0.01899	0.01207	0.02554	0.01000	0.01246	0.00794	0.00613	0.00529	0.00202	0.02679	0.00429	0.00364	0.00787
8	0.02819	0.01228	0.01579	0.01210	0.01713	0.01140	0.01000	0.15399	0.02064	0.61157	0.02369	0.02082	0.01509	0.00795	0.00649	0.00199	0.00579	0.00638	0.00772	0.01099
9	0.00975	0.00765	0.00899	0.00882	0.01076	0.00742	0.00676	0.01445	0.11793	0.02239	0.32460	0.09830	0.24396	0.01438	0.00764	0.00223	0.00374	0.07724	0.00653	0.00644
10	0.00914	0.00660	0.00864	0.00813	0.00965	0.00610	0.00610	0.01219	0.01829	0.02591	0.72921	0.04827	0.06097	0.01321	0.00762	0.00203	0.00305	0.01169	0.00711	0.00610
11	0.01204	0.00602	0.00602	0.00602	0.00753	0.00602	0.00452	0.01506	0.01355	0.02409	0.02108	0.02409	0.01656	0.00753	0.00452	0.00151	0.00301	0.00602	0.80879	0.00602
12	0.01290	0.07920	0.43064	0.01662	0.04466	0.03314	0.04759	0.01863	0.03318	0.01978	0.05456	0.09232	0.05148	0.00856	0.00684	0.00208	0.02864	0.00706	0.00361	0.00853
13	0.01446	0.29216	0.49386	0.01585	0.02400	0.01868	0.01941	0.02007	0.01346	0.01863	0.01069	0.01250	0.00822	0.00593	0.00545	0.00182	0.00863	0.00432	0.00274	0.00911
14	0.02112	0.01401	0.01519	0.01216	0.01626	0.01515	0.00988	0.41603	0.07906	0.10149	0.01872	0.01899	0.01357	0.00780	0.00598	0.00185	0.00576	0.00605	0.21126	0.00966
15	0.01471	0.01587	0.07755	0.02001	0.22375	0.08340	0.01311	0.04265	0.19065	0.02170	0.02888	0.02896	0.19280	0.00934	0.00668	0.00204	0.00646	0.00788	0.00481	0.00874
16	0.00785	0.00570	0.00742	0.00879	0.00932	0.00527	0.00590	0.00902	0.01257	0.01658	0.03818	0.70796	0.10182	0.01991	0.00819	0.00259	0.00371	0.01796	0.00600	0.00527
17	0.01292	0.01377	0.08559	0.35050	0.24069	0.01328	0.01699	0.01688	0.01390	0.01896	0.08367	0.02094	0.03447	0.00785	0.00736	0.03676	0.00760	0.00646	0.00346	0.00796
18	0.81856	0.01250	0.00950	0.00850	0.01250	0.01449	0.00700	0.01899	0.01100	0.02899	0.00900	0.01050	0.00700	0.00600	0.00400	0.00200	0.00500	0.00350	0.00400	0.00700
19	0.01711	0.60689	0.02946	0.01133	0.01638	0.06093	0.01069	0.05040	0.01410	0.01677	0.01100	0.04967	0.01040	0.00733	0.02071	0.00166	0.00712	0.00445	0.00320	0.05041
20	0.00784	0.00655	0.00683	0.00676	0.00885	0.00554	0.00507	0.00968	0.01522	0.01862	0.15692	0.06027	0.63780	0.01593	0.00763	0.00216	0.00324	0.01337	0.00615	0.00554
21	0.01709	0.01422	0.01526	0.01329	0.01691	0.01641	0.01050	0.14736	0.52938	0.02843	0.02440	0.02310	0.03588	0.00889	0.00730	0.00216	0.04507	0.00710	0.02730	0.00996
22	0.00785	0.00652	0.00668	0.00666	0.00863	0.00555	0.00488	0.00941	0.01444	0.01741	0.09014	0.05993	0.64263	0.07909	0.00973	0.00251	0.00351	0.01320	0.00587	0.00535
23	0.58441	0.01338	0.01162	0.00991	0.01399	0.01523	0.00811	0.17882	0.01561	0.03116	0.01173	0.03663	0.00936	0.00691	0.00472	0.00199	0.00539	0.00459	0.02860	0.00784
24	0.13948	0.01464	0.01630	0.01251	0.01761	0.01494	0.02752	0.32098	0.03835	0.13152	0.01523	0.01546	0.01096	0.00682	0.00575	0.00174	0.00609	0.00520	0.00564	0.19324
25	0.41602	0.01336	0.01541	0.12655	0.17429	0.03450	0.01207	0.03549	0.01295	0.02445	0.01166	0.01650	0.00984	0.00690	0.00574	0.00207	0.02710	0.04356	0.00378	0.00778
26	0.01610	0.01235	0.01296	0.01149	0.01477	0.01393	0.00898	0.11585	0.44583	0.02801	0.02354	0.02300	0.01777	0.00831	0.00602	0.00198	0.00481	0.00678	0.21832	0.00921
27	0.00866	0.00650	0.00802	0.00783	0.00940	0.00586	0.00580	0.01118	0.01686	0.02297	0.50281	0.12108	0.22000	0.01465	0.00768	0.00213	0.00317	0.01280	0.00674	0.00586
28	0.00820	0.00653	0.00736	0.00724	0.00910	0.00568	0.00539	0.01033	0.01593	0.02051	0.30740	0.08932	0.45339	0.01538	0.00766	0.00215	0.00321	0.01314	0.00641	0.00568
29	0.01414	0.01414	0.01979	0.01696	0.01696	0.01979	0.01414	0.01555	0.00990	0.01555	0.00848	0.01414	0.00848	0.01131	0.02120	0.00283	0.76110	0.00565	0.00283	0.00707
30	0.01340	0.01148	0.01340	0.00957	0.01531	0.00861	0.00766	0.01627	0.01340	0.02105	0.01148	0.01340	0.00957	0.00479	0.00479	0.00096	0.00479	0.00383	0.00383	0.81242
31	0.01688	0.01387	0.01951	0.32493	0.15735	0.01569	0.01533	0.24236	0.01896	0.02582	0.01371	0.01702	0.01034	0.00684	0.00629	0.00199	0.00749	0.00579	0.07097	0.00887
32	0.02640	0.01129	0.01478	0.01153	0.01618	0.01029	0.00945	0.08809	0.04062	0.59076	0.08923	0.02391	0.01980	0.00848	0.00660	0.00200	0.00540	0.00694	0.00774	0.01052
33	0.01863	0.01555	0.01750	0.01441	0.01852	0.05329	0.06798	0.25444	0.31616	0.02974	0.02005	0.02014	0.01505	0.00966	0.03817	0.00238	0.00695	0.00657	0.06511	0.00972
34	0.00780	0.00655	0.00677	0.00672	0.00883	0.00552	0.00504	0.00959	0.01511	0.01837	0.13720	0.06068	0.65768	0.01602	0.00763	0.00217	0.00325	0.01343	0.00612	0.00552
35	0.00845	0.00713	0.00783	0.00781	0.00965	0.00667	0.00584	0.01079	0.04458	0.01807	0.09091	0.15832	0.52874	0.01616	0.00839	0.00227	0.04322	0.01352	0.00592	0.00575
36	0.02899	0.01100	0.01499	0.01150	0.01649	0.00950	0.00950	0.03149	0.01849	0.73709	0.02549	0.02199	0.01599	0.00800	0.00650	0.00200	0.00550	0.00650	0.00800	0.01100
37	0.01331	0.09402	0.68192	0.01782	0.02704	0.01587	0.02283	0.02037	0.01360	0.02003	0.01138	0.01337	0.00819	0.00609	0.00598	0.00199	0.00933	0.00467	0.00273	0.00945
38	0.17782	0.03629	0.01532	0.01151	0.01637	0.01282	0.00957	0.14951	0.01902	0.45645	0.02007	0.01830	0.01316	0.00750	0.00594	0.00197	0.00573	0.00571	0.00680	0.01015
39	0.81856	0.01250	0.00950	0.00850	0.01250	0.01449	0.00700	0.01899	0.01100	0.02899	0.00900	0.01050	0.00700	0.00600	0.00400	0.00200	0.00500	0.00350	0.00400	0.00700
40	0.01340	0.01148	0.01340	0.00957	0.01531	0.00861	0.00766	0.01627	0.01340	0.02105	0.01148	0.01340	0.00957	0.00479	0.00479	0.00096	0.00479	0.00383	0.00383	0.81242
41	0.00772	0.00655	0.00666	0.00663	0.00878	0.00549	0.00497	0.00943	0.01491	0.01790	0.10034	0.06145	0.69483	0.01620	0.00764	0.00217	0.00326	0.01353	0.00606	0.00549
42	0.00943	0.00704	0.00767	0.00729	0.00951	0.00614	0.00551	0.02728	0.01581	0.05597	0.18270	0.05602	0.53735	0.03352	0.00816	0.00224	0.00351	0.01263	0.00627	0.00595
43	0.00792	0.00646	0.00690	0.00716	0.00895	0.00558	0.00527	0.00946	0.01413	0.01714	0.05747	0.14868	0.56719	0.06153	0.00927	0.00252	0.00365	0.04947	0.00587	0.00536
44	0.74612	0.01236	0.01000	0.00877	0.01286	0.01404	0.00723	0.02014	0.01168	0.09396	0.01051	0.01155	0.00782	0.00618	0.00423	0.00200	0.00504	0.00377	0.00437	0.00736
45	0.01334	0.09870	0.67748	0.01777	0.02697	0.01593	0.02275	0.02036	0.01360	0.02000	0.01137	0.01335	0.00819	0.00609	0.00596	0.00199	0.00932	0.00466	0.00273	0.00944
46	0.16972	0.01972	0.01465	0.04480	0.01729	0.32886	0.01024	0.10603	0.01667	0.02174	0.01255	0.01590	0.01052	0.05082	0.07495	0.00281	0.00933	0.00497	0.06106	0.00737
47	0.01810	0.01843	0.01218	0.01134	0.01376	0.37709	0.00851	0.02044	0.01593	0.01994	0.01552	0.01786	0.01244	0.00709	0.00517	0.00159	0.00734	0.00509	0.40543	0.00676
48	0.00767	0.00642	0.00668	0.00689	0.00882	0.00543	0.00506	0.00923	0.01440	0.01732	0.06125	0.16177	0.63312	0.01691	0.00772	0.00224	0.00334	0.01430	0.00600	0.00543
49	0.00829	0.00652	0.00717	0.00703	0.00872	0.00574	0.00507	0.01005	0.01486	0.01893	0.23182	0.05559	0.45030	0.12824	0.01139	0.00275	0.00366	0.01250	0.00598	0.00539
50	0.01296	0.03342	0.73944	0.01842	0.02797	0.01501	0.02387	0.02046	0.01364	0.02046	0.01160	0.01364	0.00818	0.00614	0.00614	0.00205	0.00955	0.00477	0.00273	0.00955
51	0.01296	0.03342	0.73944	0.01842	0.02797	0.01501	0.02387	0.02046	0.01364	0.02046	0.01160	0.01364	0.00818	0.00614	0.00614	0.00205	0.00955	0.00477	0.00273	0.00955
52	0.01202	0.01150	0.02223	0.01786	0.02138	0.01148	0.30779	0.01579	0.01330	0.01825	0.01867	0.03090	0.01739	0.02436	0.29303	0.00549	0.01244	0.13521	0.00385	0.00706
53	0.02314	0.01133	0.01397	0.01122	0.01537	0.01096	0.00909	0.12483	0.09302	0.41409	0.09886	0.02431	0.02053	0.00855	0.00642	0.00196	0.00517	0.00699	0.09029	0.00988
54	0.01443	0.01291	0.01663	0.04095	0.16062	0.01416	0.03071	0.04052	0.34878	0.02340	0.04332	0.02832	0.13765	0.00950	0.00755	0.00216	0.04596	0.00800	0.00540	0.00904
55	0.00776	0.00651	0.00674	0.00676	0.00882	0.00550	0.00504	0.00948	0.01491	0.01806	0.11495	0.08948	0.65132	0.01628	0.00766	0.00219	0.00327	0.01368	0.00608	0.00550
56	0.01445	0.01104	0.05138	0.04233	0.05317	0.00988	0.04137	0.01855	0.07854	0.16573	0.09828	0.05936	0.26751	0.01157	0.00782	0.00216	0.04349	0.00971	0.00582	0.00782
57	0.01715	0.01929	0.01767	0.01573	0.01713	0.29257	0.01245	0.01874	0.01312	0.01549	0.01051	0.01542	0.00982	0.03559	0.10848	0.00345	0.36192	0.00536	0.00313	0.00697
58	0.01282	0.01198	0.01996	0.55356	0.17617	0.01393	0.01736	0.01692	0.01357	0.01805	0.04932	0.01849	0.01171	0.00662	0.00645	0.00206	0.00801	0.00600	0.00319	0.03381
59	0.03241	0.00939	0.01089	0.01200	0.07725	0.04659	0.00788	0.04817	0.01497	0.03842	0.11118	0.31358	0.15619	0.03898	0.00814	0.00233	0.00475	0.01249	0.00557	0.04882

[dist]
# distance from previous block
# <min> <max>
2	16

[block]
# block no. 1 follows, 34 sequences, length 21
# corresponding to MSA columns:
# 114-134
name=unknown_B
#
# <colnr> <probs for GDERKNQSTAVLIFYWHMCP>
#	G	D	E	R	K	N	Q	S	T	A	V	L	I	F	Y	W	H	M	C	P
0	0.06027	0.01277	0.01366	0.01139	0.01504	0.08611	0.04462	0.05273	0.11826	0.06283	0.16976	0.04605	0.05640	0.00885	0.00624	0.00179	0.00546	0.00740	0.04659	0.17378
1	0.01587	0.05847	0.01934	0.06763	0.15839	0.11715	0.03539	0.04423	0.03643	0.01998	0.01449	0.01687	0.04713	0.00674	0.00692	0.00167	0.06418	0.00531	0.00371	0.26008
2	0.01218	0.01024	0.03578	0.01124	0.05337	0.00888	0.00840	0.01722	0.10767	0.04987	0.32849	0.03399	0.08726	0.01003	0.00666	0.00180	0.00431	0.00865	0.00585	0.19811
3	0.00955	0.00784	0.01289	0.01245	0.01402	0.00743	0.11694	0.01173	0.01334	0.01774	0.03180	0.50780	0.03644	0.01743	0.00829	0.00263	0.00532	0.15486	0.00556	0.00594
4	0.01083	0.01009	0.04762	0.05128	0.01358	0.02827	0.00814	0.06495	0.04374	0.02027	0.12115	0.04811	0.33632	0.09212	0.01004	0.00262	0.00502	0.07392	0.00555	0.00638
5	0.00771	0.00655	0.00665	0.00663	0.00877	0.00549	0.00497	0.00942	0.01491	0.01789	0.09945	0.06147	0.69573	0.01620	0.00764	0.00217	0.00326	0.01354	0.00606	0.00549
6	0.81856	0.01250	0.00950	0.00850	0.01250	0.01449	0.00700	0.01899	0.01100	0.02899	0.00900	0.01050	0.00700	0.00600	0.00400	0.00200	0.00500	0.00350	0.00400	0.00700
7	0.02412	0.01912	0.01692	0.01387	0.01830	0.23821	0.01101	0.22082	0.05898	0.22247	0.01828	0.01773	0.03146	0.00761	0.00622	0.00184	0.00772	0.00568	0.00578	0.05386
8	0.05883	0.06072	0.01724	0.01448	0.01646	0.29286	0.01145	0.01884	0.01339	0.01611	0.01120	0.01598	0.01034	0.04601	0.14727	0.00379	0.22964	0.00524	0.00323	0.00693
9	0.02414	0.03079	0.01831	0.01665	0.01998	0.74698	0.01248	0.02580	0.01831	0.01581	0.00999	0.01165	0.00832	0.00666	0.00583	0.00166	0.01165	0.00416	0.00333	0.00749
10	0.00897	0.00655	0.00842	0.00806	0.00957	0.00600	0.00601	0.01181	0.01772	0.02479	0.64402	0.08782	0.10845	0.01381	0.00766	0.00207	0.00310	0.01218	0.00697	0.00600
11	0.00940	0.00626	0.00705	0.00705	0.00705	0.00626	0.00392	0.00940	0.00940	0.01253	0.02036	0.04228	0.02349	0.77292	0.03289	0.00626	0.00626	0.00940	0.00392	0.00392
12	0.01296	0.03342	0.73944	0.01842	0.02797	0.01501	0.02387	0.02046	0.01364	0.02046	0.01160	0.01364	0.00818	0.00614	0.00614	0.00205	0.00955	0.00477	0.00273	0.00955
13	0.01016	0.00762	0.00938	0.00870	0.01057	0.00740	0.00659	0.03511	0.08371	0.02591	0.59937	0.04594	0.09900	0.01284	0.00749	0.00205	0.00338	0.01123	0.00697	0.00659
14	0.42766	0.34066	0.02029	0.00977	0.01449	0.01895	0.00889	0.01989	0.01236	0.06502	0.00997	0.01112	0.00809	0.00591	0.00421	0.00173	0.00585	0.00366	0.00371	0.00779
15	0.01652	0.00970	0.01029	0.00882	0.01155	0.01016	0.00698	0.21181	0.01856	0.06887	0.01976	0.02156	0.01496	0.00762	0.00518	0.00166	0.00430	0.00599	0.53801	0.00770
16	0.01518	0.01360	0.01515	0.06720	0.06016	0.08459	0.03020	0.02475	0.32696	0.04609	0.06819	0.06369	0.05651	0.01138	0.04432	0.00253	0.02307	0.00786	0.03003	0.00854
17	0.01048	0.00701	0.00819	0.00787	0.00947	0.00675	0.00582	0.05318	0.01637	0.02373	0.33117	0.11617	0.11753	0.05207	0.00817	0.00220	0.00354	0.01074	0.20345	0.00609
18	0.01272	0.02971	0.62426	0.01848	0.05531	0.01440	0.02190	0.01933	0.01345	0.01999	0.01345	0.07503	0.01108	0.00746	0.00687	0.00212	0.03633	0.00595	0.00302	0.00914
19	0.02790	0.01275	0.01608	0.01233	0.01737	0.01209	0.01018	0.19889	0.02142	0.56556	0.02303	0.02040	0.01476	0.00794	0.00649	0.00198	0.00590	0.00633	0.00762	0.01099
20	0.01381	0.01174	0.04383	0.01610	0.12881	0.01108	0.04622	0.08339	0.06989	0.05686	0.02488	0.19244	0.08062	0.03344	0.04992	0.00268	0.02455	0.00955	0.04220	0.05797

[dist]
# distance from previous block
# <min> <max>
0	2

[block]
# block no. 2 follows, 34 sequences, length 11
# corresponding to MSA columns:
# 137-147
name=unknown_C
#
# <colnr> <probs for GDERKNQSTAVLIFYWHMCP>
#	G	D	E	R	K	N	Q	S	T	A	V	L	I	F	Y	W	H	M	C	P
0	0.01532	0.01444	0.02356	0.08341	0.44876	0.01556	0.04774	0.05570	0.01478	0.02105	0.04820	0.01775	0.01262	0.00838	0.03079	0.00234	0.12076	0.00616	0.00350	0.00917
1	0.00821	0.00663	0.00734	0.00732	0.00929	0.00576	0.00560	0.01028	0.01561	0.01965	0.22499	0.05957	0.51637	0.01570	0.00773	0.00220	0.00341	0.06243	0.00627	0.00565
2	0.81856	0.01250	0.00950	0.00850	0.01250	0.01449	0.00700	0.01899	0.01100	0.02899	0.00900	0.01050	0.00700	0.00600	0.00400	0.00200	0.00500	0.00350	0.00400	0.00700
3	0.01653	0.50767	0.23639	0.01359	0.02012	0.07527	0.01486	0.02014	0.01366	0.01677	0.00981	0.01140	0.00826	0.00579	0.00484	0.00159	0.00802	0.00389	0.00280	0.00860
4	0.01913	0.02042	0.02035	0.07464	0.15458	0.29683	0.06441	0.10922	0.01745	0.02066	0.01243	0.01548	0.01012	0.01005	0.06570	0.00255	0.03491	0.00539	0.03738	0.00830
5	0.02414	0.03079	0.01831	0.01665	0.01998	0.74698	0.01248	0.02580	0.01831	0.01581	0.00999	0.01165	0.00832	0.00666	0.00583	0.00166	0.01165	0.00416	0.00333	0.00749
6	0.00979	0.00815	0.00882	0.00842	0.01024	0.04742	0.00630	0.01287	0.04160	0.02291	0.47222	0.07926	0.22039	0.01376	0.00752	0.00208	0.00368	0.01188	0.00656	0.00612
7	0.00881	0.00602	0.00722	0.00780	0.00794	0.00587	0.00471	0.00924	0.01054	0.01405	0.02621	0.32092	0.03087	0.48421	0.02344	0.00487	0.00530	0.01284	0.00471	0.00443
8	0.01296	0.03342	0.73944	0.01842	0.02797	0.01501	0.02387	0.02046	0.01364	0.02046	0.01160	0.01364	0.00818	0.00614	0.00614	0.00205	0.00955	0.00477	0.00273	0.00955
9	0.01843	0.01220	0.01333	0.01092	0.01456	0.01286	0.00876	0.28523	0.09386	0.08563	0.07094	0.02181	0.01756	0.00804	0.00587	0.00179	0.00509	0.00640	0.25316	0.05356
10	0.01543	0.01478	0.02522	0.14568	0.63098	0.01520	0.01955	0.01934	0.01445	0.02043	0.01205	0.01617	0.01000	0.00586	0.00641	0.00195	0.00781	0.00575	0.00315	0.00978

[dist]
# distance from previous block
# <min> <max>
0	7

[block]
# block no. 3 follows, 34 sequences, length 47
# corresponding to MSA columns:
# 155-201
name=unknown_D
#
# <colnr> <probs for GDERKNQSTAVLIFYWHMCP>
#	G	D	E	R	K	N	Q	S	T	A	V	L	I	F	Y	W	H	M	C	P
0	0.02070	0.01186	0.01326	0.01071	0.01442	0.01230	0.00867	0.29217	0.02125	0.18794	0.01986	0.02026	0.01425	0.00772	0.00572	0.00178	0.00517	0.00605	0.31684	0.00907
1	0.01049	0.00810	0.01106	0.01039	0.01141	0.00922	0.02274	0.03040	0.03900	0.01597	0.04646	0.03023	0.01951	0.27005	0.36493	0.00738	0.07529	0.00779	0.00390	0.00568
2	0.00910	0.00660	0.00857	0.00808	0.00962	0.00608	0.00606	0.01210	0.01817	0.02563	0.70753	0.04872	0.08281	0.01331	0.00762	0.00204	0.00306	0.01175	0.00708	0.00608
3	0.63185	0.01353	0.01165	0.00986	0.01413	0.01538	0.00813	0.15509	0.01509	0.05922	0.01092	0.01193	0.00813	0.00642	0.00458	0.00199	0.00543	0.00407	0.00464	0.00794
4	0.01590	0.01474	0.03642	0.21960	0.07511	0.09729	0.03559	0.05653	0.01555	0.06839	0.05069	0.01856	0.01306	0.00673	0.00607	0.00173	0.00728	0.02239	0.00406	0.23430
5	0.11702	0.30297	0.23417	0.04619	0.10338	0.01850	0.01537	0.01980	0.01334	0.03938	0.01098	0.01294	0.00876	0.00595	0.00514	0.00177	0.00746	0.00436	0.02382	0.00869
6	0.00890	0.00660	0.00830	0.00787	0.00950	0.00599	0.00590	0.01172	0.01771	0.02454	0.62127	0.05053	0.16977	0.01372	0.00762	0.00206	0.00308	0.01200	0.00693	0.00599
7	0.01420	0.02312	0.37101	0.01807	0.09565	0.01475	0.01757	0.04331	0.22185	0.02315	0.05842	0.01978	0.01535	0.02704	0.00708	0.00218	0.00752	0.00617	0.00430	0.00951
8	0.00836	0.00629	0.00773	0.00797	0.00932	0.00567	0.00575	0.01045	0.01555	0.02080	0.34192	0.26972	0.23454	0.01618	0.00781	0.00225	0.00332	0.01423	0.00648	0.00567
9	0.21713	0.01466	0.01487	0.01312	0.03498	0.01668	0.01020	0.20384	0.34959	0.03088	0.01888	0.01832	0.01408	0.00774	0.00590	0.00207	0.00566	0.00594	0.00582	0.00962
10	0.02408	0.02573	0.01861	0.01591	0.01992	0.46322	0.01235	0.27571	0.04087	0.02518	0.01242	0.01338	0.00959	0.00711	0.00608	0.00178	0.00983	0.00485	0.00456	0.00884
11	0.81856	0.01250	0.00950	0.00850	0.01250	0.01449	0.00700	0.01899	0.01100	0.02899	0.00900	0.01050	0.00700	0.00600	0.00400	0.00200	0.00500	0.00350	0.00400	0.00700
12	0.01204	0.00602	0.00602	0.00602	0.00753	0.00602	0.00452	0.01506	0.01355	0.02409	0.02108	0.02409	0.01656	0.00753	0.00452	0.00151	0.00301	0.00602	0.80879	0.00602
13	0.00955	0.00752	0.00873	0.00827	0.01028	0.00718	0.00625	0.01411	0.10777	0.02333	0.42500	0.04963	0.27090	0.01365	0.00749	0.00210	0.00339	0.01175	0.00669	0.00642
14	0.00805	0.00656	0.00712	0.00698	0.00898	0.00563	0.00524	0.01008	0.01571	0.01979	0.24866	0.05834	0.54534	0.01549	0.00763	0.00214	0.00321	0.01310	0.00631	0.00563
15	0.81856	0.01250	0.00950	0.00850	0.01250	0.01449	0.00700	0.01899	0.01100	0.02899	0.00900	0.01050	0.00700	0.00600	0.00400	0.00200	0.00500	0.00350	0.00400	0.00700
16	0.02678	0.01165	0.01509	0.01175	0.01665	0.01066	0.00963	0.06278	0.09415	0.60037	0.02456	0.02158	0.01591	0.00794	0.00644	0.00198	0.00550	0.00645	0.00761	0.04252
17	0.42709	0.01213	0.01271	0.04108	0.04088	0.01288	0.00887	0.06036	0.01462	0.25703	0.01534	0.01621	0.01095	0.03700	0.00626	0.00217	0.00557	0.00500	0.00535	0.00851
18	0.01095	0.00621	0.00671	0.00658	0.00815	0.00599	0.00494	0.01385	0.01481	0.02396	0.19804	0.03331	0.08936	0.00968	0.00555	0.00169	0.00304	0.00807	0.54311	0.00599
19	0.01679	0.01498	0.02085	0.16596	0.15106	0.03781	0.07994	0.18173	0.11786	0.02524	0.04935	0.01989	0.03250	0.00771	0.00745	0.00209	0.04850	0.00659	0.00462	0.00909
20	0.00814	0.00598	0.00767	0.00871	0.00955	0.00551	0.00611	0.00968	0.01358	0.01793	0.12307	0.53735	0.14505	0.01869	0.00812	0.00251	0.00373	0.05705	0.00613	0.00542
21	0.01541	0.01274	0.01454	0.05781	0.03687	0.03557	0.01037	0.10548	0.31332	0.04461	0.16143	0.07536	0.02635	0.01012	0.00765	0.00216	0.04702	0.00838	0.00605	0.00876
22	0.15595	0.08302	0.19601	0.01317	0.04283	0.01377	0.01260	0.06630	0.05754	0.10783	0.08315	0.01917	0.01584	0.00865	0.02904	0.00219	0.00664	0.00573	0.07199	0.00858
23	0.01626	0.01880	0.21293	0.01982	0.15739	0.01280	0.08466	0.03917	0.01501	0.11311	0.01370	0.01552	0.01021	0.00589	0.00600	0.00171	0.00737	0.00522	0.00396	0.24046
24	0.01435	0.04897	0.33423	0.02298	0.03076	0.01608	0.39689	0.02055	0.01450	0.02042	0.01231	0.01560	0.00907	0.00574	0.00688	0.00210	0.01020	0.00628	0.00302	0.00905
25	0.01292	0.01155	0.01494	0.09215	0.11047	0.03234	0.03054	0.02046	0.22144	0.02295	0.22009	0.03262	0.11016	0.01016	0.00735	0.00211	0.02543	0.00876	0.00555	0.00802
26	0.00818	0.00594	0.00774	0.00874	0.00951	0.00550	0.00608	0.00978	0.01377	0.01848	0.17208	0.55556	0.09625	0.01852	0.00810	0.00249	0.00365	0.03798	0.00621	0.00545
27	0.01701	0.01257	0.01695	0.04577	0.12627	0.01094	0.03142	0.06152	0.01549	0.13839	0.01415	0.01559	0.01077	0.00572	0.00556	0.00142	0.00582	0.00487	0.00451	0.45526
28	0.01434	0.27155	0.51343	0.01606	0.02432	0.01839	0.01977	0.02011	0.01348	0.01878	0.01076	0.01259	0.00822	0.00594	0.00550	0.00183	0.00870	0.00435	0.00274	0.00915
29	0.02341	0.02869	0.01910	0.01866	0.08538	0.64062	0.01315	0.06223	0.01863	0.01764	0.01048	0.01226	0.00864	0.00663	0.00591	0.00170	0.01104	0.00440	0.00349	0.00793
30	0.01456	0.01242	0.01325	0.01214	0.01535	0.01407	0.00935	0.02969	0.58606	0.02561	0.06938	0.07721	0.07222	0.01030	0.00682	0.00221	0.00478	0.00872	0.00653	0.00934
31	0.00862	0.00691	0.00773	0.00747	0.00946	0.00620	0.00562	0.01158	0.04894	0.02119	0.32214	0.05499	0.43642	0.01478	0.00758	0.00212	0.00327	0.01258	0.00646	0.00593
32	0.00810	0.00653	0.00721	0.00711	0.00903	0.00564	0.00530	0.01014	0.01571	0.01995	0.26300	0.08368	0.50482	0.01556	0.00765	0.00215	0.00322	0.01322	0.00633	0.00564
33	0.01086	0.00797	0.01045	0.01006	0.01119	0.00902	0.00742	0.03582	0.08772	0.01619	0.01803	0.02789	0.01732	0.20636	0.38094	0.09085	0.03494	0.00733	0.00391	0.00573
34	0.78960	0.01325	0.03574	0.00885	0.01305	0.01451	0.00760	0.01905	0.01109	0.02868	0.00909	0.01061	0.00704	0.00600	0.00408	0.00200	0.00516	0.00354	0.00395	0.00709
35	0.01968	0.04943	0.10530	0.12031	0.08563	0.05594	0.03444	0.31485	0.07477	0.05439	0.01476	0.01610	0.01082	0.00709	0.00633	0.00197	0.00778	0.00568	0.00490	0.00981
36	0.03943	0.11300	0.12437	0.06626	0.10917	0.13779	0.21553	0.04506	0.01527	0.01966	0.01183	0.01502	0.00939	0.00795	0.04072	0.00231	0.00983	0.00561	0.00325	0.00855
37	0.05623	0.00806	0.00924	0.00852	0.01030	0.00888	0.00670	0.04056	0.01350	0.06552	0.01868	0.02208	0.01493	0.01348	0.10814	0.00293	0.08368	0.00599	0.49594	0.00662
38	0.01556	0.04165	0.07557	0.01857	0.02283	0.10013	0.26213	0.06552	0.01549	0.03838	0.01823	0.12533	0.04078	0.00945	0.00877	0.00223	0.09461	0.03274	0.00409	0.00794
39	0.01376	0.01419	0.02364	0.39057	0.03541	0.07055	0.22009	0.01803	0.01436	0.01822	0.03289	0.02326	0.01318	0.00750	0.00703	0.00220	0.00911	0.07505	0.00344	0.00750
40	0.01315	0.01163	0.01888	0.67653	0.04148	0.01427	0.01708	0.01833	0.06116	0.04659	0.01306	0.01789	0.00967	0.00668	0.00647	0.00215	0.00825	0.00588	0.00333	0.00754
41	0.01190	0.02651	0.54269	0.01606	0.02368	0.01283	0.03847	0.01803	0.01408	0.02012	0.04702	0.02545	0.13142	0.00855	0.00659	0.00211	0.00817	0.03418	0.00357	0.00858
42	0.07822	0.01127	0.01617	0.01314	0.01746	0.01053	0.08206	0.05320	0.01732	0.42693	0.02458	0.03168	0.01920	0.00976	0.00697	0.00223	0.00619	0.15699	0.00672	0.00937
43	0.04040	0.01288	0.01188	0.01111	0.01359	0.14736	0.00848	0.07242	0.01609	0.09090	0.03153	0.23426	0.16456	0.01330	0.00757	0.00219	0.03052	0.05258	0.00549	0.03286
44	0.01615	0.58989	0.17598	0.01232	0.01848	0.02251	0.01336	0.01937	0.01325	0.01668	0.01008	0.01167	0.00865	0.00575	0.00457	0.00152	0.00727	0.00384	0.04022	0.00844
45	0.01540	0.01386	0.02337	0.23077	0.49174	0.01457	0.01855	0.01928	0.01441	0.05309	0.01328	0.01837	0.01090	0.00643	0.00650	0.00202	0.00777	0.02696	0.00342	0.00931
46	0.01353	0.01276	0.01970	0.01441	0.01971	0.01103	0.18824	0.01693	0.01377	0.02053	0.03244	0.01709	0.03124	0.00706	0.02713	0.00170	0.04753	0.00547	0.00377	0.49595

[dist]
# distance from previous block
# <min> <max>
1	31

[block]
# block no. 4 follows, 34 sequences, length 12
# corresponding to MSA columns:
# 234-245
name=unknown_E
#
# <colnr> <probs for GDERKNQSTAVLIFYWHMCP>
#	G	D	E	R	K	N	Q	S	T	A	V	L	I	F	Y	W	H	M	C	P
0	0.01493	0.01133	0.01302	0.01054	0.01445	0.01081	0.00834	0.16709	0.07695	0.05159	0.18842	0.05082	0.07186	0.01009	0.02271	0.00191	0.00507	0.00768	0.00575	0.25663
1	0.01295	0.01383	0.02706	0.02007	0.02496	0.01297	0.44086	0.01698	0.01466	0.01953	0.02625	0.06308	0.18175	0.00895	0.00810	0.00216	0.04134	0.00926	0.00405	0.05119
2	0.04029	0.00945	0.01075	0.01022	0.01266	0.00993	0.00796	0.02010	0.25932	0.04008	0.24806	0.08332	0.12220	0.01260	0.00729	0.00224	0.00427	0.08523	0.00651	0.00752
3	0.12288	0.00814	0.00925	0.00920	0.01094	0.00827	0.00676	0.08234	0.01567	0.02324	0.21639	0.36876	0.06411	0.01497	0.00729	0.00229	0.00406	0.01307	0.00606	0.00631
4	0.01383	0.01494	0.03156	0.02325	0.02851	0.01438	0.54321	0.01853	0.01410	0.01935	0.01407	0.01931	0.01131	0.01563	0.18271	0.00412	0.01241	0.00746	0.00331	0.00802
5	0.00919	0.00619	0.00739	0.00821	0.00941	0.00581	0.00608	0.01115	0.01353	0.01893	0.03829	0.33720	0.18148	0.01605	0.00734	0.00232	0.00381	0.11604	0.19601	0.00558
6	0.01516	0.44338	0.17058	0.01136	0.01675	0.01880	0.01211	0.01856	0.01333	0.01837	0.01238	0.01428	0.01023	0.00613	0.00464	0.00155	0.00652	0.00433	0.19354	0.00801
7	0.00976	0.00735	0.00836	0.00818	0.00932	0.00754	0.00555	0.01271	0.09676	0.01583	0.03128	0.04219	0.18913	0.38985	0.13388	0.00544	0.00712	0.00977	0.00466	0.00533
8	0.00918	0.00701	0.00889	0.00913	0.01078	0.00604	0.00639	0.01072	0.01261	0.01757	0.02990	0.58993	0.03489	0.01658	0.00743	0.00223	0.00399	0.01493	0.00548	0.19630
9	0.01705	0.01335	0.01614	0.17692	0.02267	0.01491	0.01196	0.31509	0.09334	0.02887	0.07207	0.06620	0.06434	0.00978	0.00687	0.00213	0.00645	0.04745	0.00564	0.00876
10	0.01385	0.01275	0.02113	0.13032	0.46742	0.01303	0.01632	0.01757	0.01531	0.02162	0.18179	0.02380	0.02202	0.00762	0.00670	0.00198	0.00671	0.00716	0.00408	0.00884
11	0.00883	0.00671	0.00820	0.00845	0.00995	0.00623	0.00630	0.01162	0.04251	0.02092	0.30222	0.22371	0.22845	0.01594	0.00785	0.00230	0.00361	0.07389	0.00643	0.00587

[dist]
# distance from previous block
# <min> <max>
0	3

[block]
# block no. 5 follows, 34 sequences, length 8
# corresponding to MSA columns:
# 249-256
name=unknown_F
#
# <colnr> <probs for GDERKNQSTAVLIFYWHMCP>
#	G	D	E	R	K	N	Q	S	T	A	V	L	I	F	Y	W	H	M	C	P
0	0.00927	0.00675	0.00951	0.00951	0.01037	0.00760	0.00699	0.01098	0.01013	0.01435	0.01810	0.02979	0.01807	0.23744	0.56096	0.00931	0.01443	0.00757	0.00358	0.00529
1	0.19230	0.01377	0.01751	0.01509	0.01597	0.01862	0.01256	0.01631	0.01014	0.01853	0.00860	0.01333	0.00815	0.01013	0.01739	0.00264	0.59363	0.00518	0.00309	0.00705
2	0.01568	0.01688	0.01855	0.10374	0.02037	0.17916	0.01366	0.01752	0.01222	0.01573	0.01051	0.04022	0.00999	0.01176	0.04985	0.00284	0.44535	0.00583	0.00308	0.00705
3	0.00817	0.00594	0.00722	0.00810	0.00874	0.00551	0.00533	0.00914	0.01216	0.01580	0.03785	0.47483	0.16783	0.18622	0.01359	0.00335	0.00422	0.01549	0.00554	0.00499
4	0.01323	0.01197	0.01779	0.35675	0.13513	0.01393	0.01473	0.01998	0.16976	0.01931	0.01839	0.02172	0.05650	0.01012	0.04261	0.02814	0.03136	0.00663	0.00396	0.00799
5	0.01483	0.01300	0.02124	0.08599	0.52046	0.01321	0.01630	0.01852	0.01432	0.02142	0.01408	0.01788	0.01151	0.00620	0.00599	0.00185	0.00671	0.00581	0.18160	0.00907
6	0.01591	0.01172	0.01461	0.01097	0.01614	0.00976	0.03737	0.06164	0.03926	0.11689	0.01597	0.07180	0.01335	0.00672	0.00555	0.00137	0.00521	0.00567	0.00478	0.53533
7	0.01977	0.02283	0.01744	0.03781	0.10513	0.43629	0.01228	0.02412	0.11032	0.01898	0.05895	0.01804	0.03401	0.00747	0.00611	0.00179	0.00905	0.00559	0.02418	0.02985

[dist]
# distance from previous block
# <min> <max>
0	49

# created by:
# /home/cegg/simao/soft/augustus-3.2.1/scripts/msa2prfl.pl ./align_prep/EOG090W0FCL.fa
