[name]
unknown

[dist]
# distance from previous block
# <min> <max>
5	330

[block]
# block no. 0 follows, 31 sequences, length 8
# corresponding to MSA columns:
# 375-382
name=unknown_A
#
# <colnr> <probs for GDERKNQSTAVLIFYWHMCP>
#	G	D	E	R	K	N	Q	S	T	A	V	L	I	F	Y	W	H	M	C	P
0	0.07625	0.07088	0.06330	0.20112	0.04413	0.05614	0.10124	0.04350	0.07349	0.02144	0.04652	0.06045	0.01512	0.01038	0.04209	0.00264	0.05187	0.00706	0.00409	0.00830
1	0.06399	0.06326	0.04883	0.01404	0.04130	0.07047	0.01127	0.12575	0.03446	0.20214	0.06095	0.08955	0.01922	0.04111	0.03333	0.00264	0.05498	0.00768	0.00584	0.00919
2	0.08013	0.21864	0.12125	0.01261	0.01740	0.14095	0.01183	0.01920	0.01575	0.02063	0.12998	0.05013	0.07114	0.00889	0.00606	0.00187	0.00723	0.00681	0.00433	0.05516
3	0.04913	0.08016	0.04180	0.04754	0.01812	0.05985	0.03779	0.10912	0.01770	0.11699	0.10163	0.10054	0.04523	0.02967	0.05122	0.00274	0.03481	0.00831	0.00544	0.04220
4	0.01753	0.06395	0.01750	0.01414	0.01775	0.11077	0.04295	0.06645	0.29305	0.05567	0.06292	0.04608	0.02055	0.01501	0.10400	0.00335	0.00848	0.02500	0.00569	0.00915
5	0.02663	0.01816	0.01991	0.01526	0.02071	0.01972	0.01261	0.60565	0.03048	0.13392	0.01784	0.01734	0.01234	0.00825	0.00685	0.00206	0.00730	0.00626	0.00706	0.01164
6	0.01857	0.54432	0.14695	0.01353	0.02003	0.02445	0.01411	0.11082	0.01643	0.02063	0.01089	0.01227	0.00914	0.00628	0.00507	0.00166	0.00780	0.00422	0.00344	0.00938
7	0.01651	0.47963	0.30429	0.01475	0.02226	0.02271	0.01700	0.02095	0.01411	0.01827	0.01059	0.01233	0.00874	0.00611	0.00521	0.00174	0.00841	0.00420	0.00291	0.00930

[dist]
# distance from previous block
# <min> <max>
2	7

[block]
# block no. 1 follows, 31 sequences, length 8
# corresponding to MSA columns:
# 390-397
name=unknown_B
#
# <colnr> <probs for GDERKNQSTAVLIFYWHMCP>
#	G	D	E	R	K	N	Q	S	T	A	V	L	I	F	Y	W	H	M	C	P
0	0.05592	0.02538	0.01604	0.01480	0.01767	0.52261	0.01090	0.02272	0.01724	0.01703	0.01711	0.05056	0.06017	0.11128	0.01024	0.00252	0.01031	0.00642	0.00395	0.00715
1	0.01795	0.70882	0.08770	0.01229	0.01847	0.02623	0.01273	0.02057	0.01394	0.01652	0.00972	0.01124	0.00877	0.00590	0.00455	0.00152	0.00753	0.00376	0.00292	0.00888
2	0.07177	0.02540	0.01779	0.01559	0.01961	0.47658	0.01198	0.02883	0.05124	0.19416	0.01543	0.01562	0.01133	0.00747	0.00627	0.00190	0.00998	0.00514	0.00496	0.00896
3	0.02196	0.01026	0.01243	0.01037	0.01394	0.03661	0.00827	0.02478	0.01780	0.38581	0.12246	0.02756	0.02356	0.01124	0.04324	0.00243	0.00568	0.00746	0.20497	0.00916
4	0.02601	0.01916	0.02053	0.01574	0.02122	0.02122	0.01300	0.69408	0.03217	0.04312	0.01643	0.01643	0.01163	0.00821	0.00684	0.00205	0.00753	0.00616	0.00684	0.01163
5	0.00965	0.00952	0.06698	0.00918	0.01174	0.00734	0.00772	0.01323	0.04362	0.02322	0.36002	0.09989	0.28277	0.01486	0.00795	0.00226	0.00401	0.01279	0.00664	0.00663
6	0.04392	0.00995	0.01137	0.01056	0.01326	0.01061	0.00823	0.05644	0.17270	0.04946	0.03724	0.03810	0.24758	0.02460	0.22931	0.00494	0.00885	0.00955	0.00570	0.00766
7	0.02470	0.01849	0.02022	0.05705	0.02248	0.02061	0.01321	0.61466	0.07291	0.04076	0.01689	0.01709	0.01207	0.00820	0.00685	0.00208	0.00749	0.00625	0.00663	0.01135

[dist]
# distance from previous block
# <min> <max>
2	46

[block]
# block no. 2 follows, 31 sequences, length 91
# corresponding to MSA columns:
# 444-534
name=unknown_C
#
# <colnr> <probs for GDERKNQSTAVLIFYWHMCP>
#	G	D	E	R	K	N	Q	S	T	A	V	L	I	F	Y	W	H	M	C	P
0	0.01422	0.10078	0.63756	0.01912	0.02874	0.01695	0.04764	0.02157	0.01446	0.02117	0.01208	0.01427	0.00874	0.00642	0.00636	0.00211	0.00991	0.00504	0.00291	0.00996
1	0.04171	0.04290	0.04542	0.01064	0.01390	0.00994	0.00905	0.03769	0.06084	0.12728	0.24665	0.04014	0.06751	0.01169	0.00720	0.00217	0.00494	0.10049	0.08122	0.03862
2	0.07504	0.40424	0.06991	0.01238	0.01764	0.03990	0.01166	0.04904	0.13248	0.04278	0.04268	0.01817	0.04359	0.00752	0.00546	0.00181	0.00680	0.00545	0.00436	0.00907
3	0.01672	0.14554	0.51433	0.01736	0.02612	0.01721	0.02107	0.04867	0.01559	0.09631	0.01358	0.01492	0.00968	0.00668	0.00623	0.00205	0.00912	0.00508	0.00364	0.01013
4	0.04313	0.04061	0.14117	0.01512	0.01970	0.08060	0.11056	0.04596	0.08097	0.04688	0.06428	0.09906	0.09545	0.07475	0.00954	0.00259	0.00755	0.00898	0.00491	0.00818
5	0.04671	0.01744	0.08228	0.01385	0.01814	0.09266	0.01173	0.20515	0.11231	0.12141	0.03522	0.13892	0.01987	0.04267	0.00820	0.00239	0.00701	0.00852	0.00607	0.00943
6	0.10299	0.01445	0.02505	0.01869	0.02404	0.01376	0.32376	0.05959	0.01707	0.14630	0.02682	0.02778	0.15069	0.00873	0.00738	0.00224	0.00803	0.00855	0.00519	0.00891
7	0.01803	0.02192	0.13415	0.02118	0.02681	0.15799	0.30001	0.02241	0.01625	0.07354	0.04133	0.01992	0.01334	0.05900	0.00983	0.00248	0.04208	0.00700	0.00395	0.00875
8	0.01396	0.07390	0.68772	0.01909	0.02897	0.01648	0.02456	0.02160	0.01442	0.02137	0.01213	0.01426	0.00867	0.00647	0.00639	0.00213	0.00996	0.00498	0.00289	0.01004
9	0.01713	0.01347	0.04001	0.12588	0.21669	0.01294	0.07516	0.04187	0.03358	0.14715	0.10918	0.05403	0.06457	0.00905	0.00724	0.00218	0.00706	0.00826	0.00525	0.00930
10	0.00990	0.00699	0.00874	0.00890	0.00922	0.00736	0.00582	0.01065	0.01077	0.01465	0.02325	0.14160	0.02624	0.48228	0.15291	0.00663	0.03451	0.03033	0.00439	0.00487
11	0.01372	0.03539	0.72412	0.01950	0.02961	0.01589	0.02528	0.02167	0.01444	0.02167	0.01228	0.01444	0.00867	0.00650	0.00650	0.00217	0.01011	0.00506	0.00289	0.01011
12	0.01410	0.11558	0.62376	0.01827	0.02763	0.01682	0.02314	0.02124	0.01455	0.02124	0.03519	0.01527	0.01053	0.00668	0.00632	0.00209	0.00957	0.00514	0.00305	0.00984
13	0.01736	0.01611	0.02740	0.04107	0.69520	0.01606	0.02066	0.02138	0.01570	0.04404	0.01331	0.01713	0.01103	0.00617	0.00678	0.00203	0.00806	0.00612	0.00354	0.01086
14	0.00868	0.00618	0.00795	0.00906	0.00958	0.00580	0.00601	0.00992	0.01332	0.01784	0.10015	0.56439	0.06631	0.12606	0.01238	0.00325	0.00426	0.01726	0.00615	0.00545
15	0.01264	0.01270	0.07659	0.07449	0.19469	0.01119	0.01366	0.03845	0.03823	0.02113	0.04816	0.21525	0.08300	0.01337	0.00782	0.00246	0.00641	0.11665	0.00512	0.00798
16	0.01484	0.04930	0.46008	0.02280	0.08880	0.03590	0.15919	0.02150	0.01506	0.02144	0.01342	0.01768	0.01036	0.00678	0.00689	0.00219	0.01007	0.03075	0.00319	0.00975
17	0.02655	0.01097	0.01458	0.01167	0.01630	0.00965	0.00955	0.04695	0.01908	0.57406	0.03159	0.06353	0.08482	0.01035	0.00719	0.00221	0.00558	0.03677	0.00803	0.01058
18	0.00813	0.00675	0.00712	0.00741	0.00937	0.00573	0.00541	0.00976	0.01513	0.01829	0.06343	0.19403	0.58971	0.01809	0.00821	0.00240	0.00356	0.01537	0.00635	0.00573
19	0.01680	0.52565	0.26080	0.01425	0.02150	0.02342	0.01614	0.02087	0.01408	0.01792	0.01042	0.01211	0.00874	0.00606	0.00508	0.00169	0.00823	0.00411	0.00291	0.00921
20	0.47810	0.01820	0.01546	0.01308	0.01747	0.18766	0.06792	0.02325	0.01464	0.09173	0.01180	0.01319	0.00890	0.00667	0.00528	0.00205	0.00758	0.00455	0.00440	0.00809
21	0.01567	0.00792	0.01043	0.01009	0.01225	0.00708	0.00739	0.01735	0.01533	0.24757	0.03648	0.43126	0.09470	0.04122	0.00893	0.00265	0.00462	0.01458	0.00697	0.00752
22	0.07311	0.01711	0.01676	0.01438	0.01864	0.07533	0.01145	0.22984	0.37631	0.03182	0.02214	0.02275	0.01696	0.00895	0.00677	0.00221	0.00663	0.03196	0.00644	0.01043
23	0.01713	0.10244	0.21194	0.02304	0.03050	0.01731	0.38438	0.02277	0.01579	0.08720	0.01422	0.01708	0.01039	0.00622	0.00716	0.00216	0.01018	0.00672	0.00373	0.00963
24	0.01638	0.01569	0.02676	0.13923	0.62400	0.01611	0.02072	0.02051	0.01531	0.02168	0.01277	0.01711	0.01060	0.00620	0.00678	0.00207	0.00827	0.00609	0.00334	0.01039
25	0.02623	0.01811	0.01946	0.01503	0.02032	0.03683	0.01237	0.56961	0.02965	0.13217	0.01786	0.01751	0.01245	0.00821	0.00677	0.00204	0.00729	0.00622	0.03048	0.01139
26	0.02559	0.01512	0.01902	0.01496	0.01987	0.08046	0.08885	0.11114	0.06178	0.40081	0.02343	0.07155	0.01696	0.00894	0.00708	0.00216	0.00715	0.00762	0.00699	0.01054
27	0.01769	0.01734	0.03536	0.03008	0.17999	0.01639	0.48394	0.02280	0.01635	0.08799	0.01487	0.01858	0.01110	0.00609	0.00768	0.00223	0.01027	0.00754	0.00392	0.00980
28	0.37337	0.01359	0.01344	0.03770	0.01685	0.01522	0.00953	0.04747	0.24006	0.14035	0.01860	0.01818	0.01352	0.00772	0.00572	0.00219	0.00562	0.00569	0.00584	0.00934
29	0.01292	0.01216	0.02052	0.74312	0.04712	0.01520	0.01900	0.01748	0.01368	0.01748	0.01216	0.01824	0.00912	0.00684	0.00684	0.00228	0.00912	0.00608	0.00304	0.00760
30	0.01449	0.01069	0.01183	0.01078	0.01384	0.01115	0.00831	0.02418	0.31377	0.09081	0.14892	0.06209	0.20052	0.01230	0.00740	0.00226	0.00450	0.01039	0.03315	0.00863
31	0.04544	0.02047	0.01887	0.01589	0.01993	0.27751	0.08837	0.10165	0.08616	0.08916	0.05274	0.04159	0.07567	0.00923	0.00695	0.00208	0.00866	0.02558	0.00529	0.00877
32	0.02166	0.00944	0.01146	0.00951	0.01300	0.00882	0.00762	0.05833	0.01765	0.34605	0.02416	0.02403	0.01696	0.00821	0.00585	0.00186	0.00462	0.00660	0.39511	0.00906
33	0.00902	0.00632	0.00766	0.00844	0.00880	0.00604	0.00531	0.00973	0.01191	0.01571	0.03292	0.39751	0.08368	0.34208	0.02003	0.00442	0.00509	0.01496	0.00539	0.00496
34	0.01570	0.02190	0.19813	0.02287	0.05837	0.06708	0.31514	0.03506	0.03927	0.02263	0.09575	0.02090	0.01657	0.00737	0.00788	0.00222	0.03265	0.00739	0.00397	0.00914
35	0.19258	0.01378	0.01473	0.01201	0.01645	0.03467	0.00974	0.18391	0.04692	0.26791	0.06789	0.04501	0.01780	0.00873	0.00635	0.00210	0.00595	0.00677	0.03686	0.00983
36	0.00909	0.00708	0.00834	0.00865	0.01037	0.00646	0.00648	0.01177	0.03871	0.02087	0.20783	0.21035	0.33183	0.01732	0.00831	0.00245	0.00385	0.07749	0.00664	0.00610
37	0.09673	0.01944	0.16681	0.11387	0.02274	0.09166	0.01402	0.12713	0.04965	0.04521	0.01568	0.01779	0.01174	0.00735	0.00601	0.00200	0.00754	0.00562	0.17022	0.00880
38	0.01710	0.02382	0.25345	0.02970	0.36208	0.08351	0.02070	0.02314	0.05938	0.04222	0.01382	0.01641	0.01075	0.00659	0.00664	0.00207	0.00893	0.00572	0.00361	0.01035
39	0.01936	0.00999	0.01225	0.01051	0.01411	0.00920	0.00827	0.04252	0.08662	0.32433	0.06666	0.11962	0.22208	0.01277	0.00749	0.00227	0.00484	0.01075	0.00739	0.00899
40	0.00915	0.00630	0.00770	0.00849	0.00869	0.00610	0.00524	0.00974	0.01152	0.01535	0.02959	0.39800	0.03501	0.39251	0.02185	0.00472	0.00531	0.01467	0.00524	0.00485
41	0.01504	0.01034	0.01441	0.01268	0.01585	0.01012	0.07329	0.02101	0.13682	0.13598	0.19067	0.04664	0.11847	0.01299	0.00799	0.00243	0.00551	0.15479	0.00678	0.00819
42	0.01415	0.01325	0.01974	0.09008	0.19281	0.01540	0.03274	0.03931	0.03306	0.01986	0.02254	0.07934	0.11294	0.01131	0.01235	0.00251	0.24871	0.02754	0.00416	0.00819
43	0.01551	0.01493	0.02460	0.22323	0.41097	0.01684	0.01936	0.01923	0.01414	0.01998	0.01197	0.01692	0.01004	0.00737	0.00967	0.00227	0.14432	0.00607	0.00322	0.00936
44	0.01071	0.00772	0.01057	0.01034	0.01170	0.00867	0.00789	0.04394	0.01229	0.01770	0.02071	0.02958	0.04275	0.11973	0.54335	0.00909	0.01490	0.00774	0.06445	0.00617
45	0.01020	0.00751	0.00941	0.00978	0.01152	0.00713	0.00778	0.01256	0.01591	0.04222	0.16225	0.15492	0.26779	0.01732	0.00901	0.00261	0.02904	0.21030	0.00649	0.00626
46	0.01541	0.01174	0.01410	0.01039	0.01603	0.00916	0.00832	0.01836	0.01445	0.08775	0.01403	0.01601	0.01131	0.00891	0.06066	0.00188	0.00615	0.00457	0.00444	0.66633
47	0.04423	0.48529	0.14200	0.01373	0.01953	0.05391	0.01403	0.02118	0.01409	0.05040	0.01076	0.01254	0.00912	0.00672	0.00662	0.00178	0.07760	0.00429	0.00325	0.00892
48	0.00979	0.00659	0.00762	0.00777	0.00785	0.00659	0.00450	0.00998	0.01028	0.01375	0.02297	0.11116	0.02654	0.66656	0.05541	0.00641	0.00677	0.01076	0.00434	0.00434
49	0.00897	0.00683	0.00824	0.00817	0.00985	0.00611	0.00602	0.01142	0.01727	0.02310	0.40726	0.14966	0.28005	0.01610	0.00816	0.00229	0.00341	0.01401	0.00698	0.00611
50	0.01636	0.14566	0.28723	0.05070	0.05330	0.06367	0.01718	0.10904	0.01731	0.02322	0.07365	0.03872	0.03431	0.00817	0.00697	0.00206	0.03280	0.00632	0.00407	0.00923
51	0.09223	0.50316	0.17284	0.01337	0.01981	0.06346	0.01415	0.02108	0.01411	0.01865	0.01014	0.01177	0.00863	0.00610	0.00491	0.00169	0.00798	0.00399	0.00308	0.00887
52	0.01322	0.01275	0.02239	0.67577	0.04605	0.01540	0.08246	0.01790	0.01391	0.01790	0.01232	0.01826	0.00924	0.00674	0.00696	0.00228	0.00935	0.00627	0.00308	0.00775
53	0.01503	0.01430	0.02389	0.28464	0.39231	0.01591	0.01923	0.01899	0.01428	0.01986	0.01256	0.01770	0.01038	0.00894	0.04187	0.00261	0.06891	0.00614	0.00325	0.00921
54	0.00996	0.00714	0.00947	0.01021	0.01149	0.00687	0.00804	0.01247	0.01586	0.02133	0.23922	0.17983	0.07198	0.08422	0.01114	0.00307	0.00491	0.28029	0.00649	0.00601
55	0.01702	0.01470	0.01547	0.01392	0.01779	0.01702	0.01083	0.03635	0.70453	0.02862	0.02785	0.02553	0.02088	0.00928	0.00696	0.00232	0.00541	0.00773	0.00696	0.01083
56	0.00829	0.00653	0.00749	0.00811	0.00959	0.00573	0.00576	0.00990	0.01481	0.01865	0.09893	0.34980	0.39454	0.01880	0.00835	0.00249	0.00366	0.01637	0.00643	0.00573
57	0.01704	0.01108	0.01292	0.01195	0.01512	0.01162	0.00966	0.06337	0.24337	0.14025	0.03104	0.06371	0.06394	0.01206	0.00739	0.00239	0.00538	0.16476	0.10401	0.00893
58	0.01769	0.66730	0.12694	0.01274	0.01915	0.02559	0.01350	0.02064	0.01397	0.01683	0.00988	0.01143	0.00876	0.00594	0.00467	0.00156	0.00769	0.00384	0.00292	0.00896
59	0.17179	0.01249	0.01382	0.01153	0.01499	0.01351	0.00923	0.16858	0.01815	0.18015	0.02066	0.04993	0.04190	0.07368	0.01011	0.00255	0.07560	0.00700	0.09562	0.00874
60	0.00844	0.00694	0.00742	0.00730	0.00946	0.00592	0.00547	0.01050	0.01642	0.02044	0.21031	0.06261	0.57188	0.01660	0.00808	0.00228	0.00341	0.01399	0.00661	0.00592
61	0.01415	0.03271	0.63080	0.01983	0.05465	0.01601	0.02375	0.02303	0.07956	0.02235	0.01377	0.01558	0.00990	0.00675	0.00655	0.00218	0.00959	0.00535	0.00329	0.01021
62	0.04541	0.01449	0.02417	0.32404	0.41948	0.01579	0.01967	0.01954	0.01466	0.02070	0.01246	0.01724	0.01001	0.00641	0.00670	0.00214	0.00842	0.00600	0.00328	0.00940
63	0.15208	0.01574	0.01656	0.01309	0.01787	0.01711	0.01075	0.42174	0.02515	0.12315	0.01732	0.01750	0.01231	0.00791	0.00618	0.00202	0.00644	0.00588	0.10090	0.01032
64	0.00833	0.00616	0.00779	0.00903	0.00981	0.00562	0.00614	0.00968	0.01374	0.01795	0.06409	0.60855	0.16718	0.02046	0.00859	0.00267	0.00386	0.01832	0.00639	0.00562
65	0.01531	0.01460	0.02483	0.32590	0.44568	0.01583	0.02019	0.01957	0.01481	0.02038	0.01258	0.01746	0.01014	0.00640	0.00680	0.00213	0.00853	0.00609	0.00325	0.00953
66	0.01528	0.01457	0.02478	0.33135	0.44047	0.01582	0.02017	0.01955	0.01479	0.02034	0.01258	0.01747	0.01013	0.00640	0.00680	0.00213	0.00854	0.00609	0.00324	0.00950
67	0.80789	0.01323	0.01006	0.00900	0.01323	0.01535	0.00741	0.02011	0.01164	0.03070	0.00953	0.01111	0.00741	0.00635	0.00423	0.00212	0.00529	0.00370	0.00423	0.00741
68	0.08602	0.01409	0.02283	0.36274	0.34456	0.01569	0.01886	0.01929	0.01435	0.02085	0.01224	0.01701	0.00974	0.00646	0.00658	0.00215	0.00833	0.00587	0.00330	0.00903
69	0.66915	0.08417	0.01301	0.00958	0.01397	0.01658	0.00808	0.05903	0.01311	0.02991	0.01023	0.01175	0.00803	0.00645	0.00441	0.00204	0.00556	0.00391	0.02327	0.00776
70	0.09337	0.06997	0.12087	0.01561	0.02112	0.01329	0.14649	0.02267	0.01593	0.21848	0.04660	0.11277	0.01810	0.00897	0.00683	0.00215	0.00725	0.00800	0.00537	0.04616
71	0.01372	0.03539	0.72412	0.01950	0.02961	0.01589	0.02528	0.02167	0.01444	0.02167	0.01228	0.01444	0.00867	0.00650	0.00650	0.00217	0.01011	0.00506	0.00289	0.01011
72	0.01622	0.01790	0.03759	0.04784	0.16133	0.01706	0.55296	0.02164	0.01599	0.02189	0.01362	0.01817	0.01044	0.00585	0.00781	0.00226	0.01085	0.00766	0.00344	0.00949
73	0.07507	0.01400	0.01705	0.01562	0.08338	0.01435	0.01148	0.22294	0.07663	0.25955	0.07903	0.04168	0.01982	0.00919	0.00691	0.00216	0.00623	0.02751	0.00692	0.01048
74	0.02223	0.01102	0.01396	0.01170	0.01520	0.01079	0.00914	0.10424	0.09400	0.33324	0.02317	0.07799	0.01780	0.01289	0.01136	0.17904	0.00579	0.00762	0.02980	0.00901
75	0.11902	0.01182	0.01522	0.01181	0.01698	0.01066	0.00975	0.03184	0.01868	0.64310	0.02501	0.02190	0.01585	0.00823	0.00658	0.00212	0.00576	0.00652	0.00799	0.01116
76	0.03070	0.01164	0.01588	0.01217	0.01746	0.01006	0.01006	0.03334	0.01958	0.72163	0.02699	0.02329	0.01694	0.00847	0.00688	0.00212	0.00582	0.00688	0.00847	0.01164
77	0.01635	0.01692	0.08722	0.38242	0.09012	0.06027	0.13900	0.02103	0.01525	0.08537	0.01382	0.01794	0.01015	0.00673	0.00699	0.00221	0.00946	0.00632	0.00367	0.00877
78	0.00844	0.00616	0.00794	0.00916	0.00988	0.00567	0.00624	0.00988	0.01396	0.01851	0.10482	0.61444	0.11915	0.02029	0.00860	0.00267	0.00384	0.01824	0.00646	0.00567
79	0.06410	0.01253	0.01546	0.01209	0.01704	0.01181	0.00993	0.14644	0.02099	0.49387	0.02887	0.02609	0.09068	0.00928	0.00688	0.00213	0.00584	0.00742	0.00775	0.01081
80	0.01720	0.01351	0.01482	0.01180	0.01686	0.03341	0.00934	0.04119	0.23670	0.09660	0.02083	0.02061	0.03958	0.00734	0.00604	0.00164	0.00547	0.00596	0.00557	0.39553
81	0.00832	0.00600	0.00789	0.00941	0.00989	0.00557	0.00630	0.00954	0.01321	0.01751	0.03918	0.72299	0.07641	0.02124	0.00870	0.00276	0.00395	0.01922	0.00635	0.00557
82	0.00860	0.00620	0.00820	0.00959	0.01023	0.00579	0.00665	0.01008	0.01377	0.01832	0.07879	0.63358	0.07478	0.02063	0.00872	0.00275	0.00408	0.06715	0.00642	0.00567
83	0.01420	0.00804	0.00920	0.00850	0.01075	0.00791	0.00659	0.04670	0.04912	0.09208	0.19826	0.03483	0.05621	0.01037	0.00630	0.00192	0.00387	0.03392	0.39393	0.00730
84	0.00904	0.00672	0.00833	0.00843	0.00984	0.00611	0.00608	0.01136	0.01677	0.02270	0.39450	0.21827	0.19609	0.04322	0.00919	0.00249	0.00357	0.01437	0.00688	0.00602
85	0.01615	0.01845	0.04037	0.02884	0.03576	0.01730	0.69204	0.02191	0.01615	0.02191	0.01384	0.01845	0.01038	0.00577	0.00807	0.00231	0.01153	0.00807	0.00346	0.00923
86	0.00838	0.00614	0.00789	0.00927	0.00996	0.00565	0.00633	0.00970	0.01351	0.01769	0.04187	0.64370	0.13402	0.02081	0.00867	0.00273	0.00397	0.03775	0.00635	0.00561
87	0.63356	0.04285	0.08949	0.01132	0.01618	0.01612	0.03553	0.02022	0.01215	0.02832	0.00996	0.01189	0.00777	0.00654	0.00533	0.00214	0.03473	0.00410	0.00396	0.00782
88	0.32360	0.04232	0.11086	0.01165	0.01671	0.01359	0.01085	0.05981	0.01570	0.17059	0.05829	0.04443	0.03240	0.00837	0.00587	0.00211	0.00607	0.02244	0.00538	0.03897
89	0.15127	0.11059	0.21215	0.03661	0.01827	0.01371	0.01278	0.01816	0.01314	0.06856	0.01712	0.09997	0.01627	0.15205	0.02940	0.00320	0.00748	0.00734	0.00415	0.00778
90	0.09133	0.27688	0.29843	0.01525	0.02241	0.01944	0.04046	0.04744	0.04168	0.04704	0.03292	0.01499	0.01116	0.00670	0.00572	0.00193	0.00812	0.00499	0.00369	0.00941

[dist]
# distance from previous block
# <min> <max>
0	14

[block]
# block no. 3 follows, 31 sequences, length 37
# corresponding to MSA columns:
# 549-574,587-597
name=unknown_D
#
# <colnr> <probs for GDERKNQSTAVLIFYWHMCP>
#	G	D	E	R	K	N	Q	S	T	A	V	L	I	F	Y	W	H	M	C	P
0	0.11718	0.11647	0.29033	0.01544	0.02187	0.01579	0.05835	0.02164	0.08463	0.04062	0.05157	0.02422	0.03805	0.00851	0.00649	0.00219	0.00775	0.06560	0.00430	0.00899
1	0.01045	0.00720	0.00872	0.00866	0.01047	0.00650	0.00650	0.01265	0.01631	0.06499	0.25499	0.13534	0.27651	0.07371	0.01028	0.00272	0.00411	0.07696	0.00667	0.00625
2	0.06679	0.03361	0.01169	0.05024	0.01406	0.01065	0.00825	0.10242	0.03315	0.05269	0.07030	0.03171	0.03773	0.05872	0.04235	0.00273	0.00575	0.07459	0.28518	0.00740
3	0.01687	0.01558	0.02370	0.25615	0.36907	0.03401	0.01865	0.09349	0.06252	0.02334	0.01397	0.01774	0.01100	0.00679	0.00680	0.00212	0.00830	0.00616	0.00389	0.00984
4	0.01814	0.27798	0.11407	0.01300	0.01815	0.03473	0.01242	0.06008	0.09435	0.11593	0.09149	0.05722	0.02025	0.00896	0.00627	0.00198	0.00676	0.03383	0.00514	0.00921
5	0.00870	0.00625	0.00829	0.00960	0.01029	0.00585	0.00671	0.01028	0.01407	0.01882	0.11165	0.60254	0.06663	0.02030	0.00870	0.00273	0.00407	0.07232	0.00647	0.00572
6	0.08647	0.01729	0.02224	0.16925	0.32304	0.10686	0.01696	0.08403	0.03717	0.05284	0.01351	0.01658	0.01057	0.00677	0.00651	0.00207	0.00838	0.00576	0.00404	0.00965
7	0.01754	0.01485	0.01915	0.01413	0.02003	0.01366	0.09612	0.18599	0.06418	0.02780	0.01445	0.01602	0.01124	0.00621	0.00601	0.00152	0.00652	0.00532	0.00486	0.45440
8	0.01254	0.00864	0.01037	0.00988	0.01185	0.00866	0.00726	0.01815	0.15348	0.07754	0.28166	0.17669	0.06988	0.09212	0.01061	0.00276	0.00437	0.01206	0.02419	0.00729
9	0.00844	0.00600	0.00791	0.00939	0.00976	0.00563	0.00621	0.00955	0.01289	0.01719	0.03665	0.70847	0.04391	0.06989	0.01044	0.00303	0.00414	0.01883	0.00621	0.00546
10	0.01196	0.01004	0.01425	0.01284	0.01529	0.01003	0.10086	0.04906	0.12198	0.02143	0.05604	0.27059	0.13087	0.07278	0.01024	0.00285	0.00571	0.07005	0.00594	0.00718
11	0.01739	0.01293	0.01540	0.01326	0.01652	0.03964	0.05778	0.10544	0.21705	0.11172	0.02630	0.10914	0.04326	0.14059	0.01214	0.00307	0.00645	0.03702	0.00616	0.00873
12	0.01394	0.01058	0.01172	0.01089	0.01380	0.01107	0.00831	0.02354	0.31689	0.07815	0.11738	0.12468	0.20469	0.01323	0.00758	0.00234	0.00453	0.01128	0.00692	0.00849
13	0.02311	0.01046	0.01367	0.01103	0.01512	0.00939	0.00889	0.06274	0.01994	0.44526	0.21626	0.03349	0.07893	0.01058	0.00729	0.00214	0.00504	0.00887	0.00797	0.00981
14	0.01888	0.02074	0.02054	0.07871	0.02329	0.29480	0.13318	0.04014	0.11237	0.02116	0.04382	0.06702	0.01609	0.00842	0.00682	0.00206	0.00922	0.00715	0.06729	0.00829
15	0.01829	0.76368	0.03585	0.01171	0.01756	0.02707	0.01171	0.02049	0.01390	0.01610	0.00951	0.01097	0.00878	0.00585	0.00439	0.00146	0.00732	0.00366	0.00293	0.00878
16	0.10299	0.01858	0.02135	0.02724	0.34610	0.16969	0.01565	0.02234	0.06349	0.02189	0.01421	0.05665	0.01252	0.00768	0.00728	0.00207	0.04761	0.00626	0.00392	0.03246
17	0.05524	0.01654	0.01813	0.01441	0.01944	0.01798	0.01175	0.39794	0.17955	0.16540	0.02068	0.01953	0.01453	0.00843	0.00678	0.00213	0.00665	0.00655	0.00707	0.01129
18	0.02179	0.01132	0.01338	0.01127	0.01498	0.05631	0.00902	0.02508	0.04108	0.38035	0.21133	0.03475	0.05897	0.01078	0.00728	0.00216	0.00539	0.04390	0.03156	0.00930
19	0.09506	0.01677	0.01891	0.01478	0.01989	0.03445	0.04911	0.39325	0.06391	0.12470	0.01817	0.04744	0.01362	0.00835	0.00665	0.00206	0.00705	0.00661	0.00639	0.05282
20	0.01362	0.00930	0.01154	0.01035	0.01308	0.00896	0.00780	0.01776	0.09622	0.10108	0.06227	0.12128	0.06193	0.11201	0.17207	0.00457	0.00802	0.00923	0.00544	0.15347
21	0.03921	0.25701	0.05341	0.01496	0.02064	0.03691	0.09891	0.13598	0.03937	0.09964	0.01543	0.01647	0.02650	0.00702	0.00634	0.00183	0.02534	0.00553	0.00463	0.09489
22	0.07146	0.01187	0.01519	0.01203	0.01692	0.01100	0.00983	0.03199	0.10007	0.56832	0.05860	0.02419	0.01912	0.00871	0.00680	0.00214	0.00562	0.00706	0.00801	0.01106
23	0.01292	0.01216	0.02052	0.74312	0.04712	0.01520	0.01900	0.01748	0.01368	0.01748	0.01216	0.01824	0.00912	0.00684	0.00684	0.00228	0.00912	0.00608	0.00304	0.00760
24	0.02838	0.01389	0.01709	0.01326	0.01850	0.01358	0.01091	0.21065	0.07589	0.48623	0.02423	0.02162	0.01582	0.00846	0.00688	0.00212	0.00625	0.00675	0.00792	0.01158
25	0.01572	0.07099	0.24856	0.03147	0.41955	0.01645	0.02127	0.02085	0.01512	0.02163	0.01357	0.01860	0.01136	0.00681	0.00666	0.00209	0.00862	0.03707	0.00334	0.01026
26	0.01404	0.00762	0.00776	0.00729	0.00926	0.00782	0.00558	0.08199	0.01608	0.02722	0.02174	0.02462	0.01696	0.00799	0.00498	0.00164	0.00361	0.00636	0.72053	0.00689
27	0.01256	0.00644	0.00668	0.00668	0.00825	0.00652	0.00503	0.01570	0.01413	0.02487	0.02206	0.02560	0.01751	0.01082	0.05255	0.00221	0.00418	0.00644	0.74543	0.00636
28	0.01455	0.00995	0.01264	0.01166	0.01369	0.01056	0.02455	0.09561	0.15102	0.04017	0.02276	0.08258	0.04760	0.01892	0.05505	0.30455	0.00662	0.06574	0.00509	0.00669
29	0.02981	0.01306	0.01675	0.01284	0.01817	0.01216	0.01061	0.15783	0.02195	0.59379	0.02500	0.02199	0.01594	0.00842	0.00687	0.00210	0.00614	0.00674	0.00816	0.01164
30	0.00839	0.00599	0.00798	0.00949	0.00993	0.00559	0.00635	0.00965	0.01333	0.01784	0.06297	0.72878	0.04597	0.02116	0.00871	0.00276	0.00394	0.01918	0.00639	0.00559
31	0.40360	0.01429	0.01424	0.01154	0.01637	0.01540	0.00952	0.19266	0.01892	0.21892	0.01594	0.01571	0.01102	0.00738	0.00560	0.00210	0.00599	0.00517	0.00602	0.00960
32	0.00961	0.00720	0.01048	0.01128	0.01243	0.00687	0.04020	0.01175	0.01451	0.01934	0.08835	0.46460	0.04335	0.01936	0.00886	0.00282	0.00496	0.21172	0.00629	0.00602
33	0.01353	0.01266	0.01127	0.01145	0.01327	0.15199	0.00842	0.04433	0.06107	0.01996	0.03293	0.36229	0.10155	0.01576	0.00776	0.00242	0.00595	0.06121	0.05543	0.00676
34	0.04450	0.01832	0.02271	0.01798	0.02229	0.15367	0.20136	0.11055	0.08724	0.05321	0.01629	0.01862	0.01251	0.00860	0.02496	0.00231	0.05724	0.00651	0.11221	0.00892
35	0.00994	0.00669	0.00773	0.00773	0.00783	0.00678	0.00449	0.01012	0.01003	0.01347	0.02131	0.04339	0.02427	0.70483	0.08874	0.00697	0.00754	0.00975	0.00411	0.00430
36	0.00853	0.00608	0.00802	0.00935	0.00983	0.00569	0.00626	0.00985	0.01351	0.01816	0.09781	0.65796	0.04602	0.05579	0.00991	0.00290	0.00403	0.01836	0.00635	0.00557

[dist]
# distance from previous block
# <min> <max>
3	6

[block]
# block no. 4 follows, 31 sequences, length 17
# corresponding to MSA columns:
# 604-620
name=unknown_E
#
# <colnr> <probs for GDERKNQSTAVLIFYWHMCP>
#	G	D	E	R	K	N	Q	S	T	A	V	L	I	F	Y	W	H	M	C	P
0	0.26882	0.01681	0.07304	0.01475	0.01961	0.06717	0.10741	0.06557	0.08860	0.09977	0.05392	0.02200	0.01581	0.00819	0.00636	0.00221	0.00723	0.04870	0.00517	0.00886
1	0.01770	0.56329	0.19699	0.01356	0.02039	0.02378	0.01483	0.02126	0.01425	0.04467	0.01084	0.01227	0.00907	0.00611	0.00498	0.00165	0.00792	0.00411	0.00313	0.00920
2	0.01311	0.00983	0.01121	0.01049	0.01310	0.01012	0.00796	0.02136	0.25613	0.06948	0.22416	0.13333	0.16505	0.01357	0.00770	0.00232	0.00429	0.01170	0.00702	0.00807
3	0.04100	0.00740	0.00870	0.00911	0.01073	0.00706	0.00677	0.01262	0.05209	0.02104	0.17749	0.26897	0.22870	0.03669	0.00891	0.00262	0.00413	0.08333	0.00647	0.00619
4	0.01500	0.10879	0.35095	0.01723	0.02437	0.01641	0.08323	0.06084	0.04552	0.02269	0.05874	0.04198	0.01448	0.00769	0.00724	0.00207	0.04182	0.00628	0.00387	0.07080
5	0.01050	0.00793	0.00954	0.04061	0.01272	0.00754	0.00729	0.01397	0.07888	0.04694	0.06671	0.31969	0.26442	0.01680	0.00805	0.00245	0.00432	0.03638	0.00629	0.03897
6	0.01208	0.00812	0.01092	0.01178	0.01362	0.00807	0.01004	0.01586	0.04342	0.05402	0.12201	0.06649	0.03967	0.01681	0.00880	0.00286	0.00568	0.49315	0.04986	0.00675
7	0.01561	0.01631	0.03231	0.05720	0.10607	0.01648	0.43564	0.02034	0.01508	0.02144	0.01388	0.01853	0.01091	0.00685	0.00938	0.00229	0.10355	0.00734	0.08195	0.00883
8	0.04241	0.01153	0.01412	0.01271	0.01528	0.04188	0.06630	0.06340	0.15242	0.05278	0.08724	0.22532	0.03005	0.10461	0.01102	0.00294	0.00600	0.04630	0.00598	0.00768
9	0.00881	0.00615	0.00780	0.00892	0.00920	0.00587	0.00570	0.00965	0.01217	0.01623	0.03297	0.54668	0.03927	0.23801	0.01639	0.00391	0.00475	0.01666	0.00570	0.00514
10	0.01617	0.02889	0.48307	0.01839	0.02648	0.01665	0.04486	0.16469	0.01808	0.02584	0.01459	0.05820	0.01151	0.00790	0.00731	0.00221	0.03488	0.00627	0.00396	0.01005
11	0.13396	0.01949	0.08317	0.01460	0.01903	0.13170	0.01252	0.17310	0.12380	0.08994	0.01760	0.06415	0.01414	0.00891	0.00763	0.00219	0.06263	0.00657	0.00541	0.00947
12	0.00837	0.00694	0.00732	0.00723	0.00941	0.00590	0.00542	0.01036	0.01626	0.02006	0.18283	0.06324	0.59961	0.01674	0.00808	0.00228	0.00342	0.01407	0.00656	0.00590
13	0.00993	0.00671	0.00788	0.00788	0.00802	0.00686	0.00466	0.01022	0.01007	0.01357	0.02118	0.04267	0.02396	0.67625	0.11689	0.00715	0.00801	0.00964	0.00409	0.00438
14	0.02456	0.01433	0.01682	0.01331	0.01778	0.01493	0.01080	0.35593	0.02404	0.24611	0.01957	0.01994	0.01385	0.01233	0.05103	0.08163	0.00730	0.00644	0.03904	0.01024
15	0.52198	0.05593	0.01255	0.00986	0.01403	0.01397	0.00810	0.02182	0.01356	0.17146	0.01593	0.08725	0.01320	0.00825	0.00524	0.00214	0.00539	0.00592	0.00524	0.00818
16	0.02647	0.01842	0.02007	0.01539	0.02084	0.02011	0.01271	0.62869	0.03092	0.11026	0.01747	0.01710	0.01216	0.00824	0.00685	0.00206	0.00736	0.00623	0.00700	0.01164

[dist]
# distance from previous block
# <min> <max>
0	12

[block]
# block no. 5 follows, 31 sequences, length 29
# corresponding to MSA columns:
# 633-661
name=unknown_F
#
# <colnr> <probs for GDERKNQSTAVLIFYWHMCP>
#	G	D	E	R	K	N	Q	S	T	A	V	L	I	F	Y	W	H	M	C	P
0	0.01712	0.00925	0.01165	0.00992	0.01307	0.00845	0.00781	0.06398	0.01966	0.24558	0.34395	0.04249	0.15401	0.01242	0.00762	0.00216	0.00437	0.01057	0.00758	0.00832
1	0.02314	0.01864	0.01817	0.01491	0.01964	0.11206	0.01192	0.32004	0.23751	0.09345	0.01997	0.01923	0.01454	0.00830	0.00673	0.00207	0.00727	0.00640	0.00648	0.03955
2	0.02136	0.01192	0.01660	0.01287	0.01758	0.01078	0.06995	0.06187	0.05601	0.32777	0.16852	0.02707	0.02531	0.00889	0.00696	0.00198	0.00573	0.00771	0.00696	0.13414
3	0.01579	0.20650	0.50298	0.01751	0.02606	0.07869	0.02107	0.02186	0.01473	0.01994	0.01148	0.01345	0.00871	0.00639	0.00598	0.00197	0.00964	0.00467	0.00295	0.00961
4	0.01782	0.01344	0.11945	0.01244	0.01645	0.01016	0.01132	0.02180	0.04601	0.25986	0.14688	0.13814	0.05580	0.01221	0.00825	0.00235	0.04068	0.05148	0.00662	0.00883
5	0.30011	0.01224	0.01371	0.01089	0.01588	0.01182	0.00897	0.02738	0.01636	0.42213	0.01966	0.01828	0.01304	0.00744	0.00581	0.00202	0.00557	0.00554	0.00662	0.07652
6	0.04123	0.01428	0.01607	0.01314	0.01747	0.07438	0.03475	0.12662	0.10335	0.29998	0.08059	0.05438	0.07329	0.00986	0.00706	0.00215	0.00633	0.00812	0.00702	0.00995
7	0.00900	0.00619	0.00834	0.00974	0.01021	0.00588	0.00675	0.01000	0.01291	0.01716	0.03472	0.59147	0.04097	0.04783	0.01131	0.07243	0.00449	0.08926	0.00597	0.00536
8	0.01472	0.01475	0.02193	0.01841	0.01908	0.01983	0.07143	0.01664	0.01099	0.01688	0.01001	0.01605	0.00964	0.01406	0.06831	0.00347	0.63695	0.00625	0.00308	0.00754
9	0.02800	0.01377	0.01640	0.01283	0.01774	0.04611	0.01043	0.16225	0.02165	0.50271	0.04529	0.02318	0.01732	0.03997	0.00805	0.00228	0.00642	0.00692	0.00770	0.01099
10	0.02700	0.01553	0.10813	0.01353	0.01934	0.01221	0.01231	0.08022	0.07738	0.52309	0.02438	0.02183	0.01581	0.00826	0.00683	0.00214	0.00647	0.00666	0.00750	0.01138
11	0.02893	0.01125	0.01531	0.01187	0.01686	0.00975	0.00975	0.03162	0.01956	0.66330	0.08465	0.02562	0.02094	0.00893	0.00698	0.00212	0.00560	0.00734	0.00839	0.01121
12	0.00828	0.00617	0.00771	0.00894	0.00977	0.00561	0.00609	0.00959	0.01366	0.01769	0.04483	0.59981	0.19594	0.02051	0.00859	0.00267	0.00386	0.01832	0.00635	0.00561
13	0.02568	0.08386	0.02146	0.01518	0.02060	0.04635	0.01267	0.56000	0.02914	0.09274	0.01644	0.01634	0.01170	0.00799	0.00661	0.00200	0.00755	0.00594	0.00651	0.01125
14	0.09675	0.01434	0.01695	0.01311	0.01837	0.01431	0.01083	0.25683	0.02317	0.43080	0.02188	0.01989	0.01430	0.00820	0.00664	0.00210	0.00636	0.00636	0.00755	0.01127
15	0.01188	0.00594	0.00891	0.00891	0.00891	0.00594	0.00594	0.00891	0.00891	0.01188	0.01188	0.02080	0.01188	0.02377	0.02674	0.80095	0.00594	0.00594	0.00297	0.00297
16	0.14865	0.01519	0.01592	0.01321	0.01782	0.03517	0.01064	0.17678	0.26438	0.19780	0.02176	0.02034	0.01544	0.00833	0.00646	0.00217	0.00614	0.00645	0.00677	0.01058
17	0.00834	0.00595	0.00794	0.00953	0.00992	0.00556	0.00635	0.00953	0.01310	0.01746	0.03771	0.75510	0.04525	0.02143	0.00873	0.00278	0.00397	0.01945	0.00635	0.00556
18	0.00834	0.00595	0.00794	0.00953	0.00992	0.00556	0.00635	0.00953	0.01310	0.01746	0.03771	0.75510	0.04525	0.02143	0.00873	0.00278	0.00397	0.01945	0.00635	0.00556
19	0.00856	0.00603	0.00783	0.00924	0.00972	0.00564	0.00616	0.00980	0.01308	0.01762	0.03735	0.67742	0.06260	0.05206	0.00967	0.00288	0.00404	0.01841	0.03635	0.00553
20	0.05120	0.01437	0.01528	0.01356	0.01757	0.01634	0.01062	0.03541	0.61601	0.08903	0.02701	0.02473	0.01998	0.00909	0.00684	0.00229	0.00544	0.00749	0.00698	0.01076
21	0.00967	0.00791	0.01068	0.01075	0.01210	0.02814	0.05267	0.01166	0.01493	0.01977	0.16456	0.47847	0.10016	0.01816	0.00845	0.00257	0.00460	0.03239	0.00629	0.00608
22	0.00937	0.00706	0.00887	0.00973	0.01128	0.00656	0.00769	0.01166	0.01550	0.01993	0.11914	0.22028	0.25395	0.01844	0.00872	0.00270	0.00457	0.25212	0.00646	0.00599
23	0.02057	0.11205	0.05218	0.01282	0.01842	0.03457	0.01107	0.13059	0.11820	0.16521	0.01769	0.01755	0.01301	0.00707	0.00599	0.00172	0.00638	0.00549	0.00558	0.24384
24	0.08664	0.01302	0.01464	0.01138	0.01642	0.01200	0.00909	0.16768	0.01829	0.08860	0.01721	0.10320	0.01500	0.00812	0.00598	0.00165	0.00557	0.00657	0.00535	0.39360
25	0.37050	0.05009	0.01569	0.09699	0.01965	0.04625	0.01070	0.13634	0.01679	0.11288	0.01344	0.01484	0.00990	0.00723	0.00607	0.00210	0.03367	0.00496	0.02321	0.00873
26	0.01910	0.55879	0.05127	0.01320	0.01852	0.05538	0.01259	0.10045	0.01602	0.01952	0.01041	0.01212	0.00913	0.00673	0.00639	0.00170	0.07202	0.00423	0.00342	0.00901
27	0.01371	0.00829	0.01012	0.00926	0.01152	0.00772	0.00689	0.03446	0.04570	0.14552	0.25666	0.11940	0.17456	0.11167	0.01135	0.00283	0.00446	0.01187	0.00685	0.00716
28	0.01255	0.01011	0.04127	0.01078	0.01300	0.03617	0.00870	0.01571	0.03541	0.08123	0.21346	0.03620	0.09182	0.06700	0.26945	0.00559	0.02992	0.00921	0.00545	0.00696

[dist]
# distance from previous block
# <min> <max>
3	28

[block]
# block no. 6 follows, 31 sequences, length 34
# corresponding to MSA columns:
# 745-778
name=unknown_G
#
# <colnr> <probs for GDERKNQSTAVLIFYWHMCP>
#	G	D	E	R	K	N	Q	S	T	A	V	L	I	F	Y	W	H	M	C	P
0	0.02361	0.02014	0.05136	0.01721	0.02285	0.06198	0.08775	0.50076	0.06544	0.03705	0.01615	0.01677	0.01168	0.00779	0.00689	0.00206	0.00818	0.00626	0.00605	0.03004
1	0.00912	0.00821	0.05009	0.00918	0.01067	0.00659	0.00700	0.01087	0.01379	0.01809	0.09449	0.32982	0.19773	0.15767	0.01333	0.00332	0.00476	0.04372	0.00582	0.00572
2	0.01943	0.09118	0.06808	0.10741	0.19075	0.16021	0.01603	0.12198	0.11443	0.02393	0.01458	0.01657	0.01142	0.00713	0.00645	0.00201	0.00867	0.00570	0.00430	0.00975
3	0.01580	0.01605	0.02849	0.29241	0.21718	0.03897	0.22616	0.04298	0.01574	0.02096	0.01296	0.01772	0.01003	0.00637	0.00718	0.00220	0.00965	0.00665	0.00340	0.00909
4	0.00845	0.00600	0.00790	0.00937	0.00974	0.00564	0.00619	0.00956	0.01287	0.01715	0.03652	0.70273	0.04375	0.07585	0.01066	0.00306	0.00417	0.01875	0.00619	0.00545
5	0.09016	0.01222	0.01544	0.11940	0.02056	0.01308	0.03154	0.17704	0.03711	0.10158	0.13547	0.08409	0.02594	0.01089	0.00723	0.00229	0.00625	0.07925	0.02188	0.00858
6	0.24580	0.07767	0.37346	0.01675	0.04785	0.01616	0.05445	0.02058	0.01366	0.02376	0.01250	0.04610	0.01009	0.00701	0.00588	0.00213	0.00824	0.00540	0.00349	0.00901
7	0.00874	0.00625	0.00841	0.00999	0.01057	0.00591	0.00706	0.01023	0.01350	0.01792	0.03748	0.65211	0.04436	0.02105	0.00884	0.00283	0.00432	0.11841	0.00634	0.00567
8	0.00849	0.00607	0.00812	0.00970	0.01017	0.00569	0.00662	0.00980	0.01325	0.01764	0.03762	0.71584	0.04491	0.02129	0.00877	0.00280	0.00410	0.05717	0.00635	0.00560
9	0.01614	0.19277	0.23647	0.02110	0.05121	0.01885	0.25116	0.05093	0.03042	0.02145	0.01359	0.04061	0.01099	0.00673	0.00667	0.00207	0.00948	0.00641	0.00349	0.00945
10	0.02639	0.01855	0.02015	0.01545	0.02091	0.02031	0.01276	0.64022	0.03114	0.09842	0.01729	0.01698	0.01207	0.00823	0.00685	0.00206	0.00739	0.00622	0.00698	0.01164
11	0.01703	0.01342	0.01585	0.01204	0.01729	0.05280	0.05334	0.04977	0.03454	0.09803	0.01608	0.04201	0.01296	0.00664	0.00575	0.00145	0.00593	0.00555	0.06941	0.47011
12	0.01509	0.01389	0.01859	0.01598	0.01686	0.01832	0.01314	0.09109	0.01323	0.01938	0.01471	0.02036	0.05152	0.04246	0.09342	0.00380	0.52006	0.00677	0.00373	0.00759
13	0.00834	0.00595	0.00794	0.00953	0.00992	0.00556	0.00635	0.00953	0.01310	0.01746	0.03771	0.75510	0.04525	0.02143	0.00873	0.00278	0.00397	0.01945	0.00635	0.00556
14	0.01686	0.53563	0.25137	0.01415	0.02133	0.02357	0.01596	0.02086	0.01407	0.01784	0.01038	0.01206	0.00874	0.00606	0.00505	0.00168	0.00819	0.00410	0.00291	0.00920
15	0.00958	0.00691	0.00905	0.00868	0.01020	0.00638	0.00645	0.01265	0.01887	0.02665	0.66034	0.10627	0.06304	0.01457	0.00812	0.00220	0.00329	0.01293	0.00744	0.00638
16	0.01292	0.01216	0.02052	0.74312	0.04712	0.01520	0.01900	0.01748	0.01368	0.01748	0.01216	0.01824	0.00912	0.00684	0.00684	0.00228	0.00912	0.00608	0.00304	0.00760
17	0.01010	0.00752	0.00972	0.01090	0.01230	0.00739	0.00864	0.01344	0.05987	0.01970	0.04024	0.31307	0.12269	0.01898	0.00887	0.00286	0.00507	0.31600	0.00637	0.00627
18	0.02608	0.01325	0.01619	0.01281	0.01766	0.01302	0.01044	0.17395	0.11026	0.42681	0.06576	0.02490	0.03850	0.00908	0.00699	0.00214	0.00592	0.00736	0.00781	0.01107
19	0.03070	0.01164	0.01588	0.01217	0.01746	0.01006	0.01006	0.03334	0.01958	0.72163	0.02699	0.02329	0.01694	0.00847	0.00688	0.00212	0.00582	0.00688	0.00847	0.01164
20	0.80789	0.01323	0.01006	0.00900	0.01323	0.01535	0.00741	0.02011	0.01164	0.03070	0.00953	0.01111	0.00741	0.00635	0.00423	0.00212	0.00529	0.00370	0.00423	0.00741
21	0.01408	0.03292	0.63958	0.01836	0.02753	0.04157	0.02316	0.02141	0.01462	0.02180	0.01303	0.01527	0.00939	0.00664	0.00635	0.00211	0.00963	0.00514	0.06769	0.00973
22	0.05106	0.01237	0.01505	0.01220	0.01678	0.01216	0.00987	0.07426	0.17486	0.42840	0.05408	0.02423	0.01918	0.00876	0.00673	0.00213	0.00556	0.00712	0.05439	0.01079
23	0.00822	0.00641	0.00747	0.00832	0.00961	0.00566	0.00582	0.00966	0.01425	0.01794	0.05234	0.43596	0.35494	0.01953	0.00843	0.00256	0.00374	0.01713	0.00635	0.00566
24	0.02964	0.01133	0.01532	0.01183	0.01690	0.00984	0.00974	0.03231	0.01927	0.68056	0.02671	0.02342	0.01697	0.00844	0.00676	0.00209	0.00567	0.00685	0.05502	0.01133
25	0.01123	0.00744	0.00950	0.00969	0.01120	0.00708	0.00698	0.01457	0.06747	0.07893	0.25385	0.39147	0.07019	0.01694	0.00821	0.00247	0.00397	0.01511	0.00695	0.00674
26	0.01341	0.00781	0.00953	0.00912	0.01156	0.00684	0.00696	0.01541	0.01620	0.17372	0.09915	0.21164	0.32204	0.01615	0.00804	0.00241	0.00424	0.05177	0.00690	0.00710
27	0.01042	0.00782	0.00970	0.00981	0.01036	0.00849	0.00667	0.01268	0.06625	0.01627	0.02557	0.25294	0.02862	0.34556	0.09380	0.00527	0.06726	0.01205	0.00489	0.00557
28	0.01372	0.03539	0.72412	0.01950	0.02961	0.01589	0.02528	0.02167	0.01444	0.02167	0.01228	0.01444	0.00867	0.00650	0.00650	0.00217	0.01011	0.00506	0.00289	0.01011
29	0.01242	0.01044	0.03479	0.07206	0.01753	0.01000	0.08310	0.09942	0.01617	0.02223	0.02923	0.39336	0.05755	0.01482	0.00775	0.00243	0.00574	0.01341	0.09041	0.00712
30	0.66981	0.03408	0.01248	0.01011	0.01461	0.01513	0.03126	0.02170	0.01277	0.10915	0.01167	0.01276	0.00864	0.00656	0.00467	0.00211	0.00562	0.00422	0.00466	0.00799
31	0.01490	0.01240	0.02014	0.65381	0.04364	0.01503	0.01803	0.04643	0.01492	0.07592	0.01354	0.01858	0.00986	0.00703	0.00684	0.00226	0.00879	0.00615	0.00364	0.00809
32	0.03570	0.21099	0.16003	0.01621	0.04165	0.06049	0.06011	0.07248	0.04525	0.14049	0.01672	0.01758	0.03489	0.00756	0.00710	0.00201	0.05081	0.00574	0.00454	0.00965
33	0.07832	0.03427	0.03944	0.01316	0.01466	0.01480	0.01075	0.06048	0.01246	0.01921	0.01486	0.04323	0.01470	0.16080	0.13785	0.00476	0.28149	0.00708	0.03077	0.00693

[dist]
# distance from previous block
# <min> <max>
8	14

[block]
# block no. 7 follows, 31 sequences, length 38
# corresponding to MSA columns:
# 795-832
name=unknown_H
#
# <colnr> <probs for GDERKNQSTAVLIFYWHMCP>
#	G	D	E	R	K	N	Q	S	T	A	V	L	I	F	Y	W	H	M	C	P
0	0.05596	0.14014	0.13589	0.01217	0.01703	0.03194	0.01156	0.01843	0.01500	0.08124	0.08131	0.15143	0.02259	0.01023	0.00647	0.00197	0.00627	0.04107	0.00487	0.15441
1	0.01903	0.44197	0.16064	0.01367	0.01995	0.04614	0.01410	0.06927	0.01589	0.08713	0.01265	0.01398	0.01013	0.00852	0.03866	0.00215	0.00839	0.00460	0.00378	0.00936
2	0.00991	0.00643	0.00849	0.00955	0.01042	0.00591	0.00656	0.01131	0.01393	0.06598	0.06792	0.64283	0.07484	0.02004	0.00855	0.00268	0.00404	0.01805	0.00655	0.00602
3	0.01173	0.00805	0.00903	0.00859	0.01090	0.00756	0.00649	0.03425	0.07058	0.07032	0.16890	0.12275	0.31961	0.01451	0.00754	0.00222	0.00387	0.01232	0.10386	0.00691
4	0.05112	0.23760	0.35795	0.01533	0.02301	0.01819	0.01755	0.02260	0.04893	0.07532	0.01328	0.01453	0.01000	0.00650	0.00575	0.00189	0.00819	0.00481	0.00367	0.06375
5	0.01709	0.01160	0.03398	0.06390	0.08830	0.01093	0.01073	0.02295	0.13684	0.20312	0.13837	0.03596	0.17539	0.01097	0.00731	0.00220	0.00542	0.00933	0.00656	0.00903
6	0.00997	0.00762	0.00933	0.01003	0.01126	0.00763	0.00707	0.01453	0.13111	0.02072	0.12677	0.50692	0.07436	0.01820	0.00832	0.00260	0.00409	0.01630	0.00661	0.00658
7	0.01685	0.01536	0.02666	0.16561	0.39242	0.01620	0.10757	0.02090	0.01511	0.06856	0.01348	0.01763	0.01071	0.00689	0.00839	0.00221	0.07566	0.00640	0.00364	0.00978
8	0.03949	0.10875	0.14949	0.02522	0.14407	0.01729	0.30026	0.02050	0.01500	0.02107	0.01427	0.06657	0.01223	0.00721	0.00746	0.00218	0.02890	0.00729	0.00350	0.00924
