[name]
unknown

[dist]
# distance from previous block
# <min> <max>
0	213

[block]
# block no. 0 follows, 26 sequences, length 16
# corresponding to MSA columns:
# 234-249
name=unknown_A
#
# <colnr> <probs for GDERKNQSTAVLIFYWHMCP>
#	G	D	E	R	K	N	Q	S	T	A	V	L	I	F	Y	W	H	M	C	P
0	0.01039	0.00740	0.00917	0.00941	0.01043	0.00698	0.00645	0.01229	0.01642	0.02234	0.27789	0.21005	0.10119	0.22471	0.01771	0.00403	0.00499	0.03522	0.00682	0.00613
1	0.01376	0.00715	0.00741	0.00735	0.00912	0.00708	0.00551	0.01730	0.01653	0.02852	0.09800	0.03144	0.02525	0.00958	0.00571	0.00184	0.00354	0.00781	0.69005	0.00708
2	0.01739	0.32244	0.07773	0.01372	0.01836	0.06606	0.01246	0.03816	0.08190	0.02084	0.02137	0.16048	0.02170	0.05894	0.00894	0.00256	0.00770	0.03546	0.00484	0.00894
3	0.01948	0.29444	0.15709	0.07601	0.07143	0.02228	0.01698	0.12144	0.01882	0.02513	0.01318	0.01541	0.01057	0.00704	0.00624	0.00193	0.00866	0.00525	0.00411	0.10452
4	0.02002	0.27474	0.24137	0.02081	0.11241	0.02245	0.01914	0.09981	0.04729	0.05372	0.01463	0.01626	0.01134	0.00735	0.00652	0.00210	0.00907	0.00558	0.00427	0.01111
5	0.02067	0.16991	0.16249	0.01877	0.06648	0.16223	0.01659	0.09042	0.11862	0.02501	0.02011	0.02097	0.05890	0.00865	0.00692	0.00217	0.00937	0.00651	0.00478	0.01042
6	0.01448	0.06432	0.13640	0.18884	0.02743	0.01486	0.01568	0.04836	0.08875	0.02385	0.07321	0.06714	0.13368	0.01204	0.00799	0.00254	0.00767	0.05843	0.00538	0.00895
7	0.01724	0.02738	0.29374	0.06930	0.18653	0.05062	0.15261	0.02355	0.01661	0.02335	0.01378	0.01773	0.01061	0.00739	0.00879	0.00244	0.05743	0.00665	0.00351	0.01073
8	0.02091	0.02111	0.04923	0.02790	0.24290	0.14847	0.07076	0.08982	0.01960	0.05363	0.01896	0.04542	0.04024	0.00935	0.00909	0.00238	0.06806	0.02569	0.02613	0.01035
9	0.02015	0.01575	0.08927	0.05791	0.02274	0.01336	0.06458	0.06748	0.09099	0.19914	0.03389	0.04110	0.11585	0.01234	0.00839	0.00263	0.00748	0.11989	0.00687	0.01017
10	0.01579	0.01142	0.01646	0.01963	0.17586	0.01136	0.01194	0.02036	0.06895	0.09930	0.20451	0.08251	0.05797	0.06797	0.09808	0.00400	0.00784	0.01066	0.00637	0.00904
11	0.01726	0.04771	0.26830	0.02275	0.16219	0.04408	0.01900	0.02186	0.01660	0.07835	0.06924	0.07241	0.01906	0.01127	0.01002	0.08894	0.00875	0.00783	0.00456	0.00980
12	0.02328	0.04392	0.08920	0.01846	0.09250	0.01557	0.01461	0.11364	0.11420	0.22557	0.02456	0.05221	0.01919	0.01004	0.00764	0.00237	0.00738	0.05664	0.00685	0.06216
13	0.01801	0.08372	0.36986	0.06527	0.02960	0.01720	0.07279	0.02553	0.06220	0.10769	0.01857	0.06421	0.01451	0.00866	0.00744	0.00241	0.00962	0.00732	0.00461	0.01078
14	0.01596	0.01489	0.02412	0.10177	0.38030	0.01512	0.04587	0.02114	0.06030	0.02417	0.06825	0.07764	0.09736	0.01026	0.00801	0.00242	0.00781	0.00953	0.00489	0.01020
15	0.01825	0.02414	0.17347	0.04927	0.02912	0.09274	0.18727	0.06592	0.06907	0.02431	0.01827	0.04764	0.03678	0.00942	0.01057	0.00258	0.11893	0.00790	0.00440	0.00995

[dist]
# distance from previous block
# <min> <max>
58	371

[block]
# block no. 1 follows, 26 sequences, length 23
# corresponding to MSA columns:
# 661-667,669-684
name=unknown_B
#
# <colnr> <probs for GDERKNQSTAVLIFYWHMCP>
#	G	D	E	R	K	N	Q	S	T	A	V	L	I	F	Y	W	H	M	C	P
0	0.09755	0.10599	0.18811	0.02150	0.13904	0.06611	0.01766	0.08226	0.07702	0.05178	0.01757	0.01904	0.03393	0.00792	0.00679	0.00220	0.00870	0.00617	0.00472	0.04594
1	0.01878	0.11908	0.23079	0.02187	0.12544	0.15031	0.01870	0.02494	0.06847	0.02310	0.05190	0.04553	0.01607	0.00841	0.00703	0.00217	0.00961	0.00667	0.00427	0.04686
2	0.05415	0.25731	0.14264	0.02148	0.12690	0.05884	0.06560	0.04955	0.04877	0.05086	0.04541	0.01819	0.01414	0.00756	0.00663	0.00211	0.00896	0.00607	0.00433	0.01050
3	0.01881	0.14531	0.19695	0.02060	0.10815	0.08127	0.04182	0.02489	0.06615	0.04452	0.01486	0.01684	0.01168	0.00702	0.00660	0.00196	0.00897	0.00560	0.00418	0.17383
4	0.14317	0.14676	0.11823	0.05944	0.23138	0.02024	0.10244	0.05019	0.01684	0.02563	0.01320	0.01647	0.01056	0.00691	0.00675	0.00223	0.00915	0.00599	0.00390	0.01053
5	0.01138	0.00902	0.01070	0.01055	0.01262	0.00916	0.00785	0.01675	0.12315	0.02310	0.15829	0.14290	0.22385	0.05883	0.14215	0.00466	0.00752	0.01342	0.00670	0.00740
6	0.01470	0.00993	0.01561	0.01888	0.16224	0.01045	0.01111	0.01354	0.01167	0.01617	0.01317	0.02159	0.01266	0.02094	0.02431	0.54479	0.06258	0.00663	0.00340	0.00564
7	0.01521	0.03923	0.69413	0.02162	0.03283	0.01762	0.02802	0.02402	0.01601	0.02402	0.01361	0.01601	0.00961	0.00721	0.00721	0.00240	0.01121	0.00560	0.00320	0.01121
8	0.02028	0.73799	0.03975	0.01298	0.01947	0.03001	0.01298	0.02271	0.01541	0.01785	0.01055	0.01217	0.00973	0.00649	0.00487	0.00162	0.00811	0.00406	0.00324	0.00973
9	0.00896	0.00768	0.00768	0.00768	0.01025	0.00640	0.00576	0.01089	0.01729	0.02049	0.07684	0.07300	0.68304	0.01921	0.00896	0.00256	0.00384	0.01601	0.00704	0.00640
10	0.01084	0.00813	0.01219	0.01219	0.01354	0.00948	0.00948	0.01354	0.01219	0.01761	0.02032	0.02980	0.01896	0.05689	0.70337	0.01219	0.02032	0.00813	0.00406	0.00677
11	0.78701	0.01467	0.01115	0.00997	0.01467	0.01702	0.00821	0.02230	0.01291	0.03403	0.01056	0.01232	0.00821	0.00704	0.00469	0.00235	0.00587	0.00411	0.00469	0.00821
12	0.01432	0.01348	0.02275	0.71520	0.05224	0.01685	0.02107	0.01938	0.01517	0.01938	0.01348	0.02022	0.01011	0.00758	0.00758	0.00253	0.01011	0.00674	0.00337	0.00843
13	0.01723	0.01629	0.02688	0.11996	0.39611	0.01692	0.07174	0.02399	0.10764	0.02450	0.01928	0.09043	0.01705	0.00900	0.00788	0.00244	0.00858	0.00865	0.00459	0.01085
14	0.01432	0.01348	0.02275	0.71520	0.05224	0.01685	0.02107	0.01938	0.01517	0.01938	0.01348	0.02022	0.01011	0.00758	0.00758	0.00253	0.01011	0.00674	0.00337	0.00843
15	0.02196	0.61565	0.03640	0.01380	0.01994	0.11038	0.01309	0.02437	0.01647	0.05277	0.01169	0.01306	0.01021	0.00680	0.00525	0.00170	0.00870	0.00434	0.00364	0.00978
16	0.02005	0.01824	0.06532	0.10135	0.47837	0.01708	0.05163	0.02473	0.01760	0.10806	0.01618	0.01972	0.01254	0.00717	0.00758	0.00231	0.00909	0.00691	0.00440	0.01167
17	0.01970	0.28918	0.23145	0.01770	0.02494	0.02324	0.04793	0.09789	0.05386	0.04639	0.01428	0.01610	0.01119	0.00786	0.00797	0.00219	0.06757	0.00565	0.00421	0.01068
18	0.78701	0.01467	0.01115	0.00997	0.01467	0.01702	0.00821	0.02230	0.01291	0.03403	0.01056	0.01232	0.00821	0.00704	0.00469	0.00235	0.00587	0.00411	0.00469	0.00821
19	0.02745	0.03283	0.02378	0.02041	0.02494	0.55428	0.07336	0.10985	0.02297	0.02280	0.01288	0.01487	0.01033	0.00785	0.00713	0.00205	0.01292	0.00550	0.00437	0.00945
20	0.00987	0.00763	0.00901	0.00885	0.01085	0.00676	0.00657	0.01258	0.01916	0.02537	0.37732	0.11888	0.32436	0.01773	0.00901	0.00252	0.00376	0.01532	0.00770	0.00676
21	0.00976	0.00762	0.00886	0.00875	0.01079	0.00671	0.00649	0.01236	0.01888	0.02474	0.33890	0.12309	0.35992	0.01799	0.00902	0.00253	0.00378	0.01549	0.00762	0.00671
22	0.01902	0.01827	0.07591	0.02708	0.22534	0.01682	0.10206	0.05217	0.09554	0.07733	0.01854	0.05230	0.01514	0.00861	0.00894	0.00233	0.06414	0.00763	0.00500	0.10783

[dist]
# distance from previous block
# <min> <max>
15	35

[block]
# block no. 2 follows, 26 sequences, length 102
# corresponding to MSA columns:
# 722-778,780-808,818-833
name=unknown_C
#
# <colnr> <probs for GDERKNQSTAVLIFYWHMCP>
#	G	D	E	R	K	N	Q	S	T	A	V	L	I	F	Y	W	H	M	C	P
0	0.01761	0.05778	0.10600	0.03214	0.36270	0.01747	0.04550	0.04525	0.08797	0.02556	0.04036	0.07244	0.01841	0.00916	0.00771	0.00238	0.00847	0.02737	0.00470	0.01103
1	0.01954	0.13765	0.08376	0.14815	0.13553	0.04707	0.13736	0.12568	0.01975	0.02594	0.01516	0.02022	0.01224	0.00777	0.00743	0.00231	0.00993	0.02974	0.00432	0.01044
2	0.04867	0.18158	0.06464	0.05201	0.10594	0.08357	0.11243	0.15229	0.02109	0.08530	0.01533	0.01729	0.01166	0.00751	0.00699	0.00217	0.00950	0.00625	0.00491	0.01088
3	0.01636	0.05330	0.39574	0.02713	0.13824	0.01801	0.16422	0.02353	0.01683	0.02426	0.04107	0.01895	0.01293	0.00727	0.00763	0.00239	0.01079	0.00680	0.00364	0.01091
4	0.01758	0.05892	0.09206	0.06093	0.37445	0.01754	0.08575	0.05616	0.01783	0.02468	0.01974	0.07118	0.05197	0.00880	0.00772	0.00235	0.00895	0.00829	0.00429	0.01081
5	0.01107	0.00802	0.01124	0.05042	0.05023	0.00775	0.00903	0.01310	0.01566	0.04241	0.08156	0.52556	0.07163	0.02064	0.00935	0.00294	0.00508	0.05055	0.00683	0.00694
6	0.01750	0.04697	0.16686	0.06547	0.06133	0.01449	0.11875	0.02322	0.04673	0.12123	0.11297	0.07913	0.05028	0.01071	0.00810	0.00248	0.00829	0.02988	0.00568	0.00991
7	0.04823	0.01854	0.06156	0.38324	0.06930	0.07251	0.11157	0.07482	0.01805	0.04925	0.01456	0.01919	0.01083	0.00755	0.00759	0.00243	0.01034	0.00679	0.00412	0.00955
8	0.00923	0.00665	0.00875	0.01044	0.01097	0.00617	0.00699	0.01058	0.01464	0.01941	0.04332	0.70025	0.07743	0.02357	0.00965	0.00306	0.00438	0.02132	0.00704	0.00617
9	0.01680	0.01894	0.09958	0.13277	0.38190	0.01717	0.08422	0.02168	0.01660	0.02325	0.01817	0.04197	0.04847	0.00830	0.00845	0.00242	0.03702	0.00776	0.00390	0.01063
10	0.01590	0.01509	0.02560	0.47830	0.27682	0.01727	0.02185	0.02076	0.01591	0.02129	0.01376	0.01971	0.01079	0.00729	0.00756	0.00243	0.00972	0.00675	0.00351	0.00970
11	0.01842	0.02031	0.04011	0.03235	0.12544	0.04035	0.50471	0.02552	0.06602	0.02473	0.01623	0.02060	0.01238	0.00677	0.00860	0.00250	0.01180	0.00850	0.00411	0.01056
12	0.01061	0.00725	0.00881	0.00953	0.01091	0.00675	0.00694	0.01302	0.01671	0.02343	0.15808	0.31793	0.15359	0.01855	0.00868	0.00266	0.00421	0.06617	0.14954	0.00661
13	0.01949	0.01960	0.03080	0.04361	0.59814	0.07288	0.05695	0.02389	0.01764	0.02426	0.01412	0.01846	0.01181	0.00682	0.00753	0.00225	0.00959	0.00673	0.00377	0.01166
14	0.70559	0.01538	0.01240	0.01078	0.01562	0.01771	0.00888	0.09087	0.01535	0.03551	0.01138	0.01295	0.00872	0.00726	0.00500	0.00234	0.00613	0.00440	0.00500	0.00872
15	0.01113	0.00882	0.01390	0.01304	0.01489	0.00840	0.09443	0.01377	0.01597	0.02221	0.12659	0.40415	0.06352	0.02155	0.06459	0.00352	0.00659	0.01632	0.06964	0.00698
16	0.00930	0.00697	0.00866	0.00997	0.01101	0.00633	0.00694	0.01087	0.01536	0.01980	0.05076	0.53186	0.21285	0.02247	0.00953	0.00296	0.00437	0.04669	0.00704	0.00626
17	0.02833	0.03615	0.02149	0.01954	0.02345	0.70298	0.01466	0.03029	0.02149	0.01856	0.01172	0.01368	0.00977	0.00782	0.00684	0.00195	0.01368	0.00489	0.00391	0.00879
18	0.01480	0.01397	0.02361	0.64340	0.12031	0.01698	0.02130	0.01980	0.01539	0.01996	0.01357	0.02007	0.01032	0.00749	0.00758	0.00250	0.00999	0.00674	0.00341	0.00881
19	0.00936	0.00670	0.00891	0.01048	0.01103	0.00624	0.00705	0.01087	0.01509	0.02027	0.09436	0.67334	0.05192	0.02309	0.00962	0.00302	0.00433	0.02092	0.00715	0.00624
20	0.03248	0.01458	0.01854	0.01430	0.02015	0.01374	0.01179	0.15259	0.04953	0.54664	0.02779	0.02451	0.01786	0.00937	0.00762	0.00234	0.00679	0.00752	0.00899	0.01287
21	0.09797	0.06204	0.55853	0.01944	0.02919	0.01742	0.02419	0.02306	0.01558	0.02461	0.01468	0.05371	0.01164	0.00805	0.00698	0.00240	0.01015	0.00624	0.00357	0.01056
22	0.02662	0.02163	0.02267	0.01828	0.02349	0.17203	0.08096	0.18413	0.13761	0.17942	0.02103	0.02084	0.01506	0.00893	0.00814	0.00233	0.03168	0.00709	0.00666	0.01140
23	0.02782	0.03508	0.02126	0.01932	0.02325	0.66598	0.01451	0.03083	0.05670	0.01928	0.01276	0.01447	0.01049	0.00795	0.00689	0.00199	0.01326	0.00508	0.00411	0.00897
24	0.01077	0.00775	0.01047	0.01182	0.01311	0.00746	0.00931	0.01341	0.01694	0.02249	0.13530	0.32142	0.07373	0.02115	0.00990	0.00314	0.00541	0.29254	0.00721	0.00668
25	0.01653	0.01680	0.02276	0.01942	0.02010	0.05152	0.04165	0.01845	0.01263	0.01861	0.01427	0.02019	0.04676	0.01477	0.04891	0.00353	0.59405	0.00722	0.00360	0.00824
26	0.01988	0.01607	0.02075	0.15098	0.14835	0.03869	0.01534	0.15405	0.14681	0.05344	0.01907	0.02301	0.01515	0.04961	0.01162	0.08609	0.00820	0.00731	0.00545	0.01012
27	0.01182	0.00825	0.00898	0.00848	0.01133	0.00698	0.00647	0.01401	0.01816	0.09347	0.12905	0.06639	0.55387	0.01780	0.00882	0.00252	0.00410	0.01489	0.00742	0.00717
28	0.02738	0.01498	0.01769	0.01393	0.01900	0.01511	0.01137	0.27584	0.02650	0.29840	0.09457	0.02641	0.02220	0.00987	0.00750	0.00226	0.00657	0.00791	0.09085	0.01166
29	0.02156	0.02186	0.01712	0.01528	0.01913	0.26957	0.01172	0.11175	0.15099	0.04517	0.05644	0.06168	0.14265	0.01165	0.00774	0.00231	0.00861	0.00910	0.00621	0.00947
30	0.14226	0.07771	0.07649	0.02372	0.06481	0.01980	0.28933	0.11100	0.04513	0.05477	0.01560	0.01833	0.01167	0.00722	0.00747	0.00238	0.00989	0.00709	0.00476	0.01057
31	0.00936	0.00749	0.00831	0.00872	0.01064	0.00654	0.00637	0.01126	0.01674	0.02078	0.10571	0.21130	0.45406	0.04781	0.01034	0.00289	0.00422	0.04407	0.00703	0.00636
32	0.01651	0.21830	0.52644	0.01940	0.02940	0.02079	0.02417	0.02369	0.01586	0.02244	0.01283	0.01503	0.00964	0.00702	0.00661	0.00220	0.01042	0.00521	0.00321	0.01083
33	0.02008	0.07363	0.39544	0.02055	0.02885	0.21943	0.04786	0.02667	0.03811	0.04094	0.01395	0.01595	0.01041	0.00747	0.00707	0.00224	0.01154	0.00559	0.00375	0.01045
34	0.00976	0.00703	0.00936	0.01095	0.01173	0.00662	0.00782	0.01155	0.01538	0.02039	0.06904	0.57327	0.07482	0.02280	0.00975	0.00310	0.00476	0.11846	0.00709	0.00634
35	0.01084	0.00813	0.01219	0.01219	0.01354	0.00948	0.00948	0.01354	0.01219	0.01761	0.02032	0.02980	0.01896	0.05689	0.70337	0.01219	0.02032	0.00813	0.00406	0.00677
36	0.01569	0.01210	0.01442	0.01479	0.01740	0.03977	0.01264	0.11337	0.05425	0.02673	0.03526	0.06966	0.03664	0.01811	0.00976	0.00320	0.00741	0.48363	0.00699	0.00820
37	0.06525	0.01884	0.02498	0.09002	0.12393	0.02036	0.08411	0.32800	0.07693	0.06505	0.01795	0.01952	0.01315	0.00832	0.00758	0.00236	0.00869	0.00706	0.00615	0.01173
38	0.02782	0.03529	0.02157	0.01956	0.02329	0.67308	0.01474	0.02976	0.02106	0.01855	0.01165	0.01381	0.00978	0.00806	0.00763	0.00201	0.04472	0.00496	0.00388	0.00877
39	0.02939	0.02036	0.02222	0.01703	0.02308	0.02221	0.01407	0.59456	0.03418	0.11616	0.01945	0.01902	0.01352	0.00914	0.00759	0.00228	0.00815	0.00691	0.00778	0.01290
40	0.01432	0.01348	0.02275	0.71520	0.05224	0.01685	0.02107	0.01938	0.01517	0.01938	0.01348	0.02022	0.01011	0.00758	0.00758	0.00253	0.01011	0.00674	0.00337	0.00843
41	0.02219	0.02549	0.01904	0.01726	0.01991	0.40025	0.01314	0.04856	0.01812	0.01914	0.01426	0.02028	0.01309	0.08506	0.12509	0.00433	0.11625	0.00632	0.00406	0.00816
42	0.02449	0.37572	0.03059	0.01601	0.02152	0.26565	0.01380	0.12815	0.02081	0.02292	0.01219	0.01367	0.01026	0.00738	0.00600	0.00184	0.01011	0.00479	0.00418	0.00991
43	0.01267	0.00928	0.01250	0.01384	0.01579	0.00945	0.01192	0.01760	0.07008	0.02385	0.07510	0.07937	0.04356	0.01980	0.01017	0.00336	0.00672	0.55040	0.00712	0.00740
44	0.02833	0.03615	0.02149	0.01954	0.02345	0.70298	0.01466	0.03029	0.02149	0.01856	0.01172	0.01368	0.00977	0.00782	0.00684	0.00195	0.01368	0.00489	0.00391	0.00879
45	0.01802	0.02801	0.29256	0.02005	0.02729	0.11064	0.09977	0.05188	0.14084	0.02552	0.04183	0.02246	0.03688	0.01066	0.03774	0.00282	0.01055	0.00725	0.00473	0.01049
46	0.01663	0.01267	0.01444	0.01344	0.01670	0.01371	0.01048	0.05601	0.33150	0.06614	0.14505	0.12235	0.05689	0.01405	0.00847	0.00267	0.00556	0.07561	0.00774	0.00989
47	0.00933	0.00687	0.00877	0.01025	0.01108	0.00631	0.00706	0.01084	0.01509	0.01969	0.04733	0.59605	0.15101	0.02291	0.00960	0.00302	0.00442	0.04710	0.00704	0.00624
48	0.04306	0.01556	0.01545	0.01379	0.01741	0.06137	0.01052	0.09665	0.34242	0.05516	0.02874	0.06034	0.04899	0.10172	0.01144	0.00306	0.00665	0.00906	0.04850	0.01012
49	0.02256	0.05604	0.10579	0.02739	0.22601	0.16502	0.05408	0.09461	0.07794	0.07319	0.01653	0.01844	0.01267	0.00775	0.00733	0.00223	0.00992	0.00645	0.00486	0.01119
50	0.00936	0.00669	0.00891	0.01048	0.01103	0.00624	0.00705	0.01086	0.01508	0.02025	0.09303	0.67473	0.05188	0.02310	0.00962	0.00302	0.00433	0.02094	0.00715	0.00624
51	0.01060	0.00772	0.01006	0.01081	0.01223	0.00752	0.00829	0.01263	0.01556	0.02037	0.08779	0.19604	0.17961	0.06493	0.11540	0.04776	0.00752	0.17247	0.00634	0.00634
52	0.01261	0.01107	0.01809	0.05957	0.02045	0.01093	0.14409	0.01697	0.06280	0.02194	0.06922	0.26201	0.08790	0.07896	0.01178	0.00324	0.00709	0.08762	0.00604	0.00760
53	0.01746	0.20409	0.48570	0.01941	0.02892	0.07538	0.02340	0.02421	0.01631	0.02213	0.01274	0.01492	0.00965	0.00709	0.00662	0.00218	0.01068	0.00518	0.00327	0.01067
54	0.07030	0.01786	0.01992	0.01545	0.02129	0.04079	0.01271	0.34102	0.02807	0.32000	0.02258	0.02099	0.01505	0.00908	0.00743	0.00230	0.00759	0.00696	0.00808	0.01252
55	0.01028	0.00794	0.00949	0.01018	0.01169	0.00756	0.00721	0.01395	0.07863	0.02224	0.13206	0.41373	0.20626	0.02030	0.00922	0.00281	0.00431	0.01795	0.00727	0.00690
56	0.01006	0.00761	0.00915	0.00899	0.01080	0.00684	0.00657	0.01273	0.01897	0.02547	0.39994	0.12232	0.25766	0.05623	0.01062	0.00277	0.00394	0.01500	0.00762	0.00669
57	0.18636	0.01711	0.01810	0.01457	0.01989	0.01860	0.01189	0.29991	0.11784	0.15956	0.04674	0.02131	0.01676	0.00915	0.00706	0.00235	0.00696	0.00692	0.00736	0.01157
58	0.01790	0.05065	0.05766	0.12360	0.04436	0.13707	0.04266	0.02151	0.01627	0.02153	0.01325	0.01707	0.01102	0.01002	0.04736	0.00248	0.06783	0.00559	0.00392	0.28825
59	0.01544	0.01071	0.01277	0.01135	0.01432	0.01071	0.00878	0.07483	0.12724	0.08843	0.41326	0.04756	0.10613	0.01391	0.00852	0.00242	0.00464	0.01197	0.00816	0.00886
60	0.01320	0.00953	0.01249	0.07331	0.01684	0.00991	0.00988	0.05012	0.04308	0.05901	0.03780	0.37673	0.09376	0.04523	0.01094	0.00310	0.03644	0.08453	0.00665	0.00748
61	0.02292	0.01726	0.01866	0.01578	0.02068	0.01934	0.01255	0.20184	0.44405	0.09905	0.02748	0.02543	0.02006	0.00990	0.00768	0.00247	0.00666	0.00803	0.00784	0.01233
62	0.01865	0.01766	0.01743	0.06918	0.02178	0.13896	0.01109	0.02188	0.01698	0.04878	0.01379	0.01610	0.01116	0.00633	0.00608	0.00144	0.00750	0.00487	0.00448	0.54586
63	0.01696	0.20166	0.51278	0.01952	0.02931	0.05017	0.02395	0.02399	0.01611	0.02235	0.01282	0.01502	0.00964	0.00707	0.00665	0.00220	0.01060	0.00521	0.00324	0.01076
64	0.01432	0.01348	0.02275	0.71520	0.05224	0.01685	0.02107	0.01938	0.01517	0.01938	0.01348	0.02022	0.01011	0.00758	0.00758	0.00253	0.01011	0.00674	0.00337	0.00843
65	0.01031	0.00737	0.01003	0.01179	0.01270	0.00709	0.00891	0.01242	0.01558	0.02056	0.04121	0.49715	0.04782	0.02275	0.00997	0.00323	0.00533	0.24230	0.00702	0.00646
66	0.01002	0.00763	0.00921	0.00900	0.01094	0.00682	0.00668	0.01286	0.01950	0.02618	0.42672	0.11760	0.27439	0.01743	0.00901	0.00250	0.00373	0.01513	0.00780	0.00682
67	0.01781	0.01264	0.01904	0.01613	0.01997	0.01243	0.13001	0.06797	0.08886	0.12433	0.03258	0.16839	0.06331	0.01406	0.00864	0.00271	0.00706	0.11879	0.06603	0.00924
68	0.01549	0.07674	0.65900	0.02116	0.03211	0.01828	0.02722	0.02395	0.01598	0.02369	0.01345	0.01581	0.00962	0.00717	0.00708	0.00236	0.01104	0.00552	0.00321	0.01113
69	0.01639	0.01637	0.02355	0.02002	0.02037	0.02249	0.03997	0.01827	0.01187	0.01845	0.01060	0.01731	0.01040	0.01491	0.05368	0.00367	0.66321	0.00679	0.00337	0.00830
70	0.01941	0.01078	0.01419	0.01365	0.01695	0.01048	0.01150	0.02471	0.09272	0.22598	0.05898	0.05968	0.05445	0.01602	0.00921	0.00298	0.00650	0.33463	0.00784	0.00933
71	0.01364	0.00854	0.01167	0.01236	0.01427	0.00814	0.01005	0.01662	0.01802	0.09521	0.15827	0.21330	0.04756	0.01931	0.00971	0.00308	0.00574	0.31953	0.00751	0.00747
72	0.00976	0.00675	0.00885	0.01047	0.01108	0.00636	0.00718	0.01136	0.01478	0.02021	0.04044	0.64243	0.04752	0.02249	0.00939	0.00300	0.00447	0.05225	0.06493	0.00627
73	0.00957	0.00751	0.00866	0.00880	0.01073	0.00660	0.00644	0.01190	0.01809	0.02341	0.26090	0.18921	0.37337	0.01889	0.00909	0.00260	0.00386	0.01632	0.00745	0.00660
74	0.03227	0.01369	0.01784	0.01390	0.01962	0.01257	0.01141	0.07103	0.08593	0.59223	0.02938	0.02565	0.01889	0.00946	0.00763	0.00237	0.00651	0.00768	0.00913	0.01282
75	0.00998	0.00777	0.00931	0.00909	0.01110	0.00719	0.00682	0.01257	0.01786	0.02356	0.29140	0.05954	0.33315	0.04572	0.11697	0.00413	0.00639	0.01379	0.00699	0.00668
76	0.00941	0.00672	0.00899	0.01075	0.01126	0.00630	0.00733	0.01085	0.01469	0.01955	0.04171	0.69274	0.04981	0.02361	0.00973	0.00310	0.00454	0.05567	0.00704	0.00621
77	0.01728	0.01781	0.02407	0.02041	0.02095	0.05955	0.04414	0.01916	0.01242	0.01853	0.01028	0.01660	0.01001	0.01269	0.02324	0.00321	0.65122	0.00664	0.00337	0.00841
78	0.03403	0.01291	0.01760	0.01350	0.01936	0.01115	0.01115	0.03697	0.02171	0.69137	0.02992	0.02582	0.01878	0.00939	0.00763	0.00235	0.00645	0.00763	0.00939	0.01291
79	0.02628	0.03287	0.02370	0.02067	0.02452	0.57678	0.07131	0.02859	0.02022	0.01904	0.01187	0.01456	0.00994	0.00822	0.00878	0.00214	0.08238	0.00541	0.00384	0.00887
80	0.01011	0.00764	0.00933	0.00909	0.01099	0.00686	0.00675	0.01303	0.01971	0.02667	0.45664	0.11511	0.24588	0.01723	0.00901	0.00249	0.00372	0.01500	0.00787	0.00686
81	0.78701	0.01467	0.01115	0.00997	0.01467	0.01702	0.00821	0.02230	0.01291	0.03403	0.01056	0.01232	0.00821	0.00704	0.00469	0.00235	0.00587	0.00411	0.00469	0.00821
82	0.05347	0.01835	0.01889	0.01553	0.02049	0.04107	0.01248	0.35467	0.21983	0.03874	0.05474	0.02673	0.07026	0.01040	0.00765	0.00238	0.00717	0.00819	0.00739	0.01157
83	0.01532	0.03851	0.66916	0.02202	0.03309	0.01768	0.05227	0.02403	0.01609	0.02403	0.01368	0.01619	0.00968	0.00718	0.00727	0.00241	0.01127	0.00573	0.00323	0.01117
84	0.00974	0.00771	0.00877	0.00850	0.01072	0.00674	0.00638	0.01240	0.01913	0.02486	0.34354	0.06580	0.41361	0.01758	0.00896	0.00248	0.00373	0.01500	0.00762	0.00674
85	0.78701	0.01467	0.01115	0.00997	0.01467	0.01702	0.00821	0.02230	0.01291	0.03403	0.01056	0.01232	0.00821	0.00704	0.00469	0.00235	0.00587	0.00411	0.00469	0.00821
86	0.06397	0.01387	0.01789	0.01377	0.01961	0.01270	0.01138	0.10263	0.02284	0.59639	0.02790	0.02446	0.01772	0.00926	0.00750	0.00234	0.00663	0.00740	0.00901	0.01272
87	0.01635	0.01629	0.02087	0.01800	0.01866	0.07223	0.03938	0.01796	0.01255	0.01786	0.01317	0.02288	0.01347	0.14157	0.05170	0.00424	0.48404	0.00743	0.00364	0.00770
88	0.01144	0.00782	0.00888	0.00889	0.00918	0.00793	0.00533	0.01257	0.04047	0.01588	0.02508	0.05063	0.02824	0.66338	0.03574	0.00694	0.00727	0.04442	0.00486	0.00505
89	0.00921	0.00673	0.00867	0.01023	0.01091	0.00619	0.00689	0.01060	0.01484	0.01949	0.04586	0.65256	0.12347	0.02324	0.00960	0.00302	0.00434	0.02092	0.00704	0.00619
90	0.01553	0.02290	0.21871	0.02476	0.03198	0.01616	0.34369	0.02167	0.01687	0.02342	0.02039	0.12201	0.01874	0.01012	0.00868	0.00266	0.01075	0.05693	0.00434	0.00970
91	0.01756	0.01870	0.09000	0.01869	0.10110	0.08165	0.01409	0.07197	0.21510	0.02718	0.08294	0.03527	0.09369	0.05031	0.00961	0.00273	0.00755	0.04575	0.00614	0.00999
92	0.01097	0.00800	0.00953	0.01003	0.01105	0.00784	0.00673	0.03369	0.05055	0.02049	0.08177	0.36264	0.10829	0.22223	0.01756	0.00414	0.00534	0.01630	0.00649	0.00634
93	0.04442	0.00848	0.00989	0.00937	0.01158	0.00807	0.00708	0.01555	0.05611	0.02842	0.45423	0.05518	0.19347	0.01529	0.00851	0.00240	0.00387	0.01316	0.04762	0.00731
94	0.04714	0.02421	0.24856	0.06163	0.30663	0.01728	0.05669	0.02365	0.05304	0.02478	0.01823	0.02122	0.04786	0.00780	0.00747	0.00237	0.00942	0.00699	0.00399	0.01104
95	0.01681	0.03892	0.02873	0.18235	0.36602	0.01704	0.10252	0.02136	0.01670	0.02291	0.01731	0.06339	0.01563	0.00874	0.00794	0.00246	0.00931	0.04752	0.00406	0.01030
96	0.01084	0.00727	0.00833	0.00852	0.00856	0.00723	0.00486	0.01098	0.01140	0.01520	0.02581	0.12221	0.02999	0.65757	0.03551	0.00690	0.00704	0.01216	0.00486	0.00476
97	0.01874	0.40216	0.05750	0.01624	0.05539	0.07568	0.01396	0.02208	0.03999	0.01976	0.04178	0.04663	0.04353	0.00930	0.00866	0.00211	0.10671	0.00644	0.00401	0.00935
98	0.06705	0.04606	0.19043	0.02513	0.14510	0.05616	0.12659	0.08085	0.01903	0.12269	0.01627	0.01841	0.01191	0.00768	0.00800	0.00236	0.03371	0.00663	0.00481	0.01112
99	0.01092	0.00815	0.01112	0.01232	0.01352	0.00835	0.00973	0.01333	0.01549	0.02052	0.03969	0.31163	0.08699	0.02577	0.09258	0.00429	0.03873	0.26369	0.00650	0.00667
100	0.01060	0.00806	0.01044	0.03898	0.01336	0.00812	0.00826	0.01282	0.01581	0.02122	0.12535	0.27044	0.17000	0.06074	0.07027	0.00386	0.03693	0.07150	0.03665	0.00660
101	0.09920	0.12630	0.10033	0.05712	0.24195	0.01885	0.06835	0.04986	0.03745	0.02489	0.01581	0.05599	0.01371	0.01072	0.04571	0.00283	0.00939	0.00705	0.00419	0.01032

[dist]
# distance from previous block
# <min> <max>
1	11

[block]
# block no. 3 follows, 26 sequences, length 36
# corresponding to MSA columns:
# 845-880
name=unknown_D
#
# <colnr> <probs for GDERKNQSTAVLIFYWHMCP>
#	G	D	E	R	K	N	Q	S	T	A	V	L	I	F	Y	W	H	M	C	P
0	0.01471	0.01419	0.04582	0.01789	0.02166	0.01352	0.18763	0.04840	0.07775	0.02413	0.09214	0.16199	0.02914	0.09560	0.03248	0.00346	0.04423	0.03582	0.00561	0.03382
1	0.01979	0.17249	0.18255	0.01671	0.02408	0.06898	0.06435	0.07037	0.01818	0.06887	0.01464	0.01643	0.01129	0.00698	0.00645	0.00188	0.00879	0.00547	0.02377	0.19792
2	0.01245	0.01085	0.01222	0.01111	0.01340	0.07207	0.03196	0.01581	0.02090	0.02805	0.53172	0.05303	0.12762	0.01484	0.00875	0.00237	0.00489	0.01296	0.00763	0.00734
3	0.01587	0.03831	0.67038	0.02133	0.03236	0.01739	0.02743	0.02448	0.01621	0.04745	0.01418	0.01636	0.00993	0.00728	0.00722	0.00240	0.01104	0.00568	0.00342	0.01127
4	0.02546	0.33070	0.02885	0.01621	0.02139	0.35430	0.01362	0.02770	0.01894	0.08067	0.01291	0.01417	0.01059	0.00740	0.00608	0.00185	0.01065	0.00479	0.00414	0.00957
5	0.01877	0.01802	0.03079	0.04656	0.68612	0.01802	0.02328	0.02328	0.01727	0.02478	0.01427	0.01877	0.01201	0.00676	0.00751	0.00225	0.00901	0.00676	0.00375	0.01201
6	0.01663	0.02440	0.24540	0.15110	0.10989	0.01808	0.17375	0.02553	0.11180	0.02446	0.01658	0.01993	0.01239	0.00748	0.00780	0.00247	0.01038	0.00717	0.00410	0.01068
7	0.00942	0.00682	0.00894	0.01045	0.01115	0.00633	0.00716	0.01100	0.01522	0.02020	0.08088	0.62201	0.09272	0.02288	0.00962	0.00302	0.00442	0.04438	0.00711	0.00627
8	0.02264	0.53242	0.03440	0.01490	0.02063	0.22713	0.01347	0.02493	0.01719	0.01806	0.01089	0.01261	0.00974	0.00688	0.00544	0.00172	0.00974	0.00430	0.00344	0.00946
9	0.02833	0.03615	0.02149	0.01954	0.02345	0.70298	0.01466	0.03029	0.02149	0.01856	0.01172	0.01368	0.00977	0.00782	0.00684	0.00195	0.01368	0.00489	0.00391	0.00879
10	0.01020	0.00718	0.00845	0.00902	0.01050	0.00655	0.00643	0.01243	0.01674	0.02303	0.16114	0.31508	0.22777	0.01867	0.00866	0.00260	0.00396	0.01633	0.12871	0.00655
11	0.00989	0.00752	0.00910	0.00913	0.01092	0.00673	0.00669	0.01252	0.01885	0.02519	0.36979	0.18522	0.26444	0.01821	0.00909	0.00257	0.00381	0.01589	0.00769	0.00673
12	0.01233	0.00903	0.01325	0.01269	0.01452	0.00859	0.06794	0.03669	0.01619	0.05444	0.06702	0.42724	0.08318	0.07976	0.03286	0.00355	0.00617	0.04082	0.00664	0.00709
13	0.01076	0.00770	0.00933	0.01004	0.01156	0.00725	0.00765	0.01302	0.01624	0.02155	0.09615	0.17330	0.21219	0.11768	0.01327	0.00348	0.00523	0.18509	0.07213	0.00639
14	0.00940	0.00725	0.00865	0.00968	0.01112	0.00650	0.00699	0.01117	0.01595	0.02014	0.05627	0.39533	0.31363	0.02160	0.00946	0.00290	0.00441	0.07616	0.00704	0.00634
15	0.02189	0.01303	0.01442	0.01209	0.01594	0.01362	0.00979	0.25122	0.02387	0.12133	0.02408	0.02810	0.01859	0.00980	0.00677	0.00214	0.00587	0.04831	0.34920	0.00992
16	0.01517	0.01459	0.02136	0.01847	0.01917	0.01951	0.04382	0.01731	0.01205	0.01836	0.01287	0.02017	0.01235	0.02420	0.19895	0.00557	0.50743	0.00713	0.00353	0.00799
17	0.00980	0.00705	0.00941	0.01111	0.01187	0.00666	0.00798	0.01156	0.01518	0.02004	0.04276	0.58195	0.07188	0.02306	0.00981	0.00314	0.00487	0.13850	0.00703	0.00633
18	0.01085	0.00809	0.01200	0.01200	0.01328	0.00938	0.00924	0.01342	0.01213	0.01746	0.02049	0.03078	0.01939	0.09046	0.67039	0.01195	0.01967	0.00827	0.00409	0.00666
19	0.02040	0.02139	0.01631	0.01492	0.01839	0.27888	0.01132	0.05020	0.19796	0.02520	0.08326	0.05416	0.09296	0.01105	0.00749	0.00226	0.00835	0.00866	0.06764	0.00919
20	0.01101	0.00742	0.00860	0.00860	0.00871	0.00753	0.00500	0.01124	0.01113	0.01495	0.02360	0.04800	0.02686	0.67755	0.09351	0.00775	0.00842	0.01079	0.00455	0.00478
21	0.01930	0.08498	0.03151	0.09531	0.46788	0.03815	0.08087	0.02371	0.01727	0.04841	0.01447	0.01856	0.01179	0.00690	0.00739	0.00224	0.00941	0.00669	0.00390	0.01128
22	0.00958	0.00740	0.00876	0.00924	0.01093	0.00659	0.00672	0.01175	0.01740	0.02252	0.20473	0.27424	0.32110	0.01984	0.00924	0.00272	0.00407	0.03934	0.00734	0.00652
23	0.01080	0.00770	0.00984	0.00979	0.01062	0.00805	0.00670	0.01225	0.01284	0.01761	0.08712	0.04455	0.07156	0.37184	0.27766	0.00835	0.01153	0.01054	0.00491	0.00575
24	0.14691	0.07897	0.19871	0.07093	0.18654	0.01880	0.07405	0.04625	0.01664	0.05149	0.01384	0.01689	0.01064	0.00731	0.00744	0.00234	0.03162	0.00602	0.00405	0.01056
25	0.04977	0.01570	0.01810	0.01534	0.01831	0.06128	0.03243	0.17098	0.01988	0.07565	0.01936	0.07321	0.01658	0.01484	0.06895	0.00331	0.17297	0.00792	0.13611	0.00931
26	0.01877	0.01894	0.04623	0.15281	0.23006	0.09767	0.07562	0.04821	0.05067	0.04744	0.04341	0.02419	0.06039	0.00886	0.00856	0.00240	0.04334	0.00770	0.00461	0.01013
27	0.00919	0.00679	0.00861	0.01006	0.01087	0.00620	0.00682	0.01062	0.01501	0.01956	0.04795	0.61353	0.16115	0.02296	0.00956	0.00299	0.00430	0.02059	0.00704	0.00620
28	0.00997	0.00735	0.00933	0.01044	0.01164	0.00684	0.00766	0.01197	0.01609	0.02101	0.10681	0.38575	0.17223	0.05554	0.01101	0.00320	0.00484	0.13488	0.00704	0.00638
29	0.01127	0.00854	0.01179	0.01188	0.01269	0.00970	0.00884	0.01311	0.01262	0.01764	0.02494	0.14427	0.02672	0.20124	0.32946	0.00821	0.07876	0.05716	0.00479	0.00633
30	0.01797	0.25445	0.32684	0.02088	0.02955	0.05460	0.14881	0.02397	0.01647	0.02188	0.01291	0.01559	0.01004	0.00685	0.00680	0.00217	0.01067	0.00575	0.00338	0.01044
31	0.00949	0.00759	0.00853	0.00889	0.01093	0.00663	0.00665	0.01164	0.01737	0.02175	0.14688	0.18426	0.44702	0.01964	0.00920	0.00270	0.00414	0.06299	0.00721	0.00650
32	0.00944	0.00712	0.00879	0.01004	0.01122	0.00647	0.00715	0.01113	0.01560	0.02000	0.05190	0.47714	0.23465	0.02217	0.00955	0.00297	0.00448	0.07685	0.00704	0.00631
33	0.15798	0.26714	0.09407	0.01649	0.02255	0.11510	0.07383	0.05635	0.01734	0.06707	0.01306	0.01491	0.01037	0.00742	0.00684	0.00211	0.03802	0.00526	0.00426	0.00983
34	0.01652	0.01733	0.07049	0.28501	0.33182	0.01719	0.04541	0.02222	0.04600	0.02285	0.01580	0.04720	0.01313	0.00790	0.00766	0.00242	0.00938	0.00742	0.00389	0.01036
35	0.00952	0.00680	0.00912	0.01088	0.01145	0.00640	0.00753	0.01105	0.01480	0.01968	0.04165	0.66773	0.04955	0.02350	0.00976	0.00312	0.00464	0.07953	0.00704	0.00624

[dist]
# distance from previous block
# <min> <max>
0	2

[block]
# block no. 4 follows, 26 sequences, length 45
# corresponding to MSA columns:
# 883-927
name=unknown_E
#
# <colnr> <probs for GDERKNQSTAVLIFYWHMCP>
#	G	D	E	R	K	N	Q	S	T	A	V	L	I	F	Y	W	H	M	C	P
0	0.02107	0.01293	0.01498	0.01303	0.01683	0.01334	0.01025	0.15016	0.14840	0.17549	0.06190	0.14284	0.05003	0.01273	0.00788	0.00247	0.00585	0.02954	0.10002	0.01027
1	0.09641	0.11199	0.22736	0.01927	0.07351	0.05017	0.04007	0.02517	0.05186	0.09921	0.01764	0.01934	0.03219	0.00844	0.00839	0.00235	0.07246	0.00627	0.02757	0.01035
2	0.02127	0.06873	0.02873	0.08100	0.17273	0.13675	0.14402	0.11668	0.07907	0.02677	0.01615	0.01902	0.01261	0.00764	0.00746	0.00226	0.01003	0.00688	0.03156	0.01063
3	0.01003	0.00693	0.00857	0.00955	0.00980	0.00669	0.00596	0.01077	0.01298	0.01731	0.03390	0.42873	0.04019	0.33713	0.02245	0.00497	0.00570	0.01691	0.00596	0.00547
4	0.05842	0.02027	0.06291	0.01688	0.05117	0.10693	0.01352	0.23367	0.14684	0.03361	0.02085	0.02357	0.01627	0.00930	0.00712	0.00228	0.00791	0.03380	0.12401	0.01068
5	0.01524	0.03804	0.66263	0.02114	0.03214	0.01727	0.02714	0.02379	0.01600	0.02405	0.01361	0.01600	0.00968	0.00713	0.00713	0.00234	0.01095	0.00555	0.00326	0.04689
6	0.01877	0.01802	0.03079	0.04656	0.68612	0.01802	0.02328	0.02328	0.01727	0.02478	0.01427	0.01877	0.01201	0.00676	0.00751	0.00225	0.00901	0.00676	0.00375	0.01201
7	0.04212	0.05878	0.22996	0.06914	0.02667	0.10020	0.04112	0.10491	0.06602	0.06992	0.01694	0.01882	0.01256	0.00820	0.00763	0.00229	0.03420	0.00627	0.07380	0.01043
8	0.00967	0.00771	0.00867	0.00843	0.01068	0.00670	0.00632	0.01226	0.01896	0.02446	0.31914	0.06646	0.43825	0.01773	0.00896	0.00249	0.00374	0.01509	0.00757	0.00670
9	0.06731	0.19158	0.50483	0.01895	0.02869	0.02031	0.02340	0.02362	0.01568	0.02332	0.01273	0.01492	0.00954	0.00704	0.00652	0.00223	0.01017	0.00516	0.00331	0.01069
10	0.01162	0.00700	0.00804	0.00864	0.00997	0.00669	0.00615	0.01422	0.01599	0.02457	0.09383	0.29524	0.08469	0.01577	0.00753	0.00237	0.00388	0.01373	0.36338	0.00669
11	0.00922	0.00738	0.00825	0.00870	0.01057	0.00641	0.00627	0.01114	0.01693	0.02118	0.12875	0.25843	0.43985	0.02013	0.00917	0.00269	0.00397	0.01736	0.00718	0.00641
12	0.00924	0.00660	0.00880	0.01056	0.01100	0.00616	0.00704	0.01056	0.01452	0.01936	0.04181	0.72848	0.05017	0.02376	0.00968	0.00308	0.00440	0.02156	0.00704	0.00616
13	0.04688	0.00809	0.01021	0.01079	0.01187	0.00823	0.00775	0.01250	0.01588	0.02231	0.17041	0.44339	0.10726	0.02007	0.01042	0.00288	0.06004	0.01748	0.00690	0.00665
14	0.01331	0.00879	0.01001	0.00928	0.01204	0.00801	0.00710	0.01722	0.06200	0.09805	0.22889	0.05643	0.34083	0.01561	0.00840	0.00242	0.00417	0.01318	0.07651	0.00775
15	0.00973	0.00685	0.00882	0.01002	0.01050	0.00648	0.00657	0.01099	0.01446	0.01944	0.09563	0.53534	0.04766	0.16205	0.01528	0.00386	0.00491	0.01880	0.00668	0.00594
16	0.01646	0.01631	0.02965	0.36570	0.25422	0.01769	0.14667	0.02160	0.01638	0.02208	0.01410	0.01980	0.01100	0.00708	0.00783	0.00244	0.01028	0.00718	0.00359	0.00994
17	0.02211	0.01752	0.01812	0.01522	0.01980	0.04274	0.01211	0.27717	0.30063	0.03712	0.06775	0.02574	0.02157	0.00996	0.00750	0.00235	0.00680	0.00797	0.07633	0.01148
18	0.01413	0.00858	0.01078	0.00975	0.01239	0.00763	0.00748	0.01721	0.02053	0.13619	0.43308	0.05546	0.20674	0.01538	0.00873	0.00242	0.00411	0.01326	0.00821	0.00792
19	0.78701	0.01467	0.01115	0.00997	0.01467	0.01702	0.00821	0.02230	0.01291	0.03403	0.01056	0.01232	0.00821	0.00704	0.00469	0.00235	0.00587	0.00411	0.00469	0.00821
20	0.06435	0.00833	0.00930	0.00885	0.00969	0.00833	0.00542	0.01410	0.01211	0.07657	0.02356	0.04504	0.02551	0.62062	0.03359	0.00657	0.00717	0.01027	0.00503	0.00558
21	0.01944	0.01458	0.01868	0.13713	0.08936	0.06229	0.03262	0.09578	0.02075	0.13769	0.13750	0.05221	0.09783	0.01156	0.00813	0.00244	0.00747	0.03854	0.00644	0.00957
22	0.00948	0.00677	0.00907	0.01083	0.01138	0.00637	0.00745	0.01097	0.01476	0.01963	0.04167	0.67720	0.04965	0.02354	0.00974	0.00311	0.00461	0.07050	0.00704	0.00623
23	0.01432	0.01348	0.02275	0.71520	0.05224	0.01685	0.02107	0.01938	0.01517	0.01938	0.01348	0.02022	0.01011	0.00758	0.00758	0.00253	0.01011	0.00674	0.00337	0.00843
24	0.01858	0.01783	0.03044	0.07557	0.65862	0.01797	0.02318	0.02311	0.01718	0.02455	0.01423	0.01884	0.01193	0.00679	0.00751	0.00226	0.00906	0.00676	0.00374	0.01186
25	0.01925	0.59622	0.17252	0.01473	0.02218	0.02750	0.01603	0.02298	0.01553	0.01910	0.01117	0.01295	0.00971	0.00663	0.00534	0.00178	0.00874	0.00437	0.00324	0.01003
26	0.02262	0.50097	0.07771	0.01477	0.02106	0.14826	0.01411	0.02543	0.01711	0.07869	0.01269	0.01391	0.01054	0.00703	0.00562	0.00180	0.00917	0.00463	0.00391	0.00995
27	0.01573	0.01348	0.01573	0.01123	0.01798	0.01011	0.00899	0.01910	0.01573	0.02472	0.01348	0.01573	0.01123	0.00562	0.00562	0.00112	0.00562	0.00449	0.00449	0.77980
28	0.01124	0.00843	0.01001	0.01050	0.01211	0.00805	0.00748	0.07770	0.01767	0.02301	0.07325	0.46219	0.20843	0.02077	0.00925	0.00284	0.00463	0.01833	0.00715	0.00695
29	0.03116	0.01548	0.07819	0.01443	0.02061	0.01221	0.01286	0.06440	0.02168	0.57236	0.02835	0.02715	0.01875	0.00968	0.00771	0.00240	0.00699	0.03444	0.00865	0.01250
30	0.00975	0.00686	0.00888	0.01030	0.01072	0.00653	0.00684	0.01093	0.01400	0.01863	0.03821	0.56069	0.04539	0.16264	0.01539	0.00394	0.00512	0.05271	0.00656	0.00590
31	0.01877	0.01802	0.03079	0.04656	0.68612	0.01802	0.02328	0.02328	0.01727	0.02478	0.01427	0.01877	0.01201	0.00676	0.00751	0.00225	0.00901	0.00676	0.00375	0.01201
32	0.04221	0.05106	0.35342	0.01999	0.02811	0.10739	0.06635	0.06228	0.12172	0.05044	0.01689	0.01823	0.01238	0.00787	0.00726	0.00235	0.01024	0.00627	0.00456	0.01097
33	0.01077	0.00747	0.00944	0.01044	0.01102	0.00733	0.00730	0.01207	0.01376	0.01819	0.03363	0.27082	0.03872	0.33067	0.02242	0.00504	0.00634	0.17292	0.00597	0.00569
34	0.00968	0.00783	0.00873	0.00914	0.01140	0.00687	0.00715	0.01194	0.01733	0.02123	0.09036	0.11033	0.50069	0.01966	0.00930	0.00277	0.00448	0.13750	0.00708	0.00653
35	0.01205	0.01096	0.01761	0.01549	0.01753	0.01135	0.13068	0.01441	0.01499	0.02010	0.03665	0.35159	0.13589	0.04872	0.01304	0.00312	0.11729	0.01554	0.00575	0.00723
36	0.05370	0.16675	0.04721	0.02445	0.19416	0.23280	0.01655	0.10866	0.02055	0.04807	0.01364	0.01573	0.01100	0.00745	0.00667	0.00205	0.01005	0.00555	0.00442	0.01054
37	0.01373	0.00921	0.01132	0.01105	0.01326	0.00898	0.00816	0.01910	0.12001	0.09422	0.23855	0.28234	0.10563	0.01724	0.00887	0.00267	0.00456	0.01520	0.00779	0.00809
38	0.01775	0.02017	0.04383	0.06077	0.04017	0.01908	0.63169	0.02409	0.01779	0.02409	0.01527	0.02045	0.01145	0.00644	0.00889	0.00256	0.01267	0.00886	0.00382	0.01015
39	0.04913	0.01762	0.02813	0.13429	0.16624	0.01831	0.16631	0.17340	0.02166	0.08916	0.01781	0.02281	0.01377	0.00827	0.00792	0.00244	0.00946	0.03698	0.00531	0.01096
40	0.01598	0.01555	0.02770	0.18362	0.30361	0.01593	0.13920	0.02049	0.01669	0.02270	0.02136	0.08850	0.05642	0.00959	0.00817	0.00250	0.00917	0.02867	0.00428	0.00987
41	0.02402	0.01153	0.01460	0.01233	0.01658	0.01050	0.00987	0.08288	0.02086	0.37234	0.04028	0.13567	0.15411	0.01392	0.00833	0.00255	0.00585	0.04511	0.00831	0.01037
42	0.05345	0.01887	0.01924	0.01552	0.02092	0.11411	0.01251	0.19780	0.10759	0.32434	0.02381	0.02201	0.01619	0.00913	0.00742	0.00230	0.00790	0.00704	0.00778	0.01206
43	0.05701	0.05138	0.16072	0.02262	0.15016	0.10249	0.01766	0.06463	0.09894	0.08880	0.02038	0.02162	0.04923	0.00888	0.00830	0.00236	0.05208	0.00686	0.00509	0.01079
44	0.02448	0.01653	0.03766	0.01523	0.04765	0.08446	0.01187	0.11052	0.08179	0.27592	0.05836	0.03338	0.14627	0.01120	0.00784	0.00236	0.00705	0.00906	0.00751	0.01085

[dist]
# distance from previous block
# <min> <max>
0	6

[block]
# block no. 5 follows, 26 sequences, length 87
# corresponding to MSA columns:
# 934-1020
name=unknown_F
#
# <colnr> <probs for GDERKNQSTAVLIFYWHMCP>
#	G	D	E	R	K	N	Q	S	T	A	V	L	I	F	Y	W	H	M	C	P
0	0.01456	0.07589	0.06265	0.01339	0.03680	0.06180	0.01047	0.01885	0.07956	0.04965	0.06235	0.29271	0.10102	0.04713	0.00954	0.00277	0.00627	0.01351	0.03299	0.00808
1	0.04864	0.04861	0.14224	0.06145	0.32563	0.04389	0.04188	0.06609	0.04641	0.05373	0.01634	0.04243	0.01330	0.00789	0.00737	0.00232	0.00915	0.00698	0.00444	0.01120
2	0.01988	0.20839	0.19789	0.01957	0.07391	0.14539	0.03980	0.07133	0.04067	0.02365	0.04578	0.02009	0.04597	0.00826	0.00684	0.00212	0.00969	0.00633	0.00429	0.01016
3	0.09150	0.14549	0.02389	0.01718	0.02207	0.37982	0.01378	0.17232	0.02301	0.02643	0.01291	0.01435	0.01035	0.00783	0.00651	0.00201	0.01089	0.00513	0.00471	0.00984
4	0.02341	0.01730	0.01907	0.01524	0.02052	0.01825	0.01225	0.37321	0.11670	0.06750	0.02243	0.10087	0.01857	0.01041	0.00754	0.00223	0.00706	0.00843	0.00714	0.13188
5	0.01432	0.01348	0.02275	0.71520	0.05224	0.01685	0.02107	0.01938	0.01517	0.01938	0.01348	0.02022	0.01011	0.00758	0.00758	0.00253	0.01011	0.00674	0.00337	0.00843
6	0.01016	0.00754	0.00951	0.00968	0.01132	0.00689	0.00717	0.01292	0.01890	0.02564	0.38774	0.20996	0.18049	0.01836	0.00920	0.00264	0.00402	0.05334	0.00773	0.00678
7	0.01817	0.01690	0.02927	0.20725	0.41214	0.01763	0.08849	0.02358	0.04151	0.04880	0.01540	0.01993	0.01216	0.00715	0.00769	0.00237	0.00947	0.00708	0.00403	0.01098
8	0.01098	0.00756	0.00930	0.00930	0.00965	0.00791	0.00587	0.01169	0.01133	0.01547	0.02296	0.04445	0.02533	0.55667	0.21229	0.00862	0.01074	0.01027	0.00446	0.00516
9	0.01197	0.00855	0.01193	0.01368	0.01532	0.00851	0.01178	0.01528	0.01721	0.02242	0.04030	0.14010	0.04421	0.02119	0.01041	0.00346	0.00677	0.58301	0.00699	0.00691
10	0.00949	0.00685	0.00899	0.01025	0.01103	0.00635	0.00700	0.01123	0.01587	0.02135	0.15580	0.58075	0.08269	0.02211	0.00952	0.00293	0.00423	0.01993	0.00727	0.00635
11	0.01859	0.50536	0.25761	0.01586	0.02392	0.02589	0.01799	0.02315	0.01561	0.01990	0.01157	0.01345	0.00969	0.00673	0.00565	0.00188	0.00914	0.00457	0.00323	0.01023
12	0.01034	0.00835	0.00929	0.00908	0.01149	0.00760	0.00692	0.01417	0.06359	0.02436	0.25412	0.06562	0.42259	0.01757	0.00895	0.00255	0.00406	0.04482	0.00748	0.00704
