[name]
unknown

[dist]
# distance from previous block
# <min> <max>
7	1074

[block]
# block no. 0 follows, 35 sequences, length 9
# corresponding to MSA columns:
# 1148-1156
name=unknown_A
#
# <colnr> <probs for GDERKNQSTAVLIFYWHMCP>
#	G	D	E	R	K	N	Q	S	T	A	V	L	I	F	Y	W	H	M	C	P
0	0.05210	0.19490	0.11597	0.01292	0.01824	0.09731	0.01200	0.15590	0.05737	0.05277	0.01284	0.01399	0.01003	0.00785	0.03384	0.00195	0.00750	0.00462	0.00414	0.13376
1	0.14188	0.14005	0.16428	0.01276	0.01767	0.07587	0.03990	0.01951	0.04442	0.06912	0.03334	0.06447	0.01464	0.03494	0.00662	0.00204	0.00689	0.04723	0.00407	0.06030
2	0.10900	0.08677	0.09802	0.01140	0.01525	0.06368	0.01021	0.01996	0.03532	0.18600	0.13002	0.10172	0.05011	0.00965	0.00690	0.00201	0.04310	0.00767	0.00529	0.00793
3	0.07960	0.04567	0.06029	0.01133	0.01399	0.07517	0.00950	0.01738	0.06717	0.07181	0.10532	0.02384	0.01929	0.06080	0.26283	0.00500	0.05303	0.00664	0.00435	0.00699
4	0.06170	0.04529	0.13711	0.02928	0.09300	0.04388	0.02689	0.08732	0.06927	0.04763	0.07244	0.02768	0.12388	0.00939	0.00738	0.00208	0.05451	0.04849	0.00465	0.00814
5	0.28277	0.06321	0.13436	0.01759	0.09478	0.01542	0.16155	0.04777	0.05425	0.02404	0.03960	0.01517	0.01095	0.00624	0.00564	0.00197	0.00724	0.00533	0.00378	0.00833
6	0.27486	0.21924	0.02321	0.01441	0.01913	0.14567	0.15764	0.02075	0.03688	0.02087	0.01040	0.01234	0.00842	0.00585	0.00511	0.00179	0.00776	0.00451	0.00342	0.00775
7	0.01365	0.02026	0.32539	0.01770	0.07226	0.01259	0.07768	0.01995	0.07397	0.06389	0.01968	0.03122	0.01755	0.00943	0.00698	0.00227	0.00779	0.19496	0.00425	0.00852
8	0.10538	0.05579	0.46648	0.01877	0.09560	0.01469	0.06795	0.01935	0.01357	0.02124	0.05468	0.01545	0.01134	0.00632	0.00592	0.00197	0.00829	0.00519	0.00316	0.00885

[dist]
# distance from previous block
# <min> <max>
0	1

[block]
# block no. 1 follows, 35 sequences, length 60
# corresponding to MSA columns:
# 1158-1181,1183-1218
name=unknown_B
#
# <colnr> <probs for GDERKNQSTAVLIFYWHMCP>
#	G	D	E	R	K	N	Q	S	T	A	V	L	I	F	Y	W	H	M	C	P
0	0.06963	0.00677	0.00712	0.00713	0.00909	0.00612	0.00531	0.01031	0.01453	0.01936	0.17546	0.13908	0.47776	0.01519	0.00729	0.00215	0.00336	0.01284	0.00594	0.00556
1	0.01422	0.01588	0.05540	0.07960	0.03034	0.01489	0.50870	0.02025	0.06894	0.02033	0.01588	0.02331	0.01311	0.00700	0.00741	0.00222	0.00953	0.08100	0.00369	0.00829
2	0.01260	0.00734	0.00931	0.00832	0.01064	0.00653	0.00641	0.01519	0.01726	0.16843	0.44925	0.04506	0.19365	0.01259	0.00726	0.00202	0.00353	0.01085	0.00693	0.00682
3	0.01703	0.60919	0.09281	0.01203	0.01752	0.07877	0.01201	0.02052	0.05933	0.01617	0.01021	0.01142	0.00886	0.00577	0.00452	0.00149	0.00725	0.00380	0.00299	0.00831
4	0.00918	0.00613	0.00693	0.00697	0.00699	0.00612	0.00390	0.00921	0.00931	0.01241	0.02042	0.06274	0.02361	0.75508	0.03159	0.00605	0.00608	0.00948	0.00390	0.00388
5	0.03508	0.02972	0.63648	0.01895	0.08016	0.01435	0.02190	0.01964	0.01361	0.02061	0.04366	0.01500	0.01047	0.00631	0.00605	0.00200	0.00883	0.00503	0.00294	0.00921
6	0.82186	0.01227	0.00932	0.00834	0.01227	0.01423	0.00687	0.01865	0.01080	0.02846	0.00883	0.01031	0.00687	0.00589	0.00393	0.00196	0.00491	0.00344	0.00393	0.00687
7	0.01198	0.01128	0.01903	0.76180	0.04369	0.01409	0.01762	0.01621	0.01268	0.01621	0.01128	0.01691	0.00846	0.00634	0.00634	0.00211	0.00846	0.00564	0.00282	0.00705
8	0.02188	0.02329	0.01622	0.01468	0.01793	0.49706	0.01135	0.05904	0.01790	0.10470	0.01631	0.02168	0.03059	0.00940	0.02604	0.00208	0.00976	0.08807	0.00436	0.00767
9	0.01237	0.01060	0.01222	0.00898	0.01414	0.00803	0.00714	0.01502	0.01334	0.02018	0.01862	0.01979	0.10994	0.00627	0.00509	0.00111	0.00449	0.00509	0.00405	0.70351
10	0.01206	0.04613	0.27170	0.01520	0.02074	0.01229	0.14188	0.01800	0.07639	0.02071	0.11740	0.04924	0.13359	0.00906	0.00671	0.00204	0.00700	0.00807	0.02385	0.00794
11	0.06978	0.62919	0.02910	0.01071	0.01585	0.02227	0.01035	0.01991	0.01319	0.08828	0.01070	0.01181	0.00907	0.00708	0.02873	0.00175	0.00686	0.00380	0.00333	0.00824
12	0.06886	0.06176	0.04111	0.06916	0.01925	0.01368	0.05562	0.16854	0.01666	0.03827	0.01271	0.01468	0.00990	0.00614	0.00593	0.00157	0.03427	0.00481	0.05895	0.29814
13	0.01685	0.75243	0.03273	0.01107	0.01630	0.02489	0.01097	0.01886	0.01277	0.01494	0.00880	0.01031	0.00815	0.00564	0.00469	0.00141	0.03492	0.00347	0.00272	0.00810
14	0.01143	0.00687	0.00862	0.00829	0.00918	0.00701	0.00562	0.02958	0.01104	0.07640	0.01981	0.07031	0.02028	0.39883	0.17280	0.06750	0.00795	0.00836	0.05504	0.00510
15	0.01442	0.13714	0.04670	0.01620	0.01834	0.05133	0.09320	0.01661	0.01134	0.01585	0.01002	0.01502	0.00935	0.02993	0.07125	0.00304	0.42459	0.00552	0.00291	0.00725
16	0.65806	0.01251	0.01089	0.03153	0.01416	0.01415	0.00783	0.07278	0.01303	0.10012	0.01101	0.01200	0.00810	0.00623	0.00443	0.00196	0.00522	0.00397	0.00447	0.00756
17	0.00752	0.00636	0.00650	0.00661	0.00862	0.00534	0.00490	0.00908	0.01428	0.01707	0.06204	0.11511	0.68228	0.01636	0.00754	0.00218	0.00325	0.01374	0.00589	0.00534
18	0.01663	0.01475	0.02290	0.03081	0.50857	0.01513	0.03840	0.12318	0.06122	0.02415	0.01398	0.01678	0.01120	0.00625	0.00620	0.00188	0.00705	0.00583	0.06527	0.00980
19	0.01460	0.01705	0.07542	0.02246	0.02812	0.03689	0.49361	0.02131	0.10934	0.02070	0.01699	0.05354	0.02937	0.00701	0.00726	0.00215	0.00929	0.02255	0.00385	0.00849
20	0.00799	0.00567	0.00746	0.00880	0.00918	0.00535	0.00591	0.00908	0.01200	0.01597	0.03351	0.67084	0.03994	0.08971	0.01036	0.00292	0.00401	0.05051	0.00570	0.00507
21	0.00773	0.00552	0.00736	0.00883	0.00920	0.00515	0.00589	0.00883	0.01215	0.01619	0.03497	0.77291	0.04196	0.01987	0.00810	0.00258	0.00368	0.01803	0.00589	0.00515
22	0.07643	0.01585	0.02921	0.12030	0.07661	0.04213	0.42422	0.03356	0.01435	0.02026	0.01247	0.03450	0.00997	0.00633	0.00773	0.00213	0.05567	0.00680	0.00331	0.00815
23	0.01430	0.01581	0.03331	0.19136	0.03552	0.01561	0.55838	0.01940	0.01446	0.01940	0.01249	0.01707	0.00936	0.00557	0.00723	0.00213	0.01019	0.00707	0.00312	0.00822
24	0.00781	0.00558	0.00743	0.00878	0.00922	0.00521	0.00589	0.00903	0.01251	0.01678	0.07895	0.72727	0.04308	0.01944	0.00806	0.00254	0.00364	0.01762	0.00596	0.00521
25	0.00913	0.00611	0.00695	0.00704	0.00707	0.00609	0.00398	0.00920	0.00942	0.01256	0.02097	0.08932	0.02430	0.72756	0.03071	0.00592	0.00599	0.00980	0.00398	0.00393
26	0.00819	0.00592	0.00786	0.00900	0.00972	0.00549	0.00628	0.00964	0.01281	0.01726	0.08740	0.63909	0.04183	0.01867	0.00799	0.00250	0.00383	0.06846	0.00590	0.03218
27	0.01548	0.01523	0.02354	0.17760	0.53116	0.06104	0.01832	0.01971	0.03999	0.01973	0.01217	0.01596	0.00996	0.00595	0.00626	0.00192	0.00787	0.00561	0.00321	0.00929
28	0.02817	0.01127	0.01501	0.01151	0.01643	0.01003	0.00951	0.07736	0.01895	0.69431	0.02436	0.02116	0.01537	0.00784	0.00638	0.00196	0.00551	0.00633	0.00775	0.01080
29	0.01499	0.01649	0.04363	0.01750	0.05008	0.12283	0.05380	0.01697	0.01181	0.01624	0.01083	0.06130	0.01059	0.01004	0.01540	0.00243	0.48109	0.00615	0.00311	0.03472
30	0.00816	0.00639	0.00739	0.00728	0.00901	0.00562	0.00541	0.01035	0.01584	0.02072	0.35650	0.10418	0.39055	0.01497	0.00753	0.00211	0.00315	0.01287	0.00637	0.00562
31	0.01945	0.37428	0.10299	0.01391	0.01893	0.29685	0.01280	0.06175	0.01583	0.01715	0.00984	0.01129	0.00829	0.00604	0.00503	0.00156	0.00882	0.00393	0.00313	0.00813
32	0.00926	0.00659	0.00779	0.00848	0.00962	0.00647	0.00597	0.01258	0.08958	0.01887	0.05373	0.46533	0.12067	0.01600	0.00724	0.00229	0.00363	0.01417	0.13585	0.00585
33	0.26011	0.01553	0.01438	0.01229	0.01624	0.09641	0.01006	0.27028	0.05342	0.06234	0.01622	0.02186	0.01354	0.00842	0.00590	0.00205	0.00653	0.10063	0.00529	0.00852
34	0.12820	0.06533	0.22236	0.01906	0.07804	0.06121	0.18997	0.03448	0.01465	0.10908	0.01292	0.01479	0.00943	0.00606	0.00604	0.00196	0.00840	0.00540	0.00376	0.00888
35	0.00852	0.00609	0.00827	0.00974	0.01045	0.00584	0.00727	0.01020	0.01293	0.01708	0.03453	0.54994	0.04023	0.01913	0.00831	0.00269	0.00437	0.23318	0.00587	0.00537
36	0.02439	0.01239	0.01511	0.01212	0.01668	0.01232	0.00984	0.10964	0.21947	0.45997	0.02414	0.02146	0.01618	0.00804	0.00640	0.00201	0.00547	0.00653	0.00729	0.01058
37	0.07875	0.46278	0.09697	0.01377	0.01923	0.13023	0.08299	0.02015	0.01374	0.01708	0.00962	0.01138	0.00819	0.00568	0.00483	0.00159	0.00797	0.00403	0.00294	0.00809
38	0.00835	0.00615	0.00782	0.00886	0.00972	0.00582	0.00632	0.01024	0.03175	0.01720	0.06987	0.50466	0.13121	0.05230	0.00911	0.00269	0.00401	0.10268	0.00586	0.00538
39	0.00765	0.00632	0.00671	0.00685	0.00872	0.00538	0.00505	0.00931	0.01446	0.01770	0.11547	0.14688	0.59506	0.01628	0.00757	0.00218	0.00325	0.01380	0.00598	0.00538
40	0.00755	0.00640	0.00651	0.00655	0.00861	0.00537	0.00489	0.00917	0.01448	0.01733	0.08145	0.08395	0.69397	0.01611	0.00752	0.00215	0.00322	0.01349	0.00592	0.00537
41	0.09796	0.01561	0.04926	0.03362	0.03637	0.05364	0.02445	0.25988	0.03708	0.30112	0.01791	0.01719	0.01212	0.00732	0.00611	0.00194	0.00661	0.00569	0.00614	0.01001
42	0.01478	0.01727	0.05536	0.05936	0.03347	0.01592	0.66496	0.02013	0.01483	0.02013	0.01273	0.01700	0.00953	0.00541	0.00740	0.00213	0.01056	0.00733	0.00318	0.00851
43	0.02168	0.07555	0.01853	0.01604	0.04201	0.55856	0.01199	0.02407	0.04307	0.04221	0.01136	0.01323	0.00940	0.00926	0.05285	0.00222	0.03235	0.00450	0.00351	0.00760
44	0.16915	0.00774	0.00934	0.00915	0.01060	0.00880	0.00687	0.01233	0.01011	0.01693	0.01601	0.02548	0.01558	0.19052	0.45551	0.00774	0.01237	0.00664	0.00359	0.00552
45	0.00847	0.00640	0.00782	0.00761	0.00920	0.00575	0.00565	0.01093	0.01653	0.02240	0.49249	0.10633	0.24850	0.01437	0.00753	0.00208	0.00311	0.01251	0.00659	0.00575
46	0.82186	0.01227	0.00932	0.00834	0.01227	0.01423	0.00687	0.01865	0.01080	0.02846	0.00883	0.01031	0.00687	0.00589	0.00393	0.00196	0.00491	0.00344	0.00393	0.00687
47	0.02335	0.01739	0.01861	0.01444	0.01938	0.01932	0.01187	0.65376	0.09363	0.03875	0.01620	0.01600	0.01157	0.00771	0.00636	0.00193	0.00680	0.00585	0.00636	0.01072
48	0.01020	0.00675	0.00887	0.00819	0.00990	0.00619	0.00619	0.01316	0.01797	0.07032	0.68971	0.04577	0.05709	0.01265	0.00741	0.00199	0.00314	0.01115	0.00704	0.00629
49	0.00824	0.00623	0.00762	0.00787	0.00925	0.00561	0.00575	0.01030	0.01521	0.02021	0.31871	0.25051	0.25629	0.01594	0.00770	0.00223	0.00334	0.03710	0.00632	0.00556
50	0.01421	0.01266	0.02061	0.04704	0.50963	0.01289	0.01564	0.01813	0.03513	0.02070	0.04069	0.01905	0.01349	0.01058	0.08329	0.00271	0.00774	0.00606	0.10086	0.00888
51	0.01497	0.01711	0.03743	0.02674	0.03316	0.01604	0.71444	0.02032	0.01497	0.02032	0.01283	0.01711	0.00963	0.00535	0.00749	0.00214	0.01070	0.00749	0.00321	0.00856
52	0.07562	0.01232	0.01333	0.01080	0.01459	0.01307	0.00876	0.30764	0.04503	0.15195	0.01853	0.01891	0.01337	0.00750	0.00558	0.00179	0.00523	0.00578	0.26123	0.00895
53	0.04871	0.19066	0.16173	0.01137	0.01517	0.01309	0.02381	0.03093	0.01235	0.02991	0.03524	0.12428	0.01749	0.13549	0.06816	0.05638	0.00734	0.00740	0.00373	0.00675
54	0.03930	0.41370	0.03676	0.02702	0.01669	0.05915	0.01061	0.06429	0.12288	0.01950	0.04152	0.01685	0.02420	0.00837	0.03277	0.00195	0.00689	0.01791	0.00391	0.03574
55	0.05612	0.56864	0.10602	0.01118	0.01648	0.02114	0.01146	0.01818	0.01300	0.01675	0.02492	0.03461	0.03179	0.00666	0.00466	0.00156	0.00661	0.02021	0.02211	0.00791
56	0.22801	0.21555	0.21865	0.01232	0.01813	0.01641	0.01299	0.04485	0.01349	0.08098	0.01214	0.01455	0.00960	0.00770	0.02944	0.00209	0.00715	0.02418	0.00372	0.02804
57	0.02847	0.30040	0.23466	0.01360	0.01950	0.07308	0.02845	0.01998	0.03126	0.06239	0.01473	0.03367	0.02904	0.00724	0.00553	0.00178	0.00754	0.04993	0.00356	0.03518
58	0.09360	0.34584	0.16980	0.01276	0.01860	0.04149	0.01300	0.15052	0.01620	0.02221	0.01252	0.01363	0.03328	0.00638	0.00506	0.00167	0.00713	0.00446	0.00366	0.02818
59	0.03642	0.40621	0.11139	0.01291	0.01860	0.03812	0.01260	0.22858	0.01826	0.04611	0.01157	0.01246	0.00913	0.00626	0.00509	0.00164	0.00717	0.00435	0.00400	0.00912

[dist]
# distance from previous block
# <min> <max>
1	7

[block]
# block no. 2 follows, 35 sequences, length 54
# corresponding to MSA columns:
# 1226-1239,1260-1264,1266-1300
name=unknown_C
#
# <colnr> <probs for GDERKNQSTAVLIFYWHMCP>
#	G	D	E	R	K	N	Q	S	T	A	V	L	I	F	Y	W	H	M	C	P
0	0.01637	0.47973	0.19124	0.01317	0.01901	0.10447	0.01383	0.01962	0.01369	0.01641	0.01099	0.01471	0.00981	0.00641	0.00498	0.00163	0.00785	0.04495	0.00296	0.00819
1	0.04042	0.24946	0.16617	0.01202	0.01642	0.01441	0.01224	0.01644	0.03232	0.01814	0.02293	0.09001	0.07541	0.01091	0.00639	0.00212	0.00643	0.19626	0.00420	0.00732
2	0.01617	0.34305	0.02141	0.01088	0.01476	0.05992	0.00949	0.10996	0.05293	0.03746	0.16090	0.02290	0.02148	0.04288	0.00675	0.00189	0.00601	0.02396	0.02935	0.00784
3	0.13941	0.28907	0.20921	0.01229	0.01804	0.03385	0.01294	0.01879	0.03005	0.01971	0.04009	0.01563	0.01154	0.00739	0.02216	0.00189	0.00710	0.02870	0.00338	0.07877
4	0.03478	0.18828	0.18645	0.01270	0.03581	0.01501	0.01240	0.12824	0.01673	0.06168	0.10525	0.02194	0.06922	0.00793	0.00576	0.00180	0.00626	0.00622	0.07521	0.00834
5	0.11045	0.13175	0.02121	0.05546	0.02065	0.25261	0.08962	0.16439	0.01796	0.02253	0.01252	0.01433	0.02553	0.00768	0.02541	0.00201	0.00882	0.00499	0.00393	0.00815
6	0.11460	0.29171	0.07668	0.01133	0.01593	0.03769	0.03171	0.01972	0.11504	0.02047	0.09572	0.02047	0.06666	0.00756	0.00535	0.00173	0.00597	0.00580	0.00418	0.05169
7	0.00946	0.00663	0.00841	0.00788	0.00959	0.00601	0.00594	0.01223	0.01747	0.04957	0.61375	0.04842	0.15436	0.01323	0.00745	0.00202	0.00311	0.01157	0.00686	0.00607
8	0.00922	0.00618	0.00705	0.00705	0.00709	0.00622	0.00401	0.00931	0.00926	0.01240	0.01987	0.04085	0.02278	0.74799	0.06096	0.00631	0.00658	0.00913	0.00383	0.00392
9	0.82186	0.01227	0.00932	0.00834	0.01227	0.01423	0.00687	0.01865	0.01080	0.02846	0.00883	0.01031	0.00687	0.00589	0.00393	0.00196	0.00491	0.00344	0.00393	0.00687
10	0.00777	0.00644	0.00680	0.00671	0.00873	0.00547	0.00503	0.00963	0.01510	0.01865	0.18636	0.05856	0.61186	0.01550	0.00749	0.00212	0.00317	0.01304	0.00609	0.00547
11	0.01630	0.01375	0.01449	0.01280	0.01648	0.01573	0.01002	0.10623	0.61868	0.02756	0.02642	0.02445	0.05087	0.00884	0.00649	0.00212	0.00515	0.00730	0.00642	0.00991
12	0.01832	0.01489	0.01578	0.01342	0.01747	0.01697	0.01066	0.24210	0.51348	0.03064	0.02259	0.02109	0.01675	0.00830	0.00642	0.00208	0.00562	0.00673	0.00642	0.01027
13	0.01081	0.00690	0.00895	0.00839	0.01023	0.00628	0.00641	0.01352	0.01720	0.09648	0.53371	0.08640	0.11277	0.01330	0.00746	0.00208	0.00342	0.04245	0.00686	0.00637
14	0.00783	0.00620	0.00705	0.00734	0.00890	0.00542	0.00531	0.00956	0.01450	0.01842	0.17954	0.24383	0.43069	0.01649	0.00765	0.00223	0.00329	0.01425	0.00609	0.00542
15	0.02370	0.03023	0.01798	0.01634	0.01961	0.75158	0.01226	0.02533	0.01798	0.01553	0.00981	0.01144	0.00817	0.00654	0.00572	0.00163	0.01144	0.00409	0.00327	0.00735
16	0.00791	0.00593	0.00738	0.00837	0.00933	0.00540	0.00593	0.00937	0.01322	0.01711	0.07768	0.50070	0.22305	0.01837	0.00796	0.00246	0.00368	0.06494	0.00594	0.00530
17	0.01983	0.01576	0.01616	0.01357	0.01772	0.05658	0.01080	0.26481	0.40720	0.07508	0.02131	0.02001	0.01562	0.00811	0.00637	0.00203	0.00606	0.00646	0.00633	0.01020
18	0.01989	0.13237	0.13980	0.01641	0.07359	0.08034	0.05936	0.16835	0.01823	0.16440	0.01576	0.05632	0.01224	0.00735	0.00607	0.00188	0.00753	0.00597	0.00476	0.00936
19	0.05852	0.01485	0.05586	0.19547	0.39450	0.01531	0.05562	0.01832	0.01332	0.01950	0.01125	0.01545	0.00922	0.00641	0.00778	0.00206	0.08918	0.00557	0.00305	0.00876
20	0.01571	0.01577	0.02928	0.06801	0.41166	0.01562	0.26954	0.05701	0.01538	0.02140	0.01240	0.01624	0.00986	0.00568	0.00672	0.00199	0.00869	0.00632	0.00332	0.00941
21	0.01832	0.25958	0.19880	0.01693	0.08143	0.25880	0.01513	0.04915	0.01548	0.01786	0.01028	0.01204	0.00839	0.00604	0.00536	0.00167	0.00900	0.00422	0.00307	0.00845
22	0.01335	0.01238	0.06962	0.01347	0.01674	0.01142	0.10424	0.07673	0.12591	0.06073	0.07494	0.19643	0.08841	0.01264	0.02319	0.00242	0.04686	0.03746	0.00538	0.00767
23	0.03695	0.03532	0.08931	0.01316	0.03444	0.05161	0.05653	0.07357	0.01505	0.06705	0.01273	0.02781	0.01020	0.00591	0.00578	0.00144	0.02559	0.00476	0.00403	0.42878
24	0.01361	0.00791	0.00829	0.00752	0.00959	0.00819	0.00582	0.13014	0.01641	0.02649	0.07914	0.02424	0.01899	0.00789	0.00500	0.00159	0.00362	0.00634	0.61249	0.00672
25	0.00822	0.00646	0.00743	0.00719	0.00901	0.00566	0.00539	0.01051	0.01617	0.02121	0.39253	0.05436	0.40410	0.01455	0.00749	0.00207	0.00311	0.01245	0.00643	0.00566
26	0.03954	0.04011	0.06984	0.08662	0.16100	0.01574	0.36463	0.06603	0.01556	0.05919	0.01301	0.01633	0.00979	0.00582	0.00675	0.00203	0.00904	0.00642	0.00359	0.00896
27	0.01477	0.01797	0.08676	0.04622	0.07121	0.01585	0.60902	0.02015	0.01477	0.02022	0.01264	0.01677	0.00950	0.00544	0.00729	0.00212	0.01037	0.00714	0.00316	0.00866
28	0.00788	0.00569	0.00722	0.00837	0.00887	0.00529	0.00554	0.00891	0.01203	0.01583	0.03613	0.61581	0.10902	0.10845	0.01088	0.00295	0.00392	0.01654	0.00565	0.00502
29	0.01193	0.01113	0.01883	0.54182	0.09480	0.01310	0.05294	0.01572	0.01265	0.01652	0.01416	0.02028	0.03563	0.05090	0.06149	0.00290	0.00881	0.00629	0.00307	0.00704
30	0.03991	0.15911	0.05660	0.01766	0.14906	0.03614	0.01285	0.15394	0.19741	0.09011	0.01651	0.01677	0.01247	0.00697	0.00584	0.00187	0.00658	0.00555	0.00492	0.00971
31	0.00834	0.00599	0.00804	0.00903	0.00965	0.00592	0.00637	0.00974	0.01194	0.01606	0.04924	0.48027	0.05162	0.10075	0.13354	0.00420	0.00629	0.07253	0.00529	0.00519
32	0.00779	0.00586	0.00722	0.00810	0.00906	0.00529	0.00561	0.00921	0.01334	0.01735	0.11137	0.50932	0.23112	0.01817	0.00787	0.00240	0.00349	0.01614	0.00600	0.00529
33	0.01214	0.04204	0.07854	0.03520	0.17717	0.01073	0.03200	0.01607	0.06664	0.03772	0.06415	0.20108	0.05992	0.07854	0.00922	0.00253	0.00593	0.05829	0.00469	0.00739
34	0.01463	0.20063	0.32489	0.01841	0.02559	0.01747	0.21532	0.03785	0.03236	0.01975	0.02817	0.01478	0.01005	0.00596	0.00604	0.00190	0.00883	0.00542	0.00312	0.00883
35	0.01070	0.00962	0.04160	0.11532	0.12005	0.00934	0.01086	0.04430	0.01342	0.01817	0.02548	0.42358	0.02836	0.01530	0.02715	0.00258	0.02388	0.04884	0.00483	0.00662
36	0.02422	0.01133	0.01402	0.01102	0.01530	0.01083	0.00901	0.17096	0.01984	0.45634	0.05021	0.02159	0.01650	0.00793	0.00612	0.00188	0.00526	0.00637	0.13142	0.00985
37	0.01636	0.08278	0.31418	0.01808	0.10190	0.06712	0.01700	0.15946	0.06400	0.02370	0.01535	0.01806	0.03300	0.00722	0.00613	0.00195	0.00802	0.03243	0.00398	0.00928
38	0.01482	0.07919	0.30190	0.02615	0.29596	0.01595	0.09484	0.04039	0.03351	0.02072	0.01206	0.01476	0.00936	0.00588	0.00616	0.00193	0.00844	0.00536	0.00312	0.00951
39	0.01392	0.01428	0.01718	0.01508	0.01615	0.12248	0.03943	0.01576	0.01127	0.01534	0.01130	0.01694	0.01060	0.02106	0.23556	0.00479	0.40334	0.00578	0.00305	0.00668
40	0.14175	0.01082	0.01353	0.01078	0.01526	0.01002	0.00881	0.02805	0.03987	0.57635	0.02324	0.06034	0.01595	0.00824	0.00612	0.00200	0.00522	0.00660	0.00713	0.00990
41	0.01768	0.20731	0.02056	0.01412	0.05573	0.05627	0.01110	0.13354	0.34361	0.02464	0.01791	0.01761	0.01385	0.00727	0.00574	0.00184	0.00622	0.00566	0.00508	0.03424
42	0.06008	0.41640	0.14537	0.01319	0.03958	0.03927	0.01285	0.09987	0.01503	0.02011	0.01033	0.01176	0.00853	0.00577	0.00481	0.00155	0.00709	0.00399	0.00331	0.08111
43	0.01838	0.06984	0.12476	0.08818	0.04140	0.07192	0.10478	0.13569	0.07089	0.13404	0.03948	0.04344	0.01369	0.00739	0.00635	0.00197	0.00766	0.00633	0.00475	0.00907
44	0.01480	0.05344	0.03611	0.01201	0.03977	0.05192	0.00932	0.02329	0.28003	0.08621	0.24628	0.03002	0.05022	0.00963	0.00656	0.00198	0.00498	0.00810	0.02699	0.00833
45	0.01464	0.03116	0.01977	0.01980	0.15813	0.17522	0.13771	0.01739	0.01484	0.01847	0.08622	0.19362	0.02180	0.01106	0.02701	0.00228	0.03025	0.00904	0.00417	0.00741
46	0.03834	0.05675	0.07941	0.01975	0.17346	0.01498	0.07671	0.10157	0.15854	0.18848	0.01785	0.01810	0.01290	0.00696	0.00626	0.00196	0.00682	0.00604	0.00519	0.00993
47	0.01118	0.01098	0.04143	0.05566	0.07853	0.03398	0.11416	0.01386	0.01338	0.01766	0.02704	0.26689	0.08435	0.03691	0.00913	0.00252	0.04950	0.12159	0.00465	0.00658
48	0.00828	0.00629	0.00719	0.00722	0.00855	0.00567	0.00506	0.00988	0.01409	0.01831	0.23391	0.13286	0.32984	0.17000	0.01259	0.00296	0.00380	0.01254	0.00577	0.00520
49	0.01558	0.01611	0.04730	0.27289	0.35305	0.09901	0.01752	0.05056	0.01490	0.01955	0.01179	0.01568	0.00940	0.00612	0.00619	0.00193	0.00823	0.00544	0.02006	0.00867
50	0.01775	0.19528	0.19220	0.03544	0.09903	0.16432	0.06338	0.10398	0.03481	0.02055	0.01148	0.01335	0.00904	0.00617	0.00571	0.00178	0.00868	0.00478	0.00343	0.00884
51	0.03292	0.00674	0.00786	0.00785	0.00968	0.00601	0.00578	0.01173	0.01467	0.08213	0.17194	0.25103	0.33730	0.01555	0.00746	0.00222	0.00354	0.01343	0.00620	0.00593
52	0.00805	0.00576	0.00770	0.00900	0.00956	0.00541	0.00627	0.00947	0.01286	0.01724	0.09610	0.64980	0.04306	0.01907	0.00810	0.00255	0.00380	0.07492	0.00598	0.00528
53	0.09534	0.09306	0.18659	0.01534	0.02098	0.05013	0.08384	0.15604	0.12643	0.06712	0.01463	0.01550	0.01083	0.00687	0.00635	0.00196	0.02989	0.00540	0.00447	0.00923

[dist]
# distance from previous block
# <min> <max>
0	4

[block]
# block no. 3 follows, 35 sequences, length 55
# corresponding to MSA columns:
# 1305-1332,1349-1375
name=unknown_D
#
# <colnr> <probs for GDERKNQSTAVLIFYWHMCP>
#	G	D	E	R	K	N	Q	S	T	A	V	L	I	F	Y	W	H	M	C	P
0	0.04308	0.04973	0.07987	0.01565	0.02088	0.09107	0.09366	0.35876	0.05352	0.09260	0.02948	0.01615	0.01175	0.00715	0.00626	0.00191	0.00769	0.00575	0.00531	0.00973
1	0.01697	0.04669	0.07328	0.13118	0.16165	0.07119	0.04999	0.09118	0.01580	0.10550	0.01686	0.04986	0.05026	0.00798	0.00780	0.00204	0.08253	0.00648	0.00417	0.00859
2	0.01683	0.01437	0.01815	0.01774	0.14135	0.05936	0.03732	0.09585	0.07879	0.07401	0.02878	0.01662	0.01203	0.00733	0.00859	0.00185	0.14538	0.00551	0.03370	0.18644
3	0.00955	0.00736	0.00886	0.00880	0.01041	0.00725	0.00646	0.01424	0.12873	0.02213	0.35232	0.23752	0.13312	0.01449	0.00748	0.00219	0.00353	0.01277	0.00647	0.00633
4	0.76576	0.01216	0.00971	0.00855	0.01255	0.01388	0.00704	0.01952	0.01132	0.07891	0.00998	0.01110	0.00749	0.00603	0.00410	0.00196	0.00494	0.00364	0.00420	0.00715
5	0.00821	0.00578	0.00746	0.00845	0.00879	0.00561	0.00553	0.00912	0.01126	0.01510	0.02985	0.53267	0.03524	0.21232	0.07023	0.00405	0.00530	0.01497	0.00519	0.00486
6	0.00780	0.00575	0.00731	0.00838	0.00913	0.00526	0.00573	0.00915	0.01302	0.01715	0.10043	0.59776	0.15253	0.01867	0.00795	0.00246	0.00355	0.01673	0.00598	0.00526
7	0.00762	0.00624	0.00672	0.00700	0.00875	0.00535	0.00510	0.00919	0.01416	0.01736	0.09219	0.20744	0.55750	0.01670	0.00762	0.00222	0.00330	0.01425	0.00595	0.00535
8	0.02337	0.02914	0.01785	0.01614	0.01948	0.69742	0.01215	0.04662	0.04913	0.01675	0.01067	0.01209	0.00874	0.00666	0.00577	0.00166	0.01103	0.00427	0.00350	0.00758
9	0.01272	0.03281	0.74418	0.01808	0.02746	0.01473	0.02344	0.02009	0.01339	0.02009	0.01138	0.01339	0.00804	0.00603	0.00603	0.00201	0.00938	0.00469	0.00268	0.00938
10	0.01198	0.01128	0.01903	0.76180	0.04369	0.01409	0.01762	0.01621	0.01268	0.01621	0.01128	0.01691	0.00846	0.00634	0.00634	0.00211	0.00846	0.00564	0.00282	0.00705
11	0.00895	0.00621	0.00717	0.00724	0.00759	0.00617	0.00440	0.00937	0.01004	0.01324	0.02540	0.07789	0.10285	0.59239	0.09030	0.00588	0.00664	0.00991	0.00413	0.00423
12	0.00841	0.00640	0.00775	0.00764	0.00925	0.00574	0.00571	0.01078	0.01619	0.02169	0.43069	0.11689	0.28139	0.01473	0.00758	0.00212	0.00321	0.03164	0.00649	0.00570
13	0.02370	0.03023	0.01798	0.01634	0.01961	0.75158	0.01226	0.02533	0.01798	0.01553	0.00981	0.01144	0.00817	0.00654	0.00572	0.00163	0.01144	0.00409	0.00327	0.00735
14	0.00757	0.00645	0.00653	0.00657	0.00869	0.00541	0.00497	0.00921	0.01446	0.01719	0.06343	0.06134	0.71582	0.01611	0.00753	0.00216	0.00329	0.03201	0.00589	0.00537
15	0.01315	0.01128	0.01315	0.00940	0.01503	0.00846	0.00752	0.01597	0.01315	0.02067	0.01128	0.01315	0.00940	0.00470	0.00470	0.00094	0.00470	0.00376	0.00376	0.81583
16	0.02420	0.01132	0.01448	0.01116	0.01591	0.01017	0.00913	0.09504	0.03823	0.50282	0.07211	0.02167	0.01756	0.00777	0.00622	0.00182	0.00528	0.00633	0.00704	0.12173
17	0.01760	0.07535	0.02928	0.02407	0.16048	0.01483	0.36230	0.02165	0.01521	0.15990	0.01561	0.04759	0.01207	0.00648	0.00680	0.00201	0.00848	0.00703	0.00417	0.00910
18	0.00781	0.00644	0.00686	0.00676	0.00876	0.00549	0.00507	0.00971	0.01520	0.01890	0.20634	0.05815	0.59173	0.01541	0.00749	0.00211	0.00317	0.01298	0.00612	0.00549
19	0.02318	0.01482	0.01649	0.01283	0.01738	0.01579	0.01053	0.48794	0.02546	0.17300	0.04047	0.01836	0.01387	0.00781	0.00619	0.00187	0.00612	0.00604	0.09171	0.01012
20	0.01043	0.06418	0.01048	0.00833	0.01027	0.00750	0.00646	0.01316	0.01714	0.06015	0.57832	0.07858	0.08580	0.01263	0.00720	0.00198	0.00344	0.01102	0.00660	0.00632
21	0.01313	0.04851	0.01390	0.00940	0.01481	0.00914	0.00760	0.01592	0.01339	0.02063	0.04782	0.01475	0.01189	0.00515	0.00481	0.00101	0.00471	0.00413	0.00387	0.73542
22	0.00847	0.00605	0.00821	0.00968	0.01038	0.00579	0.00718	0.01012	0.01288	0.01703	0.03456	0.56397	0.04033	0.01917	0.00830	0.00268	0.00432	0.21964	0.00587	0.00536
23	0.00815	0.00565	0.00723	0.00837	0.00871	0.00537	0.00546	0.00911	0.01164	0.01573	0.03167	0.61000	0.03753	0.16108	0.01250	0.00321	0.00412	0.01596	0.03359	0.00493
24	0.01597	0.06343	0.41491	0.01761	0.04653	0.08246	0.05259	0.07061	0.03828	0.06380	0.01315	0.01571	0.00992	0.00683	0.00681	0.00200	0.04487	0.02188	0.00355	0.00912
25	0.02393	0.04247	0.01862	0.01527	0.01939	0.40575	0.01200	0.30193	0.02260	0.05994	0.01268	0.01341	0.00958	0.00700	0.00596	0.00175	0.00926	0.00483	0.00471	0.00891
26	0.00773	0.00552	0.00736	0.00883	0.00920	0.00515	0.00589	0.00883	0.01215	0.01619	0.03497	0.77291	0.04196	0.01987	0.00810	0.00258	0.00368	0.01803	0.00589	0.00515
27	0.01270	0.01221	0.04877	0.05773	0.04863	0.01177	0.17491	0.07881	0.03224	0.02068	0.03871	0.10777	0.10842	0.01341	0.06546	0.00283	0.04581	0.06394	0.04788	0.00733
28	0.07725	0.05329	0.07427	0.02061	0.20896	0.03757	0.04814	0.24094	0.04516	0.06246	0.03874	0.01655	0.01223	0.00683	0.00605	0.00189	0.00706	0.00567	0.02676	0.00954
29	0.01299	0.07013	0.67882	0.01766	0.02645	0.01545	0.02241	0.01984	0.01322	0.01963	0.01113	0.01325	0.00805	0.00620	0.00652	0.00201	0.03968	0.00466	0.00268	0.00921
30	0.00821	0.00641	0.00752	0.00789	0.00951	0.00572	0.00600	0.01017	0.01473	0.01879	0.17927	0.18172	0.39007	0.01635	0.00778	0.00230	0.00363	0.11234	0.00609	0.00551
31	0.01503	0.16869	0.18332	0.02364	0.26174	0.03631	0.07498	0.03106	0.01404	0.01915	0.01279	0.03722	0.01123	0.00695	0.00674	0.00193	0.04411	0.03900	0.00321	0.00886
32	0.01445	0.01211	0.01906	0.49434	0.13861	0.01402	0.01617	0.04828	0.06672	0.07256	0.03317	0.01833	0.01152	0.00675	0.00638	0.00206	0.00763	0.00597	0.00377	0.00811
33	0.02439	0.01014	0.01368	0.01114	0.01527	0.00904	0.00919	0.04275	0.01764	0.57182	0.05553	0.03010	0.02056	0.03431	0.00759	0.00223	0.00542	0.10213	0.00737	0.00968
34	0.05359	0.01309	0.01884	0.07290	0.25200	0.05418	0.07735	0.04778	0.03549	0.06620	0.14130	0.04518	0.04082	0.00810	0.00648	0.00195	0.00652	0.00732	0.04262	0.00830
35	0.01778	0.07789	0.10512	0.02310	0.23757	0.08390	0.10058	0.10232	0.06741	0.07457	0.03867	0.01682	0.01232	0.00657	0.00624	0.00190	0.00788	0.00581	0.00415	0.00939
36	0.01538	0.01474	0.02516	0.10193	0.67702	0.01499	0.01931	0.01919	0.01429	0.02033	0.01188	0.01581	0.00991	0.00571	0.00629	0.00190	0.00762	0.00565	0.00311	0.00979
37	0.18485	0.13674	0.02144	0.05433	0.27485	0.16034	0.01379	0.02006	0.01387	0.02000	0.01021	0.01286	0.00859	0.00609	0.00592	0.00182	0.03818	0.00453	0.00323	0.00831
38	0.01225	0.04599	0.01373	0.01348	0.05334	0.00980	0.02759	0.06643	0.01552	0.02063	0.02735	0.05482	0.02871	0.01411	0.00783	0.00252	0.00607	0.49420	0.00533	0.08030
39	0.05423	0.01386	0.05116	0.01329	0.06899	0.01160	0.02905	0.13288	0.01611	0.04705	0.01234	0.01393	0.00969	0.00549	0.00524	0.00133	0.00570	0.00443	0.00421	0.49939
40	0.00914	0.00648	0.00857	0.00857	0.00914	0.00705	0.00590	0.01028	0.00971	0.01352	0.01848	0.03316	0.01944	0.40993	0.39446	0.00819	0.01161	0.00800	0.00362	0.00476
41	0.01896	0.29844	0.06450	0.01685	0.10371	0.25112	0.03287	0.03868	0.03765	0.04283	0.03209	0.01363	0.01059	0.00629	0.00537	0.00164	0.00839	0.00458	0.00346	0.00835
42	0.00923	0.00615	0.00692	0.00692	0.00692	0.00615	0.00384	0.00923	0.00923	0.01230	0.01999	0.04151	0.02306	0.77705	0.03229	0.00615	0.00615	0.00923	0.00384	0.00384
43	0.05790	0.24741	0.02297	0.03471	0.01879	0.03666	0.05283	0.22567	0.05447	0.10504	0.03300	0.01545	0.01175	0.00709	0.00644	0.00182	0.04887	0.00526	0.00476	0.00910
44	0.00979	0.00765	0.01096	0.01072	0.01197	0.00908	0.00838	0.01314	0.06188	0.01561	0.01719	0.02427	0.01573	0.04291	0.66098	0.00924	0.05409	0.00676	0.00359	0.00605
45	0.00877	0.00642	0.00894	0.00924	0.01005	0.00698	0.00672	0.01039	0.01056	0.01468	0.02265	0.18058	0.04517	0.16632	0.45384	0.00770	0.01199	0.00970	0.00406	0.00524
46	0.00789	0.00617	0.00715	0.00749	0.00896	0.00543	0.00539	0.00964	0.01452	0.01865	0.20044	0.27223	0.38034	0.01654	0.00767	0.00224	0.00331	0.01437	0.00613	0.00543
47	0.00983	0.00645	0.00873	0.00968	0.01071	0.00617	0.00741	0.01134	0.01316	0.04740	0.05843	0.35218	0.07017	0.03653	0.01027	0.07475	0.00468	0.25102	0.00567	0.00542
48	0.00776	0.00633	0.00663	0.00672	0.00848	0.00545	0.00484	0.00922	0.01389	0.01691	0.08554	0.10984	0.58144	0.09652	0.01016	0.00259	0.00355	0.01320	0.00572	0.00521
49	0.01165	0.00701	0.00756	0.00719	0.00897	0.00694	0.00545	0.07020	0.01553	0.02422	0.15231	0.07126	0.09853	0.00996	0.00564	0.00173	0.00335	0.00830	0.47795	0.00622
50	0.01570	0.01507	0.02575	0.03894	0.73748	0.01507	0.01947	0.01947	0.01444	0.02073	0.01193	0.01570	0.01005	0.00565	0.00628	0.00188	0.00754	0.00565	0.00314	0.01005
51	0.01075	0.00880	0.00973	0.01000	0.01127	0.04364	0.00711	0.01560	0.16991	0.01771	0.02720	0.34229	0.02914	0.15076	0.09033	0.00387	0.00625	0.03417	0.00527	0.00619
52	0.01019	0.00798	0.01166	0.01148	0.02600	0.00969	0.00881	0.01215	0.01027	0.01521	0.01541	0.02265	0.01433	0.03768	0.54801	0.04681	0.13508	0.00647	0.04429	0.00583
53	0.01490	0.01472	0.02373	0.23032	0.39709	0.05832	0.09115	0.01880	0.01418	0.01929	0.01215	0.01631	0.00976	0.00594	0.00630	0.00194	0.00813	0.00576	0.04247	0.00872
54	0.03874	0.01432	0.01777	0.07491	0.16203	0.06320	0.03697	0.12142	0.16814	0.03784	0.01792	0.04056	0.01516	0.00844	0.00680	0.01841	0.00672	0.07166	0.00477	0.07422

[dist]
# distance from previous block
# <min> <max>
1	21

[block]
# block no. 4 follows, 35 sequences, length 33
# corresponding to MSA columns:
# 1397-1429
name=unknown_E
#
# <colnr> <probs for GDERKNQSTAVLIFYWHMCP>
#	G	D	E	R	K	N	Q	S	T	A	V	L	I	F	Y	W	H	M	C	P
0	0.01629	0.14840	0.14890	0.04012	0.27709	0.05476	0.06497	0.05806	0.04351	0.03588	0.01235	0.01480	0.00983	0.00616	0.00627	0.00185	0.02716	0.00523	0.01915	0.00920
1	0.08133	0.09077	0.17691	0.01412	0.04128	0.01514	0.03131	0.17422	0.05036	0.06285	0.01321	0.01427	0.00991	0.00619	0.00552	0.00168	0.00673	0.00479	0.00432	0.19510
2	0.04901	0.09232	0.02045	0.01624	0.09796	0.01433	0.09350	0.12296	0.04731	0.13799	0.01524	0.03513	0.01186	0.00769	0.02417	0.00194	0.02790	0.00569	0.00469	0.17360
3	0.01335	0.04605	0.55696	0.01630	0.02412	0.02769	0.01970	0.05507	0.04526	0.02155	0.07186	0.02953	0.01353	0.00699	0.00613	0.00197	0.00832	0.00557	0.00347	0.02656
4	0.01153	0.22141	0.11530	0.00996	0.01384	0.01262	0.00956	0.01509	0.04553	0.01944	0.21069	0.05345	0.21677	0.01078	0.00633	0.00188	0.00506	0.00883	0.00489	0.00702
5	0.00930	0.00769	0.00909	0.00893	0.01037	0.03005	0.03413	0.01171	0.05345	0.01757	0.11682	0.27272	0.23171	0.14322	0.01172	0.00292	0.00449	0.01304	0.00551	0.00557
6	0.00979	0.00618	0.00869	0.00869	0.00913	0.00663	0.00604	0.00972	0.00927	0.01281	0.01564	0.02713	0.01597	0.22297	0.31372	0.29300	0.01020	0.00696	0.00328	0.00418
7	0.02169	0.01497	0.01637	0.01315	0.01758	0.01637	0.01067	0.39636	0.21450	0.12996	0.01974	0.01889	0.01410	0.00790	0.00626	0.00195	0.00599	0.00621	0.05706	0.01028
8	0.02372	0.02954	0.01804	0.01625	0.01962	0.71067	0.01225	0.06396	0.01864	0.01689	0.01011	0.01165	0.00832	0.00660	0.00576	0.00165	0.01119	0.00418	0.00344	0.00755
9	0.01925	0.11292	0.02130	0.02963	0.01979	0.01273	0.15120	0.03746	0.01550	0.26295	0.01661	0.03638	0.01226	0.00648	0.00590	0.00167	0.00652	0.00580	0.00498	0.22067
10	0.01272	0.03281	0.74418	0.01808	0.02746	0.01473	0.02344	0.02009	0.01339	0.02009	0.01138	0.01339	0.00804	0.00603	0.00603	0.00201	0.00938	0.00469	0.00268	0.00938
11	0.01302	0.08511	0.69448	0.01758	0.02668	0.01546	0.02256	0.02001	0.01336	0.01973	0.01121	0.01317	0.00804	0.00599	0.00589	0.00196	0.00919	0.00460	0.00268	0.00929
12	0.01279	0.02973	0.63473	0.01971	0.10066	0.01433	0.02215	0.01951	0.01355	0.02002	0.01391	0.01586	0.04223	0.00646	0.00612	0.00200	0.00890	0.00520	0.00288	0.00926
13	0.00869	0.00675	0.00812	0.00802	0.00968	0.00614	0.00578	0.01036	0.01298	0.01725	0.10656	0.21074	0.25700	0.10286	0.11284	0.00365	0.00568	0.01190	0.00521	0.08981
14	0.00859	0.00607	0.00697	0.00727	0.00777	0.00579	0.00451	0.00919	0.01102	0.01435	0.05042	0.20196	0.15494	0.45845	0.02201	0.00456	0.00501	0.01192	0.00473	0.00445
15	0.01783	0.08389	0.01356	0.00988	0.01316	0.01060	0.00798	0.10478	0.03500	0.23927	0.10665	0.10212	0.07639	0.01037	0.00680	0.02490	0.00477	0.00824	0.11570	0.00810
16	0.01505	0.09299	0.30651	0.04238	0.22250	0.04798	0.10188	0.03870	0.03582	0.02024	0.01194	0.01454	0.00922	0.00594	0.00611	0.00192	0.00866	0.00527	0.00311	0.00926
17	0.01473	0.13777	0.36613	0.07792	0.14174	0.03766	0.01850	0.01976	0.01389	0.05725	0.02790	0.03586	0.01088	0.00655	0.00590	0.00190	0.00817	0.00532	0.00324	0.00894
18	0.02661	0.01138	0.01465	0.01133	0.01601	0.01048	0.00933	0.12362	0.01939	0.59139	0.02336	0.02088	0.01507	0.00778	0.00623	0.00192	0.00543	0.00625	0.06847	0.01043
19	0.01291	0.17669	0.07119	0.01399	0.11505	0.01268	0.01044	0.01679	0.06543	0.04039	0.10374	0.12111	0.10872	0.01021	0.00621	0.00192	0.00532	0.02569	0.07400	0.00751
20	0.01811	0.01078	0.01115	0.00963	0.01239	0.09115	0.00733	0.03726	0.01560	0.26901	0.07524	0.02955	0.08629	0.13817	0.02939	0.00277	0.00577	0.00753	0.13541	0.00749
21	0.02200	0.01747	0.03807	0.08721	0.02220	0.03709	0.03227	0.57194	0.02652	0.03549	0.01471	0.01556	0.01056	0.00735	0.00630	0.00191	0.00728	0.00569	0.03030	0.01009
22	0.00923	0.00615	0.00692	0.00692	0.00692	0.00615	0.00384	0.00923	0.00923	0.01230	0.01999	0.04151	0.02306	0.77705	0.03229	0.00615	0.00615	0.00923	0.00384	0.00384
23	0.01342	0.16541	0.53043	0.01675	0.02479	0.01620	0.06348	0.01945	0.01366	0.01947	0.05142	0.01495	0.01105	0.00626	0.00585	0.00190	0.00863	0.00501	0.00296	0.00891
24	0.00908	0.00637	0.00820	0.00822	0.00877	0.00668	0.00554	0.01020	0.01060	0.01467	0.09419	0.07074	0.02536	0.41675	0.27044	0.00691	0.00935	0.00906	0.00412	0.00474
25	0.02069	0.11876	0.01948	0.01442	0.06246	0.01817	0.01129	0.46012	0.05238	0.03274	0.01529	0.01601	0.01144	0.00721	0.00579	0.00178	0.00639	0.00548	0.11037	0.00972
26	0.00910	0.00656	0.00864	0.00833	0.00982	0.00611	0.00639	0.01208	0.01764	0.02483	0.66809	0.04967	0.05766	0.01340	0.00760	0.00208	0.00326	0.07589	0.00688	0.00597
27	0.01758	0.06705	0.15942	0.01981	0.15546	0.01404	0.11122	0.02363	0.11099	0.18538	0.01954	0.02005	0.05255	0.00715	0.00637	0.00198	0.00720	0.00638	0.00471	0.00950
28	0.07794	0.22150	0.13332	0.02000	0.19536	0.09167	0.03614	0.06951	0.03228	0.04958	0.01170	0.01350	0.00930	0.00604	0.00547	0.00176	0.00772	0.00471	0.00352	0.00897
29	0.01492	0.16771	0.43916	0.01821	0.04560	0.01653	0.12450	0.02058	0.01387	0.06439	0.01200	0.01394	0.00883	0.00592	0.00591	0.00190	0.00879	0.00500	0.00310	0.00913
30	0.02043	0.01305	0.01459	0.01195	0.01589	0.01387	0.00960	0.30342	0.15094	0.17250	0.02231	0.06776	0.03477	0.00880	0.00627	0.00195	0.00549	0.00711	0.10977	0.00954
31	0.05722	0.63560	0.02916	0.01093	0.01590	0.02273	0.01055	0.01972	0.06669	0.01674	0.01165	0.01505	0.01070	0.00645	0.00454	0.00155	0.00650	0.04699	0.00325	0.00808
32	0.06926	0.01425	0.01479	0.01247	0.01628	0.04593	0.00996	0.29015	0.20141	0.07756	0.06201	0.06905	0.04971	0.00944	0.00649	0.00205	0.00581	0.02799	0.00617	0.00921

[dist]
# distance from previous block
# <min> <max>
7	11

[block]
# block no. 5 follows, 35 sequences, length 27
# corresponding to MSA columns:
# 1441-1467
name=unknown_F
#
# <colnr> <probs for GDERKNQSTAVLIFYWHMCP>
#	G	D	E	R	K	N	Q	S	T	A	V	L	I	F	Y	W	H	M	C	P
0	0.10166	0.10385	0.20000	0.01527	0.07166	0.02799	0.04872	0.05641	0.03334	0.15530	0.04651	0.01955	0.05784	0.00835	0.02500	0.00213	0.00717	0.00591	0.00452	0.00881
1	0.01505	0.02535	0.47184	0.01647	0.02382	0.03593	0.06206	0.02180	0.06120	0.11216	0.07895	0.01833	0.01450	0.00702	0.00631	0.00201	0.00816	0.00583	0.00402	0.00918
2	0.01045	0.00708	0.00962	0.01050	0.01200	0.00673	0.00850	0.01276	0.01405	0.05476	0.05781	0.28876	0.03666	0.01697	0.00818	0.00263	0.00497	0.38453	0.00589	0.04713
3	0.01320	0.01135	0.01405	0.01300	0.05177	0.01192	0.05186	0.04055	0.33976	0.02446	0.19059	0.03228	0.11743	0.00998	0.00678	0.00203	0.00484	0.00868	0.00600	0.04948
4	0.01339	0.01145	0.01361	0.04737	0.01660	0.00904	0.00815	0.03485	0.01358	0.02097	0.01138	0.01340	0.00939	0.00486	0.00483	0.00102	0.00495	0.00391	0.00378	0.75348
5	0.00959	0.00699	0.00983	0.00973	0.01059	0.00805	0.00733	0.01134	0.01031	0.01508	0.01783	0.06452	0.01751	0.13312	0.49482	0.03497	0.06083	0.00750	0.06464	0.00541
6	0.01198	0.01128	0.01903	0.76180	0.04369	0.01409	0.01762	0.01621	0.01268	0.01621	0.01128	0.01691	0.00846	0.00634	0.00634	0.00211	0.00846	0.00564	0.00282	0.00705
7	0.01364	0.01285	0.02167	0.32695	0.40255	0.01394	0.01768	0.01745	0.01378	0.01890	0.03935	0.04780	0.01254	0.00677	0.00642	0.00201	0.00758	0.00636	0.00326	0.00850
8	0.00864	0.00639	0.00806	0.00781	0.00931	0.00581	0.00579	0.01124	0.01689	0.02331	0.56672	0.11463	0.16373	0.01407	0.00754	0.00207	0.00309	0.01236	0.00671	0.00581
9	0.00787	0.00575	0.00742	0.00855	0.00925	0.00530	0.00588	0.00923	0.01296	0.01713	0.09527	0.61058	0.12596	0.01880	0.00799	0.00249	0.00363	0.03469	0.00598	0.00526
10	0.00905	0.00627	0.00745	0.00788	0.00923	0.00558	0.00554	0.01041	0.01339	0.06098	0.06479	0.37534	0.31213	0.07009	0.00942	0.00260	0.00375	0.01469	0.00590	0.00551
11	0.00845	0.00606	0.00691	0.00727	0.00787	0.00572	0.00458	0.00910	0.01119	0.01441	0.03428	0.22402	0.19895	0.40987	0.02044	0.00432	0.00484	0.01237	0.00483	0.00453
12	0.01431	0.15762	0.39726	0.04115	0.11577	0.01624	0.04140	0.04256	0.01400	0.01987	0.01117	0.01340	0.00858	0.00580	0.00567	0.00179	0.00823	0.00466	0.00298	0.07751
13	0.18391	0.01170	0.01404	0.01100	0.01573	0.01119	0.00908	0.08854	0.01773	0.54028	0.02099	0.01882	0.01354	0.00745	0.00589	0.00196	0.00544	0.00574	0.00695	0.01002
14	0.02027	0.18632	0.02248	0.01784	0.14127	0.12518	0.01272	0.26419	0.06972	0.04410	0.01356	0.01493	0.01067	0.02208	0.00627	0.00184	0.00748	0.00515	0.00455	0.00939
15	0.01578	0.01667	0.04844	0.11327	0.48563	0.07546	0.09653	0.02002	0.03004	0.01987	0.01207	0.01574	0.00981	0.00584	0.00637	0.00193	0.00832	0.00573	0.00318	0.00931
16	0.00810	0.00573	0.00720	0.00822	0.00858	0.00542	0.00531	0.00895	0.01151	0.01524	0.03259	0.54766	0.07237	0.21534	0.01432	0.00348	0.00429	0.01552	0.00536	0.00482
17	0.01575	0.12653	0.06593	0.01434	0.04503	0.10634	0.09350	0.04663	0.01467	0.01990	0.01111	0.01317	0.00908	0.00535	0.00527	0.00137	0.00704	0.00439	0.00350	0.39110
18	0.03334	0.05875	0.07588	0.01779	0.07991	0.16485	0.10988	0.13173	0.01707	0.02191	0.03605	0.01914	0.04800	0.00772	0.00762	0.00194	0.07982	0.02877	0.00399	0.05582
19	0.00929	0.00668	0.00769	0.00786	0.00968	0.00593	0.00584	0.01135	0.03027	0.06309	0.09657	0.23772	0.41747	0.01622	0.00762	0.00227	0.00363	0.04890	0.00610	0.00582
20	0.00799	0.00634	0.00712	0.00712	0.00885	0.00553	0.00523	0.00989	0.01508	0.01927	0.25020	0.12870	0.45450	0.03560	0.00821	0.00225	0.00328	0.01321	0.00615	0.00547
21	0.08011	0.22063	0.16367	0.09144	0.04495	0.11716	0.04220	0.04637	0.01469	0.08106	0.01240	0.03661	0.00996	0.00656	0.00551	0.00180	0.00792	0.00500	0.00359	0.00838
22	0.01498	0.13298	0.10725	0.08591	0.20158	0.01621	0.12245	0.05754	0.09729	0.02068	0.01501	0.07303	0.01286	0.00720	0.00627	0.00196	0.00758	0.00659	0.00377	0.00886
23	0.00804	0.00637	0.00733	0.00733	0.00905	0.00565	0.00544	0.01004	0.01505	0.01939	0.25819	0.12748	0.42663	0.01715	0.04583	0.00256	0.00390	0.01295	0.00609	0.00554
