[name]
unknown

[dist]
# distance from previous block
# <min> <max>
0	10

[block]
# block no. 0 follows, 31 sequences, length 43
# corresponding to MSA columns:
# 10-52
name=unknown_A
#
# <colnr> <probs for GDERKNQSTAVLIFYWHMCP>
#	G	D	E	R	K	N	Q	S	T	A	V	L	I	F	Y	W	H	M	C	P
0	0.01429	0.01400	0.01964	0.01707	0.01718	0.01936	0.01411	0.01585	0.01062	0.01646	0.01087	0.04532	0.01107	0.01548	0.07846	0.00362	0.65947	0.00663	0.00318	0.00730
1	0.01562	0.19232	0.35590	0.02122	0.09713	0.01870	0.12534	0.02214	0.05057	0.02089	0.01277	0.01513	0.00982	0.00634	0.00633	0.00203	0.00926	0.00546	0.00325	0.00979
2	0.03050	0.01196	0.01607	0.01232	0.01762	0.01053	0.01018	0.06125	0.02011	0.69297	0.02654	0.02300	0.01671	0.00846	0.00688	0.00211	0.00589	0.00685	0.00840	0.01164
3	0.00977	0.00733	0.01100	0.01100	0.01222	0.00855	0.00855	0.01222	0.01100	0.01588	0.01833	0.02688	0.01710	0.05131	0.73245	0.01100	0.01833	0.00733	0.00367	0.00611
4	0.04761	0.05081	0.28784	0.01828	0.04792	0.09603	0.09857	0.04042	0.03911	0.04609	0.07321	0.02124	0.05535	0.00811	0.00743	0.00215	0.03997	0.00664	0.00412	0.00909
5	0.01556	0.01039	0.05776	0.01171	0.03822	0.00840	0.02356	0.01848	0.01684	0.20329	0.19701	0.15396	0.11587	0.01408	0.03119	0.00252	0.00533	0.01103	0.05678	0.00800
6	0.01687	0.01502	0.01771	0.01534	0.01802	0.05390	0.03516	0.13013	0.22349	0.02462	0.01912	0.04814	0.01623	0.01610	0.11206	0.00367	0.19608	0.02427	0.00514	0.00894
7	0.01863	0.01619	0.02064	0.01644	0.04000	0.05167	0.11166	0.24707	0.02056	0.02824	0.01601	0.08492	0.01385	0.00828	0.00753	0.00190	0.04848	0.00698	0.00502	0.23593
8	0.00928	0.00742	0.00865	0.00866	0.01079	0.00631	0.00634	0.01111	0.01455	0.01900	0.06397	0.31337	0.31376	0.01693	0.00791	0.00231	0.00401	0.04071	0.00602	0.12889
9	0.01029	0.00977	0.07162	0.01077	0.01271	0.00771	0.00851	0.05718	0.01464	0.01984	0.03370	0.58075	0.05865	0.01826	0.00820	0.00257	0.00479	0.01634	0.00596	0.04774
10	0.01841	0.01925	0.02693	0.03703	0.55962	0.14253	0.05371	0.02216	0.01628	0.02134	0.01251	0.01620	0.01046	0.00625	0.00673	0.00200	0.00904	0.00590	0.00341	0.01024
11	0.01102	0.00900	0.01426	0.01248	0.01505	0.00814	0.13686	0.01339	0.01502	0.05807	0.06014	0.33034	0.25655	0.01619	0.00828	0.00248	0.00533	0.01476	0.00595	0.00669
12	0.17671	0.01525	0.01675	0.01493	0.05414	0.01686	0.03074	0.18907	0.28368	0.05443	0.04117	0.02019	0.01605	0.00816	0.00639	0.00215	0.00615	0.00648	0.00608	0.03463
13	0.01112	0.00755	0.00973	0.00905	0.01093	0.00707	0.00684	0.03381	0.01898	0.06266	0.56869	0.08499	0.08867	0.01530	0.03180	0.00248	0.00404	0.01220	0.00732	0.00679
14	0.01570	0.01762	0.03749	0.02717	0.03330	0.01700	0.61274	0.02095	0.01561	0.02133	0.01463	0.05305	0.01193	0.00694	0.00910	0.00238	0.06209	0.00847	0.00356	0.00893
15	0.00822	0.00694	0.00712	0.00707	0.00932	0.00583	0.00530	0.01008	0.01591	0.01923	0.12317	0.06461	0.65979	0.01705	0.00808	0.00230	0.00345	0.01427	0.00645	0.00583
16	0.01396	0.07311	0.68847	0.01910	0.02899	0.01647	0.02457	0.02160	0.01442	0.02138	0.01213	0.01426	0.00867	0.00647	0.00639	0.00213	0.00997	0.00498	0.00289	0.01004
17	0.02478	0.01654	0.01806	0.01405	0.01898	0.01788	0.01154	0.52353	0.02826	0.12177	0.01848	0.01847	0.01307	0.00821	0.00657	0.00200	0.00674	0.00627	0.11389	0.01093
18	0.00908	0.00710	0.00841	0.00915	0.01094	0.00643	0.00726	0.01119	0.01528	0.01898	0.05394	0.16992	0.39725	0.01844	0.00862	0.00265	0.00446	0.22865	0.00634	0.00591
19	0.02649	0.05119	0.01654	0.01235	0.01719	0.01227	0.01010	0.03248	0.16106	0.51654	0.02607	0.02386	0.01761	0.03462	0.00774	0.00228	0.00584	0.00700	0.00772	0.01106
20	0.14941	0.01189	0.01499	0.01169	0.01682	0.01086	0.00965	0.03132	0.01837	0.61609	0.02432	0.02143	0.01548	0.00814	0.00648	0.00212	0.00574	0.00639	0.00782	0.01100
21	0.00980	0.00723	0.01050	0.01050	0.01155	0.00828	0.00794	0.01190	0.01085	0.01552	0.01878	0.02937	0.01819	0.14998	0.63527	0.01039	0.01670	0.00769	0.00373	0.00583
22	0.11781	0.52141	0.09391	0.01437	0.06544	0.05362	0.01309	0.02087	0.01401	0.01890	0.01004	0.01177	0.00874	0.00604	0.00480	0.00166	0.00758	0.00399	0.00314	0.00883
23	0.02030	0.43080	0.10613	0.01461	0.02013	0.26933	0.01373	0.02298	0.01586	0.01693	0.01018	0.01183	0.00878	0.00634	0.00524	0.00164	0.00936	0.00407	0.00313	0.00863
24	0.02155	0.02491	0.02181	0.07279	0.17746	0.41471	0.03839	0.05802	0.01810	0.01951	0.01186	0.01483	0.00981	0.00874	0.03576	0.00229	0.03185	0.00527	0.00362	0.00870
25	0.00868	0.00622	0.00825	0.00929	0.01000	0.00579	0.00638	0.01040	0.01472	0.02004	0.21203	0.57344	0.05023	0.01951	0.00856	0.00262	0.00378	0.01762	0.00666	0.00579
26	0.00838	0.00635	0.00755	0.00846	0.00949	0.00572	0.00577	0.00966	0.01371	0.01748	0.04732	0.45969	0.27461	0.07962	0.01062	0.00293	0.00401	0.01695	0.00617	0.00552
27	0.00859	0.00650	0.00793	0.00852	0.00979	0.00584	0.00603	0.01045	0.01539	0.02023	0.21350	0.37362	0.25208	0.01836	0.00837	0.00248	0.00363	0.01619	0.00664	0.00584
28	0.80789	0.01323	0.01006	0.00900	0.01323	0.01535	0.00741	0.02011	0.01164	0.03070	0.00953	0.01111	0.00741	0.00635	0.00423	0.00212	0.00529	0.00370	0.00423	0.00741
29	0.01702	0.01470	0.01547	0.01392	0.01779	0.01702	0.01083	0.03635	0.70453	0.02862	0.02785	0.02553	0.02088	0.00928	0.00696	0.00232	0.00541	0.00773	0.00696	0.01083
30	0.01434	0.01328	0.02185	0.57658	0.16888	0.01571	0.01906	0.05317	0.01499	0.01970	0.01251	0.01791	0.00957	0.00677	0.00683	0.00222	0.00886	0.00609	0.00330	0.00840
31	0.01683	0.02157	0.19331	0.02237	0.02935	0.01677	0.34937	0.14903	0.01888	0.02590	0.03948	0.02064	0.04842	0.00727	0.00747	0.00222	0.00975	0.00747	0.00425	0.00962
32	0.80789	0.01323	0.01006	0.00900	0.01323	0.01535	0.00741	0.02011	0.01164	0.03070	0.00953	0.01111	0.00741	0.00635	0.00423	0.00212	0.00529	0.00370	0.00423	0.00741
33	0.01514	0.01562	0.02531	0.05471	0.02335	0.01986	0.16774	0.01774	0.01191	0.01774	0.01023	0.01591	0.00930	0.01033	0.01847	0.00281	0.54640	0.00646	0.00310	0.00788
34	0.00832	0.00602	0.00787	0.00935	0.00988	0.00557	0.00627	0.00955	0.01326	0.01753	0.03979	0.70959	0.08941	0.02116	0.00869	0.00275	0.00394	0.01912	0.00635	0.00557
35	0.00885	0.00644	0.00797	0.00892	0.00983	0.00605	0.00622	0.01028	0.01337	0.01758	0.04095	0.42715	0.18052	0.10393	0.04819	0.00351	0.00501	0.05773	0.03195	0.00555
36	0.01136	0.00866	0.01267	0.01297	0.01488	0.00861	0.05602	0.01496	0.04014	0.02053	0.06604	0.06709	0.05393	0.08010	0.01132	0.00329	0.00643	0.49851	0.00601	0.00647
37	0.00977	0.00733	0.01100	0.01100	0.01222	0.00855	0.00855	0.01222	0.01100	0.01588	0.01833	0.02688	0.01710	0.05131	0.73245	0.01100	0.01833	0.00733	0.00367	0.00611
38	0.02359	0.02034	0.01850	0.01519	0.01945	0.18663	0.01214	0.37793	0.06099	0.05633	0.04103	0.01796	0.01380	0.00837	0.00734	0.00202	0.04302	0.00608	0.05931	0.00998
39	0.00932	0.00681	0.00841	0.00828	0.00961	0.00627	0.00590	0.01159	0.01660	0.02271	0.42910	0.13549	0.15429	0.13079	0.01229	0.00294	0.00388	0.01315	0.00669	0.00589
40	0.03929	0.11276	0.10542	0.01394	0.01956	0.01542	0.05775	0.09679	0.13196	0.07421	0.08492	0.02040	0.01750	0.00759	0.00627	0.00185	0.00661	0.00624	0.00517	0.17634
41	0.01602	0.04791	0.17592	0.06324	0.04680	0.01471	0.03444	0.10916	0.07971	0.04239	0.01720	0.07759	0.01442	0.00839	0.00726	0.00202	0.04557	0.00680	0.06258	0.12787
42	0.05994	0.03972	0.04101	0.08200	0.15480	0.17069	0.05966	0.06876	0.09031	0.05101	0.07452	0.01961	0.01584	0.00782	0.00723	0.00209	0.03488	0.00638	0.00456	0.00916

[dist]
# distance from previous block
# <min> <max>
4	12

[block]
# block no. 1 follows, 31 sequences, length 9
# corresponding to MSA columns:
# 66-74
name=unknown_B
#
# <colnr> <probs for GDERKNQSTAVLIFYWHMCP>
#	G	D	E	R	K	N	Q	S	T	A	V	L	I	F	Y	W	H	M	C	P
0	0.00980	0.01159	0.13700	0.01188	0.01424	0.00784	0.01061	0.01256	0.01383	0.01877	0.03287	0.49747	0.03760	0.01829	0.00846	0.00274	0.00550	0.13673	0.00572	0.00651
1	0.00921	0.00699	0.00983	0.09768	0.01487	0.00707	0.00838	0.01107	0.01349	0.01777	0.03523	0.54037	0.06887	0.02025	0.03304	0.00302	0.00530	0.08580	0.00586	0.00591
2	0.05549	0.01649	0.14601	0.33571	0.05341	0.01445	0.06343	0.05158	0.01523	0.02118	0.01682	0.02792	0.01477	0.00895	0.00720	0.00239	0.00863	0.12823	0.00390	0.00820
3	0.01042	0.00815	0.01152	0.01120	0.01199	0.00970	0.00848	0.01223	0.01084	0.01556	0.01866	0.06583	0.01889	0.17486	0.47238	0.00870	0.11262	0.00825	0.00380	0.00590
4	0.02083	0.09314	0.02066	0.03675	0.01972	0.24865	0.01300	0.16614	0.01873	0.02298	0.01226	0.01496	0.01014	0.00854	0.01031	0.00212	0.20200	0.00532	0.06518	0.00856
5	0.01652	0.01632	0.02551	0.20776	0.51287	0.06146	0.02003	0.02056	0.01537	0.02083	0.01255	0.01695	0.01030	0.00633	0.00675	0.00207	0.00863	0.00598	0.00331	0.00988
6	0.02121	0.02365	0.01687	0.01520	0.01852	0.42327	0.01165	0.09508	0.08349	0.02273	0.14020	0.02434	0.02183	0.00924	0.00683	0.00199	0.00924	0.04136	0.00505	0.00824
7	0.00961	0.00669	0.00737	0.00737	0.00778	0.00648	0.00433	0.00993	0.01096	0.01420	0.03012	0.04855	0.14853	0.62640	0.03002	0.00586	0.00606	0.01075	0.00454	0.00444
8	0.02266	0.01812	0.01903	0.01620	0.04975	0.08273	0.01257	0.48255	0.02650	0.03496	0.01609	0.01795	0.01233	0.01575	0.13696	0.00363	0.00992	0.00621	0.00582	0.01028

[dist]
# distance from previous block
# <min> <max>
0	1

[block]
# block no. 2 follows, 31 sequences, length 30
# corresponding to MSA columns:
# 76-105
name=unknown_C
#
# <colnr> <probs for GDERKNQSTAVLIFYWHMCP>
#	G	D	E	R	K	N	Q	S	T	A	V	L	I	F	Y	W	H	M	C	P
0	0.01694	0.01615	0.02697	0.04016	0.67126	0.01630	0.02033	0.02200	0.06054	0.02276	0.01385	0.01749	0.01149	0.00630	0.00679	0.00205	0.00795	0.00620	0.00362	0.01084
1	0.01694	0.01206	0.01593	0.17599	0.02342	0.01066	0.01092	0.02025	0.01506	0.14979	0.01489	0.01677	0.01116	0.00609	0.00580	0.00150	0.00612	0.00503	0.00464	0.47698
2	0.00820	0.00693	0.00708	0.00705	0.00931	0.00582	0.00528	0.01003	0.01585	0.01910	0.11352	0.06483	0.66952	0.01710	0.00808	0.00230	0.00345	0.01430	0.00643	0.00582
3	0.01793	0.01527	0.02378	0.01852	0.02326	0.04448	0.25618	0.05925	0.19171	0.11377	0.08192	0.08176	0.02136	0.00914	0.00755	0.00227	0.00777	0.00886	0.00574	0.00947
4	0.01615	0.01845	0.04037	0.02884	0.03576	0.01730	0.69204	0.02191	0.01615	0.02191	0.01384	0.01845	0.01038	0.00577	0.00807	0.00231	0.01153	0.00807	0.00346	0.00923
5	0.00883	0.00695	0.00809	0.00871	0.01048	0.00621	0.00673	0.01082	0.01528	0.01903	0.07832	0.19839	0.41816	0.01833	0.00850	0.00258	0.00417	0.15817	0.00638	0.00587
6	0.01842	0.13582	0.39891	0.01723	0.02512	0.01646	0.06102	0.02399	0.01551	0.17891	0.01519	0.01620	0.01067	0.00697	0.00685	0.00209	0.03086	0.00548	0.00419	0.01013
7	0.01292	0.00773	0.01008	0.00908	0.01131	0.00699	0.00695	0.01597	0.01918	0.13688	0.56785	0.04754	0.09405	0.01330	0.00788	0.00216	0.00365	0.01162	0.00761	0.00724
8	0.00890	0.00692	0.00808	0.00789	0.00976	0.00611	0.00588	0.01135	0.01737	0.02291	0.38987	0.09009	0.35863	0.01584	0.00811	0.00225	0.00337	0.01364	0.00694	0.00611
9	0.05629	0.01560	0.10159	0.01227	0.01867	0.01132	0.02991	0.06129	0.01575	0.08746	0.01370	0.01515	0.01054	0.00583	0.00556	0.00141	0.00609	0.00466	0.00448	0.52244
10	0.01655	0.12659	0.47473	0.01725	0.02544	0.01712	0.02042	0.05065	0.01538	0.08829	0.01330	0.01494	0.00966	0.00694	0.00714	0.00208	0.05110	0.00512	0.00363	0.03369
11	0.01214	0.06739	0.14993	0.01305	0.01596	0.01282	0.01219	0.01520	0.01194	0.01747	0.01626	0.04593	0.01537	0.11056	0.27715	0.00597	0.13126	0.00703	0.05531	0.00706
12	0.06106	0.09201	0.05469	0.01944	0.08436	0.38013	0.05121	0.04590	0.03792	0.01958	0.01144	0.01380	0.00947	0.00733	0.00777	0.00198	0.08470	0.00500	0.00362	0.00858
13	0.00829	0.00614	0.00774	0.00902	0.00979	0.00560	0.00613	0.00958	0.01358	0.01766	0.04382	0.62166	0.17474	0.02064	0.00861	0.00269	0.00387	0.01848	0.00635	0.00560
14	0.00838	0.00610	0.00790	0.00923	0.00987	0.00562	0.00625	0.00972	0.01365	0.01806	0.07463	0.65458	0.10944	0.02067	0.00864	0.00270	0.00388	0.01862	0.00641	0.00562
15	0.00877	0.00667	0.00728	0.00753	0.00874	0.00604	0.00502	0.00982	0.01325	0.01652	0.04778	0.16938	0.36917	0.27366	0.01740	0.00387	0.00464	0.01370	0.00559	0.00518
16	0.01578	0.01175	0.01439	0.01475	0.10391	0.01211	0.01001	0.22376	0.02127	0.02967	0.20188	0.10155	0.08736	0.01142	0.00717	0.00211	0.00527	0.00973	0.10766	0.00846
17	0.00834	0.00595	0.00794	0.00953	0.00992	0.00556	0.00635	0.00953	0.01310	0.01746	0.03771	0.75510	0.04525	0.02143	0.00873	0.00278	0.00397	0.01945	0.00635	0.00556
18	0.02196	0.01651	0.01778	0.01463	0.01931	0.01846	0.01176	0.33280	0.35658	0.08039	0.02264	0.02127	0.01645	0.00875	0.00690	0.00219	0.00639	0.00697	0.00701	0.01125
19	0.01829	0.76368	0.03585	0.01171	0.01756	0.02707	0.01171	0.02049	0.01390	0.01610	0.00951	0.01097	0.00878	0.00585	0.00439	0.00146	0.00732	0.00366	0.00293	0.00878
20	0.13908	0.05220	0.01850	0.01581	0.01959	0.50911	0.03119	0.02548	0.01772	0.06063	0.01260	0.04437	0.01067	0.00756	0.00603	0.00188	0.01037	0.00517	0.00402	0.00804
21	0.00925	0.00735	0.00962	0.00949	0.01134	0.00665	0.03552	0.01161	0.01615	0.02106	0.22972	0.19889	0.29692	0.01695	0.00837	0.00246	0.00418	0.09180	0.00654	0.00612
22	0.00890	0.00684	0.00814	0.00807	0.00981	0.00608	0.00596	0.01130	0.01713	0.02274	0.38088	0.14381	0.31323	0.01620	0.00816	0.00229	0.00341	0.01405	0.00693	0.00608
23	0.01914	0.01717	0.02002	0.01610	0.01967	0.12870	0.12524	0.19640	0.01953	0.02679	0.01551	0.01830	0.01214	0.00811	0.00872	0.00207	0.11792	0.00624	0.21358	0.00864
24	0.00999	0.00764	0.00906	0.00858	0.01057	0.00711	0.00646	0.03668	0.04292	0.02497	0.44579	0.07994	0.25507	0.01490	0.00802	0.00223	0.00356	0.01287	0.00709	0.00656
25	0.01546	0.01492	0.01727	0.01521	0.01603	0.10353	0.01235	0.01738	0.01233	0.01819	0.01239	0.01751	0.01117	0.01340	0.06745	0.00314	0.46403	0.00597	0.15503	0.00723
26	0.01941	0.65104	0.03331	0.01262	0.01811	0.13570	0.01194	0.02154	0.01475	0.01620	0.00968	0.01118	0.00878	0.00604	0.00466	0.00151	0.00809	0.00377	0.00302	0.00865
27	0.00888	0.00692	0.00805	0.00870	0.01003	0.00646	0.00610	0.01128	0.05324	0.01819	0.04777	0.38068	0.30043	0.06471	0.03311	0.00307	0.00448	0.01588	0.00617	0.00587
28	0.02388	0.07052	0.02080	0.04789	0.06107	0.24615	0.01328	0.28275	0.04133	0.07968	0.01487	0.01595	0.01121	0.00893	0.02954	0.00223	0.00931	0.00556	0.00520	0.00986
29	0.07537	0.04978	0.06000	0.21938	0.02731	0.01670	0.03562	0.16344	0.03639	0.12815	0.01542	0.01766	0.01124	0.00784	0.00803	0.00220	0.07975	0.00598	0.03044	0.00931

[dist]
# distance from previous block
# <min> <max>
0	4

[block]
# block no. 3 follows, 31 sequences, length 58
# corresponding to MSA columns:
# 110-167
name=unknown_D
#
# <colnr> <probs for GDERKNQSTAVLIFYWHMCP>
#	G	D	E	R	K	N	Q	S	T	A	V	L	I	F	Y	W	H	M	C	P
0	0.01606	0.01373	0.01532	0.01375	0.04164	0.06274	0.01045	0.13876	0.06579	0.04259	0.13533	0.06834	0.11777	0.01132	0.00972	0.00219	0.13051	0.00876	0.00562	0.08962
1	0.09689	0.05393	0.01926	0.01637	0.02031	0.54212	0.01261	0.12056	0.02030	0.02172	0.01127	0.01276	0.00908	0.00711	0.00603	0.00183	0.01084	0.00456	0.00404	0.00844
2	0.00970	0.00662	0.00745	0.00754	0.00775	0.00650	0.00436	0.00991	0.01059	0.01394	0.02637	0.08935	0.08154	0.65531	0.03110	0.00605	0.00622	0.01088	0.00446	0.00436
3	0.01845	0.01654	0.04714	0.01540	0.02097	0.05736	0.11708	0.13093	0.11861	0.07510	0.04259	0.01878	0.01435	0.00704	0.00646	0.00178	0.00714	0.00612	0.00519	0.27297
4	0.01229	0.01064	0.01658	0.01405	0.01654	0.01061	0.15319	0.03633	0.09034	0.02015	0.06149	0.25521	0.02846	0.17938	0.01434	0.00338	0.02575	0.01196	0.00522	0.03409
5	0.00872	0.00715	0.00773	0.00774	0.00986	0.00628	0.00583	0.01123	0.03665	0.02018	0.16431	0.09901	0.53426	0.01684	0.00813	0.00234	0.00361	0.03753	0.00655	0.00604
6	0.04257	0.01404	0.01911	0.01957	0.13594	0.05267	0.04909	0.01832	0.03362	0.02012	0.01371	0.01844	0.01188	0.01307	0.07983	0.00318	0.30156	0.00620	0.13913	0.00795
7	0.01797	0.01633	0.02518	0.02008	0.05106	0.03761	0.25810	0.14778	0.15583	0.04760	0.06562	0.05913	0.01828	0.00837	0.00740	0.00219	0.00811	0.00815	0.00537	0.03983
8	0.01612	0.00938	0.01159	0.01059	0.01313	0.00899	0.00797	0.11350	0.01825	0.18099	0.12666	0.30332	0.09424	0.04122	0.00882	0.00253	0.00484	0.01298	0.00698	0.00789
9	0.01630	0.04692	0.11035	0.01958	0.02536	0.06021	0.27444	0.06715	0.03424	0.04045	0.01756	0.09844	0.01560	0.00848	0.00726	0.00214	0.00885	0.03901	0.00434	0.10333
10	0.01703	0.10014	0.08007	0.09777	0.38157	0.01665	0.04098	0.05620	0.01595	0.05462	0.01445	0.04476	0.01229	0.02966	0.00746	0.00218	0.00806	0.00646	0.00382	0.00987
11	0.01842	0.01540	0.01626	0.01421	0.01833	0.01767	0.01117	0.13926	0.59934	0.03089	0.02606	0.02410	0.01944	0.00911	0.00694	0.00228	0.00575	0.00749	0.00694	0.01095
12	0.01630	0.01561	0.02663	0.15235	0.61147	0.01609	0.02068	0.02044	0.01528	0.02158	0.01276	0.01714	0.01057	0.00621	0.00678	0.00207	0.00828	0.00609	0.00333	0.01033
13	0.78071	0.01300	0.00993	0.00891	0.01305	0.01504	0.00732	0.01997	0.01174	0.03052	0.00996	0.01161	0.00776	0.00641	0.00425	0.00210	0.00522	0.00380	0.03135	0.00737
14	0.02653	0.01048	0.01383	0.01095	0.01540	0.00923	0.00893	0.02930	0.01859	0.56447	0.05182	0.02475	0.01883	0.00858	0.00653	0.00202	0.00523	0.00699	0.15710	0.01046
15	0.02021	0.01740	0.01720	0.01473	0.01902	0.07672	0.01163	0.21827	0.46172	0.03167	0.02326	0.02192	0.01733	0.00880	0.00686	0.00220	0.00657	0.00702	0.00665	0.01082
16	0.00904	0.00661	0.00834	0.00933	0.01009	0.00634	0.00632	0.01126	0.04891	0.01861	0.09917	0.54993	0.08011	0.08861	0.01097	0.00303	0.00420	0.01705	0.00628	0.00579
17	0.00995	0.00663	0.00746	0.00746	0.00746	0.00663	0.00415	0.00995	0.00995	0.01327	0.02156	0.04477	0.02487	0.75957	0.03482	0.00663	0.00663	0.00995	0.00415	0.00415
18	0.02584	0.01310	0.01603	0.01292	0.01773	0.01299	0.01046	0.09565	0.21563	0.44351	0.04336	0.02397	0.01875	0.00881	0.00693	0.00217	0.00580	0.00719	0.00786	0.01128
19	0.00968	0.00686	0.00926	0.01083	0.03208	0.00645	0.00757	0.01150	0.01439	0.03700	0.08625	0.50651	0.09020	0.01942	0.00865	0.00272	0.00443	0.12373	0.00639	0.00607
20	0.04864	0.64555	0.03296	0.01234	0.01766	0.07441	0.01182	0.02072	0.01401	0.01671	0.00956	0.01128	0.00874	0.00628	0.00546	0.00159	0.04681	0.00383	0.00302	0.00860
21	0.01030	0.00858	0.00959	0.00968	0.03462	0.03264	0.00687	0.01368	0.05382	0.02311	0.36439	0.05242	0.29664	0.04281	0.00892	0.00237	0.00405	0.01230	0.00666	0.00655
22	0.01654	0.10025	0.03293	0.03242	0.35221	0.01754	0.27887	0.02103	0.01574	0.02165	0.03598	0.01798	0.01220	0.00620	0.00705	0.00208	0.00919	0.00680	0.00350	0.00984
23	0.01679	0.01555	0.03805	0.16388	0.20549	0.03699	0.01528	0.10534	0.16468	0.02536	0.05335	0.02030	0.01541	0.00754	0.00671	0.00205	0.00728	0.00650	0.00478	0.08867
24	0.01943	0.01778	0.04104	0.04529	0.02301	0.09919	0.14034	0.08938	0.25630	0.09167	0.01968	0.02026	0.01461	0.00792	0.00746	0.00216	0.03349	0.00682	0.02608	0.03809
25	0.01533	0.01666	0.08660	0.02726	0.28212	0.01508	0.15468	0.02266	0.14677	0.02312	0.04801	0.09496	0.01823	0.00856	0.00730	0.00224	0.00785	0.00834	0.00451	0.00972
26	0.02354	0.01756	0.01884	0.01485	0.01979	0.01935	0.01211	0.57535	0.08211	0.03950	0.02108	0.05442	0.05086	0.00940	0.00701	0.00212	0.00698	0.00734	0.00680	0.01098
27	0.01152	0.00909	0.01190	0.01182	0.01379	0.00916	0.03723	0.03534	0.13829	0.02164	0.06841	0.38359	0.03682	0.01663	0.00825	0.00260	0.00506	0.12818	0.00630	0.04439
28	0.01825	0.01667	0.01607	0.01437	0.01827	0.08839	0.01116	0.06327	0.60788	0.02805	0.02564	0.02383	0.01929	0.00901	0.00688	0.00225	0.00619	0.00734	0.00661	0.01057
29	0.72161	0.05237	0.01196	0.00958	0.01392	0.03617	0.00796	0.04100	0.01260	0.02994	0.00977	0.01130	0.00765	0.00640	0.00438	0.00207	0.00566	0.00380	0.00423	0.00762
30	0.01415	0.05898	0.51372	0.04742	0.10966	0.01589	0.05706	0.02090	0.01490	0.02172	0.05254	0.01704	0.01224	0.00683	0.00663	0.00213	0.00941	0.00573	0.00325	0.00980
31	0.01538	0.01337	0.01601	0.01797	0.15345	0.05072	0.01172	0.09371	0.18728	0.02579	0.13501	0.07870	0.09364	0.01148	0.00747	0.00228	0.00600	0.06513	0.00600	0.00889
32	0.02311	0.01883	0.01907	0.01685	0.06506	0.18396	0.04773	0.19677	0.07195	0.16750	0.08191	0.02214	0.03685	0.00857	0.00691	0.00204	0.00792	0.00689	0.00604	0.00990
33	0.01590	0.01274	0.01363	0.01224	0.01537	0.03967	0.00943	0.10691	0.31044	0.05209	0.19144	0.11389	0.05359	0.01179	0.00741	0.00227	0.00520	0.01003	0.00692	0.00905
34	0.01018	0.00749	0.00915	0.00904	0.01053	0.00729	0.00658	0.01402	0.07793	0.02328	0.37172	0.15441	0.10098	0.10789	0.01137	0.00285	0.00409	0.03776	0.02709	0.00636
35	0.00949	0.00690	0.00845	0.00814	0.00986	0.00627	0.00608	0.01231	0.01800	0.02502	0.50608	0.07876	0.20018	0.01460	0.00789	0.00217	0.00330	0.01270	0.05753	0.00627
36	0.05051	0.01255	0.02008	0.62027	0.04197	0.01591	0.01796	0.01748	0.01319	0.01798	0.01165	0.01751	0.00902	0.00744	0.00862	0.00236	0.09886	0.00596	0.00309	0.00758
37	0.00899	0.00654	0.00858	0.00969	0.01065	0.00612	0.00708	0.01090	0.01477	0.01966	0.14769	0.46650	0.10456	0.01946	0.00870	0.00270	0.00421	0.13084	0.00653	0.00585
38	0.04518	0.00715	0.00743	0.00703	0.00909	0.00708	0.00539	0.01777	0.01475	0.09253	0.02227	0.02474	0.01709	0.00796	0.00496	0.00166	0.00352	0.00632	0.69116	0.00692
39	0.01113	0.00704	0.00867	0.00816	0.00995	0.00655	0.00615	0.01425	0.01804	0.05432	0.49558	0.04499	0.08647	0.01258	0.00728	0.00203	0.00334	0.01091	0.18595	0.00661
40	0.02620	0.01090	0.01462	0.01154	0.01607	0.00963	0.00939	0.04839	0.01990	0.55789	0.16898	0.02885	0.02665	0.00960	0.00713	0.00212	0.00533	0.00800	0.00823	0.01057
41	0.01010	0.00740	0.00895	0.00844	0.01044	0.00677	0.00637	0.01351	0.04438	0.04425	0.48856	0.05347	0.24273	0.01459	0.00800	0.00220	0.00345	0.01262	0.00721	0.00658
42	0.01636	0.01567	0.02674	0.14176	0.62159	0.01611	0.02071	0.02050	0.01531	0.02166	0.01277	0.01712	0.01059	0.00620	0.00678	0.00207	0.00827	0.00609	0.00334	0.01038
43	0.01292	0.01216	0.02052	0.74312	0.04712	0.01520	0.01900	0.01748	0.01368	0.01748	0.01216	0.01824	0.00912	0.00684	0.00684	0.00228	0.00912	0.00608	0.00304	0.00760
44	0.01597	0.01541	0.02669	0.20308	0.53042	0.01606	0.05206	0.02023	0.01517	0.02121	0.01275	0.01731	0.01042	0.00625	0.00685	0.00210	0.00852	0.00618	0.00331	0.01001
45	0.00832	0.00603	0.00786	0.00934	0.00987	0.00557	0.00627	0.00955	0.01328	0.01754	0.04002	0.70476	0.09410	0.02113	0.00869	0.00274	0.00393	0.01908	0.00635	0.00557
46	0.01503	0.01646	0.03448	0.02518	0.03087	0.01579	0.55060	0.02010	0.01608	0.02205	0.09268	0.05306	0.01783	0.00768	0.00886	0.00235	0.04929	0.00892	0.00401	0.00867
47	0.00934	0.00626	0.00767	0.00850	0.00892	0.00603	0.00546	0.01037	0.01235	0.01711	0.05382	0.42208	0.03642	0.27177	0.01725	0.00396	0.00478	0.01477	0.07797	0.00518
48	0.00983	0.00709	0.00977	0.00977	0.01057	0.00789	0.00702	0.01143	0.01063	0.01497	0.01945	0.03309	0.01980	0.29719	0.49026	0.00948	0.01427	0.00824	0.00383	0.00543
49	0.01077	0.00879	0.01132	0.01114	0.01232	0.04673	0.00848	0.01288	0.01131	0.01565	0.01802	0.02778	0.01731	0.12696	0.59652	0.00980	0.03709	0.00743	0.00369	0.00602
50	0.06709	0.00714	0.00942	0.00939	0.01005	0.00732	0.00649	0.04583	0.01111	0.01588	0.01683	0.15830	0.01785	0.02130	0.02074	0.55316	0.00561	0.00834	0.00390	0.00422
51	0.01672	0.01604	0.02739	0.07886	0.68167	0.01620	0.02089	0.02081	0.01548	0.02209	0.01283	0.01700	0.01075	0.00613	0.00678	0.00204	0.00818	0.00609	0.00337	0.01067
52	0.12777	0.02128	0.06369	0.05680	0.10693	0.23547	0.08529	0.04605	0.04235	0.03521	0.03075	0.03815	0.01228	0.00750	0.00692	0.00204	0.03341	0.00595	0.00406	0.03810
53	0.12790	0.17918	0.02256	0.11046	0.12405	0.22331	0.01375	0.04389	0.01591	0.02035	0.01170	0.01518	0.00992	0.00843	0.03273	0.00223	0.00922	0.01720	0.00358	0.00845
54	0.01654	0.05054	0.21829	0.02585	0.24097	0.05434	0.09969	0.07040	0.05957	0.02317	0.01661	0.04052	0.03782	0.00744	0.00686	0.00212	0.00876	0.00668	0.00392	0.00992
55	0.00993	0.00735	0.00866	0.00976	0.03338	0.02508	0.00586	0.01060	0.01167	0.01538	0.02754	0.33173	0.03226	0.41418	0.02251	0.00478	0.00575	0.01354	0.00500	0.00505
56	0.01571	0.04517	0.13558	0.01620	0.06061	0.07225	0.05426	0.06279	0.05259	0.06927	0.02416	0.15505	0.06078	0.05443	0.00957	0.00258	0.03867	0.05700	0.00499	0.00833
57	0.01837	0.12994	0.17256	0.01689	0.04666	0.01751	0.08389	0.16343	0.08698	0.06274	0.01580	0.01822	0.01231	0.05227	0.00809	0.00224	0.00792	0.00600	0.00467	0.07352

[dist]
# distance from previous block
# <min> <max>
2	29

[block]
# block no. 4 follows, 31 sequences, length 33
# corresponding to MSA columns:
# 197-229
name=unknown_E
#
# <colnr> <probs for GDERKNQSTAVLIFYWHMCP>
#	G	D	E	R	K	N	Q	S	T	A	V	L	I	F	Y	W	H	M	C	P
0	0.01626	0.06281	0.12349	0.04095	0.03966	0.06018	0.01187	0.14966	0.01703	0.04481	0.01843	0.10065	0.01784	0.20910	0.01416	0.00327	0.00750	0.00803	0.00467	0.04963
1	0.01758	0.27868	0.30639	0.01543	0.02264	0.04212	0.01702	0.09865	0.04948	0.04578	0.01489	0.01596	0.03341	0.00705	0.00590	0.00191	0.00835	0.00519	0.00387	0.00970
2	0.00845	0.00659	0.00741	0.00789	0.00930	0.00584	0.00550	0.00989	0.01434	0.01799	0.08457	0.27905	0.39439	0.10341	0.01135	0.00294	0.00397	0.01540	0.00616	0.00555
3	0.01803	0.10345	0.16882	0.01480	0.02012	0.10342	0.01398	0.13555	0.19193	0.02649	0.09423	0.02130	0.01870	0.00835	0.00652	0.00204	0.00750	0.00653	0.02860	0.00962
4	0.00886	0.00639	0.00842	0.00934	0.01022	0.00595	0.00660	0.01077	0.01514	0.02054	0.23401	0.49188	0.07285	0.01901	0.00856	0.00260	0.00386	0.05246	0.00669	0.00586
5	0.01890	0.01681	0.01741	0.01616	0.10408	0.13352	0.01127	0.10067	0.04159	0.07378	0.01600	0.01725	0.03466	0.00670	0.00597	0.00156	0.00697	0.00529	0.00470	0.36671
6	0.01758	0.65107	0.14227	0.01291	0.01942	0.02534	0.01380	0.02067	0.01399	0.01696	0.00994	0.01151	0.00876	0.00595	0.00472	0.00157	0.00775	0.00387	0.00292	0.00899
7	0.01020	0.00777	0.00929	0.00878	0.01076	0.00734	0.00661	0.03729	0.05565	0.02539	0.46238	0.08560	0.21787	0.01470	0.00800	0.00223	0.00359	0.01274	0.00713	0.00667
8	0.01419	0.01216	0.01419	0.01013	0.01621	0.00912	0.00811	0.01723	0.01419	0.02229	0.01216	0.01419	0.01013	0.00507	0.00507	0.00101	0.00507	0.00405	0.00405	0.80139
9	0.01484	0.01412	0.02400	0.40700	0.36821	0.01571	0.01996	0.01917	0.01459	0.01982	0.01250	0.01761	0.00994	0.00648	0.00681	0.00216	0.00864	0.00609	0.00321	0.00915
10	0.02005	0.01615	0.12543	0.01405	0.01916	0.01320	0.04526	0.11659	0.13389	0.22358	0.14803	0.02628	0.02400	0.00913	0.00704	0.00215	0.00637	0.00769	0.03193	0.01004
11	0.00886	0.00649	0.00841	0.00960	0.01055	0.00604	0.00697	0.01062	0.01440	0.01894	0.09857	0.48944	0.13809	0.01983	0.00871	0.00272	0.00422	0.12532	0.00644	0.00578
12	0.02225	0.01223	0.04108	0.01133	0.01557	0.01111	0.00953	0.15388	0.02051	0.31650	0.09227	0.02682	0.05354	0.00920	0.00659	0.00201	0.00540	0.00746	0.17301	0.00969
13	0.01188	0.00594	0.00891	0.00891	0.00891	0.00594	0.00594	0.00891	0.00891	0.01188	0.01188	0.02080	0.01188	0.02377	0.02674	0.80095	0.00594	0.00594	0.00297	0.00297
14	0.06439	0.01096	0.01032	0.00952	0.01198	0.07095	0.00731	0.06315	0.09156	0.02625	0.14798	0.02973	0.06227	0.01093	0.02925	0.00219	0.00513	0.00772	0.33104	0.00738
15	0.33785	0.07891	0.06184	0.01826	0.11234	0.12932	0.10024	0.02222	0.01461	0.05072	0.01151	0.01367	0.00901	0.00640	0.00562	0.00202	0.00805	0.00489	0.00389	0.00861
16	0.01660	0.17572	0.39340	0.01863	0.02629	0.12032	0.09046	0.02209	0.01509	0.01972	0.01155	0.01390	0.00890	0.00656	0.00673	0.00201	0.03459	0.00504	0.00305	0.00936
17	0.01677	0.01296	0.01552	0.05081	0.01822	0.01440	0.03219	0.11905	0.30690	0.06858	0.05194	0.08630	0.04061	0.03311	0.05401	0.00296	0.02679	0.00867	0.03090	0.00932
18	0.00839	0.00659	0.00759	0.00809	0.00962	0.00579	0.00578	0.01012	0.01519	0.01929	0.14260	0.31239	0.38756	0.01837	0.00832	0.00246	0.00362	0.01597	0.00651	0.00579
19	0.01162	0.00653	0.00667	0.00663	0.00837	0.00626	0.00497	0.01452	0.01492	0.02422	0.07645	0.03526	0.16050	0.01024	0.00566	0.00177	0.00325	0.00838	0.58752	0.00626
20	0.00905	0.00674	0.00841	0.00847	0.00995	0.00611	0.00617	0.01150	0.01716	0.02332	0.42696	0.21435	0.19388	0.01637	0.00822	0.00233	0.00345	0.01441	0.00702	0.00611
21	0.80789	0.01323	0.01006	0.00900	0.01323	0.01535	0.00741	0.02011	0.01164	0.03070	0.00953	0.01111	0.00741	0.00635	0.00423	0.00212	0.00529	0.00370	0.00423	0.00741
22	0.01036	0.00726	0.00897	0.00889	0.00954	0.00777	0.00593	0.01226	0.04617	0.01536	0.02087	0.03731	0.02190	0.46523	0.25612	0.00762	0.01019	0.00886	0.03419	0.00520
23	0.01567	0.01500	0.02537	0.24825	0.49243	0.01612	0.02018	0.01979	0.01482	0.02069	0.01251	0.01724	0.01026	0.00654	0.00739	0.00214	0.03649	0.00609	0.00327	0.00975
24	0.45256	0.12550	0.01599	0.01116	0.01561	0.07538	0.00930	0.04371	0.11222	0.06302	0.01332	0.01403	0.01026	0.00692	0.00502	0.00202	0.00627	0.00456	0.00467	0.00848
25	0.07563	0.06464	0.41322	0.01528	0.02200	0.01396	0.01751	0.04427	0.01450	0.02167	0.01942	0.15800	0.04305	0.03794	0.00776	0.00241	0.00793	0.00819	0.00399	0.00863
26	0.01496	0.01111	0.01404	0.01251	0.01509	0.01260	0.00997	0.23016	0.01776	0.02459	0.01772	0.02354	0.01536	0.03754	0.50053	0.00814	0.01487	0.00696	0.00468	0.00787
27	0.01397	0.00953	0.01177	0.01061	0.01306	0.00998	0.00828	0.09949	0.08013	0.07310	0.26129	0.03474	0.05545	0.02204	0.19985	0.00446	0.00814	0.00909	0.06730	0.00771
28	0.01048	0.00819	0.00972	0.01010	0.01169	0.00834	0.00738	0.01572	0.15419	0.02049	0.08694	0.32721	0.14687	0.05719	0.04874	0.00323	0.00519	0.05529	0.00630	0.00673
29	0.00942	0.00708	0.00914	0.00952	0.01073	0.00719	0.00699	0.01174	0.03297	0.01781	0.07969	0.21063	0.15705	0.11220	0.24401	0.00573	0.00891	0.04798	0.00533	0.00587
30	0.01547	0.21966	0.06942	0.01637	0.09904	0.09744	0.03221	0.01941	0.06953	0.01883	0.02109	0.16707	0.04407	0.04696	0.00799	0.00231	0.00727	0.03335	0.00437	0.00813
31	0.01149	0.13836	0.03319	0.01001	0.01265	0.03138	0.00822	0.03874	0.01505	0.01872	0.04013	0.24948	0.25958	0.01753	0.04673	0.00279	0.00582	0.04800	0.00546	0.00668
32	0.01860	0.04082	0.01707	0.01497	0.05134	0.09515	0.01112	0.26712	0.04751	0.02752	0.02080	0.20531	0.02038	0.03946	0.00897	0.00236	0.04692	0.00935	0.00560	0.04962

[dist]
# distance from previous block
# <min> <max>
2	10

[block]
# block no. 5 follows, 31 sequences, length 8
# corresponding to MSA columns:
# 240-247
name=unknown_F
#
# <colnr> <probs for GDERKNQSTAVLIFYWHMCP>
#	G	D	E	R	K	N	Q	S	T	A	V	L	I	F	Y	W	H	M	C	P
0	0.01695	0.01565	0.04471	0.02710	0.30850	0.01492	0.10923	0.08535	0.06864	0.04817	0.03439	0.02454	0.03338	0.00800	0.00710	0.00211	0.00767	0.06023	0.00461	0.07874
1	0.01500	0.01818	0.14583	0.02459	0.22994	0.01601	0.07186	0.02154	0.11777	0.02174	0.03579	0.02100	0.04031	0.01111	0.05575	0.00286	0.13040	0.00687	0.00402	0.00941
2	0.01770	0.26173	0.26541	0.01698	0.06678	0.04855	0.01686	0.11925	0.01711	0.02292	0.01196	0.01368	0.00941	0.00641	0.00575	0.00180	0.00835	0.00472	0.00364	0.08099
3	0.00898	0.00602	0.00771	0.00907	0.00964	0.00568	0.00612	0.01046	0.01328	0.01864	0.03546	0.64858	0.04120	0.01947	0.00816	0.00261	0.00386	0.01754	0.12187	0.00568
4	0.01226	0.00851	0.00933	0.00859	0.00999	0.00860	0.00583	0.11058	0.01513	0.02058	0.08179	0.04240	0.12373	0.41808	0.02213	0.00454	0.00574	0.00990	0.07644	0.00585
5	0.01243	0.01011	0.01224	0.01043	0.01437	0.00843	0.00820	0.01589	0.04527	0.02183	0.07641	0.16184	0.02558	0.01096	0.00670	0.00179	0.00492	0.10503	0.00520	0.44237
6	0.01579	0.01352	0.01448	0.01285	0.01667	0.01498	0.00999	0.03161	0.55794	0.02750	0.08191	0.02832	0.05447	0.00963	0.00693	0.00219	0.00512	0.00807	0.00672	0.08132
7	0.49982	0.01526	0.01383	0.01152	0.01614	0.01737	0.00946	0.24027	0.06558	0.03459	0.01302	0.01382	0.00970	0.00716	0.00527	0.00211	0.00603	0.00478	0.00527	0.00902

[dist]
# distance from previous block
# <min> <max>
1	5

[block]
# block no. 6 follows, 31 sequences, length 10
# corresponding to MSA columns:
# 253-262
name=unknown_G
#
# <colnr> <probs for GDERKNQSTAVLIFYWHMCP>
#	G	D	E	R	K	N	Q	S	T	A	V	L	I	F	Y	W	H	M	C	P
0	0.01390	0.01267	0.01619	0.12283	0.02129	0.05525	0.07494	0.06848	0.06317	0.02175	0.02835	0.13766	0.13564	0.01131	0.00725	0.00214	0.00659	0.04747	0.00508	0.14806
1	0.01486	0.17395	0.47999	0.01849	0.06864	0.01745	0.02075	0.02098	0.01438	0.02068	0.01176	0.01390	0.00896	0.00621	0.00597	0.00191	0.00897	0.00475	0.00304	0.08434
2	0.01419	0.01216	0.01419	0.01013	0.01621	0.00912	0.00811	0.01723	0.01419	0.02229	0.01216	0.01419	0.01013	0.00507	0.00507	0.00101	0.00507	0.00405	0.00405	0.80139
3	0.03999	0.01225	0.01220	0.01067	0.01367	0.04537	0.00834	0.22005	0.07692	0.03004	0.02149	0.08718	0.01784	0.00927	0.00598	0.00192	0.00522	0.00743	0.36582	0.00834
4	0.00869	0.00693	0.00782	0.00785	0.00980	0.00605	0.00591	0.01087	0.01649	0.02102	0.24625	0.10920	0.45399	0.01674	0.00819	0.00234	0.00357	0.04564	0.00668	0.00598
5	0.01704	0.01251	0.01294	0.01149	0.01462	0.05333	0.00890	0.12250	0.20344	0.08517	0.10427	0.09720	0.06740	0.01086	0.00687	0.00213	0.00527	0.00903	0.14627	0.00877
6	0.01342	0.01428	0.08607	0.09824	0.35474	0.01261	0.01641	0.01696	0.01447	0.02021	0.02088	0.25862	0.02174	0.01123	0.00740	0.00231	0.00705	0.01037	0.00428	0.00872
7	0.00979	0.00704	0.00864	0.00910	0.01079	0.00647	0.00690	0.01177	0.01496	0.04959	0.08925	0.25018	0.30838	0.02090	0.06844	0.00326	0.00532	0.10682	0.00629	0.00612
8	0.03929	0.06739	0.05995	0.11600	0.09747	0.08573	0.01470	0.28909	0.06885	0.02959	0.01462	0.01624	0.01104	0.00730	0.00644	0.00198	0.00805	0.00568	0.00497	0.05562
9	0.06499	0.38292	0.10591	0.01492	0.04141	0.13963	0.01369	0.04727	0.01553	0.05328	0.01118	0.01284	0.00928	0.00676	0.00635	0.00180	0.05536	0.00442	0.00353	0.00894

[dist]
# distance from previous block
# <min> <max>
4	12

[block]
# block no. 7 follows, 31 sequences, length 12
# corresponding to MSA columns:
# 275-286
name=unknown_H
#
# <colnr> <probs for GDERKNQSTAVLIFYWHMCP>
#	G	D	E	R	K	N	Q	S	T	A	V	L	I	F	Y	W	H	M	C	P
0	0.01462	0.06216	0.02571	0.02055	0.07633	0.01516	0.26332	0.03901	0.06408	0.02053	0.01598	0.02150	0.01353	0.04728	0.20009	0.00470	0.05523	0.00726	0.02463	0.00832
1	0.01782	0.01350	0.01497	0.01313	0.01645	0.01473	0.01017	0.31462	0.16099	0.03095	0.02640	0.28448	0.02562	0.01319	0.00755	0.00237	0.00582	0.01127	0.00669	0.00928
2	0.01113	0.00768	0.00971	0.01000	0.04005	0.00697	0.00709	0.01358	0.01695	0.07622	0.31579	0.09849	0.24902	0.05682	0.00955	0.00254	0.00412	0.05092	0.00674	0.00664
3	0.01185	0.00897	0.01050	0.01000	0.01181	0.00923	0.00727	0.01663	0.14147	0.04792	0.11221	0.18264	0.15127	0.15925	0.01387	0.00321	0.04790	0.01191	0.00597	0.03613
4	0.00966	0.00740	0.00898	0.00902	0.01087	0.00690	0.00698	0.01304	0.04936	0.02305	0.33711	0.10378	0.25520	0.01602	0.00828	0.00240	0.00392	0.11477	0.00688	0.00637
5	0.09274	0.27827	0.09009	0.01488	0.05144	0.15428	0.01289	0.07284	0.01601	0.02083	0.01165	0.01396	0.00983	0.01063	0.07407	0.00259	0.00930	0.00461	0.00362	0.05546
6	0.01589	0.04872	0.06650	0.01294	0.01727	0.01483	0.01083	0.07837	0.36006	0.02605	0.04689	0.06624	0.02035	0.05744	0.00846	0.00235	0.00587	0.00767	0.00585	0.12742
7	0.01971	0.09906	0.11762	0.08104	0.12521	0.06140	0.01565	0.12566	0.08756	0.11534	0.01676	0.01942	0.01289	0.00791	0.00729	0.00212	0.04133	0.02917	0.00488	0.00998
8	0.35790	0.09105	0.05037	0.02037	0.12809	0.07373	0.08990	0.02328	0.01644	0.02830	0.03671	0.01995	0.01424	0.00914	0.00723	0.00275	0.00864	0.00630	0.00520	0.01041
9	0.04774	0.16232	0.25010	0.01487	0.02052	0.04432	0.03388	0.04958	0.03390	0.02022	0.01407	0.01783	0.01171	0.02003	0.22485	0.00468	0.01173	0.00560	0.00352	0.00852
10	0.01530	0.01240	0.06894	0.04348	0.11392	0.01053	0.01146	0.01999	0.09124	0.14020	0.03009	0.22824	0.10227	0.01235	0.00736	0.00226	0.00572	0.01082	0.00580	0.06763
11	0.01666	0.04385	0.15534	0.01475	0.07673	0.03207	0.01258	0.05928	0.03657	0.15618	0.08188	0.03371	0.19445	0.04559	0.00839	0.00235	0.00645	0.00870	0.00564	0.00882

[dist]
# distance from previous block
# <min> <max>
0	31

[block]
# block no. 8 follows, 31 sequences, length 33
# corresponding to MSA columns:
# 318-350
name=unknown_I
#
# <colnr> <probs for GDERKNQSTAVLIFYWHMCP>
#	G	D	E	R	K	N	Q	S	T	A	V	L	I	F	Y	W	H	M	C	P
0	0.01504	0.01287	0.01668	0.03877	0.13573	0.03476	0.01213	0.10962	0.06232	0.02291	0.02125	0.22584	0.02141	0.01335	0.03102	0.00263	0.13210	0.00989	0.04623	0.03544
1	0.01794	0.05746	0.02170	0.02407	0.25908	0.18733	0.03659	0.02269	0.08955	0.02063	0.01541	0.02061	0.01341	0.03558	0.04028	0.00250	0.00895	0.03846	0.00403	0.08373
2	0.01774	0.01323	0.01584	0.01270	0.01734	0.01290	0.03890	0.14124	0.17129	0.09888	0.05367	0.07567	0.05505	0.00914	0.00667	0.00190	0.00569	0.00772	0.00605	0.23840
3	0.00925	0.00707	0.00857	0.00885	0.01045	0.00654	0.00658	0.01212	0.04205	0.02178	0.27423	0.23234	0.24920	0.01705	0.00831	0.00244	0.00381	0.06641	0.00677	0.00618
4	0.04846	0.01417	0.02171	0.12366	0.39037	0.01466	0.01666	0.03877	0.07482	0.04764	0.01896	0.04138	0.05112	0.00801	0.00685	0.00213	0.00728	0.02967	0.00432	0.03936
5	0.01188	0.00594	0.00891	0.00891	0.00891	0.00594	0.00594	0.00891	0.00891	0.01188	0.01188	0.02080	0.01188	0.02377	0.02674	0.80095	0.00594	0.00594	0.00297	0.00297
6	0.02292	0.01811	0.04962	0.01610	0.04975	0.01870	0.01300	0.47967	0.10348	0.05899	0.05125	0.01916	0.01516	0.00831	0.00682	0.00205	0.00706	0.00651	0.00650	0.04685
7	0.04445	0.36004	0.21720	0.01514	0.02205	0.02176	0.04320	0.13987	0.01745	0.04325	0.01215	0.01353	0.00951	0.00653	0.00561	0.00183	0.00817	0.00475	0.00383	0.00970
8	0.01606	0.01138	0.01328	0.01083	0.01508	0.01040	0.00851	0.07498	0.11473	0.11461	0.11999	0.07826	0.08997	0.00988	0.00666	0.00183	0.00493	0.00830	0.00611	0.28421
9	0.01264	0.01044	0.01236	0.00979	0.01421	0.00818	0.00743	0.01505	0.01362	0.02057	0.01819	0.16966	0.01857	0.06884	0.00821	0.00183	0.00497	0.00770	0.00454	0.57321
10	0.03349	0.01133	0.01417	0.01359	0.04512	0.03813	0.06330	0.09652	0.09212	0.02354	0.08823	0.30809	0.11538	0.01458	0.00783	0.00241	0.00557	0.01294	0.00605	0.00761
11	0.23920	0.09077	0.01616	0.01169	0.01602	0.04593	0.00966	0.05583	0.06957	0.26220	0.01907	0.05682	0.01444	0.00841	0.00645	0.00210	0.03192	0.00623	0.02822	0.00934
12	0.00907	0.00683	0.00844	0.00907	0.01028	0.00641	0.00640	0.01179	0.05126	0.02062	0.20483	0.42528	0.16775	0.01828	0.00837	0.00252	0.00378	0.01625	0.00667	0.00609
13	0.09241	0.00916	0.01119	0.00969	0.01276	0.00858	0.00761	0.01997	0.03581	0.23246	0.36782	0.03970	0.10180	0.01180	0.00732	0.00216	0.00427	0.00998	0.00737	0.00813
14	0.01150	0.00658	0.00982	0.00971	0.01000	0.00708	0.00687	0.00995	0.00945	0.01298	0.01328	0.02201	0.01300	0.02978	0.19115	0.58883	0.03476	0.00627	0.00313	0.00386
15	0.01807	0.72841	0.06918	0.01208	0.01814	0.02653	0.01236	0.02054	0.01393	0.01637	0.00965	0.01114	0.00877	0.00588	0.00449	0.00150	0.00745	0.00373	0.00292	0.00884
16	0.01632	0.29059	0.35198	0.01714	0.05434	0.01956	0.03458	0.02222	0.04794	0.04500	0.01263	0.01426	0.00977	0.00640	0.00579	0.00189	0.00854	0.00484	0.00337	0.03284
17	0.01419	0.01216	0.01419	0.01013	0.01621	0.00912	0.00811	0.01723	0.01419	0.02229	0.01216	0.01419	0.01013	0.00507	0.00507	0.00101	0.00507	0.00405	0.00405	0.80139
18	0.00982	0.00715	0.01007	0.01007	0.01098	0.00805	0.00740	0.01163	0.01072	0.01520	0.01917	0.03154	0.01913	0.23595	0.55059	0.00986	0.01528	0.00801	0.00379	0.00560
19	0.01204	0.00726	0.00923	0.00934	0.01104	0.00656	0.00680	0.01387	0.01540	0.12484	0.13797	0.35159	0.16675	0.05381	0.00955	0.00271	0.00428	0.04365	0.00673	0.00660
20	0.00888	0.00660	0.00830	0.00889	0.01013	0.00603	0.00643	0.01094	0.01576	0.02103	0.25950	0.35180	0.18531	0.01808	0.00843	0.00251	0.00377	0.05496	0.00672	0.00593
21	0.65978	0.01267	0.01069	0.00931	0.01357	0.01416	0.00765	0.02176	0.01289	0.12738	0.01260	0.01353	0.00924	0.00673	0.00463	0.00209	0.00526	0.00428	0.04381	0.00795
22	0.01196	0.00853	0.01150	0.16075	0.01856	0.00863	0.00924	0.01509	0.04544	0.09021	0.08880	0.26410	0.21087	0.01495	0.00786	0.00242	0.00510	0.01307	0.00600	0.00695
23	0.00954	0.00736	0.00991	0.00979	0.01125	0.00692	0.03534	0.01241	0.04389	0.02161	0.28058	0.32816	0.13038	0.04893	0.00944	0.00263	0.00414	0.01494	0.00658	0.00621
24	0.01810	0.01661	0.01959	0.05243	0.04713	0.10148	0.06878	0.04518	0.20210	0.06951	0.01697	0.01850	0.01319	0.00811	0.00919	0.00210	0.13113	0.00618	0.00485	0.14888
25	0.01947	0.43748	0.15257	0.01460	0.02065	0.18651	0.01449	0.04978	0.01600	0.01833	0.01052	0.01212	0.00888	0.00634	0.00527	0.00168	0.00897	0.00418	0.00322	0.00894
26	0.16078	0.01337	0.01650	0.08735	0.05148	0.01445	0.03986	0.13148	0.07802	0.16822	0.01950	0.02034	0.03347	0.00809	0.00694	0.00213	0.03871	0.00633	0.09366	0.00933
27	0.00885	0.00664	0.00820	0.00849	0.00988	0.00600	0.00611	0.01105	0.01641	0.02199	0.33517	0.28151	0.22026	0.01722	0.00829	0.00239	0.00353	0.01517	0.00686	0.00600
