[name]
unknown

[dist]
# distance from previous block
# <min> <max>
5	948

[block]
# block no. 0 follows, 29 sequences, length 24
# corresponding to MSA columns:
# 1027-1050
name=unknown_A
#
# <colnr> <probs for GDERKNQSTAVLIFYWHMCP>
#	G	D	E	R	K	N	Q	S	T	A	V	L	I	F	Y	W	H	M	C	P
0	0.01441	0.01753	0.11049	0.15480	0.07251	0.07256	0.16304	0.01851	0.01524	0.01999	0.02027	0.22036	0.02030	0.01122	0.00843	0.00247	0.03494	0.01039	0.00427	0.00827
1	0.01532	0.00817	0.01026	0.00979	0.01203	0.00728	0.00712	0.01695	0.01570	0.21092	0.04156	0.29975	0.18690	0.10991	0.01184	0.00310	0.00490	0.01414	0.00693	0.00742
2	0.01112	0.00819	0.00987	0.00933	0.01084	0.00817	0.00663	0.01568	0.10277	0.02460	0.42675	0.04797	0.04990	0.21901	0.01602	0.00356	0.00464	0.01156	0.00678	0.00663
3	0.02425	0.02345	0.21351	0.01690	0.02392	0.01874	0.01662	0.39799	0.02631	0.14127	0.01759	0.01762	0.01210	0.00809	0.00703	0.00218	0.00831	0.00621	0.00624	0.01167
4	0.01135	0.01212	0.08108	0.24916	0.02553	0.01129	0.01328	0.01473	0.01480	0.01975	0.09895	0.23077	0.11388	0.01383	0.00899	0.00254	0.05386	0.01189	0.00503	0.00720
5	0.58180	0.01465	0.01561	0.01894	0.20668	0.01624	0.01166	0.02119	0.01326	0.02953	0.01089	0.01326	0.00871	0.00654	0.00514	0.00218	0.00633	0.00455	0.00416	0.00871
6	0.02673	0.03003	0.02051	0.01780	0.02203	0.52616	0.01370	0.21063	0.02389	0.02508	0.01271	0.01403	0.00999	0.00768	0.00662	0.00192	0.01144	0.00510	0.00463	0.00933
7	0.02608	0.01457	0.02044	0.02189	0.21029	0.01417	0.01404	0.09859	0.08509	0.38423	0.02294	0.02187	0.01568	0.00818	0.00713	0.00219	0.00687	0.00694	0.00701	0.01180
8	0.01366	0.01077	0.01123	0.00982	0.01312	0.01051	0.00771	0.19758	0.02115	0.02665	0.07417	0.05376	0.49233	0.01529	0.00805	0.00233	0.00478	0.01257	0.00679	0.00773
9	0.01105	0.00986	0.01339	0.01762	0.20375	0.00906	0.01011	0.01353	0.01616	0.02054	0.07070	0.09777	0.44992	0.01496	0.00808	0.00235	0.00499	0.01289	0.00578	0.00749
10	0.02344	0.01124	0.01424	0.01153	0.01562	0.01053	0.00928	0.10915	0.02146	0.37002	0.21409	0.03163	0.03081	0.01033	0.00729	0.00215	0.00527	0.00861	0.08324	0.01008
11	0.01772	0.03602	0.51964	0.01975	0.02836	0.21309	0.02281	0.02419	0.01647	0.02112	0.01228	0.01442	0.00906	0.00692	0.00667	0.00214	0.01117	0.00507	0.00319	0.00989
12	0.01554	0.00836	0.01079	0.01046	0.01274	0.00760	0.00771	0.01807	0.04052	0.21238	0.07827	0.39459	0.12006	0.01711	0.00836	0.00258	0.00461	0.01509	0.00732	0.00783
13	0.01160	0.00953	0.01449	0.01975	0.20486	0.00927	0.01158	0.01401	0.01486	0.02012	0.03283	0.41739	0.05671	0.01731	0.00862	0.00272	0.00570	0.11547	0.00574	0.00744
14	0.01765	0.01913	0.02199	0.44594	0.12482	0.21271	0.01836	0.02151	0.01615	0.01862	0.01229	0.01710	0.00963	0.00708	0.00692	0.00219	0.01030	0.00584	0.00335	0.00843
15	0.00873	0.00639	0.00823	0.00967	0.01037	0.00588	0.00660	0.01010	0.01405	0.01841	0.04338	0.63927	0.13010	0.02169	0.00903	0.00284	0.00414	0.03870	0.00661	0.00584
16	0.01789	0.02286	0.21873	0.03371	0.43045	0.01747	0.02204	0.10580	0.01808	0.02581	0.01369	0.01683	0.01075	0.00674	0.00698	0.00216	0.00896	0.00605	0.00384	0.01117
17	0.02012	0.32494	0.22547	0.01584	0.02302	0.04177	0.01664	0.20604	0.02009	0.02627	0.01276	0.01408	0.00993	0.00700	0.00596	0.00191	0.00865	0.00497	0.00419	0.01034
18	0.01643	0.00912	0.01265	0.01159	0.01368	0.00952	0.00889	0.01847	0.01404	0.20994	0.02395	0.11957	0.02197	0.12439	0.29797	0.00665	0.05850	0.00936	0.00558	0.00772
19	0.00897	0.00695	0.00818	0.00847	0.01011	0.00615	0.00613	0.01107	0.01665	0.02165	0.24601	0.25279	0.33490	0.01822	0.00860	0.00249	0.00368	0.01586	0.00697	0.00615
20	0.01463	0.01940	0.20949	0.01327	0.02076	0.01146	0.01342	0.01922	0.01484	0.02302	0.01269	0.01484	0.01012	0.00569	0.00569	0.00139	0.00674	0.00451	0.00388	0.57494
21	0.01609	0.04349	0.10561	0.01603	0.05947	0.01520	0.04047	0.06943	0.22834	0.02572	0.02555	0.02573	0.10176	0.00902	0.00738	0.00208	0.02950	0.00742	0.00537	0.16636
22	0.01034	0.01105	0.09776	0.00971	0.01227	0.00803	0.00826	0.01324	0.03072	0.02068	0.20584	0.07224	0.23090	0.21979	0.01596	0.00361	0.00541	0.01195	0.00583	0.00640
23	0.01478	0.01459	0.01210	0.01165	0.01299	0.20656	0.00810	0.01593	0.01347	0.01561	0.01909	0.05875	0.02013	0.35328	0.18674	0.00640	0.01130	0.00848	0.00410	0.00594

[dist]
# distance from previous block
# <min> <max>
3	7

[block]
# block no. 1 follows, 29 sequences, length 28
# corresponding to MSA columns:
# 1058-1085
name=unknown_B
#
# <colnr> <probs for GDERKNQSTAVLIFYWHMCP>
#	G	D	E	R	K	N	Q	S	T	A	V	L	I	F	Y	W	H	M	C	P
0	0.01557	0.01678	0.06870	0.04437	0.07970	0.06604	0.24985	0.02078	0.04628	0.03946	0.15658	0.03051	0.06731	0.00934	0.00782	0.00228	0.00846	0.02532	0.03607	0.00877
1	0.01755	0.01890	0.03845	0.08553	0.03679	0.04282	0.57293	0.02316	0.01688	0.05238	0.01474	0.01918	0.01094	0.00626	0.00817	0.00237	0.01157	0.00804	0.00380	0.00953
2	0.01772	0.01735	0.02800	0.09079	0.62999	0.04720	0.02136	0.02188	0.01625	0.02266	0.01324	0.01751	0.01106	0.00644	0.00703	0.00212	0.00872	0.00627	0.00351	0.01091
3	0.01019	0.00757	0.01114	0.01114	0.01231	0.00874	0.00852	0.01252	0.01135	0.01630	0.01935	0.02952	0.01847	0.11114	0.66471	0.01107	0.01806	0.00786	0.00386	0.00619
4	0.58796	0.04592	0.04325	0.01240	0.01750	0.01687	0.07195	0.06298	0.01440	0.05498	0.01154	0.01321	0.00874	0.00674	0.00515	0.00219	0.00657	0.00461	0.00455	0.00849
5	0.01780	0.21081	0.35547	0.01782	0.02603	0.02017	0.06144	0.13293	0.01810	0.02490	0.01288	0.01473	0.00975	0.00678	0.00632	0.00201	0.00922	0.00525	0.00380	0.04380
6	0.00883	0.00713	0.00785	0.00787	0.00992	0.00615	0.00583	0.01094	0.01690	0.02131	0.21576	0.12772	0.49362	0.01762	0.00847	0.00241	0.00360	0.01501	0.00690	0.00615
7	0.00872	0.00716	0.00755	0.00756	0.00967	0.00613	0.00555	0.01058	0.01626	0.01997	0.13969	0.09453	0.56730	0.05565	0.00988	0.00264	0.00377	0.01476	0.00663	0.00599
8	0.01189	0.00954	0.01143	0.01248	0.03376	0.03900	0.00943	0.03502	0.01564	0.02036	0.03716	0.23377	0.12351	0.06584	0.01140	0.00310	0.04358	0.24353	0.03296	0.00660
9	0.01904	0.75404	0.03731	0.01218	0.01828	0.02818	0.01218	0.02132	0.01447	0.01675	0.00990	0.01142	0.00914	0.00609	0.00457	0.00152	0.00761	0.00381	0.00305	0.00914
10	0.01036	0.00690	0.00777	0.00777	0.00777	0.00690	0.00431	0.01036	0.01036	0.01381	0.02244	0.04660	0.02589	0.74975	0.03624	0.00690	0.00690	0.01036	0.00431	0.00431
11	0.04750	0.01728	0.01898	0.01680	0.07472	0.05375	0.01254	0.36438	0.06017	0.13488	0.06121	0.02381	0.06297	0.00933	0.00717	0.00217	0.00716	0.00738	0.00683	0.01095
12	0.01017	0.00763	0.01144	0.01144	0.01272	0.00890	0.00890	0.01272	0.01144	0.01653	0.01907	0.02797	0.01780	0.05340	0.72153	0.01144	0.01907	0.00763	0.00381	0.00636
13	0.01025	0.00686	0.00780	0.00791	0.00793	0.00683	0.00446	0.01033	0.01057	0.01409	0.02353	0.09191	0.02726	0.70257	0.03448	0.00664	0.00672	0.01100	0.00446	0.00441
14	0.01749	0.01746	0.02971	0.09663	0.54122	0.04136	0.10752	0.02191	0.01627	0.02259	0.01338	0.01778	0.01100	0.00640	0.00721	0.00216	0.00916	0.00655	0.00351	0.01068
15	0.01757	0.03906	0.01334	0.01106	0.01455	0.06785	0.00875	0.05479	0.07686	0.17660	0.11330	0.06176	0.26877	0.01326	0.00773	0.00229	0.00552	0.03149	0.00694	0.00852
16	0.02443	0.01442	0.04321	0.01321	0.01828	0.01332	0.01107	0.18604	0.07434	0.32567	0.04745	0.06152	0.07403	0.01012	0.00728	0.00220	0.00622	0.00826	0.00751	0.05142
17	0.01836	0.29557	0.32028	0.01657	0.02427	0.06695	0.01840	0.09663	0.04078	0.02285	0.01266	0.01421	0.00986	0.00686	0.00600	0.00195	0.00914	0.00491	0.00367	0.01007
18	0.05850	0.07052	0.06453	0.01400	0.01889	0.01368	0.06785	0.05180	0.11342	0.23318	0.06988	0.05422	0.09013	0.01043	0.00730	0.00229	0.00651	0.03643	0.00659	0.00984
19	0.01406	0.01386	0.02515	0.01965	0.02318	0.01462	0.28638	0.01840	0.04881	0.01960	0.01866	0.02668	0.04001	0.12706	0.15996	0.00501	0.11865	0.00844	0.00398	0.00785
20	0.01547	0.14313	0.58578	0.01902	0.02862	0.04558	0.02373	0.02260	0.01515	0.02149	0.01228	0.01441	0.00904	0.00669	0.00643	0.00213	0.01018	0.00502	0.00304	0.01023
21	0.01842	0.01778	0.03100	0.08574	0.28236	0.06095	0.26438	0.02301	0.01668	0.07652	0.01495	0.01894	0.01159	0.00836	0.03523	0.00259	0.01036	0.00711	0.00397	0.01008
22	0.01705	0.01633	0.02786	0.13878	0.61477	0.01677	0.02157	0.02135	0.01594	0.02256	0.01329	0.01781	0.01103	0.00645	0.00706	0.00215	0.00860	0.00634	0.00347	0.01081
23	0.00850	0.00722	0.00733	0.00730	0.00967	0.00605	0.00547	0.01038	0.01642	0.01969	0.10293	0.06778	0.67136	0.01786	0.00841	0.00240	0.00359	0.01492	0.00667	0.00605
24	0.01615	0.14464	0.54625	0.01889	0.02810	0.08422	0.02301	0.02292	0.01543	0.02120	0.01218	0.01428	0.00905	0.00672	0.00640	0.00211	0.01030	0.00498	0.00307	0.01010
25	0.02485	0.11493	0.09145	0.01731	0.02284	0.28305	0.06691	0.10365	0.02029	0.16500	0.01556	0.01624	0.01138	0.00747	0.00662	0.00199	0.00992	0.00561	0.00499	0.00994
26	0.02276	0.40502	0.02929	0.01479	0.02009	0.23248	0.01290	0.14535	0.01967	0.02215	0.01156	0.01289	0.00970	0.00691	0.00559	0.00173	0.00920	0.00452	0.00398	0.00942
27	0.01599	0.02180	0.25317	0.04147	0.02383	0.01395	0.03879	0.11002	0.01754	0.02555	0.01637	0.01820	0.04513	0.00696	0.00637	0.00177	0.00771	0.00564	0.00427	0.32547

[dist]
# distance from previous block
# <min> <max>
0	1

[block]
# block no. 2 follows, 29 sequences, length 9
# corresponding to MSA columns:
# 1098-1106
name=unknown_C
#
# <colnr> <probs for GDERKNQSTAVLIFYWHMCP>
#	G	D	E	R	K	N	Q	S	T	A	V	L	I	F	Y	W	H	M	C	P
0	0.00868	0.00620	0.00826	0.00991	0.01033	0.00578	0.00661	0.00991	0.01363	0.01818	0.03925	0.74510	0.04710	0.02231	0.00909	0.00289	0.00413	0.02024	0.00661	0.00578
1	0.01873	0.01814	0.03247	0.11896	0.07778	0.01853	0.36654	0.16780	0.05804	0.02748	0.01552	0.01902	0.01156	0.00694	0.00780	0.00232	0.01017	0.00754	0.00452	0.01014
2	0.01657	0.34177	0.33706	0.01561	0.02324	0.02044	0.01799	0.02155	0.01512	0.04584	0.03915	0.04931	0.01335	0.00757	0.00601	0.00197	0.00854	0.00569	0.00359	0.00962
3	0.00971	0.00730	0.00911	0.01020	0.01119	0.00714	0.00705	0.01314	0.08832	0.01996	0.06850	0.59306	0.08775	0.02032	0.00881	0.00278	0.00423	0.01826	0.00673	0.00644
4	0.01971	0.69223	0.03597	0.01254	0.01860	0.02766	0.01230	0.07691	0.01607	0.01912	0.01051	0.01190	0.00939	0.00630	0.00478	0.00157	0.00763	0.00403	0.00339	0.00939
5	0.01525	0.23896	0.47168	0.01727	0.02583	0.01911	0.02092	0.02133	0.01478	0.02060	0.01379	0.06456	0.01169	0.00765	0.00630	0.00209	0.00925	0.00588	0.00327	0.00980
6	0.01495	0.11584	0.55169	0.01841	0.02735	0.04349	0.02260	0.02172	0.01482	0.02109	0.01305	0.01639	0.01010	0.03951	0.03742	0.00273	0.01048	0.00538	0.00312	0.00985
7	0.01101	0.00762	0.00913	0.00949	0.01090	0.00724	0.00666	0.01373	0.06147	0.05802	0.08011	0.33083	0.18072	0.14387	0.01334	0.00338	0.00474	0.03490	0.00645	0.00639
8	0.01396	0.01318	0.02229	0.64726	0.13037	0.01596	0.02003	0.01865	0.01448	0.01882	0.01275	0.01882	0.00971	0.00702	0.00711	0.00234	0.00936	0.00633	0.00321	0.00833

[dist]
# distance from previous block
# <min> <max>
0	1

[block]
# block no. 3 follows, 29 sequences, length 36
# corresponding to MSA columns:
# 1108-1143
name=unknown_D
#
# <colnr> <probs for GDERKNQSTAVLIFYWHMCP>
#	G	D	E	R	K	N	Q	S	T	A	V	L	I	F	Y	W	H	M	C	P
0	0.02533	0.02915	0.05763	0.01957	0.07049	0.46895	0.01475	0.13559	0.04250	0.05064	0.01351	0.01487	0.01052	0.00757	0.00665	0.00196	0.01109	0.00526	0.00451	0.00947
1	0.01202	0.01032	0.01439	0.01324	0.01435	0.03191	0.03638	0.01407	0.01162	0.01648	0.01725	0.02775	0.01690	0.15584	0.42028	0.00839	0.16081	0.00774	0.00374	0.00650
2	0.05856	0.01267	0.01376	0.01216	0.01542	0.01337	0.00941	0.28457	0.04349	0.03033	0.03446	0.26163	0.15174	0.01468	0.00786	0.00244	0.00566	0.01239	0.00672	0.00867
3	0.01595	0.27217	0.24063	0.04939	0.09680	0.01912	0.03988	0.02069	0.01545	0.02108	0.07570	0.01791	0.01488	0.00709	0.00616	0.00191	0.00827	0.00566	0.00364	0.06761
4	0.00899	0.00718	0.00811	0.00861	0.01035	0.00642	0.00626	0.01133	0.03667	0.01988	0.09875	0.28301	0.41002	0.01898	0.00864	0.00258	0.00392	0.03744	0.00671	0.00616
5	0.00857	0.00659	0.00786	0.00887	0.01005	0.00587	0.00615	0.01003	0.01464	0.01859	0.05198	0.48322	0.30076	0.02065	0.00883	0.00270	0.00393	0.01822	0.00661	0.00587
6	0.01972	0.01857	0.01802	0.01642	0.04584	0.14802	0.03466	0.14715	0.30236	0.02812	0.02560	0.08795	0.05541	0.01035	0.00733	0.00229	0.00746	0.00851	0.00620	0.01003
7	0.01345	0.01266	0.02136	0.73264	0.04904	0.01582	0.01978	0.01819	0.01424	0.01819	0.01266	0.01898	0.00949	0.00712	0.00712	0.00237	0.00949	0.00633	0.00316	0.00791
8	0.01036	0.00690	0.00777	0.00777	0.00777	0.00690	0.00431	0.01036	0.01036	0.01381	0.02244	0.04660	0.02589	0.74975	0.03624	0.00690	0.00690	0.01036	0.00431	0.00431
9	0.01017	0.00763	0.01144	0.01144	0.01272	0.00890	0.00890	0.01272	0.01144	0.01653	0.01907	0.02797	0.01780	0.05340	0.72153	0.01144	0.01907	0.00763	0.00381	0.00636
10	0.00989	0.00743	0.00980	0.01173	0.04778	0.00707	0.00760	0.03823	0.01483	0.01965	0.04000	0.61371	0.10444	0.02050	0.00884	0.00277	0.00447	0.01845	0.00647	0.00636
11	0.04986	0.01077	0.01402	0.01149	0.01574	0.00967	0.00921	0.02765	0.04142	0.46372	0.14068	0.08223	0.06942	0.01122	0.00749	0.00228	0.00530	0.00942	0.00817	0.01025
12	0.01028	0.00692	0.00798	0.00804	0.00813	0.00697	0.00465	0.01046	0.01054	0.01412	0.02290	0.07233	0.02627	0.68481	0.07172	0.00699	0.00745	0.01059	0.00438	0.00448
13	0.01456	0.03493	0.64031	0.02135	0.03151	0.01670	0.09695	0.02258	0.01523	0.02258	0.01295	0.01549	0.00921	0.00668	0.00694	0.00227	0.01068	0.00560	0.00307	0.01042
14	0.07421	0.02188	0.02051	0.01628	0.02156	0.13711	0.01322	0.53341	0.02998	0.03956	0.01565	0.01606	0.01136	0.00823	0.00684	0.00209	0.00852	0.00595	0.00639	0.01120
15	0.00946	0.00769	0.00847	0.00841	0.01064	0.00691	0.00640	0.01265	0.05341	0.02189	0.20194	0.08498	0.47044	0.01707	0.00845	0.00244	0.00385	0.05155	0.00691	0.00647
16	0.01388	0.01304	0.01837	0.01624	0.01658	0.01765	0.01326	0.01563	0.01103	0.01682	0.01257	0.02034	0.01238	0.05731	0.21203	0.00553	0.50993	0.00680	0.00336	0.00724
17	0.01660	0.01827	0.08922	0.03273	0.37093	0.01711	0.12719	0.02227	0.06404	0.02281	0.01567	0.02190	0.01335	0.00804	0.00919	0.00237	0.08766	0.04646	0.00390	0.01027
18	0.01017	0.00763	0.01144	0.01144	0.01272	0.00890	0.00890	0.01272	0.01144	0.01653	0.01907	0.02797	0.01780	0.05340	0.72153	0.01144	0.01907	0.00763	0.00381	0.00636
19	0.08322	0.00861	0.00967	0.00878	0.01166	0.00782	0.00681	0.01605	0.01765	0.13496	0.23845	0.05192	0.34897	0.01453	0.00785	0.00231	0.00410	0.01215	0.00712	0.00735
20	0.04807	0.01627	0.01714	0.01742	0.09910	0.07885	0.01218	0.09664	0.34650	0.02845	0.06798	0.02922	0.06633	0.01007	0.00728	0.00231	0.00660	0.03311	0.00633	0.01014
21	0.01912	0.60034	0.12014	0.01375	0.02018	0.08846	0.01409	0.02211	0.01505	0.01754	0.01036	0.01200	0.00913	0.00629	0.00501	0.00164	0.00844	0.00406	0.00310	0.00923
22	0.00868	0.00620	0.00826	0.00991	0.01033	0.00578	0.00661	0.00991	0.01363	0.01818	0.03925	0.74510	0.04710	0.02231	0.00909	0.00289	0.00413	0.02024	0.00661	0.00578
23	0.02508	0.03104	0.02293	0.02103	0.06601	0.58863	0.08071	0.04481	0.01995	0.01906	0.01166	0.01389	0.00954	0.00717	0.00668	0.00192	0.01235	0.00512	0.00374	0.00868
24	0.01777	0.01728	0.02256	0.08868	0.02491	0.10806	0.16108	0.04660	0.19101	0.04372	0.01911	0.04234	0.01598	0.08728	0.01201	0.00287	0.07702	0.00783	0.00490	0.00902
25	0.01132	0.00793	0.00978	0.00948	0.01024	0.00847	0.00636	0.05212	0.01212	0.01658	0.02103	0.03879	0.02244	0.47990	0.25547	0.00808	0.01089	0.00924	0.00432	0.00545
26	0.00902	0.00721	0.00803	0.00832	0.01013	0.00643	0.00600	0.01138	0.03667	0.02022	0.13520	0.23013	0.42451	0.04225	0.00945	0.00265	0.00388	0.01568	0.00670	0.00615
27	0.01838	0.35355	0.28025	0.04697	0.02458	0.09833	0.01777	0.02292	0.01551	0.04554	0.01189	0.01371	0.00944	0.00662	0.00578	0.00189	0.00927	0.00466	0.00333	0.00961
28	0.01595	0.22850	0.44184	0.02018	0.06812	0.01981	0.06835	0.02219	0.01508	0.02104	0.01215	0.01451	0.00931	0.00650	0.00630	0.00206	0.00972	0.00515	0.00309	0.01013
29	0.00871	0.00630	0.00825	0.00971	0.01030	0.00583	0.00654	0.01007	0.01404	0.01864	0.06690	0.67698	0.08791	0.02175	0.00902	0.00284	0.00407	0.01964	0.00666	0.00583
30	0.12728	0.07509	0.25049	0.01734	0.02347	0.30005	0.01707	0.04493	0.01708	0.02192	0.01151	0.01354	0.00902	0.00720	0.00680	0.00206	0.03768	0.00478	0.00360	0.00909
31	0.04142	0.23863	0.26944	0.05516	0.02537	0.01970	0.05700	0.02493	0.10959	0.07161	0.01530	0.01661	0.01154	0.00709	0.00626	0.00207	0.00855	0.00556	0.00411	0.01006
32	0.75316	0.01515	0.05238	0.01002	0.01479	0.01601	0.00882	0.02103	0.01229	0.03139	0.01009	0.01177	0.00779	0.00662	0.00455	0.00221	0.00581	0.00394	0.00432	0.00788
33	0.01424	0.05319	0.01269	0.01077	0.01327	0.00974	0.00846	0.01806	0.07198	0.12370	0.13156	0.13684	0.12563	0.05132	0.12478	0.00409	0.00732	0.06833	0.00641	0.00765
34	0.01023	0.00741	0.01033	0.01033	0.01122	0.00830	0.00752	0.01200	0.01112	0.01571	0.02009	0.03359	0.02024	0.26349	0.51479	0.01007	0.01540	0.00845	0.00397	0.00574
35	0.00892	0.00793	0.00929	0.00857	0.01126	0.00673	0.04563	0.01097	0.01626	0.01945	0.06869	0.06559	0.66117	0.01732	0.00841	0.00240	0.00411	0.01463	0.00643	0.00623

[dist]
# distance from previous block
# <min> <max>
0	2

[block]
# block no. 4 follows, 29 sequences, length 19
# corresponding to MSA columns:
# 1146-1164
name=unknown_E
#
# <colnr> <probs for GDERKNQSTAVLIFYWHMCP>
#	G	D	E	R	K	N	Q	S	T	A	V	L	I	F	Y	W	H	M	C	P
0	0.02246	0.01902	0.01868	0.01565	0.02033	0.08700	0.01245	0.30471	0.35387	0.03488	0.02231	0.02131	0.01653	0.00898	0.00712	0.00224	0.00724	0.00704	0.00685	0.01133
1	0.01041	0.00767	0.00954	0.01025	0.01163	0.00735	0.00754	0.05694	0.01644	0.02165	0.11068	0.42920	0.15024	0.01954	0.00887	0.00275	0.00454	0.10152	0.00676	0.00645
2	0.01585	0.18067	0.47899	0.01776	0.02641	0.01878	0.02135	0.06674	0.01593	0.02248	0.01292	0.01532	0.00986	0.00995	0.05533	0.00273	0.01033	0.00520	0.00335	0.01006
3	0.02113	0.01785	0.01901	0.01762	0.07468	0.05464	0.01296	0.24077	0.39491	0.03344	0.02305	0.02215	0.01720	0.00892	0.00715	0.00227	0.00693	0.00722	0.00673	0.01139
4	0.00927	0.00720	0.00843	0.00822	0.01017	0.00636	0.00613	0.01184	0.01810	0.02392	0.39007	0.09140	0.35038	0.01646	0.00844	0.00234	0.00350	0.01417	0.00723	0.00636
5	0.01047	0.00911	0.05715	0.01062	0.01188	0.00761	0.00833	0.01224	0.01315	0.01756	0.03032	0.24013	0.03440	0.31086	0.01996	0.00455	0.00632	0.18418	0.00543	0.00573
6	0.01479	0.01371	0.04107	0.01888	0.05936	0.01299	0.20824	0.06464	0.09243	0.04352	0.02675	0.25823	0.04547	0.05369	0.00980	0.00277	0.00750	0.01213	0.00549	0.00852
7	0.02164	0.29567	0.04838	0.01400	0.01904	0.16430	0.01233	0.18824	0.02050	0.02551	0.01387	0.01534	0.01114	0.00729	0.00572	0.00178	0.00824	0.00506	0.11254	0.00941
8	0.03927	0.12114	0.40690	0.01670	0.02435	0.01668	0.01930	0.02325	0.09159	0.04486	0.07080	0.02296	0.01721	0.00845	0.00679	0.00224	0.00850	0.04485	0.00431	0.00986
9	0.01510	0.16049	0.59639	0.01890	0.02866	0.01854	0.02387	0.02234	0.01494	0.02155	0.01228	0.01441	0.00904	0.00665	0.00639	0.00213	0.01002	0.00501	0.00301	0.01028
10	0.80005	0.01377	0.01047	0.00936	0.01377	0.01597	0.00771	0.02093	0.01212	0.03195	0.00991	0.01157	0.00771	0.00661	0.00441	0.00220	0.00551	0.00386	0.00441	0.00771
11	0.01642	0.01568	0.02647	0.15870	0.55683	0.01615	0.02062	0.02061	0.01588	0.02219	0.01640	0.02057	0.04784	0.00710	0.00713	0.00217	0.00838	0.00680	0.00363	0.01043
12	0.01681	0.01921	0.04202	0.03001	0.03721	0.01801	0.67947	0.02281	0.01681	0.02281	0.01441	0.01921	0.01080	0.00600	0.00840	0.00240	0.01200	0.00840	0.00360	0.00960
13	0.00868	0.00620	0.00826	0.00991	0.01033	0.00578	0.00661	0.00991	0.01363	0.01818	0.03925	0.74510	0.04710	0.02231	0.00909	0.00289	0.00413	0.02024	0.00661	0.00578
14	0.01042	0.00756	0.01019	0.01167	0.01306	0.00733	0.00957	0.01301	0.01564	0.02027	0.04160	0.25607	0.10953	0.02021	0.00949	0.00309	0.00561	0.42283	0.00658	0.00630
15	0.01291	0.00671	0.00696	0.00690	0.00856	0.00665	0.00517	0.01624	0.01552	0.02677	0.09940	0.02954	0.02375	0.00900	0.00536	0.00172	0.00332	0.00734	0.70154	0.00665
16	0.01482	0.11736	0.63700	0.01938	0.02941	0.01784	0.02472	0.02241	0.01497	0.02190	0.01246	0.01463	0.00903	0.00669	0.00652	0.00217	0.01020	0.00510	0.00301	0.01037
17	0.05865	0.01423	0.01710	0.01335	0.01844	0.01410	0.01095	0.24548	0.02435	0.38672	0.09935	0.02462	0.02097	0.00928	0.00718	0.00219	0.00632	0.00742	0.00797	0.01133
18	0.00957	0.00730	0.00998	0.09058	0.01470	0.00718	0.00801	0.01182	0.01568	0.02107	0.21777	0.41874	0.10464	0.01814	0.00862	0.00262	0.00448	0.01625	0.00655	0.00629

[dist]
# distance from previous block
# <min> <max>
0	3

[block]
# block no. 5 follows, 29 sequences, length 11
# corresponding to MSA columns:
# 1168-1178
name=unknown_F
#
# <colnr> <probs for GDERKNQSTAVLIFYWHMCP>
#	G	D	E	R	K	N	Q	S	T	A	V	L	I	F	Y	W	H	M	C	P
0	0.74424	0.01365	0.01091	0.00960	0.01409	0.01557	0.00791	0.02193	0.01272	0.08123	0.01124	0.01249	0.00843	0.00677	0.00461	0.00220	0.00555	0.00410	0.00473	0.00803
1	0.01313	0.00982	0.01161	0.01079	0.01327	0.01004	0.00825	0.04259	0.18759	0.05108	0.37912	0.09672	0.09204	0.01387	0.00812	0.00237	0.00433	0.02966	0.00749	0.00810
2	0.01056	0.00770	0.01032	0.01175	0.01326	0.00746	0.00978	0.01326	0.01586	0.02046	0.04251	0.20165	0.12898	0.01994	0.00951	0.00309	0.00572	0.45527	0.00657	0.00634
3	0.00868	0.00620	0.00826	0.00991	0.01033	0.00578	0.00661	0.00991	0.01363	0.01818	0.03925	0.74510	0.04710	0.02231	0.00909	0.00289	0.00413	0.02024	0.00661	0.00578
4	0.00919	0.00657	0.00886	0.01051	0.01115	0.00623	0.00751	0.01081	0.01414	0.01876	0.03896	0.62222	0.04597	0.02182	0.00923	0.00296	0.00458	0.13802	0.00660	0.00593
5	0.01008	0.00685	0.00906	0.00936	0.01047	0.00641	0.00677	0.01155	0.01588	0.02159	0.30451	0.22739	0.10905	0.01907	0.01226	0.14862	0.00430	0.05458	0.00645	0.00573
6	0.01072	0.00715	0.00858	0.00871	0.01020	0.00684	0.00634	0.01409	0.04257	0.02493	0.30018	0.21839	0.08796	0.01493	0.00766	0.00227	0.00364	0.01308	0.20515	0.00659
7	0.01709	0.56957	0.07633	0.01257	0.01806	0.02386	0.01249	0.01981	0.01395	0.01709	0.01178	0.01472	0.01073	0.01488	0.13724	0.00340	0.00992	0.00461	0.00319	0.00871
8	0.04675	0.00954	0.01123	0.01074	0.01288	0.02622	0.00795	0.01820	0.06436	0.14725	0.03313	0.25802	0.10070	0.09195	0.07870	0.00380	0.02786	0.01232	0.03089	0.00751
9	0.01401	0.01266	0.01779	0.01553	0.01713	0.01563	0.05782	0.01941	0.13739	0.01934	0.01741	0.02461	0.01584	0.10188	0.21320	0.00564	0.27513	0.00755	0.00423	0.00779
10	0.01288	0.01003	0.01101	0.00986	0.01209	0.01026	0.00735	0.13493	0.01777	0.02286	0.07099	0.04950	0.33542	0.19829	0.01609	0.00352	0.05273	0.01161	0.00596	0.00686

[dist]
# distance from previous block
# <min> <max>
4	6

[block]
# block no. 6 follows, 29 sequences, length 12
# corresponding to MSA columns:
# 1186-1197
name=unknown_G
#
# <colnr> <probs for GDERKNQSTAVLIFYWHMCP>
#	G	D	E	R	K	N	Q	S	T	A	V	L	I	F	Y	W	H	M	C	P
0	0.01345	0.01266	0.02136	0.73264	0.04904	0.01582	0.01978	0.01819	0.01424	0.01819	0.01266	0.01898	0.00949	0.00712	0.00712	0.00237	0.00949	0.00633	0.00316	0.00791
1	0.01404	0.02978	0.51110	0.22813	0.03614	0.01633	0.02440	0.02128	0.01480	0.02128	0.01274	0.01619	0.00916	0.00687	0.00687	0.00229	0.01022	0.00557	0.00305	0.00976
2	0.01489	0.01504	0.02822	0.45102	0.11858	0.01658	0.21248	0.01995	0.01521	0.02010	0.01325	0.01890	0.01007	0.00671	0.00749	0.00235	0.01011	0.00694	0.00333	0.00878
3	0.00924	0.00678	0.00928	0.01035	0.01120	0.00683	0.00745	0.01099	0.01330	0.01792	0.03537	0.45985	0.07974	0.03098	0.21695	0.00538	0.00858	0.04804	0.00579	0.00600
4	0.01160	0.00907	0.01084	0.01130	0.01297	0.00948	0.00822	0.01869	0.21255	0.02288	0.11016	0.42606	0.04165	0.01763	0.00851	0.00270	0.00460	0.04665	0.00693	0.00753
5	0.00945	0.00695	0.00885	0.00901	0.01041	0.00635	0.00652	0.01199	0.01774	0.02431	0.42627	0.25706	0.14415	0.01727	0.00860	0.00245	0.00362	0.01531	0.00732	0.00635
6	0.07188	0.01574	0.01772	0.01344	0.01921	0.01551	0.01102	0.30688	0.02386	0.18240	0.01775	0.01763	0.01258	0.00753	0.00643	0.00184	0.00656	0.00578	0.00648	0.23976
7	0.01539	0.01585	0.01447	0.01370	0.01547	0.21753	0.01044	0.01744	0.01386	0.01661	0.01626	0.02417	0.01531	0.09480	0.40284	0.00763	0.07074	0.00686	0.00376	0.00685
8	0.01787	0.01077	0.01312	0.01195	0.01461	0.06234	0.00936	0.02040	0.01503	0.21970	0.02237	0.06184	0.01861	0.03262	0.37978	0.00700	0.01309	0.00784	0.05351	0.00817
9	0.01467	0.01390	0.02356	0.53163	0.24052	0.01614	0.02038	0.01926	0.01481	0.01967	0.01287	0.01859	0.01001	0.00689	0.00710	0.00230	0.00919	0.00633	0.00327	0.00889
10	0.01055	0.00779	0.01145	0.01193	0.01331	0.00870	0.00965	0.01331	0.01289	0.01792	0.02451	0.04325	0.02456	0.04356	0.51389	0.00906	0.01542	0.19721	0.00461	0.00642
11	0.02718	0.01945	0.01923	0.01560	0.02027	0.15672	0.01258	0.24200	0.06042	0.26260	0.01963	0.01907	0.01370	0.00878	0.00834	0.00220	0.06821	0.00638	0.00669	0.01094

[dist]
# distance from previous block
# <min> <max>
2	12

[block]
# block no. 7 follows, 29 sequences, length 17
# corresponding to MSA columns:
# 1210-1226
name=unknown_H
#
# <colnr> <probs for GDERKNQSTAVLIFYWHMCP>
#	G	D	E	R	K	N	Q	S	T	A	V	L	I	F	Y	W	H	M	C	P
0	0.05173	0.15575	0.12361	0.01707	0.02329	0.02018	0.10548	0.27569	0.04063	0.03120	0.07330	0.01916	0.01573	0.00796	0.00678	0.00210	0.00821	0.00654	0.00526	0.01034
1	0.08766	0.01583	0.01689	0.01385	0.01826	0.01746	0.01115	0.35504	0.16244	0.03730	0.16193	0.02609	0.02520	0.00986	0.00718	0.00222	0.00626	0.00788	0.00707	0.01044
2	0.04134	0.02488	0.01980	0.09219	0.05989	0.40284	0.03915	0.09157	0.01983	0.02174	0.01778	0.01973	0.06926	0.00827	0.00673	0.00201	0.01034	0.00616	0.03794	0.00855
3	0.00969	0.00707	0.00841	0.00867	0.01037	0.00626	0.00627	0.01171	0.01647	0.04454	0.20863	0.27787	0.32169	0.01826	0.00858	0.00251	0.00380	0.01591	0.00698	0.00631
4	0.01697	0.54431	0.03001	0.01173	0.01611	0.02327	0.01079	0.01873	0.01335	0.01617	0.01248	0.01907	0.01265	0.16196	0.01255	0.00276	0.06039	0.00535	0.00332	0.00803
5	0.01740	0.47280	0.24349	0.01618	0.02371	0.02376	0.07350	0.02182	0.01484	0.01904	0.01116	0.01319	0.00924	0.00629	0.00557	0.00182	0.00888	0.00464	0.00308	0.00960
6	0.00957	0.00726	0.00882	0.00843	0.01033	0.00650	0.00632	0.01246	0.01896	0.02572	0.50984	0.05786	0.26069	0.01562	0.00840	0.00229	0.00343	0.01353	0.00747	0.00650
7	0.01216	0.00656	0.00704	0.00738	0.00869	0.00647	0.00528	0.01487	0.01442	0.02413	0.02653	0.17776	0.02468	0.05003	0.00747	0.00219	0.00368	0.00967	0.58464	0.00634
8	0.01570	0.16831	0.02590	0.05257	0.26521	0.01665	0.07213	0.01975	0.03585	0.02144	0.05276	0.08125	0.02108	0.01006	0.00731	0.00228	0.00768	0.11042	0.00444	0.00919
9	0.00873	0.00645	0.00801	0.00922	0.01002	0.00590	0.00621	0.01001	0.01397	0.01812	0.04506	0.55981	0.18271	0.06714	0.01065	0.00304	0.00420	0.01853	0.00647	0.00574
10	0.00924	0.00654	0.00833	0.00928	0.01020	0.00605	0.00643	0.01110	0.01530	0.02096	0.17946	0.49754	0.10547	0.01944	0.00863	0.00264	0.00387	0.01740	0.05607	0.00605
11	0.01303	0.01141	0.01852	0.54428	0.03974	0.01375	0.01727	0.01739	0.01472	0.01928	0.01844	0.03220	0.01653	0.00980	0.00757	0.00252	0.00856	0.14240	0.04502	0.00756
12	0.02685	0.09744	0.04277	0.01527	0.02112	0.02014	0.01313	0.45596	0.02815	0.18025	0.01849	0.01792	0.01285	0.00829	0.00685	0.00209	0.00752	0.00625	0.00692	0.01175
13	0.01682	0.01474	0.01720	0.16457	0.02490	0.01732	0.01305	0.03373	0.55074	0.02736	0.02557	0.02498	0.01918	0.00913	0.00722	0.00241	0.00644	0.00769	0.00639	0.01057
14	0.60755	0.01792	0.01274	0.01137	0.01567	0.16312	0.00909	0.02305	0.01413	0.05617	0.01087	0.01234	0.00842	0.00685	0.00494	0.00213	0.00706	0.00414	0.00443	0.00800
15	0.01002	0.00691	0.00881	0.00921	0.00972	0.00715	0.00611	0.01114	0.01163	0.01613	0.02567	0.21050	0.02858	0.35774	0.20889	0.00690	0.00928	0.01188	0.03842	0.00531
16	0.02221	0.03615	0.01778	0.01429	0.01830	0.14720	0.02981	0.16109	0.05021	0.17127	0.18410	0.02776	0.04010	0.01008	0.00793	0.00216	0.03529	0.00801	0.00663	0.00962

[dist]
# distance from previous block
# <min> <max>
0	25

[block]
# block no. 8 follows, 29 sequences, length 13
# corresponding to MSA columns:
# 1252-1264
name=unknown_I
#
# <colnr> <probs for GDERKNQSTAVLIFYWHMCP>
#	G	D	E	R	K	N	Q	S	T	A	V	L	I	F	Y	W	H	M	C	P
0	0.01805	0.01395	0.01636	0.01497	0.05284	0.03963	0.03029	0.11859	0.20423	0.08845	0.06541	0.12672	0.02389	0.03933	0.03164	0.00269	0.00668	0.00923	0.00635	0.09071
1	0.06120	0.07848	0.02033	0.04708	0.06391	0.33454	0.05112	0.04482	0.01835	0.04557	0.02353	0.02456	0.13922	0.00915	0.00678	0.00203	0.00946	0.00700	0.00448	0.00840
2	0.01141	0.00979	0.01715	0.01491	0.01729	0.01060	0.13414	0.01460	0.01245	0.01770	0.01820	0.02634	0.01649	0.04455	0.58834	0.00975	0.01775	0.00777	0.00377	0.00696
3	0.01452	0.01266	0.01600	0.14541	0.02288	0.01067	0.01056	0.01798	0.01467	0.02227	0.01266	0.01555	0.01035	0.00562	0.00562	0.00130	0.00606	0.00461	0.00402	0.64660
4	0.01292	0.02642	0.44355	0.01739	0.02510	0.01358	0.07598	0.01923	0.01599	0.02264	0.10254	0.02973	0.14531	0.00969	0.00740	0.00229	0.00854	0.00822	0.00428	0.00917
5	0.04056	0.25664	0.12915	0.01313	0.01880	0.05427	0.01280	0.08597	0.01791	0.11103	0.04547	0.02616	0.14167	0.00935	0.00641	0.00200	0.00722	0.00712	0.00506	0.00929
6	0.01335	0.00985	0.01291	0.01197	0.01394	0.01115	0.00928	0.13739	0.01544	0.02153	0.01906	0.02793	0.01760	0.11917	0.51514	0.00922	0.01568	0.00769	0.00449	0.00721
7	0.01348	0.00934	0.01031	0.00938	0.01044	0.00974	0.00604	0.13572	0.01467	0.01961	0.02144	0.04109	0.02331	0.61132	0.03080	0.00601	0.00708	0.00962	0.00484	0.00577
8	0.05810	0.01642	0.02237	0.13581	0.26079	0.06143	0.03370	0.12639	0.01921	0.12026	0.01660	0.02001	0.01271	0.00762	0.00693	0.00217	0.00816	0.02207	0.03897	0.01028
9	0.01373	0.01322	0.02312	0.67260	0.04803	0.01601	0.07614	0.01859	0.01446	0.01859	0.01281	0.01900	0.00960	0.00702	0.00723	0.00238	0.00971	0.00651	0.00320	0.00805
10	0.00927	0.00718	0.00803	0.00785	0.00961	0.00639	0.00562	0.01124	0.01641	0.02117	0.25883	0.05990	0.38582	0.14603	0.01332	0.00315	0.00411	0.01354	0.00659	0.00593
11	0.01463	0.01276	0.01658	0.04294	0.04183	0.01081	0.05143	0.01897	0.06081	0.02276	0.03325	0.01987	0.01414	0.06959	0.00847	0.00185	0.00609	0.00566	0.00442	0.54313
12	0.00914	0.00691	0.00782	0.00813	0.00939	0.00626	0.00552	0.01049	0.01448	0.01847	0.11196	0.21387	0.31671	0.21026	0.01585	0.00368	0.00456	0.01477	0.00613	0.00558

[dist]
# distance from previous block
# <min> <max>
0	1

[block]
# block no. 9 follows, 29 sequences, length 25
# corresponding to MSA columns:
# 1266-1290
name=unknown_J
#
# <colnr> <probs for GDERKNQSTAVLIFYWHMCP>
#	G	D	E	R	K	N	Q	S	T	A	V	L	I	F	Y	W	H	M	C	P
0	0.02191	0.20574	0.02532	0.05555	0.09345	0.34649	0.01446	0.04119	0.01753	0.01881	0.01116	0.01368	0.00954	0.00725	0.00729	0.00189	0.06359	0.00482	0.00354	0.03678
1	0.03725	0.07732	0.22853	0.01775	0.05958	0.04126	0.06295	0.07099	0.04477	0.10437	0.03683	0.03911	0.01409	0.00760	0.00664	0.00201	0.00815	0.00630	0.00472	0.12977
2	0.01930	0.07124	0.01915	0.01734	0.09604	0.10901	0.01221	0.18136	0.16588	0.02783	0.06047	0.09325	0.03680	0.04783	0.00864	0.00244	0.00732	0.00843	0.00582	0.00966
3	0.00988	0.00702	0.00888	0.00931	0.01013	0.00713	0.00646	0.01129	0.01244	0.01689	0.03148	0.19619	0.10532	0.26786	0.20477	0.00636	0.00897	0.03838	0.03571	0.00554
4	0.00911	0.00707	0.00829	0.00834	0.01013	0.00625	0.00612	0.01143	0.01734	0.02270	0.31267	0.17310	0.34717	0.01737	0.00852	0.00242	0.00360	0.01504	0.00709	0.00625
5	0.01847	0.31555	0.27847	0.01728	0.02493	0.04322	0.07031	0.11218	0.01762	0.02318	0.01231	0.01416	0.00963	0.00670	0.00607	0.00195	0.00920	0.00507	0.00365	0.01005
6	0.06812	0.01240	0.01363	0.01475	0.06503	0.08218	0.01058	0.06817	0.01665	0.02250	0.05303	0.26376	0.05462	0.01689	0.02979	0.00292	0.04344	0.14839	0.00575	0.00739
7	0.01068	0.00741	0.00936	0.00889	0.01078	0.00670	0.00666	0.01361	0.01908	0.05657	0.52189	0.09956	0.17131	0.01540	0.00839	0.00231	0.00357	0.01347	0.00759	0.00678
8	0.00873	0.00707	0.00775	0.00790	0.00989	0.00609	0.00580	0.01070	0.01649	0.02060	0.17000	0.16647	0.50144	0.01810	0.00851	0.00245	0.00364	0.01545	0.00681	0.00609
9	0.55669	0.05542	0.07234	0.01129	0.01651	0.01656	0.01022	0.07125	0.01491	0.10079	0.01255	0.01356	0.00924	0.00696	0.00510	0.00217	0.00627	0.00450	0.00487	0.00880
10	0.01456	0.01284	0.01997	0.43037	0.13934	0.01512	0.01705	0.02047	0.08291	0.02125	0.01576	0.02046	0.01220	0.00761	0.00739	0.00227	0.03338	0.00654	0.11192	0.00858
11	0.00868	0.00620	0.00826	0.00991	0.01033	0.00578	0.00661	0.00991	0.01363	0.01818	0.03925	0.74510	0.04710	0.02231	0.00909	0.00289	0.00413	0.02024	0.00661	0.00578
12	0.01387	0.01309	0.02212	0.66316	0.11522	0.01593	0.01998	0.01856	0.01444	0.01870	0.01273	0.01885	0.00967	0.00704	0.00711	0.00235	0.00939	0.00633	0.00320	0.00825
13	0.02278	0.01605	0.01725	0.01386	0.01832	0.01758	0.01114	0.42438	0.10983	0.06493	0.02035	0.02208	0.01544	0.05971	0.00881	0.00243	0.00671	0.00695	0.13079	0.01060
14	0.07163	0.52140	0.20656	0.01404	0.02114	0.02439	0.01545	0.02161	0.01445	0.01927	0.01063	0.01235	0.00901	0.00630	0.00511	0.00176	0.00821	0.00418	0.00313	0.00939
15	0.01798	0.59442	0.18766	0.01399	0.02107	0.02559	0.01533	0.02160	0.01459	0.01804	0.01054	0.01223	0.00911	0.00624	0.00506	0.00169	0.00826	0.00413	0.00304	0.00945
16	0.00868	0.00705	0.00769	0.00790	0.00987	0.00607	0.00578	0.01059	0.01631	0.02028	0.14941	0.17978	0.50918	0.01829	0.00853	0.00246	0.00366	0.01562	0.00677	0.00607
17	0.01017	0.00763	0.01144	0.01144	0.01272	0.00890	0.00890	0.01272	0.01144	0.01653	0.01907	0.02797	0.01780	0.05340	0.72153	0.01144	0.01907	0.00763	0.00381	0.00636
18	0.07301	0.02698	0.01984	0.01764	0.02054	0.45515	0.01371	0.04642	0.04409	0.01964	0.01143	0.01410	0.00971	0.00867	0.01049	0.00220	0.18905	0.00514	0.00383	0.00835
19	0.01627	0.01826	0.03945	0.02835	0.03511	0.01711	0.62624	0.02207	0.01707	0.02326	0.06878	0.02190	0.01527	0.00668	0.00840	0.00239	0.01132	0.00876	0.00394	0.00938
20	0.01358	0.01159	0.01486	0.06285	0.01824	0.03698	0.06279	0.07772	0.10813	0.02340	0.05624	0.24774	0.11847	0.01532	0.00837	0.00261	0.00622	0.10090	0.00619	0.00780
21	0.01997	0.01474	0.01992	0.05010	0.09507	0.03811	0.07943	0.16891	0.04716	0.13922	0.02280	0.17684	0.02045	0.01080	0.00753	0.00227	0.00721	0.00958	0.00606	0.06385
22	0.02174	0.01066	0.01478	0.01422	0.08442	0.00955	0.01003	0.02467	0.01931	0.37268	0.21273	0.05978	0.09152	0.01138	0.00766	0.00225	0.00529	0.00976	0.00775	0.00982
23	0.01036	0.00732	0.00964	0.00977	0.01045	0.00787	0.00686	0.01172	0.01130	0.01557	0.02220	0.04125	0.02360	0.39215	0.32923	0.00857	0.01212	0.06038	0.00428	0.00537
24	0.01561	0.01325	0.01631	0.01211	0.01784	0.01125	0.03153	0.01999	0.06441	0.04326	0.01413	0.01611	0.01150	0.00622	0.00682	0.00137	0.05593	0.00486	0.00448	0.63302

[dist]
# distance from previous block
# <min> <max>
0	2

[block]
# block no. 10 follows, 29 sequences, length 10
# corresponding to MSA columns:
# 1293-1302
name=unknown_K
#
# <colnr> <probs for GDERKNQSTAVLIFYWHMCP>
#	G	D	E	R	K	N	Q	S	T	A	V	L	I	F	Y	W	H	M	C	P
0	0.01481	0.01168	0.01666	0.01450	0.01648	0.01309	0.06918	0.06668	0.01535	0.08060	0.02843	0.23660	0.09802	0.04553	0.03731	0.00318	0.20699	0.01177	0.00543	0.00769
1	0.01703	0.01303	0.01531	0.01108	0.01730	0.01032	0.00892	0.05822	0.01636	0.08623	0.01430	0.01575	0.01127	0.00578	0.00555	0.00122	0.00549	0.00461	0.00480	0.67742
2	0.01530	0.07655	0.45214	0.02200	0.09840	0.01639	0.08153	0.02182	0.01542	0.04320	0.01562	0.05813	0.01293	0.00799	0.00705	0.00228	0.00962	0.02993	0.00362	0.01008
3	0.01519	0.01514	0.02233	0.01886	0.01949	0.02040	0.06225	0.01715	0.01137	0.01749	0.01057	0.01693	0.01020	0.01562	0.08393	0.00380	0.62178	0.00651	0.00321	0.00779
4	0.01434	0.01396	0.02432	0.54317	0.10458	0.01658	0.09169	0.01895	0.01446	0.01908	0.01268	0.01864	0.00979	0.00731	0.00841	0.00241	0.06145	0.00655	0.00324	0.00839
5	0.02563	0.01981	0.01998	0.01596	0.02116	0.08221	0.01293	0.46275	0.15236	0.08397	0.01947	0.01893	0.01398	0.00866	0.00709	0.00217	0.00776	0.00660	0.00695	0.01162
6	0.01608	0.01338	0.01420	0.01266	0.01632	0.01474	0.00987	0.10011	0.41799	0.02905	0.09339	0.03683	0.17163	0.01176	0.00758	0.00237	0.00525	0.00978	0.00715	0.00984
7	0.03195	0.01212	0.01652	0.01267	0.01818	0.01047	0.01047	0.03470	0.02038	0.71026	0.02809	0.02424	0.01763	0.00881	0.00716	0.00220	0.00606	0.00716	0.00881	0.01212
8	0.00972	0.00695	0.00893	0.01005	0.01076	0.00667	0.00682	0.04212	0.01474	0.01976	0.07231	0.63550	0.04533	0.06115	0.01045	0.00304	0.00442	0.01865	0.00657	0.00605
9	0.03014	0.01502	0.01832	0.01404	0.01962	0.01477	0.01160	0.27419	0.02523	0.46393	0.02402	0.02159	0.01558	0.00872	0.00715	0.00218	0.00672	0.00688	0.00819	0.01212

[dist]
# distance from previous block
# <min> <max>
0	1

[block]
# block no. 11 follows, 29 sequences, length 28
# corresponding to MSA columns:
# 1304-1331
name=unknown_L
#
# <colnr> <probs for GDERKNQSTAVLIFYWHMCP>
#	G	D	E	R	K	N	Q	S	T	A	V	L	I	F	Y	W	H	M	C	P
0	0.02193	0.02290	0.01956	0.01690	0.02098	0.28541	0.04646	0.11556	0.27551	0.02633	0.04375	0.02043	0.01649	0.00870	0.00742	0.00217	0.02733	0.00667	0.00560	0.00990
1	0.01681	0.01921	0.04202	0.03001	0.03721	0.01801	0.67947	0.02281	0.01681	0.02281	0.01441	0.01921	0.01080	0.00600	0.00840	0.00240	0.01200	0.00840	0.00360	0.00960
2	0.03110	0.01347	0.01736	0.01331	0.01885	0.01247	0.01100	0.14649	0.02264	0.59528	0.02619	0.02300	0.01667	0.00877	0.00715	0.00219	0.00637	0.00703	0.00852	0.01212
3	0.10295	0.01504	0.01745	0.01363	0.01893	0.01528	0.01121	0.26410	0.04725	0.36327	0.04279	0.02142	0.01634	0.00871	0.00692	0.00219	0.00655	0.00678	0.00770	0.01150
4	0.01131	0.00814	0.01125	0.01280	0.01448	0.00808	0.01116	0.01451	0.01638	0.02120	0.03951	0.07970	0.07576	0.01958	0.00976	0.00323	0.00640	0.62363	0.00656	0.00653
5	0.00866	0.00627	0.00819	0.00972	0.01028	0.00580	0.00652	0.00994	0.01382	0.01825	0.04163	0.69607	0.09459	0.02200	0.00904	0.00286	0.00409	0.01986	0.00661	0.00580
6	0.01018	0.00728	0.00962	0.00939	0.01048	0.00744	0.00672	0.01236	0.01475	0.02076	0.30287	0.04361	0.04052	0.23103	0.23533	0.00637	0.00917	0.01056	0.00562	0.00594
7	0.01174	0.00807	0.00991	0.00917	0.01142	0.00747	0.00697	0.01568	0.05778	0.07603	0.47918	0.05286	0.19737	0.01461	0.00825	0.00228	0.00374	0.01265	0.00761	0.00722
8	0.01453	0.00824	0.00874	0.00813	0.01049	0.00805	0.00623	0.07283	0.01709	0.07242	0.03362	0.06508	0.15731	0.01093	0.00618	0.00194	0.00398	0.00894	0.47797	0.00731
9	0.00868	0.00620	0.00826	0.00991	0.01033	0.00578	0.00661	0.00991	0.01363	0.01818	0.03925	0.74510	0.04710	0.02231	0.00909	0.00289	0.00413	0.02024	0.00661	0.00578
10	0.01441	0.00948	0.01158	0.01061	0.01234	0.01006	0.00768	0.11902	0.01534	0.06721	0.02190	0.07098	0.02163	0.31404	0.22843	0.00677	0.01030	0.00911	0.03228	0.00683
11	0.01036	0.00690	0.00777	0.00777	0.00777	0.00690	0.00431	0.01036	0.01036	0.01381	0.02244	0.04660	0.02589	0.74975	0.03624	0.00690	0.00690	0.01036	0.00431	0.00431
12	0.02147	0.01563	0.02275	0.05085	0.10180	0.01601	0.13428	0.19254	0.09202	0.14864	0.02162	0.02251	0.03816	0.00824	0.00721	0.00220	0.00764	0.00738	0.07848	0.01057
13	0.01503	0.01290	0.01489	0.01091	0.01702	0.01024	0.00870	0.01975	0.07656	0.02380	0.01414	0.01584	0.01157	0.00567	0.00545	0.00118	0.00531	0.00457	0.00449	0.72197
14	0.02146	0.14283	0.04381	0.02179	0.12121	0.16597	0.09192	0.16867	0.05260	0.02551	0.01368	0.01589	0.01092	0.00760	0.00795	0.00209	0.06585	0.00586	0.00441	0.01000
15	0.01169	0.00961	0.01077	0.01039	0.01299	0.00982	0.00809	0.01905	0.20593	0.02353	0.14390	0.05252	0.30399	0.01808	0.06348	0.00317	0.00562	0.07297	0.00675	0.00767
16	0.00868	0.00620	0.00826	0.00991	0.01033	0.00578	0.00661	0.00991	0.01363	0.01818	0.03925	0.74510	0.04710	0.02231	0.00909	0.00289	0.00413	0.02024	0.00661	0.00578
17	0.01529	0.01514	0.01989	0.06883	0.02027	0.06016	0.01492	0.01735	0.01235	0.01768	0.01352	0.02386	0.01349	0.01495	0.05957	0.00348	0.51655	0.08151	0.00359	0.00760
18	0.02294	0.02285	0.01880	0.01625	0.02029	0.26969	0.01264	0.19758	0.23542	0.02822	0.01860	0.01959	0.01451	0.03547	0.00853	0.00232	0.03415	0.00641	0.00569	0.01004
19	0.05796	0.07539	0.03791	0.05150	0.03369	0.01887	0.52475	0.02205	0.01589	0.02228	0.01342	0.01795	0.01037	0.00651	0.00885	0.00237	0.05981	0.00759	0.00355	0.00929
20	0.06302	0.01445	0.01567	0.01347	0.01767	0.01587	0.01064	0.11721	0.39877	0.09666	0.10730	0.02709	0.02442	0.00971	0.00713	0.00228	0.00567	0.00797	0.00719	0.03781
21	0.02796	0.01464	0.01912	0.01762	0.10812	0.01431	0.01265	0.16966	0.07468	0.42817	0.02394	0.02205	0.01596	0.00850	0.00714	0.00219	0.00671	0.00697	0.00765	0.01194
