[name]
unknown

[dist]
# distance from previous block
# <min> <max>
3	297

[block]
# block no. 0 follows, 32 sequences, length 13
# corresponding to MSA columns:
# 393-405
name=unknown_A
#
# <colnr> <probs for GDERKNQSTAVLIFYWHMCP>
#	G	D	E	R	K	N	Q	S	T	A	V	L	I	F	Y	W	H	M	C	P
0	0.01361	0.06187	0.01946	0.28805	0.20383	0.06032	0.01489	0.01693	0.01474	0.01846	0.02596	0.02850	0.18844	0.00907	0.00680	0.00210	0.00739	0.00777	0.00391	0.00790
1	0.03743	0.01182	0.01851	0.33746	0.18668	0.01320	0.03520	0.03778	0.01455	0.02145	0.01469	0.01915	0.01146	0.00682	0.00615	0.00200	0.00717	0.00603	0.20445	0.00802
2	0.01687	0.01477	0.02248	0.38429	0.17991	0.01670	0.04789	0.19015	0.01848	0.02467	0.01320	0.01718	0.00997	0.00685	0.00675	0.00213	0.00845	0.00607	0.00401	0.00918
3	0.01491	0.01288	0.02050	0.12199	0.39941	0.01373	0.01587	0.01855	0.01434	0.02163	0.01457	0.01874	0.01192	0.00699	0.00737	0.00199	0.06531	0.00604	0.20440	0.00886
4	0.06981	0.01291	0.01306	0.01105	0.01485	0.05879	0.00872	0.09021	0.17826	0.12494	0.03733	0.02132	0.01633	0.00783	0.00584	0.00183	0.00535	0.00617	0.20655	0.10881
5	0.01387	0.31201	0.27820	0.01369	0.01959	0.01728	0.01495	0.01780	0.01363	0.01809	0.01727	0.20077	0.01759	0.00982	0.00612	0.00201	0.00733	0.00798	0.00370	0.00828
6	0.01562	0.01493	0.02544	0.21934	0.55193	0.01568	0.02010	0.01972	0.01481	0.02072	0.01245	0.01693	0.01020	0.00616	0.00666	0.00205	0.00822	0.00597	0.00324	0.00983
7	0.24749	0.01047	0.01252	0.01043	0.01404	0.01029	0.05198	0.01879	0.01607	0.14566	0.26436	0.03049	0.07097	0.00972	0.00643	0.00204	0.00485	0.00806	0.00605	0.05929
8	0.81159	0.01298	0.00986	0.00882	0.01298	0.01505	0.00727	0.01972	0.01142	0.03010	0.00934	0.01090	0.00727	0.00623	0.00415	0.00208	0.00519	0.00363	0.00415	0.00727
9	0.01552	0.01451	0.02314	0.10669	0.47410	0.01407	0.01720	0.01930	0.01474	0.02141	0.01237	0.01606	0.01028	0.00580	0.00623	0.00177	0.00732	0.00547	0.00345	0.21056
10	0.81159	0.01298	0.00986	0.00882	0.01298	0.01505	0.00727	0.01972	0.01142	0.03010	0.00934	0.01090	0.00727	0.00623	0.00415	0.00208	0.00519	0.00363	0.00415	0.00727
11	0.00811	0.00608	0.00754	0.00870	0.00956	0.00550	0.00594	0.00942	0.01346	0.01738	0.04479	0.58459	0.21456	0.02001	0.00840	0.00261	0.00377	0.01784	0.00623	0.00550
12	0.01287	0.01767	0.19889	0.56435	0.04189	0.01508	0.02019	0.01818	0.01361	0.01818	0.01196	0.01695	0.00883	0.00662	0.00662	0.00221	0.00919	0.00571	0.00294	0.00807

[dist]
# distance from previous block
# <min> <max>
0	6

[block]
# block no. 1 follows, 32 sequences, length 14
# corresponding to MSA columns:
# 412-425
name=unknown_B
#
# <colnr> <probs for GDERKNQSTAVLIFYWHMCP>
#	G	D	E	R	K	N	Q	S	T	A	V	L	I	F	Y	W	H	M	C	P
0	0.01404	0.01380	0.02042	0.25115	0.02676	0.01875	0.01594	0.01647	0.01128	0.01647	0.00980	0.01571	0.00885	0.01013	0.01712	0.00271	0.51437	0.00590	0.00295	0.00738
1	0.01109	0.00824	0.00943	0.00816	0.01006	0.00729	0.00531	0.01204	0.01109	0.01584	0.01820	0.03432	0.01977	0.52146	0.02482	0.00474	0.00601	0.00791	0.00404	0.26020
2	0.02577	0.01837	0.01988	0.01524	0.02060	0.02018	0.01259	0.66177	0.03084	0.08148	0.01670	0.01649	0.01171	0.00807	0.00671	0.00202	0.00729	0.00608	0.00680	0.01141
3	0.01077	0.00787	0.01118	0.01324	0.04325	0.00782	0.01073	0.01369	0.01516	0.01984	0.03472	0.14704	0.03806	0.01828	0.00908	0.00300	0.00601	0.57791	0.00606	0.00629
4	0.01916	0.01655	0.02443	0.08633	0.44700	0.01742	0.01794	0.23753	0.02034	0.02807	0.01368	0.01654	0.01075	0.00670	0.00667	0.00202	0.00786	0.00600	0.00438	0.01064
5	0.00907	0.00653	0.00859	0.00873	0.00993	0.00605	0.00630	0.01160	0.01703	0.02378	0.50081	0.27702	0.05726	0.01605	0.00812	0.00231	0.00340	0.01435	0.00702	0.00605
6	0.01251	0.00625	0.00625	0.00625	0.00782	0.00625	0.00469	0.01563	0.01407	0.02502	0.02189	0.02502	0.01720	0.00782	0.00469	0.00156	0.00313	0.00625	0.80144	0.00625
7	0.01749	0.02837	0.45057	0.01864	0.02686	0.01736	0.07177	0.23826	0.01985	0.02799	0.01346	0.01508	0.00956	0.00686	0.00660	0.00210	0.00921	0.00553	0.00412	0.01033
8	0.01636	0.01663	0.03119	0.03706	0.50261	0.01627	0.23716	0.02088	0.01546	0.02178	0.01293	0.01708	0.01049	0.00588	0.00705	0.00208	0.00904	0.00660	0.00334	0.01012
9	0.01177	0.00976	0.01481	0.01891	0.23776	0.00940	0.01089	0.01520	0.01781	0.02531	0.49302	0.03941	0.04647	0.01124	0.00751	0.00207	0.00470	0.01017	0.00609	0.00771
10	0.01856	0.01699	0.05487	0.16315	0.32174	0.01732	0.03763	0.23721	0.02010	0.02750	0.01361	0.01662	0.01046	0.00679	0.00670	0.00206	0.00815	0.00601	0.00432	0.01021
11	0.01386	0.01738	0.18583	0.06439	0.14161	0.04010	0.03119	0.01887	0.04182	0.03639	0.05670	0.03805	0.02253	0.01108	0.00789	0.00244	0.02397	0.23295	0.00460	0.00835
12	0.01931	0.02107	0.02461	0.03354	0.49803	0.24655	0.01815	0.02258	0.01647	0.02016	0.01190	0.01517	0.00999	0.00628	0.00645	0.00191	0.00929	0.00545	0.00336	0.00972
13	0.55515	0.01102	0.00958	0.00870	0.01203	0.01226	0.00697	0.01747	0.01384	0.02908	0.23616	0.02344	0.02518	0.00862	0.00535	0.00209	0.00454	0.00635	0.00519	0.00697

[dist]
# distance from previous block
# <min> <max>
0	7

[block]
# block no. 2 follows, 32 sequences, length 19
# corresponding to MSA columns:
# 433-451
name=unknown_C
#
# <colnr> <probs for GDERKNQSTAVLIFYWHMCP>
#	G	D	E	R	K	N	Q	S	T	A	V	L	I	F	Y	W	H	M	C	P
0	0.01789	0.01435	0.01687	0.01681	0.11453	0.01565	0.01155	0.24224	0.24558	0.02984	0.07034	0.04997	0.04667	0.06627	0.00900	0.00247	0.00617	0.00797	0.00609	0.00973
1	0.01585	0.01366	0.01479	0.01253	0.01698	0.01434	0.00981	0.02996	0.49883	0.02619	0.02264	0.02166	0.01728	0.00785	0.00626	0.00189	0.00521	0.00649	0.00596	0.25184
2	0.02071	0.24507	0.02329	0.01373	0.01877	0.02138	0.01176	0.30518	0.21856	0.03021	0.01723	0.01702	0.01313	0.00765	0.00601	0.00191	0.00673	0.00573	0.00558	0.01034
3	0.01052	0.00863	0.01362	0.23461	0.02237	0.01037	0.01150	0.01355	0.01158	0.01605	0.01614	0.02379	0.01440	0.03708	0.51571	0.00819	0.01523	0.00682	0.00341	0.00644
4	0.02520	0.02798	0.01936	0.01673	0.02076	0.51975	0.01290	0.23116	0.02282	0.02427	0.01211	0.01332	0.00948	0.00726	0.00625	0.00182	0.01067	0.00484	0.00445	0.00888
5	0.01291	0.02594	0.51064	0.01597	0.02288	0.01262	0.01903	0.01745	0.01252	0.01834	0.01192	0.01606	0.00946	0.01152	0.01240	0.24580	0.00868	0.00522	0.00286	0.00779
6	0.00910	0.00655	0.00861	0.00872	0.00994	0.00606	0.00630	0.01165	0.01713	0.02394	0.51181	0.26557	0.05756	0.01593	0.00811	0.00230	0.00339	0.01424	0.00703	0.00606
7	0.02476	0.00985	0.01274	0.01021	0.01430	0.00877	0.00829	0.02752	0.01765	0.51388	0.02508	0.02350	0.01679	0.00816	0.00612	0.00192	0.00493	0.00660	0.24909	0.00985
8	0.01779	0.51380	0.03218	0.02070	0.23141	0.04848	0.01430	0.02048	0.01432	0.01767	0.01036	0.01258	0.00922	0.00585	0.00508	0.00161	0.00759	0.00434	0.00303	0.00919
9	0.01893	0.09652	0.44751	0.01623	0.02431	0.01488	0.01901	0.02462	0.01565	0.23498	0.01617	0.01648	0.01097	0.00690	0.00629	0.00205	0.00838	0.00537	0.00450	0.01025
10	0.00954	0.00769	0.01153	0.23361	0.02081	0.00832	0.00999	0.01171	0.01302	0.01713	0.02938	0.53458	0.03362	0.01668	0.00800	0.00258	0.00543	0.01509	0.00524	0.00606
11	0.00950	0.00686	0.00897	0.00844	0.01002	0.00633	0.00633	0.01266	0.01899	0.02691	0.71879	0.05012	0.06331	0.01372	0.00791	0.00211	0.00317	0.01213	0.00739	0.00633
12	0.18009	0.01266	0.01380	0.01150	0.01568	0.05647	0.00919	0.06931	0.01751	0.39589	0.02298	0.12870	0.01806	0.00968	0.00646	0.00215	0.00585	0.00777	0.00677	0.00949
13	0.01712	0.02988	0.51410	0.01801	0.02654	0.01717	0.02114	0.22729	0.01944	0.02764	0.01328	0.01476	0.00938	0.00688	0.00648	0.00209	0.00915	0.00529	0.00401	0.01037
14	0.01044	0.01519	0.23508	0.01165	0.01490	0.00905	0.01126	0.01325	0.01209	0.01686	0.02308	0.25187	0.02545	0.29970	0.01763	0.00398	0.00679	0.01107	0.00433	0.00633
15	0.01534	0.01901	0.23081	0.01439	0.01968	0.01404	0.01426	0.05144	0.29499	0.06215	0.02481	0.07353	0.04738	0.00983	0.00692	0.00226	0.00662	0.04957	0.03347	0.00951
16	0.01924	0.06087	0.07705	0.02734	0.30123	0.16177	0.09537	0.04004	0.03429	0.07402	0.01344	0.01599	0.01058	0.00665	0.00705	0.00200	0.03380	0.00576	0.00383	0.00968
17	0.07851	0.04599	0.04124	0.01323	0.01787	0.13749	0.01086	0.08068	0.22770	0.05688	0.01783	0.01928	0.01399	0.00758	0.00604	0.00185	0.00683	0.02783	0.00518	0.18314
18	0.01922	0.03628	0.01674	0.01488	0.04073	0.16351	0.01141	0.07659	0.23997	0.09736	0.06833	0.02628	0.03945	0.00967	0.00798	0.00218	0.06237	0.05215	0.00575	0.00916

[dist]
# distance from previous block
# <min> <max>
2	9

[block]
# block no. 3 follows, 32 sequences, length 41
# corresponding to MSA columns:
# 461-501
name=unknown_D
#
# <colnr> <probs for GDERKNQSTAVLIFYWHMCP>
#	G	D	E	R	K	N	Q	S	T	A	V	L	I	F	Y	W	H	M	C	P
0	0.07599	0.33866	0.04506	0.01209	0.01767	0.01944	0.01105	0.13353	0.03771	0.12304	0.01383	0.01430	0.01063	0.00653	0.00526	0.00165	0.00659	0.00465	0.00462	0.11769
1	0.05251	0.10371	0.07053	0.02129	0.05486	0.07377	0.32422	0.05040	0.04456	0.09321	0.01472	0.01763	0.01121	0.02837	0.00761	0.00219	0.00932	0.00655	0.00413	0.00919
2	0.01937	0.02134	0.03103	0.02331	0.02898	0.18913	0.41310	0.11460	0.04848	0.02336	0.01374	0.01670	0.01042	0.00643	0.00726	0.00210	0.01071	0.00679	0.00400	0.00913
3	0.01028	0.00697	0.00970	0.00970	0.01099	0.00788	0.00751	0.01285	0.01157	0.01783	0.01891	0.02604	0.01688	0.04019	0.56293	0.00859	0.01443	0.00697	0.19374	0.00605
4	0.01794	0.76823	0.03516	0.01148	0.01722	0.02655	0.01148	0.02009	0.01363	0.01579	0.00933	0.01076	0.00861	0.00574	0.00431	0.00144	0.00718	0.00359	0.00287	0.00861
5	0.01584	0.01810	0.03959	0.02828	0.03507	0.01697	0.69796	0.02149	0.01584	0.02149	0.01357	0.01810	0.01018	0.00566	0.00792	0.00226	0.01131	0.00792	0.00339	0.00905
6	0.01661	0.01594	0.02724	0.04119	0.72233	0.01594	0.02059	0.02059	0.01528	0.02192	0.01262	0.01661	0.01063	0.00598	0.00664	0.00199	0.00797	0.00598	0.00332	0.01063
7	0.02506	0.03198	0.01901	0.01729	0.02074	0.73725	0.01296	0.02679	0.01901	0.01642	0.01037	0.01210	0.00864	0.00691	0.00605	0.00173	0.01210	0.00432	0.00346	0.00778
8	0.00793	0.00680	0.00680	0.00680	0.00906	0.00566	0.00510	0.00963	0.01529	0.01813	0.06797	0.06457	0.71961	0.01699	0.00793	0.00227	0.00340	0.01416	0.00623	0.00566
9	0.01267	0.01193	0.02013	0.74806	0.04621	0.01491	0.01863	0.01714	0.01342	0.01714	0.01193	0.01789	0.00894	0.00671	0.00671	0.00224	0.00894	0.00596	0.00298	0.00745
10	0.01267	0.01193	0.02013	0.74806	0.04621	0.01491	0.01863	0.01714	0.01342	0.01714	0.01193	0.01789	0.00894	0.00671	0.00671	0.00224	0.00894	0.00596	0.00298	0.00745
11	0.01267	0.01193	0.02013	0.74806	0.04621	0.01491	0.01863	0.01714	0.01342	0.01714	0.01193	0.01789	0.00894	0.00671	0.00671	0.00224	0.00894	0.00596	0.00298	0.00745
12	0.00950	0.00686	0.00897	0.00844	0.01002	0.00633	0.00633	0.01266	0.01899	0.02691	0.71879	0.05012	0.06331	0.01372	0.00791	0.00211	0.00317	0.01213	0.00739	0.00633
13	0.00959	0.00719	0.01078	0.01078	0.01198	0.00839	0.00839	0.01198	0.01078	0.01558	0.01797	0.02636	0.01677	0.05032	0.73760	0.01078	0.01797	0.00719	0.00359	0.00599
14	0.01794	0.76823	0.03516	0.01148	0.01722	0.02655	0.01148	0.02009	0.01363	0.01579	0.00933	0.01076	0.00861	0.00574	0.00431	0.00144	0.00718	0.00359	0.00287	0.00861
15	0.03010	0.01142	0.01557	0.01194	0.01713	0.00986	0.00986	0.03270	0.01920	0.72698	0.02647	0.02284	0.01661	0.00830	0.00675	0.00208	0.00571	0.00675	0.00830	0.01142
16	0.00818	0.00584	0.00779	0.00934	0.00973	0.00545	0.00623	0.00934	0.01285	0.01713	0.03698	0.75981	0.04438	0.02102	0.00856	0.00273	0.00389	0.01908	0.00623	0.00545
17	0.02506	0.03198	0.01901	0.01729	0.02074	0.73725	0.01296	0.02679	0.01901	0.01642	0.01037	0.01210	0.00864	0.00691	0.00605	0.00173	0.01210	0.00432	0.00346	0.00778
18	0.00950	0.00686	0.00897	0.00844	0.01002	0.00633	0.00633	0.01266	0.01899	0.02691	0.71879	0.05012	0.06331	0.01372	0.00791	0.00211	0.00317	0.01213	0.00739	0.00633
19	0.00818	0.00584	0.00779	0.00934	0.00973	0.00545	0.00623	0.00934	0.01285	0.01713	0.03698	0.75981	0.04438	0.02102	0.00856	0.00273	0.00389	0.01908	0.00623	0.00545
20	0.01081	0.00772	0.01081	0.01236	0.01390	0.00772	0.01081	0.01390	0.01545	0.02008	0.03553	0.07569	0.03862	0.01854	0.00927	0.00309	0.00618	0.67717	0.00618	0.00618
21	0.03010	0.01142	0.01557	0.01194	0.01713	0.00986	0.00986	0.03270	0.01920	0.72698	0.02647	0.02284	0.01661	0.00830	0.00675	0.00208	0.00571	0.00675	0.00830	0.01142
22	0.01025	0.00746	0.01009	0.01145	0.01298	0.00729	0.00976	0.01302	0.01522	0.01961	0.03952	0.13002	0.12048	0.01855	0.00905	0.00296	0.00566	0.54438	0.00619	0.00606
23	0.02353	0.02985	0.04768	0.01922	0.05230	0.59797	0.06946	0.04725	0.01881	0.01807	0.01097	0.01299	0.00894	0.00679	0.00626	0.00181	0.01163	0.00476	0.00353	0.00820
24	0.00812	0.00680	0.00706	0.00699	0.00918	0.00574	0.00525	0.00999	0.01574	0.01918	0.14576	0.06285	0.64117	0.01660	0.00793	0.00225	0.00337	0.01392	0.00637	0.00574
25	0.00793	0.00680	0.00680	0.00680	0.00906	0.00566	0.00510	0.00963	0.01529	0.01813	0.06797	0.06457	0.71961	0.01699	0.00793	0.00227	0.00340	0.01416	0.00623	0.00566
26	0.02551	0.01879	0.02014	0.01544	0.02081	0.02081	0.01275	0.69996	0.03155	0.04229	0.01611	0.01611	0.01141	0.00805	0.00671	0.00201	0.00738	0.00604	0.00671	0.01141
27	0.01661	0.01594	0.02724	0.04119	0.72233	0.01594	0.02059	0.02059	0.01528	0.02192	0.01262	0.01661	0.01063	0.00598	0.00664	0.00199	0.00797	0.00598	0.00332	0.01063
28	0.01478	0.25076	0.52493	0.01687	0.02556	0.01881	0.02087	0.02091	0.01401	0.01964	0.01124	0.01316	0.00853	0.00619	0.00577	0.00192	0.00911	0.00455	0.00284	0.00953
29	0.01661	0.01594	0.02724	0.04119	0.72233	0.01594	0.02059	0.02059	0.01528	0.02192	0.01262	0.01661	0.01063	0.00598	0.00664	0.00199	0.00797	0.00598	0.00332	0.01063
30	0.01661	0.01594	0.02724	0.04119	0.72233	0.01594	0.02059	0.02059	0.01528	0.02192	0.01262	0.01661	0.01063	0.00598	0.00664	0.00199	0.00797	0.00598	0.00332	0.01063
31	0.01346	0.03471	0.72942	0.01912	0.02904	0.01558	0.02479	0.02125	0.01417	0.02125	0.01204	0.01417	0.00850	0.00637	0.00637	0.00212	0.00992	0.00496	0.00283	0.00992
32	0.00793	0.00680	0.00680	0.00680	0.00906	0.00566	0.00510	0.00963	0.01529	0.01813	0.06797	0.06457	0.71961	0.01699	0.00793	0.00227	0.00340	0.01416	0.00623	0.00566
33	0.01284	0.01209	0.02042	0.71860	0.07440	0.01495	0.01872	0.01729	0.01349	0.01734	0.01196	0.01784	0.00901	0.00668	0.00671	0.00223	0.00890	0.00596	0.00300	0.00759
34	0.01166	0.00583	0.00874	0.00874	0.00874	0.00583	0.00583	0.00874	0.00874	0.01166	0.01166	0.02040	0.01166	0.02331	0.02622	0.80478	0.00583	0.00583	0.00291	0.00291
35	0.00879	0.00709	0.00883	0.00940	0.01036	0.00713	0.00677	0.01016	0.01336	0.01735	0.04401	0.45507	0.25924	0.01873	0.00980	0.00260	0.08364	0.01607	0.00588	0.00572
36	0.81159	0.01298	0.00986	0.00882	0.01298	0.01505	0.00727	0.01972	0.01142	0.03010	0.00934	0.01090	0.00727	0.00623	0.00415	0.00208	0.00519	0.00363	0.00415	0.00727
37	0.00818	0.00584	0.00779	0.00934	0.00973	0.00545	0.00623	0.00934	0.01285	0.01713	0.03698	0.75981	0.04438	0.02102	0.00856	0.00273	0.00389	0.01908	0.00623	0.00545
38	0.01391	0.01193	0.01391	0.00994	0.01590	0.00894	0.00795	0.01690	0.01391	0.02186	0.01193	0.01391	0.00994	0.00497	0.00497	0.00099	0.00497	0.00398	0.00398	0.80521
39	0.01960	0.01471	0.01596	0.01371	0.01791	0.01649	0.01085	0.13405	0.52674	0.11371	0.02554	0.02345	0.01867	0.00885	0.00680	0.00221	0.00567	0.00726	0.00699	0.01083
40	0.02488	0.02850	0.01913	0.01676	0.02065	0.55639	0.01284	0.17406	0.04520	0.02246	0.01220	0.01341	0.00965	0.00724	0.00622	0.00181	0.01084	0.00481	0.00428	0.00867

[dist]
# distance from previous block
# <min> <max>
0	1

[block]
# block no. 4 follows, 32 sequences, length 32
# corresponding to MSA columns:
# 503-534
name=unknown_E
#
# <colnr> <probs for GDERKNQSTAVLIFYWHMCP>
#	G	D	E	R	K	N	Q	S	T	A	V	L	I	F	Y	W	H	M	C	P
0	0.02487	0.01818	0.01956	0.01517	0.02040	0.02010	0.01247	0.62034	0.09115	0.06248	0.01742	0.01711	0.01238	0.00816	0.00672	0.00204	0.00715	0.00620	0.00677	0.01134
1	0.01400	0.00841	0.01154	0.01060	0.01282	0.00795	0.03234	0.01719	0.05236	0.16912	0.24451	0.28588	0.06146	0.01463	0.00812	0.00235	0.01946	0.01294	0.00688	0.00741
2	0.01519	0.02263	0.22776	0.02578	0.03342	0.01659	0.51434	0.02143	0.01538	0.02143	0.01316	0.01703	0.00972	0.00585	0.00750	0.00222	0.01093	0.00711	0.00324	0.00929
3	0.01402	0.03087	0.57659	0.02038	0.02945	0.01587	0.13707	0.02204	0.05053	0.02164	0.01309	0.01539	0.00940	0.00640	0.00666	0.00216	0.00991	0.00559	0.00313	0.00981
4	0.01357	0.00846	0.00789	0.00754	0.00920	0.04921	0.00552	0.05288	0.01472	0.02383	0.02081	0.02636	0.01737	0.11102	0.00890	0.00227	0.00434	0.00661	0.60317	0.00632
5	0.01470	0.09339	0.11233	0.04700	0.03907	0.02968	0.01231	0.09554	0.05267	0.05241	0.05305	0.18283	0.06581	0.01219	0.00784	0.00230	0.03948	0.07410	0.00520	0.00809
6	0.02245	0.08414	0.13901	0.01609	0.02213	0.03200	0.12024	0.10927	0.01861	0.30639	0.01934	0.04945	0.01390	0.00782	0.00671	0.00207	0.00769	0.00673	0.00576	0.01022
7	0.00826	0.00600	0.00783	0.00924	0.00985	0.00556	0.00632	0.00956	0.01317	0.01734	0.03966	0.66962	0.10385	0.02056	0.00854	0.00270	0.00395	0.04626	0.00623	0.00550
8	0.01360	0.03375	0.68967	0.01965	0.02939	0.01566	0.06359	0.02126	0.01426	0.02126	0.01213	0.01439	0.00860	0.00633	0.00646	0.00213	0.01000	0.00513	0.00287	0.00987
9	0.01499	0.01760	0.11891	0.13994	0.38895	0.05597	0.01842	0.01921	0.01526	0.02076	0.05528	0.02184	0.06892	0.00749	0.00675	0.00206	0.00800	0.00673	0.00366	0.00926
10	0.01495	0.22260	0.45450	0.01840	0.02681	0.01862	0.11397	0.02098	0.01426	0.01987	0.01155	0.01383	0.00876	0.00611	0.00605	0.00197	0.00940	0.00501	0.00292	0.00946
11	0.01983	0.02234	0.02263	0.06160	0.35666	0.32767	0.01677	0.02282	0.01682	0.01924	0.01263	0.01734	0.01093	0.00697	0.00651	0.00194	0.00972	0.03503	0.00349	0.00905
12	0.01558	0.02096	0.19084	0.02645	0.23986	0.07609	0.17218	0.02034	0.01509	0.02087	0.01449	0.06549	0.01238	0.00734	0.00731	0.00212	0.03170	0.00692	0.04480	0.00919
13	0.01586	0.01703	0.10710	0.11303	0.29809	0.01487	0.16813	0.02079	0.03269	0.06567	0.01572	0.07201	0.01320	0.00737	0.00705	0.00216	0.00853	0.00734	0.00386	0.00950
14	0.01542	0.01231	0.01907	0.28810	0.22548	0.01339	0.01538	0.02059	0.07653	0.08690	0.05811	0.02249	0.03665	0.00767	0.00664	0.00209	0.00706	0.00681	0.07049	0.00878
15	0.03678	0.00979	0.01444	0.29750	0.02557	0.01043	0.04076	0.01551	0.01441	0.08443	0.03333	0.11806	0.22890	0.03133	0.00798	0.00239	0.00631	0.01013	0.00492	0.00703
16	0.01661	0.09649	0.41412	0.05395	0.08878	0.04808	0.06592	0.02240	0.01506	0.09738	0.01344	0.01536	0.00972	0.00648	0.00635	0.00204	0.00918	0.00533	0.00355	0.00975
17	0.01455	0.01317	0.02122	0.58197	0.04117	0.01565	0.06470	0.10960	0.01616	0.02107	0.02899	0.01841	0.01062	0.00698	0.00682	0.00220	0.00876	0.00625	0.00362	0.00807
18	0.00793	0.00680	0.00680	0.00680	0.00906	0.00566	0.00510	0.00963	0.01529	0.01813	0.06797	0.06457	0.71961	0.01699	0.00793	0.00227	0.00340	0.01416	0.00623	0.00566
19	0.01548	0.01888	0.15449	0.17760	0.35843	0.01596	0.09564	0.04463	0.01535	0.02152	0.01261	0.01657	0.00988	0.00624	0.00675	0.00210	0.00887	0.00601	0.00329	0.00971
20	0.01712	0.01855	0.15879	0.02155	0.07468	0.01444	0.28074	0.02355	0.08503	0.13420	0.02028	0.04010	0.04641	0.00780	0.00730	0.00222	0.00865	0.02438	0.00468	0.00954
21	0.01661	0.01594	0.02724	0.04119	0.72233	0.01594	0.02059	0.02059	0.01528	0.02192	0.01262	0.01661	0.01063	0.00598	0.00664	0.00199	0.00797	0.00598	0.00332	0.01063
22	0.01720	0.01727	0.05262	0.03704	0.04325	0.08384	0.13730	0.02754	0.31472	0.05339	0.01986	0.02219	0.01553	0.00860	0.00875	0.00230	0.09299	0.03106	0.00510	0.00945
23	0.01519	0.02002	0.14872	0.09972	0.08632	0.01646	0.47038	0.02095	0.01528	0.02105	0.01309	0.01733	0.00982	0.00590	0.00745	0.00222	0.01060	0.00710	0.00326	0.00915
24	0.01458	0.01546	0.03128	0.02395	0.04577	0.01509	0.47894	0.01989	0.04403	0.02082	0.01752	0.06467	0.01550	0.01072	0.05070	0.00288	0.04404	0.07178	0.00394	0.00843
25	0.00818	0.00584	0.00779	0.00934	0.00973	0.00545	0.00623	0.00934	0.01285	0.01713	0.03698	0.75981	0.04438	0.02102	0.00856	0.00273	0.00389	0.01908	0.00623	0.00545
26	0.01494	0.04877	0.02246	0.28908	0.03014	0.08849	0.09322	0.01804	0.01321	0.01718	0.01199	0.05042	0.01064	0.00887	0.01175	0.00240	0.25111	0.00650	0.00321	0.00759
27	0.01481	0.21178	0.43380	0.05924	0.02784	0.01841	0.10424	0.02076	0.01420	0.01971	0.01156	0.01402	0.00876	0.00615	0.00608	0.00198	0.00936	0.00504	0.00292	0.00935
28	0.00841	0.00607	0.00802	0.00949	0.01009	0.00568	0.00660	0.00979	0.01323	0.01746	0.03858	0.65598	0.08168	0.02056	0.00860	0.00273	0.00408	0.08119	0.00622	0.00553
29	0.00818	0.00667	0.00723	0.00738	0.00929	0.00572	0.00542	0.01000	0.01545	0.01917	0.15138	0.16025	0.53630	0.01712	0.00802	0.00231	0.00344	0.01458	0.00639	0.00572
30	0.00877	0.00663	0.00950	0.01039	0.01127	0.00621	0.03872	0.01035	0.01334	0.01765	0.03716	0.62988	0.07286	0.01989	0.00857	0.00272	0.00443	0.07989	0.00609	0.00569
31	0.01774	0.01950	0.03341	0.02699	0.10955	0.10724	0.45713	0.07152	0.01709	0.02221	0.01306	0.01689	0.01007	0.00628	0.00803	0.00217	0.04130	0.00703	0.00362	0.00917

[dist]
# distance from previous block
# <min> <max>
0	7

[block]
# block no. 5 follows, 32 sequences, length 19
# corresponding to MSA columns:
# 542-560
name=unknown_F
#
# <colnr> <probs for GDERKNQSTAVLIFYWHMCP>
#	G	D	E	R	K	N	Q	S	T	A	V	L	I	F	Y	W	H	M	C	P
0	0.01488	0.01567	0.02745	0.02144	0.02408	0.01860	0.27897	0.01796	0.01253	0.01825	0.01171	0.04397	0.01067	0.00973	0.01605	0.00267	0.43703	0.00716	0.00324	0.00793
1	0.00856	0.00682	0.00766	0.00745	0.00945	0.00593	0.00559	0.01084	0.01677	0.02163	0.32774	0.05881	0.45766	0.01569	0.00792	0.00220	0.00331	0.01335	0.00669	0.00593
2	0.02537	0.01480	0.01720	0.01356	0.01838	0.01530	0.01105	0.36713	0.05478	0.29209	0.02217	0.08142	0.01649	0.00928	0.00689	0.00211	0.00638	0.00746	0.00726	0.01088
3	0.00950	0.00654	0.00760	0.00770	0.00800	0.00653	0.00465	0.00991	0.01048	0.01389	0.02560	0.08969	0.08021	0.59758	0.08951	0.00629	0.00706	0.01049	0.00434	0.00444
4	0.01642	0.01575	0.02689	0.07525	0.68975	0.01589	0.02050	0.02043	0.01519	0.02169	0.01259	0.01667	0.01055	0.00601	0.00665	0.00200	0.00802	0.00598	0.00330	0.01048
5	0.09172	0.02551	0.01865	0.01589	0.02011	0.41222	0.01241	0.27422	0.02299	0.02711	0.01240	0.01348	0.00955	0.00728	0.00613	0.00186	0.00978	0.00490	0.00472	0.00907
6	0.00829	0.00592	0.00789	0.00927	0.00976	0.00552	0.00624	0.00962	0.01336	0.01795	0.09423	0.70022	0.04597	0.02041	0.00851	0.00267	0.00383	0.01849	0.00633	0.00552
7	0.01134	0.00737	0.00896	0.00826	0.01051	0.00650	0.00630	0.01391	0.01769	0.10529	0.40505	0.05212	0.29296	0.01426	0.00778	0.00216	0.00355	0.01223	0.00708	0.00668
8	0.01514	0.02812	0.50427	0.01956	0.02799	0.01477	0.14086	0.02173	0.01486	0.08631	0.01495	0.05473	0.01143	0.00719	0.00680	0.00218	0.00946	0.00638	0.00362	0.00967
9	0.01267	0.01193	0.02013	0.74806	0.04621	0.01491	0.01863	0.01714	0.01342	0.01714	0.01193	0.01789	0.00894	0.00671	0.00671	0.00224	0.00894	0.00596	0.00298	0.00745
10	0.02506	0.03198	0.01901	0.01729	0.02074	0.73725	0.01296	0.02679	0.01901	0.01642	0.01037	0.01210	0.00864	0.00691	0.00605	0.00173	0.01210	0.00432	0.00346	0.00778
11	0.01485	0.01417	0.02445	0.27042	0.32036	0.01536	0.09359	0.03978	0.01471	0.02022	0.01295	0.01795	0.01051	0.01014	0.06862	0.00287	0.03050	0.00629	0.00333	0.00894
12	0.03865	0.02237	0.31606	0.07724	0.02357	0.06963	0.01668	0.05603	0.03508	0.07481	0.04833	0.05111	0.04069	0.01194	0.06539	0.00285	0.00905	0.02746	0.00428	0.00876
13	0.02092	0.01842	0.01598	0.05254	0.01885	0.29395	0.03092	0.02356	0.03565	0.18962	0.04354	0.16099	0.02058	0.01058	0.00698	0.00212	0.00812	0.03301	0.00545	0.00821
14	0.01346	0.03471	0.72942	0.01912	0.02904	0.01558	0.02479	0.02125	0.01417	0.02125	0.01204	0.01417	0.00850	0.00637	0.00637	0.00212	0.00992	0.00496	0.00283	0.00992
15	0.02006	0.06305	0.09260	0.10758	0.17229	0.09409	0.05164	0.17593	0.01934	0.09663	0.01454	0.01651	0.01082	0.00693	0.00647	0.00199	0.00836	0.00576	0.02561	0.00982
16	0.01223	0.01164	0.02078	0.10309	0.11743	0.01138	0.20204	0.01580	0.01541	0.02081	0.15375	0.13532	0.10763	0.03198	0.00843	0.00238	0.00697	0.01057	0.00483	0.00753
17	0.34722	0.01367	0.01465	0.11791	0.01949	0.06169	0.02786	0.04274	0.01287	0.02342	0.01159	0.01540	0.00962	0.01308	0.10418	0.00334	0.11958	0.00509	0.02927	0.00733
18	0.47703	0.01105	0.00935	0.00888	0.01199	0.03242	0.00700	0.01635	0.01316	0.02570	0.07899	0.11008	0.13342	0.01068	0.00579	0.00221	0.00482	0.02934	0.00503	0.00670

[dist]
# distance from previous block
# <min> <max>
2	3

[block]
# block no. 6 follows, 32 sequences, length 64
# corresponding to MSA columns:
# 564-592,617-651
name=unknown_G
#
# <colnr> <probs for GDERKNQSTAVLIFYWHMCP>
#	G	D	E	R	K	N	Q	S	T	A	V	L	I	F	Y	W	H	M	C	P
0	0.05573	0.01671	0.01871	0.01912	0.16352	0.10508	0.01275	0.18487	0.07053	0.15904	0.05953	0.01931	0.01541	0.00766	0.00647	0.00194	0.00712	0.00618	0.00565	0.06467
1	0.01607	0.01203	0.01419	0.01045	0.01606	0.00969	0.00838	0.04235	0.04537	0.10135	0.03929	0.01674	0.01307	0.00593	0.00541	0.00124	0.00508	0.00480	0.00479	0.62770
2	0.02477	0.02916	0.01902	0.01684	0.02061	0.59436	0.01283	0.13226	0.05076	0.02096	0.01200	0.01328	0.00959	0.00719	0.00619	0.00180	0.01107	0.00473	0.00411	0.00847
3	0.02549	0.01827	0.01975	0.01520	0.02051	0.02010	0.01254	0.64466	0.05119	0.07822	0.01699	0.01673	0.01196	0.00810	0.00672	0.00202	0.00723	0.00612	0.00680	0.01139
4	0.02605	0.01215	0.01557	0.01229	0.01685	0.01166	0.01002	0.15717	0.02022	0.48554	0.02329	0.02278	0.01594	0.04267	0.09249	0.00325	0.00748	0.00678	0.00729	0.01050
5	0.00813	0.00681	0.00707	0.00701	0.00919	0.00575	0.00526	0.01002	0.01577	0.01925	0.15114	0.06273	0.63575	0.01657	0.00793	0.00225	0.00337	0.01390	0.00638	0.00575
6	0.01610	0.01830	0.03647	0.02655	0.03240	0.04843	0.58822	0.02109	0.01532	0.02065	0.01288	0.01744	0.00995	0.00643	0.00949	0.00232	0.09830	0.00752	0.00334	0.00879
7	0.00818	0.00584	0.00779	0.00934	0.00973	0.00545	0.00623	0.00934	0.01285	0.01713	0.03698	0.75981	0.04438	0.02102	0.00856	0.00273	0.00389	0.01908	0.00623	0.00545
8	0.01391	0.01193	0.01391	0.00994	0.01590	0.00894	0.00795	0.01690	0.01391	0.02186	0.01193	0.01391	0.00994	0.00497	0.00497	0.00099	0.00497	0.00398	0.00398	0.80521
9	0.00976	0.00651	0.00732	0.00732	0.00732	0.00651	0.00407	0.00976	0.00976	0.01301	0.02114	0.04391	0.02439	0.76419	0.03415	0.00651	0.00651	0.00976	0.00407	0.00407
10	0.00796	0.00668	0.00692	0.00711	0.00915	0.00564	0.00524	0.00959	0.01499	0.01800	0.06413	0.15070	0.63596	0.01749	0.00801	0.00232	0.00346	0.01477	0.00623	0.00564
11	0.00847	0.00678	0.00757	0.00746	0.00942	0.00588	0.00556	0.01064	0.01644	0.02105	0.28630	0.08947	0.46918	0.01606	0.00795	0.00223	0.00334	0.01369	0.00662	0.00588
12	0.00914	0.00679	0.00851	0.00819	0.00983	0.00616	0.00610	0.01193	0.01798	0.02478	0.56319	0.09157	0.18158	0.01471	0.00795	0.00217	0.00325	0.01288	0.00711	0.00616
13	0.02465	0.03039	0.01915	0.01718	0.02061	0.66069	0.01302	0.06944	0.01944	0.01807	0.01067	0.01247	0.00883	0.00719	0.00678	0.00180	0.04348	0.00450	0.00364	0.00799
14	0.01723	0.01468	0.01547	0.01376	0.01765	0.01694	0.01075	0.07601	0.66898	0.02893	0.02663	0.02449	0.01993	0.00904	0.00682	0.00226	0.00544	0.00749	0.00682	0.01067
15	0.02170	0.20890	0.04747	0.01511	0.01954	0.16442	0.01305	0.24219	0.02028	0.05522	0.01249	0.01398	0.00989	0.00775	0.00824	0.00196	0.11896	0.00505	0.00448	0.00933
16	0.01625	0.07724	0.02704	0.12306	0.58378	0.01669	0.01961	0.02014	0.01492	0.02085	0.01227	0.01628	0.01026	0.00605	0.00646	0.00198	0.00802	0.00578	0.00324	0.01008
17	0.01820	0.04899	0.02631	0.03548	0.57008	0.03539	0.01884	0.12172	0.01772	0.02455	0.01294	0.01617	0.01061	0.00630	0.00654	0.00197	0.00795	0.00584	0.00381	0.01059
18	0.01823	0.01438	0.01545	0.01360	0.01759	0.01633	0.01066	0.06823	0.61994	0.08617	0.02669	0.02441	0.01972	0.00899	0.00682	0.00225	0.00545	0.00744	0.00694	0.01073
19	0.01213	0.01165	0.04142	0.01544	0.11832	0.04622	0.01058	0.01569	0.04572	0.02224	0.30105	0.09535	0.09555	0.01394	0.03972	0.00260	0.08932	0.01020	0.00554	0.00733
20	0.00807	0.00678	0.00701	0.00700	0.00916	0.00572	0.00523	0.00988	0.01555	0.01885	0.12281	0.08078	0.64658	0.01681	0.00794	0.00226	0.00339	0.01411	0.00633	0.00572
21	0.02061	0.49214	0.02911	0.01366	0.01854	0.29306	0.01204	0.02260	0.01565	0.01602	0.00972	0.01126	0.00862	0.00618	0.00496	0.00155	0.00902	0.00386	0.00309	0.00830
22	0.01251	0.00625	0.00625	0.00625	0.00782	0.00625	0.00469	0.01563	0.01407	0.02502	0.02189	0.02502	0.01720	0.00782	0.00469	0.00156	0.00313	0.00625	0.80144	0.00625
23	0.02507	0.02027	0.01999	0.03759	0.02156	0.11218	0.01296	0.59352	0.02940	0.03823	0.01525	0.01565	0.01098	0.00787	0.00663	0.00198	0.00803	0.00582	0.00618	0.01083
24	0.00816	0.00681	0.00712	0.00704	0.00921	0.00576	0.00528	0.01008	0.01584	0.01943	0.16472	0.06243	0.62205	0.01651	0.00793	0.00224	0.00336	0.01386	0.00640	0.00576
25	0.02369	0.01745	0.01879	0.01487	0.01987	0.01936	0.01213	0.51677	0.18718	0.07011	0.01916	0.01847	0.01373	0.00831	0.00674	0.00208	0.00683	0.00643	0.00681	0.01123
26	0.02415	0.02972	0.01926	0.01796	0.04990	0.63751	0.01314	0.05482	0.01905	0.01794	0.01073	0.01257	0.00889	0.00695	0.00638	0.00175	0.02606	0.00448	0.00360	0.03511
27	0.01794	0.76823	0.03516	0.01148	0.01722	0.02655	0.01148	0.02009	0.01363	0.01579	0.00933	0.01076	0.00861	0.00574	0.00431	0.00144	0.00718	0.00359	0.00287	0.00861
28	0.01661	0.01594	0.02724	0.04119	0.72233	0.01594	0.02059	0.02059	0.01528	0.02192	0.01262	0.01661	0.01063	0.00598	0.00664	0.00199	0.00797	0.00598	0.00332	0.01063
29	0.01793	0.01443	0.01723	0.12269	0.04944	0.01628	0.01288	0.23705	0.25908	0.02943	0.02227	0.02885	0.01843	0.00979	0.00715	0.00231	0.00673	0.11235	0.00599	0.00970
30	0.01365	0.06543	0.70035	0.01880	0.02855	0.01604	0.02423	0.02120	0.01414	0.02102	0.01193	0.01402	0.00850	0.00635	0.00629	0.00210	0.00980	0.00490	0.00283	0.00986
31	0.00959	0.00717	0.01067	0.01067	0.01182	0.00832	0.00824	0.01191	0.01075	0.01549	0.01808	0.02695	0.01703	0.07440	0.71387	0.01064	0.01759	0.00728	0.00361	0.00593
32	0.01029	0.00768	0.00937	0.00997	0.01137	0.00753	0.00732	0.06856	0.04451	0.02055	0.06567	0.45700	0.14107	0.01827	0.00830	0.00260	0.00441	0.09289	0.00633	0.00631
33	0.00953	0.00641	0.00739	0.00761	0.00766	0.00635	0.00438	0.00970	0.01020	0.01360	0.02341	0.14634	0.02725	0.65785	0.03049	0.00596	0.00613	0.01109	0.00438	0.00426
34	0.01970	0.02244	0.02326	0.02695	0.29522	0.32740	0.06847	0.02269	0.01697	0.01959	0.05447	0.01673	0.01286	0.00705	0.00716	0.00194	0.03880	0.00578	0.00362	0.00889
35	0.00976	0.00651	0.00732	0.00732	0.00732	0.00651	0.00407	0.00976	0.00976	0.01301	0.02114	0.04391	0.02439	0.76419	0.03415	0.00651	0.00651	0.00976	0.00407	0.00407
36	0.02146	0.34657	0.06107	0.01481	0.01965	0.36654	0.01290	0.05275	0.01701	0.01751	0.01026	0.01180	0.00874	0.00643	0.00535	0.00163	0.00968	0.00411	0.00332	0.00840
37	0.01897	0.56256	0.03160	0.01575	0.09628	0.14308	0.01274	0.02126	0.01471	0.01657	0.00987	0.01164	0.00884	0.00596	0.00485	0.00155	0.00808	0.00398	0.00302	0.00870
38	0.01658	0.01544	0.02456	0.11742	0.48333	0.01620	0.03694	0.05607	0.12149	0.02330	0.01497	0.01805	0.01196	0.00663	0.00672	0.00207	0.00774	0.00628	0.00398	0.01025
39	0.00976	0.00651	0.00732	0.00732	0.00732	0.00651	0.00407	0.00976	0.00976	0.01301	0.02114	0.04391	0.02439	0.76419	0.03415	0.00651	0.00651	0.00976	0.00407	0.00407
40	0.01384	0.03220	0.63012	0.02122	0.07165	0.01572	0.07982	0.02123	0.01437	0.02131	0.01220	0.01464	0.00877	0.00629	0.00652	0.00213	0.00991	0.00526	0.00291	0.00989
41	0.00853	0.00694	0.00764	0.00781	0.00989	0.00605	0.00609	0.01061	0.01573	0.01940	0.13626	0.06460	0.54466	0.01685	0.00813	0.00237	0.00379	0.11249	0.00635	0.00582
42	0.01577	0.01632	0.02186	0.01910	0.04649	0.07516	0.06809	0.01875	0.05410	0.01754	0.01057	0.01545	0.00968	0.01051	0.01816	0.00271	0.56262	0.00602	0.00326	0.00783
43	0.01794	0.76823	0.03516	0.01148	0.01722	0.02655	0.01148	0.02009	0.01363	0.01579	0.00933	0.01076	0.00861	0.00574	0.00431	0.00144	0.00718	0.00359	0.00287	0.00861
44	0.01794	0.76823	0.03516	0.01148	0.01722	0.02655	0.01148	0.02009	0.01363	0.01579	0.00933	0.01076	0.00861	0.00574	0.00431	0.00144	0.00718	0.00359	0.00287	0.00861
45	0.01041	0.00708	0.00834	0.00815	0.01002	0.00640	0.00606	0.01241	0.01541	0.07086	0.19012	0.10658	0.32943	0.08893	0.04180	0.00304	0.00459	0.04097	0.03329	0.00611
46	0.01413	0.13715	0.54925	0.01841	0.02715	0.01697	0.07387	0.02074	0.01409	0.02027	0.01200	0.01446	0.00897	0.00795	0.03478	0.00238	0.00995	0.00508	0.00291	0.00951
47	0.00905	0.00684	0.00836	0.00798	0.00975	0.00614	0.00598	0.01181	0.01795	0.02443	0.53491	0.05420	0.24874	0.01464	0.00792	0.00215	0.00323	0.01271	0.00706	0.00614
48	0.00818	0.00584	0.00779	0.00934	0.00973	0.00545	0.00623	0.00934	0.01285	0.01713	0.03698	0.75981	0.04438	0.02102	0.00856	0.00273	0.00389	0.01908	0.00623	0.00545
49	0.01661	0.01588	0.02673	0.04003	0.69281	0.01597	0.02017	0.02122	0.04438	0.02218	0.01324	0.01696	0.01104	0.00611	0.00665	0.00200	0.00786	0.00605	0.00347	0.01063
50	0.01456	0.01606	0.09402	0.45086	0.07108	0.01589	0.14454	0.07445	0.01551	0.02063	0.01262	0.01736	0.00941	0.00656	0.00690	0.00220	0.00931	0.00623	0.00336	0.00846
51	0.01005	0.00748	0.00975	0.01088	0.01262	0.00718	0.00930	0.01277	0.01541	0.01956	0.04413	0.07274	0.21915	0.01813	0.00891	0.00287	0.00544	0.50140	0.00619	0.00604
52	0.81159	0.01298	0.00986	0.00882	0.01298	0.01505	0.00727	0.01972	0.01142	0.03010	0.00934	0.01090	0.00727	0.00623	0.00415	0.00208	0.00519	0.00363	0.00415	0.00727
53	0.00890	0.00634	0.00855	0.01006	0.01073	0.00606	0.00734	0.01053	0.01342	0.01777	0.03615	0.56314	0.04231	0.04206	0.00949	0.00293	0.00456	0.18790	0.00615	0.00560
54	0.01526	0.09280	0.01355	0.01066	0.01314	0.01018	0.00816	0.05124	0.05774	0.16771	0.05049	0.41987	0.03208	0.01508	0.00750	0.00237	0.00487	0.01323	0.00639	0.00768
55	0.03247	0.00807	0.01012	0.03483	0.01196	0.00847	0.00732	0.04120	0.01276	0.01777	0.04124	0.26246	0.02908	0.26068	0.05541	0.00426	0.05148	0.06354	0.00496	0.04192
56	0.57099	0.01624	0.13064	0.01074	0.01588	0.01426	0.01032	0.02021	0.01268	0.06255	0.03930	0.01375	0.01031	0.00660	0.00484	0.00204	0.00592	0.00437	0.00426	0.04411
57	0.00913	0.00676	0.00874	0.00985	0.01087	0.00639	0.00707	0.01139	0.04142	0.01824	0.03659	0.57114	0.07024	0.01929	0.00840	0.00266	0.00430	0.10928	0.00614	0.04209
58	0.01665	0.37512	0.21934	0.01315	0.01934	0.01874	0.01415	0.02039	0.01473	0.09386	0.05861	0.05155	0.04299	0.00782	0.00569	0.00183	0.00723	0.00595	0.00400	0.00887
59	0.01677	0.05002	0.02458	0.08220	0.49887	0.04426	0.01788	0.06329	0.04628	0.02242	0.01655	0.01950	0.05389	0.00699	0.00661	0.00200	0.00773	0.00637	0.00382	0.00996
60	0.69528	0.05911	0.01289	0.01176	0.07399	0.01583	0.00866	0.01982	0.01188	0.02853	0.00962	0.01138	0.00764	0.00618	0.00437	0.00203	0.00555	0.00383	0.00400	0.00764
61	0.01656	0.07530	0.33017	0.05046	0.08097	0.08345	0.03370	0.04838	0.04344	0.06377	0.01574	0.01756	0.04215	0.00751	0.00753	0.00210	0.06236	0.00574	0.00376	0.00936
62	0.01534	0.00891	0.01002	0.03840	0.01242	0.00931	0.00719	0.13045	0.01704	0.06926	0.02156	0.06968	0.01756	0.01078	0.04169	0.00223	0.00501	0.00709	0.49866	0.00741
63	0.05372	0.04884	0.03575	0.01482	0.01949	0.12641	0.01214	0.32094	0.24034	0.03193	0.01813	0.01784	0.01349	0.00801	0.00644	0.00204	0.00740	0.00605	0.00592	0.01031

[dist]
# distance from previous block
# <min> <max>
10	204

# created by:
# /home/cegg/simao/soft/augustus-3.2.1/scripts/msa2prfl.pl ./align_prep/EOG090W0B8H.fa
