[name]
unknown

[dist]
# distance from previous block
# <min> <max>
0	19

[block]
# block no. 0 follows, 32 sequences, length 7
# corresponding to MSA columns:
# 26-32
name=unknown_A
#
# <colnr> <probs for GDERKNQSTAVLIFYWHMCP>
#	G	D	E	R	K	N	Q	S	T	A	V	L	I	F	Y	W	H	M	C	P
0	0.01081	0.00772	0.01081	0.01236	0.01390	0.00772	0.01081	0.01390	0.01545	0.02008	0.03553	0.07569	0.03862	0.01854	0.00927	0.00309	0.00618	0.67717	0.00618	0.00618
1	0.81159	0.01298	0.00986	0.00882	0.01298	0.01505	0.00727	0.01972	0.01142	0.03010	0.00934	0.01090	0.00727	0.00623	0.00415	0.00208	0.00519	0.00363	0.00415	0.00727
2	0.05972	0.02811	0.02015	0.01750	0.02139	0.55959	0.07102	0.05924	0.06544	0.01952	0.01201	0.01362	0.00964	0.00698	0.00621	0.00184	0.01103	0.00490	0.00387	0.00823
3	0.01706	0.01340	0.01797	0.01578	0.05219	0.01408	0.10222	0.07950	0.31637	0.10168	0.07768	0.07280	0.06908	0.00993	0.00721	0.00223	0.00607	0.00883	0.00631	0.00959
4	0.01178	0.00747	0.00970	0.00954	0.01144	0.00680	0.00728	0.01414	0.01611	0.10066	0.26090	0.22268	0.09803	0.04347	0.00899	0.00253	0.00431	0.11381	0.00665	0.04372
5	0.02077	0.01607	0.01651	0.01374	0.01788	0.06456	0.01093	0.33803	0.18990	0.07555	0.05324	0.08343	0.04924	0.00995	0.00696	0.00214	0.00646	0.00803	0.00659	0.01002
6	0.02110	0.01292	0.01483	0.01231	0.01653	0.01325	0.00996	0.19628	0.17150	0.24036	0.03186	0.03177	0.14157	0.01049	0.00710	0.00219	0.00566	0.04326	0.00710	0.00995

[dist]
# distance from previous block
# <min> <max>
6	55

[block]
# block no. 1 follows, 32 sequences, length 17
# corresponding to MSA columns:
# 88-104
name=unknown_B
#
# <colnr> <probs for GDERKNQSTAVLIFYWHMCP>
#	G	D	E	R	K	N	Q	S	T	A	V	L	I	F	Y	W	H	M	C	P
0	0.04045	0.01788	0.09664	0.07483	0.18473	0.07677	0.04470	0.08908	0.05952	0.06809	0.03124	0.02168	0.01413	0.00815	0.00780	0.00215	0.05968	0.05564	0.00445	0.04240
1	0.01908	0.01786	0.12728	0.02228	0.23158	0.03280	0.01552	0.11800	0.04593	0.13756	0.01609	0.01861	0.01238	0.04923	0.00848	0.00222	0.03059	0.00600	0.00476	0.08374
2	0.05931	0.01673	0.05102	0.07241	0.15282	0.14745	0.03609	0.03331	0.05822	0.02040	0.01722	0.08556	0.01616	0.05671	0.02422	0.00259	0.04168	0.04649	0.03549	0.02612
3	0.21607	0.06668	0.03323	0.01368	0.03231	0.04249	0.10281	0.04607	0.05859	0.07315	0.10506	0.02414	0.04057	0.08587	0.00948	0.00254	0.02749	0.00697	0.00487	0.00792
4	0.32649	0.01388	0.01436	0.01358	0.07194	0.04629	0.03091	0.14258	0.01720	0.07887	0.04140	0.05526	0.10365	0.00896	0.00600	0.00210	0.00600	0.00694	0.00525	0.00835
5	0.01736	0.08418	0.14816	0.01733	0.08689	0.14665	0.04602	0.05785	0.01640	0.07179	0.06174	0.05199	0.01581	0.01231	0.08405	0.00285	0.00934	0.00644	0.00424	0.05860
6	0.01348	0.01137	0.01270	0.00991	0.01471	0.00971	0.00784	0.05991	0.08930	0.02289	0.02749	0.02758	0.18419	0.00853	0.00600	0.00150	0.00477	0.00697	0.00500	0.47613
7	0.01530	0.01138	0.01344	0.01013	0.01535	0.00905	0.00804	0.04443	0.01518	0.09697	0.01897	0.07239	0.05767	0.00737	0.00567	0.00135	0.00497	0.00609	0.00485	0.58140
8	0.01736	0.01477	0.06734	0.01215	0.01766	0.01241	0.01050	0.19514	0.01883	0.06951	0.04597	0.01757	0.01351	0.00977	0.05907	0.00217	0.00687	0.00535	0.00499	0.39906
9	0.01440	0.03203	0.61530	0.01988	0.02921	0.01603	0.09559	0.06038	0.01535	0.02249	0.01244	0.01470	0.00885	0.00640	0.00656	0.00213	0.00992	0.00533	0.00312	0.00991
10	0.01251	0.00625	0.00625	0.00625	0.00782	0.00625	0.00469	0.01563	0.01407	0.02502	0.02189	0.02502	0.01720	0.00782	0.00469	0.00156	0.00313	0.00625	0.80144	0.00625
11	0.01391	0.01193	0.01391	0.00994	0.01590	0.00894	0.00795	0.01690	0.01391	0.02186	0.01193	0.01391	0.00994	0.00497	0.00497	0.00099	0.00497	0.00398	0.00398	0.80521
12	0.01080	0.00793	0.01129	0.06546	0.01583	0.00809	0.01089	0.01400	0.01569	0.02061	0.10863	0.06868	0.03916	0.01715	0.00893	0.00292	0.00605	0.55551	0.00608	0.00629
13	0.01488	0.01481	0.02126	0.02012	0.09246	0.02006	0.01531	0.01662	0.01081	0.01676	0.00921	0.01488	0.00900	0.01113	0.02039	0.00284	0.67290	0.00588	0.00298	0.00769
14	0.01749	0.01919	0.02450	0.15936	0.17044	0.20244	0.15460	0.02182	0.04689	0.01942	0.01390	0.01967	0.01168	0.00742	0.00764	0.00214	0.04453	0.04468	0.00361	0.00857
15	0.06273	0.01486	0.02323	0.02738	0.35000	0.01484	0.09688	0.08903	0.04857	0.04876	0.08897	0.02037	0.01665	0.00714	0.00669	0.00199	0.00724	0.00670	0.00452	0.06343
16	0.08694	0.04866	0.07335	0.01975	0.12288	0.07064	0.12066	0.12246	0.03777	0.07995	0.04804	0.07336	0.01623	0.00850	0.00708	0.00213	0.02355	0.02407	0.00482	0.00916

[dist]
# distance from previous block
# <min> <max>
1	20

[block]
# block no. 2 follows, 32 sequences, length 8
# corresponding to MSA columns:
# 129-136
name=unknown_C
#
# <colnr> <probs for GDERKNQSTAVLIFYWHMCP>
#	G	D	E	R	K	N	Q	S	T	A	V	L	I	F	Y	W	H	M	C	P
0	0.02027	0.01160	0.01531	0.01322	0.04537	0.01104	0.03874	0.07558	0.10814	0.29781	0.12397	0.06865	0.07212	0.01003	0.00704	0.00209	0.00546	0.00859	0.00693	0.05803
1	0.11567	0.01755	0.01766	0.01370	0.01893	0.05980	0.01119	0.44842	0.02504	0.03539	0.01417	0.01484	0.01048	0.00718	0.00604	0.00181	0.00693	0.00526	0.00569	0.16426
2	0.10884	0.02670	0.47122	0.01772	0.06160	0.01443	0.01966	0.02325	0.01488	0.15882	0.01455	0.01560	0.01004	0.00671	0.00620	0.00210	0.00845	0.00521	0.00407	0.00994
3	0.01251	0.00625	0.00625	0.00625	0.00782	0.00625	0.00469	0.01563	0.01407	0.02502	0.02189	0.02502	0.01720	0.00782	0.00469	0.00156	0.00313	0.00625	0.80144	0.00625
4	0.01616	0.01325	0.01512	0.01100	0.01685	0.01124	0.00888	0.14902	0.01732	0.02581	0.01274	0.01434	0.01022	0.00557	0.00531	0.00119	0.00544	0.00437	0.00450	0.65166
5	0.01286	0.00772	0.00938	0.00847	0.01102	0.00675	0.00652	0.01534	0.01757	0.15884	0.32670	0.05058	0.31463	0.01397	0.00769	0.00217	0.00375	0.01190	0.00711	0.00705
6	0.17291	0.11617	0.02375	0.07302	0.07531	0.11511	0.14194	0.05395	0.01567	0.09178	0.01270	0.01499	0.00976	0.00676	0.00688	0.00203	0.04908	0.00542	0.00406	0.00872
7	0.09273	0.18224	0.02211	0.01673	0.08321	0.11550	0.01273	0.02047	0.05134	0.04045	0.01168	0.01549	0.01038	0.04377	0.01212	0.00238	0.24969	0.00526	0.00357	0.00813

[dist]
# distance from previous block
# <min> <max>
0	4

[block]
# block no. 3 follows, 32 sequences, length 36
# corresponding to MSA columns:
# 146-181
name=unknown_D
#
# <colnr> <probs for GDERKNQSTAVLIFYWHMCP>
#	G	D	E	R	K	N	Q	S	T	A	V	L	I	F	Y	W	H	M	C	P
0	0.01670	0.47220	0.21133	0.01494	0.02177	0.04368	0.07138	0.02060	0.01412	0.01787	0.01049	0.01238	0.00876	0.00590	0.00521	0.00167	0.00829	0.00433	0.00296	0.03544
1	0.00840	0.00674	0.00727	0.00725	0.00909	0.00585	0.00526	0.01016	0.01528	0.01911	0.17555	0.09134	0.50591	0.09045	0.01055	0.00268	0.00369	0.01359	0.00622	0.00561
2	0.02481	0.05830	0.01959	0.01708	0.02062	0.71184	0.01291	0.02655	0.01882	0.01640	0.01033	0.01205	0.00864	0.00687	0.00599	0.00172	0.01192	0.00430	0.00344	0.00781
3	0.01362	0.01161	0.01370	0.01000	0.01564	0.00891	0.00798	0.01657	0.01370	0.02144	0.01233	0.01475	0.01040	0.00801	0.05413	0.00165	0.00584	0.00419	0.00395	0.75157
4	0.00915	0.04347	0.05762	0.01006	0.01136	0.00733	0.00771	0.01081	0.01268	0.01702	0.03207	0.59359	0.03765	0.06418	0.04900	0.00328	0.00536	0.01622	0.00558	0.00585
5	0.02506	0.03198	0.01901	0.01729	0.02074	0.73725	0.01296	0.02679	0.01901	0.01642	0.01037	0.01210	0.00864	0.00691	0.00605	0.00173	0.01210	0.00432	0.00346	0.00778
6	0.01081	0.00772	0.01081	0.01236	0.01390	0.00772	0.01081	0.01390	0.01545	0.02008	0.03553	0.07569	0.03862	0.01854	0.00927	0.00309	0.00618	0.67717	0.00618	0.00618
7	0.01081	0.00772	0.01081	0.01236	0.01390	0.00772	0.01081	0.01390	0.01545	0.02008	0.03553	0.07569	0.03862	0.01854	0.00927	0.00309	0.00618	0.67717	0.00618	0.00618
8	0.04535	0.01492	0.09784	0.01120	0.01753	0.01044	0.01009	0.04533	0.01456	0.02294	0.01201	0.01392	0.00973	0.00531	0.00517	0.00121	0.00566	0.00416	0.00396	0.64868
9	0.01875	0.01343	0.01553	0.01249	0.04856	0.04549	0.00949	0.06670	0.01652	0.17096	0.01522	0.01597	0.01141	0.00602	0.00559	0.00137	0.00577	0.00480	0.00501	0.51094
10	0.09832	0.01406	0.08989	0.01184	0.01754	0.01064	0.01068	0.02519	0.01631	0.36415	0.01945	0.01983	0.01362	0.00726	0.00603	0.00180	0.00591	0.02564	0.00604	0.23579
11	0.02506	0.03198	0.01901	0.01729	0.02074	0.73725	0.01296	0.02679	0.01901	0.01642	0.01037	0.01210	0.00864	0.00691	0.00605	0.00173	0.01210	0.00432	0.00346	0.00778
12	0.01584	0.01810	0.03959	0.02828	0.03507	0.01697	0.69796	0.02149	0.01584	0.02149	0.01357	0.01810	0.01018	0.00566	0.00792	0.00226	0.01131	0.00792	0.00339	0.00905
13	0.01864	0.02109	0.03005	0.02436	0.07984	0.21234	0.37800	0.06774	0.01755	0.02131	0.01407	0.05642	0.01173	0.00702	0.00727	0.00211	0.01061	0.00728	0.00378	0.00878
14	0.01385	0.01193	0.01421	0.04566	0.01737	0.00923	0.00847	0.01691	0.01389	0.02164	0.01193	0.01411	0.00989	0.00505	0.00505	0.00105	0.00516	0.00407	0.00393	0.76660
15	0.02845	0.01326	0.01770	0.01347	0.01878	0.01245	0.04489	0.16811	0.02155	0.55215	0.02371	0.02123	0.01523	0.00812	0.00680	0.00207	0.00633	0.00666	0.00773	0.01130
16	0.01440	0.01216	0.01554	0.01277	0.06639	0.00961	0.03264	0.01754	0.01448	0.04169	0.04782	0.01631	0.01285	0.00559	0.00539	0.00119	0.00533	0.00474	0.00420	0.65935
17	0.19835	0.59654	0.02941	0.01088	0.01626	0.02394	0.01052	0.02001	0.01313	0.01904	0.00933	0.01079	0.00831	0.00585	0.00427	0.00158	0.00672	0.00360	0.00316	0.00831
18	0.01584	0.01810	0.03959	0.02828	0.03507	0.01697	0.69796	0.02149	0.01584	0.02149	0.01357	0.01810	0.01018	0.00566	0.00792	0.00226	0.01131	0.00792	0.00339	0.00905
19	0.01391	0.01193	0.01391	0.00994	0.01590	0.00894	0.00795	0.01690	0.01391	0.02186	0.01193	0.01391	0.00994	0.00497	0.00497	0.00099	0.00497	0.00398	0.00398	0.80521
20	0.00976	0.00651	0.00732	0.00732	0.00732	0.00651	0.00407	0.00976	0.00976	0.01301	0.02114	0.04391	0.02439	0.76419	0.03415	0.00651	0.00651	0.00976	0.00407	0.00407
21	0.01594	0.01344	0.04700	0.01173	0.03566	0.01034	0.00952	0.05424	0.03505	0.07957	0.01377	0.01514	0.01080	0.00560	0.00536	0.00125	0.00547	0.00450	0.00448	0.62113
22	0.00818	0.00584	0.00779	0.00934	0.00973	0.00545	0.00623	0.00934	0.01285	0.01713	0.03698	0.75981	0.04438	0.02102	0.00856	0.00273	0.00389	0.01908	0.00623	0.00545
23	0.01645	0.01343	0.01528	0.01114	0.01698	0.01154	0.00900	0.16662	0.01778	0.02634	0.01284	0.01440	0.01026	0.00565	0.00535	0.00122	0.00550	0.00443	0.00458	0.63121
24	0.01627	0.01426	0.01637	0.01697	0.11011	0.01608	0.01168	0.03245	0.58604	0.02679	0.02727	0.02577	0.05181	0.00906	0.00685	0.00224	0.00557	0.00768	0.00634	0.01039
25	0.01833	0.28422	0.27184	0.01620	0.02285	0.19705	0.03701	0.04566	0.01583	0.01892	0.01089	0.01268	0.00872	0.00633	0.00564	0.00179	0.00947	0.00446	0.00315	0.00897
26	0.01267	0.01193	0.02013	0.74806	0.04621	0.01491	0.01863	0.01714	0.01342	0.01714	0.01193	0.01789	0.00894	0.00671	0.00671	0.00224	0.00894	0.00596	0.00298	0.00745
27	0.01538	0.02130	0.17232	0.02652	0.03391	0.01670	0.56844	0.02145	0.01552	0.02145	0.01328	0.01734	0.00986	0.00579	0.00762	0.00224	0.01104	0.00735	0.00329	0.00922
28	0.01050	0.00795	0.00986	0.00949	0.01133	0.00787	0.00722	0.01581	0.12042	0.02566	0.50285	0.10202	0.07194	0.01399	0.00789	0.00225	0.00374	0.05525	0.00711	0.00687
29	0.02551	0.01879	0.02014	0.01544	0.02081	0.02081	0.01275	0.69996	0.03155	0.04229	0.01611	0.01611	0.01141	0.00805	0.00671	0.00201	0.00738	0.00604	0.00671	0.01141
30	0.02340	0.01827	0.01892	0.01509	0.02001	0.04769	0.01226	0.51627	0.19198	0.03791	0.01854	0.01807	0.01345	0.00826	0.00671	0.00206	0.00708	0.00634	0.00661	0.01108
31	0.00793	0.00680	0.00680	0.00680	0.00906	0.00566	0.00510	0.00963	0.01529	0.01813	0.06797	0.06457	0.71961	0.01699	0.00793	0.00227	0.00340	0.01416	0.00623	0.00566
32	0.01391	0.01193	0.01391	0.00994	0.01590	0.00894	0.00795	0.01690	0.01391	0.02186	0.01193	0.01391	0.00994	0.00497	0.00497	0.00099	0.00497	0.00398	0.00398	0.80521
33	0.01631	0.01594	0.02574	0.15546	0.58353	0.04515	0.01996	0.02028	0.01513	0.02092	0.01242	0.01663	0.01027	0.00614	0.00663	0.00202	0.00830	0.00591	0.00327	0.00999
34	0.02590	0.01133	0.01474	0.01158	0.01618	0.01028	0.00946	0.09494	0.02021	0.53408	0.11851	0.02771	0.05505	0.00940	0.00695	0.00208	0.00543	0.00773	0.00793	0.01048
35	0.12392	0.06372	0.01427	0.01177	0.01523	0.05036	0.00949	0.05482	0.29646	0.02526	0.06188	0.03341	0.11698	0.01069	0.00673	0.00223	0.00558	0.08275	0.00589	0.00854

[dist]
# distance from previous block
# <min> <max>
0	5

[block]
# block no. 4 follows, 32 sequences, length 55
# corresponding to MSA columns:
# 187-241
name=unknown_E
#
# <colnr> <probs for GDERKNQSTAVLIFYWHMCP>
#	G	D	E	R	K	N	Q	S	T	A	V	L	I	F	Y	W	H	M	C	P
0	0.24078	0.11835	0.01930	0.01551	0.08291	0.06438	0.06660	0.02391	0.17039	0.04893	0.07275	0.01887	0.01596	0.00747	0.00584	0.00202	0.00656	0.00593	0.00480	0.00876
1	0.03804	0.02490	0.37748	0.01783	0.02555	0.01510	0.11214	0.06215	0.08883	0.04478	0.01444	0.01610	0.01057	0.00652	0.00641	0.00200	0.00854	0.00559	0.00392	0.11911
2	0.01085	0.00844	0.00903	0.00880	0.00916	0.05011	0.00561	0.01132	0.01046	0.01368	0.01956	0.03848	0.02180	0.59385	0.12382	0.00663	0.04087	0.00893	0.00392	0.00468
3	0.01166	0.00583	0.00874	0.00874	0.00874	0.00583	0.00583	0.00874	0.00874	0.01166	0.01166	0.02040	0.01166	0.02331	0.02622	0.80478	0.00583	0.00583	0.00291	0.00291
4	0.01124	0.01259	0.10625	0.01369	0.01735	0.00959	0.14448	0.01548	0.01776	0.02513	0.49078	0.03928	0.04593	0.01120	0.00772	0.00214	0.00562	0.01040	0.00603	0.00732
5	0.00959	0.00719	0.01078	0.01078	0.01198	0.00839	0.00839	0.01198	0.01078	0.01558	0.01797	0.02636	0.01677	0.05032	0.73760	0.01078	0.01797	0.00719	0.00359	0.00599
6	0.01391	0.01193	0.01391	0.00994	0.01590	0.00894	0.00795	0.01690	0.01391	0.02186	0.01193	0.01391	0.00994	0.00497	0.00497	0.00099	0.00497	0.00398	0.00398	0.80521
7	0.02551	0.01879	0.02014	0.01544	0.02081	0.02081	0.01275	0.69996	0.03155	0.04229	0.01611	0.01611	0.01141	0.00805	0.00671	0.00201	0.00738	0.00604	0.00671	0.01141
8	0.01648	0.01767	0.06171	0.02500	0.03172	0.01564	0.55720	0.02174	0.01580	0.06731	0.01418	0.01783	0.01051	0.00579	0.00748	0.00212	0.01025	0.00733	0.00375	0.09052
9	0.01584	0.01810	0.03959	0.02828	0.03507	0.01697	0.69796	0.02149	0.01584	0.02149	0.01357	0.01810	0.01018	0.00566	0.00792	0.00226	0.01131	0.00792	0.00339	0.00905
10	0.01081	0.00772	0.01081	0.01236	0.01390	0.00772	0.01081	0.01390	0.01545	0.02008	0.03553	0.07569	0.03862	0.01854	0.00927	0.00309	0.00618	0.67717	0.00618	0.00618
11	0.00976	0.00651	0.00732	0.00732	0.00732	0.00651	0.00407	0.00976	0.00976	0.01301	0.02114	0.04391	0.02439	0.76419	0.03415	0.00651	0.00651	0.00976	0.00407	0.00407
12	0.01166	0.00583	0.00874	0.00874	0.00874	0.00583	0.00583	0.00874	0.00874	0.01166	0.01166	0.02040	0.01166	0.02331	0.02622	0.80478	0.00583	0.00583	0.00291	0.00291
13	0.02506	0.03198	0.01901	0.01729	0.02074	0.73725	0.01296	0.02679	0.01901	0.01642	0.01037	0.01210	0.00864	0.00691	0.00605	0.00173	0.01210	0.00432	0.00346	0.00778
14	0.03010	0.01142	0.01557	0.01194	0.01713	0.00986	0.00986	0.03270	0.01920	0.72698	0.02647	0.02284	0.01661	0.00830	0.00675	0.00208	0.00571	0.00675	0.00830	0.01142
15	0.01081	0.00772	0.01081	0.01236	0.01390	0.00772	0.01081	0.01390	0.01545	0.02008	0.03553	0.07569	0.03862	0.01854	0.00927	0.00309	0.00618	0.67717	0.00618	0.00618
16	0.00816	0.00588	0.00774	0.00923	0.00970	0.00546	0.00618	0.00936	0.01295	0.01717	0.03833	0.72946	0.07385	0.02085	0.00854	0.00270	0.00387	0.01886	0.00623	0.00546
17	0.01267	0.01193	0.02013	0.74806	0.04621	0.01491	0.01863	0.01714	0.01342	0.01714	0.01193	0.01789	0.00894	0.00671	0.00671	0.00224	0.00894	0.00596	0.00298	0.00745
18	0.01661	0.01594	0.02724	0.04119	0.72233	0.01594	0.02059	0.02059	0.01528	0.02192	0.01262	0.01661	0.01063	0.00598	0.00664	0.00199	0.00797	0.00598	0.00332	0.01063
19	0.81159	0.01298	0.00986	0.00882	0.01298	0.01505	0.00727	0.01972	0.01142	0.03010	0.00934	0.01090	0.00727	0.00623	0.00415	0.00208	0.00519	0.00363	0.00415	0.00727
20	0.01166	0.00583	0.00874	0.00874	0.00874	0.00583	0.00583	0.00874	0.00874	0.01166	0.01166	0.02040	0.01166	0.02331	0.02622	0.80478	0.00583	0.00583	0.00291	0.00291
21	0.01267	0.01193	0.02013	0.74806	0.04621	0.01491	0.01863	0.01714	0.01342	0.01714	0.01193	0.01789	0.00894	0.00671	0.00671	0.00224	0.00894	0.00596	0.00298	0.00745
22	0.01166	0.00583	0.00874	0.00874	0.00874	0.00583	0.00583	0.00874	0.00874	0.01166	0.01166	0.02040	0.01166	0.02331	0.02622	0.80478	0.00583	0.00583	0.00291	0.00291
23	0.01609	0.01782	0.08673	0.12192	0.49118	0.04127	0.08626	0.02054	0.01515	0.02106	0.01250	0.01654	0.01013	0.00610	0.00673	0.00205	0.00872	0.00602	0.00325	0.00993
24	0.01879	0.43930	0.05266	0.01705	0.09378	0.11968	0.05764	0.05573	0.05343	0.01904	0.01149	0.01319	0.00971	0.00624	0.00534	0.00168	0.00819	0.00460	0.00344	0.00903
25	0.04351	0.29074	0.39394	0.01574	0.02356	0.01992	0.01838	0.08431	0.01551	0.02160	0.01137	0.01304	0.00877	0.00630	0.00560	0.00187	0.00855	0.00453	0.00325	0.00951
26	0.01736	0.67310	0.12520	0.01247	0.01875	0.02513	0.01321	0.02024	0.01370	0.01649	0.00968	0.01120	0.00860	0.00582	0.00457	0.00152	0.00753	0.00377	0.00287	0.00878
27	0.00824	0.00664	0.00733	0.00751	0.00934	0.00574	0.00550	0.01009	0.01550	0.01944	0.17249	0.18052	0.49392	0.01713	0.00804	0.00232	0.00344	0.01466	0.00643	0.00574
28	0.01947	0.01801	0.07714	0.04468	0.18121	0.05984	0.03900	0.17471	0.16998	0.08144	0.01802	0.03756	0.01387	0.00792	0.00712	0.00212	0.02579	0.00662	0.00524	0.01026
29	0.01520	0.01493	0.04507	0.01724	0.02360	0.01222	0.27015	0.01932	0.01484	0.04651	0.01307	0.01582	0.01022	0.00539	0.00619	0.00155	0.00755	0.00560	0.00387	0.45166
30	0.01718	0.01717	0.07851	0.03546	0.53481	0.01565	0.08530	0.02204	0.03989	0.06781	0.01409	0.01727	0.01116	0.00624	0.00676	0.00204	0.00820	0.00620	0.00374	0.01047
31	0.01700	0.69204	0.03241	0.01108	0.01645	0.02449	0.01089	0.01917	0.01395	0.01639	0.04224	0.01555	0.05248	0.00673	0.00467	0.00151	0.00679	0.00456	0.00325	0.00834
32	0.01081	0.00772	0.01081	0.01236	0.01390	0.00772	0.01081	0.01390	0.01545	0.02008	0.03553	0.07569	0.03862	0.01854	0.00927	0.00309	0.00618	0.67717	0.00618	0.00618
33	0.20058	0.39780	0.14680	0.01234	0.01838	0.02080	0.01274	0.04238	0.01413	0.06536	0.01108	0.01230	0.00887	0.00619	0.00485	0.00176	0.00710	0.00411	0.00362	0.00879
34	0.01777	0.54609	0.03008	0.01260	0.01722	0.05128	0.01175	0.06351	0.01487	0.01823	0.05124	0.01399	0.01202	0.00721	0.00711	0.00172	0.10685	0.00458	0.00341	0.00846
35	0.00793	0.00680	0.00680	0.00680	0.00906	0.00566	0.00510	0.00963	0.01529	0.01813	0.06797	0.06457	0.71961	0.01699	0.00793	0.00227	0.00340	0.01416	0.00623	0.00566
36	0.00802	0.00680	0.00692	0.00689	0.00912	0.00570	0.00517	0.00981	0.01551	0.01864	0.10605	0.06373	0.68122	0.01680	0.00793	0.00226	0.00339	0.01404	0.00630	0.00570
37	0.01561	0.01498	0.02578	0.17553	0.54228	0.01550	0.04787	0.01964	0.01478	0.02072	0.01278	0.01774	0.01070	0.02891	0.00754	0.00219	0.00825	0.00617	0.00328	0.00976
38	0.00793	0.00680	0.00680	0.00680	0.00906	0.00566	0.00510	0.00963	0.01529	0.01813	0.06797	0.06457	0.71961	0.01699	0.00793	0.00227	0.00340	0.01416	0.00623	0.00566
39	0.01468	0.01468	0.02055	0.01762	0.01762	0.02055	0.01468	0.01615	0.01028	0.01615	0.00881	0.01468	0.00881	0.01174	0.02202	0.00294	0.75191	0.00587	0.00294	0.00734
40	0.02506	0.03198	0.01901	0.01729	0.02074	0.73725	0.01296	0.02679	0.01901	0.01642	0.01037	0.01210	0.00864	0.00691	0.00605	0.00173	0.01210	0.00432	0.00346	0.00778
41	0.02765	0.01091	0.01488	0.01176	0.01650	0.00952	0.00972	0.03031	0.01895	0.64014	0.06756	0.02786	0.02077	0.00929	0.00698	0.00214	0.00559	0.05058	0.00811	0.01078
42	0.02506	0.03198	0.01901	0.01729	0.02074	0.73725	0.01296	0.02679	0.01901	0.01642	0.01037	0.01210	0.00864	0.00691	0.00605	0.00173	0.01210	0.00432	0.00346	0.00778
43	0.02506	0.03198	0.01901	0.01729	0.02074	0.73725	0.01296	0.02679	0.01901	0.01642	0.01037	0.01210	0.00864	0.00691	0.00605	0.00173	0.01210	0.00432	0.00346	0.00778
44	0.01346	0.03471	0.72942	0.01912	0.02904	0.01558	0.02479	0.02125	0.01417	0.02125	0.01204	0.01417	0.00850	0.00637	0.00637	0.00212	0.00992	0.00496	0.00283	0.00992
45	0.01555	0.01701	0.03581	0.07350	0.03388	0.01631	0.58853	0.04216	0.01608	0.02170	0.01498	0.04091	0.01210	0.00668	0.00787	0.00229	0.01064	0.03153	0.00365	0.00882
46	0.03010	0.01142	0.01557	0.01194	0.01713	0.00986	0.00986	0.03270	0.01920	0.72698	0.02647	0.02284	0.01661	0.00830	0.00675	0.00208	0.00571	0.00675	0.00830	0.01142
47	0.01166	0.00583	0.00874	0.00874	0.00874	0.00583	0.00583	0.00874	0.00874	0.01166	0.01166	0.02040	0.01166	0.02331	0.02622	0.80478	0.00583	0.00583	0.00291	0.00291
48	0.01551	0.01679	0.03438	0.07296	0.17039	0.01634	0.48119	0.02049	0.01533	0.02102	0.01396	0.04312	0.01133	0.00647	0.00800	0.00224	0.03018	0.00774	0.00344	0.00910
49	0.01346	0.03471	0.72942	0.01912	0.02904	0.01558	0.02479	0.02125	0.01417	0.02125	0.01204	0.01417	0.00850	0.00637	0.00637	0.00212	0.00992	0.00496	0.00283	0.00992
50	0.00933	0.00685	0.00874	0.00827	0.00992	0.00626	0.00620	0.01234	0.01860	0.02597	0.64951	0.05166	0.13318	0.01407	0.00792	0.00213	0.00319	0.01235	0.00726	0.00626
51	0.00818	0.00584	0.00779	0.00934	0.00973	0.00545	0.00623	0.00934	0.01285	0.01713	0.03698	0.75981	0.04438	0.02102	0.00856	0.00273	0.00389	0.01908	0.00623	0.00545
52	0.01661	0.01584	0.02645	0.03940	0.67658	0.01599	0.01995	0.02157	0.06038	0.02232	0.01357	0.01715	0.01127	0.00618	0.00665	0.00201	0.00780	0.00608	0.00355	0.01063
53	0.01166	0.00583	0.00874	0.00874	0.00874	0.00583	0.00583	0.00874	0.00874	0.01166	0.01166	0.02040	0.01166	0.02331	0.02622	0.80478	0.00583	0.00583	0.00291	0.00291
54	0.01346	0.03471	0.72942	0.01912	0.02904	0.01558	0.02479	0.02125	0.01417	0.02125	0.01204	0.01417	0.00850	0.00637	0.00637	0.00212	0.00992	0.00496	0.00283	0.00992

[dist]
# distance from previous block
# <min> <max>
0	1

[block]
# block no. 5 follows, 32 sequences, length 66
# corresponding to MSA columns:
# 243-308
name=unknown_F
#
# <colnr> <probs for GDERKNQSTAVLIFYWHMCP>
#	G	D	E	R	K	N	Q	S	T	A	V	L	I	F	Y	W	H	M	C	P
0	0.03010	0.01142	0.01557	0.01194	0.01713	0.00986	0.00986	0.03270	0.01920	0.72698	0.02647	0.02284	0.01661	0.00830	0.00675	0.00208	0.00571	0.00675	0.00830	0.01142
1	0.00818	0.00584	0.00779	0.00934	0.00973	0.00545	0.00623	0.00934	0.01285	0.01713	0.03698	0.75981	0.04438	0.02102	0.00856	0.00273	0.00389	0.01908	0.00623	0.00545
2	0.01468	0.01468	0.02055	0.01762	0.01762	0.02055	0.01468	0.01615	0.01028	0.01615	0.00881	0.01468	0.00881	0.01174	0.02202	0.00294	0.75191	0.00587	0.00294	0.00734
3	0.10152	0.01128	0.01456	0.01138	0.01617	0.01015	0.00928	0.03016	0.01793	0.62085	0.02457	0.02295	0.01619	0.05194	0.00810	0.00233	0.00571	0.00663	0.00767	0.01061
4	0.01507	0.01377	0.02110	0.31228	0.28980	0.03510	0.01699	0.05767	0.01502	0.02047	0.01349	0.01926	0.01122	0.05921	0.00884	0.00240	0.02661	0.00620	0.04693	0.00857
5	0.01362	0.06074	0.70478	0.01885	0.02862	0.01597	0.02432	0.02121	0.01415	0.02106	0.01195	0.01405	0.00850	0.00635	0.00630	0.00210	0.00982	0.00491	0.00283	0.00987
6	0.01251	0.00625	0.00625	0.00625	0.00782	0.00625	0.00469	0.01563	0.01407	0.02502	0.02189	0.02502	0.01720	0.00782	0.00469	0.00156	0.00313	0.00625	0.80144	0.00625
7	0.43542	0.01387	0.01387	0.01186	0.01568	0.05691	0.06679	0.05762	0.08146	0.02679	0.01339	0.01571	0.01064	0.01137	0.07392	0.03087	0.00736	0.00509	0.04371	0.00768
8	0.02087	0.06305	0.04399	0.01563	0.01911	0.35249	0.01261	0.10412	0.10260	0.02141	0.01378	0.01562	0.01114	0.00931	0.03225	0.00226	0.09969	0.00529	0.04630	0.00848
9	0.01391	0.01193	0.01391	0.00994	0.01590	0.00894	0.00795	0.01690	0.01391	0.02186	0.01193	0.01391	0.00994	0.00497	0.00497	0.00099	0.00497	0.00398	0.00398	0.80521
10	0.01518	0.01440	0.02396	0.29604	0.43617	0.01561	0.01930	0.02021	0.05490	0.02054	0.01322	0.01756	0.01059	0.00642	0.00668	0.00210	0.00817	0.00607	0.00340	0.00948
11	0.00818	0.00584	0.00779	0.00934	0.00973	0.00545	0.00623	0.00934	0.01285	0.01713	0.03698	0.75981	0.04438	0.02102	0.00856	0.00273	0.00389	0.01908	0.00623	0.00545
12	0.01545	0.01468	0.02491	0.16488	0.56352	0.01519	0.01946	0.01937	0.01482	0.02081	0.01383	0.05735	0.01217	0.00693	0.00676	0.00208	0.00792	0.00669	0.00342	0.00978
13	0.02551	0.01879	0.02014	0.01544	0.02081	0.02081	0.01275	0.69996	0.03155	0.04229	0.01611	0.01611	0.01141	0.00805	0.00671	0.00201	0.00738	0.00604	0.00671	0.01141
14	0.00976	0.00651	0.00732	0.00732	0.00732	0.00651	0.00407	0.00976	0.00976	0.01301	0.02114	0.04391	0.02439	0.76419	0.03415	0.00651	0.00651	0.00976	0.00407	0.00407
15	0.69674	0.01341	0.01162	0.01116	0.05467	0.01525	0.00842	0.05728	0.01300	0.05340	0.01047	0.01191	0.00800	0.00638	0.00452	0.00207	0.00549	0.00400	0.00438	0.00783
16	0.81159	0.01298	0.00986	0.00882	0.01298	0.01505	0.00727	0.01972	0.01142	0.03010	0.00934	0.01090	0.00727	0.00623	0.00415	0.00208	0.00519	0.00363	0.00415	0.00727
17	0.01659	0.01651	0.02508	0.12732	0.55714	0.07676	0.01929	0.02036	0.01529	0.02071	0.01304	0.03768	0.01121	0.00658	0.00666	0.00202	0.00833	0.00621	0.00337	0.00984
18	0.02968	0.01210	0.01600	0.01226	0.01747	0.01088	0.01013	0.09469	0.02035	0.66337	0.02551	0.02221	0.01613	0.00828	0.00674	0.00207	0.00587	0.00668	0.00816	0.01142
19	0.01772	0.01546	0.02139	0.02580	0.31594	0.01656	0.03438	0.08491	0.32219	0.04430	0.01975	0.02047	0.01517	0.00758	0.00677	0.00213	0.00679	0.00676	0.00528	0.01067
20	0.01783	0.50520	0.04916	0.01759	0.11698	0.06880	0.06291	0.02103	0.03306	0.01756	0.01070	0.01276	0.00933	0.00610	0.00558	0.00167	0.02722	0.00448	0.00312	0.00892
21	0.00961	0.00708	0.01024	0.01024	0.01126	0.00809	0.00771	0.01164	0.01062	0.01518	0.01847	0.02909	0.01796	0.16142	0.62812	0.01012	0.01619	0.00759	0.00367	0.00569
22	0.02500	0.01854	0.01985	0.01533	0.02061	0.02057	0.01263	0.66144	0.07090	0.04146	0.01676	0.01663	0.01194	0.00812	0.00672	0.00203	0.00726	0.00613	0.00672	0.01137
23	0.01391	0.01193	0.01391	0.00994	0.01590	0.00894	0.00795	0.01690	0.01391	0.02186	0.01193	0.01391	0.00994	0.00497	0.00497	0.00099	0.00497	0.00398	0.00398	0.80521
24	0.01304	0.01230	0.02079	0.68239	0.10902	0.01500	0.01882	0.01746	0.01359	0.01759	0.01199	0.01777	0.00910	0.00664	0.00670	0.00221	0.00885	0.00596	0.00301	0.00775
25	0.03010	0.01142	0.01557	0.01194	0.01713	0.00986	0.00986	0.03270	0.01920	0.72698	0.02647	0.02284	0.01661	0.00830	0.00675	0.00208	0.00571	0.00675	0.00830	0.01142
26	0.01286	0.01190	0.01991	0.61525	0.10487	0.01433	0.01809	0.01716	0.01378	0.01785	0.01418	0.02314	0.01185	0.00774	0.00694	0.00229	0.00860	0.06832	0.00331	0.00762
27	0.00815	0.00676	0.00686	0.00686	0.00885	0.00577	0.00497	0.00965	0.01462	0.01750	0.06225	0.06205	0.63462	0.10834	0.01114	0.00278	0.00378	0.01362	0.00597	0.00547
28	0.01382	0.01379	0.02002	0.68017	0.04385	0.08201	0.01811	0.01804	0.01394	0.01708	0.01178	0.01735	0.00892	0.00673	0.00665	0.00219	0.00924	0.00581	0.00303	0.00748
29	0.01624	0.01382	0.01925	0.01584	0.01844	0.03494	0.10243	0.18420	0.01644	0.02265	0.01376	0.01882	0.01182	0.02024	0.18264	0.10050	0.18971	0.00644	0.00409	0.00774
30	0.01066	0.00602	0.00870	0.00927	0.00952	0.00592	0.00644	0.00942	0.01050	0.01395	0.02072	0.21992	0.02297	0.02223	0.01987	0.51307	0.00536	0.07744	0.00411	0.00391
31	0.00947	0.00676	0.00927	0.01082	0.01178	0.00656	0.00848	0.01158	0.01412	0.01858	0.03627	0.42452	0.04155	0.01980	0.00891	0.00290	0.00501	0.34161	0.00620	0.00581
32	0.81159	0.01298	0.00986	0.00882	0.01298	0.01505	0.00727	0.01972	0.01142	0.03010	0.00934	0.01090	0.00727	0.00623	0.00415	0.00208	0.00519	0.00363	0.00415	0.00727
33	0.01106	0.00827	0.01165	0.01122	0.01280	0.00954	0.00879	0.07589	0.01271	0.01806	0.01780	0.02541	0.01628	0.04640	0.66970	0.00997	0.01699	0.00708	0.00388	0.00649
34	0.08312	0.09985	0.53544	0.01866	0.06401	0.04641	0.02133	0.02120	0.01414	0.02134	0.01152	0.01362	0.00853	0.00630	0.00599	0.00203	0.00924	0.00475	0.00300	0.00952
35	0.00822	0.00588	0.00788	0.00939	0.00981	0.00555	0.00630	0.00943	0.01278	0.01708	0.03635	0.73556	0.04347	0.02199	0.03267	0.00299	0.00436	0.01868	0.00614	0.00547
36	0.01391	0.01193	0.01391	0.00994	0.01590	0.00894	0.00795	0.01690	0.01391	0.02186	0.01193	0.01391	0.00994	0.00497	0.00497	0.00099	0.00497	0.00398	0.00398	0.80521
37	0.00976	0.00651	0.00732	0.00732	0.00732	0.00651	0.00407	0.00976	0.00976	0.01301	0.02114	0.04391	0.02439	0.76419	0.03415	0.00651	0.00651	0.00976	0.00407	0.00407
38	0.01794	0.76823	0.03516	0.01148	0.01722	0.02655	0.01148	0.02009	0.01363	0.01579	0.00933	0.01076	0.00861	0.00574	0.00431	0.00144	0.00718	0.00359	0.00287	0.00861
39	0.01267	0.01193	0.02013	0.74806	0.04621	0.01491	0.01863	0.01714	0.01342	0.01714	0.01193	0.01789	0.00894	0.00671	0.00671	0.00224	0.00894	0.00596	0.00298	0.00745
40	0.01468	0.01468	0.02055	0.01762	0.01762	0.02055	0.01468	0.01615	0.01028	0.01615	0.00881	0.01468	0.00881	0.01174	0.02202	0.00294	0.75191	0.00587	0.00294	0.00734
41	0.01794	0.76823	0.03516	0.01148	0.01722	0.02655	0.01148	0.02009	0.01363	0.01579	0.00933	0.01076	0.00861	0.00574	0.00431	0.00144	0.00718	0.00359	0.00287	0.00861
42	0.01166	0.00583	0.00874	0.00874	0.00874	0.00583	0.00583	0.00874	0.00874	0.01166	0.01166	0.02040	0.01166	0.02331	0.02622	0.80478	0.00583	0.00583	0.00291	0.00291
43	0.00802	0.00680	0.00692	0.00689	0.00912	0.00570	0.00517	0.00981	0.01551	0.01864	0.10571	0.06374	0.68156	0.01680	0.00793	0.00226	0.00339	0.01404	0.00630	0.00570
44	0.00917	0.00685	0.00851	0.00809	0.00982	0.00619	0.00607	0.01202	0.01821	0.02505	0.58119	0.05318	0.20208	0.01441	0.00792	0.00214	0.00321	0.01256	0.00714	0.00619
45	0.01794	0.76823	0.03516	0.01148	0.01722	0.02655	0.01148	0.02009	0.01363	0.01579	0.00933	0.01076	0.00861	0.00574	0.00431	0.00144	0.00718	0.00359	0.00287	0.00861
46	0.01267	0.01193	0.02013	0.74806	0.04621	0.01491	0.01863	0.01714	0.01342	0.01714	0.01193	0.01789	0.00894	0.00671	0.00671	0.00224	0.00894	0.00596	0.00298	0.00745
47	0.01251	0.00625	0.00625	0.00625	0.00782	0.00625	0.00469	0.01563	0.01407	0.02502	0.02189	0.02502	0.01720	0.00782	0.00469	0.00156	0.00313	0.00625	0.80144	0.00625
48	0.81159	0.01298	0.00986	0.00882	0.01298	0.01505	0.00727	0.01972	0.01142	0.03010	0.00934	0.01090	0.00727	0.00623	0.00415	0.00208	0.00519	0.00363	0.00415	0.00727
49	0.01645	0.01573	0.02657	0.06957	0.67295	0.01592	0.02021	0.02091	0.03633	0.02191	0.01304	0.01692	0.01086	0.00610	0.00665	0.00201	0.00793	0.00603	0.00341	0.01050
50	0.01679	0.44350	0.25291	0.01422	0.02114	0.07137	0.01561	0.02075	0.01419	0.01789	0.01040	0.01211	0.00865	0.00598	0.00512	0.00165	0.00827	0.00409	0.00296	0.05239
51	0.00944	0.00686	0.00889	0.00838	0.00999	0.00631	0.00629	0.01256	0.01886	0.02660	0.69609	0.05063	0.08621	0.01383	0.00791	0.00212	0.00317	0.01221	0.00735	0.00631
52	0.01320	0.01247	0.02108	0.65317	0.13698	0.01505	0.01890	0.01761	0.01367	0.01779	0.01202	0.01772	0.00917	0.00661	0.00670	0.00220	0.00881	0.00597	0.00303	0.00788
53	0.00959	0.00719	0.01078	0.01078	0.01198	0.00839	0.00839	0.01198	0.01078	0.01558	0.01797	0.02636	0.01677	0.05032	0.73760	0.01078	0.01797	0.00719	0.00359	0.00599
54	0.00910	0.00684	0.00842	0.00802	0.00978	0.00616	0.00602	0.01189	0.01805	0.02467	0.55311	0.05380	0.23039	0.01455	0.00792	0.00215	0.00322	0.01265	0.00709	0.00616
55	0.00793	0.00680	0.00680	0.00680	0.00906	0.00566	0.00510	0.00963	0.01529	0.01813	0.06797	0.06457	0.71961	0.01699	0.00793	0.00227	0.00340	0.01416	0.00623	0.00566
56	0.01794	0.76823	0.03516	0.01148	0.01722	0.02655	0.01148	0.02009	0.01363	0.01579	0.00933	0.01076	0.00861	0.00574	0.00431	0.00144	0.00718	0.00359	0.00287	0.00861
57	0.00959	0.00719	0.01078	0.01078	0.01198	0.00839	0.00839	0.01198	0.01078	0.01558	0.01797	0.02636	0.01677	0.05032	0.73760	0.01078	0.01797	0.00719	0.00359	0.00599
58	0.00959	0.00719	0.01078	0.01078	0.01198	0.00839	0.00839	0.01198	0.01078	0.01558	0.01797	0.02636	0.01677	0.05032	0.73760	0.01078	0.01797	0.00719	0.00359	0.00599
59	0.01840	0.65862	0.07161	0.01227	0.01820	0.02542	0.01232	0.08331	0.01533	0.01855	0.01011	0.01145	0.00886	0.00599	0.00464	0.00153	0.00734	0.00389	0.00323	0.00894
60	0.73856	0.01352	0.01082	0.00944	0.01370	0.01559	0.00778	0.08292	0.01329	0.03124	0.00997	0.01138	0.00765	0.00640	0.00439	0.00207	0.00539	0.00386	0.00439	0.00765
61	0.67104	0.05464	0.01237	0.00968	0.01406	0.01605	0.00809	0.08334	0.01365	0.05209	0.01050	0.01175	0.00801	0.00644	0.00448	0.00204	0.00552	0.00395	0.00445	0.00785
62	0.01524	0.03657	0.13828	0.02066	0.19918	0.01219	0.03601	0.01951	0.03291	0.10114	0.04071	0.10666	0.03861	0.01040	0.00718	0.00223	0.00692	0.11559	0.00487	0.05514
63	0.01009	0.07754	0.01117	0.00862	0.01060	0.00812	0.00670	0.01295	0.01792	0.02471	0.56833	0.07706	0.11429	0.01356	0.00761	0.00209	0.00359	0.01180	0.00682	0.00645
64	0.01746	0.59050	0.03070	0.01261	0.04038	0.06319	0.01137	0.01974	0.01386	0.01658	0.01021	0.01217	0.00925	0.00817	0.04451	0.00194	0.00786	0.00394	0.00306	0.08249
65	0.04578	0.07504	0.24750	0.02196	0.17299	0.19140	0.03610	0.02247	0.01566	0.04526	0.01203	0.01425	0.00938	0.00634	0.00611	0.00189	0.00927	0.00497	0.00342	0.05820

[dist]
# distance from previous block
# <min> <max>
0	1

[block]
# block no. 6 follows, 32 sequences, length 34
# corresponding to MSA columns:
# 310-343
name=unknown_G
#
# <colnr> <probs for GDERKNQSTAVLIFYWHMCP>
#	G	D	E	R	K	N	Q	S	T	A	V	L	I	F	Y	W	H	M	C	P
0	0.01764	0.10029	0.04268	0.03114	0.46384	0.07758	0.01746	0.03856	0.06336	0.03735	0.01426	0.04069	0.01213	0.00685	0.00641	0.00196	0.00790	0.00611	0.00380	0.01001
1	0.01042	0.00800	0.01118	0.01104	0.01207	0.00923	0.00839	0.04044	0.01195	0.01688	0.02114	0.17359	0.02193	0.08714	0.45194	0.00784	0.07690	0.00959	0.00423	0.00610
2	0.01560	0.01475	0.02378	0.11023	0.22915	0.01464	0.14741	0.04594	0.10872	0.02295	0.03271	0.01847	0.01290	0.00649	0.00662	0.00191	0.00763	0.00633	0.00412	0.16964
3	0.00966	0.00665	0.00800	0.00800	0.00832	0.00685	0.00497	0.01020	0.01016	0.01371	0.02219	0.04113	0.04794	0.59369	0.17466	0.00721	0.00870	0.00940	0.00405	0.00451
4	0.02957	0.01154	0.01556	0.01201	0.01714	0.01013	0.00989	0.03282	0.04677	0.69910	0.02650	0.02293	0.01676	0.00834	0.00675	0.00208	0.00569	0.00678	0.00825	0.01139
5	0.00820	0.00620	0.00760	0.00868	0.00968	0.00560	0.00606	0.00960	0.01369	0.01754	0.04634	0.52320	0.24913	0.01971	0.00840	0.00260	0.00383	0.04218	0.00623	0.00554
6	0.00818	0.00584	0.00779	0.00934	0.00973	0.00545	0.00623	0.00934	0.01285	0.01713	0.03698	0.75981	0.04438	0.02102	0.00856	0.00273	0.00389	0.01908	0.00623	0.00545
7	0.01794	0.76823	0.03516	0.01148	0.01722	0.02655	0.01148	0.02009	0.01363	0.01579	0.00933	0.01076	0.00861	0.00574	0.00431	0.00144	0.00718	0.00359	0.00287	0.00861
8	0.00950	0.00686	0.00897	0.00844	0.01002	0.00633	0.00633	0.01266	0.01899	0.02691	0.71879	0.05012	0.06331	0.01372	0.00791	0.00211	0.00317	0.01213	0.00739	0.00633
9	0.01267	0.01193	0.02013	0.74806	0.04621	0.01491	0.01863	0.01714	0.01342	0.01714	0.01193	0.01789	0.00894	0.00671	0.00671	0.00224	0.00894	0.00596	0.00298	0.00745
10	0.01276	0.01070	0.01268	0.00982	0.01466	0.00824	0.00760	0.01538	0.01370	0.02091	0.01696	0.16390	0.01686	0.00820	0.00569	0.00134	0.00475	0.00701	0.00443	0.64439
11	0.03010	0.01142	0.01557	0.01194	0.01713	0.00986	0.00986	0.03270	0.01920	0.72698	0.02647	0.02284	0.01661	0.00830	0.00675	0.00208	0.00571	0.00675	0.00830	0.01142
12	0.00991	0.00712	0.00974	0.01116	0.01240	0.00695	0.00915	0.01239	0.01480	0.01936	0.05768	0.27134	0.06647	0.01905	0.00897	0.00292	0.00533	0.44307	0.00623	0.00595
13	0.01961	0.59592	0.03138	0.01284	0.01805	0.19288	0.01183	0.02166	0.01489	0.01594	0.00957	0.01108	0.00862	0.00602	0.00471	0.00150	0.00833	0.00376	0.00301	0.00842
14	0.02551	0.01879	0.02014	0.01544	0.02081	0.02081	0.01275	0.69996	0.03155	0.04229	0.01611	0.01611	0.01141	0.00805	0.00671	0.00201	0.00738	0.00604	0.00671	0.01141
15	0.01340	0.00921	0.01085	0.00985	0.01146	0.00951	0.00699	0.14976	0.03879	0.02183	0.12474	0.10483	0.02683	0.24766	0.01916	0.15161	0.00572	0.00937	0.00519	0.02324
16	0.01440	0.15994	0.56806	0.01787	0.02678	0.01754	0.03984	0.02153	0.03705	0.02054	0.01212	0.01404	0.00896	0.00634	0.00607	0.00201	0.00933	0.00489	0.00299	0.00969
17	0.02506	0.03198	0.01901	0.01729	0.02074	0.73725	0.01296	0.02679	0.01901	0.01642	0.01037	0.01210	0.00864	0.00691	0.00605	0.00173	0.01210	0.00432	0.00346	0.00778
18	0.00966	0.00692	0.00849	0.00818	0.00997	0.00622	0.00615	0.01205	0.01717	0.04175	0.43291	0.07198	0.26017	0.01531	0.00871	0.03579	0.00352	0.03215	0.00680	0.00609
19	0.01444	0.00843	0.01103	0.01009	0.01117	0.00884	0.00722	0.14773	0.01333	0.01781	0.01255	0.01953	0.01161	0.02024	0.02230	0.64336	0.00614	0.00587	0.00368	0.00462
20	0.01624	0.61513	0.02989	0.01087	0.01577	0.02248	0.01045	0.01860	0.01471	0.01802	0.15199	0.01868	0.01961	0.00734	0.00503	0.00157	0.00637	0.00531	0.00378	0.00815
21	0.01373	0.16401	0.02315	0.59995	0.04038	0.01725	0.01720	0.01774	0.01346	0.01687	0.01140	0.01646	0.00888	0.00651	0.00623	0.00208	0.00859	0.00549	0.00296	0.00769
22	0.01053	0.00762	0.01039	0.01181	0.01321	0.00764	0.00988	0.01390	0.04399	0.01982	0.03548	0.21113	0.03902	0.01864	0.00902	0.00298	0.00568	0.51682	0.00622	0.00622
23	0.01368	0.01261	0.02076	0.25482	0.34765	0.01353	0.01681	0.01768	0.03410	0.01964	0.01772	0.16669	0.01717	0.00932	0.00705	0.00222	0.00738	0.00865	0.00390	0.00860
24	0.01094	0.00838	0.01022	0.00949	0.01152	0.00841	0.00719	0.01729	0.15799	0.02714	0.57975	0.04508	0.05470	0.01279	0.00770	0.00214	0.00360	0.01122	0.00727	0.00719
25	0.02414	0.01275	0.01555	0.01270	0.01711	0.01272	0.01036	0.16435	0.12820	0.37507	0.04389	0.02800	0.01966	0.03432	0.00791	0.00233	0.00598	0.06710	0.00740	0.01044
26	0.01338	0.01173	0.01177	0.01142	0.01268	0.15411	0.00846	0.01389	0.01177	0.01445	0.01436	0.02153	0.01345	0.03270	0.35621	0.27046	0.01279	0.00616	0.00334	0.00534
27	0.01230	0.00838	0.01094	0.01131	0.01274	0.00884	0.00897	0.01641	0.15272	0.01863	0.02522	0.04546	0.02520	0.01837	0.01492	0.29346	0.00588	0.29923	0.00513	0.00589
28	0.01346	0.01273	0.02155	0.60592	0.18217	0.01512	0.01903	0.01784	0.01379	0.01810	0.01207	0.01763	0.00928	0.00656	0.00670	0.00219	0.00875	0.00597	0.00305	0.00809
29	0.01225	0.00845	0.01518	0.01291	0.01441	0.00837	0.14530	0.01168	0.01041	0.01409	0.01278	0.02063	0.01196	0.02291	0.10559	0.55072	0.00835	0.00641	0.00309	0.00451
30	0.01437	0.01411	0.02556	0.32577	0.25697	0.01508	0.15510	0.01883	0.01480	0.02006	0.04579	0.02043	0.01297	0.00688	0.00705	0.00218	0.00878	0.02310	0.00346	0.00870
31	0.01103	0.00883	0.01351	0.01632	0.15404	0.00959	0.01012	0.01334	0.01152	0.01642	0.01743	0.02734	0.01682	0.16104	0.47273	0.00830	0.01404	0.00738	0.00362	0.00660
32	0.04312	0.02176	0.27417	0.04542	0.02408	0.01511	0.05764	0.16715	0.03960	0.19973	0.01716	0.01760	0.01177	0.00729	0.00655	0.00209	0.00795	0.00592	0.02558	0.01030
33	0.05018	0.07239	0.01362	0.05764	0.01550	0.10873	0.00885	0.04802	0.01557	0.06964	0.03210	0.21337	0.18294	0.01446	0.03627	0.00250	0.00643	0.01066	0.00527	0.03585

[dist]
# distance from previous block
# <min> <max>
0	199

# created by:
# /home/cegg/simao/soft/augustus-3.2.1/scripts/msa2prfl.pl ./align_prep/EOG090W0CLF.fa
