[name]
unknown

[dist]
# distance from previous block
# <min> <max>
0	14

[block]
# block no. 0 follows, 31 sequences, length 38
# corresponding to MSA columns:
# 17-54
name=unknown_A
#
# <colnr> <probs for GDERKNQSTAVLIFYWHMCP>
#	G	D	E	R	K	N	Q	S	T	A	V	L	I	F	Y	W	H	M	C	P
0	0.01956	0.01330	0.01574	0.01397	0.01764	0.01407	0.01183	0.32170	0.02348	0.09468	0.02648	0.04493	0.02485	0.01314	0.00804	0.00256	0.00681	0.31128	0.00674	0.00919
1	0.04203	0.09964	0.24035	0.01596	0.02267	0.01907	0.01616	0.28996	0.10923	0.05520	0.01605	0.01650	0.01166	0.00753	0.00643	0.00207	0.00792	0.00572	0.00521	0.01065
2	0.01864	0.28007	0.10950	0.01331	0.01874	0.10647	0.01247	0.02365	0.09980	0.09607	0.01775	0.05052	0.03773	0.00782	0.00584	0.00181	0.00739	0.00590	0.00447	0.08204
3	0.01727	0.01211	0.06458	0.01532	0.10822	0.01008	0.01097	0.04390	0.03577	0.20712	0.07152	0.21529	0.04977	0.01185	0.00723	0.00220	0.00557	0.01035	0.04586	0.05500
4	0.05386	0.06673	0.60974	0.01925	0.02866	0.01647	0.06946	0.02155	0.01440	0.02188	0.01212	0.01439	0.00873	0.00641	0.00640	0.00214	0.00984	0.00513	0.00300	0.00985
5	0.01177	0.01122	0.02140	0.01766	0.02082	0.01055	0.28509	0.01501	0.01460	0.01956	0.02788	0.38983	0.03052	0.01483	0.00854	0.00262	0.00727	0.07855	0.00517	0.00712
6	0.01579	0.01789	0.03890	0.02796	0.03459	0.01677	0.66108	0.02136	0.01601	0.02171	0.01492	0.05172	0.01196	0.00647	0.00810	0.00233	0.01119	0.00859	0.00359	0.00906
7	0.01940	0.11697	0.25018	0.01709	0.06571	0.04454	0.01631	0.05048	0.16574	0.15881	0.01827	0.01826	0.01318	0.00746	0.00642	0.00207	0.00778	0.00589	0.00505	0.01041
8	0.01499	0.23807	0.53257	0.01733	0.02626	0.01900	0.02150	0.02134	0.01429	0.02012	0.01151	0.01348	0.00870	0.00632	0.00591	0.00197	0.00933	0.00467	0.00290	0.00974
9	0.01372	0.03539	0.72412	0.01950	0.02961	0.01589	0.02528	0.02167	0.01444	0.02167	0.01228	0.01444	0.00867	0.00650	0.00650	0.00217	0.01011	0.00506	0.00289	0.01011
10	0.01216	0.01136	0.01861	0.57331	0.03938	0.01347	0.03874	0.01625	0.01415	0.01789	0.02247	0.02809	0.12681	0.00894	0.00717	0.00231	0.00817	0.02970	0.00371	0.00731
11	0.01372	0.03539	0.72412	0.01950	0.02961	0.01589	0.02528	0.02167	0.01444	0.02167	0.01228	0.01444	0.00867	0.00650	0.00650	0.00217	0.01011	0.00506	0.00289	0.01011
12	0.01817	0.00887	0.01186	0.01005	0.01314	0.00791	0.00791	0.02116	0.01945	0.30767	0.43624	0.03987	0.04533	0.01176	0.00759	0.00214	0.00427	0.01016	0.00791	0.00855
13	0.00834	0.00595	0.00794	0.00953	0.00992	0.00556	0.00635	0.00953	0.01310	0.01746	0.03771	0.75510	0.04525	0.02143	0.00873	0.00278	0.00397	0.01945	0.00635	0.00556
14	0.01252	0.00992	0.01512	0.01551	0.08669	0.00959	0.08847	0.06707	0.01597	0.04624	0.07368	0.37743	0.07646	0.03912	0.00901	0.00263	0.00571	0.03578	0.00583	0.00727
15	0.02641	0.01852	0.02014	0.01544	0.02090	0.02027	0.01275	0.63784	0.03110	0.10087	0.01732	0.01701	0.01209	0.00823	0.00685	0.00206	0.00738	0.00622	0.00698	0.01164
16	0.00809	0.00693	0.00693	0.00693	0.00924	0.00578	0.00520	0.00982	0.01559	0.01848	0.06931	0.06584	0.71411	0.01733	0.00809	0.00231	0.00347	0.01444	0.00635	0.00578
17	0.00977	0.00733	0.01100	0.01100	0.01222	0.00855	0.00855	0.01222	0.01100	0.01588	0.01833	0.02688	0.01710	0.05131	0.73245	0.01100	0.01833	0.00733	0.00367	0.00611
18	0.01577	0.36251	0.41497	0.01600	0.02420	0.02091	0.01918	0.02114	0.01420	0.01916	0.01103	0.01289	0.00872	0.00621	0.00555	0.00185	0.00886	0.00443	0.00291	0.00951
19	0.80789	0.01323	0.01006	0.00900	0.01323	0.01535	0.00741	0.02011	0.01164	0.03070	0.00953	0.01111	0.00741	0.00635	0.00423	0.00212	0.00529	0.00370	0.00423	0.00741
20	0.01829	0.76368	0.03585	0.01171	0.01756	0.02707	0.01171	0.02049	0.01390	0.01610	0.00951	0.01097	0.00878	0.00585	0.00439	0.00146	0.00732	0.00366	0.00293	0.00878
21	0.01861	0.18219	0.12868	0.01409	0.01978	0.10824	0.01311	0.08312	0.13769	0.05627	0.01594	0.03640	0.01276	0.00734	0.00595	0.00180	0.00753	0.00556	0.00459	0.14034
22	0.02503	0.01705	0.01663	0.01479	0.05252	0.18436	0.01105	0.11162	0.01982	0.32116	0.02062	0.04384	0.01521	0.03318	0.02983	0.00242	0.00790	0.00664	0.05656	0.00978
23	0.00995	0.00663	0.00746	0.00746	0.00746	0.00663	0.00415	0.00995	0.00995	0.01327	0.02156	0.04477	0.02487	0.75957	0.03482	0.00663	0.00663	0.00995	0.00415	0.00415
24	0.01726	0.01705	0.02689	0.07560	0.64076	0.06003	0.02042	0.02121	0.01572	0.02176	0.01269	0.01672	0.01063	0.00619	0.00674	0.00203	0.00844	0.00599	0.00338	0.01050
25	0.01582	0.08802	0.17429	0.02508	0.03230	0.01802	0.47600	0.02155	0.01541	0.02116	0.01298	0.01687	0.00985	0.00614	0.00794	0.00223	0.03676	0.00701	0.00328	0.00930
26	0.00851	0.00653	0.00780	0.00836	0.00973	0.00582	0.00594	0.01032	0.01531	0.01987	0.18668	0.35271	0.30103	0.01838	0.00835	0.00247	0.00363	0.01613	0.00659	0.00582
27	0.02155	0.27061	0.02445	0.01439	0.01930	0.16024	0.01218	0.20884	0.15643	0.02607	0.01523	0.01560	0.01196	0.00741	0.00591	0.00185	0.00797	0.00529	0.00491	0.00980
28	0.04839	0.06161	0.04204	0.01320	0.04146	0.01369	0.01074	0.17017	0.01910	0.15993	0.01644	0.03767	0.01257	0.00706	0.00595	0.00165	0.00615	0.00557	0.00545	0.32116
29	0.01743	0.01897	0.08574	0.01658	0.06779	0.12104	0.01299	0.03094	0.44510	0.02538	0.04419	0.02401	0.04189	0.00887	0.00686	0.00220	0.00695	0.00723	0.00581	0.01004
30	0.01543	0.01332	0.01537	0.04861	0.06925	0.01496	0.01111	0.03002	0.49959	0.02698	0.11594	0.02985	0.05990	0.00994	0.00714	0.00228	0.00541	0.00847	0.00656	0.00987
31	0.00986	0.00700	0.00934	0.00934	0.00999	0.00765	0.00649	0.01116	0.01051	0.01466	0.01984	0.03525	0.02074	0.38267	0.40607	0.00895	0.01285	0.00856	0.00389	0.00519
32	0.01615	0.01845	0.04037	0.02884	0.03576	0.01730	0.69204	0.02191	0.01615	0.02191	0.01384	0.01845	0.01038	0.00577	0.00807	0.00231	0.01153	0.00807	0.00346	0.00923
33	0.00977	0.00733	0.01100	0.01100	0.01222	0.00855	0.00855	0.01222	0.01100	0.01588	0.01833	0.02688	0.01710	0.05131	0.73245	0.01100	0.01833	0.00733	0.00367	0.00611
34	0.01693	0.01626	0.02777	0.04199	0.71689	0.01626	0.02100	0.02100	0.01558	0.02235	0.01287	0.01693	0.01084	0.00610	0.00677	0.00203	0.00813	0.00610	0.00339	0.01084
35	0.00979	0.00725	0.01058	0.01058	0.01165	0.00832	0.00803	0.01195	0.01087	0.01557	0.01871	0.02900	0.01802	0.13524	0.64979	0.01048	0.01694	0.00764	0.00372	0.00588
36	0.72665	0.01277	0.01017	0.00916	0.01326	0.01458	0.00755	0.01998	0.01218	0.05253	0.01311	0.01574	0.03332	0.00724	0.00464	0.00216	0.00528	0.02770	0.00452	0.00745
37	0.01485	0.15019	0.54175	0.01845	0.04848	0.01755	0.02187	0.04467	0.01519	0.02175	0.03664	0.01532	0.01082	0.00671	0.00624	0.00204	0.00927	0.00516	0.00321	0.00984

[dist]
# distance from previous block
# <min> <max>
0	2

[block]
# block no. 1 follows, 31 sequences, length 52
# corresponding to MSA columns:
# 57-108
name=unknown_B
#
# <colnr> <probs for GDERKNQSTAVLIFYWHMCP>
#	G	D	E	R	K	N	Q	S	T	A	V	L	I	F	Y	W	H	M	C	P
0	0.20257	0.29106	0.09817	0.01308	0.01847	0.09843	0.01236	0.06254	0.03623	0.07138	0.01209	0.01326	0.00956	0.00677	0.00570	0.00187	0.02905	0.00446	0.00403	0.00890
1	0.10116	0.05979	0.04535	0.01269	0.01656	0.15126	0.01051	0.07175	0.03603	0.02227	0.01738	0.05913	0.03077	0.02947	0.06716	0.00277	0.03288	0.05036	0.03109	0.15162
2	0.01719	0.01615	0.02687	0.08704	0.63198	0.01647	0.02040	0.05987	0.01642	0.02323	0.01303	0.01699	0.01077	0.00627	0.00678	0.00205	0.00816	0.00610	0.00356	0.01067
3	0.02563	0.01897	0.02032	0.01566	0.02107	0.02104	0.01291	0.66631	0.06055	0.04250	0.01691	0.01681	0.01203	0.00826	0.00685	0.00206	0.00744	0.00623	0.00685	0.01160
4	0.00995	0.00663	0.00746	0.00746	0.00746	0.00663	0.00415	0.00995	0.00995	0.01327	0.02156	0.04477	0.02487	0.75957	0.03482	0.00663	0.00663	0.00995	0.00415	0.00415
5	0.01033	0.00903	0.00925	0.01017	0.01122	0.08325	0.00713	0.01185	0.01455	0.01830	0.08612	0.53413	0.10934	0.01887	0.00837	0.00259	0.00484	0.03860	0.00613	0.00592
6	0.00879	0.00635	0.00831	0.00911	0.01000	0.00587	0.00634	0.01070	0.01534	0.02092	0.27006	0.48628	0.07905	0.01872	0.00848	0.00255	0.00370	0.01682	0.00675	0.00587
7	0.01372	0.03539	0.72412	0.01950	0.02961	0.01589	0.02528	0.02167	0.01444	0.02167	0.01228	0.01444	0.00867	0.00650	0.00650	0.00217	0.01011	0.00506	0.00289	0.01011
8	0.00818	0.00679	0.00716	0.00737	0.00938	0.00577	0.00541	0.00989	0.01537	0.01867	0.08869	0.16602	0.59215	0.01780	0.00818	0.00237	0.00353	0.01509	0.00640	0.00577
9	0.01711	0.01470	0.04220	0.01916	0.16381	0.01444	0.05195	0.23824	0.04084	0.02910	0.08655	0.03029	0.15799	0.00992	0.00713	0.00211	0.00648	0.00848	0.05017	0.00933
10	0.01188	0.00594	0.00891	0.00891	0.00891	0.00594	0.00594	0.00891	0.00891	0.01188	0.01188	0.02080	0.01188	0.02377	0.02674	0.80095	0.00594	0.00594	0.00297	0.00297
11	0.52370	0.01590	0.01356	0.01187	0.01576	0.09267	0.02549	0.04010	0.10229	0.02798	0.01224	0.01370	0.00959	0.00726	0.00632	0.00217	0.06222	0.00464	0.00446	0.00806
12	0.01623	0.09097	0.37912	0.01675	0.04514	0.01560	0.01814	0.06318	0.06178	0.06992	0.01510	0.03864	0.01164	0.00711	0.00626	0.00195	0.00812	0.00563	0.00407	0.12464
13	0.01924	0.08891	0.07619	0.01829	0.09863	0.15775	0.01394	0.06698	0.29542	0.03819	0.01846	0.01879	0.01424	0.00798	0.00711	0.00209	0.03664	0.00614	0.00506	0.00995
14	0.00977	0.00733	0.01100	0.01100	0.01222	0.00855	0.00855	0.01222	0.01100	0.01588	0.01833	0.02688	0.01710	0.05131	0.73245	0.01100	0.01833	0.00733	0.00367	0.00611
15	0.01419	0.01216	0.01419	0.01013	0.01621	0.00912	0.00811	0.01723	0.01419	0.02229	0.01216	0.01419	0.01013	0.00507	0.00507	0.00101	0.00507	0.00405	0.00405	0.80139
16	0.02204	0.11468	0.02007	0.01516	0.01931	0.29007	0.01209	0.15274	0.16971	0.04456	0.01741	0.04293	0.01429	0.00847	0.00645	0.00199	0.00867	0.02491	0.00514	0.00934
17	0.01518	0.11706	0.52507	0.01808	0.02679	0.01719	0.04349	0.02344	0.08823	0.04216	0.01410	0.01561	0.01028	0.00675	0.00636	0.00210	0.00920	0.00533	0.00351	0.01005
18	0.01442	0.01154	0.01786	0.04159	0.31753	0.01106	0.01335	0.01722	0.01496	0.07808	0.02571	0.25822	0.06898	0.01192	0.00738	0.00223	0.00609	0.01087	0.00500	0.06600
19	0.01419	0.01216	0.01419	0.01013	0.01621	0.00912	0.00811	0.01723	0.01419	0.02229	0.01216	0.01419	0.01013	0.00507	0.00507	0.00101	0.00507	0.00405	0.00405	0.80139
20	0.01877	0.03779	0.01961	0.02008	0.17771	0.03179	0.03924	0.13050	0.20866	0.09261	0.06693	0.02483	0.05783	0.00873	0.00690	0.00212	0.00654	0.00748	0.03176	0.01013
21	0.00852	0.00685	0.00736	0.00737	0.00923	0.00595	0.00533	0.01025	0.01538	0.01912	0.15238	0.10240	0.51090	0.09552	0.01095	0.00277	0.00380	0.01397	0.00628	0.00569
22	0.02558	0.03179	0.01946	0.01751	0.02115	0.68887	0.01321	0.06787	0.02016	0.01835	0.01093	0.01259	0.00898	0.00712	0.00621	0.00178	0.01205	0.00451	0.00373	0.00816
23	0.01038	0.00742	0.01029	0.01187	0.01316	0.00732	0.00991	0.01306	0.01512	0.01975	0.03658	0.23915	0.04078	0.01950	0.00928	0.00306	0.00574	0.51520	0.00631	0.00612
24	0.01957	0.40935	0.16179	0.01494	0.02091	0.23318	0.01473	0.02273	0.01562	0.01735	0.01035	0.01204	0.00877	0.00633	0.00532	0.00169	0.00933	0.00414	0.00310	0.00878
25	0.01633	0.01360	0.01448	0.01313	0.01681	0.01538	0.01025	0.03287	0.59200	0.04815	0.03224	0.03122	0.09062	0.01038	0.00715	0.00234	0.00526	0.03067	0.00692	0.01020
26	0.00993	0.00671	0.00784	0.00784	0.00797	0.00684	0.00462	0.01019	0.01006	0.01354	0.02121	0.04286	0.02404	0.68399	0.10927	0.00710	0.00788	0.00967	0.00409	0.00435
27	0.00978	0.00729	0.01079	0.01079	0.01194	0.00844	0.00830	0.01208	0.01093	0.01573	0.01851	0.02792	0.01755	0.09246	0.69192	0.01074	0.01765	0.00748	0.00369	0.00599
28	0.02556	0.03261	0.01939	0.01763	0.02115	0.73210	0.01322	0.02732	0.01939	0.01674	0.01058	0.01234	0.00881	0.00705	0.00617	0.00176	0.01234	0.00441	0.00353	0.00793
29	0.01553	0.04272	0.02606	0.33166	0.31967	0.01649	0.08656	0.04209	0.01533	0.02073	0.01266	0.01739	0.01002	0.00644	0.00684	0.00214	0.00883	0.00620	0.00335	0.00927
30	0.01935	0.10157	0.02195	0.01717	0.01913	0.29182	0.01396	0.02102	0.01423	0.01653	0.00964	0.01354	0.00890	0.00945	0.01434	0.00236	0.38894	0.00514	0.00319	0.00779
31	0.00898	0.00694	0.00814	0.00878	0.01028	0.00631	0.00640	0.02977	0.01513	0.01919	0.07275	0.36102	0.33437	0.01884	0.00843	0.00256	0.00400	0.06580	0.00640	0.00591
32	0.01289	0.00944	0.01081	0.01000	0.01231	0.00949	0.00757	0.14910	0.04617	0.02668	0.23123	0.20378	0.15546	0.01446	0.00769	0.00227	0.00438	0.01246	0.06650	0.00734
33	0.07694	0.01643	0.05607	0.05768	0.04366	0.04202	0.15417	0.11690	0.01736	0.04692	0.01410	0.03724	0.01127	0.00662	0.00632	0.00179	0.00763	0.00594	0.00439	0.27655
34	0.04806	0.10899	0.11475	0.01342	0.01908	0.01512	0.01243	0.15641	0.04080	0.26017	0.01999	0.07346	0.01524	0.00852	0.00644	0.00201	0.00670	0.00677	0.00605	0.06558
35	0.01142	0.00786	0.00986	0.00928	0.01094	0.00757	0.00680	0.06412	0.01838	0.04805	0.46151	0.15443	0.05184	0.09407	0.01089	0.00272	0.00411	0.01255	0.00697	0.00663
36	0.01678	0.01616	0.02726	0.04018	0.66416	0.01661	0.02054	0.02065	0.01519	0.02191	0.01258	0.01678	0.01070	0.00654	0.00796	0.00210	0.06387	0.00609	0.00336	0.01058
37	0.01719	0.23477	0.23392	0.01575	0.02212	0.10884	0.05032	0.05558	0.09728	0.02111	0.01770	0.01868	0.06360	0.00758	0.00613	0.00195	0.00849	0.00581	0.00394	0.00925
38	0.04171	0.01892	0.08032	0.05296	0.39107	0.08497	0.03789	0.04323	0.01572	0.05018	0.01268	0.01619	0.01033	0.00718	0.00874	0.00217	0.10640	0.00586	0.00364	0.00987
39	0.00887	0.00909	0.06153	0.00825	0.01100	0.00669	0.00699	0.01141	0.01635	0.02073	0.20941	0.05866	0.51524	0.01576	0.00796	0.00226	0.00391	0.01327	0.00636	0.00625
40	0.01332	0.00911	0.01351	0.03657	0.03536	0.00846	0.08257	0.01625	0.01656	0.11367	0.19694	0.13022	0.17575	0.01298	0.00760	0.00224	0.00502	0.02597	0.09055	0.00734
41	0.06215	0.14270	0.02305	0.01828	0.10651	0.08582	0.05066	0.23191	0.04163	0.07387	0.01677	0.02175	0.01387	0.00832	0.00656	0.00206	0.00783	0.07128	0.00518	0.00981
42	0.01472	0.01246	0.06787	0.01285	0.01589	0.01160	0.04538	0.03684	0.03538	0.12811	0.11251	0.08607	0.20507	0.01369	0.02650	0.00260	0.14869	0.01014	0.00573	0.00789
43	0.00920	0.00686	0.00860	0.00899	0.01027	0.00641	0.00642	0.01202	0.04408	0.02208	0.31403	0.34891	0.14188	0.01738	0.00831	0.00244	0.00366	0.01545	0.00685	0.00616
44	0.09997	0.04652	0.16312	0.01689	0.07238	0.17434	0.01439	0.08462	0.09072	0.02384	0.03782	0.07029	0.03669	0.00898	0.00657	0.00212	0.00818	0.02905	0.00460	0.00890
45	0.01918	0.07074	0.16200	0.01855	0.08746	0.01544	0.08708	0.07324	0.13776	0.16961	0.02031	0.07466	0.01589	0.00848	0.00690	0.00217	0.00752	0.00739	0.00542	0.01020
46	0.01500	0.03360	0.67069	0.01895	0.02869	0.01545	0.02413	0.02255	0.01483	0.07447	0.01339	0.01511	0.00929	0.00665	0.00653	0.00216	0.00979	0.00519	0.00331	0.01023
47	0.20834	0.01230	0.01473	0.01158	0.01664	0.01170	0.00956	0.05605	0.01826	0.53710	0.02258	0.02023	0.01455	0.00797	0.00627	0.00211	0.00577	0.00613	0.00744	0.01067
48	0.05491	0.13435	0.39049	0.01849	0.02646	0.03573	0.10790	0.08849	0.03938	0.02357	0.01284	0.01482	0.00955	0.00658	0.00633	0.00207	0.00930	0.00537	0.00358	0.00979
49	0.01662	0.01847	0.08909	0.02455	0.03101	0.01629	0.48927	0.02389	0.10149	0.06322	0.01711	0.04675	0.01323	0.00700	0.00777	0.00230	0.01005	0.00815	0.00425	0.00950
50	0.01158	0.00727	0.01153	0.01066	0.01150	0.00746	0.05807	0.01094	0.01019	0.01408	0.01471	0.02442	0.01435	0.09857	0.18235	0.46419	0.00910	0.00681	0.02786	0.00436
51	0.00837	0.00608	0.00791	0.00928	0.00988	0.00561	0.00626	0.00969	0.01356	0.01797	0.06878	0.66957	0.10022	0.02079	0.00865	0.00271	0.00390	0.01874	0.00640	0.00561

[dist]
# distance from previous block
# <min> <max>
0	3

[block]
# block no. 2 follows, 31 sequences, length 26
# corresponding to MSA columns:
# 112-137
name=unknown_C
#
# <colnr> <probs for GDERKNQSTAVLIFYWHMCP>
#	G	D	E	R	K	N	Q	S	T	A	V	L	I	F	Y	W	H	M	C	P
0	0.01172	0.00867	0.01154	0.01275	0.01460	0.00894	0.01100	0.01676	0.09619	0.02143	0.03524	0.07114	0.03721	0.01778	0.00916	0.00305	0.00620	0.59340	0.00638	0.00683
1	0.01616	0.01380	0.01473	0.01330	0.01691	0.01578	0.01032	0.03362	0.62452	0.02848	0.10789	0.02851	0.02598	0.00983	0.00709	0.00230	0.00516	0.00828	0.00703	0.01032
2	0.01168	0.00868	0.01195	0.01139	0.01306	0.00995	0.00888	0.09174	0.01342	0.01895	0.01825	0.02645	0.01681	0.07764	0.61683	0.00976	0.01655	0.00731	0.00406	0.00667
3	0.01820	0.01585	0.01688	0.01474	0.01835	0.04008	0.01167	0.11821	0.51600	0.02869	0.02364	0.02272	0.01793	0.00939	0.00873	0.00235	0.09251	0.00723	0.00638	0.01045
4	0.00829	0.00615	0.00774	0.00901	0.00979	0.00560	0.00612	0.00958	0.01359	0.01767	0.04397	0.61840	0.17790	0.02062	0.00860	0.00269	0.00387	0.01846	0.00635	0.00560
5	0.01054	0.00761	0.00904	0.00869	0.00869	0.00831	0.00541	0.01071	0.01001	0.01364	0.02009	0.04129	0.02302	0.67226	0.03338	0.00621	0.09310	0.00949	0.00401	0.00454
6	0.01416	0.03233	0.60082	0.02118	0.03072	0.01614	0.14551	0.02171	0.01475	0.02171	0.01256	0.01517	0.00898	0.00637	0.00678	0.00219	0.01037	0.00560	0.00299	0.00995
7	0.04389	0.00903	0.00977	0.00891	0.01087	0.00955	0.00662	0.13705	0.01614	0.02509	0.02033	0.04881	0.01797	0.14958	0.06296	0.04086	0.00590	0.00733	0.36258	0.00676
8	0.00884	0.00654	0.00826	0.00872	0.00993	0.00596	0.00620	0.01094	0.01605	0.02166	0.31561	0.35548	0.16516	0.01774	0.00836	0.00245	0.00359	0.01575	0.00683	0.00596
9	0.01653	0.01638	0.02956	0.08572	0.55002	0.01637	0.14187	0.02093	0.01556	0.02195	0.01300	0.01729	0.01064	0.00609	0.00701	0.00210	0.00881	0.00645	0.00338	0.01033
10	0.01502	0.24285	0.52806	0.01728	0.02618	0.01907	0.02141	0.02133	0.01429	0.02008	0.01149	0.01346	0.00870	0.00632	0.00590	0.00197	0.00931	0.00466	0.00290	0.00973
11	0.01712	0.01757	0.02431	0.11096	0.39050	0.10775	0.01838	0.02034	0.01465	0.01972	0.01159	0.01603	0.00995	0.00768	0.01039	0.00225	0.18238	0.00585	0.00327	0.00932
12	0.01056	0.00921	0.05663	0.01035	0.01223	0.00773	0.02519	0.02814	0.01487	0.03712	0.20217	0.25185	0.07538	0.13209	0.09115	0.00399	0.00644	0.01280	0.00578	0.00632
13	0.01681	0.17680	0.27921	0.01585	0.04734	0.03505	0.01615	0.04735	0.09925	0.08360	0.03627	0.04169	0.05966	0.00826	0.00637	0.00204	0.00770	0.00652	0.00450	0.00958
14	0.01453	0.14657	0.52194	0.01880	0.02761	0.01742	0.08853	0.02118	0.01471	0.02104	0.03823	0.01567	0.01095	0.00661	0.00638	0.00207	0.00956	0.00541	0.00313	0.00968
15	0.00841	0.00612	0.00778	0.00906	0.00968	0.00566	0.00606	0.00959	0.01321	0.01732	0.04066	0.62110	0.12883	0.06922	0.01036	0.00297	0.00408	0.01819	0.00621	0.00549
16	0.01059	0.00838	0.00979	0.01023	0.01190	0.00853	0.00743	0.01649	0.18261	0.02105	0.08016	0.39552	0.15179	0.01725	0.00818	0.00257	0.00428	0.03971	0.00657	0.00696
17	0.02094	0.01631	0.06218	0.01630	0.07080	0.07941	0.05503	0.16418	0.04184	0.18794	0.10100	0.06713	0.02112	0.00924	0.00698	0.00210	0.00700	0.00780	0.05305	0.00968
18	0.08217	0.17885	0.28671	0.01531	0.02213	0.05659	0.03931	0.02277	0.01537	0.13443	0.01678	0.01966	0.03297	0.00764	0.00617	0.00204	0.00822	0.03924	0.00425	0.00938
19	0.01475	0.02017	0.16339	0.02463	0.03149	0.01565	0.48639	0.02041	0.01563	0.02140	0.01846	0.06045	0.05800	0.00750	0.00782	0.00231	0.01033	0.00854	0.00370	0.00897
20	0.01590	0.01632	0.05282	0.01192	0.01728	0.11692	0.00989	0.04516	0.05818	0.02255	0.04218	0.01942	0.05862	0.00694	0.00580	0.00143	0.00636	0.00545	0.00447	0.48240
21	0.01441	0.23591	0.34776	0.01425	0.02096	0.01666	0.01643	0.01945	0.01455	0.02086	0.05982	0.04559	0.01505	0.00759	0.00583	0.00190	0.00761	0.00588	0.12073	0.00877
22	0.04762	0.02456	0.19151	0.01636	0.02190	0.17006	0.01538	0.24951	0.06773	0.02837	0.01518	0.03848	0.01187	0.00812	0.00723	0.00209	0.04153	0.00595	0.02681	0.00976
23	0.04729	0.01222	0.03591	0.01340	0.06130	0.01120	0.02962	0.11476	0.04227	0.15912	0.12392	0.06543	0.16013	0.02537	0.00768	0.00219	0.00554	0.00926	0.00633	0.06705
24	0.16310	0.05184	0.03395	0.01285	0.05302	0.03655	0.03951	0.02042	0.05345	0.10012	0.18774	0.02517	0.02475	0.00852	0.00620	0.00192	0.00558	0.00700	0.05734	0.11096
25	0.01841	0.14104	0.10163	0.01391	0.03649	0.06782	0.01217	0.07815	0.14370	0.12232	0.10561	0.04638	0.06504	0.00937	0.00665	0.00205	0.00666	0.00753	0.00568	0.00937

[dist]
# distance from previous block
# <min> <max>
13	37

[block]
# block no. 3 follows, 31 sequences, length 22
# corresponding to MSA columns:
# 177-198
name=unknown_D
#
# <colnr> <probs for GDERKNQSTAVLIFYWHMCP>
#	G	D	E	R	K	N	Q	S	T	A	V	L	I	F	Y	W	H	M	C	P
0	0.11721	0.01601	0.02053	0.02115	0.17916	0.05608	0.07342	0.10569	0.14771	0.10130	0.05525	0.02013	0.01577	0.00788	0.00718	0.00216	0.03147	0.00662	0.00535	0.00994
1	0.07001	0.01484	0.03703	0.02393	0.28243	0.03746	0.03990	0.03920	0.11624	0.07005	0.06008	0.05119	0.05683	0.00875	0.00687	0.00212	0.00681	0.02547	0.00500	0.04579
2	0.07114	0.01503	0.02433	0.09368	0.45885	0.01500	0.04805	0.02178	0.01552	0.09910	0.01413	0.01724	0.01106	0.00635	0.00657	0.00201	0.00772	0.00597	0.00402	0.06244
3	0.04079	0.05924	0.12926	0.04503	0.23352	0.01484	0.03231	0.02231	0.11356	0.04825	0.07381	0.02183	0.01706	0.00762	0.00658	0.00201	0.00715	0.02540	0.00449	0.09494
4	0.01513	0.05652	0.11115	0.01281	0.01803	0.01142	0.05429	0.01990	0.05613	0.09468	0.18493	0.02704	0.02538	0.00858	0.00659	0.00181	0.00598	0.03039	0.00533	0.25390
5	0.01671	0.01603	0.02736	0.08132	0.67932	0.01620	0.02088	0.02080	0.01547	0.02208	0.01283	0.01701	0.01074	0.00614	0.00678	0.00205	0.00818	0.00609	0.00337	0.01066
6	0.01671	0.01602	0.02736	0.08143	0.67922	0.01620	0.02088	0.02080	0.01547	0.02208	0.01283	0.01701	0.01074	0.00614	0.00678	0.00205	0.00818	0.00609	0.00337	0.01065
7	0.01372	0.03539	0.72412	0.01950	0.02961	0.01589	0.02528	0.02167	0.01444	0.02167	0.01228	0.01444	0.00867	0.00650	0.00650	0.00217	0.01011	0.00506	0.00289	0.01011
8	0.01574	0.01725	0.03368	0.02509	0.02962	0.01856	0.45870	0.02004	0.01419	0.02004	0.01217	0.01725	0.00990	0.00791	0.01303	0.00254	0.26502	0.00735	0.00330	0.00863
9	0.00851	0.00608	0.00814	0.00972	0.01019	0.00570	0.00665	0.00982	0.01327	0.01766	0.03761	0.71180	0.04487	0.02127	0.00878	0.00280	0.00412	0.06105	0.00635	0.00560
10	0.01956	0.01596	0.01690	0.01444	0.01876	0.01821	0.01144	0.22257	0.51417	0.03272	0.02461	0.02295	0.01827	0.00898	0.00693	0.00224	0.00601	0.00729	0.00693	0.01106
11	0.01693	0.01626	0.02777	0.04199	0.71689	0.01626	0.02100	0.02100	0.01558	0.02235	0.01287	0.01693	0.01084	0.00610	0.00677	0.00203	0.00813	0.00610	0.00339	0.01084
12	0.03031	0.01226	0.01626	0.01246	0.01777	0.01097	0.01030	0.08720	0.02061	0.66632	0.02613	0.02273	0.01650	0.00845	0.00688	0.00211	0.00596	0.00682	0.00834	0.01164
13	0.01615	0.01845	0.04037	0.02884	0.03576	0.01730	0.69204	0.02191	0.01615	0.02191	0.01384	0.01845	0.01038	0.00577	0.00807	0.00231	0.01153	0.00807	0.00346	0.00923
14	0.01693	0.01626	0.02777	0.04199	0.71689	0.01626	0.02100	0.02100	0.01558	0.02235	0.01287	0.01693	0.01084	0.00610	0.00677	0.00203	0.00813	0.00610	0.00339	0.01084
15	0.01292	0.01216	0.02052	0.74312	0.04712	0.01520	0.01900	0.01748	0.01368	0.01748	0.01216	0.01824	0.00912	0.00684	0.00684	0.00228	0.00912	0.00608	0.00304	0.00760
16	0.01429	0.01356	0.02299	0.50393	0.27562	0.01556	0.01968	0.01868	0.01433	0.01914	0.01240	0.01779	0.00971	0.00659	0.00682	0.00220	0.00878	0.00609	0.00316	0.00870
17	0.01681	0.01672	0.03510	0.02566	0.03186	0.01566	0.56018	0.02203	0.01639	0.08048	0.01740	0.02529	0.01411	0.00743	0.00812	0.00238	0.01048	0.08060	0.00419	0.00911
18	0.01188	0.00594	0.00891	0.00891	0.00891	0.00594	0.00594	0.00891	0.00891	0.01188	0.01188	0.02080	0.01188	0.02377	0.02674	0.80095	0.00594	0.00594	0.00297	0.00297
19	0.02073	0.35436	0.12622	0.01507	0.02077	0.24182	0.01423	0.09656	0.01767	0.02004	0.01099	0.01248	0.00909	0.00657	0.00550	0.00172	0.00928	0.00436	0.00353	0.00902
20	0.01390	0.01316	0.02228	0.57245	0.21016	0.01546	0.01949	0.01834	0.01414	0.01867	0.01233	0.01792	0.00954	0.00666	0.00682	0.00222	0.00888	0.00608	0.00312	0.00839
21	0.01848	0.01077	0.01309	0.01126	0.01474	0.01073	0.00886	0.02628	0.22401	0.24765	0.26635	0.03520	0.06105	0.01096	0.00736	0.00220	0.00471	0.00932	0.00761	0.00938

[dist]
# distance from previous block
# <min> <max>
1	3

[block]
# block no. 4 follows, 31 sequences, length 26
# corresponding to MSA columns:
# 203-228
name=unknown_E
#
# <colnr> <probs for GDERKNQSTAVLIFYWHMCP>
#	G	D	E	R	K	N	Q	S	T	A	V	L	I	F	Y	W	H	M	C	P
0	0.26942	0.04974	0.01796	0.08990	0.05238	0.13610	0.01246	0.10240	0.01591	0.04421	0.01135	0.01397	0.00909	0.00777	0.00857	0.00219	0.13911	0.00496	0.00411	0.00837
1	0.08818	0.01554	0.02517	0.06745	0.58384	0.01576	0.01905	0.02150	0.01538	0.06429	0.01338	0.01685	0.01082	0.00629	0.00656	0.00206	0.00778	0.00593	0.00375	0.01044
2	0.80789	0.01323	0.01006	0.00900	0.01323	0.01535	0.00741	0.02011	0.01164	0.03070	0.00953	0.01111	0.00741	0.00635	0.00423	0.00212	0.00529	0.00370	0.00423	0.00741
3	0.01641	0.16648	0.45763	0.01834	0.02654	0.12192	0.05913	0.02229	0.01516	0.01995	0.01162	0.01374	0.00881	0.00642	0.00616	0.00199	0.01001	0.00488	0.00302	0.00950
4	0.01500	0.01428	0.02427	0.38037	0.39365	0.01575	0.02003	0.01930	0.01466	0.02000	0.01253	0.01756	0.01001	0.00645	0.00681	0.00215	0.00861	0.00609	0.00322	0.00927
5	0.01638	0.01347	0.04555	0.01199	0.01820	0.01005	0.05344	0.01975	0.01501	0.11077	0.01415	0.01563	0.01095	0.00560	0.00555	0.00128	0.00579	0.00471	0.00453	0.61719
6	0.01292	0.01216	0.02052	0.74312	0.04712	0.01520	0.01900	0.01748	0.01368	0.01748	0.01216	0.01824	0.00912	0.00684	0.00684	0.00228	0.00912	0.00608	0.00304	0.00760
7	0.80789	0.01323	0.01006	0.00900	0.01323	0.01535	0.00741	0.02011	0.01164	0.03070	0.00953	0.01111	0.00741	0.00635	0.00423	0.00212	0.00529	0.00370	0.00423	0.00741
8	0.01179	0.00600	0.00900	0.00900	0.00906	0.00606	0.00606	0.00906	0.00900	0.01206	0.01217	0.02106	0.01211	0.02498	0.05782	0.76616	0.00649	0.00600	0.00300	0.00311
9	0.02096	0.49519	0.02980	0.01388	0.01888	0.28599	0.01226	0.02300	0.01592	0.01633	0.00990	0.01148	0.00879	0.00629	0.00504	0.00157	0.00916	0.00393	0.00315	0.00847
10	0.01188	0.00594	0.00891	0.00891	0.00891	0.00594	0.00594	0.00891	0.00891	0.01188	0.01188	0.02080	0.01188	0.02377	0.02674	0.80095	0.00594	0.00594	0.00297	0.00297
11	0.00960	0.00699	0.00903	0.00852	0.01017	0.00642	0.00639	0.01275	0.01917	0.02698	0.68067	0.05185	0.09744	0.01416	0.00807	0.00216	0.00324	0.01248	0.00747	0.00642
12	0.01829	0.76368	0.03585	0.01171	0.01756	0.02707	0.01171	0.02049	0.01390	0.01610	0.00951	0.01097	0.00878	0.00585	0.00439	0.00146	0.00732	0.00366	0.00293	0.00878
13	0.00828	0.00686	0.00725	0.00732	0.00940	0.00583	0.00543	0.01013	0.01580	0.01937	0.13618	0.11902	0.59098	0.01729	0.00814	0.00233	0.00348	0.01461	0.00648	0.00583
14	0.00945	0.00698	0.00882	0.00836	0.01008	0.00635	0.00627	0.01245	0.01881	0.02611	0.61786	0.05329	0.16080	0.01448	0.00807	0.00218	0.00326	0.01268	0.00736	0.00635
15	0.01693	0.01626	0.02777	0.04199	0.71689	0.01626	0.02100	0.02100	0.01558	0.02235	0.01287	0.01693	0.01084	0.00610	0.00677	0.00203	0.00813	0.00610	0.00339	0.01084
16	0.01497	0.01497	0.02095	0.01796	0.01796	0.02095	0.01497	0.01646	0.01048	0.01646	0.00898	0.01497	0.00898	0.01197	0.02245	0.00299	0.74704	0.00599	0.00299	0.00748
17	0.00834	0.00595	0.00794	0.00953	0.00992	0.00556	0.00635	0.00953	0.01310	0.01746	0.03771	0.75510	0.04525	0.02143	0.00873	0.00278	0.00397	0.01945	0.00635	0.00556
18	0.02601	0.01916	0.02053	0.01574	0.02122	0.02122	0.01300	0.69408	0.03217	0.04312	0.01643	0.01643	0.01163	0.00821	0.00684	0.00205	0.00753	0.00616	0.00684	0.01163
19	0.01615	0.01845	0.04037	0.02884	0.03576	0.01730	0.69204	0.02191	0.01615	0.02191	0.01384	0.01845	0.01038	0.00577	0.00807	0.00231	0.01153	0.00807	0.00346	0.00923
20	0.01717	0.01383	0.01493	0.01334	0.01710	0.01566	0.01039	0.03408	0.60281	0.06955	0.08898	0.02768	0.02455	0.00965	0.00706	0.00229	0.00524	0.00810	0.00710	0.01049
21	0.64472	0.01301	0.01090	0.00923	0.01384	0.01407	0.00755	0.01952	0.01217	0.02897	0.01007	0.01175	0.00797	0.00609	0.00441	0.00189	0.00525	0.00378	0.00420	0.17064
22	0.13860	0.01501	0.01665	0.05488	0.01896	0.04292	0.01125	0.18723	0.01795	0.05727	0.01332	0.01566	0.01049	0.00890	0.02781	0.00222	0.13799	0.00528	0.02947	0.18815
23	0.01657	0.01599	0.02714	0.06106	0.55202	0.01595	0.07949	0.02165	0.05628	0.02251	0.01378	0.01746	0.01129	0.00622	0.00681	0.00202	0.00813	0.00625	0.00363	0.05573
24	0.01682	0.11226	0.23404	0.01622	0.02328	0.06269	0.09465	0.03958	0.03893	0.05926	0.01341	0.01519	0.01024	0.00621	0.00605	0.00175	0.00821	0.00513	0.00387	0.23221
25	0.05092	0.14762	0.27484	0.01566	0.02247	0.04490	0.03555	0.09702	0.11756	0.02455	0.03629	0.01672	0.01266	0.00711	0.00613	0.00196	0.00799	0.00549	0.00426	0.07030

[dist]
# distance from previous block
# <min> <max>
0	26

# created by:
# /home/cegg/simao/soft/augustus-3.2.1/scripts/msa2prfl.pl ./align_prep/EOG090W0GQZ.fa
