[name]
unknown

[dist]
# distance from previous block
# <min> <max>
0	15

[block]
# block no. 0 follows, 38 sequences, length 10
# corresponding to MSA columns:
# 34-43
name=unknown_A
#
# <colnr> <probs for GDERKNQSTAVLIFYWHMCP>
#	G	D	E	R	K	N	Q	S	T	A	V	L	I	F	Y	W	H	M	C	P
0	0.01023	0.00684	0.00883	0.00942	0.01118	0.00645	0.00791	0.01260	0.01407	0.07167	0.06298	0.07798	0.21897	0.01523	0.00766	0.00244	0.00464	0.41659	0.02855	0.00575
1	0.00900	0.00565	0.00644	0.00673	0.00712	0.00558	0.00418	0.00985	0.01020	0.01485	0.02213	0.19439	0.02425	0.45005	0.01983	0.00412	0.00466	0.00983	0.18678	0.00435
2	0.58885	0.01121	0.01038	0.00875	0.01276	0.01209	0.00722	0.02119	0.01234	0.24637	0.01300	0.01300	0.00904	0.00614	0.00442	0.00186	0.00479	0.00410	0.00484	0.00764
3	0.00926	0.00582	0.00755	0.00781	0.00880	0.00539	0.00556	0.01006	0.01241	0.04820	0.16210	0.27841	0.15059	0.01653	0.01083	0.18588	0.00379	0.03124	0.03493	0.00483
4	0.00841	0.00705	0.00934	0.17845	0.01606	0.00709	0.00793	0.01061	0.01326	0.01667	0.09766	0.16356	0.36017	0.01362	0.00705	0.00214	0.00441	0.06601	0.00501	0.00549
5	0.01378	0.00725	0.00943	0.00832	0.01067	0.00649	0.00644	0.01624	0.01629	0.23499	0.40573	0.08324	0.10387	0.01136	0.00672	0.00191	0.00356	0.00982	0.03700	0.00690
6	0.02003	0.01462	0.01736	0.18322	0.02323	0.01637	0.01225	0.45832	0.07923	0.09158	0.01516	0.01593	0.01076	0.00704	0.00603	0.00187	0.00666	0.00556	0.00540	0.00938
7	0.64743	0.01048	0.00903	0.00830	0.01143	0.01216	0.00674	0.01613	0.01011	0.02408	0.01010	0.01287	0.00842	0.01441	0.17365	0.00360	0.00721	0.00397	0.00361	0.00626
8	0.01063	0.00981	0.01664	0.55751	0.03352	0.01158	0.05764	0.01405	0.01205	0.01560	0.01580	0.18767	0.01518	0.00882	0.00645	0.00210	0.00714	0.00808	0.00335	0.00637
9	0.00944	0.00827	0.01435	0.01273	0.01471	0.00773	0.18295	0.01164	0.01231	0.01654	0.02667	0.47578	0.03018	0.04641	0.00844	0.00247	0.00544	0.07994	0.00482	0.02919

[dist]
# distance from previous block
# <min> <max>
3	24

[block]
# block no. 1 follows, 38 sequences, length 39
# corresponding to MSA columns:
# 68,69,72-108
name=unknown_B
#
# <colnr> <probs for GDERKNQSTAVLIFYWHMCP>
#	G	D	E	R	K	N	Q	S	T	A	V	L	I	F	Y	W	H	M	C	P
0	0.00882	0.00605	0.00697	0.00685	0.00716	0.00600	0.00406	0.00910	0.00907	0.01222	0.01961	0.03785	0.04055	0.68897	0.08059	0.00583	0.00643	0.00852	0.00367	0.03169
1	0.01406	0.07585	0.07107	0.01755	0.02240	0.01406	0.33361	0.03976	0.14404	0.04284	0.07165	0.05531	0.01612	0.02377	0.00698	0.00201	0.00745	0.00719	0.00416	0.03012
2	0.01444	0.01290	0.02352	0.05127	0.02346	0.01159	0.35320	0.01820	0.01376	0.09752	0.01456	0.05998	0.01196	0.00624	0.00623	0.00172	0.00738	0.02321	0.00385	0.24501
3	0.00776	0.00606	0.00704	0.00692	0.00856	0.00534	0.00514	0.00985	0.01506	0.01975	0.36989	0.10210	0.38669	0.01416	0.00714	0.00200	0.00298	0.01218	0.00605	0.00534
4	0.26757	0.15391	0.06292	0.02352	0.01620	0.05217	0.01008	0.17302	0.05719	0.11222	0.01264	0.01308	0.00935	0.00627	0.00489	0.00175	0.00607	0.00438	0.00447	0.00831
5	0.01300	0.07922	0.59458	0.01681	0.04790	0.01408	0.03906	0.01907	0.01303	0.04851	0.03108	0.01384	0.00938	0.00586	0.00565	0.00183	0.00827	0.00468	0.00291	0.03124
6	0.01791	0.01804	0.01577	0.06506	0.07407	0.27679	0.01121	0.05467	0.27567	0.05905	0.03820	0.01856	0.03395	0.00735	0.00590	0.00182	0.00728	0.00575	0.00466	0.00828
7	0.01459	0.01513	0.02913	0.07091	0.25446	0.01502	0.39505	0.04631	0.04241	0.01999	0.01228	0.01590	0.00956	0.00554	0.00690	0.00196	0.02671	0.00634	0.00322	0.00857
8	0.00851	0.00574	0.00680	0.00708	0.00728	0.00570	0.00429	0.00898	0.00969	0.01317	0.04187	0.19170	0.02603	0.55362	0.05776	0.00508	0.00565	0.01034	0.02662	0.00409
9	0.00752	0.00557	0.00703	0.00781	0.00867	0.00508	0.00542	0.00901	0.01300	0.01725	0.17919	0.50827	0.17032	0.01691	0.00746	0.00226	0.00328	0.01508	0.00579	0.00508
10	0.00998	0.00827	0.00874	0.00816	0.01051	0.00824	0.00621	0.04696	0.19514	0.02020	0.12900	0.04500	0.42835	0.03902	0.00761	0.00214	0.00370	0.01056	0.00579	0.00643
11	0.01713	0.01802	0.01438	0.01303	0.01620	0.27956	0.00997	0.02763	0.43330	0.02119	0.05230	0.02026	0.03511	0.00783	0.00594	0.00186	0.00679	0.00610	0.00506	0.00833
12	0.00759	0.00611	0.00676	0.00660	0.00842	0.00528	0.00495	0.00956	0.01484	0.01894	0.29521	0.05348	0.51267	0.01423	0.00710	0.00198	0.00298	0.01208	0.00594	0.00528
13	0.01365	0.01153	0.01283	0.00988	0.01435	0.04263	0.00782	0.04839	0.05540	0.04609	0.03325	0.06006	0.01276	0.00628	0.00558	0.00125	0.03519	0.00500	0.00410	0.57395
14	0.01563	0.64211	0.15045	0.01159	0.01729	0.04634	0.01230	0.01838	0.01246	0.01498	0.00879	0.01019	0.00770	0.00527	0.00422	0.00140	0.00698	0.00344	0.00259	0.00789
15	0.02274	0.00934	0.01233	0.00976	0.01382	0.00805	0.00796	0.02494	0.01659	0.59553	0.05798	0.02808	0.14737	0.00902	0.00628	0.00189	0.00466	0.00742	0.00708	0.00914
16	0.01565	0.71094	0.10903	0.01103	0.01657	0.02275	0.01157	0.01812	0.01227	0.01468	0.00862	0.00998	0.00771	0.00521	0.00406	0.00135	0.00670	0.00335	0.00257	0.00785
17	0.02157	0.02250	0.01741	0.01487	0.01814	0.41962	0.01166	0.23374	0.01940	0.04835	0.01117	0.01256	0.00877	0.00710	0.00745	0.00178	0.10723	0.00459	0.00407	0.00801
18	0.00766	0.00612	0.00685	0.00667	0.00846	0.00531	0.00500	0.00970	0.01501	0.01932	0.32916	0.05283	0.47848	0.01409	0.00710	0.00198	0.00297	0.01199	0.00599	0.00531
19	0.02247	0.02867	0.01705	0.01550	0.01860	0.76443	0.01162	0.02402	0.01705	0.01472	0.00930	0.01085	0.00775	0.00620	0.00542	0.00155	0.01085	0.00387	0.00310	0.00697
20	0.01219	0.01173	0.01656	0.01449	0.01471	0.01610	0.01196	0.01368	0.00931	0.01437	0.00965	0.01540	0.00942	0.01792	0.17887	0.00414	0.61493	0.00552	0.00276	0.00632
21	0.00908	0.00639	0.00733	0.00699	0.00897	0.00554	0.00528	0.01105	0.01491	0.07539	0.26785	0.08027	0.45136	0.01388	0.00705	0.00199	0.00316	0.01181	0.00605	0.00565
22	0.01069	0.00663	0.00874	0.00794	0.00974	0.00605	0.00605	0.01347	0.01705	0.11017	0.66266	0.04206	0.05183	0.01173	0.00697	0.00189	0.00311	0.01031	0.00672	0.00621
23	0.00845	0.00634	0.00786	0.00751	0.00906	0.00587	0.00561	0.01149	0.04171	0.02246	0.57570	0.07399	0.17569	0.01291	0.00709	0.00194	0.00297	0.01129	0.00638	0.00568
24	0.00875	0.00583	0.00656	0.00656	0.00656	0.00583	0.00365	0.00875	0.00875	0.01166	0.01895	0.03937	0.02187	0.78858	0.03062	0.00583	0.00583	0.00875	0.00365	0.00365
25	0.00750	0.00541	0.00715	0.00848	0.00899	0.00506	0.00586	0.00871	0.01180	0.01561	0.03436	0.69429	0.07263	0.01850	0.00770	0.00245	0.00363	0.07134	0.00558	0.00495
26	0.01496	0.01292	0.01360	0.01224	0.01564	0.01496	0.00952	0.03197	0.74019	0.02516	0.02448	0.02244	0.01836	0.00816	0.00612	0.00204	0.00476	0.00680	0.00612	0.00952
27	0.79266	0.01255	0.04395	0.00834	0.01231	0.01352	0.00725	0.01775	0.01035	0.02662	0.00849	0.00991	0.00657	0.00559	0.00382	0.00186	0.00485	0.00331	0.00367	0.00663
28	0.01546	0.01071	0.01283	0.01110	0.01422	0.02947	0.04030	0.04787	0.27133	0.16973	0.15319	0.07657	0.07987	0.00997	0.00654	0.00200	0.00477	0.02975	0.00617	0.00815
29	0.01249	0.00965	0.01229	0.01065	0.01352	0.00974	0.06416	0.07229	0.18534	0.06948	0.18877	0.03864	0.20917	0.01115	0.00682	0.00203	0.00457	0.06612	0.00588	0.00724
30	0.01459	0.01055	0.01254	0.00930	0.01417	0.00843	0.00740	0.05017	0.01372	0.11929	0.01384	0.04876	0.01149	0.02581	0.00556	0.00126	0.00464	0.00472	0.00429	0.61945
31	0.00816	0.00559	0.00673	0.00731	0.00745	0.00544	0.00444	0.00860	0.00989	0.01319	0.02481	0.34650	0.02925	0.47137	0.02117	0.00444	0.00487	0.01219	0.00444	0.00416
32	0.01276	0.01057	0.01237	0.00889	0.01414	0.00797	0.00712	0.01539	0.01264	0.04027	0.01224	0.01377	0.02651	0.00479	0.00456	0.00095	0.00444	0.00385	0.00372	0.78304
33	0.06499	0.23767	0.27403	0.01271	0.01847	0.01481	0.04149	0.01790	0.01301	0.07185	0.06462	0.06969	0.01401	0.00698	0.00531	0.00171	0.00664	0.00555	0.00356	0.05499
34	0.80287	0.03865	0.00963	0.00799	0.01177	0.01385	0.00665	0.01769	0.01031	0.02655	0.00838	0.00977	0.00656	0.00557	0.00373	0.00184	0.00472	0.00326	0.00368	0.00656
35	0.01219	0.00934	0.01086	0.01071	0.01284	0.01020	0.00843	0.02080	0.33335	0.04036	0.02658	0.11164	0.02518	0.08126	0.02805	0.00279	0.00519	0.21080	0.03225	0.00719
36	0.32172	0.01113	0.01198	0.00970	0.01379	0.01136	0.00797	0.09794	0.01564	0.35689	0.04495	0.01691	0.01295	0.00691	0.00516	0.00184	0.00494	0.00512	0.03457	0.00853
37	0.57937	0.01120	0.01044	0.00879	0.01280	0.01204	0.00724	0.02133	0.01242	0.25495	0.01318	0.01312	0.00914	0.00617	0.00445	0.00186	0.00480	0.00413	0.00489	0.00768
38	0.03675	0.00922	0.01386	0.01161	0.01490	0.00838	0.09103	0.02008	0.01498	0.35605	0.05389	0.18567	0.04860	0.01107	0.00681	0.00212	0.00524	0.09571	0.00614	0.00787

[dist]
# distance from previous block
# <min> <max>
0	22

[block]
# block no. 2 follows, 38 sequences, length 38
# corresponding to MSA columns:
# 131-134,142-175
name=unknown_C
#
# <colnr> <probs for GDERKNQSTAVLIFYWHMCP>
#	G	D	E	R	K	N	Q	S	T	A	V	L	I	F	Y	W	H	M	C	P
0	0.02962	0.00589	0.00681	0.00679	0.00688	0.00593	0.00395	0.00884	0.00865	0.01187	0.01741	0.03545	0.01977	0.65336	0.02887	0.12908	0.00571	0.00808	0.00349	0.00356
1	0.02287	0.01685	0.01805	0.01384	0.01866	0.01866	0.01143	0.73100	0.02828	0.03791	0.01444	0.01444	0.01023	0.00722	0.00602	0.00181	0.00662	0.00542	0.00602	0.01023
2	0.01036	0.00526	0.00777	0.00777	0.00777	0.00526	0.00514	0.00789	0.00789	0.01052	0.01091	0.01943	0.01107	0.06252	0.02390	0.78056	0.00526	0.00542	0.00267	0.00267
3	0.01247	0.01069	0.01247	0.00891	0.01426	0.00802	0.00713	0.01515	0.01247	0.01960	0.01069	0.01247	0.00891	0.00446	0.00446	0.00089	0.00446	0.00356	0.00356	0.82536
4	0.01645	0.69579	0.06137	0.01102	0.01616	0.08532	0.01092	0.01856	0.01265	0.01441	0.00855	0.00988	0.00772	0.00526	0.00407	0.00134	0.00691	0.00332	0.00262	0.00771
5	0.01548	0.01128	0.01324	0.00974	0.01482	0.00938	0.00785	0.10570	0.01501	0.11436	0.01328	0.03026	0.01049	0.00548	0.00492	0.00116	0.00479	0.00440	0.00440	0.60397
6	0.02108	0.08542	0.01842	0.01457	0.01816	0.47558	0.04371	0.07389	0.05303	0.08594	0.01310	0.01396	0.02793	0.00667	0.00584	0.00166	0.02479	0.00468	0.00387	0.00769
7	0.02554	0.03282	0.01545	0.01241	0.04937	0.04489	0.00970	0.09651	0.01799	0.59835	0.02119	0.01891	0.01368	0.00721	0.00596	0.00182	0.00565	0.00578	0.00677	0.00999
8	0.01430	0.01064	0.01266	0.00914	0.01439	0.00812	0.00734	0.01693	0.01307	0.11218	0.01233	0.01348	0.00966	0.00483	0.00466	0.00101	0.00454	0.00388	0.00405	0.72278
9	0.01295	0.01097	0.01273	0.00914	0.01446	0.00850	0.00732	0.04778	0.01320	0.02044	0.01086	0.01256	0.00897	0.00458	0.00453	0.00093	0.00455	0.00365	0.00368	0.78820
10	0.01892	0.02171	0.01609	0.04891	0.01852	0.45857	0.03936	0.02457	0.19156	0.01807	0.01397	0.01503	0.01100	0.00669	0.00559	0.00170	0.00858	0.00492	0.06874	0.00752
11	0.01045	0.00522	0.00784	0.00784	0.00784	0.00522	0.00522	0.00784	0.00784	0.01045	0.01045	0.01829	0.01045	0.02090	0.02351	0.82497	0.00522	0.00522	0.00261	0.00261
12	0.01359	0.01487	0.03125	0.05738	0.02901	0.01444	0.59521	0.01814	0.01365	0.01880	0.01310	0.04920	0.01060	0.00608	0.00763	0.00205	0.05105	0.00728	0.03895	0.00772
13	0.00855	0.00645	0.00790	0.00845	0.00923	0.02307	0.00581	0.00969	0.01097	0.01474	0.02599	0.43504	0.02999	0.18662	0.10767	0.00398	0.00589	0.04047	0.00469	0.05481
14	0.00737	0.00526	0.00701	0.00835	0.00873	0.00491	0.00559	0.00847	0.01169	0.01563	0.05546	0.76158	0.04032	0.01864	0.00766	0.00243	0.00347	0.01691	0.00562	0.00491
15	0.83108	0.01163	0.00884	0.00791	0.01163	0.01350	0.00651	0.01768	0.01024	0.02699	0.00838	0.00977	0.00651	0.00558	0.00372	0.00186	0.00465	0.00326	0.00372	0.00651
16	0.01059	0.00925	0.01271	0.01160	0.01230	0.01173	0.00920	0.01281	0.04025	0.01494	0.04761	0.02359	0.04835	0.10316	0.29919	0.00552	0.31125	0.00671	0.00341	0.00584
17	0.00720	0.00595	0.00633	0.00654	0.00826	0.00507	0.00479	0.00870	0.01347	0.01642	0.08417	0.18165	0.59922	0.01573	0.00721	0.00210	0.00311	0.01338	0.00563	0.00507
18	0.02263	0.01722	0.01766	0.01377	0.01841	0.06620	0.01128	0.63140	0.05835	0.05986	0.01486	0.01476	0.01058	0.00720	0.00599	0.00180	0.00676	0.00540	0.00588	0.00999
19	0.02167	0.02845	0.06083	0.01614	0.03757	0.70126	0.01242	0.02359	0.01671	0.01510	0.00944	0.01106	0.00779	0.00615	0.00545	0.00158	0.01064	0.00395	0.00306	0.00715
20	0.01671	0.13587	0.18521	0.01357	0.01872	0.07598	0.06746	0.08708	0.09601	0.12328	0.02987	0.03590	0.03932	0.00711	0.00569	0.00179	0.00687	0.00576	0.03935	0.00844
21	0.01489	0.01429	0.02442	0.03692	0.75106	0.01429	0.01846	0.01846	0.01370	0.01965	0.01132	0.01489	0.00953	0.00536	0.00596	0.00179	0.00715	0.00536	0.00298	0.00953
22	0.01247	0.01069	0.01247	0.00891	0.01426	0.00802	0.00713	0.01515	0.01247	0.01960	0.01069	0.01247	0.00891	0.00446	0.00446	0.00089	0.00446	0.00356	0.00356	0.82536
23	0.02287	0.01685	0.01805	0.01384	0.01866	0.01866	0.01143	0.73100	0.02828	0.03791	0.01444	0.01444	0.01023	0.00722	0.00602	0.00181	0.00662	0.00542	0.00602	0.01023
24	0.02434	0.01123	0.01422	0.01112	0.01551	0.01064	0.00911	0.13711	0.07444	0.54498	0.06505	0.02113	0.01691	0.00775	0.00611	0.00187	0.00519	0.00629	0.00707	0.00991
25	0.00716	0.00610	0.00617	0.00615	0.00816	0.00510	0.00461	0.00874	0.01384	0.01656	0.08778	0.05739	0.72158	0.01512	0.00711	0.00203	0.00304	0.01263	0.00563	0.00510
26	0.00875	0.00583	0.00656	0.00656	0.00656	0.00583	0.00365	0.00875	0.00875	0.01166	0.01895	0.03937	0.02187	0.78858	0.03062	0.00583	0.00583	0.00875	0.00365	0.00365
27	0.01461	0.01401	0.02391	0.09533	0.69484	0.01422	0.01832	0.01822	0.01357	0.01931	0.01127	0.01498	0.00941	0.00541	0.00596	0.00180	0.00722	0.00536	0.00295	0.00930
28	0.00718	0.00607	0.00621	0.00624	0.00819	0.00510	0.00465	0.00875	0.01380	0.01659	0.09218	0.08054	0.69357	0.01521	0.00713	0.00204	0.00305	0.01275	0.00563	0.00510
29	0.02295	0.01584	0.01734	0.01336	0.01805	0.01724	0.01101	0.63643	0.02666	0.11627	0.01592	0.03364	0.01145	0.00753	0.00606	0.00183	0.00638	0.00577	0.00616	0.01010
30	0.05117	0.02202	0.02036	0.01672	0.02065	0.40826	0.17425	0.08191	0.08850	0.01940	0.01212	0.01379	0.00948	0.00622	0.00582	0.00174	0.00928	0.00505	0.02556	0.00770
31	0.00799	0.00616	0.00897	0.01021	0.04052	0.00578	0.03903	0.00931	0.01173	0.01564	0.03180	0.67430	0.05933	0.03830	0.00818	0.00248	0.00399	0.01579	0.00531	0.00520
32	0.01474	0.01414	0.02415	0.06754	0.72158	0.01425	0.01839	0.01833	0.01363	0.01948	0.01129	0.01494	0.00947	0.00539	0.00596	0.00180	0.00718	0.00536	0.00297	0.00941
33	0.01540	0.01540	0.02286	0.08120	0.60512	0.08703	0.01733	0.01934	0.04287	0.01912	0.01160	0.01487	0.00961	0.00560	0.00591	0.00179	0.00747	0.00527	0.00310	0.00910
34	0.09761	0.04860	0.04739	0.01324	0.07213	0.16503	0.00970	0.05977	0.08391	0.03723	0.05035	0.24925	0.02092	0.01038	0.00611	0.00196	0.00609	0.00867	0.00458	0.00707
35	0.01492	0.09945	0.11363	0.01475	0.01777	0.01700	0.04368	0.05021	0.10428	0.06609	0.01199	0.01455	0.00980	0.00831	0.01212	0.00217	0.36305	0.00523	0.00356	0.02745
36	0.01279	0.05587	0.52026	0.01830	0.06429	0.01415	0.11354	0.04232	0.01374	0.01988	0.05915	0.01533	0.01122	0.00607	0.00594	0.00189	0.00839	0.00525	0.00301	0.00861
37	0.03208	0.00855	0.00986	0.02986	0.01192	0.03779	0.00729	0.07075	0.01319	0.04232	0.02391	0.25278	0.03692	0.15291	0.05219	0.00321	0.00576	0.12500	0.00480	0.07891

[dist]
# distance from previous block
# <min> <max>
10	15

[block]
# block no. 3 follows, 38 sequences, length 24
# corresponding to MSA columns:
# 192-211,216-219
name=unknown_D
#
# <colnr> <probs for GDERKNQSTAVLIFYWHMCP>
#	G	D	E	R	K	N	Q	S	T	A	V	L	I	F	Y	W	H	M	C	P
0	0.01520	0.03954	0.16239	0.02049	0.17127	0.04929	0.13753	0.01959	0.04287	0.09280	0.01363	0.03521	0.01103	0.00683	0.00748	0.00192	0.08753	0.02339	0.00361	0.05841
1	0.00740	0.00611	0.00635	0.00640	0.00822	0.00524	0.00476	0.00890	0.01343	0.01623	0.07955	0.05641	0.63600	0.07713	0.00904	0.00236	0.00337	0.04263	0.00546	0.00500
2	0.01903	0.01381	0.01533	0.06308	0.01761	0.01519	0.01021	0.51142	0.02391	0.03288	0.09103	0.01879	0.01561	0.00764	0.00588	0.00177	0.00581	0.00600	0.11610	0.00890
3	0.01336	0.01353	0.01745	0.01519	0.01548	0.06083	0.01247	0.01508	0.02882	0.01483	0.01010	0.06502	0.01030	0.01077	0.01775	0.00254	0.66095	0.00602	0.00295	0.00657
4	0.01431	0.03852	0.01235	0.01091	0.01336	0.27497	0.00827	0.01834	0.12039	0.01842	0.17878	0.05266	0.15481	0.02909	0.02687	0.00211	0.00653	0.00794	0.00481	0.00656
5	0.02699	0.01024	0.01396	0.01070	0.01536	0.00884	0.00884	0.02932	0.01722	0.75522	0.02373	0.02048	0.01489	0.00745	0.00605	0.00186	0.00512	0.00605	0.00745	0.01024
6	0.01420	0.01623	0.03550	0.02535	0.03144	0.01521	0.72921	0.01927	0.01420	0.01927	0.01217	0.01623	0.00913	0.00507	0.00710	0.00203	0.01014	0.00710	0.00304	0.00811
7	0.00731	0.00601	0.00644	0.00654	0.00830	0.00513	0.00482	0.00895	0.01389	0.01716	0.14594	0.13693	0.58119	0.01526	0.00717	0.00206	0.00307	0.01295	0.00572	0.00513
8	0.83108	0.01163	0.00884	0.00791	0.01163	0.01350	0.00651	0.01768	0.01024	0.02699	0.00838	0.00977	0.00651	0.00558	0.00372	0.00186	0.00465	0.00326	0.00372	0.00651
9	0.00745	0.00611	0.00657	0.00645	0.00834	0.00522	0.00484	0.00930	0.01452	0.01817	0.22862	0.05473	0.57974	0.01452	0.00711	0.00200	0.00300	0.01225	0.00584	0.00522
10	0.02345	0.01592	0.01748	0.01340	0.01819	0.01727	0.01107	0.63187	0.02672	0.13925	0.01576	0.01530	0.01089	0.00725	0.00602	0.00181	0.00641	0.00551	0.00622	0.01023
11	0.00773	0.00607	0.00698	0.00686	0.00853	0.00532	0.00511	0.00979	0.01501	0.01958	0.35470	0.09540	0.40908	0.01419	0.00714	0.00200	0.00298	0.01218	0.00603	0.00532
12	0.01207	0.03112	0.75741	0.01715	0.02604	0.01397	0.02223	0.01905	0.01270	0.01905	0.01080	0.01270	0.00762	0.00572	0.00572	0.00191	0.00889	0.00445	0.00254	0.00889
13	0.01408	0.01241	0.01322	0.01005	0.01494	0.06004	0.00804	0.07890	0.05522	0.02112	0.01253	0.01528	0.01049	0.00550	0.00490	0.00115	0.00513	0.03173	0.00397	0.62128
14	0.01061	0.03232	0.22971	0.01242	0.04698	0.03858	0.01163	0.01387	0.01312	0.03885	0.06827	0.26928	0.11904	0.01227	0.00674	0.00212	0.00568	0.05731	0.00452	0.00668
15	0.05022	0.10529	0.01439	0.01024	0.01367	0.02727	0.00835	0.11516	0.03356	0.26793	0.04984	0.12163	0.06358	0.03468	0.03974	0.00235	0.00566	0.02278	0.00567	0.00801
16	0.01758	0.01764	0.01407	0.01245	0.01529	0.31134	0.00960	0.08900	0.11259	0.06610	0.16125	0.02324	0.06838	0.00864	0.00676	0.00181	0.04538	0.00657	0.00488	0.00742
17	0.00775	0.00602	0.00705	0.00701	0.00857	0.00532	0.00517	0.00979	0.01490	0.01958	0.35767	0.13903	0.36177	0.01438	0.00717	0.00202	0.00301	0.01243	0.00604	0.00532
18	0.01408	0.01721	0.17536	0.04658	0.05698	0.01352	0.33127	0.04663	0.02988	0.06586	0.03085	0.07619	0.01328	0.00717	0.00707	0.00204	0.03271	0.02152	0.00370	0.00813
19	0.01330	0.04009	0.13510	0.02031	0.02572	0.04159	0.43885	0.01834	0.04224	0.01863	0.01541	0.11054	0.01371	0.00737	0.00681	0.00205	0.00871	0.03001	0.00347	0.00775
20	0.03687	0.01272	0.02489	0.01868	0.02313	0.01199	0.43864	0.01777	0.03607	0.07858	0.06891	0.14204	0.04394	0.00841	0.00698	0.00207	0.00761	0.00894	0.00425	0.00750
21	0.03368	0.01205	0.05733	0.01175	0.03506	0.01104	0.03586	0.05652	0.19547	0.12208	0.06229	0.02213	0.06641	0.00800	0.00657	0.02097	0.02745	0.00630	0.05993	0.14911
22	0.04871	0.01254	0.01555	0.01197	0.01649	0.05054	0.09023	0.11373	0.03776	0.14613	0.04488	0.02047	0.06237	0.00701	0.00569	0.00158	0.00573	0.02614	0.00485	0.27763
23	0.01754	0.01117	0.01319	0.01119	0.01438	0.06021	0.03650	0.12296	0.04831	0.24075	0.10795	0.13597	0.04112	0.02806	0.00710	0.00206	0.00538	0.05805	0.00597	0.03214

[dist]
# distance from previous block
# <min> <max>
2	14

[block]
# block no. 4 follows, 38 sequences, length 24
# corresponding to MSA columns:
# 234-257
name=unknown_E
#
# <colnr> <probs for GDERKNQSTAVLIFYWHMCP>
#	G	D	E	R	K	N	Q	S	T	A	V	L	I	F	Y	W	H	M	C	P
0	0.01754	0.01291	0.01717	0.01378	0.01771	0.06100	0.14204	0.06814	0.19839	0.20385	0.06510	0.08130	0.03749	0.00841	0.00640	0.00194	0.00609	0.00752	0.00559	0.02763
1	0.02056	0.05606	0.08105	0.01427	0.01856	0.31665	0.01201	0.22696	0.12013	0.05567	0.01360	0.01402	0.01023	0.00673	0.00567	0.00172	0.00818	0.00484	0.00447	0.00860
2	0.01823	0.06857	0.07225	0.01631	0.04916	0.15880	0.13410	0.15069	0.14331	0.07754	0.04088	0.01657	0.01261	0.00671	0.00598	0.00182	0.00763	0.00568	0.00451	0.00868
3	0.01182	0.01045	0.00982	0.00940	0.01054	0.14835	0.00663	0.01302	0.01132	0.03674	0.05712	0.02879	0.01881	0.34003	0.25546	0.00590	0.00983	0.00715	0.00369	0.00513
4	0.00960	0.00700	0.00939	0.01007	0.05767	0.00675	0.00697	0.01249	0.04018	0.04455	0.38385	0.13077	0.09803	0.04281	0.06360	0.00274	0.00461	0.05721	0.00576	0.00596
5	0.01375	0.03963	0.38603	0.01741	0.02408	0.03878	0.16455	0.04637	0.15075	0.02058	0.01419	0.03254	0.01078	0.00639	0.00608	0.00194	0.00818	0.00571	0.00353	0.00872
6	0.00879	0.00594	0.00697	0.00705	0.00721	0.00602	0.00428	0.00911	0.00910	0.01219	0.01946	0.03976	0.02206	0.68884	0.08528	0.00595	0.00660	0.04778	0.00372	0.00388
7	0.16303	0.01159	0.01314	0.01059	0.01468	0.01183	0.00863	0.15652	0.09464	0.34944	0.05614	0.01903	0.01509	0.00739	0.00562	0.00185	0.00506	0.00575	0.04089	0.00908
8	0.01403	0.01648	0.05683	0.05168	0.03163	0.01511	0.68243	0.01912	0.01408	0.01912	0.01208	0.01611	0.00904	0.00512	0.00702	0.00202	0.01003	0.00696	0.00301	0.00809
9	0.01454	0.01480	0.05618	0.08381	0.67327	0.01422	0.01851	0.01829	0.01355	0.01935	0.01125	0.01487	0.00935	0.00542	0.00595	0.00181	0.00728	0.00532	0.00294	0.00932
10	0.00965	0.00700	0.00953	0.01067	0.01211	0.00701	0.00915	0.01282	0.03982	0.01844	0.07250	0.09319	0.05656	0.01612	0.00810	0.00266	0.00521	0.59819	0.00562	0.00565
11	0.00761	0.00544	0.00704	0.00818	0.00880	0.00506	0.00564	0.00892	0.01212	0.01624	0.07186	0.63149	0.09528	0.01772	0.00751	0.00236	0.00349	0.04649	0.03377	0.00500
12	0.01355	0.04855	0.39498	0.01784	0.05557	0.04410	0.13055	0.04508	0.09842	0.01999	0.01407	0.04361	0.01128	0.00674	0.00608	0.00194	0.00815	0.02753	0.00340	0.00855
13	0.02171	0.02474	0.01739	0.01517	0.01836	0.53724	0.01172	0.17425	0.01874	0.01966	0.01027	0.01183	0.00829	0.00681	0.00685	0.00170	0.07963	0.00433	0.00368	0.00763
14	0.00863	0.00578	0.00660	0.00671	0.00674	0.00575	0.00380	0.00872	0.00897	0.01197	0.02012	0.10035	0.02334	0.72560	0.02874	0.00555	0.00564	0.00943	0.00380	0.00375
15	0.00874	0.00618	0.00775	0.00836	0.00916	0.00608	0.00604	0.01067	0.03578	0.01635	0.10039	0.25465	0.06462	0.22793	0.02889	0.00347	0.00477	0.16474	0.03047	0.00496
16	0.02247	0.02867	0.01705	0.01550	0.01860	0.76443	0.01162	0.02402	0.01705	0.01472	0.00930	0.01085	0.00775	0.00620	0.00542	0.00155	0.01085	0.00387	0.00310	0.00697
17	0.00863	0.00630	0.00891	0.00891	0.00972	0.00711	0.00657	0.01025	0.00944	0.01340	0.01681	0.02748	0.01671	0.22698	0.58517	0.00873	0.01360	0.00701	0.00333	0.00495
18	0.01396	0.00859	0.01039	0.00905	0.01172	0.00827	0.00714	0.09516	0.06376	0.16877	0.32555	0.03853	0.16430	0.01121	0.00676	0.00195	0.00397	0.03723	0.00646	0.00721
19	0.01897	0.01283	0.01444	0.01193	0.01559	0.01374	0.00951	0.36925	0.12894	0.13493	0.05271	0.15133	0.01927	0.00963	0.00637	0.00196	0.00542	0.00798	0.00619	0.00900
20	0.02287	0.01685	0.01805	0.01384	0.01866	0.01866	0.01143	0.73100	0.02828	0.03791	0.01444	0.01444	0.01023	0.00722	0.00602	0.00181	0.00662	0.00542	0.00602	0.01023
21	0.00873	0.00592	0.00699	0.00699	0.00714	0.00607	0.00418	0.00903	0.00888	0.01198	0.01856	0.03718	0.02092	0.68534	0.13256	0.00636	0.00726	0.00843	0.00359	0.00388
22	0.09417	0.01255	0.01349	0.01120	0.01490	0.01359	0.00906	0.29373	0.16792	0.10093	0.07639	0.02363	0.06573	0.00852	0.00598	0.00190	0.00518	0.03077	0.04167	0.00869
23	0.00826	0.00631	0.00760	0.00730	0.00893	0.00576	0.00546	0.01108	0.03814	0.02153	0.49813	0.07174	0.26114	0.01326	0.00709	0.00196	0.00298	0.01149	0.00627	0.00559

[dist]
# distance from previous block
# <min> <max>
1	7

[block]
# block no. 5 follows, 38 sequences, length 31
# corresponding to MSA columns:
# 265-287,307-314
name=unknown_F
#
# <colnr> <probs for GDERKNQSTAVLIFYWHMCP>
#	G	D	E	R	K	N	Q	S	T	A	V	L	I	F	Y	W	H	M	C	P
0	0.02004	0.10266	0.01722	0.01349	0.01695	0.41287	0.01065	0.08023	0.09859	0.07431	0.02997	0.01780	0.02702	0.00736	0.00566	0.00170	0.00831	0.04324	0.00420	0.00771
1	0.01425	0.01179	0.01357	0.01010	0.01497	0.01042	0.00814	0.13753	0.04275	0.02286	0.03239	0.01412	0.01079	0.00552	0.00544	0.00118	0.03412	0.00427	0.00413	0.60164
2	0.08320	0.01820	0.01489	0.01310	0.01662	0.25731	0.01023	0.13182	0.29100	0.05159	0.01702	0.01791	0.01318	0.00743	0.00576	0.00185	0.00704	0.02841	0.00497	0.00846
3	0.01311	0.02606	0.57627	0.01593	0.02351	0.01304	0.04417	0.01994	0.05491	0.07346	0.07068	0.01649	0.01269	0.00648	0.00592	0.00191	0.00795	0.00530	0.00344	0.00874
4	0.01904	0.01643	0.01516	0.01297	0.01673	0.16541	0.01027	0.19660	0.30003	0.08764	0.01884	0.01995	0.01446	0.00777	0.00600	0.00187	0.00649	0.04103	0.00548	0.03783
5	0.00858	0.00612	0.00826	0.00843	0.00905	0.00663	0.00596	0.00984	0.00964	0.01337	0.01927	0.09966	0.02053	0.32145	0.39367	0.00733	0.01074	0.03312	0.00368	0.00468
6	0.00814	0.00613	0.00753	0.00718	0.00876	0.00552	0.00538	0.01063	0.01615	0.02204	0.56633	0.04836	0.23961	0.01307	0.00710	0.00193	0.00289	0.01136	0.00635	0.00552
7	0.01247	0.01069	0.01247	0.00891	0.01426	0.00802	0.00713	0.01515	0.01247	0.01960	0.01069	0.01247	0.00891	0.00446	0.00446	0.00089	0.00446	0.00356	0.00356	0.82536
8	0.00810	0.00585	0.00753	0.00855	0.00921	0.00564	0.00603	0.00987	0.03545	0.01600	0.05967	0.51991	0.06627	0.10308	0.01021	0.00281	0.00403	0.11133	0.00542	0.00503
9	0.02163	0.01710	0.01823	0.01593	0.08882	0.07458	0.01189	0.55631	0.04154	0.04699	0.01403	0.01444	0.01020	0.00690	0.00592	0.00176	0.00685	0.00528	0.00545	0.03613
10	0.01471	0.01114	0.01358	0.01375	0.10244	0.01183	0.00950	0.09009	0.29992	0.08815	0.22112	0.02797	0.05160	0.00905	0.00639	0.00193	0.00467	0.00775	0.00597	0.00845
11	0.00818	0.00597	0.00774	0.00802	0.00920	0.00553	0.00596	0.01039	0.01486	0.02032	0.41075	0.25211	0.11601	0.01483	0.00738	0.00215	0.00332	0.08577	0.00612	0.00539
12	0.01460	0.01687	0.10032	0.02235	0.04862	0.01540	0.47173	0.03906	0.02754	0.04710	0.01211	0.01562	0.00923	0.00617	0.00874	0.00209	0.12463	0.00642	0.00324	0.00817
13	0.10218	0.06940	0.03964	0.01300	0.01635	0.33754	0.01040	0.07587	0.13948	0.01997	0.03803	0.06853	0.01347	0.00764	0.00583	0.00178	0.02365	0.00559	0.00413	0.00752
14	0.01045	0.00522	0.00784	0.00784	0.00784	0.00522	0.00522	0.00784	0.00784	0.01045	0.01045	0.01829	0.01045	0.02090	0.02351	0.82497	0.00522	0.00522	0.00261	0.00261
15	0.00862	0.00636	0.00923	0.00923	0.01016	0.00728	0.00698	0.01046	0.00954	0.01364	0.01651	0.02583	0.01599	0.14900	0.66217	0.00913	0.01468	0.00677	0.00328	0.00513
16	0.01512	0.01681	0.14237	0.03163	0.11853	0.01493	0.09745	0.11142	0.31784	0.02408	0.03548	0.01854	0.01407	0.00696	0.00616	0.00195	0.00664	0.00615	0.00468	0.00919
17	0.02065	0.02490	0.01653	0.01544	0.03966	0.58279	0.01138	0.02555	0.17078	0.01709	0.01259	0.01343	0.01006	0.00659	0.00559	0.00166	0.00944	0.00454	0.00374	0.00759
18	0.00873	0.00592	0.00676	0.00686	0.00705	0.00587	0.00412	0.00900	0.00936	0.01234	0.02197	0.04230	0.05925	0.69550	0.02787	0.00543	0.00567	0.05828	0.00388	0.00385
19	0.01265	0.02503	0.47934	0.01972	0.02734	0.01410	0.26896	0.01876	0.01318	0.01900	0.01204	0.04022	0.00924	0.00594	0.00627	0.00197	0.00914	0.00580	0.00282	0.00848
20	0.01136	0.01069	0.01804	0.77412	0.04143	0.01337	0.01671	0.01537	0.01203	0.01537	0.01069	0.01604	0.00802	0.00601	0.00601	0.00200	0.00802	0.00535	0.00267	0.00668
21	0.01183	0.01118	0.01890	0.67525	0.13661	0.01349	0.01694	0.01578	0.01225	0.01594	0.01078	0.01588	0.00822	0.00593	0.00601	0.00198	0.00790	0.00535	0.00271	0.00706
22	0.00787	0.00564	0.00743	0.00865	0.00926	0.00535	0.00619	0.00920	0.01188	0.01565	0.03330	0.55784	0.07311	0.07267	0.00939	0.00272	0.00403	0.14944	0.00544	0.00493
23	0.01526	0.01625	0.16437	0.05440	0.02431	0.01253	0.29171	0.04365	0.02963	0.14334	0.01714	0.08005	0.01417	0.00767	0.00668	0.00205	0.00788	0.05650	0.00421	0.00822
24	0.01323	0.01513	0.05819	0.02089	0.02544	0.03791	0.48300	0.01724	0.01328	0.01795	0.01470	0.09554	0.01339	0.03389	0.00911	0.00226	0.08335	0.03474	0.00336	0.00739
25	0.02231	0.04854	0.01746	0.01532	0.01852	0.72584	0.01158	0.04189	0.01721	0.01530	0.00941	0.01091	0.00781	0.00620	0.00540	0.00155	0.01062	0.00390	0.00316	0.00708
26	0.01226	0.01047	0.01225	0.00889	0.01403	0.00789	0.00706	0.01487	0.01243	0.01943	0.01162	0.04431	0.01018	0.00505	0.00459	0.00096	0.00442	0.00412	0.00365	0.79153
27	0.01928	0.11612	0.01755	0.01376	0.01684	0.50187	0.01073	0.05916	0.01578	0.01577	0.01066	0.01315	0.00916	0.01297	0.13872	0.00296	0.01101	0.00433	0.00322	0.00696
28	0.00874	0.00586	0.00668	0.00668	0.00672	0.00590	0.00379	0.00882	0.00878	0.01175	0.01885	0.03877	0.02161	0.76041	0.05844	0.00598	0.00622	0.00866	0.00363	0.00371
29	0.01023	0.00523	0.00778	0.00787	0.00790	0.00520	0.00525	0.00787	0.00810	0.01079	0.01205	0.07216	0.01251	0.02075	0.02240	0.76715	0.00510	0.00606	0.00282	0.00277
30	0.01367	0.01304	0.02235	0.18946	0.52206	0.01353	0.04445	0.01734	0.01360	0.01905	0.06299	0.01729	0.01252	0.00597	0.00609	0.00185	0.00714	0.00581	0.00317	0.00861

[dist]
# distance from previous block
# <min> <max>
0	3

# created by:
# /home/cegg/simao/soft/augustus-3.2.1/scripts/msa2prfl.pl ./align_prep/EOG090W0DA8.fa
