[name]
unknown

[dist]
# distance from previous block
# <min> <max>
4	176

[block]
# block no. 0 follows, 26 sequences, length 18
# corresponding to MSA columns:
# 231-248
name=unknown_A
#
# <colnr> <probs for GDERKNQSTAVLIFYWHMCP>
#	G	D	E	R	K	N	Q	S	T	A	V	L	I	F	Y	W	H	M	C	P
0	0.02272	0.38108	0.07456	0.01663	0.02268	0.20050	0.04399	0.08933	0.04415	0.02225	0.01280	0.01440	0.01064	0.00728	0.00609	0.00190	0.00990	0.00504	0.00404	0.01001
1	0.40515	0.02087	0.01665	0.01653	0.07854	0.20286	0.01180	0.06692	0.01752	0.05352	0.01358	0.04061	0.01123	0.00807	0.00601	0.00225	0.00840	0.00551	0.00485	0.00912
2	0.01746	0.18142	0.45491	0.02182	0.08868	0.02061	0.02359	0.06451	0.01726	0.02433	0.01333	0.01561	0.01006	0.00714	0.00677	0.00222	0.01018	0.00547	0.00354	0.01108
3	0.01783	0.01841	0.06184	0.14888	0.10080	0.10070	0.03903	0.08389	0.11524	0.02637	0.09368	0.02964	0.09074	0.01009	0.00776	0.00237	0.00830	0.00853	0.02621	0.00968
4	0.01008	0.00737	0.00890	0.00921	0.01032	0.00695	0.00627	0.01170	0.01540	0.02043	0.17138	0.22071	0.18271	0.21871	0.06182	0.00459	0.00595	0.01503	0.00644	0.00602
5	0.02079	0.02223	0.09330	0.01661	0.04738	0.16971	0.01367	0.13171	0.11450	0.02845	0.02020	0.02139	0.03751	0.00851	0.00685	0.00204	0.00835	0.00653	0.11242	0.11783
6	0.01349	0.01206	0.01764	0.07906	0.01964	0.01574	0.01342	0.01599	0.01223	0.01803	0.01548	0.02356	0.01450	0.03468	0.36438	0.00771	0.30374	0.00740	0.00370	0.00754
7	0.02484	0.02201	0.08267	0.07018	0.02587	0.04959	0.01562	0.43738	0.08022	0.03950	0.01784	0.01860	0.01295	0.00863	0.00740	0.00224	0.00860	0.00661	0.00652	0.06272
8	0.01016	0.00757	0.00934	0.01013	0.01134	0.00716	0.00713	0.01287	0.04607	0.02175	0.15212	0.39694	0.15331	0.07464	0.01158	0.00320	0.00459	0.04644	0.00710	0.00655
9	0.01424	0.00845	0.01061	0.01009	0.01248	0.00752	0.00750	0.01679	0.01817	0.13097	0.22021	0.24625	0.14286	0.01655	0.00853	0.00250	0.00441	0.01447	0.06387	0.04353
10	0.00944	0.00676	0.00881	0.01024	0.01082	0.00631	0.00684	0.01084	0.01483	0.01979	0.08174	0.61860	0.07384	0.06858	0.01146	0.00329	0.00452	0.02019	0.00697	0.00613
11	0.00931	0.00746	0.00832	0.00862	0.01059	0.00647	0.00627	0.01136	0.01735	0.02184	0.16635	0.21483	0.44534	0.01962	0.00912	0.00265	0.00392	0.01686	0.00725	0.00647
12	0.01855	0.01870	0.06961	0.17922	0.45574	0.01826	0.02232	0.08032	0.01843	0.02572	0.01442	0.01885	0.01156	0.00717	0.00751	0.00232	0.00931	0.00669	0.00399	0.01131
13	0.72849	0.01409	0.01084	0.00975	0.01423	0.01626	0.00799	0.02195	0.01314	0.03360	0.01164	0.01353	0.00906	0.00718	0.00474	0.00230	0.00569	0.00433	0.06306	0.00813
14	0.01573	0.04590	0.02019	0.20726	0.09241	0.01502	0.03884	0.04200	0.01745	0.05188	0.14276	0.03063	0.07067	0.01063	0.00976	0.00245	0.09398	0.00870	0.07500	0.00874
15	0.01308	0.00844	0.01014	0.00973	0.01216	0.00756	0.00727	0.01604	0.03840	0.11132	0.22148	0.18782	0.29280	0.01756	0.00888	0.00259	0.00429	0.01515	0.00771	0.00758
16	0.04489	0.01761	0.11425	0.04818	0.12392	0.01427	0.06220	0.02415	0.10651	0.08362	0.06769	0.02739	0.06256	0.04252	0.00886	0.00246	0.00759	0.00792	0.00542	0.12802
17	0.08156	0.02050	0.01889	0.03884	0.02146	0.19815	0.03796	0.13145	0.05164	0.10998	0.01998	0.05262	0.03258	0.00901	0.00701	0.00211	0.00860	0.00700	0.03792	0.11275

[dist]
# distance from previous block
# <min> <max>
12	29

[block]
# block no. 1 follows, 26 sequences, length 9
# corresponding to MSA columns:
# 278-286
name=unknown_B
#
# <colnr> <probs for GDERKNQSTAVLIFYWHMCP>
#	G	D	E	R	K	N	Q	S	T	A	V	L	I	F	Y	W	H	M	C	P
0	0.07109	0.10063	0.09216	0.01892	0.05829	0.07469	0.11328	0.12105	0.04623	0.06634	0.08301	0.02617	0.07687	0.00938	0.00745	0.00229	0.00856	0.00794	0.00551	0.01012
1	0.01607	0.01731	0.08136	0.01952	0.08328	0.05058	0.11911	0.05511	0.12267	0.02648	0.12722	0.08337	0.11123	0.01156	0.00820	0.00243	0.00762	0.01041	0.00593	0.04054
2	0.10740	0.01562	0.06293	0.09354	0.02337	0.01527	0.05904	0.13633	0.08390	0.07197	0.06351	0.13923	0.02328	0.01445	0.05333	0.00316	0.00825	0.00973	0.00608	0.00960
3	0.01765	0.02587	0.30302	0.01886	0.02602	0.01753	0.06961	0.12664	0.08457	0.02731	0.01715	0.02174	0.01379	0.08928	0.01196	0.00294	0.05352	0.00697	0.00467	0.06090
4	0.01774	0.01324	0.01739	0.01598	0.05827	0.06086	0.07505	0.09704	0.01754	0.06497	0.06598	0.02922	0.09178	0.01705	0.01673	0.31280	0.00758	0.00833	0.00510	0.00734
5	0.01745	0.10374	0.09247	0.01695	0.05954	0.11371	0.05592	0.05304	0.01789	0.02301	0.02463	0.09507	0.10456	0.01014	0.00716	0.00205	0.00811	0.00842	0.00480	0.18134
6	0.01694	0.05485	0.05571	0.01549	0.06187	0.01418	0.04908	0.16804	0.02243	0.03120	0.20872	0.03659	0.11194	0.01152	0.00774	0.00226	0.00630	0.00979	0.10608	0.00927
7	0.01688	0.05867	0.01866	0.06832	0.13457	0.01389	0.01276	0.02283	0.11117	0.10282	0.18837	0.03597	0.09767	0.01389	0.04530	0.00291	0.02972	0.00966	0.00638	0.00955
8	0.09229	0.05281	0.05431	0.09460	0.02458	0.26688	0.01436	0.06808	0.08952	0.07880	0.01957	0.02075	0.05138	0.00895	0.00757	0.00226	0.03205	0.00647	0.00511	0.00965

[dist]
# distance from previous block
# <min> <max>
0	1

[block]
# block no. 2 follows, 26 sequences, length 12
# corresponding to MSA columns:
# 288-299
name=unknown_C
#
# <colnr> <probs for GDERKNQSTAVLIFYWHMCP>
#	G	D	E	R	K	N	Q	S	T	A	V	L	I	F	Y	W	H	M	C	P
0	0.46477	0.01529	0.01545	0.14365	0.02334	0.01769	0.01195	0.13508	0.01763	0.03312	0.01409	0.01887	0.01135	0.00827	0.00607	0.00243	0.00717	0.03968	0.00509	0.00902
1	0.01945	0.05167	0.30490	0.02418	0.08384	0.05451	0.14467	0.13703	0.05618	0.02826	0.01556	0.01791	0.01150	0.00752	0.00757	0.00236	0.01057	0.00663	0.00442	0.01126
2	0.01085	0.00738	0.00822	0.00822	0.00845	0.00727	0.00470	0.01102	0.01159	0.01522	0.02863	0.05172	0.08609	0.66967	0.03596	0.00693	0.00704	0.01147	0.00481	0.00476
3	0.01731	0.01652	0.02814	0.26714	0.47701	0.01764	0.02255	0.02199	0.01658	0.02300	0.01401	0.01925	0.01139	0.00703	0.00753	0.00234	0.00937	0.00675	0.00363	0.01083
4	0.01487	0.00904	0.01080	0.01016	0.01231	0.00875	0.00749	0.07355	0.01894	0.09194	0.19478	0.19280	0.07937	0.08330	0.01099	0.00289	0.00483	0.01286	0.15262	0.00771
5	0.00929	0.00674	0.00877	0.01028	0.01096	0.00623	0.00694	0.01077	0.01508	0.01998	0.07510	0.64327	0.10261	0.02300	0.00959	0.00301	0.00432	0.02074	0.00710	0.00623
6	0.01165	0.00790	0.00962	0.00959	0.01117	0.00753	0.00685	0.01467	0.04193	0.04694	0.25137	0.19514	0.12959	0.11491	0.03718	0.00352	0.00507	0.01413	0.07439	0.00686
7	0.01971	0.26712	0.20439	0.09414	0.12092	0.02207	0.01926	0.08937	0.01822	0.05814	0.01396	0.01627	0.01085	0.00725	0.00656	0.00211	0.00920	0.00559	0.00408	0.01079
8	0.00940	0.00667	0.00876	0.01036	0.01076	0.00627	0.00683	0.01060	0.01422	0.01896	0.04024	0.66908	0.04819	0.08587	0.01221	0.00345	0.00466	0.02064	0.00683	0.00602
9	0.12136	0.08187	0.08683	0.02145	0.12632	0.04462	0.09291	0.09587	0.04373	0.10239	0.01779	0.04586	0.01423	0.02691	0.00785	0.00240	0.00846	0.00706	0.02436	0.02775
10	0.01592	0.01594	0.07345	0.19462	0.04811	0.01500	0.11833	0.04376	0.06837	0.05212	0.02496	0.11000	0.07681	0.01076	0.00874	0.00250	0.03828	0.00963	0.00504	0.06766
11	0.56783	0.01765	0.08522	0.01191	0.01694	0.05142	0.01069	0.02243	0.01416	0.05600	0.01442	0.07598	0.01252	0.00865	0.00562	0.00240	0.00674	0.00597	0.00488	0.00857

[dist]
# distance from previous block
# <min> <max>
0	10

[block]
# block no. 3 follows, 26 sequences, length 12
# corresponding to MSA columns:
# 310-321
name=unknown_D
#
# <colnr> <probs for GDERKNQSTAVLIFYWHMCP>
#	G	D	E	R	K	N	Q	S	T	A	V	L	I	F	Y	W	H	M	C	P
0	0.01826	0.06053	0.19725	0.06003	0.05801	0.07680	0.04950	0.05267	0.04496	0.05788	0.05316	0.02403	0.01693	0.00857	0.00726	0.00217	0.00888	0.04761	0.00479	0.15073
1	0.02390	0.02831	0.01867	0.01720	0.02022	0.50010	0.01294	0.02596	0.01940	0.01980	0.01603	0.08354	0.01480	0.00987	0.00831	0.00214	0.06563	0.00687	0.09802	0.00830
2	0.01667	0.05526	0.05137	0.10838	0.16618	0.01668	0.15778	0.02089	0.01636	0.05564	0.04675	0.05938	0.05153	0.01301	0.05985	0.00321	0.07835	0.00868	0.00446	0.00957
3	0.00969	0.00725	0.00874	0.00938	0.01054	0.00676	0.00645	0.01123	0.01509	0.01959	0.09379	0.31937	0.23349	0.14195	0.06735	0.00428	0.00588	0.01657	0.00650	0.00609
4	0.01597	0.05852	0.17930	0.07760	0.15432	0.01713	0.07545	0.02354	0.11395	0.02381	0.02604	0.02788	0.11814	0.00969	0.00857	0.00245	0.04453	0.00826	0.00466	0.01020
5	0.00968	0.00703	0.00876	0.00968	0.01054	0.00651	0.00652	0.01121	0.01537	0.02039	0.13502	0.44156	0.13646	0.12818	0.01381	0.00355	0.00465	0.01811	0.00686	0.00610
6	0.01808	0.02682	0.28938	0.15447	0.06830	0.06302	0.07049	0.11204	0.04425	0.02624	0.01611	0.04767	0.01266	0.00831	0.00758	0.00242	0.01029	0.00704	0.00430	0.01054
7	0.01553	0.00900	0.01178	0.01097	0.01309	0.00940	0.00840	0.04889	0.01528	0.10934	0.02476	0.03129	0.05209	0.07909	0.30847	0.07473	0.01186	0.00825	0.15031	0.00747
8	0.10528	0.01206	0.01348	0.05114	0.09202	0.04583	0.00997	0.02279	0.04331	0.10709	0.02156	0.02393	0.01641	0.00840	0.00606	0.00204	0.00573	0.00670	0.39737	0.00882
9	0.14034	0.02261	0.11506	0.01632	0.02180	0.13207	0.04885	0.15462	0.11415	0.03115	0.01782	0.01916	0.01346	0.00828	0.00674	0.00224	0.00851	0.00630	0.11031	0.01018
10	0.08494	0.01312	0.01682	0.09251	0.08325	0.01424	0.01222	0.05415	0.09735	0.12817	0.06936	0.04692	0.08016	0.09969	0.01288	0.00312	0.06675	0.00900	0.00607	0.00930
11	0.01810	0.01967	0.11148	0.10319	0.12511	0.01842	0.10794	0.10890	0.11324	0.02719	0.04683	0.02299	0.01629	0.04196	0.01099	0.00274	0.08193	0.00768	0.00493	0.01043

[dist]
# distance from previous block
# <min> <max>
0	6

[block]
# block no. 4 follows, 26 sequences, length 9
# corresponding to MSA columns:
# 328-336
name=unknown_E
#
# <colnr> <probs for GDERKNQSTAVLIFYWHMCP>
#	G	D	E	R	K	N	Q	S	T	A	V	L	I	F	Y	W	H	M	C	P
0	0.01568	0.01274	0.01960	0.19732	0.21082	0.01350	0.01584	0.02053	0.06068	0.06314	0.02644	0.16694	0.05366	0.01222	0.00813	0.00258	0.00744	0.04760	0.03587	0.00926
1	0.01688	0.05372	0.14054	0.10156	0.12700	0.05182	0.09919	0.04440	0.07165	0.02407	0.01948	0.10903	0.01732	0.00976	0.00810	0.00243	0.02798	0.00865	0.05660	0.00983
2	0.00981	0.00717	0.00848	0.00915	0.01046	0.00651	0.00636	0.01163	0.01606	0.02132	0.13120	0.34485	0.24146	0.07665	0.01138	0.00309	0.00430	0.01711	0.05673	0.00630
3	0.01747	0.06234	0.06380	0.08855	0.02318	0.06772	0.06811	0.11188	0.06386	0.02619	0.07596	0.04724	0.09070	0.04773	0.01021	0.00263	0.05019	0.00883	0.06436	0.00907
4	0.00950	0.00708	0.00858	0.00945	0.01054	0.00645	0.00645	0.01107	0.01557	0.02025	0.11196	0.41583	0.21893	0.09677	0.01248	0.00333	0.00448	0.01820	0.00691	0.00616
5	0.01568	0.04080	0.14809	0.04238	0.02012	0.09747	0.01373	0.06258	0.04235	0.02306	0.08836	0.09200	0.09213	0.08583	0.07100	0.00375	0.03730	0.00972	0.00520	0.00845
6	0.01170	0.00941	0.01348	0.01309	0.01399	0.01140	0.01010	0.01385	0.01226	0.01770	0.02119	0.10881	0.02158	0.09739	0.45142	0.00919	0.14271	0.00962	0.00431	0.00681
7	0.01692	0.02757	0.34448	0.13491	0.10571	0.01816	0.07028	0.06385	0.09597	0.02575	0.01614	0.01892	0.01191	0.00764	0.00751	0.00243	0.01011	0.00659	0.00414	0.01098
8	0.06284	0.01702	0.10076	0.01550	0.05460	0.01278	0.03634	0.02253	0.05842	0.07020	0.01610	0.01827	0.01267	0.00976	0.05001	0.00233	0.00776	0.00559	0.00480	0.42171

[dist]
# distance from previous block
# <min> <max>
2	5

[block]
# block no. 5 follows, 26 sequences, length 18
# corresponding to MSA columns:
# 342-359
name=unknown_F
#
# <colnr> <probs for GDERKNQSTAVLIFYWHMCP>
#	G	D	E	R	K	N	Q	S	T	A	V	L	I	F	Y	W	H	M	C	P
0	0.02201	0.01883	0.01897	0.04580	0.02207	0.07377	0.01301	0.23255	0.35554	0.03460	0.02719	0.02611	0.05515	0.01010	0.00767	0.00243	0.00740	0.00807	0.00715	0.01157
1	0.02064	0.16334	0.08069	0.13981	0.04838	0.06183	0.01539	0.08869	0.01843	0.10998	0.01664	0.02134	0.01349	0.04873	0.00939	0.00246	0.04035	0.02458	0.00485	0.07097
2	0.01140	0.05669	0.01339	0.01185	0.01313	0.01054	0.00901	0.01344	0.01280	0.01777	0.02449	0.19148	0.02599	0.11173	0.39638	0.00846	0.04887	0.01118	0.00471	0.00668
3	0.01692	0.05419	0.02128	0.33906	0.10813	0.01663	0.01650	0.08791	0.06468	0.02476	0.01678	0.02130	0.01305	0.00889	0.00818	0.04047	0.00826	0.00677	0.11707	0.00918
4	0.01025	0.00762	0.00954	0.00930	0.01109	0.00691	0.00688	0.01328	0.01996	0.02740	0.50151	0.13045	0.18366	0.01707	0.00903	0.00249	0.00371	0.01497	0.00797	0.00691
5	0.01692	0.01550	0.02650	0.02066	0.02551	0.01552	0.28271	0.02600	0.19842	0.05345	0.02605	0.10693	0.04023	0.07136	0.01102	0.00299	0.00867	0.01053	0.03133	0.00969
6	0.01711	0.01430	0.01647	0.01189	0.01856	0.01152	0.00956	0.08666	0.01783	0.02715	0.01398	0.01599	0.01141	0.00598	0.00582	0.00124	0.00590	0.00474	0.00482	0.69906
7	0.00975	0.00721	0.00911	0.00971	0.01100	0.00657	0.00687	0.01201	0.01756	0.02366	0.28584	0.37025	0.16266	0.01994	0.00929	0.00274	0.00400	0.01773	0.00753	0.00657
8	0.01098	0.00785	0.01126	0.01126	0.01244	0.00875	0.00847	0.01272	0.01221	0.01708	0.02402	0.03393	0.06851	0.10773	0.51957	0.09758	0.01645	0.00879	0.00424	0.00617
9	0.00930	0.00753	0.00826	0.00844	0.01054	0.00649	0.00619	0.01139	0.01754	0.02193	0.16984	0.17279	0.48464	0.01932	0.00907	0.00261	0.00389	0.01650	0.00726	0.00649
10	0.01164	0.00952	0.01050	0.01006	0.01266	0.00932	0.00759	0.01825	0.16117	0.02567	0.23515	0.09560	0.33142	0.01648	0.00873	0.00254	0.00427	0.01406	0.00756	0.00782
11	0.01545	0.00789	0.00844	0.00788	0.01008	0.00757	0.00588	0.01863	0.01592	0.07633	0.02443	0.02920	0.01962	0.06984	0.00830	0.00225	0.00419	0.00730	0.61035	0.05044
12	0.02085	0.05401	0.02766	0.06555	0.21103	0.09496	0.14694	0.07335	0.01925	0.08347	0.01755	0.04066	0.01400	0.00796	0.00745	0.00225	0.00934	0.00741	0.08588	0.01043
13	0.38031	0.23962	0.02204	0.01273	0.01791	0.13855	0.01094	0.02461	0.01564	0.06281	0.01183	0.01325	0.00953	0.00714	0.00528	0.00206	0.00793	0.00442	0.00438	0.00904
14	0.01865	0.13047	0.14563	0.02011	0.02466	0.02288	0.08536	0.10466	0.01677	0.02371	0.01233	0.01644	0.01041	0.00992	0.01482	0.00269	0.32042	0.00634	0.00390	0.00983
15	0.02073	0.40998	0.10305	0.01733	0.02372	0.07316	0.08304	0.09289	0.01809	0.02251	0.01224	0.01453	0.01027	0.00744	0.00746	0.00202	0.06233	0.00528	0.00383	0.01011
16	0.37892	0.02030	0.12707	0.01533	0.05680	0.06235	0.01334	0.09082	0.01738	0.06818	0.01443	0.01610	0.01079	0.00760	0.00593	0.00227	0.00754	0.00529	0.06995	0.00962
17	0.01614	0.07240	0.13198	0.16868	0.02675	0.07358	0.01551	0.02326	0.12166	0.02254	0.01921	0.04365	0.01601	0.04624	0.08443	0.00360	0.00989	0.00730	0.08815	0.00904

[dist]
# distance from previous block
# <min> <max>
3	11

[block]
# block no. 6 follows, 26 sequences, length 30
# corresponding to MSA columns:
# 371-400
name=unknown_G
#
# <colnr> <probs for GDERKNQSTAVLIFYWHMCP>
#	G	D	E	R	K	N	Q	S	T	A	V	L	I	F	Y	W	H	M	C	P
0	0.01827	0.01348	0.01561	0.01298	0.01719	0.04904	0.04225	0.08545	0.07864	0.12791	0.13212	0.07426	0.17853	0.01261	0.00800	0.00229	0.00608	0.01068	0.00705	0.10758
1	0.04261	0.02908	0.43935	0.01827	0.02630	0.01601	0.02118	0.02308	0.08173	0.02424	0.02157	0.08735	0.05611	0.01005	0.00835	0.00250	0.04513	0.00800	0.00435	0.03475
2	0.02238	0.02421	0.16028	0.05095	0.09855	0.09577	0.01781	0.25317	0.02436	0.05966	0.07516	0.02107	0.01700	0.00899	0.00820	0.00233	0.03638	0.00699	0.00565	0.01111
3	0.06098	0.01606	0.01759	0.07305	0.02178	0.11213	0.01211	0.03154	0.06009	0.39469	0.05761	0.02495	0.01924	0.01210	0.04891	0.00291	0.00843	0.00740	0.00741	0.01102
4	0.01619	0.00908	0.01163	0.09496	0.01658	0.00948	0.00896	0.01930	0.01616	0.12018	0.02669	0.16248	0.02371	0.01189	0.00776	0.00228	0.04121	0.00991	0.38358	0.00796
5	0.02118	0.05929	0.17874	0.04960	0.14719	0.01928	0.01874	0.15280	0.13274	0.09075	0.01880	0.01994	0.01390	0.00842	0.00800	0.00237	0.03431	0.00675	0.00552	0.01170
6	0.01444	0.01335	0.02199	0.40990	0.20362	0.01508	0.01882	0.01867	0.01574	0.02080	0.02127	0.11845	0.05609	0.01025	0.00793	0.00254	0.00869	0.00929	0.00418	0.00890
7	0.00923	0.00769	0.00805	0.00796	0.01041	0.00652	0.00597	0.01140	0.01791	0.02197	0.16710	0.07056	0.59185	0.01866	0.00896	0.00254	0.00380	0.01567	0.00724	0.00652
8	0.18052	0.22105	0.02337	0.01384	0.01902	0.04771	0.01190	0.08032	0.11932	0.14801	0.01785	0.01797	0.01341	0.00835	0.00716	0.00221	0.04596	0.00581	0.00573	0.01049
9	0.01011	0.00737	0.00948	0.01090	0.01172	0.00711	0.00764	0.01254	0.04493	0.02006	0.04156	0.55495	0.07449	0.06618	0.01142	0.00334	0.00492	0.08793	0.00692	0.00643
10	0.38268	0.01781	0.01347	0.01264	0.01633	0.17458	0.00997	0.02270	0.01606	0.05270	0.01834	0.08560	0.01714	0.01038	0.00640	0.00241	0.00756	0.07266	0.05243	0.00815
11	0.02184	0.01035	0.01326	0.01157	0.01516	0.00934	0.00898	0.05180	0.01950	0.33013	0.06786	0.21621	0.11106	0.01458	0.00823	0.00252	0.00535	0.01250	0.06006	0.00969
12	0.01705	0.01786	0.07455	0.30363	0.16796	0.03659	0.05115	0.07750	0.01739	0.02344	0.01545	0.06111	0.01313	0.00901	0.00945	0.00254	0.08083	0.00760	0.00406	0.00970
13	0.00922	0.00667	0.00873	0.01037	0.01095	0.00618	0.00695	0.01058	0.01471	0.01944	0.04417	0.68425	0.09288	0.02346	0.00963	0.00305	0.00436	0.02119	0.00704	0.00618
14	0.01443	0.00838	0.01066	0.01024	0.01256	0.00747	0.00761	0.01684	0.01849	0.15341	0.23016	0.26279	0.18218	0.01765	0.00892	0.00263	0.00445	0.01545	0.00787	0.00781
15	0.01790	0.02046	0.04476	0.03197	0.03964	0.01918	0.65857	0.02430	0.01790	0.02430	0.01535	0.02046	0.01151	0.00639	0.00895	0.00256	0.01279	0.00895	0.00384	0.01023
16	0.01979	0.01295	0.01382	0.01184	0.01534	0.01392	0.00935	0.24127	0.08685	0.05004	0.02436	0.07201	0.01961	0.01009	0.00667	0.00212	0.00556	0.00812	0.36664	0.00963
17	0.00969	0.00721	0.00887	0.00949	0.01075	0.00656	0.00663	0.01168	0.01682	0.02232	0.22135	0.35514	0.19996	0.06403	0.01109	0.00304	0.00423	0.01753	0.00724	0.00639
18	0.01352	0.01085	0.01298	0.01238	0.01469	0.01221	0.00935	0.02238	0.24494	0.02243	0.02957	0.03591	0.08076	0.13229	0.30311	0.00727	0.01199	0.00939	0.00569	0.00828
19	0.03302	0.01453	0.01861	0.01426	0.02017	0.01355	0.01178	0.15825	0.02442	0.56625	0.02765	0.02434	0.01763	0.00933	0.00762	0.00233	0.00682	0.00747	0.00904	0.01291
20	0.01661	0.03458	0.54396	0.02102	0.03026	0.01890	0.02527	0.07993	0.01717	0.02536	0.01353	0.01629	0.00995	0.00819	0.00962	0.00251	0.10641	0.00585	0.00361	0.01097
21	0.01740	0.01598	0.02698	0.07006	0.51472	0.01606	0.04512	0.02169	0.01687	0.02452	0.01724	0.06780	0.01527	0.00815	0.00748	0.00228	0.00832	0.00788	0.08531	0.01086
22	0.00946	0.00675	0.00905	0.01081	0.01134	0.00635	0.00741	0.01093	0.01473	0.01960	0.04169	0.68233	0.04970	0.02356	0.00974	0.00311	0.00459	0.06560	0.00704	0.00622
23	0.01918	0.01847	0.06664	0.13220	0.02656	0.08625	0.05692	0.12805	0.01840	0.05667	0.01565	0.02090	0.01286	0.03654	0.10780	0.04625	0.13003	0.00696	0.00456	0.00911
24	0.01883	0.10331	0.37081	0.01915	0.05673	0.01703	0.02065	0.04959	0.01762	0.11425	0.01748	0.02181	0.01354	0.00827	0.00712	0.00226	0.00925	0.04819	0.00461	0.07951
25	0.02475	0.01597	0.02172	0.06188	0.11553	0.05683	0.06435	0.05741	0.07836	0.28942	0.06718	0.02502	0.01957	0.00920	0.00836	0.00238	0.03500	0.00780	0.02802	0.01125
26	0.61249	0.01462	0.01298	0.01189	0.03677	0.01640	0.00925	0.06108	0.01504	0.09205	0.01299	0.01460	0.00980	0.00831	0.00644	0.04033	0.00620	0.00479	0.00519	0.00879
27	0.01361	0.07472	0.01523	0.01213	0.01357	0.01301	0.00932	0.04590	0.01423	0.01946	0.07141	0.03836	0.04276	0.25525	0.15030	0.03403	0.11880	0.04636	0.00477	0.00677
28	0.46963	0.01905	0.11171	0.01301	0.01900	0.01743	0.01214	0.10933	0.04500	0.03350	0.01317	0.01465	0.00997	0.00735	0.00566	0.00224	0.00695	0.00492	0.00498	0.08030
29	0.01675	0.01713	0.02333	0.51928	0.10280	0.10981	0.02012	0.02113	0.01599	0.01968	0.01310	0.01899	0.01023	0.00789	0.00854	0.00247	0.05402	0.00649	0.00347	0.00879

[dist]
# distance from previous block
# <min> <max>
5	14

[block]
# block no. 7 follows, 26 sequences, length 33
# corresponding to MSA columns:
# 416-448
name=unknown_H
#
# <colnr> <probs for GDERKNQSTAVLIFYWHMCP>
#	G	D	E	R	K	N	Q	S	T	A	V	L	I	F	Y	W	H	M	C	P
0	0.04582	0.18056	0.19114	0.05178	0.14089	0.04761	0.01821	0.02562	0.07685	0.07051	0.01559	0.01741	0.01206	0.00732	0.00661	0.00210	0.00876	0.00576	0.00435	0.07105
1	0.01385	0.00713	0.00733	0.00728	0.00905	0.00708	0.00546	0.01739	0.01638	0.02846	0.08055	0.03069	0.02387	0.00940	0.00561	0.00182	0.00354	0.00763	0.71041	0.00708
2	0.01503	0.01386	0.07584	0.09867	0.06749	0.01294	0.03942	0.01838	0.01589	0.07852	0.05692	0.19003	0.08715	0.01374	0.01075	0.00267	0.11600	0.01141	0.06683	0.00847
3	0.01191	0.00882	0.01047	0.00941	0.01237	0.00750	0.00715	0.01476	0.01881	0.05543	0.31018	0.08657	0.26572	0.01530	0.00840	0.00228	0.00416	0.01312	0.00728	0.13035
4	0.01108	0.00751	0.00890	0.00929	0.00958	0.00747	0.00591	0.01170	0.01224	0.01624	0.02762	0.10377	0.03160	0.57597	0.03232	0.00647	0.00709	0.10505	0.00513	0.00507
5	0.01602	0.01766	0.06988	0.21943	0.10141	0.07032	0.07010	0.02004	0.01491	0.02006	0.01420	0.02040	0.01201	0.01782	0.14258	0.00443	0.14934	0.00694	0.00360	0.00884
6	0.02855	0.02025	0.02197	0.01700	0.02293	0.02223	0.01399	0.56903	0.07866	0.09706	0.02000	0.01950	0.01407	0.00921	0.00760	0.00230	0.00804	0.00701	0.00774	0.01284
7	0.04362	0.09571	0.07926	0.09989	0.08719	0.06415	0.11930	0.15522	0.02093	0.02784	0.03186	0.02701	0.01653	0.00937	0.00774	0.00243	0.00951	0.08733	0.00498	0.01013
8	0.00961	0.00687	0.00920	0.01078	0.01144	0.00646	0.00750	0.01128	0.01528	0.02045	0.08766	0.62426	0.05114	0.02293	0.00970	0.00307	0.00457	0.07440	0.00713	0.00630
9	0.02198	0.03386	0.02248	0.01769	0.02256	0.06292	0.06382	0.23341	0.20167	0.03271	0.01929	0.02025	0.01477	0.00923	0.00964	0.00235	0.09990	0.00701	0.00611	0.09836
10	0.01372	0.00952	0.01345	0.04432	0.04391	0.00937	0.03500	0.04423	0.01907	0.05440	0.33904	0.10004	0.04520	0.01614	0.03399	0.06352	0.00568	0.01156	0.09022	0.00762
11	0.02137	0.21913	0.21371	0.02027	0.07659	0.06370	0.06461	0.07971	0.04574	0.10273	0.01585	0.01720	0.01188	0.00750	0.00680	0.00215	0.00946	0.00594	0.00463	0.01103
12	0.01702	0.08284	0.33435	0.11601	0.11841	0.01902	0.10191	0.05176	0.04278	0.02441	0.01453	0.01775	0.01090	0.00725	0.00737	0.00236	0.01041	0.00637	0.00375	0.01082
13	0.02957	0.01345	0.01718	0.01344	0.01875	0.01248	0.01100	0.13287	0.02372	0.48745	0.10148	0.03001	0.05223	0.01044	0.00782	0.00235	0.00633	0.00853	0.00889	0.01200
14	0.01411	0.01175	0.01806	0.29559	0.08341	0.01370	0.01494	0.01786	0.06536	0.01946	0.01941	0.14162	0.01871	0.01463	0.01359	0.15752	0.05899	0.00937	0.00435	0.00758
15	0.02407	0.01917	0.09733	0.05304	0.14035	0.01701	0.07250	0.15861	0.07348	0.21082	0.04197	0.02244	0.01642	0.00856	0.00772	0.00237	0.00839	0.00744	0.00646	0.01188
16	0.01463	0.01038	0.01570	0.04420	0.04859	0.01035	0.05682	0.01859	0.03974	0.07071	0.03379	0.12341	0.03478	0.01753	0.01019	0.02906	0.00715	0.36987	0.03661	0.00790
17	0.02460	0.07019	0.02266	0.01982	0.08638	0.20361	0.01444	0.26942	0.10114	0.03186	0.01875	0.06885	0.01564	0.00955	0.00737	0.00224	0.00927	0.00738	0.00592	0.01092
18	0.01866	0.08424	0.26488	0.02311	0.03103	0.01920	0.23365	0.05490	0.01757	0.07223	0.01502	0.01803	0.01115	0.00759	0.00910	0.00242	0.07096	0.00685	0.00412	0.03530
19	0.04236	0.16827	0.18584	0.14472	0.03023	0.04901	0.09128	0.06818	0.01725	0.04368	0.01472	0.01968	0.01199	0.07048	0.00968	0.00268	0.00981	0.00643	0.00402	0.00969
20	0.02031	0.04122	0.33280	0.02057	0.05001	0.01688	0.09433	0.07131	0.06580	0.14732	0.01882	0.01994	0.01325	0.00791	0.00742	0.00236	0.00945	0.00674	0.04217	0.01138
21	0.00950	0.00679	0.00910	0.01086	0.01141	0.00638	0.00749	0.01101	0.01478	0.01965	0.04166	0.67252	0.04960	0.02352	0.00975	0.00312	0.00463	0.07497	0.00704	0.00623
22	0.01299	0.00665	0.00974	0.00974	0.00974	0.00665	0.00641	0.00998	0.00998	0.01331	0.01411	0.02537	0.01443	0.08790	0.03042	0.71212	0.00665	0.00697	0.00341	0.00341
23	0.01906	0.08846	0.20701	0.02286	0.02998	0.07587	0.21952	0.07296	0.08585	0.02523	0.01557	0.01836	0.01190	0.00787	0.00898	0.00243	0.06632	0.00694	0.00426	0.01056
24	0.01521	0.01370	0.01728	0.15786	0.02328	0.06240	0.01323	0.04525	0.04614	0.01988	0.01931	0.12862	0.01930	0.07675	0.08494	0.05990	0.17548	0.00937	0.00450	0.00760
25	0.01015	0.00739	0.00823	0.00841	0.00937	0.00690	0.00538	0.01109	0.01394	0.01786	0.07459	0.13594	0.24251	0.38783	0.02433	0.00508	0.00570	0.01397	0.00584	0.00548
26	0.26387	0.01345	0.01563	0.01242	0.01793	0.01294	0.01025	0.03249	0.01902	0.49072	0.02401	0.02170	0.01555	0.00867	0.00673	0.00235	0.00628	0.00655	0.00796	0.01148
27	0.11213	0.01589	0.02507	0.36083	0.18883	0.01787	0.07495	0.07195	0.01723	0.02510	0.01384	0.01878	0.01065	0.00735	0.00733	0.00243	0.00943	0.00662	0.00400	0.00973
28	0.01546	0.03777	0.64820	0.02335	0.07806	0.01764	0.02770	0.02397	0.01610	0.02407	0.01366	0.01621	0.00978	0.00718	0.00723	0.00239	0.01106	0.00568	0.00324	0.01127
29	0.00909	0.00719	0.00819	0.00899	0.01059	0.00629	0.00634	0.01074	0.01604	0.01998	0.06100	0.36940	0.39686	0.02127	0.00929	0.00280	0.00409	0.01852	0.00704	0.00629
30	0.01086	0.00793	0.01053	0.01186	0.01336	0.00760	0.00956	0.01356	0.01695	0.02210	0.09570	0.25710	0.13211	0.02106	0.00994	0.00317	0.00560	0.33719	0.00711	0.00670
31	0.02102	0.08094	0.02112	0.01641	0.02022	0.14860	0.06444	0.06683	0.10284	0.10686	0.02360	0.14758	0.02154	0.01189	0.00908	0.00247	0.06393	0.02941	0.03167	0.00956
32	0.13851	0.01779	0.01970	0.13080	0.02571	0.02006	0.01382	0.40520	0.02721	0.03940	0.01684	0.01851	0.01229	0.00852	0.00696	0.00229	0.00786	0.00643	0.07113	0.01097

[dist]
# distance from previous block
# <min> <max>
0	2

[block]
# block no. 8 follows, 26 sequences, length 21
# corresponding to MSA columns:
# 451-471
name=unknown_I
#
# <colnr> <probs for GDERKNQSTAVLIFYWHMCP>
#	G	D	E	R	K	N	Q	S	T	A	V	L	I	F	Y	W	H	M	C	P
0	0.01707	0.15879	0.05607	0.01328	0.01720	0.01575	0.01141	0.04783	0.04196	0.05537	0.01709	0.08310	0.01590	0.01505	0.03982	0.16151	0.07943	0.00724	0.00455	0.14159
1	0.17019	0.00903	0.01020	0.01029	0.01223	0.00925	0.00750	0.01526	0.01518	0.05827	0.12821	0.28325	0.06642	0.08280	0.08434	0.00410	0.00660	0.01352	0.00635	0.00702
2	0.33007	0.06116	0.01803	0.01371	0.01844	0.04916	0.06115	0.02557	0.04397	0.17593	0.02110	0.05485	0.04868	0.00936	0.00724	0.00240	0.03675	0.00707	0.00585	0.00952
3	0.02348	0.06098	0.04936	0.01946	0.02504	0.14237	0.12320	0.27911	0.05742	0.03288	0.05238	0.02414	0.01731	0.00935	0.00779	0.00233	0.00969	0.04703	0.00592	0.01077
4	0.01776	0.08074	0.13001	0.06731	0.15471	0.05241	0.01713	0.08064	0.01802	0.02488	0.04580	0.07233	0.01658	0.00916	0.00854	0.00221	0.06482	0.00734	0.00450	0.12512
5	0.01785	0.12078	0.08707	0.20817	0.14518	0.09537	0.06514	0.02199	0.01612	0.02064	0.01395	0.04700	0.01206	0.00850	0.00918	0.00239	0.08861	0.00683	0.00364	0.00953
6	0.01323	0.01164	0.01868	0.27187	0.03008	0.01304	0.07242	0.01861	0.07048	0.02196	0.09651	0.13974	0.02716	0.01903	0.11226	0.00409	0.00978	0.03617	0.00516	0.00809
7	0.01877	0.01802	0.03079	0.04656	0.68612	0.01802	0.02328	0.02328	0.01727	0.02478	0.01427	0.01877	0.01201	0.00676	0.00751	0.00225	0.00901	0.00676	0.00375	0.01201
8	0.01090	0.00781	0.01058	0.01055	0.01142	0.00853	0.00749	0.01265	0.01234	0.01733	0.06374	0.03898	0.02555	0.30908	0.40883	0.00975	0.01437	0.00958	0.00454	0.00598
9	0.00984	0.00708	0.00895	0.00975	0.01090	0.00651	0.00683	0.01196	0.01685	0.02295	0.22151	0.42807	0.13594	0.02024	0.00919	0.00276	0.00406	0.01804	0.04208	0.00651
10	0.30041	0.01352	0.01507	0.01216	0.01740	0.01341	0.01000	0.05028	0.01901	0.40191	0.05751	0.02242	0.01765	0.00887	0.00665	0.00235	0.00615	0.00668	0.00761	0.01093
11	0.01072	0.00740	0.00818	0.00818	0.00857	0.00721	0.00477	0.01101	0.01197	0.01557	0.03181	0.05313	0.12549	0.62674	0.03418	0.00664	0.00683	0.01177	0.00496	0.00487
12	0.01306	0.00793	0.01002	0.01023	0.01212	0.00708	0.00738	0.01503	0.01706	0.12134	0.12528	0.39419	0.19113	0.01959	0.00912	0.00277	0.00448	0.01728	0.00755	0.00734
13	0.14461	0.01814	0.01878	0.01491	0.01986	0.02009	0.01198	0.46401	0.02843	0.04071	0.01787	0.02199	0.01436	0.11698	0.01177	0.00305	0.00781	0.00703	0.00669	0.01093
14	0.01623	0.00972	0.01034	0.00958	0.01198	0.01009	0.00731	0.14010	0.01949	0.03070	0.02604	0.13094	0.02278	0.01112	0.00640	0.00206	0.00459	0.00919	0.51329	0.00805
15	0.02084	0.01727	0.01826	0.01583	0.02048	0.01979	0.01248	0.16303	0.54648	0.03491	0.02837	0.02630	0.02113	0.01006	0.00769	0.00251	0.00647	0.00823	0.00769	0.01218
16	0.01485	0.01367	0.02167	0.28788	0.12189	0.01536	0.04082	0.01883	0.01470	0.02064	0.01458	0.02080	0.01225	0.01707	0.14092	0.00419	0.08553	0.00674	0.00373	0.12388
17	0.01098	0.00784	0.01103	0.01094	0.01203	0.00858	0.00806	0.01299	0.01324	0.01874	0.11947	0.03717	0.02812	0.17577	0.43915	0.05081	0.01466	0.00942	0.00476	0.00624
18	0.13271	0.11728	0.17832	0.10563	0.05954	0.12812	0.01666	0.02234	0.01616	0.02301	0.01581	0.08719	0.01415	0.00895	0.00669	0.00227	0.00911	0.00693	0.03997	0.00917
19	0.55487	0.12283	0.01693	0.01246	0.04612	0.01863	0.00989	0.02360	0.03921	0.05779	0.01238	0.01386	0.00971	0.00712	0.00511	0.00221	0.00637	0.00455	0.00474	0.03162
20	0.02152	0.08178	0.11931	0.01460	0.02019	0.07403	0.01340	0.10381	0.05384	0.17649	0.02977	0.06472	0.11931	0.01231	0.02951	0.00260	0.00804	0.00864	0.00631	0.03983

[dist]
# distance from previous block
# <min> <max>
0	15

[block]
# block no. 9 follows, 26 sequences, length 44
# corresponding to MSA columns:
# 487-530
name=unknown_J
#
# <colnr> <probs for GDERKNQSTAVLIFYWHMCP>
#	G	D	E	R	K	N	Q	S	T	A	V	L	I	F	Y	W	H	M	C	P
0	0.01670	0.01412	0.02091	0.32529	0.05721	0.01719	0.01705	0.08324	0.01681	0.05387	0.01820	0.10564	0.01669	0.01143	0.01182	0.00276	0.16842	0.02915	0.00463	0.00887
1	0.01615	0.01312	0.01676	0.01506	0.01860	0.01396	0.06788	0.02798	0.32942	0.05827	0.06557	0.14586	0.07870	0.01409	0.00859	0.00274	0.00623	0.08400	0.00724	0.00978
2	0.01673	0.02123	0.18044	0.02490	0.16252	0.01680	0.09834	0.05404	0.14347	0.02584	0.02183	0.13242	0.01954	0.01054	0.00865	0.00256	0.03503	0.00946	0.00508	0.01058
3	0.61469	0.01427	0.01263	0.01078	0.01574	0.01567	0.00889	0.02565	0.01492	0.18446	0.01499	0.01541	0.01063	0.00758	0.00537	0.00235	0.00600	0.00491	0.00577	0.00929
4	0.01798	0.11411	0.02349	0.01747	0.01935	0.06681	0.01462	0.07450	0.01496	0.02067	0.01257	0.01811	0.01165	0.01879	0.13081	0.00437	0.40078	0.00643	0.00384	0.00867
5	0.02174	0.01075	0.01398	0.01152	0.01576	0.00922	0.00910	0.02467	0.01990	0.32873	0.19579	0.09795	0.08216	0.01241	0.00797	0.00228	0.00525	0.01059	0.00810	0.11213
6	0.03330	0.01408	0.01833	0.01405	0.01995	0.01289	0.01161	0.12477	0.02367	0.60079	0.02828	0.02475	0.01795	0.00935	0.00762	0.00234	0.00672	0.00752	0.00913	0.01291
7	0.00968	0.00667	0.00865	0.01020	0.01072	0.00628	0.00680	0.01109	0.01446	0.01978	0.03974	0.64633	0.04690	0.05606	0.01073	0.00319	0.00448	0.02003	0.06206	0.00615
8	0.78701	0.01467	0.01115	0.00997	0.01467	0.01702	0.00821	0.02230	0.01291	0.03403	0.01056	0.01232	0.00821	0.00704	0.00469	0.00235	0.00587	0.00411	0.00469	0.00821
9	0.54295	0.01458	0.01273	0.01103	0.01565	0.01644	0.00900	0.08087	0.06314	0.08245	0.01533	0.01635	0.01144	0.00778	0.00543	0.00231	0.00594	0.00518	0.07224	0.00914
10	0.72064	0.07728	0.01362	0.01023	0.01508	0.01814	0.00863	0.02233	0.01313	0.03263	0.01056	0.01231	0.00835	0.00699	0.00471	0.00228	0.00606	0.00410	0.00457	0.00835
11	0.71984	0.01404	0.01090	0.00983	0.01412	0.01618	0.00790	0.02132	0.01275	0.03236	0.01172	0.01555	0.00989	0.06992	0.00763	0.00278	0.00600	0.00471	0.00469	0.00790
12	0.00924	0.00660	0.00880	0.01056	0.01100	0.00616	0.00704	0.01056	0.01452	0.01936	0.04181	0.72848	0.05017	0.02376	0.00968	0.00308	0.00440	0.02156	0.00704	0.00616
13	0.03403	0.01291	0.01760	0.01350	0.01936	0.01115	0.01115	0.03697	0.02171	0.69137	0.02992	0.02582	0.01878	0.00939	0.00763	0.00235	0.00645	0.00763	0.00939	0.01291
14	0.00923	0.00665	0.00875	0.01043	0.01097	0.00617	0.00698	0.01058	0.01464	0.01941	0.04336	0.69947	0.07818	0.02356	0.00965	0.00306	0.00438	0.02132	0.00704	0.00617
15	0.01038	0.00721	0.00846	0.00887	0.00930	0.00696	0.00546	0.01108	0.01303	0.01725	0.06877	0.22348	0.09378	0.45203	0.02707	0.00558	0.00609	0.01428	0.00563	0.00529
16	0.66464	0.07927	0.01452	0.01078	0.01573	0.01863	0.00908	0.06814	0.01476	0.03358	0.01111	0.01273	0.00869	0.00714	0.00492	0.00228	0.00624	0.00430	0.00477	0.00869
17	0.02610	0.02070	0.02077	0.01686	0.02221	0.08041	0.01358	0.39548	0.22090	0.06988	0.02190	0.02113	0.01591	0.00935	0.00756	0.00234	0.00803	0.00721	0.00739	0.01228
18	0.27030	0.01364	0.01545	0.01255	0.01766	0.01375	0.01030	0.07499	0.01908	0.37708	0.02209	0.02135	0.01502	0.01284	0.06838	0.00321	0.00763	0.00650	0.00730	0.01088
19	0.01523	0.00982	0.01132	0.01018	0.01246	0.01056	0.00800	0.06421	0.01643	0.02706	0.02116	0.02536	0.01716	0.01468	0.08949	0.00314	0.08300	0.00690	0.47776	0.07611
20	0.00983	0.00698	0.00870	0.00965	0.01025	0.00658	0.00631	0.01104	0.01441	0.01919	0.09637	0.44076	0.09214	0.21132	0.01725	0.00412	0.00507	0.01766	0.00651	0.00585
21	0.01278	0.01080	0.01517	0.01407	0.01473	0.01367	0.01099	0.01467	0.01180	0.01731	0.01751	0.02889	0.01748	0.16096	0.36167	0.00840	0.25014	0.00814	0.00391	0.00690
22	0.02359	0.01524	0.01729	0.01483	0.01961	0.01646	0.01174	0.03927	0.46981	0.23711	0.03058	0.02753	0.02179	0.01001	0.00769	0.00250	0.00614	0.00828	0.00824	0.01229
23	0.01283	0.00659	0.00979	0.00994	0.00998	0.00655	0.00663	0.00994	0.01028	0.01371	0.01565	0.08412	0.01638	0.02613	0.02792	0.71212	0.00640	0.00788	0.00362	0.00354
24	0.01672	0.01345	0.01583	0.01136	0.01805	0.01017	0.00910	0.02007	0.01605	0.06083	0.01437	0.01628	0.01164	0.00582	0.00573	0.00119	0.00566	0.00466	0.00476	0.73825
25	0.02105	0.04713	0.05353	0.07477	0.02521	0.21013	0.06106	0.05502	0.25911	0.02555	0.01984	0.02096	0.01530	0.00886	0.00812	0.00235	0.04180	0.00692	0.03301	0.01026
26	0.01826	0.11350	0.06952	0.16492	0.04205	0.01830	0.01481	0.13481	0.09154	0.02745	0.01804	0.02106	0.01407	0.01075	0.04028	0.00271	0.03984	0.00664	0.14171	0.00975
27	0.01043	0.00747	0.00940	0.00991	0.01100	0.00706	0.00705	0.01244	0.01640	0.02210	0.23051	0.24048	0.10569	0.18010	0.01600	0.00384	0.00509	0.09191	0.00687	0.00623
28	0.02334	0.10155	0.18622	0.01657	0.02372	0.03391	0.01628	0.18732	0.09346	0.15183	0.01923	0.01919	0.01373	0.00822	0.00704	0.00218	0.00831	0.00633	0.00605	0.07552
29	0.04451	0.08065	0.32205	0.02272	0.03100	0.13189	0.18583	0.02559	0.04216	0.02339	0.01409	0.01685	0.01060	0.00716	0.00737	0.00232	0.01143	0.00630	0.00371	0.01039
30	0.01003	0.00773	0.00916	0.00880	0.01090	0.00686	0.00660	0.01295	0.01981	0.02647	0.44123	0.06316	0.31492	0.01698	0.00895	0.00246	0.00368	0.01463	0.00783	0.00686
31	0.09435	0.00924	0.00994	0.01033	0.01195	0.03944	0.00743	0.01419	0.01704	0.02478	0.24016	0.35123	0.07742	0.01786	0.00859	0.00266	0.00466	0.01565	0.03621	0.00686
32	0.02009	0.25161	0.07339	0.01422	0.03741	0.01861	0.01270	0.07927	0.01800	0.08559	0.01448	0.01581	0.01149	0.00670	0.00590	0.00162	0.00724	0.00498	0.00470	0.31619
33	0.01954	0.01237	0.01743	0.21723	0.08490	0.01342	0.01363	0.06850	0.01818	0.15278	0.02054	0.02349	0.01515	0.00858	0.00749	0.00223	0.03325	0.00702	0.25480	0.00948
34	0.01071	0.00732	0.00834	0.00849	0.00877	0.00717	0.00500	0.01109	0.01217	0.01611	0.05255	0.11410	0.07858	0.59117	0.03276	0.00644	0.00669	0.01245	0.00513	0.00496
35	0.04878	0.01242	0.01589	0.15302	0.11207	0.06091	0.01279	0.01732	0.04577	0.02128	0.02849	0.37856	0.03116	0.01579	0.00846	0.00272	0.00694	0.01409	0.00558	0.00795
36	0.02436	0.39106	0.03121	0.01557	0.02143	0.16061	0.01373	0.21006	0.02251	0.02671	0.01301	0.01423	0.01066	0.00751	0.00605	0.00188	0.00928	0.00503	0.00464	0.01047
37	0.01991	0.02063	0.13169	0.02454	0.18380	0.04751	0.07406	0.09093	0.08176	0.08966	0.06232	0.02409	0.03901	0.00864	0.00758	0.00228	0.00848	0.00759	0.03073	0.04478
38	0.01909	0.02066	0.10116	0.07015	0.07717	0.06910	0.06285	0.08177	0.31412	0.02908	0.05800	0.02459	0.01970	0.00917	0.00771	0.00244	0.00827	0.00784	0.00602	0.01110
39	0.01500	0.01213	0.01759	0.09286	0.12820	0.01123	0.03311	0.01856	0.01745	0.06050	0.15136	0.10150	0.07158	0.01121	0.00773	0.00216	0.00633	0.02479	0.00572	0.21098
40	0.01022	0.00764	0.00949	0.00923	0.01107	0.00691	0.00685	0.01324	0.01996	0.02730	0.49522	0.11974	0.20113	0.01703	0.00902	0.00249	0.00371	0.01491	0.00795	0.00691
41	0.05753	0.54039	0.03430	0.01418	0.02018	0.12541	0.01313	0.08036	0.01797	0.02135	0.01139	0.01293	0.00995	0.00694	0.00538	0.00176	0.00883	0.00442	0.00379	0.00981
42	0.01539	0.01283	0.01523	0.06054	0.04998	0.01351	0.01095	0.02611	0.29609	0.02660	0.07471	0.11276	0.07391	0.01232	0.00839	0.02571	0.00578	0.01011	0.03572	0.11337
43	0.10337	0.03848	0.14011	0.13488	0.13161	0.01711	0.01757	0.08446	0.07111	0.09766	0.01681	0.01884	0.01243	0.00768	0.00696	0.00226	0.00834	0.00624	0.00502	0.07906

[dist]
# distance from previous block
# <min> <max>
0	1

[block]
# block no. 10 follows, 26 sequences, length 38
# corresponding to MSA columns:
# 532-537,552-583
name=unknown_K
#
# <colnr> <probs for GDERKNQSTAVLIFYWHMCP>
#	G	D	E	R	K	N	Q	S	T	A	V	L	I	F	Y	W	H	M	C	P
0	0.01040	0.00775	0.01108	0.01156	0.01245	0.00754	0.04129	0.01196	0.01397	0.01872	0.03479	0.44961	0.04041	0.17418	0.07282	0.00473	0.00694	0.05756	0.00611	0.00615
1	0.01404	0.01048	0.01301	0.01262	0.01538	0.01001	0.01008	0.08943	0.01805	0.02458	0.03162	0.20560	0.03412	0.07593	0.01136	0.00313	0.00634	0.25483	0.00640	0.15298
2	0.01919	0.65358	0.03656	0.01289	0.01878	0.02764	0.01257	0.02165	0.01504	0.01782	0.01168	0.01421	0.01080	0.01232	0.08565	0.00284	0.00952	0.00453	0.00334	0.00939
3	0.02111	0.50256	0.13003	0.01548	0.02215	0.15794	0.01546	0.02436	0.01667	0.01887	0.01121	0.01301	0.00972	0.00685	0.00558	0.00180	0.00963	0.00444	0.00337	0.00976
4	0.02674	0.01969	0.02130	0.01654	0.02211	0.02163	0.01358	0.58605	0.03402	0.04579	0.09500	0.02266	0.01968	0.00985	0.00774	0.00229	0.00780	0.00763	0.00768	0.01224
5	0.07335	0.02369	0.01569	0.01452	0.01747	0.39456	0.01084	0.02409	0.01812	0.02151	0.01522	0.01850	0.01259	0.01018	0.00893	0.09184	0.00968	0.00560	0.20595	0.00767
6	0.01114	0.00851	0.01276	0.06972	0.01632	0.00992	0.01006	0.01383	0.01235	0.01753	0.02003	0.03054	0.01890	0.10498	0.59490	0.01102	0.01848	0.00824	0.00405	0.00674
7	0.01484	0.01401	0.02368	0.63787	0.12555	0.01699	0.02132	0.01983	0.01541	0.02000	0.01357	0.02005	0.01033	0.00749	0.00757	0.00250	0.00998	0.00674	0.00341	0.00884
8	0.50925	0.01494	0.01502	0.15816	0.05794	0.04106	0.01197	0.02146	0.01386	0.02889	0.01204	0.01548	0.00956	0.01041	0.05103	0.00301	0.00813	0.00508	0.00430	0.00838
9	0.01887	0.01629	0.01715	0.01544	0.01972	0.01887	0.01201	0.04031	0.67241	0.03173	0.03087	0.02830	0.02315	0.01029	0.00772	0.00257	0.00600	0.00858	0.00772	0.01201
10	0.01230	0.01054	0.01536	0.09481	0.01905	0.01301	0.01200	0.01489	0.01295	0.01830	0.02290	0.07547	0.06851	0.03617	0.36922	0.00771	0.17621	0.00912	0.00424	0.00724
11	0.72970	0.01453	0.01164	0.01024	0.01503	0.01657	0.00844	0.02341	0.01358	0.08407	0.01204	0.01335	0.00902	0.00722	0.00492	0.00235	0.00591	0.00438	0.00505	0.00857
12	0.78701	0.01467	0.01115	0.00997	0.01467	0.01702	0.00821	0.02230	0.01291	0.03403	0.01056	0.01232	0.00821	0.00704	0.00469	0.00235	0.00587	0.00411	0.00469	0.00821
13	0.01350	0.00720	0.00765	0.00754	0.00931	0.00709	0.00565	0.01704	0.01696	0.02868	0.14867	0.03363	0.02927	0.01009	0.00599	0.00188	0.00354	0.00832	0.63090	0.00709
14	0.01101	0.00752	0.00985	0.01014	0.01098	0.00800	0.00711	0.01276	0.01266	0.01826	0.02552	0.15283	0.02685	0.24987	0.30570	0.00800	0.01179	0.01113	0.09395	0.00605
15	0.03219	0.01586	0.01943	0.01489	0.02083	0.01552	0.01230	0.25745	0.02664	0.46392	0.02578	0.02313	0.01670	0.00929	0.00761	0.00232	0.00712	0.00735	0.00875	0.01291
16	0.02217	0.01667	0.01807	0.01552	0.02027	0.01870	0.01228	0.13627	0.49828	0.11052	0.02880	0.02645	0.02106	0.01000	0.00769	0.00250	0.00642	0.00819	0.00789	0.01225
17	0.02323	0.01708	0.01858	0.01569	0.02061	0.01903	0.01249	0.19207	0.43410	0.11894	0.02765	0.02551	0.02009	0.00989	0.00767	0.00247	0.00663	0.00803	0.00790	0.01234
18	0.00940	0.00691	0.00862	0.00982	0.01067	0.00634	0.00663	0.01083	0.01507	0.01971	0.07575	0.52723	0.16382	0.07727	0.01175	0.00328	0.00449	0.01939	0.00691	0.00613
19	0.78701	0.01467	0.01115	0.00997	0.01467	0.01702	0.00821	0.02230	0.01291	0.03403	0.01056	0.01232	0.00821	0.00704	0.00469	0.00235	0.00587	0.00411	0.00469	0.00821
20	0.03016	0.01912	0.02144	0.01644	0.02246	0.02036	0.01358	0.50141	0.03210	0.21225	0.02120	0.02015	0.01440	0.00918	0.00760	0.00229	0.00786	0.00703	0.00805	0.01290
21	0.01291	0.00810	0.01070	0.01011	0.01211	0.00741	0.00755	0.01606	0.02039	0.09706	0.51240	0.16071	0.06269	0.01619	0.00893	0.00249	0.00401	0.01434	0.00825	0.00759
