[name]
unknown

[dist]
# distance from previous block
# <min> <max>
0	102

[block]
# block no. 0 follows, 41 sequences, length 10
# corresponding to MSA columns:
# 139-148
name=unknown_A
#
# <colnr> <probs for GDERKNQSTAVLIFYWHMCP>
#	G	D	E	R	K	N	Q	S	T	A	V	L	I	F	Y	W	H	M	C	P
0	0.01288	0.01361	0.02387	0.02015	0.09794	0.04843	0.35087	0.01653	0.03036	0.01709	0.01571	0.02221	0.05875	0.00774	0.00903	0.00207	0.16175	0.08061	0.00328	0.00711
1	0.00730	0.00546	0.00678	0.00720	0.00825	0.00494	0.00511	0.00898	0.01322	0.01764	0.28562	0.36629	0.21228	0.01500	0.00699	0.00205	0.00301	0.01327	0.00565	0.00494
2	0.01422	0.01249	0.01915	0.18090	0.40512	0.01332	0.01457	0.14526	0.01468	0.02016	0.01192	0.01671	0.01010	0.08756	0.00811	0.00214	0.00675	0.00544	0.00335	0.00805
3	0.01361	0.01357	0.01822	0.08637	0.40571	0.11940	0.01385	0.01706	0.04816	0.01686	0.01252	0.04049	0.01096	0.01252	0.14274	0.00305	0.00865	0.00550	0.00309	0.00765
4	0.00808	0.00544	0.00631	0.00655	0.00660	0.00539	0.00379	0.00826	0.00879	0.01172	0.02042	0.17223	0.02383	0.66005	0.02523	0.00497	0.00515	0.00973	0.00379	0.00368
5	0.15658	0.00804	0.00797	0.00759	0.00935	0.05537	0.00568	0.01200	0.01390	0.02080	0.40869	0.09405	0.11720	0.04997	0.00723	0.00201	0.00370	0.00918	0.00527	0.00540
6	0.00832	0.00576	0.00672	0.00696	0.00739	0.00566	0.00458	0.00894	0.00967	0.01261	0.02433	0.04407	0.09943	0.57862	0.02303	0.00465	0.00522	0.13615	0.00398	0.00393
7	0.05381	0.15344	0.01918	0.08148	0.17699	0.02935	0.02770	0.11900	0.19120	0.04484	0.01532	0.01621	0.03451	0.00637	0.00531	0.00171	0.00597	0.00523	0.00409	0.00830
8	0.08985	0.01315	0.03194	0.01152	0.04208	0.05625	0.00907	0.35341	0.01983	0.04525	0.14637	0.01938	0.01779	0.00741	0.00545	0.00168	0.00529	0.00582	0.11060	0.00785
9	0.03724	0.03183	0.01612	0.16298	0.24006	0.04041	0.03276	0.08038	0.01375	0.01844	0.02141	0.10206	0.14548	0.00842	0.00591	0.00183	0.00590	0.00738	0.02060	0.00706

[dist]
# distance from previous block
# <min> <max>
0	51

[block]
# block no. 1 follows, 41 sequences, length 10
# corresponding to MSA columns:
# 200-209
name=unknown_B
#
# <colnr> <probs for GDERKNQSTAVLIFYWHMCP>
#	G	D	E	R	K	N	Q	S	T	A	V	L	I	F	Y	W	H	M	C	P
0	0.07225	0.06659	0.08846	0.01373	0.06022	0.03952	0.03173	0.14833	0.07452	0.05683	0.04283	0.07532	0.02476	0.02403	0.00851	0.00199	0.15263	0.00609	0.00410	0.00754
1	0.03944	0.08506	0.41755	0.01284	0.01890	0.01189	0.01470	0.01878	0.01299	0.17240	0.07835	0.01746	0.01353	0.05362	0.00682	0.00197	0.00672	0.00519	0.00381	0.00799
2	0.01695	0.01839	0.10242	0.04683	0.09872	0.20883	0.03283	0.22382	0.04070	0.02211	0.03334	0.01507	0.01079	0.02223	0.04826	0.00215	0.00796	0.00501	0.03574	0.00785
3	0.00991	0.00725	0.00872	0.00866	0.01007	0.00724	0.00630	0.14649	0.01496	0.02008	0.15251	0.47155	0.08478	0.01457	0.00687	0.00209	0.00374	0.01290	0.00555	0.00574
4	0.01159	0.02876	0.72631	0.01676	0.02506	0.01335	0.06334	0.01813	0.01216	0.01813	0.01034	0.01227	0.00733	0.00540	0.00551	0.00182	0.00852	0.00437	0.00244	0.00841
5	0.00867	0.00728	0.00979	0.01184	0.14971	0.00669	0.00723	0.01098	0.01427	0.01900	0.32465	0.04255	0.34262	0.01163	0.00655	0.00184	0.00355	0.01009	0.00523	0.00585
6	0.01064	0.00916	0.01078	0.03888	0.05813	0.07448	0.03287	0.06165	0.01289	0.01687	0.12204	0.18583	0.06550	0.17303	0.08417	0.00333	0.00620	0.00918	0.01885	0.00554
7	0.00828	0.00702	0.00729	0.00701	0.00914	0.00664	0.00532	0.01259	0.15204	0.01769	0.11263	0.04765	0.55999	0.01298	0.00658	0.00192	0.00319	0.01087	0.00549	0.00567
8	0.01261	0.01014	0.01162	0.00904	0.01307	0.00887	0.00714	0.14990	0.01492	0.02150	0.06118	0.10200	0.06613	0.00736	0.00517	0.00130	0.00434	0.00612	0.00434	0.48325
9	0.01340	0.02704	0.62832	0.01571	0.02344	0.01412	0.01921	0.15425	0.01485	0.02148	0.01091	0.01239	0.00771	0.00570	0.00549	0.00179	0.00805	0.00440	0.00304	0.00869

[dist]
# distance from previous block
# <min> <max>
0	38

[block]
# block no. 2 follows, 41 sequences, length 79
# corresponding to MSA columns:
# 248-326
name=unknown_C
#
# <colnr> <probs for GDERKNQSTAVLIFYWHMCP>
#	G	D	E	R	K	N	Q	S	T	A	V	L	I	F	Y	W	H	M	C	P
0	0.00895	0.00778	0.01300	0.01282	0.07103	0.00727	0.13750	0.01107	0.01226	0.01670	0.11242	0.46645	0.04962	0.01339	0.00691	0.00209	0.00466	0.01254	0.00475	0.02880
1	0.00718	0.00520	0.00683	0.00789	0.00845	0.00478	0.00534	0.00833	0.01134	0.01525	0.07653	0.71064	0.05284	0.01707	0.00717	0.00224	0.00330	0.01543	0.00531	0.02887
2	0.01434	0.01520	0.06184	0.02113	0.02653	0.01383	0.56502	0.08406	0.01463	0.05502	0.01344	0.06276	0.01074	0.00594	0.00659	0.00192	0.00868	0.00703	0.00347	0.00784
3	0.16689	0.01045	0.01254	0.00980	0.01405	0.00989	0.00806	0.08799	0.01586	0.50881	0.03643	0.01728	0.01299	0.00669	0.00529	0.00171	0.00482	0.00520	0.00609	0.05915
4	0.19766	0.01398	0.01388	0.01121	0.01503	0.05945	0.00913	0.38760	0.03719	0.08708	0.08633	0.01602	0.01365	0.00704	0.00554	0.00174	0.01880	0.00520	0.00519	0.00828
5	0.00817	0.00613	0.00919	0.00919	0.01021	0.00715	0.00715	0.01021	0.00919	0.01328	0.01532	0.02247	0.01430	0.04290	0.77631	0.00919	0.01532	0.00613	0.00306	0.00511
6	0.02172	0.01687	0.01709	0.01328	0.01773	0.07497	0.01089	0.68978	0.02609	0.03438	0.01336	0.01347	0.00955	0.00679	0.00568	0.00170	0.00660	0.00504	0.00551	0.00949
7	0.00875	0.00598	0.00701	0.00688	0.00717	0.00618	0.00422	0.03351	0.00907	0.01223	0.01751	0.03459	0.01954	0.66924	0.13002	0.00591	0.00690	0.00791	0.00349	0.00390
8	0.00831	0.00627	0.00923	0.00923	0.01029	0.00728	0.00715	0.01071	0.03002	0.01361	0.01600	0.04406	0.01505	0.04122	0.73327	0.00880	0.01468	0.00642	0.00320	0.00520
9	0.01390	0.01200	0.01262	0.01138	0.01456	0.01382	0.00885	0.02942	0.72057	0.02356	0.02480	0.02282	0.05001	0.00805	0.00586	0.00194	0.00446	0.00671	0.00580	0.00887
10	0.00994	0.00497	0.00745	0.00745	0.00745	0.00497	0.00497	0.00745	0.00745	0.00994	0.00994	0.01739	0.00994	0.01987	0.02235	0.83358	0.00497	0.00497	0.00248	0.00248
11	0.01210	0.01019	0.01183	0.00852	0.01348	0.00784	0.00681	0.03476	0.01228	0.01920	0.01050	0.01218	0.00868	0.00438	0.00427	0.00089	0.00425	0.00349	0.02660	0.78774
12	0.01901	0.01315	0.01406	0.01110	0.01485	0.01436	0.00906	0.54143	0.02285	0.04936	0.01519	0.01580	0.01109	0.00682	0.00528	0.00162	0.00534	0.00521	0.21580	0.00861
13	0.02546	0.01006	0.01347	0.01033	0.01476	0.00889	0.00853	0.06458	0.01691	0.72980	0.02211	0.01917	0.01393	0.00707	0.00575	0.00177	0.00494	0.00572	0.00701	0.00973
14	0.01214	0.01067	0.01367	0.01158	0.08772	0.00843	0.03115	0.01484	0.01203	0.01863	0.01027	0.01220	0.00854	0.00434	0.00446	0.00097	0.00466	0.00366	0.00332	0.72673
15	0.00758	0.00576	0.00704	0.00691	0.00834	0.00523	0.00514	0.00970	0.01441	0.01939	0.43989	0.11406	0.27341	0.01452	0.04090	0.00222	0.00338	0.01124	0.00575	0.00514
16	0.00697	0.00498	0.00664	0.00796	0.00830	0.00465	0.00531	0.00796	0.01095	0.01460	0.03153	0.79525	0.03783	0.01792	0.00730	0.00232	0.00332	0.01626	0.00531	0.00465
17	0.02566	0.00973	0.01327	0.01018	0.01460	0.00841	0.00841	0.02788	0.01637	0.76726	0.02257	0.01947	0.01416	0.00708	0.00575	0.00177	0.00487	0.00575	0.00708	0.00973
18	0.00984	0.00584	0.00923	0.00873	0.00917	0.00603	0.04311	0.00853	0.00816	0.01107	0.01156	0.05184	0.01156	0.02157	0.11283	0.63283	0.02645	0.00570	0.00270	0.00326
19	0.00828	0.00568	0.00691	0.00691	0.00714	0.00591	0.00430	0.00875	0.00852	0.01159	0.01741	0.03403	0.01932	0.62710	0.19897	0.00637	0.00777	0.00782	0.00337	0.00384
20	0.00696	0.00502	0.00659	0.00785	0.00827	0.00466	0.00526	0.00798	0.01106	0.01464	0.03288	0.75744	0.07477	0.01774	0.00727	0.00230	0.00330	0.01605	0.00531	0.00466
21	0.00970	0.00505	0.00728	0.00728	0.00728	0.00505	0.00475	0.00758	0.00758	0.01010	0.01109	0.02024	0.01148	0.13092	0.02332	0.71555	0.00505	0.00545	0.00262	0.00262
22	0.01147	0.02523	0.60105	0.01545	0.02260	0.01281	0.04310	0.01846	0.07913	0.01817	0.01199	0.01405	0.00891	0.00931	0.08124	0.00255	0.00881	0.00470	0.00280	0.00815
23	0.01316	0.01323	0.01879	0.21769	0.04410	0.07279	0.09194	0.04963	0.01174	0.01586	0.01029	0.01614	0.00910	0.00803	0.01149	0.00215	0.34245	0.04189	0.00289	0.00666
24	0.01098	0.01035	0.01748	0.74491	0.07831	0.01276	0.01597	0.01477	0.01152	0.01483	0.01020	0.01519	0.00770	0.00569	0.00572	0.00190	0.00758	0.00508	0.00256	0.00650
25	0.02996	0.06143	0.09769	0.24936	0.08015	0.02738	0.11941	0.07574	0.07461	0.01838	0.01205	0.03917	0.00973	0.00647	0.00682	0.00188	0.07353	0.00552	0.00323	0.00746
26	0.01397	0.10109	0.34974	0.01391	0.01948	0.04502	0.04582	0.09821	0.07101	0.03512	0.01230	0.01384	0.00927	0.00617	0.00613	0.00174	0.05996	0.00466	0.08456	0.00799
27	0.00694	0.00508	0.00653	0.00770	0.00823	0.00467	0.00519	0.00799	0.01121	0.01471	0.03475	0.70485	0.12615	0.01750	0.00723	0.00228	0.00327	0.01575	0.00531	0.00467
28	0.01132	0.00906	0.04426	0.07920	0.01441	0.00757	0.02482	0.01433	0.03178	0.10153	0.23143	0.05731	0.14155	0.00905	0.00590	0.00163	0.00426	0.00779	0.00491	0.19789
29	0.67330	0.01380	0.00972	0.00875	0.01213	0.14820	0.00700	0.01780	0.01094	0.02348	0.00839	0.00978	0.00662	0.00545	0.00384	0.00171	0.00543	0.00326	0.02418	0.00625
30	0.01320	0.01253	0.02146	0.03098	0.62846	0.01245	0.04681	0.01637	0.01282	0.01818	0.01361	0.10207	0.01287	0.00679	0.00595	0.00180	0.00649	0.02557	0.00317	0.00841
31	0.01198	0.01170	0.01799	0.44029	0.12019	0.03226	0.01495	0.01491	0.01093	0.01484	0.00940	0.01417	0.00776	0.00696	0.00968	0.00205	0.24570	0.00503	0.00257	0.00666
32	0.00741	0.00582	0.00670	0.00648	0.00813	0.00511	0.00486	0.00947	0.01457	0.01910	0.40022	0.04904	0.41643	0.01313	0.00675	0.00187	0.00280	0.01123	0.00579	0.00511
33	0.00709	0.00511	0.00673	0.00780	0.00831	0.00474	0.00529	0.00830	0.01164	0.01561	0.11783	0.68198	0.06422	0.01707	0.00722	0.00225	0.00323	0.01543	0.00543	0.00474
34	0.01147	0.02959	0.76934	0.01630	0.02476	0.01328	0.02113	0.01811	0.01208	0.01811	0.01026	0.01208	0.00725	0.00543	0.00543	0.00181	0.00845	0.00423	0.00242	0.00845
35	0.00692	0.00517	0.00644	0.00745	0.00816	0.00469	0.00508	0.00802	0.01145	0.01480	0.03779	0.61967	0.20936	0.01711	0.00717	0.00223	0.00322	0.01527	0.00531	0.00469
36	0.83938	0.01106	0.00841	0.00752	0.01106	0.01283	0.00619	0.01681	0.00973	0.02566	0.00796	0.00929	0.00619	0.00531	0.00354	0.00177	0.00442	0.00310	0.00354	0.00619
37	0.02260	0.01140	0.01371	0.01065	0.01477	0.01127	0.00875	0.27288	0.01949	0.43017	0.01908	0.01771	0.01269	0.00696	0.00554	0.00170	0.00511	0.00550	0.10081	0.00923
38	0.83938	0.01106	0.00841	0.00752	0.01106	0.01283	0.00619	0.01681	0.00973	0.02566	0.00796	0.00929	0.00619	0.00531	0.00354	0.00177	0.00442	0.00310	0.00354	0.00619
39	0.01423	0.01229	0.01293	0.01164	0.01487	0.01423	0.00905	0.03039	0.75297	0.02393	0.02328	0.02134	0.01746	0.00776	0.00582	0.00194	0.00453	0.00647	0.00582	0.00905
40	0.12108	0.01153	0.01371	0.01064	0.01500	0.01137	0.00879	0.21350	0.01833	0.48856	0.01853	0.01677	0.01206	0.00681	0.00548	0.00176	0.00519	0.00528	0.00631	0.00931
41	0.00697	0.00498	0.00664	0.00796	0.00830	0.00465	0.00531	0.00796	0.01095	0.01460	0.03153	0.79525	0.03783	0.01792	0.00730	0.00232	0.00332	0.01626	0.00531	0.00465
42	0.01186	0.01017	0.01186	0.00847	0.01356	0.00762	0.00678	0.01440	0.01186	0.01864	0.01017	0.01186	0.00847	0.00424	0.00424	0.00085	0.00424	0.00339	0.00339	0.83395
43	0.80316	0.01128	0.00879	0.00777	0.01136	0.01305	0.00640	0.04904	0.01049	0.02612	0.00822	0.00949	0.00635	0.00538	0.00364	0.00177	0.00451	0.00319	0.00364	0.00635
44	0.00678	0.00573	0.00586	0.00597	0.00777	0.00481	0.00442	0.00819	0.01287	0.01538	0.05583	0.11443	0.70297	0.01476	0.00680	0.00196	0.00293	0.01241	0.00531	0.00481
45	0.00738	0.00530	0.00701	0.00768	0.00839	0.00492	0.00534	0.00900	0.01287	0.01765	0.29775	0.52034	0.04373	0.01565	0.00710	0.00213	0.00309	0.01410	0.00567	0.00492
46	0.02566	0.00973	0.01327	0.01018	0.01460	0.00841	0.00841	0.02788	0.01637	0.76726	0.02257	0.01947	0.01416	0.00708	0.00575	0.00177	0.00487	0.00575	0.00708	0.00973
47	0.02423	0.01134	0.01462	0.01203	0.05062	0.01076	0.00940	0.18944	0.01859	0.56655	0.02001	0.01792	0.01292	0.00694	0.00574	0.00175	0.00528	0.00558	0.00657	0.00970
48	0.01416	0.01359	0.02322	0.03511	0.76330	0.01359	0.01755	0.01755	0.01302	0.01869	0.01076	0.01416	0.00906	0.00510	0.00566	0.00170	0.00680	0.00510	0.00283	0.00906
49	0.01030	0.00530	0.00546	0.00559	0.00682	0.00526	0.00413	0.01280	0.01189	0.02066	0.01992	0.09735	0.01694	0.00777	0.00432	0.00143	0.00273	0.00640	0.74965	0.00526
50	0.79639	0.01147	0.00884	0.02762	0.01196	0.03316	0.00657	0.01692	0.00995	0.02507	0.00804	0.00947	0.00626	0.00534	0.00364	0.00177	0.00466	0.00316	0.00350	0.00621
51	0.02566	0.00973	0.01327	0.01018	0.01460	0.00841	0.00841	0.02788	0.01637	0.76726	0.02257	0.01947	0.01416	0.00708	0.00575	0.00177	0.00487	0.00575	0.00708	0.00973
52	0.01356	0.01239	0.03147	0.04663	0.10649	0.05104	0.10203	0.09119	0.09241	0.05655	0.05589	0.06818	0.11995	0.02128	0.00808	0.00199	0.10199	0.00732	0.00428	0.00729
53	0.00810	0.00585	0.00765	0.00720	0.00855	0.00540	0.00540	0.01079	0.01619	0.02294	0.76028	0.04273	0.05397	0.01169	0.00675	0.00180	0.00270	0.01034	0.00630	0.00540
54	0.01230	0.01047	0.01117	0.01022	0.01299	0.01168	0.00788	0.02451	0.54855	0.02231	0.10297	0.04992	0.13180	0.00943	0.00609	0.00194	0.00407	0.00796	0.00578	0.00794
55	0.00696	0.00501	0.00660	0.00787	0.00827	0.00465	0.00527	0.00798	0.01104	0.01464	0.03270	0.76245	0.06987	0.01777	0.00728	0.00231	0.00330	0.01608	0.00531	0.00465
56	0.01876	0.01454	0.01549	0.01256	0.01660	0.01635	0.01015	0.46135	0.31462	0.03125	0.01752	0.01675	0.01279	0.00722	0.00576	0.00181	0.00559	0.00567	0.00576	0.00946
57	0.01439	0.62084	0.20369	0.01132	0.01705	0.02044	0.01245	0.01736	0.01173	0.01455	0.00850	0.00986	0.00732	0.00502	0.00408	0.00136	0.00667	0.00333	0.00244	0.00760
58	0.02078	0.01655	0.01607	0.01271	0.01682	0.11172	0.01033	0.59342	0.02432	0.03207	0.01353	0.01393	0.00984	0.00673	0.00551	0.00165	0.00650	0.00498	0.07357	0.00898
59	0.04670	0.00913	0.01153	0.00928	0.01288	0.00840	0.00752	0.06407	0.03389	0.49465	0.07246	0.04088	0.05280	0.00790	0.00563	0.00174	0.00440	0.00646	0.10124	0.00845
60	0.01383	0.01120	0.01140	0.01028	0.01299	0.05949	0.00791	0.14026	0.28049	0.05624	0.02772	0.17094	0.13715	0.01043	0.00615	0.00193	0.00468	0.00876	0.02069	0.00747
61	0.00783	0.00621	0.00760	0.00848	0.00902	0.03869	0.02099	0.00886	0.01105	0.01440	0.02915	0.69059	0.03467	0.07260	0.00874	0.00251	0.00392	0.01495	0.00502	0.00471
62	0.01290	0.01194	0.01234	0.00923	0.01402	0.08340	0.00730	0.01593	0.04474	0.01841	0.01061	0.01212	0.00876	0.00455	0.00440	0.00096	0.00485	0.00355	0.00345	0.71656
63	0.04836	0.01257	0.02097	0.23391	0.53832	0.01332	0.01663	0.01674	0.01246	0.01790	0.01048	0.01424	0.00856	0.00527	0.00559	0.00176	0.00692	0.00501	0.00278	0.00822
64	0.02110	0.01506	0.01633	0.01274	0.01713	0.01657	0.01045	0.59847	0.11774	0.09131	0.01562	0.01514	0.01105	0.00700	0.00574	0.00175	0.00596	0.00536	0.00584	0.00964
65	0.00695	0.00505	0.00656	0.00776	0.00824	0.00466	0.00522	0.00799	0.01115	0.01468	0.03400	0.72591	0.10557	0.01760	0.00725	0.00229	0.00328	0.01587	0.00531	0.00466
66	0.01579	0.03219	0.04590	0.10304	0.02499	0.03168	0.36034	0.04100	0.08675	0.15815	0.01494	0.03405	0.01103	0.00603	0.00619	0.00187	0.00769	0.00629	0.00403	0.00804
67	0.01251	0.01251	0.01752	0.01502	0.01502	0.01752	0.01251	0.01377	0.00876	0.01377	0.00751	0.01251	0.00751	0.01001	0.01877	0.00250	0.78851	0.00501	0.00250	0.00626
68	0.00782	0.00613	0.00675	0.00691	0.00852	0.00565	0.00512	0.01053	0.06897	0.01706	0.11240	0.19369	0.42653	0.01392	0.00665	0.00198	0.00314	0.03445	0.05857	0.00521
69	0.01359	0.01301	0.03766	0.28445	0.29455	0.01374	0.10609	0.06618	0.02810	0.03562	0.01123	0.01480	0.00875	0.00572	0.00640	0.00184	0.04198	0.00532	0.00307	0.00790
70	0.01313	0.01132	0.01875	0.43892	0.17316	0.01318	0.04729	0.01644	0.01194	0.08382	0.01113	0.01508	0.00853	0.00623	0.00741	0.00193	0.10627	0.00521	0.00302	0.00723
71	0.01469	0.01001	0.01061	0.00887	0.01168	0.01058	0.00708	0.32539	0.01879	0.02690	0.06988	0.02426	0.12146	0.00819	0.00531	0.00161	0.00425	0.00654	0.30676	0.00715
72	0.01082	0.00564	0.00566	0.00561	0.00702	0.00572	0.00422	0.01408	0.04444	0.02144	0.01886	0.02133	0.01478	0.00671	0.00408	0.00136	0.00275	0.00538	0.79462	0.00549
73	0.01283	0.02062	0.40499	0.08080	0.02409	0.01218	0.14890	0.01820	0.03312	0.09128	0.01407	0.08795	0.01139	0.00675	0.00592	0.00189	0.00765	0.00611	0.00334	0.00793
74	0.01195	0.00677	0.00888	0.00857	0.01017	0.00647	0.00631	0.01417	0.04564	0.18753	0.13661	0.36041	0.05137	0.05489	0.04440	0.00258	0.02024	0.01132	0.00563	0.00611
75	0.02137	0.02726	0.01621	0.01474	0.01768	0.77602	0.01105	0.02284	0.01621	0.01400	0.00884	0.01031	0.00737	0.00589	0.00516	0.00147	0.01031	0.00368	0.00295	0.00663
76	0.37925	0.01737	0.01432	0.01253	0.03040	0.27929	0.06559	0.05398	0.01328	0.03817	0.00920	0.01081	0.00727	0.00580	0.00522	0.00171	0.04177	0.00387	0.00341	0.00678
77	0.00709	0.00517	0.00668	0.00765	0.00827	0.00476	0.00523	0.00835	0.01183	0.01576	0.12775	0.62500	0.11180	0.01678	0.00718	0.00222	0.00320	0.01508	0.00544	0.00476
78	0.01188	0.04560	0.03303	0.07385	0.05199	0.03601	0.12690	0.05730	0.05292	0.05099	0.17799	0.16198	0.07588	0.00977	0.00634	0.00189	0.00546	0.00888	0.00465	0.00667

[dist]
# distance from previous block
# <min> <max>
0	4

[block]
# block no. 3 follows, 41 sequences, length 51
# corresponding to MSA columns:
# 331-381
name=unknown_D
#
# <colnr> <probs for GDERKNQSTAVLIFYWHMCP>
#	G	D	E	R	K	N	Q	S	T	A	V	L	I	F	Y	W	H	M	C	P
0	0.03060	0.10576	0.04144	0.14665	0.06000	0.08530	0.10564	0.13117	0.11554	0.03308	0.05920	0.01616	0.01239	0.00643	0.00591	0.00176	0.02593	0.00541	0.00389	0.00775
1	0.01442	0.38282	0.02953	0.03051	0.04581	0.03704	0.28328	0.01739	0.01223	0.01550	0.00942	0.01209	0.00792	0.00535	0.00624	0.00163	0.07406	0.00472	0.00264	0.00741
2	0.00753	0.00582	0.00694	0.00673	0.00828	0.00522	0.00504	0.00965	0.01448	0.01928	0.42513	0.06572	0.33879	0.01432	0.03968	0.00218	0.00333	0.01101	0.00573	0.00514
3	0.01257	0.06349	0.09464	0.28608	0.18024	0.01425	0.18869	0.01653	0.01217	0.01654	0.01034	0.01423	0.00811	0.00555	0.00655	0.00185	0.05275	0.00527	0.00266	0.00748
4	0.00772	0.00578	0.00715	0.00691	0.00834	0.00522	0.00514	0.01002	0.01514	0.02069	0.55220	0.09007	0.21916	0.01272	0.00678	0.00186	0.00278	0.01110	0.00601	0.00522
5	0.00919	0.00661	0.00886	0.00828	0.01007	0.00601	0.04719	0.01151	0.03386	0.07455	0.23327	0.24258	0.25938	0.01336	0.00680	0.00199	0.00353	0.01179	0.00559	0.00558
6	0.83938	0.01106	0.00841	0.00752	0.01106	0.01283	0.00619	0.01681	0.00973	0.02566	0.00796	0.00929	0.00619	0.00531	0.00354	0.00177	0.00442	0.00310	0.00354	0.00619
7	0.00695	0.00518	0.00647	0.00746	0.00817	0.00470	0.00509	0.00808	0.01153	0.01497	0.05270	0.61215	0.20171	0.01701	0.00717	0.00222	0.00321	0.01519	0.00533	0.00470
8	0.01675	0.01277	0.01379	0.01180	0.01540	0.01437	0.00935	0.16888	0.54323	0.09555	0.02136	0.01969	0.01565	0.00752	0.00579	0.00188	0.00490	0.00614	0.00592	0.00925
9	0.00994	0.00497	0.00745	0.00745	0.00745	0.00497	0.00497	0.00745	0.00745	0.00994	0.00994	0.01739	0.00994	0.01987	0.02235	0.83358	0.00497	0.00497	0.00248	0.00248
10	0.83938	0.01106	0.00841	0.00752	0.01106	0.01283	0.00619	0.01681	0.00973	0.02566	0.00796	0.00929	0.00619	0.00531	0.00354	0.00177	0.00442	0.00310	0.00354	0.00619
11	0.00739	0.00528	0.00706	0.00817	0.00868	0.00505	0.00573	0.00865	0.01125	0.01506	0.06659	0.60610	0.03624	0.05767	0.04132	0.00279	0.00413	0.09297	0.00517	0.00471
12	0.00811	0.00546	0.00630	0.00651	0.00656	0.00541	0.00375	0.00826	0.00873	0.01164	0.02012	0.15496	0.02344	0.67785	0.02573	0.00505	0.00520	0.00955	0.00375	0.00365
13	0.09848	0.00567	0.00681	0.00784	0.00851	0.00558	0.00533	0.00895	0.01070	0.01567	0.02836	0.67649	0.03363	0.04994	0.00782	0.00240	0.00354	0.01447	0.00504	0.00477
14	0.11117	0.08039	0.01602	0.01217	0.01588	0.22131	0.00984	0.20735	0.07742	0.11989	0.01285	0.01322	0.00958	0.00647	0.00579	0.00166	0.04541	0.00450	0.00444	0.02464
15	0.04951	0.14535	0.06524	0.01350	0.01770	0.16739	0.07972	0.26084	0.01782	0.02260	0.01307	0.05923	0.01131	0.00711	0.00548	0.00170	0.00722	0.04340	0.00404	0.00779
16	0.00908	0.00652	0.00815	0.00827	0.00962	0.00649	0.00604	0.01260	0.10695	0.05090	0.19052	0.33447	0.11157	0.01716	0.09135	0.00285	0.00468	0.01170	0.00542	0.00567
17	0.01036	0.09299	0.07676	0.00944	0.01103	0.01002	0.02979	0.03508	0.00997	0.01351	0.01546	0.08024	0.01683	0.43003	0.02004	0.02434	0.09842	0.00734	0.00332	0.00503
18	0.01645	0.05884	0.04858	0.06137	0.03044	0.12972	0.04821	0.22881	0.14057	0.04202	0.01643	0.12303	0.01424	0.00803	0.00580	0.00180	0.00651	0.00663	0.00458	0.00793
19	0.09860	0.00608	0.00697	0.00760	0.00860	0.00602	0.00534	0.00918	0.01108	0.01582	0.03323	0.49519	0.18621	0.04913	0.00806	0.00232	0.02753	0.01324	0.00495	0.00485
20	0.58132	0.01265	0.01063	0.10040	0.01538	0.09623	0.00796	0.01732	0.01093	0.03961	0.00879	0.01050	0.00682	0.00540	0.00407	0.00170	0.00545	0.00348	0.00343	0.05795
21	0.01301	0.13178	0.03741	0.00966	0.01447	0.01074	0.02895	0.01555	0.01192	0.04940	0.01047	0.01214	0.00861	0.00485	0.00503	0.00110	0.04321	0.00368	0.02323	0.56477
22	0.00725	0.00539	0.00665	0.00721	0.00811	0.00490	0.00501	0.00867	0.01246	0.01648	0.20043	0.41877	0.20392	0.05725	0.00821	0.00229	0.00320	0.01356	0.00543	0.00479
23	0.01552	0.77342	0.02946	0.00997	0.01479	0.05082	0.00983	0.01734	0.01179	0.01348	0.00799	0.00922	0.00734	0.00493	0.00373	0.00123	0.00627	0.00308	0.00247	0.00731
24	0.00703	0.00506	0.00667	0.00787	0.00827	0.00475	0.00527	0.00805	0.01090	0.01450	0.03167	0.72369	0.06386	0.04051	0.03017	0.00260	0.00371	0.01559	0.00519	0.00463
25	0.00682	0.00568	0.00595	0.00612	0.00782	0.00482	0.00450	0.00823	0.01282	0.01550	0.06952	0.15655	0.64625	0.01490	0.00683	0.00198	0.00295	0.01261	0.00533	0.00482
26	0.00701	0.00540	0.00644	0.00722	0.00826	0.00483	0.00514	0.00828	0.01193	0.01509	0.04226	0.45100	0.33338	0.01640	0.00711	0.00218	0.00326	0.05474	0.00531	0.00476
27	0.59490	0.01066	0.00987	0.00832	0.01213	0.01150	0.00686	0.02014	0.01173	0.24847	0.01235	0.01235	0.00859	0.00584	0.00420	0.00177	0.00456	0.00389	0.00460	0.00726
28	0.02224	0.01522	0.01667	0.01278	0.01734	0.01655	0.01056	0.65274	0.02555	0.12943	0.01486	0.01447	0.01029	0.00689	0.00573	0.00172	0.00611	0.00523	0.00590	0.00973
29	0.01529	0.80242	0.02997	0.00979	0.01468	0.02263	0.00979	0.01713	0.01162	0.01346	0.00795	0.00918	0.00734	0.00489	0.00367	0.00122	0.00612	0.00306	0.00245	0.00734
30	0.01015	0.00542	0.00570	0.00563	0.00699	0.00533	0.00423	0.01279	0.01268	0.02140	0.13492	0.02562	0.04238	0.00767	0.00450	0.00142	0.00268	0.00630	0.67884	0.00533
31	0.00817	0.00548	0.00628	0.00643	0.00646	0.00545	0.00367	0.00828	0.00861	0.01148	0.01951	0.12068	0.02267	0.71317	0.02672	0.00519	0.00530	0.00919	0.00367	0.00360
32	0.00819	0.00603	0.00871	0.00871	0.00957	0.00689	0.00655	0.00991	0.00905	0.01292	0.01576	0.02490	0.01535	0.16545	0.65520	0.00860	0.01374	0.00648	0.00313	0.00484
33	0.01299	0.33578	0.47641	0.01372	0.02076	0.01699	0.01664	0.01772	0.01190	0.01627	0.00935	0.01093	0.00728	0.00522	0.00474	0.00158	0.00753	0.00376	0.00243	0.00801
34	0.01236	0.01024	0.01181	0.00857	0.01343	0.00808	0.00686	0.05574	0.01272	0.01977	0.01082	0.01247	0.00887	0.00451	0.00431	0.00092	0.00427	0.00359	0.04749	0.74317
35	0.01962	0.01352	0.01498	0.01198	0.01591	0.01473	0.00973	0.47714	0.11709	0.12050	0.01700	0.04948	0.01283	0.00939	0.04671	0.00217	0.00616	0.00592	0.02606	0.00907
36	0.00939	0.00797	0.01107	0.00962	0.01164	0.03052	0.09285	0.02970	0.03601	0.02081	0.46066	0.11411	0.12011	0.01140	0.00670	0.00187	0.00398	0.01026	0.00556	0.00578
37	0.00832	0.00555	0.00624	0.00624	0.00624	0.00555	0.00347	0.00832	0.00832	0.01109	0.01802	0.03743	0.02080	0.79898	0.02911	0.00555	0.00555	0.00832	0.00347	0.00347
38	0.01147	0.02959	0.76934	0.01630	0.02476	0.01328	0.02113	0.01811	0.01208	0.01811	0.01026	0.01208	0.00725	0.00543	0.00543	0.00181	0.00845	0.00423	0.00242	0.00845
39	0.01423	0.58699	0.23608	0.01160	0.01749	0.02003	0.01295	0.01740	0.01175	0.01476	0.00860	0.00998	0.00731	0.00504	0.00416	0.00139	0.00677	0.00338	0.00244	0.00765
40	0.00713	0.00581	0.00630	0.00618	0.00795	0.00498	0.00463	0.00892	0.01390	0.01750	0.25042	0.05167	0.56722	0.01372	0.00676	0.00190	0.00284	0.01160	0.00558	0.00498
41	0.00718	0.00540	0.00665	0.00720	0.00820	0.00487	0.00507	0.00870	0.01275	0.01680	0.21117	0.41967	0.23446	0.01553	0.00703	0.00209	0.00306	0.01374	0.00554	0.00487
42	0.01194	0.00834	0.01001	0.00864	0.01088	0.00833	0.00674	0.17877	0.01854	0.05866	0.53432	0.03549	0.06526	0.01048	0.00647	0.00178	0.00362	0.00901	0.00617	0.00656
43	0.01413	0.01209	0.01277	0.01145	0.01464	0.01390	0.00891	0.05012	0.69669	0.02409	0.04472	0.02238	0.03252	0.00798	0.00586	0.00193	0.00449	0.00665	0.00582	0.00889
44	0.00842	0.00594	0.00761	0.00714	0.00862	0.00542	0.00537	0.01098	0.01589	0.04142	0.67286	0.04333	0.12178	0.01185	0.00672	0.00181	0.00277	0.01039	0.00622	0.00545
45	0.02407	0.01228	0.01485	0.01139	0.01587	0.01219	0.00941	0.31848	0.02064	0.47063	0.01898	0.01714	0.01236	0.00699	0.00574	0.00175	0.00545	0.00551	0.00653	0.00973
46	0.00827	0.00572	0.00712	0.00712	0.00743	0.00602	0.00457	0.00888	0.00858	0.01174	0.01722	0.03297	0.01886	0.57328	0.25216	0.00663	0.00846	0.00766	0.00335	0.00396
47	0.00712	0.00509	0.00650	0.00760	0.00811	0.00472	0.00510	0.00818	0.01109	0.01477	0.03317	0.66942	0.10692	0.04644	0.00796	0.00237	0.00334	0.01520	0.03226	0.00464
48	0.00697	0.00498	0.00664	0.00796	0.00830	0.00465	0.00531	0.00796	0.01095	0.01460	0.03153	0.79525	0.03783	0.01792	0.00730	0.00232	0.00332	0.01626	0.00531	0.00465
49	0.01294	0.22477	0.52856	0.01512	0.04300	0.04828	0.01773	0.01805	0.01217	0.01678	0.00963	0.01133	0.00733	0.00531	0.00498	0.00164	0.00789	0.00393	0.00246	0.00811
50	0.11166	0.01243	0.04014	0.23936	0.14672	0.06459	0.01244	0.02823	0.01234	0.08941	0.01243	0.05563	0.01024	0.00674	0.00652	0.00183	0.07474	0.00534	0.03880	0.03041

[dist]
# distance from previous block
# <min> <max>
0	1

[block]
# block no. 4 follows, 41 sequences, length 32
# corresponding to MSA columns:
# 383-414
name=unknown_E
#
# <colnr> <probs for GDERKNQSTAVLIFYWHMCP>
#	G	D	E	R	K	N	Q	S	T	A	V	L	I	F	Y	W	H	M	C	P
0	0.01314	0.01047	0.01259	0.02950	0.01463	0.00899	0.02371	0.04159	0.10509	0.06339	0.03793	0.01496	0.01161	0.00528	0.00474	0.00116	0.00450	0.00436	0.02260	0.56975
1	0.09148	0.16675	0.07627	0.03562	0.08076	0.09011	0.13682	0.07738	0.01333	0.03190	0.01048	0.02842	0.00871	0.00625	0.00688	0.00176	0.10656	0.00484	0.01824	0.00744
2	0.04915	0.01047	0.01356	0.01043	0.01485	0.00957	0.00862	0.10694	0.01734	0.66443	0.02116	0.01853	0.01343	0.00700	0.00568	0.00176	0.00501	0.00561	0.00682	0.00963
3	0.01252	0.01176	0.01928	0.34914	0.37162	0.01299	0.01576	0.01708	0.07371	0.01727	0.01220	0.03983	0.01006	0.00598	0.00575	0.00183	0.00685	0.00556	0.00304	0.00778
4	0.00832	0.00555	0.00624	0.00624	0.00624	0.00555	0.00347	0.00832	0.00832	0.01109	0.01802	0.03743	0.02080	0.79898	0.02911	0.00555	0.00555	0.00832	0.00347	0.00347
5	0.00699	0.00526	0.00645	0.00733	0.00811	0.00479	0.00502	0.00810	0.01139	0.01467	0.03797	0.54160	0.23787	0.04680	0.02716	0.00251	0.00358	0.01454	0.00519	0.00466
6	0.01108	0.00620	0.00641	0.00610	0.00744	0.00633	0.00443	0.06878	0.01247	0.02057	0.01816	0.02371	0.01541	0.15289	0.00877	0.00214	0.00348	0.00587	0.61443	0.00533
7	0.01577	0.01141	0.01267	0.01098	0.01426	0.01254	0.00864	0.09218	0.48292	0.13311	0.11930	0.02319	0.02108	0.00810	0.00592	0.00188	0.00450	0.00675	0.00606	0.00873
8	0.00817	0.00613	0.00919	0.00919	0.01021	0.00715	0.00715	0.01021	0.00919	0.01328	0.01532	0.02247	0.01430	0.04290	0.77631	0.00919	0.01532	0.00613	0.00306	0.00511
9	0.01341	0.01583	0.05795	0.02363	0.02937	0.01450	0.70092	0.01821	0.01334	0.01821	0.01143	0.01525	0.00860	0.00497	0.00699	0.00194	0.02827	0.00662	0.00287	0.00770
10	0.01138	0.05655	0.67853	0.01545	0.02318	0.01303	0.01957	0.01752	0.01227	0.01809	0.04107	0.01545	0.01022	0.00611	0.00553	0.00182	0.00800	0.03539	0.00269	0.00815
11	0.01080	0.01017	0.01716	0.78523	0.03940	0.01271	0.01589	0.01461	0.01144	0.01461	0.01017	0.01525	0.00762	0.00572	0.00572	0.00191	0.00762	0.00508	0.00254	0.00635
12	0.02174	0.01602	0.01717	0.01316	0.01774	0.01774	0.01087	0.74423	0.02689	0.03605	0.01373	0.01373	0.00973	0.00687	0.00572	0.00172	0.00629	0.00515	0.00572	0.00973
13	0.02385	0.01216	0.01472	0.01133	0.01578	0.01206	0.00935	0.29517	0.04265	0.47195	0.01929	0.01739	0.01261	0.00702	0.00574	0.00176	0.00539	0.00555	0.00653	0.00971
14	0.01529	0.80242	0.02997	0.00979	0.01468	0.02263	0.00979	0.01713	0.01162	0.01346	0.00795	0.00918	0.00734	0.00489	0.00367	0.00122	0.00612	0.00306	0.00245	0.00734
15	0.00982	0.00497	0.00742	0.00747	0.00748	0.00496	0.00498	0.00747	0.00759	0.01012	0.01078	0.04793	0.01103	0.01979	0.02176	0.80095	0.00490	0.00541	0.00259	0.00257
16	0.02030	0.01489	0.01591	0.01242	0.01664	0.01649	0.01019	0.63295	0.07979	0.03398	0.01484	0.01490	0.01070	0.00692	0.00559	0.00170	0.00587	0.00526	0.07132	0.00933
17	0.00821	0.00603	0.00637	0.00619	0.00809	0.00513	0.00458	0.00958	0.01283	0.06741	0.05154	0.06856	0.63050	0.07917	0.00856	0.00223	0.00326	0.01142	0.00528	0.00505
18	0.01147	0.02959	0.76934	0.01630	0.02476	0.01328	0.02113	0.01811	0.01208	0.01811	0.01026	0.01208	0.00725	0.00543	0.00543	0.00181	0.00845	0.00423	0.00242	0.00845
19	0.01664	0.01342	0.01622	0.01373	0.01520	0.09632	0.01127	0.01862	0.03555	0.19293	0.01174	0.01422	0.00940	0.00880	0.01381	0.00220	0.49389	0.00509	0.00374	0.00721
20	0.00717	0.00521	0.00695	0.00813	0.00844	0.00505	0.00548	0.00814	0.01082	0.01449	0.03048	0.75310	0.03651	0.03732	0.00819	0.00241	0.02654	0.01573	0.00518	0.00466
21	0.00706	0.00502	0.00661	0.00784	0.00815	0.00471	0.00518	0.00799	0.01077	0.01436	0.03059	0.74249	0.03665	0.07230	0.00882	0.00255	0.00347	0.01571	0.00518	0.00456
22	0.01710	0.01596	0.01845	0.07522	0.29912	0.20072	0.01349	0.03815	0.02781	0.11632	0.02785	0.01455	0.01018	0.00638	0.00703	0.00176	0.09340	0.00496	0.00357	0.00799
23	0.01392	0.01335	0.02280	0.08733	0.71290	0.01353	0.01744	0.01735	0.01291	0.01840	0.01072	0.01423	0.00896	0.00514	0.00567	0.00171	0.00685	0.00510	0.00281	0.00887
24	0.00994	0.00497	0.00745	0.00745	0.00745	0.00497	0.00497	0.00745	0.00745	0.00994	0.00994	0.01739	0.00994	0.01987	0.02235	0.83358	0.00497	0.00497	0.00248	0.00248
25	0.26188	0.09104	0.01684	0.09217	0.12087	0.21525	0.03243	0.07432	0.01367	0.01995	0.00935	0.01134	0.00750	0.00554	0.00475	0.00164	0.00708	0.00399	0.00323	0.00715
26	0.00697	0.00498	0.00664	0.00796	0.00830	0.00465	0.00531	0.00796	0.01095	0.01460	0.03153	0.79525	0.03783	0.01792	0.00730	0.00232	0.00332	0.01626	0.00531	0.00465
27	0.01357	0.01315	0.04693	0.23685	0.17342	0.04152	0.09471	0.06452	0.09864	0.03655	0.03127	0.01824	0.01176	0.00660	0.00642	0.00188	0.03924	0.03641	0.02068	0.00765
28	0.09492	0.00667	0.00683	0.00629	0.00828	0.00674	0.00489	0.03376	0.01264	0.10625	0.01791	0.01973	0.01364	0.00658	0.00419	0.00144	0.00318	0.00515	0.63489	0.00602
29	0.01364	0.01543	0.18575	0.10183	0.03586	0.05030	0.06597	0.06546	0.09997	0.09360	0.08240	0.07011	0.03396	0.03887	0.00689	0.00201	0.00642	0.01977	0.00426	0.00751
30	0.01186	0.01195	0.03054	0.01280	0.01478	0.07500	0.08898	0.03269	0.01245	0.01719	0.14678	0.11517	0.04422	0.00980	0.01043	0.00200	0.26832	0.00748	0.00386	0.08371
31	0.00773	0.00657	0.00772	0.00753	0.00889	0.00655	0.00571	0.00925	0.01257	0.01610	0.14084	0.16033	0.45719	0.01404	0.00843	0.00205	0.10681	0.01154	0.00507	0.00507

[dist]
# distance from previous block
# <min> <max>
0	2

[block]
# block no. 5 follows, 41 sequences, length 19
# corresponding to MSA columns:
# 417-435
name=unknown_F
#
# <colnr> <probs for GDERKNQSTAVLIFYWHMCP>
#	G	D	E	R	K	N	Q	S	T	A	V	L	I	F	Y	W	H	M	C	P
0	0.01784	0.25595	0.01967	0.01154	0.01590	0.21008	0.00972	0.17913	0.01633	0.03804	0.01025	0.01125	0.00826	0.00551	0.00466	0.00134	0.00682	0.00381	0.00360	0.17029
1	0.00840	0.00631	0.00761	0.00816	0.00934	0.00608	0.00593	0.06397	0.03182	0.01685	0.03597	0.48455	0.20151	0.01586	0.00707	0.00220	0.00364	0.07414	0.00535	0.00523
2	0.01683	0.30118	0.11412	0.01196	0.01656	0.11209	0.01121	0.11660	0.11508	0.07665	0.03405	0.01374	0.01089	0.00619	0.00514	0.00157	0.01976	0.00447	0.00386	0.00805
3	0.09710	0.18329	0.03476	0.01239	0.02911	0.20975	0.01021	0.19714	0.10246	0.02189	0.01156	0.01226	0.00907	0.00599	0.00488	0.00155	0.00687	0.00420	0.00391	0.04161
4	0.00693	0.00513	0.00648	0.00755	0.00819	0.00468	0.00513	0.00801	0.01135	0.01476	0.03658	0.65376	0.17606	0.01726	0.00720	0.00225	0.00324	0.01546	0.00531	0.00468
5	0.64553	0.01251	0.01033	0.00884	0.01255	0.04465	0.00724	0.13868	0.01306	0.04893	0.00940	0.01038	0.00707	0.00565	0.00404	0.00175	0.00499	0.00354	0.00398	0.00691
6	0.01832	0.01686	0.16188	0.01836	0.20165	0.06922	0.01369	0.12075	0.07570	0.22340	0.01513	0.01543	0.01073	0.00621	0.00563	0.00174	0.00660	0.00512	0.00454	0.00904
7	0.04357	0.15691	0.17604	0.01545	0.09027	0.07555	0.05063	0.21020	0.01663	0.07808	0.01179	0.01289	0.00881	0.00583	0.00520	0.00164	0.00701	0.00454	0.02054	0.00843
8	0.02058	0.01341	0.01506	0.01183	0.01584	0.01428	0.00962	0.51062	0.02296	0.17130	0.05146	0.06699	0.01469	0.02616	0.00642	0.00186	0.00565	0.00629	0.00593	0.00906
9	0.68506	0.05984	0.00978	0.00779	0.01107	0.03589	0.00634	0.01620	0.00997	0.02325	0.00922	0.02755	0.00803	0.06435	0.00557	0.00202	0.00477	0.00377	0.00349	0.00604
10	0.07211	0.00612	0.00688	0.00680	0.00840	0.00567	0.00506	0.00993	0.01383	0.01927	0.34513	0.14215	0.31221	0.01305	0.00657	0.00191	0.00299	0.01119	0.00559	0.00515
11	0.01625	0.48174	0.05453	0.01138	0.01567	0.17778	0.01051	0.05765	0.03497	0.01557	0.01072	0.01443	0.00975	0.00616	0.00455	0.00146	0.00699	0.05959	0.00304	0.00726
12	0.00935	0.00658	0.00789	0.00769	0.00947	0.00611	0.00571	0.01210	0.06773	0.07546	0.14803	0.23658	0.27058	0.01537	0.05834	0.00244	0.00414	0.01123	0.00541	0.03979
13	0.01415	0.08276	0.07424	0.06896	0.08387	0.08056	0.08302	0.10223	0.01372	0.03964	0.01383	0.11379	0.01296	0.00904	0.02389	0.00209	0.14110	0.02940	0.00357	0.00719
14	0.01446	0.24316	0.37829	0.03129	0.02029	0.01598	0.01526	0.07315	0.07095	0.06882	0.01171	0.01267	0.00872	0.00569	0.00502	0.00165	0.00707	0.00426	0.00325	0.00832
15	0.00768	0.00555	0.00703	0.00778	0.00843	0.00530	0.00530	0.03190	0.01172	0.01562	0.08783	0.55996	0.08990	0.09359	0.03178	0.00275	0.00390	0.01406	0.00515	0.00478
16	0.00955	0.00741	0.01044	0.07175	0.06892	0.00749	0.00937	0.03039	0.01349	0.01763	0.08160	0.07768	0.12364	0.01361	0.00726	0.00233	0.00504	0.43175	0.00497	0.00568
17	0.34977	0.01335	0.06639	0.01481	0.03531	0.01272	0.25225	0.01783	0.01195	0.07936	0.01215	0.01657	0.00978	0.00618	0.00563	0.00190	0.02517	0.05813	0.00362	0.00711
18	0.20552	0.31891	0.05528	0.01055	0.01503	0.08731	0.00962	0.11975	0.01427	0.10115	0.01053	0.01119	0.00815	0.00562	0.00437	0.00153	0.00612	0.00376	0.00370	0.00766

[dist]
# distance from previous block
# <min> <max>
10	330

# created by:
# /home/cegg/simao/soft/augustus-3.2.1/scripts/msa2prfl.pl ./align_prep/EOG090W0EDZ.fa
