[name]
unknown

[dist]
# distance from previous block
# <min> <max>
4	24

[block]
# block no. 0 follows, 34 sequences, length 70
# corresponding to MSA columns:
# 24-46,50-96
name=unknown_A
#
# <colnr> <probs for GDERKNQSTAVLIFYWHMCP>
#	G	D	E	R	K	N	Q	S	T	A	V	L	I	F	Y	W	H	M	C	P
0	0.01929	0.11252	0.01595	0.01152	0.03174	0.04498	0.00912	0.02409	0.12354	0.28042	0.14346	0.02771	0.07237	0.02801	0.00705	0.00203	0.00539	0.00748	0.00628	0.02706
1	0.01187	0.00760	0.01049	0.00903	0.01110	0.00738	0.09770	0.01485	0.01363	0.02227	0.04897	0.02792	0.05780	0.07864	0.00784	0.00209	0.00437	0.00718	0.55311	0.00615
2	0.01459	0.08191	0.55530	0.01679	0.02498	0.01549	0.02037	0.07383	0.03179	0.04848	0.01372	0.04987	0.01061	0.00702	0.00615	0.00202	0.00864	0.00553	0.00346	0.00944
3	0.01727	0.77681	0.03386	0.01106	0.01658	0.02557	0.01106	0.01935	0.01313	0.01520	0.00898	0.01036	0.00829	0.00553	0.00415	0.00138	0.00691	0.00345	0.00276	0.00829
4	0.00787	0.00562	0.00750	0.00900	0.00937	0.00525	0.00600	0.00900	0.01237	0.01649	0.03561	0.76871	0.04274	0.02024	0.00825	0.00262	0.00375	0.01837	0.00600	0.00525
5	0.01492	0.01407	0.02375	0.03561	0.63700	0.01402	0.01800	0.01840	0.01440	0.02050	0.01526	0.11551	0.01453	0.00767	0.00664	0.00201	0.00716	0.00742	0.00357	0.00958
6	0.02884	0.01123	0.01514	0.01161	0.01661	0.00985	0.00959	0.05410	0.01889	0.71392	0.02516	0.02178	0.01583	0.00799	0.00650	0.00200	0.00555	0.00648	0.00795	0.01100
7	0.00940	0.00626	0.00705	0.00705	0.00705	0.00626	0.00392	0.00940	0.00940	0.01253	0.02036	0.04228	0.02349	0.77292	0.03289	0.00626	0.00626	0.00940	0.00392	0.00392
8	0.01296	0.03342	0.73944	0.01842	0.02797	0.01501	0.02387	0.02046	0.01364	0.02046	0.01160	0.01364	0.00818	0.00614	0.00614	0.00205	0.00955	0.00477	0.00273	0.00955
9	0.01220	0.01148	0.01938	0.75739	0.04450	0.01436	0.01794	0.01651	0.01292	0.01651	0.01148	0.01723	0.00861	0.00646	0.00646	0.00215	0.00861	0.00574	0.00287	0.00718
10	0.01220	0.01148	0.01938	0.75739	0.04450	0.01436	0.01794	0.01651	0.01292	0.01651	0.01148	0.01723	0.00861	0.00646	0.00646	0.00215	0.00861	0.00574	0.00287	0.00718
11	0.00787	0.00562	0.00750	0.00900	0.00937	0.00525	0.00600	0.00900	0.01237	0.01649	0.03561	0.76871	0.04274	0.02024	0.00825	0.00262	0.00375	0.01837	0.00600	0.00525
12	0.01778	0.01350	0.01466	0.01293	0.01676	0.01520	0.01013	0.03396	0.62807	0.12091	0.02619	0.02383	0.01923	0.00866	0.00656	0.00217	0.00516	0.00720	0.00676	0.01033
13	0.01296	0.03342	0.73944	0.01842	0.02797	0.01501	0.02387	0.02046	0.01364	0.02046	0.01160	0.01364	0.00818	0.00614	0.00614	0.00205	0.00955	0.00477	0.00273	0.00955
14	0.00914	0.00660	0.00864	0.00813	0.00965	0.00610	0.00610	0.01219	0.01829	0.02591	0.72921	0.04827	0.06097	0.01321	0.00762	0.00203	0.00305	0.01169	0.00711	0.00610
15	0.00807	0.00648	0.00721	0.00720	0.00904	0.00561	0.00533	0.01005	0.01550	0.01970	0.24564	0.12049	0.48528	0.01584	0.00769	0.00218	0.00325	0.01352	0.00631	0.00561
16	0.04482	0.01610	0.01642	0.01308	0.01780	0.14261	0.01058	0.17947	0.02090	0.44049	0.02018	0.01848	0.01333	0.00766	0.00632	0.00193	0.00693	0.00587	0.00674	0.01028
17	0.05463	0.01166	0.01226	0.01033	0.01364	0.01261	0.00825	0.25146	0.11285	0.06810	0.01959	0.02049	0.01465	0.00772	0.00552	0.00179	0.00488	0.00603	0.35498	0.00855
18	0.00874	0.00948	0.10468	0.01044	0.01214	0.00694	0.00866	0.01088	0.01225	0.01680	0.02982	0.56243	0.03436	0.02242	0.11381	0.00366	0.00646	0.01493	0.00520	0.00589
19	0.04319	0.01620	0.03241	0.08917	0.14201	0.01619	0.47032	0.01979	0.01445	0.02034	0.01233	0.01672	0.00958	0.00601	0.00815	0.00217	0.06220	0.00689	0.00322	0.00865
20	0.01324	0.01148	0.01419	0.10844	0.01917	0.00937	0.00902	0.01630	0.01334	0.02045	0.01148	0.01390	0.00944	0.00501	0.00501	0.00112	0.00529	0.00408	0.00370	0.70596
21	0.02459	0.01537	0.01747	0.01340	0.01852	0.01594	0.01103	0.43544	0.04977	0.23721	0.01840	0.01749	0.01260	0.00761	0.00634	0.00188	0.00639	0.00590	0.00668	0.07796
22	0.01684	0.01375	0.01449	0.01275	0.01641	0.01571	0.01000	0.12211	0.56743	0.02858	0.02441	0.02297	0.01829	0.00852	0.00638	0.00210	0.00519	0.00700	0.07712	0.00996
23	0.00926	0.00730	0.00867	0.02326	0.01094	0.02318	0.00677	0.01199	0.06557	0.01775	0.06915	0.42617	0.14136	0.06491	0.03224	0.00296	0.00474	0.06225	0.00576	0.00576
24	0.01220	0.01148	0.01938	0.75739	0.04450	0.01436	0.01794	0.01651	0.01292	0.01651	0.01148	0.01723	0.00861	0.00646	0.00646	0.00215	0.00861	0.00574	0.00287	0.00718
25	0.01122	0.00561	0.00842	0.00842	0.00842	0.00561	0.00561	0.00842	0.00842	0.01122	0.01122	0.01964	0.01122	0.02245	0.02525	0.81201	0.00561	0.00561	0.00281	0.00281
26	0.01220	0.01148	0.01938	0.75739	0.04450	0.01436	0.01794	0.01651	0.01292	0.01651	0.01148	0.01723	0.00861	0.00646	0.00646	0.00215	0.00861	0.00574	0.00287	0.00718
27	0.00832	0.00656	0.00728	0.00750	0.00915	0.00583	0.00557	0.00998	0.01418	0.01764	0.10721	0.10343	0.46137	0.11654	0.01116	0.00283	0.00399	0.09032	0.00581	0.00535
28	0.00835	0.00615	0.00781	0.00828	0.00939	0.00562	0.00587	0.01032	0.01509	0.02041	0.31778	0.37465	0.15275	0.01685	0.00791	0.00232	0.00340	0.01499	0.00644	0.00562
29	0.00787	0.00562	0.00750	0.00900	0.00937	0.00525	0.00600	0.00900	0.01237	0.01649	0.03561	0.76871	0.04274	0.02024	0.00825	0.00262	0.00375	0.01837	0.00600	0.00525
30	0.34468	0.01088	0.01093	0.00955	0.01300	0.01151	0.00756	0.06281	0.05015	0.17908	0.04641	0.09535	0.03988	0.04394	0.00685	0.00225	0.00495	0.00700	0.04541	0.00782
31	0.01529	0.00860	0.01073	0.00943	0.01187	0.00817	0.00712	0.04981	0.06006	0.20715	0.29074	0.08239	0.06736	0.12884	0.01114	0.00272	0.00454	0.00995	0.00667	0.00742
32	0.00955	0.00803	0.00857	0.00846	0.01039	0.04029	0.00649	0.01246	0.04337	0.02092	0.29247	0.07454	0.33988	0.01477	0.00766	0.00220	0.00394	0.08371	0.00629	0.00601
33	0.02273	0.01626	0.01759	0.01370	0.01818	0.01781	0.01107	0.59207	0.02715	0.06388	0.01654	0.01930	0.01283	0.10893	0.00996	0.00251	0.00694	0.00632	0.00619	0.01005
34	0.01096	0.00702	0.00847	0.00815	0.01021	0.00617	0.00614	0.01304	0.01579	0.11474	0.23145	0.16860	0.32910	0.01508	0.00761	0.00221	0.00365	0.02872	0.00656	0.00634
35	0.01171	0.00643	0.00659	0.00650	0.00814	0.00641	0.00489	0.01526	0.04374	0.02385	0.07084	0.02842	0.07101	0.00859	0.00503	0.00162	0.00312	0.00700	0.66468	0.00616
36	0.01628	0.01353	0.01443	0.01270	0.01631	0.01533	0.00994	0.12094	0.54165	0.02843	0.09147	0.02644	0.04521	0.00929	0.00669	0.00214	0.00513	0.00772	0.00659	0.00979
37	0.09674	0.01068	0.01374	0.01078	0.01530	0.00963	0.00879	0.02858	0.01716	0.60883	0.02360	0.02214	0.01562	0.04840	0.00760	0.00221	0.00540	0.00637	0.03834	0.01008
38	0.01018	0.00759	0.00866	0.00834	0.01045	0.00713	0.00625	0.01427	0.10397	0.05581	0.24132	0.13268	0.34003	0.01457	0.00751	0.00218	0.00360	0.01249	0.00648	0.00648
39	0.48958	0.01432	0.01329	0.01090	0.01537	0.01605	0.00899	0.25822	0.01820	0.08284	0.01240	0.01303	0.00900	0.00674	0.00502	0.00198	0.00576	0.00451	0.00513	0.00865
40	0.02899	0.01100	0.01499	0.01150	0.01649	0.00950	0.00950	0.03149	0.01849	0.73709	0.02549	0.02199	0.01599	0.00800	0.00650	0.00200	0.00550	0.00650	0.00800	0.01100
41	0.08211	0.00691	0.00836	0.00811	0.00888	0.00719	0.00554	0.03685	0.01041	0.01597	0.01461	0.02428	0.01431	0.18028	0.04054	0.40951	0.00572	0.00634	0.10986	0.00422
42	0.01217	0.01137	0.01772	0.01510	0.01632	0.01413	0.09807	0.01427	0.01069	0.01574	0.01315	0.02091	0.01262	0.09039	0.27120	0.00566	0.34411	0.00667	0.00320	0.00655
43	0.01122	0.00561	0.00842	0.00842	0.00842	0.00561	0.00561	0.00842	0.00842	0.01122	0.01122	0.01964	0.01122	0.02245	0.02525	0.81201	0.00561	0.00561	0.00281	0.00281
44	0.00801	0.00585	0.00754	0.00861	0.00934	0.00538	0.00589	0.00945	0.01341	0.01785	0.13061	0.59547	0.12101	0.01888	0.00810	0.00250	0.00360	0.01696	0.00615	0.00538
45	0.01478	0.01259	0.01607	0.22695	0.04944	0.01453	0.01282	0.08670	0.32403	0.02378	0.02184	0.05453	0.01827	0.00937	0.00686	0.00225	0.00643	0.08471	0.00529	0.00875
46	0.01727	0.77681	0.03386	0.01106	0.01658	0.02557	0.01106	0.01935	0.01313	0.01520	0.00898	0.01036	0.00829	0.00553	0.00415	0.00138	0.00691	0.00345	0.00276	0.00829
47	0.01546	0.01142	0.01361	0.00982	0.01547	0.00873	0.00790	0.01828	0.01407	0.11572	0.01334	0.01453	0.01042	0.00521	0.00501	0.00109	0.00488	0.00418	0.00438	0.70647
48	0.01578	0.01734	0.07096	0.19398	0.12070	0.15371	0.10973	0.01935	0.01478	0.05049	0.03229	0.07141	0.01399	0.00904	0.02583	0.00231	0.03888	0.02777	0.00371	0.00795
49	0.01529	0.01609	0.11012	0.01366	0.01794	0.01544	0.01184	0.03136	0.59555	0.02569	0.02477	0.05622	0.01923	0.00894	0.00659	0.00219	0.00564	0.00747	0.00604	0.00991
50	0.02131	0.01631	0.01846	0.10707	0.02240	0.01787	0.01237	0.50880	0.06886	0.03476	0.01524	0.01603	0.01108	0.00734	0.00629	0.00188	0.00693	0.00569	0.00574	0.09557
51	0.01632	0.03194	0.10827	0.01102	0.01496	0.03223	0.00998	0.05020	0.01689	0.22176	0.19806	0.03298	0.13780	0.01378	0.07198	0.00275	0.00643	0.00851	0.00603	0.00811
52	0.01286	0.00851	0.01052	0.00924	0.01159	0.00821	0.00716	0.10616	0.01975	0.09004	0.54309	0.04225	0.08050	0.01217	0.00737	0.00202	0.00381	0.01054	0.00705	0.00715
53	0.01749	0.01360	0.01527	0.01159	0.01653	0.01304	0.00938	0.30550	0.02113	0.02990	0.10805	0.01889	0.01696	0.00714	0.00586	0.00151	0.00553	0.00570	0.00536	0.37158
54	0.00871	0.00603	0.00745	0.00803	0.00839	0.00580	0.00510	0.00959	0.01185	0.01600	0.12064	0.35566	0.03673	0.34860	0.01894	0.00414	0.00476	0.01356	0.00523	0.00478
55	0.01447	0.01144	0.01252	0.01128	0.01419	0.01240	0.00867	0.08847	0.34925	0.03735	0.04629	0.03393	0.07911	0.14321	0.01139	0.00288	0.00536	0.06744	0.00592	0.04444
56	0.01589	0.08929	0.13596	0.02308	0.02964	0.01743	0.46431	0.08111	0.01599	0.02176	0.01256	0.01597	0.00950	0.00594	0.00741	0.00209	0.03311	0.00661	0.00341	0.00894
57	0.02232	0.01657	0.01769	0.01377	0.01854	0.01811	0.01131	0.61829	0.02831	0.03765	0.02212	0.02168	0.10605	0.00889	0.00662	0.00197	0.00660	0.00685	0.00640	0.01026
58	0.00787	0.00562	0.00750	0.00900	0.00937	0.00525	0.00600	0.00900	0.01237	0.01649	0.03561	0.76871	0.04274	0.02024	0.00825	0.00262	0.00375	0.01837	0.00600	0.00525
59	0.01340	0.00885	0.01091	0.01027	0.01193	0.00939	0.00775	0.14336	0.06385	0.02058	0.02058	0.11583	0.03661	0.01891	0.07230	0.29313	0.00635	0.06776	0.06228	0.00596
60	0.02186	0.02504	0.01685	0.01497	0.01840	0.51196	0.01140	0.14485	0.01985	0.02043	0.01786	0.04434	0.08806	0.00838	0.00622	0.00180	0.00966	0.00598	0.00427	0.00781
61	0.01428	0.01457	0.02221	0.01832	0.01919	0.01933	0.10602	0.01623	0.01060	0.01623	0.00909	0.01457	0.00866	0.01053	0.01941	0.00274	0.66191	0.00592	0.00289	0.00729
62	0.04571	0.01213	0.01377	0.01020	0.01556	0.01020	0.00817	0.10791	0.01550	0.02376	0.01301	0.04755	0.01115	0.00592	0.00513	0.00120	0.00505	0.00473	0.00428	0.63906
63	0.01166	0.00701	0.00840	0.00784	0.00916	0.00658	0.00532	0.01288	0.01311	0.11165	0.16095	0.04337	0.13812	0.39478	0.03847	0.00438	0.00537	0.01003	0.00536	0.00554
64	0.00940	0.00626	0.00705	0.00705	0.00705	0.00626	0.00392	0.00940	0.00940	0.01253	0.02036	0.04228	0.02349	0.77292	0.03289	0.00626	0.00626	0.00940	0.00392	0.00392
65	0.01848	0.01154	0.01317	0.01134	0.01492	0.01203	0.00884	0.04510	0.34414	0.23575	0.03016	0.02962	0.10757	0.07668	0.00900	0.00249	0.00515	0.00800	0.00669	0.00932
66	0.00887	0.00650	0.00770	0.00797	0.00897	0.00614	0.00550	0.01060	0.02919	0.01758	0.16232	0.19798	0.18977	0.25186	0.01567	0.00356	0.00447	0.05460	0.00556	0.00519
67	0.02595	0.01462	0.01709	0.01324	0.01822	0.01504	0.01089	0.35942	0.07364	0.35132	0.02074	0.01902	0.01384	0.00794	0.00649	0.00198	0.00625	0.00623	0.00716	0.01094
68	0.01948	0.01420	0.01559	0.01313	0.01707	0.01563	0.01041	0.29793	0.29282	0.09350	0.02320	0.11897	0.01899	0.00982	0.00675	0.00213	0.00576	0.00811	0.00658	0.00994
69	0.01324	0.00820	0.00975	0.00907	0.01147	0.00766	0.00684	0.04705	0.06561	0.15327	0.13105	0.20682	0.25765	0.03202	0.00802	0.00231	0.00414	0.01223	0.00653	0.00707

[dist]
# distance from previous block
# <min> <max>
0	53

[block]
# block no. 1 follows, 34 sequences, length 33
# corresponding to MSA columns:
# 150-182
name=unknown_B
#
# <colnr> <probs for GDERKNQSTAVLIFYWHMCP>
#	G	D	E	R	K	N	Q	S	T	A	V	L	I	F	Y	W	H	M	C	P
0	0.00852	0.00644	0.00764	0.00800	0.00940	0.00590	0.00575	0.01090	0.03692	0.01977	0.21846	0.30780	0.26930	0.01640	0.00770	0.00228	0.00343	0.01436	0.03531	0.00571
1	0.00785	0.00573	0.00739	0.00872	0.00930	0.00527	0.00588	0.00903	0.01264	0.01660	0.03898	0.68908	0.12019	0.01981	0.00818	0.00257	0.00370	0.01784	0.00600	0.00527
2	0.00891	0.00629	0.00696	0.00705	0.00757	0.00602	0.00427	0.00934	0.01078	0.01388	0.03143	0.09116	0.18358	0.55675	0.02570	0.00512	0.00544	0.01090	0.00451	0.00434
3	0.00905	0.00655	0.00797	0.00845	0.00961	0.00617	0.00627	0.01080	0.01369	0.01805	0.13751	0.15962	0.19525	0.18672	0.01361	0.00330	0.00459	0.16797	0.02953	0.00530
4	0.00916	0.00669	0.00898	0.00964	0.01059	0.00690	0.00721	0.01128	0.02738	0.01659	0.04810	0.24819	0.06527	0.13014	0.22765	0.00541	0.00846	0.14187	0.00501	0.00549
5	0.81856	0.01250	0.00950	0.00850	0.01250	0.01449	0.00700	0.01899	0.01100	0.02899	0.00900	0.01050	0.00700	0.00600	0.00400	0.00200	0.00500	0.00350	0.00400	0.00700
6	0.00853	0.00650	0.00734	0.00718	0.00865	0.00585	0.00508	0.01026	0.01470	0.01912	0.27312	0.05314	0.35154	0.18550	0.01331	0.00305	0.00387	0.01204	0.00590	0.00532
7	0.01649	0.01819	0.02117	0.01785	0.01921	0.18303	0.07885	0.01834	0.01229	0.01609	0.00925	0.01389	0.00857	0.00971	0.01647	0.00251	0.52228	0.00550	0.00298	0.00732
8	0.01464	0.01413	0.02310	0.21088	0.40260	0.01611	0.01809	0.01805	0.01319	0.01873	0.01116	0.01588	0.00944	0.00718	0.00974	0.00218	0.17737	0.00573	0.00303	0.00877
9	0.01491	0.00985	0.01524	0.31514	0.07291	0.01056	0.01254	0.01782	0.01413	0.17888	0.02200	0.24631	0.02074	0.01094	0.00701	0.00225	0.00637	0.00975	0.00499	0.00765
10	0.01070	0.00824	0.00998	0.00926	0.01126	0.00834	0.00703	0.01717	0.17633	0.02616	0.57111	0.04283	0.05169	0.01221	0.00739	0.00207	0.00351	0.01070	0.00699	0.00703
11	0.00986	0.00857	0.01138	0.01442	0.17180	0.00787	0.00861	0.01213	0.01490	0.01903	0.11546	0.05027	0.44563	0.03921	0.00827	0.00228	0.00447	0.04388	0.00541	0.00656
12	0.02560	0.01292	0.02049	0.01526	0.02062	0.01175	0.16705	0.07481	0.01856	0.52908	0.02203	0.02053	0.01427	0.00741	0.00675	0.00204	0.00682	0.00671	0.00683	0.01048
13	0.01603	0.18357	0.01818	0.01012	0.01573	0.01253	0.00863	0.01868	0.01391	0.10043	0.01250	0.01368	0.01001	0.00531	0.00483	0.00117	0.00534	0.00405	0.00406	0.54124
14	0.01991	0.01639	0.02200	0.01697	0.04569	0.01658	0.15004	0.39428	0.02302	0.03166	0.01401	0.01543	0.01041	0.00656	0.00631	0.00177	0.00736	0.00573	0.00513	0.19077
15	0.01144	0.00914	0.00943	0.00842	0.01127	0.00873	0.00657	0.16712	0.01825	0.02269	0.05422	0.05169	0.56827	0.01443	0.00737	0.00213	0.00414	0.01188	0.00610	0.00670
16	0.00769	0.00655	0.00662	0.00660	0.00876	0.00548	0.00495	0.00937	0.01485	0.01775	0.08835	0.06170	0.70692	0.01626	0.00764	0.00218	0.00327	0.01357	0.00604	0.00548
17	0.01402	0.01145	0.01248	0.01173	0.01458	0.01274	0.00890	0.02687	0.49464	0.04361	0.03101	0.19409	0.07261	0.01184	0.00702	0.00228	0.00469	0.01020	0.00645	0.00881
18	0.02026	0.01516	0.02180	0.18349	0.02727	0.01626	0.13826	0.28670	0.06386	0.13636	0.01633	0.01775	0.01153	0.00715	0.00668	0.00205	0.00776	0.00632	0.00532	0.00968
19	0.01334	0.18362	0.02264	0.58952	0.03822	0.01688	0.01639	0.01715	0.01297	0.01621	0.01092	0.01568	0.00854	0.00625	0.00594	0.00198	0.00823	0.00523	0.00285	0.00743
20	0.01736	0.01269	0.01414	0.01265	0.01627	0.01405	0.01002	0.03149	0.53380	0.13459	0.04603	0.02865	0.02179	0.00955	0.00679	0.00223	0.00519	0.06609	0.00675	0.00986
21	0.01289	0.01282	0.02360	0.59316	0.04209	0.01480	0.17341	0.01745	0.01344	0.01745	0.01184	0.01727	0.00888	0.00623	0.00672	0.00216	0.00913	0.00617	0.00296	0.00752
22	0.03222	0.02146	0.25989	0.01481	0.02059	0.04897	0.01488	0.22291	0.14195	0.02755	0.06245	0.04636	0.04066	0.00838	0.00647	0.00205	0.00725	0.00668	0.00504	0.00943
23	0.00936	0.00679	0.00894	0.00890	0.01045	0.00637	0.00701	0.01233	0.01736	0.02404	0.54185	0.05445	0.08690	0.01440	0.00791	0.00225	0.00371	0.16415	0.00680	0.00603
24	0.00787	0.00562	0.00750	0.00900	0.00937	0.00525	0.00600	0.00900	0.01237	0.01649	0.03561	0.76871	0.04274	0.02024	0.00825	0.00262	0.00375	0.01837	0.00600	0.00525
25	0.20558	0.01768	0.01540	0.01285	0.01707	0.16025	0.01028	0.25809	0.08336	0.09467	0.01629	0.01643	0.03037	0.00748	0.00577	0.00192	0.00699	0.00537	0.02510	0.00904
26	0.01587	0.46945	0.14107	0.01202	0.01818	0.03655	0.01236	0.01898	0.01339	0.01737	0.00998	0.01160	0.00856	0.00548	0.00464	0.00140	0.00696	0.00376	0.00301	0.18934
27	0.00940	0.00626	0.00705	0.00705	0.00705	0.00626	0.00392	0.00940	0.00940	0.01253	0.02036	0.04228	0.02349	0.77292	0.03289	0.00626	0.00626	0.00940	0.00392	0.00392
28	0.02180	0.02504	0.01832	0.18289	0.02524	0.52979	0.01350	0.02412	0.01711	0.06722	0.01143	0.01364	0.00893	0.00671	0.00602	0.00180	0.01053	0.00468	0.00356	0.00767
29	0.00966	0.00690	0.00955	0.01104	0.01220	0.00679	0.00911	0.01209	0.01413	0.01850	0.03463	0.27884	0.03883	0.01856	0.00872	0.00287	0.00530	0.49059	0.00596	0.00574
30	0.02395	0.07487	0.02018	0.01500	0.01978	0.18394	0.01224	0.50779	0.02644	0.03331	0.01381	0.01428	0.01020	0.00735	0.00616	0.00184	0.00812	0.00528	0.00550	0.01001
31	0.01076	0.00611	0.00624	0.00635	0.00793	0.00584	0.00471	0.01332	0.01373	0.02206	0.03209	0.08557	0.17889	0.01042	0.00548	0.00174	0.00312	0.00861	0.57118	0.00584
32	0.01743	0.67376	0.08295	0.01196	0.01762	0.07338	0.01206	0.01986	0.01351	0.01562	0.00924	0.01068	0.00829	0.00565	0.00440	0.00145	0.00742	0.00360	0.00280	0.00833

[dist]
# distance from previous block
# <min> <max>
0	1

[block]
# block no. 2 follows, 34 sequences, length 13
# corresponding to MSA columns:
# 184-196
name=unknown_C
#
# <colnr> <probs for GDERKNQSTAVLIFYWHMCP>
#	G	D	E	R	K	N	Q	S	T	A	V	L	I	F	Y	W	H	M	C	P
0	0.01652	0.43108	0.25121	0.01421	0.02051	0.09908	0.01534	0.02021	0.01370	0.01692	0.00988	0.01169	0.00827	0.00610	0.00572	0.00168	0.04247	0.00404	0.00282	0.00854
1	0.01629	0.01461	0.01883	0.01820	0.11276	0.01615	0.08623	0.05607	0.52718	0.02608	0.02263	0.02201	0.01709	0.00798	0.00666	0.00215	0.00614	0.00708	0.00577	0.01009
2	0.81856	0.01250	0.00950	0.00850	0.01250	0.01449	0.00700	0.01899	0.01100	0.02899	0.00900	0.01050	0.00700	0.00600	0.00400	0.00200	0.00500	0.00350	0.00400	0.00700
3	0.01485	0.01390	0.02342	0.11269	0.56463	0.01421	0.01839	0.01863	0.01454	0.02038	0.01498	0.02360	0.01360	0.00742	0.00674	0.00208	0.00755	0.09552	0.00352	0.00935
4	0.00787	0.00562	0.00750	0.00900	0.00937	0.00525	0.00600	0.00900	0.01237	0.01649	0.03561	0.76871	0.04274	0.02024	0.00825	0.00262	0.00375	0.01837	0.00600	0.00525
5	0.00765	0.00648	0.00661	0.00671	0.00877	0.00544	0.00498	0.00925	0.01456	0.01739	0.06339	0.11101	0.68250	0.01663	0.00768	0.00221	0.00331	0.01396	0.00600	0.00544
6	0.00794	0.00568	0.00756	0.00895	0.00939	0.00530	0.00600	0.00918	0.01271	0.01703	0.07521	0.72757	0.04378	0.01984	0.00821	0.00259	0.00371	0.01799	0.00606	0.00530
7	0.01453	0.01371	0.02316	0.14831	0.54805	0.01412	0.01806	0.01815	0.01418	0.01990	0.01456	0.09659	0.01345	0.00741	0.00660	0.00203	0.00740	0.00710	0.00345	0.00923
8	0.11892	0.01136	0.01263	0.00940	0.01469	0.00924	0.00750	0.01631	0.01304	0.02190	0.01220	0.04552	0.01066	0.00561	0.00483	0.00117	0.00477	0.00441	0.00394	0.67188
9	0.01324	0.01135	0.01696	0.47316	0.05633	0.01347	0.01446	0.01946	0.14251	0.04267	0.01587	0.02190	0.01291	0.10759	0.00995	0.00269	0.00753	0.00653	0.00387	0.00754
10	0.01366	0.01330	0.02246	0.20236	0.02827	0.01241	0.22472	0.01768	0.01384	0.01981	0.01197	0.01559	0.00940	0.00541	0.00607	0.00163	0.00761	0.00547	0.00342	0.36490
11	0.01707	0.01461	0.01601	0.01596	0.11048	0.07395	0.01105	0.06163	0.32915	0.06234	0.01993	0.02078	0.01543	0.00758	0.00614	0.00187	0.00598	0.02190	0.04186	0.14626
12	0.01899	0.02346	0.18849	0.03629	0.02100	0.26225	0.01405	0.05316	0.06435	0.09323	0.03102	0.01688	0.01205	0.00702	0.00604	0.00180	0.00855	0.02112	0.00422	0.11603

[dist]
# distance from previous block
# <min> <max>
0	20

# created by:
# /home/cegg/simao/soft/augustus-3.2.1/scripts/msa2prfl.pl ./align_prep/EOG090W0JYJ.fa
