[name]
unknown

[dist]
# distance from previous block
# <min> <max>
6	48

[block]
# block no. 0 follows, 39 sequences, length 7
# corresponding to MSA columns:
# 77-83
name=unknown_A
#
# <colnr> <probs for GDERKNQSTAVLIFYWHMCP>
#	G	D	E	R	K	N	Q	S	T	A	V	L	I	F	Y	W	H	M	C	P
0	0.05440	0.07724	0.09311	0.03940	0.05474	0.03814	0.02800	0.04420	0.01176	0.06455	0.01270	0.01793	0.01120	0.09055	0.16635	0.04188	0.11382	0.00540	0.00335	0.03125
1	0.03217	0.09364	0.12094	0.01736	0.19793	0.06105	0.01237	0.01833	0.05809	0.07942	0.05210	0.07909	0.01486	0.03555	0.00645	0.00183	0.00621	0.00606	0.00388	0.10265
2	0.15440	0.27420	0.13798	0.01104	0.01567	0.07880	0.01079	0.05380	0.01307	0.04924	0.01443	0.01574	0.06871	0.00955	0.06766	0.00227	0.00725	0.00466	0.00342	0.00734
3	0.47747	0.01283	0.05124	0.01500	0.18170	0.01268	0.01008	0.01822	0.01164	0.07552	0.01027	0.01187	0.00792	0.00548	0.00448	0.00173	0.00536	0.00395	0.00368	0.07890
4	0.00914	0.00817	0.01277	0.01212	0.07001	0.00747	0.12585	0.01167	0.01421	0.01876	0.23694	0.13014	0.29498	0.01220	0.00696	0.00199	0.00445	0.01104	0.00516	0.00596
5	0.01378	0.01360	0.04364	0.15777	0.27221	0.01364	0.15063	0.07543	0.04078	0.01996	0.03973	0.04581	0.01211	0.00648	0.00659	0.00187	0.03399	0.00618	0.00347	0.04231
6	0.01044	0.00880	0.01025	0.01048	0.03944	0.06943	0.00765	0.01372	0.07146	0.01595	0.03751	0.02490	0.06311	0.05577	0.45558	0.00644	0.01153	0.00663	0.07507	0.00585

[dist]
# distance from previous block
# <min> <max>
0	1

[block]
# block no. 1 follows, 39 sequences, length 10
# corresponding to MSA columns:
# 85-94
name=unknown_B
#
# <colnr> <probs for GDERKNQSTAVLIFYWHMCP>
#	G	D	E	R	K	N	Q	S	T	A	V	L	I	F	Y	W	H	M	C	P
0	0.22247	0.10578	0.10111	0.01152	0.03483	0.08799	0.01000	0.03859	0.01248	0.04105	0.02605	0.10572	0.01264	0.00883	0.03280	0.00203	0.04983	0.00561	0.00367	0.08701
1	0.30887	0.01338	0.01294	0.03565	0.11233	0.14835	0.03285	0.01632	0.01221	0.01974	0.01541	0.14873	0.03897	0.01033	0.04802	0.00231	0.00665	0.00663	0.00375	0.00655
2	0.00760	0.00590	0.00639	0.00638	0.00772	0.00525	0.00444	0.00886	0.01257	0.01580	0.13952	0.07796	0.44547	0.21526	0.01297	0.00296	0.00369	0.01141	0.00513	0.00470
3	0.01280	0.01168	0.01412	0.03416	0.18999	0.05784	0.01034	0.04367	0.22203	0.01968	0.04167	0.02746	0.16500	0.04046	0.08033	0.00276	0.00647	0.00739	0.00456	0.00759
4	0.00848	0.00621	0.00887	0.00887	0.00970	0.00705	0.00660	0.01015	0.00932	0.01326	0.01642	0.02647	0.01619	0.20069	0.61431	0.00872	0.01373	0.00681	0.00325	0.00493
5	0.00848	0.00620	0.00882	0.00882	0.00964	0.00702	0.00654	0.01012	0.00930	0.01322	0.01647	0.02670	0.01629	0.21186	0.60328	0.00866	0.01358	0.00684	0.00326	0.00490
6	0.01166	0.00987	0.01161	0.00870	0.01336	0.00751	0.00683	0.01409	0.01215	0.01877	0.01316	0.10550	0.01241	0.00608	0.00476	0.00106	0.00427	0.00510	0.00374	0.72938
7	0.01161	0.01099	0.01609	0.54247	0.07551	0.05966	0.01407	0.01482	0.01208	0.01527	0.03868	0.02067	0.01209	0.10088	0.00888	0.00240	0.00749	0.02699	0.00301	0.00633
8	0.01425	0.08263	0.04290	0.03913	0.09656	0.08814	0.01048	0.09952	0.08275	0.01816	0.01368	0.01987	0.01256	0.18248	0.05034	0.00306	0.10128	0.00577	0.00365	0.03277
9	0.04058	0.01427	0.06228	0.10542	0.09006	0.08363	0.01098	0.06396	0.03113	0.06243	0.01167	0.01350	0.00909	0.00536	0.00508	0.00139	0.00612	0.00429	0.00367	0.37511

[dist]
# distance from previous block
# <min> <max>
5	9

[block]
# block no. 2 follows, 39 sequences, length 26
# corresponding to MSA columns:
# 104-129
name=unknown_C
#
# <colnr> <probs for GDERKNQSTAVLIFYWHMCP>
#	G	D	E	R	K	N	Q	S	T	A	V	L	I	F	Y	W	H	M	C	P
0	0.05613	0.00771	0.04439	0.00831	0.01027	0.00700	0.00678	0.01108	0.01184	0.03568	0.09688	0.05248	0.26088	0.05214	0.30616	0.00505	0.00854	0.00878	0.00440	0.00550
1	0.01404	0.02215	0.39521	0.01646	0.07386	0.04963	0.04325	0.02170	0.15849	0.07375	0.06127	0.01714	0.01336	0.00660	0.00586	0.00187	0.00731	0.00548	0.00387	0.00868
2	0.01274	0.01050	0.01231	0.00882	0.01405	0.00791	0.00706	0.01536	0.01242	0.04421	0.01094	0.01253	0.00896	0.00448	0.00443	0.00091	0.00440	0.00359	0.00363	0.80075
3	0.02000	0.01414	0.01552	0.01245	0.01673	0.01535	0.01008	0.37632	0.25892	0.12964	0.01846	0.01746	0.01321	0.00730	0.00588	0.00181	0.00561	0.00576	0.00602	0.04932
4	0.01464	0.01405	0.02400	0.03630	0.75528	0.01405	0.01815	0.01815	0.01347	0.01932	0.01112	0.01464	0.00937	0.00527	0.00585	0.00176	0.00703	0.00527	0.00293	0.00937
5	0.00731	0.00523	0.00696	0.00816	0.00860	0.00487	0.00550	0.00850	0.01182	0.01589	0.09851	0.72014	0.04064	0.01794	0.00750	0.00235	0.00337	0.01625	0.00558	0.00487
6	0.00820	0.00556	0.00657	0.00697	0.00707	0.00546	0.00413	0.00849	0.00939	0.01252	0.02267	0.25561	0.02660	0.56830	0.02357	0.00477	0.00507	0.01098	0.00413	0.00394
7	0.01041	0.00857	0.01311	0.30461	0.05389	0.00957	0.01191	0.03469	0.01314	0.01720	0.04417	0.13990	0.02364	0.01178	0.00702	0.00230	0.00612	0.27757	0.00432	0.00610
8	0.00811	0.00603	0.00754	0.00717	0.00868	0.00547	0.00538	0.01066	0.01613	0.02226	0.62174	0.04657	0.18712	0.01263	0.00698	0.00189	0.00283	0.01103	0.00632	0.00547
9	0.01387	0.01846	0.20155	0.10181	0.08396	0.01473	0.31581	0.07227	0.05930	0.02010	0.01222	0.01517	0.00914	0.00575	0.00666	0.00195	0.02985	0.00586	0.00322	0.00831
10	0.01103	0.01040	0.01775	0.70064	0.03836	0.01270	0.04418	0.01484	0.01188	0.01526	0.01193	0.06342	0.00985	0.00665	0.00606	0.00200	0.00769	0.00604	0.00282	0.00652
11	0.00755	0.00601	0.00678	0.00670	0.00842	0.00524	0.00504	0.00952	0.01455	0.01867	0.29716	0.07172	0.47241	0.01411	0.00703	0.00198	0.00301	0.03304	0.00584	0.00520
12	0.01414	0.01401	0.04134	0.05309	0.61814	0.01368	0.04940	0.01834	0.04426	0.01961	0.04744	0.01641	0.01187	0.00573	0.00596	0.00179	0.00692	0.00564	0.00321	0.00903
13	0.01459	0.01185	0.01437	0.07507	0.05468	0.01080	0.00925	0.14418	0.04590	0.04212	0.01211	0.01364	0.00949	0.00527	0.00497	0.00124	0.00521	0.00426	0.00404	0.51695
14	0.00928	0.00679	0.00848	0.00853	0.00954	0.00691	0.00612	0.07053	0.01312	0.01772	0.14353	0.32950	0.08923	0.12375	0.06065	0.02586	0.03261	0.02751	0.00509	0.00526
15	0.01519	0.01343	0.02228	0.08208	0.61418	0.01358	0.01695	0.04331	0.01406	0.06236	0.01259	0.01681	0.01045	0.00587	0.00595	0.00181	0.00689	0.02975	0.00335	0.00911
16	0.72134	0.01217	0.00945	0.00847	0.01179	0.05337	0.00685	0.01723	0.01032	0.02474	0.00867	0.01096	0.00713	0.03692	0.00550	0.00200	0.03965	0.00354	0.00358	0.00632
17	0.01679	0.01735	0.01450	0.01283	0.01548	0.34316	0.05772	0.01961	0.06097	0.07744	0.05140	0.09955	0.06218	0.02656	0.02448	0.00206	0.03834	0.00689	0.04593	0.00677
18	0.01340	0.01058	0.01241	0.00908	0.01408	0.00832	0.00725	0.05033	0.01325	0.06306	0.01226	0.04184	0.01030	0.00521	0.00466	0.00103	0.00449	0.00423	0.00392	0.71030
19	0.00977	0.00772	0.01156	0.04964	0.04835	0.00924	0.00878	0.01128	0.00950	0.01365	0.01356	0.02074	0.01279	0.05435	0.47049	0.10900	0.12529	0.00598	0.00298	0.00533
20	0.01026	0.03383	0.00910	0.04514	0.00973	0.00640	0.00595	0.00871	0.00826	0.01099	0.01117	0.01925	0.01111	0.06779	0.08325	0.64155	0.00623	0.00538	0.00268	0.00323
21	0.01204	0.12010	0.44467	0.01541	0.02167	0.01419	0.08124	0.01697	0.01238	0.01769	0.04560	0.08573	0.01276	0.00734	0.00680	0.00191	0.06669	0.00595	0.00301	0.00785
22	0.01465	0.01422	0.02353	0.07159	0.70328	0.03193	0.01791	0.01813	0.01346	0.01900	0.01105	0.01460	0.00925	0.00532	0.00585	0.00176	0.00715	0.00523	0.00292	0.00917
23	0.01501	0.09772	0.06234	0.29553	0.14961	0.06820	0.03875	0.05317	0.01379	0.08468	0.01251	0.03638	0.01003	0.00644	0.00598	0.00183	0.02162	0.01526	0.00341	0.00776
24	0.00746	0.00609	0.00657	0.00659	0.00833	0.00534	0.00486	0.00948	0.03315	0.01719	0.15956	0.12064	0.54615	0.03270	0.00755	0.00210	0.00311	0.01236	0.00561	0.00515
25	0.00743	0.00535	0.00709	0.00840	0.00891	0.00501	0.00584	0.00864	0.01165	0.01539	0.03370	0.68395	0.07071	0.01815	0.00758	0.00242	0.00361	0.08582	0.00549	0.00488

[dist]
# distance from previous block
# <min> <max>
0	1

[block]
# block no. 3 follows, 39 sequences, length 7
# corresponding to MSA columns:
# 131-137
name=unknown_D
#
# <colnr> <probs for GDERKNQSTAVLIFYWHMCP>
#	G	D	E	R	K	N	Q	S	T	A	V	L	I	F	Y	W	H	M	C	P
0	0.01504	0.06194	0.11965	0.13598	0.24803	0.03577	0.01449	0.02019	0.09952	0.10688	0.03281	0.01720	0.01202	0.02767	0.00637	0.00191	0.00670	0.00546	0.02397	0.00841
1	0.03473	0.15841	0.27321	0.03983	0.02233	0.01503	0.18456	0.03790	0.01294	0.01831	0.01313	0.04182	0.03200	0.00643	0.00622	0.00182	0.04174	0.00557	0.04628	0.00774
2	0.00771	0.00542	0.00699	0.00806	0.00841	0.00518	0.00540	0.00865	0.01090	0.01450	0.02936	0.56025	0.03474	0.19183	0.01266	0.00318	0.00411	0.07303	0.00506	0.00458
3	0.29413	0.01405	0.05290	0.06563	0.24235	0.05719	0.01249	0.01730	0.01167	0.02061	0.00983	0.01273	0.00809	0.00624	0.00691	0.00189	0.11592	0.00443	0.03819	0.00743
4	0.00746	0.00540	0.00689	0.00790	0.00847	0.00502	0.00537	0.00860	0.01168	0.01543	0.07435	0.57906	0.10986	0.08782	0.00953	0.00264	0.00363	0.04072	0.00537	0.00478
5	0.01423	0.38881	0.05109	0.01240	0.03838	0.06531	0.03023	0.01680	0.03825	0.01522	0.04935	0.01549	0.01193	0.06067	0.04938	0.00234	0.12526	0.00478	0.00303	0.00705
6	0.25421	0.11040	0.24839	0.03251	0.05417	0.01396	0.01291	0.06019	0.01309	0.02186	0.07265	0.01725	0.01294	0.00673	0.00512	0.00183	0.00631	0.04439	0.00357	0.00752

[dist]
# distance from previous block
# <min> <max>
1	10

[block]
# block no. 4 follows, 39 sequences, length 35
# corresponding to MSA columns:
# 148-182
name=unknown_E
#
# <colnr> <probs for GDERKNQSTAVLIFYWHMCP>
#	G	D	E	R	K	N	Q	S	T	A	V	L	I	F	Y	W	H	M	C	P
0	0.17368	0.01700	0.01553	0.05298	0.06151	0.21451	0.02996	0.21219	0.04344	0.02406	0.04329	0.01464	0.01105	0.00875	0.05063	0.00220	0.00777	0.00489	0.00417	0.00774
1	0.04173	0.32603	0.08809	0.05183	0.03144	0.01712	0.03225	0.04032	0.01293	0.11793	0.03157	0.01393	0.01032	0.00658	0.00693	0.00171	0.11924	0.00457	0.03775	0.00775
2	0.00908	0.00721	0.00874	0.00869	0.04124	0.00666	0.00602	0.01192	0.05714	0.01874	0.26096	0.06326	0.22515	0.11541	0.04140	0.00264	0.00427	0.00964	0.00517	0.09669
3	0.01765	0.01098	0.01248	0.01051	0.01380	0.04195	0.00832	0.09986	0.19628	0.25362	0.23718	0.02667	0.02685	0.00883	0.00624	0.00186	0.00468	0.00737	0.00643	0.00843
4	0.00752	0.00600	0.00667	0.00651	0.00822	0.00522	0.00483	0.00941	0.01442	0.01847	0.29626	0.05185	0.48587	0.04315	0.00785	0.00209	0.00303	0.01172	0.00577	0.00514
5	0.00816	0.00593	0.00769	0.00748	0.00877	0.00545	0.00552	0.01067	0.01590	0.02227	0.62981	0.14139	0.08269	0.01305	0.00705	0.00194	0.00288	0.01156	0.00633	0.00545
6	0.01464	0.01405	0.02400	0.03630	0.75528	0.01405	0.01815	0.01815	0.01347	0.01932	0.01112	0.01464	0.00937	0.00527	0.00585	0.00176	0.00703	0.00527	0.00293	0.00937
7	0.02209	0.02819	0.01676	0.01524	0.01828	0.76843	0.01143	0.02361	0.01676	0.01447	0.00914	0.01066	0.00762	0.00609	0.00533	0.00152	0.01066	0.00381	0.00305	0.00686
8	0.00910	0.00793	0.00839	0.00793	0.01012	0.00798	0.00610	0.01405	0.17977	0.01787	0.04865	0.04637	0.54130	0.01312	0.00750	0.00203	0.04952	0.01073	0.00544	0.00608
9	0.01236	0.01083	0.01360	0.00972	0.01502	0.00830	0.05009	0.01513	0.01236	0.01925	0.01060	0.01248	0.00877	0.00442	0.00453	0.00094	0.00471	0.00371	0.00347	0.77969
10	0.01267	0.04657	0.66080	0.01706	0.02523	0.05876	0.06056	0.01901	0.01281	0.01838	0.01055	0.01250	0.00758	0.00560	0.00564	0.00185	0.00887	0.00446	0.00256	0.00856
11	0.01306	0.01419	0.01068	0.01013	0.01231	0.28468	0.00771	0.01497	0.01547	0.01741	0.20349	0.03778	0.25450	0.01115	0.00648	0.00185	0.00596	0.06750	0.00484	0.00585
12	0.01932	0.02147	0.01366	0.01247	0.01514	0.53679	0.00939	0.02120	0.01561	0.04504	0.01238	0.01405	0.00989	0.00635	0.00504	0.00150	0.00835	0.00434	0.22140	0.00662
13	0.02157	0.01392	0.09023	0.01453	0.05003	0.01189	0.09596	0.10810	0.05748	0.42092	0.01874	0.01786	0.01250	0.00690	0.00644	0.00188	0.02995	0.00583	0.00577	0.00951
14	0.01136	0.05651	0.01699	0.32522	0.13811	0.01177	0.03889	0.01503	0.04051	0.01663	0.01819	0.12182	0.03133	0.00928	0.00642	0.00208	0.00656	0.12285	0.00369	0.00678
15	0.00721	0.00515	0.00686	0.00823	0.00858	0.00480	0.00549	0.00823	0.01132	0.01510	0.03259	0.78831	0.03911	0.01853	0.00755	0.00240	0.00343	0.01681	0.00549	0.00480
16	0.01010	0.00525	0.00787	0.00787	0.00797	0.00535	0.00535	0.00797	0.00787	0.01059	0.01079	0.01846	0.01069	0.02275	0.09220	0.75210	0.00613	0.00525	0.00262	0.00282
17	0.01377	0.01456	0.07942	0.10914	0.51492	0.01349	0.05090	0.03946	0.01377	0.01935	0.03338	0.01725	0.04212	0.00601	0.00598	0.00181	0.00708	0.00574	0.00317	0.00869
18	0.00769	0.00602	0.00697	0.00673	0.00842	0.00529	0.00505	0.00985	0.01514	0.01992	0.41293	0.05042	0.39739	0.01350	0.00698	0.00193	0.00289	0.01157	0.00601	0.00529
19	0.01464	0.01405	0.02400	0.03630	0.75528	0.01405	0.01815	0.01815	0.01347	0.01932	0.01112	0.01464	0.00937	0.00527	0.00585	0.00176	0.00703	0.00527	0.00293	0.00937
20	0.01294	0.01294	0.01811	0.01553	0.01553	0.01811	0.01294	0.01423	0.00906	0.01423	0.00776	0.01294	0.00776	0.01035	0.01941	0.00259	0.78134	0.00518	0.00259	0.00647
21	0.00738	0.00524	0.00687	0.00814	0.00862	0.00489	0.00553	0.00853	0.01152	0.01542	0.03333	0.71258	0.06877	0.01797	0.00744	0.00236	0.00345	0.03766	0.02944	0.00485
22	0.00765	0.00602	0.00690	0.00668	0.00839	0.00527	0.00501	0.00976	0.01504	0.01967	0.39049	0.05083	0.41999	0.01360	0.00698	0.00193	0.00290	0.01163	0.00598	0.00527
23	0.01397	0.01578	0.11129	0.09984	0.57297	0.01397	0.05000	0.01798	0.01322	0.01886	0.01105	0.01454	0.00900	0.00536	0.00588	0.00180	0.00744	0.00524	0.00285	0.00898
24	0.00742	0.00601	0.00658	0.00644	0.00825	0.00517	0.00483	0.00931	0.01449	0.01836	0.27359	0.05298	0.53771	0.01409	0.00698	0.00195	0.00293	0.01193	0.00581	0.00517
25	0.01280	0.01198	0.05200	0.01338	0.07351	0.01208	0.03734	0.02358	0.42376	0.02256	0.11268	0.07310	0.05370	0.00897	0.00620	0.00196	0.00482	0.00779	0.03962	0.00818
26	0.01226	0.01051	0.01226	0.00876	0.01401	0.00788	0.00701	0.01489	0.01226	0.01927	0.01051	0.01226	0.00876	0.00438	0.00438	0.00088	0.00438	0.00350	0.00350	0.82832
27	0.00711	0.00597	0.00617	0.00619	0.00808	0.00503	0.00461	0.00869	0.01366	0.01656	0.11360	0.08199	0.67238	0.01488	0.00701	0.00200	0.00299	0.01249	0.00557	0.00503
28	0.01472	0.01525	0.06735	0.08536	0.14990	0.07981	0.07212	0.06513	0.27573	0.02126	0.03596	0.01826	0.01362	0.00885	0.04840	0.00231	0.00728	0.00594	0.00428	0.00845
29	0.00941	0.00671	0.00857	0.00833	0.00913	0.00691	0.03110	0.01160	0.07779	0.01445	0.02054	0.13821	0.02192	0.39607	0.09404	0.05053	0.00624	0.03074	0.05299	0.00473
30	0.01217	0.01048	0.01283	0.02959	0.05564	0.00824	0.00779	0.01488	0.01255	0.01940	0.04888	0.01413	0.01120	0.00487	0.00463	0.00100	0.00453	0.00402	0.00361	0.71956
31	0.09033	0.19429	0.05699	0.01290	0.04304	0.25244	0.01055	0.01776	0.01270	0.01566	0.01057	0.01366	0.00929	0.01513	0.18951	0.00348	0.03759	0.00435	0.00297	0.00678
32	0.62004	0.01441	0.05301	0.01211	0.09393	0.08679	0.00903	0.01815	0.01122	0.02414	0.00877	0.01042	0.00691	0.00553	0.00417	0.00179	0.00567	0.00355	0.00346	0.00690
33	0.00954	0.01543	0.29988	0.01148	0.01534	0.00863	0.01186	0.01291	0.01177	0.01666	0.04403	0.31045	0.02373	0.10261	0.00929	0.00251	0.00587	0.04040	0.00405	0.04357
34	0.01226	0.01051	0.01226	0.00876	0.01401	0.00788	0.00701	0.01489	0.01226	0.01927	0.01051	0.01226	0.00876	0.00438	0.00438	0.00088	0.00438	0.00350	0.00350	0.82832

[dist]
# distance from previous block
# <min> <max>
4	7

[block]
# block no. 5 follows, 39 sequences, length 16
# corresponding to MSA columns:
# 193-208
name=unknown_F
#
# <colnr> <probs for GDERKNQSTAVLIFYWHMCP>
#	G	D	E	R	K	N	Q	S	T	A	V	L	I	F	Y	W	H	M	C	P
0	0.20105	0.01310	0.10224	0.07860	0.01783	0.01230	0.04922	0.06710	0.03965	0.09351	0.04280	0.01905	0.01290	0.01249	0.11248	0.00303	0.06990	0.04144	0.00405	0.00727
1	0.12581	0.01171	0.01224	0.01098	0.01417	0.01342	0.00862	0.04680	0.50704	0.04911	0.02070	0.02019	0.01573	0.01087	0.07443	0.00262	0.00567	0.00608	0.03531	0.00849
2	0.00853	0.00616	0.00844	0.00877	0.02571	0.00649	0.00614	0.00984	0.01040	0.01432	0.08617	0.08171	0.08730	0.18905	0.36013	0.06418	0.00967	0.00833	0.00387	0.00480
3	0.00731	0.00523	0.00696	0.00816	0.00860	0.00487	0.00550	0.00850	0.01181	0.01587	0.09751	0.72117	0.04062	0.01795	0.00750	0.00235	0.00337	0.01626	0.00558	0.00487
4	0.01424	0.01493	0.04862	0.09170	0.29862	0.08116	0.01497	0.01845	0.08554	0.01761	0.01198	0.01644	0.01032	0.00744	0.00954	0.00204	0.21485	0.03040	0.00320	0.00795
5	0.06760	0.14926	0.54430	0.04080	0.02326	0.01538	0.01841	0.04370	0.01277	0.01902	0.01020	0.01199	0.00754	0.00558	0.00522	0.00177	0.00797	0.00416	0.00271	0.00838
6	0.01945	0.13686	0.01877	0.01519	0.05643	0.51200	0.01136	0.02228	0.06970	0.01538	0.01040	0.01205	0.00873	0.00747	0.03120	0.00184	0.03635	0.00414	0.00318	0.00722
7	0.83394	0.01144	0.00869	0.00778	0.01144	0.01327	0.00640	0.01738	0.01006	0.02653	0.00823	0.00961	0.00640	0.00549	0.00366	0.00183	0.00457	0.00320	0.00366	0.00640
8	0.01361	0.11514	0.31059	0.01794	0.09187	0.01516	0.13130	0.03941	0.14228	0.01994	0.03711	0.01564	0.01141	0.00609	0.00576	0.00183	0.00751	0.00537	0.00346	0.00858
9	0.00874	0.00561	0.00686	0.00738	0.00810	0.00551	0.00515	0.01029	0.01156	0.01688	0.09044	0.29259	0.02958	0.17766	0.05187	0.00320	0.00449	0.05782	0.20141	0.00486
10	0.00838	0.00674	0.00917	0.13085	0.01418	0.00690	0.00757	0.01065	0.01299	0.01704	0.17610	0.13109	0.24126	0.01805	0.12514	0.00323	0.00597	0.06441	0.00487	0.00542
11	0.00928	0.00795	0.00831	0.00798	0.00953	0.07424	0.00593	0.01160	0.01574	0.02089	0.51120	0.10910	0.16092	0.01258	0.00688	0.00190	0.00359	0.01090	0.00595	0.00553
12	0.01479	0.01176	0.01261	0.01092	0.01407	0.01291	0.00859	0.22121	0.32239	0.02586	0.07163	0.02899	0.13113	0.05294	0.00761	0.00216	0.00490	0.03154	0.00578	0.00820
13	0.08777	0.06485	0.01990	0.04963	0.35419	0.01324	0.03939	0.01691	0.01246	0.01915	0.01033	0.01322	0.00867	0.00534	0.00594	0.00157	0.04942	0.00454	0.00309	0.22040
14	0.01471	0.06811	0.06022	0.12501	0.36925	0.03856	0.01493	0.01923	0.07692	0.06790	0.02662	0.04180	0.01181	0.00630	0.00574	0.00177	0.00668	0.00562	0.00357	0.03526
15	0.00740	0.00563	0.00681	0.00731	0.00844	0.00504	0.00518	0.00898	0.01327	0.01734	0.20497	0.37646	0.28001	0.01589	0.00723	0.00214	0.00314	0.01398	0.00572	0.00504

[dist]
# distance from previous block
# <min> <max>
2	7

[block]
# block no. 6 follows, 39 sequences, length 8
# corresponding to MSA columns:
# 218-225
name=unknown_G
#
# <colnr> <probs for GDERKNQSTAVLIFYWHMCP>
#	G	D	E	R	K	N	Q	S	T	A	V	L	I	F	Y	W	H	M	C	P
0	0.06560	0.05374	0.15990	0.01741	0.17358	0.06006	0.01324	0.10807	0.07258	0.07978	0.08054	0.05981	0.01562	0.00734	0.00577	0.00182	0.00642	0.00607	0.00430	0.00837
1	0.01192	0.01331	0.08899	0.54546	0.12970	0.01347	0.08122	0.01618	0.01229	0.01633	0.01073	0.01533	0.00813	0.00572	0.00597	0.00194	0.00804	0.00533	0.00269	0.00725
2	0.00851	0.04462	0.12784	0.00937	0.01172	0.00736	0.00836	0.01083	0.01225	0.01631	0.07538	0.37010	0.17222	0.01633	0.05426	0.00261	0.00512	0.03634	0.00480	0.00569
3	0.01391	0.07423	0.27189	0.01834	0.10896	0.01334	0.17193	0.04764	0.01401	0.07913	0.01854	0.01989	0.10794	0.00684	0.00604	0.00185	0.00748	0.00621	0.00359	0.00823
4	0.07011	0.00990	0.01331	0.01240	0.08239	0.00914	0.00894	0.04963	0.01585	0.48326	0.06114	0.12084	0.01890	0.00874	0.00607	0.00190	0.00491	0.00738	0.00636	0.00885
5	0.01476	0.01120	0.01506	0.10253	0.08642	0.01197	0.05350	0.08868	0.23478	0.10335	0.03593	0.11748	0.04774	0.00881	0.00620	0.00196	0.00546	0.00774	0.03834	0.00812
6	0.01264	0.05150	0.46272	0.01504	0.02125	0.09353	0.04341	0.01763	0.01307	0.01798	0.04245	0.03641	0.04213	0.00728	0.00636	0.00189	0.03948	0.03748	0.02999	0.00776
7	0.01675	0.15831	0.18604	0.04831	0.10162	0.06275	0.08408	0.16156	0.04190	0.06561	0.01222	0.01367	0.00919	0.00594	0.00554	0.00173	0.00752	0.00487	0.00372	0.00869

[dist]
# distance from previous block
# <min> <max>
0	2

[block]
# block no. 7 follows, 39 sequences, length 16
# corresponding to MSA columns:
# 228-243
name=unknown_H
#
# <colnr> <probs for GDERKNQSTAVLIFYWHMCP>
#	G	D	E	R	K	N	Q	S	T	A	V	L	I	F	Y	W	H	M	C	P
0	0.01626	0.01690	0.03370	0.04473	0.27872	0.17513	0.05281	0.06017	0.07929	0.03122	0.01255	0.01630	0.01050	0.00693	0.00773	0.00190	0.11181	0.03168	0.00350	0.00818
1	0.01705	0.37155	0.07477	0.01362	0.03311	0.17890	0.04387	0.04488	0.03694	0.04162	0.01000	0.01162	0.00837	0.00609	0.00621	0.00160	0.08498	0.00408	0.00307	0.00768
2	0.01247	0.09013	0.07710	0.03133	0.08108	0.01030	0.00954	0.01565	0.03280	0.04401	0.07353	0.03468	0.06949	0.00693	0.00559	0.02020	0.00506	0.00547	0.00385	0.37079
3	0.03561	0.03968	0.05777	0.11926	0.32093	0.01252	0.01392	0.01935	0.08850	0.11190	0.04142	0.08414	0.01470	0.00730	0.00594	0.00187	0.00619	0.00652	0.00409	0.00840
4	0.01343	0.01361	0.04351	0.32716	0.42808	0.03801	0.01736	0.01715	0.01290	0.01749	0.01080	0.01489	0.00867	0.00556	0.00585	0.00184	0.00753	0.00519	0.00280	0.00817
5	0.00787	0.00574	0.00745	0.00857	0.00939	0.00541	0.00636	0.00937	0.01211	0.01575	0.03527	0.45976	0.13290	0.05348	0.00869	0.00259	0.00402	0.20493	0.00539	0.00495
6	0.09844	0.55268	0.06249	0.01106	0.01583	0.14504	0.01054	0.01870	0.01263	0.01551	0.00849	0.00984	0.00747	0.00530	0.00413	0.00139	0.00699	0.00333	0.00273	0.00741
7	0.30849	0.01316	0.01400	0.13517	0.06201	0.05123	0.01031	0.13400	0.07787	0.04298	0.01167	0.01332	0.00889	0.00620	0.00546	0.00180	0.03326	0.00449	0.00403	0.06167
8	0.01511	0.22115	0.27978	0.04226	0.09389	0.10573	0.01517	0.01981	0.05512	0.05367	0.01146	0.01313	0.00895	0.00709	0.03210	0.00194	0.00798	0.00439	0.00308	0.00819
9	0.01221	0.01005	0.01133	0.04827	0.01420	0.01136	0.00833	0.02288	0.44253	0.02121	0.02552	0.11972	0.06546	0.01321	0.08237	0.00276	0.00555	0.00812	0.06724	0.00768
10	0.00760	0.00565	0.00714	0.00799	0.00896	0.00520	0.00581	0.00916	0.01274	0.01667	0.12533	0.44534	0.19617	0.01669	0.00744	0.00229	0.00352	0.10567	0.00561	0.00502
11	0.04107	0.01199	0.02032	0.28075	0.22749	0.01292	0.12469	0.05184	0.01334	0.01864	0.03173	0.01767	0.02941	0.00895	0.06353	0.00245	0.00802	0.00587	0.02178	0.00753
12	0.01329	0.10137	0.13318	0.25171	0.23359	0.01473	0.08821	0.03833	0.01300	0.01763	0.01094	0.01491	0.00878	0.02831	0.00643	0.00192	0.00770	0.00517	0.00284	0.00795
13	0.01367	0.29366	0.05643	0.10228	0.08099	0.04245	0.15998	0.01672	0.01235	0.01578	0.01150	0.04981	0.01024	0.00988	0.08195	0.00247	0.02419	0.00542	0.00289	0.00734
14	0.01446	0.01132	0.06798	0.01084	0.01373	0.01040	0.00899	0.23017	0.04685	0.09109	0.02361	0.33666	0.02371	0.01210	0.00658	0.00207	0.00500	0.03663	0.04042	0.00740
15	0.01148	0.01023	0.01624	0.61461	0.03463	0.01239	0.01453	0.06850	0.01296	0.01678	0.01382	0.12172	0.01234	0.00773	0.00614	0.00202	0.00717	0.00685	0.00327	0.00659

[dist]
# distance from previous block
# <min> <max>
6	125

# created by:
# /home/cegg/simao/soft/augustus-3.2.1/scripts/msa2prfl.pl ./align_prep/EOG090W0EZ8.fa
