[name]
unknown

[dist]
# distance from previous block
# <min> <max>
0	242

[block]
# block no. 0 follows, 32 sequences, length 74
# corresponding to MSA columns:
# 317-323,325-391
name=unknown_A
#
# <colnr> <probs for GDERKNQSTAVLIFYWHMCP>
#	G	D	E	R	K	N	Q	S	T	A	V	L	I	F	Y	W	H	M	C	P
0	0.00842	0.00602	0.00805	0.00954	0.01006	0.00565	0.00658	0.00980	0.01324	0.01767	0.05871	0.68486	0.04455	0.02060	0.00860	0.00273	0.00404	0.06909	0.00626	0.00553
1	0.00882	0.00733	0.00792	0.00775	0.00995	0.00668	0.00586	0.01189	0.06085	0.01967	0.14206	0.05728	0.53900	0.01862	0.06356	0.00290	0.00461	0.01295	0.00621	0.00610
2	0.01290	0.03440	0.01361	0.01367	0.05206	0.03956	0.01035	0.01925	0.17824	0.02156	0.08321	0.13975	0.07135	0.01426	0.00877	0.00256	0.05073	0.22035	0.00587	0.00755
3	0.01684	0.01341	0.01441	0.01288	0.01640	0.01515	0.00992	0.05584	0.56049	0.06720	0.02752	0.04513	0.03600	0.06713	0.00897	0.00259	0.00542	0.00808	0.00667	0.00996
4	0.00927	0.00859	0.00786	0.00794	0.01004	0.06148	0.00585	0.01090	0.01525	0.01786	0.05943	0.15360	0.57498	0.01676	0.00787	0.00229	0.00413	0.01407	0.00602	0.00580
5	0.01623	0.01517	0.02582	0.03871	0.66786	0.01517	0.01947	0.01969	0.01478	0.02114	0.01255	0.01690	0.01071	0.00730	0.00814	0.06328	0.00781	0.00597	0.00329	0.01004
6	0.01366	0.01344	0.01963	0.60976	0.04087	0.07008	0.01757	0.01766	0.01373	0.01716	0.01272	0.01997	0.01031	0.00761	0.00778	0.00228	0.05763	0.03755	0.00317	0.00741
7	0.20789	0.01453	0.01555	0.01231	0.01710	0.01540	0.01013	0.30753	0.02223	0.23357	0.01788	0.01740	0.01231	0.00769	0.00600	0.00202	0.00612	0.00570	0.05853	0.01012
8	0.01000	0.00774	0.00883	0.00822	0.01041	0.00713	0.00626	0.06374	0.01826	0.02407	0.36787	0.05413	0.35913	0.01478	0.00783	0.00217	0.00359	0.01260	0.00681	0.00641
9	0.00854	0.00591	0.00798	0.00941	0.00982	0.00557	0.00638	0.00947	0.01263	0.01683	0.03499	0.67668	0.04166	0.02110	0.00994	0.06397	0.00413	0.04373	0.00597	0.00528
10	0.01374	0.00952	0.01041	0.01007	0.01187	0.04302	0.00739	0.11703	0.01616	0.05483	0.02636	0.31749	0.02718	0.06580	0.06458	0.00315	0.00597	0.01157	0.17703	0.00686
11	0.01096	0.00917	0.01001	0.01013	0.03852	0.00904	0.00729	0.03924	0.16059	0.02087	0.05053	0.05176	0.43798	0.07173	0.00967	0.00261	0.00447	0.04234	0.00609	0.00699
12	0.01570	0.01785	0.03673	0.02662	0.03287	0.04432	0.62639	0.02091	0.01577	0.02101	0.01497	0.06596	0.01234	0.00670	0.00789	0.00227	0.01086	0.00850	0.00358	0.00877
13	0.01469	0.01451	0.02213	0.48961	0.24262	0.06587	0.01881	0.01883	0.01436	0.01849	0.01202	0.01711	0.00942	0.00651	0.00664	0.00213	0.00888	0.00585	0.00311	0.00841
14	0.28000	0.12435	0.20854	0.01632	0.04608	0.06394	0.10466	0.02147	0.03856	0.02342	0.01143	0.01347	0.00884	0.00626	0.00556	0.00201	0.00807	0.00481	0.00355	0.00866
15	0.01440	0.09448	0.50888	0.02059	0.02942	0.01686	0.18008	0.02121	0.01451	0.02083	0.01216	0.01479	0.00890	0.00615	0.00655	0.00210	0.01000	0.00553	0.00297	0.00960
16	0.00989	0.00727	0.00979	0.00957	0.01072	0.00769	0.00690	0.01153	0.01082	0.01535	0.01952	0.07051	0.02010	0.26630	0.42444	0.00828	0.01267	0.00838	0.00391	0.06638
17	0.01700	0.22814	0.17726	0.04105	0.21743	0.10898	0.05814	0.02104	0.01498	0.01914	0.01200	0.03365	0.01020	0.00651	0.00600	0.00188	0.00880	0.00536	0.00318	0.00926
18	0.03891	0.01549	0.02512	0.06137	0.59130	0.01567	0.01888	0.04005	0.04349	0.04519	0.01361	0.01695	0.01107	0.00624	0.00655	0.00199	0.00766	0.00595	0.00374	0.03076
19	0.02993	0.01170	0.01575	0.01207	0.01727	0.01028	0.00997	0.05816	0.01968	0.70085	0.02608	0.02258	0.01641	0.00830	0.00675	0.00207	0.00577	0.00672	0.00824	0.01142
20	0.01346	0.03471	0.72942	0.01912	0.02904	0.01558	0.02479	0.02125	0.01417	0.02125	0.01204	0.01417	0.00850	0.00637	0.00637	0.00212	0.00992	0.00496	0.00283	0.00992
21	0.01544	0.01793	0.06106	0.10642	0.06056	0.01666	0.57677	0.02098	0.01550	0.02103	0.01331	0.01789	0.01000	0.00581	0.00769	0.00225	0.01089	0.00753	0.00333	0.00896
22	0.00973	0.00703	0.00952	0.01097	0.01217	0.00682	0.00889	0.01208	0.01456	0.01895	0.03818	0.30590	0.08584	0.01927	0.00894	0.00291	0.00522	0.41092	0.00620	0.00590
23	0.00827	0.00590	0.00786	0.00932	0.00972	0.00558	0.00622	0.00944	0.01268	0.01694	0.03586	0.71285	0.04285	0.04727	0.03184	0.00310	0.00441	0.01839	0.00607	0.00542
24	0.01468	0.01468	0.02055	0.01762	0.01762	0.02055	0.01468	0.01615	0.01028	0.01615	0.00881	0.01468	0.00881	0.01174	0.02202	0.00294	0.75191	0.00587	0.00294	0.00734
25	0.00912	0.00680	0.00835	0.00873	0.01006	0.00629	0.00624	0.03444	0.01587	0.02114	0.24623	0.36972	0.19720	0.01751	0.00817	0.00242	0.00369	0.01547	0.00659	0.00597
26	0.06603	0.01149	0.01531	0.01179	0.01694	0.01010	0.00974	0.03210	0.01885	0.69494	0.02568	0.02229	0.01618	0.00821	0.00663	0.00208	0.00569	0.00660	0.00811	0.01123
27	0.00818	0.00584	0.00779	0.00934	0.00973	0.00545	0.00623	0.00934	0.01285	0.01713	0.03698	0.75981	0.04438	0.02102	0.00856	0.00273	0.00389	0.01908	0.00623	0.00545
28	0.01410	0.01341	0.02262	0.48055	0.28123	0.01543	0.01920	0.01832	0.01398	0.01878	0.01208	0.01735	0.00953	0.00660	0.00712	0.00217	0.02991	0.00597	0.00310	0.00856
29	0.01205	0.01240	0.04990	0.01531	0.01840	0.05675	0.17081	0.01523	0.01506	0.01928	0.03197	0.21958	0.11288	0.01462	0.00828	0.00257	0.00705	0.20576	0.00521	0.00689
30	0.03010	0.01142	0.01557	0.01194	0.01713	0.00986	0.00986	0.03270	0.01920	0.72698	0.02647	0.02284	0.01661	0.00830	0.00675	0.00208	0.00571	0.00675	0.00830	0.01142
31	0.01584	0.01810	0.03959	0.02828	0.03507	0.01697	0.69796	0.02149	0.01584	0.02149	0.01357	0.01810	0.01018	0.00566	0.00792	0.00226	0.01131	0.00792	0.00339	0.00905
32	0.01669	0.30611	0.13559	0.01624	0.02225	0.02010	0.14128	0.06143	0.13882	0.02187	0.04672	0.01729	0.01366	0.00691	0.00604	0.00191	0.00786	0.00584	0.00409	0.00930
33	0.01081	0.01038	0.03653	0.03537	0.03673	0.00935	0.17888	0.01375	0.01451	0.01941	0.07908	0.36305	0.09040	0.01501	0.00819	0.00250	0.00620	0.05772	0.00534	0.00678
34	0.01632	0.01984	0.08488	0.02802	0.10709	0.06356	0.51469	0.02158	0.01571	0.02105	0.01303	0.01718	0.00997	0.00599	0.00794	0.00221	0.03124	0.00721	0.00334	0.00915
35	0.02190	0.12332	0.02179	0.01614	0.01959	0.30963	0.01310	0.18593	0.01937	0.02252	0.01127	0.01346	0.00934	0.00811	0.00954	0.00203	0.17528	0.00498	0.00405	0.00867
36	0.06209	0.02173	0.26742	0.05014	0.12663	0.04362	0.13714	0.02061	0.03594	0.03900	0.01384	0.01734	0.01079	0.01250	0.10884	0.00333	0.01052	0.00600	0.00348	0.00904
37	0.01657	0.41166	0.04664	0.01752	0.07430	0.05397	0.14940	0.01955	0.01428	0.01769	0.01327	0.08745	0.01264	0.00752	0.00631	0.00185	0.03120	0.00631	0.00337	0.00849
38	0.68125	0.01272	0.01081	0.00934	0.01367	0.01419	0.00770	0.02189	0.01272	0.14633	0.01220	0.01289	0.00882	0.00657	0.00459	0.00208	0.00528	0.00415	0.00484	0.00796
39	0.00824	0.00681	0.00723	0.00713	0.00926	0.00580	0.00535	0.01024	0.01604	0.01989	0.19845	0.06168	0.58803	0.01634	0.00793	0.00223	0.00335	0.01375	0.00646	0.00580
40	0.01575	0.01355	0.01430	0.01301	0.01656	0.01549	0.01006	0.03282	0.63474	0.02695	0.03054	0.05585	0.07055	0.01011	0.00697	0.00229	0.00512	0.00849	0.00676	0.01007
41	0.00959	0.00719	0.01078	0.01078	0.01198	0.00839	0.00839	0.01198	0.01078	0.01558	0.01797	0.02636	0.01677	0.05032	0.73760	0.01078	0.01797	0.00719	0.00359	0.00599
42	0.00911	0.00675	0.00751	0.00732	0.00925	0.00599	0.00549	0.01154	0.01648	0.02224	0.29850	0.05402	0.38694	0.01457	0.00749	0.00212	0.00328	0.01237	0.11306	0.00599
43	0.00959	0.00717	0.01068	0.01068	0.01185	0.00833	0.00826	0.01192	0.01075	0.01550	0.01806	0.02687	0.01700	0.07101	0.71722	0.01066	0.01764	0.00726	0.00361	0.00594
44	0.01794	0.76823	0.03516	0.01148	0.01722	0.02655	0.01148	0.02009	0.01363	0.01579	0.00933	0.01076	0.00861	0.00574	0.00431	0.00144	0.00718	0.00359	0.00287	0.00861
45	0.00909	0.00688	0.00847	0.00906	0.01028	0.00655	0.00641	0.01217	0.06790	0.02040	0.20033	0.42795	0.15389	0.01777	0.00818	0.00247	0.00375	0.01580	0.00654	0.00608
46	0.00993	0.00709	0.00980	0.01135	0.01250	0.00696	0.00928	0.01237	0.01457	0.01909	0.03601	0.30506	0.04055	0.01937	0.00903	0.00297	0.00541	0.45653	0.00620	0.00593
47	0.03010	0.01142	0.01557	0.01194	0.01713	0.00986	0.00986	0.03270	0.01920	0.72698	0.02647	0.02284	0.01661	0.00830	0.00675	0.00208	0.00571	0.00675	0.00830	0.01142
48	0.02506	0.03198	0.01901	0.01729	0.02074	0.73725	0.01296	0.02679	0.01901	0.01642	0.01037	0.01210	0.00864	0.00691	0.00605	0.00173	0.01210	0.00432	0.00346	0.00778
49	0.00827	0.00595	0.00785	0.00920	0.00974	0.00552	0.00620	0.00961	0.01339	0.01792	0.09089	0.68458	0.06532	0.02034	0.00850	0.00266	0.00382	0.01839	0.00632	0.00552
50	0.03010	0.01142	0.01557	0.01194	0.01713	0.00986	0.00986	0.03270	0.01920	0.72698	0.02647	0.02284	0.01661	0.00830	0.00675	0.00208	0.00571	0.00675	0.00830	0.01142
51	0.00966	0.00670	0.00847	0.00898	0.00950	0.00677	0.00618	0.01076	0.01163	0.01560	0.04441	0.16360	0.03025	0.40708	0.10939	0.00569	0.00731	0.12825	0.00482	0.00495
52	0.01641	0.14153	0.49142	0.01693	0.02529	0.01717	0.02021	0.06778	0.04354	0.07894	0.01368	0.01492	0.00984	0.00666	0.00613	0.00202	0.00881	0.00507	0.00370	0.00997
53	0.01442	0.01412	0.02041	0.19317	0.06432	0.06876	0.14325	0.02133	0.15128	0.02221	0.14845	0.02781	0.04745	0.00889	0.00724	0.00220	0.00754	0.02402	0.00487	0.00827
54	0.48767	0.01872	0.18852	0.01266	0.01794	0.03403	0.03956	0.01966	0.01241	0.02584	0.01124	0.03214	0.00924	0.02976	0.00660	0.00227	0.03528	0.00481	0.00378	0.00786
55	0.01554	0.13470	0.21261	0.02352	0.05232	0.01814	0.38107	0.02102	0.01489	0.02042	0.01237	0.01585	0.00949	0.00605	0.00739	0.00212	0.03377	0.00639	0.00316	0.00920
56	0.00932	0.00679	0.00919	0.00959	0.01021	0.00726	0.00674	0.01073	0.01141	0.01577	0.04465	0.26439	0.02856	0.21583	0.29070	0.00669	0.03044	0.01171	0.00464	0.00539
57	0.05993	0.16280	0.08548	0.07437	0.12995	0.04510	0.01366	0.08984	0.01691	0.09370	0.07671	0.01819	0.01500	0.00712	0.00598	0.00183	0.00708	0.00567	0.00449	0.08618
58	0.01661	0.01594	0.02724	0.04119	0.72233	0.01594	0.02059	0.02059	0.01528	0.02192	0.01262	0.01661	0.01063	0.00598	0.00664	0.00199	0.00797	0.00598	0.00332	0.01063
59	0.02967	0.01211	0.01600	0.01227	0.01747	0.01089	0.01013	0.09548	0.02037	0.66256	0.02550	0.02221	0.01612	0.00828	0.00674	0.00207	0.00587	0.00668	0.00815	0.01142
60	0.01402	0.03109	0.58627	0.02222	0.09492	0.01577	0.09965	0.02121	0.01446	0.02134	0.01227	0.01484	0.00889	0.00626	0.00657	0.00213	0.00989	0.00539	0.00294	0.00989
61	0.07762	0.05120	0.02596	0.06258	0.50253	0.06177	0.06258	0.02073	0.01507	0.02170	0.01210	0.01570	0.01004	0.00603	0.00635	0.00196	0.00817	0.00566	0.00338	0.02889
62	0.00815	0.00592	0.00770	0.00913	0.00968	0.00547	0.00613	0.00937	0.01305	0.01721	0.03961	0.70077	0.10172	0.02068	0.00851	0.00269	0.00385	0.01866	0.00623	0.00547
63	0.00975	0.00653	0.00744	0.00744	0.00748	0.00657	0.00422	0.00984	0.00979	0.01310	0.02103	0.04329	0.02412	0.73889	0.05909	0.00666	0.00691	0.00967	0.00405	0.00413
64	0.01199	0.00837	0.01067	0.02674	0.03091	0.00810	0.00763	0.04202	0.06280	0.07395	0.43098	0.12066	0.11179	0.01355	0.00773	0.00219	0.00400	0.01186	0.00695	0.00714
65	0.02010	0.11352	0.11846	0.01536	0.02077	0.06761	0.05257	0.25787	0.10926	0.06882	0.04218	0.05193	0.01521	0.00826	0.00653	0.00202	0.00759	0.00663	0.00539	0.00992
66	0.00950	0.00686	0.00897	0.00844	0.01002	0.00633	0.00633	0.01266	0.01899	0.02691	0.71879	0.05012	0.06331	0.01372	0.00791	0.00211	0.00317	0.01213	0.00739	0.00633
67	0.01030	0.00757	0.01003	0.01131	0.01270	0.00755	0.00920	0.01380	0.06010	0.01965	0.03690	0.27084	0.07041	0.01857	0.00884	0.00289	0.00533	0.41151	0.00624	0.00623
68	0.01579	0.01728	0.03408	0.13619	0.14660	0.03939	0.46722	0.02088	0.01549	0.02076	0.01308	0.01764	0.01002	0.00590	0.00748	0.00220	0.01045	0.00720	0.00332	0.00903
69	0.01245	0.01149	0.01904	0.64711	0.04176	0.01422	0.01753	0.01663	0.01347	0.01734	0.01444	0.04475	0.01233	0.00821	0.00741	0.00234	0.03000	0.05887	0.00333	0.00729
70	0.00815	0.00595	0.00767	0.00905	0.00966	0.00547	0.00610	0.00938	0.01312	0.01724	0.04050	0.68097	0.12095	0.02056	0.00849	0.00267	0.00384	0.01852	0.00623	0.00547
71	0.00949	0.00695	0.00856	0.00931	0.01040	0.00669	0.00689	0.01156	0.03270	0.01778	0.06030	0.23599	0.16444	0.19038	0.01447	0.00358	0.00504	0.19418	0.00577	0.00554
72	0.10789	0.01655	0.09169	0.01449	0.01999	0.01490	0.05544	0.21519	0.06763	0.27154	0.01982	0.02051	0.01396	0.00806	0.00659	0.00212	0.00690	0.02993	0.00636	0.01043
73	0.06817	0.16631	0.10968	0.01960	0.13611	0.10965	0.06478	0.09283	0.07124	0.05701	0.03402	0.01623	0.01214	0.00688	0.00608	0.00192	0.00813	0.00552	0.00423	0.00946

[dist]
# distance from previous block
# <min> <max>
0	1

[block]
# block no. 1 follows, 32 sequences, length 22
# corresponding to MSA columns:
# 393-414
name=unknown_B
#
# <colnr> <probs for GDERKNQSTAVLIFYWHMCP>
#	G	D	E	R	K	N	Q	S	T	A	V	L	I	F	Y	W	H	M	C	P
0	0.75711	0.01429	0.01050	0.00941	0.01351	0.06508	0.00766	0.02021	0.01195	0.02916	0.00941	0.01098	0.00736	0.00628	0.00428	0.00205	0.00567	0.00368	0.00410	0.00730
1	0.01482	0.01046	0.04319	0.01108	0.01370	0.00985	0.00902	0.03994	0.07846	0.15134	0.18226	0.09654	0.08668	0.07414	0.06372	0.00326	0.05756	0.04009	0.00620	0.00770
2	0.05512	0.03527	0.05053	0.03648	0.16430	0.01406	0.05255	0.10260	0.08381	0.08028	0.04966	0.04105	0.01516	0.00733	0.00631	0.00185	0.00660	0.00634	0.00488	0.18583
3	0.01474	0.08162	0.35953	0.02304	0.09975	0.01679	0.20784	0.02069	0.01457	0.02070	0.01295	0.01730	0.01020	0.00673	0.00748	0.00217	0.04335	0.02799	0.00316	0.00941
4	0.04312	0.53381	0.10227	0.01367	0.03778	0.09282	0.01305	0.02177	0.05503	0.01774	0.01085	0.01224	0.00931	0.00614	0.00489	0.00162	0.00778	0.00410	0.00321	0.00879
5	0.01940	0.53721	0.03047	0.01300	0.01808	0.07522	0.01204	0.12930	0.01662	0.02011	0.01045	0.01202	0.00908	0.00666	0.00620	0.00167	0.06583	0.00421	0.00353	0.00890
6	0.01272	0.01185	0.01103	0.01086	0.01299	0.13038	0.00812	0.04653	0.01572	0.01936	0.05645	0.28886	0.14875	0.03539	0.00837	0.00241	0.00577	0.09062	0.00556	0.07826
7	0.01507	0.01482	0.05557	0.28233	0.35773	0.01482	0.05107	0.01930	0.01475	0.04585	0.01598	0.01991	0.04953	0.00693	0.00679	0.00211	0.00822	0.00650	0.00353	0.00917
8	0.00906	0.00695	0.00839	0.00848	0.01029	0.00628	0.00660	0.01158	0.01675	0.02200	0.32657	0.08246	0.31635	0.01605	0.00817	0.00236	0.00379	0.12519	0.00669	0.00602
9	0.00968	0.00809	0.00855	0.00876	0.01051	0.03945	0.00646	0.03236	0.01582	0.01987	0.14704	0.25458	0.34887	0.01699	0.00805	0.00238	0.00415	0.04609	0.00628	0.00600
10	0.01546	0.04857	0.02094	0.01721	0.01777	0.06051	0.01432	0.01752	0.03282	0.01652	0.00950	0.01469	0.00916	0.01113	0.01988	0.00278	0.65489	0.00574	0.00308	0.00752
11	0.00859	0.00691	0.00747	0.00765	0.00975	0.00601	0.00595	0.01062	0.01550	0.01918	0.10173	0.06379	0.55998	0.01667	0.00800	0.00234	0.00376	0.10530	0.03501	0.00580
12	0.02551	0.01879	0.02014	0.01544	0.02081	0.02081	0.01275	0.69996	0.03155	0.04229	0.01611	0.01611	0.01141	0.00805	0.00671	0.00201	0.00738	0.00604	0.00671	0.01141
13	0.01402	0.00918	0.01120	0.01091	0.01284	0.00920	0.00799	0.16118	0.01750	0.09034	0.03146	0.52835	0.03459	0.01700	0.00799	0.00251	0.00482	0.01507	0.00653	0.00731
14	0.01661	0.01594	0.02724	0.04119	0.72233	0.01594	0.02059	0.02059	0.01528	0.02192	0.01262	0.01661	0.01063	0.00598	0.00664	0.00199	0.00797	0.00598	0.00332	0.01063
15	0.00845	0.00628	0.00791	0.00888	0.00988	0.00574	0.00628	0.01010	0.01430	0.01877	0.13072	0.48224	0.18768	0.01909	0.00839	0.00257	0.00383	0.05684	0.00637	0.00565
16	0.02984	0.01185	0.01584	0.01214	0.01734	0.01050	0.01003	0.07183	0.01993	0.68683	0.02586	0.02244	0.01630	0.00829	0.00675	0.00207	0.00581	0.00671	0.00821	0.01142
17	0.01630	0.08612	0.02450	0.18349	0.19533	0.10224	0.06187	0.01940	0.01387	0.01811	0.01096	0.01541	0.00933	0.00773	0.01052	0.00223	0.20536	0.00566	0.00312	0.00844
18	0.00983	0.00795	0.00881	0.00890	0.01113	0.00750	0.00698	0.03249	0.07983	0.02029	0.07466	0.10426	0.44851	0.01644	0.00808	0.00243	0.00422	0.13498	0.00632	0.00639
19	0.01712	0.01008	0.01281	0.01120	0.01359	0.01064	0.00862	0.11585	0.01586	0.18784	0.02144	0.08654	0.01915	0.16272	0.18566	0.00505	0.05831	0.00825	0.04153	0.00775
20	0.01496	0.04888	0.24390	0.02126	0.06700	0.01630	0.21905	0.06465	0.01547	0.02192	0.05202	0.01838	0.01297	0.01027	0.05925	0.00281	0.09174	0.00657	0.00360	0.00900
21	0.01262	0.01337	0.12215	0.01431	0.05653	0.01115	0.01181	0.03612	0.04452	0.05875	0.02869	0.30929	0.08880	0.01446	0.00985	0.00252	0.11626	0.03610	0.00521	0.00750

[dist]
# distance from previous block
# <min> <max>
0	5

[block]
# block no. 2 follows, 32 sequences, length 23
# corresponding to MSA columns:
# 420-442
name=unknown_C
#
# <colnr> <probs for GDERKNQSTAVLIFYWHMCP>
#	G	D	E	R	K	N	Q	S	T	A	V	L	I	F	Y	W	H	M	C	P
0	0.06436	0.01510	0.05034	0.06170	0.29814	0.01448	0.15228	0.04779	0.04164	0.04103	0.01839	0.11028	0.03752	0.00845	0.00703	0.00218	0.00776	0.00815	0.00421	0.00918
1	0.38192	0.01697	0.09929	0.01787	0.16413	0.03914	0.01294	0.05876	0.03462	0.09805	0.01299	0.01441	0.00970	0.00661	0.00547	0.00206	0.00673	0.00486	0.00444	0.00903
2	0.01671	0.31369	0.26729	0.01781	0.07412	0.06449	0.04323	0.04355	0.01472	0.01926	0.01091	0.01316	0.00889	0.00653	0.00673	0.00188	0.06011	0.00468	0.00308	0.00917
3	0.01165	0.00936	0.01155	0.01257	0.07819	0.04272	0.00823	0.01363	0.01360	0.04166	0.08132	0.20190	0.08882	0.11937	0.14927	0.00435	0.00775	0.01071	0.00497	0.08838
4	0.04825	0.14178	0.30595	0.05703	0.04739	0.05628	0.05780	0.06854	0.01588	0.02195	0.05984	0.04221	0.03390	0.00764	0.00630	0.00202	0.00837	0.00618	0.00377	0.00893
5	0.01681	0.01731	0.05223	0.07046	0.56363	0.05929	0.01938	0.02206	0.07229	0.02184	0.01363	0.01699	0.01115	0.00634	0.00662	0.00202	0.00812	0.00597	0.00358	0.01028
6	0.07170	0.01236	0.01579	0.01218	0.01733	0.01141	0.01006	0.10952	0.02022	0.60987	0.02434	0.02141	0.01550	0.00816	0.00660	0.00207	0.00588	0.00650	0.00790	0.01119
7	0.01342	0.06655	0.40090	0.01710	0.05571	0.01360	0.04166	0.01889	0.01427	0.03607	0.03352	0.04287	0.01621	0.04896	0.02863	0.00266	0.00858	0.08989	0.04188	0.00863
8	0.01467	0.05259	0.15630	0.01762	0.02271	0.08687	0.20693	0.06533	0.01615	0.02086	0.02338	0.17758	0.08851	0.01048	0.00733	0.00223	0.00830	0.00966	0.00439	0.00813
9	0.81159	0.01298	0.00986	0.00882	0.01298	0.01505	0.00727	0.01972	0.01142	0.03010	0.00934	0.01090	0.00727	0.00623	0.00415	0.00208	0.00519	0.00363	0.00415	0.00727
10	0.00965	0.00695	0.00956	0.00956	0.01033	0.00772	0.00686	0.01119	0.01042	0.01467	0.01910	0.03258	0.01948	0.30335	0.48827	0.00927	0.01391	0.00810	0.00376	0.00531
11	0.03805	0.04535	0.17075	0.09251	0.22695	0.04169	0.09817	0.02209	0.08389	0.05058	0.01560	0.05703	0.01279	0.00734	0.00670	0.00212	0.00833	0.00668	0.00392	0.00948
12	0.01052	0.00630	0.00826	0.00826	0.00838	0.00642	0.00524	0.00957	0.00945	0.01272	0.01691	0.03243	0.01837	0.38594	0.10347	0.33515	0.00741	0.00788	0.00354	0.00379
13	0.01316	0.00797	0.00827	0.00792	0.00994	0.00839	0.00602	0.01953	0.15687	0.02577	0.07124	0.02676	0.02106	0.00849	0.00535	0.00175	0.00358	0.00693	0.58386	0.00715
14	0.00846	0.00614	0.00802	0.00925	0.00998	0.00571	0.00645	0.01000	0.01382	0.01837	0.10656	0.58777	0.10100	0.01981	0.00850	0.00265	0.00393	0.06164	0.00634	0.00560
15	0.01687	0.10392	0.23685	0.02341	0.18844	0.03399	0.11772	0.05349	0.01585	0.07039	0.01411	0.04129	0.01125	0.00679	0.00650	0.00200	0.00862	0.00609	0.00377	0.03866
16	0.06626	0.01766	0.02276	0.07872	0.20305	0.12803	0.11586	0.06795	0.08719	0.02250	0.01694	0.01944	0.05345	0.00769	0.00782	0.00213	0.06289	0.00652	0.00411	0.00902
17	0.00837	0.00623	0.00772	0.00874	0.00967	0.00570	0.00608	0.00979	0.01366	0.01772	0.07174	0.49755	0.20550	0.05481	0.00963	0.00279	0.00398	0.04864	0.00617	0.00551
18	0.04706	0.08366	0.14886	0.06801	0.11889	0.07510	0.13247	0.04057	0.05297	0.05785	0.01545	0.07175	0.01297	0.00754	0.00657	0.00205	0.00842	0.00673	0.00401	0.03906
19	0.01670	0.06307	0.19995	0.07050	0.26059	0.09347	0.01832	0.06694	0.03384	0.02176	0.01458	0.01713	0.03657	0.00698	0.00684	0.00200	0.02980	0.00571	0.00360	0.03166
20	0.01552	0.01505	0.02239	0.09361	0.23570	0.07374	0.09583	0.01854	0.01420	0.04339	0.01621	0.13885	0.01566	0.00981	0.01018	0.00234	0.15845	0.00823	0.00388	0.00842
21	0.01267	0.06180	0.01335	0.03388	0.08059	0.03421	0.00878	0.01512	0.01597	0.07563	0.22141	0.19502	0.14163	0.01325	0.00736	0.00215	0.00486	0.01153	0.00590	0.04490
22	0.01678	0.15643	0.18693	0.02261	0.21905	0.07222	0.03621	0.05704	0.01560	0.04315	0.01390	0.05071	0.01187	0.01006	0.05684	0.00256	0.00908	0.00597	0.00364	0.00934

[dist]
# distance from previous block
# <min> <max>
2	8

[block]
# block no. 3 follows, 32 sequences, length 36
# corresponding to MSA columns:
# 453-488
name=unknown_D
#
# <colnr> <probs for GDERKNQSTAVLIFYWHMCP>
#	G	D	E	R	K	N	Q	S	T	A	V	L	I	F	Y	W	H	M	C	P
0	0.01325	0.05175	0.26934	0.02062	0.17311	0.01330	0.04930	0.03330	0.01534	0.02140	0.07978	0.08571	0.09473	0.00976	0.00703	0.00218	0.00747	0.03969	0.00423	0.00872
1	0.01787	0.57712	0.14847	0.01330	0.01951	0.09209	0.01382	0.02092	0.01423	0.01675	0.00988	0.01145	0.00860	0.00596	0.00481	0.00158	0.00810	0.00388	0.00292	0.00875
2	0.03989	0.00981	0.01172	0.04163	0.01472	0.00994	0.00856	0.02097	0.16377	0.15757	0.10105	0.04009	0.21948	0.01580	0.07652	0.00306	0.00605	0.04487	0.00641	0.00807
3	0.01325	0.01259	0.05333	0.04745	0.08699	0.03964	0.05403	0.05347	0.02839	0.03982	0.08801	0.22181	0.08299	0.01331	0.00908	0.00242	0.07685	0.06384	0.00522	0.00752
4	0.03570	0.01841	0.22990	0.01706	0.08646	0.03761	0.04524	0.03446	0.05663	0.03694	0.03766	0.16304	0.07035	0.01157	0.00732	0.00234	0.00718	0.08908	0.00476	0.00828
5	0.00815	0.00592	0.00770	0.00913	0.00968	0.00547	0.00613	0.00937	0.01305	0.01721	0.03962	0.70066	0.10182	0.02068	0.00851	0.00269	0.00385	0.01866	0.00623	0.00547
6	0.01045	0.00715	0.01000	0.02748	0.01153	0.00730	0.02533	0.03489	0.01213	0.01647	0.02522	0.25860	0.06163	0.09742	0.14881	0.19212	0.00758	0.01115	0.02953	0.00521
7	0.45985	0.01255	0.01260	0.01036	0.01498	0.01313	0.00854	0.05064	0.01539	0.31787	0.01666	0.01602	0.01127	0.00715	0.00532	0.00207	0.00549	0.00501	0.00596	0.00913
8	0.00949	0.00738	0.01040	0.01074	0.01231	0.00691	0.04567	0.01180	0.01489	0.01944	0.10930	0.30693	0.17019	0.01792	0.00856	0.00266	0.00484	0.21841	0.00617	0.00600
9	0.01807	0.01444	0.01452	0.01263	0.01634	0.07333	0.00990	0.11966	0.33587	0.09662	0.09518	0.03011	0.11378	0.01018	0.00699	0.00216	0.00574	0.00832	0.00666	0.00952
10	0.01307	0.01564	0.13270	0.02206	0.22923	0.04035	0.03734	0.01644	0.01395	0.01927	0.02107	0.24466	0.02215	0.03326	0.03125	0.00273	0.05161	0.04087	0.00427	0.00806
11	0.01882	0.46419	0.10679	0.01375	0.01916	0.20299	0.01317	0.02150	0.01490	0.01654	0.01032	0.01225	0.00901	0.00832	0.04141	0.00205	0.00925	0.00410	0.00305	0.00842
12	0.01282	0.00699	0.01056	0.05133	0.04326	0.00701	0.00750	0.01138	0.01037	0.06029	0.01509	0.09032	0.01489	0.02041	0.02131	0.59549	0.00590	0.00716	0.00361	0.00431
13	0.00945	0.00705	0.00991	0.00991	0.01104	0.00786	0.00746	0.01144	0.01106	0.01545	0.02317	0.03250	0.08447	0.14949	0.56762	0.00936	0.01495	0.00822	0.00391	0.00568
14	0.30914	0.01283	0.01406	0.01123	0.01607	0.01299	0.00927	0.10560	0.01785	0.39811	0.01914	0.01779	0.01266	0.00753	0.00582	0.00207	0.00572	0.00555	0.00663	0.00993
15	0.01456	0.01471	0.02758	0.27102	0.07261	0.01575	0.29588	0.04886	0.01505	0.02024	0.01454	0.07500	0.01239	0.00777	0.00846	0.00231	0.06362	0.00778	0.00358	0.00830
16	0.01178	0.00711	0.00923	0.00951	0.01056	0.00691	0.00676	0.01310	0.01273	0.09897	0.02848	0.26641	0.03108	0.27668	0.07972	0.00469	0.00654	0.10843	0.00550	0.00582
17	0.00876	0.00633	0.00874	0.00965	0.01027	0.00604	0.02624	0.01007	0.01260	0.01708	0.03345	0.61288	0.03934	0.09177	0.04180	0.00337	0.00493	0.01690	0.03428	0.00548
18	0.00888	0.00726	0.03018	0.00959	0.01079	0.00626	0.00726	0.01073	0.01397	0.01841	0.09092	0.44446	0.14045	0.05217	0.00961	0.00282	0.00442	0.11998	0.00611	0.00574
19	0.01907	0.18797	0.16315	0.01937	0.12209	0.07180	0.03668	0.14844	0.05102	0.05701	0.01343	0.01505	0.01040	0.00702	0.00694	0.00196	0.04936	0.00531	0.00415	0.00979
20	0.03864	0.01216	0.03504	0.10827	0.04992	0.01219	0.15858	0.03196	0.04948	0.05991	0.07534	0.17091	0.02400	0.01340	0.04684	0.00284	0.03933	0.05851	0.00492	0.00777
21	0.22229	0.04636	0.08713	0.08125	0.13237	0.12828	0.02931	0.12689	0.01723	0.05211	0.01228	0.01431	0.00938	0.00668	0.00585	0.00200	0.00804	0.00502	0.00418	0.00903
22	0.01446	0.10152	0.08845	0.38113	0.16746	0.01673	0.09914	0.01901	0.01415	0.01877	0.01197	0.01653	0.00933	0.00631	0.00654	0.00209	0.00893	0.00584	0.00307	0.00859
23	0.00979	0.00740	0.00995	0.01027	0.02649	0.00760	0.00727	0.01160	0.01246	0.01732	0.09496	0.18677	0.06549	0.15974	0.25649	0.00590	0.02926	0.02655	0.00480	0.04988
24	0.04200	0.05295	0.11931	0.01749	0.11373	0.08500	0.01368	0.06362	0.15166	0.11889	0.01748	0.03493	0.01341	0.00737	0.00623	0.00191	0.00716	0.00594	0.00498	0.12227
25	0.01561	0.12529	0.43441	0.02163	0.12011	0.07752	0.07232	0.02149	0.01478	0.02025	0.01175	0.01418	0.00894	0.00623	0.00623	0.00200	0.00959	0.00509	0.00300	0.00960
26	0.07068	0.01272	0.01602	0.01235	0.01751	0.01194	0.01020	0.14184	0.02082	0.57743	0.02386	0.02110	0.01526	0.00815	0.00660	0.00207	0.00596	0.00647	0.00782	0.01120
27	0.01254	0.00998	0.01603	0.06967	0.17947	0.00994	0.05671	0.01509	0.01386	0.05761	0.02520	0.30558	0.02696	0.06914	0.04942	0.00319	0.00690	0.06043	0.00496	0.00734
28	0.03617	0.08915	0.05343	0.07623	0.20637	0.13574	0.05017	0.02265	0.10033	0.05431	0.03706	0.05600	0.03779	0.00799	0.00652	0.00202	0.00793	0.00680	0.00430	0.00903
29	0.01503	0.01141	0.01435	0.01283	0.01472	0.06170	0.04363	0.03682	0.01388	0.10034	0.02010	0.09587	0.01891	0.07712	0.16216	0.00442	0.14514	0.05167	0.09276	0.00714
30	0.00939	0.00656	0.00809	0.00878	0.00931	0.00642	0.00596	0.01039	0.01190	0.01569	0.03047	0.24880	0.07059	0.37364	0.03848	0.00475	0.00583	0.12488	0.00513	0.00494
31	0.01321	0.01627	0.14320	0.05930	0.16168	0.02649	0.10802	0.01861	0.07321	0.02131	0.08918	0.14742	0.07243	0.01035	0.00731	0.00224	0.00721	0.00952	0.00460	0.00844
32	0.01732	0.02293	0.24899	0.02587	0.19919	0.01709	0.17557	0.16427	0.01849	0.02591	0.01339	0.01608	0.01002	0.00647	0.00687	0.00210	0.00922	0.00612	0.00390	0.01021
33	0.02942	0.01252	0.01626	0.01246	0.01768	0.01150	0.01030	0.13267	0.02105	0.62440	0.02492	0.02183	0.01583	0.00827	0.00674	0.00207	0.00596	0.00664	0.00807	0.01142
34	0.01102	0.00861	0.01368	0.01249	0.01416	0.00943	0.07365	0.01348	0.01227	0.04243	0.05892	0.13544	0.02249	0.05255	0.43174	0.00739	0.06022	0.00926	0.00431	0.00645
35	0.01801	0.21210	0.18888	0.04966	0.15336	0.12420	0.06225	0.02206	0.01524	0.06039	0.01209	0.01438	0.00955	0.00642	0.00634	0.00190	0.02543	0.00507	0.00339	0.00928

[dist]
# distance from previous block
# <min> <max>
0	5

[block]
# block no. 4 follows, 32 sequences, length 11
# corresponding to MSA columns:
# 494-504
name=unknown_E
#
# <colnr> <probs for GDERKNQSTAVLIFYWHMCP>
#	G	D	E	R	K	N	Q	S	T	A	V	L	I	F	Y	W	H	M	C	P
0	0.01263	0.00836	0.01045	0.09864	0.01544	0.00806	0.00815	0.01575	0.04827	0.12145	0.06208	0.13021	0.32190	0.01403	0.00751	0.00229	0.00469	0.04893	0.05414	0.00700
1	0.01460	0.04814	0.01152	0.00973	0.01193	0.00992	0.00760	0.11508	0.01619	0.06855	0.02365	0.11138	0.02237	0.11535	0.05388	0.00319	0.00592	0.08963	0.25432	0.00705
2	0.01256	0.01285	0.09547	0.04887	0.12331	0.01058	0.05567	0.01728	0.06979	0.04570	0.13834	0.15020	0.12429	0.01166	0.00730	0.00221	0.00583	0.01039	0.04981	0.00788
3	0.05797	0.06312	0.18965	0.06860	0.23580	0.05105	0.10066	0.07787	0.05016	0.02324	0.01311	0.01583	0.01014	0.00644	0.00647	0.00205	0.00871	0.00572	0.00367	0.00973
4	0.00986	0.00803	0.01039	0.00974	0.01184	0.00769	0.04038	0.01387	0.08038	0.02181	0.26461	0.12619	0.26372	0.01762	0.06261	0.00293	0.00511	0.03037	0.00632	0.00652
5	0.01607	0.01783	0.07711	0.09331	0.14171	0.14954	0.01474	0.06824	0.01522	0.01958	0.01440	0.06501	0.01305	0.01646	0.14564	0.00380	0.10981	0.00664	0.00371	0.00813
6	0.65526	0.10776	0.06564	0.00991	0.01468	0.01651	0.00907	0.01988	0.01189	0.02769	0.00954	0.01112	0.00752	0.00618	0.00433	0.00200	0.00578	0.00372	0.00390	0.00763
7	0.01551	0.03746	0.18009	0.07554	0.11772	0.03780	0.01489	0.08977	0.01678	0.05644	0.10103	0.03940	0.01923	0.05385	0.00831	0.00227	0.00731	0.03307	0.00454	0.08899
8	0.01475	0.13482	0.16368	0.01425	0.05940	0.07982	0.01256	0.01810	0.01549	0.07276	0.13668	0.15862	0.05387	0.02699	0.00738	0.00217	0.00671	0.00911	0.00487	0.00797
9	0.01823	0.11130	0.09324	0.01907	0.10521	0.17601	0.01489	0.05127	0.13255	0.02046	0.01342	0.01563	0.01101	0.00813	0.00977	0.00215	0.17932	0.00548	0.00389	0.00897
10	0.01484	0.09940	0.53695	0.01746	0.02599	0.06269	0.02101	0.02213	0.05639	0.02088	0.01260	0.01436	0.00932	0.00644	0.00611	0.00198	0.00925	0.00489	0.00318	0.05413

[dist]
# distance from previous block
# <min> <max>
0	1

[block]
# block no. 5 follows, 32 sequences, length 37
# corresponding to MSA columns:
# 524-560
name=unknown_F
#
# <colnr> <probs for GDERKNQSTAVLIFYWHMCP>
#	G	D	E	R	K	N	Q	S	T	A	V	L	I	F	Y	W	H	M	C	P
0	0.01634	0.06278	0.15209	0.08314	0.02820	0.01575	0.28184	0.02101	0.01506	0.10670	0.01799	0.02058	0.06172	0.00759	0.00850	0.00223	0.07845	0.00709	0.00399	0.00893
1	0.12907	0.01447	0.01440	0.01243	0.01629	0.04136	0.00987	0.19762	0.27706	0.02960	0.02541	0.02501	0.09722	0.01168	0.04959	0.00265	0.00654	0.00724	0.02319	0.00930
2	0.01356	0.00780	0.01028	0.00969	0.01193	0.00711	0.00761	0.01629	0.01760	0.16415	0.35717	0.11801	0.10177	0.01434	0.00795	0.00233	0.00422	0.11381	0.00718	0.00719
3	0.01054	0.00839	0.00975	0.00963	0.01158	0.00850	0.00713	0.01659	0.17954	0.02244	0.22015	0.22038	0.18830	0.01658	0.03679	0.00268	0.00449	0.01300	0.00657	0.00697
4	0.00897	0.00731	0.01068	0.01067	0.01216	0.00670	0.07074	0.01079	0.01384	0.01793	0.04204	0.48940	0.20028	0.01850	0.00839	0.00259	0.00459	0.05255	0.00596	0.00588
5	0.00831	0.00594	0.00794	0.00950	0.00995	0.00557	0.00647	0.00958	0.01298	0.01728	0.03691	0.72425	0.04408	0.02089	0.00860	0.00274	0.00401	0.05329	0.00623	0.00549
6	0.02510	0.03102	0.01910	0.01715	0.02075	0.68537	0.01295	0.07554	0.01992	0.01829	0.01079	0.01239	0.00884	0.00700	0.00610	0.00175	0.01176	0.00445	0.00369	0.00804
7	0.01989	0.53187	0.02984	0.01319	0.01822	0.22542	0.01186	0.02259	0.04280	0.01645	0.01033	0.01170	0.00909	0.00620	0.00489	0.00155	0.00848	0.00395	0.00319	0.00846
8	0.00832	0.00615	0.00783	0.00910	0.00991	0.00565	0.00636	0.00972	0.01348	0.01752	0.04246	0.58491	0.16571	0.02012	0.00850	0.00267	0.00397	0.06585	0.00623	0.00554
9	0.51357	0.01456	0.01338	0.01104	0.01564	0.01631	0.00911	0.22153	0.01802	0.09262	0.01279	0.01345	0.00928	0.00694	0.00513	0.00206	0.00588	0.00461	0.00526	0.00884
10	0.01490	0.01159	0.01283	0.01130	0.01436	0.01251	0.00881	0.13687	0.27287	0.02929	0.26829	0.03461	0.07515	0.01093	0.00713	0.00213	0.00467	0.00922	0.05384	0.00871
11	0.01507	0.00920	0.01088	0.00972	0.01270	0.00874	0.00753	0.02032	0.13969	0.18909	0.19160	0.08226	0.25002	0.01305	0.00749	0.00221	0.00426	0.01107	0.00708	0.00803
12	0.03828	0.01083	0.01192	0.01177	0.06351	0.03087	0.00840	0.17307	0.01787	0.02761	0.01879	0.02176	0.01483	0.01239	0.08679	0.00274	0.00641	0.00616	0.42820	0.00780
13	0.01658	0.08121	0.01454	0.01081	0.01365	0.01248	0.00844	0.15579	0.06762	0.09856	0.10366	0.02824	0.02200	0.16231	0.08376	0.05508	0.00708	0.00758	0.04289	0.00772
14	0.01529	0.01542	0.05712	0.08106	0.07158	0.14805	0.01211	0.01827	0.03463	0.06968	0.04289	0.21989	0.06146	0.01242	0.00870	0.00234	0.07657	0.04010	0.00488	0.00755
15	0.01463	0.01002	0.01331	0.05422	0.07757	0.04787	0.02828	0.01679	0.01495	0.15282	0.03004	0.38994	0.04732	0.01505	0.00783	0.00246	0.00566	0.05785	0.00596	0.00743
16	0.44642	0.01967	0.16717	0.01629	0.08970	0.06912	0.06267	0.02079	0.01327	0.02576	0.01063	0.01278	0.00818	0.00624	0.00529	0.00207	0.00743	0.00451	0.00368	0.00833
17	0.01724	0.34251	0.17815	0.08337	0.12465	0.11254	0.01645	0.02101	0.01465	0.01804	0.01074	0.01313	0.00891	0.00615	0.00552	0.00177	0.00866	0.00453	0.00301	0.00897
18	0.01276	0.01112	0.03104	0.01299	0.01535	0.04576	0.06846	0.06460	0.04283	0.03635	0.02243	0.14439	0.04164	0.04984	0.33454	0.00624	0.02439	0.02367	0.00459	0.00703
19	0.01948	0.28043	0.28290	0.01469	0.02181	0.01859	0.01610	0.07967	0.01648	0.16856	0.01446	0.01497	0.01047	0.00670	0.00577	0.00187	0.00789	0.00495	0.00431	0.00991
20	0.06304	0.07935	0.23551	0.01678	0.06586	0.05443	0.03163	0.15267	0.01825	0.06355	0.06628	0.04529	0.01613	0.00944	0.02706	0.00232	0.00814	0.03036	0.00463	0.00929
21	0.06992	0.01220	0.01563	0.01212	0.01722	0.01124	0.00999	0.08618	0.04230	0.61252	0.02477	0.02174	0.01583	0.00820	0.00661	0.00208	0.00581	0.00656	0.00791	0.01118
22	0.01283	0.01472	0.10833	0.03975	0.11255	0.06303	0.03272	0.05571	0.01651	0.02135	0.10701	0.10331	0.23034	0.01225	0.00742	0.00222	0.00631	0.04088	0.00514	0.00763
23	0.05998	0.07205	0.16536	0.05534	0.14386	0.03270	0.11988	0.12334	0.03374	0.02406	0.01422	0.05782	0.01187	0.00762	0.00743	0.00213	0.04874	0.00653	0.00398	0.00936
24	0.01109	0.00852	0.01180	0.01112	0.01248	0.00983	0.02706	0.01469	0.07194	0.01747	0.01877	0.02736	0.01737	0.13543	0.42840	0.00768	0.07114	0.00740	0.08410	0.00635
25	0.00838	0.00598	0.00767	0.00894	0.00937	0.00560	0.00588	0.00941	0.01254	0.01661	0.03627	0.62867	0.07354	0.12286	0.01205	0.00322	0.00423	0.01756	0.00593	0.00527
26	0.01692	0.04081	0.08835	0.02016	0.17438	0.07142	0.03270	0.09504	0.12791	0.06165	0.02110	0.15794	0.01941	0.01015	0.00702	0.00220	0.00712	0.03136	0.00511	0.00923
27	0.01527	0.06652	0.30256	0.06443	0.23738	0.01604	0.05612	0.02195	0.07513	0.03752	0.01450	0.03750	0.01151	0.00690	0.00655	0.00209	0.00852	0.00607	0.00359	0.00984
28	0.03010	0.01142	0.01557	0.01194	0.01713	0.00986	0.00986	0.03270	0.01920	0.72698	0.02647	0.02284	0.01661	0.00830	0.00675	0.00208	0.00571	0.00675	0.00830	0.01142
29	0.01092	0.00748	0.00903	0.00936	0.02875	0.00663	0.00693	0.01301	0.01576	0.09049	0.12030	0.15121	0.39324	0.01623	0.00802	0.00238	0.00412	0.09318	0.00648	0.00647
30	0.04580	0.02386	0.33302	0.06922	0.04724	0.03374	0.06748	0.12437	0.03855	0.08914	0.03495	0.03504	0.01263	0.00742	0.00663	0.00212	0.00853	0.00616	0.00438	0.00973
31	0.00893	0.00703	0.00771	0.00789	0.00974	0.00639	0.00578	0.01179	0.05692	0.01983	0.12645	0.20451	0.42715	0.01652	0.00782	0.00231	0.00358	0.01415	0.04950	0.00602
32	0.49099	0.01228	0.01196	0.01003	0.01444	0.01303	0.00823	0.02444	0.03704	0.26840	0.03999	0.01678	0.01280	0.00729	0.00526	0.00208	0.00530	0.00512	0.00577	0.00876
33	0.01770	0.02089	0.15392	0.13521	0.32915	0.11102	0.01913	0.06069	0.01641	0.05397	0.01295	0.01601	0.01004	0.00651	0.00653	0.00202	0.00888	0.00561	0.00362	0.00973
34	0.01659	0.02030	0.15143	0.13776	0.14080	0.11194	0.09866	0.03790	0.01558	0.04848	0.04585	0.01748	0.01221	0.00724	0.00806	0.00211	0.07610	0.00603	0.00367	0.04180
35	0.07903	0.06244	0.01044	0.00934	0.01089	0.00864	0.00678	0.04380	0.01395	0.01952	0.05467	0.47438	0.10728	0.05602	0.00903	0.00267	0.00447	0.01480	0.00575	0.00609
36	0.01555	0.07177	0.20796	0.01635	0.10496	0.01278	0.01429	0.01980	0.01461	0.07926	0.01485	0.01644	0.03278	0.00618	0.00574	0.00158	0.00682	0.00501	0.00394	0.34934

[dist]
# distance from previous block
# <min> <max>
1	19

[block]
# block no. 6 follows, 32 sequences, length 55
# corresponding to MSA columns:
# 580-634
name=unknown_G
#
# <colnr> <probs for GDERKNQSTAVLIFYWHMCP>
#	G	D	E	R	K	N	Q	S	T	A	V	L	I	F	Y	W	H	M	C	P
0	0.01753	0.11911	0.19525	0.01619	0.05256	0.04051	0.03640	0.12859	0.14025	0.06073	0.06470	0.02097	0.01636	0.00850	0.00713	0.02788	0.00746	0.02545	0.00489	0.00953
1	0.01630	0.32482	0.13389	0.01554	0.02075	0.02028	0.09498	0.08199	0.01506	0.01987	0.01307	0.06446	0.01185	0.00980	0.04092	0.00238	0.09584	0.00601	0.00355	0.00864
2	0.01001	0.01048	0.11119	0.01027	0.01251	0.00735	0.00874	0.01258	0.01457	0.03977	0.20327	0.35384	0.07410	0.08713	0.01044	0.00280	0.00485	0.01386	0.00589	0.00635
3	0.44731	0.01380	0.01348	0.01101	0.01568	0.01494	0.00908	0.16588	0.01763	0.21029	0.01513	0.01504	0.01052	0.00714	0.00535	0.00206	0.00578	0.00493	0.00575	0.00920
4	0.01637	0.01141	0.01311	0.01109	0.01435	0.01157	0.00865	0.21417	0.07097	0.08343	0.20028	0.08860	0.09817	0.03979	0.00884	0.02894	0.00515	0.00953	0.00653	0.05904
5	0.00861	0.00669	0.00812	0.00846	0.01001	0.00621	0.00628	0.01058	0.01470	0.01903	0.15685	0.21371	0.33039	0.02223	0.11297	0.00361	0.00569	0.04404	0.00603	0.00579
6	0.01291	0.01224	0.01944	0.08459	0.05972	0.01481	0.09422	0.01557	0.01223	0.01744	0.01694	0.05627	0.04163	0.01923	0.16386	0.00433	0.29505	0.04866	0.00362	0.00724
7	0.01484	0.00814	0.01012	0.00889	0.01173	0.00711	0.00692	0.01735	0.01782	0.22314	0.30498	0.04718	0.26871	0.01327	0.00759	0.00215	0.00397	0.01128	0.00726	0.00756
8	0.02506	0.03198	0.01901	0.01729	0.02074	0.73725	0.01296	0.02679	0.01901	0.01642	0.01037	0.01210	0.00864	0.00691	0.00605	0.00173	0.01210	0.00432	0.00346	0.00778
9	0.00844	0.00625	0.00851	0.05476	0.01195	0.00604	0.00695	0.00983	0.01298	0.01717	0.03663	0.68746	0.06807	0.01999	0.00843	0.00268	0.00419	0.01808	0.00603	0.00558
10	0.81159	0.01298	0.00986	0.00882	0.01298	0.01505	0.00727	0.01972	0.01142	0.03010	0.00934	0.01090	0.00727	0.00623	0.00415	0.00208	0.00519	0.00363	0.00415	0.00727
11	0.01411	0.03780	0.01524	0.07150	0.04100	0.17120	0.04148	0.01715	0.04596	0.01902	0.09921	0.23241	0.07077	0.01305	0.00799	0.00230	0.03452	0.05321	0.00505	0.00701
12	0.01238	0.00734	0.00930	0.00896	0.01097	0.00655	0.00665	0.01454	0.01641	0.14484	0.25456	0.25722	0.19309	0.01563	0.00790	0.00232	0.00388	0.01367	0.00695	0.00682
13	0.00936	0.00689	0.00993	0.01019	0.01113	0.00770	0.00759	0.01131	0.01103	0.01558	0.02152	0.15283	0.02223	0.11643	0.54357	0.00899	0.01444	0.00947	0.00409	0.00571
14	0.01019	0.00692	0.00927	0.05502	0.01285	0.00661	0.00759	0.01194	0.01392	0.06558	0.03865	0.49797	0.12869	0.01848	0.00832	0.00263	0.00451	0.08860	0.00616	0.00608
15	0.01611	0.06305	0.04610	0.09112	0.27332	0.04925	0.18631	0.04503	0.01559	0.02094	0.01525	0.02060	0.03486	0.00737	0.00791	0.00216	0.05532	0.03695	0.00360	0.00914
16	0.01599	0.01872	0.11047	0.11136	0.39746	0.06006	0.11736	0.02055	0.01526	0.02085	0.01334	0.01862	0.01106	0.00659	0.00686	0.00210	0.00898	0.03137	0.00335	0.00963
17	0.54653	0.01536	0.04682	0.03434	0.15152	0.03936	0.01131	0.04620	0.01336	0.02782	0.01045	0.01256	0.00822	0.00629	0.00496	0.00205	0.00635	0.00432	0.00398	0.00821
18	0.00873	0.00635	0.00824	0.00950	0.01034	0.00596	0.00686	0.01032	0.01365	0.01788	0.05751	0.50831	0.12013	0.04866	0.00959	0.00287	0.00434	0.13901	0.00617	0.00558
19	0.01052	0.00788	0.01094	0.01176	0.03914	0.00847	0.00846	0.01294	0.03262	0.03597	0.04429	0.25588	0.05990	0.07052	0.24946	0.00553	0.05514	0.06931	0.00502	0.00626
20	0.03685	0.18322	0.21027	0.07253	0.12598	0.06786	0.01656	0.05396	0.03373	0.09234	0.03678	0.01628	0.01192	0.00683	0.00603	0.00193	0.00812	0.00535	0.00399	0.00947
21	0.01601	0.08388	0.38716	0.02120	0.08557	0.04270	0.14348	0.02188	0.01511	0.07081	0.01403	0.01774	0.01074	0.00679	0.00664	0.00210	0.00943	0.03158	0.00352	0.00960
22	0.06013	0.01181	0.01556	0.01198	0.01714	0.01056	0.00989	0.06249	0.01946	0.66893	0.02534	0.02207	0.01601	0.00821	0.00665	0.00207	0.00577	0.00660	0.00807	0.01126
23	0.01618	0.01865	0.12337	0.11803	0.46181	0.03669	0.04580	0.04001	0.03489	0.02184	0.01294	0.01657	0.01036	0.00628	0.00665	0.00205	0.00851	0.00591	0.00341	0.01004
24	0.01664	0.04589	0.09729	0.02848	0.37420	0.03188	0.04719	0.04571	0.03420	0.06249	0.03422	0.07474	0.01480	0.00803	0.00771	0.00212	0.05355	0.00709	0.00408	0.00970
25	0.01898	0.01406	0.03576	0.01258	0.01547	0.09892	0.01007	0.11913	0.01687	0.17295	0.04846	0.02380	0.01670	0.10931	0.11776	0.05335	0.07531	0.00682	0.02572	0.00800
26	0.01238	0.00629	0.00645	0.00645	0.00800	0.00635	0.00485	0.01547	0.01393	0.02460	0.02172	0.02507	0.01718	0.00968	0.03683	0.00197	0.00378	0.00629	0.76645	0.00624
27	0.08017	0.01763	0.08932	0.08211	0.20869	0.03544	0.08541	0.14538	0.08575	0.04425	0.01585	0.03539	0.01267	0.00749	0.00669	0.00213	0.00790	0.02346	0.00455	0.00973
28	0.01377	0.08004	0.23238	0.03726	0.10382	0.03565	0.05918	0.01772	0.01408	0.04521	0.04506	0.15060	0.01957	0.10421	0.01028	0.00270	0.00770	0.00858	0.00408	0.00811
29	0.49474	0.01234	0.01218	0.01009	0.01466	0.01295	0.00832	0.02498	0.01458	0.31265	0.01629	0.01574	0.01105	0.00707	0.00520	0.00208	0.00540	0.00490	0.00584	0.00895
30	0.01113	0.00738	0.03600	0.05212	0.01196	0.00679	0.00745	0.01007	0.01017	0.01358	0.01697	0.13023	0.01806	0.06471	0.02151	0.52989	0.00594	0.03842	0.00361	0.00402
