[name]
unknown

[dist]
# distance from previous block
# <min> <max>
0	17

[block]
# block no. 0 follows, 36 sequences, length 59
# corresponding to MSA columns:
# 17-43,53-84
name=unknown_A
#
# <colnr> <probs for GDERKNQSTAVLIFYWHMCP>
#	G	D	E	R	K	N	Q	S	T	A	V	L	I	F	Y	W	H	M	C	P
0	0.05711	0.05130	0.01242	0.01294	0.06226	0.00940	0.01021	0.04526	0.01449	0.01975	0.02815	0.11861	0.03025	0.01489	0.00776	0.00259	0.00572	0.48525	0.00531	0.00636
1	0.27097	0.01399	0.01471	0.07853	0.08056	0.08765	0.01049	0.07070	0.05502	0.23673	0.01526	0.01556	0.01077	0.00669	0.00544	0.00191	0.00627	0.00502	0.00506	0.00865
2	0.00901	0.00595	0.00696	0.00702	0.00741	0.00575	0.00432	0.00885	0.00992	0.01286	0.02640	0.06991	0.14921	0.47770	0.02509	0.15089	0.00532	0.00948	0.00402	0.00390
3	0.82504	0.01205	0.00916	0.00819	0.01205	0.01398	0.00675	0.01832	0.01060	0.02795	0.00868	0.01012	0.00675	0.00578	0.00386	0.00193	0.00482	0.00337	0.00386	0.00675
4	0.08621	0.52794	0.09514	0.01288	0.05748	0.06182	0.01181	0.01866	0.01286	0.01669	0.01026	0.04453	0.00945	0.00612	0.00455	0.00154	0.00690	0.00425	0.00296	0.00793
5	0.00890	0.00668	0.01001	0.01001	0.01113	0.00779	0.00779	0.01113	0.01001	0.01446	0.01669	0.02448	0.01558	0.04673	0.75634	0.01001	0.01669	0.00668	0.00334	0.00556
6	0.01292	0.01107	0.01292	0.00923	0.01477	0.00831	0.00738	0.01569	0.01292	0.02030	0.01107	0.01292	0.00923	0.00461	0.00461	0.00092	0.00461	0.00369	0.00369	0.81912
7	0.02137	0.04381	0.01699	0.01478	0.10816	0.01044	0.04995	0.02416	0.01634	0.42329	0.08348	0.02180	0.03141	0.00745	0.00615	0.00180	0.00559	0.00640	0.00609	0.10054
8	0.05848	0.09750	0.61275	0.01631	0.02469	0.01513	0.02043	0.02001	0.01317	0.05045	0.01138	0.01304	0.00816	0.00594	0.00565	0.00191	0.00857	0.00449	0.00292	0.00902
9	0.00891	0.00663	0.00980	0.00980	0.01083	0.00767	0.00752	0.01099	0.00995	0.01430	0.01689	0.02558	0.01605	0.09635	0.70738	0.00974	0.01597	0.00684	0.00337	0.00544
10	0.02179	0.19955	0.02103	0.01484	0.01853	0.59150	0.01173	0.02348	0.01653	0.01512	0.00941	0.01096	0.00802	0.00618	0.00525	0.00154	0.01021	0.00386	0.00309	0.00740
11	0.01308	0.01158	0.01525	0.06837	0.06681	0.00949	0.04075	0.01613	0.01305	0.01996	0.01119	0.01354	0.00921	0.00483	0.00496	0.00112	0.00534	0.00412	0.00356	0.66764
12	0.01899	0.01339	0.02008	0.04432	0.37781	0.01337	0.01445	0.12921	0.01763	0.19498	0.07825	0.01944	0.01549	0.00700	0.00631	0.00189	0.00646	0.00622	0.00498	0.00973
13	0.00939	0.00829	0.04098	0.01104	0.08298	0.00703	0.00773	0.01236	0.01653	0.02295	0.52380	0.04425	0.16441	0.01224	0.00717	0.00197	0.00369	0.01073	0.00613	0.00632
14	0.01363	0.01363	0.01908	0.01636	0.01636	0.01908	0.01363	0.01499	0.00954	0.01499	0.00818	0.01363	0.00818	0.01091	0.02045	0.00273	0.76963	0.00545	0.00273	0.00682
15	0.82504	0.01205	0.00916	0.00819	0.01205	0.01398	0.00675	0.01832	0.01060	0.02795	0.00868	0.01012	0.00675	0.00578	0.00386	0.00193	0.00482	0.00337	0.00386	0.00675
16	0.01232	0.01048	0.01276	0.05185	0.01576	0.00843	0.00787	0.01514	0.01300	0.01996	0.05794	0.01606	0.01277	0.00807	0.05567	0.00167	0.00553	0.00448	0.00382	0.66642
17	0.00891	0.00665	0.00991	0.00991	0.01098	0.00773	0.00766	0.01106	0.00998	0.01438	0.01679	0.02502	0.01581	0.07101	0.73238	0.00988	0.01634	0.00675	0.00335	0.00550
18	0.01692	0.75439	0.03205	0.01088	0.01612	0.05409	0.01072	0.01891	0.01286	0.01468	0.00870	0.01004	0.00800	0.00537	0.00406	0.00134	0.00685	0.00336	0.00269	0.00796
19	0.01292	0.01107	0.01292	0.00923	0.01477	0.00831	0.00738	0.01569	0.01292	0.02030	0.01107	0.01292	0.00923	0.00461	0.00461	0.00092	0.00461	0.00369	0.00369	0.81912
20	0.02743	0.01145	0.01498	0.01148	0.01633	0.01041	0.00949	0.11529	0.01924	0.65956	0.02340	0.02044	0.01483	0.00768	0.00626	0.00192	0.00549	0.00619	0.00753	0.01060
21	0.01212	0.01138	0.01887	0.69471	0.08125	0.01396	0.01711	0.01679	0.04147	0.01658	0.01169	0.01681	0.00882	0.00628	0.00623	0.00207	0.00812	0.00560	0.00293	0.00721
22	0.00895	0.00649	0.00906	0.00906	0.00985	0.00727	0.00660	0.01052	0.00973	0.01376	0.01756	0.02930	0.01767	0.26393	0.54200	0.00884	0.01354	0.00738	0.00347	0.00503
23	0.00890	0.00668	0.01001	0.01001	0.01113	0.00779	0.00779	0.01113	0.01001	0.01446	0.01669	0.02448	0.01558	0.04673	0.75634	0.01001	0.01669	0.00668	0.00334	0.00556
24	0.82504	0.01205	0.00916	0.00819	0.01205	0.01398	0.00675	0.01832	0.01060	0.02795	0.00868	0.01012	0.00675	0.00578	0.00386	0.00193	0.00482	0.00337	0.00386	0.00675
25	0.01522	0.01446	0.02393	0.03507	0.65990	0.01431	0.01788	0.01931	0.03778	0.02054	0.01212	0.01548	0.01012	0.00557	0.00605	0.00178	0.00710	0.00545	0.00324	0.07469
26	0.01666	0.01127	0.01465	0.03159	0.03854	0.00912	0.03302	0.01950	0.01420	0.19588	0.01441	0.01523	0.01073	0.00546	0.00520	0.00127	0.00517	0.00455	0.00460	0.54895
27	0.01666	0.78478	0.03265	0.01066	0.01599	0.02465	0.01066	0.01866	0.01266	0.01466	0.00866	0.00999	0.00800	0.00533	0.00400	0.00133	0.00666	0.00333	0.00267	0.00800
28	0.01500	0.01250	0.01388	0.01317	0.04756	0.01411	0.00976	0.02977	0.59169	0.04504	0.11300	0.02573	0.02344	0.00883	0.00646	0.00208	0.00480	0.00748	0.00630	0.00939
29	0.01502	0.01132	0.01368	0.01058	0.04013	0.00892	0.00811	0.03634	0.01397	0.10435	0.01275	0.01401	0.01000	0.00508	0.00490	0.00110	0.00485	0.00410	0.00420	0.67658
30	0.00874	0.00594	0.00703	0.00734	0.00746	0.00591	0.00438	0.00907	0.00971	0.01300	0.02263	0.19651	0.02628	0.58660	0.05882	0.00547	0.00600	0.01079	0.00418	0.00413
31	0.41814	0.01263	0.01199	0.01022	0.01397	0.01407	0.00821	0.19625	0.06451	0.07514	0.01501	0.08045	0.01264	0.03447	0.00609	0.00212	0.00531	0.00581	0.00503	0.00793
32	0.01442	0.11353	0.20550	0.02235	0.02922	0.01653	0.46808	0.01975	0.01409	0.01926	0.01179	0.01511	0.00891	0.00542	0.00661	0.00198	0.00973	0.00621	0.00297	0.00855
33	0.00855	0.00616	0.00809	0.00802	0.00925	0.00570	0.00586	0.01109	0.01639	0.02301	0.58531	0.20575	0.05496	0.01422	0.00748	0.00208	0.00309	0.01267	0.00662	0.00570
34	0.01542	0.01480	0.02529	0.03824	0.74217	0.01480	0.01912	0.01912	0.01419	0.02036	0.01172	0.01542	0.00987	0.00555	0.00617	0.00185	0.00740	0.00555	0.00308	0.00987
35	0.00770	0.00555	0.00729	0.00850	0.00904	0.00514	0.00575	0.00897	0.01255	0.01679	0.10098	0.68009	0.07108	0.01874	0.00787	0.00246	0.00353	0.01693	0.00588	0.00514
36	0.47530	0.01520	0.01366	0.05520	0.09574	0.11835	0.00998	0.07646	0.03011	0.04411	0.01057	0.01219	0.00817	0.00612	0.00480	0.00188	0.00637	0.00416	0.00397	0.00765
37	0.01330	0.17676	0.61122	0.01640	0.02486	0.01643	0.02065	0.01953	0.01306	0.01876	0.01070	0.01255	0.00791	0.00581	0.00555	0.00185	0.00872	0.00436	0.00264	0.00898
38	0.00769	0.00573	0.00717	0.00807	0.00894	0.00520	0.00557	0.00911	0.01310	0.01721	0.12609	0.53648	0.19109	0.01790	0.00775	0.00237	0.00344	0.01596	0.00591	0.00520
39	0.50923	0.01263	0.01235	0.01014	0.01446	0.01362	0.03948	0.08042	0.06675	0.05858	0.01167	0.01270	0.00885	0.00602	0.00462	0.00180	0.00525	0.00419	0.00436	0.12290
40	0.11091	0.01629	0.08993	0.01431	0.05035	0.04403	0.03069	0.25354	0.02008	0.28261	0.01686	0.01637	0.01144	0.00703	0.00596	0.00190	0.00662	0.00548	0.00579	0.00981
41	0.01082	0.00541	0.00812	0.00812	0.00812	0.00541	0.00541	0.00812	0.00812	0.01082	0.01082	0.01894	0.01082	0.02165	0.02435	0.81872	0.00541	0.00541	0.00271	0.00271
42	0.00831	0.00587	0.00692	0.00742	0.00786	0.00559	0.00466	0.00897	0.01096	0.01436	0.04697	0.30387	0.12624	0.39160	0.01949	0.00418	0.00473	0.01272	0.00483	0.00448
43	0.44200	0.01225	0.01186	0.01000	0.01393	0.01337	0.00818	0.16191	0.01601	0.14606	0.04372	0.05026	0.01335	0.00764	0.00518	0.00197	0.00521	0.02387	0.00522	0.00802
44	0.01177	0.01107	0.01869	0.76606	0.04291	0.01384	0.01730	0.01592	0.01246	0.01592	0.01107	0.01661	0.00831	0.00623	0.00623	0.00208	0.00831	0.00554	0.00277	0.00692
45	0.01177	0.01107	0.01869	0.76606	0.04291	0.01384	0.01730	0.01592	0.01246	0.01592	0.01107	0.01661	0.00831	0.00623	0.00623	0.00208	0.00831	0.00554	0.00277	0.00692
46	0.01958	0.06084	0.12579	0.01803	0.02285	0.43913	0.15700	0.03751	0.02935	0.01751	0.01081	0.01288	0.00855	0.00612	0.00597	0.00176	0.01039	0.00483	0.00321	0.00790
47	0.01490	0.01408	0.02379	0.03566	0.67710	0.01408	0.01803	0.01840	0.01396	0.01991	0.01301	0.01898	0.01159	0.04074	0.00742	0.00208	0.00727	0.03637	0.00323	0.00941
48	0.18100	0.01640	0.01544	0.01303	0.01676	0.10535	0.01046	0.24936	0.21363	0.02846	0.01532	0.01569	0.01161	0.00757	0.00693	0.00199	0.07164	0.00535	0.00512	0.00890
49	0.01247	0.01055	0.01233	0.00907	0.01407	0.00804	0.00711	0.01501	0.01266	0.01965	0.01257	0.04819	0.01138	0.04823	0.00626	0.00128	0.00465	0.00461	0.00379	0.73807
50	0.01564	0.01523	0.02313	0.26752	0.11232	0.07353	0.18871	0.14032	0.01665	0.02148	0.01502	0.01825	0.05037	0.00668	0.00652	0.00199	0.00843	0.00631	0.00371	0.00819
51	0.02484	0.01122	0.01446	0.01109	0.01595	0.00998	0.00910	0.06808	0.05798	0.56080	0.02213	0.01977	0.01446	0.00729	0.00603	0.00179	0.00527	0.00590	0.00697	0.12687
52	0.00947	0.00636	0.00748	0.00755	0.00873	0.00594	0.00534	0.01094	0.01295	0.04542	0.13818	0.11903	0.20455	0.25477	0.01492	0.00338	0.00438	0.07534	0.06010	0.00515
53	0.01949	0.00888	0.01182	0.01007	0.01339	0.00794	0.00812	0.02225	0.03259	0.42191	0.16867	0.08458	0.07215	0.01096	0.00690	0.00208	0.00463	0.07803	0.00707	0.00847
54	0.44223	0.01377	0.01481	0.01191	0.01630	0.06349	0.09322	0.06069	0.01430	0.19567	0.01330	0.01387	0.00941	0.00631	0.00509	0.00192	0.00616	0.00470	0.00477	0.00810
55	0.02145	0.00928	0.01235	0.01041	0.01391	0.00833	0.00832	0.04766	0.01663	0.48226	0.04570	0.17664	0.02279	0.01073	0.00668	0.00208	0.00487	0.04778	0.04326	0.00887
56	0.04599	0.00648	0.00715	0.00711	0.00863	0.00626	0.00524	0.01240	0.02813	0.02131	0.21976	0.10505	0.15835	0.06561	0.00802	0.00218	0.00342	0.02274	0.26054	0.00564
57	0.06883	0.01797	0.01809	0.01411	0.01891	0.06880	0.01157	0.63470	0.02745	0.03701	0.01424	0.01443	0.01021	0.00731	0.00606	0.00186	0.00704	0.00538	0.00589	0.01015
58	0.01177	0.01107	0.01869	0.76606	0.04291	0.01384	0.01730	0.01592	0.01246	0.01592	0.01107	0.01661	0.00831	0.00623	0.00623	0.00208	0.00831	0.00554	0.00277	0.00692

[dist]
# distance from previous block
# <min> <max>
0	10

[block]
# block no. 1 follows, 36 sequences, length 48
# corresponding to MSA columns:
# 95-142
name=unknown_B
#
# <colnr> <probs for GDERKNQSTAVLIFYWHMCP>
#	G	D	E	R	K	N	Q	S	T	A	V	L	I	F	Y	W	H	M	C	P
0	0.02760	0.01117	0.01481	0.01135	0.01619	0.01000	0.00938	0.08733	0.01878	0.68819	0.02379	0.02069	0.01503	0.00769	0.00626	0.00192	0.00543	0.00621	0.00759	0.01060
1	0.00998	0.00668	0.00923	0.00898	0.00946	0.00737	0.00645	0.00975	0.00944	0.01289	0.01825	0.02717	0.07947	0.15164	0.21175	0.32846	0.07844	0.00704	0.00332	0.00422
2	0.01082	0.00541	0.00812	0.00812	0.00812	0.00541	0.00541	0.00812	0.00812	0.01082	0.01082	0.01894	0.01082	0.02165	0.02435	0.81872	0.00541	0.00541	0.00271	0.00271
3	0.01177	0.01107	0.01869	0.76606	0.04291	0.01384	0.01730	0.01592	0.01246	0.01592	0.01107	0.01661	0.00831	0.00623	0.00623	0.00208	0.00831	0.00554	0.00277	0.00692
4	0.01056	0.00550	0.00792	0.00792	0.00792	0.00550	0.00517	0.00826	0.00826	0.01101	0.01212	0.02215	0.01256	0.13347	0.02543	0.69905	0.00550	0.00595	0.00286	0.00286
5	0.01528	0.01743	0.03148	0.09100	0.03090	0.10703	0.53444	0.01987	0.01485	0.01895	0.01307	0.01866	0.01044	0.00606	0.00710	0.00207	0.01017	0.03996	0.00325	0.00800
6	0.01318	0.01274	0.01907	0.01609	0.01668	0.01681	0.07612	0.01448	0.00997	0.01507	0.00999	0.04804	0.01001	0.01184	0.01910	0.08372	0.59155	0.00616	0.00290	0.00647
7	0.01524	0.01469	0.02467	0.03607	0.67007	0.01523	0.01858	0.01871	0.01373	0.01982	0.01137	0.01524	0.00970	0.00608	0.00759	0.00194	0.08312	0.00554	0.00305	0.00957
8	0.00909	0.00655	0.00982	0.00982	0.01083	0.00755	0.00755	0.01083	0.00982	0.01410	0.01611	0.02393	0.01510	0.04424	0.68363	0.09034	0.01557	0.00655	0.00327	0.00528
9	0.00867	0.00635	0.00808	0.00816	0.00955	0.00587	0.00620	0.01099	0.01560	0.02117	0.42062	0.12397	0.16756	0.03378	0.00857	0.02027	0.00357	0.10924	0.00624	0.00555
10	0.01220	0.01249	0.02401	0.01870	0.02199	0.01270	0.36849	0.01539	0.01284	0.01765	0.01862	0.24113	0.01918	0.04418	0.01063	0.00250	0.12625	0.01018	0.00389	0.00697
11	0.01292	0.01107	0.01292	0.00923	0.01477	0.00831	0.00738	0.01569	0.01292	0.02030	0.01107	0.01292	0.00923	0.00461	0.00461	0.00092	0.00461	0.00369	0.00369	0.81912
12	0.01397	0.01311	0.02159	0.15715	0.51102	0.01351	0.01682	0.03461	0.01418	0.01958	0.01720	0.04917	0.07664	0.00718	0.00636	0.00194	0.00701	0.00671	0.00346	0.00878
13	0.01311	0.01244	0.02111	0.49856	0.29991	0.01420	0.01797	0.01710	0.01309	0.01755	0.01131	0.01617	0.00888	0.00598	0.00621	0.00199	0.00797	0.00554	0.00288	0.00800
14	0.11090	0.01209	0.01335	0.01092	0.01499	0.03015	0.00881	0.12570	0.13218	0.25092	0.07018	0.02129	0.01706	0.00778	0.00585	0.00184	0.00521	0.02128	0.04994	0.08958
15	0.64915	0.01401	0.01078	0.00956	0.01338	0.08127	0.00772	0.05377	0.07016	0.02720	0.01041	0.01151	0.00804	0.00614	0.00433	0.00191	0.00550	0.00383	0.00411	0.00723
16	0.00998	0.00679	0.00823	0.00821	0.01009	0.00622	0.00637	0.01191	0.01406	0.08312	0.10563	0.10647	0.35769	0.04805	0.08284	0.00316	0.00521	0.11442	0.00572	0.00582
17	0.02648	0.01017	0.01368	0.01061	0.01513	0.00886	0.00872	0.02894	0.01740	0.68126	0.02420	0.02139	0.01547	0.00767	0.00609	0.00188	0.00509	0.00622	0.08056	0.01017
18	0.14590	0.01072	0.01187	0.00896	0.01372	0.00897	0.00710	0.01544	0.01211	0.02070	0.01066	0.01300	0.00897	0.00634	0.00627	0.07483	0.00472	0.00379	0.00363	0.61229
19	0.00880	0.00610	0.00719	0.00722	0.00765	0.00601	0.00450	0.00950	0.01078	0.01448	0.11622	0.09289	0.07744	0.53152	0.06968	0.00524	0.00593	0.01008	0.00442	0.00435
20	0.00893	0.00619	0.00780	0.00828	0.00872	0.00627	0.00564	0.00986	0.01052	0.01410	0.02397	0.17548	0.02712	0.42892	0.11872	0.00544	0.00695	0.11815	0.00438	0.00455
21	0.01456	0.01637	0.03435	0.02491	0.03035	0.01621	0.62314	0.01928	0.01400	0.01928	0.01200	0.01637	0.00928	0.00602	0.00914	0.00219	0.11417	0.00709	0.00309	0.00819
22	0.01048	0.00663	0.00862	0.00872	0.01028	0.00607	0.00659	0.01262	0.01507	0.09816	0.27332	0.27200	0.13005	0.01521	0.00758	0.00226	0.00378	0.10017	0.00635	0.00604
23	0.01397	0.00936	0.01118	0.01024	0.01289	0.00962	0.00806	0.05343	0.19653	0.13243	0.14390	0.07701	0.13085	0.01523	0.08142	0.00292	0.00568	0.07146	0.00616	0.00765
24	0.01157	0.00727	0.00855	0.00793	0.00951	0.00707	0.00567	0.03007	0.06008	0.08563	0.25016	0.05043	0.09173	0.23688	0.01396	0.00312	0.00430	0.00939	0.10070	0.00598
25	0.52001	0.01122	0.01077	0.00908	0.01308	0.01192	0.00745	0.02167	0.01335	0.25373	0.06230	0.01603	0.01294	0.00685	0.00485	0.00193	0.00485	0.00481	0.00527	0.00790
26	0.17158	0.01222	0.01299	0.01062	0.01436	0.01289	0.00853	0.27385	0.01913	0.16487	0.02106	0.02347	0.07854	0.08500	0.00839	0.00233	0.00555	0.02172	0.04453	0.00838
27	0.01236	0.00849	0.01085	0.01111	0.01305	0.00862	0.00936	0.10448	0.01589	0.05260	0.03041	0.05756	0.06409	0.09134	0.01043	0.00298	0.00577	0.47854	0.00570	0.00636
28	0.02733	0.00844	0.00964	0.00907	0.01146	0.00831	0.00684	0.01779	0.17546	0.12407	0.09410	0.18921	0.24863	0.03123	0.00760	0.00224	0.00404	0.01129	0.00619	0.00706
29	0.00920	0.00640	0.00738	0.00731	0.00780	0.00636	0.00456	0.01049	0.03880	0.01506	0.13430	0.05604	0.05895	0.56729	0.02493	0.00495	0.00534	0.02584	0.00452	0.00447
30	0.04655	0.00875	0.00824	0.00817	0.00883	0.08098	0.00531	0.01155	0.01058	0.01403	0.01938	0.03861	0.02148	0.57734	0.02497	0.00499	0.00638	0.07054	0.02882	0.00449
31	0.00890	0.00668	0.01001	0.01001	0.01113	0.00779	0.00779	0.01113	0.01001	0.01446	0.01669	0.02448	0.01558	0.04673	0.75634	0.01001	0.01669	0.00668	0.00334	0.00556
32	0.01019	0.00692	0.00857	0.00828	0.00992	0.00660	0.00612	0.01325	0.05862	0.07025	0.31512	0.15935	0.15476	0.06150	0.06063	0.00287	0.00450	0.01142	0.02505	0.00607
33	0.00809	0.00645	0.00711	0.00744	0.00899	0.00585	0.00539	0.01018	0.04475	0.01667	0.04920	0.21244	0.44561	0.09236	0.00994	0.00263	0.00377	0.05222	0.00561	0.00530
34	0.02332	0.02848	0.01776	0.01588	0.01927	0.68284	0.01202	0.09407	0.01881	0.01763	0.01016	0.01161	0.00828	0.00653	0.00568	0.00163	0.01080	0.00417	0.00351	0.00756
35	0.00935	0.00705	0.01043	0.02713	0.01205	0.00822	0.00811	0.02954	0.01057	0.01514	0.01652	0.02405	0.01528	0.04481	0.72014	0.00962	0.01625	0.00662	0.00340	0.00572
36	0.39258	0.01262	0.01569	0.01945	0.26837	0.01347	0.02953	0.01841	0.04358	0.02377	0.01277	0.07631	0.01138	0.00691	0.00523	0.00193	0.00577	0.00560	0.00383	0.03281
37	0.01562	0.01308	0.02142	0.31209	0.37296	0.01407	0.01713	0.04856	0.01453	0.09159	0.01289	0.01643	0.00986	0.00611	0.00620	0.00195	0.00751	0.00562	0.00356	0.00885
38	0.00810	0.00617	0.00770	0.00852	0.00975	0.00577	0.00641	0.00979	0.01299	0.01661	0.04230	0.33075	0.27589	0.02026	0.07536	0.00312	0.00504	0.14460	0.00556	0.00530
39	0.01476	0.01325	0.02156	0.21546	0.29903	0.01412	0.08546	0.09875	0.04119	0.02063	0.01370	0.01751	0.02797	0.00773	0.00798	0.07561	0.00750	0.00596	0.00353	0.00830
40	0.11452	0.08225	0.01890	0.07861	0.14936	0.01563	0.01270	0.01960	0.04685	0.13190	0.01262	0.01525	0.01004	0.00815	0.01044	0.02718	0.22881	0.00524	0.00387	0.00809
41	0.01331	0.01479	0.08380	0.01589	0.01698	0.01763	0.01395	0.01607	0.04464	0.01608	0.01057	0.01670	0.01004	0.01184	0.04361	0.00289	0.60768	0.03341	0.00303	0.00709
42	0.04000	0.04465	0.02164	0.41253	0.11136	0.06717	0.11000	0.01893	0.01375	0.08309	0.01229	0.01607	0.00919	0.00612	0.00617	0.00197	0.00827	0.00558	0.00336	0.00783
43	0.01898	0.02220	0.01846	0.17924	0.05230	0.43627	0.04153	0.03747	0.05017	0.01671	0.01132	0.01455	0.00931	0.03353	0.00725	0.00196	0.03312	0.00494	0.00333	0.00738
44	0.00973	0.00734	0.01040	0.01030	0.01165	0.00842	0.00804	0.03688	0.04549	0.01612	0.01844	0.05624	0.01745	0.04119	0.63277	0.00875	0.01480	0.03627	0.00378	0.00593
45	0.05353	0.01530	0.07731	0.18460	0.48397	0.01470	0.01819	0.04292	0.01411	0.02042	0.01151	0.01523	0.00927	0.00580	0.00605	0.00191	0.00758	0.00537	0.00313	0.00909
46	0.04214	0.00848	0.04590	0.04649	0.01357	0.00866	0.00892	0.01222	0.01041	0.01553	0.01564	0.02258	0.01428	0.03972	0.62806	0.00861	0.01503	0.00629	0.00331	0.03418
47	0.01336	0.01320	0.01857	0.05190	0.01725	0.01831	0.01341	0.01480	0.00966	0.01492	0.00878	0.01486	0.00877	0.04162	0.02022	0.00283	0.70247	0.00560	0.00277	0.00670

[dist]
# distance from previous block
# <min> <max>
0	36

# created by:
# /home/cegg/simao/soft/augustus-3.2.1/scripts/msa2prfl.pl ./align_prep/EOG090W0JS6.fa
