[name]
unknown

[dist]
# distance from previous block
# <min> <max>
11	227

[block]
# block no. 0 follows, 27 sequences, length 45
# corresponding to MSA columns:
# 255-299
name=unknown_A
#
# <colnr> <probs for GDERKNQSTAVLIFYWHMCP>
#	G	D	E	R	K	N	Q	S	T	A	V	L	I	F	Y	W	H	M	C	P
0	0.06396	0.01752	0.02342	0.06051	0.12907	0.01828	0.07807	0.25653	0.08267	0.11261	0.01842	0.01951	0.01342	0.00799	0.00727	0.00222	0.00805	0.00681	0.00610	0.06756
1	0.01656	0.06189	0.05554	0.12745	0.06204	0.04394	0.01296	0.06348	0.03461	0.09368	0.11944	0.17554	0.05332	0.01398	0.03000	0.00273	0.00735	0.01079	0.00592	0.00879
2	0.01596	0.01466	0.03765	0.11163	0.05671	0.08214	0.04023	0.04206	0.03946	0.05628	0.05356	0.09147	0.06607	0.16067	0.03369	0.00364	0.04804	0.00956	0.00505	0.03145
3	0.05034	0.06542	0.18635	0.04377	0.09850	0.08336	0.01530	0.01979	0.01562	0.04516	0.02253	0.12487	0.06111	0.09997	0.01101	0.00290	0.00831	0.00897	0.00453	0.03219
4	0.02106	0.01420	0.01873	0.01684	0.08144	0.01394	0.05573	0.19851	0.02329	0.16727	0.12612	0.03461	0.14513	0.01115	0.00788	0.00228	0.00658	0.00950	0.00708	0.03864
5	0.01864	0.06172	0.23382	0.01629	0.02329	0.01431	0.05736	0.04339	0.03903	0.14931	0.02301	0.04746	0.05329	0.00937	0.00729	0.00221	0.00801	0.05250	0.00536	0.13435
6	0.04296	0.11639	0.04265	0.04260	0.09813	0.07696	0.01311	0.14171	0.02069	0.05241	0.13008	0.05391	0.02283	0.00928	0.00697	0.00204	0.00738	0.00753	0.00551	0.10685
7	0.02059	0.24086	0.08738	0.01475	0.02031	0.06252	0.01345	0.16992	0.12209	0.04947	0.04236	0.05322	0.05390	0.00945	0.00676	0.00213	0.00770	0.00727	0.00556	0.01033
8	0.01096	0.00808	0.00934	0.00914	0.01136	0.00734	0.00680	0.01434	0.05468	0.05354	0.24888	0.15816	0.34518	0.01745	0.00874	0.00252	0.00399	0.01502	0.00741	0.00704
9	0.06356	0.03415	0.31999	0.05026	0.02818	0.31715	0.03834	0.02589	0.01785	0.02155	0.01240	0.01478	0.00947	0.00730	0.00682	0.00217	0.01173	0.00524	0.00354	0.00964
10	0.01726	0.12840	0.20243	0.18328	0.15968	0.01886	0.11105	0.02276	0.01614	0.05167	0.01392	0.01759	0.01063	0.00693	0.00711	0.00226	0.00989	0.00627	0.00363	0.01024
11	0.01804	0.01557	0.01638	0.01477	0.01889	0.01792	0.01148	0.03817	0.65002	0.03057	0.03221	0.02964	0.05223	0.01046	0.00761	0.00252	0.00578	0.00872	0.00752	0.01151
12	0.00932	0.00754	0.00828	0.00810	0.01036	0.00650	0.00607	0.01172	0.01822	0.02313	0.26946	0.06638	0.49361	0.01765	0.00877	0.00245	0.00368	0.01496	0.00730	0.00650
13	0.01995	0.21838	0.14952	0.06784	0.16801	0.02008	0.05243	0.02427	0.01637	0.12369	0.01490	0.01721	0.01145	0.00748	0.00785	0.00218	0.05765	0.00593	0.00423	0.01058
14	0.01570	0.03308	0.51672	0.02524	0.09195	0.01757	0.14802	0.02350	0.01613	0.02363	0.01370	0.01674	0.00997	0.00686	0.00740	0.00237	0.01107	0.00621	0.00330	0.01086
15	0.01051	0.00759	0.00992	0.00934	0.01109	0.00700	0.00700	0.01401	0.02101	0.02977	0.68888	0.05545	0.07005	0.01518	0.00876	0.00233	0.00350	0.01343	0.00817	0.00700
16	0.01562	0.02988	0.41906	0.02425	0.03342	0.01724	0.26247	0.02308	0.01666	0.02396	0.05168	0.01951	0.01348	0.00721	0.00778	0.00241	0.01113	0.00714	0.00365	0.01040
17	0.06320	0.01867	0.08246	0.25468	0.12173	0.09055	0.03802	0.05275	0.01772	0.13069	0.01703	0.05057	0.01322	0.00829	0.00728	0.00234	0.00918	0.00701	0.00476	0.00984
18	0.00999	0.00827	0.01126	0.01113	0.01323	0.00747	0.05666	0.01224	0.01612	0.02030	0.05429	0.28292	0.33609	0.01955	0.00922	0.00281	0.00505	0.11020	0.00665	0.00656
19	0.00939	0.00699	0.00882	0.01008	0.01118	0.00642	0.00724	0.01114	0.01539	0.01994	0.06853	0.48278	0.19418	0.02166	0.00939	0.00293	0.00447	0.09633	0.00692	0.00621
20	0.06492	0.01931	0.07643	0.08992	0.12797	0.06410	0.14311	0.09770	0.01936	0.15202	0.01763	0.04001	0.01331	0.00817	0.00806	0.00236	0.03257	0.00726	0.00521	0.01058
21	0.06055	0.06633	0.05145	0.11042	0.12624	0.06393	0.15237	0.07599	0.01874	0.09580	0.05953	0.05175	0.01694	0.00845	0.00748	0.00231	0.00905	0.00774	0.00496	0.00998
22	0.02229	0.35213	0.02934	0.05548	0.02243	0.29693	0.01414	0.02456	0.01707	0.01787	0.01088	0.01335	0.00958	0.00757	0.00758	0.00193	0.07981	0.00468	0.00345	0.00895
23	0.01647	0.01448	0.04626	0.01183	0.01835	0.01082	0.00992	0.05337	0.01660	0.04891	0.01491	0.03925	0.01251	0.00645	0.00587	0.00132	0.00587	0.00522	0.00475	0.65683
24	0.02175	0.08267	0.10204	0.01956	0.08423	0.04459	0.04433	0.17863	0.14551	0.09918	0.02006	0.05164	0.01569	0.00920	0.00819	0.00234	0.04600	0.00736	0.00588	0.01113
25	0.00903	0.00653	0.00854	0.01016	0.01072	0.00604	0.00681	0.01036	0.01439	0.01902	0.04310	0.69205	0.08990	0.02297	0.00943	0.00298	0.00427	0.02076	0.00689	0.00604
26	0.01539	0.01319	0.01539	0.01100	0.01759	0.00990	0.00880	0.01869	0.01539	0.02419	0.01319	0.01539	0.01100	0.00550	0.00550	0.00110	0.00550	0.00440	0.00440	0.78449
27	0.01444	0.01379	0.02334	0.62816	0.07157	0.01701	0.04315	0.01920	0.01479	0.01926	0.01307	0.01952	0.01000	0.00771	0.00855	0.00251	0.05552	0.00667	0.00332	0.00843
28	0.00904	0.00646	0.00861	0.01034	0.01077	0.00603	0.00689	0.01034	0.01421	0.01895	0.04092	0.73426	0.04910	0.02326	0.00948	0.00301	0.00431	0.02110	0.00689	0.00603
29	0.02193	0.01767	0.01874	0.01581	0.02062	0.02008	0.01259	0.26275	0.45043	0.03664	0.02581	0.02419	0.01910	0.00966	0.00751	0.00241	0.00669	0.00779	0.00751	0.01206
30	0.01421	0.01339	0.02261	0.69199	0.07893	0.01654	0.02071	0.01913	0.01493	0.01920	0.01323	0.01973	0.00998	0.00739	0.00742	0.00246	0.00985	0.00660	0.00331	0.00840
31	0.41856	0.01944	0.11964	0.03987	0.02187	0.04250	0.07461	0.04375	0.04479	0.07290	0.01370	0.01552	0.01018	0.00742	0.00647	0.00235	0.02709	0.00537	0.00470	0.00930
32	0.01547	0.12086	0.62326	0.02017	0.03060	0.01866	0.02571	0.02336	0.01560	0.02280	0.01297	0.01523	0.00942	0.00697	0.00679	0.00226	0.01062	0.00531	0.00314	0.01080
33	0.00915	0.00764	0.00804	0.00824	0.01065	0.00653	0.00638	0.01120	0.01694	0.02031	0.07102	0.07288	0.61442	0.01900	0.00895	0.00261	0.00412	0.08872	0.00689	0.00633
34	0.01097	0.01434	0.16701	0.01234	0.01590	0.00906	0.01174	0.01481	0.01717	0.02372	0.24410	0.24352	0.12081	0.01633	0.00865	0.00261	0.00564	0.04730	0.00644	0.00754
35	0.02080	0.26063	0.22205	0.01840	0.02571	0.13289	0.08076	0.08896	0.01865	0.04722	0.01325	0.01507	0.01029	0.00711	0.00648	0.00204	0.01009	0.00539	0.00396	0.01026
36	0.00893	0.00691	0.00815	0.00915	0.01045	0.00613	0.00636	0.01047	0.01536	0.01942	0.05541	0.45405	0.31995	0.02137	0.00918	0.00280	0.00408	0.01881	0.00689	0.00613
37	0.00969	0.00725	0.00909	0.00972	0.01095	0.00694	0.00697	0.01151	0.01491	0.01958	0.10013	0.28994	0.20539	0.10316	0.12209	0.00470	0.00698	0.04857	0.00629	0.00615
38	0.01656	0.02950	0.39228	0.02025	0.02805	0.08359	0.10974	0.05822	0.01680	0.02303	0.01504	0.02019	0.01215	0.07843	0.06105	0.00347	0.01156	0.00661	0.00371	0.00979
39	0.02434	0.14121	0.06289	0.02240	0.12788	0.45836	0.01614	0.02709	0.01918	0.01931	0.01179	0.01407	0.00989	0.00726	0.00652	0.00193	0.01170	0.00498	0.00366	0.00937
40	0.00936	0.00754	0.00834	0.00814	0.01039	0.00652	0.00610	0.01179	0.01831	0.02335	0.28357	0.06601	0.47936	0.01757	0.00877	0.00245	0.00367	0.01491	0.00733	0.00652
41	0.01777	0.01561	0.01834	0.12690	0.05966	0.01811	0.01371	0.03538	0.54087	0.02881	0.02671	0.02597	0.02010	0.00948	0.00752	0.00249	0.00666	0.00802	0.00669	0.01120
42	0.02125	0.01964	0.05459	0.22536	0.19439	0.10016	0.03798	0.14608	0.02057	0.08567	0.01553	0.01862	0.01159	0.00764	0.00735	0.00227	0.00953	0.00649	0.00476	0.01054
43	0.01731	0.06197	0.24499	0.04353	0.13683	0.01784	0.07543	0.09387	0.11148	0.02646	0.02197	0.02347	0.07481	0.00859	0.00741	0.00233	0.00888	0.00738	0.00472	0.01072
44	0.04887	0.35958	0.18451	0.01727	0.06017	0.06727	0.01663	0.09354	0.01803	0.05328	0.01294	0.01446	0.01030	0.00703	0.00596	0.00194	0.00890	0.00497	0.00401	0.01034

[dist]
# distance from previous block
# <min> <max>
0	68

[block]
# block no. 1 follows, 27 sequences, length 18
# corresponding to MSA columns:
# 372-389
name=unknown_B
#
# <colnr> <probs for GDERKNQSTAVLIFYWHMCP>
#	G	D	E	R	K	N	Q	S	T	A	V	L	I	F	Y	W	H	M	C	P
0	0.08782	0.01413	0.02144	0.49434	0.11663	0.01687	0.01863	0.02210	0.09368	0.02234	0.01503	0.01985	0.01145	0.00760	0.00716	0.00243	0.00891	0.00657	0.00397	0.00904
1	0.02212	0.07338	0.11933	0.02145	0.14052	0.03465	0.06867	0.04928	0.04895	0.21493	0.04856	0.02122	0.01606	0.00789	0.00715	0.00214	0.00808	0.00680	0.00570	0.08313
2	0.01676	0.17245	0.14404	0.16358	0.06161	0.07462	0.04702	0.02231	0.06193	0.02110	0.01877	0.04434	0.04950	0.00866	0.00694	0.00220	0.00895	0.02632	0.00409	0.04481
3	0.12521	0.09866	0.01988	0.01479	0.01820	0.06669	0.01224	0.17714	0.01852	0.02685	0.01464	0.01876	0.01249	0.02124	0.19399	0.00487	0.13595	0.00618	0.00468	0.00901
4	0.01746	0.08554	0.08624	0.02165	0.07772	0.01639	0.20731	0.05136	0.06362	0.06161	0.02363	0.03241	0.05719	0.00987	0.00796	0.00242	0.00884	0.10896	0.00508	0.05471
5	0.01555	0.01657	0.07904	0.37858	0.23689	0.01611	0.02042	0.02044	0.01559	0.02153	0.01343	0.01851	0.01054	0.00692	0.00714	0.00222	0.00914	0.00625	0.00353	0.10158
6	0.02879	0.01600	0.04845	0.01444	0.02042	0.01453	0.01229	0.18574	0.06933	0.41120	0.02459	0.02243	0.01630	0.00879	0.00728	0.00220	0.00687	0.00701	0.00800	0.07536
7	0.00919	0.00661	0.00858	0.01000	0.01059	0.00615	0.00669	0.01055	0.01449	0.01926	0.07157	0.62683	0.08595	0.06227	0.01097	0.00319	0.00440	0.01987	0.00682	0.00600
8	0.01234	0.00915	0.01206	0.01318	0.01506	0.00936	0.01106	0.01765	0.09569	0.02357	0.09128	0.13568	0.04317	0.01909	0.00974	0.00319	0.00621	0.45813	0.00704	0.00736
9	0.01012	0.00729	0.00958	0.00960	0.01101	0.00675	0.00697	0.01304	0.01922	0.02691	0.51771	0.23476	0.06451	0.01731	0.00895	0.00251	0.00371	0.01545	0.00783	0.00675
10	0.01051	0.00759	0.00992	0.00934	0.01109	0.00700	0.00700	0.01401	0.02101	0.02977	0.68888	0.05545	0.07005	0.01518	0.00876	0.00233	0.00350	0.01343	0.00817	0.00700
11	0.00991	0.00708	0.00961	0.01133	0.01214	0.00678	0.00840	0.01184	0.01507	0.01992	0.04044	0.54093	0.04720	0.02244	0.00971	0.00313	0.00506	0.20588	0.00687	0.00627
12	0.01539	0.01319	0.01539	0.01100	0.01759	0.00990	0.00880	0.01869	0.01539	0.02419	0.01319	0.01539	0.01100	0.00550	0.00550	0.00110	0.00550	0.00440	0.00440	0.78449
13	0.01067	0.00765	0.01035	0.01030	0.01118	0.00831	0.00733	0.01244	0.01237	0.01738	0.08378	0.03866	0.02643	0.29955	0.40058	0.00932	0.01375	0.00950	0.00456	0.00589
14	0.02262	0.02377	0.02307	0.02199	0.10441	0.25657	0.06779	0.10780	0.20272	0.02637	0.01790	0.01918	0.01396	0.00853	0.00827	0.00228	0.05045	0.00665	0.00523	0.01043
15	0.09278	0.01399	0.01578	0.01255	0.01800	0.01330	0.01004	0.05025	0.18713	0.16482	0.04042	0.02149	0.01698	0.00795	0.00650	0.00189	0.00582	0.00635	0.00641	0.30754
16	0.07515	0.16361	0.02512	0.12558	0.12846	0.19704	0.01556	0.07825	0.08049	0.02369	0.01408	0.01643	0.01131	0.00748	0.00652	0.00209	0.00943	0.00562	0.00429	0.00980
17	0.15826	0.21473	0.06601	0.01570	0.02087	0.31240	0.01352	0.05412	0.04301	0.02270	0.01207	0.01364	0.00990	0.00729	0.00591	0.00196	0.00997	0.00470	0.00404	0.00919

[dist]
# distance from previous block
# <min> <max>
0	3

[block]
# block no. 2 follows, 27 sequences, length 24
# corresponding to MSA columns:
# 393-416
name=unknown_C
#
# <colnr> <probs for GDERKNQSTAVLIFYWHMCP>
#	G	D	E	R	K	N	Q	S	T	A	V	L	I	F	Y	W	H	M	C	P
0	0.07326	0.14077	0.28586	0.01869	0.04797	0.04653	0.05004	0.10926	0.08011	0.02709	0.04190	0.01803	0.01359	0.00775	0.00676	0.00221	0.00908	0.00606	0.00450	0.01056
1	0.08926	0.07947	0.02111	0.01717	0.02149	0.43274	0.01351	0.14453	0.02221	0.02487	0.01427	0.01855	0.01214	0.00856	0.00675	0.00208	0.01099	0.04637	0.00470	0.00925
2	0.00912	0.00701	0.00838	0.00932	0.01068	0.00627	0.00661	0.01083	0.01570	0.02001	0.08405	0.41721	0.30093	0.02103	0.00920	0.00280	0.00416	0.04353	0.00695	0.00620
3	0.01724	0.04693	0.14821	0.05779	0.17561	0.01854	0.35229	0.02386	0.04097	0.02370	0.01483	0.01894	0.01136	0.00665	0.00795	0.00238	0.01098	0.00750	0.00374	0.01052
4	0.01730	0.22922	0.42329	0.01823	0.02696	0.06146	0.02134	0.02483	0.07049	0.02216	0.01378	0.01550	0.01054	0.00714	0.00645	0.00213	0.00986	0.00527	0.00355	0.01050
5	0.00919	0.00667	0.00872	0.01030	0.01098	0.00620	0.00709	0.01066	0.01461	0.01923	0.04365	0.64132	0.10149	0.02273	0.00946	0.00300	0.00441	0.05731	0.00689	0.00610
6	0.01063	0.00785	0.01139	0.01139	0.01253	0.00899	0.00861	0.01291	0.01177	0.01683	0.02038	0.03189	0.01974	0.15178	0.61520	0.01127	0.01810	0.00835	0.00405	0.00633
7	0.01923	0.01755	0.01714	0.01544	0.01960	0.07536	0.01196	0.03864	0.62516	0.02999	0.02867	0.02652	0.02158	0.00987	0.00748	0.00247	0.00649	0.00810	0.00725	0.01149
8	0.01624	0.01552	0.02631	0.27458	0.31280	0.01673	0.08039	0.02219	0.07065	0.02262	0.01672	0.06199	0.01416	0.00813	0.00765	0.00240	0.00903	0.00781	0.00406	0.01004
9	0.01639	0.01380	0.01845	0.01359	0.01992	0.01119	0.08035	0.02071	0.04287	0.05469	0.01606	0.02011	0.01335	0.00665	0.00625	0.00147	0.00637	0.03572	0.00479	0.59728
10	0.01539	0.01319	0.01539	0.01100	0.01759	0.00990	0.00880	0.01869	0.01539	0.02419	0.01319	0.01539	0.01100	0.00550	0.00550	0.00110	0.00550	0.00440	0.00440	0.78449
11	0.01042	0.00802	0.01034	0.05698	0.01406	0.00761	0.00824	0.01347	0.01866	0.02493	0.36116	0.09369	0.22403	0.01674	0.00891	0.00257	0.00450	0.10158	0.00726	0.00682
12	0.01575	0.01317	0.01441	0.01320	0.01657	0.01466	0.01015	0.03088	0.46385	0.02988	0.19899	0.06340	0.05911	0.01218	0.00797	0.00249	0.00514	0.01041	0.00766	0.01014
13	0.01662	0.02007	0.12412	0.16185	0.24869	0.01825	0.17013	0.02180	0.01582	0.02228	0.01346	0.01838	0.01072	0.00752	0.00972	0.00247	0.09751	0.00693	0.00350	0.01015
14	0.00961	0.00752	0.00863	0.00875	0.01070	0.00667	0.00655	0.01191	0.01752	0.02247	0.23191	0.11900	0.38936	0.05329	0.01035	0.00280	0.00415	0.06526	0.00712	0.00641
15	0.00957	0.00750	0.00866	0.00847	0.01054	0.00659	0.00632	0.01216	0.01866	0.02441	0.35215	0.09435	0.37937	0.01736	0.00880	0.00245	0.00367	0.01490	0.00747	0.00659
16	0.24927	0.16741	0.04199	0.01354	0.01934	0.04216	0.04955	0.05424	0.03826	0.13597	0.01519	0.01601	0.01139	0.00716	0.00583	0.00199	0.00720	0.00523	0.00513	0.11315
17	0.08626	0.30375	0.08505	0.01436	0.02027	0.08969	0.01343	0.06225	0.06088	0.14513	0.01696	0.01895	0.01331	0.00803	0.00617	0.00204	0.00811	0.03005	0.00510	0.01021
18	0.01753	0.05166	0.22589	0.01671	0.02276	0.08629	0.03816	0.11084	0.08681	0.02536	0.02075	0.05472	0.04782	0.04191	0.08156	0.00345	0.01012	0.00754	0.00482	0.04533
19	0.05574	0.04709	0.11334	0.01427	0.01979	0.01549	0.01292	0.12163	0.16245	0.08260	0.08433	0.05077	0.02130	0.01116	0.03433	0.00253	0.00725	0.00760	0.00613	0.12928
20	0.01823	0.01621	0.03939	0.01329	0.01728	0.07546	0.01065	0.19211	0.11697	0.03003	0.13942	0.03434	0.10183	0.08859	0.01083	0.00274	0.00679	0.00914	0.00649	0.07020
21	0.02022	0.07675	0.07971	0.02126	0.15172	0.04941	0.01551	0.10215	0.10608	0.08188	0.01770	0.02050	0.01404	0.00835	0.00821	0.00215	0.06184	0.02554	0.00519	0.13179
22	0.01637	0.07049	0.07773	0.08133	0.10387	0.05652	0.04378	0.04529	0.09501	0.02330	0.01984	0.12885	0.01834	0.01196	0.04080	0.00263	0.00836	0.00844	0.00480	0.14228
23	0.05501	0.01665	0.02091	0.07723	0.10927	0.09238	0.07887	0.02543	0.10691	0.11008	0.04301	0.06963	0.01792	0.00882	0.00723	0.00216	0.00790	0.00772	0.00543	0.13744

[dist]
# distance from previous block
# <min> <max>
69	975

[block]
# block no. 3 follows, 27 sequences, length 11
# corresponding to MSA columns:
# 1602-1612
name=unknown_D
#
# <colnr> <probs for GDERKNQSTAVLIFYWHMCP>
#	G	D	E	R	K	N	Q	S	T	A	V	L	I	F	Y	W	H	M	C	P
0	0.01092	0.00863	0.01298	0.01200	0.01336	0.00846	0.08429	0.01253	0.01315	0.01760	0.03035	0.24625	0.07233	0.30039	0.11776	0.00577	0.00852	0.01351	0.00519	0.00601
1	0.01234	0.01393	0.09921	0.01958	0.10422	0.01096	0.12176	0.01572	0.01528	0.02097	0.02990	0.43893	0.03334	0.01639	0.00880	0.00275	0.00704	0.01535	0.00551	0.00801
2	0.02224	0.02258	0.18915	0.02038	0.07948	0.09662	0.08845	0.05498	0.01891	0.21789	0.02119	0.09814	0.01692	0.00948	0.00763	0.00236	0.00905	0.00820	0.00568	0.01066
3	0.06549	0.01406	0.01790	0.13252	0.13182	0.01533	0.01322	0.14270	0.10397	0.02692	0.02576	0.03108	0.10106	0.13194	0.01251	0.00317	0.00739	0.00854	0.00542	0.00921
4	0.01049	0.00739	0.00878	0.00870	0.00940	0.00734	0.00560	0.01152	0.01297	0.01739	0.11319	0.04954	0.10981	0.47002	0.12135	0.00667	0.00804	0.01132	0.00518	0.00531
5	0.40889	0.09746	0.09786	0.01436	0.05626	0.01777	0.01235	0.07419	0.01525	0.02896	0.01272	0.01547	0.01028	0.01317	0.09443	0.00343	0.00877	0.00505	0.00437	0.00896
6	0.01482	0.00968	0.01315	0.01240	0.01456	0.00933	0.04560	0.08711	0.01746	0.10790	0.03556	0.45778	0.06079	0.06361	0.01070	0.00305	0.00562	0.01624	0.00691	0.00773
7	0.16807	0.01307	0.05850	0.09724	0.02122	0.01211	0.09319	0.01712	0.03213	0.02364	0.05598	0.18334	0.16927	0.01335	0.00779	0.00255	0.00660	0.01165	0.00543	0.00774
8	0.01801	0.07803	0.16288	0.04561	0.03656	0.03159	0.01457	0.09371	0.06391	0.08172	0.13657	0.02564	0.03813	0.00905	0.00708	0.00207	0.00730	0.00737	0.00561	0.13460
9	0.04831	0.17508	0.05666	0.05997	0.02278	0.20102	0.04405	0.04817	0.03341	0.05689	0.01440	0.01716	0.01176	0.01331	0.09523	0.00318	0.01095	0.00558	0.00422	0.07785
10	0.06475	0.09266	0.09898	0.07613	0.03481	0.07264	0.01396	0.08023	0.06800	0.06842	0.10595	0.03198	0.04628	0.01055	0.00739	0.00234	0.00767	0.08258	0.00564	0.02905

[dist]
# distance from previous block
# <min> <max>
14	94

[block]
# block no. 4 follows, 27 sequences, length 13
# corresponding to MSA columns:
# 1711-1723
name=unknown_E
#
# <colnr> <probs for GDERKNQSTAVLIFYWHMCP>
#	G	D	E	R	K	N	Q	S	T	A	V	L	I	F	Y	W	H	M	C	P
0	0.01673	0.01464	0.08408	0.01429	0.05208	0.04497	0.01165	0.02145	0.06090	0.12935	0.18196	0.07113	0.09883	0.01226	0.00789	0.00230	0.00619	0.05991	0.00658	0.10280
1	0.05010	0.00914	0.01232	0.04004	0.01492	0.00920	0.03750	0.03979	0.01700	0.02379	0.20466	0.17630	0.08153	0.09259	0.05911	0.00378	0.00660	0.10829	0.00640	0.00693
2	0.01685	0.08886	0.01845	0.01356	0.05069	0.04765	0.01034	0.06429	0.04880	0.02544	0.08296	0.02223	0.04721	0.00773	0.00627	0.00157	0.00623	0.00621	0.00504	0.42961
3	0.04945	0.21083	0.05257	0.01548	0.05217	0.04261	0.03213	0.09974	0.06575	0.06038	0.06464	0.06620	0.01893	0.01214	0.05410	0.00270	0.00819	0.00724	0.00518	0.07954
4	0.09852	0.26090	0.08503	0.03360	0.05928	0.13516	0.12495	0.02346	0.01639	0.02168	0.01203	0.01463	0.00991	0.00663	0.00618	0.00194	0.00953	0.00527	0.00365	0.07126
5	0.01286	0.01186	0.05200	0.11711	0.08207	0.01118	0.04619	0.01668	0.01617	0.02167	0.06398	0.09785	0.03185	0.04774	0.05084	0.00364	0.00837	0.29473	0.00552	0.00770
6	0.01815	0.01786	0.09392	0.09168	0.30078	0.01545	0.06257	0.02363	0.04942	0.08458	0.01748	0.02289	0.01418	0.00778	0.00737	0.00221	0.00846	0.04411	0.00456	0.11292
7	0.15671	0.03541	0.07363	0.01973	0.13154	0.06613	0.03591	0.10751	0.03333	0.10509	0.08657	0.04530	0.02041	0.00950	0.00716	0.00233	0.00768	0.04034	0.00571	0.01000
8	0.01419	0.18143	0.08769	0.01162	0.01606	0.01427	0.01071	0.06050	0.01852	0.02459	0.21867	0.07075	0.16898	0.01239	0.00740	0.00214	0.00582	0.01022	0.00589	0.05816
9	0.08957	0.00826	0.01064	0.10382	0.01643	0.00855	0.00876	0.01282	0.01456	0.02093	0.06285	0.50265	0.07500	0.01893	0.00864	0.00281	0.00513	0.01684	0.00624	0.00658
10	0.05181	0.08955	0.27941	0.04524	0.16990	0.01723	0.02009	0.02631	0.05243	0.15288	0.01703	0.01838	0.01231	0.00747	0.00693	0.00225	0.00882	0.00610	0.00472	0.01116
11	0.01977	0.15629	0.24897	0.01748	0.02438	0.20284	0.01762	0.02712	0.12236	0.02227	0.01498	0.01629	0.01168	0.00746	0.00653	0.00204	0.00990	0.00542	0.00411	0.06247
12	0.01281	0.00889	0.01222	0.01476	0.10155	0.00822	0.00932	0.01490	0.01603	0.08930	0.04400	0.38817	0.18823	0.01849	0.00886	0.00273	0.00509	0.04220	0.00670	0.00755

[dist]
# distance from previous block
# <min> <max>
1	132

[block]
# block no. 5 follows, 27 sequences, length 10
# corresponding to MSA columns:
# 1874-1883
name=unknown_F
#
# <colnr> <probs for GDERKNQSTAVLIFYWHMCP>
#	G	D	E	R	K	N	Q	S	T	A	V	L	I	F	Y	W	H	M	C	P
0	0.13567	0.01840	0.10184	0.05204	0.16818	0.07892	0.05706	0.02147	0.01610	0.06649	0.02024	0.10345	0.03523	0.01287	0.05169	0.00301	0.00912	0.03423	0.00471	0.00927
1	0.08898	0.01494	0.01851	0.01525	0.01807	0.01752	0.01251	0.09053	0.01608	0.02527	0.08310	0.01996	0.01656	0.01043	0.01455	0.00244	0.33282	0.00652	0.00463	0.19132
2	0.01551	0.01272	0.01243	0.01112	0.01405	0.09371	0.00855	0.08929	0.02144	0.06929	0.32021	0.04874	0.22555	0.01420	0.00828	0.00232	0.00547	0.01188	0.00727	0.00797
3	0.08607	0.00997	0.01092	0.01005	0.01151	0.01067	0.00683	0.10950	0.01468	0.02130	0.02093	0.03828	0.02208	0.48011	0.11141	0.00658	0.00874	0.00921	0.00488	0.00629
4	0.02473	0.02330	0.06705	0.06785	0.16459	0.21715	0.05375	0.10133	0.02088	0.16254	0.01679	0.01829	0.01228	0.00776	0.00726	0.00218	0.00997	0.00631	0.00522	0.01076
5	0.01935	0.01384	0.01894	0.01372	0.02024	0.01110	0.08251	0.02289	0.01685	0.16411	0.01674	0.01796	0.01256	0.00635	0.00627	0.00150	0.00645	0.00552	0.00532	0.53776
6	0.04592	0.01710	0.02023	0.02085	0.13858	0.09360	0.04051	0.06838	0.13288	0.05981	0.05322	0.02763	0.09802	0.01197	0.03270	0.00276	0.11246	0.00818	0.00547	0.00975
7	0.01771	0.14594	0.17182	0.05641	0.23839	0.01892	0.05248	0.08187	0.01840	0.02538	0.08724	0.02083	0.01721	0.00783	0.00708	0.00217	0.00872	0.00678	0.00430	0.01053
8	0.04380	0.01358	0.04448	0.05409	0.12286	0.03285	0.01279	0.02048	0.08286	0.07057	0.04497	0.05196	0.11668	0.02140	0.17143	0.00460	0.04049	0.00883	0.00522	0.03605
9	0.01928	0.18502	0.04651	0.05034	0.10306	0.03864	0.05323	0.09047	0.05326	0.09450	0.08076	0.02808	0.10699	0.00963	0.00715	0.00217	0.00750	0.00800	0.00550	0.00991

[dist]
# distance from previous block
# <min> <max>
7	139

[block]
# block no. 6 follows, 27 sequences, length 8
# corresponding to MSA columns:
# 2057-2064
name=unknown_G
#
# <colnr> <probs for GDERKNQSTAVLIFYWHMCP>
#	G	D	E	R	K	N	Q	S	T	A	V	L	I	F	Y	W	H	M	C	P
0	0.02133	0.08888	0.06241	0.05841	0.06225	0.14139	0.12454	0.06374	0.01869	0.13287	0.01962	0.11694	0.01707	0.00981	0.00798	0.00232	0.02831	0.00847	0.00518	0.00975
1	0.05003	0.21500	0.05544	0.07694	0.09054	0.07942	0.04292	0.06637	0.11709	0.05531	0.03078	0.01836	0.01378	0.00762	0.00651	0.00205	0.00830	0.00602	0.00475	0.05275
2	0.28098	0.01748	0.02002	0.08288	0.02383	0.10938	0.13062	0.02348	0.04656	0.06394	0.01905	0.02093	0.06580	0.00808	0.00661	0.00225	0.00827	0.00660	0.00478	0.05847
3	0.01705	0.07464	0.08215	0.01266	0.01893	0.01290	0.01135	0.02247	0.08308	0.07996	0.02006	0.02285	0.04523	0.00777	0.00632	0.00167	0.00630	0.03430	0.00512	0.43518
4	0.02258	0.40711	0.06637	0.01495	0.02076	0.17536	0.01368	0.04895	0.07154	0.07493	0.01414	0.01500	0.01142	0.00729	0.00585	0.00186	0.00901	0.00496	0.00430	0.00994
5	0.02015	0.01242	0.01708	0.01307	0.01829	0.01047	0.06196	0.02312	0.01670	0.23150	0.02086	0.05369	0.01688	0.07990	0.04833	0.00284	0.00722	0.00722	0.00593	0.33238
6	0.01247	0.01098	0.05098	0.01436	0.04645	0.00900	0.07001	0.01518	0.01583	0.05830	0.07293	0.40119	0.09650	0.01699	0.00865	0.00262	0.00574	0.01544	0.00625	0.07013
7	0.01825	0.08852	0.11774	0.01820	0.08535	0.09629	0.01476	0.13843	0.01834	0.02403	0.01554	0.02010	0.01314	0.02268	0.20811	0.06836	0.01240	0.00637	0.00431	0.00908

[dist]
# distance from previous block
# <min> <max>
7	18

[block]
# block no. 7 follows, 27 sequences, length 13
# corresponding to MSA columns:
# 2084-2096
name=unknown_H
#
# <colnr> <probs for GDERKNQSTAVLIFYWHMCP>
#	G	D	E	R	K	N	Q	S	T	A	V	L	I	F	Y	W	H	M	C	P
0	0.02233	0.02726	0.07604	0.01856	0.06251	0.40495	0.01416	0.02650	0.07445	0.04456	0.02150	0.05818	0.07380	0.03320	0.00819	0.00231	0.01051	0.00733	0.00471	0.00894
1	0.01682	0.12964	0.35689	0.02649	0.19120	0.01923	0.07720	0.02393	0.04742	0.02322	0.01400	0.01674	0.01078	0.00692	0.00697	0.00223	0.00991	0.00596	0.00353	0.01092
2	0.01503	0.01482	0.04755	0.01201	0.01517	0.11168	0.00964	0.06985	0.04759	0.02686	0.33239	0.04272	0.11733	0.05775	0.00986	0.00254	0.00614	0.01070	0.00665	0.04373
3	0.01731	0.01656	0.02822	0.21018	0.53647	0.01736	0.02226	0.02185	0.01640	0.02297	0.01378	0.01872	0.01131	0.00681	0.00737	0.00227	0.00908	0.00661	0.00358	0.01090
4	0.01471	0.01390	0.02352	0.61364	0.15333	0.01668	0.02096	0.01958	0.01517	0.01981	0.01332	0.01957	0.01019	0.00729	0.00741	0.00243	0.00972	0.00660	0.00336	0.00881
5	0.01732	0.01930	0.04101	0.08650	0.09270	0.01850	0.56324	0.02332	0.01726	0.02344	0.01479	0.01987	0.01120	0.00638	0.00854	0.00248	0.01201	0.00842	0.00371	0.01002
6	0.02118	0.04739	0.08752	0.07957	0.04944	0.06220	0.23243	0.18251	0.07735	0.06089	0.01694	0.01924	0.01247	0.00763	0.00771	0.00233	0.01005	0.00723	0.00512	0.01080
7	0.01900	0.07309	0.16861	0.01878	0.02525	0.11913	0.13659	0.09000	0.01933	0.04675	0.07492	0.05306	0.01776	0.00849	0.00730	0.00213	0.00938	0.00737	0.00476	0.09830
8	0.02012	0.13443	0.08821	0.02044	0.09657	0.08285	0.09112	0.10622	0.10427	0.04754	0.01713	0.04232	0.01384	0.00793	0.00693	0.00208	0.00867	0.00669	0.00491	0.09775
9	0.02030	0.06434	0.04552	0.03770	0.06448	0.08501	0.03302	0.15069	0.22818	0.02936	0.02080	0.02123	0.03244	0.00840	0.00699	0.00210	0.00774	0.00677	0.00576	0.12917
10	0.02028	0.05289	0.13792	0.08554	0.02482	0.06041	0.01545	0.16797	0.15618	0.07439	0.08459	0.02321	0.01945	0.00900	0.00729	0.00226	0.00800	0.00721	0.00597	0.03717
11	0.01863	0.01958	0.12033	0.01804	0.07529	0.06795	0.03801	0.09473	0.19000	0.06836	0.08071	0.04746	0.08163	0.01025	0.00761	0.00233	0.00752	0.00859	0.00611	0.03688
12	0.04650	0.07623	0.11807	0.01647	0.04153	0.03304	0.03774	0.15772	0.13655	0.07906	0.07380	0.05056	0.01976	0.00921	0.00716	0.00220	0.00748	0.00753	0.00600	0.07338

[dist]
# distance from previous block
# <min> <max>
2	156

[block]
# block no. 8 follows, 27 sequences, length 22
# corresponding to MSA columns:
# 2268-2289
name=unknown_I
#
# <colnr> <probs for GDERKNQSTAVLIFYWHMCP>
#	G	D	E	R	K	N	Q	S	T	A	V	L	I	F	Y	W	H	M	C	P
0	0.02186	0.04170	0.09112	0.01557	0.02112	0.01839	0.01368	0.28734	0.18726	0.07434	0.07501	0.04771	0.02076	0.00979	0.00744	0.00229	0.00717	0.00788	0.00689	0.04268
1	0.01934	0.04267	0.07660	0.01587	0.02099	0.08829	0.04639	0.08021	0.31034	0.05590	0.04997	0.02664	0.06507	0.00961	0.00738	0.00228	0.00743	0.00790	0.00629	0.06082
2	0.01993	0.06587	0.06399	0.01480	0.02016	0.01807	0.01263	0.16469	0.31500	0.05312	0.04460	0.02441	0.03910	0.00923	0.00713	0.00220	0.00666	0.00741	0.00662	0.10438
3	0.01846	0.09734	0.21344	0.01535	0.02191	0.01676	0.01562	0.15093	0.07299	0.07088	0.02715	0.02937	0.11843	0.01013	0.00729	0.00226	0.00773	0.04021	0.00558	0.05816
4	0.02143	0.07412	0.19460	0.05000	0.06827	0.01955	0.01752	0.21624	0.15364	0.08219	0.01903	0.01951	0.01384	0.00830	0.00717	0.00229	0.00839	0.00658	0.00577	0.01157
5	0.05330	0.14029	0.06356	0.01393	0.01999	0.06180	0.01226	0.14437	0.05920	0.09575	0.03816	0.01805	0.01411	0.00753	0.00630	0.00182	0.00730	0.00567	0.00544	0.23118
6	0.05171	0.01670	0.07657	0.15984	0.07368	0.03928	0.05677	0.08581	0.04265	0.13859	0.04019	0.03060	0.01892	0.00997	0.00777	0.00248	0.00835	0.10494	0.00566	0.02950
7	0.17015	0.13298	0.02290	0.01598	0.02113	0.16323	0.05717	0.15279	0.12016	0.05213	0.01600	0.01679	0.01226	0.00787	0.00644	0.00214	0.00864	0.00579	0.00531	0.01013
8	0.09603	0.04486	0.01575	0.01160	0.01667	0.01227	0.00943	0.08641	0.01947	0.17902	0.14532	0.02710	0.05092	0.00918	0.00675	0.00191	0.00564	0.00740	0.00654	0.24775
9	0.07970	0.02347	0.02119	0.06328	0.02425	0.19242	0.01418	0.42261	0.02862	0.03693	0.01543	0.01646	0.01137	0.00836	0.00705	0.00217	0.00941	0.00602	0.00607	0.01103
10	0.00951	0.00744	0.00969	0.01007	0.01144	0.00675	0.03265	0.01116	0.01516	0.01954	0.07577	0.41432	0.24355	0.08291	0.01165	0.00317	0.00468	0.01773	0.00661	0.00617
11	0.02019	0.16878	0.22142	0.01859	0.08023	0.01845	0.01741	0.08638	0.06571	0.12893	0.03979	0.02375	0.01651	0.00880	0.00703	0.00225	0.00831	0.05140	0.00526	0.01080
12	0.05085	0.45027	0.05002	0.01206	0.01723	0.02166	0.01123	0.02195	0.01541	0.10710	0.04482	0.02135	0.01598	0.12015	0.01045	0.00263	0.00743	0.00595	0.00444	0.00903
13	0.00978	0.00653	0.00835	0.00981	0.01044	0.00617	0.00663	0.01141	0.01442	0.02030	0.03834	0.62529	0.04446	0.02100	0.00881	0.00282	0.00418	0.01892	0.12616	0.00617
14	0.02123	0.02889	0.38999	0.01821	0.02660	0.05196	0.02037	0.12536	0.02013	0.16817	0.01974	0.02013	0.03899	0.00829	0.00725	0.00230	0.00940	0.00646	0.00525	0.01127
15	0.02226	0.33972	0.17560	0.01589	0.02275	0.12883	0.01602	0.06985	0.01827	0.10670	0.01406	0.01504	0.01083	0.00724	0.00608	0.00194	0.00925	0.00505	0.00432	0.01030
16	0.02522	0.01875	0.02000	0.01561	0.02102	0.02044	0.01280	0.56666	0.03213	0.04266	0.02667	0.02609	0.11705	0.01044	0.00763	0.00227	0.00749	0.00807	0.00734	0.01164
17	0.01198	0.00855	0.00944	0.00918	0.00983	0.00893	0.00562	0.01521	0.11390	0.01696	0.02444	0.04536	0.02632	0.62668	0.03312	0.00648	0.00699	0.01043	0.00497	0.00562
18	0.67114	0.01325	0.01048	0.00951	0.01339	0.01520	0.00749	0.02012	0.01235	0.03039	0.01235	0.01769	0.01096	0.11981	0.00971	0.00305	0.00597	0.00506	0.00458	0.00749
19	0.50956	0.01636	0.01540	0.01627	0.12018	0.06388	0.01100	0.04024	0.01481	0.03020	0.01151	0.01367	0.00918	0.00680	0.00535	0.00212	0.00678	0.00459	0.00446	0.09763
20	0.07305	0.11685	0.05662	0.01524	0.02070	0.04939	0.03419	0.21165	0.11951	0.10072	0.06533	0.02300	0.01837	0.00903	0.00700	0.00220	0.00751	0.02487	0.00629	0.03848
21	0.06310	0.03948	0.08588	0.01465	0.01992	0.09060	0.01266	0.06332	0.25341	0.09579	0.04607	0.02462	0.05230	0.00917	0.00702	0.00219	0.00719	0.00724	0.00620	0.09919

[dist]
# distance from previous block
# <min> <max>
0	12

[block]
# block no. 9 follows, 27 sequences, length 24
# corresponding to MSA columns:
# 2302-2315,2319-2326,2331,2332
name=unknown_J
#
# <colnr> <probs for GDERKNQSTAVLIFYWHMCP>
#	G	D	E	R	K	N	Q	S	T	A	V	L	I	F	Y	W	H	M	C	P
0	0.01412	0.01090	0.01302	0.01257	0.03543	0.01039	0.00902	0.02064	0.16874	0.05739	0.03376	0.29614	0.08643	0.01464	0.00792	0.00237	0.00513	0.01284	0.00650	0.18208
1	0.01677	0.01422	0.01607	0.01226	0.01827	0.01255	0.00975	0.05709	0.16972	0.02694	0.01736	0.01836	0.01377	0.00673	0.00607	0.00149	0.00572	0.00544	0.00528	0.56611
2	0.01708	0.01726	0.08413	0.03844	0.02171	0.01508	0.03324	0.05162	0.28563	0.02755	0.02034	0.02080	0.01561	0.00772	0.00672	0.00193	0.00665	0.00642	0.00561	0.31646
3	0.01853	0.01514	0.01970	0.15674	0.13670	0.04579	0.01453	0.04828	0.11670	0.09165	0.05322	0.02368	0.01738	0.00828	0.00712	0.00209	0.00744	0.02576	0.00536	0.18592
4	0.01499	0.01397	0.02255	0.49164	0.15741	0.01565	0.01913	0.01959	0.01529	0.02071	0.01333	0.01885	0.01039	0.00698	0.00711	0.00221	0.00901	0.00625	0.00354	0.13140
5	0.01664	0.01548	0.02442	0.17771	0.37206	0.01526	0.01847	0.02086	0.01606	0.02313	0.01359	0.01785	0.01116	0.00648	0.00685	0.00196	0.00813	0.00600	0.00380	0.22411
6	0.02540	0.02833	0.02011	0.01780	0.02202	0.43541	0.01364	0.12070	0.19328	0.02547	0.01720	0.01770	0.01338	0.00845	0.00702	0.00211	0.01072	0.00598	0.00529	0.00998
7	0.79154	0.01436	0.01091	0.00976	0.01436	0.01665	0.00804	0.02182	0.01263	0.03331	0.01034	0.01206	0.00804	0.00689	0.00459	0.00230	0.00574	0.00402	0.00459	0.00804
8	0.01009	0.00690	0.00830	0.00899	0.00917	0.00673	0.00546	0.01061	0.01216	0.01622	0.03041	0.32328	0.03585	0.45231	0.02644	0.00552	0.00604	0.01493	0.00546	0.00511
9	0.01062	0.00791	0.01169	0.01169	0.01294	0.00915	0.00898	0.01310	0.01186	0.01706	0.02010	0.03036	0.01908	0.09778	0.66829	0.01164	0.01910	0.00813	0.00401	0.00650
10	0.01120	0.00772	0.00961	0.00944	0.00967	0.00827	0.00605	0.01148	0.01093	0.01493	0.02128	0.04162	0.02358	0.53064	0.15017	0.06898	0.04548	0.00976	0.00425	0.00494
11	0.00927	0.00662	0.00888	0.01060	0.01113	0.00623	0.00729	0.01073	0.01444	0.01921	0.04079	0.68302	0.04860	0.02304	0.00954	0.00305	0.00451	0.07007	0.00689	0.00609
12	0.01509	0.00832	0.01103	0.01046	0.01258	0.00756	0.00771	0.01756	0.01836	0.17338	0.29928	0.27110	0.04973	0.05033	0.01006	0.00278	0.00456	0.01450	0.00781	0.00781
13	0.01985	0.74357	0.03890	0.01270	0.01905	0.02937	0.01270	0.02223	0.01508	0.01747	0.01032	0.01191	0.00953	0.00635	0.00476	0.00159	0.00794	0.00397	0.00318	0.00953
14	0.01289	0.00645	0.00967	0.00967	0.00967	0.00645	0.00645	0.00967	0.00967	0.01289	0.01289	0.02257	0.01289	0.02579	0.02901	0.78401	0.00645	0.00645	0.00322	0.00322
15	0.02773	0.03538	0.02104	0.01913	0.02295	0.70930	0.01434	0.02964	0.02104	0.01817	0.01148	0.01339	0.00956	0.00765	0.00669	0.00191	0.01339	0.00478	0.00383	0.00861
16	0.02432	0.01886	0.02008	0.01629	0.02153	0.02120	0.01317	0.41661	0.29269	0.04049	0.02278	0.02177	0.01664	0.00938	0.00748	0.00234	0.00725	0.00737	0.00748	0.01228
17	0.01080	0.00720	0.00810	0.00810	0.00810	0.00720	0.00450	0.01080	0.01080	0.01439	0.02339	0.04858	0.02699	0.73910	0.03779	0.00720	0.00720	0.01080	0.00450	0.00450
18	0.00904	0.00646	0.00861	0.01034	0.01077	0.00603	0.00689	0.01034	0.01421	0.01895	0.04092	0.73426	0.04910	0.02326	0.00948	0.00301	0.00431	0.02110	0.00689	0.00603
19	0.01638	0.14571	0.49476	0.05205	0.03094	0.05153	0.06355	0.02341	0.01591	0.02213	0.01287	0.01544	0.00957	0.00694	0.00680	0.00223	0.01066	0.00547	0.00322	0.01045
20	0.01023	0.00751	0.00959	0.00922	0.01096	0.00686	0.00686	0.01342	0.02014	0.02805	0.58274	0.10154	0.13303	0.01608	0.00880	0.00240	0.00358	0.01416	0.00796	0.00686
21	0.62201	0.17455	0.01706	0.01041	0.01539	0.01945	0.00906	0.02191	0.01317	0.02983	0.01033	0.01203	0.00837	0.00677	0.00463	0.00214	0.00623	0.00401	0.00428	0.00837
22	0.01791	0.33317	0.26667	0.01623	0.02351	0.06723	0.01759	0.02439	0.08662	0.02117	0.01516	0.05240	0.01294	0.00796	0.00624	0.00205	0.00895	0.00592	0.00386	0.01003
23	0.20606	0.29066	0.14273	0.01747	0.02441	0.02195	0.15749	0.02268	0.01512	0.02370	0.01185	0.01435	0.00953	0.00658	0.00598	0.00209	0.00891	0.00529	0.00364	0.00951

[dist]
# distance from previous block
# <min> <max>
1	2

[block]
# block no. 10 follows, 27 sequences, length 20
# corresponding to MSA columns:
# 2336-2355
name=unknown_K
#
# <colnr> <probs for GDERKNQSTAVLIFYWHMCP>
#	G	D	E	R	K	N	Q	S	T	A	V	L	I	F	Y	W	H	M	C	P
0	0.01950	0.17959	0.14459	0.14644	0.11954	0.13750	0.01835	0.06362	0.06165	0.02251	0.01382	0.01651	0.01094	0.00732	0.00666	0.00212	0.00974	0.00566	0.00392	0.01003
1	0.01720	0.01689	0.02978	0.17282	0.38392	0.01722	0.13916	0.02260	0.04106	0.02337	0.01457	0.01913	0.01166	0.00677	0.00753	0.00226	0.00941	0.00695	0.00380	0.05388
2	0.01032	0.00758	0.00966	0.00914	0.01098	0.00692	0.00686	0.01365	0.02057	0.02872	0.62260	0.05718	0.13698	0.01557	0.00876	0.00235	0.00353	0.01367	0.00803	0.00692
3	0.02190	0.10019	0.02049	0.01728	0.05685	0.39748	0.01270	0.04442	0.02048	0.02199	0.16492	0.02506	0.04704	0.00956	0.00709	0.00202	0.00986	0.00717	0.00494	0.00857
4	0.00930	0.00693	0.00866	0.00951	0.01068	0.00629	0.00665	0.01120	0.01627	0.02153	0.18871	0.44450	0.19153	0.02055	0.00917	0.00276	0.00401	0.01827	0.00717	0.00629
5	0.01708	0.01721	0.02171	0.53350	0.04337	0.12663	0.01876	0.04921	0.06095	0.02081	0.01425	0.01922	0.01081	0.00770	0.00732	0.00238	0.01011	0.00643	0.00384	0.00872
6	0.01047	0.00706	0.00819	0.00851	0.00859	0.00698	0.00494	0.01071	0.01142	0.01523	0.02661	0.17440	0.03105	0.60775	0.03259	0.00643	0.00667	0.01269	0.00494	0.00478
7	0.02356	0.02166	0.12168	0.07241	0.02887	0.06385	0.15861	0.19029	0.04847	0.16760	0.01865	0.01977	0.01304	0.00797	0.00763	0.00233	0.00952	0.00706	0.00583	0.01119
8	0.01539	0.01319	0.01539	0.01100	0.01759	0.00990	0.00880	0.01869	0.01539	0.02419	0.01319	0.01539	0.01100	0.00550	0.00550	0.00110	0.00550	0.00440	0.00440	0.78449
9	0.01772	0.01728	0.02972	0.10694	0.49219	0.01803	0.08635	0.02280	0.04151	0.02350	0.01432	0.01888	0.01180	0.00723	0.00869	0.00235	0.05903	0.00689	0.00376	0.01099
10	0.01580	0.00918	0.01118	0.01003	0.01301	0.00823	0.00773	0.04481	0.01957	0.18129	0.23337	0.11878	0.26673	0.01556	0.00848	0.00245	0.00452	0.01328	0.00781	0.00820
11	0.79154	0.01436	0.01091	0.00976	0.01436	0.01665	0.00804	0.02182	0.01263	0.03331	0.01034	0.01206	0.00804	0.00689	0.00459	0.00230	0.00574	0.00402	0.00459	0.00804
12	0.02078	0.65956	0.03678	0.01346	0.01952	0.11003	0.01290	0.02311	0.01579	0.01755	0.01046	0.01208	0.00953	0.00651	0.00499	0.00163	0.00859	0.00407	0.00325	0.00942
13	0.04659	0.01392	0.01744	0.12430	0.05619	0.01237	0.01163	0.05855	0.01646	0.02511	0.01340	0.01625	0.01084	0.00612	0.00597	0.00148	0.00652	0.00498	0.00438	0.54750
14	0.02018	0.01800	0.02510	0.19834	0.23151	0.06614	0.06110	0.12526	0.09587	0.05985	0.01689	0.01981	0.01283	0.00774	0.00746	0.00231	0.00908	0.00688	0.00490	0.01074
15	0.01590	0.04710	0.01941	0.35598	0.03351	0.15138	0.01574	0.01936	0.01594	0.01884	0.01883	0.12372	0.01812	0.01388	0.05649	0.00312	0.01021	0.05045	0.00419	0.00785
16	0.01080	0.00720	0.00810	0.00810	0.00810	0.00720	0.00450	0.01080	0.01080	0.01439	0.02339	0.04858	0.02699	0.73910	0.03779	0.00720	0.00720	0.01080	0.00450	0.00450
17	0.00926	0.00694	0.00866	0.00964	0.01067	0.00652	0.00667	0.01076	0.01443	0.01874	0.04623	0.44336	0.20781	0.07332	0.08673	0.00413	0.00604	0.01761	0.00642	0.00605
18	0.01880	0.01719	0.05509	0.01308	0.01960	0.06085	0.01106	0.11210	0.01880	0.05565	0.01442	0.01603	0.01135	0.00637	0.00602	0.00144	0.00676	0.00494	0.00492	0.54551
19	0.01032	0.00758	0.00966	0.00914	0.01098	0.00692	0.00686	0.01365	0.02057	0.02872	0.62235	0.05719	0.13723	0.01557	0.00876	0.00235	0.00353	0.01367	0.00803	0.00692

[dist]
# distance from previous block
# <min> <max>
0	171

# created by:
# /home/cegg/simao/soft/augustus-3.2.1/scripts/msa2prfl.pl ./align_prep/EOG090W00TA.fa
