[name]
unknown

[dist]
# distance from previous block
# <min> <max>
0	35

[block]
# block no. 0 follows, 31 sequences, length 122
# corresponding to MSA columns:
# 37-70,142-210,246-264
name=unknown_A
#
# <colnr> <probs for GDERKNQSTAVLIFYWHMCP>
#	G	D	E	R	K	N	Q	S	T	A	V	L	I	F	Y	W	H	M	C	P
0	0.04054	0.01064	0.01267	0.01085	0.01417	0.01057	0.00864	0.12839	0.05985	0.20215	0.21172	0.06191	0.05195	0.01108	0.00709	0.00214	0.00491	0.03846	0.10350	0.00878
1	0.01404	0.01012	0.01285	0.03654	0.04528	0.02910	0.03181	0.10192	0.01574	0.06122	0.04954	0.19027	0.07054	0.14716	0.05463	0.07309	0.00674	0.01062	0.03197	0.00682
2	0.11642	0.01274	0.01584	0.03687	0.01839	0.01225	0.01039	0.09983	0.04644	0.52308	0.02347	0.02113	0.01521	0.00818	0.00658	0.00212	0.00603	0.00645	0.00758	0.01100
3	0.13165	0.06929	0.05584	0.01501	0.08614	0.01369	0.01162	0.09286	0.01864	0.32334	0.09531	0.02196	0.01866	0.00822	0.00643	0.00206	0.00621	0.00656	0.00641	0.01012
4	0.01486	0.06333	0.58833	0.01780	0.02674	0.01524	0.02215	0.02181	0.01517	0.07322	0.06593	0.01770	0.01348	0.00718	0.00655	0.00213	0.00916	0.00568	0.00365	0.00989
5	0.11002	0.07698	0.24384	0.02087	0.13331	0.01729	0.07457	0.12097	0.01731	0.08102	0.01367	0.01554	0.01012	0.00687	0.00678	0.00210	0.02898	0.00555	0.00420	0.01001
6	0.01824	0.59538	0.03393	0.01375	0.01936	0.05234	0.08553	0.04368	0.01482	0.01756	0.01079	0.01351	0.00976	0.03890	0.00627	0.00181	0.00795	0.00453	0.00320	0.00869
7	0.00968	0.00699	0.00914	0.00861	0.01022	0.00646	0.00646	0.01291	0.01937	0.02743	0.71328	0.05110	0.06455	0.01399	0.00807	0.00215	0.00323	0.01237	0.00753	0.00646
8	0.00922	0.00634	0.00820	0.00920	0.00999	0.00586	0.00626	0.01064	0.01395	0.03941	0.10926	0.56942	0.09349	0.06214	0.01005	0.00288	0.00406	0.01743	0.00641	0.00577
9	0.01475	0.25205	0.45606	0.01623	0.02433	0.01845	0.01959	0.02056	0.01470	0.02048	0.07127	0.01653	0.01347	0.00694	0.00600	0.00195	0.00868	0.00526	0.00330	0.00940
10	0.00886	0.00606	0.00807	0.00932	0.00967	0.00578	0.00617	0.00959	0.01235	0.01651	0.03323	0.59866	0.03942	0.09254	0.03452	0.07652	0.00483	0.01695	0.00575	0.00520
11	0.20244	0.01584	0.01525	0.01324	0.01746	0.04518	0.01051	0.14755	0.39922	0.03118	0.02092	0.02007	0.01567	0.00833	0.00628	0.00220	0.00603	0.00639	0.00617	0.01006
12	0.01829	0.76368	0.03585	0.01171	0.01756	0.02707	0.01171	0.02049	0.01390	0.01610	0.00951	0.01097	0.00878	0.00585	0.00439	0.00146	0.00732	0.00366	0.00293	0.00878
13	0.06532	0.41500	0.09832	0.01350	0.01956	0.02316	0.01315	0.21375	0.01921	0.04395	0.01223	0.01322	0.00972	0.00669	0.00536	0.00176	0.00750	0.00460	0.00427	0.00973
14	0.01920	0.55997	0.03081	0.01286	0.01812	0.12984	0.01182	0.02352	0.10306	0.01779	0.01201	0.01304	0.01033	0.00647	0.00498	0.00162	0.00781	0.00429	0.00353	0.00892
15	0.00995	0.00663	0.00746	0.00746	0.00746	0.00663	0.00415	0.00995	0.00995	0.01327	0.02156	0.04477	0.02487	0.75957	0.03482	0.00663	0.00663	0.00995	0.00415	0.00415
16	0.02184	0.09701	0.11045	0.01468	0.02023	0.03952	0.01334	0.32560	0.08871	0.10845	0.03872	0.03936	0.03430	0.00861	0.00666	0.00206	0.00726	0.00670	0.00601	0.01048
17	0.02035	0.03799	0.03967	0.01538	0.01957	0.01958	0.01279	0.30334	0.28437	0.03222	0.01935	0.01947	0.01460	0.00907	0.00915	0.00228	0.11752	0.00663	0.00609	0.01058
18	0.01367	0.01776	0.18846	0.25483	0.09685	0.01437	0.01727	0.02132	0.13667	0.02217	0.10326	0.04789	0.01940	0.00851	0.00699	0.00224	0.00770	0.00737	0.00440	0.00888
19	0.00879	0.00669	0.00813	0.00889	0.01009	0.00618	0.00624	0.01111	0.04150	0.01952	0.13732	0.45004	0.22269	0.01887	0.00840	0.00255	0.00379	0.01672	0.00654	0.00594
20	0.02188	0.08149	0.13675	0.04240	0.16225	0.07020	0.04622	0.13011	0.01911	0.19871	0.01642	0.01730	0.01174	0.00714	0.00658	0.00203	0.00821	0.00589	0.00508	0.01049
21	0.01474	0.05887	0.39697	0.19503	0.03372	0.01620	0.11904	0.02109	0.01468	0.04767	0.01292	0.01613	0.00935	0.00652	0.00673	0.00218	0.00979	0.00575	0.00323	0.00938
22	0.01378	0.01300	0.01802	0.04036	0.01747	0.01740	0.01316	0.01694	0.06593	0.01741	0.01381	0.05816	0.01334	0.01911	0.14648	0.00433	0.49317	0.00710	0.00361	0.00740
23	0.01606	0.22622	0.40352	0.01611	0.02410	0.01853	0.01873	0.04066	0.06679	0.04234	0.01325	0.01465	0.01003	0.00655	0.00590	0.00192	0.00851	0.00491	0.00355	0.05767
24	0.01854	0.01873	0.01599	0.01453	0.01804	0.20899	0.01116	0.03135	0.44557	0.02442	0.04443	0.02289	0.01874	0.01199	0.06132	0.00282	0.00818	0.00695	0.00580	0.00955
25	0.02051	0.01239	0.01458	0.01246	0.01644	0.01291	0.00985	0.03150	0.35822	0.26583	0.13927	0.02893	0.02665	0.00977	0.00711	0.00222	0.00520	0.00820	0.00757	0.01039
26	0.00834	0.00595	0.00794	0.00953	0.00992	0.00556	0.00635	0.00953	0.01310	0.01746	0.03771	0.75510	0.04525	0.02143	0.00873	0.00278	0.00397	0.01945	0.00635	0.00556
27	0.01095	0.00727	0.00955	0.00882	0.01066	0.00667	0.00667	0.01414	0.01938	0.06935	0.67184	0.04942	0.06168	0.01365	0.00800	0.00215	0.00338	0.01204	0.00759	0.00677
28	0.01082	0.00773	0.01079	0.01237	0.01385	0.00770	0.01067	0.01382	0.01555	0.02025	0.03633	0.12813	0.03981	0.01909	0.00940	0.00312	0.00612	0.62187	0.00630	0.00624
29	0.00995	0.00663	0.00746	0.00746	0.00746	0.00663	0.00415	0.00995	0.00995	0.01327	0.02156	0.04477	0.02487	0.75957	0.03482	0.00663	0.00663	0.00995	0.00415	0.00415
30	0.00978	0.00730	0.01085	0.01085	0.01202	0.00847	0.00837	0.01212	0.01095	0.01578	0.01846	0.02761	0.01742	0.08017	0.70402	0.01082	0.01785	0.00744	0.00368	0.00603
31	0.03070	0.01164	0.01588	0.01217	0.01746	0.01006	0.01006	0.03334	0.01958	0.72163	0.02699	0.02329	0.01694	0.00847	0.00688	0.00212	0.00582	0.00688	0.00847	0.01164
32	0.01419	0.01216	0.01419	0.01013	0.01621	0.00912	0.00811	0.01723	0.01419	0.02229	0.01216	0.01419	0.01013	0.00507	0.00507	0.00101	0.00507	0.00405	0.00405	0.80139
33	0.01188	0.00594	0.00891	0.00891	0.00891	0.00594	0.00594	0.00891	0.00891	0.01188	0.01188	0.02080	0.01188	0.02377	0.02674	0.80095	0.00594	0.00594	0.00297	0.00297
34	0.01275	0.00638	0.00638	0.00638	0.00797	0.00638	0.00478	0.01594	0.01435	0.02551	0.02232	0.02551	0.01754	0.00797	0.00478	0.00159	0.00319	0.00638	0.79755	0.00638
35	0.80789	0.01323	0.01006	0.00900	0.01323	0.01535	0.00741	0.02011	0.01164	0.03070	0.00953	0.01111	0.00741	0.00635	0.00423	0.00212	0.00529	0.00370	0.00423	0.00741
36	0.01497	0.01497	0.02095	0.01796	0.01796	0.02095	0.01497	0.01646	0.01048	0.01646	0.00898	0.01497	0.00898	0.01197	0.02245	0.00299	0.74704	0.00599	0.00299	0.00748
37	0.01275	0.00638	0.00638	0.00638	0.00797	0.00638	0.00478	0.01594	0.01435	0.02551	0.02232	0.02551	0.01754	0.00797	0.00478	0.00159	0.00319	0.00638	0.79755	0.00638
38	0.01693	0.01626	0.02777	0.04199	0.71689	0.01626	0.02100	0.02100	0.01558	0.02235	0.01287	0.01693	0.01084	0.00610	0.00677	0.00203	0.00813	0.00610	0.00339	0.01084
39	0.01412	0.01340	0.02259	0.52355	0.23612	0.01566	0.01945	0.01845	0.01413	0.01883	0.01227	0.01778	0.00960	0.00678	0.00727	0.00223	0.03005	0.00608	0.00314	0.00851
40	0.00834	0.00595	0.00794	0.00953	0.00992	0.00556	0.00635	0.00953	0.01310	0.01746	0.03771	0.75510	0.04525	0.02143	0.00873	0.00278	0.00397	0.01945	0.00635	0.00556
41	0.01693	0.01626	0.02777	0.04199	0.71689	0.01626	0.02100	0.02100	0.01558	0.02235	0.01287	0.01693	0.01084	0.00610	0.00677	0.00203	0.00813	0.00610	0.00339	0.01084
42	0.01419	0.01216	0.01419	0.01013	0.01621	0.00912	0.00811	0.01723	0.01419	0.02229	0.01216	0.01419	0.01013	0.00507	0.00507	0.00101	0.00507	0.00405	0.00405	0.80139
43	0.01372	0.03539	0.72412	0.01950	0.02961	0.01589	0.02528	0.02167	0.01444	0.02167	0.01228	0.01444	0.00867	0.00650	0.00650	0.00217	0.01011	0.00506	0.00289	0.01011
44	0.00979	0.00725	0.01057	0.01057	0.01165	0.00832	0.00802	0.01195	0.01087	0.01557	0.01871	0.02902	0.01803	0.13613	0.64891	0.01047	0.01692	0.00764	0.00372	0.00587
45	0.02575	0.01714	0.17116	0.01386	0.02006	0.01191	0.01343	0.07331	0.01927	0.49325	0.05305	0.02211	0.01685	0.00826	0.00685	0.00213	0.00676	0.00667	0.00710	0.01108
46	0.01666	0.01602	0.02758	0.04043	0.67002	0.01597	0.04356	0.02076	0.01572	0.02250	0.03617	0.01812	0.01261	0.00635	0.00686	0.00205	0.00808	0.00637	0.00353	0.01064
47	0.03034	0.01221	0.01623	0.01244	0.01775	0.01089	0.01028	0.08301	0.02053	0.67062	0.02620	0.02277	0.01654	0.00845	0.00688	0.00211	0.00595	0.00683	0.00835	0.01164
48	0.06237	0.01171	0.01564	0.01204	0.01729	0.01027	0.00995	0.03280	0.01926	0.69347	0.02628	0.02279	0.01655	0.00838	0.00677	0.00212	0.00580	0.00675	0.00830	0.01147
49	0.16616	0.02881	0.51021	0.01710	0.02567	0.01532	0.04356	0.02104	0.01395	0.02345	0.01179	0.01392	0.00859	0.00634	0.00601	0.00208	0.00886	0.00483	0.00325	0.06904
50	0.01102	0.10463	0.01244	0.00992	0.01177	0.00963	0.00749	0.06268	0.01531	0.01979	0.05986	0.45310	0.14379	0.01747	0.00793	0.00247	0.00463	0.03356	0.00599	0.00651
51	0.00891	0.00641	0.00852	0.00969	0.01051	0.00602	0.00694	0.01072	0.01459	0.01958	0.15311	0.52483	0.06910	0.01971	0.00869	0.00271	0.00413	0.10346	0.00654	0.00581
52	0.01420	0.01174	0.01858	0.21048	0.26549	0.01217	0.01483	0.01752	0.01517	0.07259	0.04945	0.13103	0.11735	0.01052	0.00731	0.00225	0.00679	0.00945	0.00466	0.00844
53	0.34604	0.17586	0.01902	0.07419	0.04983	0.09522	0.01094	0.02277	0.05575	0.07639	0.01243	0.01386	0.00968	0.00669	0.00517	0.00196	0.00698	0.00456	0.00422	0.00845
54	0.02248	0.25146	0.08041	0.01580	0.02075	0.38985	0.01370	0.09347	0.01866	0.01966	0.01099	0.01252	0.00908	0.00677	0.00573	0.00173	0.01015	0.00441	0.00364	0.00874
55	0.01802	0.63176	0.12847	0.01294	0.01936	0.02529	0.01360	0.05068	0.01479	0.01806	0.01019	0.01169	0.00889	0.00605	0.00479	0.00158	0.00770	0.00396	0.00310	0.00909
56	0.01428	0.01225	0.01423	0.01026	0.01627	0.00939	0.00820	0.01788	0.03790	0.02251	0.01270	0.01458	0.01050	0.00521	0.00513	0.00106	0.00508	0.00418	0.00415	0.77423
57	0.01568	0.01267	0.01508	0.01161	0.04014	0.01008	0.00890	0.05622	0.01549	0.05465	0.01309	0.01481	0.01054	0.00543	0.00531	0.00116	0.00534	0.00437	0.00438	0.69505
58	0.00859	0.00692	0.00764	0.00752	0.00956	0.00598	0.00562	0.01076	0.01669	0.02122	0.26730	0.08138	0.49397	0.01641	0.00810	0.00227	0.00341	0.01395	0.00672	0.00598
59	0.01856	0.01279	0.01547	0.01507	0.07414	0.01354	0.01096	0.05166	0.34156	0.16697	0.10133	0.03188	0.04576	0.01029	0.00726	0.00229	0.00557	0.05787	0.00696	0.01006
60	0.00847	0.00605	0.00786	0.00925	0.00968	0.00566	0.00611	0.00957	0.01290	0.01713	0.03736	0.66812	0.06650	0.08697	0.01103	0.00311	0.00419	0.01843	0.00615	0.00544
61	0.02735	0.01090	0.01481	0.01161	0.01631	0.00948	0.00948	0.03009	0.01955	0.61122	0.13614	0.02771	0.02451	0.00935	0.00707	0.00212	0.00541	0.00775	0.00832	0.01082
62	0.01731	0.01697	0.02740	0.04093	0.68650	0.04753	0.02066	0.02127	0.01574	0.02211	0.01277	0.01673	0.01075	0.00614	0.00675	0.00202	0.00831	0.00602	0.00339	0.01071
63	0.00943	0.00698	0.00880	0.00834	0.01007	0.00635	0.00626	0.01242	0.01877	0.02602	0.61169	0.05343	0.16702	0.01451	0.00807	0.00218	0.00327	0.01270	0.00735	0.00635
64	0.01829	0.76368	0.03585	0.01171	0.01756	0.02707	0.01171	0.02049	0.01390	0.01610	0.00951	0.01097	0.00878	0.00585	0.00439	0.00146	0.00732	0.00366	0.00293	0.00878
65	0.01275	0.00638	0.00638	0.00638	0.00797	0.00638	0.00478	0.01594	0.01435	0.02551	0.02232	0.02551	0.01754	0.00797	0.00478	0.00159	0.00319	0.00638	0.79755	0.00638
66	0.01702	0.01470	0.01547	0.01392	0.01779	0.01702	0.01083	0.03635	0.70453	0.02862	0.02785	0.02553	0.02088	0.00928	0.00696	0.00232	0.00541	0.00773	0.00696	0.01083
67	0.04841	0.03442	0.69293	0.01904	0.02889	0.01586	0.02450	0.02160	0.01432	0.02206	0.01216	0.01430	0.00861	0.00649	0.00640	0.00216	0.00990	0.00500	0.00295	0.00999
68	0.22210	0.01300	0.01571	0.01392	0.06930	0.01275	0.01046	0.08331	0.01834	0.44201	0.02073	0.01923	0.01368	0.00774	0.00621	0.00211	0.00600	0.00597	0.00690	0.01053
69	0.80789	0.01323	0.01006	0.00900	0.01323	0.01535	0.00741	0.02011	0.01164	0.03070	0.00953	0.01111	0.00741	0.00635	0.00423	0.00212	0.00529	0.00370	0.00423	0.00741
70	0.01693	0.01626	0.02777	0.04199	0.71689	0.01626	0.02100	0.02100	0.01558	0.02235	0.01287	0.01693	0.01084	0.00610	0.00677	0.00203	0.00813	0.00610	0.00339	0.01084
71	0.01656	0.20158	0.42304	0.01680	0.02487	0.01924	0.01950	0.10600	0.06839	0.02355	0.01332	0.01471	0.00998	0.00677	0.00609	0.00200	0.00879	0.00507	0.00369	0.01004
72	0.01699	0.01448	0.01524	0.01360	0.01746	0.01657	0.01061	0.07282	0.62318	0.02883	0.02974	0.02748	0.06302	0.00972	0.00702	0.00230	0.00542	0.00806	0.00692	0.01056
73	0.01275	0.00638	0.00638	0.00638	0.00797	0.00638	0.00478	0.01594	0.01435	0.02551	0.02232	0.02551	0.01754	0.00797	0.00478	0.00159	0.00319	0.00638	0.79755	0.00638
74	0.09361	0.02706	0.06684	0.01678	0.02131	0.42189	0.03501	0.15339	0.05915	0.02416	0.01278	0.01408	0.00994	0.00726	0.00625	0.00193	0.01023	0.00502	0.00437	0.00894
75	0.01673	0.01615	0.02786	0.07281	0.66440	0.01624	0.04320	0.02087	0.01551	0.02212	0.01287	0.01704	0.01075	0.00612	0.00682	0.00205	0.00829	0.00616	0.00337	0.01064
76	0.01074	0.00819	0.00975	0.00946	0.00985	0.02833	0.00635	0.01151	0.01051	0.01426	0.01945	0.03708	0.02124	0.50454	0.20443	0.00728	0.06928	0.00883	0.00392	0.00500
77	0.20906	0.07374	0.01922	0.01385	0.01907	0.02028	0.01159	0.48515	0.02597	0.03817	0.01429	0.01477	0.01043	0.00760	0.00605	0.00202	0.00699	0.00539	0.00594	0.01043
78	0.00968	0.00699	0.00914	0.00861	0.01022	0.00646	0.00646	0.01291	0.01937	0.02743	0.71328	0.05110	0.06455	0.01399	0.00807	0.00215	0.00323	0.01237	0.00753	0.00646
79	0.05889	0.01886	0.01889	0.01518	0.02012	0.06905	0.01230	0.47600	0.17560	0.03761	0.01818	0.01787	0.01325	0.00828	0.00671	0.00209	0.00730	0.00627	0.00652	0.01102
80	0.80789	0.01323	0.01006	0.00900	0.01323	0.01535	0.00741	0.02011	0.01164	0.03070	0.00953	0.01111	0.00741	0.00635	0.00423	0.00212	0.00529	0.00370	0.00423	0.00741
81	0.00977	0.00733	0.01100	0.01100	0.01222	0.00855	0.00855	0.01222	0.01100	0.01588	0.01833	0.02688	0.01710	0.05131	0.73245	0.01100	0.01833	0.00733	0.00367	0.00611
82	0.01419	0.01216	0.01419	0.01013	0.01621	0.00912	0.00811	0.01723	0.01419	0.02229	0.01216	0.01419	0.01013	0.00507	0.00507	0.00101	0.00507	0.00405	0.00405	0.80139
83	0.01702	0.01470	0.01547	0.01392	0.01779	0.01702	0.01083	0.03635	0.70453	0.02862	0.02785	0.02553	0.02088	0.00928	0.00696	0.00232	0.00541	0.00773	0.00696	0.01083
84	0.00834	0.00595	0.00794	0.00953	0.00992	0.00556	0.00635	0.00953	0.01310	0.01746	0.03771	0.75510	0.04525	0.02143	0.00873	0.00278	0.00397	0.01945	0.00635	0.00556
85	0.01693	0.01626	0.02777	0.04199	0.71689	0.01626	0.02100	0.02100	0.01558	0.02235	0.01287	0.01693	0.01084	0.00610	0.00677	0.00203	0.00813	0.00610	0.00339	0.01084
86	0.00813	0.00693	0.00699	0.00698	0.00927	0.00579	0.00523	0.00991	0.01570	0.01874	0.08758	0.06542	0.69568	0.01723	0.00809	0.00231	0.00346	0.01438	0.00639	0.00579
87	0.00995	0.00663	0.00746	0.00746	0.00746	0.00663	0.00415	0.00995	0.00995	0.01327	0.02156	0.04477	0.02487	0.75957	0.03482	0.00663	0.00663	0.00995	0.00415	0.00415
88	0.01702	0.01593	0.07500	0.34698	0.17919	0.01586	0.06905	0.09544	0.01687	0.08178	0.01418	0.01793	0.01048	0.00687	0.00690	0.00218	0.00871	0.00623	0.00402	0.00937
89	0.15413	0.02284	0.02063	0.08360	0.14781	0.33423	0.05036	0.04945	0.01697	0.02146	0.01130	0.01403	0.00916	0.00686	0.00661	0.00199	0.03130	0.00505	0.00369	0.00854
90	0.52359	0.12151	0.03440	0.01076	0.01534	0.05929	0.00930	0.08084	0.01467	0.02854	0.04102	0.01348	0.01060	0.00683	0.00483	0.00200	0.00623	0.00437	0.00435	0.00804
91	0.01507	0.13620	0.53385	0.02060	0.09833	0.01767	0.02255	0.04155	0.01501	0.02159	0.01207	0.01427	0.00899	0.00642	0.00624	0.00205	0.00943	0.00500	0.00306	0.01004
92	0.01033	0.00821	0.00911	0.00955	0.01055	0.05013	0.00675	0.01203	0.01476	0.01939	0.20480	0.28225	0.07022	0.17682	0.01406	0.00341	0.00508	0.08085	0.00600	0.00571
93	0.02005	0.01539	0.01699	0.06719	0.01974	0.04497	0.01134	0.39107	0.02494	0.03347	0.15194	0.02339	0.02164	0.01018	0.00844	0.06207	0.00673	0.00716	0.00610	0.05721
94	0.04068	0.01851	0.03243	0.02621	0.10999	0.03888	0.40826	0.16837	0.03932	0.02686	0.01448	0.01766	0.01088	0.00649	0.00746	0.00220	0.00994	0.00719	0.00431	0.00989
95	0.01695	0.40202	0.32359	0.01528	0.02289	0.02194	0.01750	0.07162	0.01550	0.02047	0.01119	0.01284	0.00895	0.00630	0.00546	0.00180	0.00851	0.00443	0.00321	0.00955
96	0.00977	0.00733	0.01100	0.01100	0.01222	0.00855	0.00855	0.01222	0.01100	0.01588	0.01833	0.02688	0.01710	0.05131	0.73245	0.01100	0.01833	0.00733	0.00367	0.00611
97	0.04590	0.08544	0.02030	0.01662	0.02052	0.59060	0.01281	0.06452	0.01950	0.04728	0.01147	0.01288	0.00926	0.00707	0.00605	0.00178	0.01124	0.00453	0.00389	0.00834
98	0.80789	0.01323	0.01006	0.00900	0.01323	0.01535	0.00741	0.02011	0.01164	0.03070	0.00953	0.01111	0.00741	0.00635	0.00423	0.00212	0.00529	0.00370	0.00423	0.00741
99	0.01419	0.01216	0.01419	0.01013	0.01621	0.00912	0.00811	0.01723	0.01419	0.02229	0.01216	0.01419	0.01013	0.00507	0.00507	0.00101	0.00507	0.00405	0.00405	0.80139
100	0.01292	0.01216	0.02052	0.74312	0.04712	0.01520	0.01900	0.01748	0.01368	0.01748	0.01216	0.01824	0.00912	0.00684	0.00684	0.00228	0.00912	0.00608	0.00304	0.00760
101	0.01415	0.08611	0.64499	0.01936	0.02903	0.01674	0.05404	0.02159	0.01448	0.02128	0.01215	0.01438	0.00875	0.00642	0.00642	0.00212	0.00998	0.00509	0.00292	0.00998
102	0.03038	0.01215	0.01619	0.01241	0.01772	0.01081	0.01025	0.07799	0.02043	0.67578	0.02628	0.02282	0.01658	0.00845	0.00688	0.00211	0.00594	0.00683	0.00836	0.01164
103	0.06522	0.13787	0.02001	0.01357	0.01826	0.15149	0.01120	0.13849	0.06082	0.16237	0.03814	0.01722	0.01346	0.00765	0.00666	0.00187	0.03620	0.00551	0.00537	0.08863
104	0.80789	0.01323	0.01006	0.00900	0.01323	0.01535	0.00741	0.02011	0.01164	0.03070	0.00953	0.01111	0.00741	0.00635	0.00423	0.00212	0.00529	0.00370	0.00423	0.00741
105	0.00809	0.00693	0.00693	0.00693	0.00924	0.00578	0.00520	0.00982	0.01559	0.01848	0.06931	0.06584	0.71411	0.01733	0.00809	0.00231	0.00347	0.01444	0.00635	0.00578
106	0.01690	0.00859	0.01146	0.00983	0.01271	0.00769	0.00769	0.01993	0.01944	0.26583	0.47760	0.04155	0.04820	0.01209	0.00766	0.00214	0.00412	0.01049	0.00785	0.00824
107	0.01761	0.01647	0.02723	0.04002	0.66459	0.01663	0.02040	0.07159	0.01682	0.02391	0.01314	0.01689	0.01090	0.00625	0.00678	0.00203	0.00808	0.00610	0.00365	0.01090
108	0.01032	0.00810	0.01193	0.01162	0.01268	0.00979	0.00909	0.01259	0.01091	0.01587	0.01745	0.02614	0.01648	0.06723	0.63897	0.01004	0.09372	0.00726	0.00361	0.00620
109	0.01072	0.00774	0.01062	0.01208	0.01367	0.00764	0.01044	0.01370	0.01565	0.02023	0.03876	0.09796	0.09028	0.01886	0.00932	0.00307	0.00601	0.60071	0.00631	0.00624
110	0.01519	0.01468	0.02556	0.33650	0.38897	0.01588	0.06521	0.01958	0.01482	0.02027	0.01264	0.01759	0.01008	0.00639	0.00689	0.00215	0.00877	0.00622	0.00325	0.00936
111	0.09552	0.01485	0.01728	0.01336	0.01863	0.01507	0.01103	0.30208	0.02404	0.38516	0.02118	0.01944	0.01395	0.00818	0.00664	0.00209	0.00647	0.00631	0.00744	0.01128
112	0.01551	0.01754	0.03771	0.02710	0.03365	0.01639	0.63751	0.02095	0.01610	0.02164	0.01824	0.02222	0.06625	0.00668	0.00807	0.00231	0.01089	0.00858	0.00369	0.00895
113	0.00968	0.00699	0.00914	0.00861	0.01022	0.00646	0.00646	0.01291	0.01937	0.02743	0.71328	0.05110	0.06455	0.01399	0.00807	0.00215	0.00323	0.01237	0.00753	0.00646
114	0.80789	0.01323	0.01006	0.00900	0.01323	0.01535	0.00741	0.02011	0.01164	0.03070	0.00953	0.01111	0.00741	0.00635	0.00423	0.00212	0.00529	0.00370	0.00423	0.00741
115	0.01419	0.01216	0.01419	0.01013	0.01621	0.00912	0.00811	0.01723	0.01419	0.02229	0.01216	0.01419	0.01013	0.00507	0.00507	0.00101	0.00507	0.00405	0.00405	0.80139
116	0.02846	0.01524	0.01810	0.01388	0.01926	0.01539	0.01146	0.34902	0.02559	0.39746	0.02194	0.02001	0.01440	0.00835	0.00686	0.00209	0.00664	0.00654	0.00769	0.01164
117	0.02636	0.01860	0.02018	0.01547	0.02093	0.02038	0.01278	0.64441	0.03122	0.09412	0.01722	0.01694	0.01203	0.00823	0.00685	0.00206	0.00740	0.00621	0.00697	0.01164
118	0.01586	0.01508	0.02583	0.08112	0.56822	0.01516	0.04859	0.01993	0.01590	0.02259	0.08967	0.02083	0.01660	0.00699	0.00698	0.00207	0.00780	0.00687	0.00382	0.01009
119	0.01513	0.15819	0.44801	0.01719	0.02483	0.05969	0.03849	0.02112	0.03176	0.01978	0.01272	0.01641	0.01028	0.06326	0.00883	0.00239	0.03423	0.00533	0.00315	0.00921
120	0.00849	0.00614	0.00803	0.00926	0.00992	0.00568	0.00630	0.00997	0.01404	0.01879	0.12532	0.62647	0.08575	0.02025	0.00861	0.00267	0.00385	0.01827	0.00650	0.00568
121	0.01555	0.01362	0.01701	0.05768	0.16113	0.03831	0.01252	0.08623	0.23410	0.02466	0.04403	0.17901	0.04230	0.01134	0.00777	0.00233	0.02780	0.00981	0.00565	0.00915

[dist]
# distance from previous block
# <min> <max>
0	1

[block]
# block no. 1 follows, 31 sequences, length 10
# corresponding to MSA columns:
# 266-275
name=unknown_B
#
# <colnr> <probs for GDERKNQSTAVLIFYWHMCP>
#	G	D	E	R	K	N	Q	S	T	A	V	L	I	F	Y	W	H	M	C	P
0	0.01273	0.04383	0.20973	0.01272	0.01706	0.05750	0.01257	0.05184	0.01746	0.02377	0.28735	0.12471	0.07738	0.01200	0.00740	0.00219	0.00621	0.01020	0.00556	0.00777
1	0.01864	0.18313	0.24329	0.01908	0.09238	0.04634	0.07766	0.04693	0.03564	0.12605	0.03753	0.01712	0.01258	0.00695	0.00633	0.00199	0.00844	0.00573	0.00426	0.00991
2	0.01973	0.19295	0.15544	0.01270	0.01824	0.01568	0.01262	0.10225	0.01783	0.18313	0.05416	0.01973	0.01541	0.00765	0.00592	0.00188	0.00661	0.00589	0.14270	0.00949
3	0.00999	0.00777	0.01082	0.01074	0.01140	0.00837	0.02911	0.01140	0.01226	0.01692	0.07096	0.33033	0.03248	0.19902	0.12108	0.00485	0.08861	0.01313	0.00505	0.00569
4	0.01709	0.10631	0.35029	0.02357	0.19608	0.09997	0.02039	0.02290	0.03631	0.04635	0.01294	0.01510	0.00990	0.00655	0.00633	0.00201	0.00928	0.00524	0.00342	0.00997
5	0.05486	0.05121	0.04440	0.02500	0.29731	0.07508	0.01543	0.08414	0.05503	0.20470	0.01713	0.01802	0.01255	0.00716	0.00654	0.00203	0.00759	0.00601	0.00520	0.01061
6	0.00981	0.00658	0.00750	0.00763	0.00767	0.00654	0.00433	0.00991	0.01021	0.01361	0.02290	0.10382	0.02657	0.69820	0.03265	0.00631	0.00641	0.01074	0.00433	0.00426
7	0.00900	0.00668	0.00837	0.00955	0.01032	0.00643	0.00648	0.01147	0.06206	0.01814	0.03869	0.61902	0.09349	0.05354	0.00973	0.00288	0.00415	0.01781	0.00629	0.00588
8	0.07803	0.16436	0.09001	0.01668	0.07236	0.08528	0.04071	0.14763	0.08726	0.10303	0.03988	0.01740	0.01346	0.00742	0.00618	0.00197	0.00768	0.00575	0.00502	0.00986
9	0.06202	0.01388	0.01842	0.02076	0.21440	0.01433	0.01301	0.12592	0.13600	0.15613	0.08541	0.07025	0.02086	0.00914	0.00695	0.00216	0.00627	0.00785	0.00608	0.01017

[dist]
# distance from previous block
# <min> <max>
1	2

[block]
# block no. 2 follows, 31 sequences, length 10
# corresponding to MSA columns:
# 278-287
name=unknown_C
#
# <colnr> <probs for GDERKNQSTAVLIFYWHMCP>
#	G	D	E	R	K	N	Q	S	T	A	V	L	I	F	Y	W	H	M	C	P
0	0.01674	0.36708	0.35443	0.01580	0.02345	0.07791	0.01813	0.02158	0.01459	0.01874	0.01088	0.01270	0.00873	0.00625	0.00551	0.00181	0.00901	0.00437	0.00296	0.00933
1	0.07321	0.01063	0.01163	0.01060	0.01342	0.01133	0.00818	0.04802	0.25851	0.02775	0.32379	0.03935	0.11260	0.01189	0.00734	0.00222	0.00434	0.01007	0.00693	0.00819
2	0.10990	0.01390	0.01526	0.01263	0.01686	0.01491	0.01015	0.21749	0.19072	0.15724	0.14328	0.02541	0.02372	0.00933	0.00680	0.00215	0.00569	0.00750	0.00699	0.01005
3	0.00914	0.00684	0.00848	0.00836	0.00996	0.00618	0.00616	0.01175	0.01765	0.02404	0.47501	0.15138	0.20838	0.01577	0.00816	0.00227	0.00338	0.01381	0.00710	0.00618
4	0.00938	0.00689	0.00822	0.00794	0.00932	0.00634	0.00560	0.01147	0.01618	0.02189	0.39515	0.05293	0.20406	0.19815	0.01465	0.00329	0.00412	0.01225	0.00643	0.00573
5	0.80789	0.01323	0.01006	0.00900	0.01323	0.01535	0.00741	0.02011	0.01164	0.03070	0.00953	0.01111	0.00741	0.00635	0.00423	0.00212	0.00529	0.00370	0.00423	0.00741
6	0.00973	0.00686	0.00898	0.00912	0.00966	0.00734	0.00618	0.01086	0.01066	0.01473	0.02163	0.10000	0.02343	0.39924	0.32328	0.00811	0.01127	0.00970	0.00414	0.00509
7	0.00995	0.00663	0.00746	0.00746	0.00746	0.00663	0.00415	0.00995	0.00995	0.01327	0.02156	0.04477	0.02487	0.75957	0.03482	0.00663	0.00663	0.00995	0.00415	0.00415
8	0.01548	0.02794	0.45815	0.02052	0.08286	0.01586	0.07090	0.10528	0.01716	0.02479	0.05393	0.01732	0.01267	0.00701	0.00671	0.00210	0.00912	0.00589	0.00379	0.04251
9	0.01862	0.18840	0.05978	0.02965	0.40941	0.01954	0.01773	0.13382	0.01793	0.02437	0.01267	0.01537	0.01040	0.00641	0.00623	0.00191	0.00793	0.00550	0.00384	0.01047

[dist]
# distance from previous block
# <min> <max>
0	1

[block]
# block no. 3 follows, 31 sequences, length 35
# corresponding to MSA columns:
# 289-323
name=unknown_D
#
# <colnr> <probs for GDERKNQSTAVLIFYWHMCP>
#	G	D	E	R	K	N	Q	S	T	A	V	L	I	F	Y	W	H	M	C	P
0	0.01776	0.38823	0.28336	0.01531	0.02248	0.08300	0.01685	0.06529	0.01576	0.01993	0.01106	0.01271	0.00893	0.00634	0.00547	0.00178	0.00877	0.00439	0.00322	0.00938
1	0.02462	0.01832	0.01967	0.01532	0.02051	0.02030	0.01257	0.61234	0.08877	0.04129	0.04388	0.01852	0.01443	0.00852	0.00690	0.00208	0.00719	0.00653	0.00688	0.01137
2	0.01922	0.24177	0.13105	0.01740	0.09614	0.01828	0.05142	0.10258	0.01722	0.11007	0.01392	0.01520	0.01063	0.00647	0.00587	0.00176	0.00757	0.00513	0.00432	0.12396
3	0.00874	0.00636	0.00829	0.00973	0.01029	0.00609	0.00656	0.01077	0.04522	0.01798	0.03725	0.72120	0.04412	0.02087	0.00865	0.00276	0.00404	0.01890	0.00638	0.00580
4	0.02269	0.01517	0.02288	0.02858	0.39104	0.01495	0.01631	0.12059	0.01923	0.25230	0.01796	0.01892	0.01293	0.00717	0.00682	0.00206	0.00729	0.00636	0.00553	0.01121
5	0.14299	0.05007	0.03997	0.02117	0.21037	0.01581	0.03750	0.09463	0.11293	0.16080	0.03593	0.01900	0.01420	0.00745	0.00639	0.00209	0.00681	0.00620	0.00542	0.01025
6	0.02146	0.01282	0.05833	0.01220	0.01653	0.01124	0.01033	0.08782	0.10629	0.33248	0.15721	0.07903	0.04253	0.01056	0.00724	0.00220	0.00552	0.00888	0.00741	0.00991
7	0.00993	0.00672	0.00790	0.00790	0.00805	0.00687	0.00469	0.01023	0.01008	0.01359	0.02116	0.04256	0.02391	0.67216	0.12092	0.00717	0.00808	0.00963	0.00409	0.00439
8	0.01026	0.00840	0.01195	0.01211	0.01276	0.00931	0.03185	0.01183	0.01284	0.01758	0.03043	0.48795	0.03549	0.04455	0.01244	0.00298	0.15320	0.08249	0.00550	0.00609
9	0.01869	0.01612	0.02559	0.03230	0.44214	0.03373	0.08644	0.02502	0.12095	0.10459	0.01683	0.01902	0.01298	0.00685	0.00693	0.00211	0.00790	0.00660	0.00453	0.01069
10	0.01039	0.00770	0.00964	0.00938	0.01078	0.00779	0.00678	0.01450	0.09053	0.02263	0.36155	0.12001	0.04507	0.14780	0.10112	0.00409	0.00598	0.01159	0.00628	0.00639
11	0.02882	0.01352	0.01690	0.01308	0.01833	0.01299	0.01077	0.18255	0.06321	0.52732	0.02466	0.02187	0.01597	0.00846	0.00688	0.00211	0.00618	0.00677	0.00801	0.01159
12	0.01789	0.54419	0.03348	0.02060	0.22293	0.02389	0.01443	0.02064	0.01439	0.01793	0.01050	0.01272	0.00938	0.00592	0.00509	0.00163	0.00755	0.00437	0.00306	0.00938
13	0.01635	0.01495	0.02431	0.03505	0.55922	0.01502	0.01818	0.06548	0.01696	0.02402	0.08591	0.06018	0.01823	0.00787	0.00702	0.00209	0.00736	0.00746	0.00421	0.01016
14	0.01334	0.01419	0.04048	0.01473	0.01686	0.13477	0.09319	0.01561	0.01454	0.01816	0.02617	0.38307	0.02926	0.01535	0.00959	0.00257	0.08254	0.06373	0.00504	0.00683
15	0.01318	0.01242	0.02099	0.69804	0.09019	0.01527	0.01913	0.01771	0.01380	0.01779	0.01221	0.01816	0.00923	0.00679	0.00684	0.00226	0.00906	0.00608	0.00306	0.00781
16	0.06148	0.10837	0.61138	0.01808	0.02741	0.01700	0.02283	0.02145	0.01422	0.02164	0.01183	0.01389	0.00860	0.00642	0.00615	0.00209	0.00954	0.00483	0.00297	0.00981
17	0.01605	0.01675	0.06989	0.15996	0.56008	0.01605	0.02092	0.02044	0.01518	0.02148	0.01271	0.01700	0.01041	0.00625	0.00677	0.00208	0.00842	0.00603	0.00330	0.01024
18	0.01089	0.00736	0.00978	0.00943	0.01085	0.00728	0.00697	0.01327	0.01583	0.06351	0.35892	0.13676	0.06151	0.09719	0.13648	0.00424	0.02534	0.01175	0.00627	0.00636
19	0.01358	0.01283	0.02008	0.60396	0.08282	0.03265	0.01788	0.01889	0.05721	0.01891	0.04571	0.02000	0.01252	0.00728	0.00688	0.00225	0.00864	0.00644	0.00353	0.00795
20	0.00995	0.00663	0.00746	0.00746	0.00746	0.00663	0.00415	0.00995	0.00995	0.01327	0.02156	0.04477	0.02487	0.75957	0.03482	0.00663	0.00663	0.00995	0.00415	0.00415
21	0.50351	0.01261	0.01234	0.01024	0.01489	0.01327	0.00845	0.02529	0.01475	0.30129	0.01637	0.01588	0.01114	0.00718	0.00527	0.00212	0.00550	0.00495	0.00589	0.00907
22	0.01429	0.01405	0.01963	0.01710	0.01714	0.01938	0.01409	0.01576	0.01074	0.01657	0.01191	0.09048	0.01268	0.01294	0.02105	0.00297	0.67124	0.00736	0.00334	0.00729
23	0.02204	0.01603	0.01747	0.01433	0.01896	0.01773	0.01153	0.32065	0.31674	0.10557	0.04887	0.02232	0.01813	0.00891	0.00694	0.00218	0.00629	0.00714	0.00709	0.01110
24	0.02009	0.04359	0.09004	0.01473	0.01975	0.04505	0.01287	0.32379	0.20242	0.03252	0.04767	0.02234	0.04995	0.01033	0.03157	0.00242	0.00742	0.00699	0.00611	0.01036
25	0.02350	0.09540	0.04896	0.01377	0.01831	0.13233	0.01161	0.09537	0.07672	0.27766	0.04038	0.02056	0.01555	0.02877	0.04259	0.00257	0.03382	0.00629	0.00599	0.00985
26	0.01712	0.02033	0.19639	0.03014	0.37526	0.01509	0.07136	0.02204	0.01559	0.08593	0.01403	0.01679	0.01077	0.00630	0.00667	0.00201	0.00841	0.00590	0.00379	0.07608
27	0.01907	0.25593	0.25764	0.01660	0.04090	0.01927	0.05680	0.10752	0.01728	0.11050	0.01389	0.01502	0.01030	0.00668	0.00600	0.00191	0.00830	0.00517	0.00417	0.02706
28	0.00924	0.00696	0.00859	0.00876	0.01023	0.00645	0.00635	0.01217	0.04278	0.02269	0.35531	0.26841	0.18325	0.01674	0.00823	0.00238	0.00358	0.01476	0.00692	0.00621
29	0.00866	0.00626	0.00800	0.00926	0.00990	0.00585	0.00633	0.00993	0.01322	0.01735	0.03925	0.56327	0.11242	0.09613	0.01138	0.00315	0.00435	0.06368	0.00612	0.00549
30	0.04589	0.19004	0.36862	0.01822	0.08128	0.03631	0.01889	0.02112	0.01477	0.04719	0.01457	0.02044	0.01228	0.00767	0.00628	0.00209	0.00865	0.07276	0.00357	0.00939
31	0.01797	0.01667	0.02734	0.03848	0.61276	0.01687	0.04249	0.09975	0.01754	0.02477	0.01332	0.01692	0.01091	0.00633	0.00682	0.00204	0.00817	0.00617	0.00379	0.01088
32	0.01687	0.01817	0.18025	0.01774	0.02344	0.01365	0.18192	0.07405	0.03794	0.12856	0.08200	0.02285	0.01762	0.01537	0.13416	0.00373	0.01027	0.00732	0.00487	0.00922
33	0.65509	0.01591	0.08372	0.01064	0.01554	0.01582	0.00968	0.06376	0.03238	0.03051	0.01075	0.01219	0.00818	0.00657	0.00471	0.00212	0.00593	0.00411	0.00434	0.00805
34	0.01186	0.04155	0.20106	0.01358	0.01703	0.01267	0.01324	0.01528	0.01391	0.01970	0.13251	0.12752	0.09521	0.05818	0.03473	0.00296	0.16744	0.00962	0.00457	0.00738

[dist]
# distance from previous block
# <min> <max>
0	1

[block]
# block no. 4 follows, 31 sequences, length 21
# corresponding to MSA columns:
# 325-345
name=unknown_E
#
# <colnr> <probs for GDERKNQSTAVLIFYWHMCP>
#	G	D	E	R	K	N	Q	S	T	A	V	L	I	F	Y	W	H	M	C	P
0	0.01761	0.01664	0.06124	0.02337	0.24647	0.01680	0.01499	0.10937	0.33000	0.02732	0.02041	0.02174	0.01593	0.03793	0.00797	0.00236	0.00688	0.00694	0.00543	0.01062
1	0.01986	0.55468	0.06117	0.01348	0.01895	0.19822	0.01265	0.02220	0.01526	0.01649	0.00989	0.01145	0.00878	0.00617	0.00491	0.00157	0.00866	0.00390	0.00307	0.00863
2	0.17612	0.01620	0.01660	0.01579	0.08952	0.12735	0.01135	0.05935	0.06027	0.28318	0.04606	0.01925	0.01487	0.00794	0.00669	0.00208	0.02558	0.00601	0.00599	0.00979
3	0.00834	0.00694	0.00728	0.00719	0.00939	0.00588	0.00540	0.01030	0.01619	0.01989	0.17055	0.06352	0.61199	0.01680	0.00808	0.00229	0.00343	0.01411	0.00654	0.00588
4	0.00921	0.00667	0.00865	0.00881	0.01003	0.00621	0.00633	0.01160	0.01672	0.02314	0.43264	0.26244	0.09025	0.04503	0.02820	0.00275	0.00398	0.01438	0.00689	0.00605
5	0.01212	0.00885	0.01059	0.01071	0.01231	0.00894	0.00771	0.15673	0.01734	0.02304	0.03498	0.55595	0.07716	0.01835	0.00829	0.00260	0.00470	0.01630	0.00646	0.00688
6	0.00956	0.00698	0.00888	0.00875	0.00985	0.00706	0.00621	0.01134	0.01333	0.01820	0.19233	0.04376	0.13077	0.25578	0.24089	0.00630	0.00899	0.01036	0.00512	0.00554
7	0.01319	0.01216	0.01916	0.58552	0.04047	0.01389	0.01666	0.01743	0.01379	0.01851	0.01216	0.01737	0.00934	0.00646	0.00646	0.00201	0.00825	0.00564	0.00326	0.17827
8	0.01882	0.01076	0.01301	0.00994	0.01482	0.00881	0.00798	0.02178	0.01584	0.23246	0.01879	0.01935	0.01376	0.00671	0.00555	0.00147	0.00489	0.00540	0.17598	0.39390
9	0.01835	0.01542	0.02184	0.05161	0.29498	0.01499	0.03171	0.16489	0.01880	0.04921	0.01388	0.01630	0.01092	0.00634	0.00632	0.00175	0.00714	0.00558	0.00448	0.24548
10	0.01712	0.01538	0.02153	0.04837	0.02133	0.03525	0.11370	0.16286	0.01758	0.04162	0.05893	0.02308	0.08085	0.01044	0.01328	0.00249	0.29553	0.00751	0.00463	0.00853
11	0.00930	0.00609	0.00837	0.00962	0.01002	0.00581	0.00661	0.00973	0.01239	0.01649	0.03205	0.54754	0.03764	0.02175	0.01266	0.17442	0.00456	0.06428	0.00562	0.00506
12	0.01915	0.03451	0.02385	0.01762	0.02263	0.05925	0.20012	0.10195	0.01742	0.11519	0.01492	0.01721	0.01131	0.00724	0.00864	0.00198	0.10376	0.00615	0.03737	0.17972
13	0.02374	0.02811	0.01860	0.01674	0.02043	0.54409	0.01269	0.06140	0.16731	0.02057	0.01457	0.01537	0.01154	0.00759	0.00637	0.00190	0.01062	0.00521	0.00442	0.00873
14	0.01842	0.01939	0.02511	0.03531	0.53807	0.16973	0.01867	0.02189	0.01640	0.02099	0.01471	0.01796	0.03945	0.00676	0.00670	0.00199	0.00884	0.00608	0.00354	0.01000
15	0.01340	0.00933	0.01027	0.00924	0.01042	0.00977	0.00605	0.15704	0.01473	0.01968	0.02045	0.03868	0.02203	0.59802	0.02881	0.00565	0.00683	0.00913	0.00473	0.00576
16	0.01636	0.03190	0.57284	0.01869	0.02781	0.01703	0.02264	0.16624	0.01825	0.02628	0.01317	0.01487	0.00930	0.00687	0.00657	0.00214	0.00956	0.00529	0.00374	0.01044
17	0.01609	0.13177	0.13015	0.17005	0.02569	0.01549	0.01422	0.08794	0.01604	0.03986	0.01258	0.01506	0.00980	0.00620	0.00579	0.00167	0.00734	0.00487	0.00388	0.28550
18	0.04777	0.13022	0.02034	0.01440	0.01896	0.17370	0.01174	0.23080	0.16933	0.05808	0.01706	0.01719	0.01292	0.00778	0.00619	0.00195	0.00776	0.00571	0.03821	0.00988
19	0.01643	0.01361	0.01471	0.01457	0.06810	0.06140	0.01017	0.18673	0.14640	0.02576	0.02584	0.18435	0.05103	0.11738	0.01128	0.00292	0.00642	0.02860	0.00586	0.00843
20	0.01325	0.01027	0.01298	0.01099	0.01388	0.01013	0.04773	0.15928	0.02118	0.02870	0.39451	0.04467	0.17913	0.01293	0.00781	0.00217	0.00469	0.01120	0.00691	0.00760

[dist]
# distance from previous block
# <min> <max>
3	8

[block]
# block no. 5 follows, 31 sequences, length 61
# corresponding to MSA columns:
# 354-414
name=unknown_F
#
# <colnr> <probs for GDERKNQSTAVLIFYWHMCP>
#	G	D	E	R	K	N	Q	S	T	A	V	L	I	F	Y	W	H	M	C	P
0	0.09222	0.06839	0.09382	0.01451	0.01984	0.03572	0.03247	0.27530	0.06576	0.13024	0.04221	0.01881	0.01425	0.01068	0.05305	0.00263	0.00799	0.00617	0.00580	0.01014
1	0.05097	0.39618	0.19184	0.05017	0.02203	0.02186	0.01510	0.08835	0.04650	0.04183	0.01229	0.01369	0.00977	0.00654	0.00543	0.00181	0.00787	0.00463	0.00371	0.00943
2	0.00888	0.00699	0.00948	0.00967	0.01108	0.00634	0.04005	0.01077	0.01492	0.01958	0.15536	0.42605	0.21861	0.01838	0.00842	0.00253	0.00409	0.01644	0.00640	0.00594
3	0.05862	0.04377	0.15824	0.04230	0.08869	0.16724	0.10246	0.11232	0.04916	0.04415	0.01343	0.01566	0.01028	0.00724	0.00761	0.00211	0.05745	0.00571	0.00409	0.00947
4	0.05949	0.23066	0.14516	0.01557	0.05122	0.06383	0.01425	0.12770	0.10096	0.10533	0.01549	0.01594	0.01162	0.00715	0.00594	0.00193	0.00768	0.00530	0.00477	0.01000
5	0.01121	0.00675	0.00811	0.00799	0.00826	0.00666	0.00479	0.01094	0.01038	0.04831	0.02093	0.06482	0.02323	0.58597	0.03131	0.12575	0.00640	0.00952	0.00426	0.00439
6	0.00906	0.04439	0.00906	0.00780	0.00997	0.00701	0.00595	0.01121	0.01643	0.02085	0.24761	0.10093	0.45361	0.01606	0.00794	0.00225	0.00362	0.01362	0.00652	0.00610
7	0.01898	0.01843	0.02188	0.02717	0.33321	0.15240	0.01587	0.05110	0.13564	0.05103	0.05611	0.01965	0.01548	0.00775	0.00755	0.00209	0.04468	0.00645	0.00459	0.00993
8	0.01670	0.08528	0.21059	0.02828	0.31989	0.03746	0.07478	0.04550	0.01589	0.04236	0.01421	0.05251	0.01191	0.00709	0.00669	0.00207	0.00869	0.00641	0.00365	0.01004
9	0.02329	0.06238	0.02040	0.01855	0.06276	0.57506	0.01353	0.02519	0.01804	0.01708	0.01228	0.01437	0.02990	0.00766	0.00756	0.00189	0.07358	0.00491	0.00353	0.00804
10	0.01022	0.00778	0.01162	0.01092	0.01209	0.00845	0.04875	0.01206	0.01097	0.01539	0.01911	0.03225	0.01925	0.28144	0.45890	0.00903	0.01407	0.00824	0.00381	0.00565
11	0.01373	0.01294	0.01773	0.01548	0.01551	0.01748	0.01243	0.01493	0.01038	0.01575	0.01198	0.02179	0.01267	0.17572	0.04556	0.00402	0.56504	0.00689	0.00326	0.00672
12	0.80789	0.01323	0.01006	0.00900	0.01323	0.01535	0.00741	0.02011	0.01164	0.03070	0.00953	0.01111	0.00741	0.00635	0.00423	0.00212	0.00529	0.00370	0.00423	0.00741
13	0.00830	0.00609	0.00780	0.00917	0.00983	0.00559	0.00619	0.00957	0.01344	0.01761	0.04208	0.65972	0.13781	0.02087	0.00864	0.00271	0.00390	0.01876	0.00635	0.00559
14	0.01517	0.00863	0.01121	0.00975	0.01238	0.00799	0.00758	0.05122	0.02005	0.18271	0.52600	0.04319	0.05133	0.01247	0.00774	0.00214	0.00402	0.01084	0.00771	0.00787
15	0.80789	0.01323	0.01006	0.00900	0.01323	0.01535	0.00741	0.02011	0.01164	0.03070	0.00953	0.01111	0.00741	0.00635	0.00423	0.00212	0.00529	0.00370	0.00423	0.00741
16	0.01198	0.01067	0.01492	0.01312	0.01422	0.01292	0.02871	0.01441	0.01480	0.02141	0.31539	0.03452	0.07823	0.01541	0.05825	0.00306	0.31650	0.00940	0.00521	0.00690
17	0.01292	0.01216	0.02052	0.74312	0.04712	0.01520	0.01900	0.01748	0.01368	0.01748	0.01216	0.01824	0.00912	0.00684	0.00684	0.00228	0.00912	0.00608	0.00304	0.00760
18	0.01785	0.01685	0.02401	0.02166	0.11320	0.04113	0.18702	0.08783	0.35748	0.02696	0.02075	0.02137	0.01568	0.00780	0.00719	0.00224	0.00775	0.00736	0.00548	0.01039
19	0.01490	0.01461	0.02405	0.45178	0.12553	0.04140	0.12119	0.04220	0.01517	0.01991	0.01260	0.01760	0.00966	0.00653	0.00689	0.00215	0.00919	0.00621	0.00336	0.05508
20	0.01796	0.71171	0.08497	0.01226	0.01842	0.02627	0.01267	0.02057	0.01394	0.01649	0.00971	0.01122	0.00877	0.00590	0.00454	0.00151	0.00752	0.00376	0.00292	0.00887
21	0.02387	0.02794	0.01868	0.01673	0.02048	0.53213	0.01272	0.08112	0.15888	0.02120	0.01452	0.01532	0.01147	0.00759	0.00638	0.00190	0.01056	0.00522	0.00448	0.00881
22	0.01694	0.01171	0.03345	0.04071	0.09076	0.01097	0.04494	0.07615	0.03818	0.17035	0.11334	0.08703	0.09945	0.01222	0.00775	0.00237	0.00610	0.12258	0.00633	0.00868
23	0.07471	0.08704	0.05178	0.12951	0.04396	0.16507	0.14630	0.04396	0.03625	0.13508	0.01474	0.01670	0.01086	0.00689	0.00654	0.00205	0.00916	0.00588	0.00440	0.00913
24	0.01739	0.53605	0.19755	0.01444	0.02125	0.04952	0.04205	0.02107	0.01432	0.01766	0.01037	0.01214	0.00882	0.00605	0.00510	0.00167	0.00832	0.00419	0.00296	0.00908
25	0.00995	0.00663	0.00746	0.00746	0.00746	0.00663	0.00415	0.00995	0.00995	0.01327	0.02156	0.04477	0.02487	0.75957	0.03482	0.00663	0.00663	0.00995	0.00415	0.00415
26	0.04051	0.01777	0.05493	0.11763	0.38308	0.06232	0.13396	0.02213	0.05975	0.02196	0.01364	0.01733	0.01088	0.00642	0.00689	0.00212	0.00892	0.00632	0.00360	0.00986
27	0.02409	0.02764	0.01820	0.01618	0.01998	0.55088	0.01229	0.05482	0.06046	0.06183	0.01553	0.01642	0.04146	0.00768	0.00632	0.00182	0.01060	0.00526	0.00432	0.04423
28	0.01419	0.01216	0.01419	0.01013	0.01621	0.00912	0.00811	0.01723	0.01419	0.02229	0.01216	0.01419	0.01013	0.00507	0.00507	0.00101	0.00507	0.00405	0.00405	0.80139
29	0.00852	0.00612	0.00826	0.00962	0.01014	0.00586	0.00655	0.00991	0.01317	0.01774	0.06416	0.66056	0.04354	0.02380	0.07346	0.00349	0.00522	0.01807	0.00616	0.00564
30	0.00931	0.00696	0.00853	0.00815	0.00986	0.00630	0.00604	0.01202	0.01802	0.02461	0.52493	0.05441	0.22122	0.04848	0.00928	0.00239	0.00344	0.01277	0.00709	0.00619
31	0.01085	0.00845	0.01003	0.00938	0.01152	0.00837	0.00711	0.01693	0.14909	0.02639	0.49154	0.04833	0.14847	0.01357	0.00786	0.00221	0.00368	0.01178	0.00726	0.00719
32	0.02675	0.01144	0.01507	0.01190	0.01660	0.01036	0.00970	0.05337	0.06172	0.55870	0.12295	0.02709	0.02367	0.00928	0.00705	0.00213	0.00549	0.00768	0.00819	0.01087
33	0.00978	0.00730	0.01086	0.01086	0.01203	0.00848	0.00838	0.01213	0.01095	0.01578	0.01845	0.02756	0.01740	0.07845	0.70572	0.01083	0.01788	0.00743	0.00368	0.00603
34	0.00980	0.00724	0.01052	0.01052	0.01157	0.00829	0.00795	0.01191	0.01085	0.01553	0.01876	0.02931	0.01816	0.14743	0.63778	0.01040	0.01674	0.00769	0.00373	0.00584
35	0.07178	0.06583	0.01852	0.01386	0.01878	0.15460	0.01130	0.17558	0.04412	0.32809	0.01939	0.01824	0.01326	0.00787	0.00643	0.00200	0.00752	0.00588	0.00650	0.01047
36	0.00959	0.00699	0.00901	0.00850	0.01016	0.00641	0.00638	0.01272	0.01914	0.02689	0.67404	0.05200	0.10413	0.01419	0.00807	0.00216	0.00324	0.01250	0.00746	0.00641
