[name]
unknown

[dist]
# distance from previous block
# <min> <max>
0	28

[block]
# block no. 0 follows, 29 sequences, length 36
# corresponding to MSA columns:
# 44-68,73-83
name=unknown_A
#
# <colnr> <probs for GDERKNQSTAVLIFYWHMCP>
#	G	D	E	R	K	N	Q	S	T	A	V	L	I	F	Y	W	H	M	C	P
0	0.03797	0.11535	0.02017	0.01603	0.05962	0.09713	0.03405	0.12219	0.13788	0.04317	0.05867	0.03173	0.05446	0.01042	0.00719	0.00224	0.00735	0.10694	0.00569	0.03177
1	0.09747	0.07988	0.08740	0.01663	0.07918	0.08212	0.01337	0.09376	0.09355	0.13523	0.02169	0.02316	0.06215	0.00885	0.00714	0.00216	0.02852	0.02641	0.00549	0.03584
2	0.06637	0.11024	0.14364	0.01545	0.02123	0.11088	0.03706	0.13699	0.01889	0.05808	0.02995	0.03894	0.03385	0.00817	0.00717	0.00200	0.04146	0.00612	0.00467	0.10883
3	0.09142	0.14443	0.11707	0.03691	0.06271	0.12513	0.01436	0.13921	0.07240	0.04319	0.01814	0.04104	0.04810	0.00837	0.00643	0.00208	0.00825	0.00633	0.00478	0.00966
4	0.08835	0.04166	0.07907	0.01875	0.09859	0.08167	0.06791	0.14273	0.06744	0.10098	0.01995	0.04264	0.04906	0.00839	0.00682	0.00211	0.00787	0.00692	0.00535	0.06373
5	0.01939	0.08295	0.15257	0.04875	0.03625	0.07646	0.01502	0.19698	0.07449	0.04952	0.08797	0.02212	0.03876	0.00884	0.00748	0.00214	0.03380	0.00683	0.00534	0.03435
6	0.01711	0.10693	0.25177	0.02074	0.13264	0.05859	0.01802	0.08169	0.08479	0.02494	0.09395	0.02067	0.01768	0.00818	0.00734	0.00216	0.03175	0.00652	0.00448	0.01004
7	0.01082	0.00894	0.00966	0.01046	0.01165	0.05366	0.00735	0.03136	0.03614	0.01972	0.06563	0.50125	0.12068	0.04547	0.00968	0.00286	0.00493	0.03700	0.00642	0.00633
8	0.01961	0.04612	0.04011	0.01630	0.06056	0.04221	0.01255	0.17345	0.35852	0.03086	0.02201	0.02153	0.01662	0.00849	0.00682	0.00214	0.00666	0.00685	0.03057	0.07801
9	0.01790	0.08941	0.19305	0.02260	0.16797	0.05357	0.07718	0.04842	0.03503	0.08246	0.03906	0.04700	0.04041	0.00807	0.00694	0.00211	0.00847	0.00700	0.00446	0.04889
10	0.07944	0.04342	0.13994	0.06126	0.02311	0.01503	0.05302	0.09251	0.05386	0.24725	0.01888	0.01956	0.01326	0.00985	0.03083	0.02491	0.03063	0.00634	0.00574	0.03118
11	0.01461	0.10787	0.08372	0.01943	0.02463	0.01532	0.29199	0.04049	0.01625	0.02168	0.06150	0.13368	0.07077	0.03440	0.02892	0.00273	0.00894	0.01007	0.00455	0.00844
12	0.01528	0.01474	0.02541	0.20511	0.38529	0.01526	0.08315	0.01945	0.01570	0.02140	0.02022	0.04849	0.08283	0.00825	0.00741	0.00226	0.00841	0.00791	0.00387	0.00957
13	0.02153	0.04456	0.25566	0.07633	0.04992	0.01486	0.05730	0.07289	0.01823	0.26376	0.01933	0.04307	0.01373	0.00807	0.00707	0.00224	0.00840	0.00677	0.00552	0.01075
14	0.01320	0.01232	0.02068	0.69505	0.04703	0.01530	0.01909	0.01776	0.01421	0.01819	0.01404	0.05675	0.01145	0.00791	0.00722	0.00240	0.00921	0.00705	0.00334	0.00780
15	0.01372	0.00836	0.00968	0.00906	0.01203	0.00721	0.00720	0.01590	0.01712	0.16443	0.05878	0.06065	0.47974	0.01630	0.00832	0.00247	0.00447	0.09016	0.00707	0.00736
16	0.01536	0.07008	0.60798	0.02009	0.04913	0.01696	0.02434	0.02349	0.04173	0.04629	0.01382	0.01570	0.00989	0.00690	0.00670	0.00222	0.00997	0.00540	0.00339	0.01056
17	0.01694	0.01505	0.04559	0.39622	0.25874	0.01597	0.01962	0.04560	0.01615	0.08092	0.01440	0.01880	0.01086	0.00706	0.00709	0.00226	0.00883	0.00637	0.00391	0.00961
18	0.02660	0.03394	0.02018	0.01834	0.02201	0.72116	0.01376	0.02843	0.02018	0.01743	0.01101	0.01284	0.00917	0.00734	0.00642	0.00183	0.01284	0.00459	0.00367	0.00825
19	0.01424	0.01375	0.02412	0.58784	0.12497	0.01615	0.08007	0.01904	0.01470	0.01921	0.01290	0.01885	0.00982	0.00693	0.00723	0.00235	0.00960	0.00652	0.00325	0.00846
20	0.01783	0.01877	0.10368	0.02423	0.03066	0.01595	0.42896	0.02301	0.01663	0.11605	0.01920	0.05878	0.03791	0.00806	0.00884	0.00242	0.04624	0.00865	0.00449	0.00963
21	0.01577	0.01518	0.02615	0.33941	0.35501	0.01654	0.06564	0.02083	0.03623	0.02124	0.01362	0.01860	0.01080	0.00676	0.00718	0.00226	0.00906	0.00653	0.00349	0.00971
22	0.03195	0.01212	0.01652	0.01267	0.01818	0.01047	0.01047	0.03470	0.02038	0.71026	0.02809	0.02424	0.01763	0.00881	0.00716	0.00220	0.00606	0.00716	0.00881	0.01212
23	0.00963	0.00753	0.01083	0.01193	0.03799	0.00704	0.04287	0.01136	0.01428	0.01890	0.05971	0.53103	0.11150	0.05855	0.01034	0.00299	0.00485	0.03624	0.00625	0.00619
24	0.01564	0.01480	0.05234	0.01672	0.07945	0.07485	0.03493	0.09341	0.05304	0.04579	0.02813	0.28368	0.06516	0.01434	0.00928	0.00255	0.06593	0.03599	0.00566	0.00831
25	0.00864	0.00635	0.00810	0.00950	0.01022	0.00582	0.00643	0.00996	0.01403	0.01834	0.04430	0.64106	0.14788	0.02165	0.00899	0.00282	0.00405	0.01944	0.00661	0.00582
26	0.01500	0.01424	0.02416	0.47691	0.29265	0.01623	0.02055	0.01955	0.01497	0.02008	0.01293	0.01848	0.01016	0.00683	0.00709	0.00228	0.00911	0.00633	0.00330	0.00916
27	0.01576	0.01888	0.12342	0.10862	0.27953	0.01609	0.20973	0.02094	0.01593	0.02218	0.01604	0.04620	0.01386	0.00783	0.00766	0.00235	0.00960	0.05180	0.00375	0.00982
28	0.02871	0.01502	0.01884	0.01603	0.06642	0.01486	0.01223	0.23286	0.05966	0.42270	0.02375	0.02171	0.01571	0.00861	0.00715	0.00219	0.00675	0.00692	0.00785	0.01201
29	0.01649	0.01593	0.02764	0.22204	0.49943	0.01669	0.05609	0.02095	0.01573	0.02192	0.01326	0.01806	0.01079	0.00653	0.00714	0.00220	0.00892	0.00645	0.00344	0.01031
30	0.01114	0.00955	0.04468	0.01074	0.01273	0.00830	0.00839	0.08212	0.01703	0.02260	0.10791	0.41535	0.15132	0.01846	0.00862	0.00265	0.00480	0.05013	0.00661	0.00686
31	0.01335	0.00988	0.01311	0.01227	0.03935	0.00967	0.04144	0.06251	0.07709	0.05856	0.36619	0.10275	0.10879	0.01348	0.00804	0.00230	0.00469	0.01188	0.03677	0.00789
32	0.02158	0.01403	0.01686	0.01508	0.06461	0.01417	0.01119	0.19505	0.13037	0.19147	0.09660	0.05420	0.05838	0.01002	0.00727	0.00216	0.00606	0.00832	0.00708	0.07548
33	0.01570	0.01510	0.02156	0.01924	0.05259	0.01996	0.03945	0.04726	0.01240	0.01867	0.01133	0.01845	0.01106	0.06365	0.04692	0.00355	0.56506	0.00666	0.00344	0.00794
34	0.01571	0.01431	0.01578	0.01259	0.04863	0.05854	0.00941	0.01883	0.01520	0.02281	0.01258	0.01476	0.01049	0.00546	0.00543	0.00116	0.00594	0.00434	0.00415	0.70389
35	0.01168	0.01062	0.04490	0.01418	0.06109	0.03373	0.01063	0.01450	0.01231	0.01761	0.01814	0.02634	0.01670	0.06368	0.55180	0.00935	0.03499	0.00734	0.03347	0.00694

[dist]
# distance from previous block
# <min> <max>
1	19

[block]
# block no. 1 follows, 29 sequences, length 28
# corresponding to MSA columns:
# 103-130
name=unknown_B
#
# <colnr> <probs for GDERKNQSTAVLIFYWHMCP>
#	G	D	E	R	K	N	Q	S	T	A	V	L	I	F	Y	W	H	M	C	P
0	0.11498	0.03936	0.08596	0.01600	0.04900	0.01737	0.03739	0.26464	0.09067	0.09579	0.05925	0.02021	0.01609	0.00829	0.00671	0.00214	0.00712	0.00656	0.03068	0.03177
1	0.07127	0.03466	0.06100	0.01530	0.06793	0.01352	0.04568	0.11457	0.05772	0.10835	0.18012	0.03334	0.12257	0.01086	0.00788	0.00226	0.02846	0.00904	0.00629	0.00917
2	0.11469	0.15078	0.10453	0.04296	0.11056	0.08347	0.09059	0.08918	0.03574	0.02503	0.05476	0.01753	0.01364	0.00724	0.00639	0.00204	0.00848	0.00592	0.00425	0.03223
3	0.26339	0.06441	0.02069	0.02255	0.23963	0.06191	0.01400	0.12170	0.05654	0.02897	0.03444	0.01656	0.01233	0.00725	0.00609	0.00211	0.00735	0.00560	0.00466	0.00982
4	0.05316	0.01952	0.02027	0.14603	0.11704	0.15932	0.01488	0.14877	0.17679	0.02709	0.01693	0.01855	0.01295	0.00784	0.00683	0.00215	0.00854	0.00623	0.00508	0.03201
5	0.01318	0.00965	0.01204	0.01114	0.01368	0.00959	0.02593	0.04069	0.13817	0.06679	0.29213	0.13381	0.13108	0.01468	0.00826	0.00244	0.00465	0.05694	0.00726	0.00788
6	0.00920	0.00753	0.00825	0.00847	0.01049	0.00684	0.00621	0.01214	0.05878	0.02001	0.08901	0.20848	0.46755	0.01943	0.03215	0.00280	0.00435	0.01536	0.00661	0.00634
7	0.01784	0.01641	0.02659	0.17631	0.50086	0.01727	0.02053	0.09383	0.01773	0.02465	0.01366	0.01783	0.01102	0.00674	0.00707	0.00217	0.00859	0.00635	0.00385	0.01071
8	0.01074	0.00807	0.00970	0.00899	0.01111	0.00752	0.00683	0.05520	0.02002	0.02726	0.50024	0.05473	0.22286	0.01505	0.00832	0.00227	0.00371	0.01300	0.00749	0.00688
9	0.15780	0.07053	0.05562	0.02309	0.07109	0.07024	0.31717	0.10450	0.01803	0.02638	0.01326	0.01633	0.01015	0.00658	0.00698	0.00221	0.00981	0.00651	0.00412	0.00959
10	0.61402	0.01584	0.01267	0.01096	0.01551	0.07186	0.00893	0.08515	0.01534	0.07759	0.01190	0.01304	0.00891	0.00700	0.00501	0.00217	0.00635	0.00438	0.00490	0.00847
11	0.01901	0.01838	0.02287	0.01946	0.05915	0.11318	0.15988	0.12590	0.22135	0.02796	0.09116	0.02543	0.04548	0.00900	0.00752	0.00226	0.00821	0.00807	0.00577	0.00995
12	0.01649	0.01599	0.02793	0.21934	0.48812	0.01672	0.06949	0.02098	0.01575	0.02193	0.01328	0.01809	0.01079	0.00652	0.00717	0.00220	0.00898	0.00649	0.00344	0.01029
13	0.01008	0.00732	0.00969	0.00953	0.01066	0.00760	0.00688	0.01214	0.01386	0.01930	0.21093	0.04234	0.07710	0.22193	0.30150	0.00715	0.01060	0.01025	0.00523	0.00590
14	0.01098	0.00939	0.01288	0.06751	0.13633	0.00893	0.00995	0.01391	0.01717	0.02251	0.22912	0.05206	0.33175	0.01426	0.00812	0.00234	0.00493	0.03443	0.00615	0.00730
15	0.01904	0.75404	0.03731	0.01218	0.01828	0.02818	0.01218	0.02132	0.01447	0.01675	0.00990	0.01142	0.00914	0.00609	0.00457	0.00152	0.00761	0.00381	0.00305	0.00914
16	0.02266	0.01776	0.01889	0.01549	0.02040	0.02002	0.01247	0.37837	0.34388	0.03777	0.02269	0.02156	0.01664	0.00907	0.00718	0.00227	0.00680	0.00718	0.00718	0.01171
17	0.68809	0.01286	0.01025	0.00942	0.01344	0.01475	0.00777	0.02019	0.01262	0.03082	0.01280	0.01740	0.01078	0.00763	0.00482	0.00224	0.00542	0.04908	0.06205	0.00755
18	0.75006	0.01366	0.01086	0.00958	0.01406	0.01562	0.00789	0.02183	0.01266	0.07610	0.01110	0.01239	0.00836	0.00675	0.00459	0.00220	0.00554	0.00407	0.00469	0.00800
19	0.80005	0.01377	0.01047	0.00936	0.01377	0.01597	0.00771	0.02093	0.01212	0.03195	0.00991	0.01157	0.00771	0.00661	0.00441	0.00220	0.00551	0.00386	0.00441	0.00771
20	0.01036	0.00690	0.00777	0.00777	0.00777	0.00690	0.00431	0.01036	0.01036	0.01381	0.02244	0.04660	0.02589	0.74975	0.03624	0.00690	0.00690	0.01036	0.00431	0.00431
21	0.00875	0.00623	0.00824	0.00982	0.01021	0.00583	0.00651	0.00993	0.01349	0.01798	0.03849	0.71357	0.04614	0.05515	0.01031	0.00307	0.00426	0.01980	0.00651	0.00572
22	0.00855	0.00670	0.00774	0.00857	0.00998	0.00590	0.00601	0.01007	0.01492	0.01870	0.05556	0.40949	0.37218	0.02019	0.00875	0.00265	0.00387	0.01766	0.00661	0.00590
23	0.01461	0.08624	0.66632	0.01974	0.02995	0.01734	0.02534	0.02247	0.01499	0.02215	0.01258	0.01478	0.00903	0.00672	0.00661	0.00220	0.01032	0.00516	0.00301	0.01043
24	0.01512	0.03097	0.48977	0.02353	0.03295	0.01703	0.24352	0.02264	0.01562	0.02264	0.01332	0.01642	0.00961	0.00651	0.00731	0.00230	0.01102	0.00631	0.00320	0.01022
25	0.01729	0.17094	0.04370	0.13045	0.06710	0.06898	0.01345	0.06221	0.06627	0.04086	0.06005	0.04688	0.03233	0.00842	0.00706	0.00198	0.03438	0.00664	0.00454	0.11647
26	0.06259	0.32021	0.04729	0.01338	0.01861	0.04857	0.05992	0.02201	0.07783	0.04115	0.12269	0.02089	0.01992	0.00785	0.00598	0.00183	0.00698	0.00619	0.00462	0.09148
27	0.11069	0.09995	0.22985	0.01663	0.05026	0.03960	0.06112	0.02211	0.03432	0.09556	0.04057	0.08079	0.03551	0.00911	0.00673	0.00222	0.00787	0.02252	0.02530	0.00929

[dist]
# distance from previous block
# <min> <max>
5	21

[block]
# block no. 2 follows, 29 sequences, length 10
# corresponding to MSA columns:
# 152-161
name=unknown_C
#
# <colnr> <probs for GDERKNQSTAVLIFYWHMCP>
#	G	D	E	R	K	N	Q	S	T	A	V	L	I	F	Y	W	H	M	C	P
0	0.01380	0.01374	0.08708	0.01488	0.08526	0.01144	0.01131	0.09023	0.08209	0.02502	0.12665	0.11987	0.17329	0.01315	0.00847	0.03393	0.00574	0.01066	0.00589	0.06752
1	0.01520	0.09321	0.01712	0.05672	0.01781	0.03702	0.04686	0.02027	0.09821	0.08427	0.19447	0.06535	0.09937	0.01370	0.05029	0.00270	0.00668	0.00945	0.00597	0.06533
2	0.01776	0.10115	0.19289	0.01676	0.04943	0.01639	0.05675	0.10733	0.11497	0.08523	0.05448	0.04713	0.09010	0.00946	0.00711	0.00222	0.00754	0.00789	0.00541	0.01000
3	0.01890	0.20856	0.18172	0.01806	0.06485	0.11560	0.05221	0.04630	0.01707	0.07068	0.08159	0.01878	0.01585	0.00794	0.00747	0.00205	0.05262	0.00603	0.00422	0.00949
4	0.01651	0.20611	0.11440	0.01306	0.01920	0.05644	0.01230	0.02194	0.09001	0.02219	0.05512	0.01745	0.01454	0.00684	0.00576	0.00160	0.00693	0.00522	0.00428	0.31010
5	0.05572	0.01358	0.05813	0.01221	0.01730	0.01121	0.01032	0.07365	0.01828	0.38083	0.02237	0.02453	0.01643	0.11933	0.01110	0.00273	0.00645	0.00688	0.00676	0.13222
6	0.01346	0.01383	0.08979	0.01108	0.01634	0.00987	0.00986	0.05327	0.01703	0.02457	0.14296	0.03109	0.14252	0.00949	0.00664	0.00169	0.00537	0.00787	0.00530	0.38798
7	0.01332	0.01110	0.03763	0.01009	0.01329	0.03988	0.00805	0.05283	0.01761	0.07442	0.14665	0.12333	0.28528	0.03993	0.00880	0.00238	0.00502	0.01202	0.00639	0.09198
8	0.00923	0.00696	0.00817	0.00852	0.00987	0.00632	0.00600	0.01096	0.01542	0.02001	0.17945	0.22937	0.28110	0.13775	0.01317	0.00326	0.00433	0.03780	0.00648	0.00584
9	0.07762	0.10094	0.19493	0.01526	0.05863	0.01497	0.01432	0.06691	0.01637	0.02492	0.05885	0.01712	0.01374	0.00676	0.00595	0.00172	0.00711	0.00527	0.00421	0.29440

[dist]
# distance from previous block
# <min> <max>
0	1

[block]
# block no. 3 follows, 29 sequences, length 30
# corresponding to MSA columns:
# 163-192
name=unknown_D
#
# <colnr> <probs for GDERKNQSTAVLIFYWHMCP>
#	G	D	E	R	K	N	Q	S	T	A	V	L	I	F	Y	W	H	M	C	P
0	0.01838	0.29140	0.10668	0.02058	0.15123	0.04918	0.04979	0.02498	0.13112	0.04602	0.03552	0.01774	0.01378	0.00722	0.00622	0.00197	0.00803	0.00583	0.00425	0.01009
1	0.01138	0.00911	0.01336	0.23581	0.02289	0.01044	0.01107	0.01476	0.04351	0.01787	0.02219	0.16954	0.02250	0.14337	0.18880	0.00544	0.00999	0.01014	0.03121	0.00663
2	0.01567	0.09483	0.13685	0.01322	0.01955	0.05841	0.01247	0.01938	0.01491	0.02158	0.01321	0.04398	0.01148	0.00676	0.00650	0.00153	0.03996	0.00512	0.00390	0.46070
3	0.01512	0.04785	0.24913	0.04073	0.02210	0.05047	0.01589	0.04695	0.16640	0.02366	0.05608	0.02876	0.13798	0.01021	0.00826	0.00233	0.05576	0.00800	0.00499	0.00935
4	0.01327	0.00664	0.00664	0.00664	0.00830	0.00664	0.00498	0.01659	0.01493	0.02655	0.02323	0.02655	0.01825	0.00830	0.00498	0.00166	0.00332	0.00664	0.78928	0.00664
5	0.01255	0.06788	0.23152	0.01772	0.09391	0.01243	0.04345	0.01676	0.01514	0.02113	0.08603	0.29670	0.02919	0.01327	0.00775	0.00244	0.00707	0.01182	0.00491	0.00832
6	0.01616	0.12056	0.44917	0.02250	0.12075	0.05287	0.04579	0.02325	0.04396	0.02200	0.01316	0.01547	0.00995	0.00675	0.00660	0.00214	0.00984	0.00543	0.00331	0.01034
7	0.01327	0.00664	0.00664	0.00664	0.00830	0.00664	0.00498	0.01659	0.01493	0.02655	0.02323	0.02655	0.01825	0.00830	0.00498	0.00166	0.00332	0.00664	0.78928	0.00664
8	0.23306	0.01847	0.06006	0.02262	0.11199	0.04570	0.24776	0.09705	0.01737	0.02751	0.01556	0.01828	0.03912	0.00710	0.00683	0.00225	0.00890	0.00663	0.00431	0.00942
9	0.01789	0.20490	0.16104	0.02886	0.31814	0.06723	0.06168	0.02236	0.01586	0.02109	0.01231	0.01537	0.01015	0.00641	0.00642	0.00199	0.00916	0.00552	0.00332	0.01029
10	0.01566	0.02262	0.28655	0.07528	0.09492	0.01450	0.07411	0.05328	0.01663	0.05135	0.04227	0.02308	0.04003	0.00801	0.00706	0.00214	0.00859	0.03930	0.00422	0.12042
11	0.01024	0.00698	0.00807	0.00807	0.00831	0.00704	0.00478	0.01056	0.01075	0.01432	0.02460	0.04600	0.05879	0.65040	0.09684	0.00709	0.00784	0.01034	0.00438	0.00458
12	0.07271	0.03297	0.01864	0.01850	0.15628	0.01251	0.02976	0.04815	0.01839	0.32689	0.08395	0.02625	0.04447	0.04228	0.00833	0.00235	0.00645	0.00754	0.00658	0.03696
13	0.01836	0.48926	0.13379	0.01513	0.04622	0.04969	0.01458	0.02411	0.11051	0.01972	0.01319	0.01438	0.01098	0.00675	0.00543	0.00179	0.00799	0.00475	0.00367	0.00969
14	0.02707	0.01995	0.02137	0.01638	0.02208	0.02208	0.01353	0.68159	0.03348	0.04488	0.01710	0.01710	0.01211	0.00855	0.00712	0.00214	0.00784	0.00641	0.00712	0.01211
15	0.01081	0.00710	0.01019	0.01019	0.01089	0.00779	0.00734	0.01134	0.01065	0.01490	0.01781	0.02953	0.01773	0.16908	0.40793	0.22686	0.01335	0.00771	0.00370	0.00509
16	0.00868	0.00620	0.00826	0.00991	0.01033	0.00578	0.00661	0.00991	0.01363	0.01818	0.03925	0.74510	0.04710	0.02231	0.00909	0.00289	0.00413	0.02024	0.00661	0.00578
17	0.00976	0.00688	0.00868	0.00940	0.00996	0.00683	0.00636	0.01088	0.01245	0.01659	0.03166	0.28965	0.06693	0.31341	0.10516	0.00551	0.00721	0.07197	0.00536	0.00535
18	0.01999	0.15150	0.05667	0.02385	0.12580	0.12984	0.20935	0.05127	0.05844	0.05826	0.01440	0.01694	0.01128	0.00701	0.00749	0.00211	0.03552	0.00632	0.00410	0.00986
19	0.02105	0.02230	0.01888	0.01823	0.07070	0.28928	0.01319	0.07516	0.24391	0.02383	0.01822	0.01951	0.01448	0.01233	0.06898	0.00296	0.04599	0.00634	0.00508	0.00957
20	0.01036	0.00690	0.00777	0.00777	0.00777	0.00690	0.00431	0.01036	0.01036	0.01381	0.02244	0.04660	0.02589	0.74975	0.03624	0.00690	0.00690	0.01036	0.00431	0.00431
21	0.13412	0.29268	0.11328	0.01514	0.05299	0.09182	0.01351	0.04530	0.07760	0.02268	0.03309	0.05156	0.01376	0.00784	0.00580	0.00197	0.00778	0.00575	0.00416	0.00918
22	0.01119	0.01010	0.04090	0.01257	0.01362	0.01104	0.00999	0.01318	0.01179	0.01691	0.02130	0.17353	0.02263	0.12023	0.31854	0.00704	0.16458	0.01014	0.00427	0.00646
23	0.02157	0.01852	0.04434	0.05594	0.14657	0.10154	0.03783	0.22455	0.02192	0.09280	0.01786	0.07181	0.01459	0.00861	0.00700	0.00210	0.00809	0.00717	0.03723	0.05994
24	0.01216	0.00755	0.00963	0.00891	0.01087	0.00699	0.00675	0.01546	0.01944	0.07897	0.55577	0.04728	0.05660	0.01325	0.00782	0.00215	0.00355	0.01157	0.11819	0.00711
25	0.01327	0.00664	0.00664	0.00664	0.00830	0.00664	0.00498	0.01659	0.01493	0.02655	0.02323	0.02655	0.01825	0.00830	0.00498	0.00166	0.00332	0.00664	0.78928	0.00664
26	0.01904	0.75404	0.03731	0.01218	0.01828	0.02818	0.01218	0.02132	0.01447	0.01675	0.00990	0.01142	0.00914	0.00609	0.00457	0.00152	0.00761	0.00381	0.00305	0.00914
27	0.08285	0.05050	0.09560	0.02636	0.29283	0.03991	0.01710	0.15791	0.01969	0.09903	0.01602	0.04269	0.01269	0.00770	0.00678	0.00214	0.00802	0.00646	0.00492	0.01079
28	0.01327	0.00664	0.00664	0.00664	0.00830	0.00664	0.00498	0.01659	0.01493	0.02655	0.02323	0.02655	0.01825	0.00830	0.00498	0.00166	0.00332	0.00664	0.78928	0.00664
29	0.01462	0.01389	0.02331	0.52135	0.21533	0.01640	0.02010	0.01908	0.01458	0.01944	0.01268	0.01847	0.00994	0.00718	0.00790	0.00234	0.04505	0.00633	0.00325	0.00877

[dist]
# distance from previous block
# <min> <max>
1	19

[block]
# block no. 4 follows, 29 sequences, length 107
# corresponding to MSA columns:
# 214-320
name=unknown_E
#
# <colnr> <probs for GDERKNQSTAVLIFYWHMCP>
#	G	D	E	R	K	N	Q	S	T	A	V	L	I	F	Y	W	H	M	C	P
0	0.01610	0.27775	0.32063	0.01614	0.04149	0.01911	0.01770	0.02117	0.01482	0.02071	0.01178	0.01381	0.00943	0.00622	0.00571	0.00176	0.00840	0.00458	0.00328	0.16940
1	0.30429	0.12384	0.32729	0.01488	0.02222	0.01796	0.01678	0.02258	0.04896	0.02560	0.01218	0.01387	0.00921	0.00677	0.00563	0.00215	0.00803	0.00469	0.00375	0.00934
2	0.01518	0.01802	0.13378	0.11795	0.37048	0.01511	0.03591	0.02032	0.03961	0.02206	0.02023	0.07629	0.06670	0.00871	0.00731	0.00227	0.00821	0.00799	0.00400	0.00989
3	0.01498	0.01469	0.02066	0.01789	0.01803	0.02037	0.01484	0.01665	0.01097	0.01707	0.01043	0.01696	0.01029	0.01702	0.10099	0.00404	0.65693	0.00639	0.00319	0.00763
4	0.02276	0.01835	0.06634	0.04991	0.16151	0.01820	0.01543	0.32058	0.09384	0.10257	0.01845	0.01921	0.01342	0.00806	0.00702	0.00217	0.00762	0.00657	0.03663	0.01137
5	0.00868	0.00620	0.00826	0.00991	0.01033	0.00578	0.00661	0.00991	0.01363	0.01818	0.03925	0.74510	0.04710	0.02231	0.00909	0.00289	0.00413	0.02024	0.00661	0.00578
6	0.00842	0.00721	0.00721	0.00721	0.00962	0.00601	0.00541	0.01022	0.01623	0.01924	0.07213	0.06853	0.70244	0.01803	0.00842	0.00240	0.00361	0.01503	0.00661	0.00601
7	0.01771	0.01530	0.01610	0.01449	0.01852	0.01771	0.01127	0.03784	0.69247	0.02979	0.02898	0.02657	0.02174	0.00966	0.00725	0.00242	0.00564	0.00805	0.00725	0.01127
8	0.01575	0.01500	0.02551	0.35319	0.41051	0.01643	0.02092	0.02021	0.01533	0.02099	0.01306	0.01823	0.01048	0.00669	0.00708	0.00223	0.00892	0.00634	0.00336	0.00977
9	0.01902	0.01595	0.01684	0.01476	0.01901	0.01832	0.01159	0.12781	0.60037	0.03190	0.02732	0.02524	0.02039	0.00951	0.00723	0.00238	0.00594	0.00782	0.00723	0.01139
10	0.01555	0.22758	0.53319	0.01814	0.02748	0.01963	0.02255	0.02222	0.01488	0.02101	0.01201	0.01407	0.00905	0.00659	0.00618	0.00206	0.00975	0.00487	0.00302	0.01016
11	0.03074	0.01181	0.01610	0.01253	0.01777	0.01022	0.01027	0.03342	0.02003	0.67444	0.02867	0.06156	0.01915	0.00951	0.00726	0.00224	0.00596	0.00784	0.00870	0.01179
12	0.01615	0.01516	0.02554	0.10841	0.54658	0.01544	0.01985	0.02013	0.01581	0.02223	0.01671	0.08157	0.01559	0.00843	0.00737	0.00226	0.00811	0.04053	0.00390	0.01024
13	0.02276	0.10743	0.02868	0.02210	0.08840	0.17387	0.20979	0.05996	0.03989	0.15363	0.01623	0.01781	0.01200	0.00712	0.00705	0.00209	0.00980	0.00647	0.00483	0.01006
14	0.01532	0.05169	0.48957	0.01928	0.05572	0.01659	0.02172	0.05711	0.09976	0.02488	0.06694	0.01944	0.01523	0.00776	0.00691	0.00224	0.00907	0.00624	0.00413	0.01040
15	0.01018	0.00758	0.01120	0.01120	0.01239	0.00877	0.00860	0.01256	0.01137	0.01635	0.01929	0.02919	0.01833	0.09877	0.67689	0.01115	0.01828	0.00781	0.00385	0.00622
16	0.00868	0.00620	0.00826	0.00991	0.01033	0.00578	0.00661	0.00991	0.01363	0.01818	0.03925	0.74510	0.04710	0.02231	0.00909	0.00289	0.00413	0.02024	0.00661	0.00578
17	0.00868	0.00620	0.00826	0.00991	0.01033	0.00578	0.00661	0.00991	0.01363	0.01818	0.03925	0.74510	0.04710	0.02231	0.00909	0.00289	0.00413	0.02024	0.00661	0.00578
18	0.01727	0.01655	0.02826	0.10271	0.64912	0.01682	0.02168	0.02154	0.01604	0.02283	0.01333	0.01774	0.01113	0.00641	0.00706	0.00214	0.00855	0.00634	0.00349	0.01099
19	0.01859	0.68707	0.10039	0.01294	0.01945	0.02709	0.01350	0.02144	0.01452	0.01729	0.01017	0.01176	0.00913	0.00615	0.00477	0.00159	0.00789	0.00394	0.00304	0.00927
20	0.01281	0.00675	0.00707	0.00707	0.00873	0.00681	0.00533	0.01600	0.01469	0.02539	0.02486	0.02838	0.04606	0.01256	0.06649	0.00253	0.00468	0.00706	0.69015	0.00659
21	0.01904	0.75404	0.03731	0.01218	0.01828	0.02818	0.01218	0.02132	0.01447	0.01675	0.00990	0.01142	0.00914	0.00609	0.00457	0.00152	0.00761	0.00381	0.00305	0.00914
22	0.00935	0.00659	0.00796	0.00876	0.00919	0.00627	0.00554	0.01013	0.01251	0.01645	0.03534	0.38985	0.10012	0.32536	0.02035	0.00452	0.00524	0.01563	0.00565	0.00519
23	0.01874	0.60278	0.11376	0.01350	0.01990	0.05584	0.01384	0.02261	0.04917	0.01811	0.01125	0.01267	0.00976	0.00640	0.00504	0.00167	0.00807	0.00422	0.00328	0.00937
24	0.01710	0.01653	0.02866	0.12301	0.59683	0.01684	0.05343	0.02147	0.01601	0.02265	0.01336	0.01786	0.01105	0.00642	0.00712	0.00216	0.00875	0.00644	0.00349	0.01081
25	0.01345	0.01266	0.02136	0.73264	0.04904	0.01582	0.01978	0.01819	0.01424	0.01819	0.01266	0.01898	0.00949	0.00712	0.00712	0.00237	0.00949	0.00633	0.00316	0.00791
26	0.05484	0.16568	0.53182	0.01793	0.02702	0.01830	0.02217	0.02185	0.01474	0.02183	0.01294	0.03704	0.01017	0.00712	0.00632	0.00214	0.00954	0.00539	0.00320	0.00998
27	0.01492	0.01279	0.01483	0.01075	0.01696	0.00991	0.00858	0.01894	0.04915	0.02354	0.01348	0.01536	0.01111	0.00550	0.00537	0.00112	0.00529	0.00441	0.00437	0.75361
28	0.01610	0.01160	0.01410	0.01128	0.03582	0.00922	0.00860	0.01918	0.01620	0.11202	0.09151	0.02402	0.06313	0.00767	0.00609	0.00147	0.00510	0.00636	0.02989	0.51063
29	0.00868	0.00620	0.00826	0.00991	0.01033	0.00578	0.00661	0.00991	0.01363	0.01818	0.03925	0.74510	0.04710	0.02231	0.00909	0.00289	0.00413	0.02024	0.00661	0.00578
30	0.01649	0.01570	0.02667	0.17069	0.55534	0.01627	0.02086	0.02069	0.01574	0.02212	0.01429	0.04692	0.01238	0.00713	0.00714	0.00219	0.00848	0.00690	0.00358	0.01043
31	0.01047	0.00714	0.00900	0.00900	0.00955	0.00760	0.00598	0.01157	0.01102	0.01554	0.02129	0.03878	0.02256	0.45794	0.27746	0.00820	0.01100	0.00916	0.05155	0.00518
32	0.00851	0.00718	0.00736	0.00739	0.00969	0.00604	0.00552	0.01037	0.01633	0.01966	0.10186	0.09154	0.64826	0.01801	0.00844	0.00241	0.00361	0.01511	0.00667	0.00604
33	0.01908	0.01575	0.04682	0.01620	0.06604	0.01602	0.01246	0.30619	0.12062	0.03310	0.08639	0.11879	0.04524	0.01177	0.00770	0.00237	0.00660	0.05216	0.00666	0.01003
34	0.01497	0.01439	0.02501	0.43104	0.27010	0.01608	0.06597	0.01954	0.01507	0.02024	0.01372	0.03743	0.01117	0.00717	0.00724	0.00230	0.00918	0.00684	0.00341	0.00912
35	0.01832	0.01669	0.02830	0.04220	0.67209	0.01661	0.02130	0.02247	0.01642	0.05650	0.01411	0.01794	0.01159	0.00646	0.00705	0.00212	0.00834	0.00638	0.00378	0.01132
36	0.02660	0.03394	0.02018	0.01834	0.02201	0.72116	0.01376	0.02843	0.02018	0.01743	0.01101	0.01284	0.00917	0.00734	0.00642	0.00183	0.01284	0.00459	0.00367	0.00825
37	0.01477	0.01266	0.01477	0.01055	0.01687	0.00949	0.00844	0.01793	0.01477	0.02320	0.01266	0.01477	0.01055	0.00527	0.00527	0.00105	0.00527	0.00422	0.00422	0.79328
38	0.01549	0.01546	0.02179	0.04720	0.01991	0.02157	0.01575	0.01718	0.01104	0.01718	0.00948	0.01571	0.00935	0.01225	0.02272	0.00309	0.70769	0.00624	0.00312	0.00779
39	0.02466	0.05634	0.02147	0.05435	0.06757	0.58835	0.01460	0.02680	0.01906	0.01781	0.01114	0.01351	0.00933	0.00743	0.00712	0.00192	0.04168	0.00482	0.00359	0.00845
40	0.01875	0.01242	0.01578	0.01279	0.01679	0.01216	0.04419	0.19322	0.02280	0.14251	0.26959	0.03648	0.07002	0.01135	0.00771	0.00218	0.00570	0.03532	0.00723	0.06304
41	0.01653	0.01588	0.02186	0.42393	0.03761	0.10142	0.07181	0.02165	0.05955	0.05282	0.01550	0.02197	0.01237	0.00829	0.00832	0.00240	0.05556	0.04014	0.00397	0.00844
42	0.01226	0.00625	0.00938	0.00938	0.00944	0.00632	0.00632	0.00944	0.00938	0.01257	0.01269	0.02195	0.01263	0.02612	0.06139	0.75502	0.00681	0.00625	0.00313	0.00325
43	0.75001	0.01366	0.01086	0.00958	0.01406	0.01562	0.00789	0.02183	0.01266	0.07614	0.01110	0.01239	0.00836	0.00675	0.00459	0.00220	0.00554	0.00407	0.00469	0.00800
44	0.01611	0.14518	0.51842	0.01873	0.02758	0.04701	0.02257	0.05043	0.01574	0.02214	0.01228	0.01451	0.00919	0.00704	0.00723	0.00216	0.04519	0.00511	0.00322	0.01016
45	0.01147	0.00820	0.01147	0.01311	0.01475	0.00820	0.01147	0.01475	0.01639	0.02131	0.03770	0.08032	0.04098	0.01967	0.00984	0.00328	0.00656	0.65741	0.00656	0.00656
46	0.01726	0.01654	0.02806	0.04228	0.67822	0.01649	0.02121	0.02140	0.01621	0.02311	0.01568	0.01961	0.03821	0.00680	0.00710	0.00213	0.00827	0.00668	0.00365	0.01107
47	0.00868	0.00620	0.00826	0.00991	0.01033	0.00578	0.00661	0.00991	0.01363	0.01818	0.03925	0.74510	0.04710	0.02231	0.00909	0.00289	0.00413	0.02024	0.00661	0.00578
48	0.01017	0.00763	0.01144	0.01144	0.01272	0.00890	0.00890	0.01272	0.01144	0.01653	0.01907	0.02797	0.01780	0.05340	0.72153	0.01144	0.01907	0.00763	0.00381	0.00636
49	0.00868	0.00620	0.00826	0.00991	0.01033	0.00578	0.00661	0.00991	0.01363	0.01818	0.03925	0.74510	0.04710	0.02231	0.00909	0.00289	0.00413	0.02024	0.00661	0.00578
50	0.01511	0.01648	0.05468	0.09346	0.02741	0.01840	0.22724	0.01864	0.01352	0.01936	0.01401	0.08000	0.01307	0.01049	0.01507	0.00276	0.34030	0.00810	0.00357	0.00832
51	0.00966	0.00728	0.00895	0.00963	0.01104	0.00665	0.00683	0.03096	0.01526	0.02010	0.07768	0.48474	0.18307	0.01963	0.00868	0.00265	0.00424	0.03952	0.00656	0.04686
52	0.01681	0.01921	0.04202	0.03001	0.03721	0.01801	0.67947	0.02281	0.01681	0.02281	0.01441	0.01921	0.01080	0.00600	0.00840	0.00240	0.01200	0.00840	0.00360	0.00960
53	0.00951	0.00726	0.00873	0.00836	0.01029	0.00648	0.00627	0.01233	0.01881	0.02535	0.48544	0.05846	0.28532	0.01575	0.00840	0.00230	0.00344	0.01362	0.00742	0.00648
54	0.01397	0.03107	0.55094	0.02076	0.07227	0.01558	0.04189	0.02097	0.01502	0.02202	0.01740	0.06126	0.04738	0.00839	0.00754	0.00232	0.03098	0.00684	0.00346	0.00995
55	0.01725	0.04079	0.16958	0.05431	0.23803	0.01694	0.21679	0.02257	0.01620	0.06728	0.03215	0.01873	0.01235	0.00697	0.00803	0.00227	0.03879	0.00689	0.00386	0.01025
56	0.01345	0.01266	0.02136	0.73264	0.04904	0.01582	0.01978	0.01819	0.01424	0.01819	0.01266	0.01898	0.00949	0.00712	0.00712	0.00237	0.00949	0.00633	0.00316	0.00791
57	0.03195	0.01212	0.01652	0.01267	0.01818	0.01047	0.01047	0.03470	0.02038	0.71026	0.02809	0.02424	0.01763	0.00881	0.00716	0.00220	0.00606	0.00716	0.00881	0.01212
58	0.00921	0.00669	0.00881	0.01031	0.01114	0.00628	0.00747	0.01090	0.01442	0.01890	0.04192	0.55163	0.10535	0.02140	0.00918	0.00292	0.00457	0.14637	0.00660	0.00596
59	0.01473	0.07780	0.62146	0.02028	0.03012	0.01743	0.05911	0.02236	0.01499	0.02209	0.01261	0.01505	0.00913	0.00682	0.00712	0.00224	0.02794	0.00536	0.00304	0.01033
60	0.00986	0.00727	0.00921	0.00872	0.01050	0.00662	0.00654	0.01301	0.01963	0.02731	0.61719	0.05525	0.15236	0.01502	0.00840	0.00226	0.00339	0.01317	0.00767	0.00662
61	0.01223	0.00628	0.00942	0.00942	0.00950	0.00636	0.00636	0.00950	0.00942	0.01264	0.01281	0.02206	0.01272	0.02660	0.07302	0.74192	0.00702	0.00628	0.00314	0.00330
62	0.76019	0.01494	0.04610	0.00992	0.01464	0.01600	0.00866	0.02101	0.01227	0.03147	0.01006	0.01174	0.00778	0.00662	0.00453	0.00221	0.00576	0.00393	0.00434	0.00785
63	0.02548	0.07831	0.02203	0.01599	0.02143	0.06767	0.01322	0.52335	0.09622	0.03938	0.01731	0.01731	0.01263	0.00839	0.00689	0.00210	0.00793	0.00625	0.00659	0.01154
64	0.01435	0.03308	0.60336	0.02120	0.07694	0.01605	0.02444	0.02239	0.03909	0.02263	0.01477	0.05342	0.01160	0.00764	0.00692	0.00228	0.00987	0.00621	0.00338	0.01036
65	0.01498	0.10896	0.59632	0.02069	0.05665	0.01779	0.04421	0.02240	0.01508	0.02199	0.01256	0.01489	0.00918	0.00666	0.00660	0.00218	0.01019	0.00525	0.00305	0.01038
66	0.02123	0.02529	0.18304	0.02602	0.23230	0.19897	0.04197	0.02601	0.03418	0.12099	0.01517	0.01701	0.01137	0.00713	0.00689	0.00210	0.00978	0.00587	0.00430	0.01038
67	0.00877	0.00635	0.00832	0.00986	0.01046	0.00590	0.00672	0.01013	0.01393	0.01838	0.04147	0.67104	0.09238	0.02190	0.00907	0.00287	0.00419	0.04582	0.00661	0.00583
68	0.01297	0.01869	0.22576	0.01554	0.02042	0.03905	0.07642	0.03992	0.01669	0.02267	0.11759	0.17921	0.08033	0.01336	0.00810	0.00251	0.00742	0.08992	0.00530	0.00812
69	0.01632	0.02826	0.40264	0.12922	0.13803	0.06363	0.04925	0.02269	0.01573	0.04920	0.01342	0.01641	0.00987	0.00684	0.00692	0.00223	0.01008	0.00574	0.00341	0.01013
70	0.01486	0.03278	0.55854	0.02253	0.03229	0.01688	0.17656	0.02261	0.01544	0.02261	0.01315	0.01599	0.00943	0.00659	0.00714	0.00229	0.01086	0.00598	0.00314	0.01031
71	0.01518	0.01453	0.02322	0.21517	0.30141	0.01679	0.01830	0.01865	0.01430	0.02002	0.01630	0.05108	0.04693	0.00931	0.01119	0.00247	0.18515	0.00735	0.00362	0.00905
72	0.01521	0.03067	0.50422	0.02072	0.07195	0.04581	0.04489	0.05563	0.01639	0.02338	0.03568	0.07342	0.01410	0.00827	0.00707	0.00228	0.00969	0.00687	0.00373	0.01004
73	0.08873	0.01304	0.03443	0.07781	0.18189	0.04028	0.03236	0.01789	0.01522	0.06306	0.02651	0.22377	0.07391	0.01278	0.00810	0.00248	0.02735	0.04698	0.00513	0.00827
74	0.01345	0.01266	0.02136	0.73264	0.04904	0.01582	0.01978	0.01819	0.01424	0.01819	0.01266	0.01898	0.00949	0.00712	0.00712	0.00237	0.00949	0.00633	0.00316	0.00791
75	0.01494	0.20817	0.43685	0.01732	0.02554	0.01821	0.04591	0.02094	0.01521	0.02118	0.05053	0.04694	0.03322	0.00791	0.00652	0.00211	0.00905	0.00630	0.00354	0.00963
76	0.01374	0.11962	0.37573	0.01592	0.02262	0.01579	0.01817	0.01921	0.01568	0.02222	0.14859	0.02611	0.07448	0.00955	0.00837	0.00224	0.07134	0.00738	0.00423	0.00903
77	0.01752	0.01721	0.05508	0.04051	0.63266	0.01630	0.02108	0.02178	0.01628	0.04165	0.01606	0.01968	0.03830	0.00688	0.00709	0.00213	0.00829	0.00666	0.00377	0.01107
78	0.01411	0.01334	0.02256	0.62285	0.15363	0.01600	0.02011	0.01878	0.01455	0.01900	0.01277	0.01877	0.00978	0.00700	0.00711	0.00233	0.00933	0.00633	0.00322	0.00845
79	0.01496	0.02449	0.36074	0.01773	0.02478	0.03557	0.10157	0.02098	0.01723	0.06954	0.20978	0.02695	0.02636	0.00904	0.00745	0.00225	0.00845	0.00793	0.00486	0.00936
80	0.07787	0.01829	0.23066	0.01677	0.09688	0.01183	0.01497	0.01816	0.01653	0.04577	0.18856	0.05688	0.10356	0.01138	0.00751	0.00235	0.00674	0.06140	0.00532	0.00856
81	0.13415	0.01470	0.01743	0.01412	0.01902	0.01539	0.04532	0.14955	0.19103	0.25776	0.02350	0.05082	0.01711	0.00907	0.00693	0.00228	0.00643	0.00738	0.00713	0.01089
82	0.01762	0.01692	0.02890	0.04371	0.70533	0.01692	0.02185	0.02185	0.01621	0.02326	0.01339	0.01762	0.01128	0.00634	0.00705	0.00211	0.00846	0.00634	0.00352	0.01128
83	0.01564	0.01073	0.03615	0.01062	0.01401	0.00950	0.00869	0.06501	0.07281	0.15652	0.18040	0.07490	0.26443	0.01406	0.00801	0.00236	0.00486	0.03572	0.00724	0.00834
84	0.01697	0.01625	0.02772	0.15156	0.60259	0.01675	0.02153	0.02128	0.01590	0.02247	0.01328	0.01784	0.01100	0.00647	0.00706	0.00216	0.00862	0.00634	0.00347	0.01075
85	0.01759	0.01717	0.02791	0.10414	0.62140	0.04306	0.02137	0.02177	0.01619	0.02259	0.01324	0.01757	0.01104	0.00645	0.00703	0.00213	0.00871	0.00628	0.00350	0.01087
86	0.01022	0.00743	0.01045	0.01045	0.01138	0.00836	0.00766	0.01208	0.01115	0.01580	0.01998	0.03300	0.01998	0.24119	0.53673	0.01022	0.01579	0.00836	0.00395	0.00581
87	0.02443	0.03216	0.07123	0.02004	0.02466	0.57794	0.10388	0.02727	0.01937	0.01850	0.01159	0.01385	0.00938	0.00712	0.00671	0.00194	0.01257	0.00514	0.00361	0.00859
88	0.01762	0.01692	0.02890	0.04371	0.70533	0.01692	0.02185	0.02185	0.01621	0.02326	0.01339	0.01762	0.01128	0.00634	0.00705	0.00211	0.00846	0.00634	0.00352	0.01128
89	0.01736	0.02109	0.10836	0.08369	0.25863	0.07881	0.25781	0.02242	0.01632	0.02193	0.01329	0.01752	0.01048	0.00662	0.00801	0.00226	0.03517	0.00681	0.00347	0.00996
90	0.00996	0.00728	0.00960	0.01076	0.01209	0.00692	0.00846	0.01237	0.01590	0.02087	0.12437	0.30003	0.13205	0.01972	0.00922	0.00291	0.00496	0.27955	0.00674	0.00624
91	0.01763	0.01681	0.02807	0.04180	0.66059	0.01697	0.02116	0.02289	0.06027	0.02369	0.01441	0.01821	0.01196	0.00656	0.00706	0.00213	0.00828	0.00646	0.00377	0.01128
92	0.01927	0.02202	0.23350	0.07832	0.09518	0.01571	0.19522	0.02479	0.01663	0.17839	0.01662	0.01881	0.01171	0.00721	0.00792	0.00231	0.03469	0.00675	0.00455	0.01042
93	0.00868	0.00620	0.00826	0.00991	0.01033	0.00578	0.00661	0.00991	0.01363	0.01818	0.03925	0.74510	0.04710	0.02231	0.00909	0.00289	0.00413	0.02024	0.00661	0.00578
94	0.01345	0.01266	0.02136	0.73264	0.04904	0.01582	0.01978	0.01819	0.01424	0.01819	0.01266	0.01898	0.00949	0.00712	0.00712	0.00237	0.00949	0.00633	0.00316	0.00791
95	0.01230	0.00937	0.01382	0.01723	0.10772	0.00937	0.01287	0.01571	0.01637	0.02157	0.03443	0.07188	0.03698	0.01788	0.00946	0.00312	0.00681	0.56976	0.00615	0.00719
96	0.07441	0.08038	0.24299	0.01965	0.05219	0.12995	0.09692	0.13201	0.03569	0.05001	0.01395	0.01572	0.01038	0.00712	0.00668	0.00213	0.00971	0.00569	0.00429	0.01012
97	0.01140	0.00769	0.01015	0.00983	0.01173	0.00715	0.00772	0.01466	0.01936	0.06223	0.52663	0.05706	0.08187	0.01529	0.00859	0.00243	0.00408	0.12757	0.00762	0.00694
98	0.01345	0.01266	0.02136	0.73264	0.04904	0.01582	0.01978	0.01819	0.01424	0.01819	0.01266	0.01898	0.00949	0.00712	0.00712	0.00237	0.00949	0.00633	0.00316	0.00791
99	0.02739	0.01944	0.02105	0.01614	0.02183	0.02133	0.01333	0.63945	0.03263	0.08822	0.01781	0.01756	0.01247	0.00857	0.00713	0.00214	0.00772	0.00646	0.00723	0.01211
100	0.02646	0.01964	0.02103	0.01626	0.02185	0.02180	0.01339	0.63965	0.07641	0.04389	0.01787	0.01771	0.01274	0.00862	0.00713	0.00216	0.00769	0.00652	0.00713	0.01205
101	0.00879	0.00638	0.00833	0.00983	0.01048	0.00592	0.00674	0.01018	0.01400	0.01842	0.04208	0.65312	0.10474	0.02180	0.00907	0.00287	0.00420	0.05061	0.00661	0.00584
102	0.01018	0.00760	0.01132	0.01132	0.01254	0.00883	0.00874	0.01263	0.01141	0.01644	0.01919	0.02862	0.01808	0.07744	0.69788	0.01129	0.01865	0.00772	0.00383	0.00629
103	0.01998	0.49901	0.03055	0.01360	0.01891	0.13576	0.01226	0.02560	0.14492	0.01935	0.01372	0.01454	0.01155	0.00697	0.00537	0.00174	0.00806	0.00474	0.00395	0.00941
104	0.01643	0.01573	0.02660	0.22688	0.50242	0.01682	0.02105	0.02069	0.01547	0.02166	0.01303	0.01791	0.01072	0.00680	0.00772	0.00222	0.03787	0.00634	0.00341	0.01024
105	0.01771	0.01707	0.06548	0.03684	0.10469	0.01765	0.01390	0.05832	0.52135	0.02876	0.02510	0.02414	0.01891	0.00895	0.00718	0.00236	0.00650	0.00755	0.00639	0.01117
106	0.01971	0.01780	0.03801	0.02018	0.12398	0.04668	0.03142	0.17658	0.31960	0.03047	0.03793	0.02200	0.01721	0.00895	0.00825	0.00232	0.05470	0.00723	0.00606	0.01094

[dist]
# distance from previous block
# <min> <max>
0	2

[block]
# block no. 5 follows, 29 sequences, length 9
# corresponding to MSA columns:
# 323-331
name=unknown_F
#
# <colnr> <probs for GDERKNQSTAVLIFYWHMCP>
#	G	D	E	R	K	N	Q	S	T	A	V	L	I	F	Y	W	H	M	C	P
0	0.08333	0.01539	0.04471	0.01890	0.11523	0.01413	0.08038	0.11935	0.02001	0.31116	0.02248	0.02209	0.04528	0.00816	0.00701	0.00216	0.00721	0.00697	0.00645	0.04961
1	0.02430	0.03693	0.01786	0.01475	0.04464	0.06885	0.01138	0.17786	0.09065	0.26768	0.09536	0.04778	0.02166	0.00948	0.00715	0.00214	0.00670	0.00769	0.00715	0.03998
2	0.01558	0.01558	0.02181	0.01869	0.01869	0.02181	0.01558	0.01714	0.01091	0.01714	0.00935	0.01558	0.00935	0.01246	0.02337	0.00312	0.73672	0.00623	0.00312	0.00779
3	0.01454	0.01667	0.13089	0.01574	0.02045	0.01394	0.09826	0.02532	0.27052	0.02702	0.22374	0.03367	0.03244	0.01055	0.00776	0.00237	0.00661	0.03388	0.00624	0.00941
4	0.01558	0.01558	0.02181	0.01869	0.01869	0.02181	0.01558	0.01714	0.01091	0.01714	0.00935	0.01558	0.00935	0.01246	0.02337	0.00312	0.73672	0.00623	0.00312	0.00779
5	0.01902	0.10278	0.30377	0.01966	0.05632	0.05235	0.09359	0.09127	0.04817	0.09776	0.03749	0.01806	0.01300	0.00740	0.00687	0.00216	0.00921	0.00617	0.00451	0.01044
6	0.01064	0.00689	0.00852	0.00852	0.00870	0.00707	0.00526	0.01052	0.01034	0.01397	0.02039	0.04006	0.02263	0.53773	0.13206	0.13039	0.00852	0.00932	0.00405	0.00441
7	0.71689	0.09260	0.01332	0.00966	0.01425	0.01727	0.00819	0.02097	0.01237	0.03033	0.00991	0.01155	0.00786	0.00655	0.00442	0.00213	0.00573	0.00385	0.00426	0.00786
8	0.01668	0.06147	0.28023	0.01582	0.02359	0.04151	0.04568	0.05164	0.01626	0.05389	0.01346	0.01534	0.01024	0.00630	0.00615	0.00172	0.00811	0.00502	0.00399	0.32288

[dist]
# distance from previous block
# <min> <max>
5	7

[block]
# block no. 6 follows, 29 sequences, length 8
# corresponding to MSA columns:
# 339-346
name=unknown_G
#
# <colnr> <probs for GDERKNQSTAVLIFYWHMCP>
#	G	D	E	R	K	N	Q	S	T	A	V	L	I	F	Y	W	H	M	C	P
0	0.01710	0.34566	0.26755	0.01550	0.02269	0.02188	0.01690	0.02531	0.16067	0.02157	0.01501	0.01594	0.01181	0.00709	0.00591	0.00197	0.00820	0.00523	0.00394	0.01008
1	0.01801	0.59958	0.18279	0.01393	0.02098	0.02567	0.01523	0.02159	0.01459	0.01800	0.01052	0.01220	0.00911	0.00624	0.00504	0.00168	0.00824	0.00412	0.00304	0.00944
2	0.01873	0.02392	0.16687	0.01657	0.02179	0.18069	0.01510	0.03122	0.35690	0.02494	0.02174	0.02353	0.01702	0.00899	0.00708	0.00229	0.00841	0.03857	0.00547	0.01018
3	0.01021	0.00747	0.01065	0.01065	0.01165	0.00847	0.00791	0.01221	0.01121	0.01594	0.01980	0.03198	0.01954	0.20336	0.57395	0.01047	0.01645	0.00822	0.00392	0.00592
4	0.02078	0.01694	0.01843	0.01552	0.01977	0.01959	0.01243	0.25979	0.40390	0.03393	0.02314	0.02232	0.01731	0.00952	0.00861	0.00238	0.07025	0.00732	0.00684	0.01126
5	0.01494	0.01470	0.02167	0.23319	0.02781	0.02001	0.01684	0.01745	0.01191	0.01745	0.01034	0.01660	0.00939	0.01086	0.01849	0.00289	0.51824	0.00626	0.00313	0.00783
6	0.02012	0.01611	0.02049	0.02086	0.15014	0.01750	0.04566	0.11668	0.38737	0.09035	0.02371	0.02309	0.01762	0.00864	0.00724	0.00230	0.00680	0.00745	0.00649	0.01138
7	0.01327	0.00664	0.00664	0.00664	0.00830	0.00664	0.00498	0.01659	0.01493	0.02655	0.02323	0.02655	0.01825	0.00830	0.00498	0.00166	0.00332	0.00664	0.78928	0.00664

[dist]
# distance from previous block
# <min> <max>
0	1

[block]
# block no. 7 follows, 29 sequences, length 11
# corresponding to MSA columns:
# 348-358
name=unknown_H
#
# <colnr> <probs for GDERKNQSTAVLIFYWHMCP>
#	G	D	E	R	K	N	Q	S	T	A	V	L	I	F	Y	W	H	M	C	P
0	0.02038	0.01633	0.05124	0.01454	0.01926	0.01691	0.01202	0.13056	0.44859	0.11842	0.02802	0.02596	0.04617	0.00958	0.00724	0.00234	0.00618	0.00783	0.00719	0.01126
1	0.01327	0.00664	0.00664	0.00664	0.00830	0.00664	0.00498	0.01659	0.01493	0.02655	0.02323	0.02655	0.01825	0.00830	0.00498	0.00166	0.00332	0.00664	0.78928	0.00664
2	0.44040	0.04109	0.04861	0.01149	0.01635	0.06623	0.00980	0.10014	0.01584	0.02966	0.01218	0.01452	0.00974	0.03145	0.00618	0.00215	0.00658	0.00463	0.02999	0.10295
3	0.01093	0.00841	0.01156	0.01116	0.01185	0.00990	0.00824	0.01250	0.01102	0.01571	0.01894	0.03253	0.01939	0.27804	0.40569	0.00888	0.10716	0.00835	0.00389	0.00587
4	0.01684	0.05052	0.27829	0.01845	0.04985	0.01730	0.05987	0.09499	0.23004	0.02740	0.06829	0.02187	0.01775	0.00833	0.00711	0.00227	0.00810	0.00700	0.00517	0.01057
