[name]
unknown

[dist]
# distance from previous block
# <min> <max>
16	38

[block]
# block no. 0 follows, 34 sequences, length 7
# corresponding to MSA columns:
# 45-51
name=unknown_A
#
# <colnr> <probs for GDERKNQSTAVLIFYWHMCP>
#	G	D	E	R	K	N	Q	S	T	A	V	L	I	F	Y	W	H	M	C	P
0	0.11671	0.01309	0.01431	0.01205	0.01531	0.08767	0.07856	0.10749	0.07760	0.05597	0.12186	0.05950	0.06113	0.03613	0.00720	0.00212	0.00593	0.00770	0.11200	0.00765
1	0.01670	0.01346	0.01614	0.18921	0.04347	0.08477	0.03922	0.16382	0.01827	0.07570	0.07530	0.06442	0.04619	0.00891	0.00653	0.00201	0.00681	0.02507	0.09598	0.00801
2	0.01569	0.01226	0.01888	0.57811	0.03820	0.01451	0.01626	0.10552	0.01576	0.10261	0.01361	0.01756	0.00976	0.00680	0.00646	0.00211	0.00807	0.00584	0.00391	0.00810
3	0.07581	0.00995	0.01071	0.04791	0.01344	0.04291	0.00774	0.08069	0.06911	0.04198	0.14478	0.13668	0.12745	0.06364	0.00966	0.04751	0.00504	0.02445	0.03389	0.00665
4	0.10154	0.00749	0.00782	0.04519	0.01111	0.00704	0.00597	0.01116	0.01469	0.01988	0.14601	0.05205	0.51943	0.01424	0.00716	0.00214	0.00371	0.01180	0.00576	0.00581
5	0.06479	0.01676	0.01854	0.11002	0.09282	0.07676	0.01304	0.33067	0.12126	0.06717	0.01590	0.01673	0.01167	0.00736	0.00629	0.00198	0.00724	0.00578	0.00539	0.00982
6	0.01704	0.01400	0.01576	0.01465	0.05670	0.01588	0.01093	0.17670	0.44331	0.02814	0.02205	0.02196	0.01686	0.01337	0.09962	0.00315	0.00722	0.00685	0.00597	0.00983

[dist]
# distance from previous block
# <min> <max>
0	1

[block]
# block no. 1 follows, 34 sequences, length 7
# corresponding to MSA columns:
# 53-59
name=unknown_B
#
# <colnr> <probs for GDERKNQSTAVLIFYWHMCP>
#	G	D	E	R	K	N	Q	S	T	A	V	L	I	F	Y	W	H	M	C	P
0	0.09297	0.01801	0.09962	0.01401	0.01913	0.01748	0.01244	0.43692	0.10987	0.03461	0.06690	0.01824	0.01495	0.00793	0.00630	0.00199	0.00666	0.00609	0.00587	0.01002
1	0.03405	0.03871	0.06103	0.06717	0.14387	0.03366	0.04732	0.10288	0.23079	0.07589	0.01747	0.01822	0.01313	0.00704	0.00624	0.00194	0.00676	0.00599	0.00495	0.08288
2	0.06253	0.01571	0.05542	0.02944	0.42746	0.01523	0.07933	0.08825	0.06646	0.02355	0.01491	0.06556	0.01280	0.00712	0.00650	0.00202	0.00740	0.00670	0.00398	0.00963
3	0.01624	0.01851	0.10339	0.09851	0.33006	0.12137	0.01666	0.06140	0.01563	0.02069	0.01339	0.06430	0.01168	0.00699	0.00628	0.00189	0.00803	0.00608	0.00357	0.07533
4	0.01566	0.08028	0.01854	0.17179	0.05424	0.05327	0.05208	0.13984	0.01633	0.02247	0.01400	0.01744	0.01119	0.01084	0.07922	0.00264	0.03112	0.00558	0.12921	0.07428
5	0.01546	0.40486	0.24328	0.01526	0.02144	0.02099	0.07280	0.01936	0.01309	0.01727	0.01004	0.01236	0.00841	0.00637	0.00698	0.00181	0.09442	0.00444	0.00280	0.00856
6	0.01993	0.01491	0.01670	0.01554	0.08776	0.05582	0.01122	0.14422	0.28996	0.15295	0.02033	0.01955	0.01485	0.00759	0.00628	0.00192	0.00610	0.00618	0.00598	0.10223

[dist]
# distance from previous block
# <min> <max>
3	20

[block]
# block no. 2 follows, 34 sequences, length 50
# corresponding to MSA columns:
# 81-130
name=unknown_C
#
# <colnr> <probs for GDERKNQSTAVLIFYWHMCP>
#	G	D	E	R	K	N	Q	S	T	A	V	L	I	F	Y	W	H	M	C	P
0	0.01718	0.01642	0.07025	0.01594	0.09872	0.13049	0.03725	0.04481	0.12575	0.10494	0.09506	0.02347	0.06347	0.00813	0.00635	0.00186	0.00667	0.00676	0.03252	0.09396
1	0.03800	0.04405	0.06934	0.01442	0.06837	0.02996	0.03359	0.12296	0.07002	0.08415	0.05431	0.04673	0.03927	0.00774	0.00659	0.00176	0.03448	0.00627	0.00488	0.22311
2	0.01647	0.01839	0.17029	0.01726	0.10229	0.06806	0.05875	0.08317	0.06283	0.08709	0.11992	0.02067	0.01821	0.00742	0.00636	0.00185	0.00708	0.00632	0.00472	0.12283
3	0.03804	0.06320	0.07836	0.02337	0.29518	0.05651	0.01491	0.08806	0.10886	0.02327	0.01379	0.01568	0.01097	0.00626	0.00591	0.00177	0.00707	0.00529	0.00402	0.13948
4	0.01604	0.01558	0.02521	0.07878	0.64734	0.03891	0.01917	0.02031	0.03767	0.02087	0.01251	0.01619	0.01039	0.00592	0.00639	0.00193	0.00777	0.00576	0.00329	0.00997
5	0.02178	0.05574	0.01908	0.01712	0.06699	0.50285	0.03589	0.04605	0.01748	0.04861	0.01179	0.01371	0.00957	0.00812	0.03347	0.00200	0.01036	0.00467	0.03392	0.04079
6	0.01122	0.00561	0.00842	0.00842	0.00842	0.00561	0.00561	0.00842	0.00842	0.01122	0.01122	0.01964	0.01122	0.02245	0.02525	0.81201	0.00561	0.00561	0.00281	0.00281
7	0.00970	0.00789	0.00942	0.00892	0.01075	0.03641	0.02181	0.01246	0.01722	0.02313	0.49136	0.05106	0.18718	0.01381	0.00767	0.00213	0.00387	0.07257	0.00655	0.00607
8	0.02422	0.01793	0.01920	0.01480	0.01991	0.01988	0.01220	0.68358	0.05843	0.04017	0.01595	0.01586	0.01134	0.00780	0.00647	0.00195	0.00703	0.00588	0.00647	0.01096
9	0.00951	0.00672	0.01000	0.01000	0.01096	0.00768	0.00760	0.01104	0.01008	0.01440	0.01659	0.02518	0.01573	0.06958	0.62515	0.11889	0.01535	0.00683	0.00339	0.00530
10	0.81856	0.01250	0.00950	0.00850	0.01250	0.01449	0.00700	0.01899	0.01100	0.02899	0.00900	0.01050	0.00700	0.00600	0.00400	0.00200	0.00500	0.00350	0.00400	0.00700
11	0.00947	0.00633	0.00766	0.00766	0.00785	0.00652	0.00468	0.00969	0.00950	0.01285	0.01935	0.03828	0.02161	0.61361	0.14797	0.05222	0.00801	0.00878	0.00378	0.00415
12	0.01965	0.42909	0.05110	0.01272	0.01790	0.09232	0.01170	0.21795	0.01860	0.02313	0.01156	0.01267	0.00942	0.00638	0.00506	0.00160	0.00735	0.00436	0.03852	0.00893
13	0.01257	0.10159	0.09614	0.09223	0.04159	0.06664	0.01213	0.01543	0.01211	0.01605	0.01542	0.02129	0.03679	0.06145	0.29953	0.00550	0.07719	0.00616	0.00327	0.00691
14	0.01578	0.09087	0.17422	0.02434	0.27702	0.05105	0.03841	0.02320	0.16790	0.02122	0.01459	0.01650	0.01151	0.00673	0.00679	0.00199	0.03884	0.00565	0.00379	0.00960
15	0.01993	0.42548	0.02681	0.03278	0.01870	0.10882	0.01171	0.21270	0.04809	0.02289	0.01170	0.01270	0.00953	0.00644	0.00515	0.00162	0.00750	0.00442	0.00402	0.00900
16	0.01364	0.02492	0.42293	0.02391	0.19869	0.01465	0.10029	0.01957	0.01381	0.02018	0.01239	0.01565	0.00955	0.00959	0.06978	0.00274	0.00991	0.00553	0.00297	0.00930
17	0.01537	0.04486	0.16463	0.01507	0.07569	0.01234	0.03506	0.02175	0.15066	0.13203	0.03652	0.05474	0.04149	0.10316	0.06517	0.00319	0.00744	0.00738	0.00489	0.00854
18	0.06228	0.19246	0.21493	0.01346	0.03456	0.06074	0.01328	0.02008	0.08243	0.05890	0.02095	0.09444	0.08835	0.00884	0.00597	0.00195	0.00688	0.00700	0.00419	0.00829
19	0.01727	0.77681	0.03386	0.01106	0.01658	0.02557	0.01106	0.01935	0.01313	0.01520	0.00898	0.01036	0.00829	0.00553	0.00415	0.00138	0.00691	0.00345	0.00276	0.00829
20	0.01321	0.01202	0.01859	0.57055	0.06661	0.01453	0.01631	0.04262	0.11328	0.01935	0.04023	0.01923	0.01225	0.00705	0.00652	0.00214	0.00783	0.00618	0.00368	0.00782
21	0.01625	0.03481	0.01595	0.07298	0.05764	0.21741	0.01109	0.03721	0.05628	0.03946	0.03852	0.07045	0.01621	0.13388	0.04460	0.00312	0.11600	0.00702	0.00402	0.00710
22	0.07007	0.01207	0.05502	0.04359	0.04593	0.01104	0.03278	0.09511	0.02986	0.24395	0.05855	0.08244	0.04149	0.07060	0.07529	0.00314	0.00704	0.00781	0.00571	0.00849
23	0.01269	0.00920	0.01189	0.01206	0.01396	0.00991	0.00999	0.01817	0.14555	0.06805	0.06293	0.12120	0.03186	0.01499	0.00920	0.00267	0.06688	0.36567	0.00601	0.00711
24	0.01566	0.01640	0.02055	0.02026	0.12251	0.11019	0.01477	0.01746	0.01166	0.01640	0.00921	0.01410	0.00872	0.00991	0.01710	0.00255	0.55654	0.00548	0.00294	0.00759
25	0.01895	0.01272	0.04472	0.01285	0.01670	0.03505	0.05681	0.14370	0.04139	0.22922	0.11435	0.09549	0.02483	0.01054	0.00704	0.00215	0.00599	0.08492	0.03380	0.00876
26	0.01716	0.01315	0.01413	0.01205	0.01543	0.01449	0.00932	0.25281	0.28321	0.04290	0.02515	0.05130	0.07445	0.13200	0.01090	0.00277	0.00578	0.00799	0.00608	0.00894
27	0.00994	0.00686	0.00844	0.00894	0.00965	0.00696	0.00641	0.01179	0.03798	0.01594	0.02571	0.10239	0.02825	0.40702	0.04872	0.00483	0.00623	0.21096	0.03799	0.00501
28	0.00930	0.00622	0.00708	0.00717	0.00719	0.00620	0.00404	0.00937	0.00958	0.01277	0.02130	0.08729	0.02468	0.72629	0.03136	0.00604	0.00611	0.00995	0.00404	0.00400
29	0.03097	0.00711	0.00816	0.00794	0.00914	0.00701	0.00545	0.01332	0.04898	0.05903	0.12768	0.09168	0.08128	0.33902	0.01799	0.00388	0.00488	0.03194	0.09898	0.00555
30	0.18881	0.01386	0.01450	0.01187	0.01606	0.01508	0.00958	0.27474	0.13837	0.13307	0.04117	0.02089	0.04407	0.04100	0.00719	0.00220	0.00578	0.00633	0.00607	0.00934
31	0.00866	0.00656	0.00798	0.00767	0.00937	0.00588	0.00573	0.01123	0.01707	0.02313	0.51207	0.06884	0.26354	0.01433	0.00764	0.00209	0.00313	0.01243	0.00675	0.00588
32	0.01862	0.01515	0.01605	0.01367	0.01777	0.01726	0.01084	0.23771	0.51341	0.03114	0.02306	0.02152	0.01710	0.00846	0.00654	0.00212	0.00571	0.00686	0.00654	0.01046
33	0.00829	0.00601	0.00761	0.00842	0.00932	0.00552	0.00588	0.00964	0.01350	0.01779	0.14043	0.45450	0.17374	0.03683	0.00946	0.04066	0.00378	0.03738	0.00596	0.00529
34	0.07932	0.00741	0.00802	0.00754	0.00958	0.00743	0.00579	0.01673	0.03742	0.08851	0.14089	0.02916	0.02428	0.03823	0.00648	0.00193	0.00369	0.02918	0.45180	0.00662
35	0.00882	0.00635	0.00783	0.00868	0.00929	0.00617	0.00585	0.01054	0.04233	0.01611	0.03284	0.43395	0.08241	0.23062	0.01510	0.00362	0.00464	0.06426	0.00543	0.00515
36	0.03909	0.00679	0.00808	0.00769	0.00946	0.00626	0.00579	0.01188	0.01701	0.02398	0.52036	0.04917	0.21322	0.01346	0.00737	0.00205	0.00317	0.01162	0.03758	0.00598
37	0.07278	0.00664	0.00758	0.00763	0.00847	0.00660	0.00507	0.01085	0.01179	0.01743	0.12820	0.13663	0.07095	0.30369	0.01881	0.09640	0.00482	0.01004	0.07081	0.00480
38	0.68047	0.01264	0.01036	0.00917	0.01310	0.01455	0.00748	0.05259	0.07204	0.02925	0.04020	0.01342	0.01046	0.00661	0.00448	0.00201	0.00503	0.00426	0.00446	0.00742
39	0.42255	0.01381	0.01319	0.01101	0.01534	0.01540	0.00899	0.18160	0.12129	0.11674	0.01504	0.01505	0.01088	0.00705	0.00525	0.00201	0.00556	0.00495	0.00543	0.00887
40	0.01179	0.00742	0.00908	0.00864	0.00968	0.00758	0.00584	0.01403	0.07839	0.07785	0.07466	0.05781	0.02407	0.40850	0.10500	0.07378	0.00695	0.00880	0.00468	0.00545
41	0.04399	0.00678	0.00822	0.00823	0.00973	0.00664	0.00607	0.01156	0.01381	0.03336	0.19447	0.15607	0.19349	0.06993	0.15493	0.00404	0.00636	0.01129	0.05529	0.00574
42	0.00942	0.00610	0.00806	0.00862	0.00916	0.00594	0.00598	0.00964	0.01134	0.01499	0.05322	0.24031	0.08416	0.16382	0.04802	0.22177	0.00546	0.08484	0.00467	0.00448
43	0.04736	0.01056	0.01346	0.01103	0.01507	0.00976	0.00895	0.07303	0.03660	0.47719	0.02815	0.05988	0.07201	0.04582	0.00800	0.00231	0.00541	0.05873	0.00716	0.00949
44	0.00923	0.00692	0.01038	0.01038	0.01154	0.00808	0.00808	0.01154	0.01038	0.01500	0.01731	0.02538	0.01615	0.04846	0.74732	0.01038	0.01731	0.00692	0.00346	0.00577
45	0.01441	0.00992	0.01336	0.09298	0.07331	0.01034	0.01003	0.10022	0.05637	0.10664	0.04378	0.22029	0.05051	0.04347	0.06336	0.02921	0.00650	0.04238	0.00543	0.00749
46	0.01340	0.01148	0.01340	0.00957	0.01531	0.00861	0.00766	0.01627	0.01340	0.02105	0.01148	0.01340	0.00957	0.00479	0.00479	0.00096	0.00479	0.00383	0.00383	0.81242
47	0.01789	0.65887	0.03099	0.01122	0.01657	0.02382	0.01087	0.07764	0.01481	0.04041	0.01223	0.01316	0.03653	0.00621	0.00455	0.00148	0.00674	0.00414	0.00337	0.00850
48	0.01275	0.03641	0.03598	0.01070	0.01396	0.07866	0.00858	0.01733	0.11066	0.01985	0.09065	0.09320	0.08241	0.04291	0.09307	0.00296	0.00686	0.03309	0.00482	0.20516
49	0.01401	0.01340	0.02197	0.12769	0.09928	0.04811	0.20296	0.01783	0.03984	0.04289	0.01788	0.13534	0.01712	0.05247	0.01012	0.00252	0.08438	0.04056	0.00402	0.00763

[dist]
# distance from previous block
# <min> <max>
0	1

[block]
# block no. 3 follows, 34 sequences, length 49
# corresponding to MSA columns:
# 132-180
name=unknown_D
#
# <colnr> <probs for GDERKNQSTAVLIFYWHMCP>
#	G	D	E	R	K	N	Q	S	T	A	V	L	I	F	Y	W	H	M	C	P
0	0.11683	0.00999	0.01122	0.01202	0.04495	0.06478	0.02716	0.03401	0.01368	0.01946	0.02717	0.33622	0.04843	0.03814	0.04423	0.00294	0.00609	0.13126	0.00516	0.00625
1	0.03616	0.01322	0.01981	0.52911	0.09704	0.06855	0.05367	0.01734	0.01367	0.01768	0.03180	0.04918	0.01160	0.00711	0.00651	0.00211	0.00842	0.00636	0.00323	0.00743
2	0.01808	0.59807	0.08664	0.01234	0.01802	0.06470	0.01227	0.09156	0.01525	0.01829	0.00992	0.01123	0.00857	0.00587	0.00464	0.00151	0.00740	0.00384	0.00318	0.00862
3	0.01122	0.00561	0.00842	0.00842	0.00842	0.00561	0.00561	0.00842	0.00842	0.01122	0.01122	0.01964	0.01122	0.02245	0.02525	0.81201	0.00561	0.00561	0.00281	0.00281
4	0.02694	0.01161	0.01502	0.01168	0.01636	0.01071	0.00952	0.10414	0.04555	0.59459	0.02415	0.02250	0.01601	0.05058	0.00797	0.00224	0.00570	0.00662	0.00755	0.01057
5	0.01461	0.01629	0.03419	0.05147	0.03138	0.01589	0.58860	0.01947	0.01466	0.01993	0.01499	0.03758	0.03474	0.00668	0.00866	0.00224	0.06903	0.00788	0.00338	0.00833
6	0.01220	0.01148	0.01938	0.75739	0.04450	0.01436	0.01794	0.01651	0.01292	0.01651	0.01148	0.01723	0.00861	0.00646	0.00646	0.00215	0.00861	0.00574	0.00287	0.00718
7	0.01296	0.03342	0.73944	0.01842	0.02797	0.01501	0.02387	0.02046	0.01364	0.02046	0.01160	0.01364	0.00818	0.00614	0.00614	0.00205	0.00955	0.00477	0.00273	0.00955
8	0.18494	0.01129	0.01391	0.01090	0.01570	0.01048	0.00900	0.02902	0.01701	0.59723	0.02223	0.01972	0.01422	0.00760	0.00600	0.00200	0.00540	0.00591	0.00721	0.01021
9	0.00948	0.00685	0.00908	0.00898	0.00954	0.00759	0.00626	0.01063	0.00989	0.01382	0.01849	0.03321	0.01946	0.39916	0.37579	0.00813	0.03699	0.00808	0.00366	0.00491
10	0.00785	0.00573	0.00739	0.00871	0.00930	0.00527	0.00587	0.00903	0.01264	0.01660	0.03905	0.68728	0.12194	0.01980	0.00818	0.00257	0.00369	0.01782	0.00600	0.00527
11	0.01330	0.02819	0.53518	0.09725	0.03076	0.01518	0.14933	0.02009	0.01386	0.02009	0.01186	0.01471	0.00853	0.00604	0.00645	0.00208	0.00970	0.00540	0.00284	0.00915
12	0.00784	0.00575	0.00736	0.00865	0.00928	0.00528	0.00585	0.00904	0.01270	0.01663	0.03979	0.66979	0.13896	0.01970	0.00816	0.00256	0.00368	0.01771	0.00600	0.00528
13	0.01255	0.01190	0.01974	0.65927	0.07526	0.01487	0.01771	0.01659	0.01275	0.01665	0.01126	0.01690	0.00868	0.00684	0.00772	0.00220	0.07318	0.00574	0.00288	0.00732
14	0.01200	0.01333	0.09353	0.55433	0.03745	0.01390	0.01717	0.01627	0.01254	0.01669	0.01208	0.01772	0.00949	0.01183	0.09849	0.00319	0.04403	0.00578	0.00293	0.00725
15	0.01220	0.01148	0.01938	0.75739	0.04450	0.01436	0.01794	0.01651	0.01292	0.01651	0.01148	0.01723	0.00861	0.00646	0.00646	0.00215	0.00861	0.00574	0.00287	0.00718
16	0.01296	0.03342	0.73944	0.01842	0.02797	0.01501	0.02387	0.02046	0.01364	0.02046	0.01160	0.01364	0.00818	0.00614	0.00614	0.00205	0.00955	0.00477	0.00273	0.00955
17	0.01752	0.02064	0.27451	0.05217	0.10772	0.01371	0.17210	0.02261	0.01523	0.19353	0.01603	0.03837	0.01167	0.00680	0.00666	0.00207	0.00845	0.00637	0.00428	0.00957
18	0.02197	0.01382	0.03896	0.01283	0.01648	0.10527	0.02803	0.04146	0.01661	0.38271	0.02309	0.16767	0.01916	0.01039	0.00797	0.00215	0.06777	0.00844	0.00624	0.00898
19	0.76367	0.01376	0.01011	0.00906	0.01301	0.06511	0.00738	0.01946	0.01150	0.02808	0.00907	0.01058	0.00709	0.00604	0.00412	0.00198	0.00546	0.00354	0.00395	0.00703
20	0.00860	0.00586	0.00781	0.00900	0.00960	0.00544	0.00611	0.00991	0.01302	0.03848	0.08995	0.68994	0.04338	0.01933	0.00815	0.00256	0.00375	0.01749	0.00614	0.00548
21	0.01421	0.18104	0.07411	0.01058	0.01657	0.01283	0.00966	0.01727	0.01336	0.01973	0.01094	0.01275	0.00918	0.00505	0.00475	0.00113	0.00562	0.00382	0.00351	0.57388
22	0.01010	0.00805	0.01008	0.00950	0.01179	0.00700	0.00690	0.01186	0.01265	0.01810	0.02591	0.46851	0.02951	0.01434	0.00749	0.00203	0.03245	0.01266	0.00510	0.29597
23	0.00811	0.00656	0.00720	0.00704	0.00902	0.00566	0.00528	0.01019	0.01584	0.02010	0.27292	0.05783	0.52089	0.01538	0.00763	0.00214	0.00320	0.01303	0.00635	0.00566
24	0.01970	0.47909	0.02789	0.01255	0.01778	0.05459	0.01145	0.22846	0.05310	0.02348	0.01184	0.01264	0.00966	0.00641	0.00503	0.00160	0.00709	0.00438	0.00409	0.00916
25	0.01365	0.01126	0.01479	0.09796	0.09108	0.00969	0.01001	0.01669	0.01365	0.04450	0.01420	0.05335	0.01241	0.00641	0.00547	0.00139	0.00546	0.02454	0.03407	0.51942
26	0.02243	0.15821	0.05567	0.01578	0.01978	0.58866	0.01279	0.02444	0.01720	0.01593	0.00989	0.01153	0.00831	0.00644	0.00555	0.00163	0.01074	0.00407	0.00320	0.00773
27	0.00914	0.00673	0.00915	0.00929	0.01029	0.00719	0.00679	0.01139	0.03031	0.01669	0.11479	0.15543	0.05316	0.14675	0.37508	0.00689	0.01072	0.01006	0.00460	0.00555
28	0.00835	0.00650	0.00759	0.00747	0.00921	0.00574	0.00554	0.01061	0.01620	0.02131	0.37151	0.10897	0.36743	0.01519	0.00768	0.00215	0.00320	0.01309	0.00652	0.00574
29	0.01739	0.55581	0.02846	0.01144	0.01675	0.10607	0.01062	0.01955	0.01378	0.01630	0.00954	0.01105	0.00852	0.00553	0.00445	0.00134	0.00708	0.00360	0.00302	0.14969
30	0.01343	0.01182	0.04821	0.00997	0.01522	0.00857	0.00832	0.01639	0.01383	0.05328	0.05372	0.07266	0.01514	0.00663	0.00535	0.00124	0.00488	0.00553	0.00431	0.63151
31	0.04477	0.07256	0.02010	0.01720	0.12281	0.03713	0.03001	0.25946	0.02130	0.28298	0.01770	0.01731	0.01225	0.00724	0.00624	0.00192	0.00678	0.00581	0.00602	0.01041
32	0.01658	0.01620	0.02512	0.07438	0.35090	0.06440	0.14995	0.08869	0.06386	0.02248	0.01467	0.05647	0.01236	0.00697	0.00672	0.00202	0.00818	0.00679	0.00390	0.00938
33	0.00819	0.00654	0.00716	0.00719	0.00896	0.00572	0.00531	0.00996	0.01477	0.01850	0.17246	0.08179	0.49646	0.08572	0.01004	0.00258	0.00365	0.04357	0.00600	0.00544
34	0.01299	0.01438	0.08337	0.05311	0.17290	0.08729	0.01218	0.01726	0.06099	0.02100	0.19741	0.03197	0.14643	0.01115	0.03127	0.00227	0.00652	0.00840	0.00483	0.02428
35	0.00786	0.00565	0.00747	0.00892	0.00935	0.00525	0.00596	0.00901	0.01245	0.01653	0.03660	0.74538	0.06543	0.02011	0.00823	0.00261	0.00373	0.01821	0.00600	0.00525
36	0.01340	0.01148	0.01340	0.00957	0.01531	0.00861	0.00766	0.01627	0.01340	0.02105	0.01148	0.01340	0.00957	0.00479	0.00479	0.00096	0.00479	0.00383	0.00383	0.81242
37	0.02090	0.07081	0.01868	0.01379	0.01857	0.01862	0.01133	0.42227	0.23289	0.03374	0.01802	0.01757	0.01331	0.00773	0.00624	0.00192	0.00637	0.00598	0.00608	0.05519
38	0.01635	0.61683	0.18570	0.01264	0.01903	0.02329	0.01381	0.01959	0.01324	0.01633	0.00955	0.01107	0.00827	0.00566	0.00457	0.00152	0.00748	0.00374	0.00276	0.00856
39	0.01380	0.11872	0.63698	0.01746	0.02642	0.01637	0.02206	0.04055	0.01407	0.02045	0.01141	0.01332	0.00828	0.00612	0.00592	0.00197	0.00917	0.00465	0.00284	0.00945
40	0.01347	0.12929	0.58408	0.01741	0.02596	0.01608	0.05238	0.01998	0.01384	0.02001	0.04170	0.01485	0.01051	0.00633	0.00601	0.00196	0.00899	0.00502	0.00294	0.00920
41	0.00785	0.00572	0.00740	0.00874	0.00930	0.00527	0.00588	0.00903	0.01262	0.01659	0.03871	0.69537	0.11407	0.01984	0.00818	0.00258	0.00370	0.01788	0.00600	0.00527
42	0.66780	0.01172	0.00966	0.00853	0.01237	0.01321	0.00698	0.01974	0.01193	0.09281	0.01168	0.01287	0.00875	0.00633	0.00428	0.00195	0.00485	0.00402	0.08325	0.00727
43	0.01794	0.56888	0.08837	0.01252	0.01805	0.10202	0.01228	0.05201	0.04448	0.01735	0.01033	0.01159	0.00889	0.00594	0.00470	0.00153	0.00757	0.00391	0.00315	0.00851
44	0.01388	0.05402	0.01401	0.03054	0.01554	0.01353	0.00956	0.02580	0.43474	0.02398	0.11131	0.03279	0.04940	0.03019	0.04091	0.00267	0.00565	0.07683	0.00605	0.00860
45	0.01364	0.15016	0.62864	0.01726	0.02618	0.01666	0.02186	0.02029	0.01356	0.01964	0.01119	0.01313	0.00820	0.00604	0.00583	0.00194	0.00913	0.00457	0.00273	0.00935
46	0.00771	0.00655	0.00665	0.00662	0.00877	0.00549	0.00497	0.00942	0.01490	0.01787	0.09786	0.06150	0.69733	0.01621	0.00764	0.00217	0.00326	0.01354	0.00605	0.00549
47	0.00768	0.00655	0.00661	0.00660	0.00876	0.00548	0.00495	0.00937	0.01484	0.01773	0.08679	0.06174	0.70849	0.01626	0.00764	0.00218	0.00327	0.01357	0.00604	0.00548
48	0.00784	0.00652	0.00685	0.00684	0.00887	0.00553	0.00510	0.00964	0.01510	0.01850	0.14894	0.08576	0.62011	0.01610	0.00766	0.00218	0.00326	0.01356	0.00614	0.00553

[dist]
# distance from previous block
# <min> <max>
0	4

# created by:
# /home/cegg/simao/soft/augustus-3.2.1/scripts/msa2prfl.pl ./align_prep/EOG090W0K4X.fa
