[name]
unknown

[dist]
# distance from previous block
# <min> <max>
0	21

[block]
# block no. 0 follows, 32 sequences, length 45
# corresponding to MSA columns:
# 33-77
name=unknown_A
#
# <colnr> <probs for GDERKNQSTAVLIFYWHMCP>
#	G	D	E	R	K	N	Q	S	T	A	V	L	I	F	Y	W	H	M	C	P
0	0.01962	0.01595	0.04662	0.01421	0.01788	0.08401	0.01193	0.18459	0.13418	0.12088	0.02216	0.03107	0.01903	0.04343	0.00958	0.00253	0.06631	0.14091	0.00594	0.00918
1	0.01649	0.31593	0.23819	0.01495	0.02129	0.05526	0.04456	0.02236	0.09291	0.04280	0.01423	0.04033	0.01176	0.00855	0.03157	0.00218	0.00843	0.00543	0.00368	0.00910
2	0.06958	0.17964	0.28942	0.01683	0.04576	0.10870	0.03617	0.05293	0.04172	0.02094	0.01208	0.01424	0.00955	0.00858	0.03863	0.00234	0.03555	0.00491	0.00341	0.00903
3	0.00982	0.06117	0.03775	0.00926	0.01123	0.00916	0.00740	0.01147	0.01353	0.01711	0.04466	0.17045	0.37042	0.10184	0.01228	0.00284	0.08583	0.01252	0.00526	0.00599
4	0.01348	0.07318	0.65129	0.01811	0.02733	0.01566	0.02303	0.02071	0.01441	0.02127	0.05138	0.01599	0.01157	0.00675	0.00635	0.00209	0.00939	0.00528	0.00309	0.00964
5	0.01166	0.00583	0.00874	0.00874	0.00874	0.00583	0.00583	0.00874	0.00874	0.01166	0.01166	0.02040	0.01166	0.02331	0.02622	0.80478	0.00583	0.00583	0.00291	0.00291
6	0.02233	0.15334	0.02133	0.01518	0.01952	0.31837	0.01221	0.17639	0.15230	0.02425	0.01468	0.01522	0.01150	0.00738	0.00604	0.00184	0.00891	0.00520	0.00472	0.00927
7	0.01419	0.00887	0.01122	0.00963	0.01257	0.00805	0.00747	0.01839	0.06924	0.14817	0.45574	0.03883	0.04511	0.01130	0.00725	0.00197	0.00400	0.00980	0.00706	0.11114
8	0.01517	0.19383	0.41876	0.01589	0.02319	0.01740	0.01850	0.04504	0.01481	0.04503	0.05587	0.01704	0.01286	0.03307	0.00776	0.00215	0.04553	0.00541	0.00350	0.00918
9	0.01854	0.09366	0.22331	0.01637	0.02158	0.26163	0.01583	0.02387	0.08417	0.04257	0.01492	0.01962	0.01251	0.00821	0.00745	0.00208	0.06063	0.06044	0.00390	0.00870
10	0.01346	0.03471	0.72942	0.01912	0.02904	0.01558	0.02479	0.02125	0.01417	0.02125	0.01204	0.01417	0.00850	0.00637	0.00637	0.00212	0.00992	0.00496	0.00283	0.00992
11	0.11427	0.00775	0.00816	0.00785	0.01019	0.00722	0.00596	0.01264	0.01567	0.05212	0.21136	0.09923	0.39462	0.01471	0.00742	0.00223	0.00371	0.01232	0.00632	0.00626
12	0.01608	0.01819	0.03701	0.02784	0.06768	0.03965	0.59531	0.02124	0.01552	0.02098	0.01310	0.01760	0.01006	0.00613	0.00878	0.00228	0.06265	0.00757	0.00336	0.00897
13	0.00818	0.00584	0.00779	0.00934	0.00973	0.00545	0.00623	0.00934	0.01285	0.01713	0.03698	0.75981	0.04438	0.02102	0.00856	0.00273	0.00389	0.01908	0.00623	0.00545
14	0.00941	0.00636	0.00742	0.00776	0.00784	0.00628	0.00454	0.00967	0.01043	0.01390	0.02458	0.19934	0.02873	0.60284	0.02860	0.00568	0.00594	0.01178	0.00454	0.00437
15	0.01124	0.08281	0.06386	0.01093	0.01264	0.01109	0.00887	0.01350	0.03429	0.01593	0.02023	0.15022	0.02166	0.25443	0.17776	0.00551	0.08547	0.00934	0.00409	0.00613
16	0.03010	0.01142	0.01557	0.01194	0.01713	0.00986	0.00986	0.03270	0.01920	0.72698	0.02647	0.02284	0.01661	0.00830	0.00675	0.00208	0.00571	0.00675	0.00830	0.01142
17	0.01031	0.00736	0.01023	0.01178	0.01310	0.00729	0.00994	0.01303	0.01495	0.01952	0.03581	0.20650	0.03972	0.01901	0.00913	0.00302	0.00574	0.55133	0.00619	0.00604
18	0.01831	0.08844	0.14278	0.01489	0.01909	0.21748	0.01362	0.04798	0.01700	0.07874	0.13167	0.02322	0.02004	0.00915	0.00836	0.00208	0.09460	0.03968	0.00456	0.00830
19	0.74671	0.01454	0.01062	0.00952	0.01362	0.07462	0.00774	0.02031	0.01205	0.02898	0.00943	0.01100	0.00738	0.00629	0.00431	0.00205	0.00576	0.00369	0.00410	0.00731
20	0.01227	0.01143	0.01574	0.01434	0.01462	0.01490	0.01145	0.01374	0.01162	0.01698	0.05005	0.23475	0.05281	0.01475	0.01689	0.00281	0.46961	0.01034	0.00423	0.00667
21	0.01556	0.01487	0.02534	0.22970	0.54202	0.01567	0.02007	0.01967	0.01478	0.02065	0.01244	0.01695	0.01018	0.00617	0.00666	0.00206	0.00823	0.00597	0.00323	0.00978
22	0.01391	0.01193	0.01391	0.00994	0.01590	0.00894	0.00795	0.01690	0.01391	0.02186	0.01193	0.01391	0.00994	0.00497	0.00497	0.00099	0.00497	0.00398	0.00398	0.80521
23	0.00950	0.00686	0.00897	0.00844	0.01002	0.00633	0.00633	0.01266	0.01899	0.02691	0.71879	0.05012	0.06331	0.01372	0.00791	0.00211	0.00317	0.01213	0.00739	0.00633
24	0.81159	0.01298	0.00986	0.00882	0.01298	0.01505	0.00727	0.01972	0.01142	0.03010	0.00934	0.01090	0.00727	0.00623	0.00415	0.00208	0.00519	0.00363	0.00415	0.00727
25	0.00856	0.00679	0.00769	0.00754	0.00947	0.00592	0.00563	0.01082	0.01667	0.02156	0.32434	0.08318	0.43636	0.01584	0.00795	0.00222	0.00332	0.01353	0.00669	0.00592
26	0.02427	0.03039	0.01919	0.01816	0.05160	0.66942	0.01318	0.02696	0.05332	0.01725	0.01132	0.01294	0.00932	0.00698	0.00612	0.00177	0.01158	0.00456	0.00362	0.00805
27	0.01593	0.01525	0.02601	0.16319	0.60564	0.01576	0.02025	0.02000	0.01496	0.02110	0.01250	0.01683	0.01034	0.00610	0.00665	0.00203	0.00814	0.00598	0.00326	0.01008
28	0.01273	0.01182	0.01682	0.01501	0.01546	0.01591	0.01228	0.01456	0.01047	0.01593	0.01231	0.01914	0.01185	0.02647	0.29524	0.00593	0.47168	0.00637	0.00319	0.00682
29	0.00976	0.00651	0.00732	0.00732	0.00732	0.00651	0.00407	0.00976	0.00976	0.01301	0.02114	0.04391	0.02439	0.76419	0.03415	0.00651	0.00651	0.00976	0.00407	0.00407
30	0.01406	0.01303	0.02264	0.01795	0.02057	0.01457	0.23140	0.01685	0.01246	0.04859	0.01469	0.02289	0.01349	0.13866	0.14080	0.00460	0.23441	0.00743	0.00362	0.00731
31	0.01050	0.00761	0.01038	0.01170	0.01331	0.00748	0.01012	0.01347	0.01557	0.02017	0.06536	0.07368	0.10109	0.01821	0.00909	0.00298	0.00581	0.59110	0.00623	0.00614
32	0.02317	0.01074	0.01390	0.01119	0.01527	0.00985	0.00902	0.09489	0.02014	0.43928	0.20261	0.04864	0.05056	0.01024	0.00712	0.00210	0.00512	0.00858	0.00779	0.00980
33	0.04747	0.00660	0.00662	0.00655	0.00808	0.00667	0.00480	0.01514	0.01372	0.02416	0.04676	0.02712	0.01914	0.08061	0.00761	0.00208	0.00354	0.00669	0.66054	0.00609
34	0.00800	0.00680	0.00690	0.00687	0.00911	0.00570	0.00516	0.00977	0.01547	0.01853	0.09806	0.06391	0.68927	0.01684	0.00793	0.00226	0.00339	0.01407	0.00628	0.00570
35	0.01354	0.00750	0.00973	0.03194	0.01161	0.00728	0.00685	0.01542	0.04485	0.11603	0.16096	0.09889	0.06664	0.03969	0.01283	0.20936	0.00466	0.00916	0.12690	0.00616
36	0.01467	0.20418	0.52000	0.01798	0.02671	0.01823	0.06847	0.02100	0.01416	0.02000	0.01152	0.01365	0.00864	0.00618	0.00600	0.00197	0.00938	0.00485	0.00288	0.00955
37	0.01512	0.01443	0.02455	0.30791	0.46721	0.01555	0.01985	0.01929	0.01458	0.02012	0.01236	0.01709	0.00999	0.00625	0.00667	0.00208	0.00834	0.00597	0.00319	0.00943
38	0.00907	0.00625	0.00767	0.00844	0.00868	0.00607	0.00531	0.00973	0.01139	0.01517	0.02895	0.37311	0.03409	0.39518	0.02148	0.00464	0.00530	0.03956	0.00514	0.00478
39	0.01965	0.01602	0.02021	0.21154	0.02764	0.03933	0.06410	0.30555	0.12093	0.05408	0.01836	0.01978	0.03634	0.00795	0.00684	0.00213	0.00774	0.00663	0.00543	0.00976
40	0.04406	0.09628	0.07643	0.08237	0.22884	0.10076	0.01546	0.08811	0.04272	0.10454	0.02960	0.01805	0.02952	0.00717	0.00632	0.00197	0.00789	0.00586	0.00444	0.00962
41	0.02644	0.01761	0.01799	0.01430	0.01924	0.11277	0.01159	0.32221	0.07540	0.28249	0.01987	0.01863	0.01357	0.00807	0.00664	0.00202	0.00727	0.00618	0.00685	0.01087
42	0.00864	0.00652	0.00776	0.00847	0.00976	0.00595	0.00604	0.01069	0.02954	0.01902	0.11316	0.39198	0.27422	0.01815	0.00814	0.00247	0.00373	0.03612	0.03387	0.00577
43	0.02078	0.02359	0.02170	0.01928	0.05631	0.35937	0.08602	0.07392	0.07455	0.02004	0.01231	0.01487	0.01012	0.00803	0.00981	0.00212	0.16935	0.00551	0.00385	0.00846
44	0.01478	0.01408	0.02394	0.36903	0.40876	0.01546	0.01968	0.01899	0.01441	0.01971	0.01230	0.01720	0.00985	0.00632	0.00667	0.00211	0.00842	0.00597	0.00316	0.00916

[dist]
# distance from previous block
# <min> <max>
0	1

[block]
# block no. 1 follows, 32 sequences, length 20
# corresponding to MSA columns:
# 89-108
name=unknown_B
#
# <colnr> <probs for GDERKNQSTAVLIFYWHMCP>
#	G	D	E	R	K	N	Q	S	T	A	V	L	I	F	Y	W	H	M	C	P
0	0.01657	0.38419	0.31058	0.01655	0.06076	0.07011	0.01739	0.02104	0.01430	0.01834	0.01066	0.01253	0.00868	0.00609	0.00538	0.00176	0.00865	0.00432	0.00292	0.00919
1	0.00879	0.00684	0.00790	0.00790	0.00968	0.00609	0.00593	0.01097	0.01613	0.02089	0.28056	0.08469	0.38139	0.06030	0.00960	0.00254	0.00373	0.06377	0.00649	0.00583
2	0.01949	0.03973	0.01745	0.01347	0.01814	0.05832	0.01085	0.29409	0.13657	0.03010	0.01736	0.06053	0.01416	0.00821	0.00682	0.00184	0.03206	0.00637	0.00558	0.20889
3	0.06629	0.01419	0.01548	0.01278	0.01682	0.01510	0.01012	0.35558	0.08245	0.05600	0.02101	0.16737	0.01904	0.03367	0.00763	0.00223	0.00606	0.00861	0.00619	0.08338
4	0.04272	0.11878	0.29976	0.02600	0.27226	0.01739	0.05424	0.02059	0.01430	0.02087	0.01173	0.01471	0.00932	0.00637	0.00695	0.00203	0.04387	0.00529	0.00309	0.00975
5	0.01509	0.07663	0.01811	0.01722	0.13279	0.01282	0.04878	0.04011	0.07947	0.08987	0.12752	0.12369	0.05740	0.01160	0.00819	0.00228	0.04996	0.07459	0.00554	0.00833
6	0.00816	0.00681	0.00712	0.00704	0.00921	0.00576	0.00528	0.01008	0.01585	0.01944	0.16515	0.06242	0.62162	0.01650	0.00793	0.00224	0.00336	0.01386	0.00640	0.00576
7	0.01166	0.00583	0.00874	0.00874	0.00874	0.00583	0.00583	0.00874	0.00874	0.01166	0.01166	0.02040	0.01166	0.02331	0.02622	0.80478	0.00583	0.00583	0.00291	0.00291
8	0.01986	0.26881	0.05126	0.09447	0.14273	0.01912	0.01415	0.11310	0.05833	0.13419	0.01495	0.01611	0.01133	0.00682	0.00589	0.00187	0.00728	0.00536	0.00456	0.00982
9	0.01458	0.01454	0.02053	0.05419	0.01905	0.02027	0.01488	0.01620	0.01043	0.01620	0.00896	0.01484	0.00881	0.01149	0.02125	0.00290	0.71471	0.00588	0.00294	0.00735
10	0.00818	0.00584	0.00779	0.00934	0.00973	0.00545	0.00623	0.00934	0.01285	0.01713	0.03698	0.75981	0.04438	0.02102	0.00856	0.00273	0.00389	0.01908	0.00623	0.00545
11	0.06871	0.24517	0.25711	0.08826	0.12570	0.01905	0.03912	0.04777	0.01467	0.02078	0.01134	0.01384	0.00897	0.00620	0.00574	0.00191	0.00836	0.00484	0.00319	0.00926
12	0.01842	0.01511	0.01606	0.01385	0.01791	0.01720	0.01093	0.18786	0.52474	0.03130	0.05373	0.02403	0.02019	0.00906	0.00685	0.00221	0.00570	0.00742	0.00682	0.01062
13	0.01039	0.00742	0.01033	0.01187	0.01323	0.00736	0.01008	0.01317	0.01503	0.01961	0.03576	0.18519	0.03954	0.01893	0.00916	0.00303	0.00581	0.57184	0.00619	0.00606
14	0.00959	0.00719	0.01078	0.01078	0.01198	0.00839	0.00839	0.01198	0.01078	0.01558	0.01797	0.02636	0.01677	0.05032	0.73760	0.01078	0.01797	0.00719	0.00359	0.00599
15	0.02069	0.39145	0.02779	0.01693	0.09223	0.31337	0.01303	0.02286	0.01599	0.01668	0.01009	0.01191	0.00883	0.00624	0.00526	0.00161	0.00925	0.00413	0.00316	0.00848
16	0.00861	0.00615	0.00828	0.00984	0.01042	0.00582	0.00698	0.01009	0.01327	0.01761	0.03674	0.64772	0.04343	0.02061	0.00868	0.00278	0.00427	0.12690	0.00622	0.00557
17	0.01617	0.08752	0.14225	0.02263	0.17630	0.01460	0.15420	0.02058	0.01562	0.09686	0.04062	0.02802	0.03493	0.00867	0.00713	0.00221	0.00811	0.11005	0.00439	0.00914
18	0.02373	0.01305	0.08881	0.01234	0.01722	0.01004	0.01108	0.02747	0.03913	0.48388	0.11219	0.02997	0.02361	0.00969	0.00707	0.00218	0.00586	0.06514	0.00739	0.01015
19	0.00818	0.00584	0.00779	0.00934	0.00973	0.00545	0.00623	0.00934	0.01285	0.01713	0.03698	0.75981	0.04438	0.02102	0.00856	0.00273	0.00389	0.01908	0.00623	0.00545

[dist]
# distance from previous block
# <min> <max>
4	33

[block]
# block no. 2 follows, 32 sequences, length 15
# corresponding to MSA columns:
# 144-158
name=unknown_C
#
# <colnr> <probs for GDERKNQSTAVLIFYWHMCP>
#	G	D	E	R	K	N	Q	S	T	A	V	L	I	F	Y	W	H	M	C	P
0	0.05390	0.17917	0.02225	0.01371	0.01878	0.05599	0.10262	0.14099	0.01791	0.02423	0.06290	0.02096	0.07870	0.00763	0.00602	0.00173	0.00688	0.00627	0.00456	0.17480
1	0.00836	0.00617	0.00782	0.00878	0.00967	0.00563	0.00606	0.00995	0.01428	0.01893	0.15657	0.52779	0.15709	0.01914	0.00835	0.00255	0.00369	0.01711	0.00642	0.00563
2	0.01494	0.01253	0.01446	0.01042	0.01633	0.00999	0.00838	0.07725	0.01547	0.02367	0.01230	0.01411	0.01007	0.00524	0.00512	0.00108	0.00518	0.00416	0.00422	0.73507
3	0.00962	0.00645	0.00736	0.00750	0.00753	0.00641	0.00426	0.00972	0.01003	0.01337	0.02254	0.10716	0.02616	0.69853	0.03189	0.00617	0.00627	0.01058	0.00426	0.00419
4	0.01365	0.01162	0.01361	0.00985	0.01555	0.00879	0.00785	0.01664	0.01422	0.02217	0.05476	0.01611	0.01317	0.00550	0.00515	0.00106	0.00486	0.00447	0.00418	0.75680
5	0.05779	0.02808	0.01890	0.01650	0.02044	0.53834	0.01268	0.18526	0.02166	0.02309	0.01168	0.01300	0.00924	0.00715	0.00613	0.00181	0.01070	0.00470	0.00425	0.00861
6	0.01824	0.21332	0.19040	0.01662	0.02214	0.16280	0.06566	0.08994	0.01643	0.02038	0.01210	0.03987	0.01028	0.00752	0.00765	0.00198	0.08691	0.00541	0.00353	0.00882
7	0.01381	0.03240	0.64337	0.01914	0.02845	0.01573	0.05513	0.02235	0.06674	0.02178	0.01326	0.01517	0.00948	0.00655	0.00648	0.00214	0.00963	0.00529	0.00316	0.00993
8	0.01478	0.01516	0.10032	0.13248	0.16885	0.01368	0.01479	0.11986	0.06876	0.02480	0.11886	0.03005	0.08806	0.00960	0.00711	0.00218	0.00685	0.05000	0.00500	0.00882
9	0.01716	0.41288	0.26240	0.01436	0.02114	0.07477	0.01576	0.02120	0.01462	0.04580	0.03659	0.01388	0.01086	0.00643	0.00535	0.00174	0.00825	0.00453	0.00328	0.00901
10	0.00976	0.00651	0.00732	0.00732	0.00732	0.00651	0.00407	0.00976	0.00976	0.01301	0.02114	0.04391	0.02439	0.76419	0.03415	0.00651	0.00651	0.00976	0.00407	0.00407
11	0.01947	0.07107	0.01633	0.01227	0.01612	0.05834	0.00993	0.29637	0.09930	0.04956	0.03915	0.02214	0.04039	0.02973	0.03167	0.00232	0.00661	0.00658	0.16348	0.00916
12	0.00818	0.00584	0.00779	0.00934	0.00973	0.00545	0.00623	0.00934	0.01285	0.01713	0.03698	0.75981	0.04438	0.02102	0.00856	0.00273	0.00389	0.01908	0.00623	0.00545
13	0.01391	0.01193	0.01391	0.00994	0.01590	0.00894	0.00795	0.01690	0.01391	0.02186	0.01193	0.01391	0.00994	0.00497	0.00497	0.00099	0.00497	0.00398	0.00398	0.80521
14	0.01442	0.09190	0.54741	0.01778	0.02628	0.01582	0.04937	0.04073	0.01498	0.04191	0.03982	0.04363	0.01230	0.00722	0.00643	0.00209	0.00907	0.00585	0.00343	0.00956

[dist]
# distance from previous block
# <min> <max>
11	14

[block]
# block no. 3 follows, 32 sequences, length 6
# corresponding to MSA columns:
# 173-178
name=unknown_D
#
# <colnr> <probs for GDERKNQSTAVLIFYWHMCP>
#	G	D	E	R	K	N	Q	S	T	A	V	L	I	F	Y	W	H	M	C	P
0	0.05297	0.08319	0.25513	0.01878	0.12703	0.01583	0.01655	0.11576	0.04784	0.08944	0.05593	0.01775	0.01376	0.00713	0.00625	0.00197	0.00756	0.00573	0.00452	0.05688
1	0.01528	0.05038	0.13394	0.01728	0.09472	0.04047	0.06165	0.05687	0.05861	0.05417	0.04687	0.07259	0.07237	0.00946	0.00769	0.00208	0.05086	0.04268	0.00464	0.10737
2	0.01548	0.10500	0.19660	0.01693	0.10093	0.01361	0.04363	0.04169	0.01520	0.08859	0.01984	0.12168	0.05314	0.00886	0.00645	0.00194	0.00700	0.00756	0.00440	0.13144
3	0.07775	0.01545	0.07122	0.09341	0.13046	0.05573	0.01306	0.08653	0.06024	0.10096	0.05971	0.04779	0.06681	0.00847	0.00651	0.00200	0.00675	0.00702	0.00502	0.08513
4	0.04965	0.10225	0.20367	0.05287	0.18481	0.01540	0.08248	0.02126	0.01502	0.10464	0.01662	0.01848	0.04838	0.00688	0.00633	0.00198	0.00795	0.00597	0.00396	0.05140
5	0.06594	0.10551	0.12200	0.03577	0.04508	0.06927	0.04195	0.11431	0.07884	0.05632	0.05496	0.07031	0.01651	0.02898	0.00706	0.00209	0.00724	0.00677	0.00475	0.06636

[dist]
# distance from previous block
# <min> <max>
46	164

[block]
# block no. 4 follows, 32 sequences, length 12
# corresponding to MSA columns:
# 395-406
name=unknown_E
#
# <colnr> <probs for GDERKNQSTAVLIFYWHMCP>
#	G	D	E	R	K	N	Q	S	T	A	V	L	I	F	Y	W	H	M	C	P
0	0.08121	0.01210	0.01437	0.13079	0.01997	0.01314	0.01052	0.14115	0.14678	0.06228	0.17330	0.05632	0.05693	0.00990	0.00684	0.00212	0.00566	0.00826	0.00599	0.04236
1	0.01628	0.01244	0.01465	0.01147	0.01605	0.01157	0.00916	0.12391	0.05753	0.07392	0.06612	0.07653	0.01763	0.00822	0.00703	0.00164	0.05206	0.00657	0.00522	0.41200
2	0.01717	0.01579	0.02074	0.02472	0.30286	0.10241	0.04817	0.06680	0.01697	0.05781	0.07133	0.09206	0.01811	0.00831	0.00672	0.00194	0.00734	0.00744	0.00451	0.10880
3	0.01311	0.01268	0.02176	0.36864	0.19027	0.01375	0.10054	0.01712	0.01447	0.01893	0.02224	0.02592	0.13565	0.00824	0.00706	0.00219	0.00803	0.00766	0.00369	0.00805
4	0.05606	0.20003	0.02168	0.17741	0.02395	0.01746	0.01221	0.16345	0.01737	0.02406	0.01205	0.01435	0.00957	0.00627	0.00553	0.00165	0.00693	0.00475	0.00407	0.22115
5	0.01866	0.01787	0.14240	0.01446	0.01958	0.01570	0.01314	0.12992	0.36608	0.11471	0.02331	0.05797	0.01772	0.00896	0.00681	0.00221	0.00641	0.00736	0.00625	0.01045
6	0.01478	0.09084	0.07740	0.52766	0.03885	0.10529	0.01771	0.01895	0.01419	0.01724	0.01149	0.01618	0.00884	0.00661	0.00636	0.00209	0.00924	0.00545	0.00302	0.00780
7	0.54646	0.01591	0.06559	0.01342	0.01853	0.01598	0.12389	0.08726	0.01433	0.02926	0.01090	0.01284	0.00825	0.00632	0.00519	0.00210	0.00675	0.00468	0.00419	0.00816
8	0.22615	0.01695	0.01838	0.01692	0.10541	0.01873	0.01231	0.44150	0.02437	0.03665	0.01394	0.01483	0.01025	0.00733	0.00605	0.00203	0.00689	0.00542	0.00564	0.01025
9	0.11484	0.01219	0.01330	0.01178	0.01506	0.01301	0.00944	0.25201	0.05597	0.05005	0.07626	0.15513	0.08421	0.01256	0.00723	0.00232	0.00558	0.09441	0.00631	0.00835
10	0.01698	0.12052	0.04171	0.15181	0.22235	0.01754	0.01556	0.14912	0.06548	0.02392	0.01550	0.07516	0.01343	0.00809	0.00703	0.00208	0.03328	0.00677	0.00429	0.00939
11	0.01560	0.05199	0.01846	0.23626	0.07418	0.09612	0.01351	0.08834	0.03769	0.02072	0.01639	0.13477	0.01539	0.00926	0.00758	0.00209	0.05424	0.00759	0.00418	0.09564

[dist]
# distance from previous block
# <min> <max>
13	95

[block]
# block no. 5 follows, 32 sequences, length 6
# corresponding to MSA columns:
# 505-510
name=unknown_F
#
# <colnr> <probs for GDERKNQSTAVLIFYWHMCP>
#	G	D	E	R	K	N	Q	S	T	A	V	L	I	F	Y	W	H	M	C	P
0	0.01745	0.01498	0.02047	0.02577	0.34694	0.04998	0.01472	0.07352	0.10050	0.07195	0.03872	0.05878	0.03591	0.00794	0.00664	0.00196	0.00685	0.00703	0.00477	0.09511
1	0.01642	0.25216	0.02864	0.14036	0.39655	0.01912	0.01742	0.01991	0.01447	0.01926	0.01148	0.01496	0.00973	0.00602	0.00592	0.00185	0.00787	0.00522	0.00313	0.00951
2	0.01671	0.01409	0.02013	0.51742	0.03822	0.01677	0.01678	0.23210	0.01912	0.02506	0.01324	0.01733	0.00972	0.00713	0.00671	0.00217	0.00845	0.00599	0.00416	0.00870
3	0.01588	0.01424	0.02237	0.41305	0.25517	0.01614	0.01835	0.12306	0.01679	0.02251	0.01279	0.01721	0.00985	0.00669	0.00669	0.00213	0.00840	0.00598	0.00366	0.00906
4	0.01391	0.01319	0.02236	0.52553	0.25907	0.01523	0.01925	0.01823	0.01400	0.01865	0.01214	0.01749	0.00947	0.00648	0.00669	0.00216	0.00864	0.00597	0.00309	0.00845
5	0.01097	0.01641	0.23573	0.01222	0.01673	0.01021	0.01245	0.01672	0.09912	0.02060	0.06488	0.15058	0.24984	0.01325	0.00747	0.00233	0.00588	0.04172	0.00528	0.00762

[dist]
# distance from previous block
# <min> <max>
0	11

# created by:
# /home/cegg/simao/soft/augustus-3.2.1/scripts/msa2prfl.pl ./align_prep/EOG090W0GPQ.fa
