[name]
unknown

[dist]
# distance from previous block
# <min> <max>
0	154

[block]
# block no. 0 follows, 21 sequences, length 64
# corresponding to MSA columns:
# 187-250
name=unknown_A
#
# <colnr> <probs for GDERKNQSTAVLIFYWHMCP>
#	G	D	E	R	K	N	Q	S	T	A	V	L	I	F	Y	W	H	M	C	P
0	0.01037	0.00741	0.00987	0.01185	0.01234	0.00691	0.00790	0.01185	0.01629	0.02172	0.04690	0.69537	0.05629	0.02666	0.01086	0.00346	0.00494	0.02419	0.00790	0.00691
1	0.03232	0.02479	0.02546	0.01971	0.02639	0.06280	0.01619	0.58617	0.03911	0.05177	0.02002	0.02014	0.01427	0.01013	0.00847	0.00253	0.00970	0.00754	0.00828	0.01421
2	0.02106	0.02022	0.03454	0.05223	0.64784	0.02022	0.02612	0.02612	0.01938	0.02780	0.01601	0.02106	0.01348	0.00758	0.00842	0.00253	0.01011	0.00758	0.00421	0.01348
3	0.01216	0.00912	0.01368	0.01368	0.01520	0.01064	0.01064	0.01520	0.01368	0.01976	0.02279	0.03343	0.02127	0.06382	0.66720	0.01368	0.02279	0.00912	0.00456	0.00760
4	0.35481	0.01535	0.01658	0.01341	0.01942	0.01539	0.01107	0.03426	0.02003	0.38411	0.02406	0.02233	0.01588	0.00938	0.00712	0.00263	0.00695	0.00683	0.00823	0.01218
5	0.01765	0.01513	0.01765	0.01260	0.02017	0.01134	0.01008	0.02143	0.01765	0.02773	0.01513	0.01765	0.01260	0.00630	0.00630	0.00126	0.00630	0.00504	0.00504	0.75295
6	0.02106	0.02022	0.03454	0.05223	0.64784	0.02022	0.02612	0.02612	0.01938	0.02780	0.01601	0.02106	0.01348	0.00758	0.00842	0.00253	0.01011	0.00758	0.00421	0.01348
7	0.03214	0.03008	0.02501	0.02046	0.02636	0.26553	0.01628	0.40082	0.03408	0.04138	0.01771	0.01853	0.01316	0.00968	0.00820	0.00242	0.01160	0.00685	0.00697	0.01275
8	0.01478	0.00739	0.01109	0.01109	0.01109	0.00739	0.00739	0.01109	0.01109	0.01478	0.01478	0.02587	0.01478	0.02956	0.03326	0.75240	0.00739	0.00739	0.00370	0.00370
9	0.01607	0.01513	0.02552	0.68047	0.05861	0.01891	0.02363	0.02174	0.01702	0.02174	0.01513	0.02269	0.01134	0.00851	0.00851	0.00284	0.01134	0.00756	0.00378	0.00945
10	0.03226	0.02644	0.02532	0.01994	0.02638	0.12600	0.01622	0.52839	0.03754	0.04853	0.01930	0.01964	0.01393	0.00999	0.00838	0.00250	0.01029	0.00732	0.00787	0.01376
11	0.03235	0.02384	0.02554	0.01958	0.02639	0.02639	0.01618	0.61946	0.04001	0.05363	0.02043	0.02043	0.01447	0.01022	0.00851	0.00255	0.00936	0.00766	0.00851	0.01447
12	0.01862	0.01862	0.02607	0.02234	0.02234	0.02607	0.01862	0.02048	0.01303	0.02048	0.01117	0.01862	0.01117	0.01489	0.02793	0.00372	0.68535	0.00745	0.00372	0.00931
13	0.02117	0.01828	0.01924	0.01732	0.02213	0.02117	0.01347	0.04522	0.63246	0.03560	0.03464	0.03175	0.02598	0.01155	0.00866	0.00289	0.00673	0.00962	0.00866	0.01347
14	0.01621	0.01507	0.02144	0.01911	0.01967	0.02030	0.01564	0.01851	0.01327	0.02021	0.01551	0.02415	0.01494	0.03317	0.26666	0.00744	0.43792	0.00807	0.00404	0.00867
15	0.76103	0.01646	0.01251	0.01119	0.01646	0.01909	0.00922	0.02502	0.01448	0.03818	0.01185	0.01382	0.00922	0.00790	0.00527	0.00263	0.00658	0.00461	0.00527	0.00922
16	0.01037	0.00741	0.00987	0.01185	0.01234	0.00691	0.00790	0.01185	0.01629	0.02172	0.04690	0.69537	0.05629	0.02666	0.01086	0.00346	0.00494	0.02419	0.00790	0.00691
17	0.02275	0.70604	0.04459	0.01456	0.02184	0.03367	0.01456	0.02548	0.01729	0.02002	0.01183	0.01365	0.01092	0.00728	0.00546	0.00182	0.00910	0.00455	0.00364	0.01092
18	0.03600	0.01798	0.02191	0.01680	0.02347	0.01769	0.01388	0.25732	0.03020	0.42963	0.02867	0.02578	0.01860	0.01041	0.00854	0.00260	0.00803	0.00822	0.00978	0.01448
19	0.03200	0.03431	0.02465	0.02105	0.02634	0.42762	0.01634	0.25263	0.03005	0.03308	0.01587	0.01725	0.01227	0.00931	0.00799	0.00233	0.01311	0.00630	0.00593	0.01159
20	0.76103	0.01646	0.01251	0.01119	0.01646	0.01909	0.00922	0.02502	0.01448	0.03818	0.01185	0.01382	0.00922	0.00790	0.00527	0.00263	0.00658	0.00461	0.00527	0.00922
21	0.01792	0.01702	0.02887	0.44724	0.27736	0.01939	0.02456	0.02337	0.01789	0.02399	0.01545	0.02208	0.01214	0.00816	0.00848	0.00272	0.01089	0.00757	0.00394	0.01095
22	0.01765	0.01513	0.01765	0.01260	0.02017	0.01134	0.01008	0.02143	0.01765	0.02773	0.01513	0.01765	0.01260	0.00630	0.00630	0.00126	0.00630	0.00504	0.00504	0.75295
23	0.01935	0.00974	0.01311	0.01284	0.01536	0.00876	0.00938	0.02155	0.01929	0.22446	0.07468	0.44836	0.04631	0.02101	0.01008	0.00315	0.00562	0.01872	0.00882	0.00939
24	0.01112	0.00772	0.00965	0.01089	0.01120	0.00741	0.00688	0.01205	0.01483	0.01977	0.03940	0.45648	0.04682	0.27846	0.02298	0.00525	0.00617	0.01978	0.00688	0.00626
25	0.01508	0.03082	0.41563	0.01908	0.02776	0.01533	0.02261	0.02266	0.01999	0.02900	0.21815	0.03604	0.06881	0.01180	0.00882	0.00270	0.00940	0.00983	0.00567	0.01083
26	0.01048	0.00745	0.00984	0.01170	0.01217	0.00699	0.00774	0.01188	0.01607	0.02142	0.04574	0.65826	0.05481	0.06578	0.01274	0.00373	0.00513	0.02351	0.00774	0.00681
27	0.01622	0.01503	0.02123	0.01890	0.01940	0.02019	0.01538	0.01838	0.01321	0.02006	0.01570	0.02519	0.01540	0.06292	0.23752	0.00719	0.43724	0.00822	0.00406	0.00856
28	0.01200	0.00809	0.00939	0.00977	0.00986	0.00800	0.00567	0.01228	0.01311	0.01749	0.03060	0.17629	0.03572	0.57380	0.03720	0.00735	0.00763	0.01460	0.00567	0.00549
29	0.01531	0.01391	0.02286	0.55420	0.04996	0.01686	0.02069	0.02067	0.01835	0.02408	0.13357	0.03040	0.02434	0.01018	0.00880	0.00281	0.00996	0.00904	0.00483	0.00919
30	0.01204	0.00870	0.01138	0.01071	0.01271	0.00803	0.00803	0.01606	0.02409	0.03413	0.64335	0.06357	0.08030	0.01740	0.01004	0.00268	0.00401	0.01539	0.00937	0.00803
31	0.01877	0.02040	0.04215	0.24649	0.04910	0.02067	0.42308	0.02546	0.01908	0.02546	0.01653	0.02287	0.01240	0.00761	0.00954	0.00286	0.01337	0.00923	0.00413	0.01082
32	0.01231	0.00853	0.01069	0.01069	0.01117	0.00901	0.00691	0.01328	0.01279	0.01754	0.02553	0.04857	0.02785	0.49723	0.24279	0.00999	0.01290	0.01133	0.00497	0.00594
33	0.01338	0.01091	0.01601	0.01531	0.01654	0.01355	0.01214	0.01619	0.01356	0.01989	0.02060	0.03064	0.01937	0.05460	0.54668	0.01180	0.14771	0.00880	0.00440	0.00792
34	0.01095	0.00866	0.00986	0.00956	0.01204	0.00756	0.00717	0.01394	0.02151	0.02800	0.33683	0.07365	0.39064	0.01968	0.01005	0.00279	0.00418	0.01680	0.00856	0.00756
35	0.01919	0.29125	0.42819	0.02064	0.03123	0.02496	0.02514	0.02640	0.01771	0.02436	0.01399	0.01636	0.01083	0.00778	0.00710	0.00237	0.01128	0.00564	0.00361	0.01196
36	0.02817	0.02176	0.02319	0.01874	0.02480	0.02444	0.01516	0.40501	0.26126	0.04690	0.02574	0.02466	0.01877	0.01071	0.00857	0.00268	0.00838	0.00839	0.00857	0.01410
37	0.01765	0.01513	0.01765	0.01260	0.02017	0.01134	0.01008	0.02143	0.01765	0.02773	0.01513	0.01765	0.01260	0.00630	0.00630	0.00126	0.00630	0.00504	0.00504	0.75295
38	0.01072	0.00755	0.00977	0.01140	0.01180	0.00715	0.00742	0.01194	0.01560	0.02080	0.04336	0.58267	0.05182	0.14545	0.01658	0.00430	0.00552	0.02211	0.00742	0.00660
39	0.01165	0.00839	0.01130	0.01317	0.01435	0.00804	0.01008	0.01411	0.01773	0.02324	0.04817	0.43212	0.08304	0.02518	0.01117	0.00361	0.00603	0.24346	0.00788	0.00728
40	0.01037	0.00741	0.00987	0.01185	0.01234	0.00691	0.00790	0.01185	0.01629	0.02172	0.04690	0.69537	0.05629	0.02666	0.01086	0.00346	0.00494	0.02419	0.00790	0.00691
41	0.02390	0.02034	0.02793	0.14920	0.19017	0.02339	0.02054	0.24584	0.02546	0.03496	0.01659	0.02066	0.01303	0.01011	0.01215	0.00282	0.13736	0.00758	0.00565	0.01233
42	0.02275	0.70604	0.04459	0.01456	0.02184	0.03367	0.01456	0.02548	0.01729	0.02002	0.01183	0.01365	0.01092	0.00728	0.00546	0.00182	0.00910	0.00455	0.00364	0.01092
43	0.01758	0.07814	0.58235	0.02453	0.03655	0.02063	0.07068	0.02689	0.01808	0.02660	0.01522	0.01808	0.01093	0.00798	0.00808	0.00266	0.01251	0.00645	0.00364	0.01241
44	0.01737	0.01418	0.01539	0.01411	0.01784	0.01553	0.01086	0.03277	0.37506	0.03361	0.18869	0.04497	0.10598	0.01395	0.00896	0.00277	0.00562	0.01182	0.05945	0.01108
45	0.16460	0.01990	0.02019	0.01696	0.02256	0.02262	0.01362	0.24402	0.30692	0.04245	0.02533	0.02438	0.01876	0.01039	0.00797	0.00272	0.00763	0.00798	0.00797	0.01302
46	0.01607	0.01513	0.02552	0.68047	0.05861	0.01891	0.02363	0.02174	0.01702	0.02174	0.01513	0.02269	0.01134	0.00851	0.00851	0.00284	0.01134	0.00756	0.00378	0.00945
47	0.01846	0.01840	0.02603	0.06285	0.02457	0.02563	0.01893	0.02056	0.01328	0.02056	0.01141	0.01887	0.01118	0.01450	0.02673	0.00367	0.64386	0.00745	0.00373	0.00932
48	0.02207	0.02484	0.02227	0.02021	0.02196	0.26592	0.01577	0.02398	0.01786	0.02085	0.01866	0.14496	0.01960	0.01479	0.01701	0.00309	0.30246	0.00986	0.00476	0.00907
49	0.01216	0.00912	0.01368	0.01368	0.01520	0.01064	0.01064	0.01520	0.01368	0.01976	0.02279	0.03343	0.02127	0.06382	0.66720	0.01368	0.02279	0.00912	0.00456	0.00760
50	0.01220	0.00895	0.01285	0.01285	0.01408	0.01019	0.00960	0.01466	0.01343	0.01914	0.02355	0.03763	0.02310	0.18394	0.54958	0.01265	0.02005	0.00973	0.00467	0.00714
51	0.01037	0.00741	0.00987	0.01185	0.01234	0.00691	0.00790	0.01185	0.01629	0.02172	0.04690	0.69537	0.05629	0.02666	0.01086	0.00346	0.00494	0.02419	0.00790	0.00691
52	0.02009	0.02296	0.05022	0.03587	0.04448	0.02152	0.61693	0.02726	0.02009	0.02726	0.01722	0.02296	0.01291	0.00717	0.01004	0.00287	0.01435	0.01004	0.00430	0.01148
53	0.01037	0.00741	0.00987	0.01185	0.01234	0.00691	0.00790	0.01185	0.01629	0.02172	0.04690	0.69537	0.05629	0.02666	0.01086	0.00346	0.00494	0.02419	0.00790	0.00691
54	0.01691	0.01574	0.02637	0.39834	0.23772	0.01780	0.02242	0.02186	0.01767	0.02364	0.01944	0.10760	0.01772	0.01052	0.00878	0.00282	0.01014	0.00968	0.00444	0.01039
55	0.01888	0.27510	0.07329	0.01749	0.02167	0.02502	0.01604	0.02314	0.05103	0.02148	0.01545	0.02053	0.01399	0.02145	0.14850	0.00494	0.21108	0.00676	0.00414	0.01002
56	0.03179	0.04056	0.02412	0.02192	0.02631	0.66676	0.01644	0.03398	0.02412	0.02083	0.01315	0.01535	0.01096	0.00877	0.00767	0.00219	0.01535	0.00548	0.00438	0.00987
57	0.01993	0.01043	0.01361	0.01194	0.01539	0.00928	0.00926	0.02337	0.02320	0.22669	0.35559	0.09164	0.12255	0.01624	0.00962	0.00273	0.00511	0.01404	0.00949	0.00990
58	0.01229	0.00958	0.01354	0.13718	0.02122	0.00976	0.01087	0.01589	0.02056	0.02814	0.34816	0.21797	0.08595	0.01827	0.00996	0.00291	0.00565	0.01627	0.00788	0.00798
59	0.06364	0.02148	0.02764	0.26879	0.03998	0.12661	0.12196	0.02927	0.13443	0.02606	0.01848	0.02255	0.01418	0.00913	0.00931	0.00277	0.04027	0.00786	0.00497	0.01061
60	0.01702	0.01643	0.02573	0.43469	0.04507	0.02158	0.02176	0.02127	0.01553	0.02127	0.01365	0.02117	0.01128	0.01089	0.01576	0.00317	0.26305	0.00752	0.00376	0.00940
61	0.29738	0.32232	0.14932	0.01515	0.02269	0.02558	0.01578	0.02559	0.01637	0.02812	0.01249	0.01454	0.01026	0.00767	0.00589	0.00229	0.00882	0.00490	0.00424	0.01060
62	0.33490	0.01177	0.01123	0.01116	0.01432	0.01250	0.00858	0.01842	0.01712	0.03081	0.11474	0.20345	0.12041	0.01649	0.00827	0.00294	0.00559	0.04222	0.00695	0.00814
63	0.29474	0.01467	0.01472	0.01234	0.01767	0.01427	0.00970	0.05566	0.01751	0.03200	0.02020	0.14415	0.01968	0.01096	0.00690	0.00226	0.00633	0.00864	0.00587	0.29171

[dist]
# distance from previous block
# <min> <max>
6	23

[block]
# block no. 1 follows, 21 sequences, length 17
# corresponding to MSA columns:
# 274-290
name=unknown_B
#
# <colnr> <probs for GDERKNQSTAVLIFYWHMCP>
#	G	D	E	R	K	N	Q	S	T	A	V	L	I	F	Y	W	H	M	C	P
0	0.01604	0.01030	0.01278	0.01292	0.01490	0.01018	0.00919	0.04858	0.08375	0.09784	0.06603	0.43313	0.04577	0.08053	0.01303	0.00364	0.00586	0.01864	0.00814	0.00874
1	0.01037	0.00741	0.00987	0.01185	0.01234	0.00691	0.00790	0.01185	0.01629	0.02172	0.04690	0.69537	0.05629	0.02666	0.01086	0.00346	0.00494	0.02419	0.00790	0.00691
2	0.18484	0.01437	0.01662	0.01357	0.01921	0.01383	0.01104	0.03420	0.06975	0.38672	0.03649	0.03344	0.10657	0.01161	0.00808	0.00269	0.00665	0.00913	0.00891	0.01227
3	0.76103	0.01646	0.01251	0.01119	0.01646	0.01909	0.00922	0.02502	0.01448	0.03818	0.01185	0.01382	0.00922	0.00790	0.00527	0.00263	0.00658	0.00461	0.00527	0.00922
4	0.01037	0.00741	0.00987	0.01185	0.01234	0.00691	0.00790	0.01185	0.01629	0.02172	0.04690	0.69537	0.05629	0.02666	0.01086	0.00346	0.00494	0.02419	0.00790	0.00691
5	0.03725	0.01597	0.02067	0.01585	0.02247	0.01471	0.01309	0.13333	0.02685	0.55836	0.03148	0.02761	0.02002	0.01048	0.00855	0.00262	0.00758	0.00842	0.01021	0.01448
6	0.01037	0.00741	0.00987	0.01185	0.01234	0.00691	0.00790	0.01185	0.01629	0.02172	0.04690	0.69537	0.05629	0.02666	0.01086	0.00346	0.00494	0.02419	0.00790	0.00691
7	0.02009	0.02296	0.05022	0.03587	0.04448	0.02152	0.61693	0.02726	0.02009	0.02726	0.01722	0.02296	0.01291	0.00717	0.01004	0.00287	0.01435	0.01004	0.00430	0.01148
8	0.03818	0.01448	0.01975	0.01514	0.02172	0.01251	0.01251	0.04147	0.02436	0.65373	0.03357	0.02897	0.02107	0.01053	0.00856	0.00263	0.00724	0.00856	0.01053	0.01448
9	0.02206	0.55721	0.09167	0.02062	0.11102	0.03068	0.01752	0.02569	0.01764	0.02166	0.01269	0.01503	0.01127	0.00739	0.00609	0.00199	0.00952	0.00511	0.00372	0.01141
10	0.01076	0.00778	0.01071	0.01225	0.01297	0.00773	0.00850	0.01259	0.01572	0.02129	0.04161	0.54990	0.04859	0.03483	0.15510	0.00570	0.00886	0.02088	0.00717	0.00706
11	0.76103	0.01646	0.01251	0.01119	0.01646	0.01909	0.00922	0.02502	0.01448	0.03818	0.01185	0.01382	0.00922	0.00790	0.00527	0.00263	0.00658	0.00461	0.00527	0.00922
12	0.02275	0.70604	0.04459	0.01456	0.02184	0.03367	0.01456	0.02548	0.01729	0.02002	0.01183	0.01365	0.01092	0.00728	0.00546	0.00182	0.00910	0.00455	0.00364	0.01092
13	0.02440	0.01443	0.06360	0.01452	0.01912	0.01235	0.01239	0.06007	0.02025	0.27896	0.02850	0.06878	0.02253	0.05568	0.18676	0.00583	0.01152	0.00950	0.07980	0.01101
14	0.02418	0.12522	0.06782	0.01687	0.02438	0.01931	0.04882	0.13629	0.05266	0.11626	0.01917	0.02009	0.01438	0.00817	0.00733	0.00204	0.00832	0.00652	0.00624	0.27594
15	0.02301	0.06389	0.28579	0.01918	0.02777	0.04737	0.02043	0.07653	0.04900	0.14767	0.02211	0.07084	0.01730	0.01008	0.00812	0.00253	0.00981	0.00806	0.00604	0.08449
16	0.07727	0.06277	0.31883	0.01885	0.02663	0.01741	0.02089	0.05072	0.01801	0.05537	0.02019	0.05325	0.01721	0.02195	0.15289	0.00514	0.01324	0.03367	0.00485	0.01085

[dist]
# distance from previous block
# <min> <max>
2	186

[block]
# block no. 2 follows, 21 sequences, length 13
# corresponding to MSA columns:
# 481-493
name=unknown_C
#
# <colnr> <probs for GDERKNQSTAVLIFYWHMCP>
#	G	D	E	R	K	N	Q	S	T	A	V	L	I	F	Y	W	H	M	C	P
0	0.05079	0.01706	0.02254	0.09268	0.08070	0.05257	0.07170	0.05537	0.14094	0.10571	0.18197	0.03466	0.03333	0.01147	0.00890	0.00270	0.00821	0.01009	0.00735	0.01125
1	0.22137	0.33827	0.20310	0.01630	0.02448	0.02592	0.01772	0.02576	0.01671	0.02684	0.01278	0.01488	0.01042	0.00767	0.00612	0.00228	0.00937	0.00504	0.00407	0.01091
2	0.01216	0.00912	0.01368	0.01368	0.01520	0.01064	0.01064	0.01520	0.01368	0.01976	0.02279	0.03343	0.02127	0.06382	0.66720	0.01368	0.02279	0.00912	0.00456	0.00760
3	0.01331	0.00822	0.00922	0.00922	0.00986	0.00833	0.00575	0.01459	0.01395	0.02085	0.02680	0.04767	0.02780	0.47001	0.07584	0.00692	0.00808	0.01095	0.20657	0.00608
4	0.01963	0.01958	0.02934	0.34835	0.31326	0.07614	0.02409	0.02473	0.01867	0.02431	0.01534	0.02134	0.01224	0.00813	0.00840	0.00264	0.01115	0.00739	0.00402	0.01125
5	0.01664	0.01241	0.01456	0.01237	0.01688	0.01072	0.00946	0.07185	0.02040	0.06363	0.07561	0.20184	0.13915	0.01533	0.00866	0.00237	0.00580	0.01316	0.00715	0.28201
6	0.02116	0.14131	0.33273	0.02081	0.02987	0.07929	0.02279	0.07314	0.14286	0.02895	0.01879	0.01999	0.01412	0.00886	0.00778	0.00254	0.01088	0.00671	0.00503	0.01239
7	0.02166	0.57936	0.16175	0.01642	0.02471	0.03101	0.01779	0.02576	0.01742	0.02135	0.01249	0.01448	0.01089	0.00743	0.00596	0.00199	0.00977	0.00488	0.00363	0.01124
8	0.01218	0.00903	0.01321	0.01321	0.01457	0.01038	0.01005	0.01490	0.01354	0.01941	0.02322	0.03580	0.02230	0.13165	0.60078	0.01310	0.02125	0.00946	0.00462	0.00734
9	0.01492	0.00880	0.01129	0.01182	0.01375	0.00789	0.00841	0.01683	0.01819	0.12676	0.05175	0.47470	0.15604	0.02307	0.01034	0.00322	0.00521	0.02048	0.00834	0.00822
10	0.02027	0.01985	0.01885	0.01433	0.02131	0.13302	0.01126	0.02376	0.01885	0.02645	0.01476	0.01722	0.01230	0.00676	0.00656	0.00143	0.00798	0.00512	0.00492	0.61499
11	0.02116	0.01590	0.04562	0.01385	0.02012	0.01298	0.01157	0.09805	0.02210	0.11774	0.09582	0.05988	0.02467	0.00998	0.00763	0.00199	0.00664	0.00825	0.04232	0.36373
12	0.07338	0.02079	0.07790	0.01927	0.02362	0.02196	0.01693	0.15755	0.07948	0.07151	0.01973	0.02567	0.01637	0.01234	0.01513	0.00304	0.24391	0.04651	0.00612	0.04881

[dist]
# distance from previous block
# <min> <max>
0	1

[block]
# block no. 3 follows, 21 sequences, length 74
# corresponding to MSA columns:
# 531-567,571-586,588-608
name=unknown_D
#
# <colnr> <probs for GDERKNQSTAVLIFYWHMCP>
#	G	D	E	R	K	N	Q	S	T	A	V	L	I	F	Y	W	H	M	C	P
0	0.01205	0.00757	0.00928	0.01065	0.01160	0.00722	0.00730	0.01430	0.01677	0.02479	0.04103	0.49183	0.04571	0.02153	0.00936	0.00300	0.00464	0.01921	0.23494	0.00722
1	0.01630	0.01477	0.02079	0.25374	0.03287	0.01814	0.01687	0.02370	0.13111	0.02463	0.05253	0.12832	0.05139	0.01415	0.01331	0.00313	0.15773	0.01119	0.00571	0.00963
2	0.15935	0.02662	0.21443	0.01862	0.02619	0.02109	0.01857	0.11724	0.24489	0.03598	0.02244	0.02258	0.01656	0.00962	0.00783	0.00273	0.00887	0.00739	0.00645	0.01255
3	0.02958	0.12797	0.06753	0.01735	0.02455	0.01991	0.04109	0.15180	0.06119	0.27289	0.02402	0.02302	0.01665	0.00933	0.00790	0.00240	0.00851	0.00741	0.00772	0.07920
4	0.02030	0.01775	0.01721	0.01563	0.01753	0.18594	0.04245	0.04130	0.01617	0.01855	0.01469	0.02268	0.01365	0.02206	0.02421	0.48261	0.00997	0.00703	0.00410	0.00618
5	0.17141	0.01224	0.01435	0.01223	0.01650	0.01175	0.00973	0.02640	0.02205	0.24676	0.28314	0.04252	0.07040	0.01332	0.00857	0.00266	0.00565	0.01100	0.00888	0.01044
6	0.01689	0.01298	0.01523	0.07928	0.05291	0.05340	0.01149	0.05084	0.02043	0.08855	0.08634	0.24694	0.19474	0.01830	0.00968	0.00293	0.00676	0.01584	0.00747	0.00901
7	0.09644	0.02006	0.02231	0.01739	0.02388	0.02128	0.01431	0.36139	0.06630	0.23248	0.02445	0.02307	0.01665	0.01019	0.00825	0.00260	0.00834	0.00778	0.00885	0.01397
8	0.02999	0.01270	0.01694	0.01360	0.01886	0.01106	0.01100	0.03335	0.02387	0.46274	0.17245	0.04116	0.08797	0.01300	0.00901	0.00266	0.00628	0.01088	0.01005	0.01243
9	0.01089	0.00789	0.01037	0.01190	0.01288	0.00736	0.00843	0.01297	0.01776	0.02366	0.11980	0.51834	0.09675	0.02491	0.01080	0.00337	0.00509	0.08160	0.00807	0.00716
10	0.02458	0.01744	0.02367	0.30583	0.03846	0.04815	0.01861	0.08057	0.05358	0.19124	0.02092	0.02382	0.01491	0.01011	0.01077	0.00284	0.08899	0.00784	0.00625	0.01143
11	0.03617	0.01647	0.02082	0.01610	0.02263	0.01561	0.01326	0.15167	0.05972	0.50660	0.03113	0.02749	0.02007	0.01053	0.00855	0.00263	0.00762	0.00844	0.01005	0.01443
12	0.01716	0.01254	0.02090	0.01650	0.02051	0.01210	0.19334	0.02211	0.01853	0.03036	0.02453	0.02904	0.01908	0.00907	0.00720	0.00225	0.00715	0.00858	0.52002	0.00902
13	0.01862	0.01862	0.02607	0.02234	0.02234	0.02607	0.01862	0.02048	0.01303	0.02048	0.01117	0.01862	0.01117	0.01489	0.02793	0.00372	0.68535	0.00745	0.00372	0.00931
14	0.01633	0.01563	0.02713	0.63858	0.05769	0.01908	0.06218	0.02210	0.01722	0.02210	0.01526	0.02271	0.01145	0.00842	0.00861	0.00284	0.01154	0.00772	0.00382	0.00959
15	0.01928	0.23066	0.45816	0.02142	0.03217	0.05021	0.02606	0.02682	0.01803	0.02474	0.01421	0.01664	0.01083	0.00789	0.00733	0.00243	0.01171	0.00576	0.00364	0.01200
16	0.02622	0.03136	0.02417	0.02159	0.02433	0.41332	0.01684	0.02835	0.01978	0.02065	0.01305	0.01749	0.01163	0.01402	0.05269	0.00337	0.24105	0.00635	0.00417	0.00955
17	0.01814	0.01702	0.02842	0.41668	0.12162	0.01976	0.08288	0.06479	0.01896	0.02522	0.01709	0.05427	0.01412	0.00967	0.01004	0.00287	0.05505	0.00861	0.00442	0.01037
18	0.76103	0.01646	0.01251	0.01119	0.01646	0.01909	0.00922	0.02502	0.01448	0.03818	0.01185	0.01382	0.00922	0.00790	0.00527	0.00263	0.00658	0.00461	0.00527	0.00922
19	0.01139	0.00814	0.01105	0.01302	0.01397	0.00780	0.00968	0.01362	0.01731	0.02287	0.04634	0.51141	0.05404	0.02569	0.01114	0.00360	0.00583	0.19802	0.00788	0.00720
20	0.03174	0.02205	0.02414	0.01874	0.02519	0.02400	0.01538	0.53095	0.03723	0.11009	0.02312	0.05734	0.01735	0.01113	0.00864	0.00261	0.00892	0.00863	0.00868	0.01407
21	0.01925	0.01657	0.02532	0.35845	0.11707	0.01881	0.04679	0.05602	0.11712	0.06006	0.02429	0.02802	0.05581	0.00986	0.00869	0.00279	0.00982	0.00874	0.00549	0.01104
22	0.02988	0.02380	0.21493	0.01790	0.02596	0.01540	0.01814	0.07311	0.02275	0.38660	0.02672	0.02653	0.01803	0.04848	0.01036	0.00296	0.00907	0.00802	0.00797	0.01337
23	0.02035	0.40259	0.29360	0.02036	0.05868	0.02734	0.02201	0.02611	0.01767	0.02323	0.01344	0.01577	0.01099	0.00762	0.00668	0.00221	0.01057	0.00541	0.00365	0.01172
24	0.03818	0.01448	0.01975	0.01514	0.02172	0.01251	0.01251	0.04147	0.02436	0.65373	0.03357	0.02897	0.02107	0.01053	0.00856	0.00263	0.00724	0.00856	0.01053	0.01448
25	0.01707	0.04402	0.65683	0.02426	0.03683	0.01976	0.03144	0.02695	0.01797	0.02695	0.01527	0.01797	0.01078	0.00809	0.00809	0.00270	0.01258	0.00629	0.00359	0.01258
26	0.01383	0.01099	0.01281	0.01340	0.01544	0.01152	0.00960	0.02262	0.21489	0.02627	0.04552	0.44165	0.08491	0.02146	0.01010	0.00323	0.00548	0.01909	0.00814	0.00904
27	0.01781	0.01765	0.03004	0.14694	0.03373	0.02065	0.17946	0.04318	0.01716	0.02395	0.01924	0.12207	0.01856	0.01321	0.01621	0.00324	0.25179	0.01069	0.00469	0.00975
28	0.01221	0.00891	0.01261	0.01261	0.01376	0.01006	0.00931	0.01451	0.01336	0.01897	0.02377	0.03883	0.02362	0.21846	0.51577	0.01236	0.01926	0.00991	0.00470	0.00701
29	0.01006	0.00862	0.00862	0.00862	0.01149	0.00718	0.00647	0.01221	0.01940	0.02299	0.08621	0.08190	0.64438	0.02155	0.01006	0.00287	0.00431	0.01796	0.00790	0.00718
30	0.01714	0.01864	0.06522	0.48258	0.05388	0.01961	0.17419	0.02342	0.01784	0.02342	0.01566	0.02251	0.01171	0.00815	0.00887	0.00284	0.01217	0.00812	0.00390	0.01013
31	0.01791	0.03734	0.46989	0.02709	0.03799	0.02054	0.17864	0.02668	0.01824	0.02668	0.01554	0.01926	0.01134	0.00822	0.00964	0.00279	0.04899	0.00730	0.00378	0.01212
32	0.03318	0.01340	0.01801	0.01418	0.01997	0.01162	0.01157	0.03649	0.02400	0.53756	0.11099	0.03660	0.06875	0.01208	0.00883	0.00265	0.00666	0.01000	0.01022	0.01323
33	0.01664	0.01011	0.01107	0.01036	0.01292	0.01022	0.00798	0.09228	0.02183	0.03390	0.14711	0.06618	0.06083	0.01300	0.00761	0.00235	0.00483	0.03182	0.43027	0.00868
34	0.06123	0.01517	0.01448	0.01434	0.01669	0.10413	0.01044	0.10708	0.02127	0.02802	0.06796	0.42368	0.04209	0.02005	0.00968	0.00305	0.00712	0.01743	0.00742	0.00866
35	0.01053	0.00753	0.01002	0.01174	0.01238	0.00702	0.00791	0.01226	0.01706	0.02294	0.10547	0.63333	0.05864	0.02575	0.01078	0.00338	0.00485	0.02333	0.00804	0.00702
36	0.02220	0.03090	0.21854	0.02188	0.02787	0.14268	0.02129	0.09755	0.02018	0.02702	0.01418	0.01796	0.01151	0.01054	0.01430	0.00282	0.22793	0.00659	0.00447	0.05958
37	0.02460	0.15831	0.34736	0.01965	0.02941	0.02013	0.02249	0.03113	0.01980	0.21789	0.02024	0.02054	0.01396	0.00869	0.00774	0.00251	0.01029	0.00666	0.00573	0.01285
38	0.02155	0.01468	0.01673	0.01378	0.01915	0.01415	0.01087	0.03211	0.22574	0.13001	0.05371	0.02836	0.02280	0.00978	0.00756	0.00220	0.00613	0.00803	0.12334	0.23933
39	0.01037	0.00826	0.00931	0.00984	0.01189	0.00719	0.00708	0.01253	0.01897	0.02384	0.13611	0.26801	0.40129	0.02266	0.01030	0.00303	0.00447	0.01959	0.00806	0.00719
40	0.03179	0.04056	0.02412	0.02192	0.02631	0.66676	0.01644	0.03398	0.02412	0.02083	0.01315	0.01535	0.01096	0.00877	0.00767	0.00219	0.01535	0.00548	0.00438	0.00987
41	0.03710	0.01623	0.02083	0.01597	0.02259	0.01509	0.01319	0.14916	0.02727	0.54192	0.03112	0.02738	0.01984	0.01047	0.00855	0.00262	0.00764	0.00839	0.01016	0.01448
42	0.01862	0.01862	0.02607	0.02234	0.02234	0.02607	0.01862	0.02048	0.01303	0.02048	0.01117	0.01862	0.01117	0.01489	0.02793	0.00372	0.68535	0.00745	0.00372	0.00931
43	0.01471	0.01228	0.01552	0.13753	0.02375	0.01344	0.01230	0.02387	0.19706	0.02714	0.10077	0.24260	0.11034	0.01736	0.00961	0.00303	0.00649	0.01525	0.00750	0.00944
44	0.01224	0.00877	0.01191	0.01191	0.01282	0.00968	0.00844	0.01406	0.01315	0.01845	0.02441	0.04236	0.02515	0.31943	0.41690	0.01150	0.01696	0.01042	0.00480	0.00662
45	0.01607	0.01513	0.02552	0.68047	0.05861	0.01891	0.02363	0.02174	0.01702	0.02174	0.01513	0.02269	0.01134	0.00851	0.00851	0.00284	0.01134	0.00756	0.00378	0.00945
46	0.01206	0.00862	0.01182	0.01379	0.01502	0.00837	0.01085	0.01478	0.01796	0.02362	0.04597	0.39150	0.05258	0.02506	0.01131	0.00369	0.00641	0.31133	0.00787	0.00738
47	0.01800	0.01710	0.02902	0.43718	0.28679	0.01942	0.02460	0.02344	0.01793	0.02409	0.01547	0.02206	0.01217	0.00815	0.00848	0.00272	0.01087	0.00757	0.00395	0.01101
48	0.01803	0.01691	0.02991	0.22587	0.03896	0.01779	0.21375	0.09138	0.02069	0.02745	0.02424	0.16260	0.02305	0.01263	0.00964	0.00299	0.01064	0.03785	0.00553	0.01012
49	0.03261	0.02254	0.02320	0.01842	0.02470	0.08910	0.01495	0.34547	0.09802	0.20508	0.02463	0.02335	0.01707	0.01029	0.00845	0.00257	0.00915	0.00788	0.00863	0.01389
50	0.02106	0.02022	0.03454	0.05223	0.64784	0.02022	0.02612	0.02612	0.01938	0.02780	0.01601	0.02106	0.01348	0.00758	0.00842	0.00253	0.01011	0.00758	0.00421	0.01348
51	0.05984	0.03131	0.02308	0.02005	0.02515	0.36258	0.01553	0.17957	0.14098	0.03235	0.01889	0.01959	0.01455	0.00961	0.00796	0.00243	0.01191	0.00675	0.00623	0.01164
52	0.01707	0.04402	0.65683	0.02426	0.03683	0.01976	0.03144	0.02695	0.01797	0.02695	0.01527	0.01797	0.01078	0.00809	0.00809	0.00270	0.01258	0.00629	0.00359	0.01258
53	0.02383	0.01898	0.02204	0.01811	0.02324	0.12480	0.09259	0.02929	0.08128	0.16894	0.06003	0.14295	0.02684	0.01247	0.00878	0.00257	0.00882	0.01093	0.00717	0.11633
54	0.62242	0.02159	0.13256	0.01363	0.02025	0.01922	0.01336	0.02538	0.01513	0.03609	0.01249	0.01460	0.00951	0.00793	0.00579	0.00264	0.00770	0.00492	0.00495	0.00984
55	0.01743	0.01336	0.01605	0.01287	0.01838	0.01099	0.01009	0.04877	0.01965	0.05938	0.09303	0.13168	0.02909	0.01186	0.00789	0.00201	0.00610	0.03596	0.00653	0.44888
56	0.76103	0.01646	0.01251	0.01119	0.01646	0.01909	0.00922	0.02502	0.01448	0.03818	0.01185	0.01382	0.00922	0.00790	0.00527	0.00263	0.00658	0.00461	0.00527	0.00922
57	0.02462	0.02148	0.02389	0.22196	0.03524	0.08573	0.01784	0.24107	0.17334	0.03631	0.02149	0.02334	0.01592	0.00987	0.00846	0.00268	0.00993	0.00789	0.00669	0.01224
58	0.01831	0.01237	0.01438	0.01241	0.01610	0.01202	0.00973	0.14141	0.02612	0.09759	0.30355	0.05618	0.21318	0.01635	0.00958	0.00270	0.00552	0.01381	0.00891	0.00977
59	0.01617	0.00937	0.01261	0.01256	0.01378	0.00934	0.00897	0.06715	0.01645	0.05501	0.02793	0.23504	0.02984	0.02559	0.02161	0.37212	0.00683	0.04716	0.00602	0.00646
60	0.01098	0.00766	0.00969	0.01106	0.01141	0.00732	0.00706	0.01201	0.01509	0.02013	0.04076	0.49960	0.04853	0.23302	0.02079	0.00492	0.00595	0.02058	0.00706	0.00637
61	0.02251	0.01237	0.01551	0.01341	0.01727	0.01175	0.01044	0.10836	0.02470	0.22395	0.22393	0.16565	0.08173	0.01625	0.00952	0.00280	0.00595	0.01399	0.00924	0.01066
62	0.01093	0.00866	0.00983	0.00954	0.01203	0.00756	0.00715	0.01390	0.02146	0.02788	0.33101	0.07385	0.39653	0.01973	0.01005	0.00279	0.00418	0.01683	0.00855	0.00756
63	0.01497	0.01046	0.01295	0.01259	0.01487	0.01177	0.00973	0.02221	0.13025	0.02638	0.02652	0.03260	0.02232	0.03755	0.34169	0.00808	0.01403	0.00885	0.23339	0.00879
64	0.03784	0.01502	0.02008	0.01540	0.02199	0.01331	0.01272	0.07496	0.02526	0.61896	0.03281	0.02847	0.02068	0.01051	0.00856	0.00263	0.00736	0.00851	0.01042	0.01448
65	0.01927	0.01839	0.03130	0.27820	0.43590	0.01975	0.02522	0.02454	0.01853	0.02562	0.01569	0.02165	0.01271	0.00792	0.00845	0.00264	0.01055	0.00758	0.00406	0.01203
66	0.76103	0.01646	0.01251	0.01119	0.01646	0.01909	0.00922	0.02502	0.01448	0.03818	0.01185	0.01382	0.00922	0.00790	0.00527	0.00263	0.00658	0.00461	0.00527	0.00922
67	0.01078	0.00858	0.00968	0.00955	0.01198	0.00747	0.00711	0.01356	0.02088	0.02688	0.28210	0.11170	0.40887	0.02038	0.01010	0.00284	0.00424	0.01742	0.00842	0.00747
68	0.01882	0.01794	0.03050	0.33395	0.38361	0.01963	0.02500	0.02416	0.01832	0.02509	0.01561	0.02179	0.01252	0.00800	0.00846	0.00267	0.01066	0.00757	0.00402	0.01167
69	0.01059	0.00864	0.00936	0.00918	0.01182	0.00741	0.00689	0.01325	0.02066	0.02599	0.23656	0.07695	0.49215	0.02043	0.01005	0.00282	0.00423	0.01727	0.00830	0.00741
70	0.01527	0.00914	0.01244	0.01241	0.01409	0.00912	0.00897	0.01741	0.01648	0.11061	0.06980	0.26062	0.03802	0.14050	0.21685	0.00718	0.01120	0.01499	0.00691	0.00799
71	0.19726	0.01893	0.01956	0.01586	0.02176	0.09196	0.04396	0.05262	0.07333	0.18413	0.02202	0.05015	0.01683	0.00952	0.00746	0.00239	0.00818	0.00744	0.00689	0.14974
72	0.16541	0.27751	0.23750	0.01753	0.02601	0.02516	0.01911	0.06133	0.05088	0.02862	0.01467	0.01646	0.01155	0.00806	0.00663	0.00237	0.00964	0.00558	0.00449	0.01147
73	0.17032	0.03286	0.27858	0.01956	0.02739	0.15522	0.02026	0.06678	0.05605	0.02956	0.01629	0.01975	0.01281	0.04868	0.00954	0.00290	0.01115	0.00642	0.00481	0.01108

[dist]
# distance from previous block
# <min> <max>
0	19

[block]
# block no. 4 follows, 21 sequences, length 25
# corresponding to MSA columns:
# 628-652
name=unknown_E
#
# <colnr> <probs for GDERKNQSTAVLIFYWHMCP>
#	G	D	E	R	K	N	Q	S	T	A	V	L	I	F	Y	W	H	M	C	P
0	0.02052	0.01486	0.02109	0.01613	0.02234	0.01261	0.09091	0.02534	0.04733	0.13791	0.06859	0.10063	0.02456	0.01050	0.00809	0.00214	0.00724	0.00944	0.00671	0.35309
1	0.02131	0.01723	0.02291	0.21058	0.03346	0.01920	0.05232	0.16126	0.16126	0.06169	0.07180	0.03242	0.07462	0.01132	0.00888	0.00277	0.00875	0.00968	0.00701	0.01153
2	0.01977	0.01782	0.01721	0.01547	0.01948	0.08955	0.01193	0.07490	0.30700	0.03361	0.18919	0.04209	0.09894	0.01361	0.00902	0.00273	0.00697	0.01130	0.00827	0.01114
3	0.01238	0.00825	0.00928	0.00928	0.00928	0.00825	0.00516	0.01238	0.01238	0.01650	0.02681	0.05569	0.03094	0.70092	0.04331	0.00825	0.00825	0.01238	0.00516	0.00516
4	0.02127	0.01381	0.01625	0.01456	0.01824	0.06364	0.04043	0.02511	0.05711	0.20687	0.04534	0.25938	0.14717	0.01769	0.00961	0.00294	0.00691	0.01539	0.00825	0.01003
5	0.01478	0.00739	0.01109	0.01109	0.01109	0.00739	0.00739	0.01109	0.01109	0.01478	0.01478	0.02587	0.01478	0.02956	0.03326	0.75240	0.00739	0.00739	0.00370	0.00370
6	0.02533	0.02567	0.02138	0.01717	0.02348	0.24424	0.01344	0.13647	0.02406	0.03010	0.01542	0.01735	0.01237	0.00789	0.00719	0.00183	0.01004	0.00568	0.00545	0.35543
7	0.06645	0.03214	0.02380	0.02038	0.02539	0.38772	0.01590	0.19550	0.02752	0.06821	0.01622	0.01765	0.01246	0.00954	0.00886	0.00242	0.04627	0.00632	0.00590	0.01136
8	0.01006	0.00862	0.00862	0.00862	0.01149	0.00718	0.00647	0.01221	0.01940	0.02299	0.08621	0.08190	0.64438	0.02155	0.01006	0.00287	0.00431	0.01796	0.00790	0.00718
9	0.47255	0.01887	0.01588	0.01402	0.01923	0.05830	0.01125	0.07259	0.17919	0.03757	0.01852	0.01909	0.01409	0.00907	0.00653	0.00267	0.00733	0.00619	0.00633	0.01074
10	0.02106	0.02022	0.03454	0.05223	0.64784	0.02022	0.02612	0.02612	0.01938	0.02780	0.01601	0.02106	0.01348	0.00758	0.00842	0.00253	0.01011	0.00758	0.00421	0.01348
11	0.01037	0.00741	0.00987	0.01185	0.01234	0.00691	0.00790	0.01185	0.01629	0.02172	0.04690	0.69537	0.05629	0.02666	0.01086	0.00346	0.00494	0.02419	0.00790	0.00691
12	0.07201	0.01936	0.02029	0.01612	0.02161	0.02127	0.01316	0.43153	0.03285	0.04714	0.02178	0.02290	0.01602	0.01000	0.00767	0.00241	0.00783	0.00755	0.19602	0.01250
13	0.01238	0.00825	0.00928	0.00928	0.00928	0.00825	0.00516	0.01238	0.01238	0.01650	0.02681	0.05569	0.03094	0.70092	0.04331	0.00825	0.00825	0.01238	0.00516	0.00516
14	0.02126	0.53213	0.20543	0.01711	0.02578	0.03002	0.01900	0.02587	0.01747	0.02184	0.01274	0.01479	0.01088	0.00749	0.00615	0.00205	0.01001	0.00501	0.00363	0.01136
15	0.01607	0.01513	0.02552	0.68047	0.05861	0.01891	0.02363	0.02174	0.01702	0.02174	0.01513	0.02269	0.01134	0.00851	0.00851	0.00284	0.01134	0.00756	0.00378	0.00945
16	0.02106	0.02022	0.03454	0.05223	0.64784	0.02022	0.02612	0.02612	0.01938	0.02780	0.01601	0.02106	0.01348	0.00758	0.00842	0.00253	0.01011	0.00758	0.00421	0.01348
17	0.02106	0.02022	0.03454	0.05223	0.64784	0.02022	0.02612	0.02612	0.01938	0.02780	0.01601	0.02106	0.01348	0.00758	0.00842	0.00253	0.01011	0.00758	0.00421	0.01348
18	0.01238	0.00825	0.00928	0.00928	0.00928	0.00825	0.00516	0.01238	0.01238	0.01650	0.02681	0.05569	0.03094	0.70092	0.04331	0.00825	0.00825	0.01238	0.00516	0.00516
19	0.01707	0.04402	0.65683	0.02426	0.03683	0.01976	0.03144	0.02695	0.01797	0.02695	0.01527	0.01797	0.01078	0.00809	0.00809	0.00270	0.01258	0.00629	0.00359	0.01258
20	0.01008	0.00854	0.00871	0.00885	0.01155	0.00717	0.00657	0.01219	0.01918	0.02290	0.08345	0.12497	0.60309	0.02191	0.01011	0.00291	0.00435	0.01840	0.00790	0.00717
21	0.01607	0.01513	0.02552	0.68047	0.05861	0.01891	0.02363	0.02174	0.01702	0.02174	0.01513	0.02269	0.01134	0.00851	0.00851	0.00284	0.01134	0.00756	0.00378	0.00945
22	0.03233	0.01952	0.02234	0.01760	0.02396	0.02055	0.01439	0.31029	0.14412	0.26099	0.02767	0.02552	0.01892	0.01057	0.00856	0.00264	0.00813	0.00834	0.00925	0.01429
23	0.36033	0.01876	0.13122	0.01351	0.01889	0.01527	0.01290	0.02198	0.01804	0.03395	0.19907	0.06927	0.03305	0.01181	0.00751	0.00271	0.00684	0.00922	0.00631	0.00936
24	0.02129	0.40550	0.27549	0.01860	0.02786	0.02787	0.02108	0.06903	0.01919	0.02508	0.01376	0.01578	0.01112	0.00780	0.00668	0.00221	0.01044	0.00544	0.00398	0.01181

[dist]
# distance from previous block
# <min> <max>
0	2

[block]
# block no. 5 follows, 21 sequences, length 43
# corresponding to MSA columns:
# 658-697,699-701
name=unknown_F
#
# <colnr> <probs for GDERKNQSTAVLIFYWHMCP>
#	G	D	E	R	K	N	Q	S	T	A	V	L	I	F	Y	W	H	M	C	P
0	0.22788	0.16759	0.05376	0.01591	0.02211	0.07817	0.01399	0.19683	0.05110	0.03633	0.01643	0.01775	0.01272	0.00878	0.00676	0.00238	0.00879	0.00602	0.04529	0.01141
1	0.02026	0.01941	0.03310	0.15267	0.55364	0.02001	0.02572	0.02542	0.01900	0.02683	0.01587	0.02132	0.01314	0.00773	0.00844	0.00258	0.01031	0.00758	0.00414	0.01284
2	0.01027	0.00820	0.00907	0.00972	0.01167	0.00714	0.00688	0.01210	0.01805	0.02227	0.07048	0.28341	0.42178	0.05454	0.01186	0.00331	0.00470	0.01976	0.00778	0.00700
3	0.01941	0.01668	0.01761	0.01610	0.02048	0.01892	0.01243	0.03994	0.53449	0.03352	0.04078	0.07231	0.09342	0.01341	0.00893	0.00292	0.00638	0.01128	0.00854	0.01245
4	0.01037	0.00741	0.00987	0.01185	0.01234	0.00691	0.00790	0.01185	0.01629	0.02172	0.04690	0.69537	0.05629	0.02666	0.01086	0.00346	0.00494	0.02419	0.00790	0.00691
5	0.01219	0.00898	0.01297	0.01297	0.01425	0.01025	0.00976	0.01474	0.01347	0.01923	0.02344	0.03700	0.02283	0.16609	0.56705	0.01281	0.02046	0.00964	0.00465	0.00721
6	0.03374	0.02160	0.02416	0.01852	0.02528	0.02307	0.01530	0.48134	0.03627	0.19704	0.02357	0.02247	0.01605	0.01029	0.00852	0.00257	0.00886	0.00788	0.00900	0.01447
7	0.25514	0.01731	0.01775	0.01490	0.02029	0.01894	0.01203	0.14734	0.17090	0.14134	0.07917	0.02638	0.02260	0.01051	0.00768	0.00268	0.00704	0.00803	0.00795	0.01202
8	0.02713	0.02170	0.01983	0.01635	0.02126	0.12798	0.01304	0.33507	0.03046	0.04133	0.02149	0.02309	0.01616	0.00988	0.00758	0.00232	0.00869	0.00738	0.23758	0.01167
9	0.02149	0.55950	0.18011	0.01671	0.02516	0.03059	0.01830	0.02581	0.01744	0.02156	0.01259	0.01461	0.01089	0.00746	0.00604	0.00201	0.00987	0.00494	0.00363	0.01129
10	0.01979	0.36062	0.36404	0.01962	0.02966	0.02642	0.02337	0.02625	0.01764	0.02364	0.01363	0.01590	0.01085	0.00770	0.00683	0.00228	0.01091	0.00546	0.00362	0.01179
11	0.02106	0.02022	0.03454	0.05223	0.64784	0.02022	0.02612	0.02612	0.01938	0.02780	0.01601	0.02106	0.01348	0.00758	0.00842	0.00253	0.01011	0.00758	0.00421	0.01348
12	0.02844	0.02814	0.02098	0.01810	0.02271	0.32201	0.01404	0.21272	0.02767	0.03343	0.01865	0.02055	0.01445	0.00947	0.00755	0.00226	0.01097	0.00670	0.17030	0.01087
13	0.02106	0.02022	0.03454	0.05223	0.64784	0.02022	0.02612	0.02612	0.01938	0.02780	0.01601	0.02106	0.01348	0.00758	0.00842	0.00253	0.01011	0.00758	0.00421	0.01348
14	0.01160	0.00846	0.01163	0.01306	0.01428	0.00849	0.00991	0.01408	0.01672	0.02231	0.04318	0.36340	0.07789	0.03381	0.15633	0.00581	0.00960	0.16499	0.00714	0.00731
15	0.01033	0.00756	0.00971	0.01143	0.01223	0.00695	0.00772	0.01190	0.01669	0.02189	0.05196	0.61644	0.13195	0.02600	0.01076	0.00338	0.00486	0.02339	0.00790	0.00695
16	0.01081	0.00759	0.00974	0.01128	0.01167	0.00721	0.00729	0.01197	0.01543	0.02057	0.04246	0.55378	0.05067	0.17591	0.01805	0.00452	0.00567	0.02158	0.00729	0.00652
17	0.22004	0.01639	0.01802	0.01488	0.02068	0.01705	0.01207	0.06450	0.17752	0.31008	0.02764	0.02538	0.01896	0.01010	0.00773	0.00269	0.00704	0.00777	0.00860	0.01287
18	0.01037	0.00741	0.00987	0.01185	0.01234	0.00691	0.00790	0.01185	0.01629	0.02172	0.04690	0.69537	0.05629	0.02666	0.01086	0.00346	0.00494	0.02419	0.00790	0.00691
19	0.01586	0.00793	0.00793	0.00793	0.00991	0.00793	0.00595	0.01983	0.01785	0.03173	0.02776	0.03173	0.02181	0.00991	0.00595	0.00198	0.00397	0.00793	0.74817	0.00793
20	0.01841	0.01751	0.02975	0.38602	0.33478	0.01952	0.02480	0.02379	0.01812	0.02458	0.01554	0.02193	0.01235	0.00807	0.00847	0.00269	0.01077	0.00757	0.00398	0.01134
21	0.01974	0.35550	0.36878	0.01969	0.02978	0.02631	0.02350	0.02626	0.01765	0.02369	0.01365	0.01594	0.01085	0.00771	0.00685	0.00228	0.01094	0.00547	0.00362	0.01180
22	0.02117	0.01828	0.01924	0.01732	0.02213	0.02117	0.01347	0.04522	0.63246	0.03560	0.03464	0.03175	0.02598	0.01155	0.00866	0.00289	0.00673	0.00962	0.00866	0.01347
23	0.01862	0.01862	0.02607	0.02234	0.02234	0.02607	0.01862	0.02048	0.01303	0.02048	0.01117	0.01862	0.01117	0.01489	0.02793	0.00372	0.68535	0.00745	0.00372	0.00931
24	0.02009	0.02296	0.05022	0.03587	0.04448	0.02152	0.61693	0.02726	0.02009	0.02726	0.01722	0.02296	0.01291	0.00717	0.01004	0.00287	0.01435	0.01004	0.00430	0.01148
25	0.01276	0.00811	0.00957	0.00957	0.00957	0.00811	0.00551	0.01217	0.01217	0.01623	0.02489	0.05092	0.02836	0.59360	0.04171	0.12721	0.00811	0.01158	0.00492	0.00492
26	0.03130	0.02302	0.02468	0.01904	0.02549	0.02544	0.01559	0.58748	0.03856	0.05168	0.02077	0.02229	0.01534	0.04660	0.01035	0.00285	0.00931	0.00791	0.00834	0.01398
27	0.01371	0.00980	0.01371	0.01567	0.01763	0.00980	0.01371	0.01763	0.01959	0.02547	0.04506	0.09599	0.04898	0.02351	0.01175	0.00392	0.00784	0.59056	0.00784	0.00784
28	0.02598	0.01803	0.02923	0.09080	0.40637	0.01772	0.02169	0.03054	0.02074	0.22175	0.02139	0.02365	0.01567	0.00857	0.00847	0.00258	0.00932	0.00788	0.00614	0.01347
29	0.01011	0.00843	0.00882	0.00914	0.01163	0.00714	0.00669	0.01215	0.01890	0.02279	0.07993	0.17997	0.55037	0.02237	0.01019	0.00297	0.00441	0.01896	0.00790	0.00714
30	0.03728	0.01594	0.02065	0.01583	0.02245	0.01467	0.01308	0.13132	0.02679	0.56045	0.03153	0.02764	0.02004	0.01048	0.00855	0.00262	0.00757	0.00842	0.01022	0.01448
31	0.02707	0.01686	0.02003	0.01491	0.02201	0.01502	0.01216	0.15983	0.02461	0.22153	0.02184	0.02166	0.01556	0.00844	0.00747	0.00196	0.00726	0.00668	0.00746	0.36764
32	0.01873	0.01729	0.02829	0.52457	0.18902	0.01988	0.02446	0.02367	0.01844	0.02449	0.01687	0.02437	0.01333	0.00934	0.00912	0.00305	0.01147	0.00803	0.00444	0.01113
33	0.01243	0.00892	0.01138	0.01268	0.01364	0.00816	0.00863	0.01395	0.01886	0.02574	0.17315	0.54641	0.06165	0.02527	0.01126	0.00355	0.00531	0.02236	0.00866	0.00800
34	0.02760	0.02813	0.02724	0.03059	0.21303	0.24293	0.01918	0.10835	0.15000	0.03151	0.02093	0.02330	0.01676	0.01020	0.00886	0.00278	0.01155	0.00776	0.00627	0.01304
35	0.01860	0.04428	0.64070	0.02499	0.03740	0.02043	0.03151	0.02777	0.01885	0.02822	0.01682	0.02013	0.01231	0.00914	0.00873	0.00298	0.01294	0.00679	0.00416	0.01328
36	0.02507	0.01250	0.01570	0.01334	0.01772	0.01084	0.01040	0.02779	0.02389	0.31246	0.22947	0.05295	0.17809	0.01602	0.00997	0.00298	0.00613	0.01313	0.00998	0.01158
37	0.01776	0.01436	0.01834	0.09244	0.10193	0.01439	0.01398	0.11372	0.02280	0.02974	0.04900	0.15478	0.23684	0.01817	0.01029	0.00323	0.00761	0.06284	0.00752	0.01026
38	0.02054	0.01897	0.03038	0.29603	0.35352	0.02043	0.02440	0.02668	0.06571	0.02726	0.01860	0.02459	0.01505	0.00931	0.00911	0.00296	0.01077	0.00819	0.00493	0.01258
39	0.01896	0.01752	0.02870	0.49596	0.21585	0.01994	0.02458	0.02386	0.01855	0.02476	0.01691	0.02430	0.01343	0.00930	0.00912	0.00303	0.01141	0.00803	0.00445	0.01131
40	0.01884	0.04282	0.60246	0.02671	0.07494	0.02046	0.03118	0.02771	0.01893	0.02827	0.01686	0.02033	0.01248	0.00911	0.00875	0.00297	0.01279	0.00687	0.00419	0.01333
41	0.01905	0.09706	0.59188	0.02422	0.03620	0.02154	0.03017	0.02765	0.01879	0.02766	0.01654	0.01979	0.01232	0.00907	0.00852	0.00291	0.01267	0.00665	0.00416	0.01315
42	0.02000	0.09418	0.55265	0.02410	0.03557	0.06412	0.02925	0.02812	0.01920	0.02729	0.01642	0.01964	0.01233	0.00912	0.00850	0.00288	0.01286	0.00660	0.00421	0.01297

