[name]
unknown

[dist]
# distance from previous block
# <min> <max>
1	186

[block]
# block no. 0 follows, 28 sequences, length 13
# corresponding to MSA columns:
# 207-219
name=unknown_A
#
# <colnr> <probs for GDERKNQSTAVLIFYWHMCP>
#	G	D	E	R	K	N	Q	S	T	A	V	L	I	F	Y	W	H	M	C	P
0	0.01630	0.01283	0.01678	0.20262	0.04854	0.01440	0.01308	0.05444	0.24991	0.07276	0.09482	0.12392	0.02615	0.01123	0.00772	0.00246	0.00657	0.00976	0.00625	0.00945
1	0.02280	0.01540	0.01707	0.01359	0.01831	0.01611	0.01105	0.39013	0.02750	0.12849	0.09731	0.03255	0.15491	0.01130	0.00767	0.00226	0.00644	0.00905	0.00747	0.01058
2	0.02239	0.01008	0.01315	0.01087	0.01457	0.00891	0.00848	0.02485	0.01892	0.39621	0.17364	0.03881	0.10050	0.11125	0.01175	0.00293	0.00546	0.00982	0.00793	0.00947
3	0.01414	0.01906	0.18672	0.52373	0.07764	0.01638	0.02189	0.01983	0.01483	0.01990	0.01299	0.01834	0.00966	0.00714	0.00718	0.00238	0.00989	0.00620	0.00321	0.00889
4	0.24642	0.01177	0.01476	0.01779	0.17713	0.01218	0.01087	0.01806	0.01716	0.02889	0.32729	0.03291	0.03677	0.01043	0.00703	0.00224	0.00533	0.00880	0.00590	0.00828
5	0.01385	0.01124	0.01277	0.01244	0.04473	0.01168	0.00891	0.07004	0.21799	0.02681	0.19853	0.04521	0.20461	0.07620	0.01051	0.00278	0.00508	0.01122	0.00694	0.00847
6	0.01742	0.01725	0.03104	0.03957	0.51769	0.01728	0.14702	0.02191	0.01627	0.02314	0.01400	0.01871	0.01166	0.00879	0.04005	0.00268	0.03414	0.00694	0.00361	0.01084
7	0.01975	0.01954	0.02692	0.09764	0.48866	0.11260	0.02022	0.08296	0.01855	0.02452	0.01362	0.01740	0.01114	0.00689	0.00712	0.00214	0.00928	0.00624	0.00392	0.01087
8	0.01113	0.00852	0.01190	0.01451	0.07608	0.00824	0.01048	0.01386	0.01613	0.02111	0.06235	0.23302	0.13075	0.01909	0.00935	0.00299	0.00576	0.33140	0.00647	0.00688
9	0.01577	0.01538	0.02170	0.28419	0.23498	0.08765	0.01790	0.01971	0.01559	0.02012	0.01622	0.02532	0.01432	0.01466	0.10378	0.00363	0.01078	0.06571	0.00380	0.00881
10	0.01373	0.07643	0.01834	0.01469	0.01753	0.08460	0.11416	0.01701	0.04351	0.02021	0.05126	0.29750	0.08733	0.03309	0.00907	0.00270	0.00704	0.07876	0.00563	0.00740
11	0.01915	0.42635	0.21410	0.01492	0.02211	0.02302	0.01608	0.02484	0.07723	0.07944	0.01430	0.01521	0.01123	0.00698	0.00575	0.00190	0.00825	0.00498	0.00400	0.01017
12	0.01993	0.08006	0.02254	0.11283	0.02498	0.04671	0.08053	0.28418	0.02353	0.03096	0.07428	0.08968	0.03581	0.00996	0.00742	0.00223	0.00795	0.00845	0.00576	0.03220

[dist]
# distance from previous block
# <min> <max>
16	52

[block]
# block no. 1 follows, 28 sequences, length 40
# corresponding to MSA columns:
# 292-331
name=unknown_B
#
# <colnr> <probs for GDERKNQSTAVLIFYWHMCP>
#	G	D	E	R	K	N	Q	S	T	A	V	L	I	F	Y	W	H	M	C	P
0	0.07423	0.01663	0.01635	0.01500	0.05553	0.12684	0.01110	0.15728	0.02069	0.10662	0.05968	0.05783	0.07742	0.03794	0.03060	0.00262	0.00773	0.03608	0.00596	0.08388
1	0.01614	0.01290	0.01853	0.24769	0.17676	0.03869	0.01470	0.01972	0.01540	0.05991	0.01650	0.02151	0.01321	0.03413	0.00854	0.03426	0.00750	0.00648	0.16644	0.07100
2	0.04676	0.01793	0.18238	0.01356	0.01915	0.01251	0.01327	0.02111	0.08344	0.06587	0.14144	0.02852	0.08110	0.00969	0.00791	0.00208	0.04698	0.00776	0.00541	0.19313
3	0.01365	0.01170	0.01445	0.01342	0.01572	0.05004	0.06575	0.06700	0.12206	0.02369	0.09597	0.37890	0.03717	0.04325	0.00957	0.00280	0.00596	0.01461	0.00649	0.00778
4	0.01263	0.00631	0.00947	0.00947	0.00947	0.00631	0.00631	0.00947	0.00947	0.01263	0.01263	0.02210	0.01263	0.02525	0.02841	0.78851	0.00631	0.00631	0.00316	0.00316
5	0.06540	0.01890	0.01943	0.01566	0.02088	0.04360	0.01267	0.41624	0.21538	0.03905	0.02011	0.01964	0.01473	0.00878	0.00707	0.00222	0.00732	0.00674	0.00694	0.03925
6	0.02041	0.01802	0.01603	0.01451	0.01818	0.21324	0.01159	0.09019	0.01991	0.10287	0.05107	0.08202	0.02437	0.01216	0.00776	0.00233	0.00816	0.17766	0.00594	0.10359
7	0.01477	0.11783	0.32764	0.02051	0.08352	0.01679	0.09086	0.02027	0.01551	0.02168	0.04151	0.08733	0.05993	0.00943	0.00796	0.00232	0.04068	0.00799	0.00393	0.00953
8	0.06115	0.44198	0.28640	0.01537	0.02318	0.02363	0.01757	0.02221	0.01485	0.02018	0.01120	0.01305	0.00920	0.00651	0.00549	0.00187	0.00876	0.00444	0.00317	0.00978
9	0.01711	0.01663	0.02911	0.17332	0.52279	0.01715	0.07398	0.02168	0.01622	0.02273	0.01361	0.01838	0.01113	0.00660	0.00732	0.00223	0.00913	0.00664	0.00353	0.01072
10	0.02643	0.06944	0.02222	0.01987	0.08027	0.46494	0.01437	0.11746	0.02181	0.07707	0.01363	0.01498	0.01065	0.00762	0.00666	0.00195	0.01117	0.00526	0.00460	0.00960
11	0.01439	0.00991	0.01164	0.01126	0.01347	0.01055	0.00855	0.02106	0.17850	0.07801	0.03434	0.22584	0.09324	0.01584	0.03222	0.00281	0.04639	0.03209	0.15175	0.00813
12	0.01057	0.00705	0.00793	0.00793	0.00793	0.00705	0.00440	0.01057	0.01057	0.01409	0.02290	0.04757	0.02643	0.74454	0.03700	0.00705	0.00705	0.01057	0.00440	0.00440
13	0.01057	0.00705	0.00793	0.00793	0.00793	0.00705	0.00440	0.01057	0.01057	0.01409	0.02290	0.04757	0.02643	0.74454	0.03700	0.00705	0.00705	0.01057	0.00440	0.00440
14	0.01663	0.22997	0.38107	0.02340	0.16688	0.02025	0.02193	0.02253	0.01544	0.02154	0.01236	0.01488	0.00972	0.00663	0.00635	0.00207	0.00948	0.00519	0.00319	0.01051
15	0.03261	0.01237	0.01687	0.01293	0.01856	0.01068	0.01068	0.03543	0.02081	0.70423	0.02868	0.02474	0.01799	0.00900	0.00731	0.00225	0.00619	0.00731	0.00900	0.01237
16	0.00892	0.00645	0.00844	0.00991	0.01052	0.00597	0.00668	0.01034	0.01443	0.01920	0.07802	0.66401	0.08605	0.02209	0.00920	0.00289	0.00414	0.01995	0.00682	0.00597
17	0.02715	0.03464	0.02060	0.01873	0.02247	0.71536	0.01404	0.02903	0.02060	0.01779	0.01124	0.01311	0.00936	0.00749	0.00655	0.00187	0.01311	0.00468	0.00375	0.00843
18	0.01440	0.03636	0.67794	0.02034	0.03069	0.01656	0.02612	0.02260	0.01519	0.02276	0.01331	0.01590	0.00958	0.00889	0.03641	0.00269	0.01111	0.00547	0.00310	0.01057
19	0.01171	0.00877	0.01162	0.01109	0.01177	0.01033	0.00818	0.01334	0.01160	0.01714	0.01946	0.03279	0.01961	0.27843	0.29099	0.00759	0.13178	0.00839	0.08933	0.00605
20	0.79588	0.01406	0.01068	0.00956	0.01406	0.01631	0.00787	0.02137	0.01237	0.03261	0.01012	0.01181	0.00787	0.00675	0.00450	0.00225	0.00562	0.00394	0.00450	0.00787
21	0.01762	0.01690	0.02884	0.10343	0.64326	0.01717	0.02213	0.02199	0.01638	0.02330	0.01361	0.01811	0.01136	0.00654	0.00720	0.00218	0.00873	0.00648	0.00357	0.01122
22	0.02005	0.69173	0.03669	0.01294	0.01896	0.08372	0.01257	0.02235	0.01524	0.01716	0.01020	0.01178	0.00933	0.00632	0.00482	0.00158	0.00820	0.00395	0.00316	0.00926
23	0.01057	0.00705	0.00793	0.00793	0.00793	0.00705	0.00440	0.01057	0.01057	0.01409	0.02290	0.04757	0.02643	0.74454	0.03700	0.00705	0.00705	0.01057	0.00440	0.00440
24	0.01605	0.30015	0.40213	0.01691	0.02521	0.02068	0.02006	0.02175	0.01484	0.02032	0.01246	0.01503	0.00997	0.01046	0.06281	0.00277	0.01034	0.00501	0.00315	0.00988
25	0.07105	0.01541	0.01955	0.01506	0.02067	0.06029	0.06814	0.09975	0.02142	0.49508	0.02414	0.02207	0.01569	0.00850	0.00721	0.00223	0.00733	0.00698	0.00777	0.01164
26	0.00891	0.00719	0.00795	0.00829	0.01023	0.00623	0.00610	0.01084	0.01643	0.02043	0.12791	0.20616	0.48023	0.01900	0.00877	0.00257	0.00386	0.03583	0.00687	0.00618
27	0.08875	0.01799	0.08149	0.02065	0.02607	0.01693	0.25848	0.07964	0.05810	0.09409	0.05347	0.05239	0.01661	0.00893	0.00954	0.00247	0.09146	0.00810	0.00508	0.00975
28	0.05071	0.02081	0.02029	0.10625	0.11608	0.21237	0.01463	0.18435	0.04105	0.05457	0.01765	0.09558	0.01532	0.00940	0.00718	0.00222	0.00908	0.00752	0.00521	0.00973
29	0.01095	0.00793	0.01119	0.01106	0.01220	0.00916	0.00842	0.01328	0.01189	0.01760	0.01989	0.03008	0.01882	0.12756	0.53834	0.00980	0.04542	0.00795	0.08212	0.00634
30	0.00954	0.00724	0.00801	0.00831	0.00967	0.00660	0.00576	0.01082	0.01428	0.01782	0.05030	0.12839	0.35294	0.26607	0.01844	0.00414	0.00512	0.06506	0.00595	0.00557
31	0.02361	0.02170	0.04184	0.03635	0.02032	0.27535	0.01244	0.13674	0.02122	0.14463	0.02114	0.14898	0.01875	0.01076	0.00730	0.00221	0.00890	0.00852	0.02990	0.00936
32	0.04937	0.01529	0.01550	0.01342	0.01733	0.08608	0.01057	0.14514	0.15175	0.15705	0.09254	0.09106	0.06256	0.01150	0.00754	0.00234	0.00650	0.02940	0.02519	0.00988
33	0.01732	0.01725	0.03139	0.12151	0.48570	0.01737	0.15742	0.02207	0.01644	0.02305	0.01380	0.01849	0.01120	0.00650	0.00749	0.00225	0.00951	0.00691	0.00357	0.01076
34	0.17791	0.01089	0.01327	0.01458	0.08054	0.01116	0.01019	0.05478	0.01619	0.10312	0.02778	0.24725	0.02874	0.04075	0.00887	0.00282	0.00594	0.13098	0.00617	0.00806
35	0.01742	0.01669	0.02848	0.13530	0.61294	0.01712	0.02203	0.02181	0.01628	0.02306	0.01357	0.01818	0.01127	0.00658	0.00721	0.00219	0.00878	0.00647	0.00355	0.01106
36	0.01591	0.01514	0.02574	0.37835	0.38176	0.01672	0.02127	0.02048	0.01557	0.02122	0.01330	0.01867	0.01062	0.00686	0.00723	0.00229	0.00915	0.00647	0.00342	0.00983
37	0.01641	0.01576	0.02710	0.29251	0.44326	0.01690	0.04096	0.02098	0.01584	0.02185	0.01343	0.01854	0.01084	0.00675	0.00726	0.00226	0.00913	0.00653	0.00347	0.01021
38	0.42058	0.05376	0.05299	0.01360	0.01848	0.20037	0.01146	0.10745	0.01759	0.02924	0.01151	0.01306	0.00897	0.00718	0.00553	0.00211	0.00825	0.00454	0.00452	0.00881
39	0.09984	0.01337	0.06768	0.01189	0.01558	0.04118	0.00998	0.04177	0.03752	0.06572	0.11405	0.21432	0.05868	0.01338	0.00754	0.00233	0.00579	0.04954	0.00605	0.12377

[dist]
# distance from previous block
# <min> <max>
2	7

[block]
# block no. 2 follows, 28 sequences, length 23
# corresponding to MSA columns:
# 340-362
name=unknown_C
#
# <colnr> <probs for GDERKNQSTAVLIFYWHMCP>
#	G	D	E	R	K	N	Q	S	T	A	V	L	I	F	Y	W	H	M	C	P
0	0.01238	0.00799	0.00960	0.00926	0.01126	0.00745	0.00683	0.01488	0.03176	0.09226	0.15445	0.11564	0.24081	0.12739	0.06728	0.00384	0.00581	0.03354	0.04074	0.00683
1	0.01674	0.01555	0.02587	0.03844	0.58277	0.01555	0.01929	0.02033	0.01554	0.02212	0.01523	0.02297	0.01403	0.13078	0.01222	0.00298	0.00837	0.00717	0.00373	0.01032
2	0.02224	0.02352	0.02063	0.02146	0.13511	0.28514	0.01447	0.07886	0.27080	0.02559	0.01899	0.01951	0.01476	0.00830	0.00703	0.00217	0.00922	0.00645	0.00535	0.01039
3	0.01808	0.01658	0.02685	0.08202	0.54381	0.01695	0.02024	0.08382	0.01840	0.02593	0.06366	0.02067	0.01564	0.00735	0.00731	0.00219	0.00826	0.00697	0.00425	0.01104
4	0.01655	0.28368	0.23037	0.02025	0.13625	0.02014	0.01772	0.02225	0.06437	0.02110	0.01612	0.09069	0.01463	0.00846	0.00644	0.00209	0.00828	0.00683	0.00387	0.00992
5	0.01707	0.14135	0.03796	0.02528	0.03131	0.01991	0.45102	0.02190	0.01609	0.02154	0.01487	0.02178	0.01251	0.00771	0.00962	0.00243	0.08694	0.04766	0.00372	0.00933
6	0.01099	0.00822	0.00994	0.00922	0.01135	0.00768	0.00699	0.05430	0.02052	0.02804	0.51232	0.05554	0.20709	0.01528	0.00850	0.00232	0.00377	0.01323	0.00767	0.00704
7	0.01475	0.01347	0.02180	0.67499	0.04805	0.01662	0.01972	0.06669	0.01597	0.02057	0.01325	0.01924	0.00989	0.00737	0.00727	0.00240	0.00957	0.00647	0.00353	0.00839
8	0.01732	0.01869	0.02767	0.02217	0.02451	0.08745	0.19296	0.02016	0.01366	0.01908	0.01110	0.01664	0.00993	0.01044	0.01808	0.00286	0.46863	0.00680	0.00337	0.00850
9	0.01163	0.00928	0.01191	0.01143	0.01152	0.01090	0.00803	0.01234	0.01147	0.01600	0.02311	0.19280	0.02668	0.38676	0.02729	0.00509	0.20181	0.01168	0.00459	0.00569
10	0.01038	0.00779	0.01168	0.01168	0.01298	0.00909	0.00909	0.01298	0.01168	0.01687	0.01947	0.02856	0.01817	0.05452	0.71573	0.01168	0.01947	0.00779	0.00389	0.00649
11	0.01038	0.00779	0.01168	0.01168	0.01298	0.00909	0.00909	0.01298	0.01168	0.01687	0.01947	0.02856	0.01817	0.05452	0.71573	0.01168	0.01947	0.00779	0.00389	0.00649
12	0.01567	0.01630	0.03185	0.35089	0.11229	0.01724	0.30640	0.02103	0.01589	0.02118	0.01378	0.01934	0.01047	0.00669	0.00783	0.00241	0.01070	0.00739	0.00346	0.00919
13	0.01732	0.01467	0.01503	0.01361	0.01688	0.04493	0.01025	0.08704	0.43530	0.02756	0.02744	0.08423	0.02351	0.13440	0.01248	0.00323	0.00636	0.00928	0.00668	0.00982
14	0.01444	0.01176	0.01183	0.01141	0.01225	0.12682	0.00802	0.01378	0.01195	0.01460	0.01526	0.02604	0.01537	0.15699	0.13650	0.36452	0.03285	0.00705	0.00360	0.00496
15	0.01579	0.01538	0.02526	0.02049	0.02254	0.01869	0.17590	0.01849	0.01331	0.04150	0.01562	0.11639	0.01547	0.01236	0.01756	0.00294	0.43115	0.00890	0.00398	0.00827
16	0.01734	0.01634	0.02765	0.04137	0.62803	0.01634	0.02121	0.02155	0.01657	0.02354	0.01625	0.02465	0.01467	0.00789	0.00749	0.00228	0.00843	0.07344	0.00392	0.01101
17	0.01080	0.00751	0.00875	0.00876	0.01084	0.00655	0.00644	0.01284	0.01694	0.07391	0.16682	0.22447	0.38265	0.01813	0.00865	0.00253	0.00396	0.01563	0.00713	0.00668
18	0.04642	0.01537	0.01669	0.01389	0.01805	0.01673	0.01129	0.41622	0.02667	0.03725	0.02259	0.10012	0.01976	0.01117	0.00730	0.00230	0.00666	0.06948	0.13193	0.01011
19	0.09890	0.01694	0.02755	0.04097	0.62793	0.01717	0.02081	0.02221	0.01612	0.02467	0.01330	0.01735	0.01114	0.00650	0.00692	0.00217	0.00832	0.00621	0.00369	0.01114
20	0.01253	0.01072	0.01505	0.01365	0.01504	0.01301	0.01088	0.01478	0.01182	0.01765	0.01596	0.02416	0.01516	0.06584	0.40609	0.00784	0.23071	0.00712	0.00374	0.08823
21	0.00937	0.00686	0.00880	0.00944	0.01058	0.00629	0.00665	0.01152	0.01673	0.02268	0.29151	0.40503	0.12908	0.01929	0.00893	0.00264	0.00386	0.01722	0.00722	0.00629
22	0.01664	0.01619	0.02642	0.15693	0.35379	0.01848	0.04842	0.02087	0.03393	0.02133	0.01293	0.01801	0.01095	0.00837	0.01174	0.00250	0.20251	0.00658	0.00353	0.00988

[dist]
# distance from previous block
# <min> <max>
0	4

[block]
# block no. 3 follows, 28 sequences, length 23
# corresponding to MSA columns:
# 371-393
name=unknown_D
#
# <colnr> <probs for GDERKNQSTAVLIFYWHMCP>
#	G	D	E	R	K	N	Q	S	T	A	V	L	I	F	Y	W	H	M	C	P
0	0.01051	0.00807	0.00971	0.00949	0.01140	0.00769	0.00703	0.01500	0.08553	0.02572	0.40180	0.15840	0.18975	0.01628	0.00857	0.00244	0.00383	0.01424	0.00749	0.00703
1	0.01788	0.01772	0.02847	0.10389	0.52715	0.05377	0.06279	0.02218	0.01654	0.02292	0.01350	0.01782	0.01116	0.00653	0.00717	0.00213	0.00904	0.00641	0.00361	0.04930
2	0.01799	0.01727	0.02950	0.04462	0.69919	0.01727	0.02231	0.02231	0.01655	0.02375	0.01367	0.01799	0.01151	0.00648	0.00720	0.00216	0.00864	0.00648	0.00360	0.01151
3	0.01629	0.01392	0.05887	0.01316	0.01736	0.04553	0.05049	0.02206	0.11435	0.11620	0.14992	0.11892	0.09890	0.01192	0.00766	0.00222	0.00602	0.01034	0.00646	0.11941
4	0.02571	0.01444	0.01715	0.01382	0.01871	0.01471	0.01118	0.18752	0.16867	0.32231	0.10219	0.02687	0.02332	0.00979	0.00746	0.00228	0.00621	0.00799	0.00812	0.01155
5	0.01716	0.01961	0.04289	0.03064	0.03799	0.01838	0.67279	0.02328	0.01716	0.02328	0.01471	0.01961	0.01103	0.00613	0.00858	0.00245	0.01225	0.00858	0.00368	0.00980
6	0.01458	0.03760	0.70688	0.02072	0.03146	0.01688	0.02686	0.02302	0.01535	0.02302	0.01304	0.01535	0.00921	0.00691	0.00691	0.00230	0.01074	0.00537	0.00307	0.01074
7	0.00884	0.00637	0.00839	0.00999	0.01051	0.00591	0.00669	0.01014	0.01404	0.01861	0.04161	0.70903	0.07784	0.02257	0.00925	0.00293	0.00419	0.02042	0.00675	0.00591
8	0.01038	0.00779	0.01168	0.01168	0.01298	0.00909	0.00909	0.01298	0.01168	0.01687	0.01947	0.02856	0.01817	0.05452	0.71573	0.01168	0.01947	0.00779	0.00389	0.00649
9	0.33336	0.01336	0.01388	0.01165	0.01626	0.01407	0.00945	0.05444	0.10861	0.25508	0.08217	0.02231	0.01894	0.00874	0.00631	0.00228	0.00572	0.00659	0.00682	0.00995
10	0.00886	0.00633	0.00843	0.01012	0.01054	0.00590	0.00675	0.01012	0.01392	0.01856	0.04006	0.73979	0.04808	0.02277	0.00928	0.00295	0.00422	0.02066	0.00675	0.00590
11	0.00867	0.00737	0.00747	0.00745	0.00987	0.00617	0.00558	0.01058	0.01675	0.02007	0.10204	0.06924	0.66757	0.01825	0.00859	0.00245	0.00367	0.01524	0.00681	0.00617
12	0.02715	0.03464	0.02060	0.01873	0.02247	0.71536	0.01404	0.02903	0.02060	0.01779	0.01124	0.01311	0.00936	0.00749	0.00655	0.00187	0.01311	0.00468	0.00375	0.00843
13	0.01041	0.00768	0.01115	0.01115	0.01227	0.00880	0.00842	0.01264	0.01153	0.01648	0.01996	0.03125	0.01934	0.15212	0.61973	0.01103	0.01771	0.00818	0.00397	0.00620
14	0.79588	0.01406	0.01068	0.00956	0.01406	0.01631	0.00787	0.02137	0.01237	0.03261	0.01012	0.01181	0.00787	0.00675	0.00450	0.00225	0.00562	0.00394	0.00450	0.00787
15	0.01458	0.03760	0.70688	0.02072	0.03146	0.01688	0.02686	0.02302	0.01535	0.02302	0.01304	0.01535	0.00921	0.00691	0.00691	0.00230	0.01074	0.00537	0.00307	0.01074
16	0.01003	0.00714	0.00964	0.01121	0.01208	0.00690	0.00847	0.01201	0.01477	0.01949	0.03842	0.45024	0.04441	0.06589	0.01126	0.00335	0.00532	0.25668	0.00658	0.00611
17	0.01412	0.01332	0.02251	0.66438	0.10969	0.01625	0.02038	0.01892	0.01472	0.01905	0.01299	0.01925	0.00986	0.00719	0.00726	0.00240	0.00959	0.00646	0.00326	0.00839
18	0.01549	0.01472	0.02498	0.44512	0.31824	0.01661	0.02106	0.02012	0.01537	0.02071	0.01323	0.01881	0.01044	0.00694	0.00724	0.00231	0.00925	0.00647	0.00338	0.00950
19	0.01772	0.01699	0.02901	0.08846	0.65749	0.01720	0.02217	0.02207	0.01642	0.02342	0.01362	0.01808	0.01140	0.00653	0.00720	0.00218	0.00870	0.00648	0.00357	0.01129
20	0.00940	0.00682	0.00895	0.01018	0.01110	0.00637	0.00730	0.01129	0.01544	0.02058	0.13763	0.50796	0.09835	0.02096	0.00922	0.00287	0.00437	0.09812	0.00692	0.00616
21	0.30368	0.01389	0.01737	0.01348	0.01878	0.01347	0.12172	0.02006	0.03585	0.02693	0.03976	0.02130	0.07489	0.00765	0.00606	0.00195	0.00644	0.00632	0.00471	0.24568
22	0.01645	0.01280	0.01673	0.23042	0.02577	0.01468	0.01293	0.18337	0.01867	0.02522	0.01925	0.03154	0.01779	0.18215	0.01524	0.00353	0.04613	0.06660	0.05264	0.00809

[dist]
# distance from previous block
# <min> <max>
0	2

[block]
# block no. 4 follows, 28 sequences, length 44
# corresponding to MSA columns:
# 396-400,402-440
name=unknown_E
#
# <colnr> <probs for GDERKNQSTAVLIFYWHMCP>
#	G	D	E	R	K	N	Q	S	T	A	V	L	I	F	Y	W	H	M	C	P
0	0.01129	0.00902	0.01209	0.01093	0.01335	0.00844	0.05464	0.05807	0.01901	0.02535	0.30621	0.15707	0.23846	0.01616	0.00863	0.00247	0.00464	0.03003	0.00706	0.00709
1	0.02188	0.06707	0.02114	0.01669	0.02045	0.14877	0.01350	0.20896	0.18595	0.02862	0.01729	0.01863	0.01362	0.01056	0.02789	0.00259	0.15427	0.00644	0.00548	0.01020
2	0.01573	0.09537	0.50372	0.02510	0.17303	0.01800	0.02463	0.02276	0.01555	0.02266	0.01292	0.01559	0.00971	0.00675	0.00677	0.00221	0.01003	0.00548	0.00319	0.01078
3	0.01858	0.01838	0.02894	0.04297	0.65604	0.06179	0.02178	0.02274	0.01681	0.02337	0.01352	0.01768	0.01138	0.00654	0.00716	0.00214	0.00892	0.00636	0.00361	0.01132
4	0.01548	0.01392	0.01485	0.01331	0.01576	0.07547	0.01045	0.06577	0.16033	0.02537	0.17899	0.03506	0.11530	0.01545	0.06113	0.00311	0.13228	0.00943	0.03011	0.00843
5	0.01469	0.01069	0.01492	0.04108	0.01606	0.01109	0.07649	0.07342	0.01580	0.05497	0.06491	0.10021	0.02450	0.24049	0.01776	0.00379	0.05746	0.00978	0.12410	0.02779
6	0.01434	0.00981	0.01385	0.01324	0.01545	0.00980	0.04160	0.04279	0.01675	0.09862	0.07477	0.28092	0.03679	0.01719	0.01001	0.00284	0.05764	0.19947	0.00659	0.03753
7	0.01740	0.01667	0.02844	0.13927	0.60917	0.01712	0.02201	0.02179	0.01627	0.02303	0.01357	0.01818	0.01126	0.00659	0.00721	0.00220	0.00878	0.00647	0.00355	0.01104
8	0.00886	0.00633	0.00843	0.01012	0.01054	0.00590	0.00675	0.01012	0.01392	0.01856	0.04006	0.73979	0.04808	0.02277	0.00928	0.00295	0.00422	0.02066	0.00675	0.00590
9	0.10903	0.02399	0.02178	0.11410	0.17587	0.32349	0.01609	0.04684	0.01786	0.02183	0.01198	0.01518	0.00983	0.00753	0.00769	0.00214	0.05645	0.00540	0.00382	0.00911
10	0.01673	0.16360	0.46908	0.01956	0.02837	0.08026	0.05899	0.02317	0.01568	0.02135	0.01235	0.01474	0.00936	0.00696	0.00707	0.00216	0.03199	0.00525	0.00317	0.01015
11	0.00918	0.00656	0.00880	0.01049	0.01105	0.00618	0.00731	0.01068	0.01423	0.01892	0.03989	0.66591	0.04738	0.02247	0.00936	0.00300	0.00450	0.09138	0.00674	0.00599
12	0.00979	0.00745	0.00903	0.00874	0.01069	0.00668	0.00662	0.01270	0.01912	0.02576	0.46713	0.06049	0.27134	0.01622	0.00864	0.00238	0.00364	0.03940	0.00754	0.00662
13	0.01156	0.00851	0.01270	0.09175	0.01707	0.00973	0.01008	0.01431	0.01260	0.04472	0.02208	0.03008	0.05349	0.06369	0.55219	0.00965	0.01667	0.00809	0.00419	0.00683
14	0.10384	0.01449	0.01970	0.12072	0.11767	0.04384	0.05062	0.05045	0.04991	0.02158	0.01372	0.01976	0.01197	0.05072	0.01524	0.13848	0.13890	0.00650	0.00393	0.00797
15	0.79588	0.01406	0.01068	0.00956	0.01406	0.01631	0.00787	0.02137	0.01237	0.03261	0.01012	0.01181	0.00787	0.00675	0.00450	0.00225	0.00562	0.00394	0.00450	0.00787
16	0.02273	0.01762	0.02030	0.01612	0.02020	0.04673	0.05047	0.38849	0.02514	0.06045	0.01758	0.02303	0.01464	0.14376	0.01467	0.00319	0.09144	0.00733	0.00599	0.01009
17	0.01360	0.01137	0.01234	0.01148	0.01450	0.01211	0.00878	0.02489	0.34408	0.02690	0.18497	0.07135	0.20703	0.01364	0.00803	0.00244	0.00466	0.01160	0.00734	0.00890
18	0.01793	0.01509	0.02313	0.01864	0.02321	0.01569	0.19259	0.04813	0.24300	0.08744	0.02494	0.07488	0.02109	0.01063	0.00891	0.00254	0.04621	0.07861	0.00605	0.04128
19	0.00981	0.00728	0.00914	0.00895	0.01064	0.00661	0.00661	0.01269	0.01904	0.02614	0.50335	0.14218	0.17776	0.01647	0.00866	0.00240	0.00357	0.01447	0.00762	0.00661
20	0.01400	0.01320	0.02229	0.68354	0.09146	0.01622	0.02032	0.01881	0.01466	0.01890	0.01297	0.01929	0.00981	0.00722	0.00726	0.00241	0.00962	0.00646	0.00325	0.00829
21	0.01265	0.00991	0.05940	0.01031	0.01271	0.00822	0.00843	0.01663	0.05052	0.06635	0.20870	0.21380	0.05973	0.01653	0.04551	0.00284	0.00529	0.01229	0.17277	0.00741
22	0.01601	0.01525	0.02593	0.36154	0.39774	0.01675	0.02132	0.02057	0.01562	0.02134	0.01332	0.01864	0.01067	0.00684	0.00723	0.00228	0.00913	0.00647	0.00343	0.00992
23	0.75434	0.01423	0.01169	0.01143	0.05065	0.01636	0.00864	0.02142	0.01259	0.03214	0.01031	0.01214	0.00807	0.00673	0.00464	0.00224	0.00578	0.00407	0.00445	0.00807
24	0.01756	0.01683	0.02872	0.11378	0.63341	0.01716	0.02209	0.02193	0.01635	0.02322	0.01360	0.01813	0.01133	0.00656	0.00720	0.00219	0.00874	0.00647	0.00356	0.01117
25	0.02187	0.02279	0.01865	0.01649	0.02056	0.29633	0.03751	0.03253	0.32627	0.05683	0.02398	0.02339	0.05242	0.00918	0.00716	0.00222	0.00886	0.00715	0.00583	0.00996
26	0.00991	0.00739	0.00897	0.00927	0.01095	0.00675	0.00704	0.01204	0.01676	0.02180	0.22437	0.12706	0.28684	0.05727	0.01137	0.04056	0.00449	0.12422	0.00678	0.00617
27	0.01413	0.01338	0.02235	0.64285	0.09271	0.01655	0.02010	0.01877	0.01449	0.01887	0.01279	0.01910	0.00981	0.00750	0.00814	0.00244	0.04799	0.00646	0.00325	0.00830
28	0.00941	0.00740	0.00850	0.00822	0.01032	0.00649	0.00617	0.01202	0.01850	0.02423	0.37404	0.06239	0.39298	0.01669	0.00858	0.00237	0.00356	0.01428	0.00735	0.00649
29	0.01729	0.01655	0.02823	0.15756	0.59177	0.01709	0.02196	0.02169	0.01622	0.02289	0.01355	0.01822	0.01121	0.00661	0.00721	0.00220	0.00881	0.00647	0.00354	0.01094
30	0.01808	0.01561	0.01644	0.01479	0.01890	0.01808	0.01151	0.03863	0.68606	0.03041	0.02959	0.02712	0.02219	0.00986	0.00740	0.00247	0.00575	0.00822	0.00740	0.01151
31	0.01507	0.01292	0.01507	0.01077	0.01723	0.00969	0.00861	0.01830	0.01507	0.02369	0.01292	0.01507	0.01077	0.00538	0.00538	0.00108	0.00538	0.00431	0.00431	0.78898
32	0.01522	0.01161	0.01363	0.05008	0.01706	0.01190	0.01030	0.19905	0.02132	0.02788	0.07123	0.12225	0.20329	0.01533	0.00844	0.00257	0.00598	0.15320	0.00668	0.03299
33	0.01355	0.00678	0.00678	0.00678	0.00847	0.00678	0.00508	0.01694	0.01524	0.02710	0.02371	0.02710	0.01863	0.00847	0.00508	0.00169	0.00339	0.00678	0.78489	0.00678
34	0.01463	0.01384	0.02343	0.58274	0.18734	0.01639	0.02064	0.01936	0.01496	0.01967	0.01308	0.01909	0.01008	0.00710	0.00725	0.00237	0.00947	0.00646	0.00331	0.00880
35	0.03145	0.01263	0.01683	0.01308	0.01858	0.01128	0.01075	0.03568	0.07399	0.65036	0.02875	0.02493	0.01833	0.00907	0.00732	0.00227	0.00615	0.00738	0.00887	0.01230
36	0.00886	0.00633	0.00843	0.01012	0.01054	0.00590	0.00675	0.01012	0.01392	0.01856	0.04006	0.73979	0.04808	0.02277	0.00928	0.00295	0.00422	0.02066	0.00675	0.00590
37	0.01402	0.01322	0.02233	0.68050	0.09436	0.01623	0.02033	0.01883	0.01467	0.01893	0.01297	0.01929	0.00981	0.00721	0.00726	0.00240	0.00962	0.00646	0.00326	0.00831
38	0.01621	0.01545	0.02628	0.33047	0.42730	0.01680	0.02142	0.02074	0.01571	0.02158	0.01336	0.01857	0.01075	0.00681	0.00723	0.00227	0.00908	0.00647	0.00344	0.01007
39	0.00886	0.00633	0.00843	0.01012	0.01054	0.00590	0.00675	0.01012	0.01392	0.01856	0.04006	0.73979	0.04808	0.02277	0.00928	0.00295	0.00422	0.02066	0.00675	0.00590
40	0.02715	0.03464	0.02060	0.01873	0.02247	0.71536	0.01404	0.02903	0.02060	0.01779	0.01124	0.01311	0.00936	0.00749	0.00655	0.00187	0.01311	0.00468	0.00375	0.00843
41	0.01712	0.01939	0.03871	0.02826	0.03461	0.05139	0.56513	0.02250	0.01678	0.02241	0.01558	0.05753	0.01284	0.00749	0.00946	0.00249	0.05619	0.00890	0.00381	0.00942
42	0.00929	0.00697	0.00945	0.01030	0.01114	0.00648	0.02931	0.01066	0.01399	0.01839	0.04122	0.56959	0.11741	0.09488	0.01199	0.00329	0.00472	0.01863	0.00640	0.00591
43	0.01848	0.30955	0.37103	0.01665	0.02507	0.02078	0.01947	0.02393	0.01574	0.09724	0.01367	0.01498	0.01024	0.00688	0.00609	0.00201	0.00908	0.00502	0.00375	0.01038

[dist]
# distance from previous block
# <min> <max>
5	29

[block]
# block no. 5 follows, 28 sequences, length 58
# corresponding to MSA columns:
# 476-533
name=unknown_F
#
# <colnr> <probs for GDERKNQSTAVLIFYWHMCP>
#	G	D	E	R	K	N	Q	S	T	A	V	L	I	F	Y	W	H	M	C	P
0	0.01223	0.00841	0.00932	0.00856	0.01163	0.00701	0.00653	0.01428	0.01679	0.10699	0.06031	0.10580	0.50540	0.01638	0.00820	0.00234	0.00419	0.01373	0.00682	0.07509
1	0.01605	0.01551	0.02701	0.34510	0.36789	0.01685	0.06525	0.02072	0.01570	0.02143	0.01341	0.01871	0.01068	0.00680	0.00732	0.00230	0.00935	0.00661	0.00344	0.00988
2	0.00904	0.00647	0.00860	0.01000	0.01058	0.00603	0.00676	0.01058	0.01476	0.01990	0.12342	0.65260	0.05069	0.02177	0.00919	0.00287	0.00412	0.01971	0.00691	0.00603
3	0.01488	0.01214	0.01402	0.01026	0.01611	0.00932	0.00816	0.01813	0.01509	0.02412	0.01429	0.01660	0.01177	0.00578	0.00534	0.00116	0.00513	0.00462	0.10359	0.68948
4	0.02353	0.01955	0.02230	0.01738	0.02297	0.07529	0.08778	0.34770	0.14241	0.05584	0.01861	0.01900	0.01368	0.00818	0.00718	0.00212	0.00817	0.00670	0.00633	0.09529
5	0.01460	0.01381	0.02338	0.58732	0.18299	0.01638	0.02062	0.01934	0.01495	0.01963	0.01307	0.01910	0.01006	0.00711	0.00725	0.00237	0.00947	0.00646	0.00331	0.00878
6	0.01249	0.00799	0.00977	0.00906	0.01147	0.00706	0.00688	0.01520	0.01895	0.11131	0.36958	0.08540	0.27608	0.01567	0.00845	0.00237	0.00390	0.01348	0.00765	0.00727
7	0.01673	0.11987	0.19549	0.01608	0.02182	0.03283	0.05738	0.02554	0.18943	0.06641	0.05371	0.11503	0.02182	0.01041	0.00731	0.00235	0.00764	0.02491	0.00541	0.00983
8	0.01001	0.00739	0.00935	0.00893	0.01071	0.00673	0.00667	0.01315	0.01981	0.02750	0.58892	0.07795	0.15466	0.01560	0.00860	0.00233	0.00349	0.01368	0.00779	0.00673
9	0.01212	0.02172	0.34504	0.01449	0.02014	0.01154	0.01595	0.01651	0.01415	0.01977	0.02717	0.11328	0.12237	0.12496	0.03788	0.05274	0.00837	0.00960	0.00430	0.00789
10	0.00915	0.00671	0.00862	0.00974	0.01067	0.00618	0.00680	0.01091	0.01540	0.02046	0.14574	0.52264	0.13391	0.02089	0.00911	0.00280	0.00412	0.04310	0.00694	0.00611
11	0.01633	0.01467	0.02083	0.38211	0.08186	0.03831	0.03601	0.08064	0.13403	0.02377	0.04879	0.02206	0.01521	0.00897	0.00834	0.03881	0.00851	0.00709	0.00460	0.00907
12	0.01871	0.01281	0.01545	0.01122	0.01750	0.00990	0.00904	0.02185	0.01626	0.16468	0.01618	0.01708	0.01226	0.00613	0.00578	0.00132	0.00555	0.00493	0.00528	0.62808
13	0.09805	0.01386	0.01987	0.26790	0.13849	0.01503	0.01562	0.08661	0.01788	0.17221	0.01863	0.07259	0.01470	0.00875	0.00714	0.00234	0.00778	0.00745	0.00532	0.00980
14	0.02351	0.16125	0.02257	0.01611	0.02047	0.36651	0.01285	0.08884	0.13810	0.02294	0.01544	0.01639	0.01234	0.00783	0.00635	0.00194	0.00988	0.00543	0.04182	0.00943
15	0.05215	0.01944	0.01546	0.01474	0.01781	0.29224	0.01164	0.02298	0.01858	0.10742	0.05169	0.08715	0.04644	0.01301	0.00792	0.00248	0.00877	0.19623	0.00577	0.00809
16	0.01962	0.05698	0.24763	0.07313	0.02507	0.04373	0.01715	0.07375	0.07196	0.16407	0.02132	0.07304	0.01728	0.00974	0.00734	0.00237	0.00834	0.05172	0.00550	0.01027
17	0.07684	0.07450	0.01998	0.01417	0.01977	0.01723	0.01184	0.26900	0.05901	0.33009	0.02194	0.02032	0.01481	0.00858	0.00691	0.00218	0.00692	0.00659	0.00753	0.01180
18	0.01362	0.00701	0.00961	0.00929	0.00974	0.00688	0.00610	0.01187	0.01070	0.06838	0.01694	0.02982	0.01712	0.23597	0.02925	0.49528	0.00652	0.00765	0.00399	0.00426
19	0.18306	0.01091	0.01214	0.01105	0.01389	0.01150	0.00847	0.05123	0.10384	0.12013	0.07536	0.08239	0.02279	0.04545	0.01246	0.15793	0.00572	0.03429	0.02962	0.00779
20	0.01520	0.01525	0.04477	0.42436	0.09486	0.01667	0.13611	0.04986	0.01580	0.02107	0.01385	0.01962	0.01075	0.01042	0.05579	0.00304	0.03330	0.00690	0.00357	0.00882
21	0.01029	0.00743	0.00972	0.00914	0.01086	0.00686	0.00686	0.01372	0.02058	0.02915	0.69536	0.05430	0.06859	0.01486	0.00857	0.00229	0.00343	0.01315	0.00800	0.00686
22	0.01710	0.01944	0.04194	0.03010	0.03711	0.01856	0.64234	0.02302	0.01688	0.02302	0.01447	0.01944	0.01096	0.00643	0.00929	0.00248	0.04559	0.00848	0.00365	0.00972
23	0.02717	0.01508	0.01860	0.01610	0.06513	0.01511	0.01219	0.24044	0.06914	0.34571	0.02623	0.05289	0.04262	0.00971	0.00742	0.00227	0.00674	0.00791	0.00779	0.01176
24	0.01591	0.01049	0.01240	0.01158	0.01416	0.02770	0.00883	0.04865	0.09852	0.14183	0.16524	0.23434	0.10548	0.01547	0.00879	0.00255	0.02544	0.03700	0.00730	0.00834
25	0.09284	0.01382	0.01719	0.01329	0.01885	0.01309	0.01097	0.13959	0.02233	0.54212	0.02535	0.02251	0.01626	0.00877	0.00708	0.00224	0.00644	0.00691	0.00835	0.01201
26	0.01582	0.01662	0.03246	0.02484	0.02954	0.01721	0.40607	0.02046	0.01583	0.02178	0.01834	0.03117	0.01681	0.01025	0.01203	0.00278	0.16011	0.13491	0.00417	0.00881
27	0.02715	0.03464	0.02060	0.01873	0.02247	0.71536	0.01404	0.02903	0.02060	0.01779	0.01124	0.01311	0.00936	0.00749	0.00655	0.00187	0.01311	0.00468	0.00375	0.00843
28	0.01507	0.01292	0.01507	0.01077	0.01723	0.00969	0.00861	0.01830	0.01507	0.02369	0.01292	0.01507	0.01077	0.00538	0.00538	0.00108	0.00538	0.00431	0.00431	0.78898
29	0.01372	0.01263	0.02109	0.69275	0.04808	0.01570	0.01947	0.01849	0.01457	0.01898	0.01343	0.01975	0.01012	0.00732	0.00716	0.00239	0.00939	0.00647	0.04048	0.00801
30	0.05691	0.00895	0.01072	0.00963	0.01238	0.00835	0.00744	0.03814	0.01925	0.14468	0.33730	0.07648	0.16721	0.01382	0.00792	0.00230	0.00425	0.01177	0.05464	0.00786
31	0.01437	0.01357	0.02336	0.45171	0.16812	0.01535	0.06923	0.01903	0.01589	0.02127	0.10001	0.02357	0.01763	0.00799	0.00752	0.00236	0.00889	0.00748	0.00394	0.00871
32	0.01677	0.01214	0.01364	0.01219	0.01570	0.01285	0.00947	0.02845	0.35245	0.11409	0.18936	0.03921	0.12867	0.01213	0.00783	0.00240	0.00498	0.01026	0.00765	0.00978
33	0.01808	0.01196	0.01360	0.01214	0.01543	0.01237	0.00936	0.15913	0.14193	0.12126	0.03466	0.22087	0.10900	0.01390	0.00782	0.00244	0.00543	0.01183	0.06952	0.00927
34	0.00942	0.00676	0.00894	0.00974	0.01067	0.00628	0.00679	0.01154	0.01655	0.02274	0.29869	0.46925	0.05617	0.01965	0.00900	0.00269	0.00391	0.01770	0.00724	0.00628
35	0.01615	0.01369	0.01544	0.01211	0.01762	0.01239	0.00955	0.04977	0.20415	0.02623	0.01895	0.04974	0.01564	0.00752	0.00619	0.00159	0.00554	0.00620	0.00540	0.50613
36	0.00880	0.00656	0.00819	0.00949	0.01038	0.00596	0.00647	0.01019	0.01452	0.01880	0.04771	0.58718	0.19576	0.02178	0.00912	0.00284	0.00410	0.01945	0.00675	0.00596
37	0.01668	0.07644	0.03623	0.11575	0.03468	0.01961	0.42232	0.02155	0.01558	0.02118	0.01321	0.01830	0.01046	0.00743	0.01076	0.00250	0.13705	0.00755	0.00349	0.00922
38	0.01658	0.01542	0.02386	0.19065	0.34662	0.01703	0.01866	0.02417	0.15432	0.02333	0.01688	0.02060	0.01354	0.00994	0.04179	0.00278	0.04230	0.00689	0.00430	0.01033
39	0.01555	0.01542	0.02305	0.55130	0.16115	0.07227	0.02007	0.02006	0.01537	0.01941	0.01292	0.01864	0.00998	0.00715	0.00720	0.00233	0.00978	0.00632	0.00334	0.00870
40	0.00963	0.00718	0.00905	0.01027	0.01118	0.00693	0.00705	0.01256	0.06811	0.01999	0.06676	0.61118	0.09052	0.02114	0.00905	0.00285	0.00427	0.01902	0.00685	0.00640
41	0.05413	0.07434	0.01878	0.01374	0.01799	0.01817	0.01126	0.36318	0.02521	0.03424	0.08810	0.02887	0.10797	0.05480	0.01007	0.00254	0.05217	0.00823	0.00639	0.00983
42	0.02478	0.01935	0.01863	0.01540	0.02007	0.13894	0.01230	0.29005	0.11951	0.13897	0.02244	0.02236	0.04402	0.01279	0.06389	0.00295	0.00902	0.00706	0.00665	0.01082
43	0.00913	0.00654	0.00826	0.00952	0.01003	0.00612	0.00624	0.01022	0.01355	0.01786	0.03976	0.56526	0.09628	0.14839	0.01406	0.00363	0.00467	0.01848	0.00634	0.00566
44	0.01065	0.00723	0.00867	0.00922	0.01089	0.00638	0.00656	0.01227	0.01555	0.07384	0.05291	0.40806	0.31133	0.01988	0.00884	0.00269	0.00416	0.01741	0.00693	0.00652
45	0.04093	0.01855	0.08013	0.06521	0.10376	0.03811	0.10954	0.20367	0.08826	0.02908	0.02160	0.02354	0.07481	0.00982	0.00882	0.05300	0.00838	0.00755	0.00523	0.01000
46	0.01543	0.00931	0.01145	0.01075	0.01292	0.00953	0.00805	0.02032	0.11569	0.12925	0.08033	0.08589	0.02810	0.17433	0.11947	0.00476	0.00762	0.04910	0.09993	0.00776
47	0.00939	0.00661	0.00830	0.00935	0.00978	0.00627	0.00604	0.01040	0.01332	0.01773	0.06105	0.49106	0.06848	0.22713	0.01709	0.00407	0.00497	0.01731	0.00613	0.00552
48	0.07988	0.02535	0.20796	0.02426	0.03137	0.10026	0.33384	0.02338	0.01633	0.02295	0.01318	0.01688	0.01002	0.00695	0.00854	0.00237	0.05652	0.00678	0.00356	0.00961
49	0.01648	0.01594	0.02747	0.12719	0.13296	0.04213	0.22912	0.02149	0.04259	0.04802	0.04385	0.02353	0.01550	0.01352	0.09110	0.00352	0.06613	0.02606	0.00421	0.00920
50	0.01544	0.01467	0.02489	0.45308	0.31067	0.01660	0.02104	0.02007	0.01534	0.02065	0.01322	0.01882	0.01042	0.00695	0.00724	0.00232	0.00927	0.00647	0.00338	0.00946
51	0.01248	0.00639	0.00949	0.00945	0.00956	0.00635	0.00635	0.00974	0.01019	0.01369	0.05666	0.02417	0.01624	0.02458	0.02713	0.73780	0.00613	0.00675	0.00347	0.00340
52	0.01600	0.01402	0.02466	0.45601	0.12201	0.01567	0.11062	0.02063	0.01562	0.07470	0.01581	0.05400	0.01259	0.00789	0.00754	0.00241	0.00938	0.00750	0.00397	0.00897
53	0.02085	0.01506	0.01733	0.01388	0.01851	0.01555	0.01118	0.25498	0.07399	0.10590	0.02349	0.08293	0.06028	0.01026	0.00853	0.00213	0.06787	0.00801	0.00639	0.18287
54	0.02321	0.01544	0.01897	0.08199	0.02230	0.08219	0.05743	0.13466	0.02114	0.24614	0.11040	0.02678	0.02186	0.01056	0.00921	0.04539	0.02894	0.02696	0.00659	0.00986
55	0.01874	0.22816	0.11975	0.02061	0.13384	0.10557	0.01629	0.04429	0.08960	0.02160	0.01612	0.01811	0.03918	0.00821	0.00831	0.00213	0.08972	0.00592	0.00402	0.00982
56	0.01871	0.01182	0.01706	0.04709	0.01895	0.01214	0.06510	0.07925	0.03900	0.19843	0.15520	0.09753	0.02896	0.01788	0.11004	0.00375	0.05363	0.00976	0.00659	0.00912
57	0.01673	0.01630	0.02113	0.32498	0.16191	0.10219	0.01735	0.04836	0.07380	0.02223	0.04494	0.02576	0.03486	0.00886	0.00744	0.00235	0.00890	0.04843	0.00439	0.00905

[dist]
# distance from previous block
# <min> <max>
0	66

[block]
# block no. 6 follows, 28 sequences, length 38
# corresponding to MSA columns:
# 604-641
name=unknown_G
#
# <colnr> <probs for GDERKNQSTAVLIFYWHMCP>
#	G	D	E	R	K	N	Q	S	T	A	V	L	I	F	Y	W	H	M	C	P
0	0.01664	0.01431	0.02176	0.12402	0.23515	0.01366	0.04663	0.03896	0.01615	0.05497	0.01523	0.03812	0.01270	0.00956	0.04691	0.00241	0.00822	0.00635	0.00425	0.27400
1	0.01864	0.12601	0.10828	0.01795	0.09068	0.01566	0.07188	0.05392	0.01694	0.09730	0.01468	0.01646	0.01132	0.00642	0.00623	0.00171	0.00755	0.00541	0.00450	0.30845
2	0.36294	0.04528	0.10119	0.01454	0.01963	0.25340	0.01275	0.04380	0.04406	0.02626	0.01187	0.01348	0.00930	0.00719	0.00570	0.00212	0.00892	0.00462	0.00423	0.00874
3	0.02090	0.04048	0.01329	0.01044	0.01406	0.01014	0.00838	0.03842	0.05663	0.28488	0.14244	0.03120	0.04475	0.01003	0.00678	0.00208	0.00488	0.00826	0.24258	0.00939
4	0.01678	0.09383	0.05834	0.09999	0.20711	0.01653	0.05313	0.02246	0.08359	0.05722	0.11648	0.02379	0.02065	0.00855	0.00810	0.00220	0.04947	0.00735	0.00480	0.04963
5	0.00928	0.00773	0.00826	0.00794	0.01051	0.00647	0.00596	0.01139	0.01684	0.02105	0.14372	0.09173	0.54293	0.01721	0.00838	0.00235	0.00380	0.01449	0.00672	0.06323
6	0.01812	0.01801	0.08912	0.06303	0.02187	0.04998	0.01483	0.08381	0.15474	0.06562	0.01749	0.02126	0.01424	0.04937	0.05420	0.00336	0.23968	0.00694	0.00491	0.00942
7	0.01135	0.00969	0.01517	0.21083	0.02403	0.01005	0.05923	0.01437	0.01525	0.02030	0.09012	0.32515	0.07125	0.01534	0.00841	0.00261	0.00638	0.04008	0.00554	0.04488
8	0.01542	0.01292	0.01493	0.01134	0.01702	0.01067	0.00894	0.05625	0.06491	0.02495	0.01695	0.08439	0.01521	0.00754	0.00600	0.00142	0.00545	0.00626	0.00493	0.61450
9	0.01569	0.01493	0.09850	0.01419	0.01800	0.01308	0.01262	0.11814	0.15926	0.04396	0.08826	0.14918	0.03211	0.01434	0.00838	0.00268	0.00651	0.17444	0.00666	0.00906
10	0.00943	0.00719	0.00881	0.00896	0.01060	0.00658	0.00656	0.01180	0.01716	0.02282	0.29913	0.20676	0.26679	0.02064	0.06023	0.00317	0.00485	0.01511	0.00702	0.00639
11	0.02478	0.06922	0.02278	0.06451	0.02459	0.38769	0.04711	0.17427	0.07123	0.02533	0.01420	0.01576	0.01108	0.00779	0.00682	0.00203	0.01084	0.00563	0.00473	0.00964
12	0.00978	0.00751	0.00921	0.00944	0.01122	0.00656	0.00673	0.01179	0.01582	0.02131	0.16368	0.39002	0.18376	0.01840	0.00855	0.00251	0.00410	0.01628	0.00670	0.09663
13	0.28072	0.01832	0.01674	0.06054	0.02067	0.09810	0.01175	0.19534	0.17263	0.03292	0.01677	0.01740	0.01259	0.00809	0.00629	0.00225	0.00739	0.00584	0.00571	0.00994
14	0.01620	0.06629	0.53777	0.07177	0.03165	0.01702	0.06115	0.02356	0.01576	0.07200	0.01413	0.01639	0.00999	0.00701	0.00695	0.00228	0.01028	0.00570	0.00355	0.01055
15	0.01256	0.01032	0.01239	0.01178	0.01369	0.05456	0.00898	0.04733	0.01428	0.01960	0.06893	0.06506	0.02263	0.09368	0.45011	0.00841	0.01469	0.00854	0.00456	0.05788
16	0.00969	0.00717	0.01004	0.01058	0.01134	0.00678	0.03752	0.01109	0.01390	0.01867	0.08323	0.52023	0.04358	0.16310	0.01464	0.00368	0.00509	0.01757	0.00624	0.00586
17	0.04375	0.01874	0.01846	0.01563	0.02030	0.07630	0.01240	0.25514	0.39005	0.03471	0.02340	0.02224	0.01738	0.00919	0.00720	0.00231	0.00712	0.00724	0.00698	0.01145
18	0.07100	0.02029	0.02204	0.04954	0.02399	0.05418	0.04286	0.54801	0.03063	0.04149	0.01641	0.01710	0.01178	0.00837	0.00713	0.00219	0.00837	0.00639	0.00660	0.01161
19	0.04035	0.05196	0.02380	0.01929	0.05343	0.10640	0.15598	0.13772	0.05133	0.02655	0.08525	0.02735	0.03742	0.01314	0.06413	0.00307	0.03957	0.04882	0.00519	0.00924
20	0.02495	0.02237	0.02243	0.09511	0.10362	0.17400	0.01552	0.38809	0.02708	0.03422	0.01517	0.01676	0.01132	0.00804	0.00710	0.00214	0.00938	0.00612	0.00564	0.01095
21	0.00901	0.00726	0.00802	0.00808	0.01014	0.00628	0.00597	0.01115	0.01719	0.02169	0.21223	0.14174	0.47959	0.01809	0.00866	0.00247	0.00368	0.01544	0.00704	0.00628
22	0.01917	0.01220	0.01278	0.01075	0.01409	0.01307	0.00857	0.27976	0.02281	0.03457	0.02121	0.02325	0.01613	0.00857	0.00596	0.00189	0.00523	0.00668	0.47430	0.00901
23	0.00910	0.00643	0.00836	0.00980	0.01017	0.00607	0.00641	0.01019	0.01343	0.01791	0.03758	0.63976	0.04495	0.12707	0.01328	0.00354	0.00463	0.01921	0.00641	0.00569
24	0.02434	0.02463	0.02308	0.01901	0.02365	0.30269	0.10365	0.15387	0.12367	0.07070	0.01676	0.01786	0.01269	0.00824	0.00794	0.00219	0.04332	0.00636	0.00529	0.01008
25	0.02799	0.01762	0.01985	0.01546	0.02104	0.01875	0.01269	0.42759	0.10096	0.22794	0.02190	0.02053	0.01500	0.00892	0.00730	0.00223	0.00725	0.00694	0.00777	0.01227
26	0.01151	0.00939	0.01360	0.01296	0.01392	0.01163	0.01019	0.01375	0.01151	0.01684	0.01766	0.02710	0.01691	0.08602	0.53651	0.00969	0.16269	0.00766	0.00378	0.00666
27	0.01392	0.03399	0.62616	0.01949	0.02904	0.01561	0.02453	0.02153	0.01518	0.02250	0.01617	0.09907	0.01370	0.00874	0.00718	0.00238	0.00999	0.00714	0.00349	0.01018
28	0.07641	0.02617	0.31703	0.02352	0.14839	0.07311	0.06968	0.02181	0.01589	0.02328	0.04849	0.05962	0.01491	0.00839	0.00787	0.00233	0.04252	0.00697	0.00384	0.00980
29	0.01373	0.01292	0.02180	0.72707	0.05006	0.01615	0.02019	0.01857	0.01453	0.01857	0.01292	0.01938	0.00969	0.00727	0.00727	0.00242	0.00969	0.00646	0.00323	0.00807
30	0.01008	0.00775	0.01001	0.01177	0.05089	0.00725	0.00808	0.01207	0.01533	0.01985	0.07473	0.29720	0.21936	0.08348	0.01153	0.00318	0.00502	0.13964	0.00640	0.00636
31	0.74548	0.01356	0.01054	0.00960	0.01383	0.01564	0.00780	0.02065	0.01247	0.03171	0.01204	0.05843	0.01045	0.00777	0.00480	0.00229	0.00553	0.00501	0.00464	0.00775
32	0.06574	0.01195	0.01242	0.05165	0.01583	0.07901	0.00899	0.01971	0.06616	0.12132	0.17114	0.16169	0.13824	0.03293	0.00864	0.00253	0.00572	0.01173	0.00668	0.00794
