[name]
unknown

[dist]
# distance from previous block
# <min> <max>
0	45

[block]
# block no. 0 follows, 30 sequences, length 10
# corresponding to MSA columns:
# 98-107
name=unknown_A
#
# <colnr> <probs for GDERKNQSTAVLIFYWHMCP>
#	G	D	E	R	K	N	Q	S	T	A	V	L	I	F	Y	W	H	M	C	P
0	0.01124	0.00803	0.01124	0.01285	0.01446	0.00803	0.01124	0.01446	0.01606	0.02088	0.03695	0.07871	0.04016	0.01928	0.00964	0.00321	0.00643	0.66426	0.00643	0.00643
1	0.01522	0.01449	0.02462	0.39120	0.37889	0.01604	0.02040	0.01962	0.01492	0.02031	0.01276	0.01794	0.01018	0.00660	0.00694	0.00220	0.00880	0.00621	0.00328	0.00940
2	0.01700	0.01630	0.02783	0.08961	0.66660	0.01651	0.02128	0.02117	0.01576	0.02246	0.01308	0.01736	0.01094	0.00627	0.00691	0.00209	0.00836	0.00622	0.00343	0.01083
3	0.00976	0.00743	0.01071	0.01071	0.01209	0.00838	0.00831	0.01217	0.01178	0.01652	0.02498	0.03222	0.10099	0.04815	0.64018	0.01014	0.01686	0.00835	0.00407	0.00619
4	0.01286	0.01239	0.02109	0.20317	0.02717	0.01422	0.14850	0.01633	0.01345	0.01829	0.02071	0.02602	0.09601	0.01982	0.18200	0.00459	0.14424	0.00793	0.00374	0.00748
5	0.01601	0.01717	0.03447	0.15929	0.10740	0.01713	0.45077	0.02240	0.06080	0.02202	0.01464	0.01910	0.01111	0.00635	0.00779	0.00232	0.01054	0.00763	0.00368	0.00939
6	0.01402	0.00767	0.01035	0.01056	0.01232	0.00702	0.00783	0.01596	0.01569	0.17560	0.09506	0.45586	0.04080	0.01796	0.00850	0.00267	0.00465	0.08319	0.00706	0.00722
7	0.01687	0.00852	0.01067	0.00971	0.01251	0.00755	0.00743	0.01898	0.01663	0.26059	0.07461	0.18243	0.20320	0.05275	0.00919	0.00258	0.00470	0.03424	0.05891	0.00793
8	0.00934	0.00629	0.00796	0.00903	0.00965	0.00596	0.00606	0.01086	0.01375	0.01926	0.09407	0.52775	0.04232	0.09558	0.01112	0.00304	0.00417	0.01658	0.10152	0.00570
9	0.01163	0.00723	0.00920	0.00897	0.01054	0.00661	0.00645	0.01334	0.01604	0.08809	0.28066	0.19110	0.14967	0.08465	0.01244	0.07310	0.00430	0.01308	0.00661	0.00627

[dist]
# distance from previous block
# <min> <max>
0	4

[block]
# block no. 1 follows, 30 sequences, length 13
# corresponding to MSA columns:
# 112-124
name=unknown_B
#
# <colnr> <probs for GDERKNQSTAVLIFYWHMCP>
#	G	D	E	R	K	N	Q	S	T	A	V	L	I	F	Y	W	H	M	C	P
0	0.01091	0.00806	0.00940	0.00903	0.01095	0.00773	0.00669	0.05970	0.04334	0.02470	0.30967	0.15619	0.20860	0.04418	0.00907	0.00247	0.00399	0.01313	0.05548	0.00671
1	0.08707	0.01592	0.01692	0.01342	0.01791	0.01736	0.01083	0.45456	0.02613	0.07948	0.01800	0.02059	0.01383	0.08206	0.00937	0.00252	0.00682	0.00653	0.09048	0.01019
2	0.00896	0.00665	0.00811	0.00863	0.00977	0.00607	0.00599	0.01071	0.01525	0.02018	0.21354	0.33735	0.20653	0.09577	0.01137	0.00297	0.00402	0.01578	0.00655	0.00580
3	0.07178	0.01153	0.01290	0.01137	0.01459	0.01201	0.00885	0.15281	0.12260	0.10126	0.15934	0.14797	0.09308	0.01256	0.00741	0.00229	0.00507	0.01059	0.03327	0.00872
4	0.12823	0.01036	0.01138	0.01031	0.01330	0.01050	0.00796	0.09444	0.06397	0.11402	0.13622	0.17331	0.14455	0.01326	0.00731	0.00232	0.00477	0.01113	0.03468	0.00800
5	0.00888	0.00626	0.00810	0.00929	0.00972	0.00592	0.00610	0.01003	0.01326	0.01779	0.08203	0.58191	0.04398	0.14607	0.01339	0.00346	0.00446	0.01769	0.00618	0.00549
6	0.00861	0.00624	0.00795	0.00926	0.00984	0.00578	0.00617	0.00978	0.01337	0.01758	0.04058	0.61951	0.11555	0.08109	0.01100	0.00310	0.00421	0.01850	0.00629	0.00557
7	0.01097	0.00757	0.00910	0.00917	0.01064	0.00721	0.00670	0.01336	0.03965	0.05131	0.15321	0.11237	0.18192	0.23120	0.01635	0.00378	0.00512	0.11815	0.00614	0.00605
8	0.00997	0.00748	0.01121	0.01121	0.01246	0.00872	0.00872	0.01246	0.01121	0.01620	0.01869	0.02741	0.01745	0.05234	0.72710	0.01121	0.01869	0.00748	0.00374	0.00623
9	0.01617	0.01360	0.02250	0.44939	0.22571	0.01549	0.01888	0.02038	0.01496	0.08824	0.01398	0.01863	0.01057	0.00712	0.00754	0.00227	0.03548	0.00628	0.00374	0.00906
10	0.02140	0.01816	0.01981	0.03881	0.02059	0.09349	0.01355	0.23897	0.12795	0.07605	0.01619	0.01786	0.01250	0.00961	0.01194	0.00242	0.23908	0.00634	0.00540	0.00988
11	0.01446	0.10762	0.65112	0.01910	0.02899	0.01733	0.02441	0.02198	0.01468	0.02154	0.01224	0.01438	0.00885	0.00656	0.00642	0.00214	0.01003	0.00502	0.00295	0.01018
12	0.01512	0.01572	0.01395	0.01338	0.01537	0.23827	0.01024	0.01739	0.01395	0.01648	0.01616	0.02267	0.01474	0.03790	0.49667	0.00820	0.01674	0.00652	0.00369	0.00682

[dist]
# distance from previous block
# <min> <max>
0	4

[block]
# block no. 2 follows, 30 sequences, length 19
# corresponding to MSA columns:
# 129-147
name=unknown_C
#
# <colnr> <probs for GDERKNQSTAVLIFYWHMCP>
#	G	D	E	R	K	N	Q	S	T	A	V	L	I	F	Y	W	H	M	C	P
0	0.01958	0.02333	0.06171	0.10512	0.02274	0.36133	0.01345	0.06817	0.01853	0.02047	0.08001	0.11607	0.01948	0.00997	0.00745	0.00212	0.03030	0.00772	0.00448	0.00798
1	0.01525	0.01493	0.02626	0.34902	0.29591	0.01649	0.10241	0.01969	0.01482	0.02021	0.01272	0.01795	0.01012	0.00683	0.00795	0.00227	0.04823	0.00645	0.00329	0.00920
2	0.00884	0.00632	0.00849	0.01010	0.01066	0.00596	0.00707	0.01030	0.01369	0.01819	0.03827	0.66710	0.04541	0.02154	0.00900	0.00288	0.00434	0.09959	0.00647	0.00576
3	0.01515	0.01496	0.02272	0.46977	0.20837	0.06117	0.01922	0.01928	0.01457	0.01894	0.01225	0.01766	0.00971	0.00717	0.00804	0.00228	0.06086	0.00609	0.00322	0.00858
4	0.01468	0.19560	0.01878	0.01213	0.01505	0.05992	0.01006	0.07830	0.01446	0.01879	0.01592	0.02220	0.01461	0.06139	0.40920	0.00720	0.01404	0.00636	0.00386	0.00747
5	0.01135	0.00868	0.01060	0.00985	0.01195	0.00871	0.00746	0.01789	0.15368	0.02822	0.57357	0.04698	0.05706	0.01332	0.00801	0.00223	0.00373	0.01169	0.00757	0.00746
6	0.00903	0.00630	0.00794	0.00904	0.00932	0.00602	0.00576	0.00986	0.01233	0.01644	0.03317	0.52403	0.03948	0.25714	0.01745	0.00410	0.00492	0.01673	0.00576	0.00521
7	0.01651	0.12232	0.47156	0.02033	0.07054	0.06301	0.04793	0.06870	0.01638	0.02266	0.01246	0.01462	0.00928	0.00665	0.00645	0.00208	0.00985	0.00520	0.00333	0.01012
8	0.01357	0.00911	0.01158	0.01051	0.01287	0.00902	0.00828	0.09819	0.02033	0.07629	0.45514	0.04620	0.04938	0.01677	0.06771	0.00302	0.00559	0.07167	0.00722	0.00756
9	0.09232	0.00746	0.00824	0.00830	0.00941	0.00737	0.00554	0.01173	0.01341	0.01954	0.16232	0.16627	0.11449	0.32187	0.01924	0.00421	0.00511	0.01215	0.00556	0.00547
10	0.10246	0.06616	0.01765	0.01468	0.01788	0.38382	0.01140	0.04402	0.01841	0.02173	0.16176	0.02127	0.02127	0.00897	0.00758	0.00200	0.06021	0.00631	0.00459	0.00785
11	0.00978	0.00689	0.00851	0.00856	0.00928	0.00683	0.00568	0.01108	0.01307	0.01782	0.17489	0.11923	0.07731	0.37305	0.12294	0.00572	0.00722	0.01160	0.00528	0.00527
12	0.00992	0.00677	0.00803	0.00808	0.00848	0.00661	0.00497	0.01076	0.01257	0.01711	0.17235	0.12048	0.03631	0.51783	0.02683	0.00536	0.00573	0.01169	0.00521	0.00489
13	0.49790	0.08815	0.10210	0.01216	0.01738	0.09135	0.01124	0.06804	0.01473	0.02818	0.01066	0.01225	0.00830	0.00666	0.00501	0.00206	0.00711	0.00419	0.00413	0.00838
14	0.01856	0.01806	0.02414	0.16300	0.16388	0.10474	0.10551	0.12918	0.04039	0.02437	0.01362	0.01696	0.01068	0.00710	0.00771	0.00208	0.04803	0.00611	0.00415	0.09172
15	0.01736	0.01564	0.01797	0.05480	0.11169	0.07105	0.01171	0.10985	0.01755	0.02490	0.01296	0.01522	0.01047	0.00600	0.00583	0.00145	0.00675	0.00484	0.00433	0.47963
16	0.12373	0.16463	0.13878	0.01471	0.02065	0.05478	0.03347	0.24110	0.02065	0.04905	0.01411	0.01533	0.01063	0.00723	0.00594	0.00197	0.00778	0.00527	0.06035	0.00984
17	0.12832	0.05530	0.05048	0.04252	0.02009	0.06449	0.06798	0.10570	0.04724	0.17426	0.03293	0.09734	0.02948	0.00962	0.00683	0.00221	0.00715	0.02886	0.00578	0.02342
18	0.03926	0.06549	0.04426	0.12763	0.05296	0.06014	0.03288	0.01894	0.01501	0.10570	0.02366	0.04068	0.10694	0.11784	0.01084	0.00268	0.00713	0.00765	0.00469	0.11562

[dist]
# distance from previous block
# <min> <max>
10	20

[block]
# block no. 3 follows, 30 sequences, length 15
# corresponding to MSA columns:
# 174-188
name=unknown_D
#
# <colnr> <probs for GDERKNQSTAVLIFYWHMCP>
#	G	D	E	R	K	N	Q	S	T	A	V	L	I	F	Y	W	H	M	C	P
0	0.01640	0.07924	0.10455	0.01604	0.06101	0.10265	0.06085	0.07822	0.01690	0.04349	0.07059	0.06204	0.06958	0.10137	0.03119	0.00291	0.02616	0.00803	0.00466	0.04412
1	0.01485	0.04086	0.01937	0.07947	0.08166	0.03935	0.08028	0.07268	0.01621	0.03631	0.06208	0.06784	0.10473	0.01571	0.09121	0.00335	0.10176	0.03469	0.00472	0.03288
2	0.08325	0.11234	0.04100	0.07361	0.07236	0.05110	0.01223	0.07456	0.01549	0.07970	0.03756	0.04973	0.01579	0.09483	0.07522	0.00349	0.08807	0.00690	0.00447	0.00828
3	0.01180	0.11729	0.01283	0.00944	0.01081	0.01062	0.00669	0.01424	0.07262	0.01643	0.02430	0.16048	0.02688	0.41829	0.02266	0.00476	0.00628	0.04289	0.00479	0.00588
4	0.07050	0.17601	0.07148	0.01304	0.01729	0.05281	0.01139	0.16477	0.07450	0.04365	0.01653	0.08163	0.01461	0.01165	0.00999	0.14312	0.00709	0.00671	0.00479	0.00846
5	0.13092	0.02017	0.19670	0.10178	0.10097	0.05018	0.04245	0.09308	0.01645	0.02464	0.03655	0.06230	0.01414	0.01172	0.06591	0.00295	0.00922	0.00673	0.00415	0.00899
6	0.01573	0.01323	0.01512	0.01115	0.01710	0.01104	0.00893	0.07505	0.07665	0.02508	0.01418	0.01569	0.01144	0.00582	0.00549	0.00124	0.00541	0.00465	0.00463	0.66237
7	0.01119	0.00945	0.01450	0.11939	0.01955	0.00940	0.08288	0.03670	0.01537	0.02031	0.06743	0.33276	0.11394	0.01571	0.00829	0.00256	0.00594	0.07165	0.00564	0.03735
8	0.01817	0.01490	0.01602	0.01191	0.01781	0.05526	0.00957	0.13686	0.01830	0.06195	0.01385	0.01524	0.01088	0.00603	0.00565	0.00132	0.00610	0.00468	0.00483	0.57065
9	0.01636	0.01139	0.01336	0.01174	0.01484	0.01192	0.00915	0.13384	0.17132	0.09902	0.25911	0.08768	0.05922	0.01463	0.05152	0.00281	0.00580	0.01022	0.00716	0.00889
10	0.01212	0.00606	0.00909	0.00909	0.00909	0.00606	0.00606	0.00909	0.00909	0.01212	0.01212	0.02121	0.01212	0.02424	0.02727	0.79697	0.00606	0.00606	0.00303	0.00303
11	0.01573	0.01684	0.03293	0.02432	0.03005	0.01658	0.48118	0.02306	0.11684	0.02304	0.04470	0.02426	0.06262	0.00785	0.00880	0.00238	0.04652	0.00869	0.00439	0.00922
12	0.01609	0.05289	0.09660	0.30560	0.07382	0.03695	0.04157	0.07867	0.01660	0.05775	0.03715	0.06883	0.01441	0.00814	0.00688	0.00215	0.00828	0.00703	0.00421	0.06637
13	0.01047	0.00844	0.00961	0.00972	0.01110	0.03427	0.00701	0.03613	0.01619	0.02131	0.21422	0.31705	0.17541	0.05554	0.01035	0.00272	0.03287	0.01487	0.00645	0.00627
14	0.27070	0.12493	0.09962	0.07877	0.04163	0.14113	0.01343	0.08898	0.04005	0.02545	0.01191	0.01379	0.00931	0.00688	0.00562	0.00202	0.00816	0.00473	0.00408	0.00883

[dist]
# distance from previous block
# <min> <max>
0	3

[block]
# block no. 4 follows, 30 sequences, length 13
# corresponding to MSA columns:
# 192-194,198-207
name=unknown_E
#
# <colnr> <probs for GDERKNQSTAVLIFYWHMCP>
#	G	D	E	R	K	N	Q	S	T	A	V	L	I	F	Y	W	H	M	C	P
0	0.10891	0.26511	0.05619	0.04789	0.02148	0.10890	0.04754	0.15165	0.06065	0.02494	0.01282	0.01441	0.01023	0.00716	0.00641	0.00195	0.03506	0.00508	0.00427	0.00936
1	0.06219	0.00863	0.01059	0.01056	0.01132	0.00955	0.00754	0.03539	0.01275	0.01842	0.04225	0.28707	0.03014	0.24861	0.04694	0.00435	0.10486	0.03783	0.00511	0.00589
2	0.01111	0.00890	0.01238	0.01175	0.01242	0.01083	0.00891	0.01276	0.01083	0.01563	0.01758	0.02963	0.01779	0.22586	0.40263	0.00838	0.16501	0.00789	0.00372	0.00600
3	0.06202	0.00870	0.01060	0.00963	0.01229	0.00815	0.00748	0.01788	0.04466	0.15610	0.35607	0.07788	0.14937	0.01360	0.00781	0.00228	0.00420	0.03624	0.00735	0.00766
4	0.00999	0.00738	0.01075	0.01075	0.01183	0.00847	0.00814	0.01216	0.01108	0.01585	0.01912	0.02979	0.01848	0.14384	0.63701	0.01064	0.01714	0.00782	0.00380	0.00597
5	0.02685	0.01903	0.02062	0.01581	0.02138	0.02087	0.01306	0.64374	0.03194	0.08942	0.01748	0.01723	0.01223	0.00839	0.00698	0.00210	0.00756	0.00633	0.00709	0.01187
6	0.02993	0.01311	0.01684	0.01301	0.01836	0.01221	0.01072	0.12544	0.05633	0.58727	0.02607	0.02289	0.01672	0.00864	0.00702	0.00216	0.00616	0.00696	0.00833	0.01183
7	0.01033	0.00749	0.00983	0.00967	0.01020	0.00832	0.00669	0.01146	0.01063	0.01483	0.01995	0.03640	0.02120	0.41959	0.32852	0.00847	0.04841	0.00881	0.00396	0.00525
8	0.05399	0.00967	0.01187	0.01108	0.01247	0.03882	0.00822	0.04449	0.01341	0.08524	0.06693	0.12325	0.02088	0.02028	0.06546	0.32582	0.06902	0.00845	0.00469	0.00594
9	0.01447	0.01747	0.17047	0.04397	0.06979	0.01324	0.10167	0.02208	0.14203	0.05566	0.15061	0.03227	0.09877	0.01005	0.00752	0.00229	0.00712	0.02599	0.00543	0.00910
10	0.10015	0.04387	0.01962	0.21657	0.11617	0.10425	0.02992	0.03725	0.05033	0.02134	0.03776	0.04322	0.04512	0.01054	0.04010	0.00264	0.06194	0.00684	0.00408	0.00830
11	0.05133	0.17485	0.05877	0.01738	0.07300	0.28148	0.03463	0.07444	0.04204	0.02175	0.06685	0.01876	0.04063	0.00787	0.00627	0.00190	0.00911	0.00585	0.00425	0.00883
12	0.12347	0.12532	0.20632	0.05611	0.12814	0.05541	0.01672	0.07472	0.08023	0.02444	0.01548	0.01719	0.03344	0.00727	0.00618	0.00208	0.00813	0.00561	0.00408	0.00966

[dist]
# distance from previous block
# <min> <max>
0	7

[block]
# block no. 5 follows, 30 sequences, length 8
# corresponding to MSA columns:
# 220-227
name=unknown_F
#
# <colnr> <probs for GDERKNQSTAVLIFYWHMCP>
#	G	D	E	R	K	N	Q	S	T	A	V	L	I	F	Y	W	H	M	C	P
0	0.10468	0.00934	0.01084	0.00952	0.01253	0.00888	0.00745	0.04832	0.01871	0.16185	0.33230	0.04342	0.17975	0.01271	0.00750	0.00221	0.00430	0.01066	0.00721	0.00783
1	0.01468	0.01365	0.02216	0.11037	0.24376	0.01454	0.09423	0.02008	0.09299	0.02237	0.11086	0.05928	0.04223	0.00990	0.00942	0.02842	0.06917	0.00839	0.00459	0.00890
2	0.11231	0.01197	0.01424	0.01168	0.01601	0.01174	0.00942	0.07465	0.10374	0.35705	0.14631	0.02883	0.05198	0.00982	0.00698	0.00219	0.00539	0.00800	0.00759	0.01012
3	0.00926	0.00735	0.00866	0.00872	0.01071	0.00639	0.00632	0.01115	0.01494	0.01956	0.10316	0.29902	0.30879	0.01912	0.04270	0.00279	0.00461	0.01480	0.00618	0.09577
4	0.15530	0.01276	0.01473	0.01193	0.01642	0.01283	0.00969	0.13740	0.06132	0.32441	0.14494	0.02574	0.02371	0.00929	0.00678	0.00217	0.00564	0.00741	0.00737	0.01015
5	0.01234	0.01040	0.01056	0.01026	0.01199	0.08893	0.00747	0.01530	0.04855	0.04205	0.27282	0.16997	0.10411	0.09458	0.06599	0.00345	0.00623	0.01215	0.00623	0.00662
6	0.61099	0.04806	0.04550	0.01111	0.01573	0.01600	0.04122	0.05151	0.01340	0.02958	0.01211	0.05630	0.01034	0.00744	0.00502	0.00218	0.00605	0.00513	0.00441	0.00792
7	0.10726	0.01474	0.01781	0.07433	0.15560	0.04830	0.01296	0.16727	0.04546	0.04479	0.01841	0.08772	0.01665	0.04511	0.04045	0.00280	0.00770	0.03897	0.00509	0.04858

[dist]
# distance from previous block
# <min> <max>
3	6

[block]
# block no. 6 follows, 30 sequences, length 10
# corresponding to MSA columns:
# 235-244
name=unknown_G
#
# <colnr> <probs for GDERKNQSTAVLIFYWHMCP>
#	G	D	E	R	K	N	Q	S	T	A	V	L	I	F	Y	W	H	M	C	P
0	0.01434	0.01232	0.01438	0.03742	0.04079	0.08103	0.04215	0.04351	0.04377	0.05267	0.23926	0.16423	0.05560	0.01224	0.00752	0.00213	0.00578	0.01073	0.00602	0.11410
1	0.02147	0.21818	0.02364	0.01621	0.06283	0.26424	0.01250	0.07077	0.06767	0.04796	0.01323	0.01449	0.01072	0.00682	0.00582	0.00170	0.00877	0.00482	0.00419	0.12400
2	0.01021	0.00757	0.01005	0.09651	0.01424	0.00790	0.00768	0.01183	0.01275	0.01696	0.07729	0.14708	0.07368	0.32213	0.09452	0.00521	0.00743	0.06648	0.00495	0.00553
3	0.09144	0.05316	0.05051	0.12163	0.12991	0.09415	0.14938	0.02126	0.05929	0.02188	0.04254	0.08349	0.01584	0.00846	0.00738	0.00224	0.02697	0.00760	0.00413	0.00874
4	0.01301	0.00650	0.00650	0.00650	0.00813	0.00650	0.00488	0.01626	0.01463	0.02602	0.02276	0.02602	0.01789	0.00813	0.00488	0.00163	0.00325	0.00650	0.79350	0.00650
5	0.01770	0.01754	0.06613	0.07419	0.08402	0.07265	0.08673	0.18770	0.01901	0.02523	0.01814	0.04963	0.04711	0.03485	0.09005	0.00341	0.08491	0.00743	0.00458	0.00900
6	0.00996	0.00702	0.00831	0.00843	0.01001	0.00629	0.00599	0.01177	0.01563	0.05253	0.19438	0.23303	0.28884	0.10196	0.01148	0.00294	0.00409	0.01468	0.00659	0.00608
7	0.01302	0.08797	0.01544	0.01184	0.01317	0.03106	0.05681	0.01289	0.01129	0.01484	0.01625	0.09626	0.01714	0.14097	0.05175	0.31998	0.07237	0.00804	0.00365	0.00526
8	0.01081	0.00804	0.01008	0.00995	0.01064	0.00877	0.00693	0.01312	0.05584	0.01701	0.07233	0.11139	0.02818	0.37429	0.14618	0.00611	0.06147	0.03837	0.00481	0.00566
9	0.11967	0.17678	0.28302	0.01605	0.02264	0.09352	0.03707	0.02256	0.03566	0.05110	0.01327	0.03866	0.01076	0.00746	0.00680	0.00208	0.04456	0.00541	0.00371	0.00922

[dist]
# distance from previous block
# <min> <max>
3	8

[block]
# block no. 7 follows, 30 sequences, length 13
# corresponding to MSA columns:
# 254-266
name=unknown_H
#
# <colnr> <probs for GDERKNQSTAVLIFYWHMCP>
#	G	D	E	R	K	N	Q	S	T	A	V	L	I	F	Y	W	H	M	C	P
0	0.01254	0.00995	0.01419	0.03651	0.06417	0.00963	0.06379	0.01751	0.08801	0.05909	0.35068	0.04477	0.17570	0.01269	0.00793	0.00225	0.00493	0.01126	0.00665	0.00775
1	0.01528	0.07021	0.15734	0.04397	0.05582	0.01426	0.08947	0.05712	0.06998	0.03800	0.04554	0.08202	0.03669	0.00889	0.00687	0.00204	0.00741	0.03161	0.00464	0.16285
2	0.74107	0.01336	0.01074	0.00944	0.01385	0.01521	0.00778	0.02161	0.01254	0.08712	0.01117	0.01235	0.00835	0.00665	0.00454	0.00216	0.00544	0.00404	0.00467	0.00791
3	0.01687	0.01838	0.08728	0.14805	0.29521	0.07114	0.07296	0.07526	0.01721	0.02286	0.01721	0.02338	0.04134	0.00800	0.00721	0.00222	0.00888	0.05295	0.00399	0.00960
4	0.00989	0.00678	0.00791	0.00802	0.00832	0.00671	0.00484	0.01040	0.01134	0.01517	0.06808	0.10743	0.06074	0.57707	0.06378	0.00615	0.00674	0.01123	0.00472	0.00467
5	0.07364	0.01694	0.01978	0.17907	0.09879	0.09159	0.01474	0.17750	0.06727	0.06247	0.01546	0.03315	0.01217	0.00943	0.02647	0.00248	0.07843	0.00635	0.00483	0.00944
6	0.01248	0.00841	0.01017	0.00952	0.01055	0.00899	0.00661	0.05276	0.01278	0.04949	0.02316	0.03762	0.05700	0.41675	0.14822	0.00622	0.05410	0.00904	0.06026	0.00584
7	0.01846	0.01740	0.11510	0.01583	0.02083	0.01516	0.08837	0.25979	0.05007	0.06587	0.05745	0.09982	0.05896	0.03920	0.00864	0.00249	0.00741	0.04365	0.00595	0.00955
8	0.01473	0.01259	0.01767	0.18387	0.11983	0.01341	0.03360	0.13690	0.01837	0.02436	0.07117	0.08548	0.16979	0.01111	0.00794	0.00227	0.02907	0.00951	0.00517	0.03317
9	0.01032	0.06961	0.06171	0.03627	0.01348	0.00919	0.00838	0.01313	0.03508	0.01927	0.09193	0.18107	0.32199	0.06792	0.00983	0.00269	0.00499	0.03079	0.00576	0.00658
10	0.19627	0.09002	0.15910	0.07390	0.02234	0.06399	0.01413	0.09406	0.01696	0.11707	0.01461	0.01699	0.01102	0.00731	0.00599	0.00205	0.00772	0.02343	0.00467	0.05836
11	0.09834	0.01831	0.10910	0.04367	0.06731	0.10436	0.03394	0.09012	0.05028	0.04023	0.02398	0.08662	0.09132	0.01080	0.00792	0.00234	0.04386	0.06395	0.00496	0.00859
12	0.07410	0.20219	0.05443	0.06298	0.10896	0.08914	0.05758	0.05508	0.06622	0.04414	0.01345	0.01540	0.01074	0.00659	0.00593	0.00183	0.00796	0.00522	0.00407	0.11399

[dist]
# distance from previous block
# <min> <max>
9	26

[block]
# block no. 8 follows, 30 sequences, length 15
# corresponding to MSA columns:
# 295-299,301-310
name=unknown_I
#
# <colnr> <probs for GDERKNQSTAVLIFYWHMCP>
#	G	D	E	R	K	N	Q	S	T	A	V	L	I	F	Y	W	H	M	C	P
0	0.01881	0.21003	0.08293	0.01347	0.03308	0.06526	0.01182	0.13428	0.01869	0.09538	0.06047	0.06015	0.08429	0.04541	0.00786	0.00219	0.00706	0.00743	0.00518	0.03621
1	0.01678	0.07627	0.07689	0.04610	0.11285	0.16700	0.01320	0.05165	0.03277	0.01942	0.03190	0.05800	0.01643	0.15022	0.05897	0.00355	0.04875	0.00723	0.00404	0.00798
2	0.30681	0.07497	0.03777	0.01761	0.13748	0.07153	0.01240	0.06424	0.04941	0.02647	0.04724	0.01987	0.01425	0.00816	0.00677	0.00218	0.04455	0.04505	0.00450	0.00874
3	0.01517	0.01518	0.05320	0.06873	0.09062	0.06457	0.10521	0.02207	0.14560	0.04284	0.20810	0.03115	0.06658	0.00999	0.00796	0.00225	0.02756	0.00887	0.00556	0.00877
4	0.01371	0.01166	0.01361	0.01012	0.01569	0.00886	0.00798	0.01660	0.01447	0.02218	0.01741	0.07028	0.05043	0.00704	0.00560	0.00123	0.00500	0.00583	0.00443	0.69786
5	0.03544	0.01459	0.08566	0.01436	0.04142	0.04702	0.03698	0.06786	0.13749	0.02305	0.09308	0.05392	0.02275	0.10204	0.18800	0.00495	0.00994	0.00826	0.00505	0.00813
6	0.33371	0.01673	0.09291	0.01224	0.01698	0.07353	0.01104	0.06090	0.01597	0.13906	0.02014	0.02358	0.06342	0.01049	0.03369	0.00257	0.00723	0.05198	0.00524	0.00862
7	0.00953	0.00697	0.00884	0.00866	0.01014	0.00640	0.00632	0.01222	0.01802	0.02494	0.51647	0.14618	0.13090	0.05148	0.00964	0.00252	0.00359	0.01369	0.00722	0.00627
8	0.01654	0.01488	0.05060	0.01372	0.01765	0.03956	0.04691	0.18362	0.17198	0.02958	0.17870	0.06185	0.10095	0.01150	0.00760	0.00228	0.00614	0.03025	0.00657	0.00913
9	0.00983	0.00684	0.00834	0.00861	0.00911	0.00682	0.00559	0.01075	0.01199	0.01610	0.07652	0.15072	0.06429	0.44812	0.09991	0.00594	0.00720	0.04336	0.00497	0.00501
10	0.04229	0.01229	0.01457	0.01279	0.01576	0.03472	0.04984	0.15044	0.11418	0.02586	0.08902	0.12986	0.10132	0.03802	0.07980	0.04181	0.00730	0.02617	0.00593	0.00803
11	0.01705	0.26613	0.04576	0.04976	0.05262	0.06885	0.01254	0.05821	0.07140	0.02036	0.01608	0.05383	0.03382	0.02665	0.02685	0.00228	0.08034	0.00620	0.00407	0.08719
12	0.01839	0.05197	0.02211	0.09069	0.20506	0.04315	0.06273	0.04345	0.14737	0.10825	0.02039	0.05618	0.03379	0.00827	0.00694	0.00212	0.00740	0.00735	0.00511	0.05926
13	0.11954	0.09698	0.04003	0.01523	0.04018	0.04462	0.06805	0.13192	0.14113	0.06370	0.05431	0.02087	0.01619	0.00800	0.00641	0.00203	0.00698	0.02481	0.00539	0.09363
14	0.08343	0.16858	0.04361	0.05553	0.06642	0.11440	0.08641	0.04809	0.07567	0.04404	0.06391	0.01895	0.01515	0.00991	0.04278	0.00251	0.04122	0.00616	0.00434	0.00890

[dist]
# distance from previous block
# <min> <max>
1	14

[block]
# block no. 9 follows, 30 sequences, length 10
# corresponding to MSA columns:
# 325-334
name=unknown_J
#
# <colnr> <probs for GDERKNQSTAVLIFYWHMCP>
#	G	D	E	R	K	N	Q	S	T	A	V	L	I	F	Y	W	H	M	C	P
0	0.08326	0.01694	0.08757	0.02654	0.31266	0.01513	0.05699	0.07173	0.05113	0.05747	0.01793	0.04044	0.04208	0.03199	0.00770	0.00225	0.00759	0.00690	0.00446	0.05923
1	0.04450	0.01226	0.01652	0.06949	0.11639	0.01248	0.01169	0.06572	0.04450	0.07099	0.12531	0.02388	0.02080	0.01337	0.07988	0.02965	0.05579	0.00695	0.00501	0.17481
2	0.01195	0.00916	0.01232	0.03920	0.04817	0.00911	0.03732	0.03800	0.03749	0.04789	0.06181	0.07210	0.22995	0.15537	0.12184	0.00453	0.00769	0.04390	0.00542	0.00678
3	0.00903	0.00679	0.00834	0.00925	0.01050	0.00622	0.00678	0.01080	0.01482	0.01907	0.08999	0.35823	0.24633	0.05430	0.01004	0.00289	0.00435	0.11998	0.00644	0.00585
4	0.01738	0.01322	0.01609	0.07689	0.07049	0.03792	0.01084	0.07340	0.03920	0.11354	0.02031	0.09204	0.04500	0.00852	0.00645	0.00176	0.00616	0.00716	0.00522	0.33841
5	0.01033	0.00798	0.00956	0.00949	0.01128	0.00777	0.00698	0.01519	0.11394	0.02413	0.34056	0.22155	0.16270	0.01601	0.00824	0.00240	0.00383	0.01407	0.00710	0.00688
6	0.01559	0.06380	0.02143	0.23812	0.19765	0.06553	0.01577	0.04682	0.01492	0.01944	0.01560	0.02208	0.03738	0.09302	0.03569	0.00303	0.07546	0.00671	0.00365	0.00832
7	0.01667	0.01546	0.01599	0.04155	0.04597	0.12170	0.01120	0.13028	0.05954	0.02366	0.07346	0.08092	0.09091	0.04605	0.06057	0.00307	0.10122	0.00857	0.00516	0.04806
8	0.01514	0.01154	0.01607	0.01453	0.05444	0.01110	0.08253	0.11049	0.04150	0.07632	0.08815	0.17401	0.12778	0.04137	0.00882	0.00245	0.00597	0.03427	0.00605	0.07746
9	0.01810	0.06969	0.10125	0.04825	0.18250	0.09265	0.01528	0.06800	0.11078	0.05003	0.01661	0.05419	0.01374	0.00770	0.00653	0.00196	0.00779	0.00639	0.00455	0.12399

[dist]
# distance from previous block
# <min> <max>
2	25

[block]
# block no. 10 follows, 30 sequences, length 12
# corresponding to MSA columns:
# 360-371
name=unknown_K
#
# <colnr> <probs for GDERKNQSTAVLIFYWHMCP>
#	G	D	E	R	K	N	Q	S	T	A	V	L	I	F	Y	W	H	M	C	P
0	0.04516	0.10713	0.02158	0.07320	0.02185	0.08923	0.10200	0.07233	0.04581	0.08775	0.08199	0.06212	0.03838	0.00884	0.00719	0.00203	0.02792	0.00744	0.00504	0.09301
1	0.04484	0.01521	0.02099	0.07968	0.16679	0.07921	0.10384	0.04204	0.10373	0.04630	0.06400	0.09152	0.01964	0.01325	0.07484	0.00309	0.00892	0.00833	0.00482	0.00896
2	0.04930	0.05258	0.01608	0.01439	0.03592	0.22461	0.01082	0.04738	0.06691	0.02064	0.04095	0.11927	0.05394	0.05791	0.00990	0.00252	0.05608	0.07230	0.00491	0.04358
3	0.05218	0.04504	0.06101	0.08385	0.05135	0.12867	0.04527	0.17789	0.08607	0.02647	0.01548	0.04623	0.01262	0.00820	0.00768	0.00209	0.05654	0.00632	0.00477	0.08225
4	0.01767	0.01204	0.01349	0.01225	0.01546	0.04372	0.00975	0.10048	0.13826	0.15099	0.10715	0.11788	0.09850	0.01338	0.00788	0.00244	0.00572	0.11710	0.00703	0.00882
5	0.12844	0.01270	0.01423	0.01213	0.01635	0.01329	0.00967	0.03053	0.28655	0.26118	0.08892	0.02727	0.04949	0.00954	0.00684	0.00225	0.00536	0.00774	0.00727	0.01024
6	0.01133	0.00740	0.00924	0.00888	0.01085	0.00662	0.00661	0.01384	0.01773	0.09117	0.37009	0.17438	0.21380	0.01587	0.00823	0.00234	0.00374	0.01384	0.00727	0.00677
7	0.01301	0.00650	0.00650	0.00650	0.00813	0.00650	0.00488	0.01626	0.01463	0.02602	0.02276	0.02602	0.01789	0.00813	0.00488	0.00163	0.00325	0.00650	0.79350	0.00650
8	0.00924	0.00695	0.00855	0.00847	0.01012	0.00626	0.00623	0.01181	0.01776	0.02402	0.43763	0.16295	0.23182	0.01633	0.00834	0.00234	0.00347	0.01428	0.00718	0.00626
9	0.01961	0.26834	0.02266	0.06394	0.01908	0.01790	0.01130	0.09273	0.08738	0.15045	0.04768	0.04753	0.01792	0.04426	0.03368	0.00256	0.00718	0.03109	0.00540	0.00931
10	0.01436	0.01061	0.01380	0.01121	0.01541	0.00871	0.03977	0.01690	0.01461	0.08759	0.02173	0.19442	0.02169	0.05933	0.00855	0.00210	0.00544	0.03544	0.00519	0.41314
11	0.04861	0.15473	0.01984	0.01294	0.01763	0.08624	0.01073	0.16190	0.08836	0.05891	0.07943	0.01996	0.01719	0.01077	0.05351	0.00242	0.00764	0.00605	0.00528	0.13785

[dist]
# distance from previous block
# <min> <max>
2	13

[block]
# block no. 11 follows, 30 sequences, length 32
# corresponding to MSA columns:
# 387-418
name=unknown_L
#
# <colnr> <probs for GDERKNQSTAVLIFYWHMCP>
#	G	D	E	R	K	N	Q	S	T	A	V	L	I	F	Y	W	H	M	C	P
0	0.05353	0.04091	0.05198	0.06883	0.08784	0.14702	0.06178	0.21319	0.04125	0.02737	0.01578	0.03930	0.01321	0.00845	0.00738	0.00214	0.03226	0.04194	0.00484	0.04103
1	0.01569	0.05423	0.09802	0.12899	0.21366	0.01525	0.01626	0.08064	0.01630	0.02295	0.03396	0.06621	0.01439	0.00945	0.03113	0.00234	0.04000	0.00678	0.00406	0.12970
2	0.01945	0.06434	0.01933	0.03718	0.07900	0.03609	0.03669	0.21708	0.08283	0.09349	0.04160	0.08289	0.04020	0.01307	0.05256	0.00282	0.00776	0.05804	0.00596	0.00964
3	0.02069	0.16368	0.11279	0.05486	0.04220	0.10578	0.03666	0.04174	0.05243	0.18554	0.01777	0.04132	0.01395	0.03953	0.03901	0.00261	0.00865	0.00635	0.00495	0.00951
4	0.00971	0.00722	0.00899	0.00980	0.01106	0.00688	0.00731	0.01227	0.03994	0.01979	0.11361	0.29844	0.16805	0.09108	0.01142	0.00313	0.00474	0.16413	0.00640	0.00604
5	0.01079	0.00722	0.00866	0.00865	0.01049	0.00640	0.00629	0.01273	0.01612	0.08227	0.18804	0.24725	0.30257	0.04838	0.00947	0.00262	0.00398	0.01482	0.00683	0.00644
6	0.06796	0.02628	0.35015	0.02023	0.02819	0.01727	0.17060	0.13479	0.04770	0.04898	0.01458	0.01656	0.01047	0.00693	0.00694	0.00222	0.00954	0.00613	0.00421	0.01028
7	0.01013	0.00684	0.00800	0.00800	0.00813	0.00698	0.00471	0.01040	0.01026	0.01382	0.02163	0.04371	0.02452	0.67949	0.10962	0.00724	0.00804	0.00986	0.00418	0.00444
8	0.00910	0.00672	0.00781	0.00817	0.00921	0.00618	0.00547	0.01040	0.01405	0.01824	0.13428	0.24092	0.24263	0.23611	0.01648	0.00376	0.00459	0.01445	0.00598	0.00543
9	0.02135	0.01657	0.01704	0.01428	0.01823	0.11200	0.03387	0.29608	0.02336	0.11239	0.02579	0.18639	0.06818	0.01185	0.00746	0.00226	0.00717	0.00984	0.00645	0.00945
10	0.01162	0.00889	0.01131	0.01061	0.01133	0.01020	0.00761	0.04628	0.01190	0.01651	0.02081	0.03548	0.04679	0.38377	0.22166	0.00703	0.11951	0.00879	0.00415	0.00574
11	0.01493	0.01478	0.02074	0.01787	0.01795	0.02058	0.01486	0.01652	0.01072	0.01676	0.00976	0.01603	0.00968	0.01474	0.06718	0.00357	0.69650	0.00619	0.00310	0.00755
12	0.01716	0.06854	0.12009	0.05413	0.08605	0.03702	0.26617	0.09099	0.01719	0.04381	0.01525	0.04874	0.01246	0.01052	0.05772	0.00286	0.03053	0.00731	0.00403	0.00943
13	0.01234	0.00852	0.00968	0.00973	0.01170	0.03775	0.00725	0.01435	0.01625	0.10432	0.13841	0.28896	0.23365	0.01718	0.00833	0.00251	0.00456	0.06095	0.00678	0.00677
14	0.00888	0.00686	0.00810	0.00828	0.00994	0.00608	0.00602	0.01105	0.01666	0.02181	0.28611	0.22004	0.33020	0.01745	0.00839	0.00241	0.00357	0.01517	0.00690	0.00608
15	0.80405	0.01350	0.01026	0.00918	0.01350	0.01565	0.00756	0.02051	0.01188	0.03131	0.00972	0.01134	0.00756	0.00648	0.00432	0.00216	0.00540	0.00378	0.00432	0.00756
16	0.04285	0.00738	0.00851	0.00846	0.01028	0.00681	0.00635	0.01204	0.01665	0.02259	0.30606	0.08768	0.28940	0.07774	0.01050	0.00275	0.00405	0.06713	0.00666	0.00613
17	0.05328	0.20344	0.14847	0.05381	0.06422	0.12427	0.01543	0.10760	0.12095	0.02400	0.01442	0.01572	0.01125	0.00718	0.00610	0.00198	0.00851	0.00532	0.00428	0.00975
18	0.02062	0.28670	0.02683	0.01687	0.04901	0.23642	0.03550	0.07845	0.01698	0.01945	0.01119	0.01380	0.00971	0.00925	0.03633	0.00229	0.11335	0.00491	0.00358	0.00875
19	0.00997	0.00683	0.00802	0.00806	0.00837	0.00686	0.00489	0.01046	0.01102	0.01477	0.05184	0.07484	0.05689	0.59582	0.09746	0.00665	0.00750	0.01060	0.00451	0.00464
20	0.00866	0.00691	0.00776	0.00792	0.00978	0.00601	0.00580	0.01068	0.01633	0.02074	0.20943	0.18437	0.44572	0.01764	0.00836	0.00240	0.00357	0.01515	0.00675	0.00601
21	0.00960	0.00698	0.00877	0.00857	0.00997	0.00644	0.00617	0.01215	0.01760	0.02435	0.49518	0.12466	0.12448	0.10057	0.01144	0.00280	0.00379	0.01329	0.00704	0.00615
22	0.00997	0.00748	0.01121	0.01121	0.01246	0.00872	0.00872	0.01246	0.01121	0.01620	0.01869	0.02741	0.01745	0.05234	0.72710	0.01121	0.01869	0.00748	0.00374	0.00623
23	0.13133	0.38161	0.06502	0.01366	0.01878	0.22563	0.01237	0.02257	0.01547	0.01907	0.01105	0.03446	0.00990	0.00692	0.00523	0.00176	0.00870	0.00453	0.00345	0.00848
24	0.16425	0.01709	0.01587	0.03476	0.03551	0.14418	0.01093	0.17568	0.04314	0.02600	0.01506	0.02044	0.01310	0.11331	0.09480	0.00381	0.05288	0.00620	0.00470	0.00829
25	0.33321	0.25722	0.02102	0.01202	0.01671	0.14329	0.01032	0.06358	0.01564	0.02469	0.03975	0.01357	0.01098	0.00689	0.00505	0.00188	0.00737	0.00442	0.00407	0.00833
26	0.01185	0.03876	0.10182	0.05622	0.01595	0.00908	0.01007	0.01481	0.01578	0.07539	0.10992	0.18515	0.27128	0.01499	0.00791	0.00240	0.00530	0.04013	0.00598	0.00721
27	0.01487	0.01256	0.01554	0.01302	0.01641	0.04752	0.05588	0.08385	0.01599	0.04417	0.02240	0.19941	0.04584	0.04543	0.05484	0.00284	0.06733	0.00960	0.00505	0.22744
28	0.01835	0.08777	0.02013	0.01527	0.01901	0.17636	0.04599	0.08180	0.09989	0.02173	0.01486	0.01782	0.01243	0.01522	0.12770	0.00351	0.09927	0.00583	0.00429	0.11275
29	0.10535	0.04046	0.10117	0.12440	0.02344	0.03719	0.03654	0.08334	0.10031	0.06117	0.03614	0.04978	0.04995	0.01056	0.03393	0.00257	0.05393	0.00709	0.00486	0.03782
30	0.01195	0.00994	0.03259	0.01143	0.01350	0.00949	0.05298	0.03921	0.05588	0.04090	0.13100	0.17827	0.13036	0.17148	0.03925	0.00367	0.04348	0.01211	0.00573	0.00676
31	0.01745	0.01531	0.01575	0.01384	0.01681	0.13197	0.04431	0.10697	0.11663	0.06793	0.11180	0.16293	0.05399	0.04459	0.00955	0.00251	0.04307	0.01019	0.00602	0.00838

[dist]
# distance from previous block
# <min> <max>
3	11

[block]
# block no. 12 follows, 30 sequences, length 19
# corresponding to MSA columns:
# 430-448
name=unknown_M
#
# <colnr> <probs for GDERKNQSTAVLIFYWHMCP>
#	G	D	E	R	K	N	Q	S	T	A	V	L	I	F	Y	W	H	M	C	P
0	0.01652	0.05010	0.08297	0.02019	0.11615	0.05985	0.12289	0.09629	0.04061	0.02362	0.01746	0.08254	0.01574	0.01208	0.06467	0.00280	0.00903	0.03748	0.00446	0.12454
1	0.07363	0.07039	0.02161	0.26080	0.15956	0.10384	0.01597	0.05399	0.01538	0.02061	0.01263	0.01752	0.01052	0.02945	0.05599	0.00288	0.05732	0.00582	0.00358	0.00851
2	0.01386	0.01029	0.01365	0.01421	0.06681	0.01131	0.00982	0.07280	0.06837	0.04501	0.02356	0.21528	0.02447	0.09930	0.06954	0.09700	0.09383	0.03862	0.00515	0.00710
3	0.26610	0.02065	0.04017	0.01607	0.08101	0.25977	0.01159	0.05384	0.01635	0.04685	0.01434	0.07162	0.01294	0.05158	0.00770	0.00234	0.00842	0.00612	0.00437	0.00817
4	0.01235	0.01038	0.04397	0.07430	0.01508	0.04102	0.00859	0.01452	0.01505	0.07456	0.10201	0.12604	0.21547	0.17102	0.01377	0.00331	0.00582	0.04049	0.00569	0.00656
5	0.05884	0.01715	0.05232	0.08116	0.07996	0.01839	0.12018	0.14078	0.19537	0.02718	0.01703	0.01910	0.01308	0.00838	0.00943	0.00238	0.11758	0.00679	0.00496	0.00993
6	0.01179	0.00798	0.00995	0.00954	0.01132	0.00782	0.00703	0.04986	0.01597	0.06828	0.18758	0.14652	0.16389	0.11933	0.14656	0.00460	0.00721	0.01205	0.00612	0.00659
7	0.02092	0.01960	0.08791	0.01543	0.02008	0.09939	0.01333	0.24534	0.15611	0.07708	0.02061	0.02125	0.04312	0.01242	0.06488	0.00292	0.05690	0.00677	0.00579	0.01014
8	0.06729	0.00846	0.00959	0.00924	0.01119	0.00839	0.00671	0.01580	0.09339	0.05336	0.23445	0.14839	0.15743	0.13109	0.01217	0.00305	0.00451	0.01224	0.00649	0.00677
9	0.00884	0.00648	0.00841	0.00931	0.01024	0.00605	0.00649	0.01063	0.01488	0.01999	0.18239	0.48743	0.12212	0.02146	0.04796	0.00310	0.00463	0.01707	0.00658	0.00592
10	0.01536	0.01377	0.01498	0.01123	0.01674	0.05196	0.00896	0.04645	0.01546	0.02283	0.01553	0.01738	0.04844	0.00644	0.00632	0.00129	0.04054	0.00492	0.00430	0.63711
11	0.01153	0.00634	0.00906	0.00906	0.00919	0.00648	0.00602	0.00965	0.00952	0.01282	0.01462	0.02631	0.01510	0.15911	0.10567	0.56807	0.00758	0.00695	0.00332	0.00360
12	0.02607	0.03326	0.01978	0.01798	0.02157	0.72674	0.01348	0.02787	0.01978	0.01708	0.01079	0.01258	0.00899	0.00719	0.00629	0.00180	0.01258	0.00449	0.00360	0.00809
13	0.01002	0.00684	0.00823	0.00833	0.00856	0.00702	0.00510	0.01050	0.01051	0.01422	0.02240	0.08364	0.02527	0.59609	0.14821	0.00727	0.00858	0.01027	0.00428	0.00464
14	0.01447	0.01240	0.01447	0.01034	0.01654	0.00930	0.00827	0.01757	0.01447	0.02274	0.01240	0.01447	0.01034	0.00517	0.00517	0.00103	0.00517	0.00413	0.00413	0.79742
15	0.01111	0.00853	0.01187	0.01413	0.11977	0.00878	0.00828	0.01265	0.01201	0.01653	0.04842	0.03770	0.05849	0.38237	0.21328	0.00681	0.00989	0.00915	0.00423	0.00601
16	0.04622	0.12926	0.02037	0.07693	0.02086	0.04946	0.03502	0.19720	0.06975	0.07135	0.01927	0.13183	0.01716	0.00962	0.00668	0.00207	0.00702	0.00789	0.00546	0.07657
17	0.08750	0.23021	0.13062	0.04057	0.02126	0.07239	0.06642	0.05973	0.01631	0.07126	0.04541	0.09691	0.01625	0.00867	0.00629	0.00204	0.00787	0.00699	0.00441	0.00888
18	0.04324	0.04445	0.07698	0.01400	0.01872	0.03913	0.05214	0.18513	0.08369	0.10525	0.05778	0.08090	0.10312	0.03028	0.00790	0.00231	0.00677	0.00867	0.00605	0.03350

[dist]
# distance from previous block
# <min> <max>
1	7

[block]
# block no. 13 follows, 30 sequences, length 13
# corresponding to MSA columns:
# 456-468
name=unknown_N
#
# <colnr> <probs for GDERKNQSTAVLIFYWHMCP>
#	G	D	E	R	K	N	Q	S	T	A	V	L	I	F	Y	W	H	M	C	P
0	0.01461	0.06420	0.04967	0.35650	0.14167	0.01681	0.01744	0.02008	0.08105	0.01968	0.01502	0.05954	0.01279	0.00846	0.00873	0.00234	0.09212	0.00692	0.00372	0.00865
1	0.01611	0.07551	0.12874	0.01578	0.02047	0.06502	0.10405	0.04970	0.09774	0.06579	0.02593	0.12215	0.09186	0.03221	0.00873	0.00244	0.03427	0.02968	0.00509	0.00871
2	0.01094	0.00943	0.05419	0.00982	0.01227	0.00763	0.00799	0.01450	0.05516	0.05898	0.22115	0.21350	0.24456	0.01615	0.00821	0.00243	0.00435	0.03508	0.00672	0.00693
3	0.01117	0.00737	0.00909	0.00910	0.01103	0.00659	0.00683	0.01339	0.01666	0.08849	0.22068	0.23242	0.26105	0.01709	0.00839	0.00248	0.00404	0.06052	0.00699	0.00663
4	0.01427	0.02953	0.50316	0.06260	0.07768	0.01621	0.08645	0.02109	0.01467	0.02149	0.01350	0.04313	0.01060	0.00742	0.00777	0.00229	0.04896	0.00618	0.00318	0.00982
5	0.01766	0.01409	0.01872	0.06471	0.12704	0.04421	0.05781	0.07385	0.17405	0.10032	0.07498	0.07054	0.04357	0.01058	0.00756	0.00235	0.00690	0.07559	0.00597	0.00950
6	0.01840	0.71933	0.07396	0.01238	0.01858	0.02699	0.01270	0.02096	0.01421	0.01673	0.00986	0.01139	0.00895	0.00601	0.00460	0.00153	0.00762	0.00381	0.00298	0.00903
7	0.01301	0.00650	0.00650	0.00650	0.00813	0.00650	0.00488	0.01626	0.01463	0.02602	0.02276	0.02602	0.01789	0.00813	0.00488	0.00163	0.00325	0.00650	0.79350	0.00650
8	0.00946	0.00750	0.01101	0.09791	0.01584	0.00743	0.03586	0.01139	0.01385	0.01819	0.03689	0.55525	0.09355	0.01900	0.00862	0.00273	0.00503	0.03843	0.00595	0.00611
9	0.01291	0.00911	0.01197	0.01183	0.01351	0.00978	0.00912	0.10094	0.01575	0.05238	0.02780	0.29456	0.02951	0.02809	0.22754	0.00531	0.03825	0.08888	0.00567	0.00709
10	0.01318	0.01240	0.02093	0.73798	0.04806	0.01550	0.01938	0.01783	0.01395	0.01783	0.01240	0.01860	0.00930	0.00698	0.00698	0.00233	0.00930	0.00620	0.00310	0.00775
11	0.09803	0.01805	0.01602	0.01415	0.01801	0.14108	0.01094	0.11257	0.38288	0.02807	0.02159	0.02238	0.01688	0.05853	0.00857	0.00251	0.00710	0.00684	0.00600	0.00983
12	0.01480	0.00967	0.01323	0.05994	0.01575	0.00996	0.03551	0.08184	0.01548	0.10423	0.06606	0.06138	0.04791	0.20121	0.13779	0.05540	0.00865	0.04891	0.00528	0.00701

[dist]
# distance from previous block
# <min> <max>
0	1

[block]
# block no. 14 follows, 30 sequences, length 21
# corresponding to MSA columns:
# 476-496
name=unknown_O
#
# <colnr> <probs for GDERKNQSTAVLIFYWHMCP>
#	G	D	E	R	K	N	Q	S	T	A	V	L	I	F	Y	W	H	M	C	P
0	0.30593	0.05241	0.01614	0.04326	0.01850	0.31080	0.01090	0.02251	0.01550	0.02251	0.01229	0.06206	0.01103	0.00795	0.00622	0.00202	0.03313	0.00534	0.00401	0.03749
1	0.01655	0.01387	0.02209	0.12378	0.24238	0.03505	0.07952	0.02005	0.01547	0.09993	0.05753	0.08392	0.01801	0.01267	0.06773	0.00304	0.06674	0.00809	0.00451	0.00906
2	0.04524	0.01153	0.01388	0.01153	0.01543	0.01126	0.00909	0.06909	0.14306	0.26274	0.19802	0.03119	0.02970	0.05343	0.00879	0.00239	0.00528	0.00844	0.00731	0.06260
3	0.09940	0.01746	0.09916	0.06881	0.17077	0.04609	0.01544	0.12565	0.01851	0.12218	0.03689	0.02409	0.01563	0.00960	0.02215	0.00244	0.02200	0.06882	0.00513	0.00977
4	0.06740	0.01261	0.01238	0.01173	0.01351	0.12706	0.00874	0.01680	0.03006	0.05248	0.04774	0.07110	0.02041	0.17013	0.26917	0.00630	0.04310	0.00814	0.00447	0.00667
5	0.01761	0.01138	0.01324	0.01138	0.01477	0.01159	0.00889	0.10671	0.17733	0.16001	0.22518	0.03769	0.11309	0.04847	0.00894	0.00246	0.00506	0.00979	0.00733	0.00909
6	0.01448	0.00897	0.01086	0.01008	0.01267	0.00858	0.00768	0.01906	0.10887	0.15515	0.17219	0.13810	0.19701	0.04915	0.03174	0.00285	0.00500	0.03274	0.00702	0.00779
7	0.01473	0.01050	0.01369	0.01224	0.01516	0.01058	0.05385	0.02215	0.21018	0.11343	0.16467	0.20598	0.09618	0.01373	0.00792	0.00242	0.00504	0.01216	0.00697	0.00844
8	0.06990	0.00716	0.00875	0.00994	0.01095	0.00705	0.00702	0.01196	0.03860	0.01975	0.05245	0.58020	0.06606	0.01973	0.00850	0.00276	0.00433	0.06244	0.00636	0.00609
9	0.05428	0.06464	0.18153	0.04254	0.05772	0.04800	0.01575	0.22096	0.06973	0.12681	0.01690	0.01764	0.01218	0.00906	0.02955	0.00240	0.00843	0.00594	0.00538	0.01057
10	0.01239	0.00748	0.00993	0.00938	0.01096	0.00675	0.00673	0.01185	0.01198	0.04581	0.02414	0.10467	0.10649	0.01939	0.01797	0.42484	0.00540	0.03539	0.00438	0.12406
11	0.02240	0.10592	0.12914	0.01809	0.02283	0.47410	0.03942	0.02533	0.01771	0.01795	0.01095	0.01317	0.00903	0.00727	0.00734	0.00193	0.06072	0.00476	0.00340	0.00853
12	0.01468	0.06447	0.56945	0.02199	0.07013	0.01689	0.10203	0.02204	0.01498	0.02192	0.01262	0.01520	0.00918	0.00649	0.00674	0.00219	0.01024	0.00552	0.00305	0.01019
13	0.00971	0.00717	0.01010	0.01032	0.01134	0.00791	0.00764	0.01166	0.01160	0.01619	0.02441	0.12890	0.05725	0.14113	0.50123	0.00904	0.01435	0.00986	0.00431	0.00587
14	0.01041	0.00712	0.00850	0.00876	0.01036	0.00640	0.00631	0.01212	0.01519	0.06590	0.11946	0.26552	0.28435	0.10037	0.01148	0.00300	0.00433	0.04779	0.00650	0.00614
15	0.01067	0.00866	0.01003	0.00971	0.01127	0.04896	0.00722	0.01325	0.01649	0.02239	0.37651	0.07339	0.09977	0.07439	0.18115	0.00467	0.00779	0.01122	0.00612	0.00633
16	0.01323	0.01109	0.01315	0.01021	0.01521	0.00855	0.00790	0.01595	0.01424	0.02172	0.01780	0.16678	0.01775	0.00862	0.00594	0.00141	0.00494	0.00739	0.00462	0.63351
17	0.02011	0.05591	0.02317	0.05423	0.21211	0.17574	0.06008	0.07742	0.03455	0.07774	0.04125	0.04097	0.01461	0.02899	0.00861	0.00224	0.05163	0.00671	0.00449	0.00944
18	0.01797	0.01310	0.01648	0.01400	0.01724	0.05962	0.06231	0.12367	0.04679	0.13731	0.02229	0.06580	0.04331	0.05079	0.24836	0.00540	0.03346	0.00812	0.00542	0.00854
19	0.01702	0.01522	0.02018	0.13337	0.09533	0.04865	0.01490	0.10095	0.01555	0.05022	0.01610	0.02096	0.05164	0.04705	0.01510	0.00277	0.31559	0.00683	0.00410	0.00846
