[name]
unknown

[dist]
# distance from previous block
# <min> <max>
19	46

[block]
# block no. 0 follows, 29 sequences, length 13
# corresponding to MSA columns:
# 52-64
name=unknown_A
#
# <colnr> <probs for GDERKNQSTAVLIFYWHMCP>
#	G	D	E	R	K	N	Q	S	T	A	V	L	I	F	Y	W	H	M	C	P
0	0.04752	0.04529	0.09782	0.01420	0.01898	0.10714	0.01245	0.18812	0.04752	0.12348	0.06991	0.10210	0.07357	0.01073	0.00721	0.00222	0.00735	0.00862	0.00614	0.00961
1	0.07970	0.06812	0.07945	0.01353	0.01867	0.09838	0.01187	0.16245	0.02058	0.17582	0.02627	0.04789	0.11826	0.00975	0.00683	0.00211	0.00724	0.00755	0.00603	0.03949
2	0.04187	0.10069	0.18467	0.01742	0.03864	0.21028	0.01612	0.16243	0.04342	0.09653	0.01497	0.01581	0.01105	0.00752	0.00653	0.00204	0.00951	0.00545	0.00483	0.01023
3	0.01892	0.15020	0.12495	0.02824	0.32066	0.16347	0.01851	0.02286	0.01673	0.02106	0.04126	0.01670	0.01251	0.00691	0.00651	0.00198	0.00929	0.00567	0.00358	0.00999
4	0.01840	0.19426	0.30925	0.01799	0.02552	0.12599	0.07415	0.02412	0.04176	0.05208	0.01330	0.01508	0.01016	0.00677	0.00632	0.00199	0.00972	0.00524	0.00364	0.04425
5	0.01172	0.01074	0.07246	0.00991	0.01298	0.00836	0.00859	0.01457	0.01720	0.07945	0.22341	0.05321	0.38089	0.01505	0.00896	0.00237	0.04384	0.01247	0.00660	0.00720
6	0.01779	0.01672	0.01744	0.01346	0.01896	0.11956	0.04588	0.10138	0.01794	0.02465	0.01483	0.06402	0.01300	0.00718	0.00610	0.00150	0.00703	0.00585	0.00462	0.48209
7	0.01477	0.01067	0.01243	0.01114	0.01420	0.01046	0.00855	0.11825	0.09082	0.06839	0.15987	0.20013	0.12779	0.01419	0.00788	0.00231	0.00493	0.02727	0.00687	0.08907
8	0.01726	0.01499	0.01666	0.01460	0.01811	0.01750	0.01156	0.07520	0.47089	0.02789	0.02747	0.02664	0.06512	0.01040	0.00969	0.00245	0.11689	0.00798	0.00644	0.04224
9	0.01762	0.02027	0.13144	0.10656	0.46872	0.03937	0.02150	0.06674	0.01714	0.02393	0.01340	0.01718	0.01075	0.00667	0.00700	0.00215	0.00897	0.00613	0.00366	0.01079
10	0.01239	0.00851	0.01089	0.01184	0.05826	0.00824	0.00764	0.01546	0.06520	0.07414	0.14552	0.23876	0.09724	0.19561	0.01513	0.00358	0.00519	0.01325	0.00626	0.00688
11	0.48459	0.01761	0.01424	0.01214	0.01675	0.12365	0.00981	0.12424	0.01746	0.10227	0.01307	0.01392	0.00964	0.00725	0.00541	0.00214	0.00704	0.00470	0.00517	0.00892
12	0.09190	0.01685	0.03002	0.02229	0.02815	0.01659	0.38296	0.10943	0.04724	0.08187	0.03752	0.06861	0.01575	0.00811	0.00776	0.00236	0.00933	0.00853	0.00503	0.00969

[dist]
# distance from previous block
# <min> <max>
2	6

[block]
# block no. 1 follows, 29 sequences, length 67
# corresponding to MSA columns:
# 71-74,80-142
name=unknown_B
#
# <colnr> <probs for GDERKNQSTAVLIFYWHMCP>
#	G	D	E	R	K	N	Q	S	T	A	V	L	I	F	Y	W	H	M	C	P
0	0.01761	0.01295	0.01557	0.01167	0.01731	0.01102	0.00940	0.02189	0.06617	0.12638	0.01599	0.01712	0.01237	0.00658	0.00683	0.00146	0.05079	0.00507	0.00507	0.56876
1	0.01751	0.01496	0.01580	0.01416	0.01812	0.01716	0.01103	0.05820	0.62815	0.02994	0.05087	0.02837	0.04384	0.01003	0.00731	0.00240	0.00558	0.00836	0.00724	0.01100
2	0.00954	0.00697	0.00915	0.01059	0.01165	0.00659	0.00801	0.01150	0.01485	0.01932	0.04302	0.44444	0.13019	0.02091	0.00924	0.00295	0.00484	0.22358	0.00659	0.00606
3	0.01848	0.01790	0.02371	0.10027	0.36998	0.08790	0.01780	0.05043	0.19163	0.02465	0.01724	0.01957	0.01362	0.00746	0.00705	0.00219	0.00825	0.00661	0.00460	0.01067
4	0.01007	0.00700	0.00799	0.00790	0.00847	0.00676	0.00485	0.01085	0.01271	0.01692	0.14134	0.05039	0.11592	0.53769	0.02820	0.00558	0.00591	0.01135	0.00518	0.00492
5	0.00964	0.00702	0.00935	0.01034	0.01086	0.00717	0.00724	0.01099	0.01296	0.01747	0.03286	0.46507	0.03828	0.14791	0.09121	0.00453	0.03687	0.06872	0.00577	0.00574
6	0.01017	0.00763	0.01144	0.01144	0.01272	0.00890	0.00890	0.01272	0.01144	0.01653	0.01907	0.02797	0.01780	0.05340	0.72153	0.01144	0.01907	0.00763	0.00381	0.00636
7	0.01327	0.00664	0.00664	0.00664	0.00830	0.00664	0.00498	0.01659	0.01493	0.02655	0.02323	0.02655	0.01825	0.00830	0.00498	0.00166	0.00332	0.00664	0.78928	0.00664
8	0.01033	0.00783	0.01172	0.04436	0.01414	0.00912	0.00918	0.01285	0.01152	0.01648	0.01894	0.02845	0.01781	0.08469	0.65588	0.01081	0.01805	0.00770	0.00381	0.00633
9	0.02707	0.01995	0.02137	0.01638	0.02208	0.02208	0.01353	0.68159	0.03348	0.04488	0.01710	0.01710	0.01211	0.00855	0.00712	0.00214	0.00784	0.00641	0.00712	0.01211
10	0.01327	0.00664	0.00664	0.00664	0.00830	0.00664	0.00498	0.01659	0.01493	0.02655	0.02323	0.02655	0.01825	0.00830	0.00498	0.00166	0.00332	0.00664	0.78928	0.00664
11	0.80005	0.01377	0.01047	0.00936	0.01377	0.01597	0.00771	0.02093	0.01212	0.03195	0.00991	0.01157	0.00771	0.00661	0.00441	0.00220	0.00551	0.00386	0.00441	0.00771
12	0.01017	0.00763	0.01144	0.01144	0.01272	0.00890	0.00890	0.01272	0.01144	0.01653	0.01907	0.02797	0.01780	0.05340	0.72153	0.01144	0.01907	0.00763	0.00381	0.00636
13	0.01405	0.01342	0.02314	0.62644	0.11753	0.01604	0.05164	0.01880	0.01457	0.01895	0.01282	0.01885	0.00974	0.00698	0.00717	0.00235	0.00950	0.00643	0.00322	0.00835
14	0.01835	0.01853	0.02743	0.08631	0.58600	0.09524	0.02082	0.02234	0.01652	0.02228	0.01308	0.01718	0.01093	0.00651	0.00698	0.00210	0.00902	0.00615	0.00352	0.01072
15	0.02382	0.01055	0.01405	0.01153	0.01560	0.00944	0.00922	0.02740	0.04805	0.44880	0.22446	0.06908	0.03369	0.01120	0.00762	0.00226	0.00516	0.00952	0.00835	0.01019
16	0.01031	0.00707	0.00863	0.00863	0.00892	0.00737	0.00539	0.01091	0.01061	0.01444	0.02165	0.04224	0.02399	0.58675	0.19666	0.00797	0.00975	0.00972	0.00420	0.00479
17	0.01597	0.27249	0.45791	0.01809	0.02699	0.02045	0.05299	0.02216	0.01493	0.02065	0.01191	0.01404	0.00914	0.00651	0.00612	0.00202	0.00964	0.00493	0.00305	0.01002
18	0.01723	0.40006	0.18436	0.05415	0.02670	0.02280	0.16160	0.02176	0.01509	0.01941	0.01165	0.01429	0.00949	0.00627	0.00601	0.00192	0.00930	0.00526	0.00316	0.00948
19	0.01018	0.00760	0.01128	0.01128	0.01249	0.00881	0.00869	0.01261	0.01139	0.01641	0.01923	0.02883	0.01817	0.08536	0.69009	0.01124	0.01851	0.00775	0.00384	0.00626
20	0.05628	0.01145	0.01567	0.01282	0.01641	0.01132	0.05936	0.09385	0.02021	0.20763	0.30058	0.03430	0.03613	0.01363	0.05112	0.00281	0.03092	0.00936	0.00713	0.00901
21	0.11494	0.07028	0.02000	0.01703	0.04869	0.38287	0.01282	0.14360	0.04307	0.02521	0.04739	0.01605	0.01295	0.00779	0.00635	0.00196	0.00987	0.00539	0.00466	0.00908
22	0.00862	0.00721	0.00754	0.00774	0.00997	0.00613	0.00585	0.01048	0.01608	0.01930	0.06801	0.11097	0.62174	0.01840	0.00854	0.00249	0.00382	0.05448	0.00661	0.00603
23	0.00863	0.00666	0.00789	0.00877	0.01005	0.00592	0.00613	0.01019	0.01496	0.01904	0.08032	0.44035	0.31514	0.02024	0.00879	0.00267	0.00389	0.01781	0.00666	0.00592
24	0.11120	0.01725	0.02338	0.16313	0.04713	0.09539	0.15133	0.08379	0.01673	0.04272	0.01484	0.06919	0.01273	0.00885	0.00938	0.00240	0.11030	0.00729	0.00425	0.00872
25	0.05367	0.07661	0.28383	0.02507	0.07313	0.01802	0.32251	0.02246	0.01574	0.02276	0.01322	0.01668	0.00992	0.00634	0.00726	0.00226	0.01063	0.00659	0.00338	0.00992
26	0.01724	0.01653	0.02821	0.10689	0.64514	0.01682	0.02166	0.02152	0.01603	0.02280	0.01333	0.01775	0.01112	0.00642	0.00706	0.00214	0.00855	0.00634	0.00349	0.01097
27	0.01017	0.00763	0.01144	0.01144	0.01272	0.00890	0.00890	0.01272	0.01144	0.01653	0.01907	0.02797	0.01780	0.05340	0.72153	0.01144	0.01907	0.00763	0.00381	0.00636
28	0.01477	0.01266	0.01477	0.01055	0.01687	0.00949	0.00844	0.01793	0.01477	0.02320	0.01266	0.01477	0.01055	0.00527	0.00527	0.00105	0.00527	0.00422	0.00422	0.79328
29	0.01557	0.18888	0.42599	0.01960	0.02818	0.01891	0.12970	0.02182	0.01501	0.02097	0.01282	0.01625	0.01004	0.03753	0.00779	0.00231	0.00998	0.00567	0.00317	0.00981
30	0.00850	0.00688	0.00756	0.00810	0.00985	0.00594	0.00580	0.01012	0.01538	0.01889	0.06139	0.28954	0.48836	0.01943	0.00864	0.00256	0.00378	0.01673	0.00661	0.00594
31	0.01754	0.01508	0.02148	0.01769	0.04018	0.01630	0.14127	0.14583	0.13534	0.05557	0.05422	0.03012	0.14316	0.01078	0.01016	0.00244	0.11870	0.00892	0.00575	0.00946
32	0.00922	0.00724	0.00832	0.00805	0.01011	0.00635	0.00604	0.01177	0.01812	0.02372	0.37515	0.06114	0.39663	0.01636	0.00841	0.00233	0.00349	0.01399	0.00720	0.00635
33	0.01560	0.11499	0.13584	0.06321	0.04205	0.06364	0.05416	0.02231	0.13337	0.02128	0.04168	0.05296	0.05960	0.01279	0.06109	0.00297	0.08151	0.00755	0.00446	0.00894
34	0.80005	0.01377	0.01047	0.00936	0.01377	0.01597	0.00771	0.02093	0.01212	0.03195	0.00991	0.01157	0.00771	0.00661	0.00441	0.00220	0.00551	0.00386	0.00441	0.00771
35	0.20138	0.06326	0.18411	0.03487	0.02208	0.01536	0.04210	0.06417	0.01729	0.26305	0.01755	0.01761	0.01197	0.00748	0.00633	0.00218	0.00754	0.00574	0.00560	0.01033
36	0.02391	0.02972	0.01882	0.01735	0.02045	0.60152	0.01299	0.02566	0.01895	0.01750	0.01433	0.10110	0.01374	0.00939	0.00755	0.00202	0.04652	0.00655	0.00400	0.00794
37	0.01019	0.00757	0.01114	0.01114	0.01230	0.00873	0.00852	0.01252	0.01135	0.01630	0.01935	0.02952	0.01847	0.11133	0.66452	0.01107	0.01806	0.00786	0.00386	0.00619
38	0.01875	0.40119	0.11634	0.01519	0.02114	0.13629	0.05348	0.02201	0.01579	0.01892	0.04404	0.01490	0.01210	0.00691	0.00614	0.00177	0.02982	0.00492	0.00348	0.05681
39	0.01477	0.01266	0.01477	0.01055	0.01687	0.00949	0.00844	0.01793	0.01477	0.02320	0.01266	0.01477	0.01055	0.00527	0.00527	0.00105	0.00527	0.00422	0.00422	0.79328
40	0.01787	0.01386	0.01599	0.01166	0.01784	0.01168	0.00942	0.13142	0.01827	0.06771	0.01433	0.01572	0.01123	0.00604	0.00570	0.00131	0.00575	0.00477	0.00498	0.61444
41	0.68047	0.01400	0.01142	0.00998	0.01452	0.01589	0.00816	0.04336	0.05442	0.03172	0.01147	0.01285	0.00888	0.00678	0.00472	0.00215	0.00558	0.00422	0.00466	0.05476
42	0.01031	0.00722	0.00955	0.01005	0.01128	0.00716	0.00738	0.01222	0.01401	0.04209	0.08278	0.27380	0.12500	0.09492	0.20060	0.00542	0.00849	0.06572	0.00582	0.00618
43	0.02491	0.03055	0.02044	0.06075	0.02334	0.59150	0.01426	0.05403	0.01960	0.01859	0.01122	0.01361	0.00933	0.00781	0.00791	0.00199	0.07317	0.00490	0.00374	0.00836
44	0.01240	0.00904	0.01183	0.01263	0.01441	0.00939	0.01049	0.05590	0.05658	0.02208	0.03346	0.11605	0.03561	0.07593	0.06650	0.00403	0.00739	0.43309	0.00626	0.00693
45	0.01034	0.00807	0.01156	0.01129	0.01245	0.00866	0.03560	0.01222	0.01247	0.01706	0.02837	0.17991	0.08559	0.16516	0.30199	0.00703	0.04794	0.03345	0.00476	0.00606
46	0.00878	0.00648	0.00799	0.00913	0.00993	0.00594	0.00613	0.01002	0.01387	0.01798	0.04461	0.53268	0.18460	0.09255	0.01160	0.00318	0.00429	0.01817	0.00639	0.00569
47	0.03002	0.01521	0.01844	0.01414	0.01972	0.01506	0.01168	0.29031	0.02556	0.44734	0.02375	0.02141	0.01545	0.00871	0.00715	0.00218	0.00676	0.00686	0.00815	0.01211
48	0.01594	0.01538	0.02672	0.31299	0.40832	0.01655	0.06013	0.02048	0.01547	0.02125	0.01316	0.01825	0.01055	0.00663	0.00716	0.00223	0.00907	0.00646	0.00339	0.00986
49	0.03980	0.00813	0.00991	0.00976	0.01161	0.00765	0.00712	0.03272	0.01601	0.11125	0.13332	0.26760	0.13848	0.12257	0.01238	0.00319	0.00488	0.05010	0.00668	0.00685
50	0.00919	0.00701	0.00852	0.00952	0.01066	0.00658	0.00661	0.01176	0.05480	0.01944	0.06685	0.52047	0.20179	0.02030	0.00880	0.00273	0.00407	0.01805	0.00669	0.00619
51	0.42022	0.01431	0.01180	0.01069	0.01405	0.09186	0.00817	0.04749	0.01437	0.07744	0.01651	0.08742	0.01548	0.13058	0.01062	0.00300	0.00656	0.00690	0.00496	0.00755
52	0.01408	0.00884	0.01067	0.01000	0.01243	0.00838	0.00755	0.01829	0.09195	0.13576	0.20286	0.12881	0.19043	0.08195	0.01076	0.00284	0.00468	0.04498	0.00713	0.00762
53	0.15165	0.01037	0.01199	0.01100	0.01406	0.01034	0.00841	0.05123	0.05897	0.20800	0.07684	0.28165	0.04912	0.01394	0.00750	0.00247	0.00508	0.01189	0.00697	0.00851
54	0.01762	0.01692	0.02890	0.04371	0.70533	0.01692	0.02185	0.02185	0.01621	0.02326	0.01339	0.01762	0.01128	0.00634	0.00705	0.00211	0.00846	0.00634	0.00352	0.01128
55	0.01089	0.00769	0.00984	0.01060	0.01242	0.00727	0.00853	0.01329	0.01569	0.05139	0.04678	0.18307	0.24381	0.02164	0.06249	0.00351	0.00615	0.27196	0.00648	0.00650
56	0.05691	0.00725	0.00886	0.00946	0.01084	0.00685	0.00678	0.01245	0.01558	0.04337	0.18463	0.41428	0.12233	0.01835	0.00844	0.00261	0.00409	0.03422	0.02631	0.00637
57	0.01066	0.00731	0.00866	0.00881	0.01066	0.00654	0.00653	0.01278	0.01636	0.06207	0.16917	0.21454	0.30376	0.03998	0.00926	0.00263	0.00409	0.05341	0.04633	0.00646
58	0.00893	0.00732	0.00796	0.00831	0.01049	0.00635	0.00646	0.01094	0.01613	0.01952	0.06489	0.10454	0.56199	0.01851	0.00868	0.00257	0.00411	0.11962	0.00660	0.00609
59	0.01432	0.00878	0.01107	0.01039	0.01279	0.00825	0.00809	0.05664	0.01879	0.13077	0.27307	0.13076	0.13473	0.04594	0.00957	0.00266	0.00477	0.10373	0.00731	0.00756
60	0.01667	0.00949	0.01124	0.01029	0.01285	0.00940	0.00783	0.10365	0.04062	0.13976	0.10800	0.21906	0.03093	0.01292	0.00719	0.00223	0.00465	0.01110	0.23394	0.00818
61	0.00895	0.00718	0.00801	0.00812	0.01014	0.00625	0.00609	0.01111	0.01686	0.02128	0.20585	0.12913	0.47100	0.01775	0.00854	0.00245	0.00374	0.04452	0.00688	0.00617
62	0.06895	0.00755	0.00928	0.00990	0.01135	0.00732	0.00745	0.01268	0.01599	0.02268	0.22716	0.28996	0.10243	0.04291	0.00955	0.00282	0.00452	0.13448	0.00671	0.00631
63	0.07627	0.01624	0.01772	0.01534	0.04976	0.01785	0.01156	0.40829	0.08842	0.03551	0.01962	0.06514	0.01673	0.11595	0.01125	0.00290	0.00714	0.00777	0.00634	0.01019
64	0.39034	0.06242	0.01702	0.01368	0.04098	0.08413	0.01080	0.20153	0.01952	0.08022	0.01335	0.01427	0.00994	0.00732	0.00562	0.00211	0.00709	0.00493	0.00527	0.00947
65	0.01012	0.00760	0.00912	0.00897	0.01053	0.00734	0.00655	0.01296	0.04388	0.02137	0.25551	0.05381	0.21467	0.17883	0.08460	0.00427	0.00603	0.05143	0.00626	0.00616
66	0.02426	0.25913	0.02566	0.01626	0.02084	0.44932	0.01325	0.07673	0.01941	0.01934	0.01113	0.01272	0.00939	0.00704	0.00589	0.00176	0.01081	0.00448	0.00374	0.00883

[dist]
# distance from previous block
# <min> <max>
3	10

[block]
# block no. 2 follows, 29 sequences, length 74
# corresponding to MSA columns:
# 164-181,185-240
name=unknown_C
#
# <colnr> <probs for GDERKNQSTAVLIFYWHMCP>
#	G	D	E	R	K	N	Q	S	T	A	V	L	I	F	Y	W	H	M	C	P
0	0.01854	0.01757	0.09569	0.06739	0.02346	0.07626	0.09405	0.02250	0.01673	0.14142	0.04466	0.02029	0.03486	0.00722	0.00661	0.00181	0.00768	0.00622	0.00490	0.29216
1	0.01700	0.01620	0.06616	0.04229	0.02509	0.01498	0.23190	0.05403	0.17331	0.07708	0.02409	0.05647	0.05222	0.03954	0.00894	0.00255	0.00821	0.04022	0.00542	0.04431
2	0.01642	0.01271	0.01498	0.01090	0.01706	0.00991	0.00873	0.02023	0.04248	0.08503	0.01469	0.01609	0.01163	0.00577	0.00552	0.00121	0.00536	0.00464	0.00475	0.69189
3	0.16973	0.01525	0.01618	0.01324	0.01751	0.01682	0.01062	0.33687	0.05092	0.08352	0.01782	0.02132	0.01418	0.09249	0.08907	0.00371	0.00832	0.00661	0.00607	0.00977
4	0.01259	0.00696	0.00969	0.00953	0.00990	0.00701	0.00644	0.04235	0.01126	0.01509	0.04281	0.07100	0.01788	0.08266	0.02553	0.60776	0.00608	0.00770	0.00380	0.00395
5	0.01237	0.00618	0.00928	0.00928	0.00928	0.00618	0.00618	0.00928	0.00928	0.01237	0.01237	0.02165	0.01237	0.02474	0.02783	0.79283	0.00618	0.00618	0.00309	0.00309
6	0.04001	0.01983	0.10694	0.09412	0.04869	0.07017	0.17823	0.08795	0.17058	0.02545	0.01894	0.02114	0.03165	0.01004	0.04215	0.00274	0.00962	0.00720	0.00476	0.00980
7	0.01290	0.00773	0.01134	0.01083	0.01083	0.00876	0.00773	0.01057	0.00954	0.01315	0.01187	0.02065	0.01187	0.02271	0.02709	0.66268	0.12658	0.00619	0.00310	0.00387
8	0.01413	0.00707	0.00781	0.00777	0.00958	0.00688	0.00585	0.01712	0.01525	0.08117	0.02622	0.12422	0.02276	0.01057	0.00586	0.00192	0.00375	0.02863	0.59648	0.00697
9	0.01208	0.01022	0.01390	0.04751	0.01662	0.01042	0.06939	0.01859	0.16478	0.02287	0.13111	0.18052	0.16037	0.04493	0.00947	0.00273	0.00554	0.06494	0.00638	0.00762
10	0.04354	0.13244	0.30454	0.01766	0.02478	0.16212	0.04447	0.02602	0.09091	0.06686	0.01477	0.01600	0.01106	0.00720	0.00645	0.00208	0.00966	0.00543	0.00406	0.00993
11	0.02660	0.03394	0.02018	0.01834	0.02201	0.72116	0.01376	0.02843	0.02018	0.01743	0.01101	0.01284	0.00917	0.00734	0.00642	0.00183	0.01284	0.00459	0.00367	0.00825
12	0.01685	0.01613	0.02751	0.17070	0.58436	0.01672	0.02147	0.02118	0.01585	0.02233	0.01326	0.01787	0.01095	0.00649	0.00706	0.00216	0.00865	0.00634	0.00346	0.01066
13	0.00915	0.00682	0.00823	0.00907	0.01017	0.00626	0.00637	0.01065	0.01447	0.01861	0.07570	0.35887	0.23604	0.12303	0.01276	0.00332	0.00455	0.07385	0.00634	0.00575
14	0.01034	0.00744	0.01084	0.01084	0.01186	0.00847	0.00814	0.01219	0.01116	0.01591	0.01904	0.02988	0.01845	0.13888	0.58870	0.06360	0.01668	0.00787	0.00383	0.00588
15	0.02991	0.01539	0.01855	0.01422	0.01981	0.01532	0.01175	0.30525	0.02586	0.43198	0.02349	0.02125	0.01532	0.00870	0.00715	0.00218	0.00680	0.00685	0.00811	0.01211
16	0.01351	0.00723	0.00738	0.00715	0.00901	0.00725	0.00541	0.04337	0.01595	0.02707	0.05201	0.02896	0.04835	0.00896	0.00534	0.00173	0.00352	0.00722	0.69373	0.00684
17	0.01152	0.00781	0.01054	0.01156	0.01320	0.00750	0.00948	0.01425	0.01639	0.05482	0.10687	0.21022	0.09467	0.01904	0.00930	0.00298	0.00549	0.38091	0.00681	0.00664
18	0.01104	0.00789	0.01098	0.01262	0.01407	0.00782	0.01072	0.01400	0.01596	0.02082	0.03794	0.18347	0.04193	0.02008	0.00972	0.00322	0.00618	0.55854	0.00657	0.00644
19	0.01001	0.00790	0.00857	0.00862	0.01078	0.00724	0.00644	0.03974	0.04385	0.02140	0.09079	0.18241	0.44654	0.01751	0.00833	0.00247	0.00403	0.03547	0.04139	0.00652
20	0.01036	0.00690	0.00777	0.00777	0.00777	0.00690	0.00431	0.01036	0.01036	0.01381	0.02244	0.04660	0.02589	0.74975	0.03624	0.00690	0.00690	0.01036	0.00431	0.00431
21	0.01022	0.00688	0.00796	0.00809	0.00817	0.00691	0.00468	0.01043	0.01064	0.01425	0.02353	0.09730	0.02710	0.66563	0.06423	0.00681	0.00723	0.01097	0.00446	0.00451
22	0.00993	0.00694	0.00863	0.00936	0.01058	0.00635	0.00664	0.01160	0.01503	0.04455	0.11144	0.39665	0.19164	0.07939	0.01107	0.00305	0.00440	0.06005	0.00662	0.00609
23	0.34759	0.01309	0.01231	0.01061	0.01459	0.01452	0.00856	0.12880	0.09281	0.07609	0.01761	0.01859	0.01319	0.00781	0.00548	0.00208	0.00540	0.00562	0.19641	0.00884
24	0.02660	0.03394	0.02018	0.01834	0.02201	0.72116	0.01376	0.02843	0.02018	0.01743	0.01101	0.01284	0.00917	0.00734	0.00642	0.00183	0.01284	0.00459	0.00367	0.00825
25	0.02137	0.01025	0.01364	0.01230	0.01588	0.00947	0.01023	0.02483	0.04564	0.35434	0.03424	0.04857	0.07215	0.04950	0.00963	0.00284	0.00610	0.24215	0.00757	0.00929
26	0.00956	0.00706	0.00818	0.00853	0.01029	0.00618	0.00615	0.01139	0.01596	0.04516	0.13296	0.29385	0.38169	0.01874	0.00860	0.00254	0.00384	0.01625	0.00684	0.00624
27	0.01428	0.03683	0.71286	0.02030	0.03082	0.01654	0.02631	0.02255	0.01503	0.02255	0.01278	0.01503	0.00902	0.00677	0.00677	0.00226	0.01052	0.00526	0.00301	0.01052
28	0.61338	0.01368	0.01213	0.01031	0.01500	0.01510	0.00850	0.05003	0.01465	0.17014	0.01389	0.01436	0.00990	0.00713	0.00507	0.00220	0.00571	0.00463	0.00541	0.00878
29	0.01690	0.01910	0.03758	0.02750	0.03351	0.05238	0.54828	0.02208	0.01612	0.02168	0.01384	0.01881	0.01082	0.00852	0.03598	0.00278	0.09340	0.00795	0.00356	0.00922
30	0.00903	0.00642	0.00851	0.01005	0.01054	0.00607	0.00688	0.01037	0.01365	0.01816	0.03798	0.63997	0.04513	0.07116	0.01099	0.00320	0.00453	0.07517	0.00645	0.00575
31	0.00904	0.00728	0.00808	0.00799	0.01015	0.00632	0.00607	0.01137	0.01740	0.02209	0.25685	0.06451	0.48518	0.01708	0.00847	0.00239	0.00366	0.04285	0.00697	0.00624
32	0.02687	0.01911	0.02226	0.01692	0.02270	0.02065	0.05751	0.57302	0.03106	0.11003	0.01802	0.01795	0.01258	0.00841	0.00721	0.00216	0.00793	0.00662	0.00706	0.01194
33	0.02416	0.01850	0.01973	0.01579	0.02097	0.02072	0.01283	0.48127	0.23854	0.04018	0.02079	0.02004	0.01511	0.00889	0.00716	0.00222	0.00715	0.00692	0.00716	0.01185
34	0.80005	0.01377	0.01047	0.00936	0.01377	0.01597	0.00771	0.02093	0.01212	0.03195	0.00991	0.01157	0.00771	0.00661	0.00441	0.00220	0.00551	0.00386	0.00441	0.00771
35	0.03195	0.01212	0.01652	0.01267	0.01818	0.01047	0.01047	0.03470	0.02038	0.71026	0.02809	0.02424	0.01763	0.00881	0.00716	0.00220	0.00606	0.00716	0.00881	0.01212
36	0.01036	0.00690	0.00777	0.00777	0.00777	0.00690	0.00431	0.01036	0.01036	0.01381	0.02244	0.04660	0.02589	0.74975	0.03624	0.00690	0.00690	0.01036	0.00431	0.00431
37	0.01428	0.03683	0.71286	0.02030	0.03082	0.01654	0.02631	0.02255	0.01503	0.02255	0.01278	0.01503	0.00902	0.00677	0.00677	0.00226	0.01052	0.00526	0.00301	0.01052
38	0.00855	0.00726	0.00740	0.00747	0.00984	0.00611	0.00567	0.01041	0.01624	0.01933	0.07066	0.06903	0.67403	0.01810	0.00848	0.00244	0.00373	0.04262	0.00661	0.00603
39	0.01971	0.01544	0.01769	0.01488	0.01827	0.01780	0.01191	0.28103	0.16398	0.04835	0.02294	0.07867	0.04791	0.04417	0.03335	0.00293	0.13649	0.00839	0.00620	0.00990
40	0.00918	0.00641	0.00811	0.00927	0.00956	0.00612	0.00592	0.01005	0.01265	0.01687	0.03421	0.53574	0.04074	0.24035	0.01723	0.00409	0.00496	0.01728	0.00592	0.00534
41	0.02626	0.06584	0.02094	0.01807	0.02185	0.69046	0.01369	0.02812	0.01993	0.01740	0.01096	0.01278	0.00917	0.00728	0.00634	0.00182	0.01261	0.00455	0.00364	0.00829
42	0.01952	0.70773	0.03621	0.01258	0.01852	0.07274	0.01229	0.02178	0.01484	0.01680	0.00997	0.01151	0.00914	0.00617	0.00469	0.00154	0.00795	0.00386	0.00309	0.00908
43	0.01000	0.00741	0.00941	0.00929	0.01110	0.00682	0.00723	0.01307	0.01887	0.02576	0.48538	0.06017	0.17676	0.01598	0.00863	0.00243	0.00390	0.11382	0.00742	0.00657
44	0.01477	0.01266	0.01477	0.01055	0.01687	0.00949	0.00844	0.01793	0.01477	0.02320	0.01266	0.01477	0.01055	0.00527	0.00527	0.00105	0.00527	0.00422	0.00422	0.79328
45	0.00974	0.00720	0.00909	0.00876	0.01047	0.00655	0.00652	0.01273	0.01915	0.02650	0.56532	0.09996	0.16043	0.01557	0.00845	0.00231	0.00345	0.01367	0.00758	0.00655
46	0.01237	0.00618	0.00928	0.00928	0.00928	0.00618	0.00618	0.00928	0.00928	0.01237	0.01237	0.02165	0.01237	0.02474	0.02783	0.79283	0.00618	0.00618	0.00309	0.00309
47	0.02707	0.01995	0.02137	0.01638	0.02208	0.02208	0.01353	0.68159	0.03348	0.04488	0.01710	0.01710	0.01211	0.00855	0.00712	0.00214	0.00784	0.00641	0.00712	0.01211
48	0.01762	0.01692	0.02890	0.04371	0.70533	0.01692	0.02185	0.02185	0.01621	0.02326	0.01339	0.01762	0.01128	0.00634	0.00705	0.00211	0.00846	0.00634	0.00352	0.01128
49	0.00864	0.00632	0.00814	0.00959	0.01024	0.00581	0.00647	0.00995	0.01394	0.01830	0.04320	0.66385	0.12580	0.02180	0.00901	0.00283	0.00407	0.01962	0.00661	0.00581
50	0.01630	0.05533	0.52330	0.02101	0.03043	0.01666	0.13219	0.02355	0.01574	0.07863	0.01420	0.01636	0.01002	0.00678	0.00700	0.00225	0.01031	0.00589	0.00358	0.01046
51	0.01703	0.01463	0.01551	0.01411	0.01796	0.01678	0.01102	0.03560	0.63283	0.02895	0.03126	0.03079	0.05238	0.01047	0.00741	0.00245	0.00559	0.03721	0.00719	0.01083
52	0.80005	0.01377	0.01047	0.00936	0.01377	0.01597	0.00771	0.02093	0.01212	0.03195	0.00991	0.01157	0.00771	0.00661	0.00441	0.00220	0.00551	0.00386	0.00441	0.00771
53	0.01345	0.01266	0.02136	0.73264	0.04904	0.01582	0.01978	0.01819	0.01424	0.01819	0.01266	0.01898	0.00949	0.00712	0.00712	0.00237	0.00949	0.00633	0.00316	0.00791
54	0.00978	0.00739	0.00778	0.00759	0.00979	0.00635	0.00554	0.01144	0.01579	0.04957	0.08685	0.06311	0.55960	0.11375	0.01202	0.00298	0.00414	0.01398	0.00645	0.00609
55	0.01477	0.01266	0.01477	0.01055	0.01687	0.00949	0.00844	0.01793	0.01477	0.02320	0.01266	0.01477	0.01055	0.00527	0.00527	0.00105	0.00527	0.00422	0.00422	0.79328
56	0.02110	0.01871	0.06392	0.02426	0.03107	0.01704	0.42554	0.11825	0.01978	0.16030	0.01739	0.01971	0.01224	0.00695	0.00791	0.00232	0.01019	0.00774	0.00509	0.01049
57	0.01434	0.01218	0.01430	0.01045	0.01636	0.00923	0.00829	0.01744	0.01496	0.02325	0.04379	0.04337	0.01437	0.00631	0.00555	0.00117	0.00515	0.00519	0.00447	0.72982
58	0.01652	0.01647	0.08554	0.01717	0.02360	0.01283	0.19599	0.04927	0.01646	0.06930	0.01633	0.07061	0.01371	0.00725	0.00676	0.00180	0.00769	0.00694	0.00455	0.36121
59	0.01390	0.03415	0.64907	0.01927	0.02899	0.01565	0.02453	0.02172	0.01550	0.02309	0.07524	0.01849	0.01430	0.00747	0.00691	0.00225	0.00987	0.00595	0.00344	0.01018
60	0.00879	0.00628	0.00839	0.01005	0.01051	0.00588	0.00681	0.01011	0.01375	0.01831	0.03918	0.71794	0.04685	0.02220	0.00912	0.00291	0.00423	0.04627	0.00661	0.00582
61	0.01036	0.00690	0.00777	0.00777	0.00777	0.00690	0.00431	0.01036	0.01036	0.01381	0.02244	0.04660	0.02589	0.74975	0.03624	0.00690	0.00690	0.01036	0.00431	0.00431
62	0.04876	0.01902	0.03989	0.02862	0.03564	0.01809	0.62479	0.05008	0.01731	0.02409	0.01434	0.01881	0.01073	0.00613	0.00819	0.00238	0.01157	0.00814	0.00378	0.00963
63	0.00842	0.00721	0.00721	0.00721	0.00962	0.00601	0.00541	0.01022	0.01623	0.01924	0.07213	0.06853	0.70244	0.01803	0.00842	0.00240	0.00361	0.01503	0.00661	0.00601
64	0.00843	0.00717	0.00726	0.00733	0.00965	0.00600	0.00546	0.01021	0.01612	0.01919	0.07072	0.09759	0.67429	0.01822	0.00844	0.00243	0.00363	0.01525	0.00661	0.00600
65	0.01854	0.67902	0.10797	0.01303	0.01959	0.02696	0.01366	0.02145	0.01453	0.01736	0.01020	0.01180	0.00913	0.00616	0.00480	0.00160	0.00792	0.00396	0.00304	0.00928
66	0.02427	0.02665	0.01930	0.05171	0.02206	0.43650	0.01314	0.16793	0.06695	0.02394	0.01444	0.01746	0.01189	0.06250	0.00886	0.00234	0.01068	0.00572	0.00468	0.00898
67	0.01609	0.01667	0.02762	0.02188	0.02434	0.02038	0.21822	0.02020	0.05653	0.01968	0.01216	0.01739	0.01059	0.01031	0.01776	0.00285	0.46820	0.00701	0.00353	0.00857
68	0.00949	0.00683	0.00917	0.01076	0.01161	0.00651	0.00800	0.01136	0.01454	0.01914	0.04000	0.52365	0.06945	0.02137	0.00928	0.00299	0.00483	0.20840	0.00659	0.00602
69	0.05168	0.04842	0.05768	0.05624	0.03234	0.04210	0.45539	0.05106	0.01689	0.02318	0.01532	0.04383	0.01262	0.00744	0.00836	0.00239	0.03279	0.02912	0.00392	0.00924
70	0.01044	0.00715	0.00877	0.00939	0.00985	0.00710	0.00641	0.01142	0.01229	0.01624	0.02836	0.14009	0.03230	0.47597	0.02624	0.00550	0.00648	0.17582	0.00516	0.00506
71	0.06549	0.06380	0.02271	0.01675	0.02170	0.01674	0.15898	0.16831	0.14417	0.08701	0.02520	0.08230	0.07525	0.00985	0.00737	0.00230	0.00739	0.00875	0.00600	0.00992
72	0.01666	0.21644	0.13750	0.01492	0.06200	0.04566	0.01290	0.04343	0.06559	0.04723	0.01650	0.02381	0.01515	0.20414	0.01400	0.00322	0.00788	0.00654	0.00417	0.04226
73	0.01764	0.07951	0.04346	0.02193	0.18825	0.09532	0.04345	0.06556	0.05798	0.02351	0.04678	0.04728	0.01688	0.00864	0.00755	0.00204	0.03914	0.04837	0.00455	0.14218

[dist]
# distance from previous block
# <min> <max>
0	4

[block]
# block no. 3 follows, 29 sequences, length 7
# corresponding to MSA columns:
# 245-251
name=unknown_D
#
# <colnr> <probs for GDERKNQSTAVLIFYWHMCP>
#	G	D	E	R	K	N	Q	S	T	A	V	L	I	F	Y	W	H	M	C	P
0	0.15097	0.01187	0.05865	0.04519	0.03750	0.01051	0.02486	0.01652	0.01431	0.04876	0.02565	0.16670	0.04858	0.08880	0.01038	0.00292	0.00628	0.13503	0.00525	0.09127
1	0.07427	0.02181	0.07049	0.02887	0.32473	0.17715	0.01784	0.04990	0.05013	0.02305	0.01307	0.01615	0.01075	0.00750	0.00839	0.00219	0.08412	0.00577	0.00387	0.00997
2	0.01699	0.01556	0.01498	0.01235	0.01702	0.10972	0.00978	0.11022	0.07546	0.02510	0.02656	0.02971	0.13510	0.00960	0.00671	0.00181	0.00650	0.05121	0.00537	0.32025
3	0.25420	0.12792	0.09430	0.01520	0.06287	0.09929	0.01279	0.08438	0.01682	0.07417	0.01279	0.01418	0.00985	0.00682	0.00562	0.00194	0.00763	0.00475	0.00446	0.09002
4	0.01080	0.00786	0.00904	0.00895	0.00980	0.00811	0.00582	0.01344	0.08142	0.01657	0.02882	0.07654	0.09835	0.47575	0.11343	0.00633	0.00779	0.01074	0.00491	0.00553
5	0.01734	0.01493	0.01651	0.01345	0.01777	0.09103	0.05245	0.09266	0.09844	0.06097	0.18280	0.05927	0.02753	0.00960	0.00705	0.00193	0.00639	0.00817	0.00599	0.21570
6	0.01678	0.01578	0.02572	0.03368	0.45291	0.01607	0.07988	0.02337	0.12845	0.02329	0.01706	0.02239	0.01455	0.08698	0.01036	0.00271	0.00815	0.00725	0.00424	0.01037

[dist]
# distance from previous block
# <min> <max>
0	3

# created by:
# /home/cegg/simao/soft/augustus-3.2.1/scripts/msa2prfl.pl ./align_prep/EOG090W0DR2.fa
