[name]
unknown

[dist]
# distance from previous block
# <min> <max>
0	36

[block]
# block no. 0 follows, 38 sequences, length 6
# corresponding to MSA columns:
# 128-133
name=unknown_A
#
# <colnr> <probs for GDERKNQSTAVLIFYWHMCP>
#	G	D	E	R	K	N	Q	S	T	A	V	L	I	F	Y	W	H	M	C	P
0	0.00950	0.00806	0.00991	0.00878	0.01119	0.00755	0.06229	0.06861	0.05435	0.01866	0.06933	0.09424	0.48665	0.05362	0.00822	0.00223	0.00415	0.01137	0.00538	0.00590
1	0.00989	0.10115	0.01153	0.01007	0.05857	0.00824	0.00715	0.01186	0.01377	0.04245	0.19959	0.26412	0.17387	0.01360	0.00684	0.00205	0.00401	0.04992	0.00535	0.00597
2	0.01374	0.01168	0.01354	0.08984	0.01754	0.03694	0.00865	0.04236	0.05681	0.04526	0.01205	0.01373	0.00959	0.00510	0.00486	0.00117	0.00518	0.00411	0.00383	0.60400
3	0.10862	0.07983	0.04375	0.02430	0.38757	0.08464	0.01425	0.03985	0.03550	0.06757	0.01178	0.01388	0.00941	0.00568	0.00541	0.00170	0.00685	0.00477	0.00352	0.05112
4	0.01692	0.01419	0.02371	0.03082	0.53534	0.01407	0.08450	0.07685	0.01534	0.10958	0.01314	0.01565	0.01019	0.00573	0.00608	0.00182	0.00715	0.00561	0.00376	0.00954
5	0.08118	0.08148	0.02107	0.01728	0.10042	0.12774	0.14581	0.13385	0.06731	0.11801	0.01534	0.01628	0.03422	0.00651	0.00581	0.00180	0.00737	0.00556	0.00440	0.00855

[dist]
# distance from previous block
# <min> <max>
0	14

[block]
# block no. 1 follows, 38 sequences, length 7
# corresponding to MSA columns:
# 148-154
name=unknown_B
#
# <colnr> <probs for GDERKNQSTAVLIFYWHMCP>
#	G	D	E	R	K	N	Q	S	T	A	V	L	I	F	Y	W	H	M	C	P
0	0.01447	0.01159	0.01782	0.19633	0.29038	0.01189	0.01367	0.06300	0.01465	0.09279	0.07114	0.05662	0.04064	0.00729	0.00607	0.00182	0.00625	0.00653	0.00409	0.07295
1	0.13237	0.01180	0.01452	0.06206	0.07097	0.01281	0.01014	0.10166	0.03949	0.04822	0.01359	0.09229	0.01223	0.00797	0.00807	0.00184	0.15029	0.00590	0.00404	0.19977
2	0.02375	0.02015	0.01659	0.01374	0.01779	0.33039	0.01086	0.25482	0.02074	0.21041	0.01464	0.01446	0.01037	0.00685	0.00578	0.00171	0.00802	0.00493	0.00515	0.00886
3	0.01124	0.00680	0.00808	0.00736	0.00960	0.00596	0.00566	0.01343	0.01539	0.14601	0.28797	0.04497	0.34264	0.01241	0.00675	0.00192	0.00332	0.01052	0.05378	0.00620
4	0.00875	0.00583	0.00656	0.00656	0.00656	0.00583	0.00365	0.00875	0.00875	0.01166	0.01895	0.03937	0.02187	0.78858	0.03062	0.00583	0.00583	0.00875	0.00365	0.00365
5	0.45729	0.19440	0.05256	0.00974	0.01395	0.08361	0.00872	0.01873	0.01204	0.05789	0.03775	0.01186	0.00930	0.00589	0.00425	0.00170	0.00579	0.00379	0.00363	0.00710
6	0.01719	0.27341	0.20579	0.01480	0.02052	0.15289	0.07567	0.13646	0.01601	0.01980	0.01046	0.01197	0.00823	0.00581	0.00523	0.00164	0.00818	0.00433	0.00327	0.00832

[dist]
# distance from previous block
# <min> <max>
14	31

[block]
# block no. 2 follows, 38 sequences, length 35
# corresponding to MSA columns:
# 198-232
name=unknown_C
#
# <colnr> <probs for GDERKNQSTAVLIFYWHMCP>
#	G	D	E	R	K	N	Q	S	T	A	V	L	I	F	Y	W	H	M	C	P
0	0.01142	0.01271	0.12301	0.03985	0.08064	0.00991	0.12572	0.03042	0.03152	0.04562	0.14681	0.10894	0.14356	0.01042	0.00682	0.00204	0.00590	0.05295	0.00468	0.00706
1	0.01479	0.01482	0.02399	0.14144	0.54108	0.06051	0.07898	0.01843	0.01371	0.01870	0.01117	0.01492	0.00917	0.00548	0.00603	0.00182	0.00776	0.00542	0.00295	0.00884
2	0.01299	0.01235	0.02098	0.43430	0.36854	0.01379	0.01752	0.01680	0.01280	0.01734	0.01098	0.01551	0.00872	0.00571	0.00599	0.00190	0.00762	0.00535	0.00281	0.00799
3	0.01349	0.01546	0.05348	0.04394	0.04585	0.01417	0.58777	0.01854	0.03005	0.01939	0.04994	0.01952	0.04559	0.00601	0.00698	0.00201	0.00918	0.00736	0.00337	0.00790
4	0.01743	0.10762	0.01500	0.01084	0.01439	0.01312	0.00872	0.02639	0.35359	0.21810	0.06178	0.02303	0.01854	0.07502	0.00799	0.00222	0.00505	0.00655	0.00585	0.00877
5	0.01377	0.01364	0.02465	0.24136	0.42133	0.01420	0.14727	0.01774	0.01332	0.01838	0.01130	0.01545	0.00903	0.00549	0.00618	0.00189	0.00794	0.00567	0.00290	0.00847
6	0.01121	0.01026	0.04251	0.02770	0.01296	0.08109	0.03864	0.02999	0.03019	0.06221	0.05496	0.33732	0.18699	0.01388	0.00701	0.00215	0.00498	0.03466	0.00520	0.00609
7	0.01627	0.12073	0.07870	0.01326	0.01718	0.13623	0.06623	0.12726	0.04852	0.06915	0.05408	0.08030	0.03501	0.00909	0.00620	0.00192	0.00692	0.10068	0.00458	0.00769
8	0.01125	0.01073	0.01948	0.01609	0.01911	0.01067	0.27612	0.01451	0.01343	0.01783	0.02567	0.08475	0.09938	0.01179	0.00868	0.00239	0.07333	0.27393	0.00437	0.00650
9	0.01470	0.02099	0.27561	0.04664	0.10758	0.04632	0.30797	0.01988	0.01390	0.06994	0.01224	0.01494	0.00897	0.00556	0.00633	0.00193	0.00900	0.00574	0.00316	0.00858
10	0.01410	0.01379	0.02440	0.18367	0.52679	0.01421	0.09885	0.01793	0.01342	0.01875	0.01129	0.01527	0.00918	0.00546	0.00610	0.00186	0.00766	0.00555	0.00292	0.00880
11	0.02699	0.01024	0.01396	0.01070	0.01536	0.00884	0.00884	0.02932	0.01722	0.75522	0.02373	0.02048	0.01489	0.00745	0.00605	0.00186	0.00512	0.00605	0.00745	0.01024
12	0.00771	0.00560	0.00733	0.00842	0.00915	0.00522	0.00600	0.00918	0.01253	0.01662	0.10688	0.56395	0.10084	0.01762	0.00765	0.00239	0.00363	0.09852	0.00568	0.00506
13	0.01731	0.14457	0.20542	0.01743	0.16222	0.03197	0.01423	0.02143	0.04071	0.21398	0.01578	0.06263	0.01233	0.00692	0.00568	0.00180	0.00671	0.00570	0.00427	0.00891
14	0.01228	0.02784	0.61497	0.01812	0.02630	0.01388	0.13515	0.01881	0.01309	0.01927	0.03712	0.01441	0.00960	0.00585	0.00599	0.00192	0.00888	0.00510	0.00277	0.00865
15	0.01631	0.76530	0.03101	0.01048	0.01555	0.04990	0.01034	0.01823	0.01239	0.01417	0.00840	0.00969	0.00772	0.00518	0.00392	0.00130	0.00659	0.00324	0.00259	0.00769
16	0.01530	0.01127	0.01323	0.00963	0.01484	0.00921	0.00778	0.09026	0.01467	0.11091	0.01266	0.01365	0.00977	0.00510	0.00481	0.00110	0.00476	0.00406	0.00429	0.64270
17	0.01581	0.01335	0.01408	0.01241	0.01597	0.01536	0.00973	0.10730	0.66346	0.02654	0.02340	0.02158	0.01749	0.00806	0.00611	0.00202	0.00496	0.00665	0.00611	0.00960
18	0.00800	0.00613	0.00733	0.00703	0.00867	0.00546	0.00527	0.01036	0.01582	0.02125	0.49697	0.04967	0.30947	0.01337	0.00710	0.00194	0.00291	0.01154	0.00624	0.00546
19	0.00865	0.00622	0.00850	0.00850	0.00917	0.00689	0.00606	0.00999	0.00932	0.01310	0.01718	0.02954	0.01761	0.32439	0.48898	0.00823	0.01225	0.00731	0.00338	0.00472
20	0.01420	0.01623	0.03550	0.02535	0.03144	0.01521	0.72921	0.01927	0.01420	0.01927	0.01217	0.01623	0.00913	0.00507	0.00710	0.00203	0.01014	0.00710	0.00304	0.00811
21	0.00859	0.00645	0.00967	0.00967	0.01074	0.00752	0.00752	0.01074	0.00967	0.01396	0.01611	0.02363	0.01504	0.04512	0.76474	0.00967	0.01611	0.00645	0.00322	0.00537
22	0.01608	0.79220	0.03152	0.01029	0.01544	0.02380	0.01029	0.01801	0.01222	0.01415	0.00836	0.00965	0.00772	0.00515	0.00386	0.00129	0.00643	0.00322	0.00257	0.00772
23	0.01207	0.03112	0.75741	0.01715	0.02604	0.01397	0.02223	0.01905	0.01270	0.01905	0.01080	0.01270	0.00762	0.00572	0.00572	0.00191	0.00889	0.00445	0.00254	0.00889
24	0.00779	0.00592	0.00717	0.00727	0.00865	0.00530	0.00530	0.00979	0.01470	0.01958	0.36277	0.21682	0.27760	0.01474	0.00723	0.00206	0.00305	0.01288	0.00605	0.00530
25	0.00860	0.00642	0.00955	0.00955	0.01059	0.00746	0.00738	0.01067	0.00963	0.01388	0.01622	0.02421	0.01529	0.07236	0.73784	0.00953	0.01574	0.00653	0.00324	0.00531
26	0.01579	0.73719	0.08399	0.01079	0.01621	0.02309	0.01116	0.01809	0.01226	0.01451	0.00854	0.00987	0.00771	0.00519	0.00399	0.00133	0.00661	0.00331	0.00257	0.00780
27	0.01487	0.30266	0.28401	0.01614	0.05576	0.04157	0.11392	0.01911	0.01323	0.05042	0.02915	0.01328	0.00952	0.00566	0.00528	0.00168	0.00783	0.00462	0.00298	0.00831
28	0.00862	0.00642	0.00828	0.00919	0.01060	0.00608	0.00754	0.01083	0.01368	0.01756	0.08374	0.16428	0.22162	0.01631	0.00784	0.00248	0.00444	0.38952	0.00562	0.00534
29	0.04071	0.15484	0.45703	0.01664	0.04437	0.01527	0.10448	0.01830	0.01289	0.01858	0.03098	0.01488	0.03336	0.00601	0.00559	0.00181	0.00809	0.00498	0.00286	0.00833
30	0.01619	0.01754	0.10531	0.14088	0.10256	0.12101	0.15860	0.07344	0.06458	0.07630	0.01376	0.04030	0.01074	0.00661	0.00649	0.00192	0.02583	0.00593	0.00377	0.00824
31	0.06072	0.01403	0.02308	0.04724	0.44055	0.01436	0.12812	0.03696	0.11504	0.02120	0.03106	0.01661	0.01165	0.00595	0.00606	0.00187	0.00705	0.00585	0.00362	0.00899
32	0.01355	0.01315	0.02128	0.36996	0.40485	0.03941	0.01743	0.01725	0.01306	0.01755	0.01096	0.01527	0.00878	0.00568	0.00596	0.00188	0.00767	0.00530	0.00284	0.00815
33	0.03176	0.05614	0.21998	0.01837	0.12003	0.07841	0.11597	0.05181	0.08885	0.04398	0.04169	0.03552	0.04309	0.00709	0.00605	0.00189	0.00751	0.01971	0.00382	0.00834
34	0.04321	0.04813	0.47267	0.01950	0.10502	0.01435	0.12047	0.04392	0.01362	0.02013	0.03611	0.01440	0.00977	0.00584	0.00587	0.00189	0.00836	0.00510	0.00297	0.00867

[dist]
# distance from previous block
# <min> <max>
3	8

[block]
# block no. 3 follows, 38 sequences, length 30
# corresponding to MSA columns:
# 241-270
name=unknown_D
#
# <colnr> <probs for GDERKNQSTAVLIFYWHMCP>
#	G	D	E	R	K	N	Q	S	T	A	V	L	I	F	Y	W	H	M	C	P
0	0.03326	0.21147	0.09082	0.04899	0.22319	0.03128	0.08189	0.01790	0.03156	0.03280	0.09156	0.03593	0.01487	0.00667	0.00591	0.00175	0.02287	0.00576	0.00347	0.00806
1	0.01170	0.01838	0.29951	0.01770	0.11858	0.01139	0.11025	0.01636	0.01376	0.01989	0.15510	0.08124	0.02023	0.00780	0.00626	0.00187	0.00687	0.00710	0.00378	0.07225
2	0.01358	0.15037	0.35356	0.01527	0.07791	0.01396	0.01547	0.01858	0.04030	0.05476	0.01294	0.06021	0.01071	0.00638	0.00538	0.00167	0.00699	0.00512	0.00330	0.13354
3	0.01347	0.01353	0.04746	0.31135	0.46109	0.01394	0.01794	0.01733	0.01304	0.01803	0.01106	0.01524	0.00890	0.00562	0.00597	0.00187	0.00753	0.00532	0.00285	0.00844
4	0.01482	0.01447	0.02545	0.03585	0.68429	0.01438	0.08440	0.01854	0.01374	0.01962	0.01139	0.01501	0.00949	0.00533	0.00606	0.00181	0.00742	0.00552	0.00298	0.00940
5	0.01516	0.01111	0.01310	0.00953	0.01474	0.00896	0.00769	0.07280	0.01432	0.11619	0.01267	0.01366	0.00979	0.00506	0.00478	0.00109	0.00471	0.00403	0.00426	0.65635
6	0.01413	0.01344	0.02283	0.15008	0.61103	0.01385	0.01783	0.01774	0.01345	0.01892	0.01206	0.01722	0.01032	0.00592	0.00606	0.00186	0.00722	0.03408	0.00303	0.00893
7	0.00859	0.00645	0.00967	0.00967	0.01074	0.00752	0.00752	0.01074	0.00967	0.01396	0.01611	0.02363	0.01504	0.04512	0.76474	0.00967	0.01611	0.00645	0.00322	0.00537
8	0.00718	0.00610	0.00620	0.00617	0.00817	0.00511	0.00463	0.00878	0.01389	0.01666	0.09694	0.05722	0.71236	0.01508	0.00711	0.00202	0.00304	0.01260	0.00564	0.00511
9	0.17916	0.08465	0.17785	0.01620	0.02139	0.07475	0.19690	0.03578	0.05615	0.02036	0.01099	0.01327	0.00852	0.00610	0.00671	0.00192	0.07325	0.00497	0.00325	0.00783
10	0.01842	0.01894	0.01949	0.15319	0.25350	0.28662	0.01451	0.09098	0.01624	0.05525	0.01140	0.01385	0.00896	0.00607	0.00578	0.00174	0.00849	0.00486	0.00349	0.00821
11	0.00740	0.00527	0.00696	0.00828	0.00861	0.00494	0.00548	0.00840	0.01137	0.01516	0.03241	0.74560	0.03885	0.05919	0.00888	0.00262	0.00361	0.01666	0.00548	0.00482
12	0.00774	0.00563	0.00738	0.00863	0.00934	0.00528	0.00622	0.00914	0.01217	0.01593	0.03581	0.57926	0.11250	0.01807	0.00773	0.00246	0.00382	0.14230	0.00558	0.00502
13	0.01443	0.01718	0.21270	0.05620	0.30536	0.01252	0.06655	0.01873	0.01408	0.10116	0.07767	0.01941	0.04368	0.00669	0.00613	0.00187	0.00709	0.00609	0.00377	0.00871
14	0.01917	0.01285	0.01565	0.01285	0.01661	0.01395	0.04310	0.16151	0.29873	0.21597	0.02067	0.02085	0.01518	0.02582	0.00770	0.00209	0.06024	0.02174	0.00599	0.00935
15	0.02677	0.01059	0.01418	0.01087	0.01553	0.00936	0.00898	0.06661	0.01781	0.71710	0.02324	0.02015	0.01464	0.00743	0.00605	0.00186	0.00520	0.00602	0.00737	0.01024
16	0.01328	0.13213	0.61242	0.01613	0.02414	0.06444	0.01995	0.01924	0.01292	0.01812	0.01037	0.01217	0.00764	0.00567	0.00545	0.00180	0.00869	0.00424	0.00258	0.00861
17	0.01230	0.01162	0.01978	0.43639	0.28045	0.01302	0.03678	0.01594	0.01262	0.01694	0.01285	0.08069	0.01125	0.00685	0.00617	0.00197	0.00740	0.00640	0.00303	0.00754
18	0.01136	0.01069	0.01804	0.77412	0.04143	0.01337	0.01671	0.01537	0.01203	0.01537	0.01069	0.01604	0.00802	0.00601	0.00601	0.00200	0.00802	0.00535	0.00267	0.00668
19	0.01489	0.01429	0.02442	0.03692	0.75106	0.01429	0.01846	0.01846	0.01370	0.01965	0.01132	0.01489	0.00953	0.00536	0.00596	0.00179	0.00715	0.00536	0.00298	0.00953
20	0.01131	0.01031	0.01654	0.23862	0.29192	0.01088	0.01351	0.01426	0.01284	0.01714	0.02243	0.15953	0.11686	0.00963	0.00650	0.00203	0.00614	0.02861	0.00379	0.00716
21	0.01207	0.03112	0.75741	0.01715	0.02604	0.01397	0.02223	0.01905	0.01270	0.01905	0.01080	0.01270	0.00762	0.00572	0.00572	0.00191	0.00889	0.00445	0.00254	0.00889
22	0.01720	0.02054	0.02591	0.02058	0.04352	0.31400	0.36101	0.02054	0.01491	0.01702	0.01103	0.01429	0.00883	0.00772	0.04433	0.00223	0.04010	0.00566	0.00306	0.00750
23	0.01207	0.03112	0.75741	0.01715	0.02604	0.01397	0.02223	0.01905	0.01270	0.01905	0.01080	0.01270	0.00762	0.00572	0.00572	0.00191	0.00889	0.00445	0.00254	0.00889
24	0.01073	0.00983	0.01528	0.40423	0.02718	0.01232	0.01304	0.01339	0.01122	0.01513	0.01555	0.19827	0.01572	0.01108	0.02920	0.00245	0.17765	0.00815	0.00337	0.00620
25	0.01136	0.01069	0.01804	0.77412	0.04143	0.01337	0.01671	0.01537	0.01203	0.01537	0.01069	0.01604	0.00802	0.00601	0.00601	0.00200	0.00802	0.00535	0.00267	0.00668
26	0.00859	0.00717	0.00862	0.00954	0.07172	0.00656	0.00643	0.01143	0.05100	0.01899	0.22408	0.04959	0.45491	0.01336	0.00700	0.00200	0.00351	0.03399	0.00565	0.00584
27	0.01241	0.09552	0.69599	0.01657	0.02514	0.01480	0.02122	0.01896	0.01266	0.01864	0.01059	0.01244	0.00763	0.00567	0.00556	0.00185	0.00868	0.00434	0.00254	0.00879
28	0.01149	0.01083	0.01828	0.74627	0.06824	0.01340	0.01677	0.01549	0.01209	0.01553	0.01072	0.01600	0.00808	0.00599	0.00601	0.00200	0.00799	0.00535	0.00268	0.00679
29	0.01247	0.01412	0.08022	0.02037	0.06068	0.01224	0.40142	0.01679	0.01394	0.01878	0.01976	0.03264	0.04701	0.00891	0.00729	0.00222	0.00827	0.21167	0.00383	0.00737

[dist]
# distance from previous block
# <min> <max>
0	13

[block]
# block no. 4 follows, 38 sequences, length 34
# corresponding to MSA columns:
# 284-317
name=unknown_E
#
# <colnr> <probs for GDERKNQSTAVLIFYWHMCP>
#	G	D	E	R	K	N	Q	S	T	A	V	L	I	F	Y	W	H	M	C	P
0	0.01608	0.79220	0.03152	0.01029	0.01544	0.02380	0.01029	0.01801	0.01222	0.01415	0.00836	0.00965	0.00772	0.00515	0.00386	0.00129	0.00643	0.00322	0.00257	0.00772
1	0.01489	0.01429	0.02442	0.03692	0.75106	0.01429	0.01846	0.01846	0.01370	0.01965	0.01132	0.01489	0.00953	0.00536	0.00596	0.00179	0.00715	0.00536	0.00298	0.00953
2	0.01238	0.08972	0.70152	0.01662	0.02522	0.01473	0.02131	0.01897	0.01266	0.01867	0.01061	0.01247	0.00763	0.00567	0.00557	0.00186	0.00870	0.00435	0.00254	0.00880
3	0.02011	0.01533	0.04899	0.06024	0.01911	0.01596	0.01138	0.44667	0.13260	0.10075	0.03543	0.01813	0.03221	0.00758	0.00608	0.00187	0.00620	0.00596	0.00581	0.00960
4	0.00873	0.00592	0.00700	0.00700	0.00715	0.00607	0.00419	0.00903	0.00888	0.01199	0.01856	0.03717	0.02092	0.68458	0.13331	0.00637	0.00727	0.00843	0.00359	0.00389
5	0.00847	0.00615	0.00798	0.00752	0.00896	0.00566	0.00564	0.01126	0.01692	0.02387	0.72566	0.04536	0.07914	0.01239	0.00710	0.00190	0.00284	0.01094	0.00659	0.00566
6	0.01496	0.01292	0.01360	0.01224	0.01564	0.01496	0.00952	0.03197	0.74019	0.02516	0.02448	0.02244	0.01836	0.00816	0.00612	0.00204	0.00476	0.00680	0.00612	0.00952
7	0.02278	0.01586	0.01730	0.01339	0.01809	0.01733	0.01102	0.60670	0.07544	0.11556	0.01614	0.01565	0.01129	0.00731	0.00603	0.00183	0.00633	0.00558	0.00618	0.01018
8	0.02560	0.01143	0.01457	0.01129	0.01589	0.01075	0.00929	0.13854	0.06422	0.59801	0.02234	0.01966	0.01438	0.00746	0.00605	0.00186	0.00533	0.00600	0.00714	0.01019
9	0.00859	0.00645	0.00967	0.00967	0.01074	0.00752	0.00752	0.01074	0.00967	0.01396	0.01611	0.02363	0.01504	0.04512	0.76474	0.00967	0.01611	0.00645	0.00322	0.00537
10	0.01235	0.01170	0.01983	0.56755	0.24028	0.01363	0.01720	0.01624	0.01250	0.01657	0.01087	0.01572	0.00844	0.00583	0.00600	0.00194	0.00777	0.00535	0.00276	0.00748
11	0.01819	0.03166	0.05013	0.02751	0.45863	0.01301	0.05553	0.02158	0.01465	0.22718	0.01478	0.01634	0.01091	0.00594	0.00599	0.00181	0.00679	0.00557	0.00422	0.00958
12	0.01489	0.01429	0.02442	0.03692	0.75106	0.01429	0.01846	0.01846	0.01370	0.01965	0.01132	0.01489	0.00953	0.00536	0.00596	0.00179	0.00715	0.00536	0.00298	0.00953
13	0.00733	0.00524	0.00698	0.00838	0.00873	0.00489	0.00558	0.00838	0.01152	0.01536	0.03316	0.78466	0.03979	0.01885	0.00768	0.00244	0.00349	0.01710	0.00558	0.00489
14	0.01207	0.03112	0.75741	0.01715	0.02604	0.01397	0.02223	0.01905	0.01270	0.01905	0.01080	0.01270	0.00762	0.00572	0.00572	0.00191	0.00889	0.00445	0.00254	0.00889
15	0.01333	0.02899	0.64903	0.01710	0.02543	0.01453	0.04794	0.09698	0.01446	0.02112	0.01125	0.01303	0.00796	0.00586	0.00580	0.00190	0.00869	0.00465	0.00294	0.00901
16	0.00889	0.00625	0.00768	0.00823	0.00898	0.00613	0.00604	0.01011	0.01125	0.01461	0.02868	0.06979	0.10658	0.39880	0.01921	0.00420	0.00536	0.27006	0.00461	0.00454
17	0.01538	0.01376	0.02202	0.23361	0.41003	0.05046	0.05974	0.01895	0.01376	0.08637	0.01225	0.01560	0.00950	0.00576	0.00602	0.00186	0.00756	0.00545	0.00332	0.00861
18	0.01419	0.01537	0.09511	0.05254	0.46370	0.01353	0.13471	0.01815	0.01368	0.04122	0.01471	0.03741	0.04551	0.00626	0.00623	0.00188	0.00748	0.00624	0.00326	0.00883
19	0.01047	0.00836	0.04839	0.01092	0.01284	0.00714	0.06242	0.01271	0.01287	0.07547	0.02946	0.33109	0.05811	0.06314	0.00900	0.00263	0.00516	0.22867	0.00525	0.00589
20	0.01334	0.21661	0.48379	0.01654	0.02414	0.01656	0.11217	0.01882	0.01278	0.01787	0.01038	0.01241	0.00784	0.00549	0.00544	0.00177	0.00845	0.00449	0.00261	0.00850
21	0.01378	0.05837	0.65148	0.01621	0.02451	0.01381	0.02036	0.02009	0.01316	0.09596	0.01206	0.01340	0.00839	0.00587	0.00568	0.00188	0.00840	0.00457	0.00306	0.00899
22	0.01277	0.02394	0.43889	0.02112	0.09618	0.01399	0.23315	0.01860	0.01319	0.01902	0.01221	0.04692	0.00963	0.00605	0.00624	0.00195	0.00887	0.00587	0.00286	0.00855
23	0.01333	0.08289	0.55961	0.01760	0.02554	0.03265	0.11705	0.04811	0.01361	0.01940	0.01092	0.01299	0.00794	0.00566	0.00578	0.00187	0.00884	0.00475	0.00277	0.00871
24	0.01513	0.05351	0.05105	0.19632	0.33034	0.03089	0.10173	0.04113	0.01402	0.07335	0.01253	0.03101	0.00998	0.00598	0.00602	0.00186	0.00757	0.00568	0.00336	0.00852
25	0.01216	0.01191	0.01735	0.56820	0.09724	0.07436	0.01528	0.01562	0.01253	0.01568	0.01298	0.09584	0.01145	0.00731	0.00613	0.00199	0.00770	0.00645	0.00304	0.00676
26	0.01298	0.17038	0.24516	0.01725	0.04534	0.01471	0.19975	0.01747	0.01327	0.01794	0.01521	0.02493	0.01389	0.00777	0.00627	0.00200	0.00796	0.15660	0.00333	0.00776
27	0.01535	0.39746	0.32667	0.01337	0.01997	0.03550	0.01518	0.04781	0.01340	0.05048	0.01032	0.01160	0.00810	0.00559	0.00484	0.00159	0.00749	0.00395	0.00293	0.00840
28	0.01031	0.00873	0.01379	0.21674	0.09445	0.01017	0.01160	0.01314	0.01121	0.01544	0.01578	0.02577	0.01473	0.02558	0.35837	0.00566	0.04525	0.09375	0.00331	0.00622
29	0.00737	0.00542	0.00693	0.00811	0.00875	0.00498	0.00556	0.00855	0.01193	0.01558	0.03738	0.65005	0.14853	0.01822	0.00761	0.00239	0.00349	0.03862	0.00558	0.00494
30	0.01244	0.10203	0.68978	0.01651	0.02505	0.01489	0.02111	0.01895	0.01266	0.01859	0.01057	0.01242	0.00763	0.00566	0.00554	0.00185	0.00866	0.00433	0.00254	0.00878
31	0.06758	0.01547	0.12834	0.01274	0.03229	0.04261	0.01143	0.16142	0.03120	0.36867	0.05385	0.01825	0.01413	0.00719	0.00589	0.00185	0.00612	0.00567	0.00588	0.00944
32	0.04768	0.00628	0.00640	0.00649	0.00840	0.00550	0.00482	0.00916	0.01344	0.01700	0.08336	0.13238	0.60852	0.01503	0.00700	0.00206	0.00316	0.01263	0.00554	0.00515
33	0.58475	0.01239	0.04662	0.00913	0.01304	0.01296	0.00782	0.02024	0.10181	0.08840	0.04436	0.01395	0.01097	0.00636	0.00447	0.00189	0.00483	0.00433	0.00441	0.00729

[dist]
# distance from previous block
# <min> <max>
2	4

[block]
# block no. 5 follows, 38 sequences, length 10
# corresponding to MSA columns:
# 322-331
name=unknown_F
#
# <colnr> <probs for GDERKNQSTAVLIFYWHMCP>
#	G	D	E	R	K	N	Q	S	T	A	V	L	I	F	Y	W	H	M	C	P
0	0.01440	0.01567	0.03231	0.02868	0.23825	0.01495	0.52495	0.01904	0.01405	0.01938	0.01192	0.01584	0.00924	0.00515	0.00677	0.00196	0.00928	0.00660	0.00302	0.00852
1	0.10383	0.01371	0.04247	0.01905	0.18780	0.02947	0.11879	0.05406	0.01490	0.23234	0.01464	0.01569	0.01052	0.00609	0.00608	0.00178	0.02526	0.00535	0.00453	0.09365
2	0.01685	0.70020	0.02978	0.01092	0.01582	0.11305	0.01045	0.01874	0.01280	0.01422	0.00848	0.00979	0.00772	0.00527	0.00405	0.00132	0.00697	0.00330	0.00264	0.00763
3	0.00760	0.00585	0.00703	0.00784	0.00905	0.00528	0.00580	0.00911	0.01279	0.01614	0.04450	0.37229	0.33355	0.01700	0.00754	0.00232	0.00362	0.12203	0.00558	0.00507
4	0.09830	0.17463	0.02161	0.01912	0.22770	0.01784	0.01268	0.28845	0.04080	0.02633	0.01201	0.01337	0.00940	0.00613	0.00533	0.00171	0.00648	0.00478	0.00421	0.00913
5	0.59428	0.01004	0.00805	0.00739	0.01063	0.01108	0.00596	0.01508	0.01124	0.02390	0.02348	0.02360	0.21979	0.00836	0.00470	0.00191	0.00419	0.00597	0.00426	0.00610
6	0.01051	0.00826	0.01169	0.01529	0.22052	0.00826	0.00790	0.01154	0.01017	0.01396	0.01676	0.03233	0.01832	0.56349	0.02353	0.00467	0.00621	0.00777	0.00345	0.00534
7	0.01044	0.00960	0.01754	0.01449	0.01695	0.01029	0.21522	0.01339	0.01095	0.01552	0.01456	0.02097	0.01297	0.03183	0.50862	0.00711	0.05363	0.00657	0.00314	0.00622
8	0.01164	0.01667	0.23055	0.52317	0.03588	0.01376	0.01814	0.01639	0.01210	0.01639	0.01060	0.01495	0.00790	0.00613	0.00653	0.00200	0.04217	0.00508	0.00263	0.00731
9	0.01416	0.01368	0.02013	0.02176	0.22725	0.01725	0.01459	0.05297	0.01150	0.01719	0.00922	0.01372	0.00849	0.00887	0.01506	0.00235	0.51598	0.00530	0.00291	0.00762

[dist]
# distance from previous block
# <min> <max>
0	5

[block]
# block no. 6 follows, 38 sequences, length 8
# corresponding to MSA columns:
# 337-344
name=unknown_G
#
# <colnr> <probs for GDERKNQSTAVLIFYWHMCP>
#	G	D	E	R	K	N	Q	S	T	A	V	L	I	F	Y	W	H	M	C	P
0	0.00868	0.00644	0.00813	0.00827	0.00956	0.00617	0.00617	0.01179	0.06012	0.02051	0.38665	0.21191	0.09951	0.04333	0.00818	0.00228	0.00352	0.08713	0.00605	0.00560
1	0.33502	0.09502	0.11191	0.01221	0.05829	0.09335	0.01040	0.05512	0.01340	0.05101	0.05422	0.03544	0.01178	0.00658	0.00484	0.00177	0.00611	0.00473	0.03138	0.00739
2	0.07950	0.07983	0.11625	0.01589	0.12915	0.03435	0.03395	0.06813	0.07605	0.02013	0.01276	0.01598	0.01066	0.04674	0.08933	0.00274	0.03568	0.00505	0.00357	0.12427
3	0.06488	0.14810	0.17562	0.01795	0.15211	0.05515	0.05736	0.07769	0.06575	0.05760	0.01225	0.01373	0.00944	0.00583	0.00538	0.00170	0.00712	0.00473	0.00361	0.06401
4	0.05380	0.16404	0.24633	0.01817	0.15874	0.01564	0.04147	0.08733	0.03483	0.04989	0.01235	0.03819	0.00993	0.00617	0.00544	0.00174	0.00712	0.00503	0.00347	0.04033
5	0.01549	0.10901	0.17374	0.03794	0.10388	0.11726	0.07618	0.02083	0.09870	0.05775	0.03402	0.01542	0.01135	0.00611	0.00558	0.00170	0.00738	0.00508	0.02301	0.07956
6	0.10879	0.08025	0.11134	0.01364	0.07321	0.03099	0.03959	0.12136	0.06636	0.05502	0.07874	0.03725	0.06472	0.00779	0.00570	0.00181	0.00590	0.02379	0.02730	0.04645
7	0.01591	0.11044	0.12814	0.05831	0.11992	0.05309	0.01300	0.13805	0.05415	0.06836	0.03829	0.05701	0.03228	0.00732	0.00607	0.00177	0.02603	0.00588	0.00416	0.06181

[dist]
# distance from previous block
# <min> <max>
11	65

[block]
# block no. 7 follows, 38 sequences, length 15
# corresponding to MSA columns:
# 422-436
name=unknown_H
#
# <colnr> <probs for GDERKNQSTAVLIFYWHMCP>
#	G	D	E	R	K	N	Q	S	T	A	V	L	I	F	Y	W	H	M	C	P
0	0.03172	0.01364	0.03931	0.04070	0.12186	0.03386	0.02764	0.14587	0.09584	0.10718	0.03332	0.04132	0.04510	0.00826	0.00862	0.00200	0.15116	0.00628	0.01799	0.02833
1	0.04166	0.01570	0.13771	0.02030	0.25543	0.03966	0.03444	0.07867	0.01518	0.07692	0.07727	0.04556	0.05534	0.00728	0.00597	0.00179	0.00644	0.00632	0.00412	0.07425
2	0.01419	0.05520	0.15597	0.04777	0.38812	0.04788	0.04988	0.03130	0.03760	0.01917	0.01432	0.03278	0.04520	0.00632	0.00590	0.00180	0.00733	0.00570	0.00323	0.03033
3	0.04765	0.16683	0.05941	0.02077	0.21970	0.08957	0.11433	0.06626	0.03262	0.04742	0.01265	0.01469	0.02738	0.00602	0.00595	0.00173	0.02901	0.00512	0.00345	0.02946
4	0.01174	0.01090	0.01750	0.60780	0.07751	0.01255	0.01525	0.01551	0.01220	0.01630	0.01073	0.01539	0.00825	0.00572	0.00576	0.00181	0.00739	0.00506	0.00284	0.13978
5	0.01677	0.01641	0.02357	0.07764	0.26155	0.12127	0.17429	0.08299	0.03638	0.05737	0.01223	0.01504	0.00956	0.00617	0.00712	0.00189	0.06205	0.00561	0.00355	0.00854
6	0.00862	0.00635	0.00916	0.00916	0.01006	0.00725	0.00689	0.01042	0.00952	0.01359	0.01657	0.02619	0.01615	0.16584	0.64554	0.00905	0.01444	0.00682	0.00329	0.00509
7	0.01148	0.01401	0.13810	0.65121	0.03893	0.01346	0.01760	0.01597	0.01214	0.01597	0.01071	0.01550	0.00795	0.00597	0.00597	0.00199	0.00816	0.00520	0.00265	0.00704
8	0.01447	0.01728	0.15912	0.06658	0.45749	0.01416	0.10392	0.01917	0.03170	0.04074	0.01198	0.01506	0.00943	0.00555	0.00606	0.00186	0.00775	0.00546	0.00310	0.00912
9	0.01182	0.01159	0.02088	0.65254	0.03981	0.01367	0.13240	0.01600	0.01238	0.01600	0.01093	0.01607	0.00820	0.00586	0.00619	0.00201	0.00836	0.00563	0.00273	0.00692
10	0.01364	0.03595	0.16405	0.14470	0.21574	0.01303	0.03624	0.01750	0.01340	0.07768	0.08143	0.02041	0.03254	0.00741	0.00735	0.00197	0.07624	0.02905	0.00365	0.00804
11	0.01495	0.07950	0.01566	0.01217	0.03427	0.06970	0.06097	0.15917	0.04189	0.06232	0.06524	0.05276	0.17959	0.00980	0.00661	0.00189	0.02488	0.05171	0.02660	0.03033
12	0.01668	0.08783	0.16843	0.01270	0.01772	0.01536	0.01216	0.35438	0.04494	0.02716	0.02168	0.04744	0.13066	0.00846	0.00600	0.00185	0.00632	0.00665	0.00491	0.00868
13	0.04338	0.25760	0.20186	0.01348	0.01903	0.08335	0.04909	0.08188	0.04780	0.10171	0.01306	0.03967	0.01034	0.00643	0.00528	0.00170	0.00725	0.00492	0.00378	0.00840
14	0.04192	0.18589	0.15240	0.01360	0.01857	0.17928	0.01277	0.23165	0.01792	0.02260	0.01132	0.01280	0.00890	0.00870	0.05451	0.00217	0.00846	0.00445	0.00378	0.00833

[dist]
# distance from previous block
# <min> <max>
43	128

[block]
# block no. 8 follows, 38 sequences, length 43
# corresponding to MSA columns:
# 627-669
name=unknown_I
#
# <colnr> <probs for GDERKNQSTAVLIFYWHMCP>
#	G	D	E	R	K	N	Q	S	T	A	V	L	I	F	Y	W	H	M	C	P
0	0.07370	0.12361	0.20940	0.01449	0.08900	0.04312	0.02636	0.04287	0.06482	0.04798	0.06663	0.05306	0.07311	0.00771	0.00563	0.00181	0.00631	0.00625	0.03626	0.00785
1	0.03774	0.09628	0.16483	0.02726	0.13193	0.06661	0.01328	0.09533	0.06901	0.03626	0.05120	0.05365	0.03654	0.00746	0.00603	0.00179	0.02314	0.01832	0.00398	0.05933
2	0.01468	0.06596	0.21662	0.01706	0.14986	0.02840	0.02814	0.08581	0.01528	0.08530	0.09106	0.04959	0.04882	0.00744	0.00591	0.00177	0.00650	0.00627	0.00416	0.07136
3	0.01330	0.05553	0.18677	0.01704	0.14175	0.03492	0.06777	0.05456	0.04733	0.03854	0.18309	0.02284	0.04328	0.00760	0.00607	0.00180	0.00634	0.00664	0.02130	0.04355
4	0.01416	0.05041	0.10753	0.04782	0.10926	0.05492	0.02655	0.05901	0.04583	0.06092	0.06174	0.07074	0.04507	0.00735	0.00570	0.00163	0.00603	0.00620	0.00412	0.21500
5	0.01416	0.03696	0.10801	0.05242	0.16947	0.04973	0.04382	0.01835	0.05653	0.09051	0.08322	0.02248	0.09119	0.00742	0.00589	0.00174	0.00610	0.00639	0.03528	0.10034
6	0.01371	0.01545	0.17472	0.03453	0.06730	0.04950	0.01181	0.04082	0.09210	0.08173	0.11290	0.02489	0.08745	0.00811	0.00599	0.00178	0.00585	0.02827	0.02373	0.11938
7	0.01409	0.04828	0.12366	0.01760	0.18942	0.02995	0.03339	0.04889	0.04857	0.06843	0.11564	0.04370	0.03797	0.00725	0.00585	0.00169	0.00600	0.00628	0.00423	0.14910
8	0.01313	0.01357	0.10201	0.06883	0.30920	0.01130	0.01386	0.03642	0.01424	0.04723	0.09663	0.02378	0.08262	0.00754	0.00607	0.00178	0.00608	0.03310	0.00396	0.10867
9	0.01309	0.01622	0.20471	0.01473	0.11058	0.01070	0.01254	0.03926	0.03881	0.04094	0.05953	0.01679	0.03297	0.00599	0.00536	0.00145	0.00589	0.00497	0.00375	0.36171
10	0.01393	0.03815	0.17132	0.04039	0.30395	0.01290	0.04977	0.04235	0.03108	0.04192	0.08534	0.01741	0.01406	0.00620	0.00584	0.00172	0.00676	0.00558	0.00361	0.10770
11	0.01338	0.01350	0.08306	0.08031	0.32140	0.01182	0.06348	0.01752	0.03886	0.05304	0.12764	0.02151	0.04616	0.00699	0.00612	0.00179	0.00635	0.00647	0.00394	0.07664
12	0.01305	0.20381	0.13933	0.03444	0.01706	0.01288	0.01060	0.01630	0.01267	0.01829	0.04768	0.01359	0.01082	0.00528	0.00470	0.00124	0.00569	0.00405	0.00328	0.42524
13	0.01412	0.04117	0.06102	0.18194	0.46927	0.03518	0.01717	0.01774	0.01317	0.01828	0.01088	0.01456	0.00894	0.00563	0.00619	0.00180	0.02900	0.00511	0.00290	0.04594
14	0.01240	0.00935	0.01061	0.03038	0.01271	0.00927	0.00737	0.14788	0.07957	0.04317	0.17688	0.05214	0.23454	0.01091	0.00646	0.00186	0.00423	0.03287	0.03671	0.08069
15	0.01811	0.25061	0.06354	0.01336	0.04399	0.15129	0.01125	0.20502	0.01742	0.05032	0.01348	0.08233	0.01187	0.00863	0.03164	0.00194	0.00746	0.00554	0.00407	0.00814
16	0.00722	0.00608	0.00617	0.00616	0.00808	0.00513	0.00456	0.00871	0.01357	0.01625	0.07754	0.05668	0.69597	0.05128	0.00821	0.00221	0.00317	0.01246	0.00552	0.00503
17	0.01045	0.00522	0.00784	0.00784	0.00784	0.00522	0.00522	0.00784	0.00784	0.01045	0.01045	0.01829	0.01045	0.02090	0.02351	0.82497	0.00522	0.00522	0.00261	0.00261
18	0.01347	0.03768	0.29303	0.09128	0.27296	0.01356	0.04217	0.03995	0.01369	0.03777	0.03564	0.05713	0.01191	0.00660	0.00600	0.00189	0.00755	0.00586	0.00324	0.00861
19	0.01489	0.01429	0.02442	0.03692	0.75106	0.01429	0.01846	0.01846	0.01370	0.01965	0.01132	0.01489	0.00953	0.00536	0.00596	0.00179	0.00715	0.00536	0.00298	0.00953
20	0.01155	0.01088	0.01838	0.73557	0.07855	0.01341	0.01680	0.01553	0.01212	0.01559	0.01072	0.01598	0.00810	0.00598	0.00601	0.00199	0.00797	0.00535	0.00269	0.00683
21	0.01496	0.01292	0.01360	0.01224	0.01564	0.01496	0.00952	0.03197	0.74019	0.02516	0.02448	0.02244	0.01836	0.00816	0.00612	0.00204	0.00476	0.00680	0.00612	0.00952
22	0.00922	0.00630	0.00827	0.00769	0.00923	0.00580	0.00580	0.01203	0.01704	0.05189	0.72039	0.04401	0.05517	0.01211	0.00706	0.00189	0.00292	0.01070	0.00665	0.00585
23	0.79561	0.04560	0.00983	0.00801	0.01180	0.01394	0.00668	0.01770	0.01032	0.02643	0.00838	0.00977	0.00657	0.00557	0.00373	0.00184	0.00473	0.00326	0.00367	0.00657
24	0.01366	0.05222	0.23015	0.01215	0.03046	0.02397	0.01201	0.03707	0.01352	0.08133	0.03006	0.07400	0.02796	0.00673	0.00538	0.00150	0.00598	0.00549	0.00386	0.33250
25	0.00939	0.00691	0.00908	0.00928	0.05055	0.00646	0.00648	0.01257	0.03911	0.04140	0.59697	0.04326	0.12160	0.01196	0.00698	0.00190	0.00322	0.01051	0.00632	0.00606
26	0.00864	0.00581	0.00671	0.00681	0.00688	0.00583	0.00393	0.00880	0.00898	0.01201	0.01984	0.09101	0.02286	0.70525	0.05799	0.00575	0.00607	0.00924	0.00376	0.00380
27	0.01397	0.25860	0.50479	0.01479	0.02236	0.01668	0.01802	0.01922	0.01277	0.05197	0.01067	0.01215	0.00799	0.00563	0.00517	0.00172	0.00798	0.00415	0.00278	0.00860
28	0.05082	0.05792	0.14952	0.01207	0.01751	0.01090	0.02697	0.02622	0.01582	0.53993	0.01976	0.01801	0.01277	0.00689	0.00581	0.00184	0.00597	0.00553	0.00606	0.00968
29	0.02699	0.01024	0.01396	0.01070	0.01536	0.00884	0.00884	0.02932	0.01722	0.75522	0.02373	0.02048	0.01489	0.00745	0.00605	0.00186	0.00512	0.00605	0.00745	0.01024
30	0.00787	0.00586	0.00820	0.04347	0.01067	0.00561	0.01902	0.00947	0.01267	0.01714	0.17166	0.59107	0.04111	0.01673	0.00748	0.00231	0.00369	0.01517	0.00561	0.00518
31	0.01592	0.01594	0.09322	0.06253	0.19624	0.01385	0.35863	0.02036	0.01429	0.12832	0.01349	0.01622	0.00989	0.00559	0.00650	0.00194	0.00848	0.00622	0.00362	0.00876
32	0.01162	0.01108	0.01908	0.71188	0.06800	0.01349	0.04930	0.01567	0.01219	0.01571	0.01078	0.01600	0.00813	0.00595	0.00606	0.00200	0.00808	0.00543	0.00270	0.00686
33	0.00860	0.00642	0.00955	0.00955	0.01058	0.00746	0.00737	0.01067	0.00963	0.01388	0.01622	0.02423	0.01530	0.07343	0.73679	0.00952	0.01572	0.00653	0.00324	0.00531
34	0.00908	0.00808	0.04492	0.00997	0.01118	0.00790	0.03856	0.01076	0.01018	0.01418	0.02013	0.15813	0.04141	0.22570	0.30617	0.00606	0.05974	0.00891	0.00373	0.00520
35	0.01563	0.04079	0.44537	0.01483	0.02176	0.01279	0.04141	0.05606	0.03734	0.17315	0.03389	0.01782	0.04854	0.00683	0.00592	0.00189	0.00741	0.00553	0.00411	0.00893
36	0.01136	0.01069	0.01804	0.77412	0.04143	0.01337	0.01671	0.01537	0.01203	0.01537	0.01069	0.01604	0.00802	0.00601	0.00601	0.00200	0.00802	0.00535	0.00267	0.00668
37	0.01459	0.01399	0.02388	0.09968	0.69065	0.01421	0.01831	0.01820	0.01356	0.01929	0.01126	0.01499	0.00940	0.00542	0.00596	0.00181	0.00722	0.00536	0.00295	0.00929
38	0.02213	0.01202	0.01661	0.08142	0.01938	0.03311	0.08001	0.11287	0.03954	0.43780	0.04053	0.04581	0.01506	0.00757	0.00621	0.00190	0.00609	0.00649	0.00615	0.00928
39	0.01933	0.01068	0.02951	0.01218	0.03075	0.00979	0.05698	0.06654	0.08421	0.37464	0.02539	0.13908	0.04930	0.00988	0.00655	0.00204	0.00533	0.05288	0.00627	0.00867
40	0.01177	0.01118	0.01922	0.65587	0.10395	0.01338	0.04922	0.01576	0.01232	0.01599	0.01131	0.01716	0.00883	0.00616	0.00611	0.00200	0.00798	0.02202	0.00278	0.00698
41	0.07381	0.04216	0.20231	0.03893	0.01762	0.02665	0.04313	0.09441	0.06114	0.02080	0.04051	0.22241	0.03407	0.01041	0.00635	0.00207	0.00615	0.04533	0.00442	0.00731
42	0.12911	0.01177	0.01571	0.02844	0.01700	0.01192	0.09058	0.13514	0.05076	0.28985	0.05449	0.06101	0.01635	0.00816	0.00639	0.00197	0.02366	0.03335	0.00573	0.00862

[dist]
# distance from previous block
# <min> <max>
0	12

# created by:
# /home/cegg/simao/soft/augustus-3.2.1/scripts/msa2prfl.pl ./align_prep/EOG090W0D56.fa
