[name]
unknown

[dist]
# distance from previous block
# <min> <max>
0	14

[block]
# block no. 0 follows, 37 sequences, length 12
# corresponding to MSA columns:
# 14-25
name=unknown_A
#
# <colnr> <probs for GDERKNQSTAVLIFYWHMCP>
#	G	D	E	R	K	N	Q	S	T	A	V	L	I	F	Y	W	H	M	C	P
0	0.01040	0.00801	0.01121	0.01200	0.01320	0.00882	0.01040	0.01299	0.01338	0.01778	0.02872	0.06062	0.03111	0.01597	0.01022	0.00280	0.12189	0.59952	0.00519	0.00580
1	0.01873	0.01342	0.01487	0.01179	0.01577	0.01396	0.00937	0.43031	0.02185	0.06901	0.01709	0.09668	0.01484	0.09109	0.00873	0.00220	0.00591	0.00685	0.00552	0.13202
2	0.02976	0.01422	0.04914	0.29025	0.22909	0.04514	0.04067	0.06402	0.08759	0.05598	0.02663	0.01684	0.01102	0.00637	0.00610	0.00194	0.00742	0.00566	0.00373	0.00843
3	0.01860	0.00976	0.01246	0.01090	0.02920	0.00931	0.00859	0.07789	0.08146	0.33460	0.18324	0.03320	0.07198	0.01012	0.00669	0.00202	0.00475	0.07999	0.00674	0.00850
4	0.01677	0.01506	0.01512	0.01412	0.05576	0.09226	0.01046	0.12520	0.48665	0.02593	0.05973	0.02131	0.01804	0.00804	0.00618	0.00197	0.00577	0.00656	0.00575	0.00931
5	0.01379	0.01316	0.02260	0.22936	0.48805	0.01381	0.04579	0.01756	0.01371	0.01910	0.05450	0.01732	0.01210	0.00603	0.00619	0.00189	0.00737	0.00585	0.00317	0.00864
6	0.01192	0.01108	0.01778	0.53411	0.09892	0.01307	0.03264	0.01709	0.08731	0.01719	0.01583	0.06048	0.04228	0.00737	0.00629	0.00205	0.00733	0.00661	0.00341	0.00722
7	0.01597	0.01610	0.02405	0.03525	0.66907	0.09409	0.01804	0.01939	0.01430	0.01946	0.01130	0.01471	0.00950	0.00555	0.00600	0.00179	0.00767	0.00529	0.00304	0.00942
8	0.01433	0.01495	0.01970	0.01847	0.09488	0.09414	0.05531	0.01619	0.01112	0.01564	0.01044	0.01500	0.02738	0.01051	0.03731	0.00263	0.52650	0.00556	0.00288	0.00707
9	0.00834	0.00618	0.00797	0.00781	0.00918	0.00580	0.00581	0.01077	0.01544	0.02135	0.49341	0.12595	0.14662	0.01722	0.08764	0.00285	0.00443	0.01154	0.00611	0.00557
10	0.00929	0.00733	0.00995	0.10185	0.03925	0.00763	0.00810	0.01201	0.05044	0.01640	0.04854	0.22690	0.12702	0.11912	0.08839	0.00357	0.00616	0.10763	0.00477	0.00563
11	0.01279	0.01285	0.01987	0.14286	0.25620	0.06585	0.12720	0.01594	0.01373	0.01778	0.02242	0.11390	0.13454	0.00888	0.00662	0.00200	0.00704	0.00829	0.00376	0.00750

[dist]
# distance from previous block
# <min> <max>
6	10

[block]
# block no. 1 follows, 37 sequences, length 25
# corresponding to MSA columns:
# 36-60
name=unknown_B
#
# <colnr> <probs for GDERKNQSTAVLIFYWHMCP>
#	G	D	E	R	K	N	Q	S	T	A	V	L	I	F	Y	W	H	M	C	P
0	0.01245	0.01062	0.01243	0.00904	0.01424	0.00801	0.00718	0.01509	0.01265	0.01974	0.01195	0.04861	0.01054	0.00522	0.00469	0.00098	0.00449	0.00427	0.00372	0.78408
1	0.08010	0.01463	0.03779	0.03227	0.25064	0.06121	0.01294	0.02504	0.30430	0.06618	0.01794	0.01959	0.01402	0.00719	0.00599	0.00196	0.00622	0.02814	0.00472	0.00914
2	0.01437	0.31653	0.25086	0.01405	0.06381	0.01680	0.01402	0.01871	0.03936	0.03367	0.01244	0.01380	0.03165	0.00581	0.00497	0.00154	0.00686	0.00435	0.00312	0.13329
3	0.16583	0.07687	0.01709	0.03518	0.01793	0.35040	0.02312	0.13247	0.05957	0.02159	0.01118	0.01259	0.00888	0.00729	0.02158	0.00190	0.02060	0.00438	0.00386	0.00771
4	0.01391	0.01913	0.17118	0.05806	0.03141	0.01515	0.55930	0.01939	0.01406	0.01939	0.01205	0.01582	0.00895	0.00533	0.00691	0.00204	0.00998	0.00663	0.00298	0.00834
5	0.01693	0.04410	0.08439	0.01986	0.16743	0.02935	0.13298	0.14227	0.12126	0.08113	0.01563	0.01714	0.01175	0.00758	0.02712	0.00209	0.00735	0.00589	0.05667	0.00908
6	0.00741	0.00614	0.00648	0.00654	0.00841	0.00522	0.00485	0.00906	0.01414	0.01732	0.13281	0.11434	0.61524	0.01547	0.00728	0.00208	0.00311	0.01307	0.00580	0.00522
7	0.01136	0.00685	0.00905	0.00816	0.01008	0.00624	0.00624	0.01418	0.01735	0.12889	0.64013	0.04215	0.05164	0.01180	0.00707	0.00192	0.00322	0.01036	0.00686	0.00644
8	0.01321	0.01289	0.02318	0.38390	0.26474	0.01400	0.14080	0.01730	0.01319	0.01793	0.01161	0.01617	0.00906	0.00577	0.00624	0.00196	0.00810	0.00576	0.02624	0.00795
9	0.00828	0.00650	0.00783	0.00755	0.00914	0.00604	0.00572	0.01054	0.01547	0.02067	0.41513	0.07352	0.31845	0.01390	0.00777	0.00205	0.03279	0.02695	0.00612	0.00555
10	0.00821	0.00735	0.04228	0.03562	0.01069	0.00603	0.00647	0.01040	0.01415	0.01875	0.22693	0.22138	0.30924	0.01448	0.00715	0.00210	0.00361	0.01255	0.03708	0.00554
11	0.01874	0.03926	0.12264	0.03655	0.13023	0.01232	0.02719	0.11679	0.01636	0.25243	0.01686	0.01790	0.01212	0.01062	0.08164	0.00263	0.00746	0.00564	0.06355	0.00905
12	0.14012	0.01521	0.01693	0.01501	0.09043	0.01639	0.01114	0.44903	0.03800	0.07629	0.01401	0.01446	0.01016	0.00677	0.00568	0.00179	0.00622	0.00513	0.00540	0.06184
13	0.01318	0.01302	0.01862	0.52421	0.15481	0.08822	0.01603	0.01686	0.01324	0.01682	0.03791	0.01685	0.01041	0.00629	0.00604	0.00194	0.00797	0.00551	0.02485	0.00724
14	0.74625	0.01174	0.00937	0.00815	0.01211	0.01317	0.00669	0.01773	0.01065	0.02671	0.00876	0.01022	0.00687	0.00557	0.00386	0.00179	0.00471	0.00335	0.00377	0.08851
15	0.02250	0.02775	0.01747	0.01567	0.01881	0.68206	0.01188	0.06905	0.01775	0.01648	0.00974	0.01137	0.00805	0.00656	0.00616	0.00164	0.04233	0.00410	0.00332	0.00729
16	0.02053	0.02542	0.01824	0.01609	0.01900	0.59299	0.05744	0.02235	0.01591	0.01521	0.00992	0.01241	0.00843	0.00905	0.05233	0.00221	0.08787	0.00445	0.00311	0.00703
17	0.00744	0.00541	0.00701	0.00829	0.00882	0.00499	0.00558	0.00855	0.01194	0.01572	0.03658	0.70840	0.11113	0.01881	0.00775	0.00244	0.00351	0.01695	0.00568	0.00499
18	0.01237	0.01176	0.01624	0.01416	0.01424	0.01598	0.01147	0.01355	0.00933	0.01424	0.01038	0.01835	0.01078	0.13707	0.06936	0.00366	0.60203	0.00600	0.00288	0.00614
19	0.01225	0.10416	0.58058	0.01550	0.02307	0.01406	0.01917	0.01814	0.01281	0.01872	0.01323	0.07003	0.01108	0.00703	0.00577	0.00192	0.00808	0.02160	0.03438	0.00842
20	0.00968	0.00650	0.00839	0.00777	0.00946	0.00592	0.00588	0.01243	0.01707	0.06744	0.64664	0.04527	0.10932	0.01245	0.00716	0.00193	0.00304	0.01092	0.00671	0.00601
21	0.01262	0.01639	0.24980	0.03670	0.01850	0.01083	0.04431	0.06559	0.05979	0.06608	0.11342	0.12062	0.06942	0.01037	0.00673	0.00211	0.00625	0.07803	0.00479	0.00766
22	0.11134	0.16744	0.07845	0.01182	0.01619	0.07980	0.01053	0.10489	0.17604	0.05426	0.04978	0.01914	0.03829	0.00744	0.00547	0.00179	0.00615	0.02491	0.00463	0.03163
23	0.01805	0.01297	0.08833	0.01307	0.07815	0.01001	0.01041	0.06684	0.01582	0.26909	0.07418	0.01996	0.03117	0.02291	0.00626	0.00169	0.00546	0.00574	0.00526	0.24461
24	0.15443	0.19629	0.04392	0.01275	0.02856	0.08976	0.04822	0.07548	0.14504	0.12726	0.01461	0.01480	0.01095	0.00648	0.00523	0.00176	0.00650	0.00487	0.00452	0.00855

[dist]
# distance from previous block
# <min> <max>
0	80

[block]
# block no. 2 follows, 37 sequences, length 30
# corresponding to MSA columns:
# 143-172
name=unknown_C
#
# <colnr> <probs for GDERKNQSTAVLIFYWHMCP>
#	G	D	E	R	K	N	Q	S	T	A	V	L	I	F	Y	W	H	M	C	P
0	0.01349	0.06822	0.30498	0.01605	0.07844	0.02614	0.05894	0.11016	0.03105	0.02151	0.06373	0.03565	0.12930	0.00814	0.00619	0.00191	0.00706	0.00680	0.00400	0.00826
1	0.01349	0.01482	0.08421	0.14515	0.06558	0.07920	0.11015	0.06165	0.07786	0.02085	0.16566	0.02451	0.06507	0.00826	0.00701	0.00197	0.03542	0.00722	0.00434	0.00756
2	0.00873	0.00608	0.00749	0.00755	0.00794	0.00631	0.00485	0.00941	0.00948	0.01284	0.02100	0.06673	0.05300	0.52796	0.21869	0.00664	0.00843	0.00881	0.00376	0.00428
3	0.00867	0.00682	0.00989	0.01306	0.12626	0.00650	0.00773	0.01017	0.01215	0.01635	0.03121	0.63338	0.06060	0.01686	0.00751	0.00236	0.00413	0.01534	0.00526	0.00573
4	0.01482	0.00762	0.01016	0.00875	0.01127	0.00683	0.00683	0.01754	0.01739	0.26256	0.50776	0.03757	0.04380	0.01090	0.00687	0.00192	0.00365	0.00946	0.00701	0.00730
5	0.01948	0.01461	0.01555	0.01230	0.01653	0.01583	0.01004	0.54521	0.05028	0.03331	0.02539	0.02464	0.17105	0.00916	0.00637	0.00190	0.00588	0.00718	0.00603	0.00924
6	0.00948	0.00677	0.00942	0.01084	0.01208	0.00672	0.00920	0.01202	0.01371	0.01789	0.03262	0.18231	0.03607	0.01727	0.00835	0.00277	0.00530	0.59600	0.00564	0.00553
7	0.01431	0.01379	0.01343	0.01013	0.01521	0.12784	0.00798	0.01685	0.01343	0.01916	0.01065	0.01243	0.00888	0.00482	0.00469	0.00101	0.00557	0.00368	0.00355	0.69258
8	0.03064	0.01577	0.01645	0.07505	0.04851	0.13483	0.04226	0.21668	0.18347	0.02601	0.11323	0.02043	0.01801	0.00779	0.00617	0.00188	0.00667	0.00636	0.02127	0.00852
9	0.01410	0.01347	0.02295	0.25158	0.54088	0.01427	0.01826	0.01787	0.01344	0.01872	0.01133	0.01549	0.00925	0.00565	0.00608	0.00188	0.00753	0.00545	0.00294	0.00885
10	0.00889	0.00599	0.00698	0.00698	0.00708	0.00610	0.00409	0.00910	0.00899	0.01209	0.01901	0.03853	0.02159	0.71425	0.10087	0.00631	0.00693	0.00868	0.00367	0.00388
11	0.01202	0.01178	0.02119	0.65172	0.04054	0.01390	0.12957	0.01627	0.01259	0.01627	0.01112	0.01635	0.00834	0.00597	0.00630	0.00204	0.00850	0.00572	0.00278	0.00703
12	0.04762	0.01448	0.02250	0.20861	0.46664	0.05870	0.04243	0.01829	0.01352	0.01885	0.01108	0.01499	0.00905	0.00576	0.00626	0.00188	0.02237	0.00534	0.00299	0.00862
13	0.05353	0.02165	0.01601	0.01414	0.01764	0.39953	0.01095	0.13326	0.17566	0.04636	0.01497	0.01668	0.01187	0.00733	0.00583	0.00180	0.00837	0.03168	0.00455	0.00821
14	0.00825	0.00620	0.00758	0.00739	0.00890	0.00560	0.00550	0.01059	0.01580	0.02140	0.48445	0.08863	0.24160	0.03554	0.00796	0.00213	0.00313	0.02755	0.00629	0.00551
15	0.01063	0.00532	0.00797	0.00797	0.00797	0.00532	0.00532	0.00797	0.00797	0.01063	0.01063	0.01861	0.01063	0.02127	0.02392	0.82190	0.00532	0.00532	0.00266	0.00266
16	0.00825	0.00624	0.00761	0.00727	0.00889	0.00560	0.00545	0.01075	0.01635	0.02222	0.54568	0.04955	0.25698	0.01338	0.00722	0.00197	0.00295	0.01161	0.00643	0.00560
17	0.01486	0.01425	0.02433	0.09641	0.69011	0.01447	0.01864	0.01853	0.01380	0.01965	0.01146	0.01524	0.00957	0.00551	0.00606	0.00184	0.00734	0.00545	0.00301	0.00946
18	0.01140	0.01039	0.01713	0.55525	0.10512	0.01226	0.01518	0.01521	0.01327	0.01756	0.12813	0.02240	0.01698	0.00738	0.00636	0.00202	0.00716	0.02643	0.00347	0.00689
19	0.69998	0.01460	0.01033	0.00928	0.01297	0.13253	0.00746	0.01902	0.01152	0.02548	0.00867	0.01012	0.00683	0.00578	0.00406	0.00184	0.00574	0.00341	0.00369	0.00670
20	0.01638	0.60840	0.03048	0.01547	0.13270	0.03608	0.03555	0.03427	0.01320	0.01601	0.00927	0.01102	0.00825	0.00534	0.00446	0.00143	0.00688	0.00381	0.00279	0.00820
21	0.00879	0.00631	0.00809	0.00810	0.00890	0.00634	0.00552	0.00998	0.01058	0.01470	0.07888	0.17370	0.02588	0.33387	0.21954	0.00572	0.00797	0.00973	0.00420	0.05321
22	0.00826	0.00616	0.00768	0.00747	0.00894	0.00558	0.00554	0.01072	0.01614	0.02212	0.54129	0.11422	0.19587	0.01372	0.00728	0.00200	0.00299	0.01201	0.00643	0.00558
23	0.00755	0.00564	0.00702	0.00790	0.00877	0.00511	0.00546	0.00894	0.01289	0.01688	0.12309	0.52965	0.20371	0.01756	0.00761	0.00232	0.00337	0.01564	0.00581	0.00511
24	0.00867	0.00648	0.00808	0.00770	0.00927	0.00602	0.00576	0.01185	0.04407	0.02312	0.59309	0.07404	0.15289	0.01302	0.00721	0.00197	0.00302	0.01141	0.00653	0.00581
25	0.01294	0.08336	0.60216	0.01769	0.04961	0.01506	0.05125	0.02008	0.05592	0.01943	0.01171	0.01352	0.00854	0.00588	0.00577	0.00190	0.00861	0.00472	0.00284	0.00899
26	0.01376	0.13558	0.05980	0.03818	0.01607	0.01138	0.00906	0.03631	0.01287	0.03926	0.01097	0.01315	0.00910	0.00629	0.00622	0.06706	0.00540	0.00395	0.00348	0.50210
27	0.00746	0.00621	0.00652	0.00644	0.00841	0.00526	0.00483	0.00923	0.01449	0.01781	0.17044	0.05681	0.63498	0.01503	0.00723	0.00204	0.00307	0.01262	0.00585	0.00526
28	0.14405	0.03405	0.21650	0.03553	0.07038	0.01233	0.01287	0.06206	0.03011	0.08043	0.05289	0.03914	0.01273	0.00658	0.00542	0.00172	0.00622	0.00522	0.00404	0.16773
29	0.14234	0.07347	0.59192	0.01554	0.02352	0.01473	0.01935	0.01910	0.01250	0.02037	0.01045	0.01227	0.00758	0.00576	0.00538	0.00189	0.00821	0.00426	0.00278	0.00859

[dist]
# distance from previous block
# <min> <max>
0	3

[block]
# block no. 3 follows, 37 sequences, length 21
# corresponding to MSA columns:
# 176-196
name=unknown_D
#
# <colnr> <probs for GDERKNQSTAVLIFYWHMCP>
#	G	D	E	R	K	N	Q	S	T	A	V	L	I	F	Y	W	H	M	C	P
0	0.00977	0.00805	0.00890	0.00833	0.00991	0.06482	0.00625	0.01256	0.01733	0.02380	0.68603	0.04301	0.05386	0.01203	0.00709	0.00190	0.00353	0.01051	0.00646	0.00588
1	0.01444	0.01374	0.02349	0.07492	0.62313	0.01385	0.04415	0.01787	0.01347	0.01911	0.01212	0.01721	0.01058	0.06647	0.00807	0.00216	0.00733	0.00579	0.00307	0.00901
2	0.18055	0.01073	0.01308	0.01020	0.01481	0.00984	0.00840	0.02642	0.01577	0.55435	0.02010	0.01810	0.01303	0.00697	0.00557	0.00182	0.00506	0.00541	0.00654	0.07321
3	0.01228	0.03166	0.75316	0.01745	0.02649	0.01422	0.02262	0.01939	0.01292	0.01939	0.01099	0.01292	0.00775	0.00582	0.00582	0.00194	0.00905	0.00452	0.00258	0.00905
4	0.00751	0.00629	0.00658	0.00673	0.00873	0.00536	0.00519	0.00919	0.01397	0.01672	0.05893	0.05997	0.67030	0.01565	0.00736	0.00215	0.00336	0.08511	0.00568	0.00522
5	0.01018	0.00709	0.00864	0.00798	0.00970	0.00692	0.00606	0.05385	0.04737	0.02515	0.56653	0.03966	0.04730	0.01126	0.00669	0.00185	0.00319	0.00980	0.12460	0.00620
6	0.01504	0.01469	0.06303	0.25401	0.33995	0.01491	0.01685	0.11825	0.06389	0.02163	0.01264	0.01583	0.00982	0.00613	0.00608	0.00191	0.00741	0.00550	0.00356	0.00888
7	0.00810	0.00668	0.00761	0.04078	0.01035	0.00587	0.00564	0.01017	0.01468	0.01876	0.23387	0.05105	0.49283	0.01371	0.00703	0.00197	0.00335	0.01160	0.00571	0.05025
8	0.00809	0.00608	0.00774	0.00843	0.00957	0.00552	0.00601	0.00958	0.01242	0.01657	0.06339	0.51319	0.13764	0.01814	0.03696	0.00259	0.00417	0.05939	0.00547	0.06905
9	0.01541	0.10838	0.01580	0.01220	0.01550	0.09235	0.00973	0.04677	0.44797	0.02213	0.02159	0.07226	0.01800	0.01019	0.03455	0.00227	0.00613	0.03489	0.00530	0.00858
10	0.01572	0.07514	0.05336	0.16849	0.20099	0.03041	0.04777	0.11405	0.04865	0.04842	0.01255	0.01498	0.00972	0.00592	0.00573	0.00171	0.00702	0.00512	0.00374	0.13050
11	0.03118	0.19646	0.31130	0.05175	0.12230	0.08589	0.04452	0.01916	0.01333	0.01797	0.01035	0.01258	0.00817	0.00561	0.00536	0.00171	0.00814	0.00440	0.00281	0.04703
12	0.01320	0.04575	0.01654	0.05697	0.01643	0.01445	0.03181	0.06037	0.01184	0.04531	0.01357	0.02173	0.01282	0.05398	0.16590	0.00409	0.34331	0.06172	0.00351	0.00671
13	0.00849	0.00728	0.00943	0.04480	0.03029	0.00668	0.04348	0.01099	0.03103	0.01844	0.18520	0.09832	0.45556	0.01376	0.00716	0.00206	0.00385	0.01188	0.00556	0.00573
14	0.01459	0.01589	0.07477	0.19156	0.47320	0.05716	0.04778	0.01851	0.01372	0.01872	0.01126	0.01507	0.00911	0.00566	0.00607	0.00187	0.00793	0.00537	0.00294	0.00882
15	0.01282	0.01191	0.12428	0.01105	0.01391	0.00933	0.05183	0.07438	0.01292	0.08856	0.04274	0.05198	0.01785	0.27782	0.11454	0.04113	0.00776	0.00740	0.02142	0.00635
16	0.00814	0.00587	0.00804	0.00873	0.00930	0.00609	0.00611	0.00946	0.01061	0.01455	0.02524	0.39330	0.02855	0.14388	0.28622	0.00569	0.00860	0.01217	0.00451	0.00496
17	0.01358	0.01496	0.09408	0.29804	0.25700	0.03442	0.04633	0.04132	0.05953	0.01896	0.01489	0.01813	0.04909	0.00653	0.00617	0.00195	0.00761	0.00589	0.00332	0.00822
18	0.01579	0.04934	0.16575	0.04371	0.28511	0.01412	0.04711	0.06812	0.08124	0.09202	0.01547	0.04815	0.01255	0.00700	0.00614	0.00193	0.00709	0.02615	0.00404	0.00916
19	0.05095	0.08419	0.10865	0.03101	0.02132	0.27471	0.13810	0.05083	0.05709	0.08606	0.01314	0.03351	0.01029	0.00653	0.00585	0.00180	0.00875	0.00532	0.00382	0.00810
20	0.33853	0.01824	0.01426	0.01448	0.09830	0.27991	0.01002	0.05896	0.01435	0.03639	0.01050	0.01322	0.00875	0.05290	0.00649	0.00201	0.00746	0.00430	0.00368	0.00725

[dist]
# distance from previous block
# <min> <max>
0	2

[block]
# block no. 4 follows, 37 sequences, length 11
# corresponding to MSA columns:
# 199-209
name=unknown_E
#
# <colnr> <probs for GDERKNQSTAVLIFYWHMCP>
#	G	D	E	R	K	N	Q	S	T	A	V	L	I	F	Y	W	H	M	C	P
0	0.01089	0.00795	0.03019	0.02728	0.03723	0.00717	0.03137	0.01361	0.01463	0.07838	0.26531	0.06571	0.14807	0.01495	0.08654	0.00277	0.00533	0.02825	0.11807	0.00630
1	0.01036	0.00539	0.00783	0.00783	0.00800	0.00530	0.00526	0.00804	0.00845	0.01110	0.01471	0.02181	0.06885	0.02081	0.02260	0.75684	0.00514	0.00592	0.00290	0.00286
2	0.01211	0.01038	0.01201	0.00876	0.01385	0.00784	0.00698	0.01471	0.01283	0.01959	0.01630	0.01759	0.08699	0.00570	0.00482	0.00103	0.00438	0.00461	0.00384	0.73568
3	0.04294	0.03855	0.10590	0.03628	0.22962	0.03435	0.03047	0.18465	0.01746	0.06502	0.05401	0.03724	0.02775	0.00698	0.00596	0.00180	0.00672	0.00591	0.00433	0.06406
4	0.01393	0.14283	0.25014	0.09209	0.08770	0.01465	0.09258	0.01909	0.05374	0.05929	0.01669	0.01838	0.06793	0.00671	0.00581	0.00185	0.00738	0.00573	0.03522	0.00828
5	0.00967	0.05150	0.08719	0.00803	0.00927	0.00781	0.00608	0.01053	0.00952	0.01280	0.01782	0.03553	0.01993	0.65962	0.02698	0.00526	0.00630	0.00813	0.00353	0.00450
6	0.03362	0.24328	0.12364	0.05567	0.04693	0.11552	0.01230	0.07566	0.06321	0.06435	0.01385	0.05743	0.01157	0.00694	0.00531	0.00171	0.00702	0.00528	0.04861	0.00811
7	0.05949	0.08945	0.15524	0.04584	0.18838	0.02801	0.01447	0.03658	0.11807	0.06141	0.05674	0.01821	0.01379	0.00719	0.00689	0.00194	0.06447	0.02126	0.00398	0.00859
8	0.06181	0.10396	0.06084	0.04559	0.25079	0.07766	0.01334	0.13959	0.01631	0.02252	0.04047	0.01656	0.03671	0.00651	0.00558	0.00171	0.00677	0.00529	0.03518	0.05282
9	0.05991	0.18202	0.06121	0.08564	0.12109	0.03101	0.06318	0.08029	0.03786	0.02033	0.06965	0.07689	0.01526	0.00749	0.00608	0.00181	0.02673	0.00626	0.00383	0.04346
10	0.01663	0.07063	0.18455	0.03423	0.14775	0.12191	0.04585	0.07966	0.04351	0.07798	0.03432	0.01665	0.01172	0.04864	0.00720	0.00200	0.00771	0.00536	0.00383	0.03987

[dist]
# distance from previous block
# <min> <max>
1	28

[block]
# block no. 5 follows, 37 sequences, length 24
# corresponding to MSA columns:
# 238-261
name=unknown_F
#
# <colnr> <probs for GDERKNQSTAVLIFYWHMCP>
#	G	D	E	R	K	N	Q	S	T	A	V	L	I	F	Y	W	H	M	C	P
0	0.01502	0.24255	0.30729	0.03665	0.03616	0.06449	0.01531	0.06944	0.01424	0.03367	0.02773	0.01365	0.00977	0.00795	0.04349	0.00208	0.00818	0.00449	0.00318	0.04465
1	0.06996	0.44020	0.13286	0.03523	0.01750	0.01903	0.01175	0.07605	0.01375	0.01840	0.01268	0.05174	0.03511	0.00659	0.00478	0.00158	0.00652	0.00478	0.00328	0.03820
2	0.09287	0.40165	0.09839	0.03925	0.01649	0.01798	0.01093	0.03675	0.01264	0.05741	0.01259	0.07935	0.01176	0.04648	0.00681	0.00190	0.04053	0.00530	0.00342	0.00752
3	0.00859	0.07363	0.05002	0.00877	0.01017	0.00723	0.00674	0.01002	0.01182	0.01548	0.03192	0.53240	0.10603	0.08618	0.00943	0.00263	0.00428	0.01427	0.00507	0.00535
4	0.07228	0.00831	0.03027	0.00803	0.00981	0.00763	0.00584	0.04316	0.01157	0.01709	0.05102	0.06564	0.06053	0.38552	0.04609	0.00406	0.00568	0.02597	0.03282	0.10868
5	0.11825	0.00981	0.03050	0.05611	0.03346	0.00901	0.04738	0.01505	0.03596	0.03923	0.31817	0.02955	0.06952	0.00896	0.00610	0.00176	0.00454	0.00772	0.00509	0.15381
6	0.02287	0.02917	0.01735	0.01577	0.01892	0.76030	0.01183	0.02444	0.01735	0.01498	0.00946	0.01104	0.00788	0.00631	0.00552	0.00158	0.01104	0.00394	0.00315	0.00710
7	0.01426	0.03914	0.01500	0.06440	0.05769	0.01348	0.01014	0.02550	0.42948	0.02268	0.01955	0.02048	0.01531	0.00725	0.00580	0.00178	0.00521	0.02634	0.00506	0.20146
8	0.02289	0.02851	0.01740	0.01568	0.01893	0.71929	0.01182	0.06327	0.01798	0.01629	0.00975	0.01124	0.00802	0.00637	0.00555	0.00159	0.01080	0.00403	0.00332	0.00728
9	0.01211	0.01155	0.01969	0.63977	0.11553	0.01395	0.04196	0.01608	0.01240	0.01621	0.01090	0.01610	0.00836	0.00618	0.00664	0.00204	0.03513	0.00550	0.00276	0.00715
10	0.03841	0.01084	0.01639	0.29786	0.13709	0.01131	0.02864	0.02940	0.01313	0.04713	0.01502	0.09980	0.01356	0.00760	0.00599	0.00184	0.00641	0.03384	0.02093	0.16478
11	0.07051	0.04735	0.03166	0.03532	0.01557	0.08456	0.04048	0.05659	0.05149	0.07425	0.07794	0.07722	0.05759	0.03833	0.00803	0.00201	0.06910	0.02246	0.02176	0.11778
12	0.01235	0.01094	0.05077	0.01150	0.01456	0.04431	0.09764	0.01481	0.01399	0.08707	0.12542	0.09623	0.16270	0.05256	0.00910	0.02797	0.03404	0.04195	0.00489	0.08721
13	0.01525	0.03439	0.08874	0.05196	0.03487	0.12596	0.07123	0.10690	0.06780	0.03376	0.07373	0.05349	0.03396	0.03264	0.04194	0.00235	0.05361	0.00654	0.00422	0.06667
14	0.01443	0.08328	0.20831	0.04708	0.01999	0.03220	0.07619	0.08467	0.03261	0.06639	0.01745	0.03656	0.06290	0.03774	0.03393	0.00229	0.03517	0.01836	0.02363	0.06682
15	0.05703	0.17548	0.12757	0.02686	0.01755	0.07624	0.03652	0.09582	0.05298	0.06961	0.03124	0.04521	0.03394	0.01032	0.06722	0.00240	0.00755	0.00565	0.02468	0.03610
16	0.04588	0.12223	0.08778	0.04040	0.01725	0.04240	0.02321	0.15892	0.07263	0.07500	0.07028	0.03716	0.03074	0.04373	0.03375	0.00230	0.04888	0.00611	0.00458	0.03680
17	0.01934	0.22592	0.07370	0.01277	0.01775	0.03556	0.01152	0.33401	0.09789	0.06142	0.01594	0.01598	0.03788	0.00706	0.00555	0.00173	0.00654	0.00526	0.00492	0.00927
18	0.01878	0.28731	0.07640	0.01252	0.01751	0.01899	0.01151	0.28617	0.08670	0.06545	0.01382	0.01443	0.01060	0.00855	0.04354	0.00209	0.00707	0.00487	0.00458	0.00910
19	0.02025	0.12325	0.11073	0.01447	0.04600	0.01795	0.01273	0.43672	0.04871	0.07048	0.01521	0.01543	0.02641	0.00703	0.00581	0.00179	0.00678	0.00533	0.00517	0.00973
20	0.01825	0.24676	0.18036	0.01361	0.01924	0.08310	0.01342	0.27911	0.01903	0.02450	0.01339	0.01421	0.03616	0.00661	0.00540	0.00169	0.00742	0.00478	0.00406	0.00889
21	0.01947	0.18494	0.07722	0.01314	0.01808	0.01871	0.01176	0.42845	0.07384	0.02965	0.01485	0.05626	0.01190	0.00749	0.00572	0.00178	0.00656	0.00570	0.00507	0.00940
22	0.01840	0.36277	0.11776	0.01292	0.01834	0.06134	0.01244	0.25016	0.05190	0.02347	0.01166	0.01248	0.00918	0.00620	0.00508	0.00161	0.00709	0.00437	0.00395	0.00888
23	0.07855	0.17683	0.11703	0.01273	0.01776	0.03563	0.01184	0.25827	0.13816	0.04529	0.01447	0.01481	0.01087	0.00672	0.00539	0.00177	0.00647	0.00497	0.03339	0.00905

[dist]
# distance from previous block
# <min> <max>
0	68

# created by:
# /home/cegg/simao/soft/augustus-3.2.1/scripts/msa2prfl.pl ./align_prep/EOG090W0KJA.fa
