[name]
unknown

[dist]
# distance from previous block
# <min> <max>
2	33

[block]
# block no. 0 follows, 35 sequences, length 24
# corresponding to MSA columns:
# 36-59
name=unknown_A
#
# <colnr> <probs for GDERKNQSTAVLIFYWHMCP>
#	G	D	E	R	K	N	Q	S	T	A	V	L	I	F	Y	W	H	M	C	P
0	0.01521	0.18724	0.23189	0.01546	0.07068	0.03375	0.01460	0.11164	0.05654	0.02176	0.04638	0.05085	0.01453	0.00909	0.03284	0.00216	0.00758	0.03501	0.00397	0.03882
1	0.12036	0.10038	0.06594	0.03778	0.01503	0.03096	0.00944	0.05628	0.12954	0.02179	0.08896	0.14934	0.08886	0.01106	0.00682	0.02475	0.00537	0.02505	0.00499	0.00730
2	0.08154	0.04620	0.03369	0.04840	0.02033	0.02956	0.15974	0.06348	0.01487	0.09971	0.01767	0.01932	0.07682	0.00724	0.00728	0.00183	0.07284	0.00608	0.00426	0.18915
3	0.01701	0.09234	0.13074	0.06119	0.01897	0.11257	0.01215	0.16976	0.01739	0.06950	0.02022	0.04006	0.09696	0.08575	0.00911	0.00234	0.02472	0.00669	0.00448	0.00805
4	0.09591	0.01621	0.08901	0.01370	0.06243	0.17006	0.01080	0.01884	0.06806	0.04041	0.17455	0.08831	0.02565	0.02459	0.00697	0.00209	0.00654	0.05706	0.00486	0.02394
5	0.01323	0.01152	0.03658	0.11979	0.12895	0.01110	0.10446	0.05185	0.03395	0.06639	0.08479	0.06130	0.14628	0.09044	0.00959	0.00250	0.00644	0.00871	0.00465	0.00747
6	0.01031	0.00846	0.03873	0.00840	0.01082	0.00733	0.00686	0.05703	0.01458	0.03522	0.04166	0.07821	0.36485	0.03331	0.09896	0.00313	0.00567	0.04338	0.10444	0.02868
7	0.01754	0.05015	0.01639	0.01475	0.05292	0.28533	0.01097	0.03877	0.13683	0.01976	0.06699	0.01937	0.03589	0.00831	0.00805	0.00192	0.11690	0.00590	0.08556	0.00770
8	0.00877	0.00596	0.00705	0.00750	0.00762	0.00585	0.00447	0.00911	0.01012	0.01349	0.02456	0.26494	0.02884	0.54575	0.02490	0.00506	0.00540	0.01192	0.00447	0.00424
9	0.01838	0.01346	0.01527	0.01149	0.01673	0.01264	0.00933	0.24216	0.06927	0.09984	0.01495	0.01541	0.01118	0.00622	0.00552	0.00144	0.00552	0.00489	0.00519	0.42112
10	0.05473	0.05053	0.09654	0.01649	0.12185	0.03497	0.02670	0.17465	0.03791	0.06065	0.01429	0.05161	0.01164	0.00679	0.00576	0.00168	0.00653	0.00555	0.00445	0.21666
11	0.01610	0.12393	0.31398	0.01473	0.02087	0.07703	0.01571	0.16987	0.01788	0.02397	0.10333	0.01958	0.01620	0.00762	0.00609	0.00190	0.00776	0.03047	0.00418	0.00880
12	0.00947	0.00723	0.00958	0.00885	0.01020	0.00734	0.00678	0.01230	0.01713	0.02442	0.66107	0.04401	0.05467	0.01278	0.00882	0.00207	0.07974	0.01088	0.00656	0.00608
13	0.01531	0.01596	0.04729	0.02507	0.13059	0.01508	0.43327	0.08930	0.01631	0.02218	0.01567	0.02387	0.01334	0.00725	0.00733	0.00218	0.00919	0.09833	0.00385	0.00866
14	0.01851	0.01625	0.01981	0.05609	0.13071	0.12329	0.08844	0.19654	0.03762	0.07871	0.01700	0.12326	0.01497	0.00878	0.00723	0.00204	0.03970	0.00748	0.00479	0.00876
15	0.01969	0.00997	0.01356	0.11030	0.01805	0.00970	0.00959	0.02408	0.08863	0.37821	0.21649	0.02821	0.02714	0.00912	0.00668	0.00201	0.00511	0.00775	0.00681	0.00891
16	0.00750	0.00643	0.00643	0.00643	0.00857	0.00536	0.00482	0.00910	0.01446	0.01714	0.06427	0.06105	0.73490	0.01607	0.00750	0.00214	0.00321	0.01339	0.00589	0.00536
17	0.01544	0.21472	0.47194	0.01573	0.02355	0.01760	0.01873	0.09026	0.01508	0.04480	0.01159	0.01306	0.00859	0.00610	0.00559	0.00184	0.00836	0.00453	0.00323	0.00926
18	0.01632	0.01998	0.13311	0.02604	0.16486	0.08938	0.37812	0.02114	0.01510	0.05468	0.01274	0.01596	0.00963	0.00574	0.00682	0.00201	0.00972	0.00634	0.00335	0.00895
19	0.00881	0.00636	0.00833	0.00809	0.00944	0.00588	0.00597	0.01155	0.01718	0.02421	0.64120	0.14382	0.05748	0.01389	0.00756	0.00207	0.00308	0.01234	0.00684	0.00588
20	0.00817	0.00591	0.00773	0.00902	0.00969	0.00556	0.00641	0.00956	0.01261	0.01656	0.03649	0.57236	0.09633	0.05048	0.00916	0.00274	0.00409	0.12611	0.00580	0.00523
21	0.12120	0.01390	0.06359	0.01562	0.12105	0.01163	0.06097	0.01783	0.03089	0.02164	0.01144	0.01373	0.00930	0.00541	0.00562	0.00145	0.02798	0.00445	0.00362	0.43868
22	0.12907	0.01650	0.01714	0.01355	0.01828	0.01845	0.01111	0.53566	0.11698	0.03672	0.01574	0.01566	0.01137	0.00751	0.00604	0.00194	0.00645	0.00560	0.00604	0.01017
23	0.01886	0.22786	0.04917	0.01577	0.07378	0.22368	0.01240	0.08501	0.17174	0.02048	0.01369	0.01458	0.01098	0.00683	0.00598	0.00176	0.02976	0.00490	0.00404	0.00873

[dist]
# distance from previous block
# <min> <max>
0	2

[block]
# block no. 1 follows, 35 sequences, length 25
# corresponding to MSA columns:
# 62-86
name=unknown_B
#
# <colnr> <probs for GDERKNQSTAVLIFYWHMCP>
#	G	D	E	R	K	N	Q	S	T	A	V	L	I	F	Y	W	H	M	C	P
0	0.01625	0.65626	0.15167	0.01206	0.01814	0.02337	0.01295	0.01918	0.01297	0.01579	0.00925	0.01071	0.00812	0.00553	0.00440	0.00147	0.00722	0.00361	0.00271	0.00835
1	0.01346	0.01225	0.01720	0.01229	0.01805	0.00972	0.12528	0.01670	0.01346	0.02061	0.01154	0.01381	0.00943	0.00481	0.00516	0.00114	0.00570	0.00438	0.00367	0.68135
2	0.00837	0.00591	0.00774	0.00897	0.00945	0.00566	0.00623	0.00958	0.01205	0.01599	0.03225	0.53996	0.03795	0.14563	0.01223	0.00323	0.00443	0.12378	0.00554	0.00504
3	0.01687	0.72349	0.03183	0.01101	0.01630	0.02440	0.01079	0.02010	0.06623	0.01579	0.01009	0.01119	0.00898	0.00567	0.00425	0.00142	0.00665	0.00367	0.00299	0.00828
4	0.01822	0.01683	0.06262	0.02175	0.07887	0.01639	0.31790	0.17355	0.01784	0.10019	0.01398	0.01651	0.01032	0.00684	0.00852	0.00212	0.09753	0.00648	0.00431	0.00924
5	0.01430	0.09514	0.05900	0.01027	0.01607	0.01094	0.00900	0.03610	0.01375	0.04231	0.01154	0.01316	0.00941	0.00503	0.00481	0.00111	0.00528	0.00391	0.00378	0.63511
6	0.01760	0.53272	0.13360	0.01292	0.01852	0.15867	0.01294	0.02033	0.01391	0.01579	0.00938	0.01088	0.00813	0.00572	0.00466	0.00150	0.00803	0.00371	0.00281	0.00817
7	0.00923	0.00615	0.00692	0.00692	0.00692	0.00615	0.00384	0.00923	0.00923	0.01230	0.01999	0.04151	0.02306	0.77705	0.03229	0.00615	0.00615	0.00923	0.00384	0.00384
8	0.02209	0.20954	0.02162	0.01503	0.01882	0.57804	0.01192	0.02382	0.01676	0.01538	0.00957	0.01114	0.00816	0.00627	0.00533	0.00157	0.01033	0.00392	0.00314	0.00754
9	0.01862	0.01146	0.03819	0.01071	0.01492	0.01018	0.00888	0.07079	0.12010	0.27013	0.13575	0.02496	0.03972	0.00834	0.00619	0.00180	0.00490	0.00691	0.05066	0.14680
10	0.00994	0.00769	0.00922	0.00862	0.01055	0.00756	0.00653	0.01529	0.13733	0.02459	0.53064	0.04508	0.13729	0.01262	0.00731	0.00204	0.00336	0.01098	0.00676	0.00659
11	0.01874	0.62926	0.05232	0.01115	0.01662	0.02215	0.01099	0.02102	0.01378	0.13618	0.01160	0.01218	0.00940	0.00585	0.00452	0.00148	0.00663	0.00393	0.00357	0.00862
12	0.00906	0.00680	0.01020	0.01020	0.01133	0.00793	0.00793	0.01133	0.01020	0.01473	0.01699	0.02492	0.01586	0.04758	0.75191	0.01020	0.01699	0.00680	0.00340	0.00566
13	0.00760	0.00643	0.00658	0.00654	0.00863	0.00540	0.00490	0.00931	0.01471	0.01774	0.11269	0.06006	0.68610	0.01584	0.00750	0.00213	0.00320	0.01325	0.00597	0.00540
14	0.02370	0.03023	0.01798	0.01634	0.01961	0.75158	0.01226	0.02533	0.01798	0.01553	0.00981	0.01144	0.00817	0.00654	0.00572	0.00163	0.01144	0.00409	0.00327	0.00735
15	0.01941	0.01610	0.02330	0.14195	0.02681	0.01733	0.19039	0.36632	0.06317	0.04863	0.01483	0.01664	0.01073	0.00689	0.00664	0.00201	0.00801	0.00625	0.00501	0.00956
16	0.00802	0.00577	0.00762	0.00872	0.00937	0.00537	0.00602	0.00951	0.01326	0.01786	0.15221	0.60795	0.06411	0.01854	0.00800	0.00248	0.00363	0.04017	0.00607	0.00532
17	0.00923	0.00615	0.00692	0.00692	0.00692	0.00615	0.00384	0.00923	0.00923	0.01230	0.01999	0.04151	0.02306	0.77705	0.03229	0.00615	0.00615	0.00923	0.00384	0.00384
18	0.01315	0.01128	0.01315	0.00940	0.01503	0.00846	0.00752	0.01597	0.01315	0.02067	0.01128	0.01315	0.00940	0.00470	0.00470	0.00094	0.00470	0.00376	0.00376	0.81583
19	0.01808	0.01798	0.01543	0.01384	0.01740	0.20196	0.01067	0.05613	0.52197	0.02424	0.02139	0.02027	0.01623	0.00805	0.00627	0.00201	0.00671	0.00634	0.00565	0.00939
20	0.01272	0.03281	0.74418	0.01808	0.02746	0.01473	0.02344	0.02009	0.01339	0.02009	0.01138	0.01339	0.00804	0.00603	0.00603	0.00201	0.00938	0.00469	0.00268	0.00938
21	0.01497	0.01711	0.03743	0.02674	0.03316	0.01604	0.71444	0.02032	0.01497	0.02032	0.01283	0.01711	0.00963	0.00535	0.00749	0.00214	0.01070	0.00749	0.00321	0.00856
22	0.02412	0.01777	0.01904	0.01460	0.01967	0.01967	0.01206	0.71633	0.02983	0.03998	0.01523	0.01523	0.01079	0.00762	0.00635	0.00190	0.00698	0.00571	0.00635	0.01079
23	0.00773	0.00552	0.00736	0.00883	0.00920	0.00515	0.00589	0.00883	0.01215	0.01619	0.03497	0.77291	0.04196	0.01987	0.00810	0.00258	0.00368	0.01803	0.00589	0.00515
24	0.02323	0.01726	0.01778	0.01394	0.01859	0.07251	0.01138	0.55456	0.02708	0.09260	0.07255	0.01800	0.01487	0.00798	0.00639	0.00190	0.00687	0.00610	0.00629	0.01015

[dist]
# distance from previous block
# <min> <max>
0	3

[block]
# block no. 2 follows, 35 sequences, length 143
# corresponding to MSA columns:
# 90-120,139-150,153-252
name=unknown_C
#
# <colnr> <probs for GDERKNQSTAVLIFYWHMCP>
#	G	D	E	R	K	N	Q	S	T	A	V	L	I	F	Y	W	H	M	C	P
0	0.18351	0.02418	0.01570	0.01423	0.01768	0.49534	0.01085	0.02521	0.12001	0.01974	0.01195	0.01300	0.00955	0.00671	0.00547	0.00178	0.00918	0.00441	0.00387	0.00765
1	0.00777	0.00631	0.00689	0.00702	0.00880	0.00543	0.00516	0.00952	0.01469	0.01833	0.16701	0.16017	0.52856	0.01611	0.00758	0.00218	0.00324	0.01374	0.00607	0.00543
2	0.01628	0.66148	0.14671	0.01201	0.01807	0.02345	0.01286	0.01917	0.01297	0.01575	0.00923	0.01069	0.00812	0.00552	0.00438	0.00146	0.00720	0.00360	0.00271	0.00834
3	0.05560	0.43341	0.20847	0.01306	0.01928	0.02090	0.01392	0.09609	0.05076	0.02020	0.01102	0.01222	0.00891	0.00600	0.00492	0.00165	0.00728	0.00416	0.00335	0.00877
4	0.01314	0.00934	0.04579	0.00958	0.01222	0.00818	0.00780	0.01804	0.10674	0.13922	0.47259	0.03844	0.04396	0.03702	0.00794	0.00215	0.00405	0.00971	0.00674	0.00736
5	0.01036	0.00685	0.00821	0.00775	0.00980	0.00602	0.00585	0.01258	0.01609	0.09831	0.32629	0.10325	0.33660	0.01422	0.00741	0.00210	0.00339	0.01221	0.00654	0.00618
6	0.03616	0.01817	0.01759	0.01468	0.01845	0.27874	0.09882	0.05234	0.03577	0.18963	0.07860	0.06136	0.03413	0.00858	0.00651	0.00194	0.00797	0.02722	0.00515	0.00820
7	0.01612	0.01679	0.04640	0.24160	0.37428	0.11503	0.01765	0.06061	0.01529	0.01984	0.01163	0.01537	0.00931	0.00610	0.00622	0.00192	0.00836	0.00541	0.00324	0.00884
8	0.01035	0.00699	0.00924	0.01035	0.01174	0.00696	0.00878	0.01307	0.01407	0.01929	0.03150	0.06187	0.05016	0.06084	0.00943	0.00286	0.00533	0.52700	0.13443	0.00572
9	0.01329	0.02860	0.55768	0.02010	0.02854	0.01516	0.18751	0.02002	0.01368	0.02002	0.01165	0.01429	0.00842	0.00599	0.00675	0.00206	0.02893	0.00538	0.00281	0.00912
10	0.01357	0.01235	0.03566	0.01101	0.01330	0.10825	0.03810	0.05135	0.11387	0.02004	0.05898	0.05582	0.02006	0.16430	0.08787	0.00359	0.00729	0.02645	0.15146	0.00668
11	0.01422	0.07947	0.19613	0.19679	0.33590	0.01559	0.03549	0.01885	0.01368	0.01907	0.01142	0.01502	0.00904	0.00587	0.00609	0.00193	0.00820	0.00528	0.00292	0.00902
12	0.00785	0.00632	0.00702	0.00723	0.00897	0.00549	0.00536	0.00963	0.01462	0.01829	0.15854	0.17300	0.49858	0.01626	0.00764	0.00222	0.00335	0.03815	0.00605	0.00543
13	0.03931	0.01514	0.03629	0.10962	0.05775	0.04167	0.12446	0.21706	0.01840	0.10256	0.01457	0.01711	0.01092	0.02218	0.00830	0.00211	0.08610	0.00598	0.06166	0.00880
14	0.05817	0.01423	0.04905	0.01229	0.01565	0.05374	0.01003	0.23239	0.15953	0.02694	0.06096	0.17557	0.04466	0.01078	0.00706	0.00212	0.02904	0.00884	0.02058	0.00838
15	0.00774	0.00640	0.00679	0.00676	0.00874	0.00545	0.00504	0.00955	0.01494	0.01843	0.17013	0.08427	0.60245	0.01571	0.00752	0.00213	0.00319	0.01325	0.00607	0.00545
16	0.01693	0.61535	0.06982	0.01326	0.01888	0.06660	0.08723	0.01957	0.01344	0.01581	0.00944	0.01116	0.00830	0.00552	0.00464	0.00149	0.00762	0.00394	0.00280	0.00820
17	0.01647	0.33092	0.11679	0.03692	0.12899	0.06875	0.05090	0.02007	0.03536	0.04085	0.01095	0.01322	0.00912	0.00642	0.00694	0.00179	0.08924	0.00466	0.00313	0.00854
18	0.01660	0.19713	0.39283	0.01602	0.02289	0.21440	0.01767	0.02125	0.01451	0.01773	0.01040	0.01216	0.00810	0.00603	0.00551	0.00176	0.00936	0.00424	0.00284	0.00856
19	0.00766	0.00648	0.00665	0.00674	0.00884	0.00547	0.00514	0.00934	0.01447	0.01725	0.06245	0.06167	0.69356	0.01615	0.00757	0.00219	0.00337	0.05373	0.00589	0.00538
20	0.01321	0.01215	0.01996	0.65834	0.04103	0.01469	0.05230	0.07859	0.01432	0.01853	0.01171	0.01677	0.00872	0.00641	0.00640	0.00210	0.00844	0.00574	0.00315	0.00746
21	0.02023	0.06299	0.01876	0.13312	0.02248	0.01784	0.01233	0.38928	0.16802	0.06487	0.01683	0.01721	0.01224	0.00749	0.00623	0.00196	0.00673	0.00589	0.00565	0.00987
22	0.00868	0.00633	0.00817	0.00801	0.00937	0.00581	0.00589	0.01128	0.01680	0.02341	0.57808	0.16409	0.10181	0.01428	0.00758	0.00210	0.00312	0.01265	0.00674	0.00581
23	0.00889	0.00648	0.00836	0.00789	0.00942	0.00595	0.00592	0.01180	0.01775	0.02495	0.69447	0.04820	0.09982	0.01315	0.00748	0.00200	0.00301	0.01159	0.00692	0.00595
24	0.01198	0.01128	0.01903	0.76180	0.04369	0.01409	0.01762	0.01621	0.01268	0.01621	0.01128	0.01691	0.00846	0.00634	0.00634	0.00211	0.00846	0.00564	0.00282	0.00705
25	0.59365	0.03055	0.04825	0.00974	0.01407	0.03123	0.00846	0.05914	0.01318	0.10586	0.02888	0.01290	0.00947	0.00639	0.00457	0.00194	0.00545	0.00416	0.00446	0.00766
26	0.01460	0.01645	0.03563	0.02557	0.03168	0.01542	0.67041	0.01980	0.01516	0.02064	0.05767	0.01899	0.01275	0.00582	0.00749	0.00213	0.01022	0.00773	0.00344	0.00840
27	0.01758	0.01322	0.01471	0.01259	0.01614	0.01480	0.01000	0.15383	0.39809	0.10121	0.08093	0.02490	0.05152	0.00917	0.00737	0.00211	0.04854	0.00735	0.00639	0.00955
28	0.02088	0.06789	0.05576	0.01505	0.01898	0.42904	0.01213	0.06782	0.19535	0.03486	0.01447	0.01496	0.01127	0.00706	0.00588	0.00179	0.00907	0.00499	0.00428	0.00845
29	0.01524	0.01234	0.01632	0.01342	0.01680	0.05142	0.12110	0.08751	0.16396	0.08878	0.26092	0.07332	0.03104	0.00995	0.00701	0.00205	0.00573	0.00894	0.00602	0.00814
30	0.45275	0.03270	0.01402	0.14858	0.01990	0.01553	0.01016	0.17189	0.01560	0.05030	0.01119	0.01295	0.00833	0.00640	0.00498	0.00196	0.00608	0.00443	0.00434	0.00792
31	0.01466	0.05710	0.13798	0.02186	0.06858	0.06054	0.35741	0.03510	0.01498	0.01988	0.01567	0.04826	0.01385	0.00767	0.00707	0.00214	0.00920	0.09617	0.00361	0.00826
32	0.01884	0.51116	0.11177	0.01220	0.01783	0.07924	0.01219	0.02153	0.01419	0.13159	0.01178	0.01247	0.00934	0.00597	0.00480	0.00155	0.00724	0.00407	0.00357	0.00865
33	0.79459	0.01296	0.03409	0.00867	0.01278	0.01425	0.00743	0.01870	0.01088	0.02818	0.00892	0.01041	0.00691	0.00589	0.00400	0.00196	0.00506	0.00348	0.00388	0.00695
34	0.01336	0.01305	0.02356	0.39060	0.14882	0.01452	0.17624	0.01753	0.01336	0.01826	0.01213	0.01699	0.00943	0.00634	0.00731	0.00208	0.05167	0.00607	0.05088	0.00780
35	0.01885	0.01411	0.11607	0.01494	0.01985	0.01085	0.15281	0.02294	0.03571	0.31647	0.07473	0.08761	0.02044	0.00917	0.00695	0.00213	0.00670	0.05491	0.00582	0.00897
36	0.02798	0.01157	0.01520	0.01165	0.01658	0.01047	0.00963	0.10656	0.01945	0.66441	0.02395	0.02089	0.01516	0.00783	0.00638	0.00196	0.00557	0.00631	0.00769	0.01080
37	0.00773	0.00552	0.00736	0.00883	0.00920	0.00515	0.00589	0.00883	0.01215	0.01619	0.03497	0.77291	0.04196	0.01987	0.00810	0.00258	0.00368	0.01803	0.00589	0.00515
38	0.01328	0.16151	0.32144	0.03521	0.08320	0.01483	0.01583	0.01890	0.06564	0.01933	0.01545	0.09660	0.01357	0.00856	0.02160	0.00208	0.00741	0.00632	0.07086	0.00837
39	0.01377	0.20709	0.51169	0.03913	0.02469	0.01743	0.01973	0.01943	0.01304	0.01847	0.01060	0.01277	0.00809	0.00620	0.00645	0.00190	0.05350	0.00446	0.00270	0.00887
40	0.02846	0.01080	0.01472	0.01129	0.01619	0.00932	0.00932	0.03092	0.01816	0.74187	0.02503	0.02159	0.01570	0.00785	0.00638	0.00196	0.00540	0.00638	0.00785	0.01080
41	0.01501	0.01670	0.03511	0.02771	0.11781	0.01609	0.59500	0.01996	0.01465	0.02012	0.01250	0.01678	0.00961	0.00567	0.00801	0.00214	0.04812	0.00717	0.00318	0.00866
42	0.01497	0.01428	0.02428	0.12419	0.49132	0.01487	0.07327	0.04196	0.01476	0.02078	0.05461	0.01773	0.01270	0.00649	0.00719	0.00199	0.04587	0.00614	0.00342	0.00918
43	0.01257	0.00850	0.01007	0.00896	0.01118	0.00853	0.00692	0.10858	0.06282	0.05272	0.45487	0.03691	0.04225	0.01091	0.00674	0.00191	0.00373	0.00937	0.13542	0.00704
44	0.00759	0.00643	0.00657	0.00666	0.00873	0.00541	0.00502	0.00922	0.01439	0.01717	0.06244	0.08289	0.69252	0.01623	0.00755	0.00218	0.00331	0.03445	0.00589	0.00536
45	0.07392	0.01347	0.02006	0.24918	0.17443	0.01495	0.05823	0.09558	0.07066	0.10076	0.01421	0.01688	0.01063	0.00687	0.00710	0.00206	0.05221	0.00580	0.00420	0.00878
46	0.01526	0.01936	0.14717	0.02418	0.05702	0.01601	0.48916	0.06453	0.06091	0.02192	0.01355	0.01677	0.01008	0.00582	0.00707	0.00209	0.00977	0.00684	0.00352	0.00898
47	0.00781	0.00558	0.00746	0.00893	0.00933	0.00523	0.00603	0.00898	0.01223	0.01629	0.03492	0.74928	0.04177	0.01980	0.00812	0.00259	0.00375	0.04084	0.00589	0.00518
48	0.01265	0.00727	0.00888	0.00828	0.00936	0.00719	0.00549	0.03458	0.01155	0.13006	0.02124	0.07922	0.02193	0.51480	0.09600	0.00553	0.00697	0.00895	0.00464	0.00542
49	0.05377	0.04118	0.02725	0.01012	0.01296	0.01051	0.00807	0.12461	0.09004	0.08261	0.20699	0.17537	0.10686	0.01214	0.00689	0.00210	0.00455	0.01033	0.00616	0.00751
50	0.01385	0.01456	0.02597	0.02023	0.02294	0.01688	0.30512	0.01686	0.01210	0.01745	0.01233	0.07569	0.01155	0.00940	0.01425	0.00249	0.39031	0.00735	0.00320	0.00747
51	0.00905	0.00670	0.00735	0.00704	0.00921	0.00572	0.00533	0.01101	0.01542	0.06181	0.20442	0.05581	0.54875	0.01492	0.00743	0.00210	0.00330	0.01257	0.00624	0.00581
52	0.06490	0.01315	0.01731	0.02034	0.25287	0.01368	0.01240	0.09144	0.19931	0.11814	0.02395	0.02387	0.10445	0.00822	0.00636	0.00200	0.00586	0.00699	0.00531	0.00944
53	0.01619	0.60000	0.14405	0.01370	0.06074	0.02266	0.01332	0.01954	0.02980	0.01635	0.00981	0.01133	0.00850	0.00561	0.00456	0.00151	0.00719	0.00382	0.00282	0.00849
54	0.00768	0.00643	0.00669	0.00662	0.00868	0.00543	0.00497	0.00947	0.01490	0.01818	0.14871	0.05933	0.64980	0.01568	0.00750	0.00212	0.00319	0.01315	0.00603	0.00543
55	0.01698	0.01749	0.02451	0.03533	0.62291	0.13262	0.01832	0.02040	0.01501	0.01990	0.01159	0.01502	0.00975	0.00579	0.00619	0.00184	0.00816	0.00540	0.00316	0.00962
56	0.01746	0.11395	0.08340	0.04187	0.13281	0.03419	0.01271	0.14032	0.15069	0.07453	0.01642	0.01751	0.01250	0.00739	0.00632	0.02437	0.00646	0.00561	0.09240	0.00910
57	0.01429	0.01375	0.02373	0.26118	0.44174	0.01469	0.05963	0.01822	0.01383	0.01912	0.01236	0.01783	0.01030	0.00634	0.00678	0.00202	0.02532	0.02691	0.00312	0.00883
58	0.02846	0.01080	0.01472	0.01129	0.01619	0.00932	0.00932	0.03092	0.01816	0.74187	0.02503	0.02159	0.01570	0.00785	0.00638	0.00196	0.00540	0.00638	0.00785	0.01080
59	0.01272	0.03281	0.74418	0.01808	0.02746	0.01473	0.02344	0.02009	0.01339	0.02009	0.01138	0.01339	0.00804	0.00603	0.00603	0.00201	0.00938	0.00469	0.00268	0.00938
60	0.01388	0.01559	0.07084	0.20591	0.16446	0.01469	0.33137	0.01863	0.01441	0.01970	0.05703	0.01846	0.01245	0.00616	0.00690	0.00207	0.00901	0.00678	0.00330	0.00835
61	0.02188	0.01666	0.01778	0.01414	0.01882	0.01863	0.01152	0.53347	0.21632	0.03638	0.01807	0.01749	0.01309	0.00788	0.00638	0.00197	0.00646	0.00610	0.00638	0.01059
62	0.01272	0.03281	0.74418	0.01808	0.02746	0.01473	0.02344	0.02009	0.01339	0.02009	0.01138	0.01339	0.00804	0.00603	0.00603	0.00201	0.00938	0.00469	0.00268	0.00938
63	0.01579	0.13634	0.48464	0.01640	0.02417	0.06062	0.01918	0.13136	0.01622	0.02226	0.01154	0.01311	0.00850	0.00623	0.00578	0.00188	0.00875	0.00463	0.00330	0.00931
64	0.01238	0.00933	0.01141	0.01143	0.01370	0.00991	0.00941	0.02020	0.24777	0.04442	0.15154	0.05023	0.03430	0.01353	0.00772	0.00248	0.00507	0.33149	0.00630	0.00739
65	0.00992	0.00669	0.00878	0.00814	0.00980	0.00615	0.00615	0.01289	0.01797	0.06014	0.69979	0.04614	0.05772	0.01272	0.00743	0.00199	0.00311	0.01123	0.00703	0.00622
66	0.03176	0.01344	0.02235	0.32357	0.40384	0.01492	0.01813	0.01791	0.01339	0.01878	0.01139	0.01596	0.00925	0.00625	0.00711	0.00203	0.05272	0.00559	0.00301	0.00860
67	0.01343	0.03188	0.69911	0.01786	0.02697	0.01504	0.02273	0.06336	0.01442	0.02133	0.01162	0.01351	0.00821	0.00613	0.00605	0.00200	0.00923	0.00475	0.00291	0.00946
68	0.00750	0.00643	0.00643	0.00643	0.00857	0.00536	0.00482	0.00910	0.01446	0.01714	0.06427	0.06105	0.73490	0.01607	0.00750	0.00214	0.00321	0.01339	0.00589	0.00536
69	0.01578	0.01363	0.01434	0.01291	0.01650	0.01578	0.01004	0.03371	0.72602	0.02654	0.02582	0.02367	0.01937	0.00861	0.00646	0.00215	0.00502	0.00717	0.00646	0.01004
70	0.01425	0.01175	0.01813	0.59549	0.03755	0.01409	0.01585	0.10032	0.01504	0.05606	0.01293	0.01730	0.00951	0.00663	0.00625	0.00205	0.00784	0.00570	0.04566	0.00762
71	0.01628	0.66148	0.14671	0.01201	0.01807	0.02345	0.01286	0.01917	0.01297	0.01575	0.00923	0.01069	0.00812	0.00552	0.00438	0.00146	0.00720	0.00360	0.00271	0.00834
72	0.00750	0.00643	0.00643	0.00643	0.00857	0.00536	0.00482	0.00910	0.01446	0.01714	0.06427	0.06105	0.73490	0.01607	0.00750	0.00214	0.00321	0.01339	0.00589	0.00536
73	0.01570	0.01507	0.02575	0.03894	0.73748	0.01507	0.01947	0.01947	0.01444	0.02073	0.01193	0.01570	0.01005	0.00565	0.00628	0.00188	0.00754	0.00565	0.00314	0.01005
74	0.01497	0.01711	0.03743	0.02674	0.03316	0.01604	0.71444	0.02032	0.01497	0.02032	0.01283	0.01711	0.00963	0.00535	0.00749	0.00214	0.01070	0.00749	0.00321	0.00856
75	0.00786	0.00562	0.00751	0.00898	0.00941	0.00527	0.00612	0.00906	0.01228	0.01634	0.03489	0.73571	0.04167	0.01975	0.00813	0.00259	0.00380	0.05393	0.00589	0.00519
76	0.01696	0.78087	0.03324	0.01085	0.01628	0.02510	0.01085	0.01900	0.01289	0.01493	0.00882	0.01018	0.00814	0.00543	0.00407	0.00136	0.00678	0.00339	0.00271	0.00814
77	0.01336	0.00741	0.00792	0.00733	0.00904	0.00753	0.00536	0.07099	0.03379	0.06520	0.02051	0.02657	0.01729	0.16741	0.01055	0.00253	0.00414	0.00665	0.51014	0.00627
78	0.02846	0.01080	0.01472	0.01129	0.01619	0.00932	0.00932	0.03092	0.01816	0.74187	0.02503	0.02159	0.01570	0.00785	0.00638	0.00196	0.00540	0.00638	0.00785	0.01080
79	0.01570	0.01507	0.02575	0.03894	0.73748	0.01507	0.01947	0.01947	0.01444	0.02073	0.01193	0.01570	0.01005	0.00565	0.00628	0.00188	0.00754	0.00565	0.00314	0.01005
80	0.01387	0.01298	0.01904	0.37382	0.23591	0.07177	0.01574	0.01695	0.01317	0.01729	0.01181	0.01673	0.00957	0.00790	0.00816	0.08941	0.00783	0.00552	0.04511	0.00742
81	0.02335	0.02965	0.01803	0.01635	0.01951	0.72547	0.01232	0.02497	0.01768	0.01552	0.00975	0.01153	0.00818	0.00670	0.00626	0.00168	0.03834	0.00414	0.00325	0.00734
82	0.00773	0.00552	0.00736	0.00883	0.00920	0.00515	0.00589	0.00883	0.01215	0.01619	0.03497	0.77291	0.04196	0.01987	0.00810	0.00258	0.00368	0.01803	0.00589	0.00515
83	0.01578	0.01363	0.01434	0.01291	0.01650	0.01578	0.01004	0.03371	0.72602	0.02654	0.02582	0.02367	0.01937	0.00861	0.00646	0.00215	0.00502	0.00717	0.00646	0.01004
84	0.06711	0.01214	0.01544	0.01246	0.01647	0.01224	0.04743	0.22366	0.01943	0.29327	0.02143	0.13033	0.01734	0.01248	0.06593	0.00270	0.00678	0.00784	0.00630	0.00921
85	0.02756	0.01225	0.01562	0.01197	0.01692	0.01147	0.00989	0.17335	0.02058	0.59601	0.02299	0.02027	0.01468	0.00780	0.00637	0.00195	0.00573	0.00624	0.00754	0.01079
86	0.00750	0.00643	0.00643	0.00643	0.00857	0.00536	0.00482	0.00910	0.01446	0.01714	0.06427	0.06105	0.73490	0.01607	0.00750	0.00214	0.00321	0.01339	0.00589	0.00536
87	0.01616	0.01443	0.01452	0.01308	0.01665	0.05142	0.01015	0.03330	0.69173	0.02600	0.02504	0.02308	0.01882	0.00851	0.00642	0.00213	0.00533	0.00702	0.00630	0.00991
88	0.01973	0.01258	0.01442	0.01240	0.01635	0.01349	0.00989	0.05468	0.44836	0.24886	0.02560	0.02506	0.01877	0.00877	0.00654	0.00212	0.00524	0.04018	0.00686	0.01010
89	0.00773	0.00552	0.00736	0.00883	0.00920	0.00515	0.00589	0.00883	0.01215	0.01619	0.03497	0.77291	0.04196	0.01987	0.00810	0.00258	0.00368	0.01803	0.00589	0.00515
90	0.02372	0.02963	0.01803	0.01626	0.01961	0.71614	0.01225	0.05880	0.01855	0.01671	0.01007	0.01162	0.00830	0.00659	0.00575	0.00165	0.01122	0.00416	0.00342	0.00752
91	0.01394	0.01392	0.01964	0.01740	0.04077	0.01929	0.01407	0.01541	0.00987	0.01545	0.00845	0.01394	0.00839	0.01092	0.02033	0.00275	0.74009	0.00556	0.00279	0.00704
92	0.00773	0.00552	0.00736	0.00883	0.00920	0.00515	0.00589	0.00883	0.01215	0.01619	0.03497	0.77291	0.04196	0.01987	0.00810	0.00258	0.00368	0.01803	0.00589	0.00515
93	0.01469	0.01522	0.01931	0.01663	0.01690	0.07956	0.01375	0.01609	0.01039	0.01529	0.00845	0.01368	0.00831	0.01073	0.01958	0.00268	0.70351	0.00543	0.00282	0.00697
94	0.01005	0.00723	0.00998	0.01130	0.01280	0.00716	0.00982	0.01291	0.01471	0.01911	0.05851	0.07024	0.07112	0.01730	0.00866	0.00285	0.00562	0.63892	0.00588	0.00582
95	0.00773	0.00552	0.00736	0.00883	0.00920	0.00515	0.00589	0.00883	0.01215	0.01619	0.03497	0.77291	0.04196	0.01987	0.00810	0.00258	0.00368	0.01803	0.00589	0.00515
96	0.01228	0.00737	0.00964	0.00865	0.01074	0.00679	0.00663	0.01560	0.03759	0.13981	0.60135	0.04261	0.05169	0.01203	0.00728	0.00199	0.00343	0.01054	0.00711	0.00687
97	0.56154	0.10342	0.07380	0.01019	0.01473	0.05140	0.00925	0.06031	0.01286	0.02621	0.02285	0.01158	0.00839	0.00611	0.00441	0.00188	0.00590	0.00385	0.00385	0.00746
98	0.79480	0.01296	0.03391	0.00867	0.01278	0.01425	0.00742	0.01870	0.01088	0.02818	0.00892	0.01041	0.00691	0.00589	0.00400	0.00196	0.00506	0.00348	0.00388	0.00695
99	0.01089	0.00694	0.00889	0.00814	0.01009	0.00627	0.00620	0.01365	0.01754	0.10141	0.57345	0.04634	0.14021	0.01281	0.00737	0.00201	0.00328	0.01117	0.00694	0.00642
100	0.01656	0.40849	0.30647	0.01370	0.02060	0.01939	0.01556	0.02070	0.01365	0.09508	0.01155	0.01265	0.00891	0.00592	0.00508	0.00167	0.00764	0.00421	0.00325	0.00890
101	0.02012	0.01720	0.01741	0.01560	0.06297	0.09461	0.01171	0.31937	0.31433	0.03068	0.01882	0.01834	0.01400	0.00779	0.00632	0.00198	0.00668	0.00614	0.00587	0.01007
102	0.00773	0.00552	0.00736	0.00883	0.00920	0.00515	0.00589	0.00883	0.01215	0.01619	0.03497	0.77291	0.04196	0.01987	0.00810	0.00258	0.00368	0.01803	0.00589	0.00515
103	0.01566	0.01663	0.05468	0.13740	0.45801	0.07685	0.06998	0.02033	0.05155	0.01989	0.01243	0.01594	0.01003	0.00597	0.00633	0.00193	0.00818	0.00569	0.00326	0.00925
104	0.05766	0.05451	0.04510	0.05754	0.11364	0.01352	0.02814	0.10048	0.14839	0.13436	0.09356	0.04176	0.05232	0.00862	0.00639	0.00201	0.00591	0.02172	0.00546	0.00892
105	0.00786	0.00561	0.00751	0.00898	0.00941	0.00526	0.00611	0.00906	0.01227	0.01634	0.03489	0.73638	0.04167	0.01975	0.00813	0.00259	0.00379	0.05329	0.00589	0.00519
106	0.01757	0.01234	0.01409	0.01213	0.01591	0.01326	0.02543	0.05036	0.45361	0.17252	0.02989	0.02755	0.10834	0.00929	0.00659	0.00210	0.00506	0.00776	0.00659	0.00959
107	0.01568	0.06502	0.27087	0.02472	0.21219	0.01549	0.19378	0.03773	0.01477	0.07058	0.01279	0.01536	0.00956	0.00589	0.00638	0.00197	0.00875	0.00571	0.00338	0.00941
108	0.01606	0.01675	0.02329	0.21951	0.40501	0.13885	0.05144	0.01966	0.01461	0.01867	0.01145	0.01536	0.00930	0.00596	0.00626	0.00191	0.00858	0.00547	0.00308	0.00875
109	0.01275	0.01206	0.02042	0.61158	0.18787	0.01430	0.01800	0.01689	0.01305	0.01715	0.01141	0.01666	0.00879	0.00620	0.00633	0.00207	0.00827	0.00564	0.00289	0.00767
110	0.01418	0.01478	0.02913	0.06432	0.02787	0.01478	0.46352	0.06133	0.01489	0.02026	0.01589	0.13196	0.01445	0.00825	0.00857	0.00224	0.07316	0.00872	0.00375	0.00795
111	0.00906	0.00680	0.01020	0.01020	0.01133	0.00793	0.00793	0.01133	0.01020	0.01473	0.01699	0.02492	0.01586	0.04758	0.75191	0.01020	0.01699	0.00680	0.00340	0.00566
112	0.69320	0.01272	0.01195	0.01323	0.12801	0.01437	0.00888	0.01878	0.01138	0.02723	0.00933	0.01117	0.00738	0.00585	0.00430	0.00195	0.00533	0.00379	0.00380	0.00738
113	0.01297	0.07619	0.70296	0.01766	0.02681	0.01533	0.02271	0.02003	0.01336	0.01979	0.01124	0.01321	0.00804	0.00599	0.00591	0.00197	0.00923	0.00461	0.00268	0.00930
114	0.00761	0.00633	0.00664	0.00677	0.00869	0.00537	0.00500	0.00924	0.01441	0.01750	0.09865	0.13682	0.62259	0.01630	0.00756	0.00218	0.00325	0.01378	0.00595	0.00537
115	0.01219	0.00759	0.00949	0.00881	0.01087	0.00704	0.00664	0.05735	0.01702	0.12417	0.34770	0.19301	0.14566	0.01379	0.00739	0.00213	0.00375	0.01203	0.00668	0.00670
116	0.01256	0.01254	0.01085	0.01148	0.01287	0.20558	0.00856	0.01422	0.01426	0.01664	0.02792	0.41203	0.03169	0.01578	0.00761	0.00240	0.00624	0.16569	0.00518	0.00590
117	0.01324	0.01140	0.01358	0.01038	0.03920	0.00868	0.00792	0.01609	0.01320	0.02067	0.01130	0.01324	0.00942	0.00473	0.00475	0.00097	0.00479	0.00382	0.00374	0.78888
118	0.00786	0.00561	0.00751	0.00898	0.00941	0.00526	0.00611	0.00906	0.01227	0.01634	0.03489	0.73638	0.04167	0.01975	0.00813	0.00259	0.00379	0.05329	0.00589	0.00519
119	0.01449	0.01682	0.05354	0.02546	0.03159	0.01536	0.65500	0.01963	0.01477	0.02007	0.01411	0.06177	0.01150	0.00622	0.00749	0.00216	0.01025	0.00804	0.00335	0.00838
120	0.13583	0.01100	0.01399	0.01089	0.01566	0.00999	0.00899	0.02926	0.01716	0.64533	0.02284	0.02007	0.01451	0.00759	0.00605	0.00196	0.00533	0.00598	0.00732	0.01026
121	0.00787	0.00647	0.00695	0.00691	0.00890	0.00554	0.00523	0.00979	0.01512	0.01877	0.18940	0.05885	0.58278	0.01553	0.00754	0.00214	0.00327	0.03733	0.00610	0.00549
122	0.01355	0.01061	0.01222	0.01175	0.01447	0.01138	0.00969	0.12277	0.22800	0.02408	0.03282	0.04755	0.12456	0.01321	0.00754	0.00243	0.00540	0.29411	0.00611	0.00775
123	0.01285	0.03147	0.68844	0.01754	0.02637	0.03471	0.02228	0.01984	0.01374	0.02022	0.04635	0.01499	0.01055	0.00638	0.00609	0.00200	0.00912	0.00500	0.00290	0.00916
124	0.00898	0.00648	0.00848	0.00798	0.00948	0.00599	0.00599	0.01197	0.01796	0.02544	0.73413	0.04739	0.05986	0.01297	0.00748	0.00200	0.00299	0.01147	0.00698	0.00599
125	0.01334	0.01313	0.01171	0.01229	0.01408	0.20626	0.00988	0.01558	0.01511	0.01755	0.02853	0.16701	0.05470	0.01490	0.00780	0.00249	0.00690	0.37744	0.00516	0.00612
126	0.01495	0.09986	0.15692	0.02373	0.10999	0.01663	0.37709	0.02123	0.07756	0.02031	0.01321	0.01615	0.01011	0.00580	0.00664	0.00201	0.00918	0.00633	0.00334	0.00896
127	0.01367	0.01366	0.01993	0.01686	0.01729	0.01859	0.05350	0.01533	0.01004	0.01552	0.00908	0.01469	0.00883	0.01284	0.06154	0.00316	0.67993	0.00573	0.00284	0.00696
128	0.00914	0.00611	0.00694	0.00703	0.00705	0.00609	0.00396	0.00920	0.00939	0.01252	0.02084	0.08323	0.02414	0.73387	0.03091	0.00595	0.00601	0.00973	0.00396	0.00392
129	0.01801	0.06668	0.16322	0.03933	0.08461	0.17401	0.18433	0.08883	0.01647	0.05551	0.01220	0.01456	0.00928	0.00636	0.00687	0.00193	0.03994	0.00548	0.00359	0.00878
130	0.01890	0.01926	0.02093	0.01672	0.02084	0.25959	0.19875	0.12426	0.05206	0.03890	0.01552	0.01742	0.02785	0.00686	0.00617	0.00183	0.00861	0.00594	0.13149	0.00812
131	0.00907	0.00677	0.01004	0.01004	0.01113	0.00785	0.00774	0.01123	0.01015	0.01461	0.01713	0.02569	0.01619	0.08119	0.71876	0.01001	0.01649	0.00691	0.00342	0.00558
132	0.01641	0.01354	0.01563	0.09624	0.05584	0.05955	0.01214	0.22459	0.12031	0.02581	0.02207	0.03563	0.02034	0.01083	0.00714	0.00229	0.00678	0.24107	0.00545	0.00833
133	0.03334	0.63548	0.15538	0.01205	0.01812	0.02308	0.01294	0.01918	0.01293	0.01610	0.00926	0.01073	0.00810	0.00554	0.00441	0.00148	0.00719	0.00362	0.00273	0.00833
134	0.00750	0.00643	0.00643	0.00643	0.00857	0.00536	0.00482	0.00910	0.01446	0.01714	0.06427	0.06105	0.73490	0.01607	0.00750	0.00214	0.00321	0.01339	0.00589	0.00536
135	0.01412	0.04575	0.07710	0.08935	0.06047	0.01119	0.01097	0.03430	0.03916	0.04239	0.01225	0.01426	0.00975	0.00537	0.00520	0.00132	0.00581	0.00437	0.00377	0.51310
136	0.01439	0.02143	0.23834	0.02529	0.09076	0.01559	0.45859	0.02018	0.01448	0.02029	0.01234	0.01593	0.00921	0.00557	0.00697	0.00208	0.01005	0.00653	0.00305	0.00892
137	0.00777	0.00629	0.00691	0.00706	0.00882	0.00543	0.00518	0.00953	0.01466	0.01833	0.16830	0.17245	0.51476	0.01617	0.00759	0.00219	0.00325	0.01382	0.00607	0.00543
138	0.01745	0.01689	0.02405	0.10918	0.41513	0.09496	0.07267	0.13113	0.01714	0.02273	0.01223	0.01541	0.00976	0.00611	0.00633	0.00191	0.00822	0.00564	0.00364	0.00944
139	0.01740	0.06072	0.18488	0.01813	0.03904	0.12450	0.19026	0.05320	0.07273	0.09846	0.05225	0.01858	0.01360	0.00695	0.00647	0.00197	0.00856	0.01925	0.00421	0.00884
140	0.00773	0.00552	0.00736	0.00883	0.00920	0.00515	0.00589	0.00883	0.01215	0.01619	0.03497	0.77291	0.04196	0.01987	0.00810	0.00258	0.00368	0.01803	0.00589	0.00515
141	0.04295	0.01585	0.01833	0.13334	0.02295	0.01754	0.01252	0.51339	0.02536	0.11110	0.01549	0.01606	0.01084	0.00739	0.00629	0.00195	0.00699	0.00571	0.00588	0.01009
142	0.01691	0.39069	0.12314	0.01593	0.06274	0.02018	0.10171	0.09783	0.01547	0.04177	0.03464	0.01400	0.01064	0.00619	0.00568	0.00170	0.02365	0.00487	0.00350	0.00875

[dist]
# distance from previous block
# <min> <max>
0	10

[block]
# block no. 3 follows, 35 sequences, length 14
# corresponding to MSA columns:
# 263-276
name=unknown_D
#
# <colnr> <probs for GDERKNQSTAVLIFYWHMCP>
#	G	D	E	R	K	N	Q	S	T	A	V	L	I	F	Y	W	H	M	C	P
0	0.01495	0.01768	0.10617	0.02077	0.06555	0.05686	0.30727	0.02290	0.18496	0.02161	0.05520	0.02108	0.01523	0.00726	0.00736	0.00212	0.03196	0.02812	0.00420	0.00875
1	0.01497	0.01711	0.03743	0.02674	0.03316	0.01604	0.71444	0.02032	0.01497	0.02032	0.01283	0.01711	0.00963	0.00535	0.00749	0.00214	0.01070	0.00749	0.00321	0.00856
2	0.00750	0.00643	0.00643	0.00643	0.00857	0.00536	0.00482	0.00910	0.01446	0.01714	0.06427	0.06105	0.73490	0.01607	0.00750	0.00214	0.00321	0.01339	0.00589	0.00536
3	0.01524	0.01359	0.01369	0.01260	0.01577	0.05751	0.00966	0.03013	0.59591	0.02461	0.02602	0.11603	0.02152	0.00989	0.00662	0.00217	0.00523	0.00834	0.00620	0.00928
4	0.01940	0.04761	0.27970	0.01514	0.02106	0.05093	0.01556	0.13802	0.04739	0.20036	0.01551	0.01600	0.01090	0.00737	0.00763	0.00202	0.08565	0.00539	0.00476	0.00960
5	0.01696	0.78087	0.03324	0.01085	0.01628	0.02510	0.01085	0.01900	0.01289	0.01493	0.00882	0.01018	0.00814	0.00543	0.00407	0.00136	0.00678	0.00339	0.00271	0.00814
6	0.00923	0.00615	0.00692	0.00692	0.00692	0.00615	0.00384	0.00923	0.00923	0.01230	0.01999	0.04151	0.02306	0.77705	0.03229	0.00615	0.00615	0.00923	0.00384	0.00384
7	0.01508	0.01467	0.02456	0.08341	0.53028	0.01585	0.04433	0.01850	0.01347	0.01939	0.01125	0.01550	0.00961	0.00670	0.00903	0.00207	0.14833	0.00570	0.00305	0.00921
8	0.01532	0.13839	0.37750	0.01709	0.02386	0.09487	0.08835	0.06066	0.01484	0.01976	0.01228	0.01637	0.00995	0.00686	0.00665	0.00196	0.04115	0.04226	0.00319	0.00868
9	0.02492	0.01080	0.01426	0.01128	0.01534	0.01013	0.00909	0.05082	0.04530	0.57082	0.02327	0.02322	0.01609	0.09196	0.00999	0.00247	0.04676	0.00665	0.00703	0.00980
10	0.00913	0.00611	0.00695	0.00704	0.00706	0.00609	0.00397	0.00920	0.00941	0.01255	0.02093	0.08750	0.02425	0.72945	0.03077	0.00593	0.00600	0.00978	0.00397	0.00393
11	0.04852	0.01535	0.01679	0.01338	0.01796	0.01672	0.01089	0.43459	0.16283	0.14283	0.01919	0.04098	0.01404	0.00817	0.00635	0.00198	0.00619	0.00640	0.00650	0.01034
12	0.45636	0.05696	0.01224	0.00958	0.01344	0.03155	0.00791	0.03824	0.01278	0.05916	0.03509	0.04634	0.01256	0.00741	0.00529	0.00187	0.02658	0.04211	0.00432	0.12022
13	0.09430	0.01442	0.01990	0.03923	0.11521	0.01486	0.12869	0.15717	0.15649	0.02631	0.03841	0.01756	0.01311	0.00670	0.00610	0.00186	0.00666	0.00595	0.00471	0.13238

[dist]
# distance from previous block
# <min> <max>
6	16

[block]
# block no. 4 follows, 35 sequences, length 17
# corresponding to MSA columns:
# 293-309
name=unknown_E
#
# <colnr> <probs for GDERKNQSTAVLIFYWHMCP>
#	G	D	E	R	K	N	Q	S	T	A	V	L	I	F	Y	W	H	M	C	P
0	0.01478	0.01601	0.03275	0.02536	0.07984	0.01537	0.55606	0.02098	0.07820	0.02081	0.01531	0.02122	0.01231	0.00647	0.00739	0.00217	0.00965	0.05305	0.00367	0.00861
1	0.00773	0.00552	0.00736	0.00883	0.00920	0.00515	0.00589	0.00883	0.01215	0.01619	0.03497	0.77291	0.04196	0.01987	0.00810	0.00258	0.00368	0.01803	0.00589	0.00515
2	0.04519	0.01284	0.01668	0.01663	0.14039	0.01293	0.01139	0.07951	0.20657	0.35582	0.02181	0.02035	0.01509	0.00760	0.00631	0.00200	0.00577	0.00633	0.00645	0.01035
3	0.01534	0.22270	0.41852	0.01668	0.02415	0.07798	0.08116	0.02055	0.01391	0.03787	0.01109	0.01296	0.00842	0.00590	0.00564	0.00182	0.00889	0.00460	0.00292	0.00886
4	0.18388	0.01108	0.01366	0.01071	0.01543	0.01029	0.00884	0.02851	0.01672	0.60212	0.02186	0.01938	0.01397	0.00747	0.00590	0.00196	0.00530	0.00580	0.00708	0.01003
5	0.01269	0.00675	0.00684	0.00652	0.00825	0.00688	0.00497	0.06408	0.01446	0.02480	0.02031	0.02306	0.01588	0.00741	0.00457	0.00151	0.00324	0.00590	0.75563	0.00626
6	0.08506	0.01112	0.01619	0.04612	0.15989	0.01143	0.07383	0.11104	0.01540	0.02207	0.02233	0.29537	0.02355	0.01209	0.00706	0.00226	0.00600	0.06682	0.00487	0.00749
7	0.00887	0.00648	0.00834	0.00787	0.00941	0.00594	0.00590	0.01177	0.01771	0.02486	0.68721	0.04834	0.10714	0.01319	0.00748	0.00201	0.00301	0.01161	0.00691	0.00594
8	0.00978	0.00660	0.00841	0.00833	0.00992	0.00600	0.00624	0.01212	0.01600	0.06701	0.39213	0.19523	0.16632	0.01484	0.00762	0.00219	0.00350	0.05517	0.00656	0.00601
9	0.02300	0.13645	0.02125	0.01401	0.01915	0.02052	0.01187	0.60787	0.02719	0.03608	0.01423	0.01444	0.01038	0.00728	0.00599	0.00182	0.00695	0.00535	0.00578	0.01038
10	0.00979	0.00695	0.00846	0.00792	0.00983	0.00636	0.00599	0.01296	0.04413	0.05805	0.49518	0.04885	0.23498	0.01337	0.00739	0.00204	0.00325	0.01157	0.00672	0.00621
11	0.00773	0.00552	0.00736	0.00883	0.00920	0.00515	0.00589	0.00883	0.01215	0.01619	0.03497	0.77291	0.04196	0.01987	0.00810	0.00258	0.00368	0.01803	0.00589	0.00515
12	0.01626	0.64779	0.13044	0.01208	0.01783	0.02345	0.01270	0.01900	0.01283	0.01565	0.00915	0.01076	0.00813	0.00573	0.00500	0.00150	0.03705	0.00366	0.00271	0.00826
13	0.01388	0.01152	0.01406	0.01210	0.07950	0.00936	0.00864	0.05012	0.01433	0.04159	0.01627	0.01766	0.06938	0.00595	0.00520	0.00120	0.00496	0.00489	0.00412	0.61527
14	0.01546	0.01579	0.07400	0.10431	0.50685	0.01467	0.01800	0.06523	0.01511	0.02151	0.01199	0.01540	0.00974	0.00579	0.00613	0.00183	0.00746	0.00542	0.00334	0.08196
15	0.00898	0.00648	0.00848	0.00798	0.00948	0.00599	0.00599	0.01197	0.01796	0.02544	0.73413	0.04739	0.05986	0.01297	0.00748	0.00200	0.00299	0.01147	0.00698	0.00599
16	0.01515	0.01451	0.02475	0.14649	0.63426	0.01493	0.01919	0.01898	0.01418	0.02005	0.01184	0.01588	0.00981	0.00576	0.00629	0.00192	0.00767	0.00565	0.00309	0.00960

[dist]
# distance from previous block
# <min> <max>
0	2

[block]
# block no. 5 follows, 35 sequences, length 66
# corresponding to MSA columns:
# 312-377
name=unknown_F
#
# <colnr> <probs for GDERKNQSTAVLIFYWHMCP>
#	G	D	E	R	K	N	Q	S	T	A	V	L	I	F	Y	W	H	M	C	P
0	0.01496	0.01478	0.02480	0.21958	0.47876	0.03880	0.07832	0.01891	0.01416	0.01938	0.01178	0.01599	0.00955	0.00583	0.00638	0.00196	0.00817	0.00576	0.00307	0.00908
1	0.01570	0.40549	0.33282	0.01434	0.02127	0.07772	0.01629	0.01996	0.01350	0.01716	0.00998	0.01164	0.00810	0.00577	0.00503	0.00165	0.00825	0.00399	0.00274	0.00860
2	0.00771	0.00559	0.00729	0.00864	0.00915	0.00517	0.00580	0.00885	0.01233	0.01627	0.03726	0.71705	0.09633	0.01958	0.00805	0.00254	0.00364	0.01767	0.00589	0.00517
3	0.00772	0.00557	0.00731	0.00869	0.00916	0.00516	0.00583	0.00885	0.01228	0.01625	0.03666	0.73172	0.08206	0.01965	0.00806	0.00255	0.00365	0.01777	0.00589	0.00516
4	0.01598	0.01517	0.02262	0.07879	0.51214	0.05009	0.01702	0.05429	0.09695	0.02197	0.04284	0.01775	0.01298	0.00647	0.00633	0.00192	0.00728	0.00599	0.00382	0.00960
5	0.01102	0.00551	0.00826	0.00826	0.00826	0.00551	0.00551	0.00826	0.00826	0.01102	0.01102	0.01928	0.01102	0.02204	0.02479	0.81543	0.00551	0.00551	0.00275	0.00275
6	0.00922	0.00619	0.00710	0.00710	0.00716	0.00625	0.00407	0.00934	0.00928	0.01243	0.01982	0.04060	0.02267	0.73671	0.07208	0.00637	0.00675	0.00909	0.00382	0.00394
7	0.00809	0.00645	0.00725	0.00705	0.00894	0.00561	0.00529	0.01026	0.01587	0.02049	0.33439	0.05554	0.46269	0.01482	0.00749	0.00208	0.00312	0.01262	0.00633	0.00561
8	0.20730	0.08089	0.04838	0.01295	0.01729	0.23415	0.01084	0.13424	0.03533	0.12415	0.01352	0.01490	0.01028	0.00694	0.00547	0.00184	0.00762	0.02082	0.00462	0.00845
9	0.00935	0.00760	0.01136	0.01091	0.01279	0.00708	0.08815	0.01170	0.01404	0.01838	0.07982	0.26848	0.20364	0.01591	0.00791	0.00244	0.00487	0.19026	0.02947	0.00584
10	0.01497	0.01711	0.03743	0.02674	0.03316	0.01604	0.71444	0.02032	0.01497	0.02032	0.01283	0.01711	0.00963	0.00535	0.00749	0.00214	0.01070	0.00749	0.00321	0.00856
11	0.00784	0.00560	0.00749	0.00896	0.00937	0.00525	0.00608	0.00902	0.01225	0.01632	0.03490	0.74227	0.04172	0.01977	0.00813	0.00259	0.00377	0.04760	0.00589	0.00518
