[name]
unknown

[dist]
# distance from previous block
# <min> <max>
0	55

[block]
# block no. 0 follows, 28 sequences, length 16
# corresponding to MSA columns:
# 90-105
name=unknown_A
#
# <colnr> <probs for GDERKNQSTAVLIFYWHMCP>
#	G	D	E	R	K	N	Q	S	T	A	V	L	I	F	Y	W	H	M	C	P
0	0.01211	0.00906	0.01316	0.01610	0.07924	0.00903	0.01237	0.01540	0.01652	0.02172	0.03626	0.12181	0.03941	0.01899	0.00972	0.00321	0.00670	0.54569	0.00641	0.00709
1	0.00988	0.00743	0.01037	0.01316	0.07521	0.00709	0.00799	0.01131	0.01384	0.01861	0.03591	0.60445	0.04253	0.09140	0.01178	0.00328	0.00491	0.01835	0.00622	0.00629
2	0.01501	0.01346	0.02135	0.57580	0.07732	0.01616	0.01876	0.08030	0.01691	0.02214	0.06096	0.02156	0.01414	0.00789	0.00736	0.00238	0.00904	0.00693	0.00396	0.00857
3	0.02291	0.23275	0.13796	0.01827	0.06991	0.13305	0.04189	0.08735	0.01897	0.14851	0.01532	0.01621	0.01142	0.00730	0.00640	0.00199	0.00909	0.00551	0.00474	0.01043
4	0.02736	0.01947	0.02057	0.01596	0.02147	0.04547	0.01310	0.56128	0.03154	0.10310	0.01855	0.01844	0.01308	0.00869	0.00714	0.00215	0.00779	0.00656	0.04634	0.01194
5	0.00994	0.00710	0.00967	0.01136	0.01225	0.00684	0.00863	0.01199	0.01498	0.01977	0.03947	0.49106	0.04572	0.02175	0.00957	0.00310	0.00515	0.25874	0.00673	0.00620
6	0.01727	0.02100	0.16239	0.03505	0.41535	0.01697	0.10436	0.02245	0.01645	0.04257	0.03826	0.01908	0.01314	0.00712	0.00800	0.00227	0.03681	0.00678	0.00380	0.01087
7	0.01455	0.01029	0.01136	0.01095	0.01189	0.07189	0.00760	0.01560	0.10975	0.01583	0.01590	0.02429	0.01496	0.08529	0.02413	0.53310	0.00691	0.00682	0.00394	0.00497
8	0.01373	0.01292	0.02180	0.72707	0.05006	0.01615	0.02019	0.01857	0.01453	0.01857	0.01292	0.01938	0.00969	0.00727	0.00727	0.00242	0.00969	0.00646	0.00323	0.00807
9	0.01795	0.02226	0.25027	0.05513	0.23662	0.01520	0.04607	0.02391	0.04225	0.12291	0.02168	0.02325	0.07361	0.00821	0.00731	0.00228	0.00861	0.00718	0.00463	0.01069
10	0.01709	0.03716	0.02813	0.14386	0.11092	0.05356	0.23285	0.07944	0.01801	0.02358	0.01948	0.02931	0.03791	0.00933	0.00857	0.00249	0.03300	0.10166	0.00443	0.00922
11	0.01199	0.00646	0.00930	0.00939	0.00967	0.00637	0.00636	0.00971	0.01042	0.01371	0.01979	0.06448	0.07618	0.02547	0.04825	0.65077	0.00640	0.00793	0.00369	0.00368
12	0.11584	0.15286	0.16360	0.01753	0.02365	0.26006	0.05856	0.08615	0.01859	0.02353	0.01209	0.01399	0.00954	0.00709	0.00625	0.00202	0.01027	0.00503	0.00392	0.00945
13	0.01312	0.00834	0.01056	0.00960	0.01198	0.00766	0.00734	0.01692	0.04532	0.11115	0.50991	0.05159	0.13945	0.01439	0.00838	0.00231	0.00389	0.01252	0.00794	0.00762
14	0.01898	0.68206	0.10094	0.01322	0.01986	0.02765	0.01379	0.02188	0.01482	0.01766	0.01038	0.01201	0.00932	0.00628	0.00487	0.00162	0.00805	0.00403	0.00311	0.00946
15	0.05089	0.08769	0.08770	0.04866	0.18999	0.12540	0.10979	0.08402	0.09939	0.02509	0.01517	0.01753	0.01188	0.00725	0.00697	0.00217	0.00945	0.00628	0.00435	0.01035

[dist]
# distance from previous block
# <min> <max>
0	1

[block]
# block no. 1 follows, 28 sequences, length 68
# corresponding to MSA columns:
# 107-126,129-176
name=unknown_B
#
# <colnr> <probs for GDERKNQSTAVLIFYWHMCP>
#	G	D	E	R	K	N	Q	S	T	A	V	L	I	F	Y	W	H	M	C	P
0	0.00896	0.00676	0.00832	0.00950	0.01061	0.00613	0.00670	0.01053	0.01489	0.01908	0.05000	0.49806	0.24139	0.02130	0.00912	0.00283	0.00421	0.05885	0.00674	0.00602
1	0.01766	0.20269	0.18860	0.02160	0.10480	0.01987	0.12671	0.04612	0.07000	0.04246	0.05266	0.01893	0.01454	0.00757	0.00744	0.00216	0.03536	0.00646	0.00418	0.01017
2	0.01855	0.13381	0.24232	0.02436	0.18149	0.12861	0.04120	0.02543	0.09396	0.02236	0.01444	0.01657	0.01134	0.00711	0.00670	0.00212	0.00966	0.00574	0.00382	0.01041
3	0.01242	0.00642	0.00954	0.00954	0.00961	0.00650	0.00640	0.00971	0.00963	0.01292	0.01339	0.02341	0.01345	0.05384	0.06722	0.71572	0.00708	0.00656	0.00324	0.00339
4	0.01722	0.23390	0.28322	0.01808	0.05435	0.06829	0.05300	0.02225	0.01565	0.02113	0.01217	0.01444	0.00972	0.00643	0.00608	0.00185	0.00912	0.00494	0.00340	0.14476
5	0.01740	0.01406	0.07006	0.01226	0.01748	0.01122	0.01051	0.02386	0.13286	0.14114	0.11202	0.05778	0.04880	0.00940	0.00689	0.00191	0.00564	0.00788	0.00623	0.29262
6	0.01574	0.01332	0.01543	0.01108	0.01751	0.01038	0.00889	0.05338	0.01609	0.02487	0.01316	0.01520	0.01085	0.00556	0.00548	0.00114	0.00552	0.00443	0.00447	0.74749
7	0.01656	0.02487	0.31479	0.04838	0.13983	0.01581	0.16240	0.02270	0.01640	0.07476	0.03695	0.06211	0.01479	0.00803	0.00755	0.00235	0.00973	0.00758	0.00411	0.01030
8	0.01662	0.00936	0.01166	0.01018	0.01325	0.00850	0.00793	0.05386	0.02023	0.20414	0.32248	0.07252	0.19186	0.01407	0.00820	0.00233	0.00448	0.01202	0.00790	0.00840
9	0.00932	0.00667	0.00843	0.00965	0.01024	0.00628	0.00648	0.01051	0.01368	0.01799	0.03971	0.51334	0.10090	0.15824	0.01448	0.00370	0.00484	0.05355	0.00630	0.00569
10	0.01667	0.01983	0.16166	0.13670	0.23909	0.03460	0.08138	0.02223	0.04260	0.06306	0.01892	0.07896	0.03470	0.00865	0.00749	0.00234	0.00892	0.00794	0.00427	0.01001
11	0.01785	0.18810	0.15398	0.02641	0.23746	0.08700	0.08376	0.02223	0.01608	0.02100	0.01381	0.04218	0.01194	0.00919	0.03679	0.00248	0.00992	0.00629	0.00354	0.00999
12	0.01107	0.00879	0.01275	0.01242	0.01341	0.01061	0.00964	0.01330	0.01169	0.01692	0.01956	0.07229	0.01928	0.08357	0.53887	0.00970	0.11705	0.00854	0.00400	0.00655
13	0.05573	0.00885	0.01154	0.01285	0.05966	0.00914	0.00847	0.03285	0.03623	0.04048	0.05186	0.30891	0.03190	0.13818	0.15429	0.00516	0.00828	0.01312	0.00561	0.00688
14	0.01507	0.01292	0.01507	0.01077	0.01723	0.00969	0.00861	0.01830	0.01507	0.02369	0.01292	0.01507	0.01077	0.00538	0.00538	0.00108	0.00538	0.00431	0.00431	0.78898
15	0.01838	0.01438	0.01829	0.04145	0.01906	0.01739	0.01286	0.21590	0.01894	0.05101	0.01613	0.02077	0.01348	0.02203	0.20008	0.00499	0.23244	0.00685	0.04657	0.00900
16	0.79588	0.01406	0.01068	0.00956	0.01406	0.01631	0.00787	0.02137	0.01237	0.03261	0.01012	0.01181	0.00787	0.00675	0.00450	0.00225	0.00562	0.00394	0.00450	0.00787
17	0.01156	0.00949	0.01113	0.03538	0.01402	0.00979	0.00838	0.01782	0.16322	0.02347	0.16423	0.18515	0.23923	0.01623	0.00897	0.00258	0.02839	0.03652	0.00688	0.00754
18	0.01825	0.01277	0.01376	0.01176	0.01534	0.01356	0.00941	0.24216	0.09835	0.03306	0.06991	0.03112	0.06584	0.01034	0.00684	0.00211	0.00550	0.04396	0.26101	0.03496
19	0.79588	0.01406	0.01068	0.00956	0.01406	0.01631	0.00787	0.02137	0.01237	0.03261	0.01012	0.01181	0.00787	0.00675	0.00450	0.00225	0.00562	0.00394	0.00450	0.00787
20	0.01035	0.00720	0.00910	0.00926	0.00969	0.00755	0.00603	0.01125	0.01122	0.01535	0.02352	0.10824	0.02603	0.46881	0.23750	0.00804	0.01049	0.01071	0.00448	0.00517
21	0.01943	0.74891	0.03809	0.01244	0.01866	0.02876	0.01244	0.02177	0.01477	0.01710	0.01011	0.01166	0.00933	0.00622	0.00466	0.00155	0.00777	0.00389	0.00311	0.00933
22	0.01868	0.01904	0.02738	0.12473	0.53018	0.10951	0.02096	0.02274	0.01684	0.02233	0.01326	0.01751	0.01101	0.00671	0.00712	0.00215	0.00936	0.00624	0.00357	0.01068
23	0.04094	0.42482	0.32101	0.01586	0.02395	0.02334	0.01842	0.02229	0.01494	0.02008	0.01135	0.01323	0.00923	0.00653	0.00561	0.00189	0.00897	0.00452	0.00313	0.00988
24	0.72073	0.01456	0.01206	0.01130	0.04024	0.01672	0.00877	0.06054	0.01383	0.03307	0.01069	0.01238	0.00828	0.00686	0.00477	0.00224	0.00588	0.00419	0.00463	0.00828
25	0.02875	0.01597	0.01871	0.01445	0.01998	0.01619	0.01190	0.34571	0.02707	0.34225	0.02590	0.02390	0.05586	0.00943	0.00737	0.00223	0.00692	0.00742	0.00802	0.01199
26	0.01474	0.01254	0.01470	0.01065	0.01678	0.00949	0.00849	0.01798	0.01546	0.02407	0.06047	0.01781	0.01480	0.00604	0.00561	0.00116	0.00525	0.00492	0.00456	0.73448
27	0.01081	0.00759	0.00943	0.00893	0.01094	0.00682	0.00671	0.01375	0.01938	0.05604	0.49401	0.08371	0.21330	0.01575	0.00855	0.00235	0.00364	0.01370	0.00770	0.00689
28	0.00900	0.00725	0.00791	0.00799	0.00999	0.00627	0.00584	0.01097	0.01672	0.02092	0.17471	0.13818	0.49043	0.04909	0.00987	0.00267	0.00384	0.01533	0.00687	0.00616
29	0.00944	0.00735	0.00857	0.00836	0.01036	0.00648	0.00623	0.01203	0.01842	0.02426	0.37748	0.09164	0.35959	0.01686	0.00861	0.00239	0.00358	0.01450	0.00736	0.00648
30	0.01138	0.00742	0.00902	0.00879	0.01066	0.00685	0.00662	0.01434	0.01825	0.05080	0.36682	0.10798	0.15541	0.01486	0.00799	0.00230	0.00375	0.03658	0.15332	0.00684
31	0.01442	0.01229	0.01443	0.01063	0.01655	0.00945	0.00847	0.01753	0.01495	0.02304	0.01673	0.01898	0.04962	0.00916	0.04960	0.00181	0.00616	0.00514	0.00442	0.69662
32	0.01057	0.00705	0.00793	0.00793	0.00793	0.00705	0.00440	0.01057	0.01057	0.01409	0.02290	0.04757	0.02643	0.74454	0.03700	0.00705	0.00705	0.01057	0.00440	0.00440
33	0.15618	0.05798	0.01638	0.01226	0.01689	0.01324	0.01014	0.07613	0.01857	0.36059	0.05133	0.02308	0.01756	0.01583	0.11792	0.00368	0.00829	0.00680	0.00690	0.01025
34	0.51440	0.01906	0.05324	0.01289	0.01786	0.12678	0.03012	0.06274	0.01581	0.07189	0.01219	0.01358	0.00917	0.00711	0.00542	0.00219	0.00746	0.00464	0.00472	0.00873
35	0.00939	0.00670	0.00821	0.00912	0.00969	0.00631	0.00591	0.01043	0.01348	0.01776	0.06455	0.43084	0.11528	0.23743	0.01745	0.00409	0.00497	0.01676	0.00610	0.00552
36	0.01943	0.74891	0.03809	0.01244	0.01866	0.02876	0.01244	0.02177	0.01477	0.01710	0.01011	0.01166	0.00933	0.00622	0.00466	0.00155	0.00777	0.00389	0.00311	0.00933
37	0.00957	0.00746	0.00885	0.00958	0.01143	0.00674	0.00750	0.01179	0.01632	0.02044	0.08535	0.19050	0.37508	0.01948	0.00911	0.00278	0.00459	0.19035	0.00679	0.00628
38	0.01167	0.00757	0.01171	0.01113	0.01210	0.00797	0.03565	0.01183	0.01168	0.01624	0.07676	0.02829	0.02020	0.06110	0.29049	0.35743	0.01140	0.00774	0.00394	0.00510
39	0.79588	0.01406	0.01068	0.00956	0.01406	0.01631	0.00787	0.02137	0.01237	0.03261	0.01012	0.01181	0.00787	0.00675	0.00450	0.00225	0.00562	0.00394	0.00450	0.00787
40	0.01014	0.00777	0.00953	0.01044	0.01207	0.00738	0.00804	0.01332	0.05338	0.02082	0.07252	0.29088	0.23960	0.01971	0.00916	0.00286	0.00481	0.19423	0.00681	0.00654
41	0.00919	0.00657	0.00882	0.01051	0.01108	0.00619	0.00733	0.01070	0.01425	0.01893	0.03988	0.66235	0.04734	0.02246	0.00937	0.00300	0.00451	0.09479	0.00674	0.00600
42	0.01560	0.01550	0.02168	0.01870	0.01872	0.02157	0.01551	0.01718	0.01125	0.01754	0.01084	0.04663	0.01118	0.01315	0.02324	0.00317	0.70038	0.00697	0.00333	0.00786
43	0.02022	0.01257	0.01434	0.01192	0.01564	0.01301	0.00951	0.22565	0.06532	0.13453	0.19776	0.03082	0.02981	0.01038	0.00715	0.00213	0.00540	0.00853	0.17563	0.00967
44	0.01342	0.00847	0.01063	0.00965	0.01195	0.00783	0.00730	0.04171	0.01988	0.10881	0.45377	0.07525	0.13328	0.05360	0.00992	0.00258	0.00419	0.01258	0.00770	0.00749
45	0.09102	0.01726	0.01800	0.01495	0.01985	0.01940	0.01200	0.28811	0.34495	0.03646	0.02248	0.02151	0.01663	0.00898	0.00702	0.00229	0.00662	0.00704	0.00698	0.03845
46	0.01545	0.01482	0.02557	0.44493	0.28891	0.01666	0.04953	0.02016	0.01539	0.02069	0.01328	0.01888	0.01042	0.00693	0.00730	0.00233	0.00941	0.00656	0.00339	0.00942
47	0.02102	0.04564	0.01926	0.11381	0.10645	0.12669	0.01319	0.08202	0.07583	0.14445	0.01917	0.02464	0.01579	0.14604	0.01263	0.00309	0.00842	0.00716	0.00532	0.00936
48	0.01836	0.56931	0.16882	0.01507	0.02224	0.02586	0.05223	0.02210	0.01502	0.01860	0.01094	0.01282	0.00940	0.00635	0.00532	0.00175	0.00860	0.00444	0.00313	0.00963
49	0.01032	0.00734	0.00885	0.00940	0.01030	0.00707	0.00665	0.01168	0.01377	0.01791	0.06603	0.13520	0.14172	0.34878	0.02190	0.00479	0.00596	0.16112	0.00573	0.00549
50	0.01086	0.01002	0.01290	0.01136	0.01430	0.03606	0.08799	0.01357	0.01742	0.02160	0.15511	0.06006	0.44336	0.01606	0.00861	0.00247	0.00528	0.05971	0.00644	0.00682
51	0.01620	0.01544	0.02626	0.33172	0.42611	0.01680	0.02142	0.02074	0.01570	0.02157	0.01336	0.01858	0.01075	0.00681	0.00723	0.00227	0.00908	0.00647	0.00344	0.01007
52	0.01440	0.01084	0.01267	0.01288	0.01509	0.05850	0.01045	0.01883	0.07882	0.07612	0.05555	0.11487	0.05619	0.02381	0.14145	0.00453	0.00897	0.27217	0.00627	0.00760
53	0.01638	0.01245	0.01393	0.01285	0.01611	0.01357	0.00982	0.02938	0.40979	0.08317	0.11398	0.15031	0.06133	0.01291	0.00790	0.00251	0.00516	0.01112	0.00747	0.00985
54	0.01061	0.00762	0.00882	0.00876	0.01097	0.00667	0.00664	0.01287	0.01737	0.06265	0.19672	0.14227	0.40737	0.01770	0.00868	0.00252	0.00402	0.05390	0.00715	0.00667
55	0.01541	0.01507	0.02734	0.19017	0.30085	0.01546	0.16018	0.01975	0.01581	0.02166	0.01789	0.13260	0.01677	0.00915	0.00784	0.00241	0.00896	0.00917	0.00403	0.00948
56	0.01489	0.01141	0.01480	0.03336	0.03338	0.01234	0.03433	0.02219	0.20031	0.08430	0.03407	0.20163	0.11679	0.01801	0.07355	0.00344	0.06447	0.01181	0.00630	0.00863
57	0.00892	0.00639	0.00838	0.00994	0.01042	0.00596	0.00661	0.01015	0.01387	0.01841	0.04049	0.69018	0.06863	0.05129	0.01036	0.00310	0.00431	0.02009	0.00665	0.00585
58	0.01479	0.06873	0.67761	0.02036	0.03090	0.01740	0.02623	0.02297	0.01532	0.02276	0.01292	0.01519	0.00921	0.00688	0.00681	0.00227	0.01061	0.00531	0.00307	0.01068
59	0.05990	0.01862	0.08787	0.27990	0.05293	0.09369	0.04024	0.07465	0.04671	0.09087	0.01615	0.03917	0.01247	0.00921	0.02316	0.00254	0.03132	0.00670	0.00455	0.00935
60	0.01172	0.00953	0.01210	0.01177	0.01285	0.03534	0.00880	0.01434	0.03888	0.01738	0.04051	0.06871	0.02202	0.18661	0.40491	0.00854	0.07623	0.00897	0.00434	0.00644
61	0.01019	0.00728	0.00994	0.01149	0.01254	0.00703	0.00893	0.01248	0.01552	0.02055	0.07607	0.41372	0.04650	0.02115	0.00957	0.00309	0.00526	0.29560	0.00679	0.00630
62	0.01942	0.04811	0.06539	0.08787	0.38777	0.05919	0.10366	0.04218	0.01742	0.07759	0.01473	0.01814	0.01151	0.00683	0.00724	0.00219	0.00931	0.00654	0.00408	0.01081
63	0.01291	0.01093	0.05408	0.03241	0.01584	0.00928	0.04744	0.06500	0.01715	0.06900	0.07502	0.35256	0.17547	0.01706	0.00857	0.00262	0.00550	0.01513	0.00651	0.00752
64	0.10381	0.01144	0.01428	0.01139	0.01613	0.01047	0.00931	0.03042	0.01889	0.50540	0.02588	0.02393	0.01713	0.00867	0.00660	0.00214	0.00558	0.00687	0.16083	0.01083
65	0.01701	0.05413	0.01974	0.18716	0.05097	0.04460	0.05664	0.05887	0.01590	0.10619	0.01773	0.02378	0.01467	0.06807	0.22675	0.00544	0.01216	0.00716	0.00454	0.00848
66	0.01573	0.05448	0.53989	0.06534	0.11155	0.01703	0.02490	0.02307	0.01562	0.04693	0.01358	0.01613	0.00983	0.00693	0.00691	0.00227	0.01017	0.00559	0.00335	0.01069
67	0.01717	0.01878	0.03943	0.02960	0.07113	0.01778	0.57446	0.04611	0.01794	0.02447	0.05551	0.02152	0.01455	0.00676	0.00846	0.00242	0.01138	0.00867	0.00406	0.00981

[dist]
# distance from previous block
# <min> <max>
1	9

[block]
# block no. 2 follows, 28 sequences, length 106
# corresponding to MSA columns:
# 187-216,218-293
name=unknown_C
#
# <colnr> <probs for GDERKNQSTAVLIFYWHMCP>
#	G	D	E	R	K	N	Q	S	T	A	V	L	I	F	Y	W	H	M	C	P
0	0.05474	0.01245	0.01599	0.01260	0.01773	0.01145	0.01031	0.05730	0.06519	0.55023	0.04972	0.02533	0.01946	0.00914	0.00713	0.00223	0.00595	0.00739	0.05400	0.01165
1	0.14279	0.01601	0.01865	0.30720	0.03133	0.07979	0.01479	0.11064	0.04035	0.04772	0.01497	0.04546	0.01199	0.00822	0.00727	0.00227	0.03216	0.00641	0.00457	0.05741
2	0.01722	0.02014	0.08347	0.03398	0.22686	0.01796	0.44336	0.02299	0.01686	0.02340	0.01430	0.01886	0.01105	0.00628	0.00807	0.00236	0.01112	0.00776	0.00361	0.01036
3	0.00996	0.00693	0.00868	0.00907	0.01006	0.00651	0.00624	0.01196	0.01601	0.02229	0.28021	0.29698	0.07700	0.14120	0.01343	0.00330	0.00433	0.01509	0.05468	0.00607
4	0.01194	0.00929	0.01108	0.01031	0.01262	0.00936	0.00782	0.01916	0.17183	0.02877	0.50004	0.04921	0.10216	0.01397	0.00831	0.00234	0.00398	0.01218	0.00778	0.00787
5	0.06969	0.00865	0.01087	0.00975	0.01226	0.00811	0.00751	0.01757	0.02003	0.13212	0.54506	0.04677	0.05656	0.01339	0.00809	0.00228	0.00401	0.01160	0.00790	0.00777
6	0.00899	0.00713	0.00773	0.00802	0.00972	0.00625	0.00564	0.01052	0.01537	0.01900	0.08344	0.18971	0.45716	0.12321	0.01279	0.00320	0.00425	0.01556	0.00646	0.00587
7	0.01027	0.00707	0.00804	0.00822	0.00856	0.00691	0.00494	0.01067	0.01164	0.01525	0.02985	0.10540	0.09584	0.59121	0.03109	0.00614	0.00648	0.03276	0.00490	0.00477
8	0.01943	0.74891	0.03809	0.01244	0.01866	0.02876	0.01244	0.02177	0.01477	0.01710	0.01011	0.01166	0.00933	0.00622	0.00466	0.00155	0.00777	0.00389	0.00311	0.00933
9	0.01116	0.00786	0.01078	0.01227	0.01371	0.00775	0.01024	0.01411	0.01633	0.02174	0.07280	0.20551	0.04353	0.01987	0.00962	0.00315	0.00591	0.46966	0.03745	0.00655
10	0.01840	0.19781	0.31964	0.02013	0.06056	0.01960	0.10095	0.04876	0.04442	0.08180	0.01479	0.01652	0.01099	0.00700	0.00667	0.00214	0.00942	0.00581	0.00403	0.01056
11	0.36073	0.16598	0.01949	0.01307	0.01777	0.22357	0.01079	0.02471	0.01587	0.07379	0.01179	0.01310	0.00933	0.00702	0.00534	0.00200	0.00829	0.00439	0.00433	0.00865
12	0.01060	0.00713	0.00820	0.00823	0.00841	0.00709	0.00486	0.01097	0.01152	0.01545	0.07066	0.04940	0.02999	0.66483	0.03394	0.00657	0.00678	0.03597	0.00475	0.00467
13	0.02494	0.02991	0.02110	0.01847	0.02246	0.54163	0.05439	0.07128	0.05444	0.02143	0.06038	0.01737	0.01443	0.00812	0.00691	0.00199	0.01167	0.00581	0.00445	0.00882
14	0.00913	0.00685	0.00855	0.00978	0.01090	0.00627	0.00703	0.01081	0.01497	0.01924	0.04883	0.48072	0.22021	0.02128	0.00919	0.00287	0.00438	0.09620	0.00674	0.00606
15	0.01631	0.01547	0.02578	0.31248	0.40709	0.01687	0.02090	0.02169	0.05101	0.02206	0.01421	0.01902	0.01136	0.00697	0.00723	0.00228	0.00890	0.00656	0.00365	0.01016
16	0.01758	0.01815	0.03685	0.02647	0.03336	0.01686	0.52105	0.02297	0.01683	0.05707	0.01497	0.01908	0.01129	0.00638	0.00856	0.00227	0.03500	0.00782	0.00402	0.12342
17	0.01040	0.00771	0.01127	0.01127	0.01242	0.00886	0.00857	0.01271	0.01156	0.01657	0.01985	0.03067	0.01909	0.13119	0.64031	0.01117	0.01809	0.00810	0.00395	0.00626
18	0.02388	0.01113	0.01450	0.01239	0.01647	0.01030	0.00994	0.02852	0.09391	0.41532	0.07177	0.12619	0.05278	0.01254	0.00793	0.00247	0.00567	0.06572	0.00818	0.01039
19	0.01247	0.00642	0.00962	0.00962	0.00971	0.00651	0.00651	0.00971	0.00962	0.01292	0.01310	0.02255	0.01301	0.02729	0.07623	0.73447	0.00723	0.00642	0.00321	0.00339
20	0.01403	0.01323	0.02234	0.67919	0.09560	0.01623	0.02034	0.01883	0.01468	0.01894	0.01297	0.01928	0.00982	0.00721	0.00726	0.00240	0.00962	0.00646	0.00326	0.00832
21	0.01507	0.01292	0.01507	0.01077	0.01723	0.00969	0.00861	0.01830	0.01507	0.02369	0.01292	0.01507	0.01077	0.00538	0.00538	0.00108	0.00538	0.00431	0.00431	0.78898
22	0.03122	0.01206	0.01642	0.01270	0.01808	0.01045	0.01045	0.03407	0.02079	0.66223	0.07016	0.02658	0.02114	0.00936	0.00739	0.00225	0.00601	0.00767	0.00893	0.01203
23	0.30507	0.01390	0.01488	0.01209	0.01706	0.01437	0.00991	0.11207	0.04906	0.31166	0.05569	0.02080	0.01647	0.00850	0.00636	0.00225	0.00605	0.00634	0.00703	0.01042
24	0.01458	0.03760	0.70688	0.02072	0.03146	0.01688	0.02686	0.02302	0.01535	0.02302	0.01304	0.01535	0.00921	0.00691	0.00691	0.00230	0.01074	0.00537	0.00307	0.01074
25	0.01644	0.00894	0.01121	0.01042	0.01295	0.00846	0.00792	0.02040	0.06824	0.18805	0.18814	0.18402	0.05609	0.03850	0.00883	0.00255	0.00468	0.03680	0.11914	0.00822
26	0.01069	0.00760	0.00938	0.00883	0.01088	0.00682	0.00666	0.01369	0.01956	0.05190	0.51130	0.05720	0.22741	0.01555	0.00853	0.00233	0.00360	0.01349	0.00772	0.00688
27	0.00909	0.00726	0.00819	0.00859	0.01051	0.00636	0.00643	0.01112	0.01650	0.02062	0.13008	0.19683	0.45054	0.01901	0.00884	0.00261	0.00401	0.07032	0.00688	0.00622
28	0.04554	0.01768	0.01839	0.01496	0.01986	0.06621	0.01198	0.28938	0.18726	0.17784	0.02243	0.02240	0.01632	0.04558	0.00867	0.00249	0.00731	0.00712	0.00721	0.01137
29	0.01208	0.00840	0.01043	0.01098	0.01243	0.00836	0.00792	0.06246	0.06340	0.04406	0.08210	0.50058	0.04250	0.01908	0.00874	0.00276	0.00470	0.05035	0.04157	0.00712
30	0.00924	0.00724	0.00836	0.00840	0.01029	0.00636	0.00618	0.01156	0.01762	0.02289	0.29138	0.16018	0.37885	0.01776	0.00868	0.00247	0.00367	0.01532	0.00720	0.00636
31	0.01736	0.01858	0.03703	0.03470	0.26278	0.01824	0.40962	0.02259	0.01658	0.02308	0.01403	0.01882	0.01110	0.00666	0.00906	0.00240	0.05575	0.00772	0.00362	0.01027
32	0.01255	0.01186	0.05389	0.01659	0.01976	0.01045	0.13957	0.01646	0.01649	0.02176	0.03406	0.12241	0.06020	0.01686	0.00947	0.00305	0.00765	0.41356	0.00593	0.00742
33	0.01038	0.00779	0.01168	0.01168	0.01298	0.00909	0.00909	0.01298	0.01168	0.01687	0.01947	0.02856	0.01817	0.05452	0.71573	0.01168	0.01947	0.00779	0.00389	0.00649
34	0.01549	0.03640	0.65922	0.02044	0.03084	0.01728	0.02595	0.06838	0.01666	0.02461	0.01335	0.01549	0.00943	0.00703	0.00693	0.00229	0.01055	0.00545	0.00336	0.01086
35	0.07801	0.01492	0.01891	0.01577	0.05361	0.06119	0.04629	0.05448	0.02032	0.52263	0.02445	0.02227	0.01588	0.00847	0.00714	0.00223	0.00714	0.00692	0.00774	0.01164
36	0.02715	0.03464	0.02060	0.01873	0.02247	0.71536	0.01404	0.02903	0.02060	0.01779	0.01124	0.01311	0.00936	0.00749	0.00655	0.00187	0.01311	0.00468	0.00375	0.00843
37	0.01040	0.00771	0.01127	0.01127	0.01243	0.00886	0.00857	0.01272	0.01156	0.01657	0.01985	0.03064	0.01908	0.13009	0.64139	0.01117	0.01811	0.00809	0.00395	0.00626
38	0.01507	0.01292	0.01507	0.01077	0.01723	0.00969	0.00861	0.01830	0.01507	0.02369	0.01292	0.01507	0.01077	0.00538	0.00538	0.00108	0.00538	0.00431	0.00431	0.78898
39	0.01458	0.03760	0.70688	0.02072	0.03146	0.01688	0.02686	0.02302	0.01535	0.02302	0.01304	0.01535	0.00921	0.00691	0.00691	0.00230	0.01074	0.00537	0.00307	0.01074
40	0.00863	0.00721	0.00752	0.00776	0.00992	0.00610	0.00570	0.01039	0.01619	0.01948	0.06882	0.16601	0.60330	0.01904	0.00869	0.00253	0.00376	0.01610	0.00675	0.00610
41	0.00886	0.00633	0.00843	0.01012	0.01054	0.00590	0.00675	0.01012	0.01392	0.01856	0.04006	0.73979	0.04808	0.02277	0.00928	0.00295	0.00422	0.02066	0.00675	0.00590
42	0.01799	0.01727	0.02950	0.04462	0.69919	0.01727	0.02231	0.02231	0.01655	0.02375	0.01367	0.01799	0.01151	0.00648	0.00720	0.00216	0.00864	0.00648	0.00360	0.01151
43	0.01852	0.01059	0.01320	0.01213	0.01532	0.01062	0.00993	0.06375	0.09788	0.19209	0.07862	0.04393	0.05148	0.01584	0.05716	0.00315	0.00664	0.17760	0.11257	0.00900
44	0.01355	0.00678	0.00678	0.00678	0.00847	0.00678	0.00508	0.01694	0.01524	0.02710	0.02371	0.02710	0.01863	0.00847	0.00508	0.00169	0.00339	0.00678	0.78489	0.00678
45	0.01031	0.00763	0.01112	0.01123	0.01235	0.00869	0.00849	0.01257	0.01171	0.01671	0.02108	0.07462	0.02082	0.11853	0.60687	0.01070	0.01733	0.00886	0.00412	0.00625
46	0.00871	0.00735	0.00756	0.00769	0.01003	0.00620	0.00579	0.01058	0.01646	0.01966	0.07094	0.10014	0.64493	0.01866	0.00867	0.00251	0.00381	0.03741	0.00675	0.00615
47	0.00870	0.00737	0.00752	0.00748	0.00989	0.00618	0.00561	0.01065	0.01683	0.02027	0.11472	0.06892	0.65477	0.01817	0.00859	0.00244	0.00367	0.01520	0.00683	0.00618
48	0.02715	0.03464	0.02060	0.01873	0.02247	0.71536	0.01404	0.02903	0.02060	0.01779	0.01124	0.01311	0.00936	0.00749	0.00655	0.00187	0.01311	0.00468	0.00375	0.00843
49	0.03031	0.01210	0.01629	0.01270	0.01796	0.01066	0.01041	0.03384	0.04568	0.62590	0.08116	0.02716	0.02213	0.00949	0.00741	0.00226	0.00595	0.00780	0.00886	0.01190
50	0.01507	0.01292	0.01507	0.01077	0.01723	0.00969	0.00861	0.01830	0.01507	0.02369	0.01292	0.01507	0.01077	0.00538	0.00538	0.00108	0.00538	0.00431	0.00431	0.78898
51	0.01916	0.01715	0.02780	0.08606	0.56477	0.01754	0.02093	0.09007	0.01838	0.04692	0.01448	0.01824	0.01168	0.00684	0.00721	0.00218	0.00856	0.00651	0.00412	0.01140
52	0.01002	0.00731	0.00945	0.00934	0.01092	0.00673	0.00695	0.01303	0.01918	0.02666	0.53096	0.15483	0.10821	0.01646	0.00874	0.00244	0.00369	0.04073	0.00768	0.00666
53	0.01057	0.00705	0.00793	0.00793	0.00793	0.00705	0.00440	0.01057	0.01057	0.01409	0.02290	0.04757	0.02643	0.74454	0.03700	0.00705	0.00705	0.01057	0.00440	0.00440
54	0.02800	0.01597	0.01874	0.01459	0.01985	0.01648	0.01193	0.35857	0.02670	0.30452	0.02224	0.02218	0.01549	0.04168	0.04582	0.00291	0.00784	0.00708	0.00766	0.01173
55	0.00981	0.00704	0.00848	0.00869	0.00964	0.00660	0.00581	0.01136	0.01510	0.02027	0.22852	0.20920	0.14223	0.26366	0.01834	0.00407	0.00487	0.01430	0.00632	0.00571
56	0.15122	0.01263	0.01591	0.01241	0.01786	0.01156	0.01025	0.03324	0.01949	0.59987	0.02579	0.02273	0.01642	0.00865	0.00687	0.00225	0.00610	0.00679	0.00830	0.01167
57	0.01055	0.00712	0.00829	0.00829	0.00841	0.00724	0.00485	0.01080	0.01068	0.01436	0.02257	0.04575	0.02564	0.67838	0.10208	0.00749	0.00824	0.01030	0.00436	0.00460
58	0.02790	0.02594	0.02080	0.01725	0.02213	0.32920	0.01362	0.32681	0.02687	0.09635	0.01576	0.01622	0.01157	0.00820	0.00696	0.00205	0.01010	0.00579	0.00587	0.01061
59	0.00975	0.00746	0.00879	0.00872	0.01058	0.00672	0.00657	0.01223	0.01770	0.02324	0.31975	0.06278	0.31924	0.07996	0.01118	0.00287	0.00416	0.07491	0.00705	0.00633
60	0.01376	0.00842	0.01064	0.00960	0.01212	0.00765	0.00737	0.01729	0.03802	0.13454	0.46890	0.05147	0.16308	0.01438	0.00834	0.00231	0.00397	0.01245	0.00794	0.00774
61	0.01773	0.01700	0.02903	0.08708	0.65881	0.01720	0.02218	0.02208	0.01643	0.02343	0.01363	0.01808	0.01140	0.00653	0.00720	0.00218	0.00870	0.00648	0.00358	0.01130
62	0.01908	0.01839	0.02550	0.08102	0.45537	0.10314	0.01889	0.02293	0.01691	0.05080	0.01384	0.01738	0.01130	0.00662	0.00689	0.00200	0.00874	0.00601	0.00391	0.11130
63	0.01048	0.00701	0.00795	0.00804	0.00807	0.00699	0.00453	0.01055	0.01075	0.01433	0.02381	0.08402	0.02757	0.70653	0.03554	0.00683	0.00690	0.01110	0.00453	0.00448
64	0.00946	0.00676	0.00913	0.01081	0.01150	0.00642	0.00780	0.01116	0.01451	0.01923	0.03973	0.60083	0.04676	0.02220	0.00944	0.00304	0.00474	0.15367	0.00674	0.00607
65	0.09705	0.27836	0.02588	0.01570	0.02000	0.34021	0.01308	0.02461	0.01683	0.01894	0.01057	0.01276	0.00923	0.00751	0.00745	0.00193	0.08320	0.00450	0.00354	0.00864
66	0.01582	0.21874	0.53657	0.01861	0.02820	0.01991	0.02319	0.02270	0.01520	0.02151	0.01230	0.01441	0.00924	0.00673	0.00634	0.00211	0.00999	0.00499	0.00308	0.01038
67	0.01326	0.01240	0.01321	0.01289	0.01461	0.13038	0.00994	0.01574	0.01321	0.01703	0.01806	0.02590	0.01666	0.04644	0.59394	0.01000	0.01838	0.00725	0.00387	0.00682
68	0.01808	0.01561	0.01644	0.01479	0.01890	0.01808	0.01151	0.03863	0.68606	0.03041	0.02959	0.02712	0.02219	0.00986	0.00740	0.00247	0.00575	0.00822	0.00740	0.01151
69	0.01011	0.00795	0.00930	0.00990	0.01162	0.00759	0.00728	0.01400	0.08911	0.02117	0.09121	0.32954	0.27108	0.01912	0.00886	0.00272	0.00436	0.07147	0.00689	0.00673
70	0.07568	0.06770	0.02270	0.10806	0.02567	0.02146	0.03563	0.46337	0.04711	0.03831	0.01615	0.01729	0.01175	0.00819	0.00696	0.00219	0.00812	0.00630	0.00617	0.01120
71	0.01799	0.01727	0.02950	0.04462	0.69919	0.01727	0.02231	0.02231	0.01655	0.02375	0.01367	0.01799	0.01151	0.00648	0.00720	0.00216	0.00864	0.00648	0.00360	0.01151
72	0.00860	0.00732	0.00741	0.00749	0.00985	0.00613	0.00558	0.01042	0.01645	0.01959	0.07215	0.09973	0.66743	0.01860	0.00862	0.00248	0.00371	0.01558	0.00675	0.00613
73	0.01795	0.01787	0.02796	0.05089	0.11528	0.08054	0.25110	0.07795	0.01808	0.02472	0.06243	0.02136	0.01564	0.00822	0.00954	0.00233	0.09699	0.00756	0.08426	0.00932
74	0.00875	0.00737	0.00759	0.00753	0.00992	0.00620	0.00565	0.01074	0.01695	0.02053	0.13224	0.06848	0.63708	0.01807	0.00859	0.00244	0.00366	0.01513	0.00687	0.00620
75	0.01142	0.00851	0.01161	0.01126	0.01254	0.00965	0.00847	0.04740	0.01279	0.01795	0.02155	0.03276	0.04144	0.18680	0.50190	0.00973	0.03507	0.00848	0.00425	0.00641
76	0.04919	0.01698	0.02754	0.07081	0.57929	0.01730	0.02074	0.06314	0.01753	0.04749	0.01423	0.01800	0.01156	0.00674	0.00710	0.00218	0.00845	0.00641	0.00402	0.01130
77	0.02359	0.01786	0.01882	0.01532	0.01990	0.08512	0.01236	0.28120	0.09993	0.12834	0.01912	0.02001	0.01426	0.01347	0.08082	0.00315	0.05926	0.00660	0.00632	0.07456
78	0.21118	0.44757	0.05399	0.01287	0.01851	0.11574	0.01206	0.02267	0.01497	0.02123	0.01037	0.01203	0.00897	0.00654	0.00496	0.00180	0.00806	0.00406	0.00353	0.00890
79	0.01646	0.01384	0.01813	0.09056	0.05002	0.01280	0.04972	0.10190	0.04414	0.02672	0.06265	0.02004	0.01579	0.00709	0.00637	0.00165	0.00649	0.00605	0.04376	0.40581
80	0.02046	0.21861	0.02445	0.11186	0.06838	0.18632	0.01383	0.06061	0.07283	0.05727	0.03849	0.04300	0.03768	0.00849	0.00655	0.00203	0.00874	0.00651	0.00460	0.00930
81	0.01820	0.01715	0.02863	0.08648	0.62435	0.01746	0.02175	0.05458	0.01730	0.02452	0.01381	0.01805	0.01144	0.00664	0.00720	0.00218	0.00867	0.00648	0.00376	0.01134
82	0.01263	0.00631	0.00947	0.00947	0.00947	0.00631	0.00631	0.00947	0.00947	0.01263	0.01263	0.02210	0.01263	0.02525	0.02841	0.78851	0.00631	0.00631	0.00316	0.00316
83	0.01585	0.01567	0.02888	0.10073	0.34519	0.01558	0.19434	0.02020	0.01608	0.02227	0.01824	0.13798	0.01726	0.00916	0.00792	0.00239	0.00898	0.00939	0.00410	0.00980
84	0.04464	0.01986	0.15995	0.01834	0.08976	0.03770	0.06297	0.03960	0.03484	0.09681	0.01524	0.01699	0.01152	0.00657	0.00643	0.00179	0.00774	0.00554	0.00458	0.31914
85	0.02506	0.04966	0.02070	0.01484	0.02044	0.01215	0.10838	0.02833	0.01886	0.41374	0.04769	0.04816	0.04357	0.00898	0.00728	0.00213	0.00682	0.00788	0.00714	0.10820
86	0.01042	0.00724	0.00894	0.00945	0.01103	0.00651	0.00686	0.01241	0.01634	0.05695	0.16135	0.35387	0.24159	0.01927	0.00889	0.00267	0.00415	0.04846	0.00708	0.00652
87	0.00985	0.00854	0.05170	0.00997	0.01088	0.00701	0.00713	0.01109	0.01277	0.01718	0.03204	0.43891	0.03766	0.28851	0.01937	0.00442	0.00567	0.01598	0.00565	0.00565
88	0.02152	0.06931	0.19061	0.05839	0.10618	0.01907	0.08562	0.23822	0.02231	0.09485	0.01603	0.01765	0.01157	0.00755	0.00715	0.00221	0.00907	0.00636	0.00515	0.01120
89	0.01664	0.01768	0.02000	0.13480	0.02454	0.17536	0.06764	0.01974	0.03295	0.01922	0.03685	0.15768	0.02003	0.01224	0.01181	0.00262	0.18667	0.03128	0.00440	0.00786
90	0.00966	0.00733	0.00813	0.00793	0.01005	0.00645	0.00595	0.01220	0.01784	0.02367	0.28597	0.06038	0.41208	0.01622	0.00825	0.00232	0.00357	0.01375	0.08180	0.00645
91	0.01891	0.37046	0.14593	0.01396	0.02071	0.04655	0.01413	0.07273	0.01682	0.04039	0.01268	0.01427	0.01035	0.00658	0.00553	0.00168	0.00789	0.00464	0.03039	0.14540
92	0.01649	0.01593	0.09048	0.10099	0.04992	0.01216	0.02967	0.04162	0.01630	0.06951	0.03203	0.01761	0.01255	0.00643	0.00620	0.00159	0.00686	0.00538	0.00451	0.46378
93	0.01993	0.48109	0.05699	0.06614	0.07035	0.04877	0.04042	0.10076	0.01753	0.02161	0.01176	0.01383	0.00994	0.00668	0.00563	0.00180	0.00845	0.00483	0.00370	0.00980
94	0.01643	0.04256	0.05535	0.02472	0.05639	0.03901	0.42069	0.02135	0.01678	0.04663	0.02321	0.02659	0.10505	0.01136	0.05742	0.00302	0.01105	0.00892	0.00426	0.00920
95	0.00930	0.00671	0.00849	0.00963	0.01035	0.00627	0.00655	0.01067	0.01423	0.01877	0.07652	0.49807	0.11419	0.12524	0.01318	0.00347	0.00465	0.05140	0.00648	0.00581
96	0.01507	0.01292	0.01507	0.01077	0.01723	0.00969	0.00861	0.01830	0.01507	0.02369	0.01292	0.01507	0.01077	0.00538	0.00538	0.00108	0.00538	0.00431	0.00431	0.78898
97	0.02237	0.01480	0.04480	0.02622	0.29415	0.01334	0.04278	0.02620	0.01872	0.28469	0.11390	0.02558	0.02181	0.00860	0.00748	0.00223	0.00720	0.00777	0.00626	0.01110
98	0.01569	0.01241	0.01662	0.04981	0.01736	0.01545	0.01200	0.05181	0.01415	0.06821	0.02026	0.02579	0.06748	0.05723	0.11285	0.00416	0.32699	0.00762	0.09630	0.00783
99	0.01079	0.00728	0.00951	0.00960	0.01011	0.00770	0.00651	0.01146	0.01112	0.01523	0.02143	0.04027	0.02298	0.40381	0.25688	0.09397	0.01102	0.04106	0.00421	0.00506
100	0.79588	0.01406	0.01068	0.00956	0.01406	0.01631	0.00787	0.02137	0.01237	0.03261	0.01012	0.01181	0.00787	0.00675	0.00450	0.00225	0.00562	0.00394	0.00450	0.00787
101	0.79588	0.01406	0.01068	0.00956	0.01406	0.01631	0.00787	0.02137	0.01237	0.03261	0.01012	0.01181	0.00787	0.00675	0.00450	0.00225	0.00562	0.00394	0.00450	0.00787
102	0.01941	0.02115	0.09274	0.01825	0.04572	0.11327	0.06245	0.06947	0.41595	0.02801	0.02302	0.02256	0.01733	0.00877	0.00730	0.00234	0.00798	0.00731	0.00603	0.01093
103	0.01095	0.00894	0.01478	0.01395	0.01582	0.00852	0.12063	0.01349	0.01485	0.02018	0.03402	0.46580	0.03843	0.01993	0.03299	0.00316	0.00640	0.10555	0.04488	0.00674
104	0.01597	0.01213	0.01543	0.04028	0.10209	0.01295	0.01120	0.02569	0.26090	0.07310	0.20461	0.03293	0.03207	0.01330	0.05156	0.00288	0.00632	0.00906	0.06800	0.00952
105	0.06724	0.63030	0.10492	0.01311	0.01968	0.02677	0.01363	0.02187	0.01468	0.01867	0.01041	0.01205	0.00923	0.00632	0.00488	0.00167	0.00794	0.00404	0.00319	0.00938

[dist]
# distance from previous block
# <min> <max>
1	87

[block]
# block no. 3 follows, 28 sequences, length 25
# corresponding to MSA columns:
# 381-405
name=unknown_D
#
# <colnr> <probs for GDERKNQSTAVLIFYWHMCP>
#	G	D	E	R	K	N	Q	S	T	A	V	L	I	F	Y	W	H	M	C	P
0	0.74722	0.01536	0.01131	0.01014	0.01459	0.06056	0.00826	0.02185	0.01289	0.03168	0.01019	0.01189	0.00797	0.00679	0.00463	0.00223	0.00610	0.00398	0.00445	0.00791
1	0.02303	0.41596	0.02994	0.01537	0.02044	0.34881	0.01319	0.02515	0.01749	0.01742	0.01063	0.01234	0.00934	0.00681	0.00555	0.00170	0.01026	0.00426	0.00341	0.00891
2	0.01494	0.04484	0.06586	0.01141	0.01801	0.01085	0.00996	0.01846	0.01514	0.02320	0.01537	0.01726	0.03943	0.00608	0.00560	0.00124	0.00580	0.00483	0.00427	0.66746
3	0.01728	0.01683	0.06032	0.27718	0.32367	0.01682	0.08226	0.04295	0.01662	0.05533	0.01432	0.01880	0.01106	0.00693	0.00735	0.00229	0.00931	0.00666	0.00383	0.01019
4	0.01233	0.00683	0.00771	0.00800	0.00942	0.00694	0.00590	0.01526	0.01454	0.02429	0.02591	0.14791	0.02355	0.01703	0.10048	0.00324	0.00567	0.00926	0.54914	0.00659
5	0.03907	0.01614	0.07519	0.01905	0.14079	0.01445	0.01354	0.05569	0.20630	0.07912	0.02332	0.07814	0.04088	0.00924	0.00703	0.00213	0.00656	0.00787	0.00573	0.15976
6	0.02173	0.06430	0.05378	0.01683	0.04350	0.01918	0.03364	0.29048	0.21656	0.06236	0.02251	0.05608	0.01797	0.00982	0.00738	0.00233	0.00731	0.03640	0.00663	0.01119
7	0.01619	0.01593	0.04908	0.07070	0.52352	0.01531	0.01985	0.02023	0.01608	0.02270	0.01820	0.11520	0.01751	0.00928	0.00759	0.00233	0.00809	0.03773	0.00412	0.01037
8	0.00953	0.00748	0.00870	0.00879	0.01085	0.00664	0.00679	0.01204	0.01774	0.02282	0.26020	0.08886	0.39518	0.01767	0.00880	0.00254	0.00401	0.09779	0.00713	0.00642
9	0.01441	0.01171	0.01542	0.03878	0.17590	0.03544	0.01136	0.01773	0.01635	0.02442	0.13257	0.03063	0.08104	0.00998	0.00814	0.00208	0.06560	0.00820	0.24266	0.05757
10	0.01327	0.01099	0.01978	0.01604	0.01904	0.01023	0.20590	0.01469	0.01346	0.01836	0.02090	0.16199	0.04238	0.01787	0.03704	0.27700	0.00791	0.00995	0.00426	0.07893
11	0.79588	0.01406	0.01068	0.00956	0.01406	0.01631	0.00787	0.02137	0.01237	0.03261	0.01012	0.01181	0.00787	0.00675	0.00450	0.00225	0.00562	0.00394	0.00450	0.00787
12	0.79588	0.01406	0.01068	0.00956	0.01406	0.01631	0.00787	0.02137	0.01237	0.03261	0.01012	0.01181	0.00787	0.00675	0.00450	0.00225	0.00562	0.00394	0.00450	0.00787
13	0.01762	0.01690	0.02884	0.10345	0.64323	0.01717	0.02213	0.02199	0.01638	0.02330	0.01361	0.01811	0.01136	0.00654	0.00720	0.00218	0.00873	0.00648	0.00357	0.01122
14	0.00944	0.00726	0.00864	0.00858	0.01041	0.00645	0.00633	0.01197	0.01815	0.02408	0.36882	0.14993	0.30913	0.01727	0.00867	0.00244	0.00363	0.01498	0.00735	0.00645
15	0.01507	0.01292	0.01507	0.01077	0.01723	0.00969	0.00861	0.01830	0.01507	0.02369	0.01292	0.01507	0.01077	0.00538	0.00538	0.00108	0.00538	0.00431	0.00431	0.78898
16	0.01747	0.02014	0.11921	0.04024	0.55238	0.01732	0.08151	0.02249	0.01645	0.02361	0.01368	0.01779	0.01117	0.00650	0.00728	0.00220	0.00924	0.00652	0.00354	0.01126
17	0.02044	0.12291	0.29367	0.01775	0.02521	0.04419	0.01870	0.25036	0.06433	0.03029	0.01507	0.01628	0.01116	0.00783	0.00727	0.00218	0.03074	0.00577	0.00483	0.01101
18	0.01075	0.00826	0.01266	0.01294	0.01446	0.00845	0.05163	0.01339	0.01433	0.01935	0.03167	0.27006	0.03463	0.03054	0.22480	0.00571	0.01016	0.21398	0.00566	0.00658
19	0.01040	0.00771	0.01130	0.01130	0.01247	0.00888	0.00861	0.01274	0.01157	0.01659	0.01982	0.03048	0.01901	0.12428	0.64711	0.01121	0.01821	0.00807	0.00395	0.00628
20	0.01441	0.01093	0.01377	0.05907	0.07859	0.01118	0.01002	0.04969	0.13818	0.06866	0.15205	0.09937	0.17254	0.07635	0.01052	0.00281	0.00554	0.01140	0.00654	0.00837
21	0.02141	0.14388	0.10710	0.05679	0.15200	0.14494	0.04471	0.17154	0.04388	0.02646	0.01399	0.01609	0.01095	0.00731	0.00672	0.00207	0.00950	0.00576	0.00443	0.01047
22	0.01933	0.02152	0.06121	0.02975	0.25569	0.14496	0.18055	0.05236	0.08353	0.02387	0.01626	0.04811	0.01348	0.00770	0.00752	0.00225	0.00996	0.00738	0.00428	0.01029
23	0.06385	0.08240	0.13868	0.04640	0.07301	0.01690	0.03587	0.16828	0.06140	0.04841	0.06439	0.02582	0.06707	0.06533	0.00932	0.00259	0.00769	0.00753	0.00531	0.00975
24	0.01933	0.31775	0.13608	0.01594	0.04900	0.07303	0.01478	0.11516	0.05368	0.02440	0.06821	0.01784	0.01534	0.00764	0.00613	0.00190	0.00814	0.00566	0.00443	0.04557

[dist]
# distance from previous block
# <min> <max>
1	7

[block]
# block no. 4 follows, 28 sequences, length 23
# corresponding to MSA columns:
# 413-435
name=unknown_E
#
# <colnr> <probs for GDERKNQSTAVLIFYWHMCP>
#	G	D	E	R	K	N	Q	S	T	A	V	L	I	F	Y	W	H	M	C	P
0	0.04830	0.11441	0.10409	0.06059	0.08769	0.14811	0.05926	0.09428	0.03810	0.04498	0.01616	0.01804	0.03723	0.00748	0.00660	0.00199	0.00904	0.00593	0.00439	0.09335
1	0.05836	0.12643	0.06813	0.01647	0.02118	0.28330	0.03988	0.09737	0.10161	0.02346	0.01577	0.01968	0.01330	0.05636	0.00858	0.00239	0.00977	0.02412	0.00461	0.00923
2	0.01707	0.11431	0.16000	0.06578	0.20844	0.03998	0.01750	0.08322	0.04429	0.02380	0.04022	0.07044	0.01663	0.05685	0.00896	0.00251	0.00838	0.00743	0.00434	0.00983
3	0.01929	0.16169	0.20203	0.01718	0.02329	0.17383	0.03554	0.04937	0.11969	0.02269	0.03682	0.01745	0.01342	0.00788	0.00735	0.00209	0.04333	0.00578	0.00427	0.03704
4	0.01166	0.00810	0.01015	0.00988	0.01070	0.00865	0.00672	0.05490	0.01256	0.01718	0.02161	0.06492	0.02301	0.41059	0.25390	0.04480	0.01100	0.00959	0.00446	0.00560
5	0.01803	0.01677	0.04486	0.04041	0.12258	0.04120	0.01361	0.10278	0.35630	0.02896	0.04876	0.02849	0.08538	0.00994	0.00745	0.00235	0.00674	0.00833	0.00634	0.01070
6	0.01688	0.02125	0.21026	0.06373	0.02404	0.01692	0.01611	0.08882	0.32890	0.02851	0.06517	0.02557	0.04308	0.00936	0.00735	0.00238	0.00741	0.00770	0.00591	0.01067
7	0.01947	0.01212	0.01436	0.01238	0.01614	0.01243	0.00974	0.05248	0.25924	0.20550	0.24159	0.03596	0.05409	0.01142	0.00778	0.00234	0.00515	0.00968	0.00798	0.01014
8	0.01489	0.01551	0.08833	0.01461	0.01895	0.01419	0.06338	0.02721	0.34244	0.02773	0.18639	0.03584	0.09678	0.01126	0.00783	0.00240	0.00604	0.00980	0.00673	0.00968
9	0.00943	0.00740	0.00853	0.00825	0.01033	0.00649	0.00619	0.01206	0.01856	0.02436	0.38205	0.06219	0.38489	0.01665	0.00858	0.00237	0.00356	0.01425	0.00737	0.00649
10	0.01843	0.01694	0.02589	0.17438	0.45116	0.05878	0.01994	0.02255	0.01657	0.06332	0.01424	0.01821	0.01137	0.00679	0.00708	0.00214	0.00879	0.00630	0.00390	0.05324
11	0.01893	0.01798	0.02783	0.03996	0.58724	0.04305	0.02076	0.06394	0.06262	0.02534	0.01488	0.01839	0.01220	0.00688	0.00719	0.00217	0.00857	0.00653	0.00408	0.01145
12	0.74780	0.01399	0.01137	0.05367	0.01627	0.01630	0.00863	0.02120	0.01250	0.03175	0.01029	0.01227	0.00798	0.00678	0.00467	0.00226	0.00587	0.00409	0.00442	0.00788
13	0.18660	0.32477	0.13559	0.01596	0.06230	0.08998	0.01459	0.05695	0.01604	0.02336	0.01129	0.01312	0.00929	0.00671	0.00546	0.00192	0.00837	0.00451	0.00371	0.00945
14	0.01779	0.01707	0.02915	0.07598	0.66936	0.01722	0.02221	0.02214	0.01646	0.02351	0.01364	0.01805	0.01143	0.00651	0.00720	0.00217	0.00868	0.00648	0.00358	0.01136
15	0.00950	0.00709	0.00926	0.01037	0.01080	0.00713	0.00705	0.01068	0.01348	0.01805	0.03758	0.58751	0.07076	0.10040	0.01324	0.00339	0.05319	0.01838	0.00625	0.00589
16	0.01709	0.01824	0.09790	0.08688	0.34969	0.05841	0.01806	0.04169	0.04233	0.02366	0.01602	0.02087	0.01328	0.05248	0.00869	0.00243	0.00831	0.00660	0.10744	0.00992
17	0.00889	0.00649	0.00828	0.00968	0.01034	0.00598	0.00649	0.01018	0.01412	0.01851	0.04367	0.62484	0.13060	0.05217	0.01034	0.00306	0.00427	0.01956	0.00665	0.00587
18	0.01976	0.34439	0.07773	0.01639	0.06444	0.08168	0.01405	0.08130	0.04801	0.04571	0.02970	0.01639	0.01256	0.00996	0.04414	0.00242	0.04825	0.00536	0.00417	0.03359
19	0.01027	0.00711	0.00846	0.00871	0.00912	0.00711	0.00548	0.01092	0.01171	0.01555	0.02863	0.12454	0.07548	0.51911	0.09619	0.00657	0.00768	0.03750	0.00487	0.00498
20	0.01577	0.18896	0.08767	0.01703	0.10798	0.03905	0.01312	0.06327	0.01644	0.02156	0.02476	0.14636	0.10047	0.02934	0.00835	0.00227	0.03619	0.00914	0.00467	0.06759
21	0.01578	0.00918	0.01117	0.00967	0.01271	0.00834	0.00753	0.04634	0.01942	0.14918	0.31062	0.04139	0.11227	0.01210	0.00744	0.00210	0.00429	0.01027	0.14107	0.06912
