[name]
unknown

[dist]
# distance from previous block
# <min> <max>
0	37

[block]
# block no. 0 follows, 30 sequences, length 8
# corresponding to MSA columns:
# 44-51
name=unknown_A
#
# <colnr> <probs for GDERKNQSTAVLIFYWHMCP>
#	G	D	E	R	K	N	Q	S	T	A	V	L	I	F	Y	W	H	M	C	P
0	0.01261	0.01112	0.01809	0.52550	0.03822	0.01331	0.01700	0.01684	0.01457	0.01872	0.01960	0.03622	0.01834	0.01058	0.00776	0.00259	0.00846	0.19903	0.00408	0.00736
1	0.01402	0.01288	0.01987	0.44603	0.11394	0.01381	0.01635	0.01816	0.01432	0.01983	0.01248	0.01724	0.00980	0.00636	0.00644	0.00192	0.00798	0.00560	0.00344	0.23952
2	0.00898	0.00628	0.00795	0.00910	0.00939	0.00599	0.00582	0.00984	0.01242	0.01656	0.03363	0.54376	0.04006	0.23662	0.01670	0.00399	0.00484	0.01700	0.00582	0.00525
3	0.01247	0.01120	0.01851	0.48475	0.07605	0.01358	0.01638	0.01646	0.01326	0.01764	0.01429	0.02111	0.01179	0.02022	0.21799	0.00492	0.01199	0.00658	0.00331	0.00750
4	0.01874	0.01521	0.01838	0.06613	0.02150	0.01449	0.03990	0.25579	0.02103	0.02991	0.01402	0.01577	0.01082	0.00647	0.00607	0.00156	0.00664	0.00522	0.00504	0.42730
5	0.01377	0.01073	0.01137	0.00988	0.01311	0.01058	0.00777	0.20900	0.02126	0.02717	0.12163	0.05081	0.43695	0.01459	0.00787	0.00226	0.00472	0.01203	0.00675	0.00771
6	0.00970	0.00689	0.00975	0.01023	0.01100	0.00743	0.00738	0.01117	0.01158	0.01610	0.02442	0.24086	0.02640	0.12096	0.39152	0.06094	0.01221	0.01131	0.00455	0.00562
7	0.07511	0.51763	0.18117	0.01371	0.02040	0.05417	0.01468	0.02143	0.01437	0.01876	0.01036	0.01203	0.00883	0.00620	0.00501	0.00171	0.00815	0.00408	0.00310	0.00911

[dist]
# distance from previous block
# <min> <max>
0	12

[block]
# block no. 1 follows, 30 sequences, length 53
# corresponding to MSA columns:
# 64-116
name=unknown_B
#
# <colnr> <probs for GDERKNQSTAVLIFYWHMCP>
#	G	D	E	R	K	N	Q	S	T	A	V	L	I	F	Y	W	H	M	C	P
0	0.01843	0.01403	0.01461	0.06300	0.01708	0.11865	0.01001	0.17399	0.01730	0.05347	0.01475	0.04669	0.01293	0.01593	0.01628	0.36766	0.00756	0.00646	0.00444	0.00671
1	0.00845	0.00626	0.00790	0.00922	0.00999	0.00571	0.00626	0.00977	0.01384	0.01801	0.04456	0.62093	0.17149	0.02107	0.00878	0.00274	0.00395	0.01887	0.00648	0.00571
2	0.01695	0.49429	0.28628	0.01485	0.02241	0.02344	0.01701	0.02134	0.01438	0.01850	0.01073	0.01249	0.00891	0.00621	0.00527	0.00176	0.00851	0.00425	0.00297	0.00945
3	0.04763	0.03972	0.01514	0.01350	0.01641	0.36521	0.01018	0.03869	0.01856	0.02065	0.15021	0.09816	0.11587	0.01128	0.00706	0.00206	0.00831	0.00883	0.00511	0.00739
4	0.77448	0.01343	0.01048	0.00930	0.01366	0.01545	0.00766	0.02103	0.01219	0.05751	0.01040	0.01181	0.00793	0.00656	0.00442	0.00216	0.00542	0.00390	0.00448	0.00772
5	0.02478	0.03109	0.01943	0.01774	0.02105	0.65534	0.01346	0.02664	0.01913	0.01726	0.01202	0.01604	0.01056	0.00805	0.00729	0.00193	0.04884	0.03766	0.00371	0.00798
6	0.02322	0.02867	0.01863	0.01703	0.02011	0.58859	0.01289	0.02511	0.01809	0.01694	0.01184	0.01484	0.01021	0.01390	0.11030	0.00321	0.05004	0.00500	0.00359	0.00780
7	0.01652	0.01581	0.02696	0.17126	0.58871	0.01638	0.02104	0.02075	0.01553	0.02188	0.01299	0.01752	0.01073	0.00636	0.00692	0.00212	0.00848	0.00621	0.00339	0.01044
8	0.01801	0.01735	0.02800	0.04032	0.63651	0.04088	0.03777	0.05462	0.01687	0.02364	0.01325	0.01713	0.01101	0.00635	0.00693	0.00207	0.00849	0.00621	0.00364	0.01095
9	0.03131	0.01188	0.01619	0.01242	0.01781	0.01026	0.01026	0.03401	0.01997	0.71606	0.02753	0.02375	0.01727	0.00864	0.00702	0.00216	0.00594	0.00702	0.00864	0.01188
10	0.00864	0.00621	0.00819	0.00960	0.01010	0.00588	0.00645	0.00988	0.01321	0.01759	0.03800	0.65759	0.06916	0.05518	0.04556	0.00340	0.00487	0.01861	0.00624	0.00564
11	0.01641	0.01865	0.04020	0.02886	0.03557	0.01783	0.65272	0.02208	0.01618	0.02208	0.01387	0.01865	0.01052	0.00620	0.00896	0.00239	0.04788	0.00813	0.00351	0.00932
12	0.01466	0.13956	0.62098	0.01875	0.02844	0.01784	0.02380	0.02193	0.01465	0.02129	0.01212	0.01423	0.00886	0.00654	0.00632	0.00211	0.00991	0.00495	0.00295	0.01012
13	0.02409	0.01160	0.01454	0.01174	0.01601	0.01103	0.00948	0.10409	0.06806	0.39869	0.15462	0.02868	0.02618	0.00968	0.00706	0.00213	0.00537	0.00801	0.07864	0.01033
14	0.04202	0.23690	0.50445	0.01731	0.02621	0.01937	0.02131	0.02171	0.01448	0.02083	0.01164	0.01363	0.00883	0.00644	0.00595	0.00201	0.00935	0.00471	0.00300	0.00984
15	0.01712	0.01643	0.02805	0.06856	0.68669	0.01654	0.02134	0.02128	0.01582	0.02261	0.01310	0.01732	0.01099	0.00625	0.00691	0.00208	0.00833	0.00622	0.00344	0.01093
16	0.00975	0.00700	0.00915	0.00908	0.01045	0.00652	0.00669	0.01255	0.01809	0.02531	0.53424	0.16244	0.05943	0.05233	0.00976	0.00257	0.00374	0.04733	0.00726	0.00632
17	0.00850	0.00607	0.00810	0.00972	0.01012	0.00567	0.00648	0.00972	0.01336	0.01781	0.03846	0.75020	0.04615	0.02186	0.00891	0.00283	0.00405	0.01984	0.00648	0.00567
18	0.01664	0.01594	0.02719	0.14938	0.60958	0.01642	0.02110	0.02087	0.01559	0.02204	0.01302	0.01748	0.01079	0.00633	0.00692	0.00211	0.00845	0.00622	0.00340	0.01055
19	0.01727	0.01658	0.02832	0.04283	0.71123	0.01658	0.02142	0.02142	0.01589	0.02280	0.01313	0.01727	0.01105	0.00622	0.00691	0.00207	0.00829	0.00622	0.00345	0.01105
20	0.01762	0.01856	0.02876	0.02335	0.06186	0.08358	0.28399	0.05232	0.10857	0.02223	0.01445	0.01808	0.01158	0.00836	0.01183	0.00247	0.21207	0.00707	0.00404	0.00921
21	0.01494	0.01268	0.01473	0.01056	0.01674	0.00979	0.00847	0.04396	0.01519	0.02358	0.01257	0.01456	0.01040	0.00529	0.00524	0.00108	0.00527	0.00422	0.00425	0.76649
22	0.06184	0.04821	0.01916	0.01704	0.05393	0.31430	0.01270	0.14265	0.17363	0.02540	0.01621	0.01720	0.01271	0.01005	0.04261	0.00247	0.00970	0.00574	0.00499	0.00947
23	0.01358	0.01377	0.01126	0.01162	0.01307	0.20376	0.00821	0.01494	0.01509	0.01734	0.03194	0.38427	0.09399	0.09822	0.01109	0.00295	0.00673	0.03651	0.00544	0.00622
24	0.01410	0.01461	0.02989	0.02357	0.05894	0.01376	0.43509	0.01821	0.01519	0.02058	0.02054	0.20904	0.02032	0.03326	0.00983	0.03024	0.00926	0.01113	0.00429	0.00814
25	0.01401	0.00713	0.00735	0.00712	0.00901	0.00717	0.00540	0.01799	0.04641	0.05627	0.02323	0.02592	0.01802	0.00821	0.00507	0.00168	0.00347	0.00659	0.72299	0.00695
26	0.13500	0.01154	0.01449	0.01148	0.01631	0.01054	0.00941	0.02959	0.01870	0.54042	0.08321	0.02591	0.04393	0.00912	0.00679	0.00217	0.00556	0.00731	0.00789	0.01063
27	0.01450	0.01434	0.04322	0.42587	0.29173	0.01547	0.01972	0.01891	0.01467	0.01979	0.01388	0.05174	0.01164	0.00737	0.00703	0.00225	0.00871	0.00681	0.00338	0.00895
28	0.02161	0.00975	0.01313	0.01088	0.01457	0.00863	0.00872	0.02458	0.01977	0.40325	0.31711	0.03741	0.03860	0.01134	0.00761	0.00220	0.00483	0.02837	0.00817	0.00947
29	0.00850	0.00607	0.00810	0.00972	0.01012	0.00567	0.00648	0.00972	0.01336	0.01781	0.03846	0.75020	0.04615	0.02186	0.00891	0.00283	0.00405	0.01984	0.00648	0.00567
30	0.01727	0.01658	0.02832	0.04283	0.71123	0.01658	0.02142	0.02142	0.01589	0.02280	0.01313	0.01727	0.01105	0.00622	0.00691	0.00207	0.00829	0.00622	0.00345	0.01105
31	0.14591	0.01174	0.01463	0.01152	0.01649	0.01080	0.00948	0.03075	0.01839	0.56536	0.02453	0.02205	0.01586	0.00828	0.00646	0.00212	0.00567	0.00650	0.06261	0.01085
32	0.00909	0.00612	0.00830	0.00958	0.00999	0.00577	0.00642	0.00980	0.01307	0.01751	0.06825	0.61085	0.04227	0.02182	0.01150	0.11647	0.00430	0.01750	0.00604	0.00534
33	0.03034	0.01267	0.01659	0.01280	0.01816	0.01153	0.01055	0.09107	0.04800	0.63031	0.02663	0.02323	0.01696	0.00865	0.00702	0.00216	0.00607	0.00699	0.00843	0.01184
34	0.00872	0.00624	0.00836	0.00975	0.01021	0.00601	0.00657	0.00999	0.01300	0.01745	0.03580	0.64766	0.04244	0.06144	0.07704	0.00381	0.00555	0.01820	0.00611	0.00565
35	0.00987	0.00792	0.01140	0.01134	0.01261	0.00769	0.06052	0.02706	0.01414	0.01869	0.03815	0.53016	0.12254	0.05135	0.01044	0.00290	0.03405	0.01700	0.00602	0.00615
36	0.01318	0.01240	0.02093	0.73798	0.04806	0.01550	0.01938	0.01783	0.01395	0.01783	0.01240	0.01860	0.00930	0.00698	0.00698	0.00233	0.00930	0.00620	0.00310	0.00775
37	0.00876	0.00626	0.00839	0.01001	0.01053	0.00589	0.00692	0.01016	0.01361	0.01810	0.03832	0.68728	0.04559	0.02162	0.00898	0.00287	0.00427	0.08023	0.00647	0.00574
38	0.80405	0.01350	0.01026	0.00918	0.01350	0.01565	0.00756	0.02051	0.01188	0.03131	0.00972	0.01134	0.00756	0.00648	0.00432	0.00216	0.00540	0.00378	0.00432	0.00756
39	0.01574	0.01502	0.02556	0.30282	0.46320	0.01618	0.02065	0.02007	0.01517	0.02094	0.01286	0.01777	0.01040	0.00650	0.00693	0.00217	0.00867	0.00621	0.00332	0.00982
40	0.04960	0.10882	0.34060	0.01812	0.07270	0.01594	0.03469	0.02144	0.04965	0.05598	0.01487	0.01784	0.01166	0.01519	0.13949	0.00379	0.01074	0.00575	0.00371	0.00943
41	0.11931	0.19152	0.23051	0.01495	0.02132	0.11340	0.01534	0.02467	0.09445	0.07137	0.01568	0.01649	0.02858	0.00729	0.00592	0.00200	0.00831	0.00526	0.00419	0.00944
42	0.01441	0.12491	0.60580	0.01846	0.02789	0.01725	0.02330	0.02160	0.01486	0.02162	0.03953	0.01576	0.01110	0.00685	0.00643	0.00212	0.00968	0.00527	0.00314	0.01000
43	0.02154	0.01371	0.01479	0.01195	0.01594	0.01466	0.00967	0.36575	0.02450	0.09278	0.02005	0.02103	0.01472	0.00830	0.00615	0.00191	0.00577	0.00643	0.32063	0.00973
44	0.01756	0.04202	0.06290	0.02171	0.05959	0.01625	0.26518	0.02201	0.03759	0.12016	0.01797	0.07770	0.01535	0.00945	0.01077	0.00248	0.15517	0.03239	0.00457	0.00917
45	0.08968	0.01699	0.13422	0.01382	0.01900	0.02994	0.04521	0.10747	0.07663	0.12175	0.12203	0.02903	0.09003	0.00973	0.00701	0.00217	0.00661	0.02264	0.00593	0.05009
46	0.00897	0.00675	0.00761	0.00801	0.00960	0.00605	0.00574	0.01080	0.01507	0.01965	0.10453	0.24633	0.37456	0.04423	0.02937	0.00281	0.00417	0.01487	0.07495	0.00589
47	0.00894	0.00670	0.00840	0.00951	0.01067	0.00615	0.00697	0.01071	0.01472	0.01899	0.07290	0.43482	0.21738	0.02005	0.00883	0.00275	0.00428	0.12482	0.00652	0.00589
48	0.01708	0.24803	0.28766	0.02143	0.11274	0.01961	0.11924	0.02230	0.01524	0.05640	0.01276	0.01506	0.00985	0.00637	0.00628	0.00199	0.00919	0.00542	0.00340	0.00994
49	0.04479	0.01543	0.05283	0.02048	0.15948	0.01433	0.06267	0.08654	0.11139	0.30094	0.04380	0.02195	0.01653	0.00807	0.00704	0.00218	0.00703	0.00701	0.00646	0.01105
50	0.00922	0.00678	0.00863	0.00885	0.01019	0.00620	0.00638	0.01163	0.01718	0.02348	0.40674	0.27938	0.14515	0.01717	0.00845	0.00242	0.00357	0.01523	0.00713	0.00620
51	0.01751	0.01677	0.15104	0.28223	0.05349	0.01395	0.03320	0.04573	0.04353	0.15649	0.05176	0.02124	0.01482	0.00777	0.00688	0.00220	0.00796	0.00662	0.05749	0.00932
52	0.06032	0.04258	0.12002	0.02250	0.16376	0.12489	0.07886	0.14790	0.01965	0.11150	0.01518	0.01726	0.01141	0.02467	0.00740	0.00219	0.00894	0.00601	0.00476	0.01021

[dist]
# distance from previous block
# <min> <max>
0	2

[block]
# block no. 2 follows, 30 sequences, length 88
# corresponding to MSA columns:
# 119-138,149-216
name=unknown_C
#
# <colnr> <probs for GDERKNQSTAVLIFYWHMCP>
#	G	D	E	R	K	N	Q	S	T	A	V	L	I	F	Y	W	H	M	C	P
0	0.03899	0.01276	0.01722	0.01984	0.20047	0.03295	0.04395	0.07928	0.06952	0.02617	0.17148	0.06089	0.09030	0.01033	0.00716	0.00214	0.00598	0.00908	0.09278	0.00869
1	0.01525	0.01392	0.01589	0.01158	0.01766	0.05270	0.03645	0.01839	0.01487	0.02238	0.01238	0.01454	0.01027	0.00532	0.00536	0.00113	0.00588	0.00432	0.00408	0.71763
2	0.01484	0.03172	0.01172	0.00997	0.01272	0.01106	0.00775	0.08774	0.16547	0.04477	0.16362	0.03365	0.08192	0.03307	0.00748	0.00217	0.00451	0.00869	0.25900	0.00813
3	0.01667	0.38402	0.36557	0.01599	0.02398	0.04678	0.01868	0.02172	0.01464	0.01919	0.01110	0.01295	0.00890	0.00633	0.00558	0.00185	0.00902	0.00445	0.00299	0.00958
4	0.01902	0.53788	0.15661	0.01370	0.02039	0.02429	0.01444	0.07205	0.01596	0.05304	0.01159	0.01285	0.00955	0.00640	0.00517	0.00170	0.00792	0.00434	0.00355	0.00956
5	0.02461	0.01522	0.01807	0.01426	0.01928	0.01578	0.03201	0.28707	0.13435	0.24843	0.02391	0.02268	0.04013	0.00979	0.02318	0.00234	0.00686	0.00711	0.02327	0.03167
6	0.01819	0.01480	0.01580	0.01409	0.01813	0.01693	0.01100	0.03690	0.65789	0.07041	0.02835	0.02590	0.02106	0.00942	0.00710	0.00235	0.00555	0.00784	0.00719	0.01110
7	0.00850	0.00607	0.00810	0.00972	0.01012	0.00567	0.00648	0.00972	0.01336	0.01781	0.03846	0.75020	0.04615	0.02186	0.00891	0.00283	0.00405	0.01984	0.00648	0.00567
8	0.01674	0.01841	0.03790	0.02749	0.03362	0.01827	0.57551	0.04905	0.01643	0.02256	0.01361	0.01830	0.01046	0.00677	0.00999	0.00243	0.10166	0.00789	0.00361	0.00929
9	0.07351	0.00986	0.01277	0.01077	0.01438	0.00896	0.00852	0.02394	0.01863	0.37924	0.23811	0.11311	0.03490	0.01172	0.00743	0.00225	0.00487	0.00997	0.00781	0.00925
10	0.01041	0.00754	0.01022	0.01169	0.01311	0.00735	0.00973	0.01308	0.01548	0.02006	0.04021	0.21845	0.09976	0.01968	0.00936	0.00306	0.00568	0.47248	0.00644	0.00622
11	0.02238	0.01701	0.01896	0.01541	0.02029	0.01891	0.03282	0.33521	0.33124	0.07699	0.02256	0.02142	0.01640	0.00881	0.00708	0.00223	0.00673	0.00711	0.00703	0.01142
12	0.00909	0.00692	0.00808	0.00841	0.00983	0.00632	0.00603	0.01081	0.01494	0.01921	0.14718	0.18811	0.31544	0.13823	0.03366	0.00345	0.00475	0.05761	0.00621	0.00573
13	0.01328	0.00709	0.00746	0.00727	0.00902	0.00728	0.00553	0.04205	0.01505	0.02589	0.02219	0.02577	0.01762	0.01184	0.06536	0.00245	0.00472	0.00658	0.69689	0.00669
14	0.00997	0.00748	0.01121	0.01121	0.01246	0.00872	0.00872	0.01246	0.01121	0.01620	0.01869	0.02741	0.01745	0.05234	0.72710	0.01121	0.01869	0.00748	0.00374	0.00623
15	0.01532	0.01388	0.02267	0.43023	0.25588	0.01576	0.01893	0.06309	0.01557	0.02086	0.01291	0.01819	0.01018	0.00773	0.00801	0.04359	0.00870	0.00620	0.00347	0.00883
16	0.04355	0.12096	0.61174	0.01855	0.02813	0.01754	0.02347	0.02190	0.01456	0.02176	0.01209	0.01419	0.00881	0.00655	0.00629	0.00212	0.00979	0.00494	0.00300	0.01005
17	0.01241	0.00981	0.01131	0.02565	0.01392	0.01010	0.00855	0.07711	0.15654	0.02410	0.10770	0.20343	0.20467	0.01572	0.00818	0.00252	0.00486	0.08914	0.00669	0.00760
18	0.01810	0.10109	0.13945	0.02012	0.02484	0.18672	0.16506	0.02179	0.01519	0.01894	0.01182	0.02925	0.01009	0.00825	0.01089	0.00230	0.19803	0.00607	0.00333	0.00867
19	0.01614	0.01848	0.07038	0.11288	0.18189	0.01710	0.43401	0.02162	0.01597	0.02192	0.01363	0.01826	0.01045	0.00612	0.00773	0.00228	0.01067	0.00741	0.00343	0.00962
20	0.01203	0.00986	0.01207	0.01040	0.01360	0.00860	0.00774	0.01409	0.01344	0.01978	0.02223	0.27662	0.02423	0.07858	0.01038	0.00232	0.05392	0.01034	0.00490	0.39489
21	0.01913	0.42541	0.17436	0.01513	0.02126	0.17355	0.01528	0.02247	0.01535	0.01776	0.01050	0.01238	0.00895	0.00661	0.00603	0.00177	0.03769	0.00428	0.00311	0.00900
22	0.01638	0.01601	0.02570	0.03557	0.52407	0.05095	0.06292	0.02015	0.01600	0.02213	0.04448	0.10070	0.01710	0.00833	0.00724	0.00217	0.00806	0.00805	0.00398	0.01001
23	0.00839	0.00707	0.00727	0.00722	0.00951	0.00595	0.00541	0.01029	0.01624	0.01965	0.12646	0.06584	0.65213	0.01737	0.00825	0.00234	0.00351	0.01454	0.00659	0.00595
24	0.01553	0.00966	0.01052	0.02609	0.01245	0.01011	0.00737	0.16585	0.01951	0.03016	0.13190	0.02800	0.02409	0.00915	0.00594	0.00184	0.00439	0.00744	0.47228	0.00774
25	0.01658	0.12826	0.37615	0.02052	0.08749	0.01740	0.08228	0.02367	0.06776	0.07255	0.01481	0.01671	0.01101	0.00799	0.02533	0.00235	0.00941	0.00575	0.00381	0.01017
26	0.00899	0.00659	0.00847	0.00935	0.01039	0.00608	0.00667	0.01091	0.01542	0.02063	0.20525	0.44733	0.13629	0.01930	0.00871	0.00264	0.00396	0.06029	0.00677	0.00597
27	0.00999	0.00739	0.01077	0.01077	0.01186	0.00848	0.00817	0.01218	0.01108	0.01587	0.01910	0.02967	0.01842	0.13897	0.64181	0.01067	0.01722	0.00781	0.00380	0.00598
28	0.01690	0.05218	0.42482	0.01895	0.02690	0.07818	0.07090	0.10180	0.06894	0.02447	0.01506	0.04284	0.01166	0.00758	0.00682	0.00218	0.00963	0.00617	0.00397	0.01008
29	0.04486	0.01804	0.04643	0.01468	0.01919	0.14867	0.01222	0.09581	0.04572	0.34945	0.02010	0.01963	0.01393	0.01014	0.03381	0.00250	0.08183	0.00627	0.00639	0.01033
30	0.03131	0.01188	0.01619	0.01242	0.01781	0.01026	0.01026	0.03401	0.01997	0.71606	0.02753	0.02375	0.01727	0.00864	0.00702	0.00216	0.00594	0.00702	0.00864	0.01188
31	0.01928	0.01349	0.01544	0.01434	0.06209	0.05528	0.01046	0.16663	0.08211	0.14999	0.25714	0.06782	0.03367	0.01101	0.00748	0.00218	0.00583	0.00930	0.00706	0.00939
32	0.01632	0.01569	0.02717	0.09427	0.57216	0.01583	0.06014	0.02041	0.01560	0.02205	0.01481	0.06621	0.01322	0.00730	0.00713	0.00216	0.00830	0.00724	0.00363	0.01034
33	0.01952	0.01363	0.02356	0.02389	0.21025	0.01279	0.16416	0.02325	0.01739	0.22582	0.09635	0.09599	0.02227	0.00929	0.00758	0.00225	0.00741	0.00896	0.00575	0.00990
34	0.01784	0.37800	0.12560	0.01582	0.02167	0.07520	0.09466	0.06171	0.01621	0.02028	0.04574	0.04554	0.01358	0.00756	0.00651	0.00190	0.03361	0.00585	0.00371	0.00902
35	0.01461	0.01261	0.01517	0.01198	0.05168	0.00967	0.00893	0.01777	0.01454	0.02274	0.01244	0.01461	0.01037	0.00522	0.00526	0.00109	0.00533	0.00424	0.00410	0.75763
36	0.28352	0.01896	0.01749	0.01708	0.09269	0.17714	0.03231	0.06013	0.11419	0.06996	0.01461	0.01583	0.01123	0.00750	0.00667	0.00214	0.03928	0.00536	0.00479	0.00911
37	0.02613	0.03137	0.01994	0.01771	0.02158	0.62988	0.01345	0.11854	0.02157	0.02077	0.01161	0.01316	0.00938	0.00735	0.00639	0.00184	0.01191	0.00474	0.00406	0.00861
38	0.01400	0.03610	0.71860	0.01989	0.03020	0.01621	0.02578	0.02210	0.01473	0.02210	0.01252	0.01473	0.00884	0.00663	0.00663	0.00221	0.01031	0.00516	0.00295	0.01031
39	0.01438	0.09570	0.66237	0.01923	0.02919	0.01715	0.02464	0.02200	0.01469	0.02163	0.01229	0.01444	0.00885	0.00658	0.00645	0.00215	0.01008	0.00504	0.00295	0.01020
40	0.00845	0.00628	0.00788	0.00916	0.00998	0.00571	0.00623	0.00978	0.01389	0.01803	0.04521	0.60719	0.18481	0.02099	0.00877	0.00273	0.00394	0.01877	0.00648	0.00571
41	0.00867	0.00632	0.00843	0.00973	0.01037	0.00607	0.00669	0.01009	0.01326	0.01768	0.03807	0.61228	0.08652	0.02548	0.10077	0.00387	0.00589	0.01792	0.00613	0.00575
42	0.02040	0.01517	0.01579	0.01351	0.01773	0.05237	0.01068	0.13825	0.35920	0.14070	0.03081	0.02866	0.10541	0.01008	0.00717	0.00226	0.00606	0.00818	0.00707	0.01051
43	0.01771	0.01958	0.02405	0.01994	0.02176	0.16850	0.11699	0.01996	0.01347	0.01770	0.01026	0.01525	0.00934	0.01020	0.01719	0.00268	0.47809	0.00609	0.00324	0.00800
44	0.00850	0.00607	0.00810	0.00972	0.01012	0.00567	0.00648	0.00972	0.01336	0.01781	0.03846	0.75020	0.04615	0.02186	0.00891	0.00283	0.00405	0.01984	0.00648	0.00567
45	0.01015	0.00677	0.00761	0.00761	0.00761	0.00677	0.00423	0.01015	0.01015	0.01353	0.02199	0.04567	0.02537	0.75476	0.03552	0.00677	0.00677	0.01015	0.00423	0.00423
46	0.01131	0.00842	0.01060	0.01130	0.01330	0.00822	0.00947	0.05782	0.01709	0.02192	0.06206	0.10585	0.21214	0.01814	0.00903	0.00287	0.00555	0.40178	0.00651	0.00661
47	0.02814	0.01695	0.01934	0.01482	0.02035	0.01779	0.01225	0.46680	0.02847	0.27127	0.02040	0.01912	0.01370	0.00846	0.00699	0.00212	0.00709	0.00653	0.00754	0.01187
48	0.01167	0.00998	0.01448	0.01350	0.01434	0.01278	0.01082	0.01385	0.01105	0.01639	0.01563	0.02352	0.01479	0.03946	0.50109	0.00860	0.25083	0.00704	0.00352	0.00668
49	0.01087	0.00743	0.00983	0.00942	0.01121	0.00690	0.00730	0.01413	0.01931	0.05361	0.59864	0.05431	0.06081	0.01467	0.00836	0.00232	0.00378	0.09277	0.00756	0.00677
50	0.01318	0.01240	0.02093	0.73798	0.04806	0.01550	0.01938	0.01783	0.01395	0.01783	0.01240	0.01860	0.00930	0.00698	0.00698	0.00233	0.00930	0.00620	0.00310	0.00775
51	0.00915	0.00680	0.00855	0.00889	0.01027	0.00620	0.00646	0.01146	0.01677	0.02260	0.33891	0.28525	0.18485	0.01761	0.00851	0.00247	0.00370	0.03841	0.00701	0.00614
52	0.37169	0.05560	0.12776	0.01258	0.01754	0.14238	0.01164	0.02224	0.01446	0.06663	0.01274	0.01511	0.01002	0.03566	0.00645	0.00221	0.00753	0.00474	0.05478	0.00823
53	0.01930	0.69560	0.03510	0.01247	0.01823	0.08865	0.01207	0.02150	0.01467	0.01648	0.00980	0.01132	0.00896	0.00608	0.00464	0.00152	0.00791	0.00380	0.00304	0.00888
54	0.01007	0.00707	0.00914	0.00914	0.00967	0.00759	0.00613	0.01113	0.01060	0.01466	0.02059	0.03793	0.02201	0.45720	0.32848	0.00865	0.01182	0.00902	0.00402	0.00508
55	0.01730	0.01703	0.02661	0.12621	0.57214	0.05908	0.02045	0.02173	0.03174	0.02199	0.01325	0.01736	0.01095	0.00644	0.00688	0.00209	0.00861	0.00615	0.00350	0.01047
56	0.02207	0.01821	0.05894	0.05700	0.31223	0.06349	0.03772	0.15250	0.02010	0.16414	0.01650	0.01812	0.01211	0.00722	0.00693	0.00210	0.00824	0.00628	0.00514	0.01095
57	0.01609	0.01821	0.03959	0.02847	0.03521	0.01707	0.65333	0.02175	0.01632	0.02214	0.01528	0.05387	0.01229	0.00665	0.00827	0.00238	0.01139	0.00879	0.00367	0.00923
58	0.01640	0.01825	0.03830	0.04650	0.10025	0.01772	0.56712	0.02183	0.01601	0.02196	0.01369	0.01846	0.01052	0.00631	0.00895	0.00237	0.05458	0.00787	0.00348	0.00943
59	0.01890	0.01644	0.05045	0.08508	0.05382	0.01616	0.22981	0.15206	0.07082	0.09871	0.01953	0.06122	0.01597	0.00893	0.00802	0.00236	0.02513	0.05152	0.00528	0.00978
60	0.01474	0.01207	0.01365	0.01226	0.01522	0.01338	0.00952	0.06056	0.36487	0.02902	0.30105	0.03568	0.03833	0.01145	0.00813	0.00231	0.03177	0.00965	0.00718	0.00916
61	0.03131	0.01188	0.01619	0.01242	0.01781	0.01026	0.01026	0.03401	0.01997	0.71606	0.02753	0.02375	0.01727	0.00864	0.00702	0.00216	0.00594	0.00702	0.00864	0.01188
62	0.00921	0.00658	0.00890	0.01047	0.01120	0.00627	0.00766	0.01097	0.01418	0.01881	0.05348	0.56831	0.04513	0.02105	0.00907	0.00291	0.00462	0.17881	0.00649	0.00588
63	0.02372	0.01535	0.02462	0.04071	0.02482	0.03058	0.22305	0.09181	0.04578	0.32361	0.04519	0.02196	0.01586	0.00800	0.00791	0.00225	0.03046	0.00745	0.00633	0.01054
64	0.00860	0.00614	0.00821	0.00983	0.01027	0.00575	0.00665	0.00988	0.01346	0.01792	0.03841	0.72650	0.04594	0.02177	0.00893	0.00285	0.00413	0.04258	0.00648	0.00569
65	0.01048	0.00791	0.01120	0.01109	0.01241	0.00912	0.00848	0.01389	0.05684	0.01683	0.01963	0.02895	0.01841	0.11195	0.61772	0.01023	0.01676	0.00774	0.00401	0.00637
66	0.01716	0.01647	0.02813	0.06091	0.69398	0.01655	0.02136	0.02132	0.01584	0.02267	0.01311	0.01731	0.01101	0.00624	0.00691	0.00208	0.00832	0.00622	0.00345	0.01097
67	0.01318	0.00791	0.01044	0.01028	0.01189	0.00761	0.00750	0.01561	0.03331	0.13586	0.20812	0.37510	0.04362	0.04550	0.00995	0.00271	0.03273	0.01464	0.00694	0.00709
68	0.01603	0.01486	0.02566	0.16478	0.36153	0.01533	0.10957	0.02058	0.03133	0.04881	0.05364	0.02257	0.05028	0.00765	0.00765	0.00221	0.02645	0.00734	0.00405	0.00965
69	0.01551	0.01369	0.01642	0.01219	0.01778	0.03632	0.04940	0.06230	0.01571	0.02330	0.01367	0.03330	0.01183	0.03688	0.00725	0.00153	0.02275	0.00520	0.00430	0.60066
70	0.01647	0.01576	0.02687	0.17973	0.58062	0.01637	0.02102	0.02071	0.01551	0.02182	0.01298	0.01753	0.01071	0.00637	0.00692	0.00212	0.00849	0.00621	0.00338	0.01040
71	0.07729	0.02936	0.01900	0.01695	0.02082	0.56129	0.01291	0.09572	0.06441	0.02157	0.01247	0.01380	0.00998	0.00741	0.00628	0.00189	0.01115	0.00485	0.00422	0.00863
72	0.01816	0.01392	0.02011	0.01468	0.02062	0.01203	0.13011	0.05317	0.01644	0.13554	0.01523	0.01689	0.01153	0.00630	0.00683	0.00159	0.03690	0.00552	0.00485	0.45958
73	0.00998	0.00742	0.01094	0.01094	0.01210	0.00858	0.00838	0.01229	0.01113	0.01600	0.01894	0.02879	0.01804	0.10531	0.67495	0.01088	0.01779	0.00768	0.00378	0.00608
74	0.01017	0.00772	0.01139	0.01128	0.01242	0.00907	0.00872	0.01250	0.01114	0.01608	0.01852	0.02793	0.01756	0.08746	0.66597	0.01069	0.04390	0.00757	0.00374	0.00618
75	0.01073	0.00716	0.00794	0.00786	0.00818	0.00728	0.00462	0.01196	0.04531	0.01525	0.02237	0.04321	0.02461	0.66163	0.03181	0.00616	0.00644	0.00976	0.06296	0.00474
76	0.01212	0.00606	0.00909	0.00909	0.00909	0.00606	0.00606	0.00909	0.00909	0.01212	0.01212	0.02121	0.01212	0.02424	0.02727	0.79697	0.00606	0.00606	0.00303	0.00303
77	0.02870	0.01240	0.01620	0.01284	0.01790	0.01143	0.01060	0.08234	0.06497	0.57420	0.02740	0.02703	0.01865	0.00938	0.00719	0.00224	0.00607	0.05073	0.00826	0.01146
78	0.01107	0.00744	0.00947	0.00878	0.01078	0.00673	0.00665	0.01411	0.01923	0.07246	0.57254	0.05236	0.15319	0.01437	0.00815	0.00222	0.00350	0.01254	0.00758	0.00684
79	0.01093	0.00814	0.01065	0.01182	0.01367	0.00801	0.01012	0.01455	0.04411	0.02084	0.04293	0.07438	0.16478	0.01857	0.00927	0.00302	0.00585	0.51538	0.00646	0.00652
80	0.02653	0.01955	0.02094	0.01606	0.02164	0.02164	0.01326	0.68796	0.03281	0.04398	0.01675	0.01675	0.01187	0.00838	0.00698	0.00209	0.00768	0.00628	0.00698	0.01187
81	0.01028	0.00863	0.00897	0.00870	0.01075	0.04305	0.00649	0.01331	0.04182	0.02293	0.31681	0.09667	0.33142	0.01545	0.00804	0.00227	0.00399	0.01318	0.03077	0.00647
82	0.00957	0.00694	0.00905	0.00908	0.01049	0.00642	0.00670	0.01235	0.01806	0.02513	0.50996	0.20557	0.08526	0.01626	0.00844	0.00238	0.00359	0.04108	0.00732	0.00635
83	0.00965	0.00693	0.00919	0.01059	0.01154	0.00666	0.00805	0.01157	0.01430	0.01872	0.03858	0.40110	0.08205	0.07603	0.01116	0.00325	0.00513	0.26338	0.00629	0.00586
84	0.01647	0.01882	0.04118	0.02941	0.03647	0.01765	0.68588	0.02235	0.01647	0.02235	0.01412	0.01882	0.01059	0.00588	0.00824	0.00235	0.01176	0.00824	0.00353	0.00941
85	0.15625	0.01214	0.01523	0.01189	0.01712	0.01113	0.00982	0.03183	0.01866	0.60535	0.02465	0.02174	0.01570	0.00829	0.00658	0.00216	0.00585	0.00649	0.00794	0.01118
86	0.01206	0.01014	0.01313	0.01378	0.06629	0.01053	0.02980	0.03248	0.14746	0.02194	0.07330	0.21175	0.18819	0.01725	0.04823	0.00300	0.03611	0.05087	0.00606	0.00762
87	0.04494	0.09979	0.06894	0.30860	0.04934	0.03695	0.07119	0.06442	0.04174	0.02094	0.01256	0.01676	0.00992	0.00768	0.00901	0.00229	0.11675	0.00595	0.00359	0.00865

[dist]
# distance from previous block
# <min> <max>
2	36

[block]
# block no. 3 follows, 30 sequences, length 23
# corresponding to MSA columns:
# 253-275
name=unknown_D
#
# <colnr> <probs for GDERKNQSTAVLIFYWHMCP>
#	G	D	E	R	K	N	Q	S	T	A	V	L	I	F	Y	W	H	M	C	P
0	0.01719	0.13066	0.09783	0.11686	0.20681	0.05071	0.04691	0.02115	0.01543	0.06444	0.01385	0.03561	0.01136	0.00675	0.00632	0.00189	0.00810	0.00581	0.00381	0.13851
1	0.01390	0.01803	0.17813	0.02033	0.07741	0.01325	0.19823	0.01970	0.06586	0.03804	0.02499	0.18267	0.06418	0.01126	0.00787	0.00244	0.00812	0.04209	0.00474	0.00874
2	0.02156	0.01853	0.13286	0.02827	0.34808	0.01510	0.01822	0.07887	0.01825	0.22476	0.01749	0.01870	0.01257	0.00716	0.00690	0.00212	0.00788	0.00629	0.00516	0.01124
3	0.01832	0.01755	0.02392	0.23238	0.34850	0.10763	0.01864	0.06708	0.03532	0.04412	0.01373	0.01745	0.01082	0.00687	0.00686	0.00212	0.00894	0.00607	0.00387	0.00982
4	0.14235	0.03141	0.01889	0.04030	0.16109	0.09021	0.05176	0.09738	0.06885	0.02511	0.01966	0.16587	0.01893	0.01038	0.00696	0.00228	0.00731	0.02744	0.00497	0.00883
5	0.04688	0.00804	0.00935	0.00925	0.01114	0.00784	0.00684	0.01473	0.09112	0.02423	0.32842	0.20258	0.18213	0.01572	0.00808	0.00238	0.00385	0.01369	0.00696	0.00678
6	0.01327	0.01124	0.01326	0.09078	0.01762	0.07581	0.03021	0.03513	0.04624	0.05350	0.06930	0.20403	0.12447	0.02150	0.14402	0.00408	0.00861	0.02431	0.00545	0.00716
7	0.00863	0.00617	0.00821	0.00963	0.01015	0.00575	0.00649	0.01004	0.01395	0.01876	0.10044	0.68554	0.04798	0.02116	0.00884	0.00277	0.00398	0.01917	0.00659	0.00575
8	0.03553	0.01525	0.01857	0.09613	0.11903	0.05655	0.01300	0.12095	0.05040	0.07441	0.03729	0.01972	0.01396	0.00760	0.00720	0.00188	0.04108	0.02442	0.00491	0.24210
9	0.00881	0.00625	0.00816	0.00940	0.00988	0.00587	0.00624	0.01008	0.01360	0.01829	0.09865	0.60885	0.04572	0.10093	0.01174	0.00320	0.00427	0.01811	0.00634	0.00560
10	0.02898	0.01136	0.01545	0.01202	0.01701	0.00986	0.00986	0.03174	0.01995	0.64116	0.10155	0.02684	0.02256	0.00925	0.00715	0.00216	0.00565	0.00763	0.00853	0.01130
11	0.01471	0.03110	0.52261	0.02264	0.03202	0.01662	0.21676	0.02217	0.01524	0.02217	0.01298	0.01592	0.00935	0.00641	0.00709	0.00225	0.01073	0.00605	0.00312	0.01005
12	0.01430	0.01355	0.02296	0.54711	0.23015	0.01580	0.01994	0.01881	0.01449	0.01919	0.01260	0.01824	0.00978	0.00677	0.00696	0.00226	0.00902	0.00621	0.00320	0.00866
13	0.01110	0.00793	0.01104	0.01241	0.01402	0.00787	0.01074	0.01432	0.01647	0.02166	0.10994	0.07582	0.04296	0.01873	0.00949	0.00310	0.00608	0.59333	0.00656	0.00644
14	0.00956	0.00710	0.00895	0.00891	0.01057	0.00650	0.00675	0.01236	0.01808	0.02463	0.46145	0.12212	0.18581	0.01608	0.00842	0.00238	0.00369	0.07306	0.00722	0.00635
15	0.01524	0.29431	0.18524	0.01397	0.01946	0.01811	0.03303	0.05180	0.05505	0.02095	0.05924	0.16545	0.02075	0.01015	0.00648	0.00208	0.00720	0.00835	0.00441	0.00874
16	0.01769	0.01737	0.02792	0.04166	0.67861	0.05017	0.02104	0.02172	0.01607	0.02253	0.01302	0.01705	0.01096	0.00626	0.00688	0.00206	0.00849	0.00614	0.00346	0.01091
17	0.01040	0.00786	0.01037	0.01083	0.01147	0.00851	0.00803	0.01188	0.01263	0.01707	0.02948	0.25313	0.05062	0.21982	0.08429	0.00476	0.08938	0.14853	0.00522	0.00572
18	0.00878	0.00694	0.00791	0.00799	0.00983	0.00607	0.00587	0.01092	0.01668	0.02145	0.25796	0.16652	0.41377	0.01728	0.00834	0.00238	0.00354	0.01487	0.00684	0.00607
19	0.01985	0.17413	0.07072	0.03413	0.12318	0.14519	0.06206	0.05499	0.04996	0.07466	0.03557	0.01693	0.01258	0.00771	0.00817	0.00207	0.08863	0.00580	0.00418	0.00945
20	0.04675	0.11340	0.48316	0.02162	0.13095	0.01721	0.02207	0.02139	0.01457	0.02164	0.01250	0.01564	0.00970	0.03209	0.00732	0.00226	0.00936	0.00527	0.00313	0.00995
21	0.33003	0.13391	0.08500	0.01555	0.05148	0.18136	0.05240	0.03920	0.01529	0.02431	0.01082	0.01277	0.00867	0.00658	0.00543	0.00199	0.00839	0.00450	0.00380	0.00853
22	0.01815	0.01824	0.02747	0.04035	0.64240	0.08746	0.02062	0.02206	0.01628	0.02223	0.01289	0.01680	0.01085	0.00631	0.00685	0.00205	0.00872	0.00605	0.00347	0.01076

[dist]
# distance from previous block
# <min> <max>
0	2

[block]
# block no. 4 follows, 30 sequences, length 30
# corresponding to MSA columns:
# 278-307
name=unknown_E
#
# <colnr> <probs for GDERKNQSTAVLIFYWHMCP>
#	G	D	E	R	K	N	Q	S	T	A	V	L	I	F	Y	W	H	M	C	P
0	0.00998	0.00713	0.00858	0.00918	0.01091	0.00639	0.00693	0.01188	0.01538	0.05295	0.06664	0.29165	0.33317	0.01880	0.00863	0.00264	0.00429	0.12205	0.00660	0.00621
1	0.01524	0.06603	0.62954	0.01939	0.02894	0.07828	0.02414	0.02255	0.01515	0.02143	0.01225	0.01440	0.00886	0.00665	0.00651	0.00214	0.01039	0.00504	0.00300	0.01006
2	0.10403	0.01463	0.01694	0.01337	0.01854	0.01493	0.01096	0.22287	0.10303	0.37275	0.02276	0.02077	0.01523	0.00845	0.00675	0.00216	0.00634	0.00659	0.00755	0.01135
3	0.01578	0.06798	0.52821	0.01776	0.02687	0.01592	0.02155	0.05554	0.01584	0.05727	0.01332	0.01507	0.00960	0.00660	0.00638	0.00202	0.00919	0.00511	0.00358	0.10642
4	0.11239	0.01769	0.03472	0.02544	0.03121	0.01791	0.51238	0.02138	0.01513	0.02269	0.01291	0.01743	0.01003	0.00681	0.00974	0.00242	0.10980	0.00740	0.00356	0.00894
5	0.01400	0.03610	0.71860	0.01989	0.03020	0.01621	0.02578	0.02210	0.01473	0.02210	0.01252	0.01473	0.00884	0.00663	0.00663	0.00221	0.01031	0.00516	0.00295	0.01031
6	0.05496	0.00882	0.01131	0.00995	0.01280	0.00806	0.00772	0.01957	0.01875	0.24009	0.38280	0.10240	0.06862	0.01292	0.00772	0.00224	0.00429	0.01115	0.00767	0.00817
7	0.01329	0.01395	0.04668	0.04809	0.02451	0.01343	0.31155	0.01682	0.01415	0.01934	0.02081	0.21153	0.02141	0.10372	0.01315	0.00309	0.08151	0.01110	0.00430	0.00758
8	0.00861	0.00622	0.00815	0.00950	0.01011	0.00576	0.00643	0.01003	0.01404	0.01875	0.09811	0.65491	0.08157	0.02099	0.00881	0.00275	0.00396	0.01895	0.00658	0.00576
9	0.01034	0.00736	0.01064	0.01064	0.01193	0.00845	0.00825	0.01292	0.01163	0.01740	0.01919	0.02724	0.01750	0.04694	0.63900	0.01005	0.01681	0.00736	0.10008	0.00626
10	0.00964	0.00719	0.00926	0.00983	0.01129	0.00644	0.00707	0.01155	0.01467	0.02004	0.12331	0.48300	0.07161	0.01844	0.00840	0.00254	0.00427	0.07264	0.00634	0.10245
11	0.01435	0.01179	0.01669	0.01494	0.01745	0.04144	0.09459	0.01719	0.01557	0.08003	0.03327	0.07058	0.14355	0.01476	0.01113	0.00277	0.13385	0.25305	0.00557	0.00743
12	0.01131	0.00767	0.00853	0.00799	0.01060	0.00653	0.00610	0.01343	0.01700	0.10532	0.16385	0.05954	0.52477	0.01604	0.00809	0.00231	0.00379	0.01346	0.00693	0.00673
13	0.00923	0.00685	0.00887	0.00979	0.01090	0.00611	0.00670	0.01067	0.01350	0.01841	0.03528	0.66045	0.04178	0.01983	0.00845	0.00261	0.00419	0.01792	0.00619	0.10226
14	0.01544	0.14813	0.41648	0.04482	0.10920	0.01827	0.10963	0.02173	0.01498	0.02116	0.01234	0.01511	0.00936	0.00639	0.00653	0.00210	0.00977	0.00549	0.00309	0.00998
15	0.01250	0.00920	0.04581	0.01232	0.03375	0.00804	0.00942	0.01471	0.01450	0.10368	0.03280	0.43645	0.03599	0.02041	0.05646	0.00331	0.02531	0.11213	0.00620	0.00702
16	0.01481	0.01616	0.03427	0.02530	0.03097	0.01515	0.54410	0.01972	0.01582	0.02141	0.01920	0.17145	0.01801	0.00922	0.00838	0.00245	0.01015	0.01066	0.00414	0.00863
17	0.38883	0.11203	0.16908	0.01414	0.03640	0.09900	0.01345	0.02158	0.01372	0.02493	0.01050	0.01254	0.00834	0.00681	0.00605	0.00209	0.04400	0.00433	0.00369	0.00848
18	0.01862	0.01915	0.02701	0.03901	0.60514	0.12582	0.02020	0.02241	0.01649	0.02192	0.01277	0.01655	0.01074	0.00637	0.00681	0.00203	0.00895	0.00595	0.00348	0.01060
19	0.01297	0.02854	0.03187	0.01244	0.01426	0.04783	0.00987	0.05488	0.05550	0.01866	0.01901	0.07855	0.01826	0.08575	0.37716	0.03848	0.07672	0.00806	0.00424	0.00694
20	0.01829	0.04449	0.31282	0.02309	0.11864	0.01630	0.15047	0.05723	0.04378	0.12355	0.01584	0.01762	0.01133	0.00690	0.00701	0.00219	0.00930	0.00629	0.00431	0.01053
21	0.04076	0.08944	0.46811	0.02230	0.11186	0.01730	0.08019	0.03750	0.01541	0.03579	0.01280	0.01522	0.00946	0.00653	0.00657	0.00214	0.00966	0.00545	0.00331	0.01019
22	0.02200	0.01039	0.01342	0.01133	0.01528	0.00937	0.00927	0.05820	0.01936	0.39151	0.10852	0.04150	0.14741	0.01225	0.00772	0.00234	0.00538	0.09745	0.00777	0.00952
23	0.00896	0.00637	0.00830	0.00941	0.01012	0.00600	0.00647	0.01009	0.01344	0.01772	0.05980	0.51850	0.12297	0.04822	0.04647	0.05665	0.00498	0.03394	0.00607	0.00554
24	0.01873	0.13267	0.28182	0.04544	0.04267	0.12990	0.01739	0.02517	0.08857	0.09734	0.04419	0.01784	0.01358	0.00746	0.00645	0.00205	0.00889	0.00572	0.00434	0.00978
25	0.00985	0.00699	0.00851	0.00821	0.00928	0.00660	0.00559	0.01178	0.01582	0.02182	0.39940	0.05083	0.09971	0.29470	0.01856	0.00394	0.00462	0.01185	0.00628	0.00564
26	0.00855	0.00622	0.00807	0.00942	0.01007	0.00574	0.00637	0.00992	0.01393	0.01844	0.07646	0.65042	0.10850	0.02108	0.00881	0.00276	0.00396	0.01899	0.00654	0.00574
27	0.01964	0.20298	0.20173	0.01732	0.02392	0.11014	0.07737	0.15407	0.08320	0.02506	0.01409	0.01544	0.01081	0.00708	0.00633	0.00199	0.00908	0.00549	0.00427	0.01000
28	0.48413	0.01557	0.01417	0.01183	0.01652	0.01772	0.00970	0.23547	0.08078	0.03517	0.01366	0.01440	0.01018	0.00736	0.00542	0.00216	0.00614	0.00495	0.00542	0.00925
29	0.05642	0.01575	0.07732	0.01362	0.01951	0.04153	0.08700	0.05204	0.01629	0.07512	0.02085	0.02198	0.09579	0.00747	0.00625	0.00167	0.00666	0.00630	0.00471	0.37373

[dist]
# distance from previous block
# <min> <max>
0	1

[block]
# block no. 5 follows, 30 sequences, length 7
# corresponding to MSA columns:
# 309-315
name=unknown_F
#
# <colnr> <probs for GDERKNQSTAVLIFYWHMCP>
#	G	D	E	R	K	N	Q	S	T	A	V	L	I	F	Y	W	H	M	C	P
0	0.01062	0.00770	0.00967	0.01027	0.01151	0.00752	0.00737	0.07787	0.01644	0.02206	0.13230	0.51658	0.07102	0.01915	0.00863	0.00267	0.00441	0.05105	0.00670	0.00646
1	0.22769	0.01231	0.01296	0.01079	0.01480	0.01299	0.00876	0.15792	0.01867	0.19232	0.01901	0.01982	0.01378	0.01029	0.04529	0.00251	0.00619	0.00592	0.19888	0.00912
2	0.01965	0.07083	0.12980	0.01958	0.11900	0.05530	0.03994	0.16785	0.14636	0.06871	0.03503	0.01983	0.01469	0.03040	0.00762	0.00223	0.00785	0.00646	0.00525	0.03363
3	0.01594	0.01558	0.02176	0.08556	0.28221	0.08052	0.05243	0.02079	0.08286	0.02075	0.01773	0.08068	0.01650	0.05069	0.03870	0.00291	0.06844	0.03280	0.00418	0.00897
4	0.00963	0.00727	0.01020	0.01277	0.07966	0.00692	0.00782	0.01126	0.01404	0.01904	0.10234	0.55859	0.04323	0.06980	0.01047	0.00296	0.00458	0.01709	0.00614	0.00620
5	0.01595	0.04783	0.04463	0.01296	0.03281	0.01350	0.01040	0.18323	0.05535	0.05208	0.08004	0.05634	0.12518	0.06960	0.13654	0.00412	0.03644	0.00893	0.00566	0.00840
6	0.04429	0.01600	0.04992	0.01362	0.01861	0.05876	0.03920	0.14204	0.01763	0.02564	0.01382	0.01654	0.01123	0.01099	0.07313	0.00253	0.06276	0.00531	0.03449	0.34350

[dist]
# distance from previous block
# <min> <max>
0	4

[block]
# block no. 6 follows, 30 sequences, length 46
# corresponding to MSA columns:
# 320-339,343-368
name=unknown_G
#
# <colnr> <probs for GDERKNQSTAVLIFYWHMCP>
#	G	D	E	R	K	N	Q	S	T	A	V	L	I	F	Y	W	H	M	C	P
0	0.01229	0.01065	0.01259	0.01073	0.01400	0.04106	0.03804	0.01657	0.07056	0.02440	0.31117	0.07148	0.13009	0.01185	0.00736	0.00197	0.00478	0.01029	0.00621	0.19390
1	0.01529	0.01226	0.01473	0.01184	0.01599	0.03929	0.04010	0.05257	0.03660	0.07772	0.13314	0.07447	0.09962	0.01009	0.00759	0.00185	0.04154	0.00841	0.00559	0.30134
2	0.01722	0.01709	0.02565	0.02080	0.05224	0.08760	0.26495	0.11530	0.04841	0.02369	0.02001	0.02589	0.05879	0.04738	0.07740	0.00336	0.04336	0.03755	0.00454	0.00878
3	0.01495	0.04721	0.01918	0.19003	0.16235	0.04502	0.03352	0.01815	0.01532	0.06906	0.02467	0.14429	0.07260	0.01155	0.00798	0.00240	0.02691	0.08187	0.00475	0.00820
4	0.01663	0.01562	0.02604	0.22412	0.50512	0.01653	0.02050	0.05138	0.01617	0.02248	0.01310	0.01760	0.01063	0.00652	0.00693	0.00214	0.00853	0.00622	0.00352	0.01022
5	0.01691	0.00864	0.01076	0.00960	0.01254	0.00756	0.00732	0.01894	0.01693	0.27175	0.10105	0.15468	0.25528	0.06360	0.00971	0.00264	0.00468	0.01224	0.00721	0.00797
6	0.04499	0.15412	0.16930	0.05164	0.09757	0.05072	0.01595	0.12008	0.05786	0.08032	0.01575	0.01890	0.01242	0.00759	0.00638	0.00203	0.00805	0.03520	0.00459	0.04655
7	0.00895	0.00632	0.00825	0.00945	0.00998	0.00610	0.00635	0.01022	0.01292	0.01747	0.03523	0.56609	0.05824	0.10481	0.07732	0.00398	0.00565	0.01710	0.02997	0.00559
8	0.00900	0.00642	0.00859	0.00982	0.01034	0.00630	0.00674	0.01034	0.01284	0.01726	0.03396	0.54684	0.03980	0.10718	0.10646	0.00439	0.00638	0.04586	0.00586	0.00562
9	0.01282	0.00984	0.01463	0.01896	0.20906	0.00938	0.01112	0.01552	0.01612	0.06581	0.15598	0.24816	0.11548	0.01456	0.00807	0.00243	0.00532	0.05293	0.00598	0.00783
10	0.01681	0.01821	0.08954	0.07220	0.50267	0.01640	0.08606	0.03818	0.01611	0.02298	0.01319	0.01713	0.01071	0.00627	0.00694	0.00208	0.00870	0.00623	0.00352	0.04607
11	0.00950	0.00723	0.01076	0.01153	0.01257	0.00685	0.05056	0.01137	0.01404	0.01865	0.03664	0.58365	0.04282	0.02038	0.00899	0.00287	0.00496	0.13428	0.00628	0.00604
12	0.07037	0.05123	0.19997	0.07151	0.23669	0.14724	0.04940	0.05342	0.01667	0.02255	0.01236	0.01529	0.00971	0.00664	0.00653	0.00207	0.00956	0.00548	0.00354	0.00977
13	0.01577	0.04916	0.02281	0.27813	0.16817	0.06224	0.08778	0.04276	0.01589	0.02130	0.01561	0.02265	0.01303	0.00772	0.00687	0.00217	0.00851	0.05232	0.09852	0.00857
14	0.01205	0.00698	0.00976	0.00953	0.00978	0.00737	0.00649	0.02682	0.01012	0.01371	0.01447	0.02578	0.01484	0.15546	0.09141	0.53715	0.03403	0.00692	0.00341	0.00392
15	0.05585	0.12852	0.07997	0.13659	0.10992	0.05982	0.04598	0.08724	0.06046	0.06714	0.01492	0.03264	0.01180	0.00722	0.00636	0.00200	0.00804	0.00592	0.00436	0.07525
16	0.01664	0.18923	0.36202	0.05423	0.10247	0.01846	0.07340	0.02234	0.01517	0.06490	0.01304	0.01531	0.00980	0.00652	0.00635	0.00205	0.00925	0.00537	0.00343	0.01000
17	0.02163	0.01008	0.01302	0.01111	0.01470	0.00918	0.00871	0.05461	0.03484	0.38122	0.09412	0.18345	0.07171	0.01252	0.00751	0.00230	0.00509	0.01071	0.04405	0.00942
18	0.02404	0.02422	0.01726	0.01538	0.01908	0.43888	0.01178	0.02743	0.06778	0.14891	0.06872	0.02274	0.04836	0.00894	0.00680	0.00200	0.00960	0.02405	0.00528	0.00875
19	0.01446	0.03804	0.11053	0.03416	0.11068	0.09642	0.01283	0.04866	0.06421	0.02234	0.11356	0.14042	0.14142	0.01203	0.00744	0.00225	0.00679	0.01021	0.00529	0.00826
20	0.01530	0.01029	0.04296	0.01138	0.01406	0.00921	0.00895	0.04123	0.09744	0.16716	0.06468	0.35734	0.06424	0.01736	0.04145	0.00292	0.00564	0.01348	0.00679	0.00810
21	0.01229	0.00776	0.00993	0.00992	0.01148	0.00784	0.00737	0.04458	0.01479	0.07072	0.07246	0.22918	0.06064	0.08444	0.17913	0.00483	0.00795	0.04366	0.11440	0.00664
22	0.01687	0.01783	0.07267	0.06000	0.55277	0.01666	0.08369	0.02215	0.04675	0.02285	0.01385	0.01769	0.01128	0.00638	0.00703	0.00213	0.00865	0.00642	0.00358	0.01075
23	0.05194	0.04052	0.26689	0.02282	0.12713	0.01615	0.15640	0.07728	0.03279	0.04554	0.01585	0.06206	0.01286	0.00765	0.00698	0.00221	0.00895	0.00701	0.02911	0.00987
24	0.00960	0.00777	0.01134	0.01125	0.01250	0.00761	0.05912	0.01137	0.01381	0.01838	0.06297	0.46948	0.12999	0.04782	0.05604	0.00339	0.03936	0.01621	0.00588	0.00609
