[name]
unknown

[dist]
# distance from previous block
# <min> <max>
0	137

[block]
# block no. 0 follows, 31 sequences, length 40
# corresponding to MSA columns:
# 137-176
name=unknown_A
#
# <colnr> <probs for GDERKNQSTAVLIFYWHMCP>
#	G	D	E	R	K	N	Q	S	T	A	V	L	I	F	Y	W	H	M	C	P
0	0.01553	0.03734	0.07226	0.02178	0.19603	0.01465	0.04459	0.10479	0.04593	0.02457	0.09187	0.03466	0.02333	0.01089	0.00889	0.00241	0.07140	0.16512	0.00502	0.00893
1	0.20311	0.01788	0.04325	0.01542	0.07843	0.11304	0.01157	0.14574	0.10591	0.02798	0.01589	0.01687	0.03201	0.00726	0.00588	0.00190	0.00701	0.00540	0.00487	0.14057
2	0.04126	0.04799	0.09911	0.01093	0.01402	0.00988	0.00952	0.06465	0.01613	0.04907	0.13894	0.29873	0.05123	0.01381	0.00729	0.00226	0.00510	0.01197	0.07459	0.03352
3	0.07280	0.01366	0.01539	0.01429	0.04532	0.03755	0.02690	0.12469	0.24991	0.04744	0.04835	0.07647	0.06597	0.01418	0.07041	0.00306	0.02495	0.03357	0.00598	0.00911
4	0.01667	0.48499	0.20809	0.01385	0.02030	0.04946	0.01494	0.02033	0.01400	0.01752	0.01102	0.01329	0.00947	0.01001	0.06819	0.00248	0.00917	0.00436	0.00300	0.00885
5	0.00971	0.07235	0.01056	0.00873	0.01044	0.00785	0.00651	0.01180	0.01586	0.02103	0.28859	0.25280	0.19282	0.04882	0.00912	0.00250	0.00400	0.01399	0.00639	0.00615
6	0.05018	0.01801	0.01844	0.01484	0.01975	0.06535	0.01202	0.40504	0.18693	0.10847	0.01960	0.01883	0.01403	0.00835	0.00674	0.00211	0.00710	0.00641	0.00674	0.01106
7	0.01845	0.01798	0.02635	0.03805	0.60991	0.09924	0.01968	0.02219	0.01617	0.04779	0.01313	0.01664	0.01083	0.00630	0.00671	0.00200	0.00853	0.00593	0.00359	0.01053
8	0.01077	0.00806	0.01160	0.01428	0.07396	0.00794	0.01056	0.01344	0.01498	0.01978	0.03462	0.26475	0.03857	0.01851	0.00901	0.00295	0.00580	0.42788	0.00606	0.00648
9	0.01665	0.01792	0.08821	0.04004	0.65723	0.01622	0.02137	0.02105	0.01548	0.02229	0.01282	0.01672	0.01065	0.00613	0.00675	0.00204	0.00830	0.00601	0.00334	0.01077
10	0.00960	0.00699	0.00903	0.00852	0.01017	0.00642	0.00639	0.01275	0.01918	0.02698	0.68080	0.05185	0.09732	0.01415	0.00807	0.00216	0.00324	0.01248	0.00747	0.00642
11	0.02265	0.01084	0.01414	0.01099	0.01573	0.00912	0.00888	0.02550	0.01827	0.41963	0.15982	0.02668	0.02480	0.00877	0.00669	0.00186	0.00513	0.00731	0.00725	0.19595
12	0.01836	0.67885	0.08034	0.01252	0.01853	0.06190	0.01268	0.02091	0.01421	0.01650	0.00975	0.01127	0.00877	0.00596	0.00462	0.00152	0.00775	0.00379	0.00295	0.00882
13	0.00832	0.00602	0.00787	0.00934	0.00987	0.00557	0.00627	0.00955	0.01328	0.01754	0.03995	0.70621	0.09269	0.02114	0.00869	0.00275	0.00393	0.01909	0.00635	0.00557
14	0.01624	0.01554	0.02651	0.16359	0.60073	0.01607	0.02065	0.02039	0.01525	0.02151	0.01275	0.01716	0.01054	0.00622	0.00678	0.00207	0.00830	0.00609	0.00333	0.01028
15	0.01543	0.01276	0.02082	0.29168	0.29148	0.01362	0.01684	0.01921	0.01529	0.08594	0.05345	0.06924	0.04804	0.00849	0.00706	0.00220	0.00755	0.00772	0.00427	0.00893
16	0.01372	0.03539	0.72412	0.01950	0.02961	0.01589	0.02528	0.02167	0.01444	0.02167	0.01228	0.01444	0.00867	0.00650	0.00650	0.00217	0.01011	0.00506	0.00289	0.01011
17	0.00834	0.00595	0.00794	0.00953	0.00992	0.00556	0.00635	0.00953	0.01310	0.01746	0.03771	0.75510	0.04525	0.02143	0.00873	0.00278	0.00397	0.01945	0.00635	0.00556
18	0.01693	0.01626	0.02777	0.04199	0.71689	0.01626	0.02100	0.02100	0.01558	0.02235	0.01287	0.01693	0.01084	0.00610	0.00677	0.00203	0.00813	0.00610	0.00339	0.01084
19	0.01758	0.03707	0.02096	0.01640	0.02033	0.07228	0.16765	0.17663	0.01951	0.06882	0.05181	0.21168	0.04841	0.01159	0.00795	0.00230	0.02445	0.01044	0.00557	0.00859
20	0.01320	0.01245	0.02103	0.69339	0.09463	0.01527	0.01914	0.01773	0.01381	0.01783	0.01221	0.01815	0.00924	0.00679	0.00684	0.00226	0.00905	0.00608	0.00306	0.00783
21	0.80789	0.01323	0.01006	0.00900	0.01323	0.01535	0.00741	0.02011	0.01164	0.03070	0.00953	0.01111	0.00741	0.00635	0.00423	0.00212	0.00529	0.00370	0.00423	0.00741
22	0.00834	0.00595	0.00794	0.00953	0.00992	0.00556	0.00635	0.00953	0.01310	0.01746	0.03771	0.75510	0.04525	0.02143	0.00873	0.00278	0.00397	0.01945	0.00635	0.00556
23	0.02202	0.01633	0.01762	0.01359	0.01887	0.04168	0.01102	0.38717	0.02453	0.08819	0.01699	0.05642	0.01335	0.00801	0.00642	0.00179	0.00667	0.00627	0.00603	0.23702
24	0.01598	0.01211	0.01370	0.01236	0.01564	0.01337	0.00962	0.04452	0.40978	0.08650	0.10134	0.04864	0.06579	0.01583	0.09981	0.00340	0.00677	0.00875	0.00668	0.00943
25	0.02071	0.01519	0.01581	0.01365	0.01768	0.06997	0.01077	0.12256	0.34760	0.16416	0.05367	0.06031	0.02134	0.00982	0.00706	0.00224	0.00618	0.02402	0.00695	0.01033
26	0.80789	0.01323	0.01006	0.00900	0.01323	0.01535	0.00741	0.02011	0.01164	0.03070	0.00953	0.01111	0.00741	0.00635	0.00423	0.00212	0.00529	0.00370	0.00423	0.00741
27	0.02402	0.12468	0.02121	0.01661	0.02045	0.59135	0.01286	0.02709	0.06729	0.01750	0.01166	0.01310	0.00966	0.00706	0.00600	0.00176	0.01121	0.00455	0.00369	0.00825
28	0.01693	0.01626	0.02777	0.04199	0.71689	0.01626	0.02100	0.02100	0.01558	0.02235	0.01287	0.01693	0.01084	0.00610	0.00677	0.00203	0.00813	0.00610	0.00339	0.01084
29	0.02134	0.02067	0.01859	0.01576	0.02005	0.27287	0.06522	0.02952	0.24867	0.11158	0.02038	0.02018	0.03265	0.00801	0.00665	0.00200	0.00837	0.00637	0.00542	0.06571
30	0.01413	0.07961	0.64703	0.01949	0.02917	0.01665	0.05807	0.02161	0.01450	0.02133	0.01219	0.01443	0.00876	0.00642	0.00645	0.00213	0.01001	0.00512	0.00292	0.00998
31	0.00834	0.00595	0.00794	0.00953	0.00992	0.00556	0.00635	0.00953	0.01310	0.01746	0.03771	0.75510	0.04525	0.02143	0.00873	0.00278	0.00397	0.01945	0.00635	0.00556
32	0.01099	0.00900	0.01441	0.01223	0.01480	0.00826	0.12890	0.01412	0.01727	0.04308	0.37041	0.15775	0.14320	0.01401	0.00814	0.00230	0.00494	0.01286	0.00648	0.00686
33	0.01703	0.18601	0.43884	0.01757	0.02593	0.01762	0.06774	0.02292	0.01511	0.10987	0.01368	0.01512	0.00987	0.00656	0.00621	0.00202	0.00907	0.00521	0.00365	0.00996
34	0.01292	0.01216	0.02052	0.74312	0.04712	0.01520	0.01900	0.01748	0.01368	0.01748	0.01216	0.01824	0.00912	0.00684	0.00684	0.00228	0.00912	0.00608	0.00304	0.00760
35	0.00834	0.00595	0.00794	0.00953	0.00992	0.00556	0.00635	0.00953	0.01310	0.01746	0.03771	0.75510	0.04525	0.02143	0.00873	0.00278	0.00397	0.01945	0.00635	0.00556
36	0.01622	0.01826	0.03928	0.02998	0.09488	0.01721	0.63379	0.02183	0.01610	0.02195	0.01376	0.01832	0.01042	0.00580	0.00796	0.00228	0.01124	0.00790	0.00345	0.00937
37	0.10833	0.01318	0.01392	0.01327	0.04592	0.07418	0.00970	0.09222	0.10236	0.16453	0.05329	0.23165	0.02491	0.01203	0.00710	0.00229	0.00592	0.01014	0.00633	0.00874
38	0.02905	0.01327	0.01631	0.01269	0.01777	0.04288	0.01040	0.11093	0.02106	0.58136	0.05325	0.02313	0.01791	0.00860	0.00689	0.00210	0.00620	0.00691	0.00802	0.01127
39	0.01014	0.00862	0.00918	0.00993	0.01147	0.05772	0.00752	0.01207	0.01519	0.01884	0.07494	0.30466	0.25144	0.01824	0.00848	0.00262	0.00489	0.16187	0.00619	0.00600

[dist]
# distance from previous block
# <min> <max>
15	22

[block]
# block no. 1 follows, 31 sequences, length 10
# corresponding to MSA columns:
# 199-208
name=unknown_B
#
# <colnr> <probs for GDERKNQSTAVLIFYWHMCP>
#	G	D	E	R	K	N	Q	S	T	A	V	L	I	F	Y	W	H	M	C	P
0	0.02170	0.42109	0.02814	0.01448	0.01924	0.35746	0.01242	0.02369	0.01647	0.01640	0.01001	0.01161	0.00880	0.00641	0.00522	0.00160	0.00967	0.00401	0.00321	0.00838
1	0.01718	0.38155	0.32225	0.01539	0.02298	0.02178	0.01752	0.09100	0.01603	0.02124	0.01139	0.01299	0.00903	0.00637	0.00553	0.00182	0.00851	0.00450	0.00332	0.00963
2	0.01800	0.71707	0.07990	0.01220	0.01833	0.02635	0.01257	0.02056	0.01394	0.01645	0.00969	0.01120	0.00877	0.00589	0.00452	0.00151	0.00750	0.00375	0.00292	0.00886
3	0.10044	0.29950	0.07298	0.01129	0.01618	0.01659	0.01059	0.02104	0.01551	0.16739	0.08695	0.06343	0.07422	0.00906	0.00594	0.00193	0.00611	0.00702	0.00513	0.00869
4	0.01273	0.19862	0.01644	0.01010	0.01280	0.01252	0.00823	0.06290	0.01753	0.02350	0.33708	0.19337	0.04244	0.01316	0.00720	0.00211	0.00473	0.01128	0.00606	0.00722
5	0.01322	0.18196	0.11845	0.01152	0.01491	0.01234	0.01043	0.01564	0.01375	0.07230	0.02566	0.37188	0.02805	0.06762	0.00915	0.00262	0.00595	0.01214	0.00508	0.00732
6	0.11543	0.06986	0.14830	0.01464	0.01947	0.01720	0.01383	0.13665	0.09328	0.10334	0.06181	0.01885	0.01505	0.00867	0.00902	0.00224	0.13162	0.00612	0.00511	0.00951
7	0.05961	0.43045	0.12581	0.01317	0.01845	0.02131	0.01325	0.04848	0.01451	0.01930	0.01407	0.06516	0.01356	0.00850	0.00666	0.00194	0.05647	0.05710	0.00365	0.00853
8	0.11918	0.10090	0.43149	0.01735	0.06233	0.01586	0.01902	0.02023	0.01398	0.02210	0.01335	0.06300	0.01115	0.00730	0.00607	0.00205	0.00837	0.00569	0.00340	0.05718
9	0.01658	0.23386	0.30312	0.01551	0.02200	0.03786	0.01701	0.04478	0.01543	0.06574	0.05196	0.01988	0.01427	0.00810	0.00744	0.00207	0.06580	0.04551	0.00388	0.00919

[dist]
# distance from previous block
# <min> <max>
2	24

[block]
# block no. 2 follows, 31 sequences, length 6
# corresponding to MSA columns:
# 233-238
name=unknown_C
#
# <colnr> <probs for GDERKNQSTAVLIFYWHMCP>
#	G	D	E	R	K	N	Q	S	T	A	V	L	I	F	Y	W	H	M	C	P
0	0.01791	0.17825	0.06763	0.01745	0.08525	0.07044	0.05576	0.07544	0.03342	0.08315	0.01756	0.13837	0.01642	0.00988	0.00861	0.00218	0.10107	0.00782	0.00454	0.00887
1	0.01805	0.07104	0.11239	0.08968	0.15308	0.04125	0.06063	0.18142	0.04034	0.04724	0.04012	0.02205	0.07636	0.00814	0.00683	0.00209	0.00793	0.00690	0.00475	0.00971
2	0.02110	0.01930	0.06385	0.02106	0.13841	0.06738	0.07896	0.35217	0.04647	0.03273	0.07529	0.01958	0.01586	0.00798	0.00699	0.00208	0.00806	0.00673	0.00554	0.01046
3	0.01308	0.01106	0.01378	0.01303	0.07508	0.00939	0.00921	0.01689	0.05777	0.02160	0.02289	0.12738	0.06701	0.00980	0.00645	0.00171	0.00520	0.06794	0.00486	0.44587
4	0.01852	0.21197	0.02397	0.01734	0.09909	0.08236	0.07042	0.02456	0.14835	0.09594	0.04787	0.06548	0.01711	0.00822	0.00636	0.00196	0.00723	0.00690	0.00491	0.04142
5	0.01958	0.01750	0.08695	0.01712	0.06534	0.01576	0.07472	0.20363	0.15061	0.08837	0.01774	0.01829	0.01308	0.00726	0.00657	0.00192	0.00711	0.00614	0.00552	0.17679

[dist]
# distance from previous block
# <min> <max>
11	33

[block]
# block no. 3 follows, 31 sequences, length 21
# corresponding to MSA columns:
# 272-292
name=unknown_D
#
# <colnr> <probs for GDERKNQSTAVLIFYWHMCP>
#	G	D	E	R	K	N	Q	S	T	A	V	L	I	F	Y	W	H	M	C	P
0	0.02055	0.07080	0.06987	0.01765	0.10615	0.12435	0.01333	0.16172	0.09906	0.09108	0.01811	0.01866	0.03925	0.00757	0.00637	0.00188	0.00761	0.00593	0.00514	0.11493
1	0.05657	0.06451	0.10834	0.01669	0.09445	0.12188	0.01330	0.06659	0.04567	0.17615	0.05155	0.01873	0.01462	0.00742	0.00625	0.00190	0.00746	0.00581	0.03130	0.09082
2	0.08969	0.01279	0.01533	0.01334	0.04353	0.01286	0.03596	0.09226	0.17886	0.08927	0.14080	0.05192	0.02400	0.00903	0.00662	0.00198	0.00550	0.00761	0.00607	0.16257
3	0.07414	0.01674	0.01833	0.04312	0.04318	0.12201	0.06593	0.10841	0.04605	0.10931	0.01675	0.01783	0.03425	0.00700	0.00617	0.00175	0.00733	0.00565	0.00496	0.25108
4	0.02324	0.01297	0.01700	0.01309	0.01820	0.01201	0.05152	0.10001	0.09060	0.34918	0.04565	0.02237	0.01694	0.03266	0.00757	0.00208	0.00610	0.00670	0.00679	0.16531
5	0.01671	0.01603	0.02736	0.08132	0.67932	0.01620	0.02088	0.02080	0.01547	0.02208	0.01283	0.01701	0.01074	0.00614	0.00678	0.00205	0.00818	0.00609	0.00337	0.01066
6	0.01693	0.01626	0.02777	0.04199	0.71689	0.01626	0.02100	0.02100	0.01558	0.02235	0.01287	0.01693	0.01084	0.00610	0.00677	0.00203	0.00813	0.00610	0.00339	0.01084
7	0.00876	0.00725	0.00827	0.05079	0.01172	0.00650	0.00632	0.01103	0.01640	0.02061	0.22338	0.05943	0.51369	0.01589	0.00801	0.00227	0.00374	0.01344	0.00645	0.00605
8	0.01194	0.00830	0.01009	0.00917	0.01145	0.00786	0.00702	0.05289	0.05051	0.06931	0.48805	0.04888	0.17069	0.01370	0.00788	0.00218	0.00377	0.01184	0.00732	0.00714
9	0.00834	0.00595	0.00794	0.00953	0.00992	0.00556	0.00635	0.00953	0.01310	0.01746	0.03771	0.75510	0.04525	0.02143	0.00873	0.00278	0.00397	0.01945	0.00635	0.00556
10	0.02114	0.02442	0.02160	0.02565	0.26943	0.40007	0.01549	0.02462	0.04957	0.01993	0.05366	0.01688	0.01338	0.00722	0.00653	0.00191	0.00997	0.00563	0.00387	0.00902
11	0.01292	0.01216	0.02052	0.74312	0.04712	0.01520	0.01900	0.01748	0.01368	0.01748	0.01216	0.01824	0.00912	0.00684	0.00684	0.00228	0.00912	0.00608	0.00304	0.00760
12	0.02065	0.02133	0.02075	0.02343	0.22809	0.27810	0.01465	0.02568	0.11190	0.06514	0.01475	0.01651	0.01172	0.00722	0.00716	0.00193	0.04291	0.00557	0.00429	0.07822
13	0.01880	0.01695	0.01474	0.01252	0.01637	0.19419	0.00976	0.13904	0.04993	0.07974	0.11845	0.03021	0.15453	0.01013	0.00687	0.00193	0.00687	0.00801	0.00579	0.10517
14	0.02081	0.01564	0.01728	0.01422	0.03629	0.01673	0.01120	0.45905	0.04788	0.03654	0.12857	0.02653	0.08503	0.00979	0.00707	0.00205	0.00634	0.00784	0.00670	0.04443
15	0.01188	0.00990	0.01199	0.01068	0.01335	0.02890	0.04959	0.04530	0.05715	0.04452	0.12983	0.14731	0.32556	0.01464	0.00838	0.00230	0.03240	0.01248	0.00616	0.03771
16	0.01673	0.01952	0.17210	0.01556	0.02095	0.04432	0.06314	0.16696	0.17451	0.02697	0.02438	0.09660	0.07894	0.00988	0.00709	0.00220	0.00729	0.00834	0.00543	0.03909
17	0.01613	0.10844	0.20475	0.01658	0.05976	0.06447	0.04553	0.10595	0.05972	0.02456	0.12867	0.06919	0.02150	0.00892	0.00674	0.00205	0.00758	0.00743	0.00476	0.03728
18	0.07862	0.04015	0.05693	0.01233	0.04033	0.06607	0.00990	0.02081	0.09421	0.09632	0.18261	0.02985	0.09652	0.00962	0.00661	0.00194	0.00566	0.00787	0.00572	0.13793
19	0.06596	0.04076	0.02100	0.04567	0.20172	0.01551	0.07352	0.06179	0.20309	0.05375	0.04709	0.02249	0.04788	0.00793	0.00670	0.00208	0.00678	0.00700	0.00513	0.06415
20	0.04392	0.01584	0.08542	0.04726	0.07454	0.06506	0.03846	0.05729	0.11074	0.07382	0.08750	0.12370	0.02206	0.00972	0.00687	0.00208	0.00667	0.00835	0.00531	0.11537

[dist]
# distance from previous block
# <min> <max>
7	94

[block]
# block no. 4 follows, 31 sequences, length 26
# corresponding to MSA columns:
# 396-405,435-450
name=unknown_E
#
# <colnr> <probs for GDERKNQSTAVLIFYWHMCP>
#	G	D	E	R	K	N	Q	S	T	A	V	L	I	F	Y	W	H	M	C	P
0	0.08863	0.09895	0.11540	0.01722	0.11339	0.04462	0.01367	0.11754	0.07031	0.04856	0.01399	0.01539	0.01085	0.00656	0.00585	0.00177	0.00712	0.00508	0.00445	0.20065
1	0.01823	0.10683	0.32746	0.01650	0.02353	0.12536	0.01754	0.06194	0.11632	0.06590	0.01511	0.01600	0.01121	0.00707	0.00627	0.00199	0.00884	0.00532	0.00419	0.04440
2	0.05811	0.05209	0.02347	0.04442	0.38098	0.18637	0.01665	0.05214	0.05418	0.02214	0.01378	0.04008	0.01177	0.00711	0.00648	0.00199	0.00866	0.00600	0.00388	0.00968
3	0.05217	0.01485	0.02308	0.06490	0.46875	0.01509	0.01724	0.05819	0.04671	0.08159	0.05467	0.02102	0.03672	0.00737	0.00680	0.00208	0.00730	0.00674	0.00449	0.01025
4	0.05467	0.06654	0.01107	0.00871	0.01136	0.03995	0.00684	0.01419	0.01692	0.05671	0.28090	0.04912	0.33074	0.01381	0.00745	0.00215	0.00428	0.01150	0.00637	0.00671
5	0.01251	0.01125	0.01720	0.06839	0.31603	0.01100	0.01313	0.01570	0.01614	0.02181	0.16662	0.05675	0.22342	0.01130	0.00746	0.00217	0.00579	0.01006	0.00510	0.00819
6	0.01485	0.01398	0.02289	0.03385	0.54907	0.01376	0.01732	0.01833	0.01542	0.02137	0.02419	0.07358	0.13394	0.00903	0.00713	0.00213	0.00705	0.00840	0.00409	0.00962
7	0.01058	0.00862	0.00961	0.01024	0.01138	0.04671	0.00716	0.01418	0.09535	0.02003	0.13639	0.48752	0.04232	0.05453	0.00957	0.00276	0.00461	0.01572	0.00634	0.00637
8	0.06922	0.01738	0.01795	0.01446	0.01923	0.04952	0.01171	0.41623	0.16311	0.07989	0.05650	0.02006	0.01631	0.00860	0.00675	0.00211	0.00685	0.00664	0.00671	0.01079
9	0.05283	0.20260	0.32768	0.01906	0.02681	0.03823	0.16993	0.04828	0.01541	0.02154	0.01196	0.01439	0.00914	0.00626	0.00625	0.00201	0.00950	0.00537	0.00326	0.00947
10	0.00867	0.00639	0.00816	0.00923	0.01019	0.00589	0.00655	0.01035	0.01447	0.01905	0.12228	0.50235	0.15919	0.01967	0.00860	0.00266	0.00398	0.07010	0.00649	0.00576
11	0.12306	0.19361	0.02123	0.01334	0.01824	0.02053	0.01129	0.24185	0.23452	0.03058	0.01744	0.01728	0.01329	0.00774	0.00596	0.00200	0.00653	0.00574	0.00561	0.01016
12	0.01945	0.01098	0.01465	0.01202	0.01616	0.01000	0.04592	0.04186	0.07624	0.28864	0.09924	0.06964	0.10436	0.01095	0.00727	0.00215	0.00547	0.05613	0.00691	0.10196
13	0.01659	0.01602	0.02815	0.03459	0.46089	0.03103	0.16634	0.02075	0.01579	0.04093	0.01589	0.05634	0.01407	0.00755	0.00729	0.00219	0.00860	0.04321	0.00385	0.00994
14	0.01472	0.06565	0.52354	0.01933	0.06435	0.01665	0.02175	0.02426	0.14054	0.02271	0.01502	0.01644	0.01102	0.00695	0.00650	0.00215	0.00901	0.00553	0.00366	0.01022
15	0.01292	0.01216	0.02052	0.74312	0.04712	0.01520	0.01900	0.01748	0.01368	0.01748	0.01216	0.01824	0.00912	0.00684	0.00684	0.00228	0.00912	0.00608	0.00304	0.00760
16	0.00868	0.00620	0.00833	0.00992	0.01047	0.00585	0.00695	0.01012	0.01344	0.01785	0.03752	0.66844	0.04450	0.02111	0.00882	0.00283	0.00427	0.10271	0.00634	0.00565
17	0.01527	0.03248	0.62761	0.01940	0.02894	0.01548	0.06058	0.02265	0.01497	0.07999	0.01359	0.01540	0.00945	0.00662	0.00662	0.00217	0.00983	0.00537	0.00338	0.01019
18	0.00998	0.00713	0.00983	0.01141	0.01253	0.00698	0.00921	0.01237	0.01472	0.01931	0.03680	0.33976	0.04165	0.01988	0.00917	0.00301	0.00540	0.41853	0.00632	0.00601
19	0.01292	0.01216	0.02052	0.74312	0.04712	0.01520	0.01900	0.01748	0.01368	0.01748	0.01216	0.01824	0.00912	0.00684	0.00684	0.00228	0.00912	0.00608	0.00304	0.00760
20	0.03070	0.01164	0.01588	0.01217	0.01746	0.01006	0.01006	0.03334	0.01958	0.72163	0.02699	0.02329	0.01694	0.00847	0.00688	0.00212	0.00582	0.00688	0.00847	0.01164
21	0.01633	0.01577	0.02745	0.08555	0.59676	0.01587	0.06777	0.02051	0.01565	0.02220	0.04079	0.01849	0.01283	0.00644	0.00692	0.00207	0.00824	0.00648	0.00353	0.01034
22	0.01598	0.01528	0.02605	0.20830	0.55802	0.01600	0.02052	0.02016	0.01513	0.02120	0.01270	0.01724	0.01043	0.00627	0.00679	0.00209	0.00836	0.00609	0.00330	0.01007
23	0.00995	0.00663	0.00746	0.00746	0.00746	0.00663	0.00415	0.00995	0.00995	0.01327	0.02156	0.04477	0.02487	0.75957	0.03482	0.00663	0.00663	0.00995	0.00415	0.00415
24	0.77143	0.04788	0.01125	0.00912	0.01343	0.01589	0.00761	0.02013	0.01175	0.03002	0.00953	0.01111	0.00747	0.00633	0.00424	0.00209	0.00539	0.00370	0.00417	0.00747
25	0.03612	0.00780	0.00959	0.00964	0.01141	0.00745	0.00711	0.03224	0.04362	0.07794	0.21225	0.33371	0.12492	0.01659	0.00811	0.00247	0.00415	0.04134	0.00679	0.00676

[dist]
# distance from previous block
# <min> <max>
25	59

[block]
# block no. 5 follows, 31 sequences, length 43
# corresponding to MSA columns:
# 529-548,553-575
name=unknown_F
#
# <colnr> <probs for GDERKNQSTAVLIFYWHMCP>
#	G	D	E	R	K	N	Q	S	T	A	V	L	I	F	Y	W	H	M	C	P
0	0.01396	0.13946	0.04573	0.01233	0.03942	0.05781	0.00981	0.04550	0.08349	0.02361	0.27925	0.12688	0.03591	0.01146	0.00701	0.00205	0.00552	0.00972	0.00576	0.04532
1	0.08035	0.02265	0.18689	0.01622	0.02153	0.13672	0.04007	0.10629	0.04674	0.04480	0.01371	0.03558	0.01103	0.00795	0.00848	0.00209	0.10962	0.00567	0.00421	0.09939
2	0.01698	0.06552	0.09193	0.01735	0.09024	0.01485	0.06947	0.05422	0.21932	0.09334	0.09351	0.06929	0.02178	0.00910	0.00695	0.00214	0.00661	0.00796	0.00566	0.04378
3	0.02148	0.04683	0.02415	0.01844	0.02354	0.14747	0.16297	0.25612	0.17415	0.02952	0.01708	0.01796	0.01279	0.00761	0.00693	0.00210	0.00881	0.00653	0.00538	0.01016
4	0.01093	0.00970	0.04272	0.01440	0.09698	0.00906	0.01001	0.01477	0.05788	0.02087	0.17137	0.20121	0.05634	0.02351	0.18212	0.00449	0.00825	0.05283	0.00548	0.00709
5	0.01545	0.31062	0.46401	0.01655	0.02506	0.02011	0.02015	0.02122	0.01424	0.01956	0.01123	0.01313	0.00871	0.00626	0.00570	0.00190	0.00905	0.00453	0.00290	0.00961
6	0.01485	0.00908	0.01270	0.01389	0.10545	0.00836	0.00915	0.01758	0.01742	0.17416	0.27653	0.15285	0.11362	0.01342	0.00779	0.00227	0.00467	0.03145	0.00684	0.00794
7	0.00834	0.00595	0.00794	0.00953	0.00992	0.00556	0.00635	0.00953	0.01310	0.01746	0.03771	0.75510	0.04525	0.02143	0.00873	0.00278	0.00397	0.01945	0.00635	0.00556
8	0.01663	0.01595	0.02722	0.09509	0.66617	0.01618	0.02085	0.02073	0.01543	0.02198	0.01282	0.01703	0.01071	0.00615	0.00678	0.00205	0.00820	0.00609	0.00336	0.01059
9	0.01644	0.01642	0.02998	0.09421	0.51416	0.01640	0.16870	0.02092	0.01555	0.02187	0.01303	0.01737	0.01060	0.00608	0.00706	0.00211	0.00896	0.00653	0.00338	0.01023
10	0.01292	0.01216	0.02052	0.74312	0.04712	0.01520	0.01900	0.01748	0.01368	0.01748	0.01216	0.01824	0.00912	0.00684	0.00684	0.00228	0.00912	0.00608	0.00304	0.00760
11	0.03070	0.01164	0.01588	0.01217	0.01746	0.01006	0.01006	0.03334	0.01958	0.72163	0.02699	0.02329	0.01694	0.00847	0.00688	0.00212	0.00582	0.00688	0.00847	0.01164
12	0.01418	0.07894	0.63095	0.01971	0.02933	0.01668	0.07399	0.02161	0.01454	0.02134	0.01222	0.01453	0.00880	0.00641	0.00649	0.00213	0.01004	0.00519	0.00293	0.00996
13	0.01292	0.01216	0.02052	0.74312	0.04712	0.01520	0.01900	0.01748	0.01368	0.01748	0.01216	0.01824	0.00912	0.00684	0.00684	0.00228	0.00912	0.00608	0.00304	0.00760
14	0.00995	0.00663	0.00746	0.00746	0.00746	0.00663	0.00415	0.00995	0.00995	0.01327	0.02156	0.04477	0.02487	0.75957	0.03482	0.00663	0.00663	0.00995	0.00415	0.00415
15	0.80789	0.01323	0.01006	0.00900	0.01323	0.01535	0.00741	0.02011	0.01164	0.03070	0.00953	0.01111	0.00741	0.00635	0.00423	0.00212	0.00529	0.00370	0.00423	0.00741
16	0.13511	0.01223	0.03815	0.01284	0.01636	0.01207	0.10089	0.05980	0.11444	0.04829	0.10276	0.07326	0.02342	0.04076	0.00779	0.00235	0.00585	0.03731	0.14829	0.00802
17	0.02215	0.01798	0.01848	0.01484	0.01922	0.12386	0.04348	0.36979	0.02586	0.07723	0.17049	0.02402	0.02321	0.00922	0.00707	0.00205	0.00738	0.00741	0.00644	0.00982
18	0.01170	0.00796	0.01013	0.00912	0.01139	0.00729	0.00695	0.01548	0.04684	0.07595	0.57306	0.04623	0.07599	0.01295	0.00775	0.00209	0.00362	0.01134	0.00732	0.05683
19	0.06096	0.01776	0.01896	0.01464	0.02002	0.01922	0.01202	0.53975	0.07121	0.03912	0.01630	0.01648	0.01183	0.00781	0.00651	0.00195	0.00699	0.00589	0.00639	0.10618
20	0.03983	0.10189	0.07596	0.01633	0.06597	0.01880	0.01334	0.26152	0.21286	0.09519	0.01907	0.01873	0.01399	0.00795	0.00651	0.00208	0.00695	0.00623	0.00598	0.01082
21	0.01415	0.01259	0.03306	0.01892	0.20182	0.06180	0.01156	0.01786	0.05916	0.06820	0.10006	0.18478	0.16278	0.01273	0.00754	0.00226	0.00588	0.01116	0.00556	0.00813
22	0.01265	0.00841	0.01090	0.01148	0.01345	0.00824	0.00940	0.04378	0.04133	0.08005	0.03825	0.20863	0.11106	0.01757	0.00873	0.00282	0.00548	0.35429	0.00655	0.00693
23	0.01815	0.07782	0.19255	0.01547	0.02157	0.01598	0.05685	0.12586	0.15830	0.09702	0.04096	0.05086	0.01604	0.00819	0.00665	0.00206	0.00730	0.00680	0.00531	0.07627
24	0.04717	0.11583	0.02545	0.03027	0.43368	0.06237	0.01692	0.05814	0.06525	0.02282	0.01459	0.05110	0.01269	0.00720	0.00643	0.00200	0.00776	0.00633	0.00395	0.01005
25	0.01619	0.00912	0.01123	0.01024	0.01304	0.00853	0.00780	0.04718	0.07130	0.22025	0.11618	0.23803	0.17381	0.01457	0.00778	0.00236	0.00457	0.01258	0.00715	0.00809
26	0.01652	0.18622	0.42798	0.01772	0.05337	0.06241	0.01966	0.02215	0.01523	0.06681	0.04211	0.01581	0.01169	0.00683	0.00613	0.00198	0.00900	0.00519	0.00352	0.00967
27	0.01780	0.01672	0.04989	0.01738	0.04365	0.14729	0.14300	0.02223	0.07060	0.12042	0.02358	0.17539	0.02228	0.01144	0.00764	0.00236	0.00806	0.08646	0.00536	0.00846
28	0.01700	0.13490	0.32103	0.02272	0.13386	0.01766	0.13276	0.05113	0.01594	0.07029	0.01342	0.01568	0.01000	0.00643	0.00653	0.00206	0.00922	0.00569	0.00362	0.01005
29	0.01708	0.10741	0.50289	0.01785	0.02656	0.01665	0.04260	0.05861	0.01603	0.11106	0.01412	0.01544	0.00994	0.00675	0.00640	0.00208	0.00918	0.00530	0.00383	0.01022
30	0.01458	0.01385	0.02352	0.45324	0.32403	0.01564	0.01983	0.01893	0.01446	0.01949	0.01245	0.01770	0.00983	0.00653	0.00681	0.00218	0.00871	0.00609	0.00318	0.00894
31	0.00985	0.00793	0.01135	0.04394	0.11566	0.00764	0.00904	0.01175	0.01393	0.01844	0.03734	0.49541	0.13136	0.01792	0.00830	0.00260	0.00481	0.04048	0.00578	0.00648
32	0.01470	0.02327	0.32991	0.04862	0.13326	0.01452	0.14997	0.02036	0.01504	0.05356	0.01770	0.09810	0.03330	0.00832	0.00716	0.00225	0.00900	0.00774	0.00381	0.00942
33	0.01690	0.01634	0.02824	0.04150	0.69144	0.01629	0.04607	0.02103	0.01560	0.02233	0.01291	0.01699	0.01082	0.00608	0.00682	0.00204	0.00825	0.00617	0.00339	0.01078
34	0.01292	0.01216	0.02052	0.74312	0.04712	0.01520	0.01900	0.01748	0.01368	0.01748	0.01216	0.01824	0.00912	0.00684	0.00684	0.00228	0.00912	0.00608	0.00304	0.00760
35	0.01589	0.01566	0.02834	0.05877	0.49587	0.01549	0.15514	0.02006	0.01541	0.02168	0.01523	0.08222	0.01372	0.00740	0.00721	0.00216	0.00848	0.00767	0.00365	0.00994
36	0.01977	0.02402	0.37472	0.01719	0.02490	0.01347	0.08020	0.02537	0.01657	0.27162	0.03456	0.02006	0.03067	0.00757	0.00685	0.00217	0.00839	0.00638	0.00512	0.01039
37	0.01345	0.01270	0.02148	0.65016	0.13593	0.01534	0.01926	0.01795	0.01393	0.01813	0.01225	0.01807	0.00935	0.00674	0.00683	0.00225	0.00899	0.00608	0.00309	0.00803
38	0.01025	0.00698	0.00781	0.00774	0.00791	0.00708	0.00443	0.01109	0.04000	0.01393	0.02183	0.04394	0.02470	0.72711	0.03362	0.00645	0.00658	0.00985	0.00427	0.00443
39	0.66619	0.01427	0.01141	0.00997	0.01419	0.04214	0.00814	0.08743	0.01432	0.03128	0.04070	0.01342	0.01036	0.00689	0.00473	0.00210	0.00569	0.00435	0.00461	0.00781
40	0.11731	0.04437	0.14085	0.01342	0.03526	0.03915	0.01217	0.06488	0.01719	0.24098	0.05945	0.09973	0.06679	0.00988	0.00670	0.00217	0.00649	0.00801	0.00592	0.00927
41	0.10013	0.01269	0.06356	0.01141	0.01525	0.01144	0.00974	0.10669	0.07433	0.15654	0.32048	0.03275	0.03564	0.01053	0.00709	0.00214	0.00513	0.00878	0.00689	0.00877
42	0.02005	0.03054	0.04350	0.01949	0.17874	0.01421	0.01307	0.09679	0.16969	0.19561	0.10034	0.02555	0.04396	0.00886	0.00698	0.00213	0.00626	0.00755	0.00630	0.01038

[dist]
# distance from previous block
# <min> <max>
0	76

# created by:
# /home/cegg/simao/soft/augustus-3.2.1/scripts/msa2prfl.pl ./align_prep/EOG090W0JN7.fa
