[name]
unknown

[dist]
# distance from previous block
# <min> <max>
0	276

[block]
# block no. 0 follows, 31 sequences, length 19
# corresponding to MSA columns:
# 303-321
name=unknown_A
#
# <colnr> <probs for GDERKNQSTAVLIFYWHMCP>
#	G	D	E	R	K	N	Q	S	T	A	V	L	I	F	Y	W	H	M	C	P
0	0.01016	0.00738	0.00992	0.01110	0.01257	0.00714	0.00919	0.01288	0.01575	0.02063	0.11980	0.17974	0.10781	0.01857	0.00904	0.00289	0.00530	0.42753	0.00646	0.00615
1	0.10883	0.23105	0.38992	0.01527	0.02270	0.01805	0.01784	0.02014	0.01385	0.02085	0.01331	0.07483	0.01160	0.00755	0.00584	0.00202	0.00826	0.00571	0.00335	0.00904
2	0.01928	0.04296	0.02016	0.14398	0.16128	0.01543	0.01473	0.16527	0.03834	0.13218	0.01920	0.02656	0.01590	0.01023	0.02595	0.00249	0.03282	0.09828	0.00532	0.00964
3	0.01053	0.00995	0.00966	0.00941	0.01139	0.07505	0.00717	0.01235	0.01555	0.01874	0.09841	0.11966	0.45898	0.01613	0.00921	0.00238	0.06641	0.03698	0.00589	0.00616
4	0.01523	0.01230	0.01817	0.48190	0.03584	0.01461	0.01559	0.07113	0.09340	0.05905	0.01613	0.02007	0.01202	0.00839	0.02266	0.00239	0.00805	0.00637	0.07835	0.00834
5	0.01639	0.01614	0.06071	0.18030	0.25899	0.01658	0.04960	0.08529	0.13046	0.02384	0.01624	0.02075	0.01308	0.00780	0.00781	0.00225	0.04756	0.03216	0.00430	0.00975
6	0.01187	0.06595	0.01194	0.01012	0.01151	0.06842	0.00747	0.01353	0.01210	0.01622	0.02004	0.09726	0.02055	0.22788	0.30247	0.00680	0.01126	0.00857	0.07015	0.00590
7	0.00893	0.00637	0.00808	0.00921	0.00981	0.00604	0.00630	0.01012	0.01294	0.01701	0.03685	0.48245	0.09543	0.17144	0.01408	0.00357	0.00472	0.08540	0.00590	0.00536
8	0.06723	0.01543	0.04727	0.01331	0.01860	0.02912	0.01124	0.20310	0.09366	0.31107	0.02120	0.03258	0.01479	0.00817	0.00657	0.00202	0.00641	0.00644	0.00686	0.08491
9	0.07632	0.09519	0.10056	0.02015	0.02589	0.09629	0.30514	0.05229	0.01670	0.02272	0.07899	0.04756	0.01612	0.00753	0.00701	0.00212	0.00932	0.00733	0.00406	0.00870
10	0.01688	0.01433	0.02155	0.14273	0.36019	0.04027	0.01671	0.02191	0.07839	0.08682	0.01866	0.08226	0.01635	0.00871	0.00709	0.00222	0.00753	0.04326	0.00454	0.00961
11	0.00945	0.00837	0.06175	0.00967	0.01096	0.00661	0.00738	0.01137	0.01347	0.01888	0.08879	0.48992	0.03915	0.10419	0.01117	0.00302	0.00461	0.01545	0.07990	0.00589
12	0.23573	0.01857	0.01801	0.01859	0.13364	0.16345	0.01274	0.13909	0.01742	0.02612	0.01296	0.05394	0.01125	0.00830	0.00805	0.00217	0.10106	0.00582	0.00436	0.00874
13	0.01046	0.01036	0.06602	0.11092	0.01784	0.00896	0.06589	0.01271	0.01288	0.01704	0.02893	0.25838	0.09885	0.23165	0.01579	0.00370	0.00649	0.01230	0.00476	0.00610
14	0.03743	0.01063	0.01271	0.01293	0.06540	0.03668	0.00888	0.09935	0.01532	0.04521	0.05073	0.08796	0.05516	0.12861	0.12457	0.07076	0.04322	0.00855	0.07894	0.00694
15	0.11546	0.19840	0.09863	0.01787	0.12950	0.01931	0.01388	0.16218	0.09144	0.02630	0.01440	0.01683	0.01169	0.04760	0.00741	0.00220	0.00730	0.00550	0.00447	0.00965
16	0.06704	0.15841	0.02335	0.03324	0.10368	0.03373	0.07573	0.15992	0.06947	0.06384	0.07266	0.03445	0.01643	0.00778	0.00636	0.00195	0.00713	0.00649	0.00504	0.05330
17	0.02000	0.12722	0.05612	0.01609	0.03476	0.05455	0.06367	0.25201	0.06255	0.06089	0.01742	0.09480	0.01496	0.00923	0.00798	0.00213	0.06830	0.00728	0.00525	0.02478
18	0.03850	0.19266	0.12755	0.01882	0.11585	0.03809	0.07024	0.12436	0.01769	0.02418	0.07158	0.04272	0.01555	0.00768	0.00662	0.00194	0.02324	0.00630	0.00425	0.05216

[dist]
# distance from previous block
# <min> <max>
0	9

[block]
# block no. 1 follows, 31 sequences, length 7
# corresponding to MSA columns:
# 331-337
name=unknown_B
#
# <colnr> <probs for GDERKNQSTAVLIFYWHMCP>
#	G	D	E	R	K	N	Q	S	T	A	V	L	I	F	Y	W	H	M	C	P
0	0.12830	0.06348	0.11468	0.07809	0.07443	0.01466	0.06742	0.04921	0.04023	0.06410	0.05135	0.05727	0.03820	0.00846	0.00717	0.00212	0.04447	0.00692	0.05223	0.03721
1	0.04667	0.02053	0.20825	0.01812	0.07347	0.01570	0.06124	0.11487	0.14037	0.12457	0.01762	0.01826	0.01275	0.00746	0.00706	0.00210	0.02837	0.00612	0.00514	0.07132
2	0.05755	0.03597	0.06161	0.05865	0.09479	0.08887	0.04755	0.05218	0.05262	0.08127	0.10493	0.06589	0.02061	0.04713	0.00925	0.00236	0.05660	0.00759	0.00491	0.04965
3	0.13751	0.08162	0.17663	0.04305	0.12220	0.05150	0.06354	0.02092	0.04722	0.04712	0.04635	0.06382	0.03494	0.00807	0.00637	0.00209	0.00767	0.00674	0.00418	0.02847
4	0.01626	0.01797	0.10286	0.10440	0.35022	0.01624	0.10458	0.05282	0.05075	0.02280	0.01360	0.01716	0.01080	0.00658	0.00738	0.00209	0.03479	0.00619	0.00368	0.05883
5	0.01274	0.00826	0.01154	0.01011	0.01259	0.00745	0.04714	0.01569	0.01828	0.12389	0.43923	0.08978	0.14887	0.01366	0.00794	0.00222	0.00417	0.01207	0.00718	0.00720
6	0.00842	0.00620	0.00770	0.00885	0.00959	0.00569	0.00595	0.00962	0.01333	0.01732	0.04256	0.56352	0.17398	0.08011	0.01071	0.00300	0.00409	0.01771	0.00617	0.00549

[dist]
# distance from previous block
# <min> <max>
0	11

[block]
# block no. 2 follows, 31 sequences, length 26
# corresponding to MSA columns:
# 349-374
name=unknown_C
#
# <colnr> <probs for GDERKNQSTAVLIFYWHMCP>
#	G	D	E	R	K	N	Q	S	T	A	V	L	I	F	Y	W	H	M	C	P
0	0.03937	0.20667	0.12066	0.07570	0.06539	0.04377	0.04774	0.06240	0.13117	0.02256	0.01438	0.01600	0.01133	0.00670	0.00593	0.00185	0.00763	0.00532	0.00409	0.11132
1	0.01675	0.15564	0.36570	0.01645	0.02361	0.07676	0.01815	0.10374	0.05530	0.02297	0.01502	0.07251	0.01260	0.00797	0.00635	0.00205	0.00875	0.00617	0.00393	0.00957
2	0.01276	0.00830	0.01029	0.00994	0.01173	0.00813	0.00726	0.06784	0.05234	0.08364	0.24481	0.30856	0.04280	0.05960	0.00953	0.00263	0.00438	0.01349	0.03492	0.00705
3	0.02195	0.06173	0.01916	0.01519	0.01965	0.16759	0.01212	0.25972	0.29250	0.03044	0.01931	0.01885	0.01452	0.00826	0.00661	0.00206	0.00769	0.00627	0.00598	0.01039
4	0.00887	0.00658	0.00779	0.00818	0.00927	0.00602	0.00558	0.01037	0.01440	0.01887	0.17852	0.27042	0.23433	0.17309	0.01387	0.00333	0.00423	0.01463	0.00613	0.00550
5	0.01853	0.52289	0.13491	0.01349	0.01982	0.02416	0.01384	0.10746	0.05114	0.02100	0.01173	0.01292	0.00974	0.00642	0.00515	0.00169	0.00766	0.00439	0.00362	0.00944
6	0.70830	0.01362	0.01116	0.00968	0.01406	0.01555	0.00798	0.07352	0.01364	0.06579	0.01093	0.01213	0.00821	0.00660	0.00457	0.00211	0.00549	0.00405	0.00465	0.00795
7	0.00864	0.00666	0.00775	0.00805	0.00953	0.00593	0.00573	0.01045	0.01541	0.01991	0.20484	0.24813	0.33905	0.06620	0.01001	0.00268	0.00375	0.01503	0.00648	0.00577
8	0.01421	0.00844	0.01048	0.00941	0.01190	0.00784	0.00723	0.05894	0.01887	0.14761	0.36419	0.10609	0.13851	0.01344	0.00767	0.00219	0.00405	0.01160	0.04981	0.00751
9	0.01736	0.22047	0.24612	0.04446	0.17993	0.07398	0.01825	0.04282	0.01576	0.04282	0.03011	0.01533	0.01100	0.00660	0.00605	0.00192	0.00867	0.00518	0.00348	0.00968
10	0.01385	0.01040	0.01509	0.01503	0.06875	0.01243	0.01087	0.01539	0.01162	0.07582	0.01549	0.02311	0.01430	0.08599	0.27672	0.09282	0.22479	0.00686	0.00382	0.00685
11	0.00947	0.00658	0.00784	0.00804	0.00942	0.00591	0.00580	0.00971	0.01325	0.01637	0.04673	0.10579	0.40308	0.01980	0.01422	0.26025	0.00444	0.04316	0.00526	0.00488
12	0.01652	0.01588	0.02707	0.10857	0.60118	0.01622	0.04487	0.02126	0.04089	0.02209	0.01339	0.01743	0.01103	0.00627	0.00683	0.00208	0.00825	0.00623	0.00349	0.01046
13	0.01876	0.08984	0.16551	0.07862	0.05552	0.08273	0.01576	0.21602	0.07507	0.02723	0.04001	0.02198	0.01496	0.00844	0.00674	0.00212	0.00823	0.05790	0.00488	0.00968
14	0.20101	0.09716	0.04117	0.03648	0.10710	0.20630	0.01327	0.02266	0.03306	0.05439	0.01160	0.01397	0.00947	0.00748	0.00810	0.00209	0.11749	0.00488	0.00382	0.00851
15	0.23596	0.05974	0.05602	0.07477	0.10872	0.12940	0.06583	0.02137	0.01471	0.04892	0.01258	0.01520	0.00989	0.00675	0.00617	0.00200	0.02869	0.00513	0.07117	0.02698
16	0.01289	0.03140	0.00940	0.00837	0.00974	0.07048	0.00582	0.03178	0.01389	0.01999	0.07549	0.03440	0.03981	0.31004	0.01733	0.00370	0.00561	0.00822	0.28583	0.00581
17	0.01581	0.01470	0.02462	0.07686	0.44438	0.01509	0.08342	0.02062	0.05190	0.02236	0.01629	0.01995	0.03257	0.00704	0.00732	0.00208	0.03556	0.00665	0.09309	0.00970
18	0.02000	0.02220	0.02437	0.05935	0.43212	0.28321	0.01802	0.02322	0.01693	0.02008	0.01199	0.01527	0.01002	0.00648	0.00655	0.00194	0.00974	0.00546	0.00343	0.00963
19	0.00839	0.00694	0.00735	0.00725	0.00943	0.00590	0.00544	0.01041	0.01631	0.02019	0.19183	0.06304	0.59052	0.01669	0.00808	0.00228	0.00342	0.01405	0.00658	0.00590
20	0.00886	0.00696	0.00800	0.00774	0.00971	0.00610	0.00581	0.01131	0.01742	0.02281	0.38057	0.05872	0.40015	0.01571	0.00808	0.00223	0.00335	0.01344	0.00692	0.00610
21	0.01665	0.01431	0.01515	0.01365	0.01741	0.01648	0.01061	0.03517	0.66998	0.02856	0.06241	0.02681	0.02309	0.00952	0.00702	0.00231	0.00530	0.00797	0.00699	0.01061
22	0.01044	0.00745	0.01035	0.01193	0.01325	0.00737	0.01000	0.01316	0.01517	0.01982	0.03655	0.22528	0.04066	0.01945	0.00929	0.00307	0.00579	0.52853	0.00631	0.00614
23	0.02176	0.01060	0.01368	0.01113	0.01497	0.00983	0.00893	0.09703	0.02086	0.36933	0.30115	0.03370	0.03546	0.01065	0.00735	0.00212	0.00497	0.00900	0.00792	0.00956
24	0.80789	0.01323	0.01006	0.00900	0.01323	0.01535	0.00741	0.02011	0.01164	0.03070	0.00953	0.01111	0.00741	0.00635	0.00423	0.00212	0.00529	0.00370	0.00423	0.00741
25	0.03070	0.01164	0.01588	0.01217	0.01746	0.01006	0.01006	0.03334	0.01958	0.72163	0.02699	0.02329	0.01694	0.00847	0.00688	0.00212	0.00582	0.00688	0.00847	0.01164

[dist]
# distance from previous block
# <min> <max>
0	4

[block]
# block no. 3 follows, 31 sequences, length 130
# corresponding to MSA columns:
# 379-456,477-500,506-533
name=unknown_D
#
# <colnr> <probs for GDERKNQSTAVLIFYWHMCP>
#	G	D	E	R	K	N	Q	S	T	A	V	L	I	F	Y	W	H	M	C	P
0	0.02616	0.01892	0.02038	0.01563	0.02110	0.02086	0.01291	0.67291	0.03176	0.06485	0.01676	0.01665	0.01180	0.00822	0.00685	0.00206	0.00747	0.00618	0.00690	0.01163
1	0.03036	0.01218	0.01621	0.01243	0.01773	0.01085	0.01027	0.08054	0.02048	0.67315	0.02624	0.02280	0.01656	0.00845	0.00688	0.00211	0.00594	0.00683	0.00835	0.01164
2	0.80789	0.01323	0.01006	0.00900	0.01323	0.01535	0.00741	0.02011	0.01164	0.03070	0.00953	0.01111	0.00741	0.00635	0.00423	0.00212	0.00529	0.00370	0.00423	0.00741
3	0.00809	0.00693	0.00693	0.00693	0.00924	0.00578	0.00520	0.00982	0.01559	0.01848	0.06931	0.06584	0.71411	0.01733	0.00809	0.00231	0.00347	0.01444	0.00635	0.00578
4	0.01419	0.01216	0.01419	0.01013	0.01621	0.00912	0.00811	0.01723	0.01419	0.02229	0.01216	0.01419	0.01013	0.00507	0.00507	0.00101	0.00507	0.00405	0.00405	0.80139
5	0.01829	0.76368	0.03585	0.01171	0.01756	0.02707	0.01171	0.02049	0.01390	0.01610	0.00951	0.01097	0.00878	0.00585	0.00439	0.00146	0.00732	0.00366	0.00293	0.00878
6	0.00995	0.00663	0.00746	0.00746	0.00746	0.00663	0.00415	0.00995	0.00995	0.01327	0.02156	0.04477	0.02487	0.75957	0.03482	0.00663	0.00663	0.00995	0.00415	0.00415
7	0.01292	0.01216	0.02052	0.74312	0.04712	0.01520	0.01900	0.01748	0.01368	0.01748	0.01216	0.01824	0.00912	0.00684	0.00684	0.00228	0.00912	0.00608	0.00304	0.00760
8	0.02563	0.01897	0.02032	0.01566	0.02107	0.02104	0.01291	0.66625	0.06061	0.04250	0.01691	0.01681	0.01203	0.00826	0.00685	0.00206	0.00744	0.00623	0.00685	0.01160
9	0.01429	0.01231	0.01469	0.01132	0.04223	0.00938	0.00859	0.01737	0.01424	0.02230	0.01219	0.01429	0.01016	0.00510	0.00513	0.00105	0.00518	0.00413	0.00403	0.77204
10	0.37036	0.04644	0.09644	0.01533	0.08082	0.09018	0.01238	0.14061	0.01711	0.02904	0.03603	0.01448	0.01080	0.00700	0.00552	0.00204	0.00722	0.00488	0.00446	0.00885
11	0.02269	0.01738	0.01865	0.01502	0.01985	0.01949	0.01218	0.46892	0.23727	0.03773	0.01999	0.01958	0.01466	0.01004	0.03220	0.00245	0.00726	0.00668	0.00677	0.01120
12	0.80789	0.01323	0.01006	0.00900	0.01323	0.01535	0.00741	0.02011	0.01164	0.03070	0.00953	0.01111	0.00741	0.00635	0.00423	0.00212	0.00529	0.00370	0.00423	0.00741
13	0.00834	0.00595	0.00794	0.00953	0.00992	0.00556	0.00635	0.00953	0.01310	0.01746	0.03771	0.75510	0.04525	0.02143	0.00873	0.00278	0.00397	0.01945	0.00635	0.00556
14	0.00977	0.00733	0.01100	0.01100	0.01222	0.00855	0.00855	0.01222	0.01100	0.01588	0.01833	0.02688	0.01710	0.05131	0.73245	0.01100	0.01833	0.00733	0.00367	0.00611
15	0.01848	0.22728	0.02461	0.01568	0.01825	0.09410	0.01345	0.04295	0.01373	0.06767	0.01083	0.01422	0.00957	0.00937	0.01407	0.00234	0.38626	0.00524	0.00355	0.00833
16	0.02506	0.03166	0.01987	0.01904	0.06144	0.69064	0.01367	0.02695	0.01917	0.01707	0.01071	0.01260	0.00893	0.00699	0.00620	0.00178	0.01209	0.00450	0.00352	0.00810
17	0.00834	0.00595	0.00794	0.00953	0.00992	0.00556	0.00635	0.00953	0.01310	0.01746	0.03771	0.75510	0.04525	0.02143	0.00873	0.00278	0.00397	0.01945	0.00635	0.00556
18	0.04687	0.08447	0.15749	0.02513	0.18116	0.01690	0.21733	0.06917	0.01647	0.04587	0.01498	0.04538	0.01240	0.00725	0.00697	0.00216	0.00900	0.02741	0.00392	0.00967
19	0.01693	0.01626	0.02777	0.04199	0.71689	0.01626	0.02100	0.02100	0.01558	0.02235	0.01287	0.01693	0.01084	0.00610	0.00677	0.00203	0.00813	0.00610	0.00339	0.01084
20	0.00978	0.00729	0.01081	0.01081	0.01197	0.00845	0.00832	0.01210	0.01094	0.01575	0.01849	0.02780	0.01750	0.08779	0.69652	0.01077	0.01772	0.00746	0.00369	0.00601
21	0.02216	0.08429	0.08579	0.02189	0.14084	0.46862	0.03881	0.02504	0.01777	0.01827	0.01115	0.01342	0.00920	0.00670	0.00623	0.00184	0.01102	0.00482	0.00340	0.00873
22	0.00834	0.00595	0.00794	0.00953	0.00992	0.00556	0.00635	0.00953	0.01310	0.01746	0.03771	0.75510	0.04525	0.02143	0.00873	0.00278	0.00397	0.01945	0.00635	0.00556
23	0.01419	0.01216	0.01419	0.01013	0.01621	0.00912	0.00811	0.01723	0.01419	0.02229	0.01216	0.01419	0.01013	0.00507	0.00507	0.00101	0.00507	0.00405	0.00405	0.80139
24	0.01373	0.03804	0.05783	0.01637	0.01760	0.01765	0.03147	0.01595	0.01108	0.01673	0.01166	0.01791	0.01104	0.02124	0.19968	0.00490	0.48034	0.00626	0.00317	0.00737
25	0.01480	0.01252	0.01451	0.01042	0.01647	0.00974	0.00836	0.05209	0.01511	0.02337	0.01238	0.01430	0.01021	0.00523	0.00516	0.00107	0.00519	0.00416	0.00420	0.76071
26	0.01654	0.02004	0.11975	0.02481	0.03161	0.01731	0.47411	0.06229	0.11509	0.02405	0.01579	0.01885	0.01174	0.00650	0.00765	0.00228	0.01026	0.00755	0.00408	0.00970
27	0.03017	0.04346	0.01672	0.01215	0.01747	0.01078	0.01013	0.03280	0.01934	0.69178	0.02625	0.02277	0.01659	0.00836	0.00677	0.00209	0.00588	0.00674	0.00823	0.01152
28	0.00819	0.00693	0.00707	0.00704	0.00930	0.00582	0.00528	0.01002	0.01584	0.01906	0.11106	0.06489	0.67200	0.01711	0.00808	0.00230	0.00345	0.01430	0.00643	0.00582
29	0.00995	0.00663	0.00746	0.00746	0.00746	0.00663	0.00415	0.00995	0.00995	0.01327	0.02156	0.04477	0.02487	0.75957	0.03482	0.00663	0.00663	0.00995	0.00415	0.00415
30	0.01495	0.12772	0.60910	0.01822	0.02761	0.01710	0.02296	0.02196	0.01457	0.04754	0.01248	0.01434	0.00900	0.00649	0.00624	0.00207	0.00959	0.00495	0.00311	0.01000
31	0.00867	0.00665	0.00800	0.00885	0.01008	0.00609	0.00625	0.01077	0.03523	0.01883	0.08993	0.45055	0.25912	0.01922	0.00845	0.00259	0.00387	0.03455	0.00644	0.00586
32	0.04402	0.53515	0.07871	0.01409	0.04154	0.08867	0.01310	0.05939	0.01535	0.01875	0.01028	0.01196	0.00897	0.00635	0.00545	0.00166	0.03026	0.00411	0.00326	0.00894
33	0.00986	0.00697	0.00919	0.00919	0.00979	0.00757	0.00630	0.01106	0.01046	0.01455	0.01997	0.03600	0.02107	0.41259	0.37660	0.00877	0.01236	0.00867	0.00391	0.00511
34	0.00990	0.00661	0.00748	0.00753	0.00754	0.00660	0.00421	0.00994	0.01005	0.01340	0.02206	0.06689	0.02551	0.73658	0.03401	0.00651	0.00655	0.01024	0.00421	0.00419
35	0.01315	0.03871	0.08450	0.15493	0.11332	0.01373	0.09411	0.01689	0.01416	0.01919	0.02140	0.08281	0.05823	0.03427	0.03648	0.00290	0.07956	0.10971	0.00410	0.00785
36	0.01551	0.06812	0.35903	0.04836	0.18782	0.01699	0.12337	0.04106	0.03479	0.02222	0.01304	0.01591	0.00987	0.00640	0.00671	0.00212	0.00947	0.00581	0.00332	0.01005
37	0.02488	0.05555	0.02035	0.01869	0.05687	0.67229	0.01357	0.02677	0.01901	0.01701	0.01066	0.01253	0.00892	0.00696	0.00614	0.00177	0.01196	0.00447	0.00350	0.00811
38	0.01419	0.01216	0.01419	0.01013	0.01621	0.00912	0.00811	0.01723	0.01419	0.02229	0.01216	0.01419	0.01013	0.00507	0.00507	0.00101	0.00507	0.00405	0.00405	0.80139
39	0.01598	0.02226	0.25426	0.07965	0.31133	0.01601	0.10882	0.02203	0.03843	0.04573	0.01374	0.01692	0.01050	0.00642	0.00687	0.00214	0.00911	0.00610	0.00350	0.01019
40	0.01419	0.01216	0.01419	0.01013	0.01621	0.00912	0.00811	0.01723	0.01419	0.02229	0.01216	0.01419	0.01013	0.00507	0.00507	0.00101	0.00507	0.00405	0.00405	0.80139
41	0.00995	0.00663	0.00746	0.00746	0.00746	0.00663	0.00415	0.00995	0.00995	0.01327	0.02156	0.04477	0.02487	0.75957	0.03482	0.00663	0.00663	0.00995	0.00415	0.00415
42	0.00995	0.00663	0.00746	0.00746	0.00746	0.00663	0.00415	0.00995	0.00995	0.01327	0.02156	0.04477	0.02487	0.75957	0.03482	0.00663	0.00663	0.00995	0.00415	0.00415
43	0.01834	0.01564	0.08798	0.01704	0.06953	0.01433	0.07269	0.05545	0.24144	0.15493	0.08585	0.04960	0.02173	0.00945	0.00779	0.00228	0.03472	0.02508	0.00613	0.00999
44	0.00834	0.00595	0.00794	0.00953	0.00992	0.00556	0.00635	0.00953	0.01310	0.01746	0.03771	0.75510	0.04525	0.02143	0.00873	0.00278	0.00397	0.01945	0.00635	0.00556
45	0.05749	0.01170	0.01568	0.01206	0.01732	0.01024	0.00996	0.03289	0.01931	0.69781	0.02639	0.02287	0.01661	0.00839	0.00679	0.00212	0.00580	0.00677	0.00832	0.01150
46	0.01639	0.01570	0.02679	0.13688	0.62625	0.01611	0.02073	0.02052	0.01532	0.02169	0.01277	0.01711	0.01060	0.00620	0.00678	0.00207	0.00826	0.00609	0.00334	0.01040
47	0.01419	0.07124	0.62168	0.02001	0.02959	0.01660	0.08989	0.02163	0.01458	0.02140	0.01229	0.01466	0.00884	0.00639	0.00655	0.00214	0.01011	0.00528	0.00295	0.00996
48	0.00834	0.00595	0.00794	0.00953	0.00992	0.00556	0.00635	0.00953	0.01310	0.01746	0.03771	0.75510	0.04525	0.02143	0.00873	0.00278	0.00397	0.01945	0.00635	0.00556
49	0.00964	0.00708	0.01003	0.01049	0.01153	0.00770	0.00796	0.01171	0.01196	0.01653	0.02558	0.16076	0.04618	0.10585	0.43787	0.00800	0.01293	0.08779	0.00456	0.00585
50	0.01419	0.01216	0.01419	0.01013	0.01621	0.00912	0.00811	0.01723	0.01419	0.02229	0.01216	0.01419	0.01013	0.00507	0.00507	0.00101	0.00507	0.00405	0.00405	0.80139
51	0.59505	0.01822	0.17743	0.01145	0.01697	0.01518	0.01157	0.02023	0.01256	0.02847	0.03367	0.01323	0.00961	0.00664	0.00489	0.00213	0.00635	0.00431	0.00403	0.00801
52	0.23313	0.01702	0.01640	0.01356	0.01821	0.04866	0.01097	0.31938	0.19580	0.03502	0.01721	0.01713	0.01272	0.00793	0.00615	0.00213	0.00660	0.00583	0.00603	0.01014
53	0.00993	0.00670	0.00780	0.00780	0.00791	0.00681	0.00456	0.01016	0.01005	0.01351	0.02125	0.04307	0.02414	0.69245	0.10093	0.00705	0.00774	0.00970	0.00410	0.00433
54	0.01638	0.01686	0.04829	0.03567	0.55648	0.05598	0.03914	0.02028	0.01590	0.02187	0.04058	0.02151	0.06611	0.00728	0.00691	0.00205	0.00801	0.00687	0.00375	0.01007
55	0.01419	0.01216	0.01419	0.01013	0.01621	0.00912	0.00811	0.01723	0.01419	0.02229	0.01216	0.01419	0.01013	0.00507	0.00507	0.00101	0.00507	0.00405	0.00405	0.80139
56	0.01702	0.01470	0.01547	0.01392	0.01779	0.01702	0.01083	0.03635	0.70453	0.02862	0.02785	0.02553	0.02088	0.00928	0.00696	0.00232	0.00541	0.00773	0.00696	0.01083
57	0.01259	0.01066	0.01281	0.01112	0.05016	0.00870	0.00808	0.01595	0.03713	0.02243	0.12122	0.04933	0.13899	0.00905	0.00625	0.00154	0.00467	0.00764	0.00505	0.46665
58	0.02357	0.01571	0.01710	0.01348	0.01812	0.01700	0.01102	0.46573	0.05585	0.11075	0.01916	0.01929	0.01372	0.00824	0.00646	0.00198	0.00642	0.00634	0.15947	0.01059
59	0.01497	0.01497	0.02095	0.01796	0.01796	0.02095	0.01497	0.01646	0.01048	0.01646	0.00898	0.01497	0.00898	0.01197	0.02245	0.00299	0.74704	0.00599	0.00299	0.00748
60	0.00977	0.00733	0.01100	0.01100	0.01222	0.00855	0.00855	0.01222	0.01100	0.01588	0.01833	0.02688	0.01710	0.05131	0.73245	0.01100	0.01833	0.00733	0.00367	0.00611
61	0.00995	0.00663	0.00746	0.00746	0.00746	0.00663	0.00415	0.00995	0.00995	0.01327	0.02156	0.04477	0.02487	0.75957	0.03482	0.00663	0.00663	0.00995	0.00415	0.00415
62	0.00845	0.00694	0.00744	0.00732	0.00947	0.00593	0.00549	0.01053	0.01646	0.02053	0.21699	0.06246	0.56515	0.01656	0.00808	0.00227	0.00341	0.01396	0.00662	0.00593
63	0.01408	0.01334	0.02261	0.54072	0.24046	0.01550	0.01958	0.01849	0.01423	0.01889	0.01236	0.01786	0.00962	0.00663	0.00682	0.00221	0.00883	0.00608	0.00314	0.00853
64	0.00860	0.00614	0.00824	0.00983	0.01034	0.00579	0.00681	0.00998	0.01336	0.01776	0.03756	0.68825	0.04467	0.02118	0.00880	0.00282	0.00420	0.08368	0.00635	0.00563
65	0.00834	0.00595	0.00794	0.00953	0.00992	0.00556	0.00635	0.00953	0.01310	0.01746	0.03771	0.75510	0.04525	0.02143	0.00873	0.00278	0.00397	0.01945	0.00635	0.00556
66	0.01607	0.01892	0.12761	0.01680	0.01958	0.11813	0.06262	0.01815	0.01291	0.03762	0.01294	0.01759	0.03115	0.01215	0.01652	0.14545	0.29905	0.00604	0.00335	0.00734
67	0.01534	0.18766	0.48752	0.01869	0.02736	0.04338	0.08679	0.02164	0.01467	0.02034	0.01179	0.01403	0.00886	0.00631	0.00620	0.00202	0.00974	0.00503	0.00297	0.00967
68	0.01693	0.01626	0.02777	0.04199	0.71689	0.01626	0.02100	0.02100	0.01558	0.02235	0.01287	0.01693	0.01084	0.00610	0.00677	0.00203	0.00813	0.00610	0.00339	0.01084
69	0.78394	0.03600	0.01084	0.00908	0.01336	0.01570	0.00754	0.02012	0.01171	0.03025	0.00953	0.01111	0.00745	0.00634	0.00424	0.00210	0.00535	0.00370	0.00419	0.00745
70	0.00900	0.00680	0.00911	0.01071	0.03115	0.00659	0.00727	0.01052	0.01365	0.01815	0.05912	0.58496	0.10101	0.01992	0.00912	0.00273	0.02978	0.05836	0.00618	0.00587
71	0.00834	0.00595	0.00794	0.00953	0.00992	0.00556	0.00635	0.00953	0.01310	0.01746	0.03771	0.75510	0.04525	0.02143	0.00873	0.00278	0.00397	0.01945	0.00635	0.00556
72	0.00936	0.00752	0.01165	0.03461	0.01370	0.00712	0.07556	0.01128	0.01398	0.01868	0.08528	0.58067	0.06662	0.01870	0.00853	0.00265	0.00482	0.01718	0.00604	0.00606
73	0.01292	0.01216	0.02052	0.74312	0.04712	0.01520	0.01900	0.01748	0.01368	0.01748	0.01216	0.01824	0.00912	0.00684	0.00684	0.00228	0.00912	0.00608	0.00304	0.00760
74	0.01497	0.01497	0.02095	0.01796	0.01796	0.02095	0.01497	0.01646	0.01048	0.01646	0.00898	0.01497	0.00898	0.01197	0.02245	0.00299	0.74704	0.00599	0.00299	0.00748
75	0.00977	0.00733	0.01100	0.01100	0.01222	0.00855	0.00855	0.01222	0.01100	0.01588	0.01833	0.02688	0.01710	0.05131	0.73245	0.01100	0.01833	0.00733	0.00367	0.00611
76	0.01702	0.01470	0.01547	0.01392	0.01779	0.01702	0.01083	0.03635	0.70453	0.02862	0.02785	0.02553	0.02088	0.00928	0.00696	0.00232	0.00541	0.00773	0.00696	0.01083
77	0.01615	0.01845	0.04037	0.02884	0.03576	0.01730	0.69204	0.02191	0.01615	0.02191	0.01384	0.01845	0.01038	0.00577	0.00807	0.00231	0.01153	0.00807	0.00346	0.00923
78	0.02556	0.03261	0.01939	0.01763	0.02115	0.73210	0.01322	0.02732	0.01939	0.01674	0.01058	0.01234	0.00881	0.00705	0.00617	0.00176	0.01234	0.00441	0.00353	0.00793
79	0.00814	0.00693	0.00700	0.00699	0.00927	0.00580	0.00524	0.00992	0.01572	0.01878	0.09081	0.06535	0.69242	0.01721	0.00809	0.00230	0.00346	0.01437	0.00639	0.00580
80	0.01829	0.76368	0.03585	0.01171	0.01756	0.02707	0.01171	0.02049	0.01390	0.01610	0.00951	0.01097	0.00878	0.00585	0.00439	0.00146	0.00732	0.00366	0.00293	0.00878
81	0.08818	0.01475	0.01520	0.01356	0.01753	0.01704	0.01061	0.06272	0.61407	0.02942	0.02572	0.02385	0.01929	0.00897	0.00671	0.00229	0.00549	0.00731	0.00671	0.01056
82	0.00834	0.00595	0.00794	0.00953	0.00992	0.00556	0.00635	0.00953	0.01310	0.01746	0.03771	0.75510	0.04525	0.02143	0.00873	0.00278	0.00397	0.01945	0.00635	0.00556
83	0.01418	0.10851	0.65501	0.01872	0.02840	0.01701	0.02391	0.02155	0.01439	0.02111	0.01200	0.01410	0.00868	0.00643	0.00629	0.00210	0.00983	0.00492	0.00289	0.00998
84	0.01318	0.01252	0.02145	0.69306	0.07219	0.01531	0.04115	0.01776	0.01383	0.01781	0.01224	0.01820	0.00923	0.00678	0.00688	0.00227	0.00916	0.00615	0.00307	0.00778
85	0.05193	0.00724	0.00851	0.00853	0.01034	0.00667	0.00633	0.01225	0.01637	0.04286	0.29733	0.20716	0.25023	0.01618	0.00802	0.00236	0.00373	0.03098	0.00674	0.00625
86	0.02983	0.01184	0.01585	0.01228	0.01749	0.01050	0.01010	0.03353	0.06291	0.67779	0.02704	0.02343	0.01719	0.00852	0.00689	0.00213	0.00580	0.00693	0.00837	0.01159
87	0.77868	0.01405	0.03632	0.00938	0.01383	0.01537	0.00807	0.02017	0.01175	0.03036	0.00963	0.01124	0.00746	0.00636	0.00432	0.00212	0.00547	0.00375	0.00418	0.00751
88	0.00836	0.00659	0.00755	0.00805	0.00960	0.00578	0.00576	0.01007	0.01514	0.01916	0.13279	0.31098	0.39911	0.01841	0.00832	0.00246	0.00362	0.01599	0.00649	0.00578
89	0.01551	0.06696	0.01625	0.01081	0.01675	0.03761	0.00880	0.05270	0.01528	0.02272	0.01213	0.01400	0.01007	0.00536	0.00515	0.00113	0.00562	0.00415	0.00410	0.67490
90	0.13741	0.16457	0.29377	0.01448	0.02158	0.01714	0.01583	0.04792	0.05960	0.06509	0.01336	0.01457	0.01005	0.00656	0.00567	0.00191	0.00765	0.00480	0.00397	0.09406
91	0.04290	0.19800	0.49869	0.01726	0.02578	0.06538	0.02082	0.02172	0.01455	0.02040	0.01145	0.01341	0.00866	0.00639	0.00593	0.00198	0.00946	0.00465	0.00299	0.00958
92	0.01666	0.01567	0.02622	0.03899	0.64746	0.01571	0.01977	0.04232	0.01596	0.02271	0.01462	0.06558	0.01313	0.00718	0.00690	0.00208	0.00783	0.00698	0.00370	0.01051
93	0.00857	0.00645	0.00798	0.00903	0.01014	0.00587	0.00646	0.01017	0.01430	0.01842	0.07231	0.46674	0.23759	0.01973	0.00859	0.00265	0.00401	0.07885	0.00639	0.00572
94	0.00949	0.00696	0.00865	0.00823	0.00997	0.00633	0.00617	0.01244	0.01851	0.02573	0.57234	0.05298	0.18251	0.01441	0.00797	0.00216	0.00327	0.01256	0.03302	0.00633
95	0.01372	0.03539	0.72412	0.01950	0.02961	0.01589	0.02528	0.02167	0.01444	0.02167	0.01228	0.01444	0.00867	0.00650	0.00650	0.00217	0.01011	0.00506	0.00289	0.01011
96	0.03070	0.01164	0.01588	0.01217	0.01746	0.01006	0.01006	0.03334	0.01958	0.72163	0.02699	0.02329	0.01694	0.00847	0.00688	0.00212	0.00582	0.00688	0.00847	0.01164
97	0.01497	0.01497	0.02095	0.01796	0.01796	0.02095	0.01497	0.01646	0.01048	0.01646	0.00898	0.01497	0.00898	0.01197	0.02245	0.00299	0.74704	0.00599	0.00299	0.00748
98	0.80789	0.01323	0.01006	0.00900	0.01323	0.01535	0.00741	0.02011	0.01164	0.03070	0.00953	0.01111	0.00741	0.00635	0.00423	0.00212	0.00529	0.00370	0.00423	0.00741
99	0.01792	0.01514	0.01598	0.01411	0.01813	0.01744	0.01105	0.10239	0.63702	0.03007	0.02670	0.02461	0.01996	0.00917	0.00695	0.00229	0.00563	0.00758	0.00695	0.01091
100	0.00995	0.00663	0.00746	0.00746	0.00746	0.00663	0.00415	0.00995	0.00995	0.01327	0.02156	0.04477	0.02487	0.75957	0.03482	0.00663	0.00663	0.00995	0.00415	0.00415
101	0.01279	0.01178	0.01578	0.01430	0.01494	0.03955	0.01147	0.01461	0.01098	0.01602	0.01384	0.02187	0.01346	0.07622	0.32669	0.00661	0.36226	0.00676	0.00337	0.00670
102	0.01723	0.01486	0.01685	0.01545	0.04431	0.01687	0.03496	0.07301	0.59278	0.02864	0.02645	0.04835	0.02040	0.00938	0.00704	0.00231	0.00581	0.00798	0.00668	0.01065
103	0.35878	0.02029	0.01559	0.01340	0.01755	0.23301	0.01066	0.15871	0.01834	0.05113	0.01179	0.01310	0.00906	0.00722	0.00611	0.00203	0.03543	0.00460	0.00464	0.00856
104	0.01471	0.01467	0.02146	0.12207	0.02266	0.02002	0.03536	0.01677	0.01110	0.01677	0.00958	0.01554	0.00904	0.01106	0.01980	0.00287	0.61990	0.00606	0.00301	0.00755
105	0.01275	0.00638	0.00638	0.00638	0.00797	0.00638	0.00478	0.01594	0.01435	0.02551	0.02232	0.02551	0.01754	0.00797	0.00478	0.00159	0.00319	0.00638	0.79755	0.00638
106	0.00911	0.00692	0.00881	0.03356	0.01172	0.00668	0.00711	0.01162	0.04950	0.01869	0.06128	0.51549	0.15302	0.01927	0.00850	0.00267	0.00426	0.05949	0.00631	0.00601
107	0.06276	0.13626	0.16546	0.02344	0.21515	0.07425	0.06513	0.04815	0.05957	0.04351	0.01417	0.03730	0.01156	0.00701	0.00633	0.00202	0.00843	0.00590	0.00388	0.00973
108	0.01275	0.00638	0.00638	0.00638	0.00797	0.00638	0.00478	0.01594	0.01435	0.02551	0.02232	0.02551	0.01754	0.00797	0.00478	0.00159	0.00319	0.00638	0.79755	0.00638
109	0.01611	0.03906	0.04865	0.33040	0.21581	0.06126	0.08300	0.05533	0.04498	0.02103	0.01321	0.01741	0.01027	0.00669	0.00682	0.00215	0.00903	0.00614	0.00355	0.00909
110	0.01952	0.01503	0.06765	0.02497	0.29289	0.01358	0.03704	0.02435	0.06590	0.21460	0.04434	0.02567	0.03855	0.00863	0.00762	0.00221	0.03193	0.04986	0.00541	0.01025
111	0.01596	0.02489	0.38929	0.01724	0.05010	0.01448	0.01839	0.08314	0.03642	0.07106	0.01578	0.06685	0.01270	0.00785	0.00701	0.00205	0.03045	0.00628	0.00418	0.12590
112	0.00978	0.00729	0.01079	0.01079	0.01195	0.00844	0.00830	0.01209	0.01094	0.01573	0.01851	0.02789	0.01754	0.09152	0.69284	0.01075	0.01766	0.00748	0.00369	0.00600
113	0.02045	0.13485	0.04426	0.01563	0.04286	0.01977	0.03313	0.28842	0.23121	0.03135	0.01826	0.01823	0.01376	0.00780	0.00642	0.00200	0.00694	0.00615	0.00577	0.05272
114	0.01044	0.00853	0.01362	0.01385	0.04397	0.00814	0.09562	0.01282	0.01435	0.01911	0.05828	0.39008	0.05890	0.05582	0.01003	0.00293	0.00574	0.16561	0.00577	0.00639
115	0.01615	0.18279	0.36677	0.01595	0.02375	0.03767	0.04103	0.02140	0.01487	0.06682	0.01426	0.01578	0.02932	0.00659	0.00597	0.00185	0.00845	0.00509	0.00357	0.12191
116	0.01159	0.00606	0.00879	0.00879	0.00883	0.00610	0.00580	0.00913	0.00910	0.01216	0.01323	0.02387	0.01360	0.11357	0.04721	0.68301	0.00637	0.00647	0.00313	0.00320
117	0.01125	0.00777	0.01050	0.01134	0.01313	0.00751	0.00963	0.01427	0.01656	0.04765	0.16650	0.06928	0.10104	0.01745	0.00898	0.00285	0.00546	0.46574	0.00662	0.00648
118	0.01679	0.01611	0.02752	0.06605	0.69390	0.01622	0.02093	0.02088	0.01551	0.02218	0.01284	0.01698	0.01078	0.00612	0.00678	0.00204	0.00816	0.00610	0.00337	0.01073
119	0.03816	0.12679	0.46085	0.01896	0.06923	0.08107	0.02066	0.02271	0.01515	0.06755	0.01271	0.01446	0.00935	0.00657	0.00618	0.00203	0.00940	0.00497	0.00339	0.00982
120	0.01629	0.01738	0.10010	0.09751	0.40309	0.01551	0.10125	0.02074	0.01539	0.05740	0.01654	0.01991	0.04907	0.00709	0.00750	0.00215	0.03271	0.00672	0.00372	0.00993
121	0.00809	0.00693	0.00693	0.00693	0.00924	0.00578	0.00520	0.00982	0.01559	0.01848	0.06931	0.06584	0.71411	0.01733	0.00809	0.00231	0.00347	0.01444	0.00635	0.00578
122	0.01165	0.00800	0.00974	0.01039	0.04932	0.00800	0.00628	0.04667	0.01238	0.03592	0.02422	0.09003	0.04549	0.54569	0.02710	0.00544	0.00646	0.04716	0.00469	0.00538
123	0.04844	0.01874	0.14081	0.02002	0.15644	0.03608	0.01532	0.11926	0.10997	0.23618	0.01930	0.01915	0.01356	0.00763	0.00669	0.00212	0.00736	0.00625	0.00581	0.01086
124	0.08504	0.52028	0.05630	0.01350	0.05360	0.04382	0.01210	0.04266	0.01495	0.05888	0.01312	0.01425	0.03394	0.00659	0.00498	0.00167	0.00723	0.00450	0.00364	0.00895
125	0.01647	0.09430	0.18035	0.04444	0.11605	0.06755	0.07054	0.06233	0.12411	0.02331	0.05620	0.04279	0.01572	0.00775	0.00663	0.00204	0.00807	0.00661	0.00437	0.05037
126	0.00878	0.00680	0.00800	0.00804	0.00975	0.00602	0.00590	0.01103	0.01672	0.02195	0.32587	0.17287	0.34042	0.01664	0.00818	0.00232	0.00345	0.01442	0.00683	0.00602
127	0.01419	0.01216	0.01419	0.01013	0.01621	0.00912	0.00811	0.01723	0.01419	0.02229	0.01216	0.01419	0.01013	0.00507	0.00507	0.00101	0.00507	0.00405	0.00405	0.80139
128	0.01387	0.01275	0.03730	0.01935	0.20521	0.01245	0.01204	0.06275	0.17348	0.02338	0.03523	0.12948	0.21034	0.01207	0.00743	0.00228	0.00571	0.01049	0.00561	0.00878
129	0.01275	0.00638	0.00638	0.00638	0.00797	0.00638	0.00478	0.01594	0.01435	0.02551	0.02232	0.02551	0.01754	0.00797	0.00478	0.00159	0.00319	0.00638	0.79755	0.00638

[dist]
# distance from previous block
# <min> <max>
3	6

[block]
# block no. 4 follows, 31 sequences, length 68
# corresponding to MSA columns:
# 541-608
name=unknown_E
#
# <colnr> <probs for GDERKNQSTAVLIFYWHMCP>
#	G	D	E	R	K	N	Q	S	T	A	V	L	I	F	Y	W	H	M	C	P
0	0.71166	0.01369	0.01136	0.00996	0.01400	0.01605	0.00822	0.05939	0.01277	0.03052	0.00990	0.01167	0.00776	0.00682	0.00554	0.00217	0.05257	0.00399	0.00431	0.00766
1	0.00918	0.00686	0.00853	0.00835	0.00998	0.00621	0.00617	0.01186	0.01783	0.02436	0.49684	0.13549	0.20203	0.01556	0.00815	0.00226	0.00336	0.01363	0.00714	0.00621
2	0.00954	0.00699	0.00894	0.00845	0.01013	0.00639	0.00634	0.01263	0.01902	0.02661	0.65400	0.05246	0.12435	0.01429	0.00807	0.00217	0.00325	0.01256	0.00742	0.00639
3	0.01693	0.01626	0.02777	0.04199	0.71689	0.01626	0.02100	0.02100	0.01558	0.02235	0.01287	0.01693	0.01084	0.00610	0.00677	0.00203	0.00813	0.00610	0.00339	0.01084
4	0.01419	0.01216	0.01419	0.01013	0.01621	0.00912	0.00811	0.01723	0.01419	0.02229	0.01216	0.01419	0.01013	0.00507	0.00507	0.00101	0.00507	0.00405	0.00405	0.80139
5	0.01829	0.76368	0.03585	0.01171	0.01756	0.02707	0.01171	0.02049	0.01390	0.01610	0.00951	0.01097	0.00878	0.00585	0.00439	0.00146	0.00732	0.00366	0.00293	0.00878
6	0.00820	0.00694	0.00709	0.00705	0.00931	0.00582	0.00529	0.01004	0.01586	0.01912	0.11490	0.06480	0.66812	0.01709	0.00808	0.00230	0.00345	0.01429	0.00644	0.00582
7	0.00958	0.00699	0.00900	0.00850	0.01016	0.00641	0.00638	0.01271	0.01913	0.02687	0.67235	0.05204	0.10584	0.01420	0.00807	0.00216	0.00324	0.01250	0.00746	0.00641
8	0.00995	0.00663	0.00746	0.00746	0.00746	0.00663	0.00415	0.00995	0.00995	0.01327	0.02156	0.04477	0.02487	0.75957	0.03482	0.00663	0.00663	0.00995	0.00415	0.00415
9	0.00995	0.00663	0.00746	0.00746	0.00746	0.00663	0.00415	0.00995	0.00995	0.01327	0.02156	0.04477	0.02487	0.75957	0.03482	0.00663	0.00663	0.00995	0.00415	0.00415
10	0.80789	0.01323	0.01006	0.00900	0.01323	0.01535	0.00741	0.02011	0.01164	0.03070	0.00953	0.01111	0.00741	0.00635	0.00423	0.00212	0.00529	0.00370	0.00423	0.00741
11	0.01372	0.03539	0.72412	0.01950	0.02961	0.01589	0.02528	0.02167	0.01444	0.02167	0.01228	0.01444	0.00867	0.00650	0.00650	0.00217	0.01011	0.00506	0.00289	0.01011
12	0.06813	0.02218	0.01650	0.01513	0.01847	0.37176	0.01189	0.11834	0.01977	0.04416	0.03488	0.05313	0.01838	0.01036	0.00699	0.00217	0.00926	0.14544	0.00497	0.00808
13	0.00854	0.00610	0.00817	0.00976	0.01025	0.00573	0.00671	0.00988	0.01330	0.01769	0.03759	0.70364	0.04480	0.02124	0.00879	0.00281	0.00415	0.06890	0.00635	0.00561
14	0.01516	0.01273	0.01471	0.01059	0.01662	0.01011	0.00851	0.07272	0.01566	0.02400	0.01251	0.01437	0.01026	0.00532	0.00521	0.00110	0.00527	0.00423	0.00428	0.73664
15	0.01600	0.24658	0.31890	0.01667	0.04595	0.04189	0.04047	0.02182	0.05325	0.04279	0.05755	0.01719	0.01360	0.00842	0.02937	0.00223	0.00876	0.00550	0.00368	0.00936
16	0.01504	0.01523	0.06695	0.44108	0.21659	0.01581	0.01917	0.07001	0.01564	0.02108	0.01267	0.01742	0.00975	0.00668	0.00675	0.00216	0.00870	0.00597	0.00344	0.02986
17	0.00995	0.00663	0.00746	0.00746	0.00746	0.00663	0.00415	0.00995	0.00995	0.01327	0.02156	0.04477	0.02487	0.75957	0.03482	0.00663	0.00663	0.00995	0.00415	0.00415
18	0.01238	0.03671	0.01810	0.01490	0.01656	0.01356	0.10125	0.01470	0.01151	0.01654	0.01523	0.02410	0.01462	0.11983	0.32774	0.00675	0.21802	0.00725	0.00348	0.00676
19	0.01807	0.01607	0.01712	0.05489	0.05833	0.11594	0.01219	0.16125	0.11267	0.04252	0.12561	0.04645	0.02304	0.02707	0.00969	0.00237	0.09785	0.04451	0.00556	0.00881
20	0.01155	0.00812	0.01043	0.01186	0.05590	0.00813	0.00799	0.07582	0.01527	0.02150	0.03043	0.42453	0.03350	0.04472	0.02873	0.00287	0.00511	0.06403	0.13291	0.00661
21	0.01516	0.01079	0.01224	0.01018	0.01413	0.02786	0.00789	0.06376	0.01658	0.11879	0.05094	0.15517	0.16789	0.01148	0.00683	0.00187	0.00495	0.00969	0.00583	0.28798
22	0.08296	0.15210	0.22033	0.04111	0.02398	0.01839	0.11282	0.02164	0.06641	0.04175	0.03327	0.01649	0.01168	0.00759	0.00868	0.00220	0.12007	0.00577	0.00372	0.00904
23	0.01536	0.02312	0.27117	0.13327	0.20354	0.03830	0.13226	0.02194	0.05461	0.02151	0.01351	0.01686	0.01026	0.00650	0.00689	0.00217	0.00950	0.00610	0.00338	0.00975
24	0.01829	0.76368	0.03585	0.01171	0.01756	0.02707	0.01171	0.02049	0.01390	0.01610	0.00951	0.01097	0.00878	0.00585	0.00439	0.00146	0.00732	0.00366	0.00293	0.00878
25	0.00987	0.00660	0.00748	0.00756	0.00758	0.00658	0.00425	0.00993	0.01010	0.01347	0.02233	0.07872	0.02585	0.72429	0.03357	0.00645	0.00651	0.01040	0.00425	0.00421
26	0.01889	0.01690	0.05607	0.02425	0.25433	0.05634	0.07829	0.09919	0.01811	0.10249	0.05278	0.01869	0.01414	0.00689	0.00662	0.00188	0.00763	0.00619	0.00469	0.15563
27	0.01605	0.12427	0.11376	0.05263	0.27030	0.01765	0.23562	0.02076	0.01524	0.02091	0.01352	0.04336	0.01135	0.00659	0.00690	0.00209	0.00922	0.00675	0.00338	0.00964
28	0.01916	0.00826	0.00977	0.00845	0.01136	0.00769	0.00666	0.02215	0.01622	0.27403	0.02399	0.02471	0.01732	0.00815	0.00553	0.00178	0.00413	0.00656	0.51584	0.00826
29	0.01783	0.69026	0.10524	0.01249	0.01877	0.02594	0.01307	0.02060	0.01396	0.01666	0.00979	0.01132	0.00877	0.00592	0.00460	0.00153	0.00760	0.00380	0.00292	0.00891
30	0.00857	0.00612	0.00820	0.00979	0.01029	0.00576	0.00675	0.00993	0.01333	0.01772	0.03758	0.69689	0.04474	0.02122	0.00879	0.00281	0.00417	0.07538	0.00635	0.00562
31	0.00834	0.00595	0.00794	0.00953	0.00992	0.00556	0.00635	0.00953	0.01310	0.01746	0.03771	0.75510	0.04525	0.02143	0.00873	0.00278	0.00397	0.01945	0.00635	0.00556
32	0.00823	0.00691	0.00697	0.00697	0.00911	0.00584	0.00512	0.00983	0.01517	0.01809	0.06568	0.06424	0.66179	0.07367	0.01012	0.00264	0.00371	0.01410	0.00619	0.00565
33	0.00825	0.00694	0.00716	0.00711	0.00934	0.00585	0.00533	0.01014	0.01599	0.01942	0.13653	0.06430	0.64631	0.01698	0.00808	0.00229	0.00344	0.01422	0.00648	0.00585
34	0.01057	0.00755	0.01051	0.01208	0.01346	0.00749	0.01024	0.01339	0.01530	0.01997	0.03647	0.19105	0.04036	0.01932	0.00933	0.00309	0.00591	0.56142	0.00631	0.00617
35	0.80789	0.01323	0.01006	0.00900	0.01323	0.01535	0.00741	0.02011	0.01164	0.03070	0.00953	0.01111	0.00741	0.00635	0.00423	0.00212	0.00529	0.00370	0.00423	0.00741
36	0.02283	0.01759	0.01874	0.01510	0.02001	0.01973	0.01224	0.46182	0.26959	0.03800	0.02046	0.01964	0.01490	0.00859	0.00689	0.00215	0.00678	0.00672	0.00689	0.01135
37	0.02601	0.01916	0.02053	0.01574	0.02122	0.02122	0.01300	0.69408	0.03217	0.04312	0.01643	0.01643	0.01163	0.00821	0.00684	0.00205	0.00753	0.00616	0.00684	0.01163
38	0.00834	0.00595	0.00794	0.00953	0.00992	0.00556	0.00635	0.00953	0.01310	0.01746	0.03771	0.75510	0.04525	0.02143	0.00873	0.00278	0.00397	0.01945	0.00635	0.00556
39	0.01589	0.01834	0.23867	0.01373	0.01904	0.01215	0.01390	0.06463	0.10144	0.12743	0.22727	0.06742	0.03017	0.01026	0.00722	0.00220	0.00637	0.00867	0.00602	0.00919
40	0.00968	0.00699	0.00914	0.00861	0.01022	0.00646	0.00646	0.01291	0.01937	0.02743	0.71328	0.05110	0.06455	0.01399	0.00807	0.00215	0.00323	0.01237	0.00753	0.00646
41	0.01566	0.01761	0.03814	0.02748	0.03397	0.01664	0.64016	0.02118	0.01576	0.02146	0.01418	0.01909	0.01089	0.00922	0.06306	0.00297	0.01205	0.00802	0.00348	0.00899
42	0.01419	0.01216	0.01419	0.01013	0.01621	0.00912	0.00811	0.01723	0.01419	0.02229	0.01216	0.01419	0.01013	0.00507	0.00507	0.00101	0.00507	0.00405	0.00405	0.80139
43	0.00993	0.00666	0.00757	0.00753	0.00764	0.00662	0.00429	0.01014	0.01055	0.01417	0.06552	0.04517	0.02739	0.71218	0.03312	0.00635	0.00642	0.01010	0.00436	0.00429
44	0.05839	0.01170	0.01567	0.01206	0.01731	0.01024	0.00996	0.03287	0.01930	0.69700	0.02637	0.02285	0.01660	0.00839	0.00679	0.00212	0.00580	0.00677	0.00832	0.01149
45	0.02542	0.01870	0.02005	0.01544	0.02071	0.02068	0.01268	0.66903	0.03135	0.04202	0.01661	0.01746	0.01212	0.03572	0.00787	0.00222	0.00750	0.00630	0.00675	0.01136
46	0.00832	0.00600	0.00789	0.00940	0.00989	0.00557	0.00630	0.00954	0.01322	0.01751	0.03922	0.72216	0.07722	0.02124	0.00870	0.00276	0.00395	0.01921	0.00635	0.00557
47	0.00921	0.00697	0.00849	0.00811	0.00993	0.00625	0.00608	0.01200	0.01825	0.02480	0.52354	0.05545	0.25593	0.01497	0.00807	0.00220	0.00330	0.01298	0.00718	0.00625
48	0.07739	0.54272	0.07153	0.03570	0.01863	0.02360	0.01228	0.02093	0.05737	0.01825	0.01099	0.01280	0.00956	0.00697	0.00606	0.02825	0.03084	0.00423	0.00329	0.00861
49	0.01252	0.01120	0.01817	0.45939	0.08691	0.01341	0.01600	0.01625	0.01330	0.01760	0.01559	0.02591	0.01390	0.06070	0.10739	0.00381	0.03359	0.06356	0.00350	0.00731
50	0.01489	0.00850	0.01108	0.00966	0.01234	0.00774	0.00749	0.01856	0.04366	0.18585	0.50882	0.04261	0.05031	0.01226	0.00766	0.00211	0.00396	0.01068	0.00761	0.03421
51	0.19077	0.01706	0.07032	0.15763	0.06076	0.08082	0.01319	0.11533	0.01662	0.02545	0.01288	0.03751	0.01044	0.00700	0.00590	0.00192	0.00744	0.00537	0.00419	0.15939
52	0.03901	0.19388	0.04207	0.05650	0.10173	0.01728	0.01267	0.10089	0.03498	0.05653	0.01301	0.01494	0.01045	0.00657	0.00651	0.00169	0.04674	0.00492	0.00419	0.23542
53	0.01932	0.06311	0.05867	0.11327	0.11032	0.11752	0.01467	0.18231	0.13288	0.02567	0.01537	0.01745	0.01195	0.00860	0.00826	0.05036	0.03020	0.00593	0.00468	0.00946
54	0.01248	0.00641	0.00641	0.00641	0.00805	0.00634	0.00481	0.01558	0.01442	0.02509	0.02508	0.02788	0.05854	0.00852	0.00498	0.00164	0.00320	0.00685	0.75097	0.00634
