[name]
unknown

[dist]
# distance from previous block
# <min> <max>
4	247

[block]
# block no. 0 follows, 36 sequences, length 11
# corresponding to MSA columns:
# 347-357
name=unknown_A
#
# <colnr> <probs for GDERKNQSTAVLIFYWHMCP>
#	G	D	E	R	K	N	Q	S	T	A	V	L	I	F	Y	W	H	M	C	P
0	0.06371	0.04280	0.04299	0.03102	0.04103	0.04518	0.11643	0.11530	0.02845	0.05646	0.11976	0.07773	0.01947	0.02275	0.00663	0.00187	0.00628	0.00707	0.00469	0.15040
1	0.05845	0.09538	0.19624	0.08435	0.12222	0.04893	0.01514	0.17750	0.03240	0.03731	0.03318	0.02974	0.02867	0.00695	0.00587	0.00187	0.00738	0.00553	0.00403	0.00886
2	0.05689	0.05432	0.19933	0.01469	0.03953	0.16061	0.01361	0.16958	0.05737	0.02362	0.01359	0.03570	0.01091	0.00695	0.00571	0.00178	0.00766	0.01659	0.03494	0.07664
3	0.01449	0.01438	0.11120	0.05134	0.20020	0.01250	0.01327	0.14796	0.05355	0.04460	0.04840	0.19997	0.02015	0.03042	0.00732	0.00217	0.00626	0.00877	0.00472	0.00834
4	0.01085	0.04143	0.11141	0.01083	0.01367	0.00981	0.00950	0.03556	0.07200	0.01733	0.01867	0.12978	0.01828	0.10938	0.29025	0.00541	0.00996	0.00785	0.00398	0.07404
5	0.05505	0.06441	0.02416	0.12966	0.06684	0.01538	0.24740	0.11940	0.07542	0.02284	0.01345	0.01613	0.01027	0.00605	0.00614	0.00187	0.00770	0.00588	0.03546	0.07650
6	0.05129	0.08915	0.03115	0.01470	0.05294	0.19135	0.04766	0.19932	0.01938	0.10351	0.10720	0.03325	0.01679	0.00766	0.00602	0.00180	0.00732	0.00604	0.00495	0.00851
7	0.09189	0.01122	0.01397	0.01104	0.01551	0.01064	0.00904	0.07767	0.07785	0.53869	0.05969	0.02133	0.01691	0.00786	0.00613	0.00194	0.00522	0.00630	0.00713	0.00998
8	0.01252	0.01076	0.01780	0.46781	0.03235	0.01247	0.07274	0.01596	0.01296	0.06813	0.01878	0.08459	0.07992	0.00856	0.00750	0.00215	0.05687	0.00747	0.00368	0.00699
9	0.06654	0.01644	0.13463	0.15627	0.23034	0.01424	0.14037	0.04010	0.04896	0.02050	0.01499	0.03328	0.04242	0.00663	0.00630	0.00200	0.00782	0.00624	0.00345	0.00850
10	0.02196	0.01265	0.07489	0.01143	0.01618	0.01037	0.01000	0.08413	0.06426	0.43636	0.09208	0.02319	0.04039	0.00810	0.00626	0.00188	0.00539	0.00663	0.00665	0.06720

[dist]
# distance from previous block
# <min> <max>
2	15

[block]
# block no. 1 follows, 36 sequences, length 26
# corresponding to MSA columns:
# 373-398
name=unknown_B
#
# <colnr> <probs for GDERKNQSTAVLIFYWHMCP>
#	G	D	E	R	K	N	Q	S	T	A	V	L	I	F	Y	W	H	M	C	P
0	0.06477	0.01369	0.10480	0.01341	0.01760	0.01154	0.10754	0.10249	0.06683	0.14439	0.08350	0.12525	0.04170	0.01059	0.02703	0.00228	0.00639	0.02320	0.02482	0.00817
1	0.01346	0.01165	0.01190	0.00967	0.01365	0.06603	0.00755	0.03387	0.12551	0.02166	0.07402	0.02185	0.07171	0.00720	0.00539	0.00141	0.00478	0.00584	0.09908	0.39377
2	0.16384	0.07617	0.13089	0.01332	0.03054	0.01489	0.05847	0.12240	0.15413	0.04881	0.03060	0.03186	0.01337	0.04849	0.00702	0.00214	0.00634	0.00581	0.03246	0.00844
3	0.04622	0.06393	0.03230	0.01833	0.16527	0.17393	0.03563	0.11698	0.09488	0.06633	0.03828	0.01707	0.01280	0.02590	0.00646	0.00188	0.00731	0.00550	0.03869	0.03234
4	0.00779	0.00561	0.00744	0.00883	0.00935	0.00525	0.00611	0.00905	0.01223	0.01618	0.03534	0.68793	0.06776	0.01918	0.00799	0.00254	0.00378	0.07675	0.00578	0.00513
5	0.01192	0.01001	0.01168	0.00893	0.01345	0.00796	0.00703	0.01483	0.03688	0.01961	0.04007	0.02102	0.10513	0.00887	0.03950	0.02873	0.00496	0.00543	0.00409	0.59988
6	0.69870	0.01519	0.12416	0.00968	0.01437	0.01405	0.00928	0.01854	0.01100	0.02668	0.00907	0.01059	0.00693	0.00580	0.00418	0.00193	0.00550	0.00357	0.00367	0.00713
7	0.01177	0.01107	0.01869	0.76606	0.04291	0.01384	0.01730	0.01592	0.01246	0.01592	0.01107	0.01661	0.00831	0.00623	0.00623	0.00208	0.00831	0.00554	0.00277	0.00692
8	0.01283	0.03007	0.65391	0.01961	0.07063	0.01458	0.07275	0.01971	0.01333	0.01979	0.01132	0.01355	0.00812	0.00585	0.00604	0.00197	0.00919	0.00486	0.00270	0.00919
9	0.04392	0.09785	0.18943	0.08040	0.25071	0.06151	0.04107	0.05751	0.03072	0.05690	0.01214	0.01444	0.00938	0.00598	0.00580	0.00183	0.00783	0.00504	0.00343	0.02412
10	0.01358	0.02449	0.40677	0.02267	0.10744	0.01514	0.24386	0.01951	0.01359	0.01964	0.01155	0.01459	0.00862	0.00591	0.00710	0.00204	0.04613	0.00562	0.00285	0.00891
11	0.00857	0.00643	0.00782	0.00845	0.00940	0.00627	0.00588	0.01105	0.06770	0.01673	0.06702	0.40587	0.15049	0.12794	0.04479	0.00325	0.00462	0.03688	0.00548	0.00536
12	0.05452	0.13812	0.21896	0.01664	0.07933	0.04890	0.09489	0.05441	0.02997	0.11166	0.01377	0.01633	0.01065	0.05302	0.00728	0.00208	0.00763	0.00533	0.02790	0.00860
13	0.01527	0.06224	0.33012	0.05834	0.17199	0.07258	0.11048	0.05155	0.01470	0.03795	0.01173	0.01423	0.00884	0.00590	0.00607	0.00190	0.00879	0.00518	0.00313	0.00901
14	0.00770	0.00566	0.00726	0.00848	0.00917	0.00522	0.00588	0.00897	0.01242	0.01621	0.03867	0.62483	0.14793	0.01881	0.00790	0.00249	0.00367	0.05782	0.00578	0.00513
15	0.01534	0.01377	0.05118	0.18482	0.10202	0.03065	0.08464	0.09368	0.11270	0.07760	0.04934	0.08671	0.01603	0.00831	0.00722	0.00208	0.04378	0.00726	0.00453	0.00835
16	0.07186	0.08154	0.23624	0.05002	0.12696	0.03917	0.04530	0.17010	0.01695	0.05906	0.01265	0.01437	0.00941	0.00628	0.00576	0.00186	0.00762	0.00503	0.03072	0.00910
17	0.00912	0.00659	0.00797	0.00793	0.00819	0.00697	0.00510	0.00962	0.00979	0.01318	0.02272	0.11615	0.06606	0.53639	0.08945	0.00554	0.06112	0.00975	0.00400	0.00437
18	0.00787	0.00598	0.00696	0.00752	0.00862	0.00540	0.00524	0.00914	0.01276	0.01623	0.07532	0.32166	0.31828	0.12984	0.01122	0.00286	0.00384	0.04071	0.00554	0.00501
19	0.01369	0.02993	0.17942	0.04225	0.04954	0.03315	0.07612	0.08569	0.08418	0.02078	0.03241	0.13698	0.01635	0.01034	0.02771	0.00235	0.11245	0.00764	0.03106	0.00794
20	0.10428	0.16263	0.22108	0.01715	0.11907	0.06387	0.03169	0.09461	0.03461	0.03959	0.02469	0.01459	0.01022	0.02916	0.00623	0.00192	0.00750	0.00486	0.00360	0.00864
21	0.01384	0.01143	0.01509	0.04706	0.01535	0.01437	0.01082	0.07788	0.01325	0.05194	0.06805	0.04229	0.07073	0.01053	0.01360	0.00232	0.40192	0.00690	0.10566	0.00697
22	0.00765	0.00555	0.00722	0.00843	0.00900	0.00513	0.00570	0.00888	0.01246	0.01653	0.07928	0.67488	0.09868	0.01881	0.00787	0.00246	0.00354	0.01695	0.00585	0.00513
23	0.01627	0.14695	0.27314	0.01802	0.11084	0.11336	0.04430	0.07140	0.04560	0.04538	0.01454	0.01592	0.04449	0.00658	0.00578	0.00181	0.00811	0.00520	0.00354	0.00879
24	0.01907	0.08074	0.14910	0.01779	0.07921	0.19040	0.08045	0.16493	0.08098	0.05796	0.01346	0.01463	0.01013	0.00653	0.00597	0.00183	0.00842	0.00520	0.00416	0.00903
25	0.09233	0.05540	0.15825	0.02331	0.24708	0.15677	0.09119	0.02066	0.03785	0.01970	0.01123	0.01381	0.00898	0.00603	0.00628	0.00187	0.03244	0.00502	0.00318	0.00861

[dist]
# distance from previous block
# <min> <max>
0	2

[block]
# block no. 2 follows, 36 sequences, length 24
# corresponding to MSA columns:
# 401-424
name=unknown_C
#
# <colnr> <probs for GDERKNQSTAVLIFYWHMCP>
#	G	D	E	R	K	N	Q	S	T	A	V	L	I	F	Y	W	H	M	C	P
0	0.09318	0.01543	0.04564	0.08641	0.14911	0.04812	0.01288	0.16572	0.23138	0.06412	0.01667	0.01731	0.01245	0.00706	0.00599	0.00196	0.00652	0.00574	0.00497	0.00935
1	0.02268	0.01747	0.01845	0.05387	0.02042	0.05092	0.01205	0.62365	0.05883	0.03641	0.01498	0.01525	0.01073	0.00741	0.00621	0.00188	0.00704	0.00560	0.00592	0.01022
2	0.53580	0.01199	0.01109	0.04992	0.01475	0.01349	0.00806	0.05312	0.09068	0.10384	0.01497	0.01547	0.04116	0.00682	0.00477	0.00196	0.00509	0.00473	0.00467	0.00762
3	0.02230	0.01677	0.01792	0.01406	0.01880	0.01868	0.01151	0.60525	0.14768	0.03704	0.01671	0.01636	0.01202	0.00764	0.00625	0.00191	0.00653	0.00585	0.00625	0.01047
4	0.00795	0.00580	0.00755	0.00873	0.00948	0.00540	0.00622	0.00941	0.01279	0.01685	0.07518	0.56833	0.11798	0.01845	0.00794	0.00250	0.00380	0.10459	0.00584	0.00521
5	0.00890	0.00668	0.01001	0.01001	0.01113	0.00779	0.00779	0.01113	0.01001	0.01446	0.01669	0.02448	0.01558	0.04673	0.75634	0.01001	0.01669	0.00668	0.00334	0.00556
6	0.00787	0.00633	0.00701	0.00684	0.00873	0.00548	0.00513	0.00992	0.01540	0.01967	0.29868	0.05528	0.50231	0.01472	0.00736	0.00205	0.00308	0.01249	0.00616	0.00548
7	0.02365	0.01858	0.01860	0.01449	0.01932	0.08694	0.01186	0.65746	0.02823	0.03706	0.01447	0.01462	0.01036	0.00738	0.00618	0.00185	0.00726	0.00546	0.00596	0.01029
8	0.82504	0.01205	0.00916	0.00819	0.01205	0.01398	0.00675	0.01832	0.01060	0.02795	0.00868	0.01012	0.00675	0.00578	0.00386	0.00193	0.00482	0.00337	0.00386	0.00675
9	0.01387	0.01202	0.01775	0.01285	0.01831	0.00978	0.15580	0.01707	0.01351	0.05824	0.01302	0.04421	0.01086	0.00550	0.00540	0.00128	0.00584	0.00514	0.00387	0.57567
10	0.01292	0.01107	0.01292	0.00923	0.01477	0.00831	0.00738	0.01569	0.01292	0.02030	0.01107	0.01292	0.00923	0.00461	0.00461	0.00092	0.00461	0.00369	0.00369	0.81912
11	0.82504	0.01205	0.00916	0.00819	0.01205	0.01398	0.00675	0.01832	0.01060	0.02795	0.00868	0.01012	0.00675	0.00578	0.00386	0.00193	0.00482	0.00337	0.00386	0.00675
12	0.01550	0.01338	0.01409	0.01268	0.01620	0.01550	0.00986	0.03311	0.73091	0.02606	0.02536	0.02325	0.01902	0.00845	0.00634	0.00211	0.00493	0.00704	0.00634	0.00986
13	0.82504	0.01205	0.00916	0.00819	0.01205	0.01398	0.00675	0.01832	0.01060	0.02795	0.00868	0.01012	0.00675	0.00578	0.00386	0.00193	0.00482	0.00337	0.00386	0.00675
14	0.01542	0.01480	0.02529	0.03824	0.74217	0.01480	0.01912	0.01912	0.01419	0.02036	0.01172	0.01542	0.00987	0.00555	0.00617	0.00185	0.00740	0.00555	0.00308	0.00987
15	0.01595	0.01361	0.01434	0.01277	0.01638	0.01571	0.00997	0.07135	0.69193	0.02680	0.02478	0.02279	0.01855	0.00840	0.00633	0.00210	0.00504	0.00696	0.00633	0.00990
16	0.02795	0.01060	0.01446	0.01109	0.01591	0.00916	0.00916	0.03036	0.01783	0.74648	0.02458	0.02121	0.01542	0.00771	0.00627	0.00193	0.00530	0.00627	0.00771	0.01060
17	0.01738	0.01134	0.01211	0.01018	0.01339	0.01224	0.00812	0.26048	0.13751	0.07301	0.01958	0.02028	0.01460	0.00756	0.00544	0.00173	0.00474	0.00597	0.35595	0.00841
18	0.00768	0.00559	0.00725	0.00838	0.00900	0.00515	0.00570	0.00898	0.01266	0.01683	0.10175	0.64351	0.10744	0.01855	0.00784	0.00244	0.00351	0.01670	0.00588	0.00515
19	0.05481	0.01779	0.01603	0.01365	0.01729	0.20144	0.02814	0.29557	0.09235	0.02702	0.01692	0.04418	0.01436	0.02543	0.00676	0.00202	0.00737	0.06952	0.04087	0.00848
20	0.01262	0.01105	0.01732	0.12944	0.24792	0.01184	0.03445	0.06724	0.01389	0.01908	0.01874	0.15933	0.03371	0.01523	0.11507	0.00328	0.03761	0.04067	0.00397	0.00754
21	0.00839	0.00690	0.00747	0.00752	0.00942	0.00635	0.00556	0.01168	0.08859	0.01844	0.12107	0.17561	0.47992	0.01535	0.00736	0.00216	0.00340	0.01310	0.00595	0.00577
22	0.00882	0.00657	0.00840	0.00931	0.01050	0.00635	0.00712	0.01155	0.05212	0.01822	0.10212	0.36222	0.13685	0.01711	0.00792	0.00250	0.00418	0.21664	0.00590	0.00562
23	0.01575	0.02093	0.20897	0.09627	0.08515	0.15200	0.09340	0.08047	0.01548	0.03840	0.01439	0.10352	0.01264	0.00784	0.00671	0.00199	0.02757	0.00666	0.00367	0.00818

[dist]
# distance from previous block
# <min> <max>
1	3

[block]
# block no. 3 follows, 36 sequences, length 34
# corresponding to MSA columns:
# 428-461
name=unknown_D
#
# <colnr> <probs for GDERKNQSTAVLIFYWHMCP>
#	G	D	E	R	K	N	Q	S	T	A	V	L	I	F	Y	W	H	M	C	P
0	0.01450	0.07497	0.33640	0.02248	0.18605	0.06055	0.11601	0.03403	0.01411	0.01948	0.01288	0.01538	0.03187	0.00622	0.00647	0.00192	0.02939	0.00539	0.00302	0.00888
1	0.00935	0.00633	0.00761	0.00763	0.00877	0.00593	0.00525	0.01065	0.01263	0.05611	0.13481	0.18052	0.20918	0.24771	0.06638	0.00388	0.00513	0.01168	0.00527	0.00518
2	0.01801	0.01530	0.07049	0.07460	0.29380	0.01463	0.02930	0.15682	0.09442	0.12214	0.01615	0.03929	0.01241	0.00700	0.00628	0.00194	0.00689	0.00615	0.00469	0.00969
3	0.05654	0.01674	0.08856	0.07829	0.12231	0.03532	0.01361	0.30503	0.09135	0.04781	0.01555	0.05563	0.01232	0.00766	0.00649	0.00197	0.02441	0.00614	0.00492	0.00934
4	0.15690	0.01459	0.01968	0.08127	0.20082	0.06023	0.09298	0.10436	0.01558	0.09550	0.01300	0.01529	0.00988	0.00649	0.00659	0.00193	0.04881	0.00537	0.04218	0.00857
5	0.00838	0.00591	0.00713	0.00762	0.00804	0.00576	0.00485	0.00908	0.01063	0.01404	0.02888	0.28741	0.10349	0.39070	0.07627	0.00476	0.00574	0.01220	0.00462	0.00450
6	0.01507	0.01543	0.04495	0.03250	0.50258	0.01536	0.13987	0.01960	0.04856	0.02008	0.01221	0.01583	0.01004	0.00611	0.00761	0.00199	0.07375	0.00590	0.00321	0.00933
7	0.01216	0.00996	0.01190	0.05605	0.07345	0.02567	0.00888	0.03448	0.18884	0.02193	0.13336	0.07319	0.12950	0.01050	0.00684	0.00200	0.02445	0.03593	0.11669	0.02421
8	0.00969	0.00664	0.00813	0.00759	0.00949	0.00591	0.00575	0.01217	0.01659	0.07222	0.48055	0.04895	0.26645	0.01333	0.00728	0.00200	0.00317	0.01151	0.00659	0.00601
9	0.01018	0.00849	0.01096	0.01156	0.05110	0.05499	0.00821	0.01219	0.01061	0.01456	0.01631	0.02504	0.01561	0.12706	0.58416	0.00858	0.01460	0.00672	0.00337	0.00570
10	0.00795	0.00625	0.00719	0.00713	0.00882	0.00548	0.00528	0.01002	0.01533	0.01994	0.32495	0.12224	0.40732	0.01494	0.00741	0.00209	0.00311	0.01284	0.00621	0.00548
11	0.02327	0.02970	0.01766	0.01605	0.01926	0.75602	0.01204	0.02488	0.01766	0.01525	0.00963	0.01124	0.00803	0.00642	0.00562	0.00161	0.01124	0.00401	0.00321	0.00722
12	0.01245	0.00661	0.00670	0.00640	0.00809	0.00674	0.00487	0.06326	0.01419	0.02433	0.01996	0.02266	0.01560	0.00727	0.00448	0.00148	0.00318	0.00579	0.75981	0.00614
13	0.01607	0.01326	0.01411	0.01261	0.01619	0.01521	0.00983	0.03298	0.69837	0.05894	0.02532	0.02315	0.01886	0.00842	0.00634	0.00210	0.00495	0.00701	0.00640	0.00990
14	0.16101	0.01497	0.01586	0.01258	0.01718	0.01635	0.01032	0.41259	0.10397	0.14831	0.01659	0.01606	0.01166	0.00734	0.00584	0.00192	0.00604	0.00549	0.00607	0.00985
15	0.00862	0.00658	0.00800	0.00866	0.01022	0.00609	0.00695	0.01065	0.01397	0.01761	0.07733	0.11510	0.33466	0.05833	0.00924	0.00265	0.00438	0.28988	0.00571	0.00538
16	0.01829	0.01626	0.05186	0.06368	0.44948	0.07330	0.01654	0.09708	0.01645	0.11658	0.01353	0.01576	0.01037	0.00616	0.00614	0.00186	0.00749	0.00549	0.00401	0.00967
17	0.02108	0.01551	0.01676	0.01331	0.01766	0.01710	0.01092	0.56536	0.07874	0.03577	0.05086	0.02012	0.01497	0.00825	0.00630	0.00192	0.00626	0.03880	0.05050	0.00983
18	0.02104	0.01145	0.01380	0.01084	0.01510	0.01086	0.00881	0.20009	0.01982	0.33713	0.09852	0.02599	0.10350	0.00882	0.00634	0.00184	0.00514	0.00718	0.00664	0.08709
19	0.34231	0.01462	0.01388	0.01329	0.07772	0.09088	0.00967	0.11981	0.10175	0.10368	0.04593	0.01574	0.01239	0.00690	0.00528	0.00190	0.00597	0.00504	0.00489	0.00835
20	0.09937	0.01270	0.01475	0.01175	0.01614	0.01301	0.00960	0.22428	0.09672	0.35051	0.04852	0.01971	0.01534	0.00889	0.02812	0.00217	0.00590	0.00610	0.00662	0.00982
21	0.00857	0.00650	0.00716	0.00690	0.00895	0.00558	0.00521	0.01053	0.01523	0.04829	0.23592	0.05494	0.53484	0.01467	0.00732	0.00206	0.00319	0.01239	0.00614	0.00563
22	0.00901	0.00649	0.00927	0.00927	0.01011	0.00733	0.00686	0.01058	0.00974	0.01382	0.01705	0.02761	0.01684	0.19689	0.57718	0.04230	0.01403	0.00711	0.00340	0.00508
23	0.07314	0.01612	0.03641	0.02324	0.29076	0.04509	0.04649	0.26057	0.01965	0.10712	0.01399	0.01540	0.01039	0.00649	0.00608	0.00188	0.00715	0.00551	0.00472	0.00981
24	0.01372	0.01389	0.05045	0.31752	0.34946	0.01484	0.01774	0.01798	0.03683	0.01829	0.01157	0.01589	0.00933	0.00643	0.00753	0.00203	0.07954	0.00555	0.00302	0.00841
25	0.00763	0.00621	0.00676	0.00687	0.00864	0.00534	0.00506	0.00937	0.01447	0.01805	0.17052	0.15137	0.53645	0.01577	0.00744	0.00214	0.00318	0.01344	0.00596	0.00534
26	0.06974	0.00856	0.00994	0.00845	0.01154	0.00802	0.00673	0.05018	0.01587	0.27916	0.08249	0.03009	0.15718	0.00938	0.00588	0.00183	0.00410	0.00762	0.22556	0.00768
27	0.01512	0.08435	0.17369	0.05623	0.14291	0.01493	0.17818	0.03876	0.08635	0.06703	0.01543	0.04811	0.01257	0.00701	0.00639	0.00199	0.00786	0.03040	0.00386	0.00882
28	0.06467	0.10226	0.46433	0.01764	0.06318	0.01499	0.07541	0.01970	0.01340	0.05406	0.01257	0.01613	0.00973	0.00639	0.00587	0.00195	0.00834	0.03741	0.00316	0.00881
29	0.00770	0.00547	0.00720	0.00854	0.00888	0.00513	0.00564	0.00870	0.01172	0.01563	0.03328	0.72397	0.03987	0.07434	0.00966	0.00278	0.00379	0.01709	0.00564	0.00497
30	0.29583	0.05369	0.01946	0.01778	0.12821	0.17124	0.11617	0.05932	0.01451	0.03840	0.01061	0.01273	0.00839	0.00603	0.00564	0.00186	0.02390	0.00466	0.00363	0.00793
31	0.00818	0.00628	0.00762	0.00801	0.00938	0.00551	0.00562	0.00968	0.01301	0.01722	0.09898	0.44196	0.21584	0.03683	0.00807	0.00232	0.00360	0.01446	0.00563	0.08182
32	0.01534	0.04545	0.02351	0.03052	0.51427	0.01472	0.04529	0.05834	0.02921	0.02095	0.01290	0.01754	0.01107	0.00712	0.02262	0.00202	0.02723	0.03300	0.00346	0.06543
33	0.01492	0.00981	0.01172	0.04021	0.01410	0.02491	0.00810	0.07364	0.07286	0.14936	0.23039	0.06508	0.05363	0.00997	0.00647	0.00187	0.00461	0.04241	0.05033	0.11562

[dist]
# distance from previous block
# <min> <max>
0	4

[block]
# block no. 4 follows, 36 sequences, length 7
# corresponding to MSA columns:
# 466-472
name=unknown_E
#
# <colnr> <probs for GDERKNQSTAVLIFYWHMCP>
#	G	D	E	R	K	N	Q	S	T	A	V	L	I	F	Y	W	H	M	C	P
0	0.30247	0.01417	0.05371	0.04551	0.05500	0.06469	0.01005	0.07701	0.06852	0.07808	0.01691	0.03821	0.04922	0.00767	0.00545	0.00192	0.00593	0.03944	0.00455	0.06149
1	0.05114	0.01397	0.02151	0.21502	0.33291	0.01514	0.05377	0.09549	0.09834	0.02224	0.01340	0.01642	0.01045	0.00626	0.00617	0.00196	0.00734	0.00573	0.00376	0.00898
2	0.06095	0.01684	0.01630	0.01339	0.01767	0.11678	0.01073	0.31651	0.20892	0.13013	0.01799	0.01726	0.01294	0.00754	0.00607	0.00191	0.00663	0.00575	0.00594	0.00976
3	0.11726	0.02652	0.53700	0.05265	0.02477	0.01425	0.01924	0.05245	0.01385	0.06924	0.01191	0.01355	0.00839	0.00611	0.00571	0.00196	0.00824	0.00465	0.00329	0.00894
4	0.01470	0.01401	0.02311	0.16188	0.53780	0.01489	0.01794	0.01926	0.05991	0.01969	0.01231	0.01604	0.01010	0.00612	0.00690	0.00195	0.04531	0.00564	0.00322	0.00921
5	0.04706	0.15470	0.13611	0.01423	0.05737	0.11094	0.03043	0.05604	0.03271	0.06456	0.01879	0.06831	0.08466	0.02913	0.02784	0.00221	0.04661	0.00651	0.00398	0.00781
6	0.01752	0.01398	0.01390	0.01186	0.01464	0.11804	0.00931	0.25278	0.01829	0.06122	0.01761	0.02082	0.05257	0.05416	0.10481	0.06389	0.05692	0.00614	0.08400	0.00753

[dist]
# distance from previous block
# <min> <max>
0	1

[block]
# block no. 5 follows, 36 sequences, length 11
# corresponding to MSA columns:
# 474-484
name=unknown_F
#
# <colnr> <probs for GDERKNQSTAVLIFYWHMCP>
#	G	D	E	R	K	N	Q	S	T	A	V	L	I	F	Y	W	H	M	C	P
0	0.07958	0.04225	0.05713	0.01330	0.04215	0.05110	0.04562	0.11640	0.09481	0.17956	0.04659	0.11775	0.01876	0.00928	0.00632	0.00202	0.00602	0.03989	0.02293	0.00853
1	0.06790	0.01079	0.01419	0.01400	0.11185	0.01040	0.00974	0.07001	0.05439	0.34037	0.12749	0.02606	0.05246	0.00862	0.00630	0.00194	0.00512	0.02297	0.03639	0.00902
2	0.00783	0.00635	0.00698	0.00705	0.00893	0.00550	0.00536	0.00973	0.01474	0.01839	0.18073	0.08408	0.54138	0.01547	0.00747	0.00215	0.00332	0.06316	0.00597	0.00540
3	0.01241	0.02589	0.51486	0.01832	0.02591	0.01368	0.15846	0.01858	0.01341	0.01952	0.03602	0.05520	0.01188	0.00843	0.03800	0.00237	0.00929	0.00613	0.00306	0.00857
4	0.06650	0.01887	0.10791	0.07897	0.28855	0.15125	0.04246	0.05026	0.04051	0.04831	0.01237	0.01501	0.00975	0.00759	0.03356	0.00216	0.00850	0.00521	0.00352	0.00874
5	0.01011	0.00849	0.01205	0.01145	0.01206	0.01058	0.00893	0.01178	0.01007	0.01464	0.01679	0.12362	0.01737	0.08486	0.39014	0.00661	0.23322	0.00797	0.00352	0.00573
6	0.00781	0.00567	0.00726	0.00822	0.00889	0.00524	0.00558	0.00914	0.01277	0.01701	0.13116	0.56689	0.11324	0.05894	0.00908	0.00260	0.00361	0.01592	0.00582	0.00512
7	0.03022	0.01363	0.03563	0.10476	0.19970	0.03497	0.06303	0.09891	0.12348	0.05668	0.02243	0.04039	0.10574	0.00844	0.00651	0.00202	0.00662	0.03365	0.00462	0.00855
8	0.01825	0.07207	0.01990	0.13160	0.11490	0.07068	0.02767	0.26499	0.12799	0.02621	0.01452	0.01606	0.01107	0.00702	0.00649	0.00190	0.03242	0.00556	0.02157	0.00913
9	0.04839	0.05195	0.01988	0.03591	0.14291	0.14870	0.03837	0.27601	0.02037	0.09610	0.01350	0.01459	0.01006	0.00657	0.00589	0.00177	0.00756	0.00516	0.00473	0.05157
10	0.01494	0.01407	0.02057	0.09604	0.20218	0.01751	0.01519	0.08914	0.01304	0.01895	0.01006	0.01452	0.00887	0.00874	0.01397	0.00235	0.42321	0.00550	0.00318	0.00799

[dist]
# distance from previous block
# <min> <max>
0	1

[block]
# block no. 6 follows, 36 sequences, length 15
# corresponding to MSA columns:
# 486-488,498-509
name=unknown_G
#
# <colnr> <probs for GDERKNQSTAVLIFYWHMCP>
#	G	D	E	R	K	N	Q	S	T	A	V	L	I	F	Y	W	H	M	C	P
0	0.01469	0.01405	0.02396	0.18460	0.60155	0.01461	0.01876	0.01848	0.01384	0.01946	0.01159	0.01566	0.00955	0.00569	0.00618	0.00190	0.00758	0.00555	0.00302	0.00928
1	0.01167	0.00930	0.01289	0.05895	0.09318	0.00983	0.01141	0.01728	0.13928	0.01996	0.02809	0.05305	0.02852	0.01379	0.00781	0.00258	0.00593	0.46413	0.00538	0.00697
2	0.00859	0.00698	0.00839	0.00867	0.00998	0.00695	0.00646	0.01092	0.04807	0.01741	0.08578	0.30784	0.31445	0.01626	0.00864	0.00234	0.06465	0.05637	0.00563	0.00560
3	0.00798	0.00568	0.00759	0.00898	0.00947	0.00538	0.00628	0.00926	0.01215	0.01613	0.03360	0.65398	0.03979	0.04807	0.00894	0.00271	0.00399	0.10922	0.00570	0.00510
4	0.00770	0.00561	0.00727	0.00849	0.00912	0.00519	0.00582	0.00896	0.01246	0.01641	0.06084	0.64820	0.11857	0.01880	0.00789	0.00248	0.00362	0.04164	0.00582	0.00513
5	0.00852	0.00630	0.00795	0.00766	0.00915	0.00573	0.00570	0.01113	0.01675	0.02317	0.59124	0.09392	0.16240	0.01363	0.00739	0.00202	0.00301	0.01196	0.00663	0.00573
6	0.00759	0.00542	0.00723	0.00868	0.00904	0.00506	0.00578	0.00868	0.01193	0.01591	0.03434	0.77697	0.04121	0.01952	0.00795	0.00253	0.00361	0.01771	0.00578	0.00506
7	0.01666	0.78478	0.03265	0.01066	0.01599	0.02465	0.01066	0.01866	0.01266	0.01466	0.00866	0.00999	0.00800	0.00533	0.00400	0.00133	0.00666	0.00333	0.00267	0.00800
8	0.01250	0.03223	0.74875	0.01776	0.02697	0.01447	0.02302	0.01973	0.01315	0.01973	0.01118	0.01315	0.00789	0.00592	0.00592	0.00197	0.00921	0.00460	0.00263	0.00921
9	0.00867	0.00729	0.00977	0.00928	0.01143	0.00656	0.06303	0.01091	0.01445	0.01814	0.11016	0.09525	0.43223	0.01518	0.00766	0.00228	0.00431	0.16208	0.00566	0.00566
10	0.01666	0.78478	0.03265	0.01066	0.01599	0.02465	0.01066	0.01866	0.01266	0.01466	0.00866	0.00999	0.00800	0.00533	0.00400	0.00133	0.00666	0.00333	0.00267	0.00800
11	0.01453	0.01804	0.09352	0.02558	0.03212	0.01565	0.66401	0.01994	0.01458	0.01994	0.01249	0.01652	0.00933	0.00531	0.00724	0.00209	0.01040	0.00713	0.00311	0.00847
12	0.00759	0.00542	0.00723	0.00868	0.00904	0.00506	0.00578	0.00868	0.01193	0.01591	0.03434	0.77697	0.04121	0.01952	0.00795	0.00253	0.00361	0.01771	0.00578	0.00506
13	0.01390	0.12969	0.27835	0.01226	0.01737	0.03061	0.01310	0.05307	0.01450	0.06453	0.07381	0.09686	0.01745	0.00822	0.00572	0.00183	0.00634	0.00666	0.14789	0.00784
14	0.02081	0.01602	0.01689	0.01360	0.01792	0.03949	0.01108	0.51093	0.14584	0.03455	0.05996	0.02058	0.01591	0.00836	0.00640	0.00195	0.00638	0.03727	0.00617	0.00988

[dist]
# distance from previous block
# <min> <max>
0	7

[block]
# block no. 7 follows, 36 sequences, length 41
# corresponding to MSA columns:
# 517-557
name=unknown_H
#
# <colnr> <probs for GDERKNQSTAVLIFYWHMCP>
#	G	D	E	R	K	N	Q	S	T	A	V	L	I	F	Y	W	H	M	C	P
0	0.01723	0.01439	0.02195	0.13373	0.43351	0.01510	0.01648	0.14361	0.04877	0.07379	0.01370	0.01626	0.01057	0.00627	0.00620	0.00190	0.00718	0.00568	0.00406	0.00963
1	0.10254	0.01744	0.02022	0.10546	0.26542	0.16401	0.04212	0.11786	0.04959	0.02239	0.01195	0.01447	0.00947	0.00634	0.00621	0.00188	0.02507	0.00516	0.00374	0.00866
2	0.01458	0.01656	0.03598	0.05834	0.03301	0.01567	0.68909	0.01978	0.01461	0.01978	0.01254	0.01680	0.00940	0.00529	0.00730	0.00210	0.01041	0.00727	0.00313	0.00834
3	0.02139	0.08351	0.05238	0.01514	0.02029	0.05116	0.08608	0.42862	0.07276	0.08377	0.01519	0.01551	0.01096	0.00703	0.00613	0.00186	0.00727	0.00563	0.00543	0.00988
4	0.00870	0.00652	0.00809	0.00773	0.00933	0.00601	0.00578	0.01174	0.03636	0.02327	0.57599	0.07204	0.17849	0.01338	0.00734	0.00201	0.00305	0.01170	0.00662	0.00585
5	0.00759	0.00542	0.00723	0.00868	0.00904	0.00506	0.00578	0.00868	0.01193	0.01591	0.03434	0.77697	0.04121	0.01952	0.00795	0.00253	0.00361	0.01771	0.00578	0.00506
6	0.00890	0.00668	0.01001	0.01001	0.01113	0.00779	0.00779	0.01113	0.01001	0.01446	0.01669	0.02448	0.01558	0.04673	0.75634	0.01001	0.01669	0.00668	0.00334	0.00556
7	0.01804	0.01522	0.01625	0.06872	0.01928	0.04990	0.01129	0.24528	0.39525	0.02846	0.01960	0.01921	0.01463	0.00801	0.00690	0.00204	0.04029	0.00628	0.00574	0.00962
8	0.00754	0.00622	0.00662	0.00672	0.00858	0.00530	0.00497	0.00921	0.01433	0.01760	0.13162	0.13370	0.59437	0.01585	0.00742	0.00213	0.00318	0.01343	0.00590	0.00530
9	0.00916	0.00616	0.00714	0.00729	0.00744	0.00616	0.00443	0.00946	0.00961	0.01277	0.02103	0.04387	0.02404	0.70097	0.02929	0.00571	0.00601	0.08151	0.00398	0.00398
10	0.08209	0.03050	0.68541	0.01694	0.02569	0.01443	0.02163	0.01961	0.01294	0.02044	0.01097	0.01289	0.00779	0.00591	0.00574	0.00197	0.00883	0.00450	0.00274	0.00900
11	0.01082	0.00541	0.00812	0.00812	0.00812	0.00541	0.00541	0.00812	0.00812	0.01082	0.01082	0.01894	0.01082	0.02165	0.02435	0.81872	0.00541	0.00541	0.00271	0.00271
12	0.01249	0.01058	0.01244	0.00908	0.01419	0.00805	0.00723	0.01528	0.01341	0.02079	0.08736	0.01644	0.01442	0.00547	0.00490	0.00103	0.00444	0.00449	0.00402	0.73388
13	0.02195	0.01450	0.01663	0.01325	0.01732	0.01583	0.01087	0.42614	0.05418	0.17524	0.01819	0.05221	0.01384	0.00863	0.00755	0.00201	0.07152	0.02319	0.02722	0.00975
14	0.01049	0.00905	0.01143	0.05620	0.12660	0.05171	0.00886	0.01250	0.01371	0.03221	0.08239	0.33429	0.18020	0.01425	0.00725	0.00221	0.00487	0.03036	0.00515	0.00628
15	0.01259	0.01132	0.03291	0.07856	0.08332	0.00978	0.03778	0.01588	0.02919	0.03792	0.01809	0.03262	0.08712	0.00978	0.06276	0.00210	0.01909	0.00581	0.00388	0.40949
16	0.19736	0.08683	0.06931	0.01363	0.04535	0.29303	0.01100	0.02140	0.05501	0.01990	0.01064	0.01212	0.00860	0.00596	0.00502	0.00162	0.00778	0.00404	0.00351	0.12789
17	0.02344	0.01746	0.01783	0.01409	0.01858	0.09497	0.01149	0.49348	0.05576	0.13208	0.01587	0.01572	0.01125	0.00759	0.00679	0.00190	0.04009	0.00559	0.00597	0.01005
18	0.13486	0.01474	0.02149	0.23705	0.27708	0.07545	0.09331	0.01854	0.01338	0.01961	0.01091	0.01473	0.00872	0.00597	0.00633	0.00196	0.02935	0.00529	0.00312	0.00810
19	0.00808	0.00606	0.00739	0.00811	0.00911	0.00562	0.00569	0.00989	0.03082	0.01718	0.11377	0.42194	0.20942	0.07333	0.00948	0.00263	0.00374	0.04671	0.00576	0.00525
20	0.00962	0.00732	0.00858	0.00829	0.01010	0.00697	0.00622	0.07168	0.03496	0.02190	0.30365	0.18545	0.25775	0.01448	0.00737	0.00213	0.00358	0.02769	0.00624	0.00604
21	0.00785	0.00561	0.00752	0.00897	0.00944	0.00528	0.00623	0.00912	0.01218	0.01619	0.03420	0.70289	0.04065	0.01928	0.00802	0.00257	0.00384	0.08925	0.00578	0.00513
22	0.00785	0.00630	0.00701	0.00689	0.00873	0.00546	0.00515	0.00986	0.01526	0.01950	0.28576	0.07883	0.49167	0.01489	0.00738	0.00207	0.00310	0.01268	0.00614	0.00546
23	0.82504	0.01205	0.00916	0.00819	0.01205	0.01398	0.00675	0.01832	0.01060	0.02795	0.00868	0.01012	0.00675	0.00578	0.00386	0.00193	0.00482	0.00337	0.00386	0.00675
24	0.00750	0.00627	0.00653	0.00656	0.00852	0.00530	0.00488	0.00917	0.01438	0.01748	0.11957	0.09442	0.64664	0.01570	0.00739	0.00211	0.00316	0.01322	0.00588	0.00530
25	0.02795	0.01060	0.01446	0.01109	0.01591	0.00916	0.00916	0.03036	0.01783	0.74648	0.02458	0.02121	0.01542	0.00771	0.00627	0.00193	0.00530	0.00627	0.00771	0.01060
26	0.02327	0.02970	0.01766	0.01605	0.01926	0.75602	0.01204	0.02488	0.01766	0.01525	0.00963	0.01124	0.00803	0.00642	0.00562	0.00161	0.01124	0.00401	0.00321	0.00722
27	0.02536	0.01151	0.01443	0.01120	0.01570	0.01090	0.00921	0.17102	0.01969	0.52502	0.02215	0.02013	0.01449	0.00762	0.00606	0.00187	0.00537	0.00608	0.09209	0.01010
28	0.00777	0.00555	0.00744	0.00888	0.00932	0.00522	0.00610	0.00899	0.01211	0.01611	0.03424	0.72518	0.04082	0.01935	0.00800	0.00256	0.00377	0.06773	0.00578	0.00511
29	0.01699	0.74729	0.03190	0.01093	0.01615	0.06097	0.01073	0.01897	0.01291	0.01469	0.00871	0.01006	0.00800	0.00538	0.00408	0.00135	0.00689	0.00337	0.00269	0.00796
30	0.00770	0.00547	0.00720	0.00854	0.00887	0.00513	0.00564	0.00870	0.01172	0.01562	0.03326	0.72302	0.03985	0.07533	0.00969	0.00279	0.00379	0.01708	0.00564	0.00497
31	0.01464	0.01264	0.01327	0.01201	0.01539	0.01442	0.00932	0.03057	0.65579	0.02510	0.02932	0.02709	0.09455	0.00922	0.00645	0.00211	0.00474	0.00768	0.00628	0.00938
32	0.01678	0.64783	0.08051	0.01145	0.01692	0.02308	0.01155	0.07873	0.01405	0.01711	0.00957	0.01099	0.00840	0.00657	0.02278	0.00164	0.00710	0.00370	0.00298	0.00824
33	0.01195	0.01119	0.01846	0.72865	0.04159	0.01392	0.01693	0.01677	0.04813	0.01642	0.01178	0.01694	0.00884	0.00634	0.00623	0.00208	0.00814	0.00561	0.00295	0.00707
34	0.01397	0.00876	0.01093	0.01036	0.03246	0.00866	0.00771	0.01768	0.09838	0.18860	0.09464	0.17220	0.22830	0.01283	0.00802	0.00217	0.06022	0.01073	0.00609	0.00730
35	0.00759	0.00542	0.00723	0.00868	0.00904	0.00506	0.00578	0.00868	0.01193	0.01591	0.03434	0.77697	0.04121	0.01952	0.00795	0.00253	0.00361	0.01771	0.00578	0.00506
36	0.01334	0.01069	0.01253	0.00963	0.01434	0.00880	0.00771	0.04786	0.04604	0.03911	0.04707	0.03898	0.01484	0.00663	0.00526	0.00127	0.00467	0.04986	0.02717	0.59420
37	0.01177	0.01107	0.01869	0.76606	0.04291	0.01384	0.01730	0.01592	0.01246	0.01592	0.01107	0.01661	0.00831	0.00623	0.00623	0.00208	0.00831	0.00554	0.00277	0.00692
38	0.00757	0.00549	0.00716	0.00850	0.00899	0.00508	0.00571	0.00870	0.01210	0.01597	0.03645	0.72442	0.09239	0.01925	0.00791	0.00250	0.00358	0.01738	0.00578	0.00508
39	0.01693	0.01652	0.02638	0.02130	0.07517	0.11482	0.35215	0.02059	0.01458	0.09507	0.01336	0.01646	0.01022	0.00660	0.00847	0.00203	0.11177	0.00629	0.06312	0.00817
40	0.06901	0.01297	0.01496	0.01172	0.01639	0.06546	0.00959	0.11891	0.01893	0.56339	0.02140	0.01908	0.01380	0.00749	0.00609	0.00190	0.00591	0.00586	0.00699	0.01015

[dist]
# distance from previous block
# <min> <max>
1	3

[block]
# block no. 8 follows, 36 sequences, length 27
# corresponding to MSA columns:
# 561-587
name=unknown_I
#
# <colnr> <probs for GDERKNQSTAVLIFYWHMCP>
#	G	D	E	R	K	N	Q	S	T	A	V	L	I	F	Y	W	H	M	C	P
0	0.00840	0.00625	0.00814	0.00895	0.00945	0.00637	0.00624	0.00964	0.01198	0.01639	0.05920	0.57649	0.07390	0.05359	0.00991	0.00262	0.06857	0.01522	0.04348	0.00523
1	0.01609	0.01396	0.02359	0.08588	0.50491	0.01371	0.07054	0.01974	0.01434	0.08985	0.01292	0.01596	0.01020	0.00571	0.00614	0.00182	0.00727	0.00560	0.00356	0.07819
2	0.01292	0.01107	0.01292	0.00923	0.01477	0.00831	0.00738	0.01569	0.01292	0.02030	0.01107	0.01292	0.00923	0.00461	0.00461	0.00092	0.00461	0.00369	0.00369	0.81912
3	0.01357	0.01446	0.07187	0.07069	0.20915	0.01404	0.14293	0.01977	0.14007	0.02024	0.05178	0.06065	0.05054	0.00818	0.00802	0.00211	0.08214	0.00735	0.00404	0.00840
4	0.00799	0.00592	0.00793	0.00904	0.00945	0.00587	0.00621	0.00919	0.01212	0.01637	0.07267	0.69436	0.04041	0.01867	0.00860	0.00251	0.04512	0.01668	0.00568	0.00520
5	0.00876	0.00652	0.00828	0.00910	0.01048	0.00614	0.00727	0.01087	0.01401	0.01805	0.10834	0.18516	0.22516	0.04597	0.00893	0.00264	0.00443	0.30867	0.00579	0.00543
6	0.01433	0.01500	0.02223	0.01797	0.01966	0.05716	0.15354	0.01654	0.01116	0.01624	0.00927	0.01410	0.00847	0.00925	0.01631	0.00246	0.54237	0.00567	0.00288	0.04538
7	0.00905	0.00607	0.00695	0.00695	0.00700	0.00612	0.00396	0.00916	0.00911	0.01219	0.01949	0.04001	0.02232	0.74657	0.06572	0.00623	0.00654	0.00895	0.00375	0.00386
8	0.01852	0.01114	0.01416	0.01167	0.03346	0.01003	0.02442	0.07308	0.08019	0.26697	0.02025	0.08829	0.01630	0.00811	0.00601	0.00171	0.00519	0.03496	0.00572	0.26982
9	0.01490	0.01172	0.01361	0.00987	0.01531	0.00951	0.00795	0.09050	0.01491	0.06326	0.01224	0.01360	0.00972	0.00509	0.00488	0.00108	0.00489	0.00404	0.00418	0.68874
10	0.00890	0.00668	0.01001	0.01001	0.01113	0.00779	0.00779	0.01113	0.01001	0.01446	0.01669	0.02448	0.01558	0.04673	0.75634	0.01001	0.01669	0.00668	0.00334	0.00556
11	0.01819	0.04757	0.01637	0.01313	0.01720	0.01712	0.01053	0.25447	0.47402	0.02984	0.02129	0.02001	0.01583	0.00801	0.00621	0.00200	0.00563	0.00642	0.00615	0.01002
12	0.01552	0.01401	0.02371	0.14789	0.59710	0.01436	0.01832	0.01923	0.01412	0.05802	0.01230	0.01591	0.00992	0.00577	0.00618	0.00189	0.00743	0.00559	0.00328	0.00946
13	0.02902	0.05603	0.16560	0.05345	0.02886	0.01503	0.43901	0.01985	0.01421	0.06051	0.01324	0.03617	0.01018	0.00594	0.00671	0.00201	0.00928	0.00664	0.00337	0.02488
14	0.01414	0.04575	0.23875	0.02335	0.03044	0.01568	0.49913	0.01985	0.01420	0.01972	0.01207	0.01555	0.00896	0.00544	0.00684	0.00204	0.01001	0.00644	0.00299	0.00862
15	0.00739	0.00620	0.00643	0.00661	0.00850	0.00523	0.00487	0.00891	0.01391	0.01671	0.05943	0.15183	0.65015	0.01626	0.00744	0.00216	0.00321	0.01373	0.00579	0.00523
16	0.01183	0.00899	0.01113	0.01058	0.03339	0.00943	0.00796	0.07391	0.08801	0.04467	0.33834	0.05380	0.12246	0.02541	0.00865	0.00217	0.06890	0.05121	0.02229	0.00687
17	0.05277	0.25039	0.15461	0.01560	0.05517	0.13002	0.06289	0.08641	0.01558	0.08526	0.01170	0.01306	0.00904	0.00618	0.00575	0.00173	0.02702	0.00458	0.00364	0.00861
18	0.00736	0.00631	0.00631	0.00631	0.00842	0.00526	0.00473	0.00894	0.01420	0.01683	0.06312	0.05996	0.73964	0.01578	0.00736	0.00210	0.00316	0.01315	0.00579	0.00526
19	0.00788	0.00589	0.00685	0.00743	0.00833	0.00537	0.00498	0.00894	0.01220	0.01561	0.06065	0.34801	0.27253	0.19078	0.01313	0.00317	0.00399	0.01403	0.00536	0.00486
20	0.01536	0.01394	0.01791	0.03768	0.29551	0.06671	0.01314	0.09800	0.16361	0.02216	0.01871	0.12392	0.01718	0.04170	0.00757	0.00219	0.00650	0.02495	0.00457	0.00867
21	0.01919	0.02073	0.18148	0.01699	0.06032	0.10146	0.05188	0.23870	0.06937	0.09153	0.01424	0.01529	0.01043	0.00717	0.00736	0.00197	0.07247	0.00544	0.00459	0.00937
22	0.01329	0.01312	0.01859	0.66752	0.03981	0.08709	0.01661	0.03998	0.01352	0.01662	0.01106	0.01603	0.00835	0.00629	0.00617	0.00202	0.00855	0.00539	0.00293	0.00707
23	0.00773	0.00552	0.00739	0.00884	0.00926	0.00518	0.00603	0.00892	0.01207	0.01606	0.03426	0.73637	0.04090	0.01939	0.00799	0.00255	0.00374	0.05692	0.00578	0.00510
24	0.01564	0.03417	0.16518	0.05105	0.15916	0.07080	0.09437	0.08277	0.09539	0.04282	0.05592	0.03980	0.01409	0.00731	0.00699	0.00198	0.04344	0.00628	0.00405	0.00879
25	0.01392	0.02596	0.45280	0.02007	0.05276	0.04879	0.19172	0.04469	0.01441	0.02025	0.01268	0.01689	0.00981	0.00637	0.00641	0.00202	0.00930	0.03924	0.00308	0.00882
26	0.02533	0.01340	0.01506	0.01196	0.01642	0.08430	0.00970	0.12641	0.05707	0.50290	0.05541	0.02065	0.01625	0.00783	0.00625	0.00190	0.00597	0.00623	0.00695	0.01001

[dist]
# distance from previous block
# <min> <max>
0	4

[block]
# block no. 9 follows, 36 sequences, length 38
# corresponding to MSA columns:
# 592-629
name=unknown_J
#
# <colnr> <probs for GDERKNQSTAVLIFYWHMCP>
#	G	D	E	R	K	N	Q	S	T	A	V	L	I	F	Y	W	H	M	C	P
0	0.04075	0.29744	0.23739	0.01524	0.05785	0.11258	0.01490	0.06852	0.01472	0.04839	0.01075	0.01228	0.00852	0.00608	0.00562	0.00170	0.03121	0.00425	0.00323	0.00856
1	0.00865	0.00652	0.00844	0.03884	0.01096	0.00614	0.00669	0.01109	0.01547	0.02085	0.37891	0.16076	0.17897	0.01468	0.00757	0.00220	0.00369	0.10774	0.00617	0.00566
2	0.00884	0.00595	0.00686	0.00708	0.00714	0.00589	0.00408	0.00900	0.00950	0.01267	0.02189	0.15356	0.02549	0.66437	0.02807	0.00550	0.00567	0.01039	0.00408	0.00397
3	0.01955	0.01579	0.01553	0.01313	0.03891	0.13695	0.01007	0.15925	0.15391	0.13880	0.01757	0.01739	0.02790	0.00696	0.00579	0.00166	0.00638	0.00542	0.00527	0.20378
4	0.20182	0.07269	0.04618	0.01343	0.07600	0.03575	0.04652	0.06194	0.03251	0.06690	0.01186	0.01331	0.00925	0.00562	0.00499	0.00153	0.00593	0.00434	0.00398	0.28544
5	0.17877	0.01067	0.01156	0.00971	0.01336	0.02564	0.00777	0.04656	0.07483	0.16342	0.17948	0.02595	0.04227	0.00854	0.00585	0.00181	0.00467	0.03479	0.00565	0.14871
6	0.02679	0.01086	0.01442	0.01123	0.01593	0.00975	0.00922	0.03062	0.08452	0.67911	0.02465	0.02140	0.01576	0.00778	0.00627	0.00195	0.00527	0.00634	0.00758	0.01053
7	0.00785	0.00577	0.00739	0.00838	0.00920	0.00531	0.00588	0.00933	0.01310	0.01731	0.12466	0.54066	0.14736	0.01800	0.00783	0.00242	0.00358	0.05484	0.00591	0.00523
8	0.04708	0.01848	0.13724	0.02301	0.02901	0.01577	0.50621	0.01985	0.03643	0.02001	0.01226	0.01593	0.00931	0.00596	0.00809	0.00213	0.07507	0.00662	0.00317	0.00836
9	0.00818	0.00588	0.00787	0.00926	0.00995	0.00558	0.00677	0.00971	0.01261	0.01661	0.03522	0.57543	0.06926	0.01880	0.00809	0.00259	0.00411	0.18306	0.00577	0.00523
10	0.00758	0.00546	0.00719	0.00858	0.00901	0.00507	0.00574	0.00869	0.01202	0.01594	0.03551	0.74791	0.06951	0.01937	0.00793	0.00251	0.00360	0.01753	0.00578	0.00507
11	0.02754	0.01127	0.01487	0.01140	0.01624	0.01015	0.00942	0.09805	0.01896	0.67721	0.02364	0.02059	0.01495	0.00769	0.00626	0.00192	0.00545	0.00620	0.00757	0.01060
12	0.31365	0.01366	0.01368	0.01104	0.01547	0.05184	0.00905	0.18245	0.01782	0.28963	0.01590	0.01528	0.01082	0.00690	0.00536	0.00190	0.00579	0.00496	0.00576	0.00904
13	0.01542	0.01480	0.02529	0.03824	0.74217	0.01480	0.01912	0.01912	0.01419	0.02036	0.01172	0.01542	0.00987	0.00555	0.00617	0.00185	0.00740	0.00555	0.00308	0.00987
14	0.00867	0.00628	0.00809	0.00780	0.00914	0.00579	0.00574	0.01128	0.01668	0.02338	0.62468	0.10539	0.08356	0.04570	0.00842	0.00218	0.00313	0.01177	0.00660	0.00570
15	0.02688	0.01232	0.01552	0.01190	0.01676	0.01171	0.00983	0.20390	0.02071	0.56888	0.02216	0.01964	0.01421	0.00765	0.00626	0.00191	0.00569	0.00610	0.00734	0.01060
16	0.05399	0.01273	0.01543	0.01199	0.01674	0.01254	0.00986	0.22285	0.06362	0.48072	0.02139	0.01920	0.01399	0.00762	0.00618	0.00192	0.00570	0.00603	0.00708	0.01042
17	0.04403	0.00794	0.00894	0.00838	0.01052	0.00791	0.00638	0.01540	0.15368	0.02318	0.39388	0.04404	0.22730	0.01242	0.00701	0.00203	0.00346	0.01062	0.00635	0.00652
18	0.02283	0.01734	0.01784	0.01390	0.01853	0.05658	0.01136	0.63984	0.02756	0.03673	0.01501	0.01571	0.01097	0.02561	0.00672	0.00194	0.00690	0.00562	0.03895	0.01007
19	0.82504	0.01205	0.00916	0.00819	0.01205	0.01398	0.00675	0.01832	0.01060	0.02795	0.00868	0.01012	0.00675	0.00578	0.00386	0.00193	0.00482	0.00337	0.00386	0.00675
20	0.01666	0.78478	0.03265	0.01066	0.01599	0.02465	0.01066	0.01866	0.01266	0.01466	0.00866	0.00999	0.00800	0.00533	0.00400	0.00133	0.00666	0.00333	0.00267	0.00800
21	0.01119	0.00701	0.00838	0.00766	0.00995	0.00612	0.00588	0.01342	0.01610	0.13559	0.31767	0.04864	0.36226	0.01333	0.00718	0.00202	0.00341	0.01133	0.00650	0.00635
22	0.01177	0.01107	0.01869	0.76606	0.04291	0.01384	0.01730	0.01592	0.01246	0.01592	0.01107	0.01661	0.00831	0.00623	0.00623	0.00208	0.00831	0.00554	0.00277	0.00692
23	0.01235	0.01167	0.01974	0.65015	0.15428	0.01400	0.01759	0.01643	0.01273	0.01663	0.01118	0.01642	0.00855	0.00612	0.00622	0.00204	0.00816	0.00554	0.00282	0.00739
24	0.02795	0.01060	0.01446	0.01109	0.01591	0.00916	0.00916	0.03036	0.01783	0.74648	0.02458	0.02121	0.01542	0.00771	0.00627	0.00193	0.00530	0.00627	0.00771	0.01060
25	0.00759	0.00542	0.00723	0.00868	0.00904	0.00506	0.00578	0.00868	0.01193	0.01591	0.03434	0.77697	0.04121	0.01952	0.00795	0.00253	0.00361	0.01771	0.00578	0.00506
26	0.01601	0.65855	0.02895	0.01055	0.01517	0.05671	0.01001	0.01781	0.01260	0.01456	0.01066	0.04714	0.01055	0.06119	0.00622	0.00173	0.00669	0.00443	0.00291	0.00753
27	0.00836	0.00677	0.00724	0.00718	0.00914	0.00601	0.00534	0.04600	0.01494	0.01853	0.11151	0.15671	0.54903	0.01563	0.00739	0.00214	0.00339	0.01324	0.00590	0.00556
28	0.41839	0.01280	0.01241	0.01032	0.01448	0.01406	0.00844	0.15560	0.09163	0.16504	0.01490	0.01482	0.01062	0.00678	0.00503	0.00193	0.00526	0.00479	0.02418	0.00851
29	0.01229	0.01152	0.01895	0.66114	0.09862	0.01402	0.01701	0.01721	0.05577	0.01689	0.01199	0.01691	0.00908	0.00631	0.00623	0.00206	0.00803	0.00563	0.00301	0.00734
30	0.01204	0.01139	0.01915	0.70444	0.04131	0.01399	0.04292	0.01685	0.04523	0.01653	0.01178	0.01692	0.00884	0.00629	0.00628	0.00208	0.00823	0.00567	0.00295	0.00711
31	0.05463	0.00704	0.00881	0.00823	0.01011	0.00655	0.00621	0.01367	0.01641	0.10459	0.49666	0.12773	0.08998	0.01277	0.00711	0.00203	0.00340	0.01115	0.00660	0.00632
32	0.00854	0.00639	0.00749	0.00727	0.00904	0.00563	0.00543	0.01074	0.01574	0.03783	0.37325	0.09591	0.36539	0.01441	0.00737	0.00206	0.00313	0.01239	0.00633	0.00566
33	0.01276	0.03036	0.66268	0.01879	0.02764	0.01463	0.10722	0.01976	0.01334	0.01976	0.01135	0.01360	0.00808	0.00584	0.00609	0.00199	0.00936	0.00494	0.00269	0.00911
