[name]
unknown

[dist]
# distance from previous block
# <min> <max>
17	111

[block]
# block no. 0 follows, 32 sequences, length 34
# corresponding to MSA columns:
# 135-168
name=unknown_A
#
# <colnr> <probs for GDERKNQSTAVLIFYWHMCP>
#	G	D	E	R	K	N	Q	S	T	A	V	L	I	F	Y	W	H	M	C	P
0	0.05623	0.13032	0.08055	0.01586	0.07650	0.14039	0.04352	0.09582	0.01689	0.02159	0.03988	0.13240	0.08232	0.01105	0.02586	0.00227	0.00778	0.00816	0.00449	0.00814
1	0.06835	0.15509	0.13395	0.03230	0.04261	0.07787	0.01359	0.11134	0.06204	0.15317	0.01592	0.03340	0.01207	0.00747	0.00639	0.00195	0.02590	0.00559	0.00488	0.03614
2	0.01269	0.01284	0.10314	0.01131	0.01511	0.01004	0.02774	0.09109	0.05741	0.04601	0.07074	0.09580	0.28497	0.03175	0.00814	0.00234	0.00546	0.05977	0.00576	0.04790
3	0.01539	0.01195	0.02964	0.01128	0.01415	0.04401	0.00876	0.09086	0.18232	0.08023	0.10662	0.14904	0.06103	0.06229	0.00961	0.03214	0.00538	0.00979	0.04612	0.02940
4	0.17405	0.05079	0.06302	0.01690	0.11025	0.10804	0.06237	0.04129	0.03350	0.05819	0.02062	0.15508	0.05934	0.00985	0.00649	0.00214	0.00706	0.00826	0.00463	0.00814
5	0.23012	0.05659	0.08726	0.01620	0.10003	0.09271	0.01252	0.14927	0.03575	0.04391	0.01431	0.06542	0.01205	0.00769	0.00584	0.00198	0.00715	0.00583	0.00458	0.05080
6	0.03987	0.38611	0.04415	0.01531	0.07849	0.15056	0.01233	0.05595	0.03412	0.03792	0.01301	0.06151	0.01179	0.00726	0.00542	0.00171	0.00780	0.00530	0.00374	0.02766
7	0.01527	0.03635	0.16885	0.01562	0.07466	0.03682	0.03059	0.05819	0.01534	0.03976	0.03358	0.01765	0.03023	0.02660	0.00735	0.00177	0.04114	0.00536	0.00400	0.34086
8	0.01677	0.18043	0.35119	0.01851	0.08284	0.08304	0.03525	0.02256	0.04705	0.06122	0.03251	0.01558	0.01130	0.00668	0.00607	0.00194	0.00878	0.00520	0.00358	0.00951
9	0.01302	0.01187	0.01253	0.09661	0.04015	0.12512	0.00965	0.03777	0.01509	0.03721	0.06544	0.34406	0.06996	0.01769	0.06931	0.00306	0.00721	0.01233	0.00523	0.00669
10	0.01480	0.10973	0.36888	0.02067	0.14594	0.04936	0.01914	0.02071	0.04861	0.02020	0.01508	0.04220	0.03081	0.03177	0.00773	0.00221	0.03347	0.00600	0.00340	0.00929
11	0.01777	0.01622	0.02526	0.09497	0.48288	0.05994	0.04978	0.02144	0.01537	0.08035	0.01338	0.01690	0.01072	0.00667	0.00773	0.00208	0.05887	0.00602	0.00370	0.00996
12	0.01399	0.01328	0.02103	0.23848	0.32056	0.03804	0.04148	0.01742	0.01421	0.01901	0.01755	0.10322	0.03833	0.06410	0.00897	0.00249	0.00781	0.00800	0.00370	0.00832
13	0.00934	0.00691	0.00965	0.08962	0.01385	0.00715	0.00778	0.01089	0.01246	0.01666	0.04889	0.39575	0.04986	0.11594	0.10733	0.03384	0.00676	0.04662	0.00517	0.00554
14	0.01622	0.08028	0.06286	0.09005	0.53173	0.01681	0.06501	0.02038	0.01498	0.02098	0.01233	0.01619	0.01020	0.00601	0.00652	0.00199	0.00830	0.00585	0.00324	0.01008
15	0.00956	0.00760	0.00979	0.01080	0.07000	0.00693	0.00725	0.01222	0.01709	0.02292	0.39057	0.07704	0.28302	0.01459	0.00788	0.00221	0.00377	0.03378	0.00657	0.00643
16	0.00834	0.00609	0.00801	0.00918	0.00987	0.00576	0.00631	0.00976	0.01320	0.01757	0.07194	0.59775	0.10615	0.02276	0.07008	0.00333	0.00500	0.01727	0.00606	0.00556
17	0.01290	0.01849	0.22287	0.01904	0.05759	0.01301	0.18987	0.01747	0.01422	0.01993	0.02115	0.11501	0.05130	0.05066	0.00979	0.00260	0.05197	0.08066	0.02343	0.00804
18	0.00827	0.00588	0.00776	0.00922	0.00959	0.00551	0.00610	0.00937	0.01267	0.01689	0.03605	0.71777	0.04321	0.06466	0.01007	0.00295	0.00405	0.01853	0.00610	0.00537
19	0.01346	0.03471	0.72942	0.01912	0.02904	0.01558	0.02479	0.02125	0.01417	0.02125	0.01204	0.01417	0.00850	0.00637	0.00637	0.00212	0.00992	0.00496	0.00283	0.00992
20	0.01241	0.00833	0.01069	0.02852	0.01277	0.00777	0.02676	0.01528	0.03379	0.11937	0.24463	0.04967	0.29811	0.03944	0.00901	0.00240	0.02253	0.04505	0.00655	0.00694
21	0.01562	0.33067	0.34825	0.01733	0.02510	0.02024	0.11579	0.02081	0.01419	0.01906	0.01116	0.01335	0.00879	0.00601	0.00575	0.00186	0.00900	0.00482	0.00293	0.00926
22	0.00892	0.00678	0.00837	0.00822	0.00988	0.00623	0.00612	0.01141	0.01667	0.02249	0.40656	0.11168	0.25557	0.01841	0.06964	0.00294	0.00455	0.01291	0.00662	0.00603
23	0.01382	0.00850	0.01126	0.01149	0.01338	0.00850	0.00910	0.01741	0.07367	0.14166	0.03281	0.30930	0.03428	0.01663	0.00884	0.00271	0.03276	0.24014	0.00650	0.00724
24	0.01381	0.01340	0.02111	0.55923	0.13659	0.03962	0.01836	0.01785	0.01358	0.01769	0.01169	0.01723	0.00916	0.00707	0.00807	0.00225	0.07645	0.00590	0.00304	0.00789
25	0.01536	0.06100	0.03563	0.02511	0.03091	0.01704	0.55386	0.02025	0.01491	0.02030	0.01338	0.01814	0.01055	0.00984	0.07031	0.00298	0.06097	0.00747	0.00335	0.00865
26	0.01671	0.15252	0.39450	0.05992	0.02586	0.12150	0.01914	0.06376	0.04778	0.02101	0.01230	0.01414	0.00929	0.00660	0.00605	0.00196	0.00935	0.00489	0.00336	0.00937
27	0.61850	0.01281	0.01089	0.00958	0.01357	0.01454	0.00772	0.04452	0.07158	0.07577	0.01293	0.01501	0.01015	0.05118	0.00640	0.00235	0.00539	0.00462	0.00474	0.00778
28	0.01390	0.01597	0.09795	0.22059	0.07374	0.12419	0.01389	0.01749	0.01509	0.01945	0.09412	0.06663	0.05180	0.03480	0.02841	0.00250	0.00797	0.03021	0.06389	0.00741
29	0.04106	0.01484	0.02260	0.29136	0.23691	0.06766	0.08766	0.01938	0.01471	0.03641	0.01380	0.04976	0.01148	0.00702	0.00665	0.00208	0.00842	0.00651	0.02363	0.03804
30	0.01131	0.00729	0.00937	0.00860	0.01060	0.00660	0.00654	0.01426	0.01861	0.09328	0.58102	0.04908	0.13061	0.01356	0.00780	0.00212	0.00344	0.01184	0.00735	0.00675
31	0.01391	0.01193	0.01391	0.00994	0.01590	0.00894	0.00795	0.01690	0.01391	0.02186	0.01193	0.01391	0.00994	0.00497	0.00497	0.00099	0.00497	0.00398	0.00398	0.80521
32	0.02055	0.10387	0.07122	0.01786	0.10278	0.04130	0.03247	0.26662	0.13071	0.08025	0.01793	0.05396	0.01411	0.00815	0.00653	0.00203	0.00725	0.00661	0.00551	0.01029
33	0.04092	0.09325	0.04041	0.01351	0.03858	0.15311	0.03331	0.03515	0.05074	0.03700	0.11772	0.13884	0.05611	0.03249	0.02682	0.00239	0.02824	0.00877	0.00489	0.04774

[dist]
# distance from previous block
# <min> <max>
0	2

[block]
# block no. 1 follows, 32 sequences, length 50
# corresponding to MSA columns:
# 171-200,203-222
name=unknown_B
#
# <colnr> <probs for GDERKNQSTAVLIFYWHMCP>
#	G	D	E	R	K	N	Q	S	T	A	V	L	I	F	Y	W	H	M	C	P
0	0.00846	0.00637	0.00766	0.00850	0.00958	0.00580	0.00597	0.00988	0.01372	0.01756	0.06606	0.39902	0.26236	0.08878	0.01078	0.00294	0.00411	0.06092	0.00606	0.00547
1	0.01850	0.04651	0.04423	0.08286	0.32472	0.08150	0.03557	0.13656	0.11668	0.02508	0.01492	0.01716	0.01170	0.00690	0.00657	0.00202	0.00806	0.00600	0.00434	0.01012
2	0.01665	0.15535	0.11615	0.01470	0.06131	0.04376	0.03409	0.04968	0.05662	0.07984	0.03455	0.06238	0.03359	0.00763	0.00598	0.00173	0.00675	0.00622	0.00447	0.20855
3	0.01592	0.10043	0.15775	0.10672	0.08388	0.01605	0.01533	0.05892	0.04172	0.07538	0.01711	0.02167	0.04245	0.04266	0.01013	0.00239	0.12566	0.02902	0.02813	0.00867
4	0.01665	0.08091	0.07847	0.06814	0.05189	0.12990	0.16556	0.01990	0.01381	0.01800	0.01073	0.01496	0.00912	0.00822	0.01226	0.00234	0.28197	0.00584	0.00312	0.00821
5	0.01162	0.00591	0.00883	0.00890	0.00896	0.00591	0.00604	0.00896	0.00903	0.01201	0.01267	0.02276	0.01281	0.02311	0.02550	0.77053	0.00584	0.03451	0.00305	0.00305
6	0.01447	0.04264	0.13885	0.01930	0.17725	0.02937	0.02930	0.06140	0.03438	0.05399	0.02359	0.19441	0.07002	0.04014	0.00887	0.03264	0.00682	0.00959	0.00468	0.00831
7	0.01386	0.02469	0.38017	0.05072	0.02699	0.01632	0.12804	0.01980	0.03012	0.01986	0.01240	0.01614	0.00970	0.01041	0.05949	0.00291	0.16053	0.00587	0.00310	0.00890
8	0.00823	0.00606	0.00772	0.00889	0.00965	0.00555	0.00606	0.00962	0.01366	0.01797	0.08998	0.60202	0.15024	0.01988	0.00842	0.00261	0.00376	0.01782	0.00631	0.00555
9	0.00860	0.00627	0.00800	0.00915	0.00982	0.00594	0.00618	0.01042	0.03591	0.01783	0.07347	0.61152	0.08794	0.06290	0.00991	0.00287	0.00402	0.01747	0.00618	0.00560
10	0.05955	0.04463	0.06921	0.05101	0.06602	0.13755	0.10011	0.13415	0.10161	0.07113	0.01750	0.04477	0.01435	0.00831	0.00675	0.00212	0.00829	0.04878	0.00491	0.00925
11	0.01198	0.00803	0.01042	0.01148	0.04013	0.00782	0.00804	0.01563	0.09219	0.09273	0.03577	0.45879	0.08222	0.01725	0.00813	0.00258	0.00459	0.07888	0.00639	0.00694
12	0.01676	0.08242	0.07838	0.03227	0.07382	0.01475	0.01230	0.11760	0.09355	0.04401	0.01503	0.01758	0.01208	0.00693	0.00651	0.00169	0.03612	0.02475	0.00456	0.30890
13	0.02253	0.01738	0.01880	0.01506	0.01972	0.01967	0.01227	0.48223	0.21631	0.03703	0.01880	0.01848	0.01376	0.00854	0.00754	0.00213	0.04578	0.00646	0.00655	0.01098
14	0.01320	0.01213	0.01995	0.36524	0.25240	0.01351	0.01668	0.01699	0.01410	0.01895	0.04655	0.02418	0.05075	0.03870	0.05053	0.00284	0.00847	0.02316	0.00360	0.00807
15	0.02351	0.02103	0.01985	0.07391	0.05054	0.19102	0.01345	0.41859	0.06764	0.03248	0.01495	0.01585	0.01108	0.00766	0.00656	0.00198	0.00853	0.00572	0.00552	0.01016
16	0.07198	0.01594	0.05704	0.06841	0.15960	0.01490	0.20868	0.06552	0.04470	0.20034	0.01688	0.01850	0.01202	0.00680	0.00687	0.00213	0.00818	0.00659	0.00495	0.00998
17	0.01267	0.01193	0.02013	0.74806	0.04621	0.01491	0.01863	0.01714	0.01342	0.01714	0.01193	0.01789	0.00894	0.00671	0.00671	0.00224	0.00894	0.00596	0.00298	0.00745
18	0.01304	0.01239	0.04601	0.29034	0.17040	0.01271	0.01514	0.05362	0.01506	0.01991	0.02359	0.05910	0.11014	0.03587	0.02727	0.00264	0.00764	0.07313	0.00418	0.00782
19	0.01690	0.01614	0.02557	0.13325	0.48570	0.03929	0.05150	0.07015	0.03526	0.02257	0.01306	0.01685	0.01059	0.00648	0.00711	0.00206	0.02784	0.00606	0.00362	0.01000
20	0.00971	0.00738	0.01126	0.01104	0.01231	0.00817	0.03558	0.01200	0.01136	0.01623	0.02087	0.13704	0.02092	0.06536	0.55608	0.00884	0.01481	0.00906	0.02601	0.00598
21	0.00873	0.00642	0.00872	0.00963	0.01046	0.00648	0.00691	0.01036	0.01245	0.01675	0.03336	0.43160	0.09289	0.04874	0.23169	0.00526	0.00830	0.04025	0.00537	0.00563
22	0.10061	0.08661	0.13669	0.06329	0.09149	0.04387	0.01383	0.04764	0.09860	0.14570	0.01853	0.09273	0.01524	0.00852	0.00634	0.00210	0.00701	0.00694	0.00497	0.00929
23	0.00987	0.00712	0.00936	0.00925	0.00978	0.00787	0.00639	0.01099	0.01023	0.01427	0.01927	0.03500	0.02042	0.41842	0.34646	0.00827	0.03971	0.00847	0.00381	0.00505
24	0.00867	0.00606	0.00805	0.00941	0.00985	0.00577	0.00631	0.00998	0.03055	0.01698	0.03473	0.68243	0.04118	0.02089	0.00991	0.06604	0.00408	0.01773	0.00598	0.00538
25	0.01064	0.00619	0.00798	0.00798	0.00798	0.00619	0.00489	0.00928	0.00928	0.01238	0.01672	0.03296	0.01846	0.41920	0.03046	0.37822	0.00619	0.00793	0.00353	0.00353
26	0.11485	0.01496	0.02061	0.08606	0.23081	0.06779	0.09559	0.04165	0.07861	0.02288	0.04685	0.08097	0.05275	0.00857	0.00674	0.00214	0.00739	0.00768	0.00439	0.00870
27	0.01357	0.01381	0.01148	0.03884	0.01422	0.19942	0.00838	0.01645	0.05182	0.01963	0.14348	0.18618	0.19627	0.01346	0.00732	0.00216	0.00605	0.01127	0.03956	0.00663
28	0.01474	0.06536	0.60275	0.01912	0.02833	0.01611	0.07396	0.03880	0.01489	0.04677	0.01265	0.01467	0.00899	0.00640	0.00642	0.00210	0.00968	0.00521	0.00317	0.00988
29	0.01509	0.01250	0.02009	0.02815	0.41158	0.01234	0.01585	0.01859	0.01569	0.06506	0.04417	0.03796	0.05304	0.01064	0.00754	0.00234	0.00694	0.20870	0.00474	0.00898
30	0.04707	0.01490	0.02320	0.03036	0.44133	0.01516	0.05223	0.08277	0.06566	0.04306	0.05089	0.02272	0.04031	0.00768	0.00684	0.00209	0.00728	0.03202	0.00445	0.00996
31	0.01615	0.01437	0.02335	0.20857	0.34784	0.03813	0.07336	0.01999	0.01528	0.07566	0.04370	0.02105	0.03563	0.02916	0.00765	0.00222	0.00807	0.00676	0.00392	0.00916
32	0.04907	0.02721	0.49631	0.04023	0.02686	0.01434	0.09924	0.01956	0.01432	0.02134	0.03841	0.06769	0.04032	0.00792	0.00672	0.00219	0.00896	0.00680	0.00347	0.00904
33	0.06508	0.02503	0.01942	0.01883	0.09817	0.42954	0.01331	0.13015	0.01988	0.07587	0.01263	0.01406	0.00983	0.00721	0.00669	0.00189	0.03420	0.00497	0.00433	0.00890
34	0.04081	0.08928	0.18939	0.17936	0.13154	0.01600	0.08568	0.06611	0.01534	0.02137	0.01477	0.07371	0.01285	0.00783	0.00665	0.00214	0.00841	0.02624	0.00366	0.00885
35	0.01515	0.01519	0.04430	0.09736	0.47586	0.01477	0.10078	0.01921	0.01494	0.02095	0.01555	0.08421	0.01426	0.00775	0.00705	0.00215	0.00809	0.02924	0.00364	0.00954
36	0.01534	0.01350	0.07425	0.15108	0.17845	0.01198	0.07251	0.01897	0.01537	0.13030	0.04409	0.10355	0.12195	0.00990	0.00719	0.00220	0.00699	0.00894	0.00485	0.00860
37	0.01622	0.01670	0.06358	0.07966	0.64815	0.01587	0.02070	0.02043	0.01512	0.02162	0.01255	0.01655	0.01042	0.00604	0.00663	0.00201	0.00813	0.00592	0.00328	0.01041
38	0.01634	0.01586	0.02782	0.03901	0.63483	0.01576	0.08271	0.02045	0.01534	0.02182	0.01349	0.01876	0.01154	0.00638	0.00685	0.00206	0.00822	0.02903	0.00343	0.01033
39	0.01432	0.06925	0.50506	0.04178	0.02682	0.01523	0.06551	0.02120	0.04059	0.05368	0.01521	0.07426	0.01230	0.00766	0.00658	0.00215	0.00898	0.00641	0.00355	0.00945
40	0.01425	0.04995	0.29466	0.03718	0.09177	0.01367	0.11031	0.03764	0.01491	0.05953	0.01895	0.19020	0.01789	0.00981	0.00708	0.00224	0.00808	0.00887	0.00417	0.00883
41	0.01768	0.01617	0.02309	0.27409	0.26062	0.10459	0.06113	0.02142	0.01541	0.09647	0.01356	0.01720	0.01037	0.00677	0.00719	0.00210	0.03335	0.00597	0.00376	0.00907
42	0.01807	0.01476	0.02347	0.21784	0.22091	0.05223	0.11099	0.02190	0.01560	0.15088	0.01591	0.02067	0.01232	0.00740	0.00754	0.00218	0.03720	0.03661	0.00429	0.00924
43	0.01525	0.01568	0.12652	0.01971	0.14427	0.01247	0.11677	0.04575	0.06213	0.09669	0.09240	0.09825	0.10448	0.01003	0.00728	0.00220	0.00693	0.00914	0.00516	0.00889
44	0.05946	0.04019	0.36606	0.01956	0.11509	0.01384	0.05352	0.01993	0.01469	0.06522	0.03704	0.07425	0.03309	0.00866	0.00676	0.00220	0.00813	0.04917	0.00401	0.00912
45	0.01285	0.01074	0.03695	0.20002	0.10393	0.01079	0.01199	0.01668	0.06103	0.06233	0.06229	0.09000	0.11284	0.08602	0.03973	0.03532	0.00690	0.02754	0.00474	0.00730
46	0.05561	0.06203	0.23268	0.01686	0.04816	0.01336	0.11837	0.02011	0.04630	0.09320	0.06360	0.16071	0.02047	0.00979	0.00696	0.00221	0.00744	0.00875	0.00468	0.00871
47	0.01755	0.03861	0.19126	0.07190	0.15265	0.03871	0.08150	0.08235	0.04316	0.11329	0.01807	0.03984	0.04045	0.00899	0.03000	0.00238	0.00852	0.00670	0.00446	0.00962
48	0.01395	0.01598	0.11491	0.23707	0.14376	0.04628	0.04179	0.04431	0.04333	0.02097	0.09301	0.02309	0.04070	0.01200	0.07757	0.00297	0.00899	0.00697	0.00401	0.00834
49	0.03650	0.03458	0.01704	0.09465	0.20609	0.01128	0.03963	0.01568	0.03344	0.01979	0.04420	0.19677	0.10698	0.01213	0.00785	0.02873	0.00611	0.03552	0.00465	0.04839

[dist]
# distance from previous block
# <min> <max>
0	10

[block]
# block no. 2 follows, 32 sequences, length 85
# corresponding to MSA columns:
# 235-319
name=unknown_C
#
# <colnr> <probs for GDERKNQSTAVLIFYWHMCP>
#	G	D	E	R	K	N	Q	S	T	A	V	L	I	F	Y	W	H	M	C	P
0	0.02012	0.04719	0.06124	0.01794	0.08315	0.34044	0.03375	0.04579	0.12616	0.02077	0.01380	0.01519	0.01100	0.00681	0.00610	0.00176	0.00913	0.00510	0.00409	0.13047
1	0.09142	0.25633	0.04756	0.01491	0.07156	0.09192	0.01197	0.05902	0.08707	0.05124	0.04437	0.01863	0.01410	0.02910	0.00731	0.00203	0.04595	0.02566	0.00428	0.02556
2	0.01534	0.06704	0.10379	0.04932	0.05534	0.04537	0.01473	0.03925	0.01343	0.04024	0.06378	0.01790	0.01361	0.01135	0.04506	0.00277	0.35560	0.00605	0.00364	0.03638
3	0.00983	0.03758	0.00941	0.00877	0.01074	0.03933	0.00660	0.03061	0.01504	0.01838	0.05004	0.24563	0.40189	0.01820	0.03383	0.00267	0.00482	0.04473	0.00590	0.00601
4	0.01295	0.04234	0.01420	0.07153	0.11137	0.01060	0.00998	0.01690	0.07536	0.07381	0.14353	0.08585	0.19269	0.05160	0.03500	0.00272	0.02638	0.01012	0.00553	0.00754
5	0.00959	0.00719	0.01078	0.01078	0.01198	0.00839	0.00839	0.01198	0.01078	0.01558	0.01797	0.02636	0.01677	0.05032	0.73760	0.01078	0.01797	0.00719	0.00359	0.00599
6	0.67542	0.05705	0.01178	0.00924	0.01345	0.01545	0.00771	0.04905	0.01274	0.04899	0.01065	0.01205	0.00821	0.00640	0.00437	0.00201	0.00533	0.00393	0.03856	0.00759
7	0.00837	0.00611	0.00754	0.00858	0.00925	0.00565	0.00570	0.00946	0.01283	0.01669	0.04026	0.52569	0.16460	0.13162	0.01228	0.00321	0.00419	0.01678	0.00590	0.00528
8	0.36129	0.01420	0.01619	0.03754	0.09400	0.04643	0.05496	0.06051	0.01465	0.12767	0.01374	0.01669	0.01076	0.05773	0.00827	0.00241	0.04453	0.00538	0.00463	0.00841
9	0.27984	0.04621	0.01704	0.10204	0.04661	0.06310	0.01223	0.01818	0.01196	0.02109	0.01027	0.01437	0.00892	0.01122	0.06195	0.00294	0.25609	0.00504	0.00344	0.00744
10	0.02217	0.02480	0.01919	0.01649	0.02039	0.42969	0.05783	0.13339	0.10187	0.02273	0.04350	0.01845	0.04408	0.00798	0.00653	0.00191	0.00977	0.00596	0.00464	0.00863
11	0.02128	0.01762	0.01738	0.01446	0.01884	0.08271	0.01153	0.33808	0.30543	0.03339	0.02041	0.01979	0.01512	0.00837	0.00661	0.00207	0.00677	0.00652	0.04310	0.01053
12	0.00957	0.00715	0.00902	0.00985	0.01136	0.00666	0.00774	0.01163	0.01429	0.01845	0.04130	0.23066	0.19632	0.07601	0.01053	0.00299	0.00496	0.28551	0.00594	0.04006
13	0.00967	0.00647	0.00734	0.00743	0.00746	0.00645	0.00419	0.00973	0.00993	0.01324	0.02204	0.08458	0.02553	0.72197	0.03270	0.00629	0.00636	0.01029	0.00419	0.00414
14	0.00928	0.00707	0.00993	0.07586	0.01399	0.00732	0.00844	0.01107	0.01320	0.01756	0.03328	0.55124	0.03873	0.01894	0.00911	0.00275	0.03773	0.12287	0.00579	0.00583
15	0.01279	0.01205	0.02034	0.72664	0.06670	0.01494	0.01869	0.01725	0.01347	0.01729	0.01195	0.01785	0.00900	0.00669	0.00671	0.00223	0.00892	0.00596	0.00299	0.00755
16	0.00844	0.00677	0.00722	0.00714	0.00897	0.00589	0.00515	0.01014	0.01511	0.01882	0.16637	0.05934	0.51604	0.12148	0.01161	0.00284	0.00380	0.01322	0.00611	0.00555
17	0.01077	0.00832	0.01214	0.11554	0.01674	0.00962	0.00955	0.04425	0.01237	0.01727	0.04732	0.02737	0.01813	0.10848	0.50173	0.00838	0.01448	0.00742	0.00386	0.00628
18	0.01682	0.52499	0.18629	0.03763	0.02084	0.04529	0.01454	0.02032	0.01393	0.01732	0.01016	0.01193	0.00866	0.00592	0.00493	0.00160	0.00790	0.00401	0.00293	0.04400
19	0.02000	0.01698	0.02342	0.05019	0.04912	0.03807	0.17852	0.23970	0.21903	0.06544	0.01875	0.01946	0.01375	0.00762	0.00702	0.00215	0.00788	0.00692	0.00565	0.01031
20	0.01770	0.01438	0.01600	0.01502	0.05412	0.01628	0.01116	0.07827	0.56877	0.06376	0.02542	0.02393	0.01904	0.01029	0.03277	0.00254	0.00606	0.00734	0.00660	0.01055
21	0.00918	0.00717	0.00853	0.00913	0.01107	0.00653	0.00747	0.01151	0.01555	0.01937	0.08879	0.06831	0.41050	0.01745	0.00847	0.00259	0.00451	0.28171	0.00627	0.00591
22	0.02273	0.19654	0.02283	0.01590	0.01973	0.48771	0.01274	0.05960	0.01782	0.01761	0.01032	0.01219	0.00879	0.00706	0.00684	0.00176	0.06389	0.00436	0.00346	0.00812
23	0.01640	0.01748	0.05544	0.07774	0.11036	0.09988	0.18134	0.04085	0.04098	0.04003	0.05005	0.06013	0.01484	0.00869	0.01006	0.00230	0.15361	0.00733	0.00397	0.00853
24	0.01101	0.00760	0.00961	0.00939	0.00985	0.00814	0.00636	0.04528	0.01172	0.01595	0.05040	0.16930	0.02521	0.33203	0.04764	0.15247	0.06843	0.01028	0.00442	0.00492
25	0.04696	0.08111	0.01703	0.01347	0.01531	0.03796	0.06399	0.01467	0.01187	0.01682	0.01649	0.10043	0.01654	0.02473	0.24171	0.07640	0.16072	0.03352	0.00372	0.00654
26	0.02506	0.03198	0.01901	0.01729	0.02074	0.73725	0.01296	0.02679	0.01901	0.01642	0.01037	0.01210	0.00864	0.00691	0.00605	0.00173	0.01210	0.00432	0.00346	0.00778
27	0.05165	0.01689	0.01488	0.01342	0.01588	0.22568	0.01028	0.10804	0.04312	0.04435	0.01514	0.05648	0.01350	0.01866	0.14171	0.13360	0.05890	0.00636	0.00426	0.00721
28	0.01640	0.01708	0.02254	0.32415	0.28628	0.14365	0.01814	0.02006	0.01493	0.01870	0.01175	0.01623	0.00950	0.00674	0.00735	0.00209	0.04689	0.00567	0.00319	0.00866
29	0.01267	0.00737	0.00956	0.00988	0.01134	0.00692	0.00704	0.04524	0.01493	0.13143	0.05195	0.55824	0.03780	0.01765	0.00801	0.00252	0.00429	0.01579	0.04065	0.00673
30	0.01142	0.00783	0.00918	0.00911	0.01128	0.00727	0.00691	0.01489	0.07887	0.09258	0.09937	0.21499	0.32431	0.01618	0.00796	0.00241	0.00413	0.06797	0.00658	0.00675
31	0.01567	0.01639	0.05096	0.22644	0.09487	0.04161	0.25770	0.05176	0.10634	0.02158	0.01471	0.01845	0.01121	0.00719	0.00776	0.02873	0.00920	0.00678	0.00383	0.00884
32	0.02883	0.01206	0.01571	0.01211	0.01716	0.01099	0.00998	0.10980	0.02043	0.61751	0.02507	0.02215	0.01603	0.00826	0.00666	0.00205	0.00580	0.00664	0.04158	0.01120
33	0.01233	0.00840	0.01131	0.01219	0.01408	0.00843	0.01044	0.03612	0.04314	0.05810	0.06570	0.09325	0.03730	0.01719	0.00888	0.00291	0.00593	0.54115	0.00639	0.00676
34	0.01224	0.01137	0.02101	0.03421	0.02161	0.01090	0.26243	0.01603	0.01539	0.02034	0.04943	0.11765	0.06906	0.01354	0.00853	0.00265	0.00765	0.29367	0.00513	0.00717
35	0.01004	0.00693	0.00879	0.00868	0.00898	0.00745	0.00568	0.01048	0.00996	0.01367	0.01917	0.03662	0.02093	0.50024	0.21033	0.06814	0.03685	0.00867	0.00382	0.00458
36	0.53751	0.01645	0.09783	0.01135	0.01645	0.01576	0.01043	0.13417	0.01558	0.07358	0.01184	0.01289	0.00868	0.00668	0.00500	0.00207	0.00615	0.00438	0.00468	0.00853
37	0.01650	0.01761	0.03012	0.02192	0.02804	0.07899	0.43019	0.04705	0.01623	0.02202	0.01320	0.01667	0.01020	0.00575	0.00693	0.00189	0.00953	0.00655	0.02304	0.19757
38	0.01770	0.01926	0.04785	0.03184	0.47354	0.16540	0.01762	0.02118	0.01593	0.02058	0.01453	0.01752	0.04139	0.00661	0.00645	0.00189	0.00850	0.00583	0.00351	0.06289
39	0.00821	0.00645	0.00746	0.00815	0.00959	0.00569	0.00586	0.00981	0.01443	0.01812	0.07782	0.35066	0.38778	0.01860	0.00825	0.00248	0.00371	0.04503	0.00627	0.00562
40	0.00926	0.00685	0.00865	0.00820	0.00988	0.00623	0.00615	0.01221	0.01844	0.02560	0.62185	0.05227	0.16107	0.01421	0.00792	0.00213	0.00320	0.01244	0.00721	0.00623
41	0.00895	0.00656	0.00753	0.00782	0.00878	0.00610	0.00523	0.01007	0.01300	0.01675	0.09688	0.17477	0.24505	0.31308	0.01847	0.00404	0.00481	0.04158	0.00547	0.00507
42	0.01794	0.76823	0.03516	0.01148	0.01722	0.02655	0.01148	0.02009	0.01363	0.01579	0.00933	0.01076	0.00861	0.00574	0.00431	0.00144	0.00718	0.00359	0.00287	0.00861
43	0.01218	0.00629	0.00633	0.00633	0.00785	0.00624	0.00468	0.01510	0.01393	0.02416	0.02389	0.02763	0.04854	0.04309	0.00619	0.00182	0.00329	0.00676	0.72958	0.00613
44	0.28610	0.01687	0.01673	0.01325	0.01821	0.01890	0.01093	0.47446	0.02488	0.03825	0.01387	0.01438	0.01004	0.00745	0.00586	0.00203	0.00666	0.00524	0.00586	0.01004
45	0.00960	0.00714	0.01051	0.01051	0.01162	0.00824	0.00805	0.01181	0.01070	0.01538	0.01822	0.02772	0.01737	0.10579	0.68294	0.01045	0.01708	0.00739	0.00363	0.00584
46	0.01615	0.46682	0.29221	0.01456	0.02162	0.02225	0.01654	0.02037	0.01370	0.01783	0.01031	0.01218	0.00858	0.00621	0.00576	0.00175	0.03708	0.00418	0.00286	0.00905
47	0.01783	0.05410	0.14493	0.03273	0.06233	0.10504	0.15411	0.07729	0.03704	0.06102	0.01346	0.01670	0.01063	0.03023	0.00970	0.00226	0.11757	0.00600	0.00390	0.04313
48	0.01366	0.06771	0.06962	0.01454	0.01694	0.07424	0.05276	0.01697	0.04766	0.01712	0.01547	0.05913	0.01470	0.07069	0.23324	0.00519	0.19245	0.00706	0.00364	0.00721
49	0.01081	0.00772	0.01081	0.01236	0.01390	0.00772	0.01081	0.01390	0.01545	0.02008	0.03553	0.07569	0.03862	0.01854	0.00927	0.00309	0.00618	0.67717	0.00618	0.00618
50	0.01861	0.03452	0.01771	0.01581	0.04855	0.20128	0.04029	0.08089	0.32221	0.02501	0.08639	0.02346	0.03834	0.00875	0.00673	0.00207	0.00737	0.00709	0.00561	0.00931
51	0.01681	0.12679	0.03604	0.07472	0.05714	0.12069	0.04045	0.05955	0.03440	0.03861	0.05510	0.01900	0.02803	0.03120	0.00867	0.05556	0.02995	0.00576	0.00407	0.15747
52	0.01291	0.01211	0.02016	0.33983	0.12813	0.01343	0.09132	0.01728	0.04387	0.01876	0.02084	0.05842	0.08090	0.04840	0.00902	0.00252	0.02861	0.04188	0.00390	0.00771
53	0.01406	0.03457	0.69240	0.01903	0.02861	0.05319	0.02417	0.02154	0.01442	0.02100	0.01195	0.01406	0.00851	0.00640	0.00636	0.00210	0.01003	0.00493	0.00287	0.00981
54	0.02071	0.01396	0.01392	0.01186	0.01563	0.11548	0.00947	0.12526	0.03825	0.24644	0.06183	0.03429	0.17302	0.01090	0.00706	0.00212	0.00621	0.05312	0.03159	0.00887
55	0.01737	0.03890	0.04842	0.10220	0.20265	0.05268	0.03402	0.12834	0.09159	0.04869	0.06375	0.03390	0.03462	0.00836	0.00792	0.00214	0.06344	0.00690	0.00471	0.00939
56	0.02149	0.02516	0.04487	0.01574	0.01922	0.46144	0.01240	0.11751	0.01917	0.02027	0.01443	0.06217	0.01298	0.01315	0.08914	0.00291	0.01135	0.02448	0.00415	0.00798
57	0.01603	0.00775	0.00857	0.00780	0.01018	0.00762	0.00604	0.02012	0.06171	0.15462	0.02310	0.02462	0.01731	0.00799	0.00521	0.00171	0.00375	0.00643	0.60194	0.00750
58	0.05113	0.01186	0.01556	0.01205	0.01716	0.01070	0.00993	0.05617	0.04993	0.65238	0.02566	0.02236	0.01634	0.00827	0.00668	0.00208	0.00574	0.00667	0.00807	0.01127
59	0.01624	0.01551	0.02614	0.10649	0.63389	0.01587	0.02005	0.02080	0.03979	0.02169	0.01308	0.01703	0.01082	0.00616	0.00666	0.00203	0.00797	0.00603	0.00341	0.01033
60	0.01584	0.01810	0.03959	0.02828	0.03507	0.01697	0.69796	0.02149	0.01584	0.02149	0.01357	0.01810	0.01018	0.00566	0.00792	0.00226	0.01131	0.00792	0.00339	0.00905
61	0.00867	0.00639	0.00822	0.00941	0.01038	0.00594	0.00687	0.01038	0.01404	0.01832	0.07659	0.48340	0.15834	0.01952	0.00855	0.00268	0.00418	0.13616	0.00628	0.00566
62	0.01475	0.01142	0.01318	0.01359	0.04023	0.04870	0.01071	0.05117	0.18396	0.05908	0.05028	0.07334	0.02941	0.01372	0.00792	0.00258	0.00607	0.32211	0.03982	0.00797
63	0.04598	0.00799	0.03946	0.00982	0.01126	0.00719	0.00759	0.01128	0.01274	0.01770	0.03366	0.36017	0.12019	0.06800	0.16009	0.00452	0.00737	0.06382	0.00532	0.00584
64	0.01679	0.00994	0.01180	0.01052	0.01336	0.00991	0.00823	0.14092	0.04863	0.15829	0.11732	0.17183	0.06415	0.01234	0.00710	0.00218	0.00480	0.04617	0.13756	0.00816
65	0.00982	0.00654	0.00772	0.00772	0.00783	0.00666	0.00456	0.00993	0.00981	0.01320	0.02043	0.04120	0.02311	0.66319	0.10197	0.04122	0.00759	0.00934	0.00397	0.00420
66	0.12870	0.01438	0.01654	0.01285	0.01797	0.01462	0.01061	0.28044	0.02282	0.38161	0.02040	0.01879	0.01347	0.00794	0.00640	0.00205	0.00627	0.00608	0.00718	0.01088
67	0.01563	0.17704	0.26094	0.01384	0.01967	0.04572	0.01460	0.05434	0.03700	0.07475	0.08302	0.09291	0.06468	0.00935	0.00644	0.00203	0.00723	0.00753	0.00456	0.00873
68	0.02506	0.03198	0.01901	0.01729	0.02074	0.73725	0.01296	0.02679	0.01901	0.01642	0.01037	0.01210	0.00864	0.00691	0.00605	0.00173	0.01210	0.00432	0.00346	0.00778
69	0.01267	0.01193	0.02013	0.74806	0.04621	0.01491	0.01863	0.01714	0.01342	0.01714	0.01193	0.01789	0.00894	0.00671	0.00671	0.00224	0.00894	0.00596	0.00298	0.00745
70	0.01551	0.01325	0.04407	0.03876	0.05653	0.09785	0.01048	0.06047	0.04264	0.10099	0.12632	0.15262	0.07294	0.04585	0.00869	0.00248	0.00629	0.09074	0.00582	0.00769
71	0.01559	0.03607	0.02228	0.01817	0.01912	0.05172	0.06524	0.03494	0.01172	0.01723	0.00943	0.01475	0.00897	0.01082	0.01940	0.00277	0.62516	0.00590	0.00309	0.00763
72	0.01748	0.29850	0.04175	0.04525	0.12548	0.13299	0.01271	0.02056	0.03361	0.03668	0.01560	0.04824	0.04819	0.00734	0.00565	0.00171	0.00756	0.00564	0.00372	0.09134
73	0.01784	0.29597	0.22564	0.01487	0.02107	0.09342	0.03575	0.07436	0.01580	0.05658	0.01267	0.01533	0.01034	0.04322	0.03826	0.00240	0.00896	0.00498	0.00361	0.00895
74	0.01391	0.01193	0.01391	0.00994	0.01590	0.00894	0.00795	0.01690	0.01391	0.02186	0.01193	0.01391	0.00994	0.00497	0.00497	0.00099	0.00497	0.00398	0.00398	0.80521
75	0.00984	0.00660	0.00758	0.00770	0.00781	0.00660	0.00457	0.01007	0.01019	0.01354	0.02222	0.04630	0.02546	0.70808	0.03228	0.00625	0.00648	0.05998	0.00422	0.00422
76	0.01986	0.32203	0.02443	0.01394	0.01790	0.30494	0.01168	0.04489	0.01618	0.01734	0.04107	0.01512	0.01194	0.03389	0.03808	0.00224	0.04820	0.00480	0.00350	0.00795
77	0.00833	0.00626	0.00762	0.00842	0.00947	0.00566	0.00582	0.00984	0.01415	0.01841	0.12634	0.44478	0.24044	0.05035	0.00938	0.00268	0.00377	0.01644	0.00628	0.00556
78	0.01233	0.01114	0.01620	0.01556	0.05163	0.01446	0.01196	0.01438	0.01078	0.01617	0.01342	0.02040	0.01274	0.03000	0.36550	0.00666	0.36003	0.00651	0.00327	0.00686
79	0.00972	0.00709	0.00918	0.00948	0.00990	0.00760	0.00656	0.01076	0.01115	0.01521	0.02476	0.22419	0.02805	0.34589	0.15103	0.00584	0.05786	0.05602	0.00460	0.00513
80	0.01287	0.00719	0.00735	0.00716	0.00898	0.00743	0.00541	0.01778	0.09253	0.02542	0.04644	0.02588	0.01915	0.00816	0.00504	0.00166	0.00337	0.00661	0.68480	0.00675
81	0.04889	0.03062	0.01880	0.01692	0.02051	0.67255	0.01278	0.06684	0.01953	0.01838	0.01068	0.01230	0.00877	0.00696	0.00603	0.00176	0.01161	0.00440	0.00367	0.00798
82	0.04177	0.00887	0.01155	0.01021	0.01308	0.00816	0.00796	0.02062	0.03359	0.29385	0.25538	0.13466	0.03708	0.04422	0.00860	0.00242	0.00466	0.04786	0.00726	0.00819
83	0.02198	0.21131	0.02365	0.06158	0.04267	0.41711	0.02903	0.04340	0.03667	0.03782	0.01144	0.01318	0.00938	0.00668	0.00578	0.00174	0.01004	0.00458	0.00360	0.00836
84	0.01231	0.01134	0.03961	0.15123	0.18982	0.01100	0.01311	0.01585	0.03503	0.01950	0.05121	0.19464	0.02364	0.05757	0.02662	0.00271	0.00677	0.06172	0.00452	0.07179

[dist]
# distance from previous block
# <min> <max>
1	3

[block]
# block no. 3 follows, 32 sequences, length 14
# corresponding to MSA columns:
# 323-336
name=unknown_D
#
# <colnr> <probs for GDERKNQSTAVLIFYWHMCP>
#	G	D	E	R	K	N	Q	S	T	A	V	L	I	F	Y	W	H	M	C	P
0	0.01503	0.04496	0.05565	0.12130	0.08944	0.03205	0.06069	0.07534	0.10468	0.03664	0.04461	0.06038	0.07635	0.01091	0.04301	0.00249	0.02802	0.00758	0.00466	0.08622
1	0.01224	0.00925	0.01073	0.01063	0.01236	0.00997	0.00786	0.04711	0.20214	0.02237	0.06732	0.29194	0.03144	0.07398	0.01006	0.00273	0.02956	0.04468	0.09642	0.00723
2	0.04493	0.00875	0.01171	0.04257	0.03652	0.00932	0.01016	0.01432	0.03142	0.02017	0.08828	0.07106	0.09332	0.05570	0.03520	0.00322	0.05829	0.35306	0.00557	0.00644
3	0.01739	0.04402	0.08328	0.02760	0.29772	0.10517	0.13224	0.05065	0.10019	0.02269	0.04294	0.01827	0.01343	0.00684	0.00676	0.00204	0.00864	0.00639	0.00402	0.00974
4	0.01716	0.01548	0.02242	0.12249	0.15578	0.07013	0.12637	0.09763	0.05982	0.06418	0.01675	0.07900	0.01427	0.01097	0.05312	0.00273	0.05085	0.00746	0.00443	0.00895
5	0.00863	0.00616	0.00776	0.00886	0.00938	0.00581	0.00591	0.00969	0.01252	0.01648	0.03606	0.51397	0.09521	0.17968	0.01403	0.00352	0.00453	0.05084	0.00576	0.00521
6	0.01639	0.01707	0.05725	0.08566	0.05913	0.13769	0.09323	0.01977	0.03693	0.06661	0.03431	0.13431	0.01691	0.01035	0.01060	0.00236	0.18104	0.00817	0.00422	0.00799
7	0.01717	0.01558	0.02370	0.18738	0.39306	0.04625	0.03923	0.07917	0.03978	0.05114	0.01526	0.01853	0.03005	0.00684	0.00672	0.00206	0.00811	0.00628	0.00395	0.00974
8	0.01728	0.01611	0.01594	0.01384	0.01622	0.17998	0.04366	0.12007	0.01643	0.04998	0.01851	0.06880	0.04150	0.16805	0.08484	0.00390	0.10537	0.00770	0.00449	0.00734
9	0.00827	0.00668	0.00739	0.00778	0.00959	0.00581	0.00580	0.01004	0.01502	0.01851	0.09198	0.19900	0.50659	0.01772	0.00815	0.00241	0.00369	0.06361	0.00628	0.00569
10	0.01495	0.01106	0.01309	0.00971	0.01493	0.00862	0.00774	0.01792	0.01476	0.08600	0.06392	0.01818	0.01490	0.00612	0.00531	0.00122	0.00476	0.00499	0.07004	0.61178
11	0.01789	0.01706	0.01834	0.01544	0.01965	0.11274	0.08714	0.08372	0.42712	0.02619	0.02406	0.02336	0.05094	0.00858	0.00682	0.00213	0.00695	0.00725	0.00585	0.03877
12	0.01084	0.06940	0.01119	0.01017	0.01189	0.00813	0.00807	0.01283	0.01440	0.05339	0.03858	0.34384	0.14366	0.01775	0.00824	0.00263	0.00487	0.21782	0.00604	0.00626
13	0.01116	0.08699	0.07500	0.01182	0.01377	0.01165	0.01005	0.01337	0.01162	0.01622	0.01969	0.17804	0.02076	0.10390	0.28031	0.00592	0.11009	0.00922	0.00397	0.00646

[dist]
# distance from previous block
# <min> <max>
0	1

[block]
# block no. 4 follows, 32 sequences, length 21
# corresponding to MSA columns:
# 338-358
name=unknown_E
#
# <colnr> <probs for GDERKNQSTAVLIFYWHMCP>
#	G	D	E	R	K	N	Q	S	T	A	V	L	I	F	Y	W	H	M	C	P
0	0.01598	0.26309	0.04165	0.01208	0.03641	0.06784	0.01025	0.01946	0.04611	0.01968	0.01394	0.01542	0.03550	0.00612	0.00510	0.00137	0.00635	0.00454	0.02298	0.35613
1	0.01792	0.31884	0.13899	0.01472	0.06890	0.01803	0.01327	0.06448	0.01516	0.10998	0.01503	0.01687	0.03277	0.01008	0.03301	0.08640	0.00761	0.00524	0.00398	0.00873
2	0.01025	0.00710	0.00800	0.00789	0.00820	0.00730	0.00468	0.01170	0.06032	0.01418	0.02148	0.04196	0.02386	0.68589	0.05566	0.00634	0.00680	0.00952	0.00425	0.00460
3	0.01376	0.01172	0.01376	0.01006	0.01580	0.00888	0.00809	0.01675	0.01399	0.02178	0.01310	0.01700	0.01137	0.00565	0.00518	0.00110	0.00503	0.03755	0.00409	0.76535
4	0.01061	0.00688	0.00915	0.00992	0.01113	0.00650	0.00750	0.01230	0.01428	0.06185	0.09453	0.33660	0.09387	0.05000	0.01070	0.05240	0.00475	0.19498	0.00615	0.00589
5	0.02183	0.08017	0.01915	0.01586	0.01918	0.50350	0.01225	0.02576	0.10207	0.01846	0.05893	0.01625	0.01369	0.00786	0.00718	0.00188	0.05858	0.00528	0.00405	0.00806
6	0.00883	0.00677	0.00794	0.00773	0.00945	0.00604	0.00568	0.01113	0.01668	0.02210	0.38587	0.08062	0.32568	0.06424	0.00965	0.00248	0.00350	0.01304	0.00666	0.00588
7	0.01733	0.01487	0.01741	0.01495	0.01771	0.01815	0.01207	0.14785	0.33028	0.02644	0.01907	0.02021	0.01499	0.01089	0.03242	0.00266	0.24094	0.00672	0.02556	0.00949
8	0.01812	0.10350	0.29192	0.01785	0.05667	0.01848	0.04185	0.22024	0.11678	0.02778	0.01516	0.01615	0.01120	0.00713	0.00638	0.00204	0.00820	0.00565	0.00457	0.01031
9	0.01663	0.06724	0.10659	0.06123	0.41000	0.03877	0.09242	0.02148	0.03795	0.04140	0.01348	0.01672	0.01076	0.00625	0.00654	0.00200	0.00838	0.00595	0.02630	0.00992
10	0.02255	0.01615	0.01737	0.01367	0.01810	0.01789	0.01120	0.54048	0.02735	0.03797	0.01703	0.01785	0.01248	0.00813	0.00681	0.00195	0.03103	0.00608	0.16567	0.01024
11	0.00963	0.00703	0.00995	0.00995	0.01086	0.00794	0.00735	0.01145	0.01054	0.01496	0.01873	0.03056	0.01860	0.22131	0.56911	0.00976	0.01523	0.00780	0.00371	0.00553
12	0.01060	0.00835	0.00984	0.01042	0.01190	0.00868	0.00742	0.01690	0.21275	0.02032	0.03613	0.50639	0.07924	0.01736	0.00803	0.00257	0.00427	0.01548	0.00640	0.00694
13	0.01655	0.39772	0.31466	0.01597	0.04640	0.06810	0.01727	0.02101	0.01426	0.01825	0.01061	0.01243	0.00864	0.00608	0.00534	0.00175	0.00863	0.00427	0.00291	0.00915
14	0.00861	0.00660	0.00837	0.00965	0.03299	0.00602	0.00652	0.01030	0.01439	0.01879	0.12491	0.44160	0.23242	0.01849	0.00827	0.00251	0.00386	0.03362	0.00627	0.00580
15	0.00975	0.00655	0.00757	0.00757	0.00765	0.00664	0.00438	0.00992	0.00983	0.01320	0.02091	0.04264	0.02384	0.71269	0.08490	0.00681	0.00733	0.00957	0.00403	0.00420
16	0.04503	0.12837	0.09946	0.01132	0.01762	0.01288	0.01051	0.03482	0.01424	0.02170	0.01155	0.01341	0.00951	0.00537	0.00504	0.00126	0.00594	0.00407	0.00375	0.54416
17	0.01598	0.01530	0.02611	0.15347	0.61493	0.01578	0.02028	0.02004	0.01498	0.02116	0.01251	0.01681	0.01036	0.00609	0.00665	0.00203	0.00813	0.00598	0.00327	0.01012
18	0.01547	0.20481	0.39249	0.02093	0.11656	0.03895	0.08000	0.02107	0.01447	0.01992	0.01156	0.01396	0.00895	0.00612	0.00605	0.00194	0.00920	0.00501	0.00297	0.00956
19	0.01829	0.04590	0.06209	0.10145	0.27098	0.14080	0.14974	0.08925	0.01735	0.02220	0.01255	0.01588	0.00993	0.00637	0.00671	0.00201	0.00944	0.00594	0.00362	0.00948
20	0.00823	0.00602	0.00774	0.00897	0.00967	0.00553	0.00610	0.00958	0.01353	0.01786	0.08292	0.63027	0.12878	0.02007	0.00845	0.00263	0.00379	0.01804	0.00630	0.00553

[dist]
# distance from previous block
# <min> <max>
0	5

[block]
# block no. 5 follows, 32 sequences, length 55
# corresponding to MSA columns:
# 364-418
name=unknown_F
#
# <colnr> <probs for GDERKNQSTAVLIFYWHMCP>
#	G	D	E	R	K	N	Q	S	T	A	V	L	I	F	Y	W	H	M	C	P
0	0.01595	0.07293	0.02150	0.01712	0.01790	0.09195	0.01427	0.01750	0.01139	0.01615	0.00900	0.01413	0.00878	0.01082	0.01911	0.00270	0.62280	0.00555	0.00298	0.00748
1	0.01578	0.00877	0.00936	0.00842	0.01091	0.00906	0.00655	0.08402	0.08974	0.09092	0.02233	0.02398	0.01694	0.00802	0.00529	0.00173	0.00400	0.00642	0.57007	0.00767
2	0.01572	0.06525	0.02396	0.35441	0.19107	0.10228	0.07644	0.01963	0.01476	0.01865	0.01187	0.01626	0.00942	0.00633	0.00648	0.00201	0.00900	0.00569	0.00319	0.04757
3	0.01592	0.07728	0.21617	0.01889	0.11496	0.08986	0.03497	0.02464	0.20594	0.02294	0.09434	0.02110	0.01821	0.00787	0.00656	0.00206	0.00771	0.00653	0.00458	0.00947
4	0.01488	0.21968	0.29580	0.01451	0.02067	0.07270	0.01578	0.02024	0.05005	0.02071	0.13606	0.02293	0.02015	0.00826	0.00624	0.00197	0.00778	0.03892	0.00405	0.00864
5	0.00850	0.00607	0.00816	0.00972	0.01025	0.00573	0.00680	0.00991	0.01317	0.01749	0.03680	0.67517	0.04367	0.02071	0.00865	0.00277	0.00418	0.10050	0.00622	0.00554
6	0.01433	0.01861	0.17548	0.10409	0.10178	0.05381	0.09952	0.02163	0.13628	0.02225	0.11044	0.03924	0.03902	0.00932	0.02296	0.00235	0.00806	0.00752	0.00449	0.00884
7	0.01608	0.07295	0.27846	0.01829	0.08217	0.09895	0.03368	0.02538	0.21724	0.02241	0.03391	0.01960	0.03639	0.00764	0.00648	0.00207	0.00816	0.00618	0.00434	0.00961
8	0.00964	0.00696	0.00964	0.00964	0.01044	0.00776	0.00696	0.01125	0.01044	0.01473	0.01902	0.03217	0.01930	0.28670	0.50467	0.00937	0.01418	0.00804	0.00375	0.00535
9	0.02103	0.40189	0.02706	0.01378	0.01864	0.22801	0.01198	0.14268	0.01834	0.02072	0.01165	0.03427	0.01018	0.00694	0.00536	0.00166	0.00852	0.00469	0.00382	0.00878
10	0.06778	0.01325	0.01682	0.01365	0.01658	0.01498	0.01122	0.04274	0.01301	0.06763	0.01174	0.01524	0.01004	0.01023	0.04216	0.00243	0.33791	0.00519	0.00390	0.28351
11	0.01937	0.62234	0.03204	0.01253	0.01792	0.12939	0.01176	0.05648	0.01535	0.01726	0.00983	0.01124	0.00876	0.00603	0.00468	0.00151	0.00790	0.00382	0.00316	0.00864
12	0.02079	0.36779	0.02540	0.01370	0.05390	0.03555	0.01145	0.11725	0.01756	0.17218	0.01691	0.06582	0.01426	0.00812	0.00579	0.00183	0.00679	0.03054	0.00495	0.00939
13	0.00864	0.00683	0.00779	0.00755	0.00950	0.00597	0.00566	0.01101	0.01698	0.02212	0.36417	0.05800	0.42092	0.01550	0.00792	0.00220	0.00329	0.01324	0.00676	0.00597
14	0.00959	0.00719	0.01078	0.01078	0.01198	0.00839	0.00839	0.01198	0.01078	0.01558	0.01797	0.02636	0.01677	0.05032	0.73760	0.01078	0.01797	0.00719	0.00359	0.00599
15	0.00807	0.00680	0.00699	0.00694	0.00915	0.00572	0.00521	0.00989	0.01562	0.01889	0.12469	0.06332	0.66242	0.01671	0.00793	0.00225	0.00338	0.01398	0.00633	0.00572
16	0.00848	0.00682	0.00756	0.00738	0.00940	0.00590	0.00553	0.01070	0.01660	0.02123	0.29797	0.05947	0.48768	0.01584	0.00792	0.00221	0.00332	0.01344	0.00664	0.00590
17	0.81159	0.01298	0.00986	0.00882	0.01298	0.01505	0.00727	0.01972	0.01142	0.03010	0.00934	0.01090	0.00727	0.00623	0.00415	0.00208	0.00519	0.00363	0.00415	0.00727
18	0.11792	0.01144	0.01432	0.01132	0.01610	0.01059	0.00929	0.03032	0.05400	0.56765	0.02427	0.02172	0.01578	0.00808	0.00633	0.00206	0.00547	0.00640	0.05637	0.01058
19	0.01004	0.00731	0.00976	0.01082	0.01220	0.00725	0.00890	0.01246	0.01428	0.01855	0.03685	0.11632	0.12330	0.08934	0.07958	0.00399	0.00679	0.42067	0.00575	0.00585
20	0.00950	0.00686	0.00897	0.00844	0.01002	0.00633	0.00633	0.01266	0.01899	0.02691	0.71879	0.05012	0.06331	0.01372	0.00791	0.00211	0.00317	0.01213	0.00739	0.00633
21	0.01794	0.76823	0.03516	0.01148	0.01722	0.02655	0.01148	0.02009	0.01363	0.01579	0.00933	0.01076	0.00861	0.00574	0.00431	0.00144	0.00718	0.00359	0.00287	0.00861
22	0.01662	0.01579	0.02602	0.03842	0.65153	0.01602	0.01959	0.02211	0.08508	0.02254	0.01410	0.01745	0.01162	0.00629	0.00666	0.00202	0.00770	0.00614	0.00367	0.01063
23	0.09022	0.01203	0.03489	0.03953	0.07555	0.01182	0.03238	0.10705	0.07089	0.08966	0.17660	0.06123	0.07948	0.01055	0.00695	0.00216	0.00554	0.03939	0.04572	0.00836
24	0.02233	0.05437	0.01911	0.01645	0.04495	0.37596	0.01247	0.19000	0.02046	0.02347	0.01286	0.01492	0.01037	0.00964	0.04359	0.00231	0.05659	0.00514	0.05641	0.00860
25	0.05240	0.01988	0.02032	0.01834	0.08988	0.22265	0.09222	0.14037	0.07477	0.04934	0.01468	0.01626	0.01131	0.00690	0.00625	0.00185	0.00843	0.00560	0.05118	0.09737
26	0.01428	0.04651	0.39251	0.05267	0.11577	0.01580	0.18861	0.02051	0.01472	0.02094	0.01491	0.01774	0.04096	0.00662	0.00681	0.00213	0.00961	0.00623	0.00319	0.00947
27	0.01528	0.01240	0.01615	0.01160	0.01757	0.00967	0.06479	0.01846	0.01447	0.07465	0.01315	0.01493	0.01046	0.00528	0.00534	0.00118	0.00555	0.00451	0.00425	0.68034
28	0.00937	0.00637	0.00818	0.00896	0.00996	0.00583	0.00621	0.01092	0.01425	0.05028	0.14091	0.51834	0.12570	0.04022	0.00905	0.00266	0.00388	0.01664	0.00643	0.00583
29	0.02468	0.01838	0.01967	0.01527	0.02049	0.02042	0.01255	0.63743	0.09543	0.04095	0.01716	0.01695	0.01226	0.00815	0.00672	0.00204	0.00719	0.00619	0.00672	0.01134
30	0.00855	0.00611	0.00821	0.00960	0.01012	0.00587	0.00665	0.00990	0.01279	0.01709	0.03495	0.62612	0.04126	0.05397	0.05739	0.00344	0.00511	0.07141	0.00596	0.00549
31	0.19712	0.01219	0.01592	0.01234	0.01741	0.01144	0.05432	0.02918	0.01731	0.53106	0.02195	0.01996	0.01418	0.00769	0.00627	0.00209	0.00596	0.00615	0.00709	0.01037
