[name]
unknown

[dist]
# distance from previous block
# <min> <max>
0	212

[block]
# block no. 0 follows, 38 sequences, length 58
# corresponding to MSA columns:
# 323-380
name=unknown_A
#
# <colnr> <probs for GDERKNQSTAVLIFYWHMCP>
#	G	D	E	R	K	N	Q	S	T	A	V	L	I	F	Y	W	H	M	C	P
0	0.01313	0.17791	0.23176	0.01485	0.05090	0.03596	0.08420	0.04109	0.05767	0.01879	0.05834	0.06819	0.05475	0.00820	0.00597	0.00188	0.00694	0.05795	0.00376	0.00776
1	0.03362	0.16179	0.10330	0.01453	0.07517	0.06049	0.01212	0.25200	0.06844	0.06807	0.01526	0.05048	0.02725	0.00715	0.00557	0.00174	0.00661	0.00555	0.00454	0.02633
2	0.01129	0.09813	0.04520	0.01033	0.02827	0.00944	0.02523	0.03722	0.04495	0.04784	0.06878	0.34072	0.05983	0.02602	0.00683	0.00200	0.00464	0.01062	0.00486	0.11781
3	0.03488	0.05372	0.12581	0.04285	0.10552	0.03796	0.07135	0.08842	0.05873	0.12537	0.07755	0.02325	0.07996	0.02539	0.00667	0.00197	0.00646	0.02132	0.00461	0.00822
4	0.03531	0.14082	0.03478	0.09630	0.18872	0.11529	0.01245	0.08092	0.01477	0.05089	0.04086	0.09084	0.01404	0.00953	0.04711	0.00220	0.00743	0.00619	0.00377	0.00778
5	0.01310	0.14027	0.02024	0.17308	0.30639	0.03061	0.01352	0.01569	0.01241	0.01635	0.01435	0.06512	0.03632	0.08401	0.00869	0.02631	0.00674	0.00626	0.00315	0.00739
6	0.00723	0.00608	0.00629	0.00638	0.00831	0.00514	0.00480	0.00880	0.01369	0.01643	0.07281	0.08958	0.68097	0.01538	0.00717	0.00207	0.00314	0.03503	0.00561	0.00510
7	0.01247	0.01069	0.01247	0.00891	0.01426	0.00802	0.00713	0.01515	0.01247	0.01960	0.01069	0.01247	0.00891	0.00446	0.00446	0.00089	0.00446	0.00356	0.00356	0.82536
8	0.01551	0.02745	0.01138	0.00971	0.01231	0.14220	0.02631	0.03846	0.01496	0.14927	0.08175	0.04978	0.10657	0.01123	0.05690	0.00224	0.00598	0.00707	0.22411	0.00682
9	0.04092	0.01469	0.01567	0.01284	0.01700	0.01646	0.01035	0.37319	0.34120	0.06344	0.01912	0.01811	0.01392	0.00760	0.00600	0.00191	0.00568	0.00600	0.00607	0.00982
10	0.05065	0.03498	0.04560	0.01502	0.01647	0.01823	0.01283	0.13802	0.01274	0.01921	0.00916	0.01312	0.00822	0.00942	0.01574	0.00239	0.56247	0.00512	0.00326	0.00732
11	0.01306	0.02787	0.58059	0.01735	0.04196	0.07214	0.05595	0.01901	0.01298	0.01869	0.01102	0.01323	0.00811	0.00598	0.00631	0.00189	0.04225	0.00464	0.03848	0.00847
12	0.01014	0.00683	0.00859	0.00797	0.00978	0.00638	0.00603	0.01358	0.05950	0.07966	0.55078	0.07039	0.12271	0.01222	0.00698	0.00193	0.00317	0.01068	0.00651	0.00617
13	0.01625	0.01706	0.15792	0.01608	0.05176	0.01434	0.12638	0.23624	0.11214	0.05766	0.05730	0.05245	0.04114	0.00772	0.00631	0.00193	0.00685	0.00677	0.00484	0.00886
14	0.00915	0.00662	0.00901	0.01029	0.01158	0.00648	0.00869	0.01157	0.01350	0.01748	0.03439	0.16960	0.09303	0.01683	0.00812	0.00266	0.00504	0.55499	0.00555	0.00541
15	0.01378	0.01315	0.04355	0.09278	0.04314	0.05034	0.11955	0.05183	0.22280	0.04565	0.07271	0.10159	0.05578	0.00898	0.00698	0.00203	0.03481	0.00794	0.00478	0.00783
16	0.01316	0.01316	0.01843	0.01579	0.01579	0.01843	0.01316	0.01448	0.00921	0.01448	0.00790	0.01316	0.00790	0.01053	0.01974	0.00263	0.77757	0.00526	0.00263	0.00658
17	0.83108	0.01163	0.00884	0.00791	0.01163	0.01350	0.00651	0.01768	0.01024	0.02699	0.00838	0.00977	0.00651	0.00558	0.00372	0.00186	0.00465	0.00326	0.00372	0.00651
18	0.01796	0.01549	0.01452	0.01241	0.01591	0.12583	0.00976	0.27989	0.25797	0.02716	0.02000	0.06332	0.03959	0.00831	0.00597	0.00186	0.00607	0.00658	0.06270	0.00871
19	0.01433	0.01372	0.02340	0.15428	0.63809	0.01415	0.01818	0.01797	0.01343	0.01897	0.01122	0.01507	0.00929	0.00546	0.00596	0.00182	0.00729	0.00536	0.00293	0.00908
20	0.02523	0.01029	0.01378	0.01049	0.01522	0.00874	0.00863	0.02760	0.01664	0.66592	0.02215	0.01950	0.01417	0.00708	0.00586	0.00174	0.00504	0.00575	0.00697	0.10919
21	0.00830	0.00614	0.00775	0.00734	0.00886	0.00559	0.00551	0.01094	0.01653	0.02293	0.64363	0.04690	0.16176	0.01274	0.00710	0.00191	0.00287	0.01116	0.00646	0.00559
22	0.01083	0.00857	0.00967	0.00920	0.01129	0.00896	0.00692	0.04833	0.24643	0.02209	0.21874	0.18036	0.14621	0.01232	0.00677	0.00205	0.00377	0.01067	0.02997	0.00685
23	0.07762	0.01072	0.01388	0.01071	0.01532	0.00972	0.00885	0.07017	0.01743	0.66663	0.02221	0.01944	0.01409	0.00731	0.00590	0.00186	0.00518	0.00584	0.00713	0.01000
24	0.00785	0.00595	0.00730	0.00807	0.00911	0.00556	0.00575	0.00996	0.04454	0.01692	0.10236	0.47139	0.21084	0.01681	0.00746	0.00230	0.00349	0.05340	0.00570	0.00524
25	0.04727	0.01095	0.01407	0.01086	0.01540	0.01008	0.00896	0.11582	0.01826	0.62341	0.02204	0.01950	0.01411	0.00735	0.00593	0.00184	0.00522	0.00588	0.03306	0.00999
26	0.12422	0.00875	0.01050	0.00900	0.01193	0.00839	0.00710	0.05709	0.01623	0.26787	0.28307	0.08846	0.06257	0.01015	0.00629	0.00192	0.00410	0.00853	0.00635	0.00747
27	0.01594	0.76485	0.05761	0.01054	0.01582	0.02345	0.01072	0.01805	0.01224	0.01433	0.00845	0.00976	0.00772	0.00517	0.00393	0.00131	0.00652	0.00326	0.00257	0.00776
28	0.01350	0.01130	0.01302	0.00940	0.01469	0.00906	0.00755	0.08552	0.01403	0.02140	0.01106	0.01267	0.00904	0.00473	0.00461	0.00098	0.00467	0.00375	0.00381	0.74523
29	0.02421	0.01470	0.01672	0.01282	0.01758	0.01546	0.01059	0.50251	0.02468	0.27150	0.01747	0.01641	0.01175	0.00729	0.00603	0.00182	0.00613	0.00562	0.00648	0.01023
30	0.83108	0.01163	0.00884	0.00791	0.01163	0.01350	0.00651	0.01768	0.01024	0.02699	0.00838	0.00977	0.00651	0.00558	0.00372	0.00186	0.00465	0.00326	0.00372	0.00651
31	0.02516	0.01061	0.01392	0.01082	0.01525	0.00964	0.00888	0.08426	0.04254	0.63004	0.06594	0.02151	0.01712	0.00774	0.00611	0.00186	0.00509	0.00631	0.00724	0.00994
32	0.01136	0.01069	0.01804	0.77412	0.04143	0.01337	0.01671	0.01537	0.01203	0.01537	0.01069	0.01604	0.00802	0.00601	0.00601	0.00200	0.00802	0.00535	0.00267	0.00668
33	0.00735	0.00530	0.00696	0.00824	0.00870	0.00492	0.00553	0.00846	0.01177	0.01562	0.05218	0.72900	0.07672	0.01850	0.00763	0.00241	0.00345	0.01672	0.00561	0.00492
34	0.02350	0.01000	0.01323	0.01038	0.01449	0.00899	0.00848	0.07597	0.01797	0.57767	0.14855	0.02429	0.02182	0.00827	0.00623	0.00186	0.00483	0.00684	0.00720	0.00945
35	0.02007	0.01546	0.01648	0.01327	0.01759	0.01735	0.01076	0.48339	0.28046	0.03340	0.01800	0.01728	0.01311	0.00755	0.00605	0.00189	0.00596	0.00591	0.00605	0.00998
36	0.83108	0.01163	0.00884	0.00791	0.01163	0.01350	0.00651	0.01768	0.01024	0.02699	0.00838	0.00977	0.00651	0.00558	0.00372	0.00186	0.00465	0.00326	0.00372	0.00651
37	0.02287	0.01685	0.01805	0.01384	0.01866	0.01866	0.01143	0.73100	0.02828	0.03791	0.01444	0.01444	0.01023	0.00722	0.00602	0.00181	0.00662	0.00542	0.00602	0.01023
38	0.00813	0.00616	0.00751	0.00724	0.00884	0.00554	0.00548	0.01058	0.01593	0.02157	0.51910	0.04956	0.26270	0.01332	0.00714	0.00196	0.00299	0.03447	0.00628	0.00549
39	0.01608	0.79220	0.03152	0.01029	0.01544	0.02380	0.01029	0.01801	0.01222	0.01415	0.00836	0.00965	0.00772	0.00515	0.00386	0.00129	0.00643	0.00322	0.00257	0.00772
40	0.00859	0.00645	0.00967	0.00967	0.01074	0.00752	0.00752	0.01074	0.00967	0.01396	0.01611	0.02363	0.01504	0.04512	0.76474	0.00967	0.01611	0.00645	0.00322	0.00537
41	0.01555	0.55887	0.18359	0.01259	0.01843	0.06532	0.03872	0.01863	0.01268	0.01540	0.00907	0.01060	0.00775	0.00533	0.00446	0.00146	0.00735	0.00365	0.00261	0.00794
42	0.00844	0.00611	0.00803	0.00803	0.00932	0.00569	0.00608	0.01099	0.01583	0.02202	0.55101	0.14825	0.07191	0.01375	0.00731	0.00207	0.00323	0.09005	0.00633	0.00554
43	0.01544	0.01212	0.01441	0.24554	0.04913	0.05707	0.01110	0.22309	0.01728	0.02419	0.01446	0.01719	0.01097	0.00666	0.00542	0.00173	0.00615	0.00536	0.25519	0.00750
44	0.00869	0.00581	0.00658	0.00664	0.00666	0.00579	0.00373	0.00873	0.00887	0.01183	0.01958	0.07203	0.02266	0.75485	0.02961	0.00568	0.00573	0.00911	0.00373	0.00370
45	0.01045	0.00522	0.00784	0.00784	0.00784	0.00522	0.00522	0.00784	0.00784	0.01045	0.01045	0.01829	0.01045	0.02090	0.02351	0.82497	0.00522	0.00522	0.00261	0.00261
46	0.01608	0.79220	0.03152	0.01029	0.01544	0.02380	0.01029	0.01801	0.01222	0.01415	0.00836	0.00965	0.00772	0.00515	0.00386	0.00129	0.00643	0.00322	0.00257	0.00772
47	0.00875	0.00583	0.00656	0.00656	0.00656	0.00583	0.00365	0.00875	0.00875	0.01166	0.01895	0.03937	0.02187	0.78858	0.03062	0.00583	0.00583	0.00875	0.00365	0.00365
48	0.06749	0.01070	0.01394	0.01075	0.01536	0.00966	0.00888	0.07032	0.01752	0.67581	0.02240	0.01958	0.01419	0.00734	0.00593	0.00186	0.00518	0.00587	0.00717	0.01005
49	0.83108	0.01163	0.00884	0.00791	0.01163	0.01350	0.00651	0.01768	0.01024	0.02699	0.00838	0.00977	0.00651	0.00558	0.00372	0.00186	0.00465	0.00326	0.00372	0.00651
50	0.00969	0.00692	0.00969	0.01108	0.01246	0.00692	0.00969	0.01246	0.01385	0.01800	0.03185	0.06786	0.03462	0.01662	0.00831	0.00277	0.00554	0.71057	0.00554	0.00554
51	0.01608	0.79220	0.03152	0.01029	0.01544	0.02380	0.01029	0.01801	0.01222	0.01415	0.00836	0.00965	0.00772	0.00515	0.00386	0.00129	0.00643	0.00322	0.00257	0.00772
52	0.02185	0.01503	0.01792	0.04914	0.10235	0.01613	0.01195	0.47371	0.05098	0.15542	0.01587	0.01588	0.01115	0.00703	0.00602	0.00183	0.00642	0.00557	0.00577	0.00997
53	0.02103	0.01608	0.01669	0.01336	0.01773	0.05086	0.01084	0.48902	0.20848	0.06654	0.01719	0.01659	0.01240	0.00743	0.00602	0.00186	0.00627	0.00573	0.00598	0.00990
54	0.00949	0.00678	0.00911	0.01022	0.01138	0.00675	0.00831	0.04025	0.01355	0.01779	0.03106	0.27852	0.03470	0.04543	0.00885	0.00275	0.00498	0.44911	0.00550	0.00546
55	0.01305	0.01316	0.02439	0.37307	0.17511	0.01417	0.23280	0.01783	0.04255	0.01778	0.01182	0.01613	0.00907	0.00569	0.00634	0.00197	0.00836	0.00594	0.00298	0.00778
56	0.02239	0.01628	0.01774	0.01373	0.01830	0.01810	0.01133	0.64837	0.05048	0.06776	0.01491	0.01492	0.01061	0.00740	0.00658	0.00185	0.03776	0.00548	0.00595	0.01006
57	0.00874	0.00586	0.00669	0.00669	0.00673	0.00590	0.00380	0.00883	0.00879	0.01176	0.01884	0.03873	0.02159	0.75843	0.06040	0.00599	0.00625	0.00865	0.00363	0.00372

[dist]
# distance from previous block
# <min> <max>
0	7

[block]
# block no. 1 follows, 38 sequences, length 60
# corresponding to MSA columns:
# 388-447
name=unknown_B
#
# <colnr> <probs for GDERKNQSTAVLIFYWHMCP>
#	G	D	E	R	K	N	Q	S	T	A	V	L	I	F	Y	W	H	M	C	P
0	0.02249	0.02818	0.01709	0.01543	0.01860	0.73371	0.01162	0.05314	0.01751	0.01568	0.00951	0.01100	0.00785	0.00624	0.00545	0.00156	0.01067	0.00394	0.00322	0.00711
1	0.01346	0.01379	0.01702	0.01488	0.01535	0.09351	0.01219	0.01492	0.01008	0.01443	0.00923	0.01443	0.00891	0.01507	0.12575	0.00354	0.58893	0.00529	0.00277	0.00645
2	0.01247	0.01069	0.01247	0.00891	0.01426	0.00802	0.00713	0.01515	0.01247	0.01960	0.01069	0.01247	0.00891	0.00446	0.00446	0.00089	0.00446	0.00356	0.00356	0.82536
3	0.00720	0.00610	0.00621	0.00618	0.00818	0.00511	0.00464	0.00880	0.01391	0.01673	0.10272	0.05711	0.70654	0.01506	0.00711	0.00202	0.00303	0.01259	0.00565	0.00511
4	0.01325	0.01262	0.02146	0.37912	0.42166	0.01386	0.01765	0.01703	0.01292	0.01767	0.01103	0.01542	0.00883	0.00566	0.00598	0.00189	0.00755	0.00535	0.00284	0.00821
5	0.16939	0.06612	0.01204	0.00896	0.01222	0.01057	0.00739	0.05199	0.01426	0.26111	0.03836	0.01849	0.01370	0.00817	0.02777	0.00195	0.03408	0.00530	0.23047	0.00767
6	0.00737	0.00530	0.00699	0.00826	0.00871	0.00493	0.00555	0.00851	0.01182	0.01575	0.06379	0.72816	0.06567	0.01845	0.00763	0.00241	0.00345	0.01669	0.00563	0.00493
7	0.01467	0.09544	0.02915	0.04302	0.05127	0.03885	0.40036	0.04502	0.01341	0.01814	0.01075	0.01458	0.00869	0.00646	0.00944	0.00206	0.18187	0.00602	0.00300	0.00778
8	0.00860	0.00642	0.00954	0.00954	0.01057	0.00745	0.00736	0.01066	0.00963	0.01387	0.01623	0.02429	0.01532	0.07596	0.73429	0.00951	0.01569	0.00654	0.00324	0.00530
9	0.02253	0.01668	0.01786	0.01377	0.01853	0.01850	0.01135	0.70083	0.05901	0.03736	0.01488	0.01479	0.01058	0.00726	0.00602	0.00182	0.00654	0.00548	0.00602	0.01020
10	0.07982	0.00958	0.01047	0.00953	0.01211	0.02973	0.00763	0.11924	0.06235	0.08927	0.13908	0.05708	0.10674	0.01215	0.03905	0.00231	0.00507	0.10804	0.09378	0.00696
11	0.01496	0.01292	0.01360	0.01224	0.01564	0.01496	0.00952	0.03197	0.74019	0.02516	0.02448	0.02244	0.01836	0.00816	0.00612	0.00204	0.00476	0.00680	0.00612	0.00952
12	0.83108	0.01163	0.00884	0.00791	0.01163	0.01350	0.00651	0.01768	0.01024	0.02699	0.00838	0.00977	0.00651	0.00558	0.00372	0.00186	0.00465	0.00326	0.00372	0.00651
13	0.01564	0.70910	0.11078	0.01104	0.01660	0.02273	0.01160	0.01813	0.01228	0.01469	0.00863	0.00998	0.00771	0.00521	0.00406	0.00135	0.00670	0.00335	0.00257	0.00785
14	0.01358	0.00912	0.01103	0.01038	0.01240	0.03405	0.00820	0.10569	0.01608	0.12444	0.16890	0.22672	0.03219	0.01318	0.00778	0.00221	0.04356	0.14787	0.00587	0.00676
15	0.00739	0.00596	0.00659	0.00675	0.00838	0.00515	0.00494	0.00906	0.01391	0.01747	0.17587	0.18131	0.50545	0.01535	0.00721	0.00208	0.00309	0.01314	0.00577	0.00515
16	0.00733	0.00524	0.00698	0.00838	0.00873	0.00489	0.00558	0.00838	0.01152	0.01536	0.03316	0.78466	0.03979	0.01885	0.00768	0.00244	0.00349	0.01710	0.00558	0.00489
17	0.00838	0.00608	0.00790	0.00758	0.00894	0.00560	0.00563	0.01104	0.01651	0.02321	0.67211	0.09986	0.07880	0.01288	0.00714	0.00194	0.00289	0.01140	0.00651	0.00560
18	0.00770	0.00612	0.00691	0.00671	0.00849	0.00533	0.00503	0.00977	0.01510	0.01954	0.34789	0.05248	0.45961	0.01401	0.00710	0.00197	0.00296	0.01194	0.00602	0.00533
19	0.02304	0.01658	0.01789	0.01371	0.01852	0.01825	0.01133	0.70210	0.02783	0.06746	0.01483	0.01469	0.01042	0.00723	0.00602	0.00181	0.00656	0.00544	0.00608	0.01023
20	0.83108	0.01163	0.00884	0.00791	0.01163	0.01350	0.00651	0.01768	0.01024	0.02699	0.00838	0.00977	0.00651	0.00558	0.00372	0.00186	0.00465	0.00326	0.00372	0.00651
21	0.02064	0.01530	0.01505	0.01281	0.01651	0.14845	0.01046	0.27325	0.04533	0.18670	0.01958	0.02669	0.01624	0.00911	0.00641	0.00198	0.00676	0.15439	0.00571	0.00863
22	0.04845	0.01390	0.01605	0.01234	0.01705	0.01435	0.01019	0.41310	0.02307	0.34107	0.01819	0.01686	0.01209	0.00727	0.00596	0.00183	0.00593	0.00562	0.00655	0.01012
23	0.01420	0.01623	0.03550	0.02535	0.03144	0.01521	0.72921	0.01927	0.01420	0.01927	0.01217	0.01623	0.00913	0.00507	0.00710	0.00203	0.01014	0.00710	0.00304	0.00811
24	0.02699	0.01024	0.01396	0.01070	0.01536	0.00884	0.00884	0.02932	0.01722	0.75522	0.02373	0.02048	0.01489	0.00745	0.00605	0.00186	0.00512	0.00605	0.00745	0.01024
25	0.01451	0.01384	0.02354	0.03549	0.71373	0.01382	0.01781	0.01796	0.01359	0.01944	0.01241	0.05360	0.01105	0.00604	0.00604	0.00182	0.00696	0.00595	0.00311	0.00930
26	0.00837	0.00614	0.00784	0.00742	0.00890	0.00561	0.00556	0.01107	0.01669	0.02332	0.67741	0.04627	0.12774	0.01260	0.00710	0.00191	0.00286	0.01107	0.00652	0.00561
27	0.00748	0.00547	0.00708	0.00830	0.00893	0.00506	0.00577	0.00872	0.01197	0.01567	0.03651	0.64007	0.12750	0.01823	0.00766	0.00242	0.00359	0.06904	0.00558	0.00496
28	0.01608	0.79220	0.03152	0.01029	0.01544	0.02380	0.01029	0.01801	0.01222	0.01415	0.00836	0.00965	0.00772	0.00515	0.00386	0.00129	0.00643	0.00322	0.00257	0.00772
29	0.01136	0.01069	0.01804	0.77412	0.04143	0.01337	0.01671	0.01537	0.01203	0.01537	0.01069	0.01604	0.00802	0.00601	0.00601	0.00200	0.00802	0.00535	0.00267	0.00668
30	0.01608	0.79220	0.03152	0.01029	0.01544	0.02380	0.01029	0.01801	0.01222	0.01415	0.00836	0.00965	0.00772	0.00515	0.00386	0.00129	0.00643	0.00322	0.00257	0.00772
31	0.83108	0.01163	0.00884	0.00791	0.01163	0.01350	0.00651	0.01768	0.01024	0.02699	0.00838	0.00977	0.00651	0.00558	0.00372	0.00186	0.00465	0.00326	0.00372	0.00651
32	0.00951	0.00715	0.00886	0.00840	0.00848	0.00815	0.00559	0.00989	0.00890	0.01232	0.01682	0.03364	0.01893	0.59820	0.08280	0.00556	0.14110	0.00797	0.00344	0.00428
33	0.01207	0.03112	0.75741	0.01715	0.02604	0.01397	0.02223	0.01905	0.01270	0.01905	0.01080	0.01270	0.00762	0.00572	0.00572	0.00191	0.00889	0.00445	0.00254	0.00889
34	0.01225	0.01135	0.01903	0.02484	0.40960	0.01105	0.07597	0.01547	0.01439	0.02013	0.18925	0.07259	0.08107	0.00857	0.00652	0.00189	0.00585	0.00811	0.00420	0.00786
35	0.01319	0.00694	0.00890	0.00878	0.01068	0.00641	0.00682	0.01517	0.01364	0.19629	0.03056	0.24854	0.09265	0.03944	0.00759	0.00228	0.00422	0.14923	0.13226	0.00640
36	0.01212	0.03021	0.72025	0.01708	0.02552	0.01419	0.02177	0.01882	0.01253	0.01882	0.01065	0.01272	0.00763	0.00596	0.00642	0.00194	0.04754	0.00449	0.00254	0.00877
37	0.01231	0.00775	0.00795	0.00755	0.00954	0.00835	0.00576	0.01928	0.22589	0.02323	0.02105	0.02243	0.01628	0.00735	0.00477	0.00159	0.00338	0.00596	0.58282	0.00675
38	0.00949	0.00631	0.00799	0.00746	0.00909	0.00577	0.00563	0.01218	0.01643	0.06003	0.59789	0.04344	0.11752	0.01198	0.00685	0.00187	0.00297	0.01046	0.06079	0.00584
39	0.01489	0.01429	0.02442	0.03692	0.75106	0.01429	0.01846	0.01846	0.01370	0.01965	0.01132	0.01489	0.00953	0.00536	0.00596	0.00179	0.00715	0.00536	0.00298	0.00953
40	0.83108	0.01163	0.00884	0.00791	0.01163	0.01350	0.00651	0.01768	0.01024	0.02699	0.00838	0.00977	0.00651	0.00558	0.00372	0.00186	0.00465	0.00326	0.00372	0.00651
41	0.01608	0.79220	0.03152	0.01029	0.01544	0.02380	0.01029	0.01801	0.01222	0.01415	0.00836	0.00965	0.00772	0.00515	0.00386	0.00129	0.00643	0.00322	0.00257	0.00772
42	0.01338	0.01463	0.03112	0.02290	0.02817	0.01377	0.60908	0.01802	0.01407	0.01898	0.01549	0.04517	0.01353	0.00706	0.00728	0.00214	0.00932	0.10476	0.00346	0.00767
43	0.00859	0.00645	0.00967	0.00967	0.01074	0.00752	0.00752	0.01074	0.00967	0.01396	0.01611	0.02363	0.01504	0.04512	0.76474	0.00967	0.01611	0.00645	0.00322	0.00537
44	0.00736	0.00607	0.00647	0.00643	0.00830	0.00518	0.00480	0.00910	0.01421	0.01759	0.17969	0.08145	0.60285	0.01485	0.00713	0.00202	0.00303	0.01254	0.00577	0.00518
45	0.01908	0.01377	0.01503	0.01253	0.01654	0.01526	0.01002	0.24836	0.41949	0.13005	0.02127	0.01969	0.01536	0.00777	0.00608	0.00194	0.00539	0.00627	0.00627	0.00984
46	0.01608	0.79220	0.03152	0.01029	0.01544	0.02380	0.01029	0.01801	0.01222	0.01415	0.00836	0.00965	0.00772	0.00515	0.00386	0.00129	0.00643	0.00322	0.00257	0.00772
47	0.01052	0.00844	0.01341	0.01310	0.01521	0.00838	0.10929	0.01414	0.04141	0.01845	0.02885	0.05899	0.03048	0.01470	0.00806	0.00264	0.00615	0.58653	0.00522	0.00605
48	0.02536	0.01176	0.01477	0.01144	0.01605	0.01125	0.00942	0.17270	0.06704	0.56079	0.02189	0.01937	0.01417	0.00745	0.00605	0.00186	0.00540	0.00597	0.00707	0.01019
49	0.01213	0.01155	0.01990	0.56760	0.17646	0.01342	0.05388	0.01607	0.01252	0.01649	0.01160	0.01757	0.00926	0.00620	0.00614	0.00199	0.00788	0.02922	0.00285	0.00727
50	0.01496	0.01292	0.01360	0.01224	0.01564	0.01496	0.00952	0.03197	0.74019	0.02516	0.02448	0.02244	0.01836	0.00816	0.00612	0.00204	0.00476	0.00680	0.00612	0.00952
51	0.01489	0.01429	0.02442	0.03692	0.75106	0.01429	0.01846	0.01846	0.01370	0.01965	0.01132	0.01489	0.00953	0.00536	0.00596	0.00179	0.00715	0.00536	0.00298	0.00953
52	0.83108	0.01163	0.00884	0.00791	0.01163	0.01350	0.00651	0.01768	0.01024	0.02699	0.00838	0.00977	0.00651	0.00558	0.00372	0.00186	0.00465	0.00326	0.00372	0.00651
53	0.01316	0.01316	0.01843	0.01579	0.01579	0.01843	0.01316	0.01448	0.00921	0.01448	0.00790	0.01316	0.00790	0.01053	0.01974	0.00263	0.77757	0.00526	0.00263	0.00658
54	0.01217	0.01040	0.01101	0.01010	0.01265	0.03656	0.00775	0.02210	0.38806	0.02355	0.28254	0.03350	0.10422	0.01026	0.00654	0.00197	0.00412	0.00872	0.00614	0.00764
55	0.06142	0.01075	0.01402	0.01080	0.01542	0.00971	0.00892	0.07664	0.01767	0.67490	0.02244	0.01960	0.01421	0.00735	0.00595	0.00186	0.00520	0.00589	0.00719	0.01008
56	0.28967	0.01297	0.01636	0.01248	0.01719	0.01306	0.13569	0.14675	0.01533	0.08109	0.02721	0.01387	0.00984	0.00583	0.00514	0.00168	0.00594	0.00476	0.00432	0.18083
57	0.00732	0.00528	0.00694	0.00826	0.00870	0.00490	0.00553	0.00839	0.01163	0.01540	0.03455	0.74811	0.07543	0.01867	0.00765	0.00242	0.00347	0.01688	0.00558	0.00490
58	0.01656	0.01743	0.01390	0.01286	0.01573	0.27850	0.00972	0.02589	0.38370	0.02012	0.02032	0.12386	0.01758	0.00895	0.00609	0.00192	0.00674	0.00719	0.00498	0.00798
59	0.05763	0.01501	0.01568	0.01235	0.01664	0.04647	0.01010	0.48973	0.04326	0.12316	0.01592	0.01589	0.01130	0.00714	0.00571	0.00177	0.00607	0.00539	0.09135	0.00943

[dist]
# distance from previous block
# <min> <max>
0	17

[block]
# block no. 2 follows, 38 sequences, length 10
# corresponding to MSA columns:
# 465-474
name=unknown_C
#
# <colnr> <probs for GDERKNQSTAVLIFYWHMCP>
#	G	D	E	R	K	N	Q	S	T	A	V	L	I	F	Y	W	H	M	C	P
0	0.49115	0.01311	0.01192	0.00988	0.01384	0.01483	0.00812	0.27160	0.01682	0.03059	0.01125	0.01224	0.00840	0.00626	0.00457	0.00181	0.00524	0.00418	0.05640	0.00778
1	0.01496	0.01292	0.01360	0.01224	0.01564	0.01496	0.00952	0.03197	0.74019	0.02516	0.02448	0.02244	0.01836	0.00816	0.00612	0.00204	0.00476	0.00680	0.00612	0.00952
2	0.01082	0.00590	0.00700	0.00716	0.00846	0.00562	0.00520	0.01299	0.01310	0.07716	0.10753	0.28304	0.02834	0.01166	0.00585	0.00185	0.00322	0.01014	0.38922	0.00573
3	0.01136	0.01069	0.01804	0.77412	0.04143	0.01337	0.01671	0.01537	0.01203	0.01537	0.01069	0.01604	0.00802	0.00601	0.00601	0.00200	0.00802	0.00535	0.00267	0.00668
4	0.00857	0.00679	0.00787	0.00833	0.00976	0.00660	0.00604	0.01235	0.12429	0.01758	0.06791	0.38270	0.25914	0.01573	0.00726	0.00224	0.00360	0.04179	0.00571	0.00571
5	0.01045	0.00522	0.00784	0.00784	0.00784	0.00522	0.00522	0.00784	0.00784	0.01045	0.01045	0.01829	0.01045	0.02090	0.02351	0.82497	0.00522	0.00522	0.00261	0.00261
6	0.01243	0.22457	0.08539	0.01264	0.05117	0.07163	0.05819	0.01497	0.01339	0.01692	0.10816	0.15692	0.10809	0.00991	0.00638	0.00184	0.02829	0.00829	0.00404	0.00679
7	0.12992	0.00799	0.00886	0.00860	0.01046	0.00824	0.00640	0.01524	0.11884	0.06144	0.17213	0.17870	0.07890	0.11622	0.00974	0.00260	0.00421	0.04992	0.00544	0.00614
8	0.01266	0.04876	0.11499	0.01791	0.19977	0.03939	0.01262	0.01547	0.01233	0.05521	0.01779	0.09433	0.05098	0.01653	0.15895	0.02983	0.05635	0.03526	0.00364	0.00724
9	0.01507	0.03833	0.08105	0.22139	0.26362	0.10647	0.03642	0.05906	0.06028	0.01892	0.01170	0.01481	0.00924	0.00610	0.00632	0.00186	0.03267	0.00518	0.00323	0.00827

[dist]
# distance from previous block
# <min> <max>
0	2

[block]
# block no. 3 follows, 38 sequences, length 48
# corresponding to MSA columns:
# 477-524
name=unknown_D
#
# <colnr> <probs for GDERKNQSTAVLIFYWHMCP>
#	G	D	E	R	K	N	Q	S	T	A	V	L	I	F	Y	W	H	M	C	P
0	0.01480	0.01505	0.04433	0.10877	0.48206	0.05027	0.07869	0.03985	0.05055	0.01963	0.01249	0.03381	0.01039	0.00597	0.00608	0.00185	0.00750	0.00577	0.00325	0.00888
1	0.03233	0.01998	0.22394	0.03316	0.07955	0.10754	0.18795	0.03793	0.01444	0.10928	0.01354	0.03715	0.01035	0.00639	0.00638	0.00189	0.02683	0.00573	0.03730	0.00831
2	0.01342	0.01392	0.02267	0.01817	0.01968	0.01763	0.19123	0.01567	0.01045	0.01567	0.00896	0.01392	0.00820	0.00917	0.01660	0.00248	0.58673	0.00572	0.00273	0.00696
3	0.01382	0.01326	0.01994	0.02856	0.52234	0.06042	0.01494	0.01650	0.01322	0.01802	0.01610	0.09491	0.05230	0.02760	0.00784	0.03552	0.02626	0.00691	0.00338	0.00816
4	0.06337	0.03694	0.01937	0.04679	0.04972	0.07696	0.12994	0.17731	0.10037	0.16615	0.01574	0.01656	0.01143	0.00826	0.03695	0.00219	0.02253	0.00570	0.00491	0.00881
5	0.00772	0.00591	0.00708	0.00722	0.00861	0.00527	0.00525	0.00965	0.01450	0.01916	0.32673	0.22633	0.30495	0.01493	0.00724	0.00207	0.00307	0.01303	0.00600	0.00527
6	0.00755	0.00619	0.00671	0.00681	0.00870	0.00535	0.00526	0.00936	0.01408	0.01729	0.13138	0.05762	0.59424	0.01508	0.00724	0.00210	0.00330	0.09084	0.00569	0.00519
7	0.01489	0.01429	0.02442	0.03692	0.75106	0.01429	0.01846	0.01846	0.01370	0.01965	0.01132	0.01489	0.00953	0.00536	0.00596	0.00179	0.00715	0.00536	0.00298	0.00953
8	0.01235	0.00840	0.00906	0.00818	0.01069	0.00852	0.00628	0.01892	0.21272	0.03758	0.05800	0.05222	0.03700	0.00793	0.00515	0.00160	0.00364	0.00656	0.38151	0.11369
9	0.01154	0.01087	0.01836	0.73712	0.07706	0.01341	0.01679	0.01553	0.01211	0.01559	0.01072	0.01598	0.00810	0.00598	0.00601	0.00199	0.00798	0.00535	0.00269	0.00683
10	0.02484	0.04375	0.01724	0.01246	0.01729	0.01118	0.07924	0.10657	0.01796	0.57271	0.02093	0.01894	0.01351	0.00709	0.00606	0.00185	0.00583	0.00596	0.00666	0.00993
11	0.01499	0.01495	0.03095	0.06346	0.09864	0.01421	0.54436	0.01953	0.01422	0.08040	0.01356	0.03781	0.01044	0.00573	0.00686	0.00200	0.00914	0.00703	0.00346	0.00826
12	0.28696	0.04437	0.01484	0.01276	0.01623	0.45125	0.00990	0.06544	0.01537	0.02015	0.00929	0.01068	0.00750	0.00603	0.00486	0.00166	0.00843	0.00375	0.00347	0.00705
13	0.83108	0.01163	0.00884	0.00791	0.01163	0.01350	0.00651	0.01768	0.01024	0.02699	0.00838	0.00977	0.00651	0.00558	0.00372	0.00186	0.00465	0.00326	0.00372	0.00651
14	0.00751	0.00541	0.00712	0.00817	0.00875	0.00502	0.00557	0.00887	0.01248	0.01680	0.14956	0.64098	0.06609	0.01767	0.00757	0.00234	0.00337	0.01595	0.00575	0.00502
15	0.01421	0.01360	0.02319	0.17859	0.61469	0.01412	0.01812	0.01787	0.01338	0.01883	0.01120	0.01511	0.00924	0.00549	0.00597	0.00183	0.00731	0.00536	0.00292	0.00898
16	0.01451	0.01171	0.01269	0.01139	0.01455	0.01317	0.00885	0.02850	0.58928	0.06144	0.12070	0.02625	0.04271	0.00886	0.00627	0.00201	0.00448	0.00746	0.00624	0.00893
17	0.01600	0.01489	0.01275	0.01113	0.01390	0.21390	0.00859	0.16260	0.03573	0.05216	0.18779	0.02924	0.14840	0.03941	0.00755	0.00198	0.02405	0.00768	0.00518	0.00708
18	0.01467	0.01062	0.01270	0.00918	0.01442	0.00814	0.00739	0.01729	0.01319	0.13084	0.01266	0.01368	0.00981	0.00491	0.00470	0.00104	0.00456	0.00394	0.00415	0.70210
19	0.01671	0.01347	0.01439	0.01248	0.01615	0.01531	0.00988	0.16809	0.56276	0.04784	0.02268	0.02195	0.01708	0.00817	0.00615	0.00201	0.00515	0.02402	0.00612	0.00958
20	0.02227	0.01200	0.01424	0.01145	0.01564	0.01219	0.00928	0.17079	0.20143	0.38639	0.02182	0.01986	0.01485	0.00756	0.00596	0.00187	0.00521	0.00609	0.05131	0.00980
21	0.01087	0.00568	0.00592	0.00586	0.00726	0.00562	0.00439	0.01368	0.01318	0.02265	0.11300	0.02531	0.02072	0.00769	0.00458	0.00146	0.00281	0.00628	0.71744	0.00562
22	0.10204	0.01330	0.01287	0.01102	0.01455	0.09596	0.00872	0.09794	0.24866	0.18426	0.01925	0.01861	0.01395	0.00726	0.00549	0.00181	0.00541	0.00563	0.12468	0.00859
23	0.00863	0.00629	0.00887	0.00887	0.00967	0.00709	0.00653	0.01023	0.00943	0.01338	0.01684	0.02766	0.01679	0.23563	0.57662	0.00869	0.01348	0.00704	0.00333	0.00493
24	0.04330	0.02116	0.01730	0.01439	0.01824	0.31621	0.01140	0.37833	0.04274	0.02697	0.01223	0.01306	0.00927	0.00694	0.00633	0.00175	0.04232	0.00478	0.00465	0.00865
25	0.01167	0.01116	0.01909	0.68566	0.05647	0.01370	0.05236	0.01560	0.01205	0.01563	0.01066	0.01589	0.00810	0.00615	0.00667	0.00203	0.04216	0.00543	0.00270	0.00682
26	0.01519	0.62267	0.19322	0.01182	0.01780	0.02161	0.01295	0.01824	0.01233	0.01524	0.00891	0.01033	0.00770	0.00527	0.00427	0.00142	0.00698	0.00349	0.00257	0.00798
27	0.69245	0.01139	0.00972	0.00839	0.01228	0.01269	0.00692	0.01969	0.01144	0.15254	0.01102	0.01162	0.00796	0.00591	0.00412	0.00186	0.00473	0.00374	0.00436	0.00716
28	0.01802	0.01929	0.01678	0.07950	0.11357	0.32110	0.01211	0.02555	0.27324	0.03731	0.01543	0.01615	0.01195	0.00680	0.00580	0.00180	0.00783	0.00528	0.00423	0.00826
29	0.00979	0.00714	0.00871	0.00877	0.01015	0.00715	0.00633	0.04451	0.10134	0.03749	0.19196	0.35613	0.08505	0.05477	0.03953	0.00267	0.00428	0.01252	0.00575	0.00596
30	0.00792	0.00634	0.00702	0.00688	0.00864	0.00568	0.00509	0.01037	0.04398	0.01868	0.25706	0.07959	0.45769	0.04845	0.00813	0.00217	0.00320	0.01192	0.00582	0.00536
31	0.02674	0.01064	0.01421	0.01090	0.01556	0.00944	0.00900	0.07224	0.01790	0.71134	0.02316	0.02011	0.01461	0.00743	0.00605	0.00186	0.00521	0.00601	0.00736	0.01024
32	0.01517	0.00704	0.00816	0.00728	0.00954	0.00669	0.00566	0.03412	0.01427	0.20693	0.05081	0.05640	0.01793	0.00786	0.00498	0.00159	0.00351	0.00644	0.52877	0.00685
33	0.60779	0.01125	0.01026	0.00869	0.01267	0.01220	0.00716	0.02091	0.01218	0.22921	0.01264	0.01274	0.00884	0.00610	0.00437	0.00186	0.00478	0.00403	0.00476	0.00755
34	0.01121	0.00561	0.00561	0.00561	0.00701	0.00561	0.00421	0.01402	0.01262	0.02243	0.01962	0.02243	0.01542	0.00701	0.00421	0.00140	0.00280	0.00561	0.82198	0.00561
35	0.01333	0.00877	0.01088	0.00965	0.01213	0.02667	0.03101	0.04368	0.06228	0.15337	0.16663	0.10266	0.13362	0.07078	0.04790	0.00267	0.00521	0.05510	0.00568	0.03800
36	0.01608	0.79220	0.03152	0.01029	0.01544	0.02380	0.01029	0.01801	0.01222	0.01415	0.00836	0.00965	0.00772	0.00515	0.00386	0.00129	0.00643	0.00322	0.00257	0.00772
37	0.83108	0.01163	0.00884	0.00791	0.01163	0.01350	0.00651	0.01768	0.01024	0.02699	0.00838	0.00977	0.00651	0.00558	0.00372	0.00186	0.00465	0.00326	0.00372	0.00651
38	0.02287	0.01685	0.01805	0.01384	0.01866	0.01866	0.01143	0.73100	0.02828	0.03791	0.01444	0.01444	0.01023	0.00722	0.00602	0.00181	0.00662	0.00542	0.00602	0.01023
39	0.00728	0.00587	0.00648	0.00681	0.00835	0.00508	0.00492	0.00878	0.01340	0.01664	0.10791	0.24751	0.50803	0.01595	0.00726	0.00213	0.00315	0.01371	0.00567	0.00508
40	0.01420	0.01623	0.03550	0.02535	0.03144	0.01521	0.72921	0.01927	0.01420	0.01927	0.01217	0.01623	0.00913	0.00507	0.00710	0.00203	0.01014	0.00710	0.00304	0.00811
41	0.00968	0.00730	0.00933	0.01023	0.01171	0.00742	0.00834	0.01391	0.11257	0.01825	0.03352	0.22029	0.09204	0.01585	0.00777	0.00254	0.00477	0.40297	0.00563	0.00590
42	0.01045	0.00522	0.00784	0.00784	0.00784	0.00522	0.00522	0.00784	0.00784	0.01045	0.01045	0.01829	0.01045	0.02090	0.02351	0.82497	0.00522	0.00522	0.00261	0.00261
43	0.01608	0.79220	0.03152	0.01029	0.01544	0.02380	0.01029	0.01801	0.01222	0.01415	0.00836	0.00965	0.00772	0.00515	0.00386	0.00129	0.00643	0.00322	0.00257	0.00772
44	0.01378	0.01321	0.01639	0.03652	0.01644	0.06135	0.04074	0.03993	0.17897	0.01788	0.01492	0.05314	0.01366	0.05478	0.01406	0.00254	0.36737	0.03326	0.00388	0.00717
45	0.01136	0.01069	0.01804	0.77412	0.04143	0.01337	0.01671	0.01537	0.01203	0.01537	0.01069	0.01604	0.00802	0.00601	0.00601	0.00200	0.00802	0.00535	0.00267	0.00668
46	0.01450	0.01390	0.02372	0.11768	0.67332	0.01419	0.01827	0.01812	0.01351	0.01918	0.01125	0.01501	0.00936	0.00543	0.00596	0.00181	0.00724	0.00536	0.00294	0.00922
47	0.01674	0.01484	0.01411	0.01294	0.01559	0.20561	0.02805	0.13881	0.01700	0.08342	0.02101	0.10785	0.02061	0.01122	0.00736	0.00216	0.03875	0.23179	0.00498	0.00715

[dist]
# distance from previous block
# <min> <max>
0	1

[block]
# block no. 4 follows, 38 sequences, length 13
# corresponding to MSA columns:
# 526-538
name=unknown_E
#
# <colnr> <probs for GDERKNQSTAVLIFYWHMCP>
#	G	D	E	R	K	N	Q	S	T	A	V	L	I	F	Y	W	H	M	C	P
0	0.00841	0.00615	0.00790	0.00746	0.00892	0.00563	0.00560	0.01115	0.01679	0.02355	0.69773	0.04588	0.10727	0.01251	0.00710	0.00190	0.00285	0.01101	0.00655	0.00563
1	0.02166	0.02299	0.01662	0.01458	0.01774	0.49438	0.01126	0.07806	0.07001	0.10696	0.01242	0.01334	0.00959	0.00696	0.00688	0.00174	0.07840	0.00459	0.00403	0.00777
2	0.01354	0.01165	0.01296	0.01033	0.01485	0.01099	0.00815	0.02233	0.32335	0.02198	0.01658	0.01673	0.01295	0.00604	0.00517	0.00138	0.00459	0.00495	0.00466	0.47683
3	0.02034	0.01294	0.01462	0.01194	0.01593	0.01380	0.00961	0.28172	0.22899	0.21604	0.02092	0.05952	0.01555	0.00816	0.00607	0.00190	0.00537	0.00661	0.04041	0.00955
4	0.01194	0.00963	0.01320	0.01449	0.10666	0.01071	0.00996	0.08047	0.04171	0.03702	0.02305	0.32997	0.02497	0.01347	0.00959	0.00235	0.15266	0.09667	0.00479	0.00670
5	0.01004	0.00752	0.01082	0.00992	0.01188	0.00714	0.09339	0.01309	0.05448	0.04211	0.06339	0.28239	0.16522	0.01305	0.00676	0.00208	0.00430	0.04865	0.14780	0.00594
6	0.00890	0.00761	0.00918	0.00922	0.01048	0.05480	0.04163	0.01065	0.01356	0.01766	0.20089	0.43771	0.12404	0.01539	0.00730	0.00219	0.00409	0.01378	0.00554	0.00539
7	0.01136	0.01069	0.01804	0.77412	0.04143	0.01337	0.01671	0.01537	0.01203	0.01537	0.01069	0.01604	0.00802	0.00601	0.00601	0.00200	0.00802	0.00535	0.00267	0.00668
8	0.13520	0.23279	0.09097	0.01523	0.10555	0.22643	0.01196	0.01961	0.03227	0.01767	0.01105	0.05538	0.00986	0.00644	0.00499	0.00165	0.00752	0.00467	0.00320	0.00755
9	0.02699	0.01024	0.01396	0.01070	0.01536	0.00884	0.00884	0.02932	0.01722	0.75522	0.02373	0.02048	0.01489	0.00745	0.00605	0.00186	0.00512	0.00605	0.00745	0.01024
10	0.01316	0.01316	0.01843	0.01579	0.01579	0.01843	0.01316	0.01448	0.00921	0.01448	0.00790	0.01316	0.00790	0.01053	0.01974	0.00263	0.77757	0.00526	0.00263	0.00658
11	0.04206	0.01606	0.09099	0.01852	0.02380	0.03777	0.34385	0.07554	0.04572	0.16684	0.01542	0.04362	0.01153	0.00661	0.00692	0.00198	0.03329	0.00659	0.00433	0.00858
12	0.01615	0.01480	0.02044	0.02180	0.25955	0.08636	0.11974	0.09065	0.07035	0.05223	0.01369	0.01635	0.01089	0.03106	0.00662	0.00183	0.00704	0.00552	0.04730	0.10763

[dist]
# distance from previous block
# <min> <max>
0	1

[block]
# block no. 5 follows, 38 sequences, length 91
# corresponding to MSA columns:
# 540-630
name=unknown_F
#
# <colnr> <probs for GDERKNQSTAVLIFYWHMCP>
#	G	D	E	R	K	N	Q	S	T	A	V	L	I	F	Y	W	H	M	C	P
0	0.06977	0.01492	0.04659	0.01212	0.01609	0.06886	0.01005	0.24918	0.22648	0.09822	0.07275	0.01934	0.01622	0.00764	0.00585	0.00186	0.00577	0.00600	0.04337	0.00894
1	0.03092	0.12748	0.62557	0.01587	0.02404	0.01506	0.01995	0.01920	0.01272	0.04095	0.01082	0.01248	0.00783	0.00569	0.00544	0.00182	0.00837	0.00431	0.00272	0.00873
2	0.00933	0.00784	0.00821	0.00782	0.01004	0.00771	0.00588	0.01485	0.20037	0.01893	0.10485	0.04671	0.46483	0.05591	0.00815	0.00223	0.00362	0.01082	0.00570	0.00619
3	0.02028	0.01557	0.01660	0.01332	0.01767	0.01745	0.01081	0.50231	0.26119	0.03374	0.01773	0.01706	0.01289	0.00753	0.00605	0.00188	0.00601	0.00587	0.00605	0.01000
4	0.01774	0.01191	0.01258	0.01022	0.01353	0.01292	0.00826	0.41569	0.02139	0.03110	0.01672	0.01795	0.01251	0.00713	0.00522	0.00163	0.00494	0.00550	0.36486	0.00820
5	0.00765	0.00620	0.00682	0.00695	0.00864	0.00550	0.00510	0.00986	0.04115	0.01756	0.15382	0.18715	0.49189	0.01520	0.00717	0.00209	0.00316	0.01301	0.00576	0.00530
6	0.05769	0.01215	0.01372	0.03702	0.01577	0.05201	0.02500	0.17630	0.10231	0.22212	0.06152	0.05320	0.01753	0.00835	0.00598	0.00189	0.00550	0.03924	0.08420	0.00849
7	0.00872	0.00595	0.00716	0.00716	0.00737	0.00616	0.00439	0.00913	0.00893	0.01211	0.01841	0.03632	0.02055	0.64478	0.17262	0.00657	0.00782	0.00830	0.00356	0.00398
8	0.02310	0.01648	0.01783	0.01367	0.01847	0.01811	0.01129	0.69223	0.02767	0.07755	0.01496	0.01478	0.01049	0.00723	0.00602	0.00181	0.00654	0.00545	0.00610	0.01023
9	0.00980	0.00825	0.01124	0.01076	0.01171	0.03475	0.00846	0.01174	0.00982	0.01401	0.01464	0.02194	0.01383	0.05755	0.60107	0.00817	0.13733	0.00623	0.00314	0.00557
10	0.05625	0.00728	0.00878	0.00874	0.01049	0.00698	0.00651	0.06106	0.01422	0.10595	0.09834	0.38176	0.14098	0.01471	0.00705	0.00221	0.00395	0.05280	0.00582	0.00611
11	0.68940	0.03613	0.01065	0.02885	0.01318	0.01388	0.00734	0.06253	0.01185	0.06720	0.00966	0.01082	0.00729	0.00579	0.00406	0.00184	0.00495	0.00360	0.00401	0.00699
12	0.01788	0.05641	0.02173	0.01653	0.02036	0.17439	0.17548	0.18864	0.10074	0.02229	0.01294	0.01527	0.01026	0.02773	0.00853	0.00202	0.11096	0.00560	0.00405	0.00819
13	0.01187	0.01086	0.01562	0.01359	0.01602	0.05744	0.15549	0.04235	0.09788	0.01827	0.03646	0.22747	0.02302	0.01601	0.09506	0.02845	0.02787	0.09516	0.00456	0.00654
14	0.00749	0.00547	0.00703	0.00820	0.00883	0.00507	0.00567	0.00868	0.01190	0.01556	0.03647	0.62340	0.13418	0.03649	0.00819	0.00249	0.00362	0.06082	0.00554	0.00492
15	0.05694	0.00979	0.01251	0.01028	0.01397	0.00911	0.00822	0.06361	0.05496	0.48523	0.07527	0.13305	0.02105	0.00940	0.00626	0.00195	0.00476	0.00789	0.00680	0.00893
16	0.01618	0.01353	0.01429	0.01249	0.01611	0.01553	0.00982	0.13921	0.63098	0.02712	0.02294	0.02122	0.01712	0.00802	0.00611	0.00200	0.00505	0.00659	0.00611	0.00963
17	0.01136	0.01069	0.01804	0.77412	0.04143	0.01337	0.01671	0.01537	0.01203	0.01537	0.01069	0.01604	0.00802	0.00601	0.00601	0.00200	0.00802	0.00535	0.00267	0.00668
18	0.23716	0.01476	0.01493	0.01181	0.01618	0.01639	0.00973	0.48671	0.02244	0.05904	0.01337	0.01375	0.00963	0.00679	0.00533	0.00180	0.00588	0.00487	0.04039	0.00905
19	0.11616	0.01342	0.00969	0.00906	0.01133	0.22946	0.00688	0.01814	0.04340	0.02085	0.01540	0.01747	0.01219	0.00664	0.00458	0.00153	0.00547	0.00486	0.44719	0.00628
20	0.01608	0.79220	0.03152	0.01029	0.01544	0.02380	0.01029	0.01801	0.01222	0.01415	0.00836	0.00965	0.00772	0.00515	0.00386	0.00129	0.00643	0.00322	0.00257	0.00772
21	0.04291	0.41664	0.27221	0.01308	0.01925	0.07875	0.01432	0.04986	0.01340	0.01730	0.00952	0.01098	0.00776	0.00553	0.00470	0.00156	0.00756	0.00378	0.00279	0.00812
22	0.01508	0.01297	0.01381	0.02880	0.01628	0.01502	0.00973	0.04922	0.70646	0.02527	0.02393	0.02210	0.01793	0.00809	0.00612	0.00203	0.00488	0.00673	0.00604	0.00948
23	0.00817	0.00583	0.00794	0.00934	0.01005	0.00561	0.00704	0.00983	0.01234	0.01630	0.03269	0.53034	0.03795	0.01806	0.00790	0.00256	0.00422	0.26314	0.00557	0.00512
24	0.01489	0.01429	0.02442	0.03692	0.75106	0.01429	0.01846	0.01846	0.01370	0.01965	0.01132	0.01489	0.00953	0.00536	0.00596	0.00179	0.00715	0.00536	0.00298	0.00953
25	0.00738	0.00534	0.00699	0.00819	0.00870	0.00494	0.00553	0.00856	0.01195	0.01590	0.07432	0.69994	0.08349	0.01827	0.00761	0.00239	0.00343	0.01649	0.00564	0.00494
26	0.01038	0.00525	0.00778	0.00778	0.00778	0.00525	0.00516	0.00788	0.00788	0.01050	0.01082	0.01920	0.01095	0.05431	0.02382	0.78932	0.00525	0.00538	0.00266	0.00266
27	0.01597	0.77135	0.05141	0.01048	0.01573	0.02353	0.01062	0.01804	0.01224	0.01429	0.00843	0.00973	0.00772	0.00516	0.00391	0.00130	0.00650	0.00325	0.00257	0.00775
28	0.00832	0.00644	0.00903	0.00934	0.01043	0.00611	0.04589	0.01051	0.03995	0.01702	0.10839	0.50291	0.09430	0.03992	0.00822	0.00244	0.00402	0.06590	0.00551	0.00535
29	0.01148	0.01081	0.01826	0.74936	0.06527	0.01340	0.01677	0.01547	0.01208	0.01551	0.01071	0.01600	0.00807	0.00599	0.00601	0.00200	0.00799	0.00535	0.00268	0.00678
30	0.02233	0.01899	0.01695	0.01440	0.03404	0.29202	0.03852	0.21041	0.03257	0.19572	0.01535	0.01685	0.01146	0.02527	0.00649	0.00186	0.00790	0.02523	0.00502	0.00863
31	0.00861	0.00600	0.00702	0.00716	0.00729	0.00608	0.00432	0.00888	0.00940	0.01254	0.02248	0.16090	0.05169	0.60695	0.02561	0.00503	0.03190	0.01014	0.00400	0.00400
32	0.01469	0.01405	0.02374	0.07903	0.68892	0.01426	0.01811	0.01867	0.03428	0.01956	0.01165	0.01517	0.00969	0.00548	0.00596	0.00181	0.00713	0.00540	0.00305	0.00936
33	0.01533	0.03101	0.06066	0.02834	0.41957	0.07708	0.13754	0.03364	0.08535	0.02000	0.02527	0.01582	0.01088	0.00582	0.00609	0.00183	0.00772	0.00568	0.00340	0.00896
34	0.01479	0.01165	0.01331	0.00977	0.01484	0.00996	0.00788	0.15069	0.01560	0.04357	0.01210	0.01344	0.00957	0.00516	0.00479	0.00111	0.00482	0.00406	0.03496	0.61793
35	0.00754	0.00562	0.00703	0.00772	0.00866	0.00510	0.00539	0.00908	0.01319	0.01747	0.19616	0.47069	0.19103	0.01665	0.00743	0.00224	0.00325	0.01482	0.00581	0.00510
36	0.01306	0.01261	0.01503	0.03657	0.03390	0.09307	0.02685	0.03600	0.01080	0.01461	0.01204	0.02151	0.01248	0.25741	0.02019	0.00346	0.36509	0.00628	0.00313	0.00592
37	0.01192	0.01530	0.21268	0.01303	0.05645	0.01097	0.01192	0.06164	0.15668	0.02336	0.30694	0.02866	0.04703	0.00910	0.00641	0.00192	0.00532	0.00776	0.00516	0.00777
38	0.01369	0.00863	0.05108	0.00976	0.03874	0.00717	0.00732	0.01528	0.01356	0.19749	0.21615	0.04742	0.05175	0.17713	0.01381	0.10649	0.00485	0.00816	0.00526	0.00626
39	0.18131	0.11351	0.07790	0.01300	0.02970	0.10370	0.04646	0.15814	0.11324	0.04383	0.05351	0.01535	0.01238	0.00666	0.00532	0.00178	0.00657	0.00503	0.00439	0.00822
40	0.10793	0.30091	0.06225	0.01289	0.01711	0.37520	0.01117	0.02090	0.01433	0.01610	0.00895	0.01040	0.00760	0.00573	0.00469	0.00151	0.00848	0.00360	0.00295	0.00730
41	0.00732	0.00528	0.00693	0.00825	0.00869	0.00490	0.00553	0.00839	0.01164	0.01541	0.03471	0.74394	0.07950	0.01864	0.00765	0.00242	0.00347	0.01685	0.00558	0.00490
42	0.00870	0.00601	0.00744	0.00744	0.00775	0.00631	0.00475	0.00931	0.00901	0.01232	0.01815	0.03490	0.01993	0.57741	0.23914	0.00692	0.00875	0.00809	0.00353	0.00414
43	0.02200	0.01594	0.01721	0.01345	0.01806	0.01760	0.01103	0.59559	0.12609	0.07578	0.01634	0.01588	0.01161	0.00736	0.00603	0.00184	0.00628	0.00564	0.00611	0.01013
44	0.01136	0.01069	0.01804	0.77412	0.04143	0.01337	0.01671	0.01537	0.01203	0.01537	0.01069	0.01604	0.00802	0.00601	0.00601	0.00200	0.00802	0.00535	0.00267	0.00668
45	0.00859	0.00645	0.00967	0.00967	0.01074	0.00752	0.00752	0.01074	0.00967	0.01396	0.01611	0.02363	0.01504	0.04512	0.76474	0.00967	0.01611	0.00645	0.00322	0.00537
46	0.01718	0.46256	0.13365	0.01244	0.01796	0.04459	0.04324	0.05945	0.04140	0.09952	0.01157	0.01237	0.00911	0.00575	0.00477	0.00154	0.00690	0.00416	0.00347	0.00837
