[name]
unknown

[dist]
# distance from previous block
# <min> <max>
3	21

[block]
# block no. 0 follows, 31 sequences, length 34
# corresponding to MSA columns:
# 26-59
name=unknown_A
#
# <colnr> <probs for GDERKNQSTAVLIFYWHMCP>
#	G	D	E	R	K	N	Q	S	T	A	V	L	I	F	Y	W	H	M	C	P
0	0.01457	0.00825	0.01011	0.00922	0.01105	0.00802	0.00660	0.05089	0.01504	0.14800	0.11639	0.08757	0.05918	0.27926	0.07592	0.00445	0.00642	0.00986	0.07248	0.00673
1	0.15558	0.13722	0.10463	0.01454	0.01973	0.09088	0.04881	0.16055	0.06168	0.04605	0.01499	0.04870	0.01228	0.00998	0.04384	0.00249	0.00834	0.00591	0.00465	0.00915
2	0.03588	0.16420	0.05911	0.07799	0.11192	0.01802	0.01395	0.11077	0.10309	0.11658	0.05332	0.01912	0.01499	0.00798	0.00753	0.00208	0.06254	0.00615	0.00501	0.00977
3	0.00837	0.00615	0.00785	0.00911	0.00984	0.00563	0.00619	0.00974	0.01377	0.01811	0.07616	0.62114	0.14190	0.02047	0.00861	0.00268	0.00386	0.01838	0.00641	0.00563
4	0.01482	0.02345	0.27715	0.13200	0.03529	0.01649	0.35797	0.02117	0.01518	0.02117	0.01304	0.01702	0.00959	0.00618	0.00734	0.00225	0.01068	0.00672	0.00320	0.00929
5	0.02237	0.03855	0.05142	0.05578	0.05804	0.06428	0.13258	0.09980	0.01866	0.27463	0.01977	0.07025	0.01498	0.00854	0.00769	0.00219	0.03730	0.00743	0.00576	0.00997
6	0.01459	0.06903	0.51843	0.02196	0.05895	0.01678	0.16166	0.02163	0.01481	0.02146	0.01248	0.01519	0.00912	0.00630	0.00673	0.00215	0.01018	0.00565	0.00303	0.00989
7	0.00834	0.00595	0.00794	0.00953	0.00992	0.00556	0.00635	0.00953	0.01310	0.01746	0.03771	0.75510	0.04525	0.02143	0.00873	0.00278	0.00397	0.01945	0.00635	0.00556
8	0.01651	0.12654	0.46198	0.01836	0.02644	0.13703	0.04861	0.02305	0.04260	0.02042	0.01232	0.01425	0.00926	0.00659	0.00626	0.00202	0.01000	0.00500	0.00318	0.00957
9	0.02068	0.09697	0.05168	0.10793	0.12062	0.09805	0.07971	0.14796	0.04635	0.11762	0.01562	0.01787	0.01181	0.02842	0.00740	0.00216	0.00848	0.00609	0.00478	0.00978
10	0.02817	0.01518	0.12141	0.01326	0.01927	0.01092	0.01232	0.03160	0.01882	0.61732	0.02480	0.02197	0.01570	0.00817	0.00682	0.00212	0.00646	0.00661	0.00764	0.01141
11	0.01534	0.01463	0.02490	0.31946	0.45183	0.01584	0.02021	0.01960	0.01483	0.02042	0.01259	0.01745	0.01016	0.00639	0.00680	0.00213	0.00852	0.00609	0.00325	0.00956
12	0.01891	0.21147	0.15562	0.05232	0.02318	0.06986	0.06981	0.20059	0.01953	0.02553	0.01528	0.01691	0.03564	0.00726	0.00614	0.00192	0.00832	0.00566	0.04659	0.00947
13	0.12541	0.05194	0.03941	0.04960	0.06926	0.14195	0.01325	0.24380	0.10948	0.02927	0.01473	0.01594	0.01127	0.00775	0.00711	0.00208	0.04743	0.00558	0.00504	0.00971
14	0.00834	0.00595	0.00794	0.00953	0.00992	0.00556	0.00635	0.00953	0.01310	0.01746	0.03771	0.75510	0.04525	0.02143	0.00873	0.00278	0.00397	0.01945	0.00635	0.00556
15	0.01317	0.05157	0.01911	0.22207	0.23322	0.01300	0.01436	0.01651	0.01481	0.02009	0.13528	0.02865	0.05646	0.09167	0.03950	0.00297	0.00755	0.00791	0.00421	0.00792
16	0.36743	0.03349	0.01503	0.01544	0.11928	0.09423	0.01048	0.04785	0.05002	0.05206	0.08866	0.01999	0.04484	0.00794	0.00573	0.00207	0.00637	0.00591	0.00483	0.00833
17	0.00874	0.00640	0.00821	0.00893	0.00994	0.00587	0.00625	0.01064	0.01539	0.02076	0.25686	0.45087	0.12871	0.01858	0.00845	0.00252	0.00367	0.01661	0.00673	0.00587
18	0.02011	0.39366	0.13857	0.01500	0.02071	0.27145	0.01437	0.02306	0.01590	0.01720	0.01032	0.01200	0.00877	0.00637	0.00534	0.00168	0.00951	0.00414	0.00313	0.00869
19	0.01566	0.15373	0.41250	0.12020	0.05868	0.05614	0.02077	0.04904	0.01529	0.02079	0.01190	0.01446	0.00897	0.00652	0.00620	0.00203	0.00943	0.00502	0.00314	0.00951
20	0.02478	0.02772	0.01943	0.01693	0.02085	0.49600	0.01305	0.18437	0.06989	0.02376	0.01311	0.01429	0.01032	0.00761	0.00682	0.00190	0.03055	0.00509	0.00453	0.00899
21	0.00810	0.00689	0.00697	0.00703	0.00927	0.00577	0.00524	0.00981	0.01549	0.01844	0.06805	0.09322	0.68754	0.01749	0.00811	0.00233	0.00349	0.01464	0.00635	0.00577
22	0.01502	0.01458	0.02559	0.36256	0.34775	0.01587	0.08094	0.01947	0.01476	0.02008	0.01263	0.01767	0.01001	0.00641	0.00692	0.00217	0.00889	0.00627	0.00323	0.00921
23	0.01522	0.01450	0.02467	0.34197	0.43033	0.01580	0.02014	0.01949	0.01477	0.02027	0.01257	0.01749	0.01010	0.00641	0.00680	0.00214	0.00855	0.00609	0.00324	0.00945
24	0.00925	0.00728	0.00794	0.00798	0.00979	0.00657	0.00574	0.04083	0.01555	0.01948	0.10097	0.18661	0.44191	0.09581	0.01097	0.00283	0.00406	0.01437	0.00622	0.00587
25	0.01094	0.00909	0.05865	0.00940	0.01175	0.00704	0.00765	0.01356	0.01651	0.07642	0.29128	0.19947	0.20767	0.03836	0.00884	0.00246	0.00423	0.01336	0.00664	0.00669
26	0.68991	0.01401	0.01457	0.01195	0.01659	0.01564	0.10943	0.02038	0.01231	0.02939	0.01017	0.01221	0.00785	0.00626	0.00481	0.00215	0.00622	0.00436	0.00412	0.00768
27	0.01381	0.01282	0.02027	0.58561	0.08942	0.01554	0.01792	0.02054	0.11676	0.01948	0.01455	0.01923	0.01099	0.00715	0.00685	0.00227	0.00850	0.00633	0.00365	0.00831
28	0.05844	0.42514	0.02685	0.01233	0.01759	0.02226	0.01116	0.13214	0.11631	0.02384	0.04281	0.01581	0.01332	0.00705	0.00534	0.00172	0.00668	0.00504	0.00446	0.05167
29	0.13058	0.01046	0.01229	0.05009	0.05139	0.00960	0.00837	0.01534	0.01389	0.02203	0.07080	0.12762	0.07916	0.06196	0.00819	0.00213	0.00516	0.00827	0.00476	0.30792
30	0.01926	0.05760	0.05021	0.15536	0.11448	0.07056	0.01472	0.24266	0.02060	0.02751	0.01341	0.01574	0.01030	0.00682	0.00631	0.00185	0.00791	0.00544	0.00455	0.15470
31	0.05760	0.15781	0.19722	0.01370	0.01874	0.08765	0.01338	0.05113	0.07342	0.04958	0.01723	0.08564	0.01584	0.12038	0.01045	0.00272	0.00781	0.00703	0.00428	0.00840
32	0.31709	0.04393	0.01565	0.01343	0.05256	0.04412	0.03789	0.10762	0.07232	0.07258	0.03376	0.06210	0.03525	0.02565	0.00655	0.00220	0.00624	0.00650	0.00516	0.03941
33	0.01644	0.08804	0.20233	0.07922	0.05135	0.13406	0.03372	0.04086	0.03196	0.02092	0.02949	0.04637	0.01238	0.00713	0.00618	0.00182	0.00842	0.00568	0.00376	0.17986

[dist]
# distance from previous block
# <min> <max>
23	81

[block]
# block no. 1 follows, 31 sequences, length 15
# corresponding to MSA columns:
# 168-181,183
name=unknown_B
#
# <colnr> <probs for GDERKNQSTAVLIFYWHMCP>
#	G	D	E	R	K	N	Q	S	T	A	V	L	I	F	Y	W	H	M	C	P
0	0.03515	0.01545	0.03899	0.19675	0.09699	0.12709	0.01393	0.03842	0.04852	0.03440	0.04698	0.03337	0.09013	0.01032	0.00723	0.00227	0.00780	0.12165	0.00466	0.02989
1	0.14733	0.01512	0.01794	0.10164	0.05692	0.11393	0.08158	0.01914	0.03375	0.02188	0.10107	0.02104	0.01735	0.01330	0.09554	0.00319	0.07045	0.00651	0.00418	0.05815
2	0.01532	0.18384	0.31478	0.06127	0.05417	0.04471	0.01745	0.05155	0.04029	0.02096	0.01879	0.02022	0.08868	0.00774	0.00623	0.00198	0.00826	0.00601	0.00371	0.03407
3	0.04935	0.06666	0.05072	0.04107	0.04963	0.04225	0.01179	0.12573	0.12067	0.18967	0.05113	0.01994	0.01577	0.00773	0.00635	0.00192	0.00653	0.00615	0.00588	0.13105
4	0.07335	0.01603	0.05308	0.04985	0.42630	0.01562	0.01708	0.12004	0.01793	0.02600	0.06356	0.02149	0.05467	0.00765	0.00676	0.00208	0.00735	0.00679	0.00438	0.01000
5	0.02269	0.01805	0.01748	0.01448	0.01899	0.11494	0.01155	0.29508	0.21886	0.10992	0.02367	0.02260	0.06248	0.00901	0.00687	0.00211	0.00712	0.00701	0.00657	0.01050
6	0.01032	0.00792	0.00981	0.00869	0.01119	0.00686	0.00661	0.01334	0.01801	0.02550	0.51425	0.04609	0.12768	0.01275	0.00753	0.00196	0.00359	0.01110	0.00677	0.15003
7	0.01071	0.09174	0.01084	0.00813	0.00908	0.00898	0.00539	0.01128	0.01097	0.01423	0.02430	0.04166	0.08487	0.55937	0.07666	0.00596	0.00722	0.00947	0.00418	0.00495
8	0.02495	0.02037	0.02103	0.01981	0.12848	0.14312	0.01401	0.41432	0.02624	0.09656	0.01581	0.01641	0.01150	0.00771	0.00672	0.00201	0.00830	0.00591	0.00588	0.01087
9	0.01292	0.01216	0.02052	0.74312	0.04712	0.01520	0.01900	0.01748	0.01368	0.01748	0.01216	0.01824	0.00912	0.00684	0.00684	0.00228	0.00912	0.00608	0.00304	0.00760
10	0.00898	0.00671	0.00832	0.00904	0.01017	0.00601	0.00615	0.01030	0.01325	0.01766	0.03827	0.52949	0.13192	0.08615	0.01067	0.00290	0.00424	0.01651	0.00594	0.07730
11	0.02425	0.01777	0.02177	0.01638	0.02206	0.01867	0.08857	0.49772	0.02761	0.10010	0.01670	0.01707	0.01184	0.00768	0.00682	0.00199	0.00760	0.00625	0.00636	0.08279
12	0.16000	0.09553	0.10033	0.09451	0.02091	0.07930	0.01235	0.06155	0.01648	0.16270	0.02235	0.02266	0.10719	0.00847	0.00620	0.00206	0.00713	0.00644	0.00503	0.00881
13	0.01468	0.06829	0.14703	0.18892	0.10911	0.01426	0.01565	0.05012	0.01517	0.02143	0.01493	0.01779	0.04230	0.00664	0.00612	0.00178	0.00749	0.00551	0.00368	0.24909
14	0.01376	0.03316	0.18983	0.01232	0.01778	0.04435	0.01215	0.01828	0.03701	0.05184	0.16245	0.02910	0.11410	0.00922	0.00660	0.00183	0.00617	0.00759	0.00500	0.22747

[dist]
# distance from previous block
# <min> <max>
1	36

[block]
# block no. 2 follows, 31 sequences, length 11
# corresponding to MSA columns:
# 220-225,227-231
name=unknown_C
#
# <colnr> <probs for GDERKNQSTAVLIFYWHMCP>
#	G	D	E	R	K	N	Q	S	T	A	V	L	I	F	Y	W	H	M	C	P
0	0.06630	0.12222	0.02162	0.01654	0.07458	0.06768	0.12372	0.03400	0.02995	0.06021	0.09855	0.02608	0.05877	0.03210	0.06286	0.00280	0.00816	0.02801	0.00465	0.06119
1	0.01637	0.01518	0.07228	0.04370	0.13369	0.02894	0.05787	0.08761	0.03561	0.07443	0.03480	0.05460	0.07697	0.03745	0.00775	0.00207	0.00684	0.00731	0.00483	0.20169
2	0.06926	0.01510	0.02485	0.21590	0.24175	0.01617	0.12939	0.05574	0.03498	0.04446	0.01344	0.01736	0.01048	0.00680	0.00761	0.00217	0.04722	0.00626	0.00381	0.03726
3	0.01626	0.01231	0.01654	0.05399	0.13403	0.01051	0.01092	0.01951	0.01554	0.11077	0.07698	0.01931	0.01593	0.00656	0.00594	0.00149	0.00572	0.00560	0.00476	0.45733
4	0.08914	0.01385	0.02181	0.24674	0.11078	0.01469	0.10354	0.05617	0.01645	0.21179	0.01636	0.01867	0.01157	0.00724	0.00726	0.00221	0.03102	0.00635	0.00490	0.00946
5	0.00907	0.00672	0.00854	0.00915	0.01045	0.00619	0.00678	0.01127	0.01591	0.02122	0.25822	0.31317	0.17610	0.01796	0.00849	0.00254	0.00394	0.10159	0.00672	0.00598
6	0.01749	0.01584	0.01651	0.01356	0.01748	0.10439	0.04356	0.19406	0.07256	0.02581	0.02705	0.02813	0.16573	0.03068	0.02877	0.00239	0.06029	0.00778	0.00533	0.12261
7	0.02601	0.01916	0.02053	0.01574	0.02122	0.02122	0.01300	0.69408	0.03217	0.04312	0.01643	0.01643	0.01163	0.00821	0.00684	0.00205	0.00753	0.00616	0.00684	0.01163
8	0.01636	0.01376	0.02334	0.39786	0.18768	0.01514	0.08616	0.02144	0.04900	0.10014	0.01495	0.01891	0.01110	0.00687	0.00696	0.00221	0.00859	0.00646	0.00397	0.00909
9	0.00954	0.00699	0.00895	0.00846	0.01014	0.00640	0.00635	0.01264	0.01904	0.02665	0.65695	0.05239	0.12137	0.01428	0.00807	0.00217	0.00325	0.01255	0.00743	0.00640
10	0.00897	0.00682	0.00688	0.00688	0.00891	0.00593	0.00506	0.01083	0.01501	0.01928	0.05843	0.05783	0.55412	0.06534	0.00933	0.00248	0.00363	0.01282	0.13568	0.00577

[dist]
# distance from previous block
# <min> <max>
0	3

[block]
# block no. 3 follows, 31 sequences, length 14
# corresponding to MSA columns:
# 239-252
name=unknown_D
#
# <colnr> <probs for GDERKNQSTAVLIFYWHMCP>
#	G	D	E	R	K	N	Q	S	T	A	V	L	I	F	Y	W	H	M	C	P
0	0.10150	0.01380	0.02203	0.40517	0.22460	0.01568	0.04854	0.01979	0.04566	0.02097	0.01286	0.01744	0.01000	0.00665	0.00660	0.00220	0.00837	0.00599	0.00346	0.00869
1	0.01313	0.03216	0.64560	0.01841	0.02745	0.01476	0.02320	0.02034	0.01430	0.02121	0.01507	0.09564	0.01268	0.00814	0.00674	0.00223	0.00944	0.00663	0.00327	0.00961
2	0.01134	0.00812	0.01168	0.01087	0.01305	0.00734	0.06949	0.01361	0.01563	0.08390	0.13513	0.30375	0.22279	0.01656	0.00827	0.00248	0.00471	0.04815	0.00644	0.00667
3	0.01369	0.01159	0.01363	0.00997	0.01556	0.00883	0.00793	0.01675	0.01475	0.02286	0.08902	0.01823	0.01610	0.00604	0.00540	0.00114	0.00487	0.00497	0.00443	0.71424
4	0.02298	0.01766	0.01882	0.01513	0.02006	0.01980	0.01227	0.47230	0.25888	0.03823	0.02028	0.01949	0.01475	0.00857	0.00688	0.00214	0.00682	0.00669	0.00688	0.01136
5	0.01344	0.01269	0.02145	0.65275	0.13345	0.01534	0.01926	0.01793	0.01392	0.01811	0.01225	0.01807	0.00934	0.00674	0.00683	0.00225	0.00899	0.00608	0.00308	0.00802
6	0.01764	0.01962	0.12617	0.02725	0.11646	0.01613	0.44114	0.02312	0.01626	0.10450	0.01507	0.01831	0.01098	0.00622	0.00757	0.00223	0.01025	0.00729	0.00397	0.00983
7	0.01650	0.15638	0.52356	0.01731	0.02613	0.01710	0.02117	0.02284	0.01496	0.10331	0.01354	0.01490	0.00966	0.00662	0.00619	0.00204	0.00913	0.00503	0.00355	0.01007
8	0.01206	0.00763	0.00927	0.00848	0.01088	0.00671	0.00649	0.01465	0.01798	0.12258	0.37339	0.05271	0.30240	0.01446	0.00791	0.00221	0.00369	0.01237	0.00722	0.00694
9	0.00881	0.00662	0.00818	0.00867	0.01001	0.00599	0.00626	0.01088	0.01588	0.02107	0.26416	0.32025	0.22694	0.01785	0.00838	0.00247	0.00369	0.04123	0.00673	0.00593
10	0.02165	0.01541	0.11159	0.23659	0.10200	0.01303	0.01591	0.02572	0.01670	0.34345	0.01909	0.01993	0.01285	0.00747	0.00681	0.00216	0.00762	0.00632	0.00556	0.01014
11	0.02684	0.01176	0.01688	0.17076	0.02390	0.01117	0.01200	0.02990	0.01830	0.56886	0.02377	0.02219	0.01524	0.00811	0.00687	0.00215	0.00654	0.00671	0.00729	0.01077
12	0.01562	0.02213	0.18872	0.02681	0.03442	0.01699	0.54738	0.02186	0.01578	0.02186	0.01350	0.01758	0.01001	0.00593	0.00773	0.00228	0.01123	0.00742	0.00334	0.00942
13	0.31023	0.01822	0.04231	0.13164	0.02218	0.14481	0.01204	0.13745	0.04875	0.02756	0.01271	0.01469	0.00968	0.00707	0.00568	0.00206	0.00768	0.00497	0.03179	0.00848

[dist]
# distance from previous block
# <min> <max>
0	1

[block]
# block no. 4 follows, 31 sequences, length 158
# corresponding to MSA columns:
# 254-284,297-380,382-424
name=unknown_E
#
# <colnr> <probs for GDERKNQSTAVLIFYWHMCP>
#	G	D	E	R	K	N	Q	S	T	A	V	L	I	F	Y	W	H	M	C	P
0	0.01829	0.76368	0.03585	0.01171	0.01756	0.02707	0.01171	0.02049	0.01390	0.01610	0.00951	0.01097	0.00878	0.00585	0.00439	0.00146	0.00732	0.00366	0.00293	0.00878
1	0.01627	0.02960	0.49648	0.01783	0.02600	0.04183	0.02079	0.15887	0.01833	0.02583	0.03447	0.05476	0.01280	0.00787	0.00672	0.00216	0.00914	0.00622	0.00404	0.01000
2	0.01470	0.02053	0.20826	0.24207	0.16377	0.01612	0.19504	0.02036	0.01487	0.02061	0.01276	0.01708	0.00965	0.00634	0.00706	0.00221	0.00982	0.00633	0.00317	0.00927
3	0.02606	0.01771	0.01944	0.01497	0.02022	0.01920	0.01229	0.58104	0.02969	0.13303	0.01803	0.01836	0.01282	0.03508	0.00785	0.00223	0.00727	0.00639	0.00697	0.01137
4	0.01405	0.01330	0.02232	0.46773	0.27362	0.01509	0.01900	0.01830	0.01442	0.01919	0.01522	0.02014	0.04449	0.00710	0.00688	0.00220	0.00850	0.00650	0.00332	0.00861
5	0.02410	0.01516	0.06151	0.01718	0.02298	0.01321	0.18985	0.03010	0.11024	0.40640	0.02284	0.02183	0.01529	0.00776	0.00718	0.00220	0.00750	0.00721	0.00664	0.01082
6	0.01292	0.01216	0.02052	0.74312	0.04712	0.01520	0.01900	0.01748	0.01368	0.01748	0.01216	0.01824	0.00912	0.00684	0.00684	0.00228	0.00912	0.00608	0.00304	0.00760
7	0.02493	0.03156	0.01948	0.01765	0.02096	0.68980	0.01332	0.02667	0.01886	0.01673	0.01048	0.01249	0.00882	0.00734	0.00714	0.00184	0.05604	0.00450	0.00349	0.00790
8	0.01379	0.01305	0.02209	0.59114	0.19230	0.01543	0.01943	0.01824	0.01409	0.01854	0.01231	0.01796	0.00949	0.00668	0.00683	0.00223	0.00890	0.00608	0.00312	0.00830
9	0.01292	0.01216	0.02052	0.74312	0.04712	0.01520	0.01900	0.01748	0.01368	0.01748	0.01216	0.01824	0.00912	0.00684	0.00684	0.00228	0.00912	0.00608	0.00304	0.00760
10	0.01026	0.00763	0.00996	0.01113	0.01289	0.00733	0.00951	0.01304	0.01571	0.01996	0.04481	0.07423	0.21457	0.01849	0.00910	0.00293	0.00556	0.50040	0.00631	0.00616
11	0.00995	0.00663	0.00746	0.00746	0.00746	0.00663	0.00415	0.00995	0.00995	0.01327	0.02156	0.04477	0.02487	0.75957	0.03482	0.00663	0.00663	0.00995	0.00415	0.00415
12	0.80789	0.01323	0.01006	0.00900	0.01323	0.01535	0.00741	0.02011	0.01164	0.03070	0.00953	0.01111	0.00741	0.00635	0.00423	0.00212	0.00529	0.00370	0.00423	0.00741
13	0.02868	0.01488	0.01788	0.01371	0.01908	0.01486	0.01133	0.31791	0.02500	0.42941	0.02244	0.02033	0.01465	0.00836	0.00686	0.00209	0.00656	0.00657	0.00777	0.01164
14	0.00834	0.00595	0.00794	0.00953	0.00992	0.00556	0.00635	0.00953	0.01310	0.01746	0.03771	0.75510	0.04525	0.02143	0.00873	0.00278	0.00397	0.01945	0.00635	0.00556
15	0.00842	0.00602	0.00801	0.00947	0.00994	0.00561	0.00636	0.00973	0.01347	0.01806	0.07789	0.71323	0.04640	0.02099	0.00869	0.00274	0.00393	0.01903	0.00642	0.00561
16	0.80789	0.01323	0.01006	0.00900	0.01323	0.01535	0.00741	0.02011	0.01164	0.03070	0.00953	0.01111	0.00741	0.00635	0.00423	0.00212	0.00529	0.00370	0.00423	0.00741
17	0.01702	0.01470	0.01547	0.01392	0.01779	0.01702	0.01083	0.03635	0.70453	0.02862	0.02785	0.02553	0.02088	0.00928	0.00696	0.00232	0.00541	0.00773	0.00696	0.01083
18	0.00834	0.00595	0.00794	0.00953	0.00992	0.00556	0.00635	0.00953	0.01310	0.01746	0.03771	0.75510	0.04525	0.02143	0.00873	0.00278	0.00397	0.01945	0.00635	0.00556
19	0.01651	0.01884	0.03759	0.02731	0.03344	0.05290	0.59773	0.02169	0.01580	0.02117	0.01324	0.01784	0.01018	0.00639	0.00927	0.00234	0.07764	0.00771	0.00342	0.00901
20	0.01679	0.01611	0.02751	0.06723	0.69278	0.01622	0.02092	0.02087	0.01551	0.02218	0.01284	0.01698	0.01077	0.00612	0.00678	0.00204	0.00816	0.00610	0.00337	0.01072
21	0.00995	0.00663	0.00746	0.00746	0.00746	0.00663	0.00415	0.00995	0.00995	0.01327	0.02156	0.04477	0.02487	0.75957	0.03482	0.00663	0.00663	0.00995	0.00415	0.00415
22	0.01471	0.01248	0.02014	0.30736	0.12307	0.01374	0.09761	0.05934	0.03496	0.02260	0.01578	0.02006	0.01216	0.00705	0.00646	0.00206	0.00755	0.00645	0.20816	0.00825
23	0.01603	0.01807	0.03895	0.02922	0.07573	0.01700	0.63800	0.02160	0.01605	0.02185	0.01427	0.03355	0.01113	0.00611	0.00801	0.00230	0.01118	0.00819	0.00352	0.00925
24	0.01372	0.03539	0.72412	0.01950	0.02961	0.01589	0.02528	0.02167	0.01444	0.02167	0.01228	0.01444	0.00867	0.00650	0.00650	0.00217	0.01011	0.00506	0.00289	0.01011
25	0.01372	0.03539	0.72412	0.01950	0.02961	0.01589	0.02528	0.02167	0.01444	0.02167	0.01228	0.01444	0.00867	0.00650	0.00650	0.00217	0.01011	0.00506	0.00289	0.01011
26	0.01859	0.01503	0.01589	0.01355	0.01770	0.01680	0.01074	0.23571	0.40472	0.03173	0.02988	0.02812	0.11099	0.01003	0.00708	0.00224	0.00581	0.00815	0.00684	0.01040
27	0.01444	0.01448	0.04976	0.32566	0.32314	0.01490	0.04298	0.01883	0.01514	0.02080	0.08005	0.02072	0.01521	0.00717	0.00696	0.00216	0.00826	0.00673	0.00363	0.00900
28	0.00868	0.00621	0.00832	0.00978	0.01036	0.00584	0.00682	0.01019	0.01373	0.01836	0.07774	0.64599	0.04581	0.02074	0.00876	0.00278	0.00416	0.08363	0.00642	0.00568
29	0.01628	0.01599	0.02847	0.13607	0.53400	0.01625	0.11071	0.02064	0.01539	0.02163	0.01290	0.01732	0.01054	0.00615	0.00696	0.00210	0.00872	0.00636	0.00335	0.01018
30	0.02035	0.09109	0.08952	0.01708	0.05027	0.01629	0.10933	0.13302	0.13683	0.16753	0.01990	0.05771	0.01523	0.00820	0.00680	0.00210	0.00736	0.00712	0.00568	0.03858
31	0.01679	0.01642	0.02653	0.12780	0.60528	0.04563	0.02043	0.02082	0.01550	0.02152	0.01269	0.01690	0.01054	0.00623	0.00676	0.00205	0.00842	0.00602	0.00335	0.01032
32	0.01497	0.03576	0.71031	0.02016	0.03020	0.01648	0.02546	0.02240	0.01519	0.02275	0.01353	0.01619	0.00989	0.00734	0.00703	0.00239	0.01044	0.00547	0.00334	0.01070
33	0.01760	0.44020	0.30312	0.01616	0.02371	0.02275	0.04172	0.02175	0.01495	0.01966	0.01205	0.01440	0.01001	0.00696	0.00591	0.00201	0.00894	0.00480	0.00338	0.00993
34	0.01791	0.01682	0.02796	0.07679	0.67026	0.01679	0.02117	0.02157	0.01621	0.02318	0.01407	0.01869	0.01193	0.00698	0.00730	0.00227	0.00855	0.00648	0.00381	0.01125
35	0.01672	0.01560	0.02580	0.28559	0.47080	0.01647	0.02057	0.02053	0.01564	0.02173	0.01386	0.01908	0.01142	0.00720	0.00732	0.00235	0.00885	0.00648	0.00370	0.01029
36	0.03026	0.01217	0.01620	0.01283	0.01785	0.01050	0.01033	0.03242	0.01984	0.66640	0.02858	0.06837	0.01967	0.01004	0.00751	0.00239	0.00613	0.00800	0.00867	0.01184
37	0.01639	0.02224	0.21286	0.02715	0.14116	0.01654	0.32434	0.02220	0.04097	0.02301	0.01668	0.05126	0.01391	0.00805	0.00798	0.00250	0.01023	0.02830	0.00407	0.01014
38	0.01038	0.00781	0.00928	0.00912	0.01088	0.00693	0.00664	0.01250	0.01814	0.02455	0.42825	0.14281	0.25281	0.01657	0.00865	0.00250	0.00386	0.01411	0.00739	0.00681
39	0.01515	0.06476	0.68291	0.01985	0.02972	0.01692	0.02492	0.02236	0.01517	0.02253	0.01342	0.01605	0.00989	0.00732	0.00694	0.00237	0.01033	0.00541	0.00334	0.01065
40	0.01961	0.01510	0.02418	0.16060	0.43220	0.01515	0.01841	0.02297	0.01661	0.14976	0.01741	0.04542	0.01400	0.00804	0.00739	0.00235	0.00811	0.00708	0.00479	0.01080
41	0.01738	0.01628	0.02700	0.16991	0.58131	0.01665	0.02090	0.02111	0.01596	0.02253	0.01398	0.01886	0.01170	0.00708	0.00731	0.00231	0.00868	0.00648	0.00376	0.01082
42	0.00993	0.00742	0.00890	0.00952	0.01080	0.00662	0.00665	0.01134	0.01591	0.02111	0.19651	0.40829	0.22178	0.01926	0.00890	0.00273	0.00413	0.01670	0.00699	0.00650
43	0.01497	0.03576	0.71031	0.02016	0.03020	0.01648	0.02546	0.02240	0.01519	0.02275	0.01353	0.01619	0.00989	0.00734	0.00703	0.00239	0.01044	0.00547	0.00334	0.01070
44	0.01580	0.03336	0.59201	0.02182	0.05777	0.04614	0.08479	0.02263	0.01559	0.02260	0.01362	0.01656	0.01014	0.00728	0.00717	0.00238	0.01058	0.00575	0.00343	0.01056
45	0.02127	0.06176	0.03122	0.02242	0.02791	0.03762	0.36326	0.02493	0.01699	0.19844	0.01743	0.02028	0.01291	0.00811	0.00976	0.00250	0.10043	0.00750	0.00507	0.01017
46	0.04049	0.02101	0.22364	0.06896	0.09135	0.01480	0.14229	0.02591	0.01718	0.25279	0.01863	0.02023	0.01312	0.00784	0.00744	0.00240	0.00893	0.00675	0.00536	0.01088
47	0.01329	0.01165	0.01766	0.25087	0.19630	0.01213	0.01436	0.01607	0.01538	0.02049	0.06261	0.18124	0.13375	0.01254	0.00800	0.00255	0.00697	0.01089	0.00501	0.00827
48	0.01438	0.01335	0.02258	0.23650	0.15066	0.01403	0.13554	0.01766	0.01522	0.02064	0.04077	0.16662	0.04094	0.01132	0.00886	0.00262	0.04472	0.03042	0.00458	0.00857
49	0.01514	0.03456	0.66174	0.02083	0.03063	0.01658	0.07282	0.02242	0.01531	0.02277	0.01364	0.01647	0.01001	0.00729	0.00714	0.00240	0.01054	0.00568	0.00338	0.01064
50	0.01664	0.01552	0.02565	0.29996	0.45706	0.01645	0.02053	0.02045	0.01561	0.02163	0.01385	0.01910	0.01138	0.00722	0.00732	0.00235	0.00887	0.00648	0.00370	0.01022
51	0.01800	0.03152	0.58378	0.01885	0.02803	0.01544	0.02274	0.02449	0.01611	0.14780	0.01616	0.01777	0.01137	0.00769	0.00710	0.00239	0.00968	0.00579	0.00433	0.01097
52	0.01776	0.02477	0.30618	0.09043	0.09466	0.07876	0.04241	0.08003	0.01748	0.06026	0.01756	0.07813	0.01501	0.00928	0.00746	0.00244	0.00932	0.03355	0.00452	0.01001
53	0.00939	0.01024	0.10426	0.01087	0.01293	0.00724	0.00924	0.01186	0.01419	0.01910	0.08429	0.48196	0.09934	0.01831	0.00840	0.00265	0.00492	0.07853	0.00596	0.00632
54	0.01481	0.01437	0.02565	0.27611	0.30484	0.01521	0.13215	0.01913	0.01482	0.02016	0.01451	0.02227	0.01240	0.03552	0.00823	0.00240	0.00888	0.04611	0.00348	0.00894
55	0.01598	0.01557	0.02737	0.19418	0.50636	0.01612	0.08357	0.02031	0.01522	0.02124	0.01280	0.01736	0.01042	0.00623	0.00691	0.00211	0.00866	0.00628	0.00332	0.00998
56	0.01401	0.03347	0.64930	0.02099	0.05468	0.01600	0.07375	0.02166	0.01461	0.02171	0.01241	0.01483	0.00887	0.00643	0.00662	0.00217	0.01014	0.00531	0.00295	0.01007
57	0.01351	0.01277	0.02159	0.63951	0.14610	0.01536	0.01929	0.01800	0.01396	0.01820	0.01226	0.01805	0.00937	0.00673	0.00683	0.00224	0.00897	0.00608	0.00309	0.00808
58	0.01621	0.08816	0.08762	0.09269	0.10183	0.01713	0.39764	0.02126	0.01554	0.04690	0.01437	0.04281	0.01147	0.00660	0.00734	0.00220	0.00999	0.00739	0.00361	0.00923
59	0.04308	0.02004	0.21957	0.01716	0.02309	0.01491	0.15202	0.10813	0.11102	0.02632	0.04400	0.04744	0.01574	0.00799	0.00675	0.00214	0.00780	0.00713	0.11636	0.00930
60	0.00844	0.00603	0.00806	0.00964	0.01008	0.00564	0.00653	0.00970	0.01320	0.01758	0.03765	0.72949	0.04503	0.02134	0.00876	0.00279	0.00406	0.04406	0.00635	0.00558
61	0.00986	0.00662	0.00759	0.00767	0.00773	0.00663	0.00439	0.00999	0.01015	0.01356	0.02231	0.08159	0.02572	0.70008	0.05382	0.00656	0.00683	0.01037	0.00425	0.00428
62	0.01528	0.01016	0.01375	0.01247	0.01468	0.01056	0.04486	0.06740	0.07634	0.13885	0.02826	0.34875	0.02894	0.06080	0.03024	0.00302	0.06903	0.01267	0.00615	0.00778
63	0.01980	0.23388	0.20477	0.01571	0.02189	0.16100	0.01561	0.16774	0.01894	0.02350	0.01236	0.01410	0.00979	0.00901	0.04174	0.00230	0.00961	0.00489	0.00392	0.00944
64	0.01316	0.01240	0.02095	0.70142	0.08696	0.01526	0.01912	0.01769	0.01379	0.01777	0.01220	0.01816	0.00922	0.00680	0.00684	0.00227	0.00906	0.00608	0.00306	0.00779
65	0.01608	0.01855	0.12112	0.10457	0.52561	0.01616	0.05665	0.02080	0.01528	0.02178	0.01277	0.01680	0.01036	0.00620	0.00681	0.00209	0.00867	0.00606	0.00329	0.01035
66	0.01452	0.01411	0.02322	0.37080	0.18367	0.03905	0.09791	0.01862	0.01438	0.01936	0.01381	0.04831	0.01152	0.00754	0.00791	0.00224	0.05533	0.00682	0.04252	0.00835
67	0.01644	0.01673	0.03146	0.07939	0.45439	0.01653	0.24024	0.02109	0.01565	0.02192	0.01314	0.01751	0.01059	0.00603	0.00720	0.00214	0.00930	0.00674	0.00339	0.01012
68	0.01471	0.01694	0.07356	0.02660	0.12211	0.01498	0.43999	0.01957	0.01543	0.02116	0.01788	0.14952	0.01656	0.00865	0.00792	0.00235	0.00964	0.00966	0.00393	0.00884
69	0.02004	0.01097	0.05071	0.01179	0.01559	0.00892	0.03383	0.02266	0.01700	0.36234	0.07245	0.17816	0.08533	0.04226	0.00866	0.00250	0.00557	0.03519	0.00708	0.00894
70	0.01461	0.05797	0.53575	0.02007	0.06398	0.01654	0.05293	0.02357	0.10710	0.02244	0.01436	0.01611	0.01050	0.00679	0.00657	0.00216	0.00934	0.00555	0.00349	0.01016
71	0.00841	0.00694	0.00738	0.00727	0.00944	0.00591	0.00545	0.01045	0.01636	0.02030	0.19988	0.06285	0.58240	0.01665	0.00808	0.00228	0.00342	0.01402	0.00659	0.00591
72	0.01487	0.01406	0.02320	0.33581	0.36751	0.01542	0.01897	0.01985	0.05099	0.02046	0.01568	0.01995	0.03962	0.00704	0.00687	0.00216	0.00821	0.00652	0.00355	0.00926
73	0.02159	0.01226	0.01829	0.13920	0.06914	0.01211	0.06208	0.07390	0.01829	0.32319	0.04050	0.02812	0.04236	0.00916	0.00716	0.00222	0.00686	0.06488	0.03896	0.00971
74	0.00824	0.00631	0.00757	0.00859	0.00968	0.00564	0.00593	0.00963	0.01400	0.01783	0.04915	0.50553	0.28743	0.01995	0.00850	0.00261	0.00379	0.01763	0.00635	0.00564
75	0.01372	0.03539	0.72412	0.01950	0.02961	0.01589	0.02528	0.02167	0.01444	0.02167	0.01228	0.01444	0.00867	0.00650	0.00650	0.00217	0.01011	0.00506	0.00289	0.01011
76	0.01595	0.01071	0.04731	0.01245	0.04294	0.00961	0.00943	0.02053	0.11826	0.18260	0.05192	0.20586	0.05952	0.06905	0.03958	0.05054	0.00600	0.03350	0.00621	0.00803
77	0.01727	0.01623	0.02698	0.07503	0.64246	0.01650	0.02042	0.06086	0.01647	0.02335	0.01305	0.01697	0.01080	0.00626	0.00678	0.00205	0.00814	0.00610	0.00358	0.01072
78	0.00974	0.00705	0.00949	0.01093	0.01212	0.00680	0.00873	0.01201	0.01472	0.01915	0.03962	0.33725	0.09922	0.01974	0.00906	0.00294	0.00516	0.36400	0.00632	0.00597
79	0.09509	0.01489	0.01528	0.01302	0.01694	0.13306	0.03439	0.05070	0.05523	0.29098	0.03976	0.09615	0.01969	0.00994	0.00681	0.00217	0.00677	0.04440	0.04550	0.00921
80	0.01327	0.01252	0.02116	0.68121	0.10626	0.01529	0.01918	0.01779	0.01385	0.01791	0.01222	0.01812	0.00927	0.00677	0.00683	0.00226	0.00903	0.00608	0.00307	0.00789
81	0.01297	0.00944	0.01158	0.01124	0.01336	0.00958	0.00888	0.15046	0.01946	0.02624	0.22235	0.21675	0.06156	0.01591	0.00833	0.00254	0.00506	0.18029	0.00677	0.00724
82	0.01604	0.01639	0.05092	0.16317	0.50761	0.01616	0.08846	0.02049	0.01526	0.02143	0.01282	0.01723	0.01042	0.00621	0.00691	0.00211	0.00871	0.00626	0.00332	0.01008
83	0.01627	0.26000	0.32227	0.01905	0.02690	0.01957	0.17962	0.02172	0.01484	0.04165	0.01223	0.01458	0.00937	0.00618	0.00622	0.00198	0.00944	0.00539	0.00321	0.00953
84	0.01032	0.00790	0.01169	0.01074	0.01179	0.00805	0.07377	0.01166	0.01122	0.01531	0.02197	0.12577	0.02398	0.41236	0.20704	0.00684	0.00977	0.01027	0.00423	0.00533
85	0.01727	0.07277	0.30935	0.02247	0.10933	0.01723	0.15622	0.09231	0.05327	0.06282	0.01455	0.01660	0.01069	0.00669	0.00680	0.00213	0.00923	0.00606	0.00400	0.01021
86	0.01894	0.13330	0.12183	0.01541	0.06494	0.03548	0.03730	0.02350	0.06187	0.21228	0.07165	0.07602	0.04661	0.00966	0.00684	0.00213	0.00683	0.04039	0.00563	0.00939
87	0.01178	0.00598	0.00884	0.00884	0.00884	0.00598	0.00585	0.00897	0.00897	0.01196	0.01239	0.02206	0.01257	0.06244	0.02716	0.75920	0.00598	0.00615	0.00303	0.00303
88	0.01368	0.02997	0.55551	0.16706	0.05877	0.01576	0.02384	0.02079	0.01433	0.02084	0.01228	0.01531	0.00884	0.00655	0.00658	0.00218	0.00984	0.00530	0.00294	0.00963
89	0.02318	0.04092	0.12483	0.01562	0.04334	0.10896	0.01356	0.11073	0.13066	0.26311	0.02080	0.04138	0.01502	0.00832	0.00672	0.00210	0.00754	0.00659	0.00614	0.01050
90	0.02260	0.01666	0.01964	0.06005	0.08551	0.05932	0.03741	0.23156	0.19998	0.16403	0.02040	0.02008	0.01462	0.00811	0.00688	0.00214	0.00723	0.00666	0.00633	0.01081
91	0.01587	0.01595	0.02901	0.02447	0.11269	0.01608	0.34852	0.05723	0.10208	0.02369	0.06006	0.02504	0.04510	0.00826	0.00870	0.00233	0.05673	0.03446	0.00451	0.00922
92	0.01259	0.01136	0.01824	0.09332	0.30190	0.01133	0.03622	0.01557	0.01472	0.01985	0.02894	0.23588	0.12421	0.01259	0.00766	0.00236	0.00641	0.03405	0.00473	0.00808
93	0.01528	0.03930	0.01629	0.01262	0.01669	0.10515	0.03503	0.03158	0.01441	0.02013	0.01394	0.04235	0.01254	0.03065	0.10078	0.00287	0.07815	0.00563	0.03019	0.37640
94	0.01046	0.00763	0.01111	0.07957	0.01492	0.00776	0.03362	0.01231	0.01348	0.04605	0.03199	0.56019	0.03647	0.01786	0.00881	0.00263	0.03540	0.01602	0.04747	0.00625
95	0.04422	0.01213	0.01857	0.11179	0.15105	0.01218	0.06191	0.04180	0.04113	0.19545	0.04665	0.13312	0.02172	0.01057	0.00739	0.00233	0.00678	0.06642	0.00570	0.00910
96	0.06580	0.02693	0.01969	0.01693	0.02090	0.47151	0.03814	0.17361	0.02129	0.02369	0.01215	0.01379	0.00963	0.00740	0.00677	0.00190	0.03386	0.00499	0.02231	0.00872
97	0.01114	0.00851	0.01005	0.00942	0.01004	0.03670	0.03121	0.01192	0.01092	0.01479	0.02000	0.03831	0.02181	0.55435	0.10616	0.00633	0.03865	0.00902	0.04570	0.00495
98	0.00809	0.00693	0.00693	0.00693	0.00924	0.00578	0.00520	0.00982	0.01559	0.01848	0.06931	0.06584	0.71411	0.01733	0.00809	0.00231	0.00347	0.01444	0.00635	0.00578
99	0.01457	0.01423	0.02579	0.16962	0.31810	0.01449	0.16471	0.01868	0.01512	0.02081	0.03953	0.11955	0.01689	0.00853	0.00738	0.00225	0.00833	0.00856	0.00388	0.00899
100	0.01702	0.01470	0.01547	0.01392	0.01779	0.01702	0.01083	0.03635	0.70453	0.02862	0.02785	0.02553	0.02088	0.00928	0.00696	0.00232	0.00541	0.00773	0.00696	0.01083
101	0.01619	0.01569	0.02718	0.15414	0.55107	0.01626	0.06044	0.02037	0.01518	0.02139	0.01272	0.01719	0.01049	0.00634	0.00724	0.00211	0.02634	0.00621	0.00333	0.01014
102	0.02325	0.01457	0.01659	0.01370	0.01835	0.01555	0.01100	0.16351	0.34904	0.25858	0.02534	0.02302	0.01779	0.00881	0.00691	0.00220	0.00596	0.00715	0.00743	0.01125
103	0.01679	0.01644	0.02758	0.05719	0.42912	0.03804	0.15484	0.06335	0.01660	0.02273	0.01631	0.02056	0.04590	0.03485	0.00813	0.00227	0.00866	0.00700	0.00379	0.00986
104	0.01419	0.01216	0.01419	0.01013	0.01621	0.00912	0.00811	0.01723	0.01419	0.02229	0.01216	0.01419	0.01013	0.00507	0.00507	0.00101	0.00507	0.00405	0.00405	0.80139
105	0.01862	0.01546	0.02031	0.01713	0.04392	0.01844	0.03478	0.18764	0.01731	0.06576	0.01287	0.01617	0.01056	0.00956	0.01427	0.00240	0.36903	0.00595	0.02362	0.09621
106	0.00826	0.00669	0.00734	0.00770	0.00948	0.00577	0.00558	0.00996	0.01524	0.01886	0.10704	0.23766	0.50031	0.01812	0.00825	0.00242	0.00357	0.01555	0.00644	0.00577
107	0.01046	0.00775	0.01026	0.00996	0.01052	0.00886	0.00709	0.01174	0.01058	0.01507	0.01897	0.03369	0.01980	0.36427	0.32515	0.00794	0.08531	0.00834	0.02887	0.00537
108	0.01009	0.00701	0.01005	0.01005	0.01088	0.00784	0.00737	0.01135	0.01052	0.01485	0.01807	0.02942	0.01786	0.18056	0.50687	0.11610	0.01447	0.00764	0.00366	0.00532
109	0.01030	0.00813	0.01231	0.16904	0.01934	0.00838	0.03755	0.01268	0.01416	0.03317	0.07925	0.43702	0.07426	0.01652	0.00820	0.00258	0.00544	0.03967	0.00564	0.00638
110	0.01419	0.01216	0.01419	0.01013	0.01621	0.00912	0.00811	0.01723	0.01419	0.02229	0.01216	0.01419	0.01013	0.00507	0.00507	0.00101	0.00507	0.00405	0.00405	0.80139
111	0.01574	0.01473	0.02511	0.13263	0.52156	0.01516	0.04422	0.01979	0.01503	0.02152	0.01366	0.01820	0.01132	0.00867	0.04486	0.00252	0.00863	0.00625	0.05059	0.00982
112	0.01394	0.01303	0.01939	0.22341	0.25055	0.04024	0.01553	0.01802	0.03542	0.02121	0.13850	0.02909	0.07045	0.00940	0.00797	0.00223	0.04369	0.03514	0.00442	0.00837
113	0.01345	0.01169	0.01724	0.01870	0.12585	0.01334	0.03722	0.04615	0.01432	0.01990	0.02275	0.14681	0.02429	0.05333	0.01369	0.00298	0.21164	0.19444	0.00474	0.00746
114	0.02192	0.11250	0.02093	0.01601	0.01973	0.33902	0.01276	0.11342	0.14961	0.02231	0.01431	0.01551	0.01149	0.00804	0.00805	0.00201	0.09353	0.00536	0.00448	0.00901
115	0.01705	0.16019	0.13650	0.01588	0.08199	0.04162	0.01355	0.08771	0.06089	0.04502	0.04320	0.03786	0.01395	0.00714	0.00595	0.00172	0.00704	0.00566	0.00438	0.21269
116	0.01638	0.01708	0.08696	0.09407	0.36825	0.01529	0.16024	0.02098	0.01579	0.06220	0.03800	0.02043	0.03878	0.00693	0.00712	0.00214	0.00863	0.00698	0.00387	0.00988
117	0.01911	0.01454	0.01574	0.01392	0.01776	0.03823	0.01108	0.07528	0.46728	0.12103	0.02665	0.02848	0.02067	0.00996	0.00758	0.00235	0.02713	0.06592	0.00688	0.01040
118	0.01592	0.14367	0.34945	0.02146	0.13632	0.03915	0.05508	0.04620	0.06117	0.02185	0.01402	0.04075	0.01130	0.00707	0.00640	0.00206	0.00888	0.00585	0.00355	0.00985
119	0.01551	0.04089	0.20312	0.07192	0.22986	0.01513	0.04183	0.05149	0.08445	0.04133	0.03496	0.03919	0.04349	0.04734	0.00832	0.00238	0.00795	0.00704	0.00421	0.00958
120	0.01141	0.00908	0.01395	0.12844	0.15245	0.00925	0.01124	0.01371	0.01387	0.04064	0.02865	0.47633	0.03216	0.01582	0.00800	0.00254	0.00562	0.01442	0.00534	0.00708
121	0.00834	0.00595	0.00794	0.00953	0.00992	0.00556	0.00635	0.00953	0.01310	0.01746	0.03771	0.75510	0.04525	0.02143	0.00873	0.00278	0.00397	0.01945	0.00635	0.00556
122	0.03507	0.06791	0.15958	0.01678	0.06064	0.09934	0.07475	0.07379	0.01816	0.13322	0.12624	0.02477	0.06270	0.00870	0.00686	0.00207	0.00776	0.00727	0.00519	0.00920
123	0.01857	0.02333	0.25469	0.02053	0.10640	0.08799	0.09188	0.10143	0.01800	0.10976	0.01900	0.04733	0.05384	0.00808	0.00694	0.00214	0.00880	0.00690	0.00456	0.00982
124	0.02347	0.01686	0.01798	0.01411	0.01887	0.01858	0.01155	0.55757	0.05232	0.03966	0.01781	0.01826	0.01294	0.00821	0.00650	0.00199	0.00673	0.00625	0.13961	0.01072
125	0.01898	0.01653	0.02716	0.15968	0.19530	0.05129	0.21085	0.07874	0.03391	0.11624	0.01544	0.01840	0.01141	0.00675	0.00715	0.00216	0.00908	0.00673	0.00440	0.00981
126	0.01834	0.01790	0.06354	0.02886	0.36533	0.08174	0.05252	0.05064	0.10026	0.06715	0.01679	0.02049	0.01349	0.00737	0.00682	0.00209	0.00804	0.03136	0.03711	0.01017
127	0.01501	0.05928	0.35858	0.01539	0.02155	0.06607	0.01676	0.05472	0.01529	0.05524	0.03689	0.09027	0.01653	0.08493	0.06100	0.00322	0.00925	0.00731	0.00406	0.00864
128	0.01130	0.00897	0.01215	0.01155	0.01294	0.00968	0.02958	0.01378	0.03429	0.04768	0.14297	0.27791	0.15028	0.01627	0.01104	0.00261	0.14648	0.04796	0.00590	0.00665
129	0.01736	0.13969	0.28087	0.01890	0.07470	0.03496	0.06283	0.05551	0.04124	0.08711	0.01413	0.01628	0.01077	0.00932	0.04256	0.00254	0.07204	0.00561	0.00390	0.00967
130	0.01774	0.05330	0.12718	0.02803	0.35610	0.01622	0.01790	0.08247	0.05098	0.07577	0.04318	0.03997	0.01451	0.00767	0.00740	0.00211	0.03816	0.00661	0.00439	0.01030
131	0.01197	0.04656	0.16244	0.01250	0.01604	0.01061	0.01201	0.01710	0.08091	0.02101	0.06198	0.14798	0.05340	0.06575	0.00958	0.00279	0.00627	0.19211	0.06162	0.00739
132	0.00916	0.00713	0.00850	0.00915	0.01097	0.00647	0.00728	0.01138	0.01560	0.01957	0.09509	0.14468	0.38236	0.01808	0.00860	0.00262	0.00442	0.22657	0.00641	0.00596
133	0.01511	0.16252	0.37806	0.05455	0.02509	0.04366	0.04368	0.04303	0.03588	0.02113	0.01691	0.01867	0.05979	0.00737	0.00623	0.00202	0.00864	0.00579	0.04266	0.00920
134	0.04597	0.05294	0.07106	0.16108	0.30053	0.01595	0.07037	0.05582	0.03505	0.04619	0.01475	0.04260	0.01234	0.03702	0.00785	0.00230	0.00818	0.00664	0.00389	0.00946
135	0.01509	0.01437	0.02444	0.36444	0.40886	0.01577	0.02008	0.01938	0.01471	0.02011	0.01254	0.01753	0.01005	0.00644	0.00680	0.00215	0.00858	0.00609	0.00323	0.00935
136	0.01412	0.01832	0.16466	0.46530	0.11724	0.04224	0.04432	0.01925	0.01435	0.01901	0.01226	0.01711	0.00925	0.00666	0.00678	0.00221	0.00942	0.00588	0.00308	0.00854
137	0.01737	0.04838	0.13797	0.04217	0.15156	0.05931	0.24502	0.07872	0.01710	0.04796	0.01647	0.01928	0.04730	0.00716	0.00765	0.00217	0.03402	0.00688	0.00394	0.00957
138	0.03912	0.04609	0.30959	0.04167	0.02259	0.05676	0.01681	0.02187	0.04032	0.11850	0.07282	0.04128	0.03399	0.00917	0.00801	0.00225	0.06391	0.04154	0.00461	0.00911
139	0.00876	0.00630	0.00822	0.00910	0.00989	0.00585	0.00626	0.01049	0.01480	0.02009	0.22462	0.50967	0.07370	0.04686	0.00950	0.00273	0.00385	0.01696	0.00659	0.00576
140	0.01453	0.05296	0.07519	0.01929	0.08815	0.07801	0.17090	0.01869	0.04013	0.02056	0.08385	0.08412	0.05341	0.05423	0.00979	0.00257	0.03852	0.08253	0.00456	0.00800
141	0.01611	0.22006	0.38131	0.01792	0.07447	0.01822	0.01892	0.05639	0.01567	0.04770	0.04101	0.03691	0.01260	0.00719	0.00613	0.00198	0.00849	0.00560	0.00364	0.00968
142	0.01579	0.08282	0.57294	0.01859	0.02775	0.01695	0.03861	0.08139	0.01620	0.04826	0.01302	0.01479	0.00927	0.00666	0.00644	0.00211	0.00957	0.00519	0.00345	0.01019
143	0.00839	0.00620	0.00786	0.00916	0.00995	0.00568	0.00631	0.00975	0.01365	0.01776	0.04346	0.60433	0.16785	0.02059	0.00864	0.00271	0.00396	0.04179	0.00635	0.00562
144	0.01770	0.02330	0.26533	0.07809	0.09162	0.06787	0.12368	0.08885	0.01746	0.08845	0.03605	0.04209	0.01313	0.00749	0.00696	0.00216	0.00917	0.00663	0.00425	0.00972
145	0.01764	0.04338	0.05649	0.13976	0.07314	0.08491	0.05843	0.03963	0.01628	0.13758	0.06967	0.09832	0.01981	0.01002	0.00851	0.00229	0.07186	0.03875	0.00496	0.00857
146	0.01041	0.00822	0.00922	0.03481	0.01195	0.00779	0.00682	0.07482	0.01673	0.02111	0.11086	0.11013	0.41953	0.08193	0.01041	0.00273	0.00449	0.04556	0.00619	0.00632
147	0.01503	0.10112	0.56874	0.02004	0.06224	0.01681	0.05357	0.02195	0.01471	0.04627	0.01265	0.01474	0.00916	0.00646	0.00640	0.00210	0.00966	0.00518	0.00314	0.01004
148	0.04650	0.10228	0.11016	0.04451	0.08239	0.06795	0.08190	0.05392	0.03061	0.11881	0.03320	0.03915	0.03150	0.04785	0.00813	0.00234	0.00779	0.04470	0.03741	0.00893
149	0.01700	0.01701	0.06178	0.29387	0.09846	0.04249	0.15425	0.15519	0.01840	0.02430	0.01433	0.01973	0.01121	0.00730	0.00715	0.00223	0.00925	0.03286	0.00406	0.00913
150	0.03917	0.01268	0.01379	0.01309	0.03973	0.10615	0.03484	0.01948	0.03969	0.12133	0.09227	0.05784	0.07220	0.08359	0.01063	0.00269	0.04295	0.10469	0.08564	0.00756
151	0.17574	0.05334	0.01965	0.11231	0.21660	0.04461	0.03811	0.01913	0.03978	0.02173	0.01518	0.08827	0.01411	0.03984	0.03541	0.00270	0.04421	0.00702	0.00394	0.00833
152	0.04627	0.01124	0.01563	0.11337	0.14754	0.01182	0.01216	0.03561	0.11115	0.08334	0.02696	0.16887	0.07556	0.01317	0.02445	0.02554	0.00643	0.05718	0.00541	0.00830
153	0.14064	0.14368	0.09212	0.11345	0.07519	0.13139	0.01381	0.02141	0.05577	0.02122	0.02961	0.01673	0.03196	0.00716	0.00620	0.00194	0.02549	0.00528	0.00380	0.06316
154	0.04095	0.13759	0.04609	0.07479	0.12748	0.01395	0.05167	0.01797	0.03887	0.06065	0.02202	0.10968	0.05970	0.13022	0.01128	0.00288	0.00696	0.03488	0.00447	0.00790
155	0.06529	0.07812	0.18573	0.05974	0.06437	0.08656	0.04599	0.02126	0.05551	0.04583	0.04772	0.01830	0.01333	0.03589	0.00979	0.00233	0.11933	0.00593	0.00387	0.03510
156	0.01841	0.10342	0.06508	0.04250	0.04460	0.14710	0.12741	0.10148	0.01772	0.04547	0.01571	0.05975	0.01373	0.00955	0.03257	0.00229	0.00907	0.03917	0.00431	0.10066
157	0.09039	0.14962	0.04787	0.03737	0.08752	0.04264	0.11206	0.08895	0.03343	0.07286	0.05738	0.08307	0.01680	0.00865	0.00726	0.00211	0.04112	0.00728	0.00466	0.00896

[dist]
# distance from previous block
# <min> <max>
5	374

# created by:
# /home/cegg/simao/soft/augustus-3.2.1/scripts/msa2prfl.pl ./align_prep/EOG090W0HCM.fa
