[name]
unknown

[dist]
# distance from previous block
# <min> <max>
0	16

[block]
# block no. 0 follows, 38 sequences, length 22
# corresponding to MSA columns:
# 16-37
name=unknown_A
#
# <colnr> <probs for GDERKNQSTAVLIFYWHMCP>
#	G	D	E	R	K	N	Q	S	T	A	V	L	I	F	Y	W	H	M	C	P
0	0.01574	0.04103	0.01427	0.01278	0.06527	0.06891	0.00948	0.19182	0.08147	0.05997	0.03719	0.07669	0.07171	0.03233	0.00687	0.00196	0.00569	0.08300	0.02870	0.09510
1	0.01055	0.03654	0.02705	0.00791	0.00901	0.00805	0.00548	0.07540	0.03310	0.01614	0.06930	0.07371	0.02297	0.52490	0.02230	0.00448	0.00553	0.00855	0.03406	0.00497
2	0.03489	0.01599	0.07913	0.01292	0.04414	0.12261	0.01046	0.22671	0.10713	0.02475	0.10105	0.04112	0.10645	0.03727	0.00705	0.00200	0.00624	0.00709	0.00505	0.00795
3	0.10128	0.04802	0.01560	0.04109	0.05208	0.06573	0.01025	0.26252	0.20980	0.02738	0.03924	0.01866	0.04430	0.00749	0.00570	0.00184	0.00591	0.00583	0.02859	0.00869
4	0.01464	0.04664	0.15501	0.02963	0.04946	0.01370	0.01222	0.10695	0.17620	0.05595	0.07668	0.01983	0.03544	0.00776	0.00723	0.00188	0.08433	0.00600	0.04228	0.05816
5	0.01316	0.01235	0.06228	0.01094	0.04607	0.00924	0.00884	0.01727	0.06974	0.04127	0.01218	0.01360	0.00977	0.00495	0.00478	0.00111	0.00490	0.00402	0.00378	0.64971
6	0.67420	0.01331	0.07167	0.00909	0.01335	0.01333	0.00816	0.04153	0.01157	0.08378	0.00998	0.01100	0.00738	0.00579	0.00414	0.00186	0.00510	0.00364	0.00399	0.00712
7	0.00875	0.00583	0.00656	0.00656	0.00656	0.00583	0.00365	0.00875	0.00875	0.01166	0.01895	0.03937	0.02187	0.78858	0.03062	0.00583	0.00583	0.00875	0.00365	0.00365
8	0.01121	0.00561	0.00561	0.00561	0.00701	0.00561	0.00421	0.01402	0.01262	0.02243	0.01962	0.02243	0.01542	0.00701	0.00421	0.00140	0.00280	0.00561	0.82198	0.00561
9	0.01508	0.03401	0.01342	0.00967	0.01441	0.00960	0.00778	0.10326	0.01466	0.10039	0.01355	0.05065	0.01122	0.00651	0.00575	0.03575	0.00483	0.00476	0.00431	0.54037
10	0.01671	0.39515	0.02690	0.05679	0.09332	0.08307	0.09388	0.11115	0.01522	0.01878	0.03065	0.01298	0.00977	0.00576	0.00506	0.00157	0.00731	0.00455	0.00328	0.00810
11	0.01121	0.00561	0.00561	0.00561	0.00701	0.00561	0.00421	0.01402	0.01262	0.02243	0.01962	0.02243	0.01542	0.00701	0.00421	0.00140	0.00280	0.00561	0.82198	0.00561
12	0.83108	0.01163	0.00884	0.00791	0.01163	0.01350	0.00651	0.01768	0.01024	0.02699	0.00838	0.00977	0.00651	0.00558	0.00372	0.00186	0.00465	0.00326	0.00372	0.00651
13	0.02147	0.01591	0.01708	0.01344	0.01798	0.01766	0.01099	0.57669	0.16445	0.05621	0.01664	0.01615	0.01192	0.00741	0.00604	0.00185	0.00622	0.00570	0.00608	0.01009
14	0.00722	0.00610	0.00625	0.00621	0.00820	0.00513	0.00466	0.00886	0.01398	0.01690	0.11714	0.05683	0.69202	0.01500	0.00711	0.00202	0.00303	0.01255	0.00567	0.00513
15	0.00742	0.00527	0.00695	0.00826	0.00859	0.00495	0.00546	0.00840	0.01134	0.01512	0.03226	0.73774	0.03866	0.06730	0.00912	0.00266	0.00364	0.01658	0.00546	0.00481
16	0.01247	0.01069	0.01247	0.00891	0.01426	0.00802	0.00713	0.01515	0.01247	0.01960	0.01069	0.01247	0.00891	0.00446	0.00446	0.00089	0.00446	0.00356	0.00356	0.82536
17	0.00954	0.00798	0.02802	0.05016	0.01284	0.00701	0.00746	0.03147	0.01222	0.01710	0.02399	0.42305	0.02674	0.01617	0.07059	0.00264	0.00534	0.04076	0.00468	0.20224
18	0.00777	0.00553	0.00737	0.00857	0.00911	0.00524	0.00601	0.00910	0.01204	0.01608	0.07909	0.61097	0.03940	0.05494	0.00882	0.00261	0.00382	0.10302	0.00555	0.00496
19	0.17303	0.12427	0.07545	0.09156	0.12800	0.07254	0.14490	0.06755	0.03289	0.02079	0.01080	0.01324	0.00848	0.00567	0.00540	0.00180	0.00751	0.00484	0.00332	0.00797
20	0.04626	0.22587	0.21563	0.01382	0.04404	0.03072	0.03283	0.11826	0.03539	0.02095	0.06286	0.04690	0.01487	0.00755	0.00559	0.00180	0.00679	0.05797	0.00383	0.00804
21	0.01464	0.01240	0.03936	0.06479	0.17417	0.01278	0.01160	0.14449	0.14013	0.04998	0.10372	0.07232	0.01969	0.06964	0.00877	0.00226	0.03900	0.00730	0.00482	0.00813

[dist]
# distance from previous block
# <min> <max>
0	2

[block]
# block no. 1 follows, 38 sequences, length 14
# corresponding to MSA columns:
# 40-53
name=unknown_B
#
# <colnr> <probs for GDERKNQSTAVLIFYWHMCP>
#	G	D	E	R	K	N	Q	S	T	A	V	L	I	F	Y	W	H	M	C	P
0	0.70059	0.01244	0.01028	0.00948	0.03540	0.03820	0.00740	0.05082	0.01175	0.06480	0.00957	0.01074	0.00725	0.00577	0.00407	0.00185	0.00505	0.00359	0.00398	0.00699
1	0.30108	0.12981	0.01501	0.01062	0.01417	0.14058	0.00871	0.09833	0.05253	0.03889	0.08619	0.03755	0.01421	0.00715	0.00524	0.00176	0.02160	0.00506	0.00424	0.00729
2	0.00919	0.00627	0.00805	0.00763	0.00919	0.00571	0.00571	0.01172	0.01626	0.05877	0.58464	0.10259	0.12575	0.01287	0.00709	0.00195	0.00302	0.01131	0.00647	0.00578
3	0.01391	0.01337	0.05286	0.03573	0.18398	0.04941	0.04413	0.05847	0.18951	0.03892	0.10751	0.06210	0.07022	0.02276	0.00715	0.00202	0.02763	0.00750	0.00473	0.00810
4	0.01121	0.00561	0.00561	0.00561	0.00701	0.00561	0.00421	0.01402	0.01262	0.02243	0.01962	0.02243	0.01542	0.00701	0.00421	0.00140	0.00280	0.00561	0.82198	0.00561
5	0.00862	0.00635	0.00920	0.00920	0.01011	0.00726	0.00693	0.01044	0.00953	0.01362	0.01654	0.02602	0.01607	0.15784	0.65344	0.00909	0.01455	0.00679	0.00329	0.00511
6	0.03829	0.01535	0.01302	0.01161	0.01461	0.23106	0.00897	0.07353	0.12758	0.14410	0.04319	0.06600	0.07591	0.04107	0.00709	0.00204	0.00650	0.04350	0.02896	0.00759
7	0.01121	0.00561	0.00561	0.00561	0.00701	0.00561	0.00421	0.01402	0.01262	0.02243	0.01962	0.02243	0.01542	0.00701	0.00421	0.00140	0.00280	0.00561	0.82198	0.00561
8	0.07545	0.08531	0.04145	0.04317	0.49372	0.01539	0.01593	0.05958	0.01395	0.04171	0.01116	0.01405	0.00917	0.00583	0.00635	0.00180	0.04874	0.00500	0.00326	0.00897
9	0.01403	0.01343	0.04846	0.30076	0.20984	0.03301	0.11043	0.01832	0.04561	0.06628	0.01286	0.01725	0.01016	0.04680	0.00773	0.00214	0.02590	0.00580	0.00332	0.00787
10	0.01435	0.04409	0.31001	0.02686	0.03185	0.05428	0.01452	0.14077	0.05037	0.04096	0.12145	0.02122	0.06547	0.00786	0.00642	0.00188	0.02889	0.00623	0.00426	0.00823
11	0.00939	0.00663	0.00914	0.00900	0.00946	0.00749	0.00651	0.00995	0.00925	0.01291	0.01637	0.05628	0.01717	0.24915	0.29300	0.15724	0.07968	0.03358	0.00335	0.00447
12	0.25154	0.11128	0.03779	0.01374	0.09707	0.09092	0.02403	0.10048	0.01437	0.04467	0.01136	0.04082	0.00948	0.00614	0.00487	0.00163	0.00618	0.00455	0.00381	0.12527
13	0.03961	0.01235	0.07475	0.01030	0.01508	0.00967	0.00899	0.06280	0.01425	0.13736	0.04559	0.03821	0.04027	0.00664	0.00588	0.00142	0.03993	0.00523	0.00447	0.42720

[dist]
# distance from previous block
# <min> <max>
0	3

[block]
# block no. 2 follows, 38 sequences, length 22
# corresponding to MSA columns:
# 57-78
name=unknown_C
#
# <colnr> <probs for GDERKNQSTAVLIFYWHMCP>
#	G	D	E	R	K	N	Q	S	T	A	V	L	I	F	Y	W	H	M	C	P
0	0.03476	0.16617	0.47090	0.01734	0.07606	0.01589	0.06090	0.04206	0.01331	0.03409	0.01079	0.01265	0.00807	0.00563	0.00544	0.00179	0.00813	0.00448	0.00285	0.00869
1	0.01301	0.03794	0.04061	0.03383	0.01266	0.04423	0.00774	0.03599	0.01663	0.14171	0.44178	0.03591	0.09279	0.01056	0.00661	0.00186	0.00426	0.00902	0.00605	0.00680
2	0.00857	0.00588	0.00719	0.00734	0.00758	0.00604	0.00458	0.00908	0.00922	0.01249	0.01996	0.11721	0.02254	0.56649	0.16505	0.00618	0.00750	0.00922	0.00378	0.00410
3	0.48470	0.07293	0.03625	0.05719	0.03128	0.01544	0.02879	0.16900	0.01458	0.02703	0.01004	0.01150	0.00765	0.00591	0.00456	0.00182	0.00574	0.00402	0.00399	0.00758
4	0.14938	0.24268	0.07618	0.03815	0.05067	0.09450	0.01079	0.04976	0.08854	0.07099	0.01427	0.01506	0.03905	0.00642	0.00493	0.00168	0.00638	0.00466	0.02802	0.00788
5	0.01144	0.01003	0.05246	0.01216	0.01476	0.00915	0.05961	0.09084	0.03295	0.02007	0.02685	0.12328	0.04763	0.01475	0.03505	0.00267	0.00620	0.38592	0.00511	0.03908
6	0.01597	0.03271	0.24451	0.06504	0.16432	0.01273	0.03523	0.03702	0.07833	0.17110	0.05166	0.01859	0.03217	0.00680	0.00600	0.00188	0.00685	0.00581	0.00432	0.00894
7	0.01338	0.00893	0.01119	0.01071	0.03453	0.00906	0.00820	0.13360	0.03769	0.09478	0.20862	0.03979	0.04530	0.10607	0.04608	0.00293	0.00550	0.17114	0.00569	0.00681
8	0.01602	0.02005	0.23841	0.01665	0.07512	0.06195	0.04693	0.15483	0.17304	0.04203	0.01485	0.01638	0.01129	0.03074	0.00753	0.00205	0.05349	0.00551	0.00422	0.00891
9	0.00912	0.00710	0.01024	0.01004	0.01106	0.00842	0.00779	0.01163	0.03585	0.01435	0.01638	0.04321	0.01556	0.06888	0.63742	0.00856	0.06875	0.00674	0.00336	0.00553
10	0.01400	0.01272	0.01346	0.03762	0.01569	0.08155	0.03718	0.02516	0.44094	0.02332	0.17552	0.02569	0.02472	0.00862	0.00623	0.00194	0.00516	0.00732	0.03498	0.00818
11	0.00731	0.00596	0.00646	0.00663	0.00832	0.00512	0.00486	0.00891	0.01374	0.01702	0.13589	0.17342	0.55449	0.01548	0.00720	0.00208	0.00309	0.01320	0.00571	0.00512
12	0.01420	0.01489	0.03308	0.05801	0.07921	0.09927	0.09396	0.03693	0.04732	0.01702	0.03252	0.01579	0.01073	0.01125	0.07191	0.00281	0.34506	0.00565	0.00319	0.00721
13	0.00879	0.00588	0.00671	0.00678	0.00685	0.00588	0.00394	0.00893	0.00899	0.01197	0.01958	0.04074	0.02249	0.75132	0.02954	0.00568	0.00582	0.04262	0.00374	0.00374
14	0.02117	0.02632	0.01764	0.04623	0.05097	0.65032	0.02769	0.02372	0.05155	0.01556	0.01024	0.01190	0.00838	0.00623	0.00554	0.00161	0.01027	0.00421	0.00322	0.00722
15	0.01902	0.04868	0.03376	0.03984	0.05283	0.05679	0.01126	0.32924	0.20239	0.07422	0.01711	0.03359	0.01296	0.00864	0.03035	0.00211	0.00664	0.00589	0.00539	0.00931
16	0.01046	0.02563	0.04488	0.06573	0.10634	0.00917	0.03541	0.02921	0.01291	0.01795	0.10353	0.08690	0.10530	0.01908	0.20384	0.00391	0.00811	0.02705	0.02910	0.05549
17	0.01665	0.31004	0.11383	0.01247	0.01725	0.11137	0.01176	0.09818	0.05637	0.04106	0.01132	0.01275	0.00921	0.00762	0.03547	0.00188	0.04887	0.00425	0.00348	0.07617
18	0.08158	0.03601	0.06648	0.01310	0.07546	0.04629	0.01017	0.06045	0.13144	0.18454	0.08036	0.01951	0.01612	0.02569	0.02504	0.00202	0.00585	0.00575	0.00507	0.10908
19	0.01200	0.02480	0.05296	0.03432	0.20933	0.01077	0.01149	0.05354	0.05328	0.03369	0.03460	0.08872	0.03410	0.02223	0.29119	0.00483	0.00988	0.00713	0.00385	0.00728
20	0.05832	0.03980	0.15913	0.03538	0.20978	0.01359	0.03368	0.08177	0.11354	0.09638	0.03947	0.04185	0.01397	0.00719	0.00596	0.00191	0.00655	0.02855	0.00434	0.00883
21	0.03199	0.09914	0.09757	0.05959	0.12204	0.06986	0.01239	0.14613	0.01589	0.03991	0.05831	0.05596	0.06542	0.01017	0.05067	0.00230	0.04436	0.00636	0.00407	0.00785

[dist]
# distance from previous block
# <min> <max>
1	15

[block]
# block no. 3 follows, 38 sequences, length 53
# corresponding to MSA columns:
# 94-146
name=unknown_D
#
# <colnr> <probs for GDERKNQSTAVLIFYWHMCP>
#	G	D	E	R	K	N	Q	S	T	A	V	L	I	F	Y	W	H	M	C	P
0	0.01671	0.17031	0.17000	0.01701	0.12281	0.12608	0.01412	0.15163	0.01628	0.02106	0.04107	0.01382	0.01050	0.00639	0.00617	0.00170	0.04876	0.00471	0.00355	0.03734
1	0.03418	0.12735	0.18372	0.05366	0.16923	0.04181	0.03548	0.10932	0.05166	0.06343	0.01382	0.01778	0.01120	0.00673	0.00576	0.00184	0.00722	0.05334	0.00381	0.00866
2	0.05811	0.33415	0.21443	0.01447	0.04855	0.05842	0.04990	0.10588	0.01473	0.03538	0.01042	0.01186	0.00824	0.00568	0.00497	0.00162	0.00742	0.00418	0.00322	0.00837
3	0.06385	0.19430	0.32402	0.01478	0.05505	0.05341	0.01526	0.04728	0.04718	0.11279	0.01247	0.01336	0.00919	0.00598	0.00526	0.00174	0.00736	0.00447	0.00358	0.00868
4	0.04165	0.10973	0.07168	0.01091	0.01563	0.06912	0.00969	0.02362	0.01534	0.40018	0.03373	0.01815	0.02968	0.00685	0.00547	0.00166	0.00575	0.00532	0.03439	0.09144
5	0.01356	0.31363	0.48796	0.01460	0.02210	0.01762	0.01780	0.01867	0.01252	0.01723	0.00989	0.01157	0.00766	0.00550	0.00503	0.00168	0.00798	0.00399	0.00255	0.00846
6	0.83108	0.01163	0.00884	0.00791	0.01163	0.01350	0.00651	0.01768	0.01024	0.02699	0.00838	0.00977	0.00651	0.00558	0.00372	0.00186	0.00465	0.00326	0.00372	0.00651
7	0.01310	0.01052	0.01234	0.00889	0.01409	0.00799	0.00712	0.01576	0.01270	0.05337	0.01156	0.01314	0.00938	0.00467	0.00452	0.00095	0.00444	0.00374	0.02811	0.76362
8	0.00829	0.00645	0.00758	0.00738	0.00905	0.00594	0.00550	0.01134	0.05807	0.02061	0.39765	0.10962	0.30313	0.01366	0.00709	0.00200	0.00308	0.01181	0.00613	0.00562
9	0.00847	0.00615	0.00798	0.00752	0.00896	0.00566	0.00564	0.01127	0.01693	0.02388	0.72680	0.04533	0.07800	0.01239	0.00710	0.00190	0.00284	0.01094	0.00659	0.00566
10	0.01365	0.23207	0.52921	0.01517	0.02287	0.01680	0.01854	0.05333	0.01333	0.01867	0.01033	0.01198	0.00777	0.00564	0.00524	0.00174	0.00813	0.00417	0.00272	0.00865
11	0.01136	0.01069	0.01804	0.77412	0.04143	0.01337	0.01671	0.01537	0.01203	0.01537	0.01069	0.01604	0.00802	0.00601	0.00601	0.00200	0.00802	0.00535	0.00267	0.00668
12	0.01374	0.01323	0.02285	0.18440	0.52725	0.01368	0.05864	0.01737	0.01333	0.01856	0.01307	0.03579	0.02908	0.00607	0.00611	0.00187	0.00730	0.00594	0.00305	0.00864
13	0.01121	0.00561	0.00561	0.00561	0.00701	0.00561	0.00421	0.01402	0.01262	0.02243	0.01962	0.02243	0.01542	0.00701	0.00421	0.00140	0.00280	0.00561	0.82198	0.00561
14	0.01417	0.01116	0.01344	0.00987	0.01487	0.00923	0.02610	0.09245	0.01479	0.06295	0.06224	0.01545	0.01266	0.00547	0.00496	0.00114	0.00476	0.00449	0.00424	0.61557
15	0.01579	0.01496	0.02441	0.05896	0.43326	0.05535	0.15881	0.05837	0.01490	0.05730	0.01399	0.01683	0.03703	0.00595	0.00621	0.00184	0.00770	0.00594	0.00348	0.00890
16	0.01121	0.00561	0.00561	0.00561	0.00701	0.00561	0.00421	0.01402	0.01262	0.02243	0.01962	0.02243	0.01542	0.00701	0.00421	0.00140	0.00280	0.00561	0.82198	0.00561
17	0.52757	0.01483	0.01435	0.05080	0.03442	0.12146	0.09374	0.04515	0.01252	0.02396	0.00937	0.01130	0.00729	0.00569	0.00462	0.00184	0.00649	0.00404	0.00357	0.00699
18	0.02079	0.02573	0.01656	0.01501	0.01769	0.64448	0.01139	0.02237	0.01593	0.01495	0.00972	0.01184	0.00824	0.00776	0.02846	0.00188	0.08419	0.00414	0.03201	0.00684
19	0.03602	0.51620	0.15511	0.01399	0.08049	0.05661	0.01302	0.01837	0.01266	0.01593	0.00969	0.01218	0.00852	0.00562	0.00455	0.00150	0.00707	0.02179	0.00273	0.00796
20	0.01400	0.01435	0.05263	0.14056	0.48262	0.01405	0.09019	0.01867	0.05652	0.01920	0.01332	0.01663	0.02825	0.00585	0.00611	0.00187	0.00741	0.00577	0.00317	0.00883
21	0.00965	0.00687	0.00955	0.01087	0.01219	0.00687	0.00942	0.01229	0.01361	0.01771	0.03126	0.06655	0.03404	0.05197	0.00933	0.00291	0.00555	0.67843	0.00545	0.00545
22	0.02228	0.01622	0.01778	0.04849	0.01949	0.01795	0.01153	0.65313	0.04654	0.06315	0.01489	0.01496	0.01052	0.00720	0.00602	0.00182	0.00658	0.00547	0.00592	0.01005
23	0.00859	0.00645	0.00967	0.00967	0.01074	0.00752	0.00752	0.01074	0.00967	0.01396	0.01611	0.02363	0.01504	0.04512	0.76474	0.00967	0.01611	0.00645	0.00322	0.00537
24	0.02683	0.01050	0.01412	0.01083	0.01549	0.00923	0.00894	0.05718	0.01766	0.72674	0.02336	0.02024	0.01471	0.00744	0.00605	0.00186	0.00518	0.00602	0.00739	0.01024
25	0.01496	0.01292	0.01360	0.01224	0.01564	0.01496	0.00952	0.03197	0.74019	0.02516	0.02448	0.02244	0.01836	0.00816	0.00612	0.00204	0.00476	0.00680	0.00612	0.00952
26	0.00746	0.00536	0.00710	0.00833	0.00883	0.00500	0.00567	0.00868	0.01200	0.01602	0.07993	0.69696	0.06110	0.01826	0.00764	0.00240	0.00349	0.03514	0.00565	0.00496
27	0.01420	0.01623	0.03550	0.02535	0.03144	0.01521	0.72921	0.01927	0.01420	0.01927	0.01217	0.01623	0.00913	0.00507	0.00710	0.00203	0.01014	0.00710	0.00304	0.00811
28	0.00733	0.00524	0.00698	0.00838	0.00873	0.00489	0.00558	0.00838	0.01152	0.01536	0.03316	0.78466	0.03979	0.01885	0.00768	0.00244	0.00349	0.01710	0.00558	0.00489
29	0.01136	0.01069	0.01804	0.77412	0.04143	0.01337	0.01671	0.01537	0.01203	0.01537	0.01069	0.01604	0.00802	0.00601	0.00601	0.00200	0.00802	0.00535	0.00267	0.00668
30	0.02287	0.01685	0.01805	0.01384	0.01866	0.01866	0.01143	0.73100	0.02828	0.03791	0.01444	0.01444	0.01023	0.00722	0.00602	0.00181	0.00662	0.00542	0.00602	0.01023
31	0.02699	0.01024	0.01396	0.01070	0.01536	0.00884	0.00884	0.02932	0.01722	0.75522	0.02373	0.02048	0.01489	0.00745	0.00605	0.00186	0.00512	0.00605	0.00745	0.01024
32	0.01608	0.79220	0.03152	0.01029	0.01544	0.02380	0.01029	0.01801	0.01222	0.01415	0.00836	0.00965	0.00772	0.00515	0.00386	0.00129	0.00643	0.00322	0.00257	0.00772
33	0.01207	0.03112	0.75741	0.01715	0.02604	0.01397	0.02223	0.01905	0.01270	0.01905	0.01080	0.01270	0.00762	0.00572	0.00572	0.00191	0.00889	0.00445	0.00254	0.00889
34	0.83108	0.01163	0.00884	0.00791	0.01163	0.01350	0.00651	0.01768	0.01024	0.02699	0.00838	0.00977	0.00651	0.00558	0.00372	0.00186	0.00465	0.00326	0.00372	0.00651
35	0.01420	0.01623	0.03550	0.02535	0.03144	0.01521	0.72921	0.01927	0.01420	0.01927	0.01217	0.01623	0.00913	0.00507	0.00710	0.00203	0.01014	0.00710	0.00304	0.00811
36	0.01496	0.01292	0.01360	0.01224	0.01564	0.01496	0.00952	0.03197	0.74019	0.02516	0.02448	0.02244	0.01836	0.00816	0.00612	0.00204	0.00476	0.00680	0.00612	0.00952
37	0.00851	0.00615	0.00804	0.00757	0.00899	0.00568	0.00568	0.01135	0.01703	0.02412	0.74788	0.04494	0.05676	0.01230	0.00710	0.00189	0.00284	0.01088	0.00662	0.00568
38	0.00875	0.00583	0.00656	0.00656	0.00656	0.00583	0.00365	0.00875	0.00875	0.01166	0.01895	0.03937	0.02187	0.78858	0.03062	0.00583	0.00583	0.00875	0.00365	0.00365
39	0.00862	0.00633	0.00910	0.00910	0.00998	0.00721	0.00681	0.01038	0.00950	0.01355	0.01663	0.02649	0.01628	0.18033	0.63123	0.00897	0.01424	0.00686	0.00330	0.00506
40	0.01496	0.01292	0.01360	0.01224	0.01564	0.01496	0.00952	0.03197	0.74019	0.02516	0.02448	0.02244	0.01836	0.00816	0.00612	0.00204	0.00476	0.00680	0.00612	0.00952
41	0.01121	0.00561	0.00561	0.00561	0.00701	0.00561	0.00421	0.01402	0.01262	0.02243	0.01962	0.02243	0.01542	0.00701	0.00421	0.00140	0.00280	0.00561	0.82198	0.00561
42	0.01339	0.01139	0.01221	0.01126	0.01416	0.01288	0.00864	0.02713	0.58614	0.02358	0.06381	0.10785	0.06169	0.00990	0.00639	0.00208	0.00444	0.00844	0.00606	0.00859
43	0.01500	0.01405	0.02334	0.03440	0.67960	0.01412	0.01752	0.05432	0.01459	0.02079	0.04547	0.01625	0.01174	0.00577	0.00601	0.00179	0.00692	0.00562	0.00330	0.00939
44	0.01121	0.00561	0.00561	0.00561	0.00701	0.00561	0.00421	0.01402	0.01262	0.02243	0.01962	0.02243	0.01542	0.00701	0.00421	0.00140	0.00280	0.00561	0.82198	0.00561
45	0.05997	0.01500	0.02249	0.05338	0.57997	0.07614	0.03668	0.01858	0.01376	0.01945	0.01181	0.01645	0.01016	0.00590	0.00592	0.00182	0.00736	0.03318	0.00312	0.00887
46	0.00961	0.00762	0.00940	0.00909	0.00964	0.03461	0.00649	0.01069	0.00947	0.01301	0.01633	0.02921	0.01714	0.37411	0.33430	0.00696	0.08693	0.00727	0.00335	0.00477
47	0.01426	0.01349	0.02280	0.03403	0.67785	0.01344	0.01720	0.01776	0.01403	0.02009	0.08398	0.01785	0.01419	0.00604	0.00607	0.00180	0.00672	0.00590	0.00334	0.00915
48	0.01252	0.02923	0.68397	0.01650	0.02478	0.01388	0.02082	0.05795	0.01339	0.01977	0.01135	0.01395	0.00838	0.03977	0.00681	0.00207	0.00863	0.00469	0.00278	0.00874
49	0.01703	0.01349	0.01430	0.01218	0.01574	0.03149	0.00963	0.24837	0.38304	0.04879	0.08690	0.05473	0.01988	0.00864	0.00623	0.00195	0.00526	0.00710	0.00608	0.00916
50	0.01206	0.06275	0.68442	0.01626	0.02450	0.01395	0.02068	0.01844	0.01246	0.01843	0.01114	0.01404	0.00841	0.04895	0.00701	0.00210	0.00861	0.00463	0.00260	0.00855
51	0.02196	0.02781	0.01712	0.01551	0.01844	0.72321	0.01171	0.02349	0.01661	0.01471	0.00922	0.01098	0.00776	0.00644	0.00622	0.00161	0.05322	0.00395	0.00307	0.00695
52	0.02149	0.01577	0.01685	0.01306	0.01757	0.01734	0.01074	0.65997	0.02680	0.03604	0.01724	0.01719	0.05126	0.00766	0.00600	0.00180	0.00626	0.00583	0.04140	0.00975

[dist]
# distance from previous block
# <min> <max>
0	44

# created by:
# /home/cegg/simao/soft/augustus-3.2.1/scripts/msa2prfl.pl ./align_prep/EOG090W0KJ3.fa
