[name]
unknown

[dist]
# distance from previous block
# <min> <max>
0	25

[block]
# block no. 0 follows, 32 sequences, length 35
# corresponding to MSA columns:
# 25-59
name=unknown_A
#
# <colnr> <probs for GDERKNQSTAVLIFYWHMCP>
#	G	D	E	R	K	N	Q	S	T	A	V	L	I	F	Y	W	H	M	C	P
0	0.03724	0.27362	0.21169	0.04128	0.02059	0.03719	0.01479	0.02012	0.01466	0.08203	0.01735	0.04984	0.01587	0.00904	0.00625	0.00207	0.00764	0.12607	0.00411	0.00856
1	0.05149	0.08454	0.04110	0.01463	0.03868	0.18139	0.01163	0.20010	0.07284	0.11644	0.05409	0.01974	0.01529	0.05907	0.00818	0.00224	0.00780	0.00609	0.00538	0.00928
2	0.01031	0.00688	0.00827	0.00839	0.01005	0.00611	0.00603	0.01205	0.01508	0.08133	0.15257	0.29029	0.28965	0.05977	0.00953	0.00262	0.00391	0.01459	0.00647	0.00611
3	0.01626	0.01409	0.02104	0.02669	0.35473	0.01482	0.03499	0.05626	0.18011	0.04570	0.01778	0.02111	0.01450	0.03851	0.11020	0.00346	0.00869	0.00674	0.00454	0.00977
4	0.27128	0.05992	0.01651	0.03695	0.05229	0.25415	0.01088	0.07106	0.03331	0.04727	0.01420	0.01548	0.04145	0.00714	0.00553	0.00189	0.00792	0.00491	0.00425	0.04360
5	0.05154	0.00713	0.00744	0.00737	0.00932	0.00644	0.00542	0.01072	0.01481	0.01926	0.14058	0.05741	0.48000	0.11783	0.01134	0.00284	0.00398	0.03496	0.00597	0.00563
6	0.13473	0.01098	0.01174	0.01045	0.01354	0.01142	0.00808	0.14736	0.08270	0.09312	0.07211	0.16290	0.15486	0.04587	0.00820	0.00243	0.00504	0.01029	0.00624	0.00794
7	0.01190	0.00909	0.01169	0.09235	0.01587	0.01002	0.00901	0.06989	0.08140	0.02136	0.06561	0.23263	0.06401	0.02003	0.13721	0.00382	0.03383	0.01083	0.09249	0.00696
8	0.18232	0.01258	0.01477	0.01167	0.01662	0.01223	0.00958	0.09007	0.05841	0.46108	0.02166	0.01967	0.01427	0.00779	0.00617	0.00204	0.00571	0.00601	0.00710	0.04023
9	0.01053	0.00726	0.00892	0.00904	0.01062	0.00681	0.00676	0.01308	0.03733	0.05801	0.20715	0.16482	0.18886	0.12142	0.01182	0.00302	0.00448	0.11762	0.00633	0.00612
10	0.00999	0.00691	0.00811	0.00837	0.00921	0.00689	0.00557	0.01223	0.06016	0.01755	0.06769	0.22243	0.08840	0.29125	0.04784	0.02984	0.00543	0.01189	0.08487	0.00539
11	0.01371	0.04644	0.02009	0.29246	0.14802	0.01443	0.04059	0.04361	0.03168	0.01877	0.01470	0.06651	0.01306	0.01416	0.09917	0.04651	0.05777	0.00696	0.00357	0.00778
12	0.81159	0.01298	0.00986	0.00882	0.01298	0.01505	0.00727	0.01972	0.01142	0.03010	0.00934	0.01090	0.00727	0.00623	0.00415	0.00208	0.00519	0.00363	0.00415	0.00727
13	0.00935	0.00666	0.00798	0.00835	0.00900	0.00647	0.00542	0.01102	0.03870	0.01732	0.13499	0.27762	0.07840	0.33629	0.01928	0.00420	0.00492	0.01332	0.00550	0.00520
14	0.03768	0.00742	0.00941	0.06605	0.01272	0.00743	0.00710	0.01296	0.03177	0.03930	0.15022	0.10611	0.17249	0.01722	0.04942	0.16080	0.00523	0.01005	0.09083	0.00578
15	0.01794	0.76823	0.03516	0.01148	0.01722	0.02655	0.01148	0.02009	0.01363	0.01579	0.00933	0.01076	0.00861	0.00574	0.00431	0.00144	0.00718	0.00359	0.00287	0.00861
16	0.02551	0.01879	0.02014	0.01544	0.02081	0.02081	0.01275	0.69996	0.03155	0.04229	0.01611	0.01611	0.01141	0.00805	0.00671	0.00201	0.00738	0.00604	0.00671	0.01141
17	0.00826	0.00625	0.00739	0.00823	0.00924	0.00564	0.00560	0.00949	0.01337	0.01704	0.04616	0.43877	0.27933	0.09946	0.01109	0.00297	0.00400	0.01635	0.00600	0.00538
18	0.01501	0.01444	0.02496	0.32143	0.42318	0.01558	0.04993	0.01926	0.01456	0.02000	0.01239	0.01718	0.00994	0.00625	0.00673	0.00210	0.00851	0.00606	0.00319	0.00930
19	0.77582	0.01384	0.01028	0.00921	0.01333	0.04789	0.00753	0.02005	0.01176	0.02948	0.00939	0.01095	0.00733	0.00626	0.00424	0.00206	0.00550	0.00366	0.00412	0.00729
20	0.04104	0.00967	0.01166	0.01101	0.01374	0.00974	0.00875	0.02157	0.16403	0.16723	0.07930	0.10851	0.08501	0.05368	0.00902	0.00265	0.00516	0.16247	0.02772	0.00803
21	0.01372	0.01026	0.01232	0.01235	0.05128	0.01069	0.00886	0.04403	0.23102	0.06886	0.12625	0.11724	0.14371	0.01522	0.04764	0.03924	0.00551	0.02753	0.00627	0.00801
22	0.01182	0.00798	0.00991	0.00939	0.01133	0.00771	0.00699	0.01633	0.10086	0.08387	0.40672	0.16090	0.08512	0.03978	0.00869	0.00239	0.00389	0.01229	0.00703	0.00702
23	0.00847	0.00645	0.00780	0.00824	0.00959	0.00577	0.00588	0.01039	0.01541	0.02025	0.24188	0.32694	0.27344	0.01760	0.00817	0.00240	0.00352	0.01547	0.00656	0.00577
24	0.00936	0.00636	0.00752	0.00787	0.00805	0.00624	0.00471	0.00981	0.01100	0.01475	0.06237	0.21793	0.03133	0.54367	0.02654	0.00535	0.00569	0.01215	0.00477	0.00452
25	0.01218	0.01000	0.01384	0.05215	0.01576	0.01221	0.01043	0.05870	0.06941	0.01848	0.01679	0.02323	0.01501	0.03558	0.47445	0.00778	0.13620	0.00687	0.00392	0.00702
26	0.00877	0.00662	0.00825	0.00931	0.01059	0.00610	0.00705	0.01060	0.01429	0.01820	0.04639	0.36510	0.25595	0.01911	0.00854	0.00267	0.00432	0.18620	0.00622	0.00570
27	0.01786	0.74153	0.03532	0.01208	0.01786	0.02621	0.03591	0.02014	0.01371	0.01599	0.00948	0.01102	0.00867	0.00574	0.00443	0.00146	0.00732	0.00374	0.00289	0.00863
28	0.01791	0.03905	0.02450	0.15973	0.46495	0.05746	0.01837	0.02164	0.01554	0.09655	0.01376	0.01706	0.01080	0.00640	0.00656	0.00201	0.00811	0.00589	0.00379	0.00993
29	0.01625	0.05751	0.38329	0.05415	0.02722	0.13325	0.09195	0.03878	0.04689	0.02057	0.01240	0.01487	0.00936	0.00690	0.00749	0.00211	0.05916	0.00537	0.00329	0.00921
30	0.01038	0.00719	0.00816	0.00802	0.01026	0.00622	0.00610	0.01231	0.01574	0.08684	0.11701	0.13460	0.48373	0.01639	0.00796	0.00233	0.00380	0.05015	0.00653	0.00628
31	0.02269	0.02605	0.02041	0.04123	0.10181	0.50160	0.04414	0.02500	0.01767	0.06296	0.01210	0.01439	0.00978	0.00870	0.03548	0.00222	0.03671	0.00504	0.00372	0.00830
32	0.01366	0.02625	0.45250	0.15525	0.15071	0.01514	0.02225	0.01994	0.01417	0.02046	0.01305	0.04317	0.01029	0.00692	0.00656	0.00214	0.00918	0.00584	0.00307	0.00942
33	0.01413	0.01372	0.02413	0.35150	0.28433	0.01485	0.10233	0.01835	0.01444	0.01943	0.01543	0.04474	0.03877	0.00721	0.00695	0.00217	0.00850	0.00698	0.00339	0.00865
34	0.01887	0.01570	0.07090	0.05362	0.04080	0.12896	0.01172	0.04146	0.07983	0.20061	0.02433	0.19565	0.02221	0.01147	0.00720	0.00226	0.00694	0.05297	0.00584	0.00866

[dist]
# distance from previous block
# <min> <max>
8	64

[block]
# block no. 1 follows, 32 sequences, length 46
# corresponding to MSA columns:
# 127-172
name=unknown_B
#
# <colnr> <probs for GDERKNQSTAVLIFYWHMCP>
#	G	D	E	R	K	N	Q	S	T	A	V	L	I	F	Y	W	H	M	C	P
0	0.06952	0.03813	0.16436	0.14691	0.22692	0.01489	0.03654	0.05092	0.03295	0.03855	0.03140	0.04376	0.04067	0.00750	0.00651	0.00208	0.00776	0.00651	0.00389	0.03020
1	0.03295	0.03699	0.08755	0.06924	0.05588	0.04780	0.12951	0.03825	0.04601	0.10510	0.05716	0.08032	0.01766	0.05463	0.02478	0.00262	0.06589	0.00775	0.00462	0.03529
2	0.03199	0.03326	0.03637	0.04035	0.08107	0.05611	0.04511	0.11849	0.05189	0.02333	0.05475	0.15970	0.02043	0.03969	0.02328	0.00240	0.04392	0.00860	0.00486	0.12440
3	0.01610	0.01531	0.02234	0.06378	0.35861	0.05800	0.05245	0.06537	0.02898	0.02295	0.09548	0.02172	0.03966	0.00774	0.00760	0.00202	0.04821	0.00685	0.00419	0.06265
4	0.03405	0.05307	0.02266	0.10979	0.23363	0.07239	0.08324	0.04278	0.01560	0.04965	0.01549	0.01826	0.04605	0.00676	0.00664	0.00186	0.02309	0.00595	0.00387	0.15517
5	0.01476	0.01649	0.09380	0.02298	0.15276	0.01505	0.21011	0.05213	0.01509	0.02132	0.04912	0.04916	0.03838	0.04830	0.01088	0.00245	0.12221	0.00757	0.00388	0.05354
6	0.05884	0.04120	0.25713	0.15600	0.06706	0.01535	0.12913	0.01996	0.01411	0.03951	0.01229	0.01559	0.00929	0.00644	0.00716	0.00206	0.04585	0.00556	0.00333	0.09415
7	0.04582	0.03097	0.58453	0.02077	0.05748	0.01575	0.10923	0.02119	0.01431	0.02166	0.01215	0.01463	0.00875	0.00626	0.00649	0.00214	0.00982	0.00532	0.00298	0.00973
8	0.05888	0.01681	0.02054	0.02082	0.19645	0.01760	0.01377	0.39790	0.02395	0.03363	0.01431	0.01567	0.01080	0.00700	0.00632	0.00186	0.00708	0.00561	0.00534	0.12567
9	0.01666	0.01703	0.06822	0.03447	0.51296	0.01609	0.07359	0.05565	0.07464	0.02333	0.01468	0.01883	0.01208	0.00667	0.00682	0.00208	0.00805	0.02395	0.00384	0.01038
10	0.00912	0.00684	0.00845	0.00805	0.00979	0.00617	0.00603	0.01193	0.01810	0.02479	0.56203	0.05360	0.22140	0.01451	0.00792	0.00215	0.00322	0.01262	0.00711	0.00617
11	0.01265	0.00720	0.00959	0.01007	0.01163	0.00659	0.00744	0.01437	0.01453	0.15195	0.03665	0.49035	0.07857	0.01805	0.00827	0.00262	0.00450	0.10164	0.00662	0.00669
12	0.01613	0.01556	0.04197	0.06624	0.45633	0.01579	0.04082	0.05143	0.09495	0.02275	0.01586	0.04942	0.01367	0.00768	0.00759	0.00215	0.04321	0.02447	0.00402	0.00995
13	0.01349	0.01276	0.02160	0.60104	0.18684	0.01512	0.01904	0.01786	0.01380	0.01814	0.01207	0.01762	0.00929	0.00656	0.00669	0.00219	0.00874	0.00597	0.00305	0.00811
14	0.01259	0.01028	0.01157	0.01080	0.01336	0.01101	0.00821	0.02280	0.33899	0.02590	0.28643	0.09800	0.09778	0.01245	0.00746	0.00225	0.00424	0.01077	0.00693	0.00819
15	0.00913	0.00639	0.00767	0.00839	0.00913	0.00607	0.00569	0.01031	0.01256	0.01672	0.03580	0.31889	0.14171	0.25449	0.01639	0.00381	0.00480	0.07402	0.05288	0.00516
16	0.01605	0.01869	0.06305	0.02791	0.11160	0.05079	0.50999	0.02116	0.01562	0.02103	0.01380	0.01929	0.01099	0.00646	0.00824	0.00226	0.04071	0.02988	0.00344	0.00904
17	0.01359	0.00730	0.00741	0.00702	0.00890	0.00747	0.00536	0.07262	0.01553	0.02645	0.02141	0.02427	0.01672	0.00784	0.00486	0.00160	0.00348	0.00624	0.73526	0.00668
18	0.07643	0.00733	0.00737	0.00726	0.00915	0.00756	0.00566	0.03885	0.01456	0.02561	0.02179	0.02765	0.01793	0.00856	0.00508	0.00174	0.00368	0.05975	0.64754	0.00650
19	0.10957	0.00904	0.01098	0.01004	0.01294	0.00855	0.00788	0.01940	0.03016	0.24462	0.13836	0.17837	0.10758	0.01325	0.00733	0.00232	0.00468	0.07022	0.00683	0.00787
20	0.00818	0.00584	0.00779	0.00934	0.00973	0.00545	0.00623	0.00934	0.01285	0.01713	0.03698	0.75981	0.04438	0.02102	0.00856	0.00273	0.00389	0.01908	0.00623	0.00545
21	0.02506	0.03198	0.01901	0.01729	0.02074	0.73725	0.01296	0.02679	0.01901	0.01642	0.01037	0.01210	0.00864	0.00691	0.00605	0.00173	0.01210	0.00432	0.00346	0.00778
22	0.67787	0.01212	0.00983	0.00879	0.01249	0.01378	0.00700	0.01914	0.01159	0.06110	0.01158	0.01545	0.00977	0.09769	0.00789	0.00261	0.00537	0.00452	0.00434	0.00708
23	0.57077	0.01227	0.01066	0.00943	0.01319	0.01378	0.00765	0.07352	0.01392	0.06031	0.04668	0.01855	0.01321	0.04576	0.00640	0.00232	0.00531	0.03173	0.03704	0.00749
24	0.00902	0.00663	0.00797	0.00796	0.00920	0.00610	0.00557	0.01092	0.01539	0.02069	0.33270	0.15010	0.20066	0.17156	0.01346	0.00314	0.00401	0.01306	0.00628	0.00559
25	0.01148	0.00812	0.00884	0.00853	0.00948	0.00860	0.00549	0.01574	0.15588	0.01735	0.02250	0.03808	0.02286	0.53100	0.02550	0.00513	0.00592	0.00895	0.08491	0.00565
26	0.01059	0.00613	0.00867	0.00923	0.00952	0.00604	0.00642	0.00963	0.01064	0.01412	0.02136	0.20086	0.02374	0.08148	0.02058	0.45154	0.00548	0.09576	0.00420	0.00401
27	0.01164	0.00678	0.00885	0.00948	0.01072	0.00632	0.00683	0.01341	0.01415	0.10569	0.06084	0.48935	0.03783	0.03440	0.00853	0.00261	0.00425	0.06836	0.09364	0.00633
28	0.08844	0.01833	0.01931	0.01491	0.02018	0.02035	0.01231	0.64550	0.02994	0.04131	0.01557	0.01569	0.01108	0.00791	0.00651	0.00202	0.00721	0.00585	0.00651	0.01108
29	0.00809	0.00678	0.00706	0.00723	0.00935	0.00575	0.00545	0.00982	0.01515	0.01816	0.06443	0.10838	0.64367	0.01732	0.00804	0.00234	0.00357	0.04750	0.00623	0.00568
30	0.00877	0.00667	0.00791	0.00844	0.00967	0.00618	0.00589	0.01099	0.04209	0.01890	0.14118	0.35716	0.24873	0.08297	0.01044	0.00281	0.00392	0.01533	0.00623	0.00573
31	0.00868	0.00629	0.00755	0.00821	0.00916	0.00579	0.00558	0.01009	0.01366	0.01812	0.11594	0.37910	0.20008	0.13361	0.01214	0.00309	0.00407	0.01521	0.03821	0.00542
32	0.00974	0.00653	0.00745	0.00741	0.00753	0.00649	0.00425	0.00999	0.01050	0.01412	0.07700	0.04441	0.02751	0.70410	0.03205	0.00615	0.00624	0.00995	0.00433	0.00425
33	0.01493	0.12810	0.52006	0.01808	0.02643	0.07456	0.05337	0.02118	0.01443	0.01993	0.01187	0.01424	0.00894	0.00810	0.03602	0.00236	0.01013	0.00496	0.00295	0.00937
34	0.03037	0.01075	0.01393	0.03749	0.05691	0.05056	0.03288	0.06117	0.01369	0.03691	0.01685	0.02304	0.01474	0.04908	0.37048	0.02277	0.04285	0.00665	0.10187	0.00701
35	0.31169	0.00989	0.01020	0.00937	0.01250	0.01016	0.00748	0.01844	0.01479	0.15037	0.12183	0.10254	0.09282	0.01118	0.00637	0.00223	0.00471	0.06192	0.03409	0.00742
36	0.00842	0.00604	0.00790	0.00906	0.00965	0.00563	0.00612	0.00983	0.01363	0.01834	0.13225	0.61038	0.06430	0.05280	0.00959	0.00279	0.00389	0.01756	0.00629	0.00552
37	0.00816	0.00590	0.00773	0.00919	0.00969	0.00546	0.00616	0.00936	0.01299	0.01719	0.03883	0.71843	0.08457	0.02078	0.00853	0.00270	0.00386	0.01878	0.00623	0.00546
38	0.01391	0.01193	0.01391	0.00994	0.01590	0.00894	0.00795	0.01690	0.01391	0.02186	0.01193	0.01391	0.00994	0.00497	0.00497	0.00099	0.00497	0.00398	0.00398	0.80521
39	0.10947	0.01239	0.01298	0.01129	0.01448	0.01352	0.00867	0.19352	0.18399	0.04700	0.04269	0.07645	0.07574	0.13563	0.01121	0.00289	0.00568	0.00844	0.02557	0.00841
40	0.00869	0.00633	0.00808	0.00883	0.00977	0.00586	0.00620	0.01044	0.01461	0.01960	0.21189	0.42701	0.12593	0.06284	0.00988	0.00276	0.00391	0.04534	0.00639	0.00565
41	0.01699	0.01913	0.09384	0.10981	0.36112	0.11937	0.01833	0.05433	0.01615	0.02120	0.01404	0.02050	0.01216	0.00754	0.00727	0.00212	0.03374	0.05937	0.00364	0.00937
42	0.01133	0.00818	0.01130	0.01239	0.06753	0.00872	0.00822	0.01369	0.03994	0.04528	0.02206	0.11629	0.02278	0.25295	0.27297	0.00662	0.02656	0.04257	0.00445	0.00617
43	0.05701	0.00664	0.00759	0.00813	0.00920	0.00642	0.00559	0.01134	0.01331	0.01949	0.09554	0.34269	0.11576	0.13325	0.01157	0.00299	0.00414	0.01349	0.13029	0.00557
44	0.00830	0.00619	0.00765	0.00859	0.00952	0.00562	0.00590	0.00975	0.01391	0.01818	0.11075	0.50212	0.20342	0.04563	0.00926	0.00269	0.00380	0.01691	0.00627	0.00554
45	0.01670	0.01545	0.04556	0.01611	0.07401	0.05780	0.04282	0.11854	0.31302	0.02584	0.04657	0.07864	0.02005	0.06042	0.00943	0.02950	0.00659	0.00807	0.00567	0.00922

[dist]
# distance from previous block
# <min> <max>
1	10

[block]
# block no. 2 follows, 32 sequences, length 88
# corresponding to MSA columns:
# 183-202,229-296
name=unknown_C
#
# <colnr> <probs for GDERKNQSTAVLIFYWHMCP>
#	G	D	E	R	K	N	Q	S	T	A	V	L	I	F	Y	W	H	M	C	P
0	0.23993	0.09758	0.05126	0.06647	0.01733	0.05650	0.02923	0.06532	0.05157	0.02317	0.05820	0.05462	0.01673	0.13371	0.01043	0.00278	0.00670	0.00665	0.00439	0.00744
1	0.01465	0.05274	0.01418	0.01238	0.01531	0.06677	0.01005	0.05553	0.25892	0.02429	0.12782	0.04261	0.07262	0.01241	0.00751	0.00237	0.00583	0.18955	0.00623	0.00822
2	0.35939	0.10528	0.01381	0.03259	0.01447	0.01333	0.00837	0.01942	0.01387	0.13590	0.05605	0.11418	0.05192	0.00963	0.00574	0.00212	0.00531	0.02571	0.00520	0.00771
3	0.01830	0.01809	0.06029	0.01834	0.10386	0.13798	0.03465	0.08952	0.04838	0.07056	0.01579	0.04890	0.01369	0.00884	0.00919	0.00210	0.13340	0.04573	0.00447	0.11790
4	0.01629	0.01207	0.01329	0.01199	0.01491	0.02752	0.00919	0.14061	0.24204	0.07859	0.07325	0.15696	0.04469	0.08264	0.00987	0.00271	0.00556	0.04273	0.00648	0.00862
5	0.01095	0.00819	0.00978	0.00908	0.01121	0.00783	0.00701	0.08758	0.01920	0.02600	0.43915	0.06578	0.20559	0.01427	0.00788	0.00220	0.00387	0.05075	0.00695	0.00671
6	0.01170	0.00612	0.00929	0.04452	0.01055	0.00627	0.00645	0.00915	0.00897	0.01192	0.01167	0.02027	0.01152	0.02251	0.02528	0.76594	0.00598	0.00583	0.00292	0.00313
7	0.15887	0.01613	0.01666	0.01333	0.01780	0.01797	0.01077	0.46307	0.06743	0.03602	0.01614	0.01859	0.01259	0.08014	0.02294	0.00263	0.00700	0.00609	0.00597	0.00985
8	0.01082	0.00601	0.00857	0.00873	0.00899	0.00598	0.00589	0.00912	0.00977	0.01296	0.01874	0.10269	0.05979	0.06749	0.06895	0.57398	0.00629	0.00805	0.00358	0.00361
9	0.01163	0.00818	0.00992	0.01015	0.01220	0.00795	0.00795	0.01601	0.10765	0.07329	0.08235	0.21049	0.21633	0.01638	0.00817	0.00255	0.00462	0.18078	0.00652	0.00688
10	0.01591	0.04049	0.16706	0.07193	0.19470	0.06267	0.24947	0.02085	0.01494	0.02039	0.01226	0.01613	0.00964	0.00650	0.00813	0.00217	0.06804	0.00626	0.00320	0.00927
11	0.01400	0.01148	0.01337	0.01034	0.01518	0.00967	0.00816	0.09064	0.01565	0.02304	0.01872	0.08933	0.05895	0.01040	0.05083	0.00196	0.00583	0.00649	0.00461	0.54135
12	0.01269	0.00903	0.01005	0.00918	0.01124	0.00905	0.00673	0.11031	0.06071	0.04418	0.12617	0.06008	0.19929	0.22819	0.01507	0.00342	0.00510	0.03111	0.04177	0.00664
13	0.00832	0.00595	0.00791	0.00925	0.00976	0.00554	0.00624	0.00970	0.01350	0.01817	0.10963	0.68419	0.04640	0.02024	0.00850	0.00266	0.00382	0.01834	0.00635	0.00554
14	0.02479	0.01844	0.01973	0.01529	0.02054	0.02047	0.01258	0.64602	0.08665	0.04113	0.01702	0.01683	0.01215	0.00814	0.00672	0.00203	0.00722	0.00617	0.00672	0.01135
15	0.00944	0.00629	0.00797	0.00847	0.00923	0.00594	0.00581	0.01011	0.01283	0.01714	0.11542	0.27411	0.13460	0.13176	0.01553	0.15587	0.00457	0.03992	0.03004	0.00495
16	0.01179	0.00989	0.01066	0.01034	0.01285	0.01040	0.00775	0.02087	0.31655	0.02222	0.04340	0.20253	0.26532	0.01447	0.00759	0.00237	0.00434	0.01240	0.00649	0.00777
17	0.00965	0.00652	0.00729	0.00729	0.00742	0.00646	0.00413	0.00975	0.01008	0.01331	0.02387	0.04511	0.06483	0.72073	0.03263	0.00626	0.00632	0.01001	0.00419	0.00416
18	0.29095	0.06065	0.05097	0.04648	0.07545	0.03768	0.09018	0.18602	0.01761	0.02862	0.01195	0.01408	0.00919	0.00689	0.00659	0.00208	0.04609	0.00518	0.00436	0.00896
19	0.01641	0.01156	0.01323	0.01213	0.01535	0.01237	0.00978	0.07929	0.30126	0.10540	0.07048	0.03889	0.06859	0.01164	0.00733	0.00235	0.00533	0.15226	0.05738	0.00898
20	0.00959	0.00738	0.00868	0.00895	0.01053	0.00706	0.00664	0.01296	0.07566	0.02013	0.16939	0.19150	0.24810	0.09545	0.01089	0.00288	0.00430	0.09758	0.00626	0.00608
21	0.01166	0.00583	0.00874	0.00874	0.00874	0.00583	0.00583	0.00874	0.00874	0.01166	0.01166	0.02040	0.01166	0.02331	0.02622	0.80478	0.00583	0.00583	0.00291	0.00291
22	0.00922	0.00674	0.00866	0.00840	0.00991	0.00618	0.00622	0.01205	0.01803	0.02512	0.59105	0.12697	0.11684	0.01477	0.00798	0.00219	0.00326	0.01305	0.00717	0.00618
23	0.00997	0.00676	0.00877	0.00950	0.01066	0.00634	0.00684	0.01223	0.03388	0.05629	0.15506	0.47678	0.09220	0.01830	0.00832	0.00257	0.00405	0.06880	0.00655	0.00613
24	0.01391	0.01193	0.01391	0.00994	0.01590	0.00894	0.00795	0.01690	0.01391	0.02186	0.01193	0.01391	0.00994	0.00497	0.00497	0.00099	0.00497	0.00398	0.00398	0.80521
25	0.00835	0.00615	0.00777	0.00899	0.00975	0.00567	0.00620	0.00968	0.01329	0.01730	0.04163	0.56740	0.16129	0.05236	0.00960	0.00283	0.00405	0.05609	0.00613	0.00547
26	0.00973	0.00654	0.00756	0.00774	0.00786	0.00652	0.00460	0.00999	0.01028	0.01368	0.02293	0.08657	0.02641	0.67599	0.03116	0.00608	0.00634	0.05141	0.00432	0.00427
27	0.01014	0.00650	0.00863	0.00959	0.01052	0.00604	0.00675	0.01165	0.01386	0.07099	0.07955	0.57353	0.05579	0.04236	0.00922	0.00277	0.00422	0.06553	0.00639	0.00597
28	0.00816	0.00591	0.00771	0.00915	0.00968	0.00547	0.00614	0.00936	0.01303	0.01720	0.03930	0.70777	0.09492	0.02072	0.00852	0.00269	0.00386	0.01871	0.00623	0.00547
29	0.02551	0.01879	0.02014	0.01544	0.02081	0.02081	0.01275	0.69996	0.03155	0.04229	0.01611	0.01611	0.01141	0.00805	0.00671	0.00201	0.00738	0.00604	0.00671	0.01141
30	0.01584	0.01516	0.02585	0.17930	0.59023	0.01574	0.02021	0.01992	0.01491	0.02099	0.01249	0.01686	0.01030	0.00612	0.00666	0.00204	0.00816	0.00598	0.00325	0.01001
31	0.00936	0.00677	0.00775	0.00765	0.00929	0.00607	0.00551	0.01131	0.01547	0.03601	0.24660	0.11435	0.32904	0.11351	0.01123	0.00278	0.00382	0.01287	0.04481	0.00579
32	0.00924	0.00683	0.00849	0.00809	0.00969	0.00623	0.00597	0.01195	0.01777	0.02450	0.56177	0.05223	0.17443	0.06202	0.00959	0.00242	0.00342	0.01233	0.00698	0.00607
33	0.02516	0.02910	0.01926	0.01688	0.02076	0.58090	0.01292	0.17370	0.02175	0.02207	0.01162	0.01298	0.00925	0.00716	0.00619	0.00179	0.01107	0.00470	0.00417	0.00857
34	0.02490	0.01897	0.01874	0.01482	0.01958	0.10960	0.01195	0.50605	0.02738	0.10357	0.01671	0.01802	0.01239	0.05603	0.00838	0.00227	0.00776	0.00613	0.00629	0.01048
35	0.00833	0.00597	0.00767	0.00897	0.00943	0.00558	0.00593	0.00940	0.01267	0.01675	0.03720	0.64043	0.08385	0.10024	0.01126	0.00310	0.00414	0.01778	0.00600	0.00532
36	0.01166	0.00583	0.00874	0.00874	0.00874	0.00583	0.00583	0.00874	0.00874	0.01166	0.01166	0.02040	0.01166	0.02331	0.02622	0.80478	0.00583	0.00583	0.00291	0.00291
37	0.00976	0.00651	0.00732	0.00732	0.00732	0.00651	0.00407	0.00976	0.00976	0.01301	0.02114	0.04391	0.02439	0.76419	0.03415	0.00651	0.00651	0.00976	0.00407	0.00407
38	0.01833	0.01693	0.03539	0.02542	0.03193	0.01573	0.57760	0.02345	0.01643	0.14489	0.01583	0.01893	0.01131	0.00612	0.00771	0.00223	0.01033	0.00771	0.00425	0.00946
39	0.01794	0.76823	0.03516	0.01148	0.01722	0.02655	0.01148	0.02009	0.01363	0.01579	0.00933	0.01076	0.00861	0.00574	0.00431	0.00144	0.00718	0.00359	0.00287	0.00861
40	0.00793	0.00680	0.00680	0.00680	0.00906	0.00566	0.00510	0.00963	0.01529	0.01813	0.06797	0.06457	0.71961	0.01699	0.00793	0.00227	0.00340	0.01416	0.00623	0.00566
41	0.08860	0.01154	0.01514	0.01171	0.01682	0.01025	0.00967	0.03173	0.01862	0.67482	0.02519	0.02194	0.01591	0.00815	0.00655	0.00208	0.00567	0.00651	0.00799	0.01111
42	0.01863	0.54533	0.03146	0.01373	0.01893	0.15036	0.06298	0.02099	0.01461	0.01632	0.01025	0.01230	0.00913	0.00810	0.04037	0.00200	0.00888	0.00422	0.00305	0.00837
43	0.02443	0.01818	0.05710	0.01521	0.02040	0.01883	0.01302	0.50041	0.05820	0.13262	0.01737	0.01724	0.01222	0.00827	0.00765	0.00210	0.05307	0.00614	0.00650	0.01105
44	0.02925	0.01161	0.01555	0.01205	0.01715	0.01030	0.00991	0.03289	0.06316	0.68252	0.02652	0.02298	0.01686	0.00836	0.00675	0.00209	0.00568	0.00680	0.00821	0.01137
45	0.00959	0.00716	0.01063	0.01063	0.01177	0.00830	0.00819	0.01188	0.01074	0.01546	0.01812	0.02715	0.01712	0.08249	0.70590	0.01059	0.01746	0.00730	0.00362	0.00590
46	0.01353	0.01408	0.06633	0.49576	0.20593	0.01479	0.01879	0.01788	0.01374	0.01835	0.01255	0.01860	0.01007	0.04317	0.00800	0.00238	0.00865	0.00609	0.00311	0.00821
47	0.01052	0.00852	0.01184	0.01118	0.01211	0.01013	0.00865	0.01253	0.01202	0.01722	0.12411	0.03161	0.05864	0.11947	0.36694	0.00700	0.15892	0.00832	0.00422	0.00607
48	0.01698	0.01425	0.01982	0.47116	0.03641	0.01688	0.01628	0.23419	0.06208	0.02577	0.01420	0.01777	0.01044	0.00728	0.00672	0.00217	0.00823	0.00609	0.00440	0.00890
49	0.01436	0.01430	0.02619	0.41095	0.21585	0.01562	0.16751	0.01897	0.01442	0.01931	0.01246	0.01761	0.00964	0.00629	0.00696	0.00218	0.00921	0.00639	0.00316	0.00861
50	0.78530	0.01294	0.01020	0.03315	0.01407	0.01505	0.00764	0.01964	0.01148	0.02968	0.00943	0.01113	0.00732	0.00624	0.00424	0.00208	0.00531	0.00371	0.00411	0.00727
51	0.01349	0.01276	0.02161	0.60061	0.18725	0.01512	0.01904	0.01786	0.01381	0.01814	0.01207	0.01762	0.00930	0.00656	0.00669	0.00219	0.00874	0.00597	0.00305	0.00812
52	0.01473	0.01253	0.01499	0.05755	0.01825	0.01059	0.00921	0.06802	0.01508	0.02290	0.01214	0.01436	0.00995	0.00553	0.00577	0.00121	0.02998	0.00432	0.00408	0.66879
53	0.01565	0.01649	0.02715	0.02095	0.02565	0.08889	0.36976	0.04980	0.06071	0.02174	0.04207	0.08291	0.04536	0.00939	0.00808	0.00233	0.02465	0.07565	0.00448	0.00831
54	0.01093	0.00762	0.00908	0.00986	0.01079	0.03784	0.00686	0.01224	0.01328	0.06984	0.03235	0.52251	0.03700	0.10858	0.03971	0.00341	0.00536	0.05094	0.00590	0.00589
55	0.01158	0.00850	0.01014	0.00995	0.01221	0.00797	0.00755	0.06455	0.04691	0.04816	0.03880	0.32203	0.18862	0.01612	0.00784	0.00239	0.00457	0.09557	0.00613	0.09042
56	0.01914	0.01529	0.01854	0.01416	0.01921	0.01540	0.05990	0.33990	0.02215	0.03089	0.01576	0.07112	0.01318	0.00799	0.00704	0.00178	0.04015	0.00645	0.00535	0.27659
57	0.08269	0.01988	0.01952	0.01618	0.04748	0.10809	0.01268	0.54116	0.02790	0.03743	0.01477	0.01526	0.01074	0.00770	0.00644	0.00198	0.00782	0.00565	0.00599	0.01063
58	0.00876	0.00660	0.00764	0.00772	0.00916	0.00592	0.00547	0.01034	0.01489	0.01928	0.22087	0.15272	0.33733	0.11458	0.01223	0.03761	0.00392	0.01339	0.00610	0.00548
59	0.11883	0.01779	0.01872	0.01450	0.01972	0.01965	0.01198	0.59047	0.02863	0.07050	0.01576	0.01578	0.01115	0.00785	0.00641	0.00202	0.00705	0.00579	0.00648	0.01092
60	0.01555	0.01470	0.02485	0.08144	0.60768	0.01484	0.01900	0.01936	0.01515	0.02152	0.04156	0.06526	0.01472	0.00728	0.00682	0.00206	0.00759	0.00705	0.00364	0.00994
61	0.00966	0.00720	0.00889	0.00968	0.01077	0.00705	0.00677	0.04266	0.06646	0.01976	0.07979	0.57234	0.09591	0.01878	0.00826	0.00258	0.00407	0.01681	0.00637	0.00618
62	0.00841	0.00663	0.00759	0.00775	0.00946	0.00581	0.00566	0.01041	0.01584	0.02036	0.24217	0.19751	0.40479	0.01688	0.00805	0.00231	0.00343	0.01457	0.00655	0.00581
63	0.02990	0.01175	0.01578	0.01210	0.01729	0.01036	0.00999	0.06277	0.01976	0.69613	0.02600	0.02253	0.01638	0.00829	0.00675	0.00207	0.00578	0.00672	0.00823	0.01142
64	0.01794	0.76823	0.03516	0.01148	0.01722	0.02655	0.01148	0.02009	0.01363	0.01579	0.00933	0.01076	0.00861	0.00574	0.00431	0.00144	0.00718	0.00359	0.00287	0.00861
65	0.01414	0.01052	0.01203	0.01109	0.01337	0.01135	0.00839	0.09633	0.21625	0.04186	0.11150	0.03877	0.02792	0.22449	0.04658	0.00388	0.00628	0.09174	0.00593	0.00760
66	0.00872	0.00667	0.00808	0.00905	0.01017	0.00627	0.00635	0.01118	0.05652	0.01815	0.04425	0.51589	0.21509	0.01918	0.00832	0.00259	0.00392	0.03748	0.00626	0.00585
67	0.00961	0.00653	0.00728	0.00728	0.00746	0.00644	0.00415	0.00975	0.01020	0.01342	0.02487	0.04555	0.07972	0.70472	0.03206	0.00617	0.00626	0.01011	0.00424	0.00419
68	0.02547	0.01981	0.02005	0.01558	0.02080	0.07572	0.01277	0.64836	0.03059	0.04031	0.01567	0.01580	0.01120	0.00797	0.00666	0.00199	0.00775	0.00591	0.00646	0.01113
69	0.00943	0.00713	0.00857	0.00906	0.01038	0.00684	0.00657	0.01240	0.06638	0.01938	0.13680	0.28694	0.19360	0.10694	0.01134	0.00300	0.00436	0.08879	0.00617	0.00592
70	0.01069	0.00679	0.00881	0.00907	0.01048	0.00617	0.00650	0.01267	0.01561	0.08913	0.25126	0.40023	0.11275	0.01712	0.00812	0.00243	0.00379	0.01524	0.00679	0.00632
71	0.00913	0.00684	0.00845	0.00805	0.00980	0.00617	0.00604	0.01194	0.01812	0.02483	0.56461	0.05355	0.21879	0.01449	0.00792	0.00215	0.00322	0.01261	0.00711	0.00617
72	0.01613	0.02008	0.13269	0.02632	0.03347	0.01647	0.57629	0.02195	0.01575	0.05202	0.01392	0.01777	0.01023	0.00587	0.00766	0.00224	0.01088	0.00746	0.00353	0.00927
73	0.01897	0.01063	0.01277	0.01097	0.01447	0.01036	0.00867	0.07436	0.13646	0.27313	0.08561	0.06472	0.14927	0.05437	0.00881	0.00247	0.00516	0.04280	0.00706	0.00896
74	0.00829	0.00589	0.00775	0.00919	0.00955	0.00553	0.00607	0.00937	0.01262	0.01682	0.03580	0.70622	0.04288	0.07665	0.01048	0.00301	0.00409	0.01838	0.00607	0.00535
75	0.00976	0.00651	0.00732	0.00732	0.00732	0.00651	0.00407	0.00976	0.00976	0.01301	0.02114	0.04391	0.02439	0.76419	0.03415	0.00651	0.00651	0.00976	0.00407	0.00407
76	0.00824	0.00596	0.00779	0.00913	0.00971	0.00551	0.00616	0.00955	0.01336	0.01776	0.07861	0.67431	0.08843	0.02034	0.00849	0.00266	0.00382	0.01836	0.00630	0.00551
77	0.13853	0.00790	0.00864	0.00838	0.01057	0.00758	0.00630	0.01345	0.01557	0.06375	0.24726	0.17573	0.24326	0.01451	0.00737	0.00226	0.00384	0.01232	0.00637	0.00642
78	0.01584	0.01810	0.03959	0.02828	0.03507	0.01697	0.69796	0.02149	0.01584	0.02149	0.01357	0.01810	0.01018	0.00566	0.00792	0.00226	0.01131	0.00792	0.00339	0.00905
79	0.20231	0.01555	0.01628	0.01307	0.01790	0.01700	0.01070	0.33126	0.12762	0.15506	0.01806	0.01744	0.01274	0.00784	0.00616	0.00208	0.00629	0.00585	0.00643	0.01036
80	0.01193	0.00958	0.01166	0.01199	0.01364	0.02834	0.00964	0.01732	0.14080	0.02081	0.08578	0.14577	0.03397	0.06040	0.03333	0.00321	0.05196	0.29705	0.00593	0.00689
81	0.01187	0.00733	0.00932	0.00967	0.01122	0.00686	0.00691	0.01454	0.05871	0.11881	0.07716	0.49647	0.10972	0.01763	0.00809	0.00252	0.00415	0.01570	0.00663	0.00670
82	0.00938	0.00685	0.00885	0.00865	0.01021	0.00632	0.00656	0.01229	0.01802	0.02503	0.56927	0.09840	0.11574	0.01482	0.00806	0.00224	0.00346	0.06253	0.00712	0.00621
83	0.02351	0.02137	0.05209	0.01786	0.07675	0.15084	0.01380	0.44253	0.07798	0.03393	0.01544	0.01600	0.01139	0.00768	0.00658	0.00198	0.00825	0.00579	0.00568	0.01056
84	0.01036	0.00807	0.01205	0.06840	0.07473	0.00868	0.00991	0.01276	0.01257	0.01720	0.02435	0.18593	0.02578	0.07709	0.29396	0.00607	0.01068	0.13056	0.00456	0.00630
85	0.00992	0.00738	0.00871	0.00889	0.01033	0.00702	0.00638	0.06188	0.01559	0.02044	0.14835	0.29807	0.21750	0.10580	0.01122	0.00292	0.00432	0.04314	0.00619	0.00596
86	0.01391	0.01193	0.01391	0.00994	0.01590	0.00894	0.00795	0.01690	0.01391	0.02186	0.01193	0.01391	0.00994	0.00497	0.00497	0.00099	0.00497	0.00398	0.00398	0.80521
87	0.00833	0.00652	0.00755	0.00792	0.00947	0.00574	0.00570	0.01017	0.01531	0.01963	0.19264	0.27450	0.37754	0.01755	0.00812	0.00237	0.00350	0.01525	0.00647	0.00574

[dist]
# distance from previous block
# <min> <max>
0	4

[block]
# block no. 3 follows, 32 sequences, length 57
# corresponding to MSA columns:
# 314-370
name=unknown_D
#
# <colnr> <probs for GDERKNQSTAVLIFYWHMCP>
#	G	D	E	R	K	N	Q	S	T	A	V	L	I	F	Y	W	H	M	C	P
0	0.01113	0.00709	0.00882	0.00859	0.01035	0.00637	0.00627	0.01323	0.01615	0.09943	0.28894	0.21523	0.20353	0.06225	0.00957	0.00256	0.00388	0.01347	0.00674	0.00640
1	0.72290	0.01223	0.00946	0.00854	0.01240	0.01408	0.00698	0.01927	0.01171	0.02954	0.01074	0.01247	0.00837	0.00640	0.00421	0.00202	0.00496	0.00392	0.09264	0.00715
2	0.03801	0.19467	0.10239	0.07839	0.04142	0.04041	0.01296	0.11333	0.04394	0.02140	0.01548	0.06840	0.01377	0.01721	0.16572	0.00387	0.00986	0.00641	0.00403	0.00834
3	0.03421	0.00940	0.01060	0.00965	0.01204	0.00932	0.00718	0.12317	0.04622	0.08720	0.10073	0.16469	0.20733	0.13366	0.01177	0.00294	0.00493	0.01160	0.00623	0.00712
4	0.00838	0.00599	0.00776	0.00901	0.00950	0.00560	0.00599	0.00956	0.01297	0.01729	0.07149	0.62917	0.07089	0.08930	0.01087	0.00303	0.00408	0.01766	0.00609	0.00538
5	0.05179	0.01011	0.01240	0.01058	0.01359	0.01051	0.03124	0.13321	0.01708	0.14137	0.01999	0.02261	0.01537	0.01710	0.16591	0.00379	0.00788	0.00645	0.30098	0.00805
6	0.00908	0.00658	0.00877	0.00942	0.01005	0.00635	0.02363	0.01023	0.01221	0.01622	0.03197	0.42443	0.06040	0.23984	0.04570	0.00416	0.00558	0.06473	0.00541	0.00522
7	0.00875	0.00672	0.00800	0.00791	0.00962	0.00598	0.00585	0.01113	0.01688	0.02244	0.39251	0.13512	0.31325	0.01579	0.00799	0.00224	0.00334	0.01369	0.00681	0.00598
8	0.01473	0.01482	0.02135	0.01806	0.01835	0.02040	0.04323	0.01637	0.01051	0.01637	0.00901	0.01482	0.00887	0.01149	0.02143	0.00291	0.72096	0.00596	0.00296	0.00741
9	0.01122	0.00904	0.01057	0.01146	0.01313	0.03977	0.00918	0.01561	0.10177	0.01998	0.03664	0.24461	0.09634	0.01737	0.00852	0.00276	0.00549	0.33382	0.00616	0.00657
10	0.01548	0.00861	0.00901	0.00806	0.01043	0.00888	0.00628	0.13243	0.01726	0.05845	0.02111	0.02341	0.01619	0.00788	0.00512	0.00166	0.00396	0.00624	0.63219	0.00735
11	0.00872	0.00621	0.00831	0.00980	0.01039	0.00590	0.00697	0.01018	0.01319	0.01749	0.03608	0.60733	0.04253	0.05076	0.00973	0.00294	0.00441	0.13741	0.00613	0.00553
12	0.00817	0.00588	0.00775	0.00924	0.00970	0.00546	0.00618	0.00935	0.01295	0.01717	0.03824	0.73157	0.07180	0.02086	0.00854	0.00271	0.00387	0.01888	0.00623	0.00546
13	0.00991	0.00709	0.01028	0.01028	0.01152	0.00815	0.00798	0.01239	0.01115	0.01662	0.01841	0.02621	0.01682	0.04561	0.65626	0.00976	0.01633	0.00709	0.09214	0.00602
14	0.02627	0.01757	0.01938	0.01486	0.02020	0.01899	0.01227	0.58890	0.02949	0.15625	0.01783	0.01723	0.01228	0.00810	0.00672	0.00202	0.00710	0.00616	0.00698	0.01141
15	0.00818	0.00584	0.00779	0.00934	0.00973	0.00545	0.00623	0.00934	0.01285	0.01713	0.03698	0.75981	0.04438	0.02102	0.00856	0.00273	0.00389	0.01908	0.00623	0.00545
16	0.00959	0.00719	0.01078	0.01078	0.01198	0.00839	0.00839	0.01198	0.01078	0.01558	0.01797	0.02636	0.01677	0.05032	0.73760	0.01078	0.01797	0.00719	0.00359	0.00599
17	0.02644	0.01436	0.01689	0.01310	0.01807	0.01459	0.01077	0.32527	0.04185	0.35613	0.02159	0.02009	0.01446	0.00818	0.00658	0.00202	0.00625	0.00642	0.06592	0.01102
18	0.00976	0.00651	0.00732	0.00732	0.00732	0.00651	0.00407	0.00976	0.00976	0.01301	0.02114	0.04391	0.02439	0.76419	0.03415	0.00651	0.00651	0.00976	0.00407	0.00407
19	0.01346	0.03471	0.72942	0.01912	0.02904	0.01558	0.02479	0.02125	0.01417	0.02125	0.01204	0.01417	0.00850	0.00637	0.00637	0.00212	0.00992	0.00496	0.00283	0.00992
20	0.00959	0.00719	0.01078	0.01078	0.01198	0.00839	0.00839	0.01198	0.01078	0.01558	0.01797	0.02636	0.01677	0.05032	0.73760	0.01078	0.01797	0.00719	0.00359	0.00599
21	0.01661	0.01594	0.02724	0.04119	0.72233	0.01594	0.02059	0.02059	0.01528	0.02192	0.01262	0.01661	0.01063	0.00598	0.00664	0.00199	0.00797	0.00598	0.00332	0.01063
22	0.01157	0.00603	0.00896	0.00912	0.00929	0.00603	0.00635	0.00929	0.00945	0.01255	0.01418	0.02624	0.01450	0.02281	0.02443	0.72009	0.00586	0.07675	0.00326	0.00326
23	0.05515	0.00699	0.00791	0.00785	0.00839	0.00720	0.00491	0.01062	0.01034	0.01466	0.02300	0.04092	0.06642	0.57523	0.12792	0.00658	0.00782	0.00933	0.00414	0.00461
24	0.02441	0.03213	0.05936	0.01739	0.02121	0.69627	0.01364	0.02648	0.01874	0.01670	0.01047	0.01222	0.00863	0.00688	0.00607	0.00175	0.01198	0.00436	0.00342	0.00790
25	0.01125	0.00863	0.01334	0.01375	0.01576	0.00853	0.07114	0.01457	0.01548	0.02020	0.03360	0.07063	0.03612	0.01741	0.00915	0.00302	0.00663	0.61842	0.00593	0.00643
26	0.81159	0.01298	0.00986	0.00882	0.01298	0.01505	0.00727	0.01972	0.01142	0.03010	0.00934	0.01090	0.00727	0.00623	0.00415	0.00208	0.00519	0.00363	0.00415	0.00727
27	0.01147	0.00595	0.00892	0.00892	0.00903	0.00605	0.00605	0.00903	0.00892	0.01200	0.01221	0.02092	0.01210	0.02568	0.08867	0.73508	0.00689	0.00595	0.00297	0.00318
28	0.01346	0.03471	0.72942	0.01912	0.02904	0.01558	0.02479	0.02125	0.01417	0.02125	0.01204	0.01417	0.00850	0.00637	0.00637	0.00212	0.00992	0.00496	0.00283	0.00992
29	0.00815	0.00593	0.00769	0.00909	0.00967	0.00547	0.00612	0.00937	0.01309	0.01723	0.04004	0.69128	0.11094	0.02062	0.00850	0.00268	0.00384	0.01859	0.00623	0.00547
30	0.01423	0.01402	0.01969	0.01702	0.01712	0.01948	0.01413	0.01578	0.01032	0.01610	0.00961	0.01571	0.00951	0.01513	0.08484	0.00362	0.68748	0.00599	0.00299	0.00722
31	0.01468	0.01402	0.02356	0.36405	0.36818	0.01576	0.01933	0.01873	0.01411	0.01937	0.01206	0.01708	0.00974	0.00667	0.00763	0.00216	0.05479	0.00596	0.00314	0.00897
32	0.01267	0.01193	0.02013	0.74806	0.04621	0.01491	0.01863	0.01714	0.01342	0.01714	0.01193	0.01789	0.00894	0.00671	0.00671	0.00224	0.00894	0.00596	0.00298	0.00745
33	0.00818	0.00584	0.00779	0.00934	0.00973	0.00545	0.00623	0.00934	0.01285	0.01713	0.03698	0.75981	0.04438	0.02102	0.00856	0.00273	0.00389	0.01908	0.00623	0.00545
34	0.01883	0.04120	0.04196	0.01663	0.08031	0.08212	0.01244	0.13885	0.38317	0.04554	0.02116	0.02086	0.01604	0.01003	0.03838	0.00249	0.00727	0.00665	0.00583	0.01022
35	0.00972	0.00666	0.00845	0.00859	0.00911	0.00703	0.00573	0.01080	0.01062	0.01491	0.02152	0.09984	0.02320	0.41812	0.26464	0.00732	0.00991	0.00952	0.04938	0.00495
36	0.00808	0.00675	0.00704	0.00707	0.00918	0.00571	0.00526	0.00988	0.01549	0.01885	0.12353	0.09871	0.62761	0.01691	0.00796	0.00228	0.00340	0.01423	0.00633	0.00571
37	0.01346	0.03471	0.72942	0.01912	0.02904	0.01558	0.02479	0.02125	0.01417	0.02125	0.01204	0.01417	0.00850	0.00637	0.00637	0.00212	0.00992	0.00496	0.00283	0.00992
38	0.09517	0.01518	0.03885	0.01496	0.06573	0.08561	0.03864	0.08316	0.16619	0.11372	0.02159	0.02616	0.03628	0.07502	0.00897	0.00252	0.00678	0.05020	0.04639	0.00887
39	0.02448	0.03100	0.01910	0.01730	0.02057	0.69655	0.01306	0.02619	0.01852	0.01641	0.01028	0.01225	0.00865	0.00719	0.00696	0.00180	0.05411	0.00441	0.00343	0.00775
40	0.01166	0.00583	0.00874	0.00874	0.00874	0.00583	0.00583	0.00874	0.00874	0.01166	0.01166	0.02040	0.01166	0.02331	0.02622	0.80478	0.00583	0.00583	0.00291	0.00291
41	0.01391	0.01193	0.01391	0.00994	0.01590	0.00894	0.00795	0.01690	0.01391	0.02186	0.01193	0.01391	0.00994	0.00497	0.00497	0.00099	0.00497	0.00398	0.00398	0.80521
42	0.00960	0.00714	0.01054	0.01054	0.01165	0.00825	0.00808	0.01183	0.01071	0.01540	0.01820	0.02760	0.01731	0.10058	0.68808	0.01048	0.01717	0.00737	0.00363	0.00586
43	0.00974	0.00657	0.00762	0.00762	0.00773	0.00667	0.00445	0.00995	0.00985	0.01324	0.02086	0.04237	0.02373	0.70152	0.09591	0.00688	0.00751	0.00953	0.00402	0.00423
44	0.00843	0.00659	0.00754	0.00776	0.00935	0.00581	0.00558	0.01027	0.01534	0.01968	0.20793	0.21465	0.38716	0.05184	0.00929	0.00253	0.00360	0.01458	0.00639	0.00570
45	0.81159	0.01298	0.00986	0.00882	0.01298	0.01505	0.00727	0.01972	0.01142	0.03010	0.00934	0.01090	0.00727	0.00623	0.00415	0.00208	0.00519	0.00363	0.00415	0.00727
46	0.00976	0.00651	0.00732	0.00732	0.00732	0.00651	0.00407	0.00976	0.00976	0.01301	0.02114	0.04391	0.02439	0.76419	0.03415	0.00651	0.00651	0.00976	0.00407	0.00407
47	0.81159	0.01298	0.00986	0.00882	0.01298	0.01505	0.00727	0.01972	0.01142	0.03010	0.00934	0.01090	0.00727	0.00623	0.00415	0.00208	0.00519	0.00363	0.00415	0.00727
48	0.00838	0.00611	0.00771	0.00885	0.00953	0.00565	0.00599	0.00962	0.01316	0.01726	0.05918	0.56127	0.13953	0.08542	0.01072	0.00298	0.00409	0.03309	0.00607	0.00540
49	0.01353	0.01151	0.01364	0.01001	0.01556	0.00890	0.00799	0.01646	0.01364	0.02131	0.01246	0.01501	0.01054	0.00895	0.06928	0.00185	0.00611	0.00426	0.00394	0.73505
50	0.00837	0.00598	0.00801	0.00957	0.01005	0.00562	0.00657	0.00969	0.01304	0.01735	0.03687	0.70811	0.04394	0.02083	0.00862	0.00275	0.00407	0.06880	0.00622	0.00551
51	0.09421	0.01225	0.01475	0.01199	0.01656	0.01209	0.00971	0.05314	0.18253	0.43796	0.06414	0.02364	0.01919	0.00861	0.00660	0.00212	0.00548	0.00696	0.00749	0.01058
52	0.00969	0.00681	0.00824	0.00815	0.00970	0.00615	0.00586	0.01174	0.01591	0.04966	0.31483	0.17408	0.23935	0.09653	0.01081	0.00273	0.00382	0.01342	0.00654	0.00595
53	0.00936	0.00644	0.00829	0.00930	0.01006	0.00609	0.00632	0.01120	0.03589	0.04175	0.07354	0.60188	0.06391	0.06969	0.01011	0.00289	0.00412	0.01712	0.00624	0.00578
54	0.01720	0.01430	0.01506	0.01331	0.01713	0.01634	0.01042	0.10767	0.58210	0.02919	0.02715	0.02533	0.04201	0.00919	0.00676	0.00222	0.00538	0.00757	0.04133	0.01036
55	0.01945	0.02278	0.16691	0.06889	0.02847	0.13956	0.24223	0.11218	0.01829	0.09467	0.01426	0.01650	0.01032	0.00667	0.00693	0.00209	0.00993	0.00622	0.00420	0.00945
56	0.00887	0.00643	0.00843	0.00967	0.01055	0.00607	0.00709	0.01060	0.01391	0.01831	0.07772	0.47863	0.10562	0.04340	0.00944	0.00285	0.00440	0.16616	0.00621	0.00564

[dist]
# distance from previous block
# <min> <max>
9	42

[block]
# block no. 4 follows, 32 sequences, length 10
# corresponding to MSA columns:
# 415-424
name=unknown_E
#
# <colnr> <probs for GDERKNQSTAVLIFYWHMCP>
#	G	D	E	R	K	N	Q	S	T	A	V	L	I	F	Y	W	H	M	C	P
0	0.01392	0.01172	0.01528	0.06688	0.01854	0.01036	0.05048	0.08565	0.01558	0.02259	0.01772	0.17141	0.01727	0.00883	0.00621	0.00163	0.00567	0.00775	0.00462	0.44790
1	0.01177	0.00873	0.01021	0.01017	0.01194	0.00871	0.00740	0.15450	0.01721	0.02259	0.03808	0.48061	0.15686	0.01758	0.00806	0.00249	0.00454	0.01547	0.00633	0.00674
2	0.01425	0.01290	0.02190	0.16184	0.19893	0.01385	0.11310	0.01671	0.01287	0.01803	0.01187	0.01741	0.01017	0.01039	0.01285	0.17080	0.10561	0.00606	0.00318	0.06728
3	0.00840	0.00601	0.00764	0.00885	0.00932	0.00563	0.00582	0.00943	0.01256	0.01658	0.03691	0.59925	0.09203	0.13323	0.01239	0.00326	0.00425	0.01730	0.00590	0.00526
4	0.00976	0.00651	0.00732	0.00732	0.00732	0.00651	0.00407	0.00976	0.00976	0.01301	0.02114	0.04391	0.02439	0.76419	0.03415	0.00651	0.00651	0.00976	0.00407	0.00407
5	0.02286	0.01691	0.02093	0.05364	0.16882	0.01820	0.01437	0.44987	0.02577	0.08840	0.01670	0.01902	0.01254	0.00796	0.00679	0.00206	0.00741	0.03093	0.00593	0.01087
6	0.01362	0.01159	0.01317	0.01040	0.01521	0.01006	0.00816	0.01978	0.16044	0.02283	0.04496	0.05782	0.06885	0.00783	0.00586	0.00148	0.00481	0.00652	0.00497	0.51164
7	0.00922	0.00664	0.00872	0.00863	0.00996	0.00615	0.00631	0.01196	0.01770	0.02485	0.57554	0.19923	0.05933	0.01525	0.00805	0.00224	0.00332	0.01359	0.00714	0.00615
8	0.00916	0.00661	0.00783	0.00768	0.00927	0.00589	0.00560	0.01031	0.01498	0.01928	0.24264	0.05115	0.38279	0.01738	0.01177	0.17084	0.00384	0.01183	0.00587	0.00528
9	0.02089	0.00923	0.01212	0.01002	0.01335	0.00825	0.00782	0.02334	0.01755	0.40311	0.20225	0.03267	0.02958	0.10642	0.01040	0.00261	0.00496	0.00847	0.06818	0.00878

[dist]
# distance from previous block
# <min> <max>
0	17

[block]
# block no. 5 follows, 32 sequences, length 13
# corresponding to MSA columns:
# 442-454
name=unknown_F
#
# <colnr> <probs for GDERKNQSTAVLIFYWHMCP>
#	G	D	E	R	K	N	Q	S	T	A	V	L	I	F	Y	W	H	M	C	P
