[name]
unknown

[dist]
# distance from previous block
# <min> <max>
0	28

[block]
# block no. 0 follows, 29 sequences, length 31
# corresponding to MSA columns:
# 28-58
name=unknown_A
#
# <colnr> <probs for GDERKNQSTAVLIFYWHMCP>
#	G	D	E	R	K	N	Q	S	T	A	V	L	I	F	Y	W	H	M	C	P
0	0.00889	0.00635	0.00814	0.00947	0.00994	0.00595	0.00623	0.00999	0.01333	0.01764	0.03878	0.61175	0.08077	0.12162	0.01277	0.00341	0.00448	0.01860	0.00630	0.00560
1	0.04109	0.27693	0.02354	0.01371	0.01807	0.26302	0.01147	0.07667	0.03929	0.02171	0.01373	0.01542	0.01130	0.00722	0.00556	0.00175	0.00859	0.00490	0.13735	0.00868
2	0.02056	0.01528	0.02028	0.09071	0.10337	0.01622	0.05089	0.28362	0.03866	0.09033	0.10774	0.02689	0.02135	0.04667	0.00893	0.00248	0.00743	0.03230	0.00618	0.01012
3	0.01074	0.00975	0.00914	0.00879	0.01106	0.06454	0.00667	0.01277	0.01650	0.02028	0.11108	0.05699	0.50921	0.01588	0.00875	0.00233	0.04131	0.01294	0.06489	0.00639
4	0.01793	0.01453	0.01646	0.01205	0.01821	0.01273	0.00975	0.18854	0.01958	0.02877	0.01380	0.01536	0.01095	0.00612	0.00575	0.00133	0.00593	0.00478	0.00497	0.59247
5	0.61583	0.01478	0.01260	0.06864	0.01763	0.04117	0.00943	0.05224	0.06447	0.03075	0.01193	0.01358	0.00916	0.00699	0.00503	0.00222	0.00620	0.00451	0.00462	0.00821
6	0.01563	0.01414	0.02044	0.10636	0.28750	0.01459	0.01532	0.02324	0.17652	0.02386	0.03894	0.06997	0.04747	0.00885	0.00711	0.00215	0.00688	0.00793	0.00490	0.10820
7	0.01762	0.01692	0.02890	0.04371	0.70533	0.01692	0.02185	0.02185	0.01621	0.02326	0.01339	0.01762	0.01128	0.00634	0.00705	0.00211	0.00846	0.00634	0.00352	0.01128
8	0.01777	0.59290	0.07308	0.01312	0.01859	0.02544	0.01301	0.02036	0.01397	0.01710	0.01076	0.01330	0.00985	0.01046	0.06398	0.00249	0.06743	0.00439	0.00311	0.00889
9	0.00885	0.00636	0.00812	0.00944	0.00997	0.00593	0.00624	0.00999	0.01346	0.01775	0.03991	0.60818	0.09738	0.10780	0.01224	0.00333	0.00442	0.01866	0.00634	0.00563
10	0.00882	0.00719	0.00779	0.00772	0.00988	0.00617	0.00576	0.01097	0.01706	0.02139	0.21917	0.08869	0.52985	0.01737	0.00844	0.00238	0.00357	0.01471	0.00690	0.00617
11	0.00860	0.00702	0.00743	0.00770	0.00960	0.00604	0.00553	0.01018	0.01536	0.01865	0.06296	0.17910	0.54310	0.07352	0.01061	0.00282	0.00394	0.01554	0.00644	0.00585
12	0.01610	0.29099	0.43876	0.01790	0.02668	0.02075	0.05425	0.02213	0.01492	0.02050	0.01184	0.01396	0.00915	0.00649	0.00607	0.00200	0.00956	0.00490	0.00305	0.00998
13	0.01615	0.01460	0.02162	0.06950	0.02380	0.01338	0.15014	0.08844	0.01728	0.02510	0.05215	0.01845	0.01383	0.00670	0.00712	0.00169	0.03485	0.00604	0.00448	0.41470
14	0.04324	0.07631	0.04348	0.02254	0.20399	0.08477	0.03175	0.18709	0.02123	0.07842	0.07969	0.02001	0.01663	0.00788	0.00680	0.00202	0.00789	0.00650	0.00524	0.05452
15	0.00882	0.00653	0.00826	0.00943	0.01035	0.00597	0.00654	0.01040	0.01473	0.01930	0.09872	0.54274	0.17155	0.02080	0.00893	0.00276	0.00404	0.03748	0.00671	0.00592
16	0.00983	0.00767	0.00918	0.00993	0.01198	0.00702	0.00820	0.01231	0.01630	0.02019	0.05627	0.07396	0.39764	0.01879	0.00907	0.00281	0.00497	0.31103	0.00659	0.00626
17	0.01710	0.01638	0.02795	0.13048	0.62267	0.01678	0.02159	0.02139	0.01596	0.02262	0.01330	0.01780	0.01105	0.00644	0.00706	0.00215	0.00859	0.00634	0.00348	0.01085
18	0.01531	0.01212	0.01401	0.01041	0.01607	0.00957	0.00831	0.04673	0.01612	0.06223	0.02276	0.02358	0.11623	0.00756	0.00594	0.00137	0.00518	0.00612	0.00497	0.59542
19	0.00880	0.00625	0.00823	0.00975	0.01014	0.00587	0.00644	0.00995	0.01339	0.01785	0.03799	0.69282	0.04551	0.07676	0.01112	0.00319	0.00434	0.01950	0.00644	0.00567
20	0.01628	0.27848	0.46348	0.01744	0.02631	0.02064	0.02115	0.04242	0.01541	0.02128	0.01194	0.01388	0.00916	0.00659	0.00603	0.00200	0.00946	0.00481	0.00315	0.01010
21	0.01735	0.01548	0.02090	0.35327	0.05918	0.04866	0.01673	0.15333	0.01788	0.02401	0.01343	0.01802	0.01051	0.00849	0.01012	0.00240	0.14957	0.00627	0.04561	0.00882
22	0.00947	0.00713	0.00797	0.00783	0.00925	0.00648	0.00537	0.01106	0.01524	0.01973	0.21131	0.05743	0.31985	0.26097	0.01768	0.00386	0.00464	0.01294	0.00615	0.00562
23	0.01217	0.00827	0.00892	0.00853	0.01073	0.00826	0.00646	0.01781	0.12289	0.02592	0.19157	0.04189	0.17977	0.01209	0.00688	0.00208	0.00376	0.01014	0.31463	0.00725
24	0.58274	0.03759	0.01335	0.03451	0.01636	0.01652	0.00914	0.07610	0.05400	0.08407	0.01308	0.01410	0.00974	0.00711	0.00510	0.00219	0.00594	0.00464	0.00504	0.00866
25	0.01515	0.00842	0.01104	0.00974	0.01236	0.00756	0.00753	0.01828	0.01999	0.18919	0.50692	0.04721	0.09124	0.01340	0.00811	0.00224	0.00401	0.01165	0.00800	0.00796
26	0.02173	0.04218	0.02043	0.07120	0.07751	0.04594	0.01366	0.33751	0.19326	0.03410	0.02174	0.02189	0.04889	0.00889	0.00710	0.00220	0.00743	0.00709	0.00628	0.01097
27	0.01354	0.00864	0.01272	0.01328	0.07289	0.00841	0.02837	0.01478	0.04002	0.06167	0.19725	0.03428	0.05054	0.04072	0.01727	0.33542	0.00575	0.03318	0.00517	0.00608
28	0.00881	0.00625	0.00822	0.00974	0.01012	0.00588	0.00642	0.00995	0.01337	0.01782	0.03787	0.68811	0.04537	0.08166	0.01130	0.00322	0.00436	0.01944	0.00642	0.00566
29	0.01604	0.01530	0.02604	0.30553	0.45592	0.01650	0.02106	0.02046	0.01546	0.02134	0.01311	0.01814	0.01060	0.00664	0.00708	0.00221	0.00885	0.00634	0.00339	0.01000
30	0.15539	0.01574	0.07074	0.16565	0.09178	0.01548	0.05173	0.14251	0.01788	0.05271	0.01764	0.11577	0.01574	0.03141	0.00782	0.00247	0.00767	0.00797	0.00488	0.00904

[dist]
# distance from previous block
# <min> <max>
0	4

[block]
# block no. 1 follows, 29 sequences, length 11
# corresponding to MSA columns:
# 63-73
name=unknown_B
#
# <colnr> <probs for GDERKNQSTAVLIFYWHMCP>
#	G	D	E	R	K	N	Q	S	T	A	V	L	I	F	Y	W	H	M	C	P
0	0.01505	0.01450	0.01909	0.04523	0.14757	0.07581	0.01411	0.01746	0.01311	0.01836	0.01450	0.04076	0.01376	0.05320	0.18463	0.00490	0.26709	0.00703	0.02591	0.00791
1	0.67001	0.06221	0.01362	0.05475	0.04390	0.01680	0.00930	0.02083	0.01256	0.02977	0.01022	0.01225	0.00806	0.00660	0.00469	0.00217	0.00601	0.00410	0.00421	0.00796
2	0.00957	0.00726	0.00881	0.00842	0.01033	0.00650	0.00632	0.01245	0.01895	0.02570	0.50878	0.05789	0.26177	0.01562	0.00840	0.00229	0.00344	0.01354	0.00746	0.00650
3	0.01746	0.44088	0.20214	0.01753	0.02491	0.02343	0.14193	0.02190	0.01505	0.01931	0.01145	0.01377	0.00942	0.00624	0.00583	0.00187	0.00915	0.00503	0.00314	0.00956
4	0.01683	0.01611	0.02747	0.17412	0.58110	0.01671	0.02146	0.02116	0.01584	0.02230	0.01325	0.01788	0.01094	0.00649	0.00706	0.00216	0.00865	0.00634	0.00346	0.01064
5	0.00842	0.00721	0.00721	0.00721	0.00962	0.00601	0.00541	0.01022	0.01623	0.01924	0.07213	0.06853	0.70244	0.01803	0.00842	0.00240	0.00361	0.01503	0.00661	0.00601
6	0.01044	0.00754	0.00985	0.00978	0.01030	0.00829	0.00671	0.01156	0.01095	0.01521	0.02125	0.06752	0.02289	0.41328	0.30349	0.00835	0.04358	0.00952	0.00416	0.00533
7	0.01722	0.01651	0.02817	0.11029	0.64191	0.01681	0.02165	0.02150	0.01602	0.02277	0.01332	0.01776	0.01111	0.00642	0.00706	0.00214	0.00856	0.00634	0.00349	0.01095
8	0.01038	0.00789	0.01015	0.01089	0.01167	0.00826	0.00794	0.01265	0.04347	0.01846	0.03501	0.39239	0.07306	0.13883	0.01473	0.00358	0.06705	0.12154	0.00596	0.00610
9	0.01771	0.21489	0.40850	0.01732	0.02548	0.01963	0.02014	0.06283	0.01621	0.07575	0.01332	0.01499	0.00993	0.00716	0.00714	0.00210	0.04777	0.00516	0.00372	0.01025
10	0.04731	0.03667	0.05387	0.04748	0.15775	0.06464	0.14122	0.04907	0.03550	0.19510	0.01749	0.01914	0.01274	0.00846	0.02763	0.00238	0.00884	0.00656	0.00513	0.06300

[dist]
# distance from previous block
# <min> <max>
6	10

[block]
# block no. 2 follows, 29 sequences, length 28
# corresponding to MSA columns:
# 85-112
name=unknown_C
#
# <colnr> <probs for GDERKNQSTAVLIFYWHMCP>
#	G	D	E	R	K	N	Q	S	T	A	V	L	I	F	Y	W	H	M	C	P
0	0.02102	0.01905	0.02303	0.01815	0.02308	0.12422	0.16038	0.23284	0.08689	0.05495	0.05697	0.06498	0.03996	0.00927	0.00749	0.00221	0.00858	0.00815	0.00579	0.03299
1	0.01690	0.01446	0.02530	0.01916	0.02404	0.01401	0.28375	0.05702	0.07316	0.09421	0.21082	0.02947	0.02829	0.00929	0.00845	0.00229	0.03051	0.00916	0.00581	0.04392
2	0.01388	0.01353	0.02340	0.26831	0.03161	0.01564	0.16208	0.01753	0.01443	0.01967	0.07088	0.06804	0.04232	0.01051	0.01189	0.02581	0.17021	0.00847	0.00396	0.00782
3	0.00937	0.00709	0.00839	0.00841	0.00990	0.00652	0.00599	0.01134	0.01587	0.02089	0.24745	0.13659	0.28180	0.13802	0.05743	0.00370	0.00509	0.01377	0.00644	0.00595
4	0.01024	0.00736	0.01009	0.01009	0.01089	0.00817	0.00721	0.01185	0.01104	0.01553	0.02031	0.03483	0.02078	0.30962	0.46939	0.00977	0.01460	0.00863	0.00400	0.00561
5	0.01012	0.00719	0.00952	0.01086	0.01180	0.00699	0.00830	0.01206	0.01440	0.01888	0.03711	0.33089	0.06321	0.13271	0.01355	0.00366	0.00558	0.29103	0.00623	0.00590
6	0.00932	0.00740	0.00842	0.00840	0.01045	0.00659	0.00635	0.01205	0.03212	0.02240	0.26172	0.10508	0.41463	0.01713	0.00850	0.00243	0.00377	0.04987	0.00700	0.00636
7	0.01517	0.01330	0.01908	0.19771	0.02605	0.03392	0.06920	0.10915	0.03805	0.02186	0.01662	0.02436	0.01451	0.07080	0.20455	0.00519	0.08435	0.02386	0.00423	0.00804
8	0.06170	0.03851	0.01908	0.01474	0.01971	0.07562	0.01204	0.44107	0.05615	0.08005	0.01792	0.01820	0.01300	0.00833	0.00665	0.00206	0.00743	0.00621	0.09064	0.01089
9	0.01842	0.45555	0.08233	0.01601	0.06214	0.10965	0.04298	0.02136	0.01563	0.01855	0.04321	0.05814	0.01418	0.00765	0.00572	0.00181	0.00833	0.00575	0.00360	0.00898
10	0.01127	0.00757	0.01001	0.04204	0.01292	0.00733	0.00755	0.01325	0.03869	0.06064	0.03368	0.47014	0.06149	0.06595	0.04183	0.05256	0.00550	0.01555	0.00605	0.03596
11	0.09617	0.01409	0.05714	0.07017	0.04445	0.05579	0.03580	0.05884	0.05456	0.05423	0.08461	0.03961	0.28284	0.01203	0.00742	0.00229	0.00624	0.00993	0.00572	0.00808
12	0.01929	0.01399	0.01559	0.01336	0.01753	0.01493	0.01059	0.14533	0.32120	0.11241	0.07107	0.05735	0.06539	0.01076	0.00740	0.00230	0.00576	0.03148	0.00718	0.05710
13	0.01427	0.00772	0.00926	0.00861	0.01009	0.00748	0.00595	0.01598	0.01410	0.12472	0.10034	0.03826	0.02709	0.34304	0.06233	0.00473	0.00628	0.00915	0.18415	0.00643
14	0.01765	0.01869	0.03114	0.06528	0.34537	0.08726	0.24115	0.02217	0.01646	0.02193	0.01377	0.01831	0.01119	0.00895	0.04675	0.00271	0.01072	0.00693	0.00356	0.00999
15	0.01613	0.04801	0.02715	0.27468	0.05032	0.06413	0.20586	0.02213	0.08573	0.02065	0.01592	0.02008	0.02972	0.00783	0.00896	0.00238	0.08057	0.00710	0.00384	0.00883
16	0.01172	0.00759	0.00979	0.00922	0.01118	0.00689	0.00692	0.01466	0.01912	0.08744	0.51148	0.12410	0.12227	0.01519	0.00836	0.00232	0.00370	0.01334	0.00768	0.00703
17	0.01011	0.00680	0.00846	0.00900	0.01014	0.00643	0.00645	0.01237	0.01581	0.02250	0.22675	0.30356	0.08234	0.06544	0.01001	0.00276	0.00408	0.05407	0.13674	0.00616
18	0.06814	0.39166	0.06687	0.05820	0.05202	0.10025	0.03877	0.02247	0.01563	0.06158	0.01351	0.01785	0.01171	0.00738	0.00578	0.00190	0.00838	0.04500	0.00382	0.00909
19	0.01632	0.01790	0.03711	0.02968	0.11344	0.01735	0.51872	0.02154	0.01617	0.02222	0.01552	0.06403	0.01303	0.00746	0.00921	0.00244	0.05586	0.00876	0.00375	0.00945
20	0.00872	0.00712	0.00770	0.00778	0.00986	0.00610	0.00575	0.01071	0.01660	0.02065	0.17184	0.13642	0.53016	0.01791	0.00848	0.00243	0.00362	0.01522	0.00681	0.00610
21	0.01761	0.01925	0.02904	0.21153	0.15567	0.13429	0.22605	0.02191	0.01611	0.02034	0.01279	0.01751	0.01016	0.00710	0.00873	0.00231	0.07038	0.00669	0.00345	0.00909
22	0.02317	0.01901	0.08723	0.01491	0.02046	0.06017	0.01302	0.32962	0.02496	0.13766	0.06076	0.05974	0.01761	0.00912	0.00704	0.00208	0.00740	0.00723	0.00647	0.09233
23	0.01484	0.02145	0.27364	0.04245	0.02442	0.03404	0.11158	0.04022	0.01657	0.06480	0.09297	0.07106	0.07878	0.01337	0.06509	0.00305	0.00936	0.00863	0.00470	0.00897
24	0.01236	0.01032	0.05506	0.09535	0.01771	0.00880	0.02697	0.01514	0.01561	0.09133	0.06712	0.21237	0.24521	0.01790	0.05204	0.00306	0.00636	0.03403	0.00601	0.00725
25	0.06901	0.10670	0.06623	0.10457	0.02569	0.04957	0.08068	0.24840	0.06158	0.02957	0.01527	0.03321	0.01195	0.00792	0.00719	0.00214	0.02979	0.00631	0.00500	0.03923
26	0.01719	0.01757	0.05648	0.04490	0.10824	0.08150	0.23276	0.03395	0.05440	0.06504	0.07489	0.08228	0.04460	0.00925	0.00811	0.00230	0.02573	0.00888	0.00484	0.02708
27	0.01750	0.15680	0.28903	0.01747	0.02447	0.06582	0.07594	0.05037	0.09974	0.05083	0.03188	0.03113	0.01389	0.03561	0.00777	0.00231	0.00899	0.00633	0.00426	0.00986

[dist]
# distance from previous block
# <min> <max>
0	10

[block]
# block no. 3 follows, 29 sequences, length 10
# corresponding to MSA columns:
# 127-136
name=unknown_D
#
# <colnr> <probs for GDERKNQSTAVLIFYWHMCP>
#	G	D	E	R	K	N	Q	S	T	A	V	L	I	F	Y	W	H	M	C	P
0	0.07912	0.03756	0.01766	0.04523	0.10041	0.17527	0.05305	0.01891	0.01647	0.02148	0.09518	0.18261	0.05242	0.01142	0.00724	0.00219	0.00755	0.00978	0.00493	0.06152
1	0.01756	0.03548	0.01734	0.10434	0.10342	0.01425	0.01251	0.19706	0.02012	0.04862	0.04781	0.05679	0.01921	0.01362	0.07048	0.00301	0.00781	0.05547	0.14606	0.00901
2	0.01226	0.01042	0.01431	0.01314	0.01357	0.01321	0.01012	0.01372	0.01093	0.01599	0.01636	0.02857	0.01690	0.23491	0.26436	0.00702	0.28634	0.00787	0.00369	0.00632
3	0.01558	0.01558	0.02181	0.01869	0.01869	0.02181	0.01558	0.01714	0.01091	0.01714	0.00935	0.01558	0.00935	0.01246	0.02337	0.00312	0.73672	0.00623	0.00312	0.00779
4	0.00923	0.00711	0.00855	0.00925	0.01087	0.00642	0.00700	0.01132	0.01597	0.02037	0.12764	0.26078	0.32426	0.01915	0.00886	0.00268	0.00427	0.13339	0.00674	0.00613
5	0.00868	0.00695	0.00777	0.00815	0.00993	0.00603	0.00589	0.01052	0.01599	0.02005	0.13741	0.25048	0.44956	0.01878	0.00860	0.00252	0.00372	0.01619	0.00676	0.00603
6	0.00995	0.00683	0.00807	0.00836	0.00978	0.00630	0.00599	0.01226	0.01618	0.02278	0.23162	0.23968	0.18777	0.04406	0.00900	0.00252	0.00375	0.01407	0.15482	0.00621
7	0.01352	0.00873	0.01089	0.01007	0.01256	0.00827	0.00785	0.01816	0.08277	0.11531	0.40698	0.05133	0.14322	0.01426	0.00825	0.00236	0.00423	0.06587	0.00763	0.00774
8	0.05507	0.01338	0.01528	0.01139	0.01717	0.01151	0.00915	0.05345	0.05785	0.02491	0.01363	0.01550	0.01113	0.00610	0.00623	0.00134	0.03717	0.00464	0.00452	0.63059
9	0.06548	0.01365	0.01834	0.19561	0.05953	0.04185	0.06416	0.10399	0.03543	0.04616	0.01749	0.05013	0.01526	0.11849	0.03200	0.00320	0.03404	0.00752	0.06944	0.00822

[dist]
# distance from previous block
# <min> <max>
0	2

[block]
# block no. 4 follows, 29 sequences, length 15
# corresponding to MSA columns:
# 139-153
name=unknown_E
#
# <colnr> <probs for GDERKNQSTAVLIFYWHMCP>
#	G	D	E	R	K	N	Q	S	T	A	V	L	I	F	Y	W	H	M	C	P
0	0.08402	0.04373	0.01365	0.03372	0.09950	0.01051	0.00942	0.01738	0.01625	0.07331	0.20078	0.03361	0.08489	0.01553	0.09056	0.00318	0.00660	0.00869	0.14689	0.00779
1	0.01169	0.00995	0.01484	0.01265	0.01570	0.00884	0.10166	0.01410	0.01401	0.01962	0.02736	0.28708	0.06463	0.09369	0.06467	0.00338	0.00693	0.01211	0.00511	0.21198
2	0.14757	0.01136	0.01288	0.05499	0.01645	0.01178	0.00916	0.07082	0.08279	0.16206	0.07773	0.06790	0.08027	0.01189	0.03319	0.00253	0.00587	0.00832	0.10311	0.02935
3	0.01910	0.01242	0.01479	0.01247	0.01601	0.01315	0.00997	0.17668	0.10153	0.13821	0.14404	0.02823	0.02533	0.01634	0.11164	0.00351	0.03282	0.00802	0.08172	0.03404
4	0.00949	0.00688	0.00820	0.00854	0.00943	0.00653	0.00567	0.01074	0.01370	0.01804	0.12239	0.22353	0.17858	0.28427	0.05846	0.00463	0.00576	0.01395	0.00578	0.00545
5	0.01776	0.14340	0.14502	0.01757	0.02216	0.12361	0.07200	0.06399	0.01662	0.02154	0.07292	0.02091	0.01597	0.00935	0.01061	0.00232	0.17674	0.03463	0.00403	0.00885
6	0.01953	0.08769	0.02421	0.09317	0.02518	0.15609	0.13075	0.07705	0.07979	0.06532	0.01800	0.03884	0.03682	0.01076	0.04253	0.00268	0.07083	0.00705	0.00462	0.00910
7	0.01019	0.01002	0.07300	0.01248	0.03871	0.00797	0.00956	0.01329	0.04664	0.01966	0.03702	0.52026	0.07529	0.01924	0.00875	0.00279	0.00514	0.07703	0.00620	0.00676
8	0.00884	0.00655	0.00825	0.00926	0.01024	0.00597	0.00640	0.01050	0.01510	0.01993	0.14458	0.51329	0.17436	0.02034	0.00886	0.00270	0.00392	0.01815	0.00679	0.00597
9	0.01428	0.03683	0.71286	0.02030	0.03082	0.01654	0.02631	0.02255	0.01503	0.02255	0.01278	0.01503	0.00902	0.00677	0.00677	0.00226	0.01052	0.00526	0.00301	0.01052
10	0.01550	0.03132	0.54103	0.02032	0.02939	0.01609	0.09440	0.02272	0.01562	0.06483	0.04385	0.01773	0.01229	0.00736	0.00767	0.00230	0.03759	0.00609	0.00364	0.01025
11	0.01526	0.02874	0.48192	0.01744	0.02518	0.05271	0.02039	0.02130	0.01529	0.07320	0.01830	0.12755	0.01624	0.04475	0.00853	0.00255	0.00917	0.00788	0.00409	0.00951
12	0.80005	0.01377	0.01047	0.00936	0.01377	0.01597	0.00771	0.02093	0.01212	0.03195	0.00991	0.01157	0.00771	0.00661	0.00441	0.00220	0.00551	0.00386	0.00441	0.00771
13	0.00882	0.00637	0.00835	0.00967	0.01033	0.00590	0.00656	0.01033	0.01449	0.01939	0.11518	0.63400	0.08178	0.02123	0.00898	0.00279	0.00402	0.01916	0.00675	0.00590
14	0.01534	0.01071	0.01326	0.01202	0.01413	0.01185	0.00921	0.16566	0.03739	0.04314	0.02107	0.11301	0.01998	0.08781	0.22929	0.08291	0.04360	0.00885	0.05328	0.00750

[dist]
# distance from previous block
# <min> <max>
0	1

[block]
# block no. 5 follows, 29 sequences, length 25
# corresponding to MSA columns:
# 155-179
name=unknown_F
#
# <colnr> <probs for GDERKNQSTAVLIFYWHMCP>
#	G	D	E	R	K	N	Q	S	T	A	V	L	I	F	Y	W	H	M	C	P
0	0.57249	0.04609	0.06512	0.01125	0.01626	0.03926	0.00997	0.05110	0.05590	0.03026	0.01177	0.01316	0.00909	0.00685	0.00498	0.00213	0.00630	0.00437	0.00451	0.03914
1	0.01136	0.00962	0.04278	0.04247	0.01414	0.00885	0.00887	0.03970	0.01574	0.04415	0.13190	0.31934	0.15008	0.04533	0.03391	0.00306	0.05135	0.01437	0.00617	0.00682
2	0.00964	0.00726	0.00893	0.00868	0.01051	0.00655	0.00654	0.01251	0.01874	0.02543	0.48538	0.08158	0.23594	0.01594	0.00848	0.00234	0.00357	0.03806	0.00742	0.00649
3	0.04050	0.01690	0.02201	0.07114	0.16665	0.04057	0.06901	0.12299	0.29217	0.05181	0.02058	0.02129	0.01551	0.00815	0.00717	0.00228	0.00757	0.00711	0.00573	0.01086
4	0.00903	0.00665	0.00848	0.00938	0.01042	0.00610	0.00659	0.01089	0.01556	0.02075	0.19247	0.46931	0.15021	0.01985	0.00885	0.00268	0.00395	0.03590	0.00688	0.00605
5	0.01353	0.01283	0.01959	0.14434	0.02325	0.01641	0.05502	0.01616	0.01228	0.01765	0.01590	0.04474	0.03973	0.02104	0.17869	0.00481	0.34550	0.00750	0.00356	0.00746
6	0.06813	0.01463	0.01679	0.11347	0.02196	0.04092	0.01194	0.15379	0.10477	0.08150	0.05738	0.02341	0.01730	0.00883	0.00756	0.00211	0.04367	0.03509	0.03993	0.13680
7	0.00971	0.00668	0.00817	0.00879	0.00902	0.00660	0.00545	0.01033	0.01166	0.01562	0.02861	0.31001	0.03345	0.43396	0.06566	0.00565	0.00656	0.01394	0.00515	0.00499
8	0.05784	0.01884	0.02611	0.01981	0.02535	0.07543	0.22522	0.25245	0.02257	0.09101	0.01692	0.04947	0.01312	0.00817	0.00790	0.00223	0.03306	0.00736	0.00547	0.04169
9	0.01228	0.00644	0.00950	0.00937	0.00964	0.00638	0.00635	0.00977	0.00989	0.01338	0.03784	0.02283	0.01451	0.02479	0.04915	0.71789	0.00648	0.00643	0.00332	0.02380
10	0.01466	0.14323	0.45278	0.01810	0.02619	0.01704	0.06433	0.02079	0.01478	0.02085	0.01507	0.02217	0.01291	0.06909	0.00920	0.00261	0.00957	0.05377	0.00342	0.00944
11	0.01118	0.00832	0.00994	0.00933	0.01118	0.00740	0.00638	0.01251	0.01265	0.01775	0.02478	0.20393	0.02780	0.33928	0.02014	0.00421	0.00581	0.05177	0.00497	0.21066
12	0.00858	0.00710	0.00752	0.00768	0.00978	0.00604	0.00566	0.01044	0.01624	0.01986	0.11877	0.14804	0.57321	0.01826	0.00849	0.00245	0.00365	0.01548	0.00671	0.00604
13	0.01502	0.01484	0.02409	0.18750	0.09701	0.04183	0.15234	0.01877	0.01425	0.01977	0.01416	0.03794	0.01218	0.01358	0.09373	0.00345	0.15120	0.00708	0.02802	0.05324
14	0.01065	0.00788	0.00943	0.01001	0.01126	0.00768	0.00697	0.06989	0.03438	0.02063	0.04055	0.49762	0.14106	0.08321	0.01112	0.00309	0.00466	0.01704	0.00647	0.00640
15	0.01904	0.75404	0.03731	0.01218	0.01828	0.02818	0.01218	0.02132	0.01447	0.01675	0.00990	0.01142	0.00914	0.00609	0.00457	0.00152	0.00761	0.00381	0.00305	0.00914
16	0.33731	0.01852	0.09950	0.01692	0.08416	0.06331	0.06713	0.06820	0.04576	0.05558	0.03914	0.01871	0.04244	0.00773	0.00613	0.00221	0.00744	0.00597	0.00474	0.00910
17	0.30627	0.04145	0.01767	0.09418	0.04519	0.27611	0.01254	0.04906	0.01628	0.02405	0.01099	0.01350	0.00887	0.00732	0.00673	0.00211	0.05072	0.00472	0.00396	0.00827
18	0.00937	0.00716	0.00859	0.00843	0.01025	0.00638	0.00625	0.01198	0.01818	0.02433	0.41958	0.12200	0.28868	0.01649	0.00847	0.00236	0.00352	0.01431	0.00729	0.00638
19	0.00895	0.00632	0.00839	0.00990	0.01043	0.00591	0.00673	0.01009	0.01366	0.01808	0.03940	0.65562	0.07409	0.02213	0.00995	0.03899	0.00430	0.04492	0.00645	0.00570
20	0.02662	0.01972	0.02112	0.01629	0.02191	0.02187	0.01343	0.65091	0.06489	0.04416	0.01766	0.01755	0.01257	0.00860	0.00713	0.00215	0.00773	0.00649	0.00713	0.01207
21	0.00949	0.00689	0.00911	0.01036	0.01085	0.00685	0.00724	0.01082	0.01342	0.01794	0.03572	0.54976	0.04216	0.11465	0.01322	0.00346	0.03414	0.09198	0.00617	0.00577
22	0.01444	0.03572	0.67066	0.02091	0.03122	0.01663	0.06739	0.02257	0.01515	0.02257	0.01288	0.01530	0.00913	0.00672	0.00687	0.00226	0.01062	0.00546	0.00304	0.01047
23	0.01305	0.03681	0.01172	0.01076	0.01300	0.09335	0.00805	0.01666	0.08089	0.04295	0.09513	0.21414	0.22389	0.04463	0.04171	0.00301	0.00614	0.03092	0.00616	0.00706
24	0.01667	0.06137	0.01824	0.06397	0.02049	0.06191	0.03322	0.06575	0.01648	0.02363	0.01299	0.01532	0.01059	0.00593	0.00567	0.00137	0.00662	0.00473	0.02292	0.53214

[dist]
# distance from previous block
# <min> <max>
0	1

[block]
# block no. 6 follows, 29 sequences, length 50
# corresponding to MSA columns:
# 181-230
name=unknown_G
#
# <colnr> <probs for GDERKNQSTAVLIFYWHMCP>
#	G	D	E	R	K	N	Q	S	T	A	V	L	I	F	Y	W	H	M	C	P
0	0.01118	0.00744	0.00954	0.01002	0.01156	0.00692	0.00758	0.01336	0.01606	0.06654	0.16702	0.26055	0.14879	0.07624	0.01104	0.00305	0.00478	0.15508	0.00680	0.00647
1	0.01018	0.00711	0.00908	0.00919	0.00966	0.00752	0.00606	0.01115	0.01095	0.01505	0.02238	0.08643	0.02448	0.45896	0.27314	0.00822	0.01096	0.01006	0.00429	0.00512
2	0.01810	0.01689	0.07304	0.12116	0.23327	0.01614	0.01651	0.12931	0.11607	0.05663	0.02108	0.02274	0.06441	0.00823	0.00708	0.00217	0.00759	0.00707	0.00505	0.05746
3	0.04910	0.18003	0.06805	0.01777	0.08692	0.07223	0.03592	0.12494	0.19258	0.02666	0.01796	0.01996	0.01430	0.00804	0.00645	0.00208	0.00767	0.02507	0.03411	0.01016
4	0.01145	0.00781	0.00981	0.01054	0.01178	0.00767	0.00740	0.03857	0.07162	0.05504	0.06149	0.57530	0.04213	0.01937	0.00862	0.00273	0.00444	0.01739	0.02999	0.00685
5	0.01016	0.00720	0.00912	0.00912	0.00976	0.00760	0.00612	0.01124	0.01116	0.01520	0.02446	0.04100	0.06769	0.43753	0.29390	0.00832	0.01129	0.00963	0.00428	0.00520
6	0.00963	0.00708	0.00955	0.00995	0.01119	0.00700	0.00737	0.01204	0.01559	0.02147	0.25808	0.25980	0.08979	0.02693	0.18364	0.00476	0.00762	0.04589	0.00633	0.00629
7	0.01600	0.09419	0.09502	0.03915	0.04882	0.09480	0.13704	0.01955	0.01482	0.01963	0.05357	0.05530	0.01575	0.01422	0.08954	0.00339	0.16966	0.00734	0.00379	0.00841
8	0.22816	0.01693	0.02289	0.04416	0.24102	0.06372	0.09985	0.05376	0.01563	0.02528	0.01333	0.04746	0.01149	0.00785	0.00814	0.00229	0.07828	0.00642	0.00405	0.00928
9	0.02024	0.63984	0.03460	0.01316	0.01887	0.13807	0.01243	0.02245	0.01537	0.01686	0.01008	0.01165	0.00914	0.00629	0.00486	0.00157	0.00844	0.00393	0.00314	0.00900
10	0.03797	0.01437	0.01918	0.03679	0.02048	0.04521	0.12720	0.09593	0.18639	0.05630	0.02220	0.08233	0.01896	0.06406	0.09792	0.00376	0.00895	0.00859	0.04437	0.00904
11	0.08041	0.01716	0.01824	0.01483	0.01963	0.01904	0.01197	0.42544	0.16722	0.05547	0.02121	0.08065	0.01690	0.00981	0.00712	0.00227	0.00685	0.00776	0.00695	0.01108
12	0.01187	0.00820	0.01112	0.01104	0.01265	0.00783	0.02825	0.03436	0.01472	0.05935	0.05669	0.37622	0.03607	0.11794	0.06779	0.00391	0.00640	0.07605	0.00604	0.05350
13	0.00865	0.00631	0.00814	0.00960	0.01025	0.00581	0.00647	0.00995	0.01393	0.01830	0.04306	0.66673	0.12301	0.02181	0.00901	0.00284	0.00407	0.01964	0.00661	0.00581
14	0.01599	0.01420	0.01895	0.05317	0.11124	0.01305	0.04046	0.05006	0.06613	0.02406	0.01406	0.01658	0.01144	0.00643	0.00701	0.00159	0.04851	0.00529	0.00434	0.47746
15	0.02327	0.01285	0.01495	0.03457	0.01741	0.04299	0.00979	0.10444	0.02006	0.32261	0.05921	0.02659	0.07014	0.00914	0.00678	0.00199	0.00594	0.00738	0.10265	0.10725
16	0.00920	0.00694	0.00851	0.00892	0.01033	0.00636	0.00643	0.01127	0.01610	0.02127	0.23487	0.27509	0.24365	0.04751	0.04033	0.00309	0.00457	0.03270	0.00675	0.00611
17	0.08281	0.01361	0.01697	0.01310	0.01857	0.01289	0.01082	0.14818	0.02214	0.54690	0.02492	0.02212	0.01598	0.00862	0.00697	0.00219	0.00634	0.00681	0.00822	0.01182
18	0.01594	0.01556	0.02735	0.30099	0.34056	0.01668	0.11008	0.02121	0.04117	0.02153	0.01384	0.01869	0.01094	0.00672	0.00727	0.00226	0.00922	0.00668	0.00354	0.00978
19	0.02571	0.01978	0.01927	0.01543	0.02043	0.12242	0.01246	0.42120	0.05689	0.12087	0.04695	0.02147	0.04605	0.00911	0.00714	0.00213	0.00790	0.00694	0.00683	0.01102
20	0.00862	0.00641	0.00804	0.00935	0.01018	0.00583	0.00636	0.00998	0.01417	0.01840	0.04608	0.60444	0.18334	0.02142	0.00895	0.00279	0.00402	0.01916	0.00661	0.00583
21	0.01263	0.00773	0.01216	0.18194	0.01877	0.00848	0.00943	0.01140	0.01046	0.01376	0.01244	0.02101	0.01168	0.02053	0.02289	0.60414	0.00697	0.00622	0.00311	0.00424
22	0.05111	0.01684	0.01933	0.01580	0.01990	0.05802	0.06747	0.28208	0.12334	0.03208	0.07428	0.07765	0.04988	0.01058	0.00871	0.00234	0.06599	0.00851	0.00621	0.00987
23	0.00884	0.00631	0.00845	0.01010	0.01058	0.00592	0.00689	0.01019	0.01379	0.01836	0.03916	0.70678	0.04674	0.02216	0.00913	0.00291	0.00427	0.05697	0.00661	0.00583
24	0.01560	0.01580	0.03160	0.05738	0.04441	0.01533	0.44114	0.04493	0.01627	0.02261	0.01691	0.05042	0.01421	0.05317	0.05925	0.00323	0.01082	0.00856	0.06963	0.00872
25	0.01183	0.00810	0.01004	0.01051	0.01200	0.00786	0.00794	0.05122	0.01559	0.05013	0.03851	0.25140	0.13201	0.16035	0.01426	0.00363	0.00558	0.19638	0.00628	0.00639
26	0.00958	0.00731	0.00883	0.00889	0.01057	0.00672	0.00650	0.01265	0.04239	0.02367	0.35266	0.21072	0.23917	0.01708	0.00851	0.00244	0.00368	0.01494	0.00720	0.00648
27	0.01005	0.00679	0.00827	0.00885	0.00997	0.00656	0.00627	0.01201	0.01429	0.02028	0.09085	0.29147	0.12974	0.09301	0.08740	0.00385	0.00577	0.02919	0.15940	0.00599
28	0.80005	0.01377	0.01047	0.00936	0.01377	0.01597	0.00771	0.02093	0.01212	0.03195	0.00991	0.01157	0.00771	0.00661	0.00441	0.00220	0.00551	0.00386	0.00441	0.00771
29	0.01787	0.01536	0.02480	0.14696	0.36030	0.01596	0.06284	0.10143	0.01776	0.05641	0.01618	0.06098	0.01382	0.02718	0.00858	0.02342	0.00833	0.00743	0.00435	0.01004
30	0.01519	0.01210	0.01415	0.01036	0.01626	0.00922	0.00827	0.01820	0.01524	0.06405	0.01927	0.02048	0.07719	0.00671	0.00569	0.00125	0.00516	0.00543	0.00472	0.67106
31	0.01708	0.05011	0.07789	0.11797	0.22433	0.04914	0.08544	0.07203	0.04306	0.02419	0.05951	0.01956	0.01470	0.00718	0.00692	0.00204	0.00839	0.00651	0.00422	0.10973
32	0.00970	0.00704	0.00870	0.00938	0.01026	0.00675	0.00641	0.01187	0.04096	0.01952	0.14033	0.37566	0.10104	0.17576	0.01469	0.00360	0.00472	0.04141	0.00633	0.00588
33	0.01560	0.01294	0.01543	0.01347	0.01702	0.01393	0.04837	0.10795	0.30265	0.02847	0.13320	0.05722	0.12575	0.01342	0.03042	0.00269	0.00608	0.03921	0.00686	0.00933
34	0.00930	0.00667	0.00844	0.00943	0.01035	0.00618	0.00662	0.01058	0.01428	0.01864	0.08442	0.42518	0.16954	0.06652	0.01192	0.05543	0.00449	0.07003	0.00631	0.00568
35	0.02248	0.01401	0.01607	0.01327	0.01757	0.01464	0.01057	0.22748	0.16696	0.20880	0.07377	0.07206	0.04927	0.03095	0.00817	0.00240	0.00606	0.00872	0.02618	0.01058
36	0.01136	0.00976	0.01669	0.01426	0.01636	0.00943	0.16979	0.01364	0.01362	0.01847	0.06460	0.25792	0.03051	0.23319	0.08319	0.00470	0.00820	0.01288	0.00502	0.00639
37	0.80005	0.01377	0.01047	0.00936	0.01377	0.01597	0.00771	0.02093	0.01212	0.03195	0.00991	0.01157	0.00771	0.00661	0.00441	0.00220	0.00551	0.00386	0.00441	0.00771
38	0.01745	0.02099	0.14137	0.05130	0.33615	0.06526	0.07438	0.05119	0.06187	0.02395	0.04831	0.01929	0.01409	0.00743	0.00776	0.00221	0.03592	0.00665	0.00404	0.01039
39	0.01362	0.01296	0.01518	0.04531	0.01633	0.09361	0.01116	0.01546	0.01258	0.01683	0.01798	0.11924	0.01863	0.09956	0.23707	0.00588	0.22907	0.00876	0.00398	0.00679
40	0.02796	0.01852	0.02049	0.01571	0.02137	0.01996	0.01297	0.56360	0.03109	0.16624	0.01910	0.01840	0.01312	0.00860	0.00713	0.00215	0.00751	0.00655	0.00743	0.01211
41	0.02067	0.06941	0.02631	0.04520	0.09107	0.11010	0.19589	0.04836	0.01796	0.15760	0.04888	0.07235	0.01697	0.00872	0.00804	0.00224	0.03758	0.00795	0.00510	0.00961
42	0.01882	0.01798	0.02655	0.02382	0.13096	0.12983	0.25207	0.02260	0.01718	0.10443	0.02263	0.04715	0.08667	0.02802	0.03644	0.00272	0.00989	0.00839	0.00467	0.00920
43	0.01066	0.00734	0.00896	0.00907	0.01091	0.00655	0.00673	0.01288	0.01691	0.06746	0.23241	0.24088	0.27550	0.01768	0.00858	0.00252	0.00399	0.04733	0.00709	0.00658
44	0.03041	0.06955	0.03743	0.01294	0.01540	0.03028	0.07053	0.05907	0.01598	0.02143	0.07426	0.42335	0.03582	0.03447	0.00893	0.00269	0.00596	0.03849	0.00586	0.00715
45	0.04829	0.02008	0.02508	0.08770	0.28846	0.17257	0.09297	0.08306	0.01834	0.02350	0.01575	0.04604	0.03101	0.00774	0.00710	0.00215	0.00945	0.00688	0.00410	0.00973
46	0.01225	0.01069	0.01866	0.01660	0.01951	0.01025	0.18505	0.01577	0.01591	0.02091	0.03315	0.16559	0.06662	0.03589	0.00998	0.00304	0.00747	0.33979	0.00573	0.00715
47	0.01107	0.00807	0.00999	0.01015	0.01212	0.00779	0.00791	0.01481	0.06453	0.04759	0.18713	0.15156	0.21959	0.02021	0.06832	0.00335	0.00572	0.13646	0.00676	0.00686
48	0.01872	0.29431	0.23211	0.01904	0.07530	0.08199	0.06481	0.05791	0.03747	0.03793	0.01283	0.01470	0.01013	0.00671	0.00611	0.00195	0.00921	0.00517	0.00365	0.00996
49	0.04079	0.01431	0.01645	0.04725	0.04573	0.04915	0.03679	0.17626	0.14102	0.05406	0.05210	0.14698	0.09998	0.01232	0.00769	0.00240	0.00654	0.03459	0.00636	0.00921

[dist]
# distance from previous block
# <min> <max>
6	48

[block]
# block no. 7 follows, 29 sequences, length 49
# corresponding to MSA columns:
# 292-340
name=unknown_H
#
# <colnr> <probs for GDERKNQSTAVLIFYWHMCP>
#	G	D	E	R	K	N	Q	S	T	A	V	L	I	F	Y	W	H	M	C	P
0	0.01972	0.23546	0.12154	0.08438	0.02334	0.10301	0.01435	0.09087	0.01767	0.07277	0.01363	0.01536	0.01060	0.00685	0.00592	0.00180	0.00827	0.00502	0.03158	0.11786
1	0.01961	0.12828	0.02429	0.13744	0.16165	0.10223	0.03761	0.12296	0.06468	0.05296	0.04018	0.02045	0.04141	0.00795	0.00679	0.00209	0.00839	0.00655	0.00470	0.00979
2	0.01722	0.04745	0.06025	0.01488	0.04263	0.14857	0.01183	0.07353	0.05748	0.04613	0.09654	0.12618	0.06628	0.01161	0.00839	0.00222	0.05653	0.03167	0.00541	0.07520
3	0.03796	0.19191	0.20711	0.01775	0.04474	0.06183	0.08704	0.09409	0.04397	0.02403	0.03714	0.03913	0.01336	0.00749	0.00644	0.00200	0.00867	0.00610	0.00415	0.06508
4	0.09841	0.04364	0.05351	0.01555	0.02071	0.14535	0.03705	0.26853	0.06913	0.03127	0.01520	0.01635	0.01155	0.00771	0.00680	0.00200	0.02520	0.00567	0.03713	0.08923
5	0.06217	0.27459	0.31789	0.05391	0.07015	0.02054	0.06616	0.02180	0.01483	0.02099	0.01179	0.01426	0.00928	0.00646	0.00604	0.00201	0.00917	0.00503	0.00318	0.00975
6	0.01005	0.00750	0.00848	0.00844	0.00982	0.00708	0.00579	0.03689	0.01488	0.01920	0.11259	0.14484	0.27875	0.25716	0.04382	0.00424	0.00546	0.01336	0.00591	0.00575
7	0.54699	0.01511	0.01341	0.01136	0.01605	0.01716	0.00931	0.15969	0.07150	0.06104	0.01365	0.01441	0.01014	0.00734	0.00531	0.00221	0.00602	0.00485	0.00537	0.00908
8	0.14360	0.01052	0.01256	0.01051	0.01443	0.01019	0.00849	0.02570	0.01679	0.36023	0.02311	0.02325	0.01627	0.01301	0.08095	0.00303	0.00664	0.00657	0.20469	0.00945
9	0.00996	0.00684	0.00870	0.00950	0.01012	0.00660	0.00656	0.01099	0.01330	0.01765	0.07804	0.29830	0.07056	0.24529	0.01880	0.05986	0.00542	0.11243	0.00573	0.00533
10	0.00901	0.00702	0.00818	0.00834	0.01010	0.00620	0.00609	0.01121	0.01697	0.02206	0.27107	0.20393	0.35878	0.01778	0.00855	0.00245	0.00363	0.01541	0.00701	0.00620
11	0.00908	0.00707	0.00828	0.00855	0.01030	0.00627	0.00632	0.01127	0.01678	0.02170	0.23774	0.20551	0.35815	0.01804	0.00862	0.00250	0.00379	0.04691	0.00695	0.00619
12	0.00995	0.00753	0.00940	0.01002	0.01185	0.00698	0.00809	0.01261	0.01694	0.02191	0.18868	0.11644	0.27097	0.01823	0.00900	0.00274	0.00472	0.26075	0.00685	0.00635
13	0.01951	0.71113	0.03638	0.01243	0.01850	0.02782	0.01226	0.05991	0.01558	0.01840	0.01032	0.01175	0.00931	0.00624	0.00472	0.00156	0.00763	0.00396	0.00328	0.00931
14	0.01345	0.01266	0.02136	0.73264	0.04904	0.01582	0.01978	0.01819	0.01424	0.01819	0.01266	0.01898	0.00949	0.00712	0.00712	0.00237	0.00949	0.00633	0.00316	0.00791
15	0.02368	0.32217	0.02753	0.01521	0.02052	0.21453	0.01305	0.23569	0.02214	0.02598	0.01252	0.01363	0.01010	0.00722	0.00589	0.00181	0.00911	0.00486	0.00453	0.00985
16	0.01164	0.00975	0.01455	0.01685	0.14439	0.00984	0.03081	0.01447	0.01572	0.02179	0.22163	0.09057	0.12324	0.06351	0.14829	0.00437	0.03484	0.01090	0.00548	0.00735
17	0.01904	0.75404	0.03731	0.01218	0.01828	0.02818	0.01218	0.02132	0.01447	0.01675	0.00990	0.01142	0.00914	0.00609	0.00457	0.00152	0.00761	0.00381	0.00305	0.00914
18	0.01087	0.00796	0.01138	0.01199	0.03611	0.00876	0.00852	0.03227	0.01235	0.01733	0.02169	0.13257	0.02217	0.11703	0.45993	0.05480	0.01418	0.00957	0.00432	0.00621
19	0.02011	0.01223	0.01478	0.01189	0.01656	0.01136	0.00947	0.05193	0.15321	0.23485	0.15757	0.02771	0.02623	0.00919	0.00693	0.00195	0.00530	0.00768	0.00705	0.21398
20	0.02602	0.01798	0.01971	0.01551	0.02087	0.01963	0.01268	0.47094	0.15375	0.13604	0.02085	0.01986	0.01467	0.00879	0.00715	0.00220	0.00718	0.00682	0.00738	0.01196
21	0.02037	0.01348	0.01551	0.01269	0.01728	0.01355	0.01011	0.12005	0.22916	0.17357	0.10910	0.02603	0.02317	0.00912	0.00692	0.00204	0.00560	0.00752	0.03605	0.14869
22	0.00868	0.00620	0.00826	0.00991	0.01033	0.00578	0.00661	0.00991	0.01363	0.01818	0.03925	0.74510	0.04710	0.02231	0.00909	0.00289	0.00413	0.02024	0.00661	0.00578
23	0.00868	0.00620	0.00826	0.00991	0.01033	0.00578	0.00661	0.00991	0.01363	0.01818	0.03925	0.74510	0.04710	0.02231	0.00909	0.00289	0.00413	0.02024	0.00661	0.00578
24	0.01754	0.01519	0.01631	0.04316	0.01973	0.01764	0.01161	0.03705	0.66539	0.02932	0.02833	0.02626	0.02125	0.00956	0.00724	0.00241	0.00579	0.00798	0.00708	0.01114
25	0.10345	0.01325	0.01471	0.01079	0.01686	0.01102	0.00868	0.06080	0.01567	0.02557	0.01263	0.01456	0.01033	0.00563	0.00529	0.00125	0.00546	0.00432	0.00443	0.65528
26	0.17332	0.01038	0.01208	0.03720	0.01474	0.01044	0.00845	0.05232	0.01882	0.17182	0.33672	0.03474	0.03817	0.01095	0.00710	0.00220	0.00480	0.00907	0.03834	0.00835
27	0.01670	0.01408	0.01486	0.01328	0.01709	0.01578	0.01035	0.08489	0.50541	0.02929	0.06105	0.03349	0.13070	0.01109	0.00747	0.00238	0.00540	0.00921	0.00716	0.01033
28	0.01017	0.00763	0.01144	0.01144	0.01272	0.00890	0.00890	0.01272	0.01144	0.01653	0.01907	0.02797	0.01780	0.05340	0.72153	0.01144	0.01907	0.00763	0.00381	0.00636
29	0.02352	0.01411	0.01645	0.01370	0.01812	0.01469	0.01090	0.20030	0.19801	0.25709	0.02711	0.12975	0.02163	0.01096	0.00746	0.00234	0.00613	0.00913	0.00764	0.01096
30	0.51826	0.01390	0.01287	0.01078	0.01546	0.01523	0.00887	0.10431	0.01652	0.17052	0.01501	0.01541	0.01068	0.00736	0.00532	0.00217	0.00582	0.00495	0.03748	0.00910
31	0.00868	0.00620	0.00826	0.00991	0.01033	0.00578	0.00661	0.00991	0.01363	0.01818	0.03925	0.74510	0.04710	0.02231	0.00909	0.00289	0.00413	0.02024	0.00661	0.00578
32	0.00895	0.00644	0.00855	0.01014	0.01075	0.00603	0.00706	0.01041	0.01401	0.01853	0.04031	0.65316	0.07074	0.02188	0.00914	0.00291	0.00436	0.08417	0.00660	0.00587
33	0.05046	0.18839	0.02203	0.01548	0.04397	0.16667	0.01225	0.15667	0.01925	0.02398	0.01752	0.12137	0.01700	0.01163	0.02905	0.00243	0.04912	0.03913	0.00479	0.00883
34	0.01448	0.03567	0.67288	0.02166	0.07024	0.01656	0.02605	0.02251	0.01510	0.02259	0.01281	0.01519	0.00915	0.00674	0.00678	0.00225	0.01040	0.00533	0.00304	0.01057
35	0.00985	0.00727	0.00920	0.00872	0.01050	0.00662	0.00654	0.01300	0.01962	0.02728	0.61571	0.05528	0.15384	0.01503	0.00840	0.00226	0.00339	0.01317	0.00767	0.00662
36	0.01013	0.00713	0.00899	0.00921	0.00995	0.00718	0.00633	0.01153	0.01305	0.01772	0.12575	0.11842	0.06197	0.35874	0.14319	0.00611	0.00802	0.06591	0.00526	0.00542
37	0.24649	0.16460	0.14438	0.01634	0.06778	0.07278	0.03647	0.05055	0.06679	0.02533	0.01275	0.01442	0.01004	0.00681	0.00569	0.00202	0.00789	0.00492	0.00407	0.03988
38	0.01012	0.00813	0.00957	0.03708	0.01230	0.00782	0.00714	0.03350	0.01714	0.02232	0.21889	0.07877	0.39379	0.01783	0.04365	0.00282	0.03174	0.01313	0.02771	0.00655
39	0.02235	0.02502	0.02191	0.15675	0.14535	0.37502	0.01619	0.09118	0.04016	0.02171	0.01289	0.01567	0.01027	0.00732	0.00676	0.00203	0.01073	0.00551	0.00400	0.00919
40	0.02020	0.01193	0.01379	0.01158	0.01531	0.01211	0.00929	0.17721	0.08073	0.18437	0.13182	0.03264	0.07155	0.01061	0.00710	0.00216	0.00533	0.03107	0.16167	0.00952
41	0.70925	0.04112	0.01214	0.00989	0.01445	0.01646	0.00822	0.04887	0.01341	0.05851	0.01092	0.01229	0.00833	0.00676	0.00463	0.00218	0.00570	0.00409	0.00464	0.00812
42	0.01426	0.01409	0.08949	0.01256	0.01578	0.03371	0.01081	0.04474	0.15368	0.04768	0.21014	0.04001	0.08583	0.09894	0.01208	0.00294	0.04865	0.05023	0.00620	0.00820
43	0.05825	0.00852	0.01020	0.00929	0.01198	0.00784	0.00713	0.01817	0.01758	0.18169	0.22381	0.12096	0.16071	0.01344	0.00750	0.00225	0.00422	0.01142	0.11728	0.00776
44	0.01483	0.04728	0.35279	0.01669	0.02377	0.01511	0.04369	0.06886	0.09086	0.02428	0.04827	0.04905	0.05566	0.01193	0.05770	0.00286	0.00912	0.00727	0.00446	0.05550
45	0.01211	0.00980	0.01063	0.01058	0.01193	0.05526	0.00756	0.06203	0.01609	0.02127	0.13299	0.31275	0.08681	0.12395	0.03931	0.00350	0.03320	0.01387	0.02989	0.00648
46	0.19597	0.16596	0.07254	0.02054	0.18455	0.09769	0.01444	0.06264	0.01624	0.02455	0.01176	0.01401	0.00964	0.00654	0.00572	0.00190	0.00794	0.00482	0.00389	0.07864
47	0.04917	0.02023	0.06110	0.02277	0.18454	0.16609	0.06543	0.06065	0.10448	0.02380	0.01945	0.06574	0.04790	0.00861	0.00699	0.00211	0.00851	0.00733	0.00465	0.07044
48	0.04626	0.10291	0.08895	0.03355	0.02206	0.04206	0.04106	0.28687	0.04630	0.07944	0.01887	0.02125	0.04132	0.00902	0.00814	0.00223	0.06349	0.03028	0.00560	0.01034

[dist]
# distance from previous block
# <min> <max>
3	40

[block]
# block no. 8 follows, 29 sequences, length 26
# corresponding to MSA columns:
# 381-406
name=unknown_I
#
# <colnr> <probs for GDERKNQSTAVLIFYWHMCP>
#	G	D	E	R	K	N	Q	S	T	A	V	L	I	F	Y	W	H	M	C	P
0	0.01049	0.00793	0.01138	0.01181	0.01304	0.00772	0.04697	0.03868	0.01480	0.01973	0.03498	0.50059	0.04032	0.06146	0.03710	0.00343	0.00584	0.12118	0.00622	0.00633
1	0.01834	0.29286	0.05122	0.01348	0.01769	0.15926	0.01163	0.08868	0.01778	0.02109	0.05963	0.17822	0.02143	0.01075	0.00653	0.00203	0.00777	0.00850	0.00468	0.00843
2	0.05941	0.01838	0.01799	0.01421	0.01945	0.10570	0.01140	0.32522	0.02409	0.05877	0.01647	0.05745	0.01331	0.00821	0.00652	0.00185	0.00739	0.00628	0.00581	0.22209
3	0.01982	0.10652	0.04559	0.04204	0.16157	0.06198	0.04056	0.20041	0.10360	0.02864	0.05051	0.02107	0.04121	0.00819	0.00685	0.00207	0.00780	0.00676	0.00522	0.03956
4	0.01843	0.01676	0.03838	0.10628	0.21114	0.03828	0.06161	0.16158	0.09860	0.02709	0.01731	0.04315	0.01425	0.03806	0.00909	0.00244	0.04259	0.00723	0.03769	0.01003
5	0.01857	0.68307	0.10416	0.01299	0.01952	0.02702	0.01358	0.02144	0.01452	0.01733	0.01018	0.01178	0.00913	0.00616	0.00479	0.00160	0.00790	0.00395	0.00304	0.00928
6	0.01740	0.02678	0.35333	0.02161	0.05426	0.01709	0.16098	0.11163	0.05525	0.04674	0.01507	0.01719	0.01094	0.00696	0.00713	0.00220	0.00970	0.00627	0.00418	0.05530
7	0.00889	0.00723	0.00787	0.00771	0.00991	0.00621	0.00578	0.01113	0.01735	0.02189	0.25107	0.06417	0.52185	0.01705	0.00841	0.00236	0.00354	0.01442	0.00696	0.00621
8	0.01036	0.00757	0.01115	0.01115	0.01245	0.00876	0.00866	0.01295	0.01166	0.01714	0.01933	0.02789	0.01783	0.05066	0.67790	0.01085	0.01811	0.00757	0.05164	0.00637
9	0.24568	0.04937	0.03853	0.01479	0.01993	0.15334	0.04963	0.16274	0.02014	0.15880	0.01540	0.01589	0.01106	0.00752	0.00618	0.00210	0.00811	0.00545	0.00552	0.00981
10	0.01662	0.19626	0.34697	0.02018	0.02805	0.05847	0.15194	0.02233	0.01530	0.02068	0.01215	0.01495	0.00943	0.00682	0.00752	0.00214	0.05169	0.00557	0.00318	0.00974
11	0.01241	0.01255	0.01032	0.00991	0.01234	0.14980	0.00740	0.01451	0.01770	0.02069	0.18414	0.08282	0.40870	0.01537	0.00804	0.00228	0.00543	0.01272	0.00627	0.00659
