[name]
unknown

[dist]
# distance from previous block
# <min> <max>
0	104

[block]
# block no. 0 follows, 34 sequences, length 24
# corresponding to MSA columns:
# 106-129
name=unknown_A
#
# <colnr> <probs for GDERKNQSTAVLIFYWHMCP>
#	G	D	E	R	K	N	Q	S	T	A	V	L	I	F	Y	W	H	M	C	P
0	0.07056	0.24740	0.11354	0.06056	0.02083	0.03427	0.08243	0.01904	0.04538	0.01882	0.01279	0.01622	0.02280	0.00784	0.02391	0.00203	0.07934	0.02344	0.00337	0.09544
1	0.05173	0.17616	0.21737	0.01582	0.04059	0.21446	0.03810	0.02251	0.05235	0.04693	0.01191	0.01337	0.00931	0.00624	0.00557	0.00175	0.00870	0.00456	0.00346	0.05910
2	0.01746	0.02002	0.19627	0.04723	0.30192	0.04939	0.06333	0.08525	0.01656	0.09805	0.03337	0.01682	0.01165	0.00652	0.00644	0.00197	0.00814	0.00581	0.00400	0.00979
3	0.01565	0.01597	0.01842	0.01502	0.05662	0.14702	0.10935	0.01870	0.01454	0.01984	0.01166	0.01418	0.00962	0.00671	0.02988	0.00162	0.00750	0.00464	0.00361	0.47944
4	0.01204	0.00602	0.00602	0.00602	0.00753	0.00602	0.00452	0.01506	0.01355	0.02409	0.02108	0.02409	0.01656	0.00753	0.00452	0.00151	0.00301	0.00602	0.80879	0.00602
5	0.01246	0.01175	0.01985	0.70767	0.09217	0.01442	0.01807	0.01674	0.01304	0.01683	0.01153	0.01714	0.00873	0.00641	0.00646	0.00214	0.00855	0.00574	0.00289	0.00739
6	0.01972	0.01415	0.02102	0.01643	0.02125	0.01446	0.19255	0.05269	0.31921	0.22228	0.02226	0.02149	0.01581	0.00765	0.00682	0.00213	0.00680	0.00712	0.00610	0.01007
7	0.01204	0.00602	0.00602	0.00602	0.00753	0.00602	0.00452	0.01506	0.01355	0.02409	0.02108	0.02409	0.01656	0.00753	0.00452	0.00151	0.00301	0.00602	0.80879	0.00602
8	0.01676	0.01429	0.01460	0.01303	0.01645	0.06607	0.01034	0.14996	0.39025	0.02765	0.09774	0.03004	0.02376	0.00999	0.00689	0.00219	0.00581	0.08864	0.00631	0.00923
9	0.01999	0.52569	0.02877	0.01208	0.01748	0.02301	0.01127	0.20077	0.01800	0.07187	0.01183	0.01251	0.00953	0.00628	0.00491	0.00157	0.00686	0.00428	0.00409	0.00918
10	0.00940	0.00626	0.00705	0.00705	0.00705	0.00626	0.00392	0.00940	0.00940	0.01253	0.02036	0.04228	0.02349	0.77292	0.03289	0.00626	0.00626	0.00940	0.00392	0.00392
11	0.01745	0.01566	0.02449	0.07696	0.55279	0.01621	0.01824	0.15487	0.01767	0.02468	0.01277	0.01597	0.01029	0.00619	0.00641	0.00194	0.00762	0.00577	0.00382	0.01020
12	0.01869	0.17717	0.05591	0.01329	0.01796	0.01880	0.01154	0.26880	0.23936	0.02812	0.01750	0.01816	0.01356	0.02891	0.04190	0.00242	0.00703	0.00587	0.00532	0.00968
13	0.01071	0.00591	0.00871	0.00871	0.00894	0.00614	0.00598	0.00909	0.00887	0.01205	0.01301	0.02225	0.01299	0.07663	0.16702	0.60247	0.00794	0.00612	0.00301	0.00346
14	0.02173	0.01255	0.01486	0.01213	0.01622	0.01273	0.00984	0.25483	0.07692	0.27908	0.07726	0.07516	0.05373	0.01004	0.00686	0.00209	0.00563	0.04166	0.00698	0.00969
15	0.01579	0.01515	0.02586	0.07786	0.69599	0.01530	0.01973	0.01965	0.01462	0.02086	0.01212	0.01606	0.01015	0.00579	0.00640	0.00193	0.00773	0.00576	0.00318	0.01007
16	0.06662	0.01297	0.02103	0.04077	0.09408	0.01304	0.22218	0.09632	0.06486	0.02272	0.02402	0.16187	0.09189	0.01024	0.00717	0.00222	0.00703	0.02820	0.00475	0.00802
17	0.06872	0.01622	0.02912	0.02234	0.04744	0.04894	0.44453	0.02245	0.09740	0.05955	0.01630	0.02153	0.01294	0.00693	0.00718	0.00218	0.00915	0.05425	0.00414	0.00869
18	0.01469	0.01455	0.02183	0.32798	0.32491	0.07666	0.03605	0.01832	0.01395	0.01821	0.01226	0.01788	0.01027	0.05630	0.00814	0.00228	0.00839	0.00590	0.00312	0.00830
19	0.01513	0.01970	0.17288	0.08707	0.30234	0.08351	0.08721	0.01996	0.03768	0.01980	0.01390	0.06846	0.01201	0.00719	0.00688	0.00205	0.02529	0.00652	0.00339	0.00901
20	0.01716	0.01438	0.01802	0.05132	0.08755	0.08500	0.09610	0.08637	0.15457	0.11104	0.08689	0.02735	0.11759	0.00902	0.00683	0.00205	0.00667	0.00785	0.00549	0.00877
21	0.10842	0.00947	0.01169	0.01292	0.09874	0.00977	0.00835	0.06346	0.03428	0.05819	0.05617	0.12789	0.05585	0.21433	0.05714	0.00376	0.00629	0.05168	0.00493	0.00669
22	0.01710	0.13511	0.09539	0.01729	0.08906	0.10192	0.06148	0.15324	0.01683	0.02190	0.01357	0.05298	0.01192	0.03298	0.06637	0.00272	0.06960	0.00602	0.00391	0.03061
23	0.01725	0.08790	0.19569	0.01853	0.11471	0.03557	0.04797	0.15306	0.15822	0.04290	0.03315	0.01727	0.01290	0.00703	0.00621	0.00194	0.00745	0.00579	0.00457	0.03187

[dist]
# distance from previous block
# <min> <max>
2	27

[block]
# block no. 1 follows, 34 sequences, length 119
# corresponding to MSA columns:
# 157-246,249-254,286-308
name=unknown_B
#
# <colnr> <probs for GDERKNQSTAVLIFYWHMCP>
#	G	D	E	R	K	N	Q	S	T	A	V	L	I	F	Y	W	H	M	C	P
0	0.14223	0.12021	0.05841	0.06012	0.10307	0.03609	0.03771	0.10982	0.09268	0.04233	0.05194	0.01793	0.03225	0.00708	0.00575	0.00186	0.00658	0.00564	0.00445	0.06386
1	0.04173	0.12286	0.03681	0.01274	0.03844	0.07216	0.03176	0.10397	0.03568	0.11507	0.06641	0.04269	0.07152	0.03016	0.00690	0.00195	0.00629	0.04218	0.00506	0.11563
2	0.09402	0.10476	0.03791	0.01543	0.09288	0.12573	0.03018	0.11751	0.03837	0.07670	0.05945	0.03892	0.03398	0.00748	0.00585	0.00178	0.00690	0.00589	0.00462	0.10166
3	0.08284	0.01161	0.01433	0.03180	0.01607	0.02979	0.04715	0.04387	0.09896	0.10183	0.09811	0.08605	0.04524	0.01092	0.03272	0.00229	0.06825	0.02572	0.00524	0.14721
4	0.01526	0.01490	0.07049	0.11524	0.10597	0.03064	0.11113	0.10647	0.09706	0.04098	0.05893	0.08831	0.01737	0.02957	0.00744	0.00215	0.00717	0.00757	0.00460	0.06876
5	0.05864	0.06193	0.04464	0.45142	0.05965	0.08231	0.01535	0.01792	0.01348	0.01795	0.01108	0.01524	0.00864	0.00614	0.00589	0.00188	0.00809	0.00505	0.00310	0.11157
6	0.01686	0.14106	0.15437	0.02090	0.19767	0.08069	0.03260	0.04473	0.05213	0.05977	0.01333	0.03487	0.01093	0.00688	0.00686	0.00187	0.05470	0.00545	0.00370	0.06062
7	0.09188	0.41263	0.11570	0.01362	0.01883	0.14673	0.03745	0.02038	0.01377	0.01745	0.00960	0.01148	0.00823	0.00619	0.00582	0.00169	0.05340	0.00402	0.00299	0.00813
8	0.01204	0.00602	0.00602	0.00602	0.00753	0.00602	0.00452	0.01506	0.01355	0.02409	0.02108	0.02409	0.01656	0.00753	0.00452	0.00151	0.00301	0.00602	0.80879	0.00602
9	0.01340	0.01148	0.01340	0.00957	0.01531	0.00861	0.00766	0.01627	0.01340	0.02105	0.01148	0.01340	0.00957	0.00479	0.00479	0.00096	0.00479	0.00383	0.00383	0.81242
10	0.00786	0.00565	0.00747	0.00892	0.00935	0.00525	0.00596	0.00901	0.01245	0.01653	0.03658	0.74592	0.06490	0.02012	0.00823	0.00261	0.00373	0.01822	0.00600	0.00525
11	0.01770	0.70147	0.03221	0.01144	0.01682	0.05065	0.01111	0.04083	0.03808	0.01639	0.00981	0.01104	0.00877	0.00575	0.00436	0.00144	0.00702	0.00368	0.00303	0.00841
12	0.01554	0.01489	0.02540	0.12599	0.64985	0.01523	0.01960	0.01943	0.01450	0.02056	0.01207	0.01614	0.01004	0.00584	0.00640	0.00195	0.00779	0.00576	0.00316	0.00987
13	0.03893	0.52144	0.09405	0.01196	0.01720	0.08626	0.01178	0.03765	0.01457	0.01790	0.08349	0.01482	0.01373	0.00655	0.00489	0.00157	0.00713	0.00455	0.00339	0.00815
14	0.01427	0.04957	0.49532	0.13641	0.05352	0.01538	0.04344	0.05812	0.01467	0.04255	0.01220	0.01467	0.00877	0.00628	0.00622	0.00204	0.00904	0.00512	0.00315	0.00925
15	0.00787	0.00562	0.00750	0.00900	0.00937	0.00525	0.00600	0.00900	0.01237	0.01649	0.03561	0.76871	0.04274	0.02024	0.00825	0.00262	0.00375	0.01837	0.00600	0.00525
16	0.81856	0.01250	0.00950	0.00850	0.01250	0.01449	0.00700	0.01899	0.01100	0.02899	0.00900	0.01050	0.00700	0.00600	0.00400	0.00200	0.00500	0.00350	0.00400	0.00700
17	0.01824	0.01734	0.01920	0.26796	0.07629	0.16088	0.03273	0.22385	0.01947	0.02403	0.01638	0.01879	0.06164	0.00753	0.00645	0.00198	0.00838	0.00607	0.00429	0.00849
18	0.01870	0.01488	0.02160	0.05973	0.25775	0.01583	0.06387	0.20393	0.06256	0.09281	0.01543	0.01818	0.01199	0.03439	0.03221	0.00245	0.05303	0.00623	0.00472	0.00970
19	0.01672	0.01420	0.01498	0.01328	0.01705	0.01638	0.01038	0.08630	0.66791	0.02808	0.02547	0.02345	0.01905	0.00869	0.00657	0.00217	0.00527	0.00719	0.00657	0.01029
20	0.01122	0.00561	0.00842	0.00842	0.00842	0.00561	0.00561	0.00842	0.00842	0.01122	0.01122	0.01964	0.01122	0.02245	0.02525	0.81201	0.00561	0.00561	0.00281	0.00281
21	0.51576	0.01412	0.01246	0.01045	0.01476	0.05509	0.00855	0.12835	0.01569	0.15223	0.01290	0.01332	0.00924	0.00665	0.00491	0.00197	0.00578	0.00441	0.00503	0.00833
22	0.00871	0.00600	0.00735	0.00798	0.00824	0.00580	0.00497	0.00939	0.01127	0.01512	0.07128	0.36431	0.03435	0.39231	0.02040	0.00439	0.00495	0.01351	0.00504	0.00464
23	0.00787	0.00562	0.00750	0.00900	0.00937	0.00525	0.00600	0.00900	0.01237	0.01649	0.03561	0.76871	0.04274	0.02024	0.00825	0.00262	0.00375	0.01837	0.00600	0.00525
24	0.01414	0.01414	0.01979	0.01696	0.01696	0.01979	0.01414	0.01555	0.00990	0.01555	0.00848	0.01414	0.00848	0.01131	0.02120	0.00283	0.76110	0.00565	0.00283	0.00707
25	0.01670	0.01419	0.01496	0.01328	0.01704	0.01636	0.01038	0.08416	0.67010	0.02804	0.02550	0.02347	0.01908	0.00869	0.00657	0.00217	0.00526	0.00720	0.00657	0.01028
26	0.00985	0.00726	0.00963	0.01082	0.01245	0.00704	0.00930	0.01256	0.01484	0.01896	0.04051	0.07073	0.17680	0.01755	0.00867	0.00282	0.00541	0.55301	0.00596	0.00585
27	0.02899	0.01100	0.01499	0.01150	0.01649	0.00950	0.00950	0.03149	0.01849	0.73709	0.02549	0.02199	0.01599	0.00800	0.00650	0.00200	0.00550	0.00650	0.00800	0.01100
28	0.02883	0.01126	0.01516	0.01162	0.01662	0.00989	0.00960	0.05654	0.01893	0.71143	0.02512	0.02175	0.01581	0.00799	0.00650	0.00200	0.00556	0.00647	0.00794	0.01100
29	0.01148	0.00986	0.01331	0.03755	0.13300	0.05006	0.00996	0.01413	0.03080	0.01604	0.01661	0.02554	0.01580	0.15489	0.42365	0.00735	0.01299	0.00695	0.00355	0.00647
30	0.00926	0.00682	0.00989	0.00989	0.01087	0.00781	0.00746	0.01122	0.01024	0.01463	0.01776	0.02790	0.01725	0.15629	0.64098	0.00977	0.01566	0.00729	0.00353	0.00549
31	0.01458	0.01289	0.03605	0.01048	0.01621	0.01019	0.00869	0.08578	0.03905	0.02319	0.01239	0.01398	0.01001	0.00526	0.00505	0.00113	0.00517	0.00417	0.00415	0.68158
32	0.01578	0.38482	0.31791	0.01424	0.02122	0.01996	0.01614	0.02149	0.07557	0.04047	0.01207	0.01326	0.00949	0.00614	0.00524	0.00174	0.00778	0.00442	0.00324	0.00905
33	0.01865	0.04313	0.02486	0.02577	0.25980	0.24203	0.14889	0.04225	0.09252	0.02039	0.01319	0.01562	0.01055	0.00635	0.00641	0.00190	0.00921	0.00572	0.00369	0.00906
34	0.01340	0.01148	0.01340	0.00957	0.01531	0.00861	0.00766	0.01627	0.01340	0.02105	0.01148	0.01340	0.00957	0.00479	0.00479	0.00096	0.00479	0.00383	0.00383	0.81242
35	0.01899	0.01572	0.01623	0.01380	0.01792	0.03969	0.01094	0.24694	0.48222	0.03099	0.02241	0.02102	0.01663	0.00838	0.00652	0.00210	0.00594	0.00674	0.00644	0.01038
36	0.01558	0.22961	0.08272	0.07381	0.06381	0.03838	0.07224	0.03469	0.01450	0.06047	0.03592	0.01907	0.06900	0.00715	0.00627	0.00174	0.03468	0.00574	0.02645	0.10817
37	0.01693	0.02323	0.32182	0.05527	0.06968	0.05638	0.11530	0.04691	0.09122	0.11711	0.01530	0.01668	0.01094	0.00665	0.00647	0.00205	0.00860	0.00579	0.00412	0.00956
38	0.01476	0.08675	0.23937	0.02332	0.03064	0.01674	0.45265	0.02051	0.01461	0.02016	0.01230	0.01574	0.00921	0.00565	0.00690	0.00207	0.01017	0.00645	0.00307	0.00892
39	0.01579	0.01571	0.04934	0.11803	0.35947	0.01542	0.16840	0.08858	0.01616	0.02231	0.01396	0.01984	0.01162	0.00673	0.00683	0.00207	0.00839	0.04836	0.00366	0.00933
40	0.01669	0.08399	0.06870	0.11731	0.10437	0.08802	0.03564	0.12563	0.13072	0.02345	0.05298	0.03481	0.01479	0.00767	0.00663	0.00197	0.02781	0.00624	0.04381	0.00878
41	0.04329	0.59294	0.03031	0.01332	0.05668	0.09098	0.01163	0.06452	0.01474	0.01766	0.00967	0.01113	0.00854	0.00580	0.00457	0.00149	0.00734	0.00380	0.00312	0.00846
42	0.01007	0.00726	0.00993	0.01103	0.01256	0.00712	0.00945	0.01298	0.01539	0.02024	0.14244	0.06852	0.07895	0.01706	0.00865	0.00279	0.00536	0.54814	0.00613	0.00594
43	0.01706	0.01596	0.02292	0.11226	0.39895	0.06077	0.03747	0.12322	0.05897	0.02322	0.01377	0.03497	0.01135	0.00691	0.00698	0.00201	0.03360	0.00612	0.00392	0.00955
44	0.01761	0.01770	0.06087	0.04274	0.15083	0.08510	0.09961	0.13969	0.24552	0.02546	0.01856	0.01944	0.03224	0.00743	0.00658	0.00204	0.00754	0.00650	0.00489	0.00965
45	0.00931	0.00623	0.00707	0.00716	0.00718	0.00621	0.00403	0.00937	0.00956	0.01275	0.02120	0.08255	0.02456	0.73120	0.03152	0.00606	0.00612	0.00989	0.00403	0.00399
46	0.00916	0.00635	0.00728	0.00745	0.00786	0.00618	0.00463	0.00970	0.01081	0.01417	0.04938	0.08874	0.10722	0.57090	0.02625	0.00524	0.00566	0.05414	0.00450	0.00437
47	0.03923	0.11184	0.09419	0.06460	0.10195	0.15407	0.01403	0.09620	0.05808	0.02052	0.01260	0.01547	0.01037	0.01170	0.08997	0.00289	0.08496	0.00523	0.00368	0.00840
48	0.01361	0.01045	0.01123	0.01040	0.01275	0.05031	0.00783	0.09682	0.13052	0.06663	0.20504	0.20638	0.10588	0.03220	0.00793	0.00228	0.00474	0.01128	0.00634	0.00738
49	0.00894	0.00612	0.00713	0.00749	0.00770	0.00598	0.00447	0.00929	0.01039	0.01374	0.02636	0.21885	0.06442	0.55218	0.02564	0.00517	0.00550	0.01178	0.00453	0.00432
50	0.02529	0.01693	0.01867	0.01431	0.01945	0.01830	0.01182	0.59904	0.02842	0.15552	0.01716	0.01658	0.01181	0.00780	0.00647	0.00195	0.00684	0.00593	0.00672	0.01099
51	0.01409	0.01484	0.06300	0.26175	0.36642	0.01457	0.08839	0.01832	0.01414	0.01938	0.01496	0.01896	0.04946	0.00656	0.00660	0.00204	0.00816	0.00632	0.00323	0.00881
52	0.00908	0.00619	0.00733	0.00754	0.00780	0.00605	0.00457	0.00967	0.01106	0.01493	0.11135	0.17833	0.03174	0.53825	0.02516	0.00506	0.00540	0.01135	0.00470	0.00443
53	0.00923	0.00692	0.01038	0.01038	0.01154	0.00808	0.00808	0.01154	0.01038	0.01500	0.01731	0.02538	0.01615	0.04846	0.74732	0.01038	0.01731	0.00692	0.00346	0.00577
54	0.01340	0.01148	0.01340	0.00957	0.01531	0.00861	0.00766	0.01627	0.01340	0.02105	0.01148	0.01340	0.00957	0.00479	0.00479	0.00096	0.00479	0.00383	0.00383	0.81242
55	0.01204	0.00602	0.00602	0.00602	0.00753	0.00602	0.00452	0.01506	0.01355	0.02409	0.02108	0.02409	0.01656	0.00753	0.00452	0.00151	0.00301	0.00602	0.80879	0.00602
56	0.01570	0.04824	0.41891	0.03725	0.02424	0.11263	0.01867	0.08757	0.05114	0.02131	0.01252	0.01470	0.00948	0.00889	0.04362	0.00244	0.05519	0.00507	0.00341	0.00901
57	0.01133	0.00990	0.03740	0.01080	0.01275	0.01018	0.00870	0.01484	0.07106	0.03535	0.14097	0.03178	0.10330	0.09920	0.18616	0.00452	0.13304	0.00824	0.00466	0.06582
58	0.01204	0.00602	0.00602	0.00602	0.00753	0.00602	0.00452	0.01506	0.01355	0.02409	0.02108	0.02409	0.01656	0.00753	0.00452	0.00151	0.00301	0.00602	0.80879	0.00602
59	0.02899	0.01100	0.01499	0.01150	0.01649	0.00950	0.00950	0.03149	0.01849	0.73709	0.02549	0.02199	0.01599	0.00800	0.00650	0.00200	0.00550	0.00650	0.00800	0.01100
60	0.01451	0.02096	0.28004	0.05265	0.34628	0.01434	0.05698	0.01952	0.01423	0.04051	0.01408	0.07086	0.01198	0.00703	0.00651	0.00204	0.00820	0.00645	0.00336	0.00946
61	0.01710	0.73454	0.03308	0.01138	0.01660	0.02525	0.01123	0.01914	0.01295	0.01522	0.00896	0.01057	0.00830	0.00585	0.00509	0.00146	0.04871	0.00358	0.00277	0.00822
62	0.00874	0.00599	0.00724	0.00789	0.00805	0.00583	0.00482	0.00922	0.01068	0.01424	0.02695	0.35623	0.03181	0.44763	0.02224	0.00469	0.00518	0.01327	0.00482	0.00449
63	0.01372	0.01431	0.02810	0.40134	0.06496	0.01529	0.33009	0.01852	0.01404	0.01857	0.01223	0.01727	0.00921	0.00598	0.00698	0.00216	0.00961	0.00659	0.00306	0.00798
64	0.01540	0.08195	0.25753	0.02482	0.24871	0.03592	0.10715	0.02137	0.06560	0.04028	0.01376	0.03447	0.01097	0.00649	0.00634	0.00198	0.00840	0.00590	0.00347	0.00948
65	0.01537	0.31187	0.23579	0.01855	0.02556	0.01948	0.24792	0.02012	0.01398	0.01853	0.01109	0.01366	0.00877	0.00567	0.00587	0.00184	0.00899	0.00522	0.00292	0.00879
66	0.00782	0.00582	0.00729	0.00846	0.00923	0.00529	0.00576	0.00906	0.01289	0.01670	0.04215	0.61405	0.19318	0.01939	0.00811	0.00253	0.00364	0.01733	0.00600	0.00529
67	0.01625	0.05439	0.12374	0.07538	0.45192	0.01542	0.05708	0.02094	0.03455	0.06921	0.01324	0.01619	0.01039	0.00606	0.00634	0.00195	0.00791	0.00571	0.00352	0.00983
68	0.01322	0.10770	0.16433	0.04197	0.12370	0.01324	0.03260	0.03660	0.03633	0.04029	0.11249	0.06797	0.12117	0.01074	0.02959	0.00228	0.02529	0.00801	0.00442	0.00806
69	0.01939	0.09874	0.01914	0.01423	0.01789	0.13494	0.03339	0.22092	0.13127	0.04752	0.01655	0.03732	0.01372	0.03465	0.00868	0.00216	0.08569	0.02807	0.02687	0.00885
70	0.01340	0.01148	0.01340	0.00957	0.01531	0.00861	0.00766	0.01627	0.01340	0.02105	0.01148	0.01340	0.00957	0.00479	0.00479	0.00096	0.00479	0.00383	0.00383	0.81242
71	0.01320	0.01082	0.01266	0.00932	0.01453	0.00826	0.00742	0.01598	0.01394	0.04280	0.05919	0.01930	0.06504	0.00623	0.00521	0.00114	0.00459	0.00509	0.00431	0.68095
72	0.01543	0.06246	0.17284	0.04995	0.26510	0.06871	0.20287	0.02012	0.01476	0.01988	0.01382	0.01695	0.03493	0.00620	0.00655	0.00198	0.00903	0.00609	0.00320	0.00912
73	0.01391	0.01165	0.01272	0.01157	0.01459	0.01300	0.00893	0.02747	0.50556	0.02645	0.22317	0.03190	0.05100	0.01022	0.00690	0.00215	0.00449	0.00870	0.00671	0.00894
74	0.03826	0.17822	0.17104	0.06053	0.11188	0.19241	0.01540	0.06048	0.03736	0.05936	0.01211	0.01380	0.00943	0.00638	0.00571	0.00180	0.00862	0.00474	0.00359	0.00887
75	0.02412	0.03918	0.01963	0.01476	0.01985	0.04010	0.01220	0.65453	0.04862	0.03896	0.01548	0.01550	0.01108	0.00769	0.00639	0.00192	0.00717	0.00575	0.00628	0.01080
76	0.01541	0.01674	0.03344	0.07897	0.03204	0.03582	0.55694	0.05822	0.01570	0.02101	0.01327	0.01765	0.01014	0.00836	0.05351	0.00266	0.01094	0.00725	0.00343	0.00851
77	0.01580	0.10711	0.15967	0.04379	0.16011	0.04373	0.06230	0.07151	0.01452	0.04008	0.01209	0.01550	0.00991	0.01076	0.07379	0.00280	0.13892	0.00548	0.00340	0.00872
78	0.01747	0.13870	0.20516	0.03808	0.06671	0.01581	0.12103	0.06519	0.05645	0.13877	0.03712	0.01917	0.01331	0.00711	0.00632	0.00198	0.00781	0.03005	0.00441	0.00934
79	0.00825	0.00578	0.00739	0.00852	0.00880	0.00550	0.00549	0.00909	0.01164	0.01552	0.03187	0.59040	0.03801	0.20499	0.01430	0.00352	0.00437	0.01617	0.00549	0.00492
80	0.02395	0.01686	0.01839	0.01425	0.01919	0.01843	0.01172	0.59422	0.06293	0.09876	0.04313	0.01769	0.01368	0.00803	0.00651	0.00196	0.00673	0.00616	0.00662	0.01077
81	0.01454	0.01576	0.03252	0.04639	0.10473	0.01507	0.52408	0.01979	0.03874	0.02042	0.01561	0.09196	0.01342	0.00709	0.00749	0.00220	0.00959	0.00843	0.00363	0.00854
82	0.01122	0.00561	0.00842	0.00842	0.00842	0.00561	0.00561	0.00842	0.00842	0.01122	0.01122	0.01964	0.01122	0.02245	0.02525	0.81201	0.00561	0.00561	0.00281	0.00281
83	0.00796	0.00566	0.00747	0.00889	0.00924	0.00530	0.00588	0.00902	0.01221	0.01627	0.03477	0.72844	0.04167	0.06196	0.00961	0.00283	0.00389	0.01787	0.00588	0.00517
84	0.01204	0.00602	0.00602	0.00602	0.00753	0.00602	0.00452	0.01506	0.01355	0.02409	0.02108	0.02409	0.01656	0.00753	0.00452	0.00151	0.00301	0.00602	0.80879	0.00602
85	0.01474	0.15268	0.09498	0.27776	0.12184	0.05944	0.07304	0.03460	0.01443	0.01855	0.03389	0.01876	0.01181	0.00688	0.00622	0.00198	0.00831	0.03862	0.00330	0.00815
86	0.00977	0.00705	0.00911	0.06383	0.01256	0.00685	0.00737	0.01176	0.01399	0.04041	0.13445	0.16971	0.18568	0.13933	0.01201	0.00306	0.00484	0.15693	0.00564	0.00566
87	0.01414	0.01414	0.01979	0.01696	0.01696	0.01979	0.01414	0.01555	0.00990	0.01555	0.00848	0.01414	0.00848	0.01131	0.02120	0.00283	0.76110	0.00565	0.00283	0.00707
88	0.02414	0.03079	0.01831	0.01665	0.01998	0.74698	0.01248	0.02580	0.01831	0.01581	0.00999	0.01165	0.00832	0.00666	0.00583	0.00166	0.01165	0.00416	0.00333	0.00749
89	0.03330	0.01738	0.16989	0.32077	0.16525	0.04023	0.01770	0.01922	0.06579	0.01932	0.01598	0.01919	0.05460	0.00704	0.00638	0.00207	0.00806	0.00604	0.00341	0.00838
90	0.00905	0.00660	0.00851	0.00803	0.00960	0.00606	0.00602	0.01201	0.01807	0.02538	0.68778	0.04913	0.10272	0.01341	0.00762	0.00204	0.00306	0.01181	0.00704	0.00606
91	0.02415	0.03034	0.01835	0.01658	0.01998	0.72121	0.01248	0.05010	0.01874	0.01670	0.01018	0.01179	0.00842	0.00670	0.00585	0.00167	0.01149	0.00422	0.00344	0.00761
92	0.01256	0.06662	0.03661	0.06704	0.19161	0.03147	0.03257	0.01561	0.01548	0.04018	0.22600	0.09887	0.11817	0.01065	0.00693	0.00203	0.00565	0.00942	0.00499	0.00753
93	0.01552	0.01487	0.02537	0.12948	0.64650	0.01523	0.01959	0.01941	0.01449	0.02053	0.01207	0.01615	0.01003	0.00585	0.00640	0.00195	0.00779	0.00576	0.00316	0.00985
94	0.00806	0.00605	0.00751	0.00856	0.00943	0.00558	0.00588	0.00977	0.03064	0.01721	0.06051	0.58268	0.18653	0.01895	0.00806	0.00250	0.00366	0.01692	0.00604	0.00544
95	0.76860	0.01252	0.00984	0.00880	0.01276	0.01446	0.00727	0.04081	0.01173	0.02907	0.00998	0.01257	0.00805	0.00642	0.00423	0.00203	0.00509	0.02456	0.00414	0.00709
96	0.01599	0.01535	0.02623	0.03966	0.73262	0.01535	0.01983	0.01983	0.01471	0.02111	0.01215	0.01599	0.01023	0.00576	0.00640	0.00192	0.00768	0.00576	0.00320	0.01023
97	0.01353	0.01337	0.06980	0.01132	0.03912	0.00955	0.00937	0.01725	0.03492	0.02119	0.01196	0.01382	0.00979	0.00504	0.00499	0.00111	0.00525	0.00407	0.00381	0.70073
98	0.01139	0.01672	0.25945	0.01420	0.05717	0.01013	0.03430	0.01597	0.03712	0.04231	0.15624	0.17535	0.11997	0.01164	0.00711	0.00217	0.00607	0.01015	0.00493	0.00761
99	0.00940	0.00626	0.00705	0.00705	0.00705	0.00626	0.00392	0.00940	0.00940	0.01253	0.02036	0.04228	0.02349	0.77292	0.03289	0.00626	0.00626	0.00940	0.00392	0.00392
100	0.01727	0.77681	0.03386	0.01106	0.01658	0.02557	0.01106	0.01935	0.01313	0.01520	0.00898	0.01036	0.00829	0.00553	0.00415	0.00138	0.00691	0.00345	0.00276	0.00829
101	0.01204	0.00602	0.00602	0.00602	0.00753	0.00602	0.00452	0.01506	0.01355	0.02409	0.02108	0.02409	0.01656	0.00753	0.00452	0.00151	0.00301	0.00602	0.80879	0.00602
102	0.09282	0.01787	0.01982	0.02048	0.19500	0.08621	0.01357	0.37621	0.06280	0.03173	0.01420	0.01531	0.01069	0.00706	0.00617	0.00193	0.00737	0.00552	0.00515	0.01008
103	0.01276	0.01153	0.01866	0.13856	0.36653	0.01192	0.01469	0.01628	0.03787	0.01910	0.02020	0.26235	0.02093	0.01070	0.00702	0.00219	0.00645	0.00993	0.00418	0.00814
104	0.00905	0.00660	0.00851	0.00803	0.00960	0.00606	0.00602	0.01201	0.01807	0.02539	0.68862	0.04912	0.10188	0.01340	0.00762	0.00204	0.00306	0.01180	0.00704	0.00606
105	0.02276	0.08938	0.02006	0.01748	0.05909	0.62155	0.01284	0.02457	0.01738	0.01605	0.00997	0.01188	0.00843	0.00669	0.00629	0.00170	0.03867	0.00425	0.00326	0.00769
106	0.01350	0.02962	0.57276	0.02051	0.02934	0.01532	0.18675	0.02052	0.01402	0.02052	0.01195	0.01454	0.00857	0.00597	0.00649	0.00208	0.00987	0.00545	0.00286	0.00935
107	0.01220	0.01148	0.01938	0.75739	0.04450	0.01436	0.01794	0.01651	0.01292	0.01651	0.01148	0.01723	0.00861	0.00646	0.00646	0.00215	0.00861	0.00574	0.00287	0.00718
108	0.01122	0.00561	0.00842	0.00842	0.00842	0.00561	0.00561	0.00842	0.00842	0.01122	0.01122	0.01964	0.01122	0.02245	0.02525	0.81201	0.00561	0.00561	0.00281	0.00281
109	0.01303	0.01233	0.02087	0.60129	0.19416	0.01457	0.01835	0.01723	0.01331	0.01751	0.01163	0.01696	0.00897	0.00631	0.00645	0.00210	0.00841	0.00575	0.00294	0.00784
110	0.01727	0.77681	0.03386	0.01106	0.01658	0.02557	0.01106	0.01935	0.01313	0.01520	0.00898	0.01036	0.00829	0.00553	0.00415	0.00138	0.00691	0.00345	0.00276	0.00829
111	0.81856	0.01250	0.00950	0.00850	0.01250	0.01449	0.00700	0.01899	0.01100	0.02899	0.00900	0.01050	0.00700	0.00600	0.00400	0.00200	0.00500	0.00350	0.00400	0.00700
112	0.01135	0.00597	0.00872	0.00849	0.00883	0.00579	0.00573	0.00889	0.00872	0.01181	0.01124	0.01927	0.01112	0.02138	0.02402	0.76321	0.00556	0.00550	0.00287	0.05152
113	0.01147	0.00743	0.01032	0.03476	0.05888	0.00711	0.00785	0.03175	0.01393	0.10105	0.05365	0.56635	0.03617	0.01689	0.00780	0.00245	0.00443	0.01522	0.00600	0.00648
114	0.01727	0.77681	0.03386	0.01106	0.01658	0.02557	0.01106	0.01935	0.01313	0.01520	0.00898	0.01036	0.00829	0.00553	0.00415	0.00138	0.00691	0.00345	0.00276	0.00829
115	0.81856	0.01250	0.00950	0.00850	0.01250	0.01449	0.00700	0.01899	0.01100	0.02899	0.00900	0.01050	0.00700	0.00600	0.00400	0.00200	0.00500	0.00350	0.00400	0.00700
116	0.02456	0.01810	0.01939	0.01487	0.02004	0.02004	0.01228	0.71107	0.03038	0.04072	0.01551	0.01551	0.01099	0.00776	0.00646	0.00194	0.00711	0.00582	0.00646	0.01099
117	0.01204	0.00602	0.00602	0.00602	0.00753	0.00602	0.00452	0.01506	0.01355	0.02409	0.02108	0.02409	0.01656	0.00753	0.00452	0.00151	0.00301	0.00602	0.80879	0.00602
118	0.01727	0.77681	0.03386	0.01106	0.01658	0.02557	0.01106	0.01935	0.01313	0.01520	0.00898	0.01036	0.00829	0.00553	0.00415	0.00138	0.00691	0.00345	0.00276	0.00829

[dist]
# distance from previous block
# <min> <max>
0	5

# created by:
# /home/cegg/simao/soft/augustus-3.2.1/scripts/msa2prfl.pl ./align_prep/EOG090W0IBV.fa
