[name]
unknown

[dist]
# distance from previous block
# <min> <max>
0	470

[block]
# block no. 0 follows, 25 sequences, length 9
# corresponding to MSA columns:
# 568-576
name=unknown_A
#
# <colnr> <probs for GDERKNQSTAVLIFYWHMCP>
#	G	D	E	R	K	N	Q	S	T	A	V	L	I	F	Y	W	H	M	C	P
0	0.01077	0.00813	0.01008	0.01020	0.01227	0.00745	0.00806	0.01388	0.01970	0.02618	0.34710	0.06979	0.25174	0.01829	0.00951	0.00275	0.00454	0.15473	0.00781	0.00704
1	0.01520	0.01307	0.01939	0.10800	0.16124	0.01476	0.01482	0.01814	0.01598	0.04555	0.09080	0.08249	0.09461	0.06909	0.01482	0.00316	0.16840	0.03666	0.00516	0.00865
2	0.01021	0.00753	0.00916	0.00943	0.01079	0.00690	0.00659	0.01232	0.01749	0.02342	0.27614	0.24201	0.19136	0.12474	0.01386	0.00343	0.00452	0.01631	0.00731	0.00648
3	0.16889	0.02146	0.02031	0.01682	0.02167	0.22426	0.06391	0.03007	0.01929	0.24968	0.01865	0.01927	0.01333	0.01037	0.03311	0.00271	0.04350	0.00635	0.00603	0.01033
4	0.01921	0.01802	0.02829	0.04033	0.52863	0.01862	0.02116	0.02777	0.16554	0.02695	0.01846	0.02141	0.01488	0.00773	0.00772	0.00238	0.00851	0.00733	0.00476	0.01228
5	0.01947	0.01004	0.01214	0.01068	0.01317	0.01063	0.00850	0.02266	0.01696	0.17712	0.02426	0.02656	0.01828	0.00984	0.00894	0.00218	0.10976	0.00729	0.48274	0.00878
6	0.01403	0.00852	0.00916	0.00931	0.01119	0.00881	0.00684	0.01984	0.11237	0.02735	0.03021	0.18731	0.02761	0.01274	0.00681	0.00224	0.00419	0.01084	0.48286	0.00776
7	0.04888	0.09026	0.31068	0.01899	0.06067	0.01738	0.01917	0.11461	0.01889	0.02698	0.02082	0.17761	0.01988	0.01142	0.00770	0.00251	0.00880	0.00950	0.00493	0.01032
8	0.01656	0.01526	0.08447	0.06373	0.14199	0.01342	0.01417	0.07139	0.01696	0.06744	0.02330	0.16117	0.02344	0.17554	0.01604	0.00370	0.03796	0.01066	0.00532	0.03748

[dist]
# distance from previous block
# <min> <max>
4	11

[block]
# block no. 1 follows, 25 sequences, length 8
# corresponding to MSA columns:
# 589-596
name=unknown_B
#
# <colnr> <probs for GDERKNQSTAVLIFYWHMCP>
#	G	D	E	R	K	N	Q	S	T	A	V	L	I	F	Y	W	H	M	C	P
0	0.20991	0.05170	0.01767	0.01402	0.01824	0.11253	0.01131	0.11595	0.01971	0.13180	0.02420	0.02561	0.09564	0.04022	0.01001	0.00263	0.07592	0.00735	0.00596	0.00963
1	0.01782	0.01665	0.07639	0.08592	0.11126	0.01654	0.01585	0.09177	0.06858	0.06682	0.08851	0.11327	0.04217	0.01238	0.01140	0.00270	0.13643	0.00986	0.00576	0.00992
2	0.01411	0.00825	0.00928	0.00913	0.01057	0.00895	0.00692	0.01722	0.01560	0.02663	0.02580	0.11438	0.02273	0.01145	0.00820	0.00215	0.08256	0.00903	0.58980	0.00725
3	0.01759	0.01409	0.01869	0.08893	0.02294	0.01534	0.06036	0.12353	0.16099	0.05350	0.08096	0.14590	0.05970	0.01371	0.00942	0.00274	0.03838	0.05667	0.00682	0.00976
4	0.01707	0.01794	0.05213	0.11231	0.04984	0.09975	0.08901	0.04938	0.01798	0.02386	0.07660	0.12912	0.02263	0.01106	0.00941	0.00239	0.06819	0.00943	0.00499	0.13691
5	0.04813	0.00945	0.01205	0.01115	0.01380	0.00881	0.00861	0.01981	0.01923	0.18177	0.27011	0.10235	0.07385	0.09457	0.01227	0.00319	0.00539	0.08926	0.00787	0.00833
6	0.02404	0.07750	0.08237	0.01930	0.08988	0.19910	0.01478	0.07457	0.02020	0.14666	0.06166	0.02149	0.01691	0.01102	0.01022	0.09884	0.00941	0.00671	0.00543	0.00992
7	0.02090	0.10971	0.26265	0.02105	0.05281	0.19989	0.06597	0.02714	0.05844	0.05312	0.01635	0.04830	0.01325	0.00842	0.00731	0.00229	0.01095	0.00666	0.00429	0.01049

[dist]
# distance from previous block
# <min> <max>
0	11

[block]
# block no. 2 follows, 25 sequences, length 7
# corresponding to MSA columns:
# 608-614
name=unknown_C
#
# <colnr> <probs for GDERKNQSTAVLIFYWHMCP>
#	G	D	E	R	K	N	Q	S	T	A	V	L	I	F	Y	W	H	M	C	P
0	0.01941	0.01832	0.09864	0.01733	0.02183	0.01755	0.05083	0.09755	0.18510	0.09293	0.05903	0.05327	0.04633	0.01393	0.04786	0.00322	0.13117	0.00884	0.00627	0.01061
1	0.10191	0.13088	0.08931	0.01974	0.07604	0.02154	0.06586	0.19689	0.12860	0.06776	0.01836	0.01916	0.01373	0.00829	0.00711	0.00232	0.00843	0.00664	0.00584	0.01159
2	0.01503	0.01117	0.01673	0.13450	0.02301	0.01127	0.05294	0.01934	0.03954	0.08465	0.18667	0.09415	0.03409	0.01934	0.11073	0.00395	0.00879	0.04200	0.00619	0.08590
3	0.01237	0.00688	0.00961	0.00993	0.01000	0.00680	0.00645	0.01043	0.01114	0.01485	0.02054	0.15020	0.02270	0.15241	0.02839	0.50219	0.00649	0.01022	0.00427	0.00412
4	0.01843	0.14286	0.06588	0.11458	0.08162	0.04516	0.11932	0.08226	0.07469	0.02610	0.09534	0.02415	0.02004	0.01122	0.04294	0.00284	0.00974	0.00774	0.00497	0.01012
5	0.01492	0.01256	0.01484	0.01136	0.01713	0.00963	0.00884	0.01800	0.01586	0.02431	0.01883	0.13913	0.01842	0.00897	0.00647	0.00150	0.00553	0.00763	0.00505	0.64101
6	0.01579	0.04431	0.12527	0.02466	0.17746	0.01576	0.08362	0.02200	0.07264	0.02516	0.10546	0.06305	0.06044	0.01170	0.00940	0.00263	0.04846	0.07692	0.00532	0.00993

[dist]
# distance from previous block
# <min> <max>
12	20

[block]
# block no. 3 follows, 25 sequences, length 9
# corresponding to MSA columns:
# 637-645
name=unknown_D
#
# <colnr> <probs for GDERKNQSTAVLIFYWHMCP>
#	G	D	E	R	K	N	Q	S	T	A	V	L	I	F	Y	W	H	M	C	P
0	0.01288	0.01085	0.01555	0.14052	0.11115	0.01120	0.01226	0.01766	0.06254	0.02554	0.25978	0.13152	0.12926	0.01441	0.00871	0.00257	0.00593	0.01276	0.00658	0.00833
1	0.01394	0.01199	0.01321	0.01215	0.01473	0.04415	0.00951	0.08125	0.05137	0.02394	0.07885	0.04691	0.29083	0.02648	0.18214	0.00507	0.06787	0.01153	0.00614	0.00793
2	0.70474	0.01569	0.01262	0.01098	0.01593	0.01808	0.00905	0.08773	0.01559	0.03624	0.01160	0.01322	0.00889	0.00741	0.00510	0.00239	0.00626	0.00449	0.00510	0.00889
3	0.01290	0.01000	0.01237	0.01225	0.01429	0.04077	0.03522	0.01524	0.01707	0.05347	0.10638	0.32078	0.12073	0.05540	0.01092	0.00310	0.00585	0.10719	0.00692	0.03917
4	0.01589	0.01363	0.01566	0.01160	0.01800	0.01083	0.00923	0.02076	0.06987	0.02557	0.01953	0.02101	0.05636	0.00705	0.00615	0.00137	0.00565	0.00572	0.00504	0.66110
5	0.02070	0.17561	0.03040	0.24073	0.10766	0.08736	0.10564	0.02485	0.01759	0.09591	0.01520	0.01871	0.01164	0.00747	0.00726	0.00227	0.01008	0.00652	0.00428	0.01013
6	0.01445	0.00723	0.00723	0.00723	0.00903	0.00723	0.00542	0.01807	0.01626	0.02891	0.02529	0.02891	0.01987	0.00903	0.00542	0.00181	0.00361	0.00723	0.77055	0.00723
7	0.42397	0.01739	0.08359	0.07552	0.11596	0.01693	0.01398	0.02304	0.05104	0.02968	0.01472	0.04263	0.01222	0.01039	0.03797	0.00291	0.00801	0.00607	0.00463	0.00936
8	0.06681	0.01884	0.02124	0.05674	0.04624	0.04678	0.01445	0.28594	0.12401	0.13477	0.02043	0.02082	0.01481	0.00964	0.00941	0.00250	0.08067	0.00712	0.00692	0.01185

[dist]
# distance from previous block
# <min> <max>
0	2

[block]
# block no. 4 follows, 25 sequences, length 7
# corresponding to MSA columns:
# 648-654
name=unknown_E
#
# <colnr> <probs for GDERKNQSTAVLIFYWHMCP>
#	G	D	E	R	K	N	Q	S	T	A	V	L	I	F	Y	W	H	M	C	P
0	0.01930	0.02178	0.03836	0.02929	0.06570	0.09721	0.45288	0.02466	0.01812	0.02386	0.01471	0.01936	0.01147	0.00706	0.00947	0.00244	0.05295	0.00801	0.00396	0.07939
1	0.01727	0.01728	0.06107	0.02522	0.12374	0.01560	0.23346	0.06809	0.03602	0.02533	0.02134	0.05637	0.04040	0.01142	0.01064	0.07821	0.00939	0.06547	0.00482	0.07886
2	0.01355	0.01041	0.06524	0.10556	0.01764	0.00913	0.01025	0.01269	0.01146	0.01538	0.01474	0.02558	0.01436	0.09937	0.02644	0.52497	0.00768	0.00717	0.00352	0.00486
3	0.01937	0.15918	0.02284	0.01397	0.01985	0.07075	0.01174	0.08144	0.01801	0.02498	0.01315	0.01552	0.01110	0.00720	0.00780	0.00165	0.07621	0.00498	0.00448	0.41578
4	0.00994	0.00789	0.00893	0.00867	0.01095	0.00687	0.00650	0.01263	0.01950	0.02528	0.33359	0.06748	0.41824	0.01802	0.00916	0.00254	0.00381	0.01536	0.00777	0.00687
5	0.01106	0.00797	0.01136	0.01159	0.01275	0.00891	0.00868	0.01344	0.01287	0.01856	0.02424	0.12351	0.02442	0.11180	0.50911	0.01021	0.01649	0.01033	0.04604	0.00665
6	0.01815	0.16555	0.07976	0.01908	0.02268	0.04977	0.07341	0.05213	0.01530	0.02103	0.01284	0.01791	0.01148	0.01588	0.09638	0.00386	0.30527	0.00649	0.00375	0.00926

[dist]
# distance from previous block
# <min> <max>
2	6

[block]
# block no. 5 follows, 25 sequences, length 6
# corresponding to MSA columns:
# 661-666
name=unknown_F
#
# <colnr> <probs for GDERKNQSTAVLIFYWHMCP>
#	G	D	E	R	K	N	Q	S	T	A	V	L	I	F	Y	W	H	M	C	P
0	0.02192	0.01993	0.10543	0.01746	0.02320	0.01812	0.05371	0.25633	0.05148	0.08288	0.05704	0.04673	0.01830	0.01249	0.04625	0.00293	0.06495	0.00785	0.00627	0.08673
1	0.01899	0.62306	0.03569	0.01245	0.01848	0.02704	0.01216	0.02140	0.01604	0.01865	0.02099	0.02181	0.11029	0.00859	0.00561	0.00180	0.00763	0.00599	0.00390	0.00944
2	0.01692	0.12605	0.10392	0.20460	0.17446	0.01888	0.04681	0.02342	0.08245	0.02322	0.05236	0.02305	0.01644	0.04498	0.00905	0.00262	0.00909	0.00725	0.00431	0.01013
3	0.00945	0.00675	0.00900	0.01080	0.01125	0.00630	0.00720	0.01080	0.01484	0.01979	0.04274	0.72245	0.05128	0.02429	0.00990	0.00315	0.00450	0.02204	0.00720	0.00630
4	0.01605	0.01225	0.01449	0.01421	0.05145	0.06453	0.03347	0.01994	0.05941	0.10162	0.22779	0.14654	0.10749	0.08163	0.01161	0.00301	0.00616	0.01286	0.00712	0.00836
5	0.01018	0.00743	0.00975	0.01133	0.01237	0.00699	0.00838	0.01216	0.01593	0.02079	0.04646	0.48718	0.12194	0.02303	0.01002	0.00319	0.00510	0.17404	0.00718	0.00654

[dist]
# distance from previous block
# <min> <max>
0	1

[block]
# block no. 6 follows, 25 sequences, length 17
# corresponding to MSA columns:
# 668-684
name=unknown_G
#
# <colnr> <probs for GDERKNQSTAVLIFYWHMCP>
#	G	D	E	R	K	N	Q	S	T	A	V	L	I	F	Y	W	H	M	C	P
0	0.00985	0.00692	0.00888	0.01028	0.01062	0.00657	0.00664	0.01090	0.01405	0.01873	0.03866	0.57286	0.04614	0.18090	0.01648	0.00412	0.00517	0.01964	0.00664	0.00594
1	0.01906	0.10618	0.05694	0.01371	0.02046	0.01634	0.01194	0.12201	0.08441	0.02878	0.01596	0.01733	0.01269	0.00698	0.00627	0.00162	0.00685	0.00539	0.00519	0.44189
2	0.02467	0.40648	0.03232	0.01583	0.02180	0.16907	0.01400	0.18397	0.02229	0.02613	0.01301	0.01432	0.01078	0.00759	0.00610	0.00190	0.00955	0.00504	0.00458	0.01057
3	0.78228	0.01499	0.01140	0.01020	0.01499	0.01739	0.00840	0.02279	0.01320	0.03479	0.01080	0.01260	0.00840	0.00720	0.00480	0.00240	0.00600	0.00420	0.00480	0.00840
4	0.01712	0.01617	0.02651	0.14516	0.37011	0.01722	0.05058	0.02280	0.06511	0.02438	0.05375	0.02468	0.03957	0.01100	0.04126	0.00294	0.04862	0.00793	0.00444	0.01066
5	0.00968	0.00687	0.00902	0.01054	0.01102	0.00645	0.00699	0.01103	0.01488	0.01993	0.07207	0.63175	0.05035	0.08481	0.01242	0.00349	0.00472	0.02072	0.00705	0.00621
6	0.08116	0.01389	0.02223	0.64833	0.05007	0.01724	0.02039	0.02007	0.01530	0.02111	0.01352	0.01997	0.01017	0.00770	0.00750	0.00257	0.00996	0.00666	0.00356	0.00859
7	0.01696	0.01696	0.02375	0.02036	0.02036	0.02375	0.01696	0.01866	0.01187	0.01866	0.01018	0.01696	0.01018	0.01357	0.02545	0.00339	0.71332	0.00679	0.00339	0.00848
8	0.01120	0.00828	0.01172	0.01189	0.01298	0.00932	0.00893	0.01354	0.01337	0.01922	0.04946	0.16826	0.02781	0.08685	0.43097	0.00902	0.04698	0.01129	0.04215	0.00676
9	0.01370	0.01080	0.01206	0.01120	0.01433	0.01080	0.00856	0.02170	0.20171	0.04999	0.14689	0.08712	0.27274	0.01784	0.04691	0.00309	0.00566	0.01284	0.00740	0.04463
10	0.01607	0.07298	0.05080	0.13273	0.02352	0.09196	0.01338	0.04808	0.03974	0.02199	0.04912	0.17691	0.04336	0.05333	0.03326	0.00316	0.05474	0.03102	0.00521	0.03864
11	0.01929	0.16368	0.02542	0.05235	0.07880	0.04465	0.04930	0.06655	0.09550	0.04628	0.01730	0.02138	0.01450	0.04986	0.04343	0.00304	0.10268	0.00681	0.04197	0.05721
12	0.01877	0.05929	0.20109	0.05038	0.06556	0.09239	0.08206	0.02479	0.05326	0.05382	0.01636	0.04395	0.01326	0.00821	0.00815	0.00222	0.04395	0.00674	0.00440	0.15133
13	0.01835	0.04600	0.23394	0.02088	0.05999	0.04299	0.01971	0.10884	0.01836	0.02617	0.07148	0.02050	0.01614	0.01046	0.01364	0.00271	0.24817	0.00698	0.00445	0.01024
14	0.11748	0.07397	0.18176	0.01965	0.10987	0.04207	0.01667	0.09126	0.01949	0.08584	0.07250	0.02433	0.06228	0.00911	0.00717	0.00229	0.00819	0.00721	0.00536	0.04352
15	0.06263	0.11520	0.12393	0.07701	0.02545	0.05475	0.05451	0.07950	0.09363	0.08989	0.06619	0.05214	0.01913	0.00928	0.00733	0.00232	0.00842	0.00761	0.00558	0.04549
16	0.06062	0.17902	0.19426	0.01594	0.02211	0.10238	0.01591	0.04974	0.04245	0.02363	0.02125	0.11140	0.04390	0.01073	0.00717	0.00231	0.00878	0.03811	0.00473	0.04555

[dist]
# distance from previous block
# <min> <max>
1	22

[block]
# block no. 7 follows, 25 sequences, length 23
# corresponding to MSA columns:
# 711-733
name=unknown_H
#
# <colnr> <probs for GDERKNQSTAVLIFYWHMCP>
#	G	D	E	R	K	N	Q	S	T	A	V	L	I	F	Y	W	H	M	C	P
0	0.08661	0.07843	0.12088	0.04750	0.05005	0.04870	0.07426	0.18589	0.06050	0.05479	0.09782	0.02311	0.01982	0.00905	0.00750	0.00235	0.00867	0.00744	0.00581	0.01083
1	0.04332	0.04846	0.12443	0.04548	0.11716	0.08259	0.03812	0.07484	0.03754	0.06813	0.04917	0.04820	0.05624	0.00944	0.00807	0.00227	0.03333	0.00769	0.00517	0.10034
2	0.06561	0.04900	0.15618	0.02347	0.18047	0.04893	0.01767	0.06415	0.05041	0.12192	0.01969	0.02095	0.03826	0.00811	0.00716	0.00220	0.00847	0.00662	0.00526	0.10548
3	0.01822	0.01613	0.06015	0.07821	0.04890	0.01403	0.06153	0.09306	0.05606	0.06885	0.02001	0.09210	0.01748	0.03967	0.00869	0.00228	0.00753	0.00808	0.00547	0.28354
4	0.01490	0.01137	0.01481	0.11132	0.02021	0.01251	0.01137	0.07480	0.05683	0.05242	0.06573	0.19801	0.12036	0.05053	0.01283	0.03258	0.07648	0.04859	0.00628	0.00807
5	0.01558	0.01287	0.01856	0.01714	0.05730	0.01442	0.06940	0.10131	0.01612	0.02247	0.01918	0.03113	0.01861	0.22625	0.21975	0.00691	0.11160	0.00874	0.00464	0.00800
6	0.01224	0.00989	0.01485	0.01370	0.01528	0.01140	0.04710	0.01488	0.01313	0.01894	0.02311	0.03245	0.05648	0.09874	0.45463	0.00937	0.09626	0.00883	0.04161	0.00712
7	0.01918	0.63486	0.03623	0.01254	0.01863	0.02744	0.01228	0.02159	0.01601	0.01861	0.01988	0.02079	0.09943	0.00838	0.00554	0.00179	0.00771	0.00579	0.00384	0.00949
8	0.01179	0.00928	0.01328	0.01293	0.01390	0.01111	0.00991	0.01399	0.01238	0.01783	0.02112	0.07299	0.02115	0.13187	0.48474	0.01008	0.11121	0.00930	0.00430	0.00682
9	0.04779	0.11370	0.28565	0.01995	0.08758	0.01788	0.01932	0.08153	0.01899	0.05066	0.08315	0.02434	0.01896	0.00895	0.00729	0.00229	0.00881	0.03760	0.00485	0.06072
10	0.01668	0.01588	0.02965	0.04965	0.05182	0.01474	0.32176	0.02109	0.01684	0.04673	0.05547	0.02804	0.01858	0.14306	0.01418	0.00328	0.00986	0.00890	0.00462	0.12917
11	0.65175	0.01880	0.01323	0.01189	0.01655	0.13504	0.00954	0.02421	0.01472	0.03205	0.01100	0.01284	0.00867	0.00733	0.00518	0.00233	0.00738	0.00434	0.00466	0.00850
12	0.01899	0.05258	0.02968	0.02670	0.15232	0.01934	0.19413	0.10624	0.09944	0.02744	0.02017	0.10262	0.01790	0.01030	0.01015	0.00262	0.08414	0.00940	0.00520	0.01067
13	0.01108	0.00831	0.01246	0.01246	0.01385	0.00969	0.00969	0.01385	0.01246	0.01800	0.02077	0.03046	0.01938	0.05815	0.69678	0.01246	0.02077	0.00831	0.00415	0.00692
14	0.01445	0.00723	0.00723	0.00723	0.00903	0.00723	0.00542	0.01807	0.01626	0.02891	0.02529	0.02891	0.01987	0.00903	0.00542	0.00181	0.00361	0.00723	0.77055	0.00723
15	0.01270	0.00882	0.01117	0.01181	0.01374	0.00853	0.00915	0.01677	0.07005	0.06215	0.11311	0.28385	0.13836	0.01994	0.00965	0.00303	0.00532	0.18678	0.00752	0.00757
16	0.02003	0.63804	0.12860	0.01447	0.02176	0.02896	0.01536	0.02340	0.01584	0.01910	0.01121	0.01297	0.00993	0.00673	0.00530	0.00177	0.00872	0.00436	0.00331	0.01016
17	0.01833	0.01875	0.06144	0.14689	0.55330	0.01822	0.02368	0.02323	0.01727	0.02445	0.01443	0.01928	0.01187	0.00706	0.00767	0.00235	0.00949	0.00685	0.00375	0.01168
18	0.02116	0.01103	0.01502	0.05404	0.05570	0.01008	0.01052	0.02438	0.02065	0.29788	0.22394	0.04354	0.15340	0.01297	0.00843	0.00246	0.00563	0.01105	0.00816	0.00996
19	0.01125	0.01071	0.05178	0.06625	0.01648	0.00919	0.00964	0.01567	0.06829	0.02393	0.18885	0.21745	0.24630	0.01753	0.00902	0.00270	0.00515	0.01524	0.00701	0.00756
20	0.05185	0.09677	0.02078	0.01505	0.01921	0.01542	0.08556	0.14752	0.02062	0.08328	0.03180	0.18948	0.10038	0.04439	0.00962	0.00280	0.00720	0.04253	0.00647	0.00929
21	0.02201	0.04736	0.06012	0.01990	0.09921	0.07403	0.01484	0.18668	0.21713	0.05423	0.02476	0.05291	0.04622	0.01003	0.00768	0.00238	0.00797	0.00815	0.00650	0.03791
22	0.05263	0.02361	0.04432	0.05451	0.09827	0.22197	0.01558	0.14401	0.09272	0.05732	0.05563	0.02289	0.01741	0.00948	0.00826	0.00237	0.03663	0.02618	0.00566	0.01055

[dist]
# distance from previous block
# <min> <max>
1	8

[block]
# block no. 8 follows, 25 sequences, length 11
# corresponding to MSA columns:
# 742-752
name=unknown_I
#
# <colnr> <probs for GDERKNQSTAVLIFYWHMCP>
#	G	D	E	R	K	N	Q	S	T	A	V	L	I	F	Y	W	H	M	C	P
0	0.06071	0.04428	0.16477	0.01780	0.02372	0.04406	0.08976	0.06795	0.12495	0.02837	0.12491	0.05201	0.02441	0.01009	0.00853	0.00243	0.03919	0.00848	0.00562	0.05796
1	0.21083	0.01420	0.01714	0.01781	0.12482	0.01451	0.01198	0.10160	0.02070	0.17016	0.15633	0.02969	0.05818	0.01031	0.00737	0.00239	0.00638	0.00836	0.00690	0.01032
2	0.01208	0.01149	0.04429	0.01490	0.01756	0.01019	0.11553	0.01630	0.06950	0.02170	0.03844	0.41299	0.10024	0.06294	0.01127	0.00321	0.00649	0.01688	0.00639	0.00763
3	0.04894	0.00870	0.01092	0.01078	0.01199	0.00956	0.00768	0.01447	0.04308	0.01848	0.02458	0.03912	0.04952	0.30845	0.35025	0.00921	0.01358	0.00960	0.00470	0.00638
4	0.08773	0.01332	0.01753	0.01354	0.01945	0.01182	0.01118	0.03672	0.02155	0.63849	0.02919	0.02541	0.01843	0.00943	0.00758	0.00240	0.00656	0.00754	0.00926	0.01286
5	0.01790	0.01547	0.01905	0.06269	0.10370	0.08744	0.03700	0.05274	0.05817	0.07207	0.05893	0.15023	0.05715	0.01573	0.04056	0.00315	0.06596	0.06693	0.00593	0.00920
6	0.01033	0.00778	0.00955	0.00937	0.01125	0.00700	0.00693	0.01328	0.02003	0.02716	0.44750	0.13560	0.23026	0.01778	0.00923	0.00256	0.00382	0.01553	0.00803	0.00700
7	0.01445	0.00723	0.00723	0.00723	0.00903	0.00723	0.00542	0.01807	0.01626	0.02891	0.02529	0.02891	0.01987	0.00903	0.00542	0.00181	0.00361	0.00723	0.77055	0.00723
8	0.01692	0.01189	0.01325	0.01212	0.01489	0.04896	0.00918	0.11100	0.02192	0.10454	0.25546	0.22251	0.09361	0.01623	0.00886	0.00259	0.00554	0.01405	0.00783	0.00863
9	0.01984	0.01366	0.01646	0.01195	0.01866	0.01055	0.00963	0.02320	0.01731	0.15796	0.01716	0.01815	0.01304	0.00652	0.00616	0.00140	0.00591	0.00524	0.00560	0.62159
10	0.05188	0.13113	0.26659	0.12387	0.15030	0.02052	0.02203	0.06239	0.01725	0.02472	0.01350	0.01693	0.01053	0.00770	0.00806	0.00237	0.04975	0.00595	0.00376	0.01078

[dist]
# distance from previous block
# <min> <max>
4	15

[block]
# block no. 9 follows, 25 sequences, length 34
# corresponding to MSA columns:
# 769-802
name=unknown_J
#
# <colnr> <probs for GDERKNQSTAVLIFYWHMCP>
#	G	D	E	R	K	N	Q	S	T	A	V	L	I	F	Y	W	H	M	C	P
0	0.02289	0.01612	0.01789	0.01506	0.01973	0.01750	0.01184	0.16475	0.34385	0.13171	0.02681	0.02698	0.02017	0.05444	0.01059	0.03372	0.00680	0.00815	0.00760	0.04342
1	0.04234	0.29826	0.13601	0.01800	0.05769	0.13396	0.01628	0.06429	0.04694	0.02359	0.05459	0.01783	0.01478	0.00820	0.00721	0.00210	0.03762	0.00579	0.00430	0.01020
2	0.01245	0.00992	0.01037	0.01020	0.01099	0.05956	0.00669	0.01341	0.01299	0.01678	0.04625	0.04498	0.05785	0.47114	0.17713	0.00777	0.01058	0.01050	0.00477	0.00568
3	0.01006	0.00732	0.00937	0.01036	0.01141	0.00680	0.00731	0.01203	0.01661	0.02217	0.17376	0.42473	0.12539	0.06580	0.01157	0.00325	0.00465	0.06363	0.00731	0.00649
4	0.01041	0.00763	0.00995	0.01133	0.01259	0.00718	0.00859	0.01265	0.01660	0.02168	0.08707	0.39611	0.14326	0.02222	0.00998	0.00315	0.00515	0.20054	0.00726	0.00665
5	0.01537	0.01372	0.02152	0.40700	0.12099	0.01615	0.01841	0.02131	0.08754	0.02154	0.01835	0.06172	0.01586	0.01100	0.01027	0.05920	0.03404	0.03276	0.00433	0.00891
6	0.01769	0.01745	0.02741	0.14572	0.34618	0.05393	0.06650	0.02180	0.01676	0.02284	0.01704	0.06969	0.01571	0.00966	0.01003	0.00259	0.08780	0.03677	0.00412	0.01031
7	0.01308	0.00854	0.01015	0.00938	0.01209	0.00747	0.00716	0.01588	0.02001	0.10720	0.32090	0.06171	0.34389	0.01682	0.00899	0.00252	0.00415	0.01433	0.00805	0.00769
8	0.01010	0.00761	0.00917	0.00948	0.01107	0.00689	0.00682	0.01238	0.01792	0.02366	0.26210	0.23047	0.25077	0.07147	0.01161	0.00308	0.00435	0.03695	0.00746	0.00662
9	0.02482	0.38704	0.03137	0.01660	0.02192	0.36116	0.01412	0.02706	0.01884	0.01861	0.01138	0.01320	0.00997	0.00731	0.00598	0.00183	0.01112	0.00457	0.00365	0.00947
10	0.01596	0.01330	0.01543	0.01117	0.01769	0.01011	0.00891	0.01942	0.01609	0.02553	0.01462	0.01702	0.01210	0.00598	0.00572	0.00120	0.00559	0.00479	0.06071	0.71866
11	0.01498	0.00976	0.01168	0.01115	0.01408	0.00919	0.00881	0.01983	0.09092	0.12355	0.15734	0.09701	0.26809	0.01703	0.00911	0.00274	0.00508	0.11343	0.00785	0.00839
12	0.01177	0.00775	0.00887	0.00926	0.00994	0.00777	0.00590	0.01394	0.04811	0.01968	0.02990	0.22698	0.03272	0.37357	0.02383	0.00508	0.00595	0.01334	0.13967	0.00598
13	0.01672	0.01663	0.02370	0.09196	0.02379	0.02307	0.01744	0.01878	0.01225	0.01878	0.01055	0.01735	0.01019	0.01297	0.02361	0.00331	0.64021	0.00680	0.00340	0.00850
14	0.27325	0.01299	0.01443	0.01181	0.01689	0.01264	0.00965	0.02908	0.01876	0.37550	0.05255	0.02851	0.09207	0.01018	0.00703	0.00243	0.00600	0.00782	0.00773	0.01068
15	0.00964	0.00770	0.00865	0.00892	0.01098	0.00671	0.00658	0.01183	0.01791	0.02259	0.17551	0.18981	0.43729	0.01987	0.00934	0.00271	0.00408	0.03579	0.00743	0.00665
16	0.08326	0.01801	0.01936	0.01526	0.02103	0.08517	0.01245	0.19981	0.02536	0.40353	0.02417	0.02212	0.01593	0.00919	0.00750	0.00234	0.00783	0.00705	0.00821	0.01244
17	0.01009	0.00787	0.00930	0.01010	0.01201	0.00709	0.00780	0.01236	0.01726	0.02162	0.08484	0.21942	0.36545	0.02094	0.00969	0.00295	0.00481	0.16250	0.00724	0.00666
18	0.06716	0.00936	0.01086	0.00999	0.01306	0.00853	0.00780	0.01842	0.01903	0.15286	0.19324	0.08254	0.27965	0.01577	0.00852	0.00255	0.00469	0.04287	0.04491	0.00818
19	0.01338	0.00878	0.00931	0.00908	0.01135	0.00851	0.00679	0.07735	0.01847	0.02677	0.04481	0.15952	0.23685	0.01506	0.00762	0.00235	0.00435	0.01266	0.31955	0.00744
20	0.01075	0.00756	0.01026	0.01090	0.01177	0.00798	0.00775	0.01265	0.01339	0.01893	0.02949	0.28110	0.03217	0.14461	0.30420	0.00766	0.01177	0.01360	0.05708	0.00638
21	0.00957	0.00700	0.00900	0.01035	0.01119	0.00643	0.00706	0.01123	0.01590	0.02108	0.11146	0.57935	0.12607	0.02289	0.00973	0.00301	0.00435	0.02056	0.00733	0.00643
22	0.01430	0.00915	0.01090	0.01028	0.01300	0.00836	0.00775	0.01819	0.06637	0.12524	0.20594	0.16469	0.28151	0.01728	0.00898	0.00263	0.00452	0.01485	0.00794	0.00813
23	0.01032	0.00790	0.00946	0.00907	0.01118	0.00704	0.00680	0.01337	0.02041	0.02745	0.46090	0.06391	0.28958	0.01721	0.00915	0.00250	0.00375	0.01486	0.00806	0.00704
24	0.03455	0.01357	0.01823	0.01397	0.01998	0.01195	0.01154	0.06481	0.02282	0.65661	0.03006	0.02605	0.01893	0.00958	0.00780	0.00240	0.00668	0.00776	0.00952	0.01319
25	0.00985	0.00788	0.00881	0.00858	0.01089	0.00684	0.00643	0.01246	0.01930	0.02480	0.30488	0.06828	0.44726	0.01820	0.00916	0.00255	0.00383	0.01548	0.00771	0.00684
26	0.01308	0.00850	0.01038	0.00957	0.01214	0.00752	0.00730	0.01609	0.02053	0.10212	0.39979	0.05998	0.27096	0.01642	0.00900	0.00249	0.00408	0.01411	0.00820	0.00773
27	0.01246	0.01035	0.01512	0.01432	0.01538	0.01301	0.01141	0.01498	0.01232	0.01816	0.01827	0.02728	0.01721	0.04764	0.53845	0.01032	0.18410	0.00795	0.00397	0.00729
28	0.01128	0.00752	0.00846	0.00846	0.00846	0.00752	0.00470	0.01128	0.01128	0.01503	0.02443	0.05074	0.02819	0.72751	0.03946	0.00752	0.00752	0.01128	0.00470	0.00470
29	0.01173	0.00817	0.01017	0.00952	0.01173	0.00734	0.00719	0.01497	0.02100	0.06061	0.50964	0.06014	0.20600	0.01640	0.00908	0.00248	0.00386	0.01425	0.00829	0.00743
30	0.00990	0.00708	0.00948	0.01100	0.01173	0.00666	0.00770	0.01172	0.01593	0.02140	0.11464	0.58759	0.05316	0.02306	0.00989	0.00311	0.00465	0.07745	0.00734	0.00649
31	0.01608	0.01378	0.01608	0.01148	0.01837	0.01034	0.00919	0.01952	0.01608	0.02527	0.01378	0.01608	0.01148	0.00574	0.00574	0.00115	0.00574	0.00459	0.00459	0.77491
32	0.01866	0.01868	0.03167	0.02410	0.03033	0.01908	0.33345	0.03207	0.31290	0.02832	0.02284	0.02437	0.01718	0.00832	0.00843	0.00256	0.00961	0.00879	0.00576	0.04290
33	0.00945	0.00675	0.00900	0.01080	0.01125	0.00630	0.00720	0.01080	0.01484	0.01979	0.04274	0.72245	0.05128	0.02429	0.00990	0.00315	0.00450	0.02204	0.00720	0.00630

[dist]
# distance from previous block
# <min> <max>
0	9

[block]
# block no. 10 follows, 25 sequences, length 40
# corresponding to MSA columns:
# 812-851
name=unknown_K
#
# <colnr> <probs for GDERKNQSTAVLIFYWHMCP>
#	G	D	E	R	K	N	Q	S	T	A	V	L	I	F	Y	W	H	M	C	P
0	0.01464	0.01378	0.02326	0.70887	0.05340	0.01723	0.02153	0.01981	0.01550	0.01981	0.01378	0.02067	0.01034	0.00775	0.00775	0.00258	0.01034	0.00689	0.00345	0.00861
1	0.02108	0.70244	0.03983	0.01355	0.02007	0.05915	0.01334	0.02355	0.01602	0.01827	0.01083	0.01250	0.00995	0.00669	0.00506	0.00167	0.00854	0.00418	0.00335	0.00991
2	0.00945	0.00675	0.00900	0.01080	0.01125	0.00630	0.00720	0.01080	0.01484	0.01979	0.04274	0.72245	0.05128	0.02429	0.00990	0.00315	0.00450	0.02204	0.00720	0.00630
3	0.01666	0.01045	0.01294	0.01119	0.01422	0.00994	0.00864	0.09332	0.02281	0.12565	0.42793	0.04792	0.08010	0.05009	0.01023	0.00265	0.00492	0.01199	0.00823	0.03010
4	0.78228	0.01499	0.01140	0.01020	0.01499	0.01739	0.00840	0.02279	0.01320	0.03479	0.01080	0.01260	0.00840	0.00720	0.00480	0.00240	0.00600	0.00420	0.00480	0.00840
5	0.02896	0.03695	0.02197	0.01998	0.02397	0.69638	0.01498	0.03096	0.02197	0.01898	0.01199	0.01398	0.00999	0.00799	0.00699	0.00200	0.01398	0.00499	0.00400	0.00899
6	0.00974	0.00804	0.00866	0.00897	0.01144	0.00696	0.00704	0.01198	0.01770	0.02134	0.07204	0.07685	0.56640	0.01995	0.00943	0.00278	0.00448	0.12236	0.00719	0.00665
7	0.01024	0.00806	0.00928	0.00916	0.01131	0.00724	0.00680	0.01347	0.04032	0.02522	0.30923	0.13213	0.35296	0.01831	0.00919	0.00260	0.00395	0.01576	0.00775	0.00701
8	0.02046	0.01724	0.01820	0.01602	0.02061	0.01984	0.01256	0.11203	0.59238	0.03434	0.03006	0.02773	0.02246	0.01038	0.00787	0.00259	0.00641	0.00856	0.00787	0.01238
9	0.02493	0.01946	0.02071	0.01692	0.02231	0.02192	0.01364	0.38009	0.31705	0.04153	0.02439	0.02322	0.01786	0.00985	0.00782	0.00246	0.00746	0.00778	0.00782	0.01278
10	0.01063	0.00834	0.00982	0.01061	0.01254	0.00782	0.00812	0.01405	0.05876	0.02185	0.05714	0.25867	0.31840	0.02076	0.00963	0.00298	0.00493	0.15076	0.00723	0.00697
11	0.02289	0.01455	0.01547	0.01370	0.01756	0.07288	0.01094	0.09753	0.10942	0.20556	0.02913	0.08639	0.02435	0.01217	0.00786	0.00250	0.00677	0.09287	0.14721	0.01026
12	0.01055	0.00780	0.00995	0.01033	0.01199	0.00720	0.00782	0.01339	0.01902	0.02565	0.33677	0.21272	0.16826	0.01921	0.00955	0.00280	0.00441	0.10786	0.00780	0.00693
13	0.01619	0.00890	0.00908	0.00845	0.01077	0.00917	0.00650	0.09157	0.01860	0.03122	0.02452	0.02772	0.01910	0.00907	0.00569	0.00187	0.00418	0.00720	0.68228	0.00792
14	0.00989	0.00735	0.01022	0.07070	0.01486	0.00724	0.00843	0.01157	0.01490	0.01979	0.04025	0.66222	0.04777	0.02287	0.00971	0.00310	0.00500	0.02074	0.00688	0.00650
15	0.01154	0.00830	0.00952	0.00965	0.01214	0.00728	0.00753	0.01386	0.01796	0.06616	0.09363	0.12833	0.44615	0.01948	0.00939	0.00280	0.00467	0.11709	0.00741	0.00710
16	0.01226	0.00903	0.01054	0.00986	0.01243	0.00844	0.00749	0.01714	0.08599	0.05774	0.36272	0.05958	0.28486	0.01640	0.00896	0.00252	0.00414	0.01405	0.00803	0.00781
17	0.14211	0.01885	0.01833	0.01505	0.01983	0.09763	0.01202	0.28214	0.02513	0.13245	0.03668	0.02248	0.01609	0.06234	0.06176	0.00344	0.00923	0.00703	0.00667	0.01074
18	0.01727	0.02078	0.08619	0.02961	0.03696	0.01835	0.53381	0.02355	0.01749	0.02403	0.01615	0.02171	0.01251	0.01257	0.08860	0.00374	0.01385	0.00882	0.00390	0.01012
19	0.06213	0.01261	0.01548	0.01244	0.01725	0.01185	0.01010	0.10036	0.02227	0.39115	0.08842	0.03135	0.06826	0.01063	0.00755	0.00233	0.00595	0.00861	0.11006	0.01120
20	0.08578	0.01431	0.01815	0.01402	0.01995	0.01327	0.01158	0.10801	0.02322	0.56606	0.02784	0.02454	0.01775	0.00940	0.00759	0.00239	0.00678	0.00745	0.00905	0.01286
21	0.04683	0.47647	0.07943	0.04997	0.02305	0.09185	0.01477	0.06684	0.01799	0.05221	0.01271	0.01434	0.01056	0.00721	0.00579	0.00190	0.00903	0.00484	0.00402	0.01021
22	0.01273	0.00985	0.01175	0.01238	0.01405	0.01036	0.00901	0.01997	0.19667	0.02328	0.03768	0.38976	0.04059	0.08651	0.01222	0.00347	0.00555	0.08911	0.00715	0.00792
23	0.01345	0.00903	0.01129	0.01035	0.01282	0.00849	0.00789	0.01826	0.07033	0.08617	0.50613	0.05482	0.13022	0.01532	0.00894	0.00247	0.00413	0.01334	0.00843	0.00811
24	0.01614	0.01470	0.02314	0.51572	0.11974	0.01753	0.02012	0.04297	0.08698	0.02301	0.01628	0.02156	0.01236	0.00804	0.00769	0.00253	0.00951	0.00711	0.02532	0.00954
25	0.00932	0.00772	0.00817	0.00836	0.01065	0.00657	0.00615	0.01133	0.01761	0.02150	0.11520	0.15544	0.55532	0.01996	0.00926	0.00267	0.00398	0.01692	0.00729	0.00657
26	0.01114	0.00746	0.00850	0.00863	0.00867	0.00742	0.00489	0.01124	0.01155	0.01540	0.02582	0.10173	0.02994	0.67412	0.03722	0.00719	0.00729	0.01209	0.00489	0.00482
27	0.02102	0.01711	0.02113	0.01767	0.02268	0.01889	0.08623	0.07000	0.50328	0.08835	0.02898	0.02726	0.02138	0.00992	0.00802	0.00259	0.00710	0.00864	0.00757	0.01219
28	0.10422	0.11052	0.41809	0.06582	0.02895	0.01818	0.02186	0.02260	0.01602	0.02438	0.01891	0.02234	0.06132	0.00864	0.00706	0.00241	0.00969	0.02487	0.00388	0.01023
29	0.01111	0.00756	0.00903	0.00916	0.00938	0.00771	0.00555	0.01158	0.01170	0.01579	0.02534	0.09933	0.02879	0.58545	0.12399	0.00784	0.00904	0.01171	0.00482	0.00511
30	0.18779	0.01911	0.01809	0.01534	0.02034	0.07769	0.01224	0.19220	0.26790	0.07812	0.02205	0.02134	0.01625	0.00922	0.00711	0.00243	0.00742	0.00694	0.00697	0.01145
31	0.02711	0.09206	0.02656	0.02049	0.02555	0.44164	0.08839	0.14001	0.02358	0.02490	0.01349	0.01547	0.01076	0.00794	0.00720	0.00210	0.01242	0.00575	0.00460	0.00999
32	0.01690	0.01675	0.02323	0.01976	0.02022	0.02285	0.01644	0.01872	0.01216	0.01910	0.01042	0.01690	0.01027	0.01305	0.02412	0.00324	0.66589	0.00664	0.00347	0.05985
33	0.01053	0.00828	0.01021	0.05584	0.01388	0.00769	0.00765	0.01354	0.01958	0.02600	0.38331	0.06168	0.30050	0.03551	0.00986	0.00265	0.00431	0.01438	0.00758	0.00704
34	0.02743	0.08335	0.02376	0.01713	0.02285	0.09354	0.01414	0.49158	0.03220	0.04193	0.06125	0.02024	0.01659	0.00938	0.00753	0.00224	0.00875	0.00700	0.00704	0.01208
35	0.01094	0.00753	0.00873	0.00888	0.00921	0.00748	0.00534	0.01140	0.01215	0.01609	0.02986	0.10884	0.07876	0.56856	0.07868	0.00710	0.00787	0.01239	0.00507	0.00512
36	0.01010	0.00754	0.00952	0.01066	0.01202	0.00696	0.00791	0.01224	0.01675	0.02175	0.10818	0.38370	0.20265	0.02185	0.00981	0.00304	0.00479	0.13660	0.00731	0.00661
37	0.01418	0.00937	0.01142	0.01045	0.01310	0.00875	0.00797	0.04953	0.04243	0.09717	0.38248	0.09981	0.19115	0.01607	0.00895	0.00252	0.00441	0.01388	0.00821	0.00816
38	0.03281	0.01364	0.01793	0.01405	0.01984	0.01240	0.01151	0.03822	0.10439	0.60115	0.03071	0.02672	0.01977	0.00971	0.00781	0.00243	0.00654	0.00792	0.00938	0.01308
39	0.07854	0.67773	0.03841	0.01303	0.01953	0.02967	0.01290	0.02318	0.01556	0.01950	0.01078	0.01245	0.00983	0.00668	0.00496	0.00171	0.00812	0.00415	0.00343	0.00983

[dist]
# distance from previous block
# <min> <max>
0	7

[block]
# block no. 11 follows, 25 sequences, length 71
# corresponding to MSA columns:
# 859-929
name=unknown_L
#
# <colnr> <probs for GDERKNQSTAVLIFYWHMCP>
#	G	D	E	R	K	N	Q	S	T	A	V	L	I	F	Y	W	H	M	C	P
0	0.01527	0.01067	0.01171	0.01068	0.01400	0.01016	0.00822	0.08503	0.08219	0.10144	0.05829	0.12856	0.39994	0.01701	0.00881	0.00262	0.00500	0.01426	0.00760	0.00854
1	0.01131	0.00868	0.00979	0.00945	0.01161	0.00804	0.00698	0.05265	0.01909	0.02475	0.22673	0.10041	0.33677	0.10390	0.01283	0.00320	0.00472	0.03484	0.00729	0.00695
2	0.01307	0.00869	0.01081	0.01140	0.01293	0.00849	0.00836	0.04301	0.04084	0.05944	0.03950	0.36610	0.08068	0.10585	0.01306	0.00355	0.00558	0.11778	0.04364	0.00722
3	0.01283	0.00998	0.01258	0.01227	0.01383	0.04011	0.00932	0.04110	0.01393	0.01954	0.02096	0.03156	0.01978	0.13051	0.52413	0.01044	0.01750	0.00840	0.04420	0.00703
4	0.09675	0.01009	0.01071	0.00982	0.01276	0.00978	0.00743	0.04347	0.05476	0.07705	0.15726	0.05377	0.31429	0.09461	0.01182	0.00308	0.00503	0.01260	0.00714	0.00779
5	0.03003	0.02083	0.02272	0.01742	0.02360	0.02273	0.01439	0.58930	0.03497	0.11495	0.01986	0.01942	0.01381	0.00934	0.00776	0.00233	0.00833	0.00707	0.00795	0.01319
6	0.00991	0.00748	0.01059	0.01166	0.01260	0.00696	0.03408	0.01160	0.01527	0.02020	0.04367	0.63136	0.08636	0.02317	0.00985	0.00311	0.00492	0.04364	0.00706	0.00652
7	0.00978	0.00699	0.00937	0.01106	0.01169	0.00658	0.00767	0.01143	0.01542	0.02059	0.07040	0.63682	0.05165	0.02367	0.00994	0.00316	0.00470	0.07541	0.00725	0.00642
8	0.19206	0.01427	0.01674	0.01339	0.01897	0.01400	0.01098	0.05799	0.09036	0.45186	0.02603	0.02344	0.01715	0.00917	0.00717	0.00242	0.00649	0.00711	0.00832	0.01207
9	0.03479	0.01320	0.01799	0.01380	0.01979	0.01140	0.01140	0.03779	0.02219	0.68451	0.03059	0.02639	0.01919	0.00960	0.00780	0.00240	0.00660	0.00780	0.00960	0.01320
10	0.01126	0.00757	0.00871	0.00871	0.00880	0.00765	0.00501	0.01144	0.01135	0.01522	0.02420	0.04946	0.02763	0.68538	0.08083	0.00783	0.00835	0.01109	0.00466	0.00484
11	0.01117	0.00749	0.00856	0.00863	0.00873	0.00745	0.00494	0.01139	0.01191	0.01595	0.05243	0.08605	0.03126	0.66127	0.03666	0.00708	0.00720	0.01195	0.00499	0.00489
12	0.01347	0.00673	0.01010	0.01010	0.01010	0.00673	0.00673	0.01010	0.01010	0.01347	0.01347	0.02357	0.01347	0.02694	0.03030	0.77441	0.00673	0.00673	0.00337	0.00337
13	0.00942	0.00686	0.00888	0.01049	0.01117	0.00632	0.00706	0.01083	0.01514	0.01991	0.04647	0.65496	0.11636	0.02381	0.00982	0.00309	0.00444	0.02145	0.00720	0.00632
14	0.02902	0.03542	0.02210	0.01976	0.02398	0.62886	0.01496	0.09346	0.02343	0.02198	0.01265	0.01445	0.01031	0.00812	0.00707	0.00203	0.01344	0.00519	0.00437	0.00941
15	0.02800	0.01765	0.02002	0.01562	0.02116	0.01853	0.01280	0.41159	0.03074	0.19935	0.09476	0.02684	0.04592	0.01047	0.00797	0.00237	0.00737	0.00829	0.00826	0.01230
16	0.01205	0.00796	0.01032	0.01129	0.01225	0.00775	0.00827	0.01374	0.01496	0.04626	0.03579	0.27231	0.04037	0.24988	0.01962	0.00467	0.00641	0.21331	0.00647	0.00633
17	0.78228	0.01499	0.01140	0.01020	0.01499	0.01739	0.00840	0.02279	0.01320	0.03479	0.01080	0.01260	0.00840	0.00720	0.00480	0.00240	0.00600	0.00420	0.00480	0.00840
18	0.01112	0.00812	0.01153	0.01153	0.01259	0.00919	0.00853	0.01325	0.01219	0.01731	0.02162	0.03518	0.02143	0.21381	0.54392	0.01131	0.01769	0.00900	0.00428	0.00641
19	0.01108	0.00831	0.01246	0.01246	0.01385	0.00969	0.00969	0.01385	0.01246	0.01800	0.02077	0.03046	0.01938	0.05815	0.69678	0.01246	0.02077	0.00831	0.00415	0.00692
20	0.00952	0.00780	0.00839	0.00839	0.01073	0.00667	0.00624	0.01176	0.01829	0.02276	0.18696	0.11229	0.52483	0.01923	0.00921	0.00262	0.00391	0.01629	0.00745	0.00667
21	0.01347	0.00673	0.01010	0.01010	0.01010	0.00673	0.00673	0.01010	0.01010	0.01347	0.01347	0.02357	0.01347	0.02694	0.03030	0.77441	0.00673	0.00673	0.00337	0.00337
22	0.01995	0.01986	0.03074	0.04546	0.62846	0.07087	0.02311	0.02435	0.01799	0.02484	0.01438	0.01879	0.01210	0.00699	0.00762	0.00228	0.00958	0.00676	0.00385	0.01203
23	0.01850	0.01576	0.01695	0.01561	0.01969	0.01809	0.01230	0.03830	0.59042	0.03137	0.03265	0.03568	0.02609	0.01178	0.00822	0.00274	0.00625	0.08012	0.00780	0.01168
24	0.01128	0.00752	0.00846	0.00846	0.00846	0.00752	0.00470	0.01128	0.01128	0.01503	0.02443	0.05074	0.02819	0.72751	0.03946	0.00752	0.00752	0.01128	0.00470	0.00470
25	0.01611	0.01487	0.02440	0.57829	0.13853	0.01778	0.02146	0.05600	0.01698	0.02221	0.01416	0.02035	0.01077	0.00772	0.00774	0.00253	0.01008	0.00690	0.00374	0.00938
26	0.02930	0.02087	0.02261	0.01745	0.02355	0.02293	0.01438	0.57902	0.06848	0.09152	0.02011	0.01969	0.01415	0.00939	0.00777	0.00235	0.00827	0.00713	0.00789	0.01314
27	0.01489	0.01404	0.02371	0.67230	0.08801	0.01729	0.02166	0.02003	0.01562	0.02012	0.01383	0.02059	0.01044	0.00771	0.00775	0.00257	0.01027	0.00689	0.00347	0.00882
28	0.02896	0.03695	0.02197	0.01998	0.02397	0.69638	0.01498	0.03096	0.02197	0.01898	0.01199	0.01398	0.00999	0.00799	0.00699	0.00200	0.01398	0.00499	0.00400	0.00899
29	0.01090	0.00792	0.01026	0.00968	0.01154	0.00729	0.00726	0.01449	0.02178	0.03069	0.65120	0.05859	0.09726	0.01600	0.00915	0.00245	0.00367	0.01412	0.00848	0.00729
30	0.01125	0.00760	0.00889	0.00889	0.00904	0.00775	0.00524	0.01155	0.01140	0.01535	0.02403	0.04855	0.02724	0.65510	0.11057	0.00805	0.00895	0.01095	0.00464	0.00494
31	0.00942	0.00687	0.00887	0.01048	0.01116	0.00632	0.00706	0.01083	0.01515	0.01992	0.04661	0.65237	0.11886	0.02379	0.00982	0.00309	0.00444	0.02143	0.00720	0.00632
32	0.01477	0.01396	0.02328	0.67014	0.05154	0.01759	0.02128	0.01975	0.01530	0.01975	0.01358	0.02046	0.01033	0.00808	0.00875	0.00263	0.04989	0.00688	0.00344	0.00861
33	0.01290	0.00974	0.01160	0.01075	0.01328	0.00949	0.00833	0.07472	0.05838	0.03032	0.42086	0.05779	0.18151	0.01604	0.00905	0.00255	0.00452	0.05211	0.00808	0.00798
34	0.01982	0.01692	0.01783	0.01589	0.02037	0.01954	0.01240	0.07333	0.63214	0.03330	0.03088	0.02839	0.02312	0.01046	0.00788	0.00261	0.00626	0.00867	0.00788	0.01232
35	0.02073	0.73217	0.04063	0.01327	0.01990	0.03068	0.01327	0.02322	0.01575	0.01824	0.01078	0.01244	0.00995	0.00663	0.00498	0.00166	0.00829	0.00415	0.00332	0.00995
36	0.55957	0.01451	0.01423	0.05343	0.08551	0.01629	0.01071	0.02236	0.01494	0.05233	0.07917	0.01874	0.01579	0.00815	0.00579	0.00240	0.00636	0.00573	0.00515	0.00885
37	0.01615	0.01532	0.02597	0.49034	0.26018	0.01762	0.02228	0.02113	0.01621	0.02163	0.01405	0.02018	0.01098	0.00747	0.00773	0.00249	0.00996	0.00690	0.00358	0.00983
38	0.01919	0.01842	0.03147	0.04759	0.67914	0.01842	0.02380	0.02380	0.01765	0.02533	0.01458	0.01919	0.01228	0.00691	0.00768	0.00230	0.00921	0.00691	0.00384	0.01228
39	0.01108	0.00831	0.01246	0.01246	0.01385	0.00969	0.00969	0.01385	0.01246	0.01800	0.02077	0.03046	0.01938	0.05815	0.69678	0.01246	0.02077	0.00831	0.00415	0.00692
40	0.01445	0.00723	0.00723	0.00723	0.00903	0.00723	0.00542	0.01807	0.01626	0.02891	0.02529	0.02891	0.01987	0.00903	0.00542	0.00181	0.00361	0.00723	0.77055	0.00723
41	0.01177	0.00796	0.01160	0.01160	0.01281	0.00899	0.00883	0.01364	0.01244	0.01829	0.02003	0.02922	0.01849	0.04865	0.52710	0.13221	0.01695	0.00796	0.07506	0.00639
42	0.01108	0.00831	0.01246	0.01246	0.01385	0.00969	0.00969	0.01385	0.01246	0.01800	0.02077	0.03046	0.01938	0.05815	0.69678	0.01246	0.02077	0.00831	0.00415	0.00692
43	0.02977	0.02125	0.02298	0.01762	0.02381	0.02335	0.01455	0.61924	0.03567	0.08402	0.01928	0.01905	0.01352	0.00932	0.00776	0.00233	0.00843	0.00703	0.00786	0.01319
44	0.08366	0.01224	0.01414	0.01266	0.01622	0.01261	0.01011	0.11058	0.07998	0.15169	0.05180	0.07857	0.08136	0.05465	0.05312	0.00350	0.00714	0.09394	0.06258	0.00946
45	0.01134	0.00825	0.01196	0.01201	0.01349	0.00927	0.00939	0.01430	0.01397	0.02026	0.08850	0.03674	0.02644	0.04884	0.54579	0.01030	0.01723	0.04776	0.04717	0.00699
46	0.01908	0.00972	0.01296	0.01113	0.01438	0.00870	0.00870	0.02251	0.02203	0.25338	0.45581	0.04719	0.05480	0.01372	0.00869	0.00243	0.00466	0.01190	0.00890	0.00932
47	0.01326	0.00691	0.01008	0.01005	0.01032	0.00695	0.00685	0.01099	0.01123	0.01555	0.05159	0.02615	0.01748	0.02695	0.06248	0.64869	0.00712	0.00725	0.04613	0.00399
48	0.44840	0.01555	0.01417	0.01215	0.01673	0.01750	0.00983	0.19600	0.02001	0.03691	0.01690	0.07958	0.01443	0.00946	0.00612	0.00240	0.00639	0.00680	0.06122	0.00945
49	0.01958	0.01132	0.01260	0.01107	0.01433	0.01165	0.00875	0.13378	0.06920	0.11416	0.06716	0.04818	0.02396	0.01054	0.00686	0.00217	0.00520	0.03141	0.38871	0.00938
50	0.01990	0.01545	0.01685	0.01498	0.01926	0.01734	0.01169	0.03819	0.53981	0.09340	0.09658	0.03162	0.02826	0.01097	0.00801	0.00259	0.00593	0.00921	0.00811	0.01186
51	0.18201	0.01118	0.01251	0.01095	0.01463	0.01092	0.00852	0.02315	0.04079	0.22157	0.14943	0.08162	0.12240	0.06481	0.01003	0.00286	0.00548	0.01055	0.00748	0.00909
52	0.07821	0.01200	0.01381	0.01232	0.01572	0.01227	0.00958	0.09821	0.10852	0.13895	0.17153	0.13556	0.06298	0.03555	0.00919	0.00272	0.00560	0.03166	0.03613	0.00948
53	0.01267	0.00921	0.01182	0.01277	0.01463	0.00913	0.01055	0.05039	0.01796	0.02324	0.04308	0.12001	0.12528	0.09707	0.01339	0.00377	0.00666	0.40436	0.00692	0.00708
54	0.09280	0.01383	0.01652	0.01348	0.01851	0.01368	0.01081	0.05796	0.15978	0.39808	0.02808	0.02695	0.01955	0.04995	0.00924	0.00271	0.00644	0.00784	0.04195	0.01185
55	0.07860	0.01299	0.01572	0.01278	0.01736	0.01253	0.01023	0.12665	0.02253	0.34349	0.11115	0.05911	0.04510	0.04544	0.00927	0.00264	0.00621	0.00918	0.04810	0.01092
