[name]
unknown

[dist]
# distance from previous block
# <min> <max>
0	51

[block]
# block no. 0 follows, 25 sequences, length 65
# corresponding to MSA columns:
# 60-124
name=unknown_A
#
# <colnr> <probs for GDERKNQSTAVLIFYWHMCP>
#	G	D	E	R	K	N	Q	S	T	A	V	L	I	F	Y	W	H	M	C	P
0	0.02022	0.58168	0.07099	0.01370	0.02001	0.02716	0.01366	0.02301	0.01607	0.05155	0.01641	0.01767	0.05478	0.00798	0.00638	0.00187	0.03775	0.00533	0.00389	0.00990
1	0.01435	0.01015	0.01051	0.00987	0.01074	0.04266	0.00615	0.05613	0.01394	0.04565	0.02369	0.04577	0.02592	0.61407	0.03442	0.00668	0.00786	0.01053	0.00507	0.00583
2	0.78228	0.01499	0.01140	0.01020	0.01499	0.01739	0.00840	0.02279	0.01320	0.03479	0.01080	0.01260	0.00840	0.00720	0.00480	0.00240	0.00600	0.00420	0.00480	0.00840
3	0.01212	0.01065	0.01862	0.06262	0.02118	0.01031	0.15389	0.01514	0.01599	0.02130	0.03452	0.44840	0.03892	0.01887	0.00967	0.00304	0.00711	0.08396	0.00620	0.00748
4	0.02941	0.03169	0.02210	0.01909	0.02377	0.48330	0.01473	0.19485	0.02579	0.06220	0.01472	0.01586	0.01132	0.00842	0.00724	0.00211	0.01216	0.00566	0.00528	0.01032
5	0.03479	0.01320	0.01799	0.01380	0.01979	0.01140	0.01140	0.03779	0.02219	0.68451	0.03059	0.02639	0.01919	0.00960	0.00780	0.00240	0.00660	0.00780	0.00960	0.01320
6	0.01607	0.00879	0.00896	0.00837	0.01065	0.00904	0.00643	0.08660	0.01844	0.03106	0.02457	0.02780	0.01915	0.00906	0.00567	0.00186	0.00414	0.00720	0.68826	0.00787
7	0.01561	0.03716	0.61217	0.02091	0.03186	0.01715	0.02647	0.02399	0.01634	0.02463	0.01390	0.01634	0.01001	0.00718	0.00718	0.00231	0.01082	0.00560	0.00342	0.09694
8	0.01714	0.01610	0.02607	0.37130	0.22226	0.01850	0.04687	0.04675	0.06741	0.02358	0.01542	0.02059	0.01208	0.00811	0.00894	0.00255	0.05495	0.00713	0.00408	0.01017
9	0.01883	0.01827	0.03184	0.09069	0.59638	0.01842	0.06398	0.02360	0.01755	0.02493	0.01460	0.01940	0.01212	0.00694	0.00778	0.00234	0.00953	0.00705	0.00382	0.01192
10	0.02947	0.02172	0.02327	0.01784	0.02404	0.02404	0.01474	0.65329	0.03646	0.04887	0.01862	0.01862	0.01319	0.00931	0.00776	0.00233	0.00853	0.00698	0.00776	0.01319
11	0.01122	0.00773	0.00955	0.00955	0.00992	0.00811	0.00606	0.01198	0.01160	0.01584	0.02343	0.04522	0.02579	0.54516	0.21853	0.00886	0.01113	0.01047	0.00455	0.00530
12	0.01028	0.00815	0.00931	0.00956	0.01155	0.00748	0.00696	0.01374	0.06089	0.02343	0.18506	0.24418	0.34223	0.01954	0.00927	0.00273	0.00418	0.01693	0.00751	0.00701
13	0.01128	0.00752	0.00846	0.00846	0.00846	0.00752	0.00470	0.01128	0.01128	0.01503	0.02443	0.05074	0.02819	0.72751	0.03946	0.00752	0.00752	0.01128	0.00470	0.00470
14	0.00945	0.00675	0.00900	0.01080	0.01125	0.00630	0.00720	0.01080	0.01484	0.01979	0.04274	0.72245	0.05128	0.02429	0.00990	0.00315	0.00450	0.02204	0.00720	0.00630
15	0.01487	0.01401	0.02366	0.67635	0.08418	0.01729	0.02164	0.02001	0.01561	0.02008	0.01382	0.02060	0.01043	0.00771	0.00775	0.00257	0.01028	0.00689	0.00346	0.00879
16	0.02005	0.02049	0.03209	0.04330	0.54665	0.08449	0.09047	0.02460	0.01814	0.02466	0.01445	0.01887	0.01200	0.00697	0.00777	0.00231	0.01009	0.00696	0.00386	0.01176
17	0.01555	0.04011	0.68733	0.02210	0.03356	0.01801	0.02865	0.02455	0.01637	0.02455	0.01391	0.01637	0.00982	0.00737	0.00737	0.00246	0.01146	0.00573	0.00327	0.01146
18	0.00943	0.00681	0.00893	0.01064	0.01120	0.00631	0.00713	0.01081	0.01500	0.01986	0.04469	0.68712	0.08535	0.02404	0.00986	0.00312	0.00447	0.02173	0.00720	0.00631
19	0.01608	0.01378	0.01608	0.01148	0.01837	0.01034	0.00919	0.01952	0.01608	0.02527	0.01378	0.01608	0.01148	0.00574	0.00574	0.00115	0.00574	0.00459	0.00459	0.77491
20	0.01086	0.00792	0.01020	0.00963	0.01151	0.00727	0.00722	0.01441	0.02167	0.03044	0.63669	0.05899	0.11193	0.01609	0.00915	0.00245	0.00368	0.01417	0.00845	0.00727
21	0.01464	0.01378	0.02326	0.70887	0.05340	0.01723	0.02153	0.01981	0.01550	0.01981	0.01378	0.02067	0.01034	0.00775	0.00775	0.00258	0.01034	0.00689	0.00345	0.00861
22	0.00945	0.00675	0.00900	0.01080	0.01125	0.00630	0.00720	0.01080	0.01484	0.01979	0.04274	0.72245	0.05128	0.02429	0.00990	0.00315	0.00450	0.02204	0.00720	0.00630
23	0.03451	0.01365	0.01827	0.01401	0.02002	0.01207	0.01157	0.07050	0.02295	0.65073	0.02995	0.02598	0.01887	0.00958	0.00780	0.00240	0.00670	0.00775	0.00950	0.01319
24	0.02896	0.03695	0.02197	0.01998	0.02397	0.69638	0.01498	0.03096	0.02197	0.01898	0.01199	0.01398	0.00999	0.00799	0.00699	0.00200	0.01398	0.00499	0.00400	0.00899
25	0.00916	0.00785	0.00785	0.00785	0.01047	0.00655	0.00589	0.01113	0.01767	0.02095	0.07855	0.07462	0.67599	0.01964	0.00916	0.00262	0.00393	0.01636	0.00720	0.00655
26	0.01249	0.00892	0.01249	0.01428	0.01606	0.00892	0.01249	0.01606	0.01785	0.02320	0.04105	0.08746	0.04462	0.02142	0.01071	0.00357	0.00714	0.62695	0.00714	0.00714
27	0.01919	0.01842	0.03147	0.04759	0.67914	0.01842	0.02380	0.02380	0.01765	0.02533	0.01458	0.01919	0.01228	0.00691	0.00768	0.00230	0.00921	0.00691	0.00384	0.01228
28	0.01555	0.04011	0.68733	0.02210	0.03356	0.01801	0.02865	0.02455	0.01637	0.02455	0.01391	0.01637	0.00982	0.00737	0.00737	0.00246	0.01146	0.00573	0.00327	0.01146
29	0.00916	0.00785	0.00785	0.00785	0.01047	0.00655	0.00589	0.01113	0.01767	0.02095	0.07855	0.07462	0.67599	0.01964	0.00916	0.00262	0.00393	0.01636	0.00720	0.00655
30	0.02589	0.01557	0.02048	0.01679	0.02032	0.01782	0.01384	0.07043	0.09115	0.31591	0.02212	0.02257	0.01586	0.01120	0.01456	0.00280	0.27702	0.00747	0.00691	0.01129
31	0.00945	0.00675	0.00900	0.01080	0.01125	0.00630	0.00720	0.01080	0.01484	0.01979	0.04274	0.72245	0.05128	0.02429	0.00990	0.00315	0.00450	0.02204	0.00720	0.00630
32	0.00945	0.00675	0.00900	0.01080	0.01125	0.00630	0.00720	0.01080	0.01484	0.01979	0.04274	0.72245	0.05128	0.02429	0.00990	0.00315	0.00450	0.02204	0.00720	0.00630
33	0.01608	0.01378	0.01608	0.01148	0.01837	0.01034	0.00919	0.01952	0.01608	0.02527	0.01378	0.01608	0.01148	0.00574	0.00574	0.00115	0.00574	0.00459	0.00459	0.77491
34	0.01864	0.29060	0.38034	0.01898	0.02819	0.02236	0.05516	0.02480	0.01657	0.05825	0.01377	0.01572	0.01048	0.00718	0.00661	0.00217	0.01012	0.00545	0.00367	0.01095
35	0.05381	0.06484	0.02350	0.02079	0.06523	0.42605	0.01539	0.12251	0.02224	0.02440	0.01287	0.01519	0.01058	0.00859	0.00884	0.00221	0.08315	0.00553	0.00449	0.00981
36	0.00945	0.00675	0.00900	0.01080	0.01125	0.00630	0.00720	0.01080	0.01484	0.01979	0.04274	0.72245	0.05128	0.02429	0.00990	0.00315	0.00450	0.02204	0.00720	0.00630
37	0.00945	0.00675	0.00900	0.01080	0.01125	0.00630	0.00720	0.01080	0.01484	0.01979	0.04274	0.72245	0.05128	0.02429	0.00990	0.00315	0.00450	0.02204	0.00720	0.00630
38	0.01752	0.01792	0.02799	0.31961	0.18216	0.06850	0.10327	0.02199	0.01626	0.02145	0.01353	0.01932	0.01090	0.00831	0.01056	0.00261	0.11778	0.00704	0.00363	0.00967
39	0.01453	0.01125	0.01401	0.01473	0.01729	0.01204	0.01243	0.02361	0.21224	0.02598	0.03820	0.06988	0.03833	0.01815	0.00986	0.00329	0.00684	0.44130	0.00736	0.00868
40	0.01583	0.01380	0.01820	0.14351	0.02545	0.01186	0.03506	0.01972	0.01606	0.02436	0.01428	0.01760	0.01159	0.00627	0.00623	0.00150	0.00680	0.00529	0.03275	0.57385
41	0.02947	0.02172	0.02327	0.01784	0.02404	0.02404	0.01474	0.65329	0.03646	0.04887	0.01862	0.01862	0.01319	0.00931	0.00776	0.00233	0.00853	0.00698	0.00776	0.01319
42	0.01104	0.00797	0.01046	0.00995	0.01178	0.00739	0.00754	0.01469	0.02177	0.03075	0.64724	0.05921	0.07191	0.01610	0.00921	0.00249	0.00381	0.04091	0.00847	0.00731
43	0.43700	0.01531	0.01451	0.01223	0.01709	0.01689	0.00997	0.13589	0.05485	0.11457	0.08580	0.02098	0.01820	0.00895	0.00631	0.00240	0.00628	0.00641	0.00646	0.00991
44	0.01398	0.01275	0.08343	0.01413	0.01726	0.01012	0.05762	0.01701	0.01673	0.09155	0.06140	0.33256	0.12835	0.01802	0.01005	0.00290	0.04099	0.05639	0.00666	0.00810
45	0.01097	0.00793	0.01036	0.00975	0.01158	0.00732	0.00732	0.01463	0.02195	0.03109	0.67505	0.05792	0.07316	0.01585	0.00914	0.00244	0.00366	0.01402	0.00854	0.00732
46	0.02917	0.03067	0.02251	0.01909	0.02400	0.41918	0.01488	0.28754	0.02794	0.03130	0.01472	0.01589	0.01131	0.00853	0.00731	0.00213	0.01174	0.00581	0.00555	0.01072
47	0.02576	0.14255	0.10537	0.01923	0.02563	0.21288	0.07920	0.16943	0.02323	0.10135	0.01596	0.01714	0.01189	0.00803	0.00719	0.00218	0.01062	0.00612	0.00527	0.01100
48	0.01287	0.00682	0.01003	0.01035	0.01048	0.00675	0.00701	0.01042	0.01105	0.01471	0.01859	0.12386	0.01992	0.02636	0.02672	0.63790	0.00644	0.03175	0.00404	0.00392
49	0.01108	0.00831	0.01246	0.01246	0.01385	0.00969	0.00969	0.01385	0.01246	0.01800	0.02077	0.03046	0.01938	0.05815	0.69678	0.01246	0.02077	0.00831	0.00415	0.00692
50	0.04815	0.01369	0.08150	0.01499	0.05962	0.01079	0.01219	0.02319	0.02025	0.21721	0.26552	0.04424	0.06685	0.01303	0.00848	0.00254	0.00610	0.07423	0.00767	0.00973
51	0.01774	0.01707	0.02904	0.12879	0.27663	0.01775	0.15232	0.02580	0.13212	0.02550	0.02024	0.02801	0.01700	0.00897	0.00832	0.00259	0.00944	0.06694	0.00483	0.01089
52	0.02947	0.02172	0.02327	0.01784	0.02404	0.02404	0.01474	0.65329	0.03646	0.04887	0.01862	0.01862	0.01319	0.00931	0.00776	0.00233	0.00853	0.00698	0.00776	0.01319
53	0.01128	0.00752	0.00846	0.00846	0.00846	0.00752	0.00470	0.01128	0.01128	0.01503	0.02443	0.05074	0.02819	0.72751	0.03946	0.00752	0.00752	0.01128	0.00470	0.00470
54	0.01750	0.03668	0.53908	0.02282	0.03314	0.05557	0.09268	0.06682	0.01822	0.02590	0.01431	0.01687	0.01026	0.00744	0.00756	0.00244	0.01157	0.00613	0.00368	0.01133
55	0.01702	0.23684	0.50349	0.01959	0.02968	0.02161	0.02428	0.02417	0.01620	0.02276	0.01302	0.01525	0.00986	0.00716	0.00669	0.00223	0.01056	0.00528	0.00329	0.01103
56	0.00991	0.00788	0.00889	0.00864	0.01093	0.00686	0.00648	0.01257	0.01944	0.02513	0.32448	0.06773	0.42745	0.01808	0.00916	0.00254	0.00382	0.01540	0.00775	0.00686
57	0.00948	0.00724	0.00874	0.00989	0.01118	0.00650	0.00696	0.01115	0.01599	0.02036	0.05555	0.46153	0.27574	0.02249	0.00967	0.00298	0.00441	0.04653	0.00720	0.00642
58	0.01784	0.02781	0.33003	0.02396	0.05423	0.01851	0.16115	0.02420	0.01669	0.07406	0.03854	0.01982	0.01338	0.00874	0.01107	0.00265	0.13532	0.00716	0.00413	0.01073
59	0.01124	0.00766	0.00917	0.00917	0.00941	0.00790	0.00558	0.01173	0.01149	0.01556	0.02378	0.04715	0.02663	0.60899	0.15585	0.00839	0.00986	0.01075	0.00460	0.00509
60	0.01555	0.04011	0.68733	0.02210	0.03356	0.01801	0.02865	0.02455	0.01637	0.02455	0.01391	0.01637	0.00982	0.00737	0.00737	0.00246	0.01146	0.00573	0.00327	0.01146
61	0.01882	0.01816	0.03137	0.09654	0.60938	0.01838	0.04615	0.02353	0.01752	0.02490	0.01456	0.01936	0.01212	0.00696	0.00773	0.00234	0.00943	0.00699	0.00381	0.01194
62	0.07356	0.01423	0.01888	0.01722	0.06836	0.01423	0.05296	0.10523	0.09389	0.22175	0.10109	0.07111	0.04910	0.01174	0.00819	0.00255	0.00686	0.05062	0.00757	0.01086
63	0.01811	0.26297	0.43456	0.01911	0.02852	0.06729	0.02278	0.02455	0.01654	0.02215	0.01278	0.01494	0.00987	0.00717	0.00657	0.00217	0.01061	0.00517	0.00334	0.01081
64	0.01607	0.01219	0.01435	0.01128	0.01636	0.01025	0.00893	0.06057	0.01873	0.06898	0.12048	0.03302	0.12742	0.01275	0.04472	0.00234	0.00621	0.00839	0.00608	0.40086

[dist]
# distance from previous block
# <min> <max>
2	181

[block]
# block no. 1 follows, 25 sequences, length 36
# corresponding to MSA columns:
# 307-342
name=unknown_B
#
# <colnr> <probs for GDERKNQSTAVLIFYWHMCP>
#	G	D	E	R	K	N	Q	S	T	A	V	L	I	F	Y	W	H	M	C	P
0	0.02097	0.18271	0.11810	0.02083	0.11634	0.08385	0.01665	0.10837	0.13210	0.02732	0.01679	0.01811	0.01322	0.00783	0.00682	0.00210	0.00879	0.00605	0.00494	0.08813
1	0.02174	0.02401	0.01778	0.01622	0.02000	0.32166	0.01231	0.03076	0.24365	0.02492	0.08492	0.03006	0.09760	0.01091	0.00774	0.00233	0.00919	0.00841	0.00611	0.00969
2	0.00945	0.00675	0.00900	0.01080	0.01125	0.00630	0.00720	0.01080	0.01484	0.01979	0.04274	0.72245	0.05128	0.02429	0.00990	0.00315	0.00450	0.02204	0.00720	0.00630
3	0.02025	0.24607	0.16946	0.02176	0.06057	0.08050	0.14693	0.08744	0.01896	0.02437	0.01395	0.01687	0.01116	0.00947	0.03782	0.00263	0.01103	0.00617	0.00400	0.01059
4	0.01754	0.01743	0.05105	0.18970	0.34625	0.01784	0.06206	0.04584	0.03668	0.02431	0.01642	0.05268	0.01404	0.01007	0.03127	0.00282	0.04131	0.00781	0.00415	0.01071
5	0.01128	0.00752	0.00846	0.00846	0.00846	0.00752	0.00470	0.01128	0.01128	0.01503	0.02443	0.05074	0.02819	0.72751	0.03946	0.00752	0.00752	0.01128	0.00470	0.00470
6	0.01387	0.00734	0.00775	0.00765	0.00946	0.00724	0.00574	0.01750	0.01721	0.02927	0.13334	0.03373	0.02873	0.01017	0.00604	0.00191	0.00362	0.00836	0.64384	0.00724
7	0.02143	0.11676	0.16324	0.05283	0.08136	0.07689	0.18529	0.13151	0.02096	0.05414	0.01534	0.01804	0.01152	0.00750	0.00762	0.00233	0.01077	0.00680	0.00457	0.01111
8	0.02438	0.10193	0.02188	0.08489	0.02379	0.01885	0.01353	0.18877	0.15874	0.18038	0.05404	0.02690	0.02025	0.01000	0.00766	0.00241	0.00746	0.03530	0.00724	0.01161
9	0.00945	0.00675	0.00900	0.01080	0.01125	0.00630	0.00720	0.01080	0.01484	0.01979	0.04274	0.72245	0.05128	0.02429	0.00990	0.00315	0.00450	0.02204	0.00720	0.00630
10	0.01251	0.09782	0.07044	0.01108	0.01456	0.01136	0.00974	0.01690	0.04655	0.02705	0.39540	0.05109	0.17747	0.01456	0.00845	0.00239	0.00502	0.01239	0.00718	0.00803
11	0.01675	0.01615	0.02650	0.06798	0.30945	0.01805	0.06764	0.02021	0.01554	0.02228	0.01777	0.12805	0.01761	0.01148	0.01309	0.00278	0.20509	0.00940	0.00422	0.00996
12	0.00916	0.00785	0.00785	0.00785	0.01047	0.00655	0.00589	0.01113	0.01767	0.02095	0.07855	0.07462	0.67599	0.01964	0.00916	0.00262	0.00393	0.01636	0.00720	0.00655
13	0.01464	0.01378	0.02326	0.70887	0.05340	0.01723	0.02153	0.01981	0.01550	0.01981	0.01378	0.02067	0.01034	0.00775	0.00775	0.00258	0.01034	0.00689	0.00345	0.00861
14	0.02703	0.15587	0.05146	0.01891	0.02365	0.55582	0.01523	0.02938	0.02069	0.01907	0.01186	0.01381	0.00997	0.00773	0.00666	0.00196	0.01291	0.00488	0.00385	0.00925
15	0.01464	0.01378	0.02326	0.70887	0.05340	0.01723	0.02153	0.01981	0.01550	0.01981	0.01378	0.02067	0.01034	0.00775	0.00775	0.00258	0.01034	0.00689	0.00345	0.00861
16	0.01696	0.01696	0.02375	0.02036	0.02036	0.02375	0.01696	0.01866	0.01187	0.01866	0.01018	0.01696	0.01018	0.01357	0.02545	0.00339	0.71332	0.00679	0.00339	0.00848
17	0.02690	0.01991	0.02112	0.01896	0.07230	0.09996	0.01420	0.28733	0.09715	0.16079	0.02220	0.02400	0.01657	0.01219	0.04410	0.00291	0.00920	0.03109	0.00716	0.01195
18	0.02110	0.70101	0.03979	0.01357	0.02008	0.06052	0.01334	0.02356	0.01603	0.01828	0.01083	0.01251	0.00995	0.00669	0.00507	0.00167	0.00855	0.00418	0.00335	0.00991
19	0.01169	0.00882	0.01091	0.01023	0.01238	0.00849	0.00772	0.01710	0.08788	0.03045	0.56292	0.05622	0.11439	0.01559	0.00902	0.00247	0.00393	0.01366	0.00837	0.00777
20	0.01097	0.00793	0.01036	0.00975	0.01158	0.00732	0.00732	0.01463	0.02195	0.03109	0.67505	0.05792	0.07316	0.01585	0.00914	0.00244	0.00366	0.01402	0.00854	0.00732
21	0.01763	0.02446	0.17507	0.02944	0.03797	0.01881	0.49134	0.02451	0.01779	0.02480	0.01523	0.01974	0.01135	0.00666	0.00861	0.00251	0.01237	0.00822	0.00382	0.04965
22	0.01887	0.01622	0.01718	0.01548	0.01974	0.01869	0.01203	0.03988	0.63324	0.03237	0.06347	0.03037	0.02612	0.01078	0.00795	0.00262	0.00601	0.00903	0.00792	0.01203
23	0.01228	0.00883	0.01219	0.01378	0.01560	0.00874	0.01195	0.01578	0.01805	0.02351	0.07497	0.08541	0.07270	0.02106	0.01056	0.00347	0.00683	0.56994	0.00721	0.00712
24	0.03479	0.01320	0.01799	0.01380	0.01979	0.01140	0.01140	0.03779	0.02219	0.68451	0.03059	0.02639	0.01919	0.00960	0.00780	0.00240	0.00660	0.00780	0.00960	0.01320
25	0.01912	0.02023	0.04269	0.03194	0.07028	0.01932	0.56024	0.02517	0.01819	0.05779	0.01614	0.02093	0.01210	0.00701	0.00971	0.00262	0.04288	0.00887	0.00418	0.01060
26	0.78228	0.01499	0.01140	0.01020	0.01499	0.01739	0.00840	0.02279	0.01320	0.03479	0.01080	0.01260	0.00840	0.00720	0.00480	0.00240	0.00600	0.00420	0.00480	0.00840
27	0.01050	0.00791	0.00971	0.00926	0.01129	0.00712	0.00695	0.01372	0.02084	0.02845	0.51997	0.06226	0.22989	0.01684	0.00915	0.00249	0.00373	0.01463	0.00819	0.00712
28	0.00934	0.00717	0.00856	0.00968	0.01095	0.00639	0.00670	0.01092	0.01591	0.02023	0.05628	0.47741	0.28758	0.02253	0.00962	0.00295	0.00428	0.01989	0.00720	0.00639
29	0.01555	0.04011	0.68733	0.02210	0.03356	0.01801	0.02865	0.02455	0.01637	0.02455	0.01391	0.01637	0.00982	0.00737	0.00737	0.00246	0.01146	0.00573	0.00327	0.01146
30	0.01046	0.00747	0.01016	0.01196	0.01285	0.00717	0.00896	0.01255	0.01585	0.02093	0.04217	0.51064	0.04906	0.02333	0.01017	0.00329	0.00538	0.22381	0.00718	0.00658
31	0.01919	0.01842	0.03147	0.04759	0.67914	0.01842	0.02380	0.02380	0.01765	0.02533	0.01458	0.01919	0.01228	0.00691	0.00768	0.00230	0.00921	0.00691	0.00384	0.01228
32	0.01592	0.06577	0.63243	0.02148	0.03243	0.01855	0.02732	0.02525	0.04534	0.02466	0.01458	0.01678	0.01045	0.00748	0.00730	0.00243	0.01110	0.00580	0.00348	0.01144
33	0.02773	0.02107	0.02122	0.01712	0.02236	0.10171	0.01382	0.39155	0.08346	0.12284	0.02140	0.05695	0.01635	0.01023	0.00844	0.00240	0.03412	0.00778	0.00736	0.01207
34	0.01671	0.02093	0.13192	0.10320	0.02985	0.02135	0.13111	0.02081	0.01414	0.02081	0.01216	0.01800	0.01042	0.01068	0.01766	0.00301	0.39741	0.00705	0.00347	0.00931
35	0.14144	0.26934	0.12405	0.01771	0.05710	0.16278	0.01579	0.08631	0.01884	0.02525	0.01245	0.01431	0.01013	0.00738	0.00612	0.00206	0.00964	0.00498	0.00414	0.01017

[dist]
# distance from previous block
# <min> <max>
0	2

[block]
# block no. 2 follows, 25 sequences, length 37
# corresponding to MSA columns:
# 345-375,386-391
name=unknown_C
#
# <colnr> <probs for GDERKNQSTAVLIFYWHMCP>
#	G	D	E	R	K	N	Q	S	T	A	V	L	I	F	Y	W	H	M	C	P
0	0.01052	0.00791	0.00973	0.00928	0.01131	0.00712	0.00696	0.01375	0.02088	0.02855	0.52548	0.06211	0.22432	0.01680	0.00915	0.00248	0.00373	0.01461	0.00820	0.00712
1	0.01963	0.58542	0.17776	0.01514	0.02280	0.02799	0.01653	0.02350	0.01589	0.01958	0.01144	0.01327	0.00992	0.00679	0.00548	0.00183	0.00896	0.00448	0.00331	0.01027
2	0.06079	0.01614	0.01946	0.01512	0.02058	0.06018	0.06370	0.09863	0.02033	0.17992	0.05282	0.02208	0.01700	0.01024	0.03355	0.00241	0.03325	0.00681	0.03722	0.22977
3	0.19853	0.01894	0.02984	0.02205	0.02874	0.01904	0.29865	0.15629	0.02070	0.03227	0.01496	0.01798	0.01125	0.00719	0.00748	0.00235	0.00968	0.00705	0.00501	0.09201
4	0.01687	0.01410	0.01558	0.01483	0.01844	0.01580	0.01186	0.03280	0.45794	0.02932	0.03732	0.04673	0.07626	0.01388	0.00868	0.00286	0.00622	0.16225	0.00765	0.01059
5	0.05338	0.03887	0.65399	0.02151	0.03264	0.01798	0.02765	0.02447	0.01621	0.02506	0.01376	0.01618	0.00975	0.00736	0.00724	0.00245	0.01119	0.00565	0.00335	0.01131
6	0.02390	0.02468	0.01937	0.01736	0.02090	0.32198	0.01328	0.11957	0.09660	0.05244	0.02119	0.13983	0.01959	0.01178	0.00910	0.00244	0.06169	0.00892	0.00574	0.00966
7	0.02945	0.02250	0.02320	0.01795	0.02404	0.05873	0.01475	0.62118	0.03571	0.04732	0.01827	0.01838	0.01302	0.00924	0.00772	0.00231	0.00881	0.00688	0.00756	0.01297
8	0.00947	0.00795	0.00827	0.00844	0.01098	0.00676	0.00649	0.01157	0.01769	0.02115	0.07515	0.07578	0.61885	0.01980	0.00930	0.00270	0.00422	0.07163	0.00719	0.00660
9	0.01830	0.02092	0.04575	0.03268	0.04052	0.01961	0.65098	0.02484	0.01830	0.02484	0.01569	0.02092	0.01176	0.00654	0.00915	0.00261	0.01307	0.00915	0.00392	0.01046
10	0.01108	0.00831	0.01246	0.01246	0.01385	0.00969	0.00969	0.01385	0.01246	0.01800	0.02077	0.03046	0.01938	0.05815	0.69678	0.01246	0.02077	0.00831	0.00415	0.00692
11	0.01128	0.00752	0.00846	0.00846	0.00846	0.00752	0.00470	0.01128	0.01128	0.01503	0.02443	0.05074	0.02819	0.72751	0.03946	0.00752	0.00752	0.01128	0.00470	0.00470
12	0.00945	0.00675	0.00900	0.01080	0.01125	0.00630	0.00720	0.01080	0.01484	0.01979	0.04274	0.72245	0.05128	0.02429	0.00990	0.00315	0.00450	0.02204	0.00720	0.00630
13	0.02073	0.73217	0.04063	0.01327	0.01990	0.03068	0.01327	0.02322	0.01575	0.01824	0.01078	0.01244	0.00995	0.00663	0.00498	0.00166	0.00829	0.00415	0.00332	0.00995
14	0.01464	0.01378	0.02326	0.70887	0.05340	0.01723	0.02153	0.01981	0.01550	0.01981	0.01378	0.02067	0.01034	0.00775	0.00775	0.00258	0.01034	0.00689	0.00345	0.00861
15	0.01062	0.00724	0.00865	0.00929	0.00946	0.00708	0.00559	0.01110	0.01255	0.01674	0.03098	0.29115	0.03645	0.47582	0.02888	0.00595	0.00644	0.01513	0.00559	0.00527
16	0.01094	0.00805	0.01161	0.01179	0.01291	0.00908	0.00881	0.01322	0.01255	0.01781	0.02344	0.10284	0.02371	0.13872	0.54498	0.01090	0.01746	0.01007	0.00453	0.00658
17	0.01249	0.00892	0.01249	0.01428	0.01606	0.00892	0.01249	0.01606	0.01785	0.02320	0.04105	0.08746	0.04462	0.02142	0.01071	0.00357	0.00714	0.62695	0.00714	0.00714
18	0.02947	0.02172	0.02327	0.01784	0.02404	0.02404	0.01474	0.65329	0.03646	0.04887	0.01862	0.01862	0.01319	0.00931	0.00776	0.00233	0.00853	0.00698	0.00776	0.01319
19	0.01464	0.01378	0.02326	0.70887	0.05340	0.01723	0.02153	0.01981	0.01550	0.01981	0.01378	0.02067	0.01034	0.00775	0.00775	0.00258	0.01034	0.00689	0.00345	0.00861
20	0.00967	0.00822	0.00838	0.00827	0.01092	0.00710	0.00622	0.01253	0.04434	0.02192	0.10641	0.07192	0.61924	0.01908	0.00911	0.00261	0.00400	0.01594	0.00729	0.00682
21	0.02947	0.02172	0.02327	0.01784	0.02404	0.02404	0.01474	0.65329	0.03646	0.04887	0.01862	0.01862	0.01319	0.00931	0.00776	0.00233	0.00853	0.00698	0.00776	0.01319
22	0.00916	0.00785	0.00785	0.00785	0.01047	0.00655	0.00589	0.01113	0.01767	0.02095	0.07855	0.07462	0.67599	0.01964	0.00916	0.00262	0.00393	0.01636	0.00720	0.00655
23	0.01464	0.01378	0.02326	0.70887	0.05340	0.01723	0.02153	0.01981	0.01550	0.01981	0.01378	0.02067	0.01034	0.00775	0.00775	0.00258	0.01034	0.00689	0.00345	0.00861
24	0.01249	0.00892	0.01249	0.01428	0.01606	0.00892	0.01249	0.01606	0.01785	0.02320	0.04105	0.08746	0.04462	0.02142	0.01071	0.00357	0.00714	0.62695	0.00714	0.00714
25	0.00945	0.00675	0.00900	0.01080	0.01125	0.00630	0.00720	0.01080	0.01484	0.01979	0.04274	0.72245	0.05128	0.02429	0.00990	0.00315	0.00450	0.02204	0.00720	0.00630
26	0.00916	0.00785	0.00785	0.00785	0.01047	0.00655	0.00589	0.01113	0.01767	0.02095	0.07855	0.07462	0.67599	0.01964	0.00916	0.00262	0.00393	0.01636	0.00720	0.00655
27	0.02896	0.03695	0.02197	0.01998	0.02397	0.69638	0.01498	0.03096	0.02197	0.01898	0.01199	0.01398	0.00999	0.00799	0.00699	0.00200	0.01398	0.00499	0.00400	0.00899
28	0.01830	0.02092	0.04575	0.03268	0.04052	0.01961	0.65098	0.02484	0.01830	0.02484	0.01569	0.02092	0.01176	0.00654	0.00915	0.00261	0.01307	0.00915	0.00392	0.01046
29	0.01696	0.01696	0.02375	0.02036	0.02036	0.02375	0.01696	0.01866	0.01187	0.01866	0.01018	0.01696	0.01018	0.01357	0.02545	0.00339	0.71332	0.00679	0.00339	0.00848
30	0.01929	0.01666	0.01753	0.01578	0.02016	0.01929	0.01227	0.04120	0.66513	0.03243	0.03156	0.02893	0.02367	0.01052	0.00789	0.00263	0.00614	0.00877	0.00789	0.01227
31	0.00936	0.00708	0.00865	0.00991	0.01101	0.00637	0.00680	0.01090	0.01570	0.02014	0.05357	0.52647	0.24027	0.02288	0.00967	0.00299	0.00433	0.02032	0.00720	0.00637
32	0.00945	0.00675	0.00900	0.01080	0.01125	0.00630	0.00720	0.01080	0.01484	0.01979	0.04274	0.72245	0.05128	0.02429	0.00990	0.00315	0.00450	0.02204	0.00720	0.00630
33	0.01128	0.00752	0.00846	0.00846	0.00846	0.00752	0.00470	0.01128	0.01128	0.01503	0.02443	0.05074	0.02819	0.72751	0.03946	0.00752	0.00752	0.01128	0.00470	0.00470
34	0.74475	0.05033	0.01284	0.01035	0.01524	0.01805	0.00864	0.02281	0.01332	0.03397	0.01080	0.01259	0.00847	0.00717	0.00481	0.00236	0.00611	0.00420	0.00473	0.00847
35	0.21965	0.05640	0.23548	0.01978	0.05817	0.04707	0.06989	0.15354	0.02009	0.03179	0.01403	0.01609	0.01043	0.00763	0.00682	0.00237	0.00942	0.00583	0.00470	0.01081
36	0.01838	0.02204	0.13869	0.01903	0.02456	0.12075	0.15327	0.06775	0.01925	0.05706	0.04963	0.08547	0.10652	0.06962	0.01087	0.00290	0.00961	0.01000	0.00530	0.00931

[dist]
# distance from previous block
# <min> <max>
2	14

[block]
# block no. 3 follows, 25 sequences, length 46
# corresponding to MSA columns:
# 406-451
name=unknown_D
#
# <colnr> <probs for GDERKNQSTAVLIFYWHMCP>
#	G	D	E	R	K	N	Q	S	T	A	V	L	I	F	Y	W	H	M	C	P
0	0.14422	0.01825	0.02522	0.02281	0.09382	0.04297	0.11531	0.09263	0.03604	0.02682	0.01437	0.04178	0.01250	0.01032	0.01395	0.00279	0.26461	0.00729	0.00452	0.00977
1	0.33018	0.02048	0.04473	0.01797	0.02396	0.06540	0.13828	0.21261	0.02186	0.03564	0.01429	0.01626	0.01065	0.00776	0.00678	0.00239	0.00887	0.00611	0.00541	0.01038
2	0.01628	0.01525	0.02552	0.45082	0.15160	0.01749	0.07040	0.04154	0.05093	0.02287	0.01660	0.02438	0.01339	0.00844	0.00801	0.00259	0.00992	0.04024	0.00411	0.00962
3	0.01637	0.01609	0.02261	0.01956	0.01970	0.02233	0.01623	0.01817	0.01193	0.01859	0.01125	0.01832	0.01111	0.01806	0.09310	0.00431	0.64352	0.00694	0.00347	0.00832
4	0.01003	0.00789	0.00905	0.00876	0.01100	0.00691	0.00657	0.01280	0.01971	0.02579	0.36341	0.06664	0.38811	0.01783	0.00915	0.00253	0.00380	0.01525	0.00784	0.00691
5	0.78228	0.01499	0.01140	0.01020	0.01499	0.01739	0.00840	0.02279	0.01320	0.03479	0.01080	0.01260	0.00840	0.00720	0.00480	0.00240	0.00600	0.00420	0.00480	0.00840
6	0.01781	0.01046	0.01081	0.00960	0.01239	0.01098	0.00750	0.15990	0.02077	0.03336	0.02380	0.02661	0.01838	0.00909	0.00594	0.00192	0.00471	0.00717	0.60024	0.00856
7	0.00934	0.00761	0.00812	0.00849	0.01052	0.00655	0.00609	0.01107	0.01674	0.02039	0.06825	0.20634	0.51249	0.05909	0.01096	0.00299	0.00424	0.01725	0.00706	0.00639
8	0.01998	0.63244	0.13383	0.01454	0.02187	0.02885	0.01548	0.02341	0.01584	0.01915	0.01123	0.01300	0.00993	0.00674	0.00532	0.00177	0.00875	0.00437	0.00331	0.01017
9	0.01520	0.01293	0.01506	0.01109	0.01731	0.00984	0.00881	0.01854	0.01659	0.02530	0.06201	0.02343	0.06794	0.00750	0.00623	0.00135	0.00546	0.00614	0.00506	0.66423
10	0.02550	0.11972	0.02225	0.01538	0.02016	0.08943	0.04157	0.10287	0.02101	0.25990	0.04327	0.08808	0.02004	0.01282	0.03337	0.02817	0.03071	0.00842	0.00675	0.01062
11	0.01420	0.00725	0.00732	0.00732	0.00899	0.00725	0.00536	0.01753	0.01587	0.02781	0.02523	0.03063	0.02053	0.06572	0.00811	0.00226	0.00392	0.00755	0.71012	0.00703
12	0.02058	0.61751	0.07424	0.01542	0.02229	0.05382	0.06135	0.02369	0.01621	0.01909	0.01135	0.01333	0.01008	0.00671	0.00548	0.00178	0.00902	0.00463	0.00338	0.01003
13	0.01130	0.00906	0.01065	0.00978	0.01278	0.00758	0.00729	0.01390	0.01774	0.02418	0.19905	0.18889	0.24544	0.01637	0.00849	0.00233	0.00441	0.01416	0.00690	0.18970
14	0.01909	0.01364	0.01707	0.04849	0.07066	0.01432	0.01202	0.14453	0.04829	0.11919	0.12186	0.04064	0.20420	0.01323	0.00999	0.00255	0.07271	0.01064	0.00704	0.00983
15	0.12480	0.11282	0.05712	0.01504	0.02041	0.07803	0.01316	0.19143	0.02316	0.13498	0.07150	0.02728	0.02030	0.01016	0.00731	0.00236	0.00798	0.06501	0.00650	0.01064
16	0.01097	0.00793	0.01036	0.00975	0.01158	0.00732	0.00732	0.01463	0.02195	0.03109	0.67505	0.05792	0.07316	0.01585	0.00914	0.00244	0.00366	0.01402	0.00854	0.00732
17	0.01074	0.00792	0.01004	0.00951	0.01144	0.00722	0.00713	0.01417	0.02139	0.02976	0.59698	0.06010	0.15206	0.01635	0.00915	0.00246	0.00369	0.01433	0.00836	0.00722
18	0.01604	0.01636	0.05674	0.40816	0.21634	0.01736	0.04534	0.02185	0.04256	0.02212	0.01517	0.02094	0.01191	0.01026	0.04451	0.00303	0.01058	0.00708	0.00378	0.00986
19	0.02073	0.73217	0.04063	0.01327	0.01990	0.03068	0.01327	0.02322	0.01575	0.01824	0.01078	0.01244	0.00995	0.00663	0.00498	0.00166	0.00829	0.00415	0.00332	0.00995
20	0.03479	0.01320	0.01799	0.01380	0.01979	0.01140	0.01140	0.03779	0.02219	0.68451	0.03059	0.02639	0.01919	0.00960	0.00780	0.00240	0.00660	0.00780	0.00960	0.01320
21	0.01108	0.00831	0.01246	0.01246	0.01385	0.00969	0.00969	0.01385	0.01246	0.01800	0.02077	0.03046	0.01938	0.05815	0.69678	0.01246	0.02077	0.00831	0.00415	0.00692
22	0.01582	0.07640	0.65342	0.02164	0.03284	0.01867	0.02784	0.02448	0.01634	0.02422	0.01375	0.01616	0.00983	0.00733	0.00724	0.00241	0.01129	0.00565	0.00328	0.01138
23	0.02808	0.03528	0.02283	0.02247	0.08318	0.63511	0.01578	0.03031	0.02158	0.01955	0.01222	0.01445	0.01019	0.00789	0.00705	0.00203	0.01355	0.00517	0.00398	0.00929
24	0.03479	0.01320	0.01799	0.01380	0.01979	0.01140	0.01140	0.03779	0.02219	0.68451	0.03059	0.02639	0.01919	0.00960	0.00780	0.00240	0.00660	0.00780	0.00960	0.01320
25	0.01565	0.01442	0.02364	0.64092	0.08127	0.01765	0.02128	0.05378	0.01672	0.02162	0.01408	0.02049	0.01058	0.00780	0.00775	0.00256	0.01019	0.00690	0.00369	0.00903
26	0.01124	0.00746	0.00893	0.00909	0.00924	0.00753	0.00545	0.01136	0.01162	0.01560	0.02508	0.10807	0.02862	0.56546	0.08806	0.05752	0.00824	0.01172	0.00479	0.00493
27	0.00956	0.00683	0.00913	0.01093	0.01143	0.00640	0.00740	0.01099	0.01496	0.01992	0.04267	0.69857	0.05103	0.02418	0.00993	0.00316	0.00460	0.04479	0.00720	0.00633
28	0.01445	0.00723	0.00723	0.00723	0.00903	0.00723	0.00542	0.01807	0.01626	0.02891	0.02529	0.02891	0.01987	0.00903	0.00542	0.00181	0.00361	0.00723	0.77055	0.00723
29	0.02073	0.73217	0.04063	0.01327	0.01990	0.03068	0.01327	0.02322	0.01575	0.01824	0.01078	0.01244	0.00995	0.00663	0.00498	0.00166	0.00829	0.00415	0.00332	0.00995
30	0.01773	0.01980	0.04222	0.13880	0.04254	0.01923	0.55219	0.02405	0.01786	0.02405	0.01539	0.02088	0.01154	0.00673	0.00893	0.00261	0.01264	0.00880	0.00385	0.01017
31	0.01249	0.01057	0.01321	0.01305	0.01464	0.06388	0.01011	0.01520	0.01321	0.01808	0.02008	0.02916	0.01864	0.05419	0.64235	0.01164	0.02023	0.00805	0.00414	0.00709
32	0.01108	0.00831	0.01246	0.01246	0.01385	0.00969	0.00969	0.01385	0.01246	0.01800	0.02077	0.03046	0.01938	0.05815	0.69678	0.01246	0.02077	0.00831	0.00415	0.00692
33	0.00970	0.00693	0.00929	0.01108	0.01164	0.00651	0.00763	0.01123	0.01509	0.02007	0.04260	0.67003	0.05073	0.02405	0.00996	0.00318	0.00472	0.07198	0.00719	0.00637
34	0.13899	0.01420	0.01650	0.01333	0.01866	0.03464	0.01083	0.03402	0.08706	0.45612	0.05267	0.02704	0.04164	0.00986	0.00744	0.00242	0.00650	0.00780	0.00843	0.01184
35	0.02982	0.02116	0.02293	0.01758	0.02377	0.02322	0.01452	0.61315	0.03553	0.09032	0.01940	0.01912	0.01358	0.00933	0.00776	0.00233	0.00841	0.00703	0.00788	0.01319
36	0.01608	0.01378	0.01608	0.01148	0.01837	0.01034	0.00919	0.01952	0.01608	0.02527	0.01378	0.01608	0.01148	0.00574	0.00574	0.00115	0.00574	0.00459	0.00459	0.77491
37	0.01882	0.11307	0.46382	0.04937	0.06543	0.01857	0.02408	0.02591	0.01710	0.11034	0.01578	0.01756	0.01122	0.00757	0.00718	0.00235	0.01029	0.00593	0.00415	0.01144
38	0.00941	0.00691	0.00883	0.01037	0.01113	0.00633	0.00701	0.01084	0.01525	0.01996	0.04790	0.62909	0.14131	0.02362	0.00979	0.00307	0.00442	0.02122	0.00720	0.00633
39	0.01326	0.02514	0.35618	0.05946	0.02612	0.01361	0.04332	0.01933	0.01728	0.02376	0.09225	0.03811	0.21696	0.01182	0.00816	0.00252	0.00848	0.00988	0.00496	0.00939
40	0.00995	0.00773	0.00905	0.00904	0.01104	0.00683	0.00666	0.01254	0.01906	0.02500	0.32100	0.15528	0.34162	0.01870	0.00926	0.00262	0.00389	0.01616	0.00775	0.00683
41	0.01704	0.01760	0.04881	0.06024	0.11221	0.06801	0.15620	0.06315	0.07483	0.02500	0.03050	0.07857	0.13177	0.01374	0.04090	0.00304	0.00952	0.03387	0.00538	0.00962
42	0.01698	0.03015	0.35445	0.02759	0.03717	0.01884	0.35154	0.02470	0.01737	0.02470	0.01483	0.01873	0.01083	0.00694	0.00829	0.00254	0.01230	0.00750	0.00361	0.01094
43	0.01789	0.01781	0.02238	0.01929	0.01992	0.07067	0.01580	0.04842	0.01373	0.01986	0.01184	0.01913	0.01160	0.05333	0.04712	0.00378	0.56826	0.00696	0.00374	0.00848
44	0.10506	0.06799	0.02233	0.01833	0.02286	0.45820	0.04320	0.08704	0.02169	0.02377	0.01621	0.01781	0.04643	0.00853	0.00695	0.00211	0.01175	0.00586	0.00457	0.00931
45	0.07130	0.07098	0.25172	0.01968	0.05209	0.01897	0.05993	0.10594	0.04937	0.02851	0.06251	0.02058	0.01601	0.00887	0.00907	0.00242	0.07998	0.00681	0.02919	0.03603

[dist]
# distance from previous block
# <min> <max>
1	10

[block]
# block no. 4 follows, 25 sequences, length 34
# corresponding to MSA columns:
# 480-513
name=unknown_E
#
# <colnr> <probs for GDERKNQSTAVLIFYWHMCP>
#	G	D	E	R	K	N	Q	S	T	A	V	L	I	F	Y	W	H	M	C	P
0	0.05913	0.08031	0.15003	0.15435	0.11919	0.01974	0.04766	0.10658	0.01899	0.08371	0.01537	0.01848	0.01156	0.00828	0.00896	0.00246	0.07326	0.00649	0.00464	0.01081
1	0.25916	0.05838	0.11419	0.01612	0.04635	0.09206	0.03717	0.05742	0.09265	0.02927	0.01879	0.02025	0.04105	0.00844	0.00645	0.00231	0.00801	0.00627	0.07595	0.00972
2	0.05399	0.02130	0.07358	0.08398	0.06635	0.12992	0.08209	0.11492	0.08389	0.02761	0.05123	0.07401	0.01959	0.01052	0.00887	0.00254	0.04523	0.03500	0.00538	0.01002
3	0.01609	0.01950	0.14944	0.10117	0.06605	0.01359	0.04612	0.02104	0.01627	0.02445	0.01395	0.01711	0.01108	0.00641	0.00658	0.00171	0.00797	0.00545	0.00412	0.45189
4	0.00948	0.00790	0.00834	0.00860	0.01103	0.00675	0.00656	0.01156	0.01755	0.02109	0.07328	0.10873	0.58617	0.02004	0.00934	0.00273	0.00425	0.07281	0.00719	0.00659
5	0.01705	0.01647	0.02494	0.34248	0.19771	0.04702	0.05005	0.02276	0.05530	0.02290	0.01505	0.01986	0.01183	0.00738	0.00749	0.00229	0.00945	0.00670	0.00402	0.11926
6	0.01222	0.01033	0.01090	0.01050	0.01351	0.01021	0.00810	0.01982	0.19489	0.02474	0.09378	0.06205	0.42936	0.01706	0.00891	0.00267	0.00471	0.05060	0.00745	0.00819
7	0.01079	0.00792	0.01011	0.00956	0.01147	0.00724	0.00717	0.01427	0.02151	0.03005	0.61346	0.05964	0.13540	0.01624	0.00915	0.00246	0.00369	0.01426	0.00840	0.00724
8	0.01108	0.00831	0.01246	0.01246	0.01385	0.00969	0.00969	0.01385	0.01246	0.01800	0.02077	0.03046	0.01938	0.05815	0.69678	0.01246	0.02077	0.00831	0.00415	0.00692
9	0.01097	0.00793	0.01036	0.00975	0.01158	0.00732	0.00732	0.01463	0.02195	0.03109	0.67505	0.05792	0.07316	0.01585	0.00914	0.00244	0.00366	0.01402	0.00854	0.00732
10	0.01608	0.01378	0.01608	0.01148	0.01837	0.01034	0.00919	0.01952	0.01608	0.02527	0.01378	0.01608	0.01148	0.00574	0.00574	0.00115	0.00574	0.00459	0.00459	0.77491
11	0.02947	0.02172	0.02327	0.01784	0.02404	0.02404	0.01474	0.65329	0.03646	0.04887	0.01862	0.01862	0.01319	0.00931	0.00776	0.00233	0.00853	0.00698	0.00776	0.01319
12	0.01696	0.01696	0.02375	0.02036	0.02036	0.02375	0.01696	0.01866	0.01187	0.01866	0.01018	0.01696	0.01018	0.01357	0.02545	0.00339	0.71332	0.00679	0.00339	0.00848
13	0.00945	0.00675	0.00900	0.01080	0.01125	0.00630	0.00720	0.01080	0.01484	0.01979	0.04274	0.72245	0.05128	0.02429	0.00990	0.00315	0.00450	0.02204	0.00720	0.00630
14	0.01109	0.00823	0.01209	0.01209	0.01335	0.00949	0.00923	0.01361	0.01235	0.01772	0.02111	0.03234	0.02020	0.12020	0.63584	0.01200	0.01954	0.00858	0.00420	0.00672
15	0.01651	0.01629	0.02287	0.01974	0.01985	0.02265	0.01640	0.01829	0.01192	0.01861	0.01100	0.01801	0.01089	0.01704	0.07770	0.00410	0.65941	0.00690	0.00345	0.00836
16	0.01222	0.00884	0.01211	0.01374	0.01560	0.00873	0.01194	0.01565	0.01783	0.02302	0.04418	0.08639	0.09734	0.02127	0.01058	0.00349	0.00687	0.57597	0.00714	0.00709
17	0.00945	0.00675	0.00900	0.01080	0.01125	0.00630	0.00720	0.01080	0.01484	0.01979	0.04274	0.72245	0.05128	0.02429	0.00990	0.00315	0.00450	0.02204	0.00720	0.00630
18	0.01128	0.00752	0.00846	0.00846	0.00846	0.00752	0.00470	0.01128	0.01128	0.01503	0.02443	0.05074	0.02819	0.72751	0.03946	0.00752	0.00752	0.01128	0.00470	0.00470
19	0.01555	0.04011	0.68733	0.02210	0.03356	0.01801	0.02865	0.02455	0.01637	0.02455	0.01391	0.01637	0.00982	0.00737	0.00737	0.00246	0.01146	0.00573	0.00327	0.01146
20	0.00945	0.00675	0.00900	0.01080	0.01125	0.00630	0.00720	0.01080	0.01484	0.01979	0.04274	0.72245	0.05128	0.02429	0.00990	0.00315	0.00450	0.02204	0.00720	0.00630
21	0.01128	0.00752	0.00846	0.00846	0.00846	0.00752	0.00470	0.01128	0.01128	0.01503	0.02443	0.05074	0.02819	0.72751	0.03946	0.00752	0.00752	0.01128	0.00470	0.00470
22	0.01919	0.01842	0.03147	0.04759	0.67914	0.01842	0.02380	0.02380	0.01765	0.02533	0.01458	0.01919	0.01228	0.00691	0.00768	0.00230	0.00921	0.00691	0.00384	0.01228
23	0.02896	0.03695	0.02197	0.01998	0.02397	0.69638	0.01498	0.03096	0.02197	0.01898	0.01199	0.01398	0.00999	0.00799	0.00699	0.00200	0.01398	0.00499	0.00400	0.00899
24	0.06907	0.01942	0.02145	0.01652	0.02261	0.02080	0.01365	0.47982	0.03199	0.19410	0.02097	0.02009	0.01432	0.00927	0.00762	0.00235	0.00796	0.00703	0.00803	0.01294
25	0.01249	0.00892	0.01249	0.01428	0.01606	0.00892	0.01249	0.01606	0.01785	0.02320	0.04105	0.08746	0.04462	0.02142	0.01071	0.00357	0.00714	0.62695	0.00714	0.00714
26	0.01464	0.01378	0.02326	0.70887	0.05340	0.01723	0.02153	0.01981	0.01550	0.01981	0.01378	0.02067	0.01034	0.00775	0.00775	0.00258	0.01034	0.00689	0.00345	0.00861
27	0.03479	0.01320	0.01799	0.01380	0.01979	0.01140	0.01140	0.03779	0.02219	0.68451	0.03059	0.02639	0.01919	0.00960	0.00780	0.00240	0.00660	0.00780	0.00960	0.01320
28	0.01131	0.00844	0.01057	0.00995	0.01200	0.00796	0.00749	0.01591	0.05995	0.03029	0.58452	0.05765	0.12289	0.01586	0.00907	0.00247	0.00383	0.01391	0.00838	0.00754
29	0.01200	0.00859	0.01185	0.01309	0.01482	0.00844	0.01107	0.01549	0.01862	0.02481	0.18366	0.11166	0.05136	0.02031	0.01032	0.00330	0.00623	0.45979	0.00746	0.00714
30	0.01555	0.04011	0.68733	0.02210	0.03356	0.01801	0.02865	0.02455	0.01637	0.02455	0.01391	0.01637	0.00982	0.00737	0.00737	0.00246	0.01146	0.00573	0.00327	0.01146
31	0.01701	0.01656	0.01880	0.01689	0.01841	0.10355	0.01354	0.02161	0.09315	0.02073	0.01672	0.02238	0.01484	0.02453	0.20471	0.00554	0.31095	0.00724	0.04434	0.00851
32	0.01785	0.01847	0.02358	0.04743	0.02195	0.07825	0.01698	0.01971	0.01284	0.01873	0.01047	0.01687	0.01017	0.01289	0.02325	0.00325	0.62870	0.00664	0.00344	0.00853
33	0.23339	0.12908	0.11854	0.01784	0.04706	0.11349	0.06007	0.08475	0.01834	0.02813	0.04220	0.01693	0.01286	0.00805	0.00728	0.00229	0.03952	0.00579	0.00454	0.00985

[dist]
# distance from previous block
# <min> <max>
0	10

[block]
# block no. 5 follows, 25 sequences, length 48
# corresponding to MSA columns:
# 524-531,537-576
name=unknown_F
#
# <colnr> <probs for GDERKNQSTAVLIFYWHMCP>
#	G	D	E	R	K	N	Q	S	T	A	V	L	I	F	Y	W	H	M	C	P
0	0.08173	0.33817	0.22629	0.01650	0.02416	0.07250	0.01760	0.07368	0.01803	0.04852	0.01314	0.01472	0.01038	0.00731	0.00613	0.00206	0.00941	0.00504	0.00405	0.01058
1	0.02361	0.13522	0.11382	0.02321	0.13962	0.21525	0.01765	0.10296	0.08124	0.05243	0.01588	0.01743	0.01239	0.00797	0.00706	0.00217	0.01026	0.00600	0.00481	0.01102
2	0.01184	0.00888	0.01106	0.01071	0.01277	0.00861	0.00784	0.03719	0.01546	0.02140	0.05600	0.20254	0.12609	0.11002	0.19734	0.00573	0.00938	0.01276	0.03517	0.09918
3	0.01682	0.01422	0.01648	0.01184	0.01869	0.01110	0.00950	0.05484	0.01721	0.02658	0.01405	0.01622	0.01158	0.00594	0.00585	0.00121	0.00590	0.00473	0.00477	0.73246
4	0.01714	0.01375	0.01619	0.01162	0.01846	0.01040	0.00931	0.02056	0.01643	0.06270	0.01474	0.01666	0.01192	0.00596	0.00586	0.00122	0.00579	0.00478	0.00488	0.73165
5	0.00938	0.00756	0.00836	0.00881	0.01077	0.00654	0.00636	0.01130	0.01722	0.02139	0.11370	0.25124	0.45899	0.02063	0.00936	0.00275	0.00406	0.01775	0.00730	0.00654
6	0.01770	0.02476	0.23032	0.03091	0.24669	0.01826	0.12209	0.02679	0.12496	0.02612	0.01839	0.02285	0.01459	0.00815	0.00797	0.00250	0.00992	0.03103	0.00448	0.01154
7	0.01097	0.00793	0.01036	0.00975	0.01158	0.00732	0.00732	0.01463	0.02195	0.03109	0.67505	0.05792	0.07316	0.01585	0.00914	0.00244	0.00366	0.01402	0.00854	0.00732
8	0.01826	0.01604	0.01596	0.06812	0.02055	0.09652	0.01163	0.02958	0.31370	0.06791	0.03644	0.12148	0.12504	0.01310	0.00822	0.00260	0.00689	0.01097	0.00699	0.01001
9	0.00987	0.00771	0.00895	0.00899	0.01100	0.00679	0.00661	0.01236	0.01882	0.02449	0.29179	0.16581	0.36121	0.01895	0.00927	0.00263	0.00391	0.01636	0.00769	0.00679
10	0.01616	0.01044	0.01271	0.01111	0.01396	0.01024	0.00863	0.11562	0.02368	0.08862	0.45869	0.04648	0.05437	0.01368	0.00847	0.00236	0.00465	0.01178	0.07965	0.00871
11	0.01693	0.01733	0.04869	0.35019	0.25907	0.04605	0.04562	0.02247	0.04286	0.02250	0.01597	0.04910	0.01325	0.00821	0.00783	0.00249	0.00984	0.00757	0.00395	0.01009
12	0.78228	0.01499	0.01140	0.01020	0.01499	0.01739	0.00840	0.02279	0.01320	0.03479	0.01080	0.01260	0.00840	0.00720	0.00480	0.00240	0.00600	0.00420	0.00480	0.00840
13	0.01832	0.01897	0.06751	0.14326	0.55059	0.01822	0.02374	0.02325	0.01727	0.02448	0.01443	0.01925	0.01186	0.00706	0.00767	0.00235	0.00950	0.00684	0.00375	0.01170
14	0.01572	0.03895	0.64857	0.02274	0.03398	0.01810	0.06625	0.02457	0.01649	0.02457	0.01402	0.01664	0.00994	0.00732	0.00747	0.00247	0.01156	0.00594	0.00331	0.01140
15	0.02073	0.73217	0.04063	0.01327	0.01990	0.03068	0.01327	0.02322	0.01575	0.01824	0.01078	0.01244	0.00995	0.00663	0.00498	0.00166	0.00829	0.00415	0.00332	0.00995
16	0.00942	0.00786	0.00820	0.00812	0.01063	0.00665	0.00609	0.01162	0.01827	0.02236	0.16163	0.07229	0.59203	0.01911	0.00916	0.00259	0.00389	0.01604	0.00739	0.00665
17	0.01838	0.01102	0.01142	0.01000	0.01296	0.01162	0.00786	0.18414	0.02154	0.03412	0.02355	0.02622	0.01813	0.00911	0.00603	0.00194	0.00490	0.00716	0.57113	0.00878
