[name]
unknown

[dist]
# distance from previous block
# <min> <max>
2	77

[block]
# block no. 0 follows, 34 sequences, length 46
# corresponding to MSA columns:
# 93-138
name=unknown_A
#
# <colnr> <probs for GDERKNQSTAVLIFYWHMCP>
#	G	D	E	R	K	N	Q	S	T	A	V	L	I	F	Y	W	H	M	C	P
0	0.04888	0.04973	0.03692	0.03962	0.06580	0.06399	0.04781	0.04855	0.05176	0.08832	0.03899	0.04919	0.06088	0.09515	0.05939	0.02626	0.02557	0.00711	0.03819	0.05788
1	0.01882	0.05801	0.01820	0.10071	0.10513	0.03941	0.01225	0.20822	0.13233	0.11220	0.01915	0.09255	0.01586	0.02917	0.00721	0.00215	0.00662	0.00727	0.00544	0.00932
2	0.04131	0.03666	0.06454	0.10968	0.08269	0.05049	0.01221	0.17955	0.06635	0.05574	0.04139	0.04185	0.03089	0.09962	0.05644	0.00303	0.00770	0.00683	0.00472	0.00832
3	0.04407	0.09455	0.03944	0.07818	0.01892	0.08575	0.01106	0.20235	0.08431	0.05524	0.03974	0.06592	0.04667	0.03218	0.05371	0.00259	0.00749	0.00687	0.00499	0.02597
4	0.03633	0.03583	0.06810	0.01206	0.03269	0.04799	0.00985	0.14555	0.06350	0.04005	0.19681	0.05618	0.08248	0.07415	0.03318	0.00267	0.02290	0.02652	0.00552	0.00765
5	0.01631	0.13172	0.08423	0.03620	0.09003	0.05231	0.01289	0.09717	0.14878	0.03945	0.03496	0.02003	0.01436	0.03590	0.04858	0.00259	0.07220	0.02534	0.00441	0.03253
6	0.03952	0.12544	0.08454	0.05191	0.05777	0.10447	0.01204	0.11649	0.07798	0.07225	0.05757	0.03930	0.01498	0.00750	0.00585	0.00181	0.00688	0.00587	0.05455	0.06328
7	0.01744	0.04163	0.12758	0.09799	0.13319	0.09193	0.05795	0.09697	0.05189	0.09898	0.01800	0.02062	0.05547	0.05272	0.00799	0.00223	0.00788	0.00635	0.00436	0.00886
8	0.17619	0.03426	0.01629	0.01477	0.08163	0.01596	0.01078	0.22522	0.05570	0.05235	0.01436	0.01857	0.01207	0.10438	0.03320	0.00286	0.11239	0.00585	0.00472	0.00843
9	0.01412	0.01105	0.01297	0.00982	0.01479	0.00887	0.00776	0.05728	0.01462	0.06056	0.01692	0.09741	0.03794	0.00720	0.00545	0.00129	0.00480	0.00600	0.00452	0.60665
10	0.00796	0.00566	0.00747	0.00888	0.00923	0.00531	0.00587	0.00902	0.01219	0.01626	0.03471	0.72563	0.04159	0.06488	0.00971	0.00284	0.00390	0.01784	0.00587	0.00517
11	0.08446	0.06766	0.18103	0.03492	0.10786	0.07278	0.03372	0.19594	0.01839	0.08788	0.01326	0.01472	0.00981	0.00688	0.00671	0.00197	0.04295	0.00521	0.00436	0.00949
12	0.56722	0.14198	0.01599	0.01070	0.01493	0.06034	0.04643	0.01944	0.01199	0.02501	0.00926	0.01104	0.00749	0.00610	0.00488	0.00191	0.03044	0.00383	0.00367	0.00734
13	0.00818	0.00651	0.00733	0.00724	0.00909	0.00567	0.00539	0.01028	0.01583	0.02035	0.29519	0.09923	0.45589	0.01549	0.00767	0.00216	0.00322	0.01324	0.00639	0.00567
14	0.01463	0.01425	0.02133	0.46455	0.24567	0.06692	0.01790	0.04399	0.01448	0.01872	0.01173	0.01640	0.00916	0.00631	0.00640	0.00204	0.00850	0.00564	0.00313	0.00825
15	0.00846	0.00658	0.00768	0.00741	0.00923	0.00580	0.00556	0.01086	0.01667	0.02206	0.42698	0.05460	0.36560	0.01465	0.00763	0.00210	0.00315	0.01257	0.00661	0.00580
16	0.00800	0.00579	0.00758	0.00887	0.00946	0.00537	0.00606	0.00933	0.01294	0.01719	0.07864	0.66085	0.08809	0.01951	0.00819	0.00257	0.00374	0.03642	0.00606	0.00533
17	0.01727	0.77681	0.03386	0.01106	0.01658	0.02557	0.01106	0.01935	0.01313	0.01520	0.00898	0.01036	0.00829	0.00553	0.00415	0.00138	0.00691	0.00345	0.00276	0.00829
18	0.00798	0.00570	0.00762	0.00912	0.00954	0.00534	0.00618	0.00918	0.01248	0.01661	0.03555	0.73961	0.04250	0.02014	0.00828	0.00264	0.00384	0.04641	0.00600	0.00528
19	0.01835	0.01501	0.01589	0.01361	0.01767	0.01714	0.01078	0.21600	0.53557	0.03070	0.02340	0.02180	0.01738	0.00850	0.00654	0.00212	0.00565	0.00691	0.00654	0.01043
20	0.01220	0.01148	0.01938	0.75739	0.04450	0.01436	0.01794	0.01651	0.01292	0.01651	0.01148	0.01723	0.00861	0.00646	0.00646	0.00215	0.00861	0.00574	0.00287	0.00718
21	0.00781	0.00650	0.00682	0.00685	0.00886	0.00551	0.00510	0.00957	0.01498	0.01832	0.13569	0.09911	0.62019	0.01623	0.00767	0.00219	0.00327	0.01368	0.00612	0.00551
22	0.00872	0.00659	0.00804	0.00768	0.00939	0.00591	0.00576	0.01136	0.01728	0.02351	0.54076	0.05222	0.25091	0.01410	0.00763	0.00207	0.00311	0.01224	0.00680	0.00591
23	0.02764	0.01107	0.01489	0.01166	0.01645	0.00981	0.00967	0.05877	0.01876	0.66315	0.02562	0.02490	0.01711	0.00860	0.00665	0.00206	0.00559	0.04910	0.00781	0.01068
24	0.81856	0.01250	0.00950	0.00850	0.01250	0.01449	0.00700	0.01899	0.01100	0.02899	0.00900	0.01050	0.00700	0.00600	0.00400	0.00200	0.00500	0.00350	0.00400	0.00700
25	0.01340	0.01148	0.01340	0.00957	0.01531	0.00861	0.00766	0.01627	0.01340	0.02105	0.01148	0.01340	0.00957	0.00479	0.00479	0.00096	0.00479	0.00383	0.00383	0.81242
26	0.00920	0.00667	0.00929	0.00938	0.01016	0.00742	0.00680	0.01080	0.01022	0.01439	0.01916	0.07054	0.01965	0.24950	0.50734	0.00881	0.01348	0.00824	0.00373	0.00522
27	0.01204	0.00602	0.00602	0.00602	0.00753	0.00602	0.00452	0.01506	0.01355	0.02409	0.02108	0.02409	0.01656	0.00753	0.00452	0.00151	0.00301	0.00602	0.80879	0.00602
28	0.01655	0.01412	0.01488	0.01325	0.01698	0.01629	0.01034	0.07229	0.68221	0.02780	0.02569	0.02362	0.01923	0.00871	0.00657	0.00218	0.00523	0.00722	0.00657	0.01027
29	0.01059	0.00780	0.01141	0.01245	0.01412	0.00776	0.03548	0.01365	0.01489	0.01939	0.03345	0.07089	0.03620	0.01740	0.00888	0.00295	0.00613	0.66467	0.00585	0.00605
30	0.00928	0.00749	0.00838	0.00822	0.01021	0.00711	0.00613	0.01359	0.11519	0.02105	0.24142	0.13946	0.35886	0.01489	0.00756	0.00220	0.00353	0.01278	0.00639	0.00628
31	0.00787	0.00562	0.00750	0.00900	0.00937	0.00525	0.00600	0.00900	0.01237	0.01649	0.03561	0.76871	0.04274	0.02024	0.00825	0.00262	0.00375	0.01837	0.00600	0.00525
32	0.58292	0.01282	0.01161	0.00976	0.01407	0.01415	0.00804	0.09634	0.01452	0.16445	0.01283	0.01322	0.00913	0.00657	0.00474	0.00199	0.00532	0.00432	0.00502	0.00819
33	0.01727	0.77681	0.03386	0.01106	0.01658	0.02557	0.01106	0.01935	0.01313	0.01520	0.00898	0.01036	0.00829	0.00553	0.00415	0.00138	0.00691	0.00345	0.00276	0.00829
34	0.00817	0.00584	0.00787	0.00933	0.00984	0.00555	0.00651	0.00951	0.01257	0.01674	0.03497	0.67727	0.04144	0.02077	0.02855	0.00287	0.00434	0.08658	0.00592	0.00533
35	0.81856	0.01250	0.00950	0.00850	0.01250	0.01449	0.00700	0.01899	0.01100	0.02899	0.00900	0.01050	0.00700	0.00600	0.00400	0.00200	0.00500	0.00350	0.00400	0.00700
36	0.02899	0.01100	0.01499	0.01150	0.01649	0.00950	0.00950	0.03149	0.01849	0.73709	0.02549	0.02199	0.01599	0.00800	0.00650	0.00200	0.00550	0.00650	0.00800	0.01100
37	0.01519	0.13697	0.45548	0.01867	0.06377	0.09589	0.06076	0.02133	0.03813	0.01948	0.01166	0.01366	0.00881	0.00613	0.00594	0.00192	0.00923	0.00483	0.00299	0.00916
38	0.00874	0.00659	0.00807	0.00770	0.00940	0.00592	0.00578	0.01140	0.01733	0.02363	0.55000	0.05202	0.24160	0.01406	0.00763	0.00207	0.00311	0.01221	0.00681	0.00592
39	0.00803	0.00637	0.00712	0.00740	0.00889	0.00574	0.00527	0.00944	0.01327	0.01647	0.05028	0.18736	0.45516	0.11094	0.07563	0.00347	0.00495	0.01341	0.00553	0.00526
40	0.01599	0.01535	0.02623	0.03966	0.73262	0.01535	0.01983	0.01983	0.01471	0.02111	0.01215	0.01599	0.01023	0.00576	0.00640	0.00192	0.00768	0.00576	0.00320	0.01023
41	0.00834	0.00657	0.00753	0.00729	0.00916	0.00576	0.00547	0.01064	0.01640	0.02142	0.37675	0.05566	0.41623	0.01488	0.00763	0.00211	0.00317	0.01272	0.00652	0.00576
42	0.01296	0.03342	0.73944	0.01842	0.02797	0.01501	0.02387	0.02046	0.01364	0.02046	0.01160	0.01364	0.00818	0.00614	0.00614	0.00205	0.00955	0.00477	0.00273	0.00955
43	0.01505	0.01355	0.02166	0.34435	0.15843	0.01512	0.08891	0.13352	0.01680	0.02262	0.07457	0.01935	0.01396	0.00715	0.00705	0.00208	0.02699	0.00647	0.00394	0.00843
44	0.01266	0.01070	0.01261	0.00949	0.01452	0.00816	0.00743	0.01529	0.01326	0.02044	0.01472	0.11472	0.01402	0.00686	0.00525	0.00118	0.00465	0.00578	0.00412	0.70414
45	0.42063	0.10269	0.03996	0.01075	0.03246	0.03436	0.00878	0.01783	0.03262	0.02301	0.03305	0.01777	0.03507	0.08384	0.03149	0.00267	0.05697	0.00513	0.00389	0.00702

[dist]
# distance from previous block
# <min> <max>
0	2

[block]
# block no. 1 follows, 34 sequences, length 14
# corresponding to MSA columns:
# 141-154
name=unknown_B
#
# <colnr> <probs for GDERKNQSTAVLIFYWHMCP>
#	G	D	E	R	K	N	Q	S	T	A	V	L	I	F	Y	W	H	M	C	P
0	0.81856	0.01250	0.00950	0.00850	0.01250	0.01449	0.00700	0.01899	0.01100	0.02899	0.00900	0.01050	0.00700	0.00600	0.00400	0.00200	0.00500	0.00350	0.00400	0.00700
1	0.01727	0.77681	0.03386	0.01106	0.01658	0.02557	0.01106	0.01935	0.01313	0.01520	0.00898	0.01036	0.00829	0.00553	0.00415	0.00138	0.00691	0.00345	0.00276	0.00829
2	0.01296	0.03342	0.73944	0.01842	0.02797	0.01501	0.02387	0.02046	0.01364	0.02046	0.01160	0.01364	0.00818	0.00614	0.00614	0.00205	0.00955	0.00477	0.00273	0.00955
3	0.02203	0.01364	0.01536	0.01246	0.01675	0.01449	0.01007	0.26512	0.20937	0.22359	0.02174	0.02056	0.01533	0.00806	0.00627	0.00197	0.00566	0.00642	0.10090	0.01021
4	0.01220	0.01148	0.01938	0.75739	0.04450	0.01436	0.01794	0.01651	0.01292	0.01651	0.01148	0.01723	0.00861	0.00646	0.00646	0.00215	0.00861	0.00574	0.00287	0.00718
5	0.01540	0.01558	0.02132	0.14414	0.40131	0.11682	0.01645	0.01855	0.01444	0.01882	0.01470	0.11493	0.01394	0.00812	0.00714	0.00205	0.03699	0.00719	0.00352	0.00859
6	0.01122	0.00561	0.00842	0.00842	0.00842	0.00561	0.00561	0.00842	0.00842	0.01122	0.01122	0.01964	0.01122	0.02245	0.02525	0.81201	0.00561	0.00561	0.00281	0.00281
7	0.61827	0.01224	0.01047	0.00876	0.01320	0.01303	0.00716	0.01832	0.01159	0.02702	0.00962	0.01122	0.00764	0.00570	0.00419	0.00174	0.00495	0.00358	0.00396	0.20736
8	0.01293	0.01095	0.01288	0.00941	0.01469	0.00834	0.00749	0.01582	0.01393	0.02159	0.09012	0.01722	0.01520	0.00571	0.00510	0.00107	0.00459	0.00469	0.00419	0.72408
9	0.01293	0.01119	0.01375	0.01054	0.01501	0.00985	0.00847	0.01556	0.01259	0.01961	0.01190	0.01507	0.01031	0.01132	0.10481	0.00242	0.09465	0.00445	0.00366	0.61191
10	0.01026	0.00718	0.00833	0.00800	0.00882	0.00719	0.00521	0.06101	0.01294	0.01745	0.14347	0.08499	0.06993	0.47652	0.04783	0.00492	0.00583	0.01021	0.00487	0.00503
11	0.01330	0.05528	0.01225	0.01042	0.01263	0.09716	0.00786	0.10450	0.05368	0.02098	0.11485	0.21048	0.13076	0.09392	0.00988	0.00259	0.00556	0.03168	0.00550	0.00671
12	0.12904	0.01955	0.09821	0.05223	0.15862	0.15738	0.05299	0.11204	0.04061	0.02331	0.01246	0.01493	0.00984	0.00888	0.04986	0.00240	0.00880	0.00518	0.00386	0.03981
13	0.25572	0.20124	0.02056	0.01435	0.05471	0.20650	0.04331	0.02196	0.06545	0.02088	0.01085	0.01249	0.00893	0.00640	0.00558	0.00181	0.03342	0.00432	0.00360	0.00792

[dist]
# distance from previous block
# <min> <max>
0	3

[block]
# block no. 2 follows, 34 sequences, length 20
# corresponding to MSA columns:
# 158-177
name=unknown_C
#
# <colnr> <probs for GDERKNQSTAVLIFYWHMCP>
#	G	D	E	R	K	N	Q	S	T	A	V	L	I	F	Y	W	H	M	C	P
0	0.01405	0.32236	0.30732	0.01371	0.01996	0.01765	0.01537	0.01870	0.03556	0.01797	0.01567	0.06274	0.03451	0.02966	0.00646	0.00200	0.00752	0.04707	0.00338	0.00832
1	0.05052	0.01603	0.01727	0.01384	0.01852	0.01772	0.01125	0.43094	0.22331	0.10299	0.01928	0.01838	0.01379	0.00800	0.00641	0.00202	0.00632	0.00622	0.00655	0.01063
2	0.01541	0.00993	0.01119	0.00998	0.01273	0.01055	0.00774	0.06147	0.24193	0.10963	0.12414	0.02745	0.02375	0.03420	0.04113	0.00244	0.00497	0.00743	0.23576	0.00817
3	0.00923	0.00692	0.01038	0.01038	0.01154	0.00808	0.00808	0.01154	0.01038	0.01500	0.01731	0.02538	0.01615	0.04846	0.74732	0.01038	0.01731	0.00692	0.00346	0.00577
4	0.00939	0.00630	0.00723	0.00723	0.00730	0.00637	0.00415	0.00952	0.00945	0.01267	0.02019	0.04134	0.02308	0.73230	0.07295	0.00650	0.00688	0.00926	0.00389	0.00402
5	0.04025	0.00810	0.01022	0.00998	0.01200	0.00780	0.00755	0.05588	0.03309	0.15337	0.12438	0.36090	0.05600	0.01522	0.00760	0.00238	0.00445	0.07734	0.00649	0.00701
6	0.04865	0.01293	0.01526	0.01188	0.01653	0.01283	0.00975	0.26166	0.02161	0.37227	0.02061	0.01938	0.01386	0.00769	0.00613	0.00189	0.00573	0.00603	0.09820	0.03712
7	0.01111	0.00835	0.01064	0.00972	0.01186	0.00803	0.03247	0.09555	0.01746	0.02405	0.31069	0.18999	0.12469	0.01369	0.00741	0.00214	0.00416	0.03820	0.04370	0.03608
8	0.02414	0.03079	0.01831	0.01665	0.01998	0.74698	0.01248	0.02580	0.01831	0.01581	0.00999	0.01165	0.00832	0.00666	0.00583	0.00166	0.01165	0.00416	0.00333	0.00749
9	0.01220	0.01148	0.01938	0.75739	0.04450	0.01436	0.01794	0.01651	0.01292	0.01651	0.01148	0.01723	0.00861	0.00646	0.00646	0.00215	0.00861	0.00574	0.00287	0.00718
10	0.02414	0.03079	0.01831	0.01665	0.01998	0.74698	0.01248	0.02580	0.01831	0.01581	0.00999	0.01165	0.00832	0.00666	0.00583	0.00166	0.01165	0.00416	0.00333	0.00749
11	0.01599	0.01535	0.02623	0.03966	0.73262	0.01535	0.01983	0.01983	0.01471	0.02111	0.01215	0.01599	0.01023	0.00576	0.00640	0.00192	0.00768	0.00576	0.00320	0.01023
12	0.01498	0.01442	0.02500	0.17212	0.53666	0.01494	0.05768	0.01893	0.01424	0.01999	0.01228	0.01667	0.01014	0.00753	0.03526	0.00231	0.00841	0.00590	0.00315	0.00940
13	0.02456	0.01810	0.01939	0.01487	0.02004	0.02004	0.01228	0.71107	0.03038	0.04072	0.01551	0.01551	0.01099	0.00776	0.00646	0.00194	0.00711	0.00582	0.00646	0.01099
14	0.00888	0.00702	0.00806	0.00772	0.00967	0.00641	0.00581	0.01222	0.05907	0.02217	0.38826	0.05307	0.35939	0.01436	0.00756	0.00211	0.00327	0.01230	0.00658	0.00606
15	0.01307	0.00632	0.00656	0.00635	0.00807	0.00623	0.00482	0.01605	0.01385	0.06710	0.02134	0.02396	0.01653	0.00756	0.00464	0.00154	0.00316	0.00605	0.76049	0.00632
16	0.00824	0.00657	0.00738	0.00717	0.00910	0.00571	0.00538	0.01043	0.01614	0.02082	0.32931	0.05665	0.46404	0.01511	0.00763	0.00212	0.00318	0.01286	0.00644	0.00571
17	0.01941	0.54471	0.02902	0.01280	0.01764	0.25001	0.01150	0.02136	0.01474	0.01539	0.00930	0.01077	0.00830	0.00588	0.00467	0.00147	0.00839	0.00367	0.00294	0.00804
18	0.00823	0.00592	0.00753	0.00867	0.00924	0.00555	0.00588	0.00936	0.01234	0.01621	0.03621	0.55428	0.10508	0.12606	0.01171	0.00312	0.00420	0.05960	0.00570	0.00512
19	0.01595	0.01547	0.02692	0.03893	0.69171	0.01541	0.06018	0.01988	0.01474	0.02109	0.01221	0.01608	0.01021	0.00574	0.00647	0.00193	0.00786	0.00587	0.00320	0.01015

[dist]
# distance from previous block
# <min> <max>
0	2

[block]
# block no. 3 follows, 34 sequences, length 80
# corresponding to MSA columns:
# 180-259
name=unknown_D
#
# <colnr> <probs for GDERKNQSTAVLIFYWHMCP>
#	G	D	E	R	K	N	Q	S	T	A	V	L	I	F	Y	W	H	M	C	P
0	0.04341	0.05419	0.27635	0.21085	0.19778	0.01522	0.01917	0.04406	0.01416	0.02029	0.01247	0.04115	0.01005	0.00665	0.00620	0.00203	0.00829	0.00566	0.00317	0.00886
1	0.81856	0.01250	0.00950	0.00850	0.01250	0.01449	0.00700	0.01899	0.01100	0.02899	0.00900	0.01050	0.00700	0.00600	0.00400	0.00200	0.00500	0.00350	0.00400	0.00700
2	0.01304	0.01229	0.02026	0.29805	0.24836	0.01326	0.06499	0.01766	0.05591	0.01941	0.05375	0.04406	0.09522	0.00812	0.00677	0.00209	0.00728	0.00749	0.00386	0.00811
3	0.01667	0.27712	0.16057	0.04763	0.15854	0.06713	0.09828	0.02054	0.01426	0.04776	0.01138	0.01379	0.00916	0.00602	0.00605	0.00181	0.02625	0.00494	0.00316	0.00893
4	0.00862	0.00678	0.00784	0.00777	0.00957	0.00613	0.00582	0.01139	0.04126	0.02099	0.31269	0.11600	0.36942	0.01527	0.00769	0.00219	0.00338	0.03488	0.00644	0.00587
5	0.00810	0.00645	0.00732	0.00774	0.00942	0.00567	0.00580	0.00989	0.01457	0.01819	0.11398	0.20844	0.45812	0.01704	0.00789	0.00234	0.00363	0.08378	0.00609	0.00552
6	0.01073	0.00898	0.01330	0.03936	0.01429	0.01081	0.03811	0.01287	0.01102	0.01596	0.01820	0.07114	0.03578	0.07272	0.36668	0.00651	0.18039	0.02774	0.03931	0.00610
7	0.01638	0.43921	0.20873	0.03587	0.07372	0.07218	0.03578	0.02008	0.01379	0.01720	0.01013	0.01208	0.00846	0.00580	0.00509	0.00165	0.00812	0.00419	0.00284	0.00868
8	0.00794	0.00567	0.00757	0.00907	0.00947	0.00530	0.00611	0.00911	0.01243	0.01657	0.03558	0.75084	0.04259	0.02018	0.00826	0.00263	0.00381	0.03559	0.00600	0.00527
9	0.02458	0.01081	0.01400	0.01110	0.01539	0.00988	0.00902	0.09918	0.01924	0.52083	0.09986	0.05232	0.03635	0.00913	0.00663	0.00201	0.00521	0.00754	0.03694	0.00997
10	0.03944	0.01740	0.14150	0.18020	0.34129	0.01494	0.06012	0.04529	0.01489	0.06490	0.01283	0.01613	0.00982	0.00616	0.00638	0.00201	0.00814	0.00569	0.00350	0.00938
11	0.01506	0.01422	0.03704	0.02933	0.46020	0.01409	0.03469	0.06784	0.04750	0.02262	0.08108	0.04942	0.05885	0.00803	0.00714	0.00202	0.03006	0.00731	0.00418	0.00930
12	0.01861	0.01196	0.01272	0.01044	0.01381	0.01284	0.00840	0.34801	0.02176	0.05680	0.01857	0.01992	0.01388	0.00765	0.00552	0.00173	0.00505	0.00594	0.39783	0.00857
13	0.01727	0.77681	0.03386	0.01106	0.01658	0.02557	0.01106	0.01935	0.01313	0.01520	0.00898	0.01036	0.00829	0.00553	0.00415	0.00138	0.00691	0.00345	0.00276	0.00829
14	0.00902	0.00660	0.00847	0.00800	0.00958	0.00604	0.00600	0.01196	0.01800	0.02522	0.67534	0.04939	0.11527	0.01347	0.00762	0.00204	0.00307	0.01184	0.00702	0.00604
15	0.00804	0.00571	0.00750	0.00881	0.00920	0.00536	0.00584	0.00915	0.01236	0.01653	0.06033	0.68407	0.04189	0.07977	0.01018	0.00289	0.00392	0.01741	0.00587	0.00517
16	0.00899	0.00662	0.00845	0.00822	0.00979	0.00608	0.00624	0.01179	0.01738	0.02401	0.56904	0.07650	0.14634	0.01419	0.00774	0.00214	0.00331	0.06035	0.00685	0.00597
17	0.01296	0.03342	0.73944	0.01842	0.02797	0.01501	0.02387	0.02046	0.01364	0.02046	0.01160	0.01364	0.00818	0.00614	0.00614	0.00205	0.00955	0.00477	0.00273	0.00955
18	0.02414	0.03079	0.01831	0.01665	0.01998	0.74698	0.01248	0.02580	0.01831	0.01581	0.00999	0.01165	0.00832	0.00666	0.00583	0.00166	0.01165	0.00416	0.00333	0.00749
19	0.00928	0.00673	0.00940	0.00940	0.01021	0.00754	0.00685	0.01090	0.01009	0.01427	0.01821	0.03038	0.01832	0.26278	0.53597	0.00917	0.01404	0.00765	0.00360	0.00522
20	0.00884	0.00649	0.00829	0.00807	0.00953	0.00593	0.00596	0.01153	0.01725	0.02397	0.58184	0.13263	0.12692	0.01434	0.00769	0.00212	0.00315	0.01265	0.00687	0.00593
21	0.01350	0.01157	0.01344	0.00970	0.01537	0.00889	0.00775	0.01693	0.03927	0.02127	0.01203	0.01379	0.00994	0.00493	0.00485	0.00100	0.00480	0.00396	0.00393	0.78309
22	0.81856	0.01250	0.00950	0.00850	0.01250	0.01449	0.00700	0.01899	0.01100	0.02899	0.00900	0.01050	0.00700	0.00600	0.00400	0.00200	0.00500	0.00350	0.00400	0.00700
23	0.01628	0.01576	0.02492	0.03651	0.64447	0.04083	0.01872	0.02132	0.07738	0.02145	0.01333	0.01656	0.01101	0.00605	0.00639	0.00193	0.00759	0.00584	0.00350	0.01014
24	0.00795	0.00568	0.00759	0.00909	0.00950	0.00532	0.00613	0.00913	0.01245	0.01658	0.03557	0.74725	0.04256	0.02017	0.00827	0.00263	0.00382	0.03905	0.00600	0.00527
25	0.04825	0.42948	0.08130	0.03625	0.06533	0.04183	0.01253	0.05755	0.03342	0.12069	0.01263	0.01351	0.00991	0.00622	0.00508	0.00166	0.00705	0.00445	0.00389	0.00898
26	0.04487	0.04768	0.18999	0.08838	0.19588	0.03196	0.09694	0.12605	0.01670	0.05860	0.01286	0.01540	0.00969	0.00647	0.00676	0.00201	0.03091	0.00559	0.00381	0.00945
27	0.00895	0.00644	0.00863	0.00974	0.01059	0.00635	0.00733	0.01069	0.01273	0.01685	0.03301	0.36471	0.06893	0.09695	0.09530	0.00396	0.00620	0.22177	0.00549	0.00540
28	0.57864	0.03439	0.03579	0.04539	0.05548	0.06922	0.04218	0.03642	0.01263	0.02632	0.00978	0.01172	0.00764	0.00606	0.00467	0.00197	0.00631	0.00406	0.00381	0.00751
29	0.00807	0.00583	0.00766	0.00888	0.00951	0.00542	0.00611	0.00948	0.01316	0.01756	0.10410	0.63595	0.08150	0.01927	0.00818	0.00256	0.00373	0.04156	0.00610	0.00537
30	0.74652	0.08121	0.01169	0.00873	0.01286	0.01549	0.00736	0.01903	0.01119	0.02775	0.00900	0.01048	0.00711	0.00596	0.00401	0.00194	0.00517	0.00349	0.00389	0.00711
31	0.00923	0.00692	0.01038	0.01038	0.01154	0.00808	0.00808	0.01154	0.01038	0.01500	0.01731	0.02538	0.01615	0.04846	0.74732	0.01038	0.01731	0.00692	0.00346	0.00577
32	0.03072	0.14977	0.50967	0.01667	0.02455	0.06496	0.01986	0.03878	0.03138	0.02004	0.01140	0.01324	0.00855	0.00632	0.00618	0.00194	0.02922	0.00461	0.00299	0.00915
33	0.01685	0.25956	0.06688	0.03764	0.07126	0.03442	0.21077	0.06202	0.03628	0.05394	0.01321	0.04186	0.01098	0.00680	0.00691	0.00192	0.05032	0.00600	0.00366	0.00874
34	0.00803	0.00604	0.00738	0.00823	0.00924	0.00547	0.00574	0.00948	0.01354	0.01755	0.10454	0.46088	0.24243	0.04165	0.00879	0.00257	0.00368	0.03337	0.00603	0.00536
35	0.01655	0.01554	0.02344	0.19557	0.47731	0.07102	0.01822	0.03497	0.01510	0.05255	0.01252	0.01620	0.01001	0.00613	0.00637	0.00196	0.00808	0.00567	0.00342	0.00940
36	0.01689	0.04042	0.19039	0.09019	0.25496	0.05878	0.09958	0.03749	0.03665	0.09242	0.01370	0.01615	0.01028	0.00628	0.00641	0.00199	0.00848	0.00571	0.00372	0.00950
37	0.00923	0.00727	0.00889	0.00923	0.04162	0.00674	0.00642	0.01237	0.04993	0.02201	0.38459	0.07982	0.28119	0.04181	0.00847	0.00226	0.00357	0.01207	0.00637	0.00615
38	0.02557	0.01700	0.01585	0.01302	0.01728	0.22227	0.01034	0.09232	0.01954	0.40656	0.07702	0.02053	0.01696	0.00801	0.00639	0.00190	0.00722	0.00618	0.00644	0.00959
39	0.01395	0.01190	0.01412	0.01091	0.04232	0.00934	0.00830	0.04500	0.01415	0.02187	0.01168	0.01358	0.00965	0.00494	0.00491	0.00103	0.00499	0.00398	0.00391	0.74945
40	0.03694	0.01439	0.02168	0.18607	0.12461	0.01720	0.07486	0.11370	0.01486	0.04552	0.01163	0.01573	0.00943	0.00820	0.01168	0.00232	0.27333	0.00585	0.00364	0.00835
41	0.00782	0.00584	0.00727	0.00841	0.00922	0.00530	0.00574	0.00906	0.01293	0.01672	0.04272	0.60039	0.20646	0.01932	0.00810	0.00252	0.00364	0.01724	0.00600	0.00530
42	0.00788	0.00656	0.00688	0.00680	0.00888	0.00556	0.00510	0.00974	0.01530	0.01881	0.17181	0.05995	0.62280	0.01586	0.00763	0.00216	0.00324	0.01332	0.00618	0.00556
43	0.00923	0.00692	0.01038	0.01038	0.01154	0.00808	0.00808	0.01154	0.01038	0.01500	0.01731	0.02538	0.01615	0.04846	0.74732	0.01038	0.01731	0.00692	0.00346	0.00577
44	0.01163	0.00607	0.00633	0.00632	0.00780	0.00601	0.00472	0.01459	0.01400	0.02406	0.09407	0.04750	0.02185	0.00847	0.00494	0.00159	0.00304	0.00695	0.70405	0.00601
45	0.02446	0.01715	0.01867	0.01444	0.01950	0.01878	0.01189	0.60370	0.07189	0.10706	0.01714	0.01667	0.01201	0.00784	0.00647	0.00196	0.00683	0.00597	0.00662	0.01094
46	0.00799	0.00617	0.00732	0.00805	0.00933	0.00551	0.00577	0.00955	0.01389	0.01766	0.09277	0.38525	0.33611	0.01801	0.00798	0.00242	0.00362	0.05113	0.00607	0.00543
47	0.01682	0.01425	0.01503	0.01330	0.01709	0.01642	0.01041	0.09375	0.66032	0.02823	0.02535	0.02335	0.01896	0.00868	0.00656	0.00217	0.00529	0.00717	0.00656	0.01029
48	0.81856	0.01250	0.00950	0.00850	0.01250	0.01449	0.00700	0.01899	0.01100	0.02899	0.00900	0.01050	0.00700	0.00600	0.00400	0.00200	0.00500	0.00350	0.00400	0.00700
49	0.00929	0.00667	0.00911	0.00911	0.00982	0.00738	0.00648	0.01072	0.01001	0.01405	0.01847	0.03185	0.01896	0.32574	0.47388	0.00881	0.01308	0.00787	0.00364	0.00506
50	0.81856	0.01250	0.00950	0.00850	0.01250	0.01449	0.00700	0.01899	0.01100	0.02899	0.00900	0.01050	0.00700	0.00600	0.00400	0.00200	0.00500	0.00350	0.00400	0.00700
51	0.01903	0.01521	0.01698	0.01313	0.01787	0.04713	0.03573	0.36207	0.02167	0.02966	0.01412	0.01629	0.01110	0.02850	0.06223	0.02628	0.00746	0.00539	0.00504	0.24509
52	0.01422	0.11418	0.12921	0.15636	0.11352	0.04255	0.04550	0.02032	0.11456	0.02059	0.10622	0.02057	0.01733	0.00751	0.00659	0.00198	0.02524	0.00632	0.02883	0.00840
53	0.81856	0.01250	0.00950	0.00850	0.01250	0.01449	0.00700	0.01899	0.01100	0.02899	0.00900	0.01050	0.00700	0.00600	0.00400	0.00200	0.00500	0.00350	0.00400	0.00700
54	0.01373	0.01168	0.01358	0.00973	0.01545	0.00896	0.00779	0.03710	0.01391	0.02164	0.01161	0.01346	0.00961	0.00487	0.00484	0.00099	0.00485	0.00389	0.00391	0.78839
55	0.00945	0.00730	0.01138	0.01099	0.01234	0.00837	0.03326	0.01187	0.01056	0.01520	0.01715	0.02510	0.01593	0.04691	0.72074	0.01009	0.01708	0.00695	0.00345	0.00587
56	0.02161	0.01353	0.01910	0.10484	0.20901	0.01378	0.01376	0.14957	0.05510	0.28143	0.01887	0.02034	0.01356	0.00753	0.00654	0.00202	0.00671	0.02679	0.00573	0.01017
57	0.02000	0.06006	0.05518	0.04186	0.19730	0.19421	0.01439	0.18961	0.03730	0.04994	0.01334	0.01599	0.01070	0.04082	0.00776	0.00208	0.03060	0.00544	0.00425	0.00918
58	0.01362	0.01294	0.02195	0.48819	0.30259	0.01473	0.01865	0.01775	0.01359	0.01823	0.01174	0.01676	0.00922	0.00620	0.00644	0.00207	0.00826	0.00575	0.00299	0.00832
59	0.01412	0.01147	0.01349	0.00991	0.01540	0.00893	0.00799	0.03747	0.01415	0.04607	0.01317	0.01660	0.01115	0.00561	0.00509	0.00112	0.00493	0.03672	0.00415	0.72244
60	0.81856	0.01250	0.00950	0.00850	0.01250	0.01449	0.00700	0.01899	0.01100	0.02899	0.00900	0.01050	0.00700	0.00600	0.00400	0.00200	0.00500	0.00350	0.00400	0.00700
61	0.00917	0.00687	0.01026	0.01032	0.01144	0.00795	0.00798	0.01143	0.01047	0.01507	0.01812	0.05833	0.01733	0.04721	0.71455	0.01004	0.01671	0.00743	0.00357	0.00575
62	0.01727	0.77681	0.03386	0.01106	0.01658	0.02557	0.01106	0.01935	0.01313	0.01520	0.00898	0.01036	0.00829	0.00553	0.00415	0.00138	0.00691	0.00345	0.00276	0.00829
63	0.00907	0.00660	0.00854	0.00805	0.00961	0.00607	0.00604	0.01205	0.01812	0.02551	0.69749	0.04893	0.09293	0.01336	0.00762	0.00204	0.00306	0.01178	0.00706	0.00607
64	0.00771	0.00655	0.00665	0.00662	0.00877	0.00549	0.00497	0.00941	0.01490	0.01786	0.09717	0.06152	0.69803	0.01621	0.00764	0.00217	0.00326	0.01354	0.00605	0.00549
65	0.02899	0.01100	0.01499	0.01150	0.01649	0.00950	0.00950	0.03149	0.01849	0.73709	0.02549	0.02199	0.01599	0.00800	0.00650	0.00200	0.00550	0.00650	0.00800	0.01100
66	0.02824	0.01219	0.01574	0.01206	0.01709	0.01127	0.00997	0.14606	0.02050	0.61969	0.02381	0.02090	0.01515	0.00796	0.00649	0.00199	0.00577	0.00638	0.00774	0.01099
67	0.02511	0.01722	0.01885	0.01445	0.01960	0.01874	0.01194	0.62723	0.02891	0.12663	0.01674	0.01631	0.01161	0.00779	0.00647	0.00195	0.00691	0.00590	0.00665	0.01099
68	0.00940	0.00793	0.03897	0.00995	0.01177	0.00685	0.00840	0.01210	0.01516	0.02008	0.19680	0.13967	0.16930	0.01721	0.02999	0.00276	0.00503	0.28665	0.00602	0.00596
69	0.81856	0.01250	0.00950	0.00850	0.01250	0.01449	0.00700	0.01899	0.01100	0.02899	0.00900	0.01050	0.00700	0.00600	0.00400	0.00200	0.00500	0.00350	0.00400	0.00700
70	0.81856	0.01250	0.00950	0.00850	0.01250	0.01449	0.00700	0.01899	0.01100	0.02899	0.00900	0.01050	0.00700	0.00600	0.00400	0.00200	0.00500	0.00350	0.00400	0.00700
71	0.00796	0.00566	0.00747	0.00888	0.00923	0.00531	0.00587	0.00902	0.01219	0.01625	0.03469	0.72463	0.04157	0.06592	0.00974	0.00284	0.00390	0.01782	0.00587	0.00517
72	0.00854	0.00598	0.00802	0.00929	0.00985	0.00569	0.00657	0.00981	0.01269	0.01690	0.06213	0.56283	0.04031	0.05564	0.01026	0.03871	0.00427	0.12151	0.00580	0.00522
73	0.04909	0.03762	0.02040	0.01673	0.01802	0.09387	0.04427	0.06305	0.01248	0.01801	0.00934	0.01386	0.00862	0.00996	0.01687	0.00255	0.54912	0.00545	0.00318	0.00747
74	0.00919	0.00733	0.00759	0.00725	0.00965	0.00646	0.00552	0.03701	0.03692	0.03965	0.08397	0.05765	0.63813	0.01546	0.00753	0.00216	0.00353	0.01288	0.00613	0.00599
75	0.01607	0.01388	0.01461	0.01315	0.01680	0.01607	0.01023	0.03433	0.72094	0.02703	0.02630	0.02411	0.01972	0.00877	0.00657	0.00219	0.00511	0.00731	0.00657	0.01023
76	0.81856	0.01250	0.00950	0.00850	0.01250	0.01449	0.00700	0.01899	0.01100	0.02899	0.00900	0.01050	0.00700	0.00600	0.00400	0.00200	0.00500	0.00350	0.00400	0.00700
77	0.01422	0.03986	0.18456	0.01258	0.01901	0.01140	0.03447	0.05040	0.01432	0.03888	0.01223	0.01424	0.00968	0.00696	0.03247	0.00168	0.00674	0.00443	0.00373	0.48812
78	0.01525	0.01829	0.19222	0.14475	0.28441	0.01421	0.03611	0.04796	0.01476	0.06120	0.01301	0.01623	0.01005	0.00799	0.03912	0.00231	0.00844	0.00553	0.00350	0.06467
79	0.13611	0.38801	0.08022	0.01274	0.01786	0.17281	0.01185	0.07954	0.01540	0.01992	0.00995	0.01134	0.00833	0.00607	0.00482	0.00163	0.00784	0.00391	0.00337	0.00826

[dist]
# distance from previous block
# <min> <max>
0	1

[block]
# block no. 4 follows, 34 sequences, length 83
# corresponding to MSA columns:
# 261-343
name=unknown_E
#
# <colnr> <probs for GDERKNQSTAVLIFYWHMCP>
#	G	D	E	R	K	N	Q	S	T	A	V	L	I	F	Y	W	H	M	C	P
0	0.01665	0.08882	0.23808	0.01349	0.01996	0.07040	0.01377	0.05973	0.01527	0.09723	0.01304	0.01440	0.00986	0.00702	0.02405	0.00179	0.00749	0.00459	0.00394	0.28042
1	0.01340	0.01148	0.01340	0.00957	0.01531	0.00861	0.00766	0.01627	0.01340	0.02105	0.01148	0.01340	0.00957	0.00479	0.00479	0.00096	0.00479	0.00383	0.00383	0.81242
2	0.01424	0.00864	0.00933	0.00827	0.01061	0.00887	0.00645	0.15309	0.01785	0.04243	0.14233	0.02778	0.04770	0.00886	0.00558	0.00172	0.00389	0.00722	0.46803	0.00711
3	0.01599	0.01535	0.02623	0.03966	0.73262	0.01535	0.01983	0.01983	0.01471	0.02111	0.01215	0.01599	0.01023	0.00576	0.00640	0.00192	0.00768	0.00576	0.00320	0.01023
4	0.01253	0.00855	0.01062	0.00895	0.01201	0.00742	0.00694	0.01595	0.04211	0.10146	0.41622	0.03659	0.07544	0.01055	0.00676	0.00178	0.00383	0.00911	0.00632	0.20687
5	0.81856	0.01250	0.00950	0.00850	0.01250	0.01449	0.00700	0.01899	0.01100	0.02899	0.00900	0.01050	0.00700	0.00600	0.00400	0.00200	0.00500	0.00350	0.00400	0.00700
6	0.00914	0.00660	0.00864	0.00813	0.00965	0.00610	0.00610	0.01219	0.01829	0.02591	0.72921	0.04827	0.06097	0.01321	0.00762	0.00203	0.00305	0.01169	0.00711	0.00610
7	0.02745	0.01104	0.01484	0.01131	0.01638	0.00941	0.00932	0.02999	0.01799	0.66643	0.02411	0.02114	0.01536	0.00768	0.00633	0.00190	0.00543	0.00623	0.00759	0.09008
8	0.00895	0.00674	0.00845	0.00899	0.01056	0.00624	0.00714	0.01133	0.01540	0.02010	0.22008	0.14617	0.25211	0.01651	0.00813	0.00246	0.00415	0.23448	0.00627	0.00575
9	0.01587	0.01367	0.01444	0.01301	0.01660	0.01579	0.01011	0.03370	0.70083	0.02700	0.04642	0.02480	0.02090	0.00889	0.00660	0.00219	0.00505	0.00743	0.00659	0.01011
10	0.01727	0.77681	0.03386	0.01106	0.01658	0.02557	0.01106	0.01935	0.01313	0.01520	0.00898	0.01036	0.00829	0.00553	0.00415	0.00138	0.00691	0.00345	0.00276	0.00829
11	0.00864	0.00646	0.00753	0.00789	0.00950	0.00570	0.00580	0.01041	0.01460	0.03848	0.13746	0.26665	0.38704	0.01695	0.00785	0.00233	0.00359	0.05126	0.00619	0.00566
12	0.02454	0.01156	0.01445	0.01158	0.01600	0.01104	0.00947	0.10888	0.09838	0.47958	0.02578	0.02486	0.04019	0.00868	0.00651	0.00203	0.00543	0.03260	0.05823	0.01022
13	0.01737	0.01406	0.01500	0.01320	0.01703	0.01604	0.01035	0.08599	0.63282	0.06372	0.02543	0.02334	0.01887	0.00865	0.00656	0.00216	0.00529	0.00715	0.00664	0.01032
14	0.78028	0.01242	0.00976	0.00864	0.01269	0.01425	0.00712	0.01960	0.01136	0.06332	0.00980	0.01105	0.00743	0.00609	0.00412	0.00200	0.00502	0.00364	0.00419	0.00719
15	0.00787	0.00562	0.00750	0.00900	0.00937	0.00525	0.00600	0.00900	0.01237	0.01649	0.03561	0.76871	0.04274	0.02024	0.00825	0.00262	0.00375	0.01837	0.00600	0.00525
16	0.00979	0.00770	0.01126	0.01094	0.01191	0.00930	0.00853	0.01187	0.01028	0.01493	0.01648	0.02503	0.01569	0.08353	0.62687	0.00931	0.10043	0.00691	0.00341	0.00581
17	0.02899	0.01100	0.01499	0.01150	0.01649	0.00950	0.00950	0.03149	0.01849	0.73709	0.02549	0.02199	0.01599	0.00800	0.00650	0.00200	0.00550	0.00650	0.00800	0.01100
18	0.01360	0.01325	0.01836	0.01585	0.01585	0.01827	0.01299	0.01486	0.00984	0.01521	0.00982	0.01730	0.01017	0.09704	0.02252	0.00321	0.67613	0.00608	0.00295	0.00671
19	0.81856	0.01250	0.00950	0.00850	0.01250	0.01449	0.00700	0.01899	0.01100	0.02899	0.00900	0.01050	0.00700	0.00600	0.00400	0.00200	0.00500	0.00350	0.00400	0.00700
20	0.02899	0.01100	0.01499	0.01150	0.01649	0.00950	0.00950	0.03149	0.01849	0.73709	0.02549	0.02199	0.01599	0.00800	0.00650	0.00200	0.00550	0.00650	0.00800	0.01100
21	0.00764	0.00655	0.00655	0.00655	0.00873	0.00545	0.00491	0.00927	0.01473	0.01745	0.06546	0.06218	0.73000	0.01636	0.00764	0.00218	0.00327	0.01364	0.00600	0.00545
22	0.00883	0.00635	0.00858	0.01002	0.01088	0.00609	0.00765	0.01068	0.01341	0.01761	0.03611	0.47848	0.06439	0.01919	0.00848	0.00274	0.00457	0.27442	0.00598	0.00552
23	0.02754	0.01132	0.01495	0.01168	0.01653	0.01024	0.00958	0.03181	0.09756	0.65717	0.02558	0.02223	0.01641	0.00808	0.00651	0.00202	0.00545	0.00659	0.00784	0.01091
24	0.02899	0.01100	0.01499	0.01150	0.01649	0.00950	0.00950	0.03149	0.01849	0.73709	0.02549	0.02199	0.01599	0.00800	0.00650	0.00200	0.00550	0.00650	0.00800	0.01100
25	0.00787	0.00562	0.00750	0.00900	0.00937	0.00525	0.00600	0.00900	0.01237	0.01649	0.03561	0.76871	0.04274	0.02024	0.00825	0.00262	0.00375	0.01837	0.00600	0.00525
26	0.00850	0.00622	0.00828	0.00895	0.00970	0.00633	0.00628	0.00990	0.01155	0.01556	0.03044	0.36032	0.09735	0.13177	0.25169	0.00560	0.00845	0.01297	0.00489	0.00526
27	0.01450	0.01653	0.06811	0.02457	0.10249	0.01626	0.39547	0.01877	0.01358	0.01918	0.01224	0.01699	0.00997	0.01013	0.06801	0.00292	0.17198	0.00680	0.00315	0.00834
28	0.01235	0.01163	0.01964	0.73017	0.07060	0.01439	0.01802	0.01663	0.01299	0.01668	0.01151	0.01718	0.00867	0.00643	0.00646	0.00214	0.00858	0.00574	0.00288	0.00729
29	0.03513	0.01860	0.17292	0.01596	0.04819	0.07672	0.05842	0.10094	0.10937	0.06203	0.03842	0.06933	0.01696	0.05157	0.00900	0.00239	0.05175	0.04903	0.00469	0.00857
30	0.01562	0.01468	0.02368	0.25753	0.45020	0.04426	0.03485	0.01950	0.01446	0.04571	0.01237	0.01645	0.00986	0.00608	0.00643	0.00199	0.00812	0.00576	0.00328	0.00918
31	0.01657	0.01449	0.01486	0.01330	0.01699	0.03712	0.01036	0.05510	0.67939	0.02713	0.02550	0.02348	0.01913	0.00867	0.00655	0.00217	0.00536	0.00717	0.00648	0.01017
32	0.53400	0.01721	0.01456	0.01280	0.03257	0.17817	0.06922	0.03797	0.01356	0.02545	0.00980	0.01160	0.00771	0.00614	0.00484	0.00194	0.00710	0.00411	0.00383	0.00743
33	0.01326	0.01655	0.15635	0.23455	0.21179	0.01396	0.08597	0.01777	0.01373	0.01907	0.01544	0.03980	0.03634	0.00846	0.02556	0.00233	0.02953	0.03230	0.01889	0.00834
34	0.81856	0.01250	0.00950	0.00850	0.01250	0.01449	0.00700	0.01899	0.01100	0.02899	0.00900	0.01050	0.00700	0.00600	0.00400	0.00200	0.00500	0.00350	0.00400	0.00700
35	0.01486	0.01866	0.10637	0.02583	0.03249	0.01590	0.61735	0.02042	0.01508	0.02063	0.01366	0.01897	0.01059	0.00594	0.00752	0.00219	0.01059	0.03092	0.00331	0.00870
36	0.01441	0.01292	0.02152	0.14882	0.44253	0.01379	0.01661	0.01698	0.01297	0.01823	0.01162	0.01670	0.01002	0.00921	0.01078	0.14483	0.06109	0.00572	0.00305	0.00820
37	0.00776	0.00655	0.00672	0.00668	0.00881	0.00551	0.00501	0.00952	0.01503	0.01817	0.12144	0.06101	0.67357	0.01610	0.00764	0.00217	0.00325	0.01347	0.00609	0.00551
38	0.01678	0.54459	0.10104	0.01475	0.02082	0.02274	0.13538	0.04504	0.01418	0.01760	0.01019	0.01211	0.00865	0.00565	0.00503	0.00161	0.00787	0.00440	0.00299	0.00858
39	0.01219	0.00660	0.00765	0.00721	0.00897	0.00630	0.00547	0.01518	0.01568	0.07648	0.28661	0.03299	0.03315	0.00969	0.00582	0.00174	0.00321	0.00818	0.45047	0.00641
40	0.02173	0.29242	0.02376	0.01469	0.01879	0.49398	0.01198	0.02354	0.01649	0.01560	0.00964	0.01120	0.00831	0.00626	0.00524	0.00157	0.00999	0.00391	0.00313	0.00777
41	0.00787	0.00562	0.00750	0.00900	0.00937	0.00525	0.00600	0.00900	0.01237	0.01649	0.03561	0.76871	0.04274	0.02024	0.00825	0.00262	0.00375	0.01837	0.00600	0.00525
42	0.00811	0.00572	0.00743	0.00869	0.00901	0.00541	0.00567	0.00906	0.01190	0.01587	0.03322	0.65481	0.03972	0.13826	0.01211	0.00319	0.00414	0.01696	0.00567	0.00504
43	0.02456	0.01810	0.01939	0.01487	0.02004	0.02004	0.01228	0.71107	0.03038	0.04072	0.01551	0.01551	0.01099	0.00776	0.00646	0.00194	0.00711	0.00582	0.00646	0.01099
44	0.01650	0.01378	0.01462	0.01309	0.01679	0.01585	0.01020	0.03424	0.69780	0.05043	0.02627	0.02404	0.01960	0.00874	0.00657	0.00219	0.00513	0.00728	0.00662	0.01025
45	0.03746	0.01631	0.03456	0.02488	0.03091	0.01540	0.62870	0.02016	0.01498	0.02122	0.01365	0.01781	0.01031	0.00564	0.00726	0.00212	0.01005	0.00737	0.07279	0.00843
46	0.00890	0.00644	0.00779	0.00766	0.00922	0.00585	0.00567	0.01141	0.01641	0.02275	0.43691	0.12570	0.21429	0.01421	0.00742	0.00208	0.00317	0.01237	0.07590	0.00585
47	0.02784	0.01283	0.01613	0.01237	0.01741	0.01222	0.01022	0.20732	0.02157	0.55691	0.02291	0.02032	0.01470	0.00793	0.00649	0.00198	0.00592	0.00632	0.00760	0.01099
48	0.04017	0.01193	0.01275	0.01091	0.01407	0.01293	0.00867	0.30962	0.07701	0.03047	0.02085	0.10663	0.01780	0.00944	0.00605	0.00193	0.00514	0.02777	0.26748	0.00839
49	0.00816	0.00583	0.00783	0.00932	0.00982	0.00549	0.00649	0.00949	0.01265	0.01681	0.03545	0.69038	0.04211	0.01997	0.00832	0.00266	0.00400	0.09387	0.00599	0.00533
50	0.00975	0.00696	0.00741	0.00711	0.00951	0.00585	0.00540	0.01146	0.01502	0.08844	0.06057	0.08052	0.63784	0.01566	0.00754	0.00218	0.00351	0.01308	0.00620	0.00599
51	0.02334	0.02913	0.01795	0.01630	0.01966	0.67486	0.01226	0.02664	0.08765	0.01692	0.01160	0.01288	0.00945	0.00687	0.00590	0.00172	0.01101	0.00447	0.00365	0.00776
52	0.00939	0.00679	0.00794	0.00767	0.00966	0.00597	0.00583	0.01164	0.01620	0.05684	0.31454	0.07808	0.39135	0.01492	0.00764	0.00216	0.00341	0.03744	0.00652	0.00599
53	0.52428	0.01194	0.01155	0.00961	0.01399	0.01263	0.00793	0.02365	0.01379	0.29290	0.01514	0.01478	0.01035	0.00674	0.00493	0.00200	0.00518	0.00462	0.00549	0.00849
54	0.02354	0.01880	0.01859	0.01464	0.01937	0.10098	0.01191	0.58968	0.02826	0.03698	0.06009	0.01715	0.01385	0.00798	0.00647	0.00191	0.00736	0.00600	0.00615	0.01028
55	0.02276	0.02611	0.01666	0.01500	0.01837	0.59074	0.01134	0.02450	0.01793	0.08717	0.01776	0.01836	0.09031	0.00788	0.00610	0.00176	0.01010	0.00546	0.00409	0.00761
56	0.00945	0.00670	0.00974	0.00974	0.01062	0.00759	0.00727	0.01094	0.01006	0.01429	0.01712	0.02710	0.01666	0.14378	0.57953	0.08893	0.01466	0.00713	0.00346	0.00523
57	0.00787	0.00562	0.00750	0.00900	0.00937	0.00525	0.00600	0.00900	0.01237	0.01649	0.03561	0.76871	0.04274	0.02024	0.00825	0.00262	0.00375	0.01837	0.00600	0.00525
58	0.02414	0.03079	0.01831	0.01665	0.01998	0.74698	0.01248	0.02580	0.01831	0.01581	0.00999	0.01165	0.00832	0.00666	0.00583	0.00166	0.01165	0.00416	0.00333	0.00749
59	0.07177	0.01098	0.01373	0.01093	0.01530	0.01027	0.00891	0.07475	0.04780	0.51738	0.02367	0.04254	0.01611	0.00819	0.00618	0.00197	0.00523	0.00660	0.09768	0.01001
60	0.66330	0.03457	0.03802	0.01001	0.01416	0.11249	0.00845	0.01996	0.01212	0.02658	0.00922	0.01076	0.00725	0.00608	0.00432	0.00194	0.00610	0.00363	0.00383	0.00719
61	0.01235	0.01352	0.08879	0.02208	0.28753	0.01139	0.05322	0.01660	0.05340	0.02038	0.07926	0.07277	0.22132	0.01028	0.00699	0.00208	0.00611	0.00920	0.00457	0.00816
62	0.01309	0.05561	0.71838	0.01820	0.02763	0.01532	0.02349	0.02043	0.01363	0.02031	0.01152	0.01354	0.00819	0.00612	0.00608	0.00203	0.00947	0.00474	0.00273	0.00951
63	0.19141	0.01133	0.01380	0.01080	0.01562	0.01049	0.00891	0.02830	0.01674	0.56209	0.02152	0.01927	0.01388	0.00746	0.00591	0.00196	0.00537	0.00577	0.00700	0.04238
64	0.09691	0.01493	0.02319	0.02637	0.32712	0.01554	0.12858	0.08582	0.10451	0.02454	0.05580	0.01848	0.01401	0.00688	0.00687	0.00204	0.02838	0.00638	0.00424	0.00940
65	0.01246	0.01175	0.01985	0.70777	0.09207	0.01442	0.01807	0.01674	0.01304	0.01683	0.01153	0.01714	0.00873	0.00641	0.00646	0.00214	0.00855	0.00574	0.00289	0.00739
66	0.01128	0.00708	0.01094	0.08339	0.01343	0.00760	0.03055	0.01050	0.00977	0.01330	0.01363	0.04314	0.01343	0.04830	0.06527	0.52299	0.03535	0.02786	0.02810	0.00408
67	0.81856	0.01250	0.00950	0.00850	0.01250	0.01449	0.00700	0.01899	0.01100	0.02899	0.00900	0.01050	0.00700	0.00600	0.00400	0.00200	0.00500	0.00350	0.00400	0.00700
68	0.01875	0.01566	0.01609	0.01376	0.01783	0.04244	0.01089	0.22554	0.50126	0.03052	0.02268	0.02124	0.01686	0.00841	0.00652	0.00210	0.00590	0.00678	0.00643	0.01035
69	0.02394	0.01780	0.19520	0.01420	0.02040	0.01266	0.03519	0.13086	0.01899	0.43299	0.02017	0.01881	0.01312	0.00742	0.00644	0.00201	0.00691	0.00600	0.00632	0.01057
70	0.01414	0.01414	0.01979	0.01696	0.01696	0.01979	0.01414	0.01555	0.00990	0.01555	0.00848	0.01414	0.00848	0.01131	0.02120	0.00283	0.76110	0.00565	0.00283	0.00707
71	0.01843	0.09694	0.32737	0.01457	0.02142	0.01469	0.01589	0.12162	0.01728	0.18598	0.03992	0.01810	0.03452	0.00723	0.00611	0.00192	0.00743	0.00565	0.00475	0.04017
72	0.02320	0.01830	0.01819	0.01443	0.01888	0.10044	0.01165	0.56460	0.02685	0.03501	0.01447	0.01549	0.01071	0.00908	0.00825	0.08185	0.00747	0.00561	0.00575	0.00979
73	0.00766	0.00645	0.00664	0.00679	0.00879	0.00543	0.00502	0.00925	0.01449	0.01736	0.06246	0.13314	0.66097	0.01675	0.00770	0.00223	0.00332	0.01411	0.00600	0.00543
74	0.00914	0.00660	0.00864	0.00813	0.00965	0.00610	0.00610	0.01219	0.01829	0.02591	0.72921	0.04827	0.06097	0.01321	0.00762	0.00203	0.00305	0.01169	0.00711	0.00610
75	0.01325	0.01131	0.01323	0.00952	0.01511	0.00852	0.00760	0.01612	0.01357	0.02123	0.03722	0.01465	0.01141	0.00509	0.00489	0.00100	0.00472	0.00411	0.00395	0.78351
76	0.00927	0.00691	0.01027	0.01031	0.01143	0.00799	0.00799	0.01151	0.01048	0.01503	0.01790	0.02735	0.01702	0.07356	0.70060	0.01002	0.01659	0.02650	0.00355	0.00571
