[name]
unknown

[dist]
# distance from previous block
# <min> <max>
1	38

[block]
# block no. 0 follows, 24 sequences, length 25
# corresponding to MSA columns:
# 43-67
name=unknown_A
#
# <colnr> <probs for GDERKNQSTAVLIFYWHMCP>
#	G	D	E	R	K	N	Q	S	T	A	V	L	I	F	Y	W	H	M	C	P
0	0.05639	0.11199	0.06176	0.16909	0.02785	0.07350	0.04805	0.06217	0.01792	0.02361	0.05003	0.02963	0.05825	0.04845	0.09668	0.00400	0.01084	0.03613	0.00474	0.00894
1	0.01633	0.01524	0.04863	0.04504	0.07707	0.01605	0.01399	0.05276	0.20454	0.02741	0.10376	0.10708	0.05414	0.01572	0.04109	0.00326	0.10260	0.03893	0.00645	0.00992
2	0.01534	0.01429	0.02036	0.13823	0.19660	0.04413	0.01578	0.01904	0.01800	0.02437	0.17669	0.03643	0.10880	0.01455	0.04642	0.00313	0.08333	0.00996	0.00540	0.00914
3	0.01273	0.01016	0.01379	0.03420	0.01550	0.01009	0.05036	0.01537	0.01799	0.04918	0.21810	0.05559	0.26960	0.11178	0.01499	0.00337	0.06966	0.01333	0.00678	0.00744
4	0.08579	0.01413	0.01560	0.01330	0.01712	0.01512	0.01051	0.20627	0.11184	0.03771	0.33143	0.03921	0.04394	0.01271	0.00836	0.00248	0.00577	0.01059	0.00807	0.01004
5	0.02028	0.01338	0.01605	0.01185	0.01825	0.01052	0.00953	0.02373	0.01776	0.16193	0.01871	0.01980	0.01414	0.00699	0.00628	0.00150	0.00586	0.00562	0.07274	0.54505
6	0.01377	0.00689	0.01033	0.01033	0.01033	0.00689	0.00689	0.01033	0.01033	0.01377	0.01377	0.02410	0.01377	0.02755	0.03099	0.76928	0.00689	0.00689	0.00344	0.00344
7	0.01664	0.01280	0.01843	0.17872	0.13972	0.01367	0.01401	0.07183	0.01725	0.06342	0.02501	0.05743	0.06670	0.21708	0.05022	0.00452	0.00898	0.00969	0.00517	0.00870
8	0.02666	0.23521	0.06104	0.01766	0.02380	0.20376	0.01540	0.26739	0.02606	0.03134	0.01462	0.01579	0.01147	0.00825	0.00686	0.00209	0.01029	0.00568	0.00534	0.01128
9	0.01636	0.01322	0.01767	0.11746	0.09261	0.01403	0.01364	0.02539	0.19670	0.05291	0.14069	0.09645	0.03350	0.01289	0.00857	0.00265	0.00674	0.07204	0.00679	0.05969
10	0.02351	0.09172	0.17129	0.05096	0.08600	0.01846	0.01785	0.13994	0.05143	0.17721	0.02127	0.05577	0.01623	0.01101	0.02974	0.00276	0.00916	0.00765	0.00617	0.01186
11	0.01590	0.04102	0.68023	0.02260	0.03432	0.01842	0.02930	0.02511	0.01674	0.02511	0.01423	0.01674	0.01005	0.00753	0.00753	0.00251	0.01172	0.00586	0.00335	0.01172
12	0.01261	0.00730	0.00946	0.00946	0.00946	0.00730	0.00581	0.01095	0.01095	0.01460	0.01958	0.03850	0.02158	0.38705	0.03585	0.37464	0.00730	0.00929	0.00415	0.00415
13	0.01812	0.04523	0.05221	0.05901	0.18265	0.08150	0.04989	0.05064	0.04181	0.02337	0.01970	0.12389	0.01917	0.04778	0.04249	0.00336	0.11521	0.00946	0.00472	0.00977
14	0.02202	0.08073	0.07874	0.05640	0.13433	0.07126	0.06236	0.06232	0.14998	0.10720	0.02097	0.04658	0.01648	0.00940	0.00873	0.00250	0.04504	0.00780	0.00572	0.01146
15	0.01374	0.00902	0.01164	0.01064	0.01301	0.00846	0.00809	0.01836	0.05438	0.08723	0.58116	0.05498	0.06755	0.01539	0.00917	0.00250	0.00413	0.01352	0.00879	0.00825
16	0.04715	0.00907	0.01273	0.01260	0.01409	0.01047	0.00979	0.01472	0.01336	0.01987	0.05077	0.03491	0.02314	0.09330	0.53557	0.01079	0.04114	0.03483	0.00462	0.00709
17	0.02057	0.05945	0.15507	0.09907	0.27359	0.17747	0.02193	0.02544	0.01854	0.02322	0.01509	0.02072	0.01266	0.00815	0.00764	0.00237	0.01100	0.03320	0.00393	0.01088
18	0.01534	0.07739	0.02535	0.06320	0.07645	0.01441	0.18315	0.01816	0.01576	0.02127	0.02375	0.14317	0.05367	0.01689	0.04521	0.13673	0.00923	0.01063	0.04210	0.00815
19	0.01082	0.00798	0.00905	0.00930	0.01146	0.00692	0.00677	0.01284	0.01785	0.05228	0.11648	0.24870	0.42002	0.02060	0.00951	0.00280	0.00428	0.01773	0.00759	0.00700
20	0.01159	0.00809	0.01069	0.01069	0.01151	0.00882	0.00747	0.01324	0.01242	0.01767	0.02310	0.04007	0.02376	0.34406	0.37275	0.00999	0.01445	0.00976	0.04375	0.00611
21	0.09426	0.14495	0.02621	0.01711	0.02317	0.05870	0.05287	0.35295	0.02789	0.06829	0.01725	0.01812	0.01280	0.00860	0.00710	0.00225	0.00872	0.00646	0.04054	0.01179
22	0.05015	0.05293	0.18982	0.02536	0.14450	0.10383	0.08095	0.10046	0.02033	0.02774	0.01635	0.02190	0.01345	0.00841	0.00765	0.00235	0.01032	0.04451	0.00459	0.07439
23	0.06931	0.27468	0.03043	0.05601	0.09897	0.08597	0.04417	0.11056	0.04441	0.02657	0.01419	0.01639	0.01160	0.00748	0.00652	0.00203	0.00903	0.00566	0.00458	0.08143
24	0.02117	0.05414	0.02132	0.05068	0.09159	0.05216	0.01402	0.16306	0.16803	0.05283	0.05361	0.05298	0.04194	0.03043	0.00937	0.00255	0.03296	0.00850	0.00645	0.07221

[dist]
# distance from previous block
# <min> <max>
0	4

[block]
# block no. 1 follows, 24 sequences, length 17
# corresponding to MSA columns:
# 72-88
name=unknown_B
#
# <colnr> <probs for GDERKNQSTAVLIFYWHMCP>
#	G	D	E	R	K	N	Q	S	T	A	V	L	I	F	Y	W	H	M	C	P
0	0.02263	0.15508	0.12265	0.08753	0.06068	0.09238	0.05948	0.08672	0.11326	0.09644	0.01847	0.01981	0.01381	0.00832	0.00738	0.00233	0.00967	0.00669	0.00533	0.01133
1	0.01695	0.01668	0.03156	0.08524	0.18534	0.01686	0.26139	0.02149	0.01682	0.02354	0.01821	0.07831	0.01618	0.01314	0.05307	0.04021	0.04804	0.00931	0.03785	0.00982
2	0.02040	0.02092	0.11317	0.08751	0.17660	0.07709	0.01805	0.06012	0.11564	0.09130	0.06453	0.07779	0.02154	0.01025	0.00808	0.00251	0.00876	0.00878	0.00582	0.01112
3	0.01783	0.05347	0.15829	0.08027	0.23341	0.01757	0.11568	0.02408	0.04644	0.04514	0.01917	0.08506	0.01653	0.00916	0.00802	0.00250	0.00959	0.00862	0.03820	0.01095
4	0.20240	0.01391	0.01689	0.01328	0.01914	0.01303	0.01097	0.03520	0.02063	0.53300	0.02673	0.02382	0.01715	0.00926	0.00728	0.00245	0.00661	0.00715	0.00871	0.01239
5	0.01179	0.00772	0.01044	0.01123	0.01233	0.00783	0.00803	0.01385	0.01478	0.04742	0.03409	0.39266	0.03738	0.05757	0.21309	0.00605	0.00966	0.01588	0.08124	0.00696
6	0.05827	0.02704	0.21758	0.09486	0.06156	0.09212	0.12192	0.13278	0.02083	0.02851	0.01544	0.01893	0.01169	0.01106	0.05027	0.00310	0.01183	0.00684	0.00451	0.01087
7	0.01643	0.01408	0.02131	0.08894	0.05575	0.01456	0.12513	0.04386	0.15999	0.04608	0.06477	0.08931	0.11530	0.03678	0.01102	0.04287	0.00777	0.03037	0.00623	0.00945
8	0.01031	0.00752	0.00965	0.01111	0.01211	0.00705	0.00800	0.01211	0.01593	0.02075	0.04748	0.46845	0.13805	0.06699	0.01205	0.00350	0.00520	0.13002	0.00719	0.00653
9	0.01557	0.01727	0.08721	0.20761	0.18042	0.04354	0.03931	0.01987	0.01679	0.02264	0.05009	0.18599	0.02376	0.01230	0.00929	0.00271	0.04052	0.01091	0.00478	0.00942
10	0.08618	0.00982	0.01136	0.01071	0.01348	0.00939	0.00824	0.04531	0.02008	0.09058	0.26003	0.14205	0.19791	0.01682	0.00893	0.00268	0.00485	0.04563	0.00786	0.00810
11	0.01377	0.00689	0.01033	0.01033	0.01033	0.00689	0.00689	0.01033	0.01033	0.01377	0.01377	0.02410	0.01377	0.02755	0.03099	0.76928	0.00689	0.00689	0.00344	0.00344
12	0.04906	0.01770	0.02754	0.10134	0.37901	0.04691	0.07258	0.04885	0.01837	0.02604	0.01820	0.08861	0.01641	0.00914	0.00795	0.00246	0.00917	0.00861	0.04113	0.01091
13	0.02177	0.01314	0.01484	0.01302	0.01677	0.05318	0.01011	0.07584	0.05445	0.23889	0.10097	0.15675	0.12777	0.01717	0.04484	0.00315	0.00704	0.01230	0.00801	0.00999
14	0.01445	0.01338	0.02235	0.63404	0.05036	0.01652	0.02058	0.01935	0.01579	0.02026	0.01702	0.08973	0.01470	0.00960	0.00814	0.00270	0.00998	0.00858	0.00390	0.00858
15	0.01622	0.01459	0.02147	0.26421	0.06193	0.04534	0.09311	0.04081	0.05760	0.02457	0.02578	0.06334	0.07608	0.01054	0.00802	0.00253	0.00861	0.02808	0.12813	0.00903
16	0.11670	0.01823	0.01876	0.01506	0.02065	0.10854	0.03939	0.09701	0.03747	0.13648	0.05161	0.02425	0.01790	0.00896	0.00716	0.00210	0.00786	0.03835	0.00625	0.22727

[dist]
# distance from previous block
# <min> <max>
1	2

[block]
# block no. 2 follows, 24 sequences, length 21
# corresponding to MSA columns:
# 91-111
name=unknown_C
#
# <colnr> <probs for GDERKNQSTAVLIFYWHMCP>
#	G	D	E	R	K	N	Q	S	T	A	V	L	I	F	Y	W	H	M	C	P
0	0.01263	0.00891	0.01041	0.01087	0.01263	0.00899	0.00791	0.01825	0.11929	0.02580	0.11010	0.32032	0.08568	0.01785	0.00870	0.00274	0.00463	0.03624	0.17025	0.00778
1	0.01725	0.01457	0.01688	0.01213	0.01913	0.01140	0.00973	0.05685	0.01767	0.02726	0.01439	0.01660	0.01185	0.00609	0.00599	0.00125	0.00604	0.00484	0.00489	0.72519
2	0.02170	0.01257	0.01574	0.01403	0.04391	0.01170	0.01049	0.07824	0.06554	0.23687	0.14681	0.09361	0.11516	0.01304	0.00837	0.00243	0.00585	0.01106	0.00808	0.08479
3	0.47860	0.01528	0.01432	0.01198	0.01713	0.01665	0.00985	0.10229	0.01857	0.17466	0.01730	0.01772	0.01230	0.00827	0.00598	0.00241	0.00643	0.00563	0.05449	0.01016
4	0.01448	0.00890	0.01123	0.01019	0.01286	0.00794	0.00780	0.01776	0.02157	0.12614	0.44984	0.05798	0.19060	0.01606	0.00915	0.00253	0.00425	0.01389	0.00861	0.00822
5	0.01414	0.08160	0.29125	0.06131	0.02640	0.01506	0.06154	0.01944	0.01619	0.02247	0.02512	0.27888	0.02610	0.01392	0.00845	0.00273	0.00883	0.01229	0.00491	0.00936
6	0.10460	0.01053	0.01105	0.00974	0.01301	0.01071	0.00768	0.07572	0.01902	0.13683	0.02451	0.02639	0.01832	0.00915	0.00607	0.00206	0.00489	0.00712	0.49357	0.00903
7	0.01972	0.01703	0.01793	0.01614	0.02062	0.01972	0.01255	0.04214	0.65752	0.03317	0.03228	0.02959	0.02421	0.01076	0.00807	0.00269	0.00628	0.00897	0.00807	0.01255
8	0.01404	0.00990	0.01247	0.01330	0.04405	0.00969	0.00902	0.09186	0.01906	0.05401	0.09620	0.40800	0.10134	0.06436	0.01143	0.00321	0.00550	0.01732	0.00734	0.00792
9	0.02023	0.06428	0.01922	0.01479	0.01906	0.06274	0.05079	0.09634	0.14498	0.10528	0.15523	0.06358	0.08830	0.01220	0.00818	0.00245	0.00688	0.01030	0.04495	0.01023
10	0.00971	0.00747	0.00892	0.01002	0.01144	0.00668	0.00711	0.01146	0.01651	0.02090	0.05835	0.42580	0.29990	0.02277	0.00986	0.00302	0.00451	0.05160	0.00736	0.00659
11	0.01016	0.00746	0.00943	0.01045	0.01158	0.00688	0.00735	0.01211	0.01691	0.02240	0.15687	0.42816	0.15561	0.05690	0.01141	0.00325	0.00467	0.05427	0.00747	0.00663
12	0.01828	0.11578	0.28493	0.05509	0.03503	0.02112	0.24727	0.05448	0.01814	0.02515	0.01456	0.01825	0.01098	0.00751	0.00869	0.00251	0.04034	0.00708	0.00383	0.01099
13	0.02079	0.01024	0.01353	0.01149	0.01511	0.00909	0.00904	0.02414	0.02225	0.28790	0.37410	0.04758	0.09371	0.01393	0.00881	0.00249	0.00496	0.01197	0.00907	0.00982
14	0.01489	0.01317	0.02367	0.01900	0.02250	0.01318	0.23762	0.01875	0.01628	0.02387	0.02510	0.18936	0.02455	0.04886	0.04078	0.00335	0.06288	0.01190	0.18195	0.00832
15	0.01179	0.00963	0.01123	0.01179	0.01314	0.03628	0.00853	0.01498	0.05228	0.02346	0.17114	0.40199	0.10803	0.02057	0.01043	0.00297	0.03767	0.03946	0.00736	0.00726
16	0.01620	0.01946	0.13326	0.16514	0.15441	0.01659	0.10255	0.02337	0.08924	0.02391	0.02031	0.08809	0.01800	0.05652	0.03563	0.00332	0.01009	0.00916	0.00462	0.01014
17	0.02056	0.61524	0.10836	0.01644	0.05741	0.02933	0.01581	0.02392	0.01629	0.01973	0.01157	0.01352	0.01029	0.00688	0.00550	0.00182	0.00887	0.00457	0.00342	0.01047
18	0.01677	0.05220	0.11833	0.18212	0.15030	0.04867	0.04070	0.04651	0.01820	0.02455	0.07392	0.11398	0.02205	0.01052	0.00805	0.00248	0.00903	0.00929	0.00480	0.04754
19	0.02010	0.07797	0.22054	0.09822	0.17066	0.04871	0.07954	0.07547	0.05298	0.05687	0.01634	0.01919	0.01231	0.00780	0.00770	0.00242	0.01037	0.00678	0.00450	0.01155
20	0.16907	0.02011	0.04904	0.01606	0.02021	0.13434	0.03838	0.15465	0.02107	0.03012	0.06221	0.06721	0.01977	0.01269	0.01085	0.08009	0.04325	0.03608	0.00561	0.00919

[dist]
# distance from previous block
# <min> <max>
0	14

[block]
# block no. 3 follows, 24 sequences, length 22
# corresponding to MSA columns:
# 126-147
name=unknown_D
#
# <colnr> <probs for GDERKNQSTAVLIFYWHMCP>
#	G	D	E	R	K	N	Q	S	T	A	V	L	I	F	Y	W	H	M	C	P
0	0.05016	0.05419	0.29047	0.07704	0.02969	0.06238	0.02072	0.12170	0.06258	0.10154	0.01753	0.01903	0.01259	0.00860	0.00824	0.00248	0.03786	0.00647	0.00521	0.01154
1	0.02323	0.04505	0.02511	0.15630	0.06610	0.22343	0.05872	0.10775	0.04485	0.05028	0.01636	0.02138	0.01329	0.00938	0.00963	0.00250	0.08035	0.03126	0.00488	0.01016
2	0.01782	0.27757	0.13775	0.01943	0.04990	0.04600	0.13476	0.02234	0.01786	0.02288	0.08466	0.02707	0.09129	0.00937	0.00738	0.00224	0.00922	0.00801	0.00452	0.00992
3	0.00989	0.00743	0.00907	0.01002	0.01119	0.00685	0.00690	0.01150	0.01586	0.02052	0.07567	0.41234	0.22714	0.08393	0.04985	0.00394	0.00558	0.01885	0.00703	0.00645
4	0.01974	0.01740	0.02766	0.14250	0.10378	0.06026	0.20205	0.05714	0.01943	0.08430	0.02351	0.02671	0.06902	0.00892	0.00813	0.00245	0.00968	0.00856	0.09862	0.01013
5	0.01750	0.04076	0.01668	0.01440	0.01756	0.06197	0.04195	0.08903	0.04051	0.08103	0.07540	0.29198	0.05573	0.01686	0.00903	0.00278	0.00685	0.07577	0.00708	0.03713
6	0.01431	0.00980	0.01221	0.01272	0.01495	0.00979	0.01000	0.01996	0.11493	0.07215	0.06411	0.25437	0.09867	0.01932	0.00964	0.00309	0.00576	0.20801	0.03796	0.00826
7	0.01164	0.00834	0.01198	0.01198	0.01332	0.00953	0.00915	0.01432	0.01298	0.01912	0.02192	0.03260	0.02055	0.10578	0.58241	0.01144	0.01872	0.00863	0.06865	0.00693
8	0.02960	0.01931	0.07767	0.01729	0.02387	0.01744	0.05558	0.26537	0.02712	0.30606	0.02390	0.02289	0.01603	0.00927	0.00788	0.00241	0.00818	0.00754	0.04976	0.01282
9	0.10558	0.01782	0.01796	0.01577	0.01989	0.06281	0.01267	0.15802	0.24687	0.03297	0.02905	0.03293	0.07646	0.01203	0.00952	0.00271	0.06642	0.06285	0.00691	0.01077
10	0.03105	0.01550	0.01905	0.01504	0.02078	0.01522	0.01227	0.15954	0.11794	0.42787	0.05870	0.02728	0.02164	0.01019	0.00804	0.00248	0.00693	0.00825	0.00913	0.01308
11	0.01037	0.00757	0.00900	0.00951	0.01057	0.00701	0.00635	0.01187	0.01594	0.02093	0.14404	0.27903	0.19007	0.22001	0.01841	0.00425	0.00521	0.01681	0.00685	0.00620
12	0.01502	0.01184	0.01428	0.01474	0.01740	0.01280	0.01201	0.02549	0.25997	0.02687	0.03853	0.14567	0.03838	0.01805	0.00976	0.00323	0.00657	0.31262	0.00760	0.00918
13	0.01589	0.01503	0.02544	0.57353	0.17618	0.01786	0.02248	0.02106	0.01629	0.02137	0.01426	0.02084	0.01096	0.00776	0.00791	0.00259	0.01034	0.00705	0.00360	0.00955
14	0.01161	0.00775	0.00891	0.00887	0.00926	0.00774	0.00534	0.01230	0.01291	0.01775	0.07562	0.05094	0.05093	0.57412	0.06729	0.00707	0.00773	0.01153	0.04702	0.00532
15	0.01024	0.00765	0.00944	0.01011	0.01144	0.00714	0.00716	0.01219	0.01660	0.02179	0.14296	0.31114	0.21235	0.09414	0.06188	0.00412	0.00593	0.04006	0.00708	0.00658
16	0.02962	0.03779	0.02247	0.02043	0.02451	0.68948	0.01532	0.03166	0.02247	0.01941	0.01226	0.01430	0.01021	0.00817	0.00715	0.00204	0.01430	0.00511	0.00409	0.00919
17	0.01355	0.01149	0.01626	0.01488	0.01563	0.01370	0.04178	0.01519	0.01317	0.01859	0.02311	0.11980	0.02535	0.25365	0.10148	0.00585	0.22747	0.05733	0.00478	0.00695
18	0.01578	0.00907	0.01169	0.01179	0.01421	0.00835	0.00928	0.01840	0.01826	0.14725	0.07492	0.21886	0.14942	0.03866	0.01039	0.00312	0.00565	0.18110	0.04569	0.00811
19	0.02470	0.01701	0.01876	0.01545	0.02019	0.01840	0.01230	0.34182	0.12840	0.10331	0.02608	0.10829	0.02161	0.03749	0.00922	0.00269	0.00722	0.00956	0.06581	0.01170
20	0.02565	0.13250	0.11875	0.01837	0.02493	0.15201	0.01666	0.28657	0.09007	0.03422	0.01717	0.01791	0.01294	0.00869	0.00731	0.00226	0.00994	0.00632	0.00588	0.01182
21	0.04555	0.01245	0.01211	0.01132	0.01383	0.06228	0.00830	0.09294	0.03954	0.02530	0.08450	0.11830	0.21790	0.15184	0.04107	0.00394	0.00694	0.01275	0.03146	0.00769

[dist]
# distance from previous block
# <min> <max>
2	7

[block]
# block no. 4 follows, 24 sequences, length 60
# corresponding to MSA columns:
# 159-218
name=unknown_E
#
# <colnr> <probs for GDERKNQSTAVLIFYWHMCP>
#	G	D	E	R	K	N	Q	S	T	A	V	L	I	F	Y	W	H	M	C	P
0	0.09189	0.02062	0.02479	0.12702	0.28004	0.12474	0.01865	0.09860	0.05502	0.02797	0.01668	0.04867	0.01399	0.00864	0.00760	0.00241	0.00959	0.00727	0.00483	0.01097
1	0.07957	0.01683	0.02686	0.05611	0.18315	0.04865	0.18265	0.02209	0.01788	0.04826	0.02791	0.03395	0.11934	0.01310	0.04561	0.00315	0.01004	0.04994	0.00502	0.00986
2	0.17251	0.01928	0.05105	0.06934	0.05752	0.05597	0.09275	0.15164	0.09045	0.05508	0.01841	0.02277	0.01471	0.08225	0.01082	0.00302	0.00896	0.00736	0.00566	0.01045
3	0.02754	0.02141	0.02230	0.01779	0.02360	0.04395	0.01445	0.47669	0.19077	0.04486	0.02211	0.02151	0.01605	0.00979	0.00794	0.00245	0.00829	0.00753	0.00785	0.01312
4	0.01113	0.00810	0.01059	0.01205	0.01340	0.00775	0.00942	0.01352	0.01673	0.02165	0.04693	0.30474	0.13505	0.06715	0.01231	0.00362	0.00592	0.28604	0.00717	0.00676
5	0.01458	0.00943	0.01280	0.01212	0.01387	0.01023	0.00906	0.04589	0.01456	0.08191	0.02302	0.03531	0.02173	0.21613	0.43177	0.01002	0.01591	0.00913	0.00509	0.00743
6	0.02279	0.10990	0.07216	0.06070	0.11578	0.14172	0.09534	0.08068	0.04337	0.08894	0.04827	0.02386	0.01704	0.00896	0.00779	0.00237	0.01012	0.03410	0.00528	0.01086
7	0.01753	0.01326	0.01595	0.07849	0.04827	0.01390	0.01193	0.08997	0.17378	0.08158	0.07352	0.04781	0.22111	0.01418	0.00873	0.00269	0.00639	0.06367	0.00735	0.00991
8	0.03217	0.01277	0.01739	0.01374	0.01926	0.01114	0.01131	0.03533	0.02246	0.58476	0.09239	0.03303	0.02612	0.01100	0.00825	0.00251	0.00649	0.03764	0.00959	0.01263
9	0.01891	0.02039	0.10619	0.19054	0.33370	0.04707	0.02211	0.04295	0.01819	0.05205	0.01717	0.06397	0.01455	0.00869	0.00795	0.00249	0.00974	0.00785	0.00436	0.01112
10	0.05249	0.05239	0.16515	0.09414	0.03124	0.14627	0.14836	0.02404	0.01731	0.02267	0.01520	0.02123	0.01260	0.01286	0.06610	0.00341	0.07226	0.02862	0.00394	0.00972
11	0.01111	0.00920	0.01020	0.01145	0.01256	0.05018	0.00804	0.01279	0.01610	0.02044	0.04587	0.52073	0.13602	0.02449	0.03974	0.00351	0.00599	0.04785	0.00701	0.00672
12	0.35685	0.02218	0.06342	0.02107	0.10363	0.13724	0.08042	0.02488	0.01629	0.02836	0.01241	0.01550	0.00998	0.00797	0.00813	0.00248	0.06959	0.00564	0.00432	0.00962
13	0.00958	0.00753	0.00866	0.00945	0.01111	0.00662	0.00668	0.01138	0.01698	0.02134	0.08904	0.35912	0.37036	0.02203	0.00970	0.00291	0.00426	0.01921	0.00742	0.00662
14	0.01791	0.11886	0.11688	0.01508	0.02279	0.01530	0.05504	0.02230	0.01683	0.04933	0.01446	0.01669	0.01160	0.00644	0.00631	0.00159	0.00761	0.00523	0.00447	0.47528
15	0.09314	0.19744	0.15457	0.01950	0.06603	0.02369	0.03615	0.22721	0.05506	0.03305	0.01571	0.01711	0.01199	0.00809	0.00692	0.00227	0.00906	0.00607	0.00529	0.01169
16	0.01372	0.00803	0.01079	0.01052	0.01098	0.00829	0.00705	0.04226	0.01223	0.01647	0.01784	0.03208	0.01845	0.21673	0.10201	0.44670	0.00871	0.00832	0.00412	0.00469
17	0.00982	0.00774	0.00890	0.00948	0.01133	0.00681	0.00690	0.01191	0.01770	0.02237	0.13645	0.27408	0.38040	0.02119	0.00967	0.00287	0.00431	0.04381	0.00752	0.00673
18	0.01083	0.00809	0.01006	0.00957	0.01161	0.00732	0.00717	0.01421	0.02152	0.02961	0.54373	0.06284	0.20012	0.01703	0.00936	0.00253	0.00380	0.01485	0.00844	0.00732
19	0.02339	0.31887	0.12606	0.01891	0.02549	0.27366	0.06394	0.02701	0.01877	0.02037	0.01232	0.01454	0.01031	0.00740	0.00653	0.00202	0.01148	0.00518	0.00369	0.01007
20	0.00962	0.00705	0.00904	0.01063	0.01139	0.00648	0.00718	0.01109	0.01557	0.02040	0.04868	0.62931	0.13607	0.02420	0.01002	0.00315	0.00452	0.02176	0.00736	0.00648
21	0.01498	0.01409	0.02378	0.70226	0.05462	0.01762	0.02202	0.02026	0.01586	0.02026	0.01409	0.02114	0.01057	0.00793	0.00793	0.00264	0.01057	0.00705	0.00352	0.00881
22	0.01735	0.01735	0.02429	0.02082	0.02082	0.02429	0.01735	0.01908	0.01214	0.01908	0.01041	0.01735	0.01041	0.01388	0.02602	0.00347	0.70680	0.00694	0.00347	0.00867
23	0.01832	0.36340	0.02984	0.01510	0.01994	0.05897	0.06588	0.05104	0.01765	0.02150	0.02358	0.19167	0.04573	0.01247	0.00732	0.00232	0.00808	0.03304	0.00497	0.00918
24	0.01799	0.01103	0.01230	0.01099	0.01430	0.01110	0.00855	0.05815	0.13893	0.11896	0.12319	0.04052	0.13720	0.01238	0.00764	0.00234	0.00493	0.01026	0.24981	0.00941
25	0.03457	0.01511	0.01940	0.01487	0.02105	0.01405	0.01229	0.15077	0.02539	0.56141	0.02902	0.02552	0.01849	0.00976	0.00797	0.00244	0.00711	0.00782	0.00947	0.01349
26	0.01735	0.01735	0.02429	0.02082	0.02082	0.02429	0.01735	0.01908	0.01214	0.01908	0.01041	0.01735	0.01041	0.01388	0.02602	0.00347	0.70680	0.00694	0.00347	0.00867
27	0.59028	0.06205	0.01575	0.04626	0.01886	0.04757	0.01046	0.08137	0.01637	0.03440	0.01199	0.01392	0.00931	0.00759	0.00545	0.00239	0.00709	0.00473	0.00499	0.00918
28	0.01993	0.04030	0.02669	0.02343	0.09229	0.07455	0.12583	0.11248	0.07601	0.02715	0.04584	0.05998	0.01819	0.01386	0.05469	0.00334	0.16135	0.00862	0.00519	0.01028
29	0.01795	0.04908	0.24374	0.02122	0.06741	0.07149	0.08448	0.07750	0.04756	0.02796	0.13075	0.03054	0.04781	0.01034	0.00822	0.00250	0.00952	0.03607	0.00536	0.01049
30	0.01369	0.01019	0.01225	0.01257	0.01434	0.01046	0.00901	0.10503	0.08599	0.02621	0.05844	0.52402	0.04462	0.02091	0.00957	0.00302	0.00534	0.01866	0.00756	0.00812
31	0.01527	0.01278	0.01470	0.01124	0.01693	0.01011	0.00876	0.03856	0.01706	0.02518	0.02591	0.06589	0.10873	0.04424	0.00837	0.00186	0.00572	0.00783	0.00534	0.55552
32	0.02632	0.11671	0.02437	0.01632	0.02264	0.05939	0.01363	0.36533	0.05355	0.06757	0.01777	0.01823	0.01325	0.00849	0.00715	0.00207	0.00832	0.00631	0.00662	0.14597
33	0.01056	0.00830	0.00972	0.00994	0.01199	0.00742	0.00718	0.01345	0.04026	0.02349	0.16540	0.29699	0.28432	0.01998	0.00940	0.00276	0.00436	0.01744	0.00748	0.04955
34	0.06853	0.26398	0.16282	0.01598	0.02294	0.02273	0.01607	0.13737	0.06904	0.05809	0.07457	0.02078	0.01792	0.00875	0.00683	0.00221	0.00838	0.00653	0.00541	0.01108
35	0.01291	0.00870	0.01092	0.01045	0.01265	0.00806	0.00779	0.01681	0.04878	0.07691	0.41052	0.16147	0.14890	0.01740	0.00932	0.00264	0.00425	0.01526	0.00837	0.00788
36	0.01015	0.00715	0.00927	0.01077	0.01121	0.00679	0.00715	0.01138	0.01466	0.01952	0.04022	0.56594	0.04783	0.15147	0.01566	0.00405	0.00529	0.04840	0.00689	0.00618
37	0.01528	0.01594	0.06561	0.55604	0.11171	0.01722	0.02190	0.02067	0.01650	0.02177	0.05067	0.02284	0.01432	0.00828	0.00797	0.00260	0.01015	0.00738	0.00384	0.00929
38	0.01889	0.02038	0.10057	0.14552	0.05049	0.13190	0.01623	0.02341	0.04110	0.08604	0.05738	0.07496	0.09986	0.01207	0.00967	0.00263	0.06450	0.02950	0.00547	0.00943
39	0.15163	0.01638	0.01842	0.01470	0.02033	0.01696	0.01202	0.20743	0.09154	0.29796	0.05438	0.02422	0.01915	0.00973	0.00754	0.00246	0.00702	0.00754	0.00825	0.01232
40	0.02379	0.01335	0.01644	0.01403	0.01813	0.01348	0.01108	0.09525	0.12496	0.27578	0.07684	0.15112	0.06838	0.01381	0.00942	0.00268	0.04054	0.01149	0.00837	0.01106
41	0.02199	0.02773	0.15401	0.02058	0.02649	0.21793	0.09961	0.07614	0.08381	0.04926	0.06921	0.04922	0.01915	0.00980	0.00878	0.00247	0.04013	0.00795	0.00529	0.01044
42	0.01163	0.00947	0.01306	0.01202	0.01376	0.00971	0.04805	0.01376	0.01531	0.02042	0.10256	0.08656	0.19932	0.19209	0.16503	0.00610	0.05593	0.01269	0.00575	0.00678
43	0.07645	0.00826	0.00889	0.00910	0.01106	0.00817	0.00668	0.01750	0.01634	0.06230	0.03248	0.23012	0.05645	0.01413	0.00712	0.00237	0.00434	0.01199	0.40874	0.00751
44	0.01105	0.00795	0.01027	0.01166	0.01263	0.00766	0.00832	0.03901	0.01653	0.02187	0.04299	0.54764	0.07114	0.05089	0.01130	0.00340	0.00526	0.10635	0.00728	0.00681
45	0.02156	0.21812	0.15917	0.06564	0.08733	0.10913	0.05389	0.08148	0.01921	0.04458	0.01396	0.01671	0.01111	0.00804	0.00830	0.00228	0.05853	0.00596	0.00418	0.01081
46	0.01377	0.00689	0.01033	0.01033	0.01033	0.00689	0.00689	0.01033	0.01033	0.01377	0.01377	0.02410	0.01377	0.02755	0.03099	0.76928	0.00689	0.00689	0.00344	0.00344
47	0.00967	0.00720	0.00902	0.01036	0.01135	0.00654	0.00709	0.01130	0.01613	0.02103	0.08059	0.55063	0.18331	0.02344	0.00993	0.00307	0.00444	0.02094	0.00743	0.00654
48	0.01797	0.05617	0.02990	0.17812	0.26025	0.02094	0.07578	0.02201	0.01583	0.02229	0.01333	0.01908	0.01134	0.00917	0.01309	0.00273	0.21094	0.00707	0.00369	0.01034
49	0.12611	0.14891	0.17839	0.05170	0.05926	0.09252	0.01665	0.02441	0.03772	0.05483	0.07742	0.02407	0.05863	0.00922	0.00704	0.00232	0.00885	0.00704	0.00488	0.01003
50	0.01784	0.02234	0.18789	0.01857	0.06280	0.09924	0.01647	0.04987	0.01700	0.05530	0.01841	0.02506	0.01578	0.08752	0.20009	0.00575	0.04268	0.00737	0.04067	0.00938
51	0.01133	0.00850	0.01274	0.01274	0.01416	0.00991	0.00991	0.01416	0.01274	0.01841	0.02124	0.03115	0.01982	0.05947	0.68989	0.01274	0.02124	0.00850	0.00425	0.00708
52	0.01377	0.00689	0.01033	0.01033	0.01033	0.00689	0.00689	0.01033	0.01033	0.01377	0.01377	0.02410	0.01377	0.02755	0.03099	0.76928	0.00689	0.00689	0.00344	0.00344
53	0.02128	0.15121	0.08546	0.02483	0.17523	0.04379	0.08768	0.02603	0.04116	0.13596	0.02258	0.09293	0.03777	0.00988	0.00776	0.00240	0.00884	0.00873	0.00541	0.01106
54	0.01980	0.01813	0.05367	0.11875	0.11216	0.06863	0.07724	0.05739	0.01959	0.09449	0.06285	0.02632	0.06563	0.00900	0.00777	0.00222	0.00867	0.00788	0.00542	0.16439
55	0.01666	0.03427	0.47419	0.02469	0.03434	0.01941	0.15782	0.02451	0.01665	0.02451	0.01419	0.01779	0.01051	0.00805	0.00995	0.00265	0.08841	0.00672	0.00350	0.01117
56	0.02080	0.01607	0.04874	0.02055	0.12488	0.05613	0.04789	0.05179	0.06320	0.16640	0.06569	0.15337	0.05876	0.01295	0.00850	0.00261	0.00752	0.03010	0.03363	0.01044
57	0.02019	0.09117	0.20791	0.05065	0.20468	0.02041	0.11828	0.09058	0.04479	0.05220	0.01625	0.01913	0.01234	0.00764	0.00776	0.00241	0.01030	0.00695	0.00452	0.01184
58	0.05738	0.01951	0.04781	0.03772	0.02171	0.14651	0.06559	0.09006	0.08454	0.04608	0.05276	0.06732	0.13655	0.01326	0.00954	0.04435	0.00860	0.03537	0.00605	0.00928
59	0.01244	0.00978	0.01236	0.01384	0.04989	0.00955	0.01036	0.01704	0.07332	0.02416	0.10377	0.09299	0.23036	0.05190	0.01127	0.00328	0.00597	0.25278	0.00721	0.00773

[dist]
# distance from previous block
# <min> <max>
0	2

[block]
# block no. 5 follows, 24 sequences, length 8
# corresponding to MSA columns:
# 221-228
name=unknown_F
#
# <colnr> <probs for GDERKNQSTAVLIFYWHMCP>
#	G	D	E	R	K	N	Q	S	T	A	V	L	I	F	Y	W	H	M	C	P
0	0.01500	0.01003	0.01415	0.01249	0.01492	0.00984	0.06285	0.05525	0.01791	0.06045	0.13967	0.10779	0.08079	0.06574	0.07560	0.09952	0.00740	0.01134	0.13167	0.00756
1	0.01606	0.10357	0.11749	0.01528	0.01972	0.06865	0.03556	0.04691	0.05168	0.02503	0.15154	0.11643	0.09935	0.01548	0.03949	0.00299	0.04892	0.01093	0.00587	0.00904
2	0.05242	0.05978	0.11175	0.01465	0.04548	0.01295	0.01266	0.02342	0.05995	0.15203	0.10388	0.11385	0.12369	0.01294	0.00803	0.00248	0.00649	0.01085	0.03716	0.03554
3	0.17171	0.01757	0.04774	0.04960	0.09771	0.04144	0.03991	0.09637	0.08973	0.08600	0.02448	0.06173	0.06749	0.01004	0.00743	0.00243	0.00766	0.00821	0.00602	0.06673
4	0.01987	0.06636	0.08364	0.09121	0.11752	0.01861	0.12224	0.11144	0.04796	0.06361	0.06200	0.02498	0.04660	0.00913	0.00866	0.00243	0.03507	0.00807	0.00537	0.05524
5	0.06370	0.01893	0.14904	0.01736	0.06246	0.04356	0.04030	0.07136	0.01937	0.06468	0.08942	0.18070	0.11866	0.01406	0.00849	0.00264	0.00754	0.01207	0.00621	0.00945
6	0.01775	0.01756	0.08834	0.13038	0.11007	0.04471	0.03566	0.06376	0.04795	0.06177	0.10100	0.11630	0.02592	0.01145	0.00868	0.00253	0.02771	0.00989	0.03608	0.04252
7	0.08079	0.01374	0.04526	0.07239	0.05958	0.03502	0.01227	0.04568	0.06518	0.02506	0.09355	0.15036	0.07074	0.04253	0.06577	0.04318	0.03272	0.03194	0.00587	0.00837

[dist]
# distance from previous block
# <min> <max>
1	9

[block]
# block no. 6 follows, 24 sequences, length 6
# corresponding to MSA columns:
# 243-248
name=unknown_G
#
# <colnr> <probs for GDERKNQSTAVLIFYWHMCP>
#	G	D	E	R	K	N	Q	S	T	A	V	L	I	F	Y	W	H	M	C	P
0	0.01500	0.10075	0.12123	0.01497	0.01918	0.05567	0.06671	0.01858	0.01628	0.02184	0.08947	0.06770	0.06007	0.14643	0.10640	0.00474	0.01017	0.00968	0.04694	0.00820
1	0.05618	0.12245	0.12673	0.03917	0.05335	0.01545	0.05268	0.01986	0.04398	0.02431	0.11431	0.09594	0.10683	0.05661	0.01007	0.00285	0.00758	0.03716	0.00554	0.00897
2	0.01957	0.09076	0.15994	0.05354	0.09534	0.14619	0.10967	0.02425	0.01766	0.02264	0.01519	0.05577	0.01318	0.00877	0.00909	0.00236	0.06893	0.00717	0.00400	0.07596
3	0.02068	0.16719	0.09329	0.07969	0.12861	0.12889	0.01672	0.02647	0.08238	0.05832	0.02119	0.02295	0.05690	0.00883	0.00713	0.00224	0.00919	0.00694	0.05195	0.01045
4	0.01043	0.00761	0.00958	0.01049	0.01154	0.00722	0.00737	0.01221	0.01589	0.02098	0.10600	0.35025	0.14649	0.13573	0.05457	0.00437	0.00612	0.06981	0.00690	0.00643
5	0.05285	0.09301	0.11125	0.08393	0.05011	0.01831	0.01555	0.14339	0.10080	0.05449	0.08349	0.03146	0.08329	0.01087	0.00785	0.00248	0.00787	0.03218	0.00619	0.01064

[dist]
# distance from previous block
# <min> <max>
10	19

[block]
# block no. 7 follows, 24 sequences, length 6
# corresponding to MSA columns:
# 270-275
name=unknown_H
#
# <colnr> <probs for GDERKNQSTAVLIFYWHMCP>
#	G	D	E	R	K	N	Q	S	T	A	V	L	I	F	Y	W	H	M	C	P
0	0.07078	0.01804	0.06520	0.10393	0.12198	0.01892	0.04402	0.12395	0.04443	0.02863	0.06584	0.02450	0.03809	0.01312	0.05018	0.00326	0.14187	0.00789	0.00513	0.01024
1	0.02001	0.01946	0.02040	0.02244	0.14156	0.15006	0.01489	0.07730	0.14789	0.02687	0.05104	0.12778	0.02541	0.01283	0.00956	0.00267	0.05268	0.06091	0.00606	0.01019
2	0.01327	0.00991	0.01078	0.01078	0.01279	0.04554	0.00794	0.01548	0.01815	0.06767	0.16851	0.19331	0.21885	0.10078	0.01305	0.00337	0.00557	0.06971	0.00731	0.00724
3	0.07397	0.05004	0.12498	0.02405	0.18748	0.01754	0.01744	0.11618	0.05696	0.12772	0.07613	0.02586	0.04828	0.00947	0.00772	0.00242	0.00812	0.00787	0.00613	0.01164
4	0.11197	0.16145	0.13991	0.01955	0.02654	0.05050	0.14921	0.08586	0.01941	0.06378	0.01949	0.02398	0.04274	0.00892	0.00745	0.00241	0.00970	0.04169	0.00494	0.01051
5	0.05846	0.05558	0.01365	0.01099	0.01435	0.01112	0.00861	0.07025	0.02003	0.11634	0.13187	0.16504	0.26058	0.01653	0.00867	0.00262	0.00525	0.01392	0.00754	0.00859

[dist]
# distance from previous block
# <min> <max>
4	11

[block]
# block no. 8 follows, 24 sequences, length 6
# corresponding to MSA columns:
# 287-292
name=unknown_I
#
# <colnr> <probs for GDERKNQSTAVLIFYWHMCP>
#	G	D	E	R	K	N	Q	S	T	A	V	L	I	F	Y	W	H	M	C	P
0	0.06573	0.01922	0.06907	0.06370	0.09796	0.09893	0.08236	0.05140	0.01829	0.04917	0.04763	0.03137	0.01995	0.10656	0.01288	0.00319	0.02881	0.06589	0.00505	0.06281
1	0.04079	0.23236	0.07451	0.06747	0.06117	0.10552	0.03887	0.05682	0.06303	0.02343	0.01810	0.06390	0.01639	0.01362	0.06330	0.00315	0.01039	0.03266	0.00463	0.00991
2	0.01301	0.08446	0.05546	0.01161	0.01463	0.01141	0.00968	0.05682	0.01810	0.02332	0.08593	0.22169	0.22359	0.07695	0.01161	0.00316	0.00595	0.05831	0.00661	0.00770
3	0.05228	0.06780	0.04828	0.18631	0.14367	0.06018	0.04345	0.02061	0.01660	0.02238	0.02242	0.10386	0.05620	0.01161	0.00970	0.00268	0.07137	0.04673	0.00458	0.00928
4	0.02024	0.02415	0.19720	0.07178	0.09019	0.04473	0.08330	0.10550	0.11046	0.07356	0.08043	0.02451	0.01972	0.00913	0.00809	0.00251	0.00946	0.00793	0.00570	0.01144
5	0.01537	0.01592	0.10451	0.10818	0.06464	0.01484	0.01617	0.01929	0.01520	0.06134	0.02313	0.03097	0.06326	0.02711	0.23033	0.00604	0.12992	0.04028	0.00461	0.00890

[dist]
# distance from previous block
# <min> <max>
6	39

[block]
# block no. 9 follows, 24 sequences, length 7
# corresponding to MSA columns:
# 332-338
name=unknown_J
#
# <colnr> <probs for GDERKNQSTAVLIFYWHMCP>
#	G	D	E	R	K	N	Q	S	T	A	V	L	I	F	Y	W	H	M	C	P
0	0.02032	0.01862	0.04398	0.09383	0.09197	0.08736	0.01490	0.14760	0.07405	0.04879	0.07326	0.05011	0.06152	0.01082	0.00802	0.00238	0.00825	0.04036	0.00613	0.09774
1	0.01600	0.07329	0.13002	0.01480	0.01875	0.09271	0.01341	0.02041	0.06951	0.02287	0.12149	0.11621	0.07188	0.01559	0.01226	0.11042	0.03808	0.02843	0.00552	0.00833
2	0.01219	0.00979	0.01199	0.01336	0.06213	0.00955	0.00889	0.01694	0.09763	0.02389	0.13661	0.18010	0.23311	0.10062	0.01295	0.00337	0.00538	0.04667	0.00708	0.00775
3	0.01087	0.00840	0.01113	0.09134	0.01653	0.00827	0.00896	0.01332	0.01714	0.02256	0.16854	0.28920	0.17044	0.07628	0.01206	0.00329	0.00543	0.05239	0.00697	0.00689
4	0.07079	0.11675	0.05811	0.09381	0.07542	0.04676	0.06367	0.12869	0.08145	0.07668	0.01776	0.02106	0.01397	0.04430	0.01022	0.00270	0.05465	0.00701	0.00537	0.01084
5	0.02346	0.07887	0.10840	0.02244	0.10325	0.04820	0.07233	0.08890	0.05797	0.17012	0.02043	0.05448	0.01594	0.00982	0.00989	0.00255	0.08771	0.00786	0.00588	0.01151
6	0.01307	0.00929	0.01165	0.01268	0.05533	0.00865	0.00845	0.01632	0.04958	0.07265	0.15246	0.22512	0.24187	0.07210	0.01166	0.00313	0.00507	0.01575	0.00739	0.00780

[dist]
# distance from previous block
# <min> <max>
37	75

[block]
# block no. 10 follows, 24 sequences, length 15
# corresponding to MSA columns:
# 417-431
name=unknown_K
#
# <colnr> <probs for GDERKNQSTAVLIFYWHMCP>
#	G	D	E	R	K	N	Q	S	T	A	V	L	I	F	Y	W	H	M	C	P
0	0.01398	0.03696	0.04987	0.05796	0.05744	0.05772	0.04007	0.01661	0.01599	0.02094	0.03205	0.33318	0.07648	0.05183	0.01182	0.00306	0.06175	0.01453	0.00568	0.04209
1	0.01896	0.02024	0.08649	0.01839	0.06186	0.07778	0.04548	0.08100	0.06992	0.02713	0.01814	0.07385	0.01582	0.00908	0.00834	0.00207	0.04923	0.00735	0.00513	0.30377
2	0.01660	0.09970	0.10124	0.13334	0.08524	0.01747	0.10339	0.02255	0.05635	0.02483	0.10336	0.04525	0.02166	0.00920	0.00828	0.00234	0.02910	0.00816	0.00483	0.10712
3	0.07922	0.06643	0.08820	0.03963	0.05669	0.11720	0.01437	0.07692	0.04641	0.02573	0.04390	0.07331	0.05857	0.04501	0.03821	0.00311	0.04495	0.02963	0.00523	0.04727
4	0.01059	0.00776	0.01000	0.01080	0.01203	0.00743	0.00785	0.01275	0.01661	0.02216	0.15122	0.30919	0.13773	0.09015	0.08124	0.00444	0.00665	0.08769	0.00704	0.00667
5	0.05258	0.01076	0.01347	0.11662	0.01995	0.01097	0.01033	0.05172	0.04599	0.07854	0.19084	0.13790	0.19868	0.01555	0.00878	0.00266	0.00570	0.01332	0.00723	0.00841
6	0.02212	0.06763	0.13407	0.05291	0.13096	0.13464	0.07670	0.06146	0.01948	0.09343	0.01902	0.02143	0.04514	0.00906	0.00949	0.00246	0.07721	0.00715	0.00480	0.01085
7	0.01520	0.00919	0.01184	0.01088	0.01332	0.00847	0.03468	0.01763	0.01741	0.11762	0.09580	0.11851	0.17695	0.14818	0.01456	0.00355	0.00568	0.04849	0.12437	0.00768
8	0.01489	0.01034	0.01342	0.01265	0.01370	0.01186	0.00929	0.01813	0.12756	0.01943	0.01920	0.02803	0.01770	0.09491	0.09301	0.33716	0.09879	0.00793	0.04553	0.00648
9	0.05793	0.02402	0.15685	0.05868	0.12991	0.02017	0.26141	0.11067	0.02014	0.02884	0.01536	0.01931	0.01163	0.00771	0.00905	0.00258	0.04247	0.00759	0.00442	0.01127
10	0.07043	0.22461	0.08803	0.01636	0.02260	0.06220	0.06392	0.07481	0.07366	0.06369	0.05093	0.05418	0.01775	0.00899	0.00695	0.00217	0.00844	0.00717	0.00529	0.07779
11	0.01031	0.00759	0.00891	0.00967	0.01071	0.00704	0.00653	0.01159	0.01511	0.01934	0.04858	0.29913	0.22219	0.23014	0.01893	0.00442	0.00550	0.05165	0.00660	0.00608
12	0.01041	0.00765	0.00909	0.00970	0.01084	0.00709	0.00664	0.01196	0.01589	0.02065	0.11277	0.27084	0.20982	0.20683	0.01789	0.00421	0.00532	0.04935	0.00682	0.00623
13	0.01877	0.06176	0.05623	0.11822	0.04921	0.11434	0.09576	0.02443	0.09860	0.04067	0.01990	0.04631	0.01728	0.05583	0.01229	0.08102	0.00955	0.03311	0.03763	0.00909
14	0.01401	0.01298	0.04916	0.01665	0.05679	0.01259	0.03913	0.02038	0.13322	0.02330	0.03301	0.22119	0.05339	0.09433	0.04852	0.00404	0.04879	0.10375	0.00627	0.00851

[dist]
# distance from previous block
# <min> <max>
0	1

[block]
# block no. 11 follows, 24 sequences, length 19
# corresponding to MSA columns:
# 433-451
name=unknown_L
#
# <colnr> <probs for GDERKNQSTAVLIFYWHMCP>
#	G	D	E	R	K	N	Q	S	T	A	V	L	I	F	Y	W	H	M	C	P
0	0.00962	0.00706	0.00904	0.01063	0.01139	0.00648	0.00718	0.01109	0.01558	0.02040	0.04873	0.62842	0.13692	0.02419	0.01002	0.00315	0.00452	0.02175	0.00736	0.00648
1	0.02206	0.01543	0.01888	0.01595	0.01918	0.09286	0.05568	0.02468	0.01837	0.20681	0.09751	0.06394	0.02438	0.01665	0.06816	0.04699	0.12358	0.00902	0.05039	0.00948
2	0.01798	0.12082	0.15143	0.04942	0.08319	0.01687	0.03699	0.02502	0.09949	0.08012	0.09237	0.06238	0.04801	0.01084	0.00782	0.00246	0.00790	0.03379	0.04270	0.01039
3	0.02163	0.01983	0.02434	0.04406	0.16963	0.15224	0.08294	0.04583	0.04527	0.08957	0.01982	0.06326	0.01724	0.01364	0.04258	0.05680	0.04150	0.03462	0.00516	0.01006
4	0.32705	0.19417	0.02581	0.02062	0.14181	0.09780	0.04438	0.02466	0.01627	0.02726	0.01214	0.01468	0.01008	0.00722	0.00597	0.00221	0.00861	0.00514	0.00421	0.00989
5	0.01329	0.00909	0.01221	0.01221	0.01360	0.00956	0.00934	0.01579	0.01653	0.05981	0.15410	0.17167	0.04110	0.11219	0.11692	0.00506	0.06503	0.11555	0.03963	0.00730
6	0.00974	0.00744	0.00899	0.01016	0.01150	0.00669	0.00719	0.01148	0.01641	0.02087	0.05685	0.44841	0.27493	0.02295	0.00990	0.00305	0.00455	0.05497	0.00736	0.00658
7	0.01779	0.09982	0.21740	0.02290	0.08283	0.01848	0.14414	0.05368	0.05188	0.02591	0.01928	0.05034	0.03902	0.00850	0.00766	0.00230	0.00967	0.00768	0.00452	0.11619
8	0.01853	0.15702	0.02327	0.06553	0.07107	0.04492	0.03851	0.06631	0.08045	0.06220	0.06413	0.14542	0.04784	0.01307	0.00817	0.00257	0.00767	0.06751	0.00609	0.00973
9	0.01047	0.00744	0.00946	0.01026	0.01098	0.00717	0.00685	0.01197	0.01526	0.02059	0.12888	0.37242	0.07677	0.20312	0.06682	0.00492	0.00644	0.01727	0.00668	0.00623
10	0.01159	0.00855	0.00991	0.01010	0.01177	0.00808	0.00737	0.03850	0.01693	0.02162	0.08543	0.12813	0.26929	0.19428	0.01817	0.03485	0.00578	0.10651	0.00666	0.00649
11	0.01418	0.02159	0.23668	0.01706	0.02249	0.04509	0.06009	0.01993	0.04819	0.02371	0.07899	0.20515	0.06717	0.03551	0.03998	0.00334	0.00897	0.03728	0.00556	0.00904
12	0.02125	0.01829	0.07230	0.03194	0.32445	0.01678	0.04655	0.06860	0.02013	0.12776	0.06561	0.02917	0.02058	0.00986	0.00906	0.00256	0.03844	0.05933	0.00568	0.01166
13	0.00989	0.00702	0.00922	0.01079	0.01127	0.00660	0.00715	0.01127	0.01521	0.02037	0.07137	0.62847	0.05148	0.08405	0.01267	0.00357	0.00482	0.02122	0.00721	0.00635
14	0.01142	0.00881	0.01017	0.01039	0.01252	0.00817	0.00778	0.05661	0.01914	0.02452	0.13228	0.25322	0.32481	0.02039	0.00961	0.00287	0.00475	0.06775	0.00756	0.00724
15	0.02080	0.18125	0.17413	0.04394	0.05443	0.05621	0.15893	0.06148	0.04279	0.07536	0.04452	0.02026	0.01491	0.00799	0.00756	0.00233	0.01028	0.00705	0.00474	0.01104
16	0.01044	0.01010	0.05596	0.01028	0.01267	0.00774	0.00826	0.01282	0.01698	0.02176	0.11173	0.21890	0.32806	0.09683	0.01288	0.00337	0.00521	0.04220	0.00692	0.00688
17	0.02018	0.01446	0.01582	0.01494	0.05122	0.06059	0.01097	0.09946	0.12321	0.11365	0.13300	0.03408	0.06535	0.01541	0.06537	0.00324	0.00765	0.00928	0.13205	0.01007
18	0.01957	0.02791	0.22886	0.04785	0.06450	0.15440	0.03969	0.05763	0.04722	0.02476	0.01787	0.05002	0.01537	0.01017	0.00985	0.00259	0.08826	0.04179	0.04146	0.01023

[dist]
# distance from previous block
# <min> <max>
0	11

[block]
# block no. 12 follows, 24 sequences, length 28
# corresponding to MSA columns:
# 466-493
name=unknown_M
#
# <colnr> <probs for GDERKNQSTAVLIFYWHMCP>
#	G	D	E	R	K	N	Q	S	T	A	V	L	I	F	Y	W	H	M	C	P
0	0.01765	0.08457	0.17901	0.01950	0.02542	0.01745	0.12638	0.07114	0.01820	0.05706	0.02344	0.08842	0.04939	0.04391	0.04353	0.00338	0.06772	0.04887	0.00506	0.00988
1	0.01673	0.01637	0.02881	0.32626	0.21915	0.01737	0.12792	0.02182	0.01711	0.02313	0.01795	0.02320	0.04415	0.00794	0.00809	0.00247	0.01010	0.00778	0.00399	0.05966
2	0.01710	0.07638	0.02569	0.48351	0.14277	0.01831	0.02050	0.02190	0.01654	0.04937	0.01519	0.02078	0.01164	0.00783	0.00757	0.00247	0.00976	0.00686	0.03619	0.00964
3	0.01776	0.01977	0.11285	0.07608	0.12185	0.06558	0.09654	0.05142	0.04467	0.04689	0.02407	0.15821	0.04384	0.01227	0.00927	0.03189	0.00906	0.01043	0.00521	0.04235
4	0.18238	0.01231	0.01298	0.01185	0.01525	0.01276	0.00914	0.09078	0.07285	0.02877	0.06101	0.14640	0.11063	0.01552	0.01033	0.08531	0.00590	0.03510	0.00636	0.07437
5	0.03388	0.01400	0.01839	0.01418	0.02017	0.01255	0.01169	0.09009	0.02375	0.59211	0.03252	0.02861	0.04949	0.01027	0.00804	0.00246	0.00679	0.00831	0.00954	0.01318
6	0.02872	0.01819	0.02224	0.05971	0.06883	0.01941	0.01496	0.30220	0.08308	0.23450	0.02297	0.02247	0.01592	0.00964	0.00872	0.00249	0.03777	0.00753	0.00779	0.01286
7	0.01111	0.00845	0.01149	0.01379	0.06864	0.00830	0.00858	0.01279	0.01467	0.01965	0.03811	0.35821	0.10444	0.16252	0.11661	0.00537	0.00803	0.01637	0.00611	0.00678
8	0.01377	0.00689	0.01033	0.01033	0.01033	0.00689	0.00689	0.01033	0.01033	0.01377	0.01377	0.02410	0.01377	0.02755	0.03099	0.76928	0.00689	0.00689	0.00344	0.00344
9	0.01754	0.00996	0.01213	0.01115	0.01413	0.00919	0.00836	0.02140	0.07119	0.19463	0.11738	0.18149	0.20215	0.07806	0.01174	0.00314	0.00532	0.01422	0.00799	0.00883
10	0.02089	0.01819	0.02577	0.06005	0.22385	0.01945	0.06914	0.18391	0.12388	0.03244	0.04385	0.02669	0.06599	0.00985	0.00897	0.00253	0.03835	0.00853	0.00598	0.01169
11	0.01857	0.02395	0.22294	0.07335	0.12615	0.04530	0.04112	0.10205	0.01972	0.05035	0.02205	0.02503	0.06530	0.01416	0.07682	0.00348	0.01086	0.00766	0.04042	0.01071
12	0.01024	0.00822	0.00923	0.00966	0.01177	0.00740	0.00716	0.01319	0.04492	0.02254	0.10974	0.22666	0.41086	0.02066	0.00960	0.00286	0.00444	0.05638	0.00749	0.00698
