[name]
unknown

[dist]
# distance from previous block
# <min> <max>
0	61

[block]
# block no. 0 follows, 34 sequences, length 8
# corresponding to MSA columns:
# 61-68
name=unknown_A
#
# <colnr> <probs for GDERKNQSTAVLIFYWHMCP>
#	G	D	E	R	K	N	Q	S	T	A	V	L	I	F	Y	W	H	M	C	P
0	0.01483	0.01096	0.01386	0.01422	0.05307	0.01153	0.01145	0.21722	0.01939	0.02567	0.02760	0.05317	0.02813	0.01427	0.00807	0.00262	0.00638	0.45397	0.00596	0.00764
1	0.02659	0.01485	0.01738	0.01333	0.01842	0.01522	0.01101	0.40048	0.02495	0.35898	0.02007	0.01847	0.01328	0.00787	0.00648	0.00197	0.00637	0.00613	0.00716	0.01099
2	0.24708	0.01000	0.00966	0.00900	0.01109	0.01113	0.00640	0.01846	0.18868	0.02097	0.01854	0.02844	0.01773	0.35720	0.01785	0.00400	0.00561	0.00715	0.00461	0.00640
3	0.25178	0.01935	0.02480	0.01911	0.02410	0.19941	0.32928	0.02148	0.01478	0.02189	0.01111	0.01396	0.00861	0.00591	0.00612	0.00200	0.00936	0.00555	0.00350	0.00791
4	0.01957	0.02318	0.01899	0.01679	0.01860	0.41463	0.01324	0.02112	0.01446	0.01569	0.00930	0.01279	0.00840	0.00878	0.01285	0.00220	0.35417	0.00484	0.00310	0.00730
5	0.01631	0.01861	0.02494	0.01934	0.02369	0.22687	0.32928	0.02005	0.01691	0.02058	0.19214	0.02349	0.02223	0.00775	0.00710	0.00199	0.00914	0.00764	0.00425	0.00770
6	0.02144	0.01545	0.01399	0.01227	0.01566	0.22348	0.00939	0.02337	0.01663	0.30741	0.02276	0.20617	0.02013	0.01051	0.00665	0.00200	0.00682	0.00866	0.00591	0.05131
7	0.38279	0.01405	0.01858	0.02542	0.40350	0.01496	0.01397	0.01945	0.01301	0.02471	0.01071	0.01348	0.00876	0.00587	0.00530	0.00196	0.00645	0.00472	0.00356	0.00876

[dist]
# distance from previous block
# <min> <max>
0	3

[block]
# block no. 1 follows, 34 sequences, length 17
# corresponding to MSA columns:
# 72-88
name=unknown_B
#
# <colnr> <probs for GDERKNQSTAVLIFYWHMCP>
#	G	D	E	R	K	N	Q	S	T	A	V	L	I	F	Y	W	H	M	C	P
0	0.01746	0.01450	0.01542	0.01321	0.01730	0.01628	0.01043	0.15937	0.54139	0.02916	0.02322	0.02174	0.01737	0.00829	0.00643	0.00206	0.00546	0.00678	0.00636	0.06779
1	0.02583	0.01007	0.01332	0.01047	0.01482	0.00885	0.00857	0.02842	0.01757	0.60399	0.02467	0.02238	0.01610	0.00791	0.00613	0.00191	0.00503	0.00641	0.15748	0.01007
2	0.01103	0.00860	0.01192	0.01250	0.01360	0.00966	0.01064	0.01351	0.01355	0.01814	0.02842	0.05973	0.03085	0.07067	0.01293	0.00318	0.14694	0.51289	0.00522	0.00601
3	0.01234	0.02606	0.51027	0.01823	0.04858	0.01333	0.08756	0.01832	0.01360	0.01977	0.01624	0.15504	0.01486	0.00869	0.00669	0.00216	0.00854	0.00762	0.00341	0.00869
4	0.01155	0.00607	0.00621	0.00621	0.00744	0.00607	0.00440	0.01400	0.01277	0.02193	0.02094	0.02749	0.01785	0.15041	0.00981	0.00239	0.00362	0.00665	0.65854	0.00563
5	0.00816	0.00574	0.00741	0.00863	0.00894	0.00544	0.00561	0.00907	0.01182	0.01575	0.03277	0.63310	0.03914	0.16075	0.01285	0.00330	0.00422	0.01669	0.00561	0.00500
6	0.02282	0.01797	0.02289	0.01718	0.02260	0.01935	0.14237	0.58220	0.02756	0.03698	0.01506	0.01587	0.01077	0.00733	0.00668	0.00198	0.00782	0.00615	0.00587	0.01056
7	0.00764	0.00655	0.00655	0.00655	0.00873	0.00545	0.00491	0.00927	0.01473	0.01745	0.06546	0.06218	0.73000	0.01636	0.00764	0.00218	0.00327	0.01364	0.00600	0.00545
8	0.01340	0.01148	0.01340	0.00957	0.01531	0.00861	0.00766	0.01627	0.01340	0.02105	0.01148	0.01340	0.00957	0.00479	0.00479	0.00096	0.00479	0.00383	0.00383	0.81242
9	0.00764	0.00655	0.00655	0.00655	0.00873	0.00545	0.00491	0.00927	0.01473	0.01745	0.06546	0.06218	0.73000	0.01636	0.00764	0.00218	0.00327	0.01364	0.00600	0.00545
10	0.01555	0.01343	0.01411	0.01274	0.01630	0.01542	0.00990	0.03279	0.67739	0.02644	0.02871	0.02645	0.06352	0.00923	0.00664	0.00219	0.00500	0.00770	0.00654	0.00993
11	0.00787	0.00562	0.00750	0.00900	0.00937	0.00525	0.00600	0.00900	0.01237	0.01649	0.03561	0.76871	0.04274	0.02024	0.00825	0.00262	0.00375	0.01837	0.00600	0.00525
12	0.01419	0.01485	0.02615	0.04499	0.02390	0.01744	0.28138	0.01736	0.01258	0.01820	0.05479	0.01761	0.01223	0.00901	0.01465	0.00251	0.40046	0.00679	0.00326	0.00765
13	0.01599	0.01535	0.02623	0.03966	0.73262	0.01535	0.01983	0.01983	0.01471	0.02111	0.01215	0.01599	0.01023	0.00576	0.00640	0.00192	0.00768	0.00576	0.00320	0.01023
14	0.01296	0.03342	0.73944	0.01842	0.02797	0.01501	0.02387	0.02046	0.01364	0.02046	0.01160	0.01364	0.00818	0.00614	0.00614	0.00205	0.00955	0.00477	0.00273	0.00955
15	0.03761	0.01280	0.01604	0.03564	0.13927	0.01349	0.01132	0.05739	0.31041	0.11762	0.10852	0.02385	0.02108	0.00828	0.00648	0.00201	0.00550	0.00706	0.00591	0.05973
16	0.31818	0.21481	0.18901	0.01167	0.01718	0.01685	0.01213	0.04050	0.01348	0.02348	0.07855	0.01497	0.01289	0.00665	0.00497	0.00185	0.00645	0.00464	0.00375	0.00798

[dist]
# distance from previous block
# <min> <max>
0	5

[block]
# block no. 2 follows, 34 sequences, length 28
# corresponding to MSA columns:
# 94-121
name=unknown_C
#
# <colnr> <probs for GDERKNQSTAVLIFYWHMCP>
#	G	D	E	R	K	N	Q	S	T	A	V	L	I	F	Y	W	H	M	C	P
0	0.14891	0.01780	0.21436	0.39865	0.06391	0.01460	0.01779	0.01815	0.01287	0.01989	0.01112	0.01506	0.00829	0.00626	0.00595	0.00209	0.00822	0.00510	0.00304	0.00792
1	0.01343	0.12084	0.60518	0.01781	0.04799	0.01595	0.02154	0.02000	0.01379	0.02006	0.03826	0.01462	0.01024	0.00632	0.00596	0.00196	0.00893	0.00491	0.00291	0.00929
2	0.01081	0.00882	0.00961	0.00891	0.01090	0.04393	0.00671	0.04206	0.07379	0.02418	0.47185	0.04532	0.16319	0.04138	0.00835	0.00221	0.00396	0.01097	0.00655	0.00650
3	0.01020	0.00707	0.00992	0.01179	0.04692	0.00682	0.00862	0.01227	0.01376	0.04859	0.03346	0.41696	0.03774	0.01803	0.00836	0.00271	0.00491	0.28991	0.00593	0.00602
4	0.01535	0.01470	0.02507	0.16102	0.61627	0.01518	0.01951	0.01927	0.01441	0.02033	0.01204	0.01620	0.00996	0.00588	0.00641	0.00196	0.00783	0.00575	0.00314	0.00972
5	0.01204	0.00602	0.00602	0.00602	0.00753	0.00602	0.00452	0.01506	0.01355	0.02409	0.02108	0.02409	0.01656	0.00753	0.00452	0.00151	0.00301	0.00602	0.80879	0.00602
6	0.81856	0.01250	0.00950	0.00850	0.01250	0.01449	0.00700	0.01899	0.01100	0.02899	0.00900	0.01050	0.00700	0.00600	0.00400	0.00200	0.00500	0.00350	0.00400	0.00700
7	0.00933	0.00624	0.00707	0.00713	0.00714	0.00622	0.00400	0.00938	0.00952	0.01270	0.02100	0.07281	0.02430	0.74129	0.03185	0.00611	0.00616	0.00977	0.00400	0.00397
8	0.01584	0.01520	0.02595	0.06854	0.70493	0.01531	0.01975	0.01970	0.01464	0.02092	0.01213	0.01604	0.01017	0.00579	0.00640	0.00193	0.00771	0.00576	0.00319	0.01011
9	0.00764	0.00655	0.00655	0.00655	0.00873	0.00545	0.00491	0.00927	0.01473	0.01745	0.06546	0.06218	0.73000	0.01636	0.00764	0.00218	0.00327	0.01364	0.00600	0.00545
10	0.81856	0.01250	0.00950	0.00850	0.01250	0.01449	0.00700	0.01899	0.01100	0.02899	0.00900	0.01050	0.00700	0.00600	0.00400	0.00200	0.00500	0.00350	0.00400	0.00700
11	0.81856	0.01250	0.00950	0.00850	0.01250	0.01449	0.00700	0.01899	0.01100	0.02899	0.00900	0.01050	0.00700	0.00600	0.00400	0.00200	0.00500	0.00350	0.00400	0.00700
12	0.81856	0.01250	0.00950	0.00850	0.01250	0.01449	0.00700	0.01899	0.01100	0.02899	0.00900	0.01050	0.00700	0.00600	0.00400	0.00200	0.00500	0.00350	0.00400	0.00700
13	0.00764	0.00655	0.00655	0.00655	0.00873	0.00545	0.00491	0.00927	0.01473	0.01745	0.06546	0.06218	0.73000	0.01636	0.00764	0.00218	0.00327	0.01364	0.00600	0.00545
14	0.01727	0.77681	0.03386	0.01106	0.01658	0.02557	0.01106	0.01935	0.01313	0.01520	0.00898	0.01036	0.00829	0.00553	0.00415	0.00138	0.00691	0.00345	0.00276	0.00829
15	0.01525	0.01743	0.03813	0.02723	0.03377	0.01634	0.70915	0.02070	0.01525	0.02070	0.01307	0.01743	0.00980	0.00545	0.00763	0.00218	0.01089	0.00763	0.00327	0.00871
16	0.01727	0.77681	0.03386	0.01106	0.01658	0.02557	0.01106	0.01935	0.01313	0.01520	0.00898	0.01036	0.00829	0.00553	0.00415	0.00138	0.00691	0.00345	0.00276	0.00829
17	0.00954	0.00647	0.00833	0.00833	0.00884	0.00691	0.00560	0.01040	0.00990	0.01389	0.01878	0.03400	0.01981	0.42917	0.30179	0.04741	0.01027	0.00813	0.03778	0.00465
18	0.01381	0.01296	0.02077	0.35820	0.26384	0.01495	0.01706	0.01895	0.07939	0.01885	0.01315	0.01763	0.01055	0.00889	0.04417	0.00254	0.06662	0.00594	0.00335	0.00839
19	0.01581	0.01516	0.02589	0.07500	0.69874	0.01530	0.01974	0.01967	0.01462	0.02088	0.01212	0.01605	0.01015	0.00579	0.00640	0.00193	0.00772	0.00576	0.00318	0.01008
20	0.02456	0.01810	0.01939	0.01487	0.02004	0.02004	0.01228	0.71107	0.03038	0.04072	0.01551	0.01551	0.01099	0.00776	0.00646	0.00194	0.00711	0.00582	0.00646	0.01099
21	0.01340	0.01148	0.01340	0.00957	0.01531	0.00861	0.00766	0.01627	0.01340	0.02105	0.01148	0.01340	0.00957	0.00479	0.00479	0.00096	0.00479	0.00383	0.00383	0.81242
22	0.01525	0.01743	0.03813	0.02723	0.03377	0.01634	0.70915	0.02070	0.01525	0.02070	0.01307	0.01743	0.00980	0.00545	0.00763	0.00218	0.01089	0.00763	0.00327	0.00871
23	0.81856	0.01250	0.00950	0.00850	0.01250	0.01449	0.00700	0.01899	0.01100	0.02899	0.00900	0.01050	0.00700	0.00600	0.00400	0.00200	0.00500	0.00350	0.00400	0.00700
24	0.00923	0.00692	0.01038	0.01038	0.01154	0.00808	0.00808	0.01154	0.01038	0.01500	0.01731	0.02538	0.01615	0.04846	0.74732	0.01038	0.01731	0.00692	0.00346	0.00577
25	0.01594	0.01468	0.04444	0.01337	0.01726	0.01603	0.01079	0.03376	0.69183	0.02676	0.02569	0.02368	0.01925	0.00866	0.00656	0.00219	0.00530	0.00720	0.00642	0.01020
26	0.01727	0.77681	0.03386	0.01106	0.01658	0.02557	0.01106	0.01935	0.01313	0.01520	0.00898	0.01036	0.00829	0.00553	0.00415	0.00138	0.00691	0.00345	0.00276	0.00829
27	0.01995	0.02409	0.01608	0.01489	0.01760	0.53933	0.01125	0.02179	0.01608	0.01558	0.01204	0.01551	0.01052	0.01841	0.21420	0.00412	0.01324	0.00494	0.00337	0.00701

[dist]
# distance from previous block
# <min> <max>
0	29

[block]
# block no. 3 follows, 34 sequences, length 25
# corresponding to MSA columns:
# 151-175
name=unknown_D
#
# <colnr> <probs for GDERKNQSTAVLIFYWHMCP>
#	G	D	E	R	K	N	Q	S	T	A	V	L	I	F	Y	W	H	M	C	P
0	0.81856	0.01250	0.00950	0.00850	0.01250	0.01449	0.00700	0.01899	0.01100	0.02899	0.00900	0.01050	0.00700	0.00600	0.00400	0.00200	0.00500	0.00350	0.00400	0.00700
1	0.00764	0.00655	0.00655	0.00655	0.00873	0.00545	0.00491	0.00927	0.01473	0.01745	0.06546	0.06218	0.73000	0.01636	0.00764	0.00218	0.00327	0.01364	0.00600	0.00545
2	0.00923	0.00692	0.01038	0.01038	0.01154	0.00808	0.00808	0.01154	0.01038	0.01500	0.01731	0.02538	0.01615	0.04846	0.74732	0.01038	0.01731	0.00692	0.00346	0.00577
3	0.00914	0.00660	0.00864	0.00813	0.00965	0.00610	0.00610	0.01219	0.01829	0.02591	0.72921	0.04827	0.06097	0.01321	0.00762	0.00203	0.00305	0.01169	0.00711	0.00610
4	0.01607	0.01388	0.01461	0.01315	0.01680	0.01607	0.01023	0.03433	0.72094	0.02703	0.02630	0.02411	0.01972	0.00877	0.00657	0.00219	0.00511	0.00731	0.00657	0.01023
5	0.01351	0.12899	0.64873	0.01747	0.02650	0.01636	0.02223	0.02032	0.01358	0.01979	0.01126	0.01322	0.00820	0.00606	0.00588	0.00196	0.00921	0.00460	0.00273	0.00939
6	0.00914	0.00660	0.00864	0.00813	0.00965	0.00610	0.00610	0.01219	0.01829	0.02591	0.72921	0.04827	0.06097	0.01321	0.00762	0.00203	0.00305	0.01169	0.00711	0.00610
7	0.01432	0.01411	0.01930	0.01660	0.01695	0.01944	0.01377	0.01732	0.07704	0.01663	0.01016	0.01508	0.00954	0.01107	0.01982	0.00277	0.68971	0.00581	0.00318	0.00737
8	0.01426	0.21815	0.49645	0.01740	0.02566	0.01778	0.08538	0.02021	0.01367	0.01917	0.01108	0.01318	0.00836	0.00592	0.00578	0.00189	0.00901	0.00471	0.00279	0.00916
9	0.57806	0.11155	0.01478	0.01178	0.06566	0.04382	0.00898	0.06322	0.01304	0.02691	0.00967	0.01124	0.00770	0.00606	0.00442	0.00190	0.00582	0.00383	0.00391	0.00767
10	0.02456	0.01810	0.01939	0.01487	0.02004	0.02004	0.01228	0.71107	0.03038	0.04072	0.01551	0.01551	0.01099	0.00776	0.00646	0.00194	0.00711	0.00582	0.00646	0.01099
11	0.01539	0.01142	0.01360	0.00982	0.01546	0.00873	0.00789	0.01822	0.01405	0.11267	0.01328	0.01450	0.01039	0.00520	0.00500	0.00109	0.00488	0.00417	0.00436	0.70988
12	0.02899	0.01100	0.01499	0.01150	0.01649	0.00950	0.00950	0.03149	0.01849	0.73709	0.02549	0.02199	0.01599	0.00800	0.00650	0.00200	0.00550	0.00650	0.00800	0.01100
13	0.02680	0.08505	0.01785	0.01228	0.01737	0.01358	0.01032	0.19606	0.02089	0.49911	0.02150	0.01931	0.01405	0.00771	0.00627	0.00193	0.00602	0.00604	0.00713	0.01074
14	0.01469	0.01403	0.02388	0.28584	0.49659	0.01501	0.01918	0.01869	0.01410	0.01953	0.01192	0.01642	0.00968	0.00600	0.00642	0.00200	0.00800	0.00575	0.00309	0.00919
15	0.02597	0.01583	0.01799	0.01379	0.01891	0.01667	0.01139	0.49422	0.02659	0.26293	0.01870	0.01758	0.01259	0.00783	0.00647	0.00196	0.00660	0.00603	0.00695	0.01099
16	0.81856	0.01250	0.00950	0.00850	0.01250	0.01449	0.00700	0.01899	0.01100	0.02899	0.00900	0.01050	0.00700	0.00600	0.00400	0.00200	0.00500	0.00350	0.00400	0.00700
17	0.00787	0.00562	0.00750	0.00900	0.00937	0.00525	0.00600	0.00900	0.01237	0.01649	0.03561	0.76871	0.04274	0.02024	0.00825	0.00262	0.00375	0.01837	0.00600	0.00525
18	0.01220	0.01148	0.01938	0.75739	0.04450	0.01436	0.01794	0.01651	0.01292	0.01651	0.01148	0.01723	0.00861	0.00646	0.00646	0.00215	0.00861	0.00574	0.00287	0.00718
19	0.00975	0.00735	0.00935	0.01008	0.01183	0.00708	0.00842	0.01298	0.04247	0.02004	0.13531	0.06497	0.21631	0.01650	0.00833	0.00262	0.00485	0.39962	0.00614	0.00601
20	0.01414	0.01414	0.01979	0.01696	0.01696	0.01979	0.01414	0.01555	0.00990	0.01555	0.00848	0.01414	0.00848	0.01131	0.02120	0.00283	0.76110	0.00565	0.00283	0.00707
21	0.01727	0.77681	0.03386	0.01106	0.01658	0.02557	0.01106	0.01935	0.01313	0.01520	0.00898	0.01036	0.00829	0.00553	0.00415	0.00138	0.00691	0.00345	0.00276	0.00829
22	0.01599	0.01535	0.02623	0.03966	0.73262	0.01535	0.01983	0.01983	0.01471	0.02111	0.01215	0.01599	0.01023	0.00576	0.00640	0.00192	0.00768	0.00576	0.00320	0.01023
23	0.00764	0.00655	0.00655	0.00655	0.00873	0.00545	0.00491	0.00927	0.01473	0.01745	0.06546	0.06218	0.73000	0.01636	0.00764	0.00218	0.00327	0.01364	0.00600	0.00545
24	0.00787	0.00562	0.00750	0.00900	0.00937	0.00525	0.00600	0.00900	0.01237	0.01649	0.03561	0.76871	0.04274	0.02024	0.00825	0.00262	0.00375	0.01837	0.00600	0.00525

[dist]
# distance from previous block
# <min> <max>
0	7

[block]
# block no. 4 follows, 34 sequences, length 37
# corresponding to MSA columns:
# 188-224
name=unknown_E
#
# <colnr> <probs for GDERKNQSTAVLIFYWHMCP>
#	G	D	E	R	K	N	Q	S	T	A	V	L	I	F	Y	W	H	M	C	P
0	0.01528	0.01734	0.03760	0.02778	0.06465	0.01630	0.67869	0.02066	0.01523	0.02072	0.01303	0.01737	0.00982	0.00546	0.00757	0.00217	0.01075	0.00754	0.00326	0.00878
1	0.01204	0.00602	0.00602	0.00602	0.00753	0.00602	0.00452	0.01506	0.01355	0.02409	0.02108	0.02409	0.01656	0.00753	0.00452	0.00151	0.00301	0.00602	0.80879	0.00602
2	0.02414	0.03079	0.01831	0.01665	0.01998	0.74698	0.01248	0.02580	0.01831	0.01581	0.00999	0.01165	0.00832	0.00666	0.00583	0.00166	0.01165	0.00416	0.00333	0.00749
3	0.81856	0.01250	0.00950	0.00850	0.01250	0.01449	0.00700	0.01899	0.01100	0.02899	0.00900	0.01050	0.00700	0.00600	0.00400	0.00200	0.00500	0.00350	0.00400	0.00700
4	0.00923	0.00692	0.01038	0.01038	0.01154	0.00808	0.00808	0.01154	0.01038	0.01500	0.01731	0.02538	0.01615	0.04846	0.74732	0.01038	0.01731	0.00692	0.00346	0.00577
5	0.01727	0.77681	0.03386	0.01106	0.01658	0.02557	0.01106	0.01935	0.01313	0.01520	0.00898	0.01036	0.00829	0.00553	0.00415	0.00138	0.00691	0.00345	0.00276	0.00829
6	0.00953	0.00642	0.00750	0.00770	0.00790	0.00642	0.00479	0.00994	0.01014	0.01345	0.02223	0.04642	0.02534	0.67077	0.02965	0.00582	0.00622	0.10136	0.00419	0.00419
7	0.01607	0.01388	0.01461	0.01315	0.01680	0.01607	0.01023	0.03433	0.72094	0.02703	0.02630	0.02411	0.01972	0.00877	0.00657	0.00219	0.00511	0.00731	0.00657	0.01023
8	0.01007	0.00719	0.01002	0.01151	0.01284	0.00714	0.00981	0.01279	0.01454	0.01895	0.03440	0.16702	0.03794	0.01817	0.00883	0.00293	0.00565	0.59838	0.00596	0.00585
9	0.00954	0.00653	0.00828	0.00784	0.00937	0.00609	0.00588	0.01258	0.01765	0.02566	0.63340	0.04499	0.05496	0.01244	0.00720	0.00196	0.00304	0.01092	0.11557	0.00609
10	0.01607	0.01388	0.01461	0.01315	0.01680	0.01607	0.01023	0.03433	0.72094	0.02703	0.02630	0.02411	0.01972	0.00877	0.00657	0.00219	0.00511	0.00731	0.00657	0.01023
11	0.01414	0.01414	0.01979	0.01696	0.01696	0.01979	0.01414	0.01555	0.00990	0.01555	0.00848	0.01414	0.00848	0.01131	0.02120	0.00283	0.76110	0.00565	0.00283	0.00707
12	0.01599	0.01535	0.02623	0.03966	0.73262	0.01535	0.01983	0.01983	0.01471	0.02111	0.01215	0.01599	0.01023	0.00576	0.00640	0.00192	0.00768	0.00576	0.00320	0.01023
13	0.01599	0.01535	0.02623	0.03966	0.73262	0.01535	0.01983	0.01983	0.01471	0.02111	0.01215	0.01599	0.01023	0.00576	0.00640	0.00192	0.00768	0.00576	0.00320	0.01023
14	0.02899	0.01100	0.01499	0.01150	0.01649	0.00950	0.00950	0.03149	0.01849	0.73709	0.02549	0.02199	0.01599	0.00800	0.00650	0.00200	0.00550	0.00650	0.00800	0.01100
15	0.00914	0.00660	0.00864	0.00813	0.00965	0.00610	0.00610	0.01219	0.01829	0.02591	0.72921	0.04827	0.06097	0.01321	0.00762	0.00203	0.00305	0.01169	0.00711	0.00610
16	0.08253	0.14635	0.02337	0.01526	0.02054	0.01964	0.10581	0.40863	0.04317	0.05221	0.01416	0.01494	0.01046	0.00697	0.00604	0.00189	0.00732	0.00554	0.00526	0.00990
17	0.00901	0.00687	0.00986	0.00986	0.01116	0.00772	0.00765	0.01123	0.01097	0.01533	0.02382	0.03036	0.11273	0.04412	0.64725	0.00927	0.01541	0.00783	0.00380	0.00573
18	0.00764	0.00655	0.00655	0.00655	0.00873	0.00545	0.00491	0.00927	0.01473	0.01745	0.06546	0.06218	0.73000	0.01636	0.00764	0.00218	0.00327	0.01364	0.00600	0.00545
19	0.01439	0.01372	0.02334	0.34275	0.44204	0.01493	0.01903	0.01843	0.01396	0.01917	0.01187	0.01651	0.00955	0.00605	0.00642	0.00202	0.00807	0.00575	0.00306	0.00894
20	0.01599	0.01535	0.02623	0.03966	0.73262	0.01535	0.01983	0.01983	0.01471	0.02111	0.01215	0.01599	0.01023	0.00576	0.00640	0.00192	0.00768	0.00576	0.00320	0.01023
21	0.01656	0.01778	0.01819	0.01602	0.01734	0.19563	0.01285	0.02030	0.10825	0.01721	0.01246	0.04822	0.01148	0.01023	0.01491	0.00245	0.44295	0.00608	0.00360	0.00752
22	0.01485	0.01410	0.01406	0.01053	0.01594	0.10851	0.00831	0.01756	0.01406	0.02035	0.01128	0.01316	0.00940	0.00504	0.00493	0.00105	0.00571	0.00387	0.00376	0.70352
23	0.00886	0.00659	0.00825	0.00783	0.00948	0.00598	0.00587	0.01165	0.01762	0.02433	0.60531	0.05086	0.18585	0.01380	0.00762	0.00206	0.00309	0.01205	0.00691	0.00598
24	0.00787	0.00562	0.00750	0.00900	0.00937	0.00525	0.00600	0.00900	0.01237	0.01649	0.03561	0.76871	0.04274	0.02024	0.00825	0.00262	0.00375	0.01837	0.00600	0.00525
25	0.02414	0.03079	0.01831	0.01665	0.01998	0.74698	0.01248	0.02580	0.01831	0.01581	0.00999	0.01165	0.00832	0.00666	0.00583	0.00166	0.01165	0.00416	0.00333	0.00749
26	0.00831	0.00593	0.00800	0.00949	0.01006	0.00562	0.00675	0.00975	0.01280	0.01698	0.03537	0.64978	0.04179	0.01983	0.00836	0.00268	0.00412	0.13302	0.00599	0.00537
27	0.00787	0.00562	0.00750	0.00900	0.00937	0.00525	0.00600	0.00900	0.01237	0.01649	0.03561	0.76871	0.04274	0.02024	0.00825	0.00262	0.00375	0.01837	0.00600	0.00525
28	0.00914	0.00660	0.00864	0.00813	0.00965	0.00610	0.00610	0.01219	0.01829	0.02591	0.72921	0.04827	0.06097	0.01321	0.00762	0.00203	0.00305	0.01169	0.00711	0.00610
29	0.02724	0.01139	0.01494	0.01172	0.01654	0.01039	0.00960	0.03187	0.11353	0.64103	0.02560	0.02228	0.01650	0.00810	0.00651	0.00203	0.00545	0.00661	0.00780	0.01089
30	0.01220	0.01148	0.01938	0.75739	0.04450	0.01436	0.01794	0.01651	0.01292	0.01651	0.01148	0.01723	0.00861	0.00646	0.00646	0.00215	0.00861	0.00574	0.00287	0.00718
31	0.01599	0.01535	0.02623	0.03966	0.73262	0.01535	0.01983	0.01983	0.01471	0.02111	0.01215	0.01599	0.01023	0.00576	0.00640	0.00192	0.00768	0.00576	0.00320	0.01023
32	0.81856	0.01250	0.00950	0.00850	0.01250	0.01449	0.00700	0.01899	0.01100	0.02899	0.00900	0.01050	0.00700	0.00600	0.00400	0.00200	0.00500	0.00350	0.00400	0.00700
33	0.00914	0.00660	0.00864	0.00813	0.00965	0.00610	0.00610	0.01219	0.01829	0.02591	0.72921	0.04827	0.06097	0.01321	0.00762	0.00203	0.00305	0.01169	0.00711	0.00610
34	0.01607	0.01388	0.01461	0.01315	0.01680	0.01607	0.01023	0.03433	0.72094	0.02703	0.02630	0.02411	0.01972	0.00877	0.00657	0.00219	0.00511	0.00731	0.00657	0.01023
35	0.02315	0.01756	0.01945	0.01515	0.01962	0.02000	0.01253	0.61697	0.02761	0.03732	0.01456	0.01533	0.01065	0.00824	0.00846	0.00206	0.10912	0.00580	0.00597	0.01046
36	0.01560	0.01316	0.01421	0.01304	0.01645	0.01504	0.01032	0.05527	0.60117	0.02647	0.02699	0.03040	0.02178	0.00996	0.00689	0.00229	0.00530	0.09950	0.00649	0.00968

[dist]
# distance from previous block
# <min> <max>
0	0

# created by:
# /home/cegg/simao/soft/augustus-3.2.1/scripts/msa2prfl.pl ./align_prep/EOG090W0L6N.fa
