[name]
unknown

[dist]
# distance from previous block
# <min> <max>
0	31

[block]
# block no. 0 follows, 39 sequences, length 48
# corresponding to MSA columns:
# 31-78
name=unknown_A
#
# <colnr> <probs for GDERKNQSTAVLIFYWHMCP>
#	G	D	E	R	K	N	Q	S	T	A	V	L	I	F	Y	W	H	M	C	P
0	0.01341	0.01461	0.03052	0.02235	0.02769	0.01376	0.60293	0.01840	0.03589	0.01898	0.01453	0.02191	0.01215	0.00638	0.00700	0.00204	0.00909	0.08923	0.00339	0.03573
1	0.01533	0.01717	0.03206	0.02331	0.02890	0.10235	0.62505	0.01982	0.01439	0.04370	0.01202	0.01548	0.00901	0.00519	0.00675	0.00193	0.00988	0.00658	0.00315	0.00792
2	0.03561	0.00889	0.00847	0.00842	0.00942	0.09489	0.00575	0.02911	0.01147	0.03496	0.02335	0.17034	0.07047	0.39011	0.01801	0.00386	0.00566	0.06211	0.00429	0.00483
3	0.04759	0.01235	0.01364	0.03279	0.01540	0.07870	0.03350	0.19094	0.06173	0.19949	0.03865	0.15737	0.01797	0.00914	0.00603	0.00188	0.00560	0.00763	0.06155	0.00805
4	0.02602	0.01217	0.01408	0.01107	0.01547	0.09703	0.00901	0.02822	0.01691	0.67276	0.02168	0.01903	0.01382	0.00718	0.00588	0.00179	0.00569	0.00570	0.00682	0.00969
5	0.00749	0.00527	0.00678	0.00787	0.00814	0.00499	0.00510	0.00831	0.01077	0.01436	0.02974	0.63530	0.03552	0.17644	0.01215	0.00308	0.00390	0.01514	0.00510	0.00455
6	0.00845	0.00552	0.00725	0.00825	0.00896	0.00507	0.00564	0.00958	0.01182	0.06342	0.03365	0.69408	0.08087	0.01759	0.00741	0.00234	0.00351	0.01584	0.00561	0.00516
7	0.53332	0.03546	0.01163	0.06784	0.01482	0.01408	0.00825	0.06501	0.09679	0.02482	0.01128	0.03327	0.00911	0.00652	0.00518	0.00190	0.04540	0.00437	0.00396	0.00699
8	0.02215	0.02629	0.01692	0.01497	0.01829	0.64582	0.01140	0.13998	0.01856	0.01820	0.00997	0.01124	0.00802	0.00626	0.00543	0.00156	0.00999	0.00406	0.00352	0.00738
9	0.01339	0.01140	0.01221	0.01131	0.01420	0.01296	0.00871	0.02730	0.61121	0.02308	0.02676	0.11367	0.05235	0.00973	0.00629	0.00207	0.00448	0.02441	0.00592	0.00855
10	0.02248	0.01656	0.01775	0.01361	0.01834	0.01834	0.01124	0.73556	0.02780	0.03727	0.01420	0.01420	0.01006	0.00710	0.00592	0.00177	0.00651	0.00532	0.00592	0.01006
11	0.01552	0.01139	0.01268	0.01007	0.01433	0.02765	0.00801	0.08094	0.18304	0.13290	0.03447	0.02031	0.07715	0.00699	0.00542	0.00149	0.00472	0.00568	0.00508	0.34219
12	0.01797	0.01329	0.01456	0.01162	0.01528	0.01431	0.00930	0.48690	0.04496	0.03115	0.13008	0.04512	0.01923	0.07426	0.00811	0.00211	0.00562	0.00676	0.00570	0.04368
13	0.00782	0.00602	0.00714	0.00686	0.00850	0.00534	0.00514	0.01009	0.01543	0.02061	0.47470	0.04928	0.33519	0.01325	0.00698	0.00191	0.00287	0.01141	0.00610	0.00534
14	0.01463	0.01389	0.02265	0.03221	0.61992	0.01418	0.03679	0.02024	0.12722	0.02015	0.01316	0.01583	0.01071	0.00569	0.00591	0.00180	0.00674	0.00554	0.00341	0.00933
15	0.03152	0.00653	0.00748	0.00756	0.00832	0.00655	0.00495	0.04277	0.03973	0.01568	0.07488	0.24497	0.07206	0.39006	0.01812	0.00389	0.00469	0.01088	0.00463	0.00474
16	0.00719	0.00598	0.00630	0.00641	0.00825	0.00509	0.00483	0.00879	0.01356	0.01646	0.09802	0.09721	0.64130	0.01506	0.00707	0.00204	0.00311	0.04273	0.00555	0.00504
17	0.01260	0.00725	0.00755	0.00698	0.00882	0.00751	0.00535	0.12826	0.01478	0.02402	0.01934	0.07049	0.01590	0.00768	0.00464	0.00151	0.00340	0.00621	0.64153	0.00619
18	0.04571	0.00730	0.00813	0.00774	0.00973	0.00704	0.00584	0.05901	0.05530	0.05167	0.19281	0.16375	0.28870	0.01282	0.00659	0.00197	0.00348	0.01092	0.05552	0.00597
19	0.01070	0.00729	0.00893	0.00817	0.01013	0.00698	0.00623	0.05232	0.06381	0.07996	0.47770	0.08606	0.13470	0.01194	0.00681	0.00191	0.00335	0.01038	0.00632	0.00629
20	0.01128	0.00876	0.01020	0.00932	0.01155	0.00913	0.00726	0.08217	0.20411	0.02439	0.41303	0.03794	0.07927	0.01103	0.00671	0.00195	0.00380	0.05498	0.00620	0.00692
21	0.03491	0.00631	0.00729	0.00764	0.00861	0.00614	0.00517	0.01082	0.06056	0.03489	0.04364	0.34490	0.15714	0.22898	0.01337	0.00318	0.00414	0.01229	0.00501	0.00501
22	0.00808	0.00581	0.00658	0.00661	0.00755	0.00540	0.00441	0.00926	0.01196	0.01589	0.17080	0.10639	0.24259	0.31766	0.01592	0.00343	0.00405	0.01067	0.04237	0.00456
23	0.46461	0.01212	0.01105	0.00946	0.01309	0.01369	0.00773	0.19742	0.07081	0.02820	0.01393	0.01571	0.03220	0.00680	0.00468	0.00183	0.00493	0.02655	0.05778	0.00741
24	0.00862	0.00659	0.00984	0.00974	0.01075	0.00781	0.00761	0.01070	0.00949	0.01375	0.01553	0.02283	0.01451	0.04303	0.73960	0.00924	0.04560	0.00629	0.00315	0.00533
25	0.07813	0.00612	0.00673	0.00696	0.00800	0.00603	0.00477	0.01084	0.01131	0.03176	0.05960	0.25289	0.09208	0.21024	0.01210	0.00291	0.00393	0.01028	0.18039	0.00494
26	0.00756	0.00556	0.00716	0.00826	0.00890	0.00520	0.00560	0.00914	0.03422	0.01554	0.03306	0.71030	0.07136	0.01767	0.00739	0.00233	0.00347	0.01596	0.00546	0.02586
27	0.02248	0.01656	0.01775	0.01361	0.01834	0.01834	0.01124	0.73556	0.02780	0.03727	0.01420	0.01420	0.01006	0.00710	0.00592	0.00177	0.00651	0.00532	0.00592	0.01006
28	0.00855	0.00595	0.00752	0.00752	0.00790	0.00632	0.00492	0.00929	0.00892	0.01226	0.01765	0.03326	0.01914	0.52901	0.29003	0.00706	0.00929	0.00780	0.00344	0.00418
29	0.02161	0.01585	0.01706	0.01318	0.01766	0.01749	0.01083	0.68869	0.02666	0.03568	0.01521	0.01544	0.02903	0.00782	0.00661	0.03390	0.00636	0.00550	0.00577	0.00964
30	0.01387	0.24668	0.38138	0.01560	0.04226	0.04006	0.07555	0.03445	0.05021	0.01804	0.02365	0.01299	0.00913	0.00568	0.00526	0.00170	0.00780	0.00449	0.00290	0.00831
31	0.01350	0.10086	0.24058	0.09097	0.02130	0.02474	0.04790	0.03648	0.23379	0.03359	0.06340	0.01923	0.01483	0.00706	0.00580	0.00188	0.00667	0.02503	0.00410	0.00828
32	0.02313	0.00944	0.01270	0.01016	0.01417	0.00829	0.00836	0.02568	0.02864	0.61612	0.07300	0.02648	0.05346	0.00859	0.00621	0.00190	0.00481	0.05259	0.00704	0.00922
33	0.00874	0.00653	0.00796	0.00742	0.00910	0.00606	0.00562	0.04477	0.01657	0.02272	0.57083	0.04546	0.20117	0.01247	0.00693	0.00188	0.00301	0.01082	0.00627	0.00567
34	0.01253	0.05082	0.04443	0.21013	0.08002	0.10158	0.14281	0.01560	0.01301	0.01650	0.05026	0.18325	0.01716	0.00880	0.00665	0.00197	0.02615	0.00802	0.00356	0.00676
35	0.00965	0.00626	0.00801	0.00781	0.00929	0.00576	0.00580	0.01174	0.01457	0.08468	0.37435	0.16986	0.14018	0.06131	0.02838	0.00244	0.00377	0.04456	0.00596	0.00563
36	0.00726	0.00527	0.00686	0.00800	0.00855	0.00487	0.00542	0.00844	0.01184	0.01572	0.08102	0.68218	0.09708	0.01783	0.00747	0.00233	0.00336	0.01607	0.00556	0.00487
37	0.02150	0.01583	0.01692	0.01314	0.01763	0.01753	0.01080	0.66184	0.06746	0.03585	0.01499	0.01501	0.01075	0.00714	0.00584	0.00177	0.00623	0.00541	0.04456	0.00980
38	0.00837	0.00604	0.00790	0.00744	0.00883	0.00558	0.00558	0.01116	0.01674	0.02371	0.75216	0.04417	0.05580	0.01209	0.00697	0.00186	0.00279	0.01069	0.00651	0.00558
39	0.01366	0.01183	0.01270	0.04414	0.01560	0.01351	0.00910	0.02806	0.62820	0.02331	0.02766	0.02585	0.10306	0.00874	0.00613	0.00200	0.00462	0.00730	0.00581	0.00873
40	0.01226	0.01051	0.01226	0.00876	0.01401	0.00788	0.00701	0.01489	0.01226	0.01927	0.01051	0.01226	0.00876	0.00438	0.00438	0.00088	0.00438	0.00350	0.00350	0.82832
41	0.83394	0.01144	0.00869	0.00778	0.01144	0.01327	0.00640	0.01738	0.01006	0.02653	0.00823	0.00961	0.00640	0.00549	0.00366	0.00183	0.00457	0.00320	0.00366	0.00640
42	0.01020	0.00908	0.01068	0.01093	0.03504	0.09599	0.00808	0.01222	0.01050	0.01398	0.01538	0.04048	0.01451	0.05348	0.62185	0.00808	0.01445	0.00631	0.00321	0.00555
43	0.00725	0.00538	0.00664	0.00761	0.00830	0.00491	0.00514	0.00832	0.01164	0.01506	0.03793	0.57247	0.20116	0.06789	0.00888	0.00253	0.00348	0.01529	0.00537	0.00477
44	0.00782	0.00565	0.00743	0.00863	0.00935	0.00535	0.00632	0.00926	0.01195	0.01566	0.03395	0.51701	0.09652	0.05083	0.00862	0.00259	0.00399	0.18874	0.00540	0.00493
45	0.01262	0.01055	0.01232	0.00887	0.01407	0.00805	0.00709	0.01555	0.02804	0.03542	0.01108	0.01264	0.00909	0.00452	0.00445	0.00092	0.00440	0.00362	0.00364	0.79307
46	0.01529	0.01380	0.01379	0.01049	0.01532	0.10397	0.00835	0.13884	0.03878	0.02191	0.01140	0.01271	0.00913	0.00517	0.00481	0.00114	0.00553	0.00395	0.00394	0.56170
47	0.07421	0.03735	0.01438	0.01128	0.01516	0.01356	0.00916	0.24428	0.19981	0.19214	0.10776	0.02065	0.01829	0.00781	0.00586	0.00184	0.00514	0.00624	0.00607	0.00902

[dist]
# distance from previous block
# <min> <max>
0	1

[block]
# block no. 1 follows, 39 sequences, length 109
# corresponding to MSA columns:
# 80-188
name=unknown_B
#
# <colnr> <probs for GDERKNQSTAVLIFYWHMCP>
#	G	D	E	R	K	N	Q	S	T	A	V	L	I	F	Y	W	H	M	C	P
0	0.00860	0.00573	0.00645	0.00645	0.00645	0.00573	0.00358	0.00860	0.00860	0.01147	0.01863	0.03870	0.02150	0.79217	0.03010	0.00573	0.00573	0.00860	0.00358	0.00358
1	0.01158	0.00701	0.01177	0.08073	0.01355	0.00708	0.08211	0.01065	0.00921	0.05055	0.01115	0.01767	0.01014	0.01689	0.01896	0.62293	0.00589	0.00538	0.00286	0.00389
2	0.00735	0.00581	0.00654	0.00675	0.00820	0.00509	0.00486	0.00891	0.01340	0.01698	0.17536	0.21044	0.44691	0.04647	0.00804	0.00221	0.00316	0.01293	0.00560	0.00500
3	0.01016	0.00521	0.00781	0.00781	0.00787	0.00527	0.00527	0.00787	0.00781	0.01048	0.01060	0.01829	0.01054	0.02195	0.06719	0.77956	0.00577	0.00521	0.00260	0.00273
4	0.01598	0.01333	0.01409	0.01229	0.01586	0.01530	0.00967	0.14624	0.62771	0.02678	0.02246	0.02078	0.01675	0.00787	0.00600	0.00197	0.00498	0.00646	0.00600	0.00947
5	0.02315	0.00988	0.01287	0.01020	0.01435	0.00892	0.00832	0.02688	0.09225	0.60014	0.04263	0.02416	0.08221	0.00818	0.00607	0.00186	0.00476	0.00671	0.00700	0.00944
6	0.00847	0.00568	0.00649	0.00661	0.00665	0.00565	0.00376	0.00857	0.00885	0.01180	0.01992	0.10788	0.02313	0.72077	0.02802	0.00543	0.00552	0.00936	0.00376	0.00370
7	0.01488	0.01279	0.01347	0.01207	0.01544	0.01479	0.00940	0.04663	0.72911	0.02501	0.02386	0.02189	0.01788	0.00800	0.00602	0.00200	0.00472	0.00666	0.00602	0.00938
8	0.00900	0.00615	0.00725	0.00713	0.00743	0.00636	0.00439	0.03090	0.00932	0.01259	0.01808	0.03563	0.02014	0.65603	0.14036	0.00618	0.00728	0.00816	0.00359	0.00403
9	0.01081	0.00546	0.00589	0.00589	0.00700	0.00546	0.00427	0.01264	0.01153	0.01981	0.01788	0.02209	0.01466	0.04065	0.00810	0.12870	0.00324	0.00558	0.66537	0.00498
10	0.00856	0.00572	0.00646	0.00650	0.00651	0.00571	0.00364	0.00859	0.00868	0.01157	0.01902	0.05970	0.02199	0.77049	0.02947	0.00564	0.00567	0.00883	0.00364	0.00362
11	0.00727	0.00538	0.00682	0.00793	0.00863	0.00493	0.00548	0.00846	0.01183	0.01538	0.03768	0.61834	0.17334	0.01776	0.00747	0.00234	0.00344	0.04716	0.00549	0.00487
12	0.01186	0.03059	0.76153	0.01686	0.02560	0.01373	0.02185	0.01873	0.01249	0.01873	0.01061	0.01249	0.00749	0.00562	0.00562	0.00187	0.00874	0.00437	0.00250	0.00874
13	0.00748	0.00618	0.00763	0.00773	0.00934	0.00544	0.03449	0.00905	0.01284	0.01592	0.04794	0.28051	0.46219	0.01574	0.00723	0.00216	0.00355	0.05411	0.00539	0.00508
14	0.01294	0.01294	0.01811	0.01553	0.01553	0.01811	0.01294	0.01423	0.00906	0.01423	0.00776	0.01294	0.00776	0.01035	0.01941	0.00259	0.78134	0.00518	0.00259	0.00647
15	0.00859	0.00559	0.00667	0.00681	0.00704	0.00546	0.00415	0.00839	0.00921	0.01208	0.02268	0.11476	0.09354	0.49867	0.02424	0.15031	0.00512	0.00922	0.00379	0.00367
16	0.01018	0.00520	0.00780	0.00780	0.00785	0.00525	0.00525	0.00785	0.00780	0.01045	0.01056	0.01825	0.01051	0.02178	0.06186	0.78541	0.00569	0.00520	0.00260	0.00271
17	0.01186	0.03059	0.76153	0.01686	0.02560	0.01373	0.02185	0.01873	0.01249	0.01873	0.01061	0.01249	0.00749	0.00562	0.00562	0.00187	0.00874	0.00437	0.00250	0.00874
18	0.00830	0.00599	0.00784	0.00749	0.00882	0.00553	0.00557	0.01099	0.01642	0.02321	0.70962	0.08816	0.05481	0.01247	0.00701	0.00189	0.00283	0.01106	0.00645	0.00553
19	0.00943	0.00576	0.00664	0.00693	0.00826	0.00531	0.00500	0.01126	0.01274	0.05697	0.07003	0.29654	0.20075	0.01312	0.00623	0.00193	0.00317	0.01136	0.26319	0.00539
20	0.00900	0.00625	0.00772	0.00723	0.00895	0.00560	0.00546	0.01142	0.01590	0.06174	0.53127	0.04620	0.23604	0.01259	0.00692	0.00189	0.00297	0.01090	0.00629	0.00567
21	0.01581	0.79572	0.03099	0.01012	0.01518	0.02340	0.01012	0.01771	0.01202	0.01391	0.00822	0.00949	0.00759	0.00506	0.00379	0.00126	0.00632	0.00316	0.00253	0.00759
22	0.00747	0.00588	0.00674	0.00679	0.00835	0.00516	0.00499	0.00932	0.01422	0.01837	0.28120	0.15978	0.42158	0.01456	0.00707	0.00201	0.00299	0.01253	0.00582	0.00516
23	0.00784	0.00600	0.00718	0.00694	0.00852	0.00534	0.00518	0.01010	0.01540	0.02065	0.47994	0.07131	0.30748	0.01333	0.00700	0.00193	0.00288	0.01153	0.00611	0.00534
24	0.01504	0.01184	0.01262	0.01130	0.01452	0.01345	0.00881	0.02953	0.62930	0.06790	0.02355	0.02195	0.01756	0.00787	0.00583	0.00193	0.00451	0.00653	0.08694	0.00902
25	0.00829	0.00601	0.00783	0.00753	0.00888	0.00555	0.00564	0.01094	0.01625	0.02284	0.67218	0.08908	0.07424	0.01266	0.00704	0.00192	0.00290	0.02834	0.00639	0.00551
26	0.65565	0.01093	0.00906	0.00816	0.01152	0.01250	0.00660	0.01804	0.08336	0.02602	0.09759	0.01492	0.01338	0.00652	0.00428	0.00185	0.00437	0.00443	0.00423	0.00660
27	0.00721	0.00515	0.00686	0.00823	0.00858	0.00480	0.00549	0.00823	0.01132	0.01510	0.03259	0.78831	0.03911	0.01853	0.00755	0.00240	0.00343	0.01681	0.00549	0.00480
28	0.01102	0.00551	0.00551	0.00551	0.00689	0.00551	0.00413	0.01378	0.01240	0.02205	0.01929	0.02205	0.01516	0.00689	0.00413	0.00138	0.00276	0.00551	0.82500	0.00551
29	0.73249	0.01094	0.00873	0.00796	0.01132	0.01256	0.00643	0.03404	0.01062	0.02567	0.01078	0.08659	0.00972	0.00682	0.00410	0.00188	0.00451	0.00460	0.00390	0.00634
30	0.01464	0.01405	0.02400	0.03630	0.75528	0.01405	0.01815	0.01815	0.01347	0.01932	0.01112	0.01464	0.00937	0.00527	0.00585	0.00176	0.00703	0.00527	0.00293	0.00937
31	0.00755	0.00539	0.00725	0.00862	0.00912	0.00510	0.00608	0.00882	0.01166	0.01548	0.03241	0.68253	0.03837	0.01821	0.00764	0.00245	0.00373	0.11923	0.00548	0.00490
32	0.00702	0.00587	0.00612	0.00632	0.00808	0.00496	0.00464	0.00845	0.01316	0.01584	0.05584	0.16582	0.64660	0.01551	0.00707	0.00206	0.00306	0.01313	0.00549	0.00496
33	0.01186	0.03059	0.76153	0.01686	0.02560	0.01373	0.02185	0.01873	0.01249	0.01873	0.01061	0.01249	0.00749	0.00562	0.00562	0.00187	0.00874	0.00437	0.00250	0.00874
34	0.01226	0.01051	0.01226	0.00876	0.01401	0.00788	0.00701	0.01489	0.01226	0.01927	0.01051	0.01226	0.00876	0.00438	0.00438	0.00088	0.00438	0.00350	0.00350	0.82832
35	0.00858	0.00617	0.00784	0.00872	0.00945	0.00602	0.00601	0.07357	0.01280	0.01709	0.03094	0.71877	0.03650	0.01750	0.00740	0.00235	0.00371	0.01578	0.00553	0.00528
36	0.01027	0.00514	0.00770	0.00770	0.00770	0.00514	0.00514	0.00770	0.00770	0.01027	0.01027	0.01798	0.01027	0.02054	0.02311	0.82794	0.00514	0.00514	0.00257	0.00257
37	0.72874	0.08901	0.01117	0.00818	0.01201	0.01442	0.00692	0.03904	0.01079	0.02561	0.00841	0.00973	0.00663	0.00550	0.00374	0.00177	0.00481	0.00326	0.00362	0.00663
38	0.01820	0.01505	0.02741	0.02000	0.02538	0.05785	0.46728	0.04355	0.01537	0.22556	0.01503	0.01675	0.01050	0.00576	0.00656	0.00191	0.00853	0.00645	0.00429	0.00855
39	0.00940	0.00650	0.00849	0.00931	0.01041	0.00640	0.00734	0.01166	0.03444	0.03756	0.04366	0.20453	0.06585	0.15142	0.01166	0.00309	0.00489	0.36297	0.00522	0.00522
40	0.01207	0.02914	0.68980	0.01765	0.02612	0.01385	0.09213	0.01875	0.01263	0.01875	0.01075	0.01283	0.00764	0.00556	0.00575	0.00188	0.00886	0.00463	0.00255	0.00866
41	0.00928	0.00673	0.00918	0.01041	0.01183	0.00663	0.00903	0.01188	0.01360	0.01753	0.03413	0.06574	0.10499	0.01620	0.00805	0.00265	0.00520	0.64608	0.00545	0.00540
42	0.00884	0.00631	0.00800	0.00863	0.00958	0.00616	0.00654	0.02700	0.01248	0.01644	0.09115	0.19742	0.09108	0.21194	0.01333	0.00327	0.00473	0.26709	0.00509	0.00493
43	0.01452	0.01180	0.01620	0.01789	0.20033	0.01250	0.04679	0.02280	0.30233	0.09395	0.04718	0.05774	0.08135	0.00843	0.00674	0.00196	0.03661	0.00731	0.00503	0.00853
44	0.00857	0.00585	0.00704	0.00704	0.00724	0.00605	0.00432	0.00898	0.00877	0.01190	0.01810	0.03572	0.02021	0.64806	0.17243	0.00646	0.00768	0.00816	0.00350	0.00391
45	0.00860	0.00573	0.00645	0.00645	0.00645	0.00573	0.00358	0.00860	0.00860	0.01147	0.01863	0.03870	0.02150	0.79217	0.03010	0.00573	0.00573	0.00860	0.00358	0.00358
46	0.09533	0.00961	0.01219	0.00978	0.01363	0.00880	0.00790	0.02478	0.03628	0.55355	0.04125	0.02355	0.03781	0.07245	0.00785	0.00218	0.00493	0.02279	0.00653	0.00881
47	0.00743	0.00581	0.00669	0.00688	0.00830	0.00512	0.00497	0.00912	0.01370	0.01763	0.22921	0.21705	0.39583	0.03563	0.00772	0.00215	0.00311	0.01289	0.00570	0.00506
48	0.01195	0.00900	0.01049	0.00933	0.01167	0.00937	0.00722	0.10298	0.19387	0.04118	0.45956	0.03497	0.05328	0.01046	0.00660	0.00189	0.00374	0.00902	0.00632	0.00711
49	0.02209	0.02819	0.01676	0.01524	0.01828	0.76843	0.01143	0.02361	0.01676	0.01447	0.00914	0.01066	0.00762	0.00609	0.00533	0.00152	0.01066	0.00381	0.00305	0.00686
50	0.00876	0.00634	0.00742	0.00753	0.00827	0.00632	0.00497	0.01108	0.07859	0.01571	0.13808	0.18978	0.07690	0.38080	0.01792	0.00383	0.00454	0.02356	0.00480	0.00479
51	0.70587	0.01225	0.01012	0.00870	0.01253	0.01407	0.00717	0.13073	0.01286	0.02823	0.00918	0.01033	0.00698	0.00574	0.00402	0.00182	0.00488	0.00354	0.00402	0.00698
52	0.00867	0.02993	0.00854	0.00747	0.00897	0.00612	0.00568	0.01143	0.01647	0.02337	0.70866	0.04249	0.05318	0.01173	0.00680	0.00183	0.00290	0.01032	0.02982	0.00564
53	0.04322	0.01105	0.01421	0.01092	0.01549	0.01020	0.00902	0.13218	0.01837	0.63783	0.02167	0.01903	0.01379	0.00725	0.00589	0.00182	0.00524	0.00580	0.00704	0.00998
54	0.00774	0.00583	0.00691	0.00699	0.00821	0.00527	0.00496	0.00944	0.01368	0.01810	0.30549	0.18078	0.27456	0.11345	0.01002	0.00249	0.00335	0.01210	0.00562	0.00500
55	0.00754	0.00570	0.00801	0.00872	0.00947	0.00528	0.03520	0.00887	0.01190	0.01583	0.07699	0.66407	0.08547	0.01735	0.00745	0.00233	0.00363	0.01576	0.00545	0.00499
56	0.01881	0.01474	0.01568	0.01286	0.01694	0.01663	0.01035	0.40317	0.36617	0.03135	0.01886	0.01791	0.01383	0.00754	0.00596	0.00188	0.00564	0.00597	0.00596	0.00973
57	0.02058	0.01283	0.01461	0.01194	0.01605	0.01367	0.00963	0.21193	0.32167	0.26856	0.02129	0.01940	0.01488	0.00755	0.00597	0.00189	0.00527	0.00609	0.00642	0.00977
58	0.00928	0.00619	0.00743	0.00756	0.00849	0.00592	0.00520	0.01074	0.03050	0.05494	0.09806	0.18809	0.13125	0.33143	0.01653	0.00364	0.00454	0.07044	0.00492	0.00486
59	0.00853	0.00602	0.00791	0.00791	0.00842	0.00653	0.00541	0.00954	0.00903	0.01255	0.01730	0.03129	0.01828	0.43410	0.38377	0.00754	0.01057	0.00752	0.00338	0.00440
60	0.00845	0.00634	0.00950	0.00950	0.01056	0.00739	0.00739	0.01056	0.00950	0.01373	0.01584	0.02323	0.01478	0.04435	0.76873	0.00950	0.01584	0.00634	0.00317	0.00528
61	0.00738	0.00525	0.00695	0.00814	0.00848	0.00500	0.00541	0.00837	0.01101	0.01472	0.03064	0.68925	0.03650	0.08627	0.04387	0.00301	0.00419	0.01563	0.00522	0.00472
62	0.00797	0.00569	0.00674	0.00699	0.00763	0.00537	0.00454	0.00895	0.01146	0.01522	0.15812	0.22421	0.14615	0.34529	0.01693	0.00366	0.00423	0.01157	0.00486	0.00445
63	0.00813	0.00654	0.00779	0.00859	0.00938	0.04026	0.00606	0.00946	0.01141	0.01487	0.03080	0.51410	0.10670	0.02308	0.16922	0.00383	0.00635	0.01354	0.00488	0.00502
64	0.00974	0.00715	0.00971	0.00934	0.01054	0.00809	0.00707	0.07535	0.01099	0.01545	0.01618	0.02512	0.01553	0.17141	0.57140	0.00815	0.01324	0.00664	0.00349	0.00541
65	0.01397	0.00772	0.01041	0.01027	0.01248	0.00739	0.00869	0.03537	0.01492	0.19997	0.09028	0.04962	0.02952	0.02805	0.00772	0.00241	0.00504	0.41974	0.03977	0.00667
66	0.01046	0.00583	0.00626	0.00609	0.00764	0.00552	0.00454	0.01259	0.01281	0.04970	0.08228	0.03154	0.18089	0.03008	0.00666	0.04242	0.00310	0.00751	0.48870	0.00539
67	0.01491	0.01280	0.01349	0.01208	0.01545	0.01480	0.00941	0.04965	0.72604	0.02506	0.02381	0.02186	0.01785	0.00800	0.00601	0.00200	0.00473	0.00665	0.00601	0.00938
68	0.05560	0.04979	0.01751	0.01859	0.23125	0.07986	0.04657	0.14716	0.01507	0.05010	0.01366	0.02006	0.01236	0.20378	0.01178	0.00274	0.00684	0.00590	0.00384	0.00755
69	0.01921	0.32488	0.02326	0.01378	0.01777	0.43860	0.05041	0.02107	0.01477	0.01450	0.00894	0.01050	0.00768	0.00563	0.00483	0.00145	0.00895	0.00373	0.00284	0.00720
70	0.01545	0.01209	0.03322	0.01103	0.01508	0.01195	0.00893	0.02615	0.42871	0.12328	0.04456	0.01996	0.01636	0.00714	0.00564	0.00171	0.00470	0.00590	0.00552	0.20261
71	0.01525	0.36345	0.16241	0.01286	0.01816	0.01824	0.05894	0.12638	0.06968	0.01978	0.03418	0.03207	0.01121	0.00724	0.02481	0.00182	0.00699	0.00486	0.00353	0.00815
72	0.00744	0.00562	0.00689	0.00757	0.00853	0.00521	0.00533	0.00876	0.01197	0.01547	0.06917	0.40358	0.25615	0.06945	0.06627	0.00302	0.00442	0.03504	0.00523	0.00487
73	0.00721	0.00515	0.00686	0.00823	0.00858	0.00480	0.00549	0.00823	0.01132	0.01510	0.03259	0.78831	0.03911	0.01853	0.00755	0.00240	0.00343	0.01681	0.00549	0.00480
74	0.00860	0.00573	0.00645	0.00645	0.00645	0.00573	0.00358	0.00860	0.00860	0.01147	0.01863	0.03870	0.02150	0.79217	0.03010	0.00573	0.00573	0.00860	0.00358	0.00358
75	0.02998	0.46019	0.04203	0.01121	0.01533	0.08018	0.01019	0.06620	0.10220	0.01701	0.01129	0.01351	0.00987	0.05462	0.00692	0.00179	0.05229	0.00427	0.00331	0.00760
76	0.00810	0.00683	0.02772	0.00727	0.00912	0.00578	0.00571	0.01083	0.03086	0.02082	0.46779	0.04743	0.30432	0.01287	0.00692	0.00191	0.00306	0.01108	0.00602	0.00553
77	0.01269	0.01260	0.01806	0.12152	0.01903	0.01742	0.01342	0.01435	0.00944	0.01435	0.00815	0.01333	0.00778	0.00973	0.01753	0.00250	0.67381	0.00519	0.00259	0.00648
78	0.00718	0.00600	0.00625	0.00619	0.00810	0.00507	0.00464	0.00885	0.01393	0.01704	0.15484	0.05517	0.65729	0.01458	0.00699	0.00198	0.00297	0.01224	0.00563	0.00507
79	0.01276	0.01267	0.01777	0.01528	0.01533	0.01768	0.01271	0.01408	0.00907	0.01421	0.00809	0.01335	0.00805	0.01172	0.04962	0.00287	0.75048	0.00522	0.00261	0.00642
80	0.83394	0.01144	0.00869	0.00778	0.01144	0.01327	0.00640	0.01738	0.01006	0.02653	0.00823	0.00961	0.00640	0.00549	0.00366	0.00183	0.00457	0.00320	0.00366	0.00640
81	0.00728	0.00520	0.00694	0.00831	0.00869	0.00486	0.00561	0.00836	0.01139	0.01517	0.03256	0.76658	0.03896	0.01846	0.00757	0.00241	0.00349	0.03785	0.00549	0.00482
82	0.02287	0.01017	0.01300	0.01035	0.01450	0.00937	0.00842	0.04213	0.11851	0.56804	0.02685	0.02390	0.08789	0.00817	0.00606	0.00187	0.00481	0.00668	0.00693	0.00947
83	0.83394	0.01144	0.00869	0.00778	0.01144	0.01327	0.00640	0.01738	0.01006	0.02653	0.00823	0.00961	0.00640	0.00549	0.00366	0.00183	0.00457	0.00320	0.00366	0.00640
84	0.00856	0.00632	0.00920	0.00933	0.01031	0.00718	0.00721	0.01052	0.00978	0.01386	0.01751	0.02866	0.01718	0.11566	0.62749	0.00852	0.01391	0.07026	0.00341	0.00513
85	0.00859	0.00782	0.00742	0.00749	0.00916	0.07362	0.00548	0.01019	0.01381	0.01680	0.15129	0.19912	0.43909	0.01448	0.00695	0.00202	0.00374	0.01232	0.00542	0.00521
86	0.02653	0.01006	0.01372	0.01052	0.01510	0.00869	0.00869	0.02882	0.01693	0.75937	0.02333	0.02013	0.01464	0.00732	0.00595	0.00183	0.00503	0.00595	0.00732	0.01006
87	0.61887	0.01107	0.01003	0.00851	0.01241	0.01205	0.00701	0.02043	0.01189	0.22174	0.01226	0.01241	0.00860	0.00598	0.00427	0.00183	0.00470	0.00393	0.00463	0.00738
88	0.00780	0.00582	0.00725	0.00733	0.00860	0.00527	0.00533	0.00989	0.01475	0.02001	0.43331	0.22760	0.19679	0.01425	0.00712	0.00202	0.00299	0.01255	0.00605	0.00527
89	0.01959	0.01278	0.01393	0.01113	0.01492	0.01375	0.00905	0.42038	0.07571	0.12053	0.01729	0.01743	0.01246	0.00714	0.00549	0.00170	0.00527	0.00555	0.20702	0.00889
90	0.00829	0.00604	0.00779	0.00735	0.00878	0.00555	0.00552	0.01100	0.01655	0.02326	0.71124	0.04493	0.09700	0.01226	0.00698	0.00187	0.00280	0.01080	0.00645	0.00555
91	0.02653	0.01006	0.01372	0.01052	0.01510	0.00869	0.00869	0.02882	0.01693	0.75937	0.02333	0.02013	0.01464	0.00732	0.00595	0.00183	0.00503	0.00595	0.00732	0.01006
92	0.00900	0.00670	0.00844	0.00789	0.00948	0.00648	0.00595	0.01316	0.08859	0.02382	0.68028	0.04199	0.05207	0.01169	0.00688	0.00187	0.00298	0.01030	0.00646	0.00595
93	0.01363	0.01270	0.02070	0.14033	0.51071	0.01326	0.01626	0.01831	0.07892	0.01903	0.01419	0.02061	0.01237	0.00670	0.00611	0.00191	0.00678	0.07550	0.00341	0.00857
94	0.01329	0.01489	0.03213	0.02328	0.02870	0.01395	0.66190	0.01789	0.01370	0.01856	0.01400	0.09219	0.01195	0.00632	0.00704	0.00203	0.00932	0.00795	0.00324	0.00766
95	0.00781	0.00613	0.00649	0.00633	0.00833	0.00519	0.00477	0.00950	0.01401	0.04163	0.14685	0.05407	0.63961	0.01436	0.00695	0.00197	0.00304	0.01204	0.00568	0.00524
96	0.00953	0.00681	0.00953	0.01089	0.01225	0.00681	0.00953	0.01225	0.01361	0.01770	0.03131	0.06671	0.03403	0.01634	0.00817	0.00272	0.00545	0.71547	0.00545	0.00545
97	0.01211	0.01035	0.01210	0.00874	0.01385	0.00779	0.00696	0.01469	0.01224	0.01915	0.01116	0.03513	0.00965	0.00480	0.00447	0.00092	0.00435	0.00390	0.00356	0.80405
98	0.01620	0.67473	0.07277	0.01102	0.01610	0.09637	0.01094	0.01835	0.01251	0.01425	0.00845	0.00978	0.00759	0.00519	0.00405	0.00133	0.00690	0.00330	0.00258	0.00758
99	0.01179	0.01143	0.01635	0.01433	0.01460	0.01526	0.03532	0.01315	0.00969	0.01457	0.01303	0.17325	0.01428	0.01186	0.01654	0.00253	0.59501	0.00764	0.00320	0.00617
100	0.00732	0.00553	0.00679	0.00764	0.00859	0.00500	0.00539	0.00867	0.01240	0.01600	0.08404	0.48998	0.25429	0.01697	0.00737	0.00226	0.00336	0.04792	0.00555	0.00494
101	0.00717	0.00561	0.00650	0.00709	0.00831	0.00494	0.00501	0.00853	0.01269	0.01603	0.08845	0.38753	0.38829	0.01642	0.00724	0.00217	0.00318	0.01434	0.00555	0.00494
102	0.01174	0.00674	0.00823	0.00755	0.00940	0.00605	0.00552	0.01338	0.01384	0.17149	0.21302	0.09588	0.22429	0.17280	0.01156	0.00273	0.00396	0.01020	0.00573	0.00589
103	0.01381	0.01321	0.02252	0.21251	0.58551	0.01383	0.01774	0.01743	0.01308	0.01832	0.01098	0.01491	0.00901	0.00542	0.00587	0.00181	0.00723	0.00527	0.00286	0.00870
104	0.01517	0.01293	0.01363	0.01213	0.01555	0.01492	0.00947	0.07305	0.70222	0.02548	0.02349	0.02160	0.01758	0.00797	0.00601	0.00199	0.00479	0.00661	0.00601	0.00940
105	0.01210	0.01051	0.01307	0.12152	0.01793	0.00865	0.00839	0.01492	0.01220	0.01866	0.01051	0.01278	0.00863	0.00460	0.00460	0.00104	0.00489	0.00376	0.00338	0.70786
106	0.00763	0.00563	0.00695	0.00755	0.00844	0.00529	0.00528	0.00870	0.01150	0.01486	0.05048	0.35422	0.24419	0.09632	0.08565	0.04267	0.00488	0.03010	0.00495	0.00471
107	0.83394	0.01144	0.00869	0.00778	0.01144	0.01327	0.00640	0.01738	0.01006	0.02653	0.00823	0.00961	0.00640	0.00549	0.00366	0.00183	0.00457	0.00320	0.00366	0.00640
108	0.01511	0.01518	0.02282	0.08991	0.62887	0.08845	0.01736	0.01846	0.01367	0.01853	0.01088	0.01433	0.00908	0.00540	0.00581	0.00175	0.00745	0.00512	0.00292	0.00891

[dist]
# distance from previous block
# <min> <max>
0	4

[block]
# block no. 2 follows, 39 sequences, length 47
# corresponding to MSA columns:
# 193-239
name=unknown_C
#
# <colnr> <probs for GDERKNQSTAVLIFYWHMCP>
#	G	D	E	R	K	N	Q	S	T	A	V	L	I	F	Y	W	H	M	C	P
0	0.02215	0.02639	0.01691	0.01498	0.01829	0.65258	0.01140	0.13357	0.01846	0.01799	0.00992	0.01121	0.00799	0.00625	0.00542	0.00156	0.01002	0.00404	0.00349	0.00735
1	0.00759	0.00585	0.00693	0.00701	0.00844	0.00519	0.00513	0.00952	0.01437	0.01893	0.33385	0.19491	0.33195	0.01451	0.00709	0.00202	0.00300	0.01261	0.00590	0.00519
2	0.01226	0.01051	0.01226	0.00876	0.01401	0.00788	0.00701	0.01489	0.01226	0.01927	0.01051	0.01226	0.00876	0.00438	0.00438	0.00088	0.00438	0.00350	0.00350	0.82832
3	0.00731	0.00522	0.00699	0.00836	0.00875	0.00490	0.00568	0.00842	0.01143	0.01522	0.03253	0.75447	0.03888	0.01842	0.00758	0.00242	0.00353	0.04957	0.00549	0.00483
4	0.01298	0.01025	0.01117	0.01060	0.01298	0.02734	0.00827	0.11069	0.28991	0.02256	0.02580	0.18893	0.04093	0.01139	0.00649	0.00210	0.00468	0.11627	0.07924	0.00740
5	0.00795	0.00591	0.00724	0.00712	0.00843	0.00537	0.00517	0.01003	0.01476	0.02004	0.45732	0.12890	0.20984	0.07493	0.00886	0.00226	0.00314	0.01161	0.00593	0.00520
6	0.00852	0.00549	0.00737	0.00794	0.00837	0.00529	0.00545	0.00889	0.01097	0.01479	0.12699	0.32337	0.03129	0.13167	0.01472	0.20890	0.00426	0.06688	0.00462	0.00423
7	0.00803	0.00620	0.00700	0.00713	0.00846	0.00575	0.00510	0.01011	0.04657	0.01647	0.13533	0.14270	0.34711	0.17221	0.01176	0.00283	0.00380	0.05319	0.00526	0.00499
8	0.03421	0.00734	0.00898	0.00878	0.01054	0.00720	0.00658	0.03379	0.08230	0.11615	0.15920	0.28877	0.06663	0.04696	0.00780	0.00227	0.00396	0.06325	0.03902	0.00627
9	0.11480	0.01308	0.01449	0.01165	0.01561	0.01413	0.00950	0.39424	0.04132	0.16430	0.01643	0.04947	0.01246	0.01146	0.08726	0.00265	0.00683	0.00584	0.00560	0.00888
10	0.00727	0.00569	0.00660	0.00712	0.00841	0.00502	0.00511	0.00873	0.01294	0.01639	0.11197	0.34046	0.39264	0.01613	0.00724	0.00216	0.00321	0.03235	0.00558	0.00498
11	0.03858	0.00610	0.00686	0.00726	0.00866	0.00558	0.00521	0.02626	0.01303	0.01705	0.09271	0.35331	0.36694	0.01569	0.00707	0.00214	0.00330	0.01362	0.00550	0.00513
12	0.02977	0.00555	0.00705	0.00814	0.00868	0.00535	0.00562	0.00917	0.01126	0.01560	0.02966	0.58147	0.03468	0.10070	0.00976	0.00272	0.00386	0.08028	0.04584	0.00481
13	0.01023	0.00578	0.00883	0.00947	0.04716	0.00594	0.00615	0.00868	0.00828	0.01126	0.01115	0.01859	0.01090	0.02332	0.13415	0.66194	0.00684	0.00532	0.00268	0.00333
14	0.01514	0.00728	0.00965	0.00891	0.01120	0.00645	0.00671	0.01683	0.01415	0.31896	0.07771	0.36174	0.09422	0.01323	0.00681	0.00210	0.00400	0.01160	0.00630	0.00701
15	0.02961	0.00595	0.00695	0.00706	0.00831	0.00552	0.00507	0.01003	0.01346	0.01864	0.27657	0.18539	0.21887	0.09890	0.00935	0.00240	0.00338	0.02578	0.06365	0.00508
16	0.64272	0.03935	0.01133	0.03112	0.03942	0.11890	0.00791	0.01823	0.01123	0.02387	0.00852	0.01010	0.00676	0.00556	0.00404	0.00177	0.00566	0.00341	0.00348	0.00661
17	0.00987	0.00602	0.00797	0.00861	0.00963	0.00559	0.00619	0.01125	0.01231	0.10248	0.05457	0.51378	0.05676	0.06941	0.00894	0.00257	0.00398	0.09902	0.00560	0.00544
18	0.00745	0.00532	0.00678	0.00780	0.00845	0.00491	0.00532	0.00874	0.01200	0.01615	0.08743	0.61815	0.11724	0.01712	0.00729	0.00227	0.00330	0.01536	0.04399	0.00491
19	0.01388	0.25914	0.48365	0.01458	0.02190	0.01700	0.01749	0.07491	0.01355	0.01874	0.01018	0.01172	0.00772	0.00557	0.00509	0.00168	0.00784	0.00408	0.00278	0.00850
20	0.75224	0.01167	0.00960	0.04420	0.01318	0.01353	0.00713	0.05545	0.01109	0.02657	0.00866	0.01014	0.00667	0.00559	0.00389	0.00183	0.00483	0.00341	0.00373	0.00661
21	0.01471	0.01270	0.01337	0.01203	0.01538	0.01471	0.00936	0.03142	0.74459	0.02474	0.02407	0.02206	0.01805	0.00802	0.00602	0.00201	0.00468	0.00669	0.00602	0.00936
22	0.01153	0.01119	0.01305	0.01196	0.01335	0.12721	0.04029	0.01349	0.01073	0.01410	0.01339	0.01966	0.01244	0.04808	0.47977	0.00674	0.13834	0.00584	0.00306	0.00579
23	0.01257	0.01070	0.01243	0.00891	0.01415	0.00820	0.00714	0.03688	0.01274	0.01982	0.01062	0.01232	0.00880	0.00446	0.00443	0.00090	0.00444	0.00356	0.00358	0.80335
24	0.01638	0.01076	0.01210	0.01058	0.01381	0.01159	0.00830	0.02719	0.44165	0.18586	0.08072	0.02338	0.01994	0.00806	0.00586	0.00188	0.00438	0.00670	0.10209	0.00877
25	0.00953	0.00681	0.00953	0.01089	0.01225	0.00681	0.00953	0.01225	0.01361	0.01770	0.03131	0.06671	0.03403	0.01634	0.00817	0.00272	0.00545	0.71547	0.00545	0.00545
26	0.00874	0.00566	0.00671	0.00676	0.00680	0.00568	0.00395	0.00854	0.00863	0.01153	0.01809	0.06394	0.02064	0.65009	0.05099	0.10185	0.00589	0.00843	0.00352	0.00356
27	0.13882	0.00804	0.00922	0.00859	0.01093	0.00794	0.00648	0.01715	0.06584	0.21214	0.02575	0.26979	0.06700	0.05211	0.00730	0.00221	0.00415	0.00959	0.07020	0.00675
28	0.02273	0.01700	0.01740	0.01352	0.01811	0.07449	0.01108	0.63354	0.02623	0.08469	0.01444	0.01433	0.01018	0.00704	0.00587	0.00176	0.00672	0.00525	0.00579	0.00982
29	0.83394	0.01144	0.00869	0.00778	0.01144	0.01327	0.00640	0.01738	0.01006	0.02653	0.00823	0.00961	0.00640	0.00549	0.00366	0.00183	0.00457	0.00320	0.00366	0.00640
30	0.00937	0.00673	0.00834	0.00881	0.00989	0.00671	0.00621	0.04049	0.09836	0.03774	0.10868	0.54372	0.03614	0.03947	0.00789	0.00236	0.00374	0.01397	0.00567	0.00573
31	0.00733	0.00550	0.00672	0.00751	0.00834	0.00508	0.00515	0.00846	0.01161	0.01497	0.03836	0.47341	0.24144	0.08375	0.05095	0.00295	0.00418	0.01431	0.00520	0.00478
32	0.00940	0.00708	0.00848	0.00803	0.00977	0.00683	0.00606	0.06836	0.05007	0.02225	0.43149	0.13063	0.17925	0.01289	0.00694	0.00197	0.00334	0.02516	0.00611	0.00590
33	0.02262	0.01634	0.01761	0.01350	0.01823	0.01800	0.01115	0.71076	0.02742	0.06261	0.01452	0.01441	0.01022	0.00711	0.00592	0.00178	0.00646	0.00535	0.00597	0.01006
34	0.01014	0.00518	0.00761	0.00761	0.00761	0.00518	0.00501	0.00777	0.00777	0.01037	0.01093	0.01961	0.01116	0.08135	0.02366	0.76315	0.00518	0.00541	0.00265	0.00265
35	0.00959	0.00789	0.00867	0.00826	0.01042	0.00792	0.00631	0.01572	0.22058	0.02037	0.21869	0.06792	0.33076	0.01246	0.00676	0.00200	0.00350	0.02992	0.00589	0.00638
36	0.00845	0.00634	0.00950	0.00950	0.01056	0.00739	0.00739	0.01056	0.00950	0.01373	0.01584	0.02323	0.01478	0.04435	0.76873	0.00950	0.01584	0.00634	0.00317	0.00528
37	0.00721	0.00515	0.00686	0.00823	0.00858	0.00480	0.00549	0.00823	0.01132	0.01510	0.03259	0.78831	0.03911	0.01853	0.00755	0.00240	0.00343	0.01681	0.00549	0.00480
38	0.01117	0.01051	0.01774	0.77795	0.04073	0.01314	0.01642	0.01511	0.01182	0.01511	0.01051	0.01577	0.00788	0.00591	0.00591	0.00197	0.00788	0.00526	0.00263	0.00657
39	0.00860	0.00573	0.00645	0.00645	0.00645	0.00573	0.00358	0.00860	0.00860	0.01147	0.01863	0.03870	0.02150	0.79217	0.03010	0.00573	0.00573	0.00860	0.00358	0.00358
40	0.00866	0.00620	0.00929	0.00929	0.01023	0.00713	0.00713	0.01023	0.00929	0.01332	0.01519	0.02262	0.01426	0.04157	0.68156	0.10519	0.01459	0.00620	0.00310	0.00496
41	0.01396	0.01595	0.03490	0.02493	0.03091	0.01496	0.73380	0.01894	0.01396	0.01894	0.01196	0.01595	0.00897	0.00499	0.00698	0.00199	0.00997	0.00698	0.00299	0.00798
42	0.01190	0.01099	0.01789	0.44121	0.17087	0.01307	0.01501	0.01494	0.01147	0.01558	0.01053	0.01558	0.00864	0.00893	0.04428	0.04940	0.10348	0.00525	0.00273	0.02827
43	0.01294	0.01294	0.01811	0.01553	0.01553	0.01811	0.01294	0.01423	0.00906	0.01423	0.00776	0.01294	0.00776	0.01035	0.01941	0.00259	0.78134	0.00518	0.00259	0.00647
44	0.01957	0.01689	0.01602	0.01290	0.01719	0.13749	0.01033	0.39183	0.15239	0.02878	0.01463	0.01476	0.01091	0.00672	0.00562	0.00165	0.00655	0.00507	0.00513	0.12557
45	0.02213	0.02713	0.01685	0.01509	0.01829	0.70021	0.01141	0.08836	0.01776	0.01655	0.00960	0.01099	0.00784	0.00619	0.00539	0.00155	0.01029	0.00395	0.00331	0.00715
46	0.79833	0.01227	0.04130	0.00817	0.01205	0.01329	0.00707	0.01744	0.01017	0.02620	0.00834	0.00973	0.00645	0.00550	0.00374	0.00183	0.00476	0.00325	0.00361	0.00651

[dist]
# distance from previous block
# <min> <max>
0	1

[block]
# block no. 3 follows, 39 sequences, length 47
# corresponding to MSA columns:
# 241-287
name=unknown_D
#
# <colnr> <probs for GDERKNQSTAVLIFYWHMCP>
#	G	D	E	R	K	N	Q	S	T	A	V	L	I	F	Y	W	H	M	C	P
0	0.01154	0.01097	0.01876	0.69401	0.09998	0.01327	0.03767	0.01548	0.01202	0.01557	0.01060	0.01568	0.00804	0.00583	0.00594	0.00195	0.00787	0.00531	0.00266	0.00684
1	0.83394	0.01144	0.00869	0.00778	0.01144	0.01327	0.00640	0.01738	0.01006	0.02653	0.00823	0.00961	0.00640	0.00549	0.00366	0.00183	0.00457	0.00320	0.00366	0.00640
2	0.01568	0.70426	0.02893	0.01034	0.01520	0.02238	0.01003	0.01931	0.09759	0.01518	0.01007	0.01096	0.00881	0.00541	0.00405	0.00135	0.00613	0.00357	0.00294	0.00780
3	0.01465	0.01206	0.01264	0.01207	0.01456	0.09903	0.01007	0.22335	0.01800	0.02289	0.02381	0.07664	0.02421	0.01256	0.00716	0.00229	0.00627	0.39551	0.00530	0.00692
4	0.02569	0.01141	0.01456	0.01116	0.01577	0.01069	0.00922	0.17526	0.01918	0.60975	0.02144	0.01890	0.01369	0.00727	0.00594	0.00182	0.00534	0.00582	0.00703	0.01006
5	0.01432	0.50677	0.30688	0.01266	0.01911	0.01975	0.01455	0.01809	0.01219	0.01573	0.00912	0.01062	0.00755	0.00527	0.00448	0.00149	0.00724	0.00362	0.00252	0.00802
6	0.02073	0.02215	0.01628	0.01410	0.01746	0.44916	0.01093	0.24674	0.01945	0.02158	0.01146	0.01314	0.00917	0.01057	0.08847	0.00247	0.00992	0.00456	0.00397	0.00769
7	0.00860	0.00573	0.00645	0.00645	0.00645	0.00573	0.00358	0.00860	0.00860	0.01147	0.01863	0.03870	0.02150	0.79217	0.03010	0.00573	0.00573	0.00860	0.00358	0.00358
8	0.01571	0.01282	0.01433	0.07576	0.01775	0.01472	0.01017	0.16168	0.49116	0.03845	0.02057	0.02009	0.01544	0.00986	0.05225	0.00241	0.00597	0.00628	0.00557	0.00902
9	0.00860	0.00573	0.00645	0.00645	0.00645	0.00573	0.00358	0.00860	0.00860	0.01147	0.01863	0.03870	0.02150	0.79217	0.03010	0.00573	0.00573	0.00860	0.00358	0.00358
10	0.02361	0.12177	0.01632	0.01066	0.01515	0.01171	0.00902	0.10679	0.01746	0.53336	0.05810	0.01920	0.01526	0.00722	0.00569	0.00175	0.00527	0.00573	0.00644	0.00948
11	0.02237	0.01982	0.01747	0.01406	0.01832	0.22845	0.01129	0.53613	0.02471	0.03088	0.01278	0.01321	0.00937	0.00682	0.00575	0.00170	0.00767	0.00490	0.00511	0.00916
12	0.00860	0.00573	0.00645	0.00645	0.00645	0.00573	0.00358	0.00860	0.00860	0.01147	0.01863	0.03870	0.02150	0.79217	0.03010	0.00573	0.00573	0.00860	0.00358	0.00358
13	0.00860	0.00573	0.00645	0.00645	0.00645	0.00573	0.00358	0.00860	0.00860	0.01147	0.01863	0.03870	0.02150	0.79217	0.03010	0.00573	0.00573	0.00860	0.00358	0.00358
14	0.01226	0.01051	0.01226	0.00876	0.01401	0.00788	0.00701	0.01489	0.01226	0.01927	0.01051	0.01226	0.00876	0.00438	0.00438	0.00088	0.00438	0.00350	0.00350	0.82832
15	0.01948	0.02247	0.01545	0.01390	0.01700	0.50003	0.01056	0.06123	0.19472	0.01870	0.05810	0.01566	0.01321	0.00698	0.00563	0.00167	0.00852	0.00501	0.00413	0.00755
16	0.05505	0.00683	0.00884	0.00915	0.05422	0.00650	0.00634	0.01182	0.01603	0.02327	0.63574	0.04099	0.08011	0.01143	0.00672	0.00186	0.00316	0.01002	0.00609	0.00583
17	0.00915	0.00680	0.00849	0.00911	0.01039	0.00671	0.00694	0.05505	0.05105	0.01824	0.08004	0.39225	0.11645	0.01593	0.00742	0.00234	0.00409	0.18835	0.00560	0.00559
18	0.01396	0.01595	0.03490	0.02493	0.03091	0.01496	0.73380	0.01894	0.01396	0.01894	0.01196	0.01595	0.00897	0.00499	0.00698	0.00199	0.00997	0.00698	0.00299	0.00798
19	0.01270	0.01100	0.01361	0.00975	0.01503	0.00861	0.04438	0.03992	0.01289	0.01987	0.01071	0.01252	0.00881	0.00450	0.00457	0.00096	0.00474	0.00374	0.00356	0.75812
20	0.03040	0.00797	0.00926	0.00765	0.01044	0.00677	0.00566	0.01265	0.01251	0.03738	0.17235	0.02823	0.06382	0.18819	0.01100	0.00234	0.00422	0.00686	0.04644	0.33586
21	0.00729	0.00603	0.00641	0.00639	0.00827	0.00515	0.00484	0.00903	0.01398	0.01721	0.16371	0.05534	0.62083	0.01459	0.00703	0.00200	0.00305	0.03809	0.00564	0.00510
22	0.02199	0.01459	0.01685	0.12128	0.02082	0.10144	0.04203	0.25361	0.01956	0.30257	0.01643	0.01632	0.01114	0.00681	0.00590	0.00180	0.00678	0.00544	0.00552	0.00910
23	0.06619	0.00654	0.00787	0.00771	0.00938	0.00611	0.00578	0.01181	0.01446	0.07384	0.34709	0.19821	0.17218	0.01330	0.00683	0.00202	0.00334	0.03571	0.00594	0.00569
24	0.00814	0.00585	0.00699	0.00712	0.00828	0.00532	0.00499	0.00965	0.01313	0.03403	0.23926	0.22862	0.24472	0.14399	0.01094	0.00267	0.00355	0.01225	0.00550	0.00499
25	0.05279	0.00984	0.01124	0.00960	0.01231	0.01017	0.00755	0.24405	0.01899	0.08815	0.27725	0.11328	0.03011	0.01008	0.00622	0.00185	0.00432	0.00849	0.07637	0.00733
26	0.15236	0.02488	0.01577	0.01494	0.04879	0.61460	0.01091	0.02238	0.01554	0.01662	0.00908	0.01066	0.00750	0.00596	0.00509	0.00158	0.00953	0.00377	0.00314	0.00689
27	0.01355	0.01140	0.01279	0.01017	0.01455	0.01073	0.00808	0.06658	0.25671	0.02234	0.03760	0.01797	0.01396	0.00630	0.00520	0.00139	0.00460	0.02301	0.00463	0.45845
28	0.00801	0.00660	0.00724	0.00677	0.00897	0.00562	0.00512	0.01021	0.02877	0.01822	0.20893	0.06268	0.48998	0.01315	0.00670	0.00186	0.00314	0.01111	0.00552	0.09141
29	0.04653	0.00900	0.01265	0.01165	0.01243	0.01161	0.00940	0.01222	0.00936	0.01448	0.01252	0.01883	0.01182	0.03009	0.45841	0.00661	0.29787	0.00577	0.00298	0.00577
30	0.24170	0.01337	0.01416	0.12212	0.10424	0.09270	0.01068	0.12837	0.03642	0.04528	0.02609	0.05831	0.03198	0.00756	0.00547	0.00189	0.00620	0.04187	0.00417	0.00740
31	0.10823	0.00732	0.00783	0.00734	0.00908	0.00746	0.00537	0.05900	0.01271	0.08817	0.03634	0.12765	0.01919	0.16291	0.00999	0.00250	0.00409	0.00753	0.31144	0.00584
32	0.01030	0.00667	0.00768	0.00781	0.00892	0.00672	0.00549	0.09485	0.01317	0.01918	0.02456	0.36690	0.02622	0.12587	0.00963	0.00251	0.00393	0.01100	0.24313	0.00545
33	0.00862	0.00585	0.00763	0.00782	0.00896	0.00537	0.00562	0.01061	0.01437	0.05225	0.39000	0.34670	0.08454	0.01465	0.00716	0.00209	0.00316	0.01307	0.00608	0.00543
34	0.01359	0.01307	0.01971	0.44845	0.26965	0.05953	0.01639	0.05707	0.01355	0.01768	0.01083	0.01500	0.00847	0.00578	0.00586	0.00186	0.00770	0.00518	0.00293	0.00769
