[name]
unknown

[dist]
# distance from previous block
# <min> <max>
7	62

[block]
# block no. 0 follows, 33 sequences, length 22
# corresponding to MSA columns:
# 195-216
name=unknown_A
#
# <colnr> <probs for GDERKNQSTAVLIFYWHMCP>
#	G	D	E	R	K	N	Q	S	T	A	V	L	I	F	Y	W	H	M	C	P
0	0.08822	0.21886	0.16174	0.06150	0.03658	0.01792	0.01372	0.12402	0.04311	0.02327	0.01251	0.01445	0.00990	0.00775	0.02708	0.00205	0.02461	0.00479	0.03314	0.07479
1	0.01669	0.07390	0.09089	0.03363	0.03881	0.01507	0.01211	0.11044	0.27433	0.07153	0.07327	0.02706	0.04003	0.00920	0.00667	0.00211	0.00612	0.05858	0.00576	0.03379
2	0.01713	0.23548	0.14771	0.01541	0.06315	0.07350	0.01377	0.06584	0.10201	0.04748	0.01427	0.03472	0.01172	0.00829	0.02675	0.00206	0.03920	0.00533	0.00400	0.07218
3	0.01216	0.00626	0.00891	0.00868	0.00914	0.00620	0.00590	0.01043	0.00966	0.05853	0.01544	0.02449	0.03409	0.11145	0.06820	0.59021	0.00644	0.00655	0.00347	0.00379
4	0.01047	0.00811	0.01126	0.01061	0.03348	0.00754	0.05322	0.01396	0.04821	0.04627	0.39794	0.10802	0.19806	0.01364	0.00770	0.00217	0.00407	0.01209	0.00652	0.00665
5	0.01113	0.00795	0.00971	0.00899	0.01116	0.00684	0.00629	0.01260	0.01250	0.05185	0.02467	0.33003	0.02736	0.19406	0.01325	0.00302	0.00484	0.01148	0.00504	0.24723
6	0.00940	0.00705	0.01058	0.01058	0.01176	0.00823	0.00823	0.01176	0.01058	0.01528	0.01763	0.02586	0.01646	0.04937	0.74255	0.01058	0.01763	0.00705	0.00353	0.00588
7	0.01897	0.01535	0.02173	0.22965	0.24836	0.01682	0.01641	0.26810	0.02043	0.05923	0.01404	0.01674	0.01051	0.00691	0.00656	0.00203	0.00778	0.00592	0.00459	0.00987
8	0.01608	0.29007	0.29739	0.04114	0.05296	0.09439	0.06074	0.02062	0.01424	0.01823	0.01099	0.01331	0.00882	0.00724	0.02611	0.00205	0.00920	0.00465	0.00294	0.00885
9	0.01231	0.01143	0.01916	0.70501	0.04330	0.01417	0.01779	0.01661	0.01329	0.01701	0.01320	0.02121	0.01065	0.00733	0.00674	0.00225	0.00860	0.04958	0.00313	0.00723
10	0.01592	0.03646	0.17296	0.03383	0.08238	0.08311	0.01352	0.05256	0.01549	0.05800	0.03336	0.04688	0.01261	0.00672	0.00585	0.00162	0.00708	0.00544	0.00404	0.31216
11	0.01488	0.15059	0.51003	0.01748	0.02571	0.01758	0.04637	0.06507	0.03202	0.02134	0.01197	0.01390	0.00890	0.00646	0.00648	0.00200	0.03163	0.00492	0.00315	0.00953
12	0.01144	0.00572	0.00858	0.00858	0.00858	0.00572	0.00572	0.00858	0.00858	0.01144	0.01144	0.02001	0.01144	0.02287	0.02573	0.80846	0.00572	0.00572	0.00286	0.00286
13	0.01905	0.04978	0.08240	0.12992	0.23689	0.10207	0.01625	0.16179	0.01850	0.07697	0.01425	0.03741	0.01125	0.00712	0.00642	0.00198	0.00817	0.00593	0.00430	0.00957
14	0.01760	0.77260	0.03450	0.01126	0.01690	0.02605	0.01126	0.01971	0.01338	0.01549	0.00915	0.01056	0.00845	0.00563	0.00422	0.00141	0.00704	0.00352	0.00282	0.00845
15	0.00895	0.00671	0.00828	0.00789	0.00961	0.00605	0.00592	0.01170	0.01776	0.02431	0.56492	0.05261	0.22260	0.01424	0.00777	0.00211	0.00316	0.01239	0.00697	0.00605
16	0.01466	0.01673	0.13992	0.04716	0.06657	0.01470	0.04675	0.02708	0.39096	0.02508	0.11686	0.02491	0.02219	0.00862	0.00680	0.00216	0.00631	0.00745	0.00555	0.00952
17	0.01365	0.01170	0.01365	0.00975	0.01560	0.00878	0.00780	0.01658	0.01365	0.02145	0.01170	0.01365	0.00975	0.00488	0.00488	0.00098	0.00488	0.00390	0.00390	0.80888
18	0.00855	0.00637	0.00796	0.00825	0.00954	0.00578	0.00593	0.01069	0.01581	0.02131	0.35136	0.29875	0.19234	0.01659	0.00799	0.00231	0.00340	0.01466	0.00662	0.00578
19	0.01619	0.01418	0.07248	0.01373	0.07087	0.01067	0.02972	0.05154	0.01522	0.10243	0.01361	0.01507	0.01050	0.00559	0.00546	0.00134	0.00584	0.00463	0.00435	0.53657
20	0.01528	0.01959	0.11720	0.02674	0.03374	0.01650	0.62715	0.02106	0.01535	0.02106	0.01315	0.01732	0.00980	0.00563	0.00760	0.00220	0.01094	0.00744	0.00327	0.00897
21	0.01801	0.61625	0.06049	0.01229	0.01763	0.11775	0.01188	0.02030	0.01397	0.01578	0.00972	0.01146	0.00876	0.00750	0.03317	0.00183	0.00819	0.00381	0.00292	0.00830

[dist]
# distance from previous block
# <min> <max>
3	4

[block]
# block no. 1 follows, 33 sequences, length 11
# corresponding to MSA columns:
# 223-233
name=unknown_B
#
# <colnr> <probs for GDERKNQSTAVLIFYWHMCP>
#	G	D	E	R	K	N	Q	S	T	A	V	L	I	F	Y	W	H	M	C	P
0	0.01782	0.07681	0.08832	0.05904	0.04737	0.29574	0.04382	0.02124	0.04118	0.01770	0.04097	0.01644	0.01206	0.01177	0.08152	0.00285	0.10854	0.00547	0.00348	0.00785
1	0.01352	0.01117	0.01293	0.00941	0.01484	0.00852	0.00749	0.01646	0.01367	0.02175	0.01264	0.01469	0.01043	0.00514	0.00485	0.00103	0.00470	0.00411	0.08049	0.73215
2	0.00871	0.00671	0.00796	0.00765	0.00946	0.00595	0.00573	0.01125	0.01720	0.02300	0.46464	0.05477	0.32369	0.01473	0.00777	0.00213	0.00320	0.01269	0.00680	0.00595
3	0.00932	0.00673	0.00880	0.00828	0.00984	0.00621	0.00621	0.01242	0.01863	0.02640	0.72410	0.04918	0.06212	0.01346	0.00776	0.00207	0.00311	0.01191	0.00725	0.00621
4	0.02308	0.01426	0.04540	0.01298	0.01762	0.01369	0.01104	0.30246	0.02330	0.28005	0.11369	0.02641	0.02139	0.00935	0.00691	0.00209	0.00614	0.05298	0.00703	0.01013
5	0.00778	0.00667	0.00667	0.00667	0.00889	0.00556	0.00500	0.00945	0.01501	0.01778	0.06669	0.06336	0.72490	0.01667	0.00778	0.00222	0.00333	0.01389	0.00611	0.00556
6	0.02583	0.11800	0.01968	0.01289	0.01806	0.01317	0.05720	0.08315	0.01883	0.50309	0.04703	0.02087	0.01601	0.00779	0.00640	0.00196	0.00622	0.00640	0.00692	0.01048
7	0.01006	0.00802	0.01184	0.01146	0.01248	0.00980	0.00904	0.01229	0.01051	0.01536	0.01645	0.02436	0.01543	0.04439	0.64771	0.00957	0.11484	0.00688	0.00344	0.00605
8	0.06752	0.01677	0.01797	0.04466	0.02018	0.01885	0.01192	0.47099	0.19969	0.03632	0.01800	0.01777	0.01308	0.00800	0.00647	0.00205	0.00668	0.00617	0.00632	0.01061
9	0.01462	0.06231	0.50704	0.01799	0.04765	0.01515	0.04929	0.05960	0.01523	0.04131	0.03715	0.01553	0.01084	0.00647	0.00620	0.00196	0.00873	0.00523	0.00343	0.07428
10	0.01539	0.01495	0.04880	0.11519	0.48209	0.01439	0.06591	0.01933	0.01493	0.04765	0.01806	0.02119	0.07866	0.00706	0.00673	0.00203	0.00771	0.00676	0.00367	0.00951

[dist]
# distance from previous block
# <min> <max>
0	3

[block]
# block no. 2 follows, 33 sequences, length 65
# corresponding to MSA columns:
# 237-301
name=unknown_C
#
# <colnr> <probs for GDERKNQSTAVLIFYWHMCP>
#	G	D	E	R	K	N	Q	S	T	A	V	L	I	F	Y	W	H	M	C	P
0	0.00956	0.00642	0.00736	0.00736	0.00742	0.00648	0.00421	0.00969	0.00963	0.01290	0.02058	0.04217	0.02354	0.73073	0.07088	0.00660	0.00698	0.00944	0.00396	0.00409
1	0.01474	0.01663	0.10311	0.23445	0.23457	0.05689	0.05686	0.04288	0.04047	0.02124	0.09838	0.02044	0.01617	0.00724	0.00670	0.00206	0.00806	0.00655	0.00384	0.00872
2	0.01660	0.60406	0.19425	0.01298	0.01954	0.02359	0.01424	0.01997	0.01350	0.01671	0.00976	0.01132	0.00842	0.00577	0.00469	0.00156	0.00765	0.00383	0.00281	0.00874
3	0.01427	0.00839	0.01038	0.00914	0.01168	0.00791	0.00709	0.05446	0.04286	0.15652	0.41413	0.04067	0.10343	0.01180	0.00718	0.00203	0.00388	0.01012	0.07656	0.00749
4	0.00980	0.00738	0.01034	0.01014	0.01092	0.00856	0.00752	0.01146	0.01028	0.01465	0.01784	0.02967	0.01791	0.23900	0.50307	0.00892	0.06584	0.00764	0.00361	0.00546
5	0.09820	0.59933	0.02998	0.01169	0.01693	0.09581	0.01104	0.04199	0.01424	0.01777	0.00947	0.01087	0.00841	0.00587	0.00445	0.00152	0.00733	0.00367	0.00312	0.00832
6	0.00940	0.00705	0.01058	0.01058	0.01176	0.00823	0.00823	0.01176	0.01058	0.01528	0.01763	0.02586	0.01646	0.04937	0.74255	0.01058	0.01763	0.00705	0.00353	0.00588
7	0.00971	0.00670	0.00776	0.00798	0.00832	0.00671	0.00499	0.01074	0.03424	0.01434	0.02469	0.10888	0.04455	0.59373	0.02765	0.00552	0.00601	0.06843	0.00450	0.00454
8	0.01243	0.01170	0.01975	0.75282	0.04534	0.01463	0.01828	0.01682	0.01316	0.01682	0.01170	0.01755	0.00878	0.00658	0.00658	0.00219	0.00878	0.00585	0.00293	0.00731
9	0.02936	0.01148	0.01545	0.01185	0.01694	0.01009	0.00979	0.05810	0.01931	0.70546	0.02558	0.02215	0.01610	0.00814	0.00662	0.00203	0.00567	0.00659	0.00809	0.01120
10	0.00853	0.00673	0.00771	0.00755	0.00947	0.00591	0.00572	0.01085	0.01653	0.02145	0.33988	0.05786	0.42158	0.01539	0.00782	0.00219	0.00334	0.03904	0.00658	0.00585
11	0.00811	0.00596	0.00763	0.00886	0.00959	0.00548	0.00609	0.00946	0.01325	0.01739	0.06658	0.61700	0.14144	0.01972	0.00831	0.00260	0.00379	0.03718	0.00615	0.00543
12	0.01860	0.04151	0.02702	0.05766	0.38464	0.01552	0.15704	0.06215	0.01651	0.13237	0.01474	0.01736	0.01116	0.00629	0.00672	0.00201	0.00812	0.00629	0.00420	0.01009
13	0.01998	0.01663	0.01970	0.10391	0.10266	0.07982	0.03966	0.30040	0.06220	0.05344	0.01641	0.02044	0.01299	0.00821	0.00736	0.00209	0.04277	0.04833	0.03347	0.00953
14	0.32450	0.01836	0.06615	0.02111	0.19788	0.12208	0.10041	0.03883	0.01449	0.02423	0.01099	0.01351	0.00870	0.00613	0.00564	0.00199	0.00789	0.00492	0.00366	0.00853
15	0.01320	0.03405	0.73453	0.01876	0.02849	0.01529	0.02432	0.02085	0.01390	0.02085	0.01181	0.01390	0.00834	0.00625	0.00625	0.00208	0.00973	0.00486	0.00278	0.00973
16	0.01528	0.01463	0.02480	0.03586	0.61358	0.01447	0.04422	0.01903	0.01514	0.02134	0.04230	0.02160	0.07429	0.00706	0.00672	0.00199	0.00739	0.00685	0.00365	0.00980
17	0.02503	0.01844	0.01976	0.01515	0.02042	0.02042	0.01251	0.70562	0.03095	0.04149	0.01581	0.01581	0.01120	0.00790	0.00659	0.00198	0.00724	0.00593	0.00659	0.01120
18	0.01382	0.05237	0.50874	0.04394	0.05450	0.01490	0.09082	0.02030	0.01449	0.03782	0.05849	0.01688	0.01232	0.00664	0.00644	0.00205	0.00904	0.00567	0.00330	0.02748
19	0.01243	0.01170	0.01975	0.75282	0.04534	0.01463	0.01828	0.01682	0.01316	0.01682	0.01170	0.01755	0.00878	0.00658	0.00658	0.00219	0.00878	0.00585	0.00293	0.00731
20	0.05813	0.01084	0.01445	0.01127	0.01600	0.00955	0.00925	0.02975	0.01853	0.63888	0.09060	0.02446	0.02022	0.00857	0.00663	0.00204	0.00535	0.00700	0.00791	0.01058
21	0.00802	0.00573	0.00764	0.00917	0.00955	0.00535	0.00611	0.00917	0.01260	0.01681	0.03628	0.76434	0.04354	0.02062	0.00840	0.00267	0.00382	0.01872	0.00611	0.00535
22	0.08678	0.09495	0.28929	0.01693	0.04033	0.07305	0.07591	0.02177	0.01464	0.11306	0.03810	0.01593	0.01141	0.00711	0.00741	0.00206	0.07298	0.00540	0.00387	0.00901
23	0.00801	0.00578	0.00759	0.00903	0.00951	0.00536	0.00605	0.00918	0.01273	0.01686	0.03789	0.72739	0.07945	0.02042	0.00837	0.00265	0.00379	0.01846	0.00611	0.00536
24	0.01637	0.01414	0.01489	0.01340	0.01712	0.01637	0.01042	0.03498	0.71568	0.02754	0.02679	0.02456	0.02010	0.00893	0.00670	0.00223	0.00521	0.00744	0.00670	0.01042
25	0.01768	0.02029	0.20451	0.02504	0.25684	0.04218	0.08724	0.02435	0.10712	0.12517	0.01611	0.01764	0.01190	0.00670	0.00659	0.00205	0.00813	0.00606	0.00431	0.01010
26	0.01759	0.61618	0.08987	0.01209	0.01787	0.02368	0.01221	0.02161	0.07463	0.04479	0.01156	0.01251	0.00976	0.00607	0.00470	0.00156	0.00705	0.00409	0.00336	0.00883
27	0.02422	0.00964	0.01246	0.00999	0.01399	0.00859	0.00811	0.02693	0.01729	0.51416	0.02459	0.02307	0.01647	0.00800	0.00600	0.00188	0.00482	0.00647	0.25367	0.00964
28	0.03915	0.00808	0.00971	0.00926	0.01145	0.00760	0.00692	0.05106	0.03400	0.13091	0.16595	0.28230	0.18790	0.01508	0.00759	0.00230	0.00411	0.01309	0.00661	0.00695
29	0.01344	0.07818	0.12072	0.20062	0.06984	0.01325	0.03989	0.01665	0.03734	0.03385	0.01380	0.02071	0.01202	0.05201	0.03750	0.16696	0.03358	0.02923	0.00336	0.00704
30	0.00837	0.00619	0.00872	0.00972	0.01030	0.00580	0.03066	0.00961	0.01255	0.01674	0.03465	0.69993	0.04132	0.05952	0.00970	0.00285	0.00421	0.01785	0.00590	0.00540
31	0.02459	0.03138	0.01866	0.01696	0.02035	0.74221	0.01272	0.02629	0.01866	0.01611	0.01018	0.01187	0.00848	0.00678	0.00594	0.00170	0.01187	0.00424	0.00339	0.00763
32	0.01664	0.01183	0.01411	0.01025	0.01595	0.00929	0.00826	0.04093	0.01506	0.13973	0.01419	0.01517	0.01088	0.00551	0.00522	0.00118	0.00507	0.00441	0.00469	0.65161
33	0.05609	0.01108	0.01483	0.01147	0.01639	0.00972	0.00945	0.03088	0.01857	0.68029	0.05248	0.02304	0.01776	0.00828	0.00658	0.00204	0.00549	0.00672	0.00797	0.01087
34	0.02459	0.03138	0.01866	0.01696	0.02035	0.74221	0.01272	0.02629	0.01866	0.01611	0.01018	0.01187	0.00848	0.00678	0.00594	0.00170	0.01187	0.00424	0.00339	0.00763
35	0.00940	0.00705	0.01058	0.01058	0.01176	0.00823	0.00823	0.01176	0.01058	0.01528	0.01763	0.02586	0.01646	0.04937	0.74255	0.01058	0.01763	0.00705	0.00353	0.00588
36	0.01637	0.01414	0.01489	0.01340	0.01712	0.01637	0.01042	0.03498	0.71568	0.02754	0.02679	0.02456	0.02010	0.00893	0.00670	0.00223	0.00521	0.00744	0.00670	0.01042
37	0.00932	0.00673	0.00880	0.00828	0.00984	0.00621	0.00621	0.01242	0.01863	0.02640	0.72410	0.04918	0.06212	0.01346	0.00776	0.00207	0.00311	0.01191	0.00725	0.00621
38	0.01144	0.00572	0.00858	0.00858	0.00858	0.00572	0.00572	0.00858	0.00858	0.01144	0.01144	0.02001	0.01144	0.02287	0.02573	0.80846	0.00572	0.00572	0.00286	0.00286
39	0.01556	0.01769	0.03843	0.02818	0.05825	0.01661	0.68016	0.02106	0.01552	0.02110	0.01329	0.01771	0.01000	0.00556	0.00773	0.00221	0.01099	0.00770	0.00333	0.00893
40	0.00941	0.00703	0.01047	0.01047	0.01161	0.00817	0.00809	0.01168	0.01055	0.01520	0.01774	0.02643	0.01670	0.07301	0.71925	0.01044	0.01726	0.00714	0.00354	0.00582
41	0.01243	0.01170	0.01975	0.75282	0.04534	0.01463	0.01828	0.01682	0.01316	0.01682	0.01170	0.01755	0.00878	0.00658	0.00658	0.00219	0.00878	0.00585	0.00293	0.00731
42	0.01243	0.01170	0.01975	0.75282	0.04534	0.01463	0.01828	0.01682	0.01316	0.01682	0.01170	0.01755	0.00878	0.00658	0.00658	0.00219	0.00878	0.00585	0.00293	0.00731
43	0.04096	0.36032	0.30297	0.01498	0.02178	0.04749	0.03931	0.02009	0.01382	0.01855	0.03122	0.01341	0.00999	0.00637	0.00591	0.00180	0.03472	0.00454	0.00301	0.00878
44	0.00796	0.00655	0.00700	0.00715	0.00907	0.00559	0.00526	0.00970	0.01505	0.01850	0.12695	0.15296	0.57173	0.01687	0.00786	0.00227	0.00338	0.01433	0.00622	0.00559
45	0.00801	0.00576	0.00760	0.00908	0.00953	0.00535	0.00607	0.00918	0.01269	0.01684	0.03736	0.73944	0.06775	0.02048	0.00838	0.00266	0.00380	0.01854	0.00611	0.00535
46	0.01573	0.01497	0.02549	0.19745	0.51585	0.01564	0.05229	0.04524	0.01521	0.02119	0.01240	0.01663	0.01007	0.00609	0.00659	0.00202	0.00817	0.00596	0.00331	0.00969
47	0.09118	0.01721	0.15241	0.01389	0.01892	0.03923	0.01307	0.06850	0.04357	0.32909	0.01828	0.01822	0.01262	0.00940	0.03342	0.00243	0.09730	0.00584	0.00566	0.00975
48	0.00810	0.00582	0.00771	0.00918	0.00966	0.00543	0.00622	0.00933	0.01277	0.01694	0.03726	0.71771	0.06630	0.02041	0.00840	0.00267	0.00388	0.04073	0.00611	0.00538
49	0.29026	0.04797	0.04155	0.01679	0.10411	0.29398	0.02861	0.02303	0.01528	0.06695	0.01120	0.01284	0.00879	0.00644	0.00542	0.00188	0.00843	0.00444	0.00387	0.00816
50	0.01848	0.01454	0.02107	0.02673	0.38072	0.01488	0.01516	0.13641	0.09431	0.10436	0.04274	0.02141	0.03934	0.03152	0.00750	0.00215	0.00683	0.00674	0.00499	0.01012
51	0.01894	0.58940	0.05509	0.01273	0.01803	0.17825	0.01202	0.02115	0.01452	0.01580	0.00946	0.01095	0.00845	0.00590	0.00466	0.00149	0.00816	0.00372	0.00294	0.00832
52	0.00801	0.00576	0.00761	0.00908	0.00953	0.00535	0.00607	0.00918	0.01269	0.01684	0.03732	0.74041	0.06681	0.02049	0.00838	0.00266	0.00380	0.01855	0.00611	0.00535
53	0.04136	0.01346	0.01887	0.13372	0.12882	0.07234	0.07929	0.04279	0.01402	0.03683	0.04024	0.04611	0.03254	0.03241	0.09225	0.06234	0.09443	0.00692	0.00379	0.00747
54	0.03969	0.21836	0.33051	0.01619	0.04602	0.04091	0.03259	0.07964	0.03186	0.04111	0.03611	0.01487	0.01102	0.00654	0.00577	0.00186	0.00816	0.00497	0.00362	0.03021
55	0.01320	0.03405	0.73453	0.01876	0.02849	0.01529	0.02432	0.02085	0.01390	0.02085	0.01181	0.01390	0.00834	0.00625	0.00625	0.00208	0.00973	0.00486	0.00278	0.00973
56	0.00824	0.00587	0.00780	0.00927	0.00971	0.00552	0.00631	0.00946	0.01264	0.01683	0.03560	0.69399	0.04244	0.04937	0.00941	0.00284	0.00406	0.05928	0.00603	0.00534
57	0.01818	0.28522	0.05090	0.06472	0.24211	0.07123	0.03298	0.05558	0.01551	0.06774	0.01227	0.01460	0.00999	0.00722	0.02380	0.00199	0.00810	0.00502	0.00358	0.00926
58	0.00989	0.00726	0.01018	0.01010	0.01118	0.00819	0.00756	0.03502	0.01122	0.01584	0.01907	0.06728	0.01894	0.16513	0.56165	0.00918	0.01469	0.00805	0.00384	0.00572
59	0.01012	0.00774	0.00868	0.00839	0.01057	0.00728	0.00630	0.01434	0.10882	0.04794	0.20665	0.12957	0.37912	0.01502	0.00766	0.00223	0.00367	0.01283	0.00653	0.00654
60	0.16744	0.08747	0.35829	0.01822	0.08922	0.05544	0.05390	0.02079	0.03277	0.02182	0.01153	0.01377	0.00881	0.00662	0.00626	0.02229	0.00841	0.00481	0.00325	0.00888
61	0.04045	0.01862	0.20086	0.09139	0.20815	0.03863	0.03393	0.05933	0.01534	0.05399	0.04066	0.04496	0.03767	0.00947	0.03167	0.02783	0.00809	0.00654	0.02361	0.00881
62	0.00961	0.00714	0.00914	0.00945	0.01105	0.00681	0.00747	0.01288	0.04269	0.02232	0.33595	0.13003	0.14444	0.01584	0.00818	0.00244	0.00415	0.20766	0.00661	0.00615
63	0.00864	0.00742	0.00749	0.00734	0.00972	0.00664	0.00555	0.01201	0.08532	0.01876	0.06269	0.05946	0.65417	0.01590	0.00767	0.00222	0.00352	0.01325	0.00617	0.00605
64	0.10859	0.03453	0.18476	0.06458	0.19412	0.06697	0.01587	0.06838	0.03209	0.04176	0.03211	0.09777	0.01458	0.00816	0.00634	0.00207	0.00757	0.00681	0.00408	0.00887

[dist]
# distance from previous block
# <min> <max>
0	1

[block]
# block no. 3 follows, 33 sequences, length 7
# corresponding to MSA columns:
# 303-309
name=unknown_D
#
# <colnr> <probs for GDERKNQSTAVLIFYWHMCP>
#	G	D	E	R	K	N	Q	S	T	A	V	L	I	F	Y	W	H	M	C	P
0	0.04852	0.11978	0.09337	0.01718	0.07002	0.07807	0.13339	0.04772	0.03683	0.07657	0.01659	0.01900	0.03977	0.01140	0.08115	0.00282	0.03323	0.00611	0.05999	0.00848
1	0.02220	0.02602	0.02037	0.01739	0.02090	0.49700	0.08310	0.09999	0.01862	0.01926	0.01155	0.01469	0.00974	0.04592	0.00875	0.00211	0.06555	0.00517	0.00374	0.00794
2	0.01757	0.01420	0.06796	0.01198	0.01721	0.01185	0.01037	0.15787	0.04895	0.11307	0.01721	0.02180	0.01407	0.04119	0.00723	0.00185	0.00598	0.05914	0.00518	0.35531
3	0.01629	0.01564	0.02672	0.04041	0.72757	0.01564	0.02020	0.02020	0.01499	0.02151	0.01238	0.01629	0.01043	0.00587	0.00652	0.00196	0.00782	0.00587	0.00326	0.01043
4	0.02459	0.03138	0.01866	0.01696	0.02035	0.74221	0.01272	0.02629	0.01866	0.01611	0.01018	0.01187	0.00848	0.00678	0.00594	0.00170	0.01187	0.00424	0.00339	0.00763
5	0.00940	0.00705	0.01058	0.01058	0.01176	0.00823	0.00823	0.01176	0.01058	0.01528	0.01763	0.02586	0.01646	0.04937	0.74255	0.01058	0.01763	0.00705	0.00353	0.00588
6	0.01554	0.01776	0.03885	0.02775	0.03441	0.01665	0.70366	0.02109	0.01554	0.02109	0.01332	0.01776	0.00999	0.00555	0.00777	0.00222	0.01110	0.00777	0.00333	0.00888

[dist]
# distance from previous block
# <min> <max>
0	67

[block]
# block no. 4 follows, 33 sequences, length 28
# corresponding to MSA columns:
# 377-388,392-407
name=unknown_E
#
# <colnr> <probs for GDERKNQSTAVLIFYWHMCP>
#	G	D	E	R	K	N	Q	S	T	A	V	L	I	F	Y	W	H	M	C	P
0	0.00937	0.00676	0.00887	0.00844	0.00999	0.00627	0.00639	0.01247	0.01849	0.02612	0.69572	0.05021	0.06112	0.01365	0.00782	0.00211	0.00323	0.03954	0.00720	0.00621
1	0.01144	0.00572	0.00858	0.00858	0.00858	0.00572	0.00572	0.00858	0.00858	0.01144	0.01144	0.02001	0.01144	0.02287	0.02573	0.80846	0.00572	0.00572	0.00286	0.00286
2	0.01404	0.01387	0.01947	0.01680	0.01689	0.01930	0.01396	0.01555	0.01012	0.01580	0.00929	0.01523	0.00921	0.01425	0.07358	0.00344	0.70332	0.00585	0.00293	0.00711
3	0.01440	0.01440	0.02016	0.01728	0.01728	0.02016	0.01440	0.01584	0.01008	0.01584	0.00864	0.01440	0.00864	0.01152	0.02160	0.00288	0.75659	0.00576	0.00288	0.00720
4	0.01242	0.01144	0.01910	0.71746	0.04356	0.01422	0.01764	0.01675	0.01319	0.01719	0.01216	0.01788	0.00916	0.00663	0.00649	0.00216	0.00851	0.00586	0.04092	0.00726
5	0.01402	0.01329	0.02271	0.40210	0.32472	0.01476	0.03817	0.01818	0.01408	0.01902	0.01317	0.01983	0.01092	0.00683	0.00671	0.00214	0.00831	0.03923	0.00323	0.00858
6	0.01064	0.00703	0.00904	0.00840	0.01025	0.00638	0.00635	0.01351	0.01812	0.07821	0.58632	0.06800	0.12548	0.01358	0.00770	0.00210	0.00334	0.01190	0.00717	0.00650
7	0.00785	0.00641	0.00693	0.00734	0.00907	0.00550	0.00530	0.00937	0.01436	0.01752	0.05847	0.25288	0.54069	0.01774	0.00795	0.00234	0.00347	0.01520	0.00611	0.00550
8	0.00921	0.00673	0.00865	0.00817	0.00977	0.00617	0.00613	0.01221	0.01838	0.02579	0.67775	0.05018	0.10884	0.01369	0.00777	0.00208	0.00312	0.01205	0.00717	0.00617
9	0.01329	0.06813	0.67763	0.01807	0.02733	0.01550	0.02311	0.02052	0.01403	0.02078	0.03499	0.01490	0.01010	0.00646	0.00621	0.00205	0.00939	0.00503	0.00293	0.00955
10	0.01129	0.00712	0.03328	0.00979	0.01048	0.00649	0.00754	0.01023	0.01037	0.01378	0.01720	0.03312	0.01782	0.02117	0.02100	0.58392	0.00594	0.17196	0.00364	0.00387
11	0.00873	0.00639	0.00881	0.01073	0.03731	0.00607	0.00726	0.01031	0.01325	0.01770	0.05843	0.61723	0.04214	0.01949	0.00840	0.00268	0.00425	0.10912	0.00603	0.00567
12	0.01841	0.04263	0.03135	0.02537	0.10301	0.23590	0.40346	0.02253	0.01636	0.01947	0.01215	0.01563	0.00954	0.00596	0.00698	0.00201	0.01087	0.00638	0.00333	0.00865
13	0.01767	0.70717	0.03258	0.01129	0.01664	0.05614	0.01104	0.01981	0.01362	0.01591	0.00973	0.01123	0.00882	0.00577	0.00431	0.00143	0.00708	0.00367	0.03779	0.00831
14	0.08142	0.01245	0.01434	0.01065	0.01615	0.01074	0.00864	0.09786	0.01641	0.16078	0.01470	0.01534	0.01096	0.00594	0.00534	0.00138	0.00530	0.00463	0.00503	0.50192
15	0.02400	0.01836	0.04175	0.01601	0.05092	0.04567	0.01283	0.52250	0.07865	0.09656	0.01699	0.01683	0.01206	0.00782	0.00656	0.00199	0.00723	0.00600	0.00634	0.01093
16	0.10919	0.01645	0.11074	0.02236	0.22908	0.04357	0.08179	0.05338	0.01492	0.03856	0.04227	0.08479	0.01555	0.00992	0.02492	0.03745	0.02898	0.02355	0.00404	0.00850
17	0.01337	0.06228	0.70777	0.01848	0.02805	0.01570	0.02382	0.02081	0.01388	0.02064	0.01171	0.01377	0.00834	0.00623	0.00618	0.00206	0.00963	0.00481	0.00278	0.00968
18	0.00894	0.00674	0.00956	0.01218	0.07448	0.00642	0.00768	0.01046	0.01299	0.01742	0.03404	0.65099	0.04018	0.01913	0.00828	0.00263	0.00433	0.06184	0.00585	0.00585
19	0.01528	0.04665	0.30064	0.01657	0.05414	0.04094	0.06045	0.06136	0.01555	0.08301	0.06927	0.04754	0.01612	0.03620	0.07427	0.00293	0.00891	0.00661	0.00417	0.03938
20	0.00862	0.00598	0.00746	0.00841	0.00864	0.00574	0.00530	0.00932	0.01144	0.01526	0.03033	0.48790	0.03603	0.30732	0.01802	0.00410	0.00480	0.01521	0.00530	0.00483
21	0.01563	0.01350	0.01418	0.01282	0.01641	0.01544	0.00995	0.03278	0.65517	0.02670	0.03024	0.02791	0.08096	0.00960	0.00679	0.00223	0.00505	0.00800	0.00665	0.01000
22	0.06202	0.02753	0.48499	0.01926	0.08002	0.03584	0.05020	0.05285	0.01497	0.06725	0.01280	0.01483	0.00924	0.00692	0.00686	0.02740	0.00893	0.00516	0.00345	0.00948
23	0.01786	0.09866	0.04520	0.01527	0.07876	0.12505	0.02912	0.06441	0.14933	0.10002	0.06622	0.02640	0.08819	0.04175	0.00768	0.00218	0.00689	0.02305	0.00523	0.00872
24	0.01376	0.00809	0.00972	0.00885	0.01162	0.00719	0.00699	0.01660	0.04022	0.18971	0.17672	0.05055	0.35131	0.01391	0.00757	0.00222	0.00412	0.06682	0.00683	0.00723
25	0.00802	0.00573	0.00764	0.00917	0.00955	0.00535	0.00611	0.00917	0.01260	0.01681	0.03628	0.76434	0.04354	0.02062	0.00840	0.00267	0.00382	0.01872	0.00611	0.00535
26	0.05990	0.08618	0.15158	0.01659	0.11553	0.02796	0.01352	0.11354	0.01722	0.15867	0.03395	0.07780	0.03899	0.00844	0.00626	0.00199	0.00671	0.00689	0.04902	0.00925
27	0.01518	0.01605	0.05061	0.06803	0.24487	0.07559	0.16277	0.04209	0.03207	0.02075	0.03410	0.08056	0.05699	0.00875	0.00754	0.00217	0.02976	0.03947	0.00404	0.00861

[dist]
# distance from previous block
# <min> <max>
0	2

[block]
# block no. 5 follows, 33 sequences, length 19
# corresponding to MSA columns:
# 410-428
name=unknown_F
#
# <colnr> <probs for GDERKNQSTAVLIFYWHMCP>
#	G	D	E	R	K	N	Q	S	T	A	V	L	I	F	Y	W	H	M	C	P
0	0.01792	0.73823	0.03376	0.01153	0.01706	0.05926	0.01133	0.02002	0.01362	0.01552	0.00920	0.01062	0.00845	0.00569	0.00430	0.00142	0.00726	0.00355	0.00284	0.00841
1	0.02582	0.01341	0.03707	0.01215	0.01747	0.03451	0.01022	0.10248	0.01917	0.49716	0.02162	0.01967	0.01419	0.00749	0.00630	0.00185	0.00599	0.00597	0.00697	0.14050
2	0.01629	0.01564	0.02672	0.04041	0.72757	0.01564	0.02020	0.02020	0.01499	0.02151	0.01238	0.01629	0.01043	0.00587	0.00652	0.00196	0.00782	0.00587	0.00326	0.01043
3	0.02459	0.03138	0.01866	0.01696	0.02035	0.74221	0.01272	0.02629	0.01866	0.01611	0.01018	0.01187	0.00848	0.00678	0.00594	0.00170	0.01187	0.00424	0.00339	0.00763
4	0.00940	0.00705	0.01058	0.01058	0.01176	0.00823	0.00823	0.01176	0.01058	0.01528	0.01763	0.02586	0.01646	0.04937	0.74255	0.01058	0.01763	0.00705	0.00353	0.00588
5	0.01440	0.01440	0.02016	0.01728	0.01728	0.02016	0.01440	0.01584	0.01008	0.01584	0.00864	0.01440	0.00864	0.01152	0.02160	0.00288	0.75659	0.00576	0.00288	0.00720
6	0.02778	0.01126	0.01500	0.01171	0.01657	0.01005	0.00960	0.03156	0.07137	0.65247	0.05228	0.02358	0.01831	0.00841	0.00667	0.00205	0.00548	0.00688	0.00800	0.01096
7	0.01144	0.00572	0.00858	0.00858	0.00858	0.00572	0.00572	0.00858	0.00858	0.01144	0.01144	0.02001	0.01144	0.02287	0.02573	0.80846	0.00572	0.00572	0.00286	0.00286
8	0.01559	0.01761	0.03798	0.02865	0.08402	0.01658	0.65475	0.02102	0.01550	0.02112	0.01325	0.01765	0.01002	0.00557	0.00768	0.00220	0.01086	0.00763	0.00332	0.00899
9	0.01408	0.01393	0.01954	0.01685	0.01692	0.01939	0.01400	0.01558	0.01011	0.01581	0.00923	0.01515	0.00915	0.01398	0.06848	0.00338	0.70854	0.00585	0.00292	0.00712
10	0.01243	0.01170	0.01975	0.75282	0.04534	0.01463	0.01828	0.01682	0.01316	0.01682	0.01170	0.01755	0.00878	0.00658	0.00658	0.00219	0.00878	0.00585	0.00293	0.00731
11	0.01554	0.01776	0.03885	0.02775	0.03441	0.01665	0.70366	0.02109	0.01554	0.02109	0.01332	0.01776	0.00999	0.00555	0.00777	0.00222	0.01110	0.00777	0.00333	0.00888
12	0.01144	0.00572	0.00858	0.00858	0.00858	0.00572	0.00572	0.00858	0.00858	0.01144	0.01144	0.02001	0.01144	0.02287	0.02573	0.80846	0.00572	0.00572	0.00286	0.00286
13	0.01641	0.00806	0.01028	0.00895	0.01166	0.00728	0.00698	0.01918	0.01741	0.25754	0.30562	0.05843	0.07356	0.01101	0.00681	0.00199	0.00395	0.00940	0.15770	0.00778
14	0.00801	0.00660	0.00706	0.00726	0.00920	0.00565	0.00542	0.00976	0.01497	0.01830	0.10426	0.14418	0.57781	0.01698	0.00790	0.00230	0.00348	0.03909	0.00618	0.00559
15	0.01577	0.01431	0.02330	0.14279	0.39829	0.01482	0.06972	0.03938	0.08773	0.04816	0.01832	0.02104	0.06251	0.00718	0.00674	0.00206	0.00753	0.00678	0.00404	0.00953
16	0.01750	0.01491	0.01604	0.01545	0.06818	0.04362	0.01124	0.05429	0.58855	0.05680	0.02476	0.02313	0.01853	0.00857	0.00665	0.00218	0.00573	0.00713	0.00638	0.01037
17	0.00956	0.00645	0.00751	0.00751	0.00762	0.00656	0.00440	0.00978	0.00967	0.01301	0.02044	0.04141	0.02321	0.69898	0.10218	0.00679	0.00747	0.00933	0.00394	0.00417
18	0.14993	0.09887	0.05020	0.05137	0.12668	0.38064	0.01353	0.02294	0.01593	0.01927	0.01038	0.01255	0.00856	0.00639	0.00559	0.00180	0.00945	0.00440	0.00338	0.00813

[dist]
# distance from previous block
# <min> <max>
0	9

[block]
# block no. 6 follows, 33 sequences, length 31
# corresponding to MSA columns:
# 438-468
name=unknown_G
#
# <colnr> <probs for GDERKNQSTAVLIFYWHMCP>
#	G	D	E	R	K	N	Q	S	T	A	V	L	I	F	Y	W	H	M	C	P
0	0.00802	0.00573	0.00764	0.00917	0.00955	0.00535	0.00611	0.00917	0.01260	0.01681	0.03628	0.76434	0.04354	0.02062	0.00840	0.00267	0.00382	0.01872	0.00611	0.00535
1	0.00948	0.00676	0.00909	0.00909	0.00976	0.00742	0.00638	0.01080	0.01014	0.01418	0.01899	0.03339	0.01973	0.36383	0.43257	0.00874	0.01271	0.00816	0.00373	0.00505
2	0.01616	0.43443	0.30129	0.01484	0.02205	0.02140	0.03939	0.04842	0.01437	0.01879	0.01058	0.01229	0.00857	0.00596	0.00521	0.00172	0.00821	0.00427	0.00297	0.00906
3	0.12232	0.17730	0.02397	0.02141	0.20774	0.22130	0.06403	0.02131	0.01513	0.01956	0.01172	0.04388	0.01036	0.00669	0.00573	0.00183	0.00852	0.00529	0.00343	0.00848
4	0.01320	0.03405	0.73453	0.01876	0.02849	0.01529	0.02432	0.02085	0.01390	0.02085	0.01181	0.01390	0.00834	0.00625	0.00625	0.00208	0.00973	0.00486	0.00278	0.00973
5	0.00828	0.00591	0.00794	0.00946	0.00996	0.00557	0.00656	0.00961	0.01286	0.01710	0.03614	0.69517	0.04297	0.02038	0.00847	0.00271	0.00404	0.08533	0.00611	0.00542
6	0.01627	0.08447	0.36800	0.06253	0.11509	0.03757	0.06424	0.05644	0.01532	0.07503	0.01289	0.01510	0.00951	0.00655	0.00679	0.00204	0.03377	0.00533	0.00351	0.00956
7	0.00938	0.00676	0.00930	0.00939	0.01013	0.00746	0.00672	0.01089	0.01037	0.01455	0.01975	0.07510	0.02049	0.28195	0.46823	0.00875	0.01315	0.00856	0.00383	0.00523
8	0.01079	0.00773	0.00953	0.00883	0.01084	0.00741	0.00670	0.01543	0.09500	0.05553	0.55032	0.04679	0.12356	0.01307	0.00760	0.00210	0.00347	0.01139	0.00711	0.00682
9	0.01708	0.47263	0.22010	0.01400	0.02039	0.07603	0.01501	0.04241	0.01437	0.01782	0.01014	0.01184	0.00852	0.00613	0.00549	0.00167	0.03054	0.00408	0.00297	0.00878
10	0.01508	0.04802	0.09950	0.24729	0.04750	0.05253	0.14598	0.07216	0.05011	0.02043	0.01508	0.01865	0.03938	0.00848	0.02730	0.00239	0.07177	0.00637	0.00363	0.00834
11	0.00802	0.00573	0.00764	0.00917	0.00955	0.00535	0.00611	0.00917	0.01260	0.01681	0.03628	0.76434	0.04354	0.02062	0.00840	0.00267	0.00382	0.01872	0.00611	0.00535
12	0.00790	0.00620	0.00715	0.00791	0.00922	0.00545	0.00555	0.00931	0.01382	0.01730	0.05162	0.41077	0.38721	0.01863	0.00809	0.00245	0.00357	0.01628	0.00611	0.00545
13	0.01841	0.11435	0.08678	0.03602	0.03768	0.07454	0.01218	0.14279	0.14170	0.09439	0.02062	0.05290	0.03650	0.00884	0.00636	0.00202	0.00681	0.04650	0.05146	0.00914
14	0.01644	0.17585	0.33996	0.01919	0.08803	0.06229	0.06765	0.08399	0.04760	0.02175	0.01239	0.01426	0.00947	0.00635	0.00601	0.00192	0.00882	0.00507	0.00343	0.00951
15	0.01760	0.77260	0.03450	0.01126	0.01690	0.02605	0.01126	0.01971	0.01338	0.01549	0.00915	0.01056	0.00845	0.00563	0.00422	0.00141	0.00704	0.00352	0.00282	0.00845
16	0.00943	0.00751	0.01008	0.00917	0.01131	0.00676	0.04375	0.01225	0.01706	0.02309	0.43299	0.05205	0.24399	0.01399	0.00777	0.00215	0.00385	0.05562	0.00654	0.03067
17	0.01249	0.01156	0.01918	0.69648	0.04280	0.01445	0.01757	0.01672	0.01309	0.01711	0.01201	0.01774	0.00911	0.00679	0.00700	0.00219	0.03365	0.00586	0.03690	0.00726
18	0.02459	0.03138	0.01866	0.01696	0.02035	0.74221	0.01272	0.02629	0.01866	0.01611	0.01018	0.01187	0.00848	0.00678	0.00594	0.00170	0.01187	0.00424	0.00339	0.00763
19	0.02459	0.03138	0.01866	0.01696	0.02035	0.74221	0.01272	0.02629	0.01866	0.01611	0.01018	0.01187	0.00848	0.00678	0.00594	0.00170	0.01187	0.00424	0.00339	0.00763
20	0.02503	0.01844	0.01976	0.01515	0.02042	0.02042	0.01251	0.70562	0.03095	0.04149	0.01581	0.01581	0.01120	0.00790	0.00659	0.00198	0.00724	0.00593	0.00659	0.01120
21	0.02954	0.01120	0.01528	0.01171	0.01681	0.00968	0.00968	0.03208	0.01884	0.73213	0.02597	0.02241	0.01630	0.00815	0.00662	0.00204	0.00560	0.00662	0.00815	0.01120
22	0.01144	0.00572	0.00858	0.00858	0.00858	0.00572	0.00572	0.00858	0.00858	0.01144	0.01144	0.02001	0.01144	0.02287	0.02573	0.80846	0.00572	0.00572	0.00286	0.00286
23	0.02459	0.03138	0.01866	0.01696	0.02035	0.74221	0.01272	0.02629	0.01866	0.01611	0.01018	0.01187	0.00848	0.00678	0.00594	0.00170	0.01187	0.00424	0.00339	0.00763
24	0.01532	0.01862	0.08294	0.02655	0.03301	0.01677	0.61881	0.02076	0.01511	0.02076	0.01294	0.01731	0.00980	0.00595	0.00849	0.00225	0.05505	0.00746	0.00327	0.00884
25	0.01243	0.01170	0.01975	0.75282	0.04534	0.01463	0.01828	0.01682	0.01316	0.01682	0.01170	0.01755	0.00878	0.00658	0.00658	0.00219	0.00878	0.00585	0.00293	0.00731
26	0.00962	0.00714	0.01006	0.00996	0.01081	0.00818	0.00739	0.01135	0.01031	0.01468	0.01810	0.02975	0.01805	0.22656	0.54220	0.00928	0.03987	0.00763	0.00362	0.00545
27	0.00957	0.00638	0.00718	0.00718	0.00718	0.00638	0.00399	0.00957	0.00957	0.01276	0.02074	0.04308	0.02393	0.76864	0.03351	0.00638	0.00638	0.00957	0.00399	0.00399
28	0.00925	0.00673	0.00870	0.00821	0.00979	0.00618	0.00616	0.01229	0.01847	0.02601	0.69436	0.04982	0.09210	0.01360	0.00777	0.00208	0.00312	0.01200	0.00720	0.00618
29	0.00846	0.00646	0.00782	0.00831	0.00973	0.00582	0.00612	0.01042	0.01512	0.01969	0.21095	0.28470	0.29104	0.01730	0.00809	0.00240	0.00367	0.07184	0.00638	0.00569
30	0.02095	0.02328	0.02052	0.02340	0.23744	0.38198	0.01462	0.10144	0.01868	0.02087	0.01460	0.01778	0.03967	0.00740	0.00637	0.00187	0.00956	0.02690	0.00391	0.00877

[dist]
# distance from previous block
# <min> <max>
0	1

[block]
# block no. 7 follows, 33 sequences, length 40
# corresponding to MSA columns:
# 470-509
name=unknown_H
#
# <colnr> <probs for GDERKNQSTAVLIFYWHMCP>
#	G	D	E	R	K	N	Q	S	T	A	V	L	I	F	Y	W	H	M	C	P
0	0.01549	0.01431	0.01636	0.01453	0.01681	0.04444	0.01162	0.02645	0.39638	0.02291	0.05761	0.02335	0.01855	0.01021	0.01179	0.00244	0.25715	0.02540	0.00531	0.00889
1	0.05215	0.01214	0.01291	0.01179	0.01470	0.01360	0.00891	0.09362	0.40772	0.02539	0.02663	0.12960	0.04326	0.10535	0.01018	0.00278	0.00530	0.00914	0.00613	0.00869
2	0.49601	0.05528	0.04209	0.01555	0.11849	0.03553	0.05065	0.01938	0.01240	0.02539	0.01070	0.03268	0.00899	0.00672	0.00582	0.00206	0.04593	0.00473	0.00377	0.00784
3	0.00979	0.00631	0.00734	0.00734	0.00734	0.00631	0.00419	0.00946	0.00946	0.01261	0.01966	0.04040	0.02248	0.68193	0.03260	0.09964	0.00631	0.00913	0.00386	0.00386
4	0.01700	0.06004	0.18273	0.01650	0.06554	0.01720	0.01460	0.12990	0.37016	0.02705	0.01985	0.01953	0.01483	0.00779	0.00644	0.00210	0.00682	0.00631	0.00535	0.01027
5	0.01523	0.12128	0.13173	0.01580	0.04092	0.01429	0.14062	0.02022	0.05668	0.04411	0.01307	0.01505	0.01026	0.00570	0.00575	0.00157	0.00720	0.00507	0.00376	0.33170
6	0.01539	0.15542	0.35504	0.01770	0.06089	0.10444	0.04877	0.03786	0.01489	0.01955	0.01416	0.08021	0.01256	0.00780	0.00623	0.00200	0.00880	0.02609	0.00340	0.00880
7	0.01022	0.00861	0.00918	0.00873	0.01049	0.06368	0.00652	0.01291	0.01783	0.02384	0.53612	0.07397	0.16582	0.01372	0.00765	0.00209	0.00385	0.01187	0.00672	0.00618
8	0.00835	0.00642	0.00737	0.00765	0.00922	0.00567	0.00554	0.01025	0.01514	0.01968	0.20145	0.23988	0.37644	0.01665	0.00782	0.00228	0.00340	0.01441	0.03672	0.00567
9	0.01626	0.27752	0.15366	0.02074	0.09083	0.05267	0.21932	0.02045	0.01432	0.01867	0.01116	0.01406	0.00908	0.00610	0.00684	0.00191	0.04910	0.00538	0.00303	0.00888
10	0.01408	0.01406	0.02326	0.50108	0.16863	0.04870	0.10006	0.01839	0.01404	0.01816	0.01195	0.01708	0.00921	0.00634	0.00668	0.00213	0.00902	0.00601	0.00306	0.00809
11	0.01320	0.03405	0.73453	0.01876	0.02849	0.01529	0.02432	0.02085	0.01390	0.02085	0.01181	0.01390	0.00834	0.00625	0.00625	0.00208	0.00973	0.00486	0.00278	0.00973
12	0.00856	0.00669	0.00778	0.00791	0.00956	0.00602	0.00577	0.01103	0.03487	0.02057	0.26714	0.21001	0.34775	0.01630	0.00788	0.00227	0.00342	0.01413	0.00649	0.00585
13	0.01791	0.26534	0.12965	0.01434	0.01963	0.11334	0.08323	0.04543	0.01570	0.08035	0.03323	0.01759	0.01260	0.00696	0.00568	0.00178	0.00778	0.02393	0.09703	0.00851
14	0.00945	0.00686	0.00961	0.00961	0.01045	0.00770	0.00702	0.01113	0.01029	0.01456	0.01852	0.03078	0.01859	0.25464	0.54020	0.00938	0.01442	0.00777	0.00366	0.00534
15	0.02003	0.01298	0.01480	0.01262	0.01665	0.01393	0.01000	0.07222	0.42397	0.22623	0.08119	0.02539	0.02183	0.00901	0.00675	0.00215	0.00527	0.00748	0.00714	0.01035
16	0.00958	0.00649	0.00865	0.00968	0.01071	0.00615	0.00713	0.01129	0.01360	0.05066	0.05497	0.49023	0.09382	0.02062	0.04714	0.00308	0.00499	0.13930	0.00609	0.00582
17	0.05504	0.07957	0.21035	0.04704	0.12639	0.22320	0.01617	0.03814	0.04824	0.04145	0.01272	0.01550	0.01020	0.04012	0.00721	0.00210	0.00907	0.00512	0.00358	0.00879
18	0.01603	0.01477	0.02302	0.21847	0.42054	0.04725	0.01805	0.01968	0.01459	0.05765	0.01410	0.01792	0.02964	0.00685	0.00746	0.00207	0.05316	0.00604	0.00350	0.00922
19	0.00786	0.00662	0.00682	0.00688	0.00897	0.00558	0.00512	0.00957	0.01505	0.01813	0.09568	0.09970	0.65808	0.01673	0.00781	0.00224	0.00335	0.01406	0.00617	0.00558
20	0.05237	0.05601	0.09493	0.24397	0.20187	0.04225	0.01636	0.05164	0.01491	0.04715	0.01524	0.08196	0.01346	0.00805	0.00651	0.00211	0.00778	0.03107	0.00382	0.00852
21	0.01143	0.06326	0.04659	0.01221	0.05124	0.02838	0.04506	0.01447	0.04941	0.03407	0.10768	0.22695	0.14701	0.10158	0.01045	0.00273	0.00543	0.03009	0.00531	0.00666
22	0.01106	0.00819	0.03116	0.00876	0.01106	0.00703	0.00697	0.01457	0.04409	0.08235	0.49277	0.04771	0.18252	0.01325	0.00759	0.00210	0.00363	0.01147	0.00695	0.00676
23	0.01633	0.01490	0.02153	0.02867	0.42965	0.03455	0.01577	0.07712	0.12384	0.02388	0.04894	0.05826	0.01602	0.00760	0.00660	0.00198	0.00688	0.00691	0.00443	0.05612
24	0.11798	0.04849	0.10126	0.01767	0.09445	0.36622	0.01360	0.02311	0.01595	0.05449	0.01175	0.01418	0.00953	0.02743	0.00709	0.00199	0.03760	0.00475	0.02431	0.00816
25	0.02459	0.03138	0.01866	0.01696	0.02035	0.74221	0.01272	0.02629	0.01866	0.01611	0.01018	0.01187	0.00848	0.00678	0.00594	0.00170	0.01187	0.00424	0.00339	0.00763
26	0.01320	0.03405	0.73453	0.01876	0.02849	0.01529	0.02432	0.02085	0.01390	0.02085	0.01181	0.01390	0.00834	0.00625	0.00625	0.00208	0.00973	0.00486	0.00278	0.00973
27	0.02503	0.01844	0.01976	0.01515	0.02042	0.02042	0.01251	0.70562	0.03095	0.04149	0.01581	0.01581	0.01120	0.00790	0.00659	0.00198	0.00724	0.00593	0.00659	0.01120
28	0.02774	0.01146	0.01524	0.01161	0.01678	0.00989	0.00956	0.04983	0.01865	0.63762	0.02418	0.02130	0.01546	0.00780	0.00644	0.00192	0.00557	0.00631	0.00766	0.09499
29	0.01144	0.00572	0.00858	0.00858	0.00858	0.00572	0.00572	0.00858	0.00858	0.01144	0.01144	0.02001	0.01144	0.02287	0.02573	0.80846	0.00572	0.00572	0.00286	0.00286
30	0.02461	0.03091	0.01870	0.01689	0.02035	0.71613	0.01271	0.05083	0.01910	0.01703	0.01038	0.01201	0.00858	0.00682	0.00596	0.00171	0.01170	0.00430	0.00351	0.00776
31	0.00942	0.00698	0.01022	0.01022	0.01127	0.00803	0.00778	0.01152	0.01047	0.01501	0.01796	0.02769	0.01725	0.12582	0.66719	0.01013	0.01644	0.00732	0.00358	0.00568
32	0.00802	0.00573	0.00764	0.00917	0.00955	0.00535	0.00611	0.00917	0.01260	0.01681	0.03628	0.76434	0.04354	0.02062	0.00840	0.00267	0.00382	0.01872	0.00611	0.00535
33	0.04010	0.01172	0.01919	0.58481	0.11461	0.01400	0.01704	0.01688	0.01378	0.01861	0.07457	0.01997	0.01361	0.00710	0.00659	0.00215	0.00805	0.00631	0.00338	0.00755
34	0.81514	0.01273	0.00968	0.00866	0.01273	0.01477	0.00713	0.01935	0.01120	0.02954	0.00917	0.01069	0.00713	0.00611	0.00407	0.00204	0.00509	0.00356	0.00407	0.00713
35	0.00836	0.00642	0.00766	0.00793	0.00940	0.00571	0.00573	0.01036	0.01552	0.02038	0.27724	0.26145	0.30661	0.01674	0.00796	0.00230	0.00340	0.01463	0.00649	0.00571
36	0.00833	0.00615	0.00834	0.04841	0.01155	0.00593	0.00686	0.00974	0.01284	0.01695	0.03634	0.66800	0.07301	0.01961	0.00830	0.00264	0.00414	0.04141	0.00594	0.00549
37	0.01181	0.03492	0.03569	0.11988	0.04437	0.01065	0.10474	0.05058	0.01487	0.01977	0.02895	0.23902	0.10807	0.01313	0.00754	0.00237	0.00630	0.09845	0.04195	0.00697
38	0.01484	0.01552	0.02503	0.04403	0.04120	0.04041	0.20183	0.01759	0.01207	0.01744	0.01046	0.01578	0.00932	0.01075	0.04122	0.00288	0.46256	0.00631	0.00305	0.00771
39	0.10877	0.35298	0.04895	0.01264	0.01727	0.04731	0.04509	0.07651	0.06556	0.02167	0.05018	0.01556	0.01276	0.00704	0.00611	0.00179	0.05023	0.00500	0.04619	0.00838

[dist]
# distance from previous block
# <min> <max>
5	10

[block]
# block no. 8 follows, 33 sequences, length 14
# corresponding to MSA columns:
# 520-533
name=unknown_I
#
# <colnr> <probs for GDERKNQSTAVLIFYWHMCP>
#	G	D	E	R	K	N	Q	S	T	A	V	L	I	F	Y	W	H	M	C	P
0	0.01899	0.09268	0.07416	0.04133	0.01944	0.39585	0.01277	0.02122	0.01530	0.01611	0.01165	0.01596	0.01040	0.06143	0.09215	0.00314	0.08169	0.00509	0.00328	0.00738
1	0.05132	0.04662	0.19138	0.01828	0.11586	0.07988	0.06192	0.02179	0.05547	0.07682	0.01358	0.01526	0.01036	0.00613	0.00591	0.00174	0.00766	0.00508	0.00392	0.21103
2	0.04617	0.07725	0.15407	0.02299	0.27794	0.03830	0.01566	0.01877	0.04016	0.02112	0.10747	0.06437	0.01927	0.03986	0.00797	0.00221	0.02660	0.00710	0.00401	0.00871
3	0.00907	0.00672	0.00846	0.00803	0.00968	0.00611	0.00602	0.01195	0.01806	0.02503	0.61932	0.05144	0.16775	0.01397	0.00777	0.00209	0.00314	0.01222	0.00707	0.00611
4	0.01259	0.00953	0.01315	0.16757	0.06070	0.01014	0.01055	0.04694	0.07838	0.05445	0.15638	0.16815	0.06382	0.01219	0.00729	0.00226	0.00543	0.06285	0.05034	0.00731
5	0.01803	0.09889	0.14858	0.02222	0.18751	0.01720	0.09663	0.15906	0.04839	0.06835	0.01599	0.01767	0.03564	0.00710	0.00688	0.00201	0.02959	0.00607	0.00434	0.00985
6	0.01128	0.00866	0.01163	0.01419	0.14752	0.00862	0.00796	0.03731	0.01265	0.01713	0.07119	0.07257	0.06404	0.44057	0.02215	0.00456	0.00617	0.03150	0.00445	0.00587
7	0.01301	0.00711	0.00737	0.00698	0.00880	0.00722	0.00532	0.06721	0.01547	0.02596	0.07422	0.02575	0.01987	0.00813	0.00499	0.00161	0.00339	0.00656	0.68453	0.00652
