[name]
unknown

[dist]
# distance from previous block
# <min> <max>
0	25

[block]
# block no. 0 follows, 36 sequences, length 11
# corresponding to MSA columns:
# 25-35
name=unknown_A
#
# <colnr> <probs for GDERKNQSTAVLIFYWHMCP>
#	G	D	E	R	K	N	Q	S	T	A	V	L	I	F	Y	W	H	M	C	P
0	0.02404	0.01215	0.01399	0.01173	0.01572	0.09445	0.00965	0.02644	0.01715	0.52532	0.02445	0.02932	0.01843	0.00936	0.00663	0.00207	0.00606	0.13690	0.00682	0.00930
1	0.01575	0.01589	0.03066	0.02240	0.02791	0.01545	0.52080	0.15123	0.01720	0.02323	0.01504	0.08595	0.01257	0.00698	0.00720	0.00210	0.00919	0.00797	0.00397	0.00851
2	0.02203	0.17212	0.02048	0.01503	0.01864	0.61807	0.01178	0.02371	0.01671	0.01514	0.00945	0.01100	0.00802	0.00621	0.00531	0.00155	0.01037	0.00388	0.00311	0.00737
3	0.00820	0.00634	0.00706	0.00712	0.00861	0.00570	0.00518	0.00976	0.01362	0.01720	0.15305	0.05471	0.41674	0.18159	0.01276	0.00301	0.00399	0.07479	0.00551	0.00507
4	0.17433	0.05207	0.01676	0.01411	0.01779	0.47731	0.01096	0.12935	0.01791	0.02128	0.01023	0.01155	0.00817	0.00642	0.00532	0.00170	0.00919	0.00411	0.00377	0.00767
5	0.01423	0.01134	0.01433	0.15246	0.02021	0.01025	0.00966	0.08078	0.01488	0.05988	0.05716	0.01632	0.01257	0.00585	0.00532	0.00134	0.00545	0.00482	0.00416	0.49897
6	0.01221	0.06204	0.17259	0.15410	0.02062	0.01216	0.01266	0.03155	0.01238	0.05026	0.01901	0.05735	0.07986	0.15232	0.04955	0.00320	0.08048	0.00716	0.00366	0.00685
7	0.01212	0.01008	0.01354	0.04978	0.01553	0.01080	0.05096	0.05384	0.14908	0.02094	0.13569	0.05982	0.02254	0.03772	0.17451	0.00384	0.05074	0.00757	0.02064	0.10025
8	0.01705	0.01991	0.27861	0.01378	0.01972	0.01386	0.01428	0.22974	0.06174	0.11298	0.02314	0.02280	0.12810	0.00834	0.00631	0.00197	0.00680	0.00663	0.00505	0.00919
9	0.11039	0.01546	0.02035	0.01553	0.02048	0.01629	0.15875	0.35744	0.06997	0.07202	0.01534	0.01716	0.01141	0.00704	0.00620	0.00193	0.00704	0.02497	0.00528	0.04697
10	0.04846	0.01534	0.07225	0.01624	0.02088	0.01468	0.19866	0.17686	0.15263	0.05456	0.05249	0.08065	0.01647	0.00818	0.00697	0.00205	0.02696	0.00743	0.00500	0.02322

[dist]
# distance from previous block
# <min> <max>
1	6

[block]
# block no. 1 follows, 36 sequences, length 18
# corresponding to MSA columns:
# 42-58,61
name=unknown_B
#
# <colnr> <probs for GDERKNQSTAVLIFYWHMCP>
#	G	D	E	R	K	N	Q	S	T	A	V	L	I	F	Y	W	H	M	C	P
0	0.05246	0.01437	0.02293	0.02511	0.30515	0.01462	0.15404	0.04140	0.18046	0.10072	0.01638	0.01788	0.01238	0.00645	0.00635	0.00197	0.00709	0.00624	0.00446	0.00954
1	0.06520	0.13426	0.02331	0.06316	0.03799	0.16217	0.15295	0.09234	0.03953	0.08545	0.01243	0.01440	0.00959	0.00663	0.00709	0.00189	0.07416	0.00526	0.00389	0.00829
2	0.06273	0.11742	0.27924	0.08090	0.02321	0.14367	0.01585	0.14847	0.03409	0.02219	0.01149	0.01315	0.00866	0.00630	0.00561	0.00182	0.00839	0.00460	0.00356	0.00865
3	0.01513	0.19380	0.38567	0.01618	0.02334	0.01680	0.09306	0.04251	0.07688	0.06076	0.01289	0.01424	0.00957	0.00609	0.00571	0.00185	0.00812	0.00496	0.00342	0.00903
4	0.04925	0.13708	0.22113	0.07864	0.15062	0.05826	0.04107	0.08723	0.06102	0.04064	0.01237	0.01428	0.00948	0.00615	0.00571	0.00184	0.00781	0.00496	0.00354	0.00893
5	0.01673	0.06030	0.06068	0.04962	0.06378	0.04438	0.23955	0.12121	0.09316	0.07402	0.01597	0.06995	0.01300	0.00748	0.00717	0.00203	0.04095	0.00696	0.00435	0.00872
6	0.08766	0.01487	0.01431	0.05986	0.08271	0.16540	0.01034	0.11273	0.07167	0.06392	0.03637	0.11204	0.06375	0.00926	0.00615	0.00195	0.00652	0.02221	0.05056	0.00772
7	0.01371	0.00951	0.01238	0.01247	0.09161	0.00896	0.00860	0.05853	0.01550	0.12530	0.14694	0.07917	0.15928	0.04087	0.00823	0.00209	0.03784	0.04117	0.00546	0.12235
8	0.10424	0.01352	0.01533	0.01223	0.01640	0.06972	0.07094	0.16160	0.04541	0.09545	0.07622	0.06909	0.04597	0.00806	0.00596	0.00176	0.00594	0.00669	0.00512	0.17036
9	0.01752	0.01905	0.08678	0.02655	0.34447	0.12733	0.08028	0.12561	0.07024	0.02273	0.01293	0.01523	0.01017	0.00619	0.00619	0.00187	0.00816	0.00552	0.00378	0.00939
10	0.01627	0.50101	0.05805	0.08088	0.09732	0.07872	0.01294	0.01879	0.01304	0.01566	0.00935	0.01159	0.00823	0.00586	0.00556	0.00158	0.05037	0.00399	0.00276	0.00803
11	0.15473	0.02443	0.01664	0.01511	0.03843	0.49577	0.01134	0.13481	0.01826	0.02131	0.01038	0.01176	0.00828	0.00646	0.00544	0.00171	0.00938	0.00421	0.00380	0.00776
12	0.01434	0.01355	0.01888	0.01594	0.01680	0.01800	0.03828	0.09095	0.01190	0.01774	0.00981	0.01484	0.00913	0.01347	0.08295	0.00325	0.59417	0.00564	0.00317	0.00717
13	0.02740	0.01150	0.01501	0.01151	0.01635	0.01049	0.00951	0.12092	0.01933	0.65381	0.02332	0.02039	0.01479	0.00768	0.00626	0.00192	0.00551	0.00618	0.00752	0.01060
14	0.00882	0.00637	0.00833	0.00784	0.00931	0.00588	0.00588	0.01176	0.01764	0.02499	0.73888	0.04654	0.05879	0.01274	0.00735	0.00196	0.00294	0.01127	0.00686	0.00588
15	0.02092	0.01490	0.01627	0.01324	0.01761	0.01644	0.01069	0.35143	0.31291	0.12628	0.02044	0.01914	0.01465	0.00791	0.00628	0.00198	0.00587	0.00628	0.00647	0.01030
16	0.01542	0.01480	0.02529	0.03824	0.74217	0.01480	0.01912	0.01912	0.01419	0.02036	0.01172	0.01542	0.00987	0.00555	0.00617	0.00185	0.00740	0.00555	0.00308	0.00987
17	0.01177	0.01107	0.01869	0.76606	0.04291	0.01384	0.01730	0.01592	0.01246	0.01592	0.01107	0.01661	0.00831	0.00623	0.00623	0.00208	0.00831	0.00554	0.00277	0.00692

[dist]
# distance from previous block
# <min> <max>
0	12

[block]
# block no. 2 follows, 36 sequences, length 75
# corresponding to MSA columns:
# 74-148
name=unknown_C
#
# <colnr> <probs for GDERKNQSTAVLIFYWHMCP>
#	G	D	E	R	K	N	Q	S	T	A	V	L	I	F	Y	W	H	M	C	P
0	0.00759	0.00542	0.00723	0.00868	0.00904	0.00506	0.00578	0.00868	0.01193	0.01591	0.03434	0.77697	0.04121	0.01952	0.00795	0.00253	0.00361	0.01771	0.00578	0.00506
1	0.01446	0.01608	0.03274	0.02401	0.02887	0.01651	0.55886	0.01883	0.01353	0.01883	0.01160	0.01608	0.00916	0.00654	0.01033	0.00224	0.18330	0.00692	0.00305	0.00804
2	0.01528	0.01454	0.02411	0.06535	0.65462	0.01482	0.01829	0.02014	0.07286	0.02065	0.01281	0.01611	0.01056	0.00582	0.00618	0.00188	0.00724	0.00567	0.00334	0.00975
3	0.01250	0.03223	0.74875	0.01776	0.02697	0.01447	0.02302	0.01973	0.01315	0.01973	0.01118	0.01315	0.00789	0.00592	0.00592	0.00197	0.00921	0.00460	0.00263	0.00921
4	0.00759	0.00542	0.00723	0.00868	0.00904	0.00506	0.00578	0.00868	0.01193	0.01591	0.03434	0.77697	0.04121	0.01952	0.00795	0.00253	0.00361	0.01771	0.00578	0.00506
5	0.01012	0.00745	0.01068	0.07325	0.01527	0.00767	0.01053	0.01305	0.01413	0.01835	0.03123	0.08338	0.03373	0.01637	0.00839	0.00280	0.00590	0.62639	0.00550	0.00582
6	0.01705	0.01780	0.13009	0.01266	0.01669	0.17817	0.01126	0.05551	0.11135	0.12957	0.21065	0.02526	0.03975	0.00874	0.00639	0.00190	0.00660	0.00705	0.00537	0.00815
7	0.00759	0.00542	0.00723	0.00868	0.00904	0.00506	0.00578	0.00868	0.01193	0.01591	0.03434	0.77697	0.04121	0.01952	0.00795	0.00253	0.00361	0.01771	0.00578	0.00506
8	0.01004	0.00717	0.01004	0.01147	0.01291	0.00717	0.01004	0.01291	0.01434	0.01865	0.03299	0.07028	0.03586	0.01721	0.00861	0.00287	0.00574	0.70023	0.00574	0.00574
9	0.01019	0.00783	0.01057	0.08058	0.01516	0.00815	0.00976	0.01422	0.07918	0.01861	0.03318	0.13465	0.09708	0.01551	0.00800	0.00262	0.00544	0.43763	0.00553	0.00611
10	0.04110	0.01466	0.01516	0.01220	0.01632	0.06367	0.00987	0.35589	0.08809	0.16418	0.01803	0.01782	0.01285	0.00747	0.00585	0.00182	0.00601	0.00573	0.13380	0.00946
11	0.12264	0.01577	0.03320	0.01370	0.01773	0.07461	0.05255	0.17879	0.29041	0.06002	0.01805	0.01880	0.01369	0.00776	0.00660	0.00203	0.03698	0.02217	0.00538	0.00912
12	0.01409	0.31258	0.42002	0.01440	0.02185	0.01778	0.01711	0.01900	0.01295	0.01788	0.01023	0.01195	0.00804	0.00559	0.00509	0.00165	0.00788	0.00405	0.00273	0.07513
13	0.01515	0.01542	0.05425	0.05578	0.66413	0.01488	0.03410	0.01899	0.01401	0.02009	0.01162	0.01535	0.00970	0.00569	0.00650	0.00189	0.02418	0.00555	0.00305	0.00967
14	0.47906	0.01521	0.01321	0.01096	0.01518	0.06631	0.00896	0.27454	0.01788	0.03121	0.01103	0.01196	0.00823	0.00644	0.00484	0.00188	0.00600	0.00423	0.00468	0.00818
15	0.00817	0.00634	0.00744	0.00716	0.00891	0.00561	0.00537	0.01051	0.01612	0.02138	0.43992	0.05248	0.36000	0.01408	0.00736	0.00202	0.00304	0.01210	0.00638	0.00561
16	0.02301	0.01712	0.01832	0.01420	0.01907	0.01901	0.01168	0.66498	0.08680	0.03818	0.01581	0.01564	0.01129	0.00756	0.00624	0.00189	0.00670	0.00573	0.00624	0.01054
17	0.02795	0.01060	0.01446	0.01109	0.01591	0.00916	0.00916	0.03036	0.01783	0.74648	0.02458	0.02121	0.01542	0.00771	0.00627	0.00193	0.00530	0.00627	0.00771	0.01060
18	0.00906	0.00604	0.00680	0.00680	0.00680	0.00604	0.00378	0.00906	0.00906	0.01208	0.01963	0.04077	0.02265	0.78103	0.03171	0.00604	0.00604	0.00906	0.00378	0.00378
19	0.01292	0.01107	0.01292	0.00923	0.01477	0.00831	0.00738	0.01569	0.01292	0.02030	0.01107	0.01292	0.00923	0.00461	0.00461	0.00092	0.00461	0.00369	0.00369	0.81912
20	0.01383	0.27420	0.51849	0.01548	0.02344	0.01774	0.01905	0.01939	0.01300	0.01810	0.01037	0.01214	0.00793	0.00573	0.00530	0.00177	0.00839	0.00419	0.00264	0.00882
21	0.66746	0.04507	0.01156	0.00932	0.01334	0.04495	0.00771	0.09940	0.01312	0.02820	0.00944	0.01072	0.00729	0.00599	0.00421	0.00188	0.00539	0.00365	0.00405	0.00726
22	0.01397	0.13379	0.59159	0.01651	0.02485	0.01626	0.02042	0.07665	0.01440	0.02063	0.01114	0.01287	0.00813	0.00597	0.00568	0.00188	0.00867	0.00451	0.00293	0.00916
23	0.02266	0.02755	0.01743	0.01566	0.01901	0.64649	0.01185	0.07173	0.07688	0.01773	0.01127	0.01247	0.00910	0.00666	0.00572	0.00166	0.01043	0.00437	0.00367	0.00766
24	0.00774	0.00569	0.00698	0.00793	0.00861	0.00523	0.00530	0.00878	0.01203	0.01560	0.03842	0.53035	0.18464	0.11894	0.01096	0.00290	0.00384	0.01562	0.00552	0.00493
25	0.00906	0.00604	0.00680	0.00680	0.00680	0.00604	0.00378	0.00906	0.00906	0.01208	0.01963	0.04077	0.02265	0.78103	0.03171	0.00604	0.00604	0.00906	0.00378	0.00378
26	0.01518	0.01449	0.02432	0.08559	0.66132	0.01477	0.01856	0.01957	0.04784	0.02033	0.01232	0.01587	0.01020	0.00573	0.00618	0.00188	0.00735	0.00562	0.00322	0.00967
27	0.01082	0.00541	0.00812	0.00812	0.00812	0.00541	0.00541	0.00812	0.00812	0.01082	0.01082	0.01894	0.01082	0.02165	0.02435	0.81872	0.00541	0.00541	0.00271	0.00271
28	0.00848	0.00702	0.00849	0.00939	0.06837	0.00623	0.00627	0.01066	0.01529	0.01970	0.27288	0.05209	0.46474	0.01398	0.00726	0.00204	0.00343	0.01194	0.00591	0.00583
29	0.72266	0.01186	0.00984	0.00856	0.01254	0.01336	0.00706	0.01986	0.01153	0.12024	0.01072	0.01155	0.00786	0.00603	0.00417	0.00193	0.00488	0.00375	0.00435	0.00724
30	0.01550	0.01338	0.01409	0.01268	0.01620	0.01550	0.00986	0.03311	0.73091	0.02606	0.02536	0.02325	0.01902	0.00845	0.00634	0.00211	0.00493	0.00704	0.00634	0.00986
31	0.00737	0.00629	0.00634	0.00638	0.00843	0.00525	0.00477	0.00893	0.01413	0.01680	0.06226	0.08134	0.71881	0.01589	0.00738	0.00212	0.00317	0.01329	0.00579	0.00525
32	0.01764	0.01553	0.09600	0.01281	0.01658	0.09926	0.01127	0.07932	0.14364	0.16572	0.05082	0.02720	0.04745	0.00936	0.00741	0.00208	0.05754	0.09132	0.04059	0.00845
33	0.82504	0.01205	0.00916	0.00819	0.01205	0.01398	0.00675	0.01832	0.01060	0.02795	0.00868	0.01012	0.00675	0.00578	0.00386	0.00193	0.00482	0.00337	0.00386	0.00675
34	0.01292	0.01107	0.01292	0.00923	0.01477	0.00831	0.00738	0.01569	0.01292	0.02030	0.01107	0.01292	0.00923	0.00461	0.00461	0.00092	0.00461	0.00369	0.00369	0.81912
35	0.01387	0.03220	0.08429	0.13039	0.27985	0.01291	0.09217	0.03552	0.01464	0.05220	0.08416	0.05946	0.05096	0.00788	0.00655	0.00199	0.00706	0.02163	0.00395	0.00832
36	0.26733	0.43054	0.04204	0.01077	0.01547	0.11390	0.00995	0.01937	0.01267	0.01898	0.00885	0.01027	0.00761	0.00562	0.00421	0.00157	0.00674	0.00346	0.00310	0.00754
37	0.01550	0.01338	0.01409	0.01268	0.01620	0.01550	0.00986	0.03311	0.73091	0.02606	0.02536	0.02325	0.01902	0.00845	0.00634	0.00211	0.00493	0.00704	0.00634	0.00986
38	0.00959	0.00654	0.00857	0.00797	0.00957	0.00601	0.00601	0.01250	0.01764	0.05393	0.71022	0.04552	0.05705	0.01254	0.00731	0.00196	0.00303	0.01107	0.00689	0.00607
39	0.00891	0.00662	0.00975	0.00975	0.01077	0.00764	0.00746	0.01096	0.00994	0.01427	0.01693	0.02581	0.01616	0.10691	0.69695	0.00969	0.01582	0.00687	0.00337	0.00542
40	0.03605	0.09945	0.32242	0.01572	0.06903	0.01423	0.01578	0.08777	0.01602	0.20374	0.04951	0.01670	0.01259	0.00675	0.00588	0.00188	0.00723	0.00534	0.00451	0.00939
41	0.50692	0.06592	0.01377	0.01069	0.01474	0.09087	0.02572	0.09997	0.07831	0.02670	0.01108	0.01211	0.00856	0.00624	0.00462	0.00187	0.00597	0.00412	0.00419	0.00763
42	0.01073	0.01009	0.01823	0.01510	0.01740	0.01014	0.24358	0.01316	0.01224	0.01670	0.02233	0.34144	0.02446	0.09479	0.04665	0.00312	0.07760	0.01171	0.00430	0.00622
43	0.01588	0.01403	0.01961	0.02489	0.36706	0.01493	0.01428	0.09792	0.26240	0.02463	0.06525	0.02014	0.01635	0.00723	0.00631	0.00195	0.00620	0.00645	0.00479	0.00968
44	0.00894	0.00653	0.00929	0.00929	0.01015	0.00739	0.00688	0.01066	0.00980	0.01393	0.01735	0.02815	0.01717	0.21234	0.59292	0.00912	0.01429	0.00721	0.00344	0.00516
45	0.01466	0.01403	0.02392	0.18980	0.59656	0.01460	0.01874	0.01845	0.01383	0.01943	0.01159	0.01567	0.00954	0.00569	0.00618	0.00190	0.00759	0.00555	0.00302	0.00926
46	0.00769	0.00550	0.00732	0.00861	0.00906	0.00513	0.00579	0.00893	0.01240	0.01665	0.09208	0.71710	0.04265	0.01896	0.00790	0.00248	0.00356	0.01718	0.00587	0.00513
47	0.01953	0.01474	0.01579	0.01293	0.01696	0.01641	0.01039	0.43494	0.22268	0.03296	0.01951	0.06880	0.01535	0.00854	0.00625	0.00195	0.00584	0.00683	0.05989	0.00970
48	0.00766	0.00559	0.00717	0.00839	0.00899	0.00516	0.00569	0.00882	0.01220	0.01598	0.03760	0.64775	0.13028	0.04015	0.00855	0.00258	0.00367	0.03298	0.00573	0.00507
49	0.01426	0.16403	0.42153	0.01836	0.02592	0.05154	0.18058	0.01983	0.01363	0.01866	0.01098	0.01334	0.00828	0.00568	0.00589	0.00187	0.00914	0.00498	0.00278	0.00871
50	0.00906	0.00604	0.00680	0.00680	0.00680	0.00604	0.00378	0.00906	0.00906	0.01208	0.01963	0.04077	0.02265	0.78103	0.03171	0.00604	0.00604	0.00906	0.00378	0.00378
51	0.01289	0.01281	0.07323	0.00993	0.01577	0.00881	0.00866	0.01602	0.01294	0.02026	0.01108	0.01294	0.00912	0.00472	0.00472	0.00101	0.00499	0.00377	0.00360	0.75274
52	0.01977	0.02389	0.01874	0.01648	0.01870	0.48514	0.03484	0.02140	0.01484	0.01531	0.00924	0.01222	0.00812	0.00789	0.01065	0.00200	0.26601	0.00460	0.00305	0.00712
53	0.08946	0.01779	0.01770	0.01387	0.01861	0.07848	0.01136	0.58537	0.02646	0.05865	0.01431	0.01446	0.01022	0.00726	0.00599	0.00185	0.00700	0.00532	0.00584	0.01001
54	0.00890	0.00668	0.01001	0.01001	0.01113	0.00779	0.00779	0.01113	0.01001	0.01446	0.01669	0.02448	0.01558	0.04673	0.75634	0.01001	0.01669	0.00668	0.00334	0.00556
55	0.01292	0.01107	0.01292	0.00923	0.01477	0.00831	0.00738	0.01569	0.01292	0.02030	0.01107	0.01292	0.00923	0.00461	0.00461	0.00092	0.00461	0.00369	0.00369	0.81912
56	0.00892	0.00658	0.00954	0.00954	0.01048	0.00753	0.00719	0.01082	0.00987	0.01411	0.01713	0.02689	0.01663	0.15559	0.64891	0.00942	0.01511	0.00703	0.00340	0.00530
57	0.02289	0.01539	0.01661	0.01325	0.01780	0.04622	0.01076	0.37268	0.18158	0.20684	0.01938	0.01816	0.01353	0.00771	0.00624	0.00193	0.00623	0.00602	0.00649	0.01030
58	0.02391	0.01073	0.01405	0.01059	0.01560	0.00893	0.00868	0.02642	0.01651	0.55114	0.02095	0.01898	0.01376	0.00688	0.00582	0.00166	0.00512	0.00557	0.00663	0.22810
59	0.01292	0.01107	0.01292	0.00923	0.01477	0.00831	0.00738	0.01569	0.01292	0.02030	0.01107	0.01292	0.00923	0.00461	0.00461	0.00092	0.00461	0.00369	0.00369	0.81912
60	0.01141	0.00914	0.01024	0.01019	0.04045	0.05748	0.00727	0.01554	0.09289	0.05636	0.42371	0.09809	0.11843	0.01219	0.00708	0.00201	0.00407	0.01057	0.00625	0.00665
61	0.00882	0.00637	0.00833	0.00784	0.00931	0.00588	0.00588	0.01176	0.01764	0.02499	0.73888	0.04654	0.05879	0.01274	0.00735	0.00196	0.00294	0.01127	0.00686	0.00588
62	0.01435	0.01364	0.02315	0.19752	0.55842	0.01423	0.01819	0.01812	0.01394	0.01956	0.04089	0.01694	0.01150	0.00599	0.00623	0.00190	0.00742	0.00578	0.00317	0.00906
63	0.00913	0.00615	0.00713	0.00723	0.00741	0.00613	0.00439	0.00950	0.00990	0.01323	0.05461	0.04346	0.02544	0.68223	0.02867	0.00559	0.00587	0.06581	0.00408	0.00404
64	0.01213	0.00811	0.01057	0.01135	0.07083	0.00774	0.00771	0.03207	0.06581	0.11528	0.18158	0.25801	0.14883	0.01368	0.00723	0.00217	0.00416	0.02978	0.00609	0.00687
65	0.01588	0.01358	0.01431	0.01276	0.01635	0.01568	0.00996	0.06554	0.69785	0.02669	0.02487	0.02286	0.01862	0.00841	0.00633	0.00210	0.00502	0.00698	0.00633	0.00990
66	0.01439	0.01195	0.01371	0.00993	0.01539	0.00981	0.00799	0.11222	0.01516	0.02290	0.01161	0.01320	0.00942	0.00501	0.00484	0.00105	0.00492	0.00395	0.00404	0.70853
67	0.01133	0.00584	0.00584	0.00584	0.00734	0.00577	0.00438	0.01415	0.01314	0.02280	0.02316	0.02566	0.06394	0.00782	0.00455	0.00150	0.00292	0.00629	0.76193	0.00577
68	0.00906	0.00604	0.00680	0.00680	0.00680	0.00604	0.00378	0.00906	0.00906	0.01208	0.01963	0.04077	0.02265	0.78103	0.03171	0.00604	0.00604	0.00906	0.00378	0.00378
69	0.01363	0.01363	0.01908	0.01636	0.01636	0.01908	0.01363	0.01499	0.00954	0.01499	0.00818	0.01363	0.00818	0.01091	0.02045	0.00273	0.76963	0.00545	0.00273	0.00682
70	0.01292	0.01107	0.01292	0.00923	0.01477	0.00831	0.00738	0.01569	0.01292	0.02030	0.01107	0.01292	0.00923	0.00461	0.00461	0.00092	0.00461	0.00369	0.00369	0.81912
71	0.02327	0.02970	0.01766	0.01605	0.01926	0.75602	0.01204	0.02488	0.01766	0.01525	0.00963	0.01124	0.00803	0.00642	0.00562	0.00161	0.01124	0.00401	0.00321	0.00722
72	0.00837	0.00635	0.00770	0.00737	0.00903	0.00569	0.00552	0.01089	0.01657	0.02246	0.52958	0.05070	0.26966	0.01368	0.00735	0.00200	0.00301	0.01185	0.00653	0.00569
73	0.01666	0.78478	0.03265	0.01066	0.01599	0.02465	0.01066	0.01866	0.01266	0.01466	0.00866	0.00999	0.00800	0.00533	0.00400	0.00133	0.00666	0.00333	0.00267	0.00800
74	0.01302	0.01071	0.01264	0.01142	0.01396	0.05078	0.05491	0.08334	0.15025	0.05088	0.05796	0.31682	0.08742	0.01292	0.00703	0.00216	0.00509	0.01141	0.00565	0.04163

[dist]
# distance from previous block
# <min> <max>
0	1

[block]
# block no. 3 follows, 36 sequences, length 64
# corresponding to MSA columns:
# 150-213
name=unknown_D
#
# <colnr> <probs for GDERKNQSTAVLIFYWHMCP>
#	G	D	E	R	K	N	Q	S	T	A	V	L	I	F	Y	W	H	M	C	P
0	0.05328	0.01155	0.01479	0.01220	0.01531	0.01238	0.06524	0.16722	0.08262	0.12396	0.09499	0.05021	0.01959	0.04101	0.03001	0.00240	0.07145	0.02313	0.10059	0.00807
1	0.82504	0.01205	0.00916	0.00819	0.01205	0.01398	0.00675	0.01832	0.01060	0.02795	0.00868	0.01012	0.00675	0.00578	0.00386	0.00193	0.00482	0.00337	0.00386	0.00675
2	0.02182	0.02305	0.01581	0.01420	0.01736	0.50744	0.01074	0.06642	0.01762	0.11336	0.01507	0.10287	0.01323	0.00821	0.00599	0.00177	0.00911	0.00605	0.02230	0.00759
3	0.00738	0.00627	0.00636	0.00644	0.00845	0.00525	0.00479	0.00893	0.01408	0.01678	0.06161	0.09749	0.70308	0.01598	0.00739	0.00213	0.00318	0.01339	0.00579	0.00525
4	0.01161	0.00581	0.00581	0.00581	0.00726	0.00581	0.00436	0.01452	0.01307	0.02323	0.02033	0.02323	0.01597	0.00726	0.00436	0.00145	0.00290	0.00581	0.81562	0.00581
5	0.00759	0.00542	0.00723	0.00868	0.00904	0.00506	0.00578	0.00868	0.01193	0.01591	0.03434	0.77697	0.04121	0.01952	0.00795	0.00253	0.00361	0.01771	0.00578	0.00506
6	0.01666	0.78478	0.03265	0.01066	0.01599	0.02465	0.01066	0.01866	0.01266	0.01466	0.00866	0.00999	0.00800	0.00533	0.00400	0.00133	0.00666	0.00333	0.00267	0.00800
7	0.00752	0.00636	0.00653	0.00661	0.00868	0.00537	0.00504	0.00917	0.01421	0.01694	0.06136	0.06056	0.69869	0.01586	0.00744	0.00215	0.00331	0.05313	0.00578	0.00529
8	0.00759	0.00542	0.00723	0.00868	0.00904	0.00506	0.00578	0.00868	0.01193	0.01591	0.03434	0.77697	0.04121	0.01952	0.00795	0.00253	0.00361	0.01771	0.00578	0.00506
9	0.01531	0.01469	0.02509	0.06070	0.72059	0.01477	0.01907	0.01902	0.01413	0.02022	0.01170	0.01546	0.00982	0.00557	0.00617	0.00186	0.00743	0.00555	0.00307	0.00978
10	0.01528	0.53506	0.27028	0.01302	0.01963	0.02127	0.01476	0.01901	0.01282	0.01634	0.00950	0.01104	0.00796	0.00553	0.00464	0.00155	0.00751	0.00375	0.00265	0.00840
11	0.01518	0.01424	0.02406	0.03620	0.69588	0.01424	0.01819	0.01883	0.01412	0.02054	0.01226	0.01591	0.01025	0.00566	0.00605	0.00183	0.00712	0.00557	0.05426	0.00961
12	0.01082	0.00541	0.00812	0.00812	0.00812	0.00541	0.00541	0.00812	0.00812	0.01082	0.01082	0.01894	0.01082	0.02165	0.02435	0.81872	0.00541	0.00541	0.00271	0.00271
13	0.02272	0.01697	0.01816	0.01414	0.01896	0.01887	0.01161	0.64065	0.11159	0.03772	0.01618	0.01593	0.01158	0.00759	0.00625	0.00190	0.00663	0.00578	0.00625	0.01051
14	0.02795	0.01060	0.01446	0.01109	0.01591	0.00916	0.00916	0.03036	0.01783	0.74648	0.02458	0.02121	0.01542	0.00771	0.00627	0.00193	0.00530	0.00627	0.00771	0.01060
15	0.00766	0.00548	0.00729	0.00863	0.00905	0.00511	0.00579	0.00885	0.01226	0.01643	0.07534	0.73446	0.04223	0.01913	0.00792	0.00250	0.00358	0.01734	0.00585	0.00511
16	0.00891	0.00664	0.00981	0.00981	0.01085	0.00768	0.00754	0.01100	0.00995	0.01431	0.01687	0.02550	0.01602	0.09297	0.71071	0.00976	0.01602	0.00683	0.00337	0.00545
17	0.01666	0.78478	0.03265	0.01066	0.01599	0.02465	0.01066	0.01866	0.01266	0.01466	0.00866	0.00999	0.00800	0.00533	0.00400	0.00133	0.00666	0.00333	0.00267	0.00800
18	0.00876	0.00637	0.00825	0.00778	0.00927	0.00586	0.00584	0.01165	0.01751	0.02468	0.71327	0.04705	0.08459	0.01285	0.00735	0.00197	0.00295	0.01134	0.00682	0.00586
19	0.01252	0.01148	0.01869	0.71872	0.04143	0.01419	0.01696	0.06035	0.01352	0.01739	0.01132	0.01651	0.00845	0.00631	0.00623	0.00206	0.00821	0.00554	0.00299	0.00715
20	0.01550	0.01338	0.01409	0.01268	0.01620	0.01550	0.00986	0.03311	0.73091	0.02606	0.02536	0.02325	0.01902	0.00845	0.00634	0.00211	0.00493	0.00704	0.00634	0.00986
21	0.00762	0.00632	0.00667	0.00658	0.00857	0.00537	0.00493	0.00944	0.01480	0.01826	0.18171	0.05761	0.62016	0.01525	0.00736	0.00208	0.00312	0.01282	0.00597	0.00537
22	0.00759	0.00542	0.00723	0.00868	0.00904	0.00506	0.00578	0.00868	0.01193	0.01591	0.03434	0.77697	0.04121	0.01952	0.00795	0.00253	0.00361	0.01771	0.00578	0.00506
23	0.00757	0.00551	0.00714	0.00844	0.00897	0.00508	0.00568	0.00870	0.01216	0.01600	0.03724	0.70464	0.11166	0.01914	0.00789	0.00249	0.00357	0.01725	0.00578	0.00508
24	0.02368	0.01745	0.01870	0.01434	0.01932	0.01932	0.01184	0.72139	0.02929	0.03927	0.01496	0.01496	0.01060	0.00748	0.00623	0.00187	0.00686	0.00561	0.00623	0.01060
25	0.00739	0.00620	0.00642	0.00660	0.00849	0.00524	0.00486	0.00891	0.01393	0.01672	0.05963	0.14684	0.65501	0.01623	0.00744	0.00216	0.00321	0.01370	0.00579	0.00524
26	0.01471	0.01681	0.03676	0.02626	0.03256	0.01576	0.71954	0.01996	0.01471	0.01996	0.01261	0.01681	0.00945	0.00525	0.00735	0.00210	0.01050	0.00735	0.00315	0.00840
27	0.02423	0.01658	0.01816	0.01392	0.01888	0.01802	0.01150	0.63293	0.02783	0.12980	0.01619	0.01576	0.01121	0.00751	0.00624	0.00188	0.00666	0.00569	0.00642	0.01060
28	0.00759	0.00542	0.00723	0.00868	0.00904	0.00506	0.00578	0.00868	0.01193	0.01591	0.03434	0.77697	0.04121	0.01952	0.00795	0.00253	0.00361	0.01771	0.00578	0.00506
29	0.00759	0.00542	0.00723	0.00868	0.00904	0.00506	0.00578	0.00868	0.01193	0.01591	0.03434	0.77697	0.04121	0.01952	0.00795	0.00253	0.00361	0.01771	0.00578	0.00506
30	0.57414	0.01280	0.01157	0.00967	0.01386	0.01426	0.00798	0.14388	0.01489	0.12882	0.01197	0.01250	0.00862	0.00635	0.00461	0.00192	0.00524	0.00417	0.00481	0.00796
31	0.01250	0.03223	0.74875	0.01776	0.02697	0.01447	0.02302	0.01973	0.01315	0.01973	0.01118	0.01315	0.00789	0.00592	0.00592	0.00197	0.00921	0.00460	0.00263	0.00921
32	0.01292	0.01107	0.01292	0.00923	0.01477	0.00831	0.00738	0.01569	0.01292	0.02030	0.01107	0.01292	0.00923	0.00461	0.00461	0.00092	0.00461	0.00369	0.00369	0.81912
33	0.02327	0.02970	0.01766	0.01605	0.01926	0.75602	0.01204	0.02488	0.01766	0.01525	0.00963	0.01124	0.00803	0.00642	0.00562	0.00161	0.01124	0.00401	0.00321	0.00722
34	0.01831	0.02124	0.01459	0.01334	0.01634	0.43884	0.01008	0.02335	0.16694	0.01837	0.06701	0.02341	0.12501	0.00867	0.00614	0.00181	0.00816	0.00650	0.00449	0.00739
35	0.01543	0.45029	0.19582	0.03977	0.02069	0.02018	0.06991	0.05861	0.01385	0.01774	0.01097	0.04084	0.00951	0.00615	0.00506	0.00164	0.00751	0.00470	0.00302	0.00831
36	0.02368	0.01745	0.01870	0.01434	0.01932	0.01932	0.01184	0.72139	0.02929	0.03927	0.01496	0.01496	0.01060	0.00748	0.00623	0.00187	0.00686	0.00561	0.00623	0.01060
37	0.01292	0.01107	0.01292	0.00923	0.01477	0.00831	0.00738	0.01569	0.01292	0.02030	0.01107	0.01292	0.00923	0.00461	0.00461	0.00092	0.00461	0.00369	0.00369	0.81912
38	0.00778	0.00555	0.00744	0.00889	0.00933	0.00522	0.00610	0.00900	0.01211	0.01611	0.03424	0.72363	0.04080	0.01935	0.00800	0.00256	0.00377	0.06922	0.00578	0.00511
39	0.02327	0.02970	0.01766	0.01605	0.01926	0.75602	0.01204	0.02488	0.01766	0.01525	0.00963	0.01124	0.00803	0.00642	0.00562	0.00161	0.01124	0.00401	0.00321	0.00722
40	0.01806	0.01241	0.01653	0.01284	0.01743	0.01187	0.09220	0.11879	0.14418	0.19245	0.04300	0.05385	0.03160	0.00766	0.00615	0.00177	0.00570	0.00666	0.00562	0.20125
41	0.01363	0.01398	0.04268	0.01946	0.02389	0.01341	0.39696	0.01974	0.12322	0.04019	0.03438	0.16162	0.01804	0.00890	0.00777	0.00220	0.03850	0.00917	0.00431	0.00796
42	0.02795	0.01060	0.01446	0.01109	0.01591	0.00916	0.00916	0.03036	0.01783	0.74648	0.02458	0.02121	0.01542	0.00771	0.00627	0.00193	0.00530	0.00627	0.00771	0.01060
43	0.02706	0.01204	0.01535	0.01177	0.01662	0.01129	0.00972	0.17535	0.02024	0.59809	0.02256	0.01990	0.01441	0.00766	0.00626	0.00192	0.00563	0.00613	0.00740	0.01060
44	0.03417	0.04661	0.32504	0.01616	0.05162	0.03218	0.08088	0.01816	0.01376	0.06513	0.06977	0.02351	0.01616	0.01239	0.09436	0.00298	0.00891	0.07635	0.00378	0.00806
45	0.00912	0.00690	0.00991	0.01252	0.08487	0.00668	0.00841	0.01100	0.01288	0.01717	0.03163	0.48897	0.03642	0.01741	0.00797	0.00256	0.00463	0.21970	0.00549	0.00575
46	0.01082	0.00541	0.00812	0.00812	0.00812	0.00541	0.00541	0.00812	0.00812	0.01082	0.01082	0.01894	0.01082	0.02165	0.02435	0.81872	0.00541	0.00541	0.00271	0.00271
47	0.01774	0.01604	0.01848	0.01737	0.12316	0.12521	0.05920	0.10627	0.11018	0.07486	0.01415	0.01555	0.01097	0.00663	0.00695	0.00172	0.06662	0.00525	0.00436	0.19927
48	0.01886	0.34951	0.02441	0.03643	0.08253	0.32753	0.01199	0.02095	0.01507	0.01585	0.03785	0.01260	0.01016	0.00612	0.00506	0.00154	0.00854	0.00418	0.00310	0.00773
49	0.01471	0.01636	0.03457	0.02692	0.10994	0.01536	0.61474	0.01970	0.01458	0.02002	0.01245	0.01650	0.00949	0.00526	0.00712	0.00203	0.00993	0.00701	0.00316	0.04015
50	0.01524	0.09069	0.11286	0.01499	0.10484	0.02838	0.01185	0.06168	0.14459	0.08063	0.13884	0.03695	0.02040	0.00780	0.00601	0.00179	0.00583	0.00650	0.00489	0.10524
51	0.06187	0.02125	0.34245	0.03681	0.11732	0.01328	0.11690	0.01986	0.01372	0.10510	0.01436	0.05829	0.01132	0.00806	0.03028	0.00226	0.00835	0.00607	0.00363	0.00880
52	0.00900	0.00668	0.00983	0.00994	0.01102	0.00764	0.00773	0.01114	0.01029	0.01464	0.01809	0.02885	0.01751	0.08595	0.65901	0.00925	0.01526	0.05915	0.00354	0.00548
53	0.01446	0.01382	0.02355	0.23035	0.55760	0.01455	0.01864	0.01828	0.01373	0.01918	0.01155	0.01573	0.00946	0.00573	0.00618	0.00191	0.00764	0.00555	0.00300	0.00909
54	0.01544	0.03657	0.02411	0.05324	0.55368	0.01515	0.04551	0.05981	0.03775	0.02097	0.01303	0.04518	0.01125	0.00649	0.00674	0.00192	0.03420	0.00608	0.00345	0.00942
55	0.01062	0.00932	0.01412	0.06938	0.01565	0.01148	0.04464	0.01268	0.01043	0.01501	0.01547	0.09202	0.01539	0.06418	0.35050	0.00608	0.22624	0.00743	0.00336	0.00602
56	0.00788	0.00564	0.00748	0.00848	0.00910	0.00525	0.00581	0.00939	0.01325	0.01801	0.19746	0.60785	0.04528	0.01795	0.00781	0.00240	0.00346	0.01622	0.00603	0.00525
57	0.01227	0.24655	0.03767	0.03502	0.01434	0.01421	0.00937	0.01611	0.10507	0.01679	0.02091	0.27971	0.02220	0.03459	0.02957	0.00242	0.06612	0.02583	0.00435	0.00689
58	0.01682	0.14828	0.30867	0.01623	0.02293	0.01509	0.13606	0.04380	0.01474	0.16470	0.01474	0.04559	0.01111	0.00666	0.00601	0.00190	0.00793	0.00575	0.00398	0.00903
59	0.01377	0.01820	0.21130	0.01338	0.03976	0.10191	0.01202	0.04382	0.16281	0.01866	0.01692	0.02436	0.01530	0.26460	0.01458	0.00330	0.00737	0.00659	0.00400	0.00736
60	0.00945	0.00743	0.01086	0.01055	0.01147	0.00898	0.00822	0.01145	0.00990	0.01439	0.01589	0.02418	0.01514	0.08536	0.62997	0.00895	0.10222	0.00667	0.00329	0.00560
61	0.06666	0.02088	0.19999	0.08554	0.14139	0.13797	0.03235	0.05396	0.01417	0.01962	0.01064	0.01355	0.00849	0.00664	0.00781	0.00194	0.11492	0.00485	0.00316	0.05547
62	0.01418	0.06470	0.11750	0.13031	0.40383	0.01482	0.08029	0.01838	0.01397	0.01955	0.05376	0.01689	0.01209	0.00607	0.00618	0.00189	0.00773	0.00578	0.00318	0.00890
63	0.06895	0.07983	0.11927	0.01364	0.01742	0.11206	0.01236	0.07351	0.03084	0.14838	0.05774	0.03779	0.01371	0.00832	0.00907	0.00204	0.17672	0.00573	0.00440	0.00821

[dist]
# distance from previous block
# <min> <max>
0	13

# created by:
# /home/cegg/simao/soft/augustus-3.2.1/scripts/msa2prfl.pl ./align_prep/EOG090W0DY7.fa
