[name]
unknown

[dist]
# distance from previous block
# <min> <max>
0	140

[block]
# block no. 0 follows, 34 sequences, length 19
# corresponding to MSA columns:
# 157-175
name=unknown_A
#
# <colnr> <probs for GDERKNQSTAVLIFYWHMCP>
#	G	D	E	R	K	N	Q	S	T	A	V	L	I	F	Y	W	H	M	C	P
0	0.01198	0.00956	0.05221	0.01386	0.05651	0.00844	0.01166	0.01523	0.01501	0.06196	0.03114	0.06324	0.03274	0.01591	0.00848	0.00280	0.00622	0.57061	0.00573	0.00670
1	0.11629	0.01300	0.01479	0.01231	0.01656	0.01362	0.01011	0.18878	0.15705	0.26891	0.02235	0.02534	0.01690	0.00898	0.00649	0.00213	0.00580	0.08414	0.00665	0.00980
2	0.01930	0.55656	0.02927	0.01271	0.01758	0.23855	0.01148	0.02125	0.01466	0.01538	0.00928	0.01074	0.00830	0.00586	0.00464	0.00147	0.00831	0.00366	0.00293	0.00806
3	0.01425	0.01199	0.01386	0.00997	0.01567	0.00948	0.00801	0.06924	0.01469	0.02255	0.01179	0.01356	0.00968	0.00501	0.00491	0.00103	0.00496	0.00398	0.00403	0.75132
4	0.01613	0.02006	0.22194	0.03128	0.46213	0.01484	0.04191	0.02092	0.01472	0.07550	0.01305	0.01585	0.01010	0.00602	0.00637	0.00197	0.00813	0.00560	0.00344	0.01006
5	0.01045	0.00867	0.00846	0.00833	0.01054	0.06242	0.00639	0.01232	0.01532	0.05808	0.09809	0.09755	0.48714	0.01531	0.00759	0.00222	0.00429	0.07483	0.00598	0.00599
6	0.01296	0.03342	0.73944	0.01842	0.02797	0.01501	0.02387	0.02046	0.01364	0.02046	0.01160	0.01364	0.00818	0.00614	0.00614	0.00205	0.00955	0.00477	0.00273	0.00955
7	0.01544	0.02528	0.45670	0.01923	0.08798	0.01385	0.07228	0.02180	0.03484	0.11913	0.05948	0.01777	0.01323	0.00683	0.00643	0.00204	0.00839	0.00582	0.00392	0.00955
8	0.01200	0.01304	0.12396	0.01359	0.04268	0.00961	0.11120	0.03314	0.01601	0.06625	0.20388	0.07892	0.22600	0.01155	0.00729	0.00212	0.00570	0.01028	0.00542	0.00735
9	0.00787	0.00562	0.00750	0.00900	0.00937	0.00525	0.00600	0.00900	0.01237	0.01649	0.03561	0.76871	0.04274	0.02024	0.00825	0.00262	0.00375	0.01837	0.00600	0.00525
10	0.02842	0.01191	0.01556	0.01193	0.01695	0.01085	0.00985	0.11879	0.02002	0.64763	0.02421	0.02116	0.01535	0.00797	0.00649	0.00199	0.00571	0.00641	0.00780	0.01100
11	0.01340	0.01148	0.01340	0.00957	0.01531	0.00861	0.00766	0.01627	0.01340	0.02105	0.01148	0.01340	0.00957	0.00479	0.00479	0.00096	0.00479	0.00383	0.00383	0.81242
12	0.00806	0.00570	0.00744	0.00875	0.00908	0.00538	0.00574	0.00905	0.01200	0.01599	0.03369	0.67719	0.04031	0.11507	0.01135	0.00308	0.00407	0.01724	0.00574	0.00508
13	0.01220	0.01148	0.01938	0.75739	0.04450	0.01436	0.01794	0.01651	0.01292	0.01651	0.01148	0.01723	0.00861	0.00646	0.00646	0.00215	0.00861	0.00574	0.00287	0.00718
14	0.02487	0.04689	0.12261	0.01248	0.01796	0.01113	0.01160	0.02870	0.04652	0.54647	0.02311	0.04567	0.01557	0.00806	0.00641	0.00201	0.00608	0.00655	0.00687	0.01044
15	0.05738	0.01533	0.01693	0.08340	0.02036	0.06400	0.01144	0.33792	0.02267	0.22733	0.01852	0.06465	0.01381	0.00834	0.00644	0.00200	0.00681	0.00658	0.00621	0.00986
16	0.00914	0.00660	0.00864	0.00813	0.00965	0.00610	0.00610	0.01219	0.01829	0.02591	0.72921	0.04827	0.06097	0.01321	0.00762	0.00203	0.00305	0.01169	0.00711	0.00610
17	0.01509	0.01463	0.02578	0.03511	0.57686	0.01446	0.10094	0.01885	0.01454	0.02060	0.01460	0.09123	0.01342	0.00716	0.00673	0.00202	0.00767	0.00724	0.00349	0.00956
18	0.01354	0.03177	0.67030	0.01964	0.07229	0.01520	0.02323	0.04346	0.01427	0.02118	0.01176	0.01385	0.00841	0.00617	0.00617	0.00203	0.00935	0.00487	0.00288	0.00964

[dist]
# distance from previous block
# <min> <max>
0	13

[block]
# block no. 1 follows, 34 sequences, length 41
# corresponding to MSA columns:
# 189-217,219-230
name=unknown_B
#
# <colnr> <probs for GDERKNQSTAVLIFYWHMCP>
#	G	D	E	R	K	N	Q	S	T	A	V	L	I	F	Y	W	H	M	C	P
0	0.01525	0.01743	0.03813	0.02723	0.03377	0.01634	0.70915	0.02070	0.01525	0.02070	0.01307	0.01743	0.00980	0.00545	0.00763	0.00218	0.01089	0.00763	0.00327	0.00871
1	0.81856	0.01250	0.00950	0.00850	0.01250	0.01449	0.00700	0.01899	0.01100	0.02899	0.00900	0.01050	0.00700	0.00600	0.00400	0.00200	0.00500	0.00350	0.00400	0.00700
2	0.01841	0.65334	0.03129	0.01198	0.01715	0.14496	0.01129	0.02042	0.01399	0.01530	0.00915	0.01058	0.00830	0.00572	0.00442	0.00143	0.00769	0.00357	0.00286	0.00816
3	0.00815	0.00586	0.00796	0.00921	0.00975	0.00567	0.00638	0.00954	0.01244	0.01675	0.05847	0.63656	0.04020	0.02312	0.09217	0.00349	0.00533	0.03783	0.00575	0.00536
4	0.00910	0.00660	0.00857	0.00808	0.00962	0.00608	0.00606	0.01210	0.01818	0.02564	0.70822	0.04871	0.08212	0.01331	0.00762	0.00204	0.00306	0.01175	0.00708	0.00608
5	0.01220	0.01148	0.01938	0.75739	0.04450	0.01436	0.01794	0.01651	0.01292	0.01651	0.01148	0.01723	0.00861	0.00646	0.00646	0.00215	0.00861	0.00574	0.00287	0.00718
6	0.01722	0.03894	0.14434	0.02953	0.40415	0.03895	0.06480	0.14082	0.01738	0.02408	0.01256	0.01534	0.00989	0.00617	0.00637	0.00194	0.00821	0.00562	0.00369	0.01002
7	0.00787	0.00562	0.00750	0.00900	0.00937	0.00525	0.00600	0.00900	0.01237	0.01649	0.03561	0.76871	0.04274	0.02024	0.00825	0.00262	0.00375	0.01837	0.00600	0.00525
8	0.01599	0.01535	0.02623	0.03966	0.73262	0.01535	0.01983	0.01983	0.01471	0.02111	0.01215	0.01599	0.01023	0.00576	0.00640	0.00192	0.00768	0.00576	0.00320	0.01023
9	0.02442	0.01549	0.09387	0.01349	0.01883	0.01331	0.03129	0.23681	0.02129	0.38678	0.04253	0.02033	0.01505	0.02718	0.00718	0.00210	0.00652	0.00637	0.00670	0.01044
10	0.01782	0.29682	0.16909	0.01749	0.09803	0.11295	0.04789	0.06613	0.05760	0.04178	0.01213	0.01363	0.00965	0.00623	0.00553	0.00175	0.00818	0.00473	0.00353	0.00904
11	0.69773	0.01375	0.01143	0.01130	0.06398	0.04954	0.00834	0.04238	0.01225	0.02820	0.00948	0.01111	0.00742	0.00607	0.00434	0.00198	0.00557	0.00377	0.00399	0.00738
12	0.02899	0.01100	0.01499	0.01150	0.01649	0.00950	0.00950	0.03149	0.01849	0.73709	0.02549	0.02199	0.01599	0.00800	0.00650	0.00200	0.00550	0.00650	0.00800	0.01100
13	0.01553	0.01222	0.01418	0.01029	0.01592	0.00998	0.00829	0.09741	0.01564	0.06209	0.01271	0.01411	0.01008	0.00530	0.00507	0.00113	0.00509	0.00420	0.00436	0.67640
14	0.01399	0.11793	0.59971	0.01688	0.02547	0.01567	0.02111	0.02048	0.01396	0.04990	0.03889	0.01491	0.01051	0.00641	0.00598	0.00197	0.00883	0.00495	0.00312	0.00933
15	0.00783	0.00607	0.00705	0.00781	0.00898	0.00538	0.00542	0.00914	0.01332	0.01677	0.04853	0.41873	0.35363	0.04911	0.00897	0.00257	0.00364	0.01586	0.00591	0.00529
16	0.01727	0.77681	0.03386	0.01106	0.01658	0.02557	0.01106	0.01935	0.01313	0.01520	0.00898	0.01036	0.00829	0.00553	0.00415	0.00138	0.00691	0.00345	0.00276	0.00829
17	0.00861	0.00656	0.00792	0.00763	0.00934	0.00586	0.00570	0.01115	0.01696	0.02288	0.49230	0.07267	0.28001	0.01444	0.00764	0.00210	0.00314	0.01251	0.00672	0.00586
18	0.01596	0.01545	0.02679	0.03907	0.69942	0.01540	0.05258	0.01987	0.01474	0.02109	0.01220	0.01606	0.01021	0.00574	0.00646	0.00193	0.00783	0.00585	0.00320	0.01016
19	0.01545	0.01485	0.02560	0.08227	0.63216	0.01496	0.04787	0.01936	0.01477	0.02100	0.04072	0.01741	0.01214	0.00608	0.00650	0.00195	0.00768	0.00607	0.00334	0.00982
20	0.02899	0.01100	0.01499	0.01150	0.01649	0.00950	0.00950	0.03149	0.01849	0.73709	0.02549	0.02199	0.01599	0.00800	0.00650	0.00200	0.00550	0.00650	0.00800	0.01100
21	0.00909	0.00660	0.00857	0.00808	0.00962	0.00608	0.00606	0.01210	0.01817	0.02563	0.70691	0.04873	0.08344	0.01332	0.00762	0.00204	0.00306	0.01175	0.00708	0.00608
22	0.02477	0.01168	0.01411	0.01133	0.01557	0.05861	0.00914	0.02790	0.04490	0.53999	0.14520	0.02589	0.02334	0.00883	0.00665	0.00199	0.00548	0.00726	0.00748	0.00989
23	0.01296	0.03342	0.73944	0.01842	0.02797	0.01501	0.02387	0.02046	0.01364	0.02046	0.01160	0.01364	0.00818	0.00614	0.00614	0.00205	0.00955	0.00477	0.00273	0.00955
24	0.00787	0.00562	0.00750	0.00900	0.00937	0.00525	0.00600	0.00900	0.01237	0.01649	0.03561	0.76871	0.04274	0.02024	0.00825	0.00262	0.00375	0.01837	0.00600	0.00525
25	0.01664	0.01658	0.02560	0.03783	0.67611	0.07337	0.01925	0.02030	0.01500	0.02069	0.01198	0.01565	0.01008	0.00583	0.00635	0.00190	0.00799	0.00563	0.00321	0.01002
26	0.01759	0.00986	0.01199	0.01079	0.01346	0.03929	0.00831	0.03705	0.04877	0.28551	0.10554	0.26190	0.05121	0.01301	0.00782	0.00225	0.03500	0.02594	0.00666	0.00803
27	0.01220	0.01148	0.01938	0.75739	0.04450	0.01436	0.01794	0.01651	0.01292	0.01651	0.01148	0.01723	0.00861	0.00646	0.00646	0.00215	0.00861	0.00574	0.00287	0.00718
28	0.01599	0.01535	0.02623	0.03966	0.73262	0.01535	0.01983	0.01983	0.01471	0.02111	0.01215	0.01599	0.01023	0.00576	0.00640	0.00192	0.00768	0.00576	0.00320	0.01023
29	0.01599	0.01535	0.02623	0.03966	0.73262	0.01535	0.01983	0.01983	0.01471	0.02111	0.01215	0.01599	0.01023	0.00576	0.00640	0.00192	0.00768	0.00576	0.00320	0.01023
30	0.00967	0.00706	0.00866	0.03544	0.01129	0.00667	0.00655	0.01259	0.05857	0.05139	0.18739	0.30778	0.24093	0.01590	0.00769	0.00230	0.00380	0.01394	0.00624	0.00612
31	0.00787	0.00562	0.00750	0.00900	0.00937	0.00525	0.00600	0.00900	0.01237	0.01649	0.03561	0.76871	0.04274	0.02024	0.00825	0.00262	0.00375	0.01837	0.00600	0.00525
32	0.01315	0.06643	0.70811	0.01809	0.02746	0.01547	0.02330	0.02041	0.01362	0.02023	0.01148	0.01350	0.00819	0.00611	0.00605	0.00202	0.00943	0.00472	0.00273	0.00949
33	0.01633	0.61381	0.18857	0.01267	0.01908	0.02325	0.01387	0.01959	0.01324	0.01636	0.00956	0.01108	0.00827	0.00566	0.00458	0.00153	0.00749	0.00374	0.00276	0.00857
34	0.01541	0.01476	0.02518	0.14923	0.62757	0.01520	0.01954	0.01932	0.01444	0.02041	0.01205	0.01618	0.00999	0.00586	0.00641	0.00195	0.00782	0.00575	0.00315	0.00977
35	0.01296	0.03342	0.73944	0.01842	0.02797	0.01501	0.02387	0.02046	0.01364	0.02046	0.01160	0.01364	0.00818	0.00614	0.00614	0.00205	0.00955	0.00477	0.00273	0.00955
36	0.00793	0.00575	0.00751	0.00889	0.00944	0.00533	0.00604	0.00914	0.01263	0.01665	0.03792	0.69309	0.09675	0.01987	0.00822	0.00260	0.00377	0.03721	0.00600	0.00528
37	0.02296	0.01886	0.11698	0.01519	0.02091	0.01740	0.03843	0.45645	0.05637	0.14515	0.01693	0.01672	0.01173	0.00754	0.00647	0.00198	0.00724	0.00591	0.00609	0.01068
38	0.00808	0.00574	0.00759	0.00899	0.00938	0.00540	0.00604	0.00920	0.01228	0.01635	0.03455	0.69233	0.04124	0.06995	0.00991	0.00288	0.00400	0.04507	0.00586	0.00519
39	0.02116	0.01218	0.01428	0.01168	0.01581	0.01231	0.00940	0.16400	0.17546	0.30001	0.07996	0.02805	0.10745	0.00953	0.00673	0.00205	0.00528	0.00780	0.00706	0.00978
40	0.01512	0.01297	0.03449	0.01111	0.01691	0.01029	0.03657	0.08786	0.01538	0.04683	0.01243	0.01407	0.00990	0.00526	0.00516	0.00117	0.00542	0.00430	0.00418	0.65060

[dist]
# distance from previous block
# <min> <max>
2	3

[block]
# block no. 2 follows, 34 sequences, length 21
# corresponding to MSA columns:
# 234-254
name=unknown_C
#
# <colnr> <probs for GDERKNQSTAVLIFYWHMCP>
#	G	D	E	R	K	N	Q	S	T	A	V	L	I	F	Y	W	H	M	C	P
0	0.01685	0.01379	0.01471	0.01290	0.01654	0.01558	0.01010	0.17567	0.48516	0.02867	0.02631	0.08794	0.04725	0.00983	0.00674	0.00217	0.00535	0.00819	0.00648	0.00978
1	0.00940	0.00626	0.00705	0.00705	0.00705	0.00626	0.00392	0.00940	0.00940	0.01253	0.02036	0.04228	0.02349	0.77292	0.03289	0.00626	0.00626	0.00940	0.00392	0.00392
2	0.01727	0.77681	0.03386	0.01106	0.01658	0.02557	0.01106	0.01935	0.01313	0.01520	0.00898	0.01036	0.00829	0.00553	0.00415	0.00138	0.00691	0.00345	0.00276	0.00829
3	0.01244	0.01172	0.01980	0.71292	0.08714	0.01442	0.01806	0.01671	0.01303	0.01679	0.01153	0.01715	0.00871	0.00642	0.00646	0.00214	0.00856	0.00574	0.00289	0.00737
4	0.02718	0.01324	0.01630	0.01257	0.01757	0.01291	0.01036	0.23599	0.04789	0.50154	0.02252	0.02012	0.01463	0.00795	0.00649	0.00199	0.00597	0.00632	0.00748	0.01097
5	0.01460	0.01393	0.02371	0.30308	0.48007	0.01499	0.01914	0.01861	0.01405	0.01942	0.01191	0.01644	0.00964	0.00602	0.00642	0.00201	0.00802	0.00575	0.00308	0.00911
6	0.01041	0.00744	0.01041	0.01190	0.01339	0.00744	0.01041	0.01339	0.01487	0.01934	0.03421	0.07288	0.03719	0.01785	0.00892	0.00297	0.00595	0.68913	0.00595	0.00595
7	0.01296	0.03342	0.73944	0.01842	0.02797	0.01501	0.02387	0.02046	0.01364	0.02046	0.01160	0.01364	0.00818	0.00614	0.00614	0.00205	0.00955	0.00477	0.00273	0.00955
8	0.01727	0.77681	0.03386	0.01106	0.01658	0.02557	0.01106	0.01935	0.01313	0.01520	0.00898	0.01036	0.00829	0.00553	0.00415	0.00138	0.00691	0.00345	0.00276	0.00829
9	0.00793	0.00567	0.00755	0.00896	0.00938	0.00529	0.00600	0.00914	0.01264	0.01691	0.06659	0.73653	0.04355	0.01993	0.00822	0.00260	0.00372	0.01807	0.00605	0.00529
10	0.00785	0.00572	0.00740	0.00875	0.00931	0.00527	0.00589	0.00902	0.01261	0.01659	0.03859	0.69813	0.11139	0.01986	0.00819	0.00258	0.00370	0.01790	0.00600	0.00527
11	0.01583	0.01518	0.02593	0.07117	0.70240	0.01531	0.01975	0.01968	0.01463	0.02091	0.01212	0.01605	0.01016	0.00579	0.00640	0.00193	0.00772	0.00576	0.00318	0.01010
12	0.01220	0.01148	0.01938	0.75739	0.04450	0.01436	0.01794	0.01651	0.01292	0.01651	0.01148	0.01723	0.00861	0.00646	0.00646	0.00215	0.00861	0.00574	0.00287	0.00718
13	0.01220	0.01148	0.01938	0.75739	0.04450	0.01436	0.01794	0.01651	0.01292	0.01651	0.01148	0.01723	0.00861	0.00646	0.00646	0.00215	0.00861	0.00574	0.00287	0.00718
14	0.00936	0.00631	0.00725	0.00719	0.00739	0.00624	0.00420	0.00976	0.01056	0.01428	0.11288	0.04306	0.02838	0.67377	0.02959	0.00571	0.00584	0.00970	0.00433	0.00420
15	0.01042	0.10686	0.01068	0.00770	0.00847	0.00886	0.00501	0.01078	0.00992	0.01298	0.01875	0.03744	0.02121	0.64362	0.05788	0.00579	0.00679	0.00852	0.00375	0.00456
16	0.01104	0.00971	0.01021	0.01017	0.01125	0.10367	0.00735	0.01259	0.01167	0.01503	0.04063	0.12171	0.02155	0.21012	0.36622	0.00704	0.01182	0.00873	0.00398	0.00550
17	0.01823	0.67778	0.03197	0.01155	0.01703	0.02484	0.01122	0.10963	0.01538	0.01853	0.00984	0.01104	0.00864	0.00582	0.00445	0.00145	0.00694	0.00376	0.00325	0.00864
18	0.01419	0.01580	0.03287	0.02390	0.02946	0.01513	0.57416	0.01889	0.01485	0.01996	0.01962	0.02307	0.10372	0.00723	0.00847	0.00222	0.05639	0.00829	0.00360	0.00819
19	0.02456	0.01810	0.01939	0.01487	0.02004	0.02004	0.01228	0.71107	0.03038	0.04072	0.01551	0.01551	0.01099	0.00776	0.00646	0.00194	0.00711	0.00582	0.00646	0.01099
20	0.00937	0.00635	0.00748	0.00748	0.00763	0.00650	0.00446	0.00968	0.00953	0.01285	0.01996	0.04008	0.02253	0.67837	0.12613	0.00680	0.00771	0.00907	0.00386	0.00416

[dist]
# distance from previous block
# <min> <max>
0	4

[block]
# block no. 3 follows, 34 sequences, length 215
# corresponding to MSA columns:
# 259-282,284-342,345-355,382-415,417-434,437-505
name=unknown_D
#
# <colnr> <probs for GDERKNQSTAVLIFYWHMCP>
#	G	D	E	R	K	N	Q	S	T	A	V	L	I	F	Y	W	H	M	C	P
0	0.79516	0.01231	0.00940	0.00843	0.01235	0.01425	0.00693	0.01888	0.01107	0.02885	0.00935	0.01089	0.00728	0.00604	0.00401	0.00198	0.00494	0.00357	0.02736	0.00697
1	0.00772	0.00655	0.00665	0.00663	0.00878	0.00549	0.00497	0.00943	0.01491	0.01790	0.10006	0.06146	0.69511	0.01620	0.00764	0.00217	0.00326	0.01353	0.00606	0.00549
2	0.01644	0.01406	0.01482	0.01322	0.01694	0.01624	0.01032	0.06393	0.69075	0.02763	0.02583	0.02373	0.01934	0.00872	0.00657	0.00218	0.00520	0.00724	0.00657	0.01026
3	0.81856	0.01250	0.00950	0.00850	0.01250	0.01449	0.00700	0.01899	0.01100	0.02899	0.00900	0.01050	0.00700	0.00600	0.00400	0.00200	0.00500	0.00350	0.00400	0.00700
4	0.01525	0.01743	0.03813	0.02723	0.03377	0.01634	0.70915	0.02070	0.01525	0.02070	0.01307	0.01743	0.00980	0.00545	0.00763	0.00218	0.01089	0.00763	0.00327	0.00871
5	0.00930	0.00664	0.00894	0.00894	0.00959	0.00729	0.00627	0.01061	0.00996	0.01393	0.01863	0.03272	0.01934	0.36287	0.43726	0.00860	0.01251	0.00800	0.00366	0.00496
6	0.01727	0.77681	0.03386	0.01106	0.01658	0.02557	0.01106	0.01935	0.01313	0.01520	0.00898	0.01036	0.00829	0.00553	0.00415	0.00138	0.00691	0.00345	0.00276	0.00829
7	0.00938	0.00632	0.00731	0.00731	0.00740	0.00641	0.00424	0.00956	0.00947	0.01272	0.02012	0.04097	0.02292	0.71655	0.08848	0.00658	0.00712	0.00920	0.00388	0.00406
8	0.81856	0.01250	0.00950	0.00850	0.01250	0.01449	0.00700	0.01899	0.01100	0.02899	0.00900	0.01050	0.00700	0.00600	0.00400	0.00200	0.00500	0.00350	0.00400	0.00700
9	0.01340	0.01148	0.01340	0.00957	0.01531	0.00861	0.00766	0.01627	0.01340	0.02105	0.01148	0.01340	0.00957	0.00479	0.00479	0.00096	0.00479	0.00383	0.00383	0.81242
10	0.01041	0.00744	0.01041	0.01190	0.01339	0.00744	0.01041	0.01339	0.01487	0.01934	0.03421	0.07288	0.03719	0.01785	0.00892	0.00297	0.00595	0.68913	0.00595	0.00595
11	0.81856	0.01250	0.00950	0.00850	0.01250	0.01449	0.00700	0.01899	0.01100	0.02899	0.00900	0.01050	0.00700	0.00600	0.00400	0.00200	0.00500	0.00350	0.00400	0.00700
12	0.01204	0.00602	0.00602	0.00602	0.00753	0.00602	0.00452	0.01506	0.01355	0.02409	0.02108	0.02409	0.01656	0.00753	0.00452	0.00151	0.00301	0.00602	0.80879	0.00602
13	0.02780	0.01119	0.01499	0.01169	0.01652	0.00994	0.00969	0.06617	0.01893	0.66377	0.02542	0.02426	0.01682	0.00849	0.00662	0.00205	0.00561	0.04150	0.00781	0.01074
14	0.00843	0.00590	0.00754	0.00864	0.00898	0.00565	0.00569	0.00936	0.01172	0.01560	0.03144	0.53387	0.03726	0.22183	0.01489	0.00362	0.00455	0.05466	0.00544	0.00493
15	0.01599	0.01535	0.02623	0.03966	0.73262	0.01535	0.01983	0.01983	0.01471	0.02111	0.01215	0.01599	0.01023	0.00576	0.00640	0.00192	0.00768	0.00576	0.00320	0.01023
16	0.02434	0.01454	0.01671	0.01324	0.01801	0.01526	0.01080	0.31018	0.17790	0.29594	0.02159	0.01981	0.01477	0.00807	0.00650	0.00202	0.00607	0.00640	0.00706	0.01082
17	0.02414	0.03079	0.01831	0.01665	0.01998	0.74698	0.01248	0.02580	0.01831	0.01581	0.00999	0.01165	0.00832	0.00666	0.00583	0.00166	0.01165	0.00416	0.00333	0.00749
18	0.00858	0.00646	0.00802	0.00899	0.01026	0.00598	0.00687	0.01037	0.01377	0.01751	0.04436	0.31861	0.26155	0.04011	0.00896	0.00269	0.00431	0.21119	0.00592	0.00548
19	0.00783	0.00580	0.00731	0.00852	0.00925	0.00529	0.00578	0.00905	0.01283	0.01668	0.04146	0.63017	0.17749	0.01948	0.00813	0.00254	0.00366	0.01744	0.00600	0.00529
20	0.04394	0.02329	0.01984	0.01653	0.02050	0.37375	0.07346	0.18979	0.04865	0.06239	0.01297	0.01428	0.00995	0.00724	0.00711	0.00190	0.05608	0.00519	0.00445	0.00870
21	0.01588	0.00986	0.01182	0.01095	0.01333	0.02999	0.00827	0.03976	0.13606	0.19996	0.06557	0.30496	0.02869	0.03429	0.02895	0.00263	0.03345	0.01136	0.00635	0.00786
22	0.01122	0.00561	0.00842	0.00842	0.00842	0.00561	0.00561	0.00842	0.00842	0.01122	0.01122	0.01964	0.01122	0.02245	0.02525	0.81201	0.00561	0.00561	0.00281	0.00281
23	0.01233	0.01162	0.01961	0.73285	0.06803	0.01439	0.01801	0.01662	0.01298	0.01667	0.01151	0.01718	0.00867	0.00644	0.00646	0.00215	0.00858	0.00574	0.00288	0.00728
24	0.01999	0.02038	0.02653	0.02329	0.13498	0.18613	0.24896	0.21236	0.02005	0.02516	0.01289	0.01534	0.00986	0.00641	0.00670	0.00195	0.00953	0.00604	0.00415	0.00929
25	0.00938	0.00634	0.00744	0.00744	0.00757	0.00647	0.00440	0.00965	0.00951	0.01282	0.02000	0.04032	0.02264	0.68872	0.11592	0.00674	0.00755	0.00911	0.00386	0.00413
26	0.00940	0.00626	0.00705	0.00705	0.00705	0.00626	0.00392	0.00940	0.00940	0.01253	0.02036	0.04228	0.02349	0.77292	0.03289	0.00626	0.00626	0.00940	0.00392	0.00392
27	0.01104	0.00774	0.00927	0.00842	0.01060	0.00722	0.00645	0.06812	0.01829	0.06356	0.45231	0.04803	0.23765	0.01335	0.00747	0.00206	0.00357	0.01147	0.00680	0.00658
28	0.00785	0.00569	0.00742	0.00881	0.00932	0.00526	0.00591	0.00902	0.01255	0.01657	0.03793	0.71373	0.09621	0.01994	0.00820	0.00259	0.00371	0.01800	0.00600	0.00526
29	0.01318	0.03189	0.67219	0.01926	0.02852	0.01513	0.08959	0.02048	0.01380	0.02048	0.01174	0.01400	0.00834	0.00607	0.00628	0.00206	0.00968	0.00505	0.00278	0.00947
30	0.01296	0.03342	0.73944	0.01842	0.02797	0.01501	0.02387	0.02046	0.01364	0.02046	0.01160	0.01364	0.00818	0.00614	0.00614	0.00205	0.00955	0.00477	0.00273	0.00955
31	0.04836	0.01816	0.03559	0.02574	0.03195	0.06719	0.63219	0.02098	0.01529	0.02069	0.01269	0.01675	0.00959	0.00555	0.00735	0.00214	0.01071	0.00722	0.00330	0.00856
32	0.01041	0.00744	0.01041	0.01190	0.01339	0.00744	0.01041	0.01339	0.01487	0.01934	0.03421	0.07288	0.03719	0.01785	0.00892	0.00297	0.00595	0.68913	0.00595	0.00595
33	0.00917	0.00659	0.00842	0.00945	0.01020	0.00640	0.00649	0.06363	0.01377	0.01838	0.03405	0.71010	0.04026	0.01927	0.00811	0.00257	0.00401	0.01739	0.00603	0.00569
34	0.01296	0.03342	0.73944	0.01842	0.02797	0.01501	0.02387	0.02046	0.01364	0.02046	0.01160	0.01364	0.00818	0.00614	0.00614	0.00205	0.00955	0.00477	0.00273	0.00955
35	0.00914	0.00660	0.00864	0.00813	0.00965	0.00610	0.00610	0.01219	0.01829	0.02591	0.72921	0.04827	0.06097	0.01321	0.00762	0.00203	0.00305	0.01169	0.00711	0.00610
36	0.01697	0.72361	0.08436	0.01158	0.01740	0.02481	0.01197	0.01943	0.01317	0.01558	0.00917	0.01060	0.00828	0.00557	0.00429	0.00143	0.00710	0.00355	0.00276	0.00838
37	0.01204	0.00602	0.00602	0.00602	0.00753	0.00602	0.00452	0.01506	0.01355	0.02409	0.02108	0.02409	0.01656	0.00753	0.00452	0.00151	0.00301	0.00602	0.80879	0.00602
38	0.02478	0.01775	0.01917	0.01470	0.01986	0.01951	0.01214	0.67734	0.02979	0.07529	0.01601	0.01583	0.01124	0.00777	0.00647	0.00194	0.00703	0.00585	0.00654	0.01099
39	0.00836	0.00670	0.00697	0.00689	0.00911	0.00565	0.00523	0.01012	0.01498	0.03776	0.09034	0.06080	0.66431	0.01605	0.00764	0.00219	0.00340	0.03176	0.00610	0.00565
40	0.00787	0.00562	0.00750	0.00900	0.00937	0.00525	0.00600	0.00900	0.01237	0.01649	0.03561	0.76871	0.04274	0.02024	0.00825	0.00262	0.00375	0.01837	0.00600	0.00525
41	0.01607	0.01388	0.01461	0.01315	0.01680	0.01607	0.01023	0.03433	0.72094	0.02703	0.02630	0.02411	0.01972	0.00877	0.00657	0.00219	0.00511	0.00731	0.00657	0.01023
42	0.01340	0.01148	0.01340	0.00957	0.01531	0.00861	0.00766	0.01627	0.01340	0.02105	0.01148	0.01340	0.00957	0.00479	0.00479	0.00096	0.00479	0.00383	0.00383	0.81242
43	0.01296	0.03342	0.73944	0.01842	0.02797	0.01501	0.02387	0.02046	0.01364	0.02046	0.01160	0.01364	0.00818	0.00614	0.00614	0.00205	0.00955	0.00477	0.00273	0.00955
44	0.01370	0.01166	0.01356	0.00971	0.01544	0.00892	0.00778	0.03492	0.01385	0.02158	0.01159	0.01346	0.00961	0.00486	0.00483	0.00098	0.00485	0.00388	0.00390	0.79091
45	0.00914	0.00660	0.00864	0.00813	0.00965	0.00610	0.00610	0.01219	0.01829	0.02591	0.72921	0.04827	0.06097	0.01321	0.00762	0.00203	0.00305	0.01169	0.00711	0.00610
46	0.00787	0.00562	0.00750	0.00900	0.00937	0.00525	0.00600	0.00900	0.01237	0.01649	0.03561	0.76871	0.04274	0.02024	0.00825	0.00262	0.00375	0.01837	0.00600	0.00525
47	0.01596	0.01544	0.02675	0.03912	0.70206	0.01540	0.04997	0.01987	0.01474	0.02109	0.01219	0.01605	0.01022	0.00574	0.00645	0.00193	0.00782	0.00584	0.00320	0.01017
48	0.02769	0.01129	0.01496	0.01166	0.01653	0.01016	0.00957	0.03178	0.08942	0.66540	0.02557	0.02221	0.01637	0.00807	0.00651	0.00202	0.00546	0.00658	0.00785	0.01092
49	0.02456	0.01810	0.01939	0.01487	0.02004	0.02004	0.01228	0.71107	0.03038	0.04072	0.01551	0.01551	0.01099	0.00776	0.00646	0.00194	0.00711	0.00582	0.00646	0.01099
50	0.81856	0.01250	0.00950	0.00850	0.01250	0.01449	0.00700	0.01899	0.01100	0.02899	0.00900	0.01050	0.00700	0.00600	0.00400	0.00200	0.00500	0.00350	0.00400	0.00700
51	0.01414	0.01414	0.01979	0.01696	0.01696	0.01979	0.01414	0.01555	0.00990	0.01555	0.00848	0.01414	0.00848	0.01131	0.02120	0.00283	0.76110	0.00565	0.00283	0.00707
52	0.00914	0.00660	0.00864	0.00813	0.00965	0.00610	0.00610	0.01219	0.01829	0.02591	0.72921	0.04827	0.06097	0.01321	0.00762	0.00203	0.00305	0.01169	0.00711	0.00610
53	0.01529	0.43433	0.35893	0.01445	0.02183	0.02070	0.01696	0.01986	0.01337	0.01763	0.01019	0.01187	0.00824	0.00581	0.00506	0.00169	0.00813	0.00406	0.00275	0.00887
54	0.01239	0.01168	0.01972	0.72176	0.07866	0.01440	0.01804	0.01667	0.01301	0.01674	0.01152	0.01717	0.00869	0.00643	0.00646	0.00214	0.00857	0.00574	0.00289	0.00733
55	0.00940	0.00626	0.00705	0.00705	0.00705	0.00626	0.00392	0.00940	0.00940	0.01253	0.02036	0.04228	0.02349	0.77292	0.03289	0.00626	0.00626	0.00940	0.00392	0.00392
56	0.02899	0.01100	0.01499	0.01150	0.01649	0.00950	0.00950	0.03149	0.01849	0.73709	0.02549	0.02199	0.01599	0.00800	0.00650	0.00200	0.00550	0.00650	0.00800	0.01100
57	0.01727	0.77681	0.03386	0.01106	0.01658	0.02557	0.01106	0.01935	0.01313	0.01520	0.00898	0.01036	0.00829	0.00553	0.00415	0.00138	0.00691	0.00345	0.00276	0.00829
58	0.00794	0.00569	0.00764	0.00907	0.00948	0.00539	0.00610	0.00912	0.01227	0.01642	0.03470	0.73181	0.04142	0.02164	0.04493	0.00301	0.00442	0.01780	0.00587	0.00527
59	0.01041	0.00744	0.01041	0.01190	0.01339	0.00744	0.01041	0.01339	0.01487	0.01934	0.03421	0.07288	0.03719	0.01785	0.00892	0.00297	0.00595	0.68913	0.00595	0.00595
60	0.01012	0.00768	0.00946	0.00882	0.01068	0.00755	0.00667	0.01537	0.12175	0.02583	0.60638	0.04511	0.07427	0.01265	0.00747	0.00206	0.00336	0.01110	0.00700	0.00669
61	0.01599	0.01535	0.02623	0.03966	0.73262	0.01535	0.01983	0.01983	0.01471	0.02111	0.01215	0.01599	0.01023	0.00576	0.00640	0.00192	0.00768	0.00576	0.00320	0.01023
62	0.01727	0.77681	0.03386	0.01106	0.01658	0.02557	0.01106	0.01935	0.01313	0.01520	0.00898	0.01036	0.00829	0.00553	0.00415	0.00138	0.00691	0.00345	0.00276	0.00829
63	0.01026	0.00767	0.00942	0.00881	0.01069	0.00744	0.00671	0.04923	0.06544	0.02550	0.54389	0.06920	0.11417	0.01327	0.00755	0.00210	0.00352	0.03172	0.00687	0.00654
64	0.03617	0.01466	0.04298	0.03427	0.60289	0.01415	0.01786	0.01886	0.01504	0.02191	0.10288	0.01987	0.01652	0.00672	0.00648	0.00194	0.00707	0.00642	0.00370	0.00961
65	0.01964	0.01877	0.01642	0.01432	0.01819	0.19325	0.01116	0.16174	0.41924	0.02694	0.02030	0.01946	0.01530	0.00806	0.00637	0.00202	0.00707	0.00626	0.00577	0.00971
66	0.81856	0.01250	0.00950	0.00850	0.01250	0.01449	0.00700	0.01899	0.01100	0.02899	0.00900	0.01050	0.00700	0.00600	0.00400	0.00200	0.00500	0.00350	0.00400	0.00700
67	0.01329	0.03334	0.71782	0.01836	0.02773	0.03696	0.02353	0.02062	0.01378	0.02032	0.01155	0.01358	0.00819	0.00615	0.00613	0.00203	0.00961	0.00476	0.00275	0.00949
68	0.01204	0.00602	0.00602	0.00602	0.00753	0.00602	0.00452	0.01506	0.01355	0.02409	0.02108	0.02409	0.01656	0.00753	0.00452	0.00151	0.00301	0.00602	0.80879	0.00602
69	0.00940	0.00626	0.00705	0.00705	0.00705	0.00626	0.00392	0.00940	0.00940	0.01253	0.02036	0.04228	0.02349	0.77292	0.03289	0.00626	0.00626	0.00940	0.00392	0.00392
70	0.01220	0.01148	0.01938	0.75739	0.04450	0.01436	0.01794	0.01651	0.01292	0.01651	0.01148	0.01723	0.00861	0.00646	0.00646	0.00215	0.00861	0.00574	0.00287	0.00718
71	0.00787	0.00562	0.00750	0.00900	0.00937	0.00525	0.00600	0.00900	0.01237	0.01649	0.03561	0.76871	0.04274	0.02024	0.00825	0.00262	0.00375	0.01837	0.00600	0.00525
72	0.01727	0.77681	0.03386	0.01106	0.01658	0.02557	0.01106	0.01935	0.01313	0.01520	0.00898	0.01036	0.00829	0.00553	0.00415	0.00138	0.00691	0.00345	0.00276	0.00829
73	0.01414	0.01414	0.01979	0.01696	0.01696	0.01979	0.01414	0.01555	0.00990	0.01555	0.00848	0.01414	0.00848	0.01131	0.02120	0.00283	0.76110	0.00565	0.00283	0.00707
74	0.00791	0.00568	0.00745	0.00885	0.00928	0.00529	0.00590	0.00902	0.01237	0.01642	0.03629	0.72126	0.06786	0.04190	0.00894	0.00271	0.00380	0.01793	0.00594	0.00522
75	0.00764	0.00655	0.00655	0.00655	0.00873	0.00545	0.00491	0.00927	0.01473	0.01745	0.06546	0.06218	0.73000	0.01636	0.00764	0.00218	0.00327	0.01364	0.00600	0.00545
76	0.01599	0.01535	0.02623	0.03966	0.73262	0.01535	0.01983	0.01983	0.01471	0.02111	0.01215	0.01599	0.01023	0.00576	0.00640	0.00192	0.00768	0.00576	0.00320	0.01023
77	0.07807	0.01567	0.01744	0.01375	0.01852	0.14315	0.06728	0.07730	0.01856	0.45359	0.01991	0.01856	0.01317	0.00740	0.00630	0.00195	0.00712	0.00593	0.00641	0.00992
78	0.01802	0.01385	0.01879	0.01568	0.01714	0.01775	0.01304	0.07927	0.01340	0.16242	0.01250	0.01583	0.01021	0.01034	0.01697	0.00258	0.54398	0.00584	0.00418	0.00820
79	0.00787	0.00562	0.00750	0.00900	0.00937	0.00525	0.00600	0.00900	0.01237	0.01649	0.03561	0.76871	0.04274	0.02024	0.00825	0.00262	0.00375	0.01837	0.00600	0.00525
80	0.01365	0.03250	0.67246	0.01926	0.05838	0.05136	0.02313	0.02070	0.01392	0.02026	0.01154	0.01365	0.00828	0.00615	0.00613	0.00202	0.00957	0.00479	0.00278	0.00948
81	0.01599	0.01531	0.02589	0.03888	0.71168	0.01537	0.01955	0.02025	0.03537	0.02128	0.01257	0.01623	0.01051	0.00585	0.00640	0.00193	0.00760	0.00580	0.00330	0.01023
82	0.00845	0.00658	0.00881	0.00893	0.01028	0.00597	0.03420	0.01038	0.01460	0.01937	0.22450	0.38157	0.20859	0.01687	0.00791	0.00235	0.00374	0.01506	0.00618	0.00566
83	0.02202	0.01222	0.01531	0.01403	0.08431	0.01198	0.01027	0.20415	0.02028	0.31784	0.02649	0.02635	0.10428	0.00901	0.00653	0.00199	0.00566	0.02617	0.07142	0.00968
84	0.05353	0.01373	0.01703	0.03463	0.11403	0.03374	0.01148	0.21023	0.02049	0.33034	0.03996	0.01948	0.01448	0.00761	0.00629	0.00194	0.00626	0.00615	0.04846	0.01014
85	0.01941	0.47141	0.12991	0.01250	0.01842	0.04183	0.01267	0.04791	0.01504	0.15747	0.01284	0.01333	0.00988	0.00621	0.00502	0.00163	0.00716	0.00434	0.00393	0.00908
86	0.01599	0.01535	0.02623	0.03966	0.73262	0.01535	0.01983	0.01983	0.01471	0.02111	0.01215	0.01599	0.01023	0.00576	0.00640	0.00192	0.00768	0.00576	0.00320	0.01023
87	0.04723	0.14539	0.04427	0.04713	0.40281	0.12554	0.01631	0.02134	0.05422	0.01982	0.01194	0.01462	0.00994	0.00606	0.00585	0.00182	0.00797	0.00511	0.00334	0.00928
88	0.02041	0.01265	0.01452	0.01238	0.01647	0.01345	0.00982	0.03263	0.45234	0.27834	0.02711	0.02442	0.03824	0.00871	0.00658	0.00212	0.00520	0.00720	0.00706	0.01037
89	0.04087	0.08031	0.03907	0.01553	0.08601	0.06723	0.01163	0.08521	0.31632	0.12123	0.01968	0.01908	0.01462	0.00752	0.00611	0.00194	0.00630	0.00603	0.00556	0.04975
90	0.01788	0.06075	0.21158	0.01718	0.04045	0.03551	0.16642	0.04285	0.01573	0.18124	0.01706	0.01814	0.03547	0.00669	0.00632	0.00190	0.00790	0.00600	0.02634	0.08459
91	0.03921	0.11947	0.40785	0.01717	0.04575	0.10479	0.03648	0.06080	0.01547	0.07713	0.01238	0.01385	0.00906	0.00633	0.00589	0.00191	0.00888	0.00480	0.00350	0.00927
92	0.01051	0.00824	0.00968	0.00973	0.01138	0.00852	0.00706	0.01686	0.21148	0.02158	0.20017	0.31986	0.07802	0.04558	0.00859	0.00248	0.00404	0.01306	0.00634	0.00680
93	0.01537	0.01461	0.02485	0.21910	0.48958	0.01536	0.05665	0.04926	0.01497	0.02078	0.01218	0.01636	0.00983	0.00600	0.00648	0.00199	0.00806	0.00586	0.00326	0.00941
94	0.02040	0.19330	0.20032	0.06664	0.04087	0.01596	0.01454	0.08296	0.01658	0.26342	0.01604	0.01619	0.01118	0.00678	0.00586	0.00187	0.00725	0.00524	0.00486	0.00973
95	0.01353	0.07404	0.62345	0.02025	0.10203	0.01565	0.02271	0.02033	0.01373	0.02023	0.01151	0.01370	0.00841	0.00606	0.00605	0.00199	0.00920	0.00480	0.00278	0.00955
96	0.01134	0.00612	0.00620	0.00618	0.00777	0.00595	0.00463	0.01417	0.01390	0.02328	0.05563	0.03014	0.11343	0.00894	0.00506	0.00162	0.00305	0.00727	0.66939	0.00595
97	0.01675	0.02216	0.30968	0.10150	0.10733	0.03493	0.09630	0.04258	0.05351	0.13055	0.01480	0.01657	0.01055	0.00654	0.00645	0.00205	0.00851	0.00573	0.00400	0.00951
98	0.01735	0.73155	0.05519	0.01145	0.01704	0.04681	0.01149	0.01958	0.01330	0.01538	0.00909	0.01050	0.00829	0.00558	0.00426	0.00141	0.00713	0.00352	0.00278	0.00831
99	0.00764	0.00655	0.00655	0.00655	0.00873	0.00545	0.00491	0.00927	0.01473	0.01745	0.06546	0.06218	0.73000	0.01636	0.00764	0.00218	0.00327	0.01364	0.00600	0.00545
100	0.00870	0.00641	0.00760	0.00757	0.00915	0.00577	0.00557	0.01102	0.01597	0.02174	0.36546	0.14704	0.27529	0.01476	0.00748	0.00212	0.00321	0.01279	0.06658	0.00577
101	0.00874	0.00689	0.00791	0.00760	0.00953	0.00623	0.00572	0.01178	0.04733	0.02197	0.38495	0.05378	0.37518	0.01451	0.00758	0.00211	0.00324	0.01242	0.00656	0.00597
102	0.01536	0.01470	0.02508	0.16015	0.61710	0.01518	0.01951	0.01927	0.01441	0.02034	0.01204	0.01620	0.00996	0.00588	0.00641	0.00196	0.00783	0.00575	0.00314	0.00972
103	0.00787	0.00562	0.00750	0.00900	0.00937	0.00525	0.00600	0.00900	0.01237	0.01649	0.03561	0.76871	0.04274	0.02024	0.00825	0.00262	0.00375	0.01837	0.00600	0.00525
104	0.01727	0.77681	0.03386	0.01106	0.01658	0.02557	0.01106	0.01935	0.01313	0.01520	0.00898	0.01036	0.00829	0.00553	0.00415	0.00138	0.00691	0.00345	0.00276	0.00829
105	0.81856	0.01250	0.00950	0.00850	0.01250	0.01449	0.00700	0.01899	0.01100	0.02899	0.00900	0.01050	0.00700	0.00600	0.00400	0.00200	0.00500	0.00350	0.00400	0.00700
106	0.01024	0.00732	0.01025	0.01170	0.01312	0.00734	0.01011	0.01310	0.01462	0.01906	0.03383	0.10957	0.03692	0.01881	0.02896	0.00316	0.00614	0.63397	0.00588	0.00591
107	0.01924	0.01976	0.01646	0.01518	0.03882	0.25758	0.01137	0.07180	0.42696	0.02398	0.01985	0.01924	0.01516	0.00792	0.00632	0.00199	0.00747	0.00613	0.00540	0.00937
108	0.01705	0.01474	0.02481	0.07259	0.62979	0.01474	0.01875	0.02078	0.01499	0.08954	0.01340	0.01663	0.01071	0.00601	0.00641	0.00194	0.00751	0.00583	0.00364	0.01016
109	0.01742	0.40144	0.17472	0.01542	0.02180	0.04165	0.12402	0.04229	0.01467	0.07431	0.01168	0.01325	0.00920	0.00593	0.00540	0.00172	0.00811	0.00471	0.00338	0.00888
110	0.01309	0.03263	0.70826	0.01935	0.05878	0.01502	0.02370	0.02043	0.01369	0.02049	0.01162	0.01374	0.00827	0.00612	0.00615	0.00204	0.00947	0.00482	0.00275	0.00958
111	0.01013	0.00724	0.01009	0.01158	0.01294	0.00719	0.00992	0.01290	0.01460	0.01902	0.03437	0.14994	0.03780	0.01811	0.00885	0.00294	0.00571	0.61485	0.00596	0.00587
112	0.12865	0.01381	0.01573	0.01234	0.01707	0.03473	0.01016	0.21647	0.02056	0.41340	0.01970	0.01821	0.01303	0.00773	0.00655	0.00200	0.02697	0.00583	0.00678	0.01027
113	0.04679	0.16598	0.07029	0.01211	0.01746	0.03576	0.01096	0.05526	0.01735	0.47336	0.01990	0.01820	0.01323	0.00727	0.00591	0.00187	0.00630	0.00559	0.00627	0.01014
114	0.00844	0.00649	0.00773	0.00761	0.00927	0.00577	0.00563	0.01077	0.01636	0.02177	0.40838	0.12268	0.31556	0.01509	0.00769	0.00215	0.00320	0.01307	0.00658	0.00577
115	0.00857	0.00616	0.00826	0.00961	0.01038	0.00585	0.00708	0.01028	0.01338	0.01773	0.07291	0.53640	0.06103	0.01916	0.00837	0.00267	0.00425	0.18639	0.00605	0.00548
116	0.01881	0.01658	0.06437	0.04239	0.30068	0.05515	0.05044	0.10975	0.10731	0.12349	0.01673	0.03728	0.01291	0.00716	0.00651	0.00200	0.00739	0.00634	0.00475	0.00996
117	0.01542	0.07451	0.04588	0.14862	0.54984	0.01598	0.01897	0.01929	0.01428	0.01991	0.01179	0.01568	0.00977	0.00586	0.00622	0.00192	0.00782	0.00555	0.00310	0.00959
118	0.00932	0.00657	0.00860	0.00860	0.00914	0.00711	0.00585	0.01039	0.00986	0.01368	0.01894	0.03441	0.02007	0.43558	0.36556	0.00818	0.01141	0.00824	0.00370	0.00478
119	0.04133	0.11178	0.04604	0.01862	0.10215	0.44840	0.03095	0.09081	0.01807	0.01939	0.01077	0.01257	0.00880	0.00647	0.00577	0.00172	0.00996	0.00452	0.00355	0.00833
120	0.00902	0.00699	0.00847	0.00921	0.01105	0.00644	0.00765	0.01132	0.01480	0.01839	0.04991	0.06751	0.38520	0.01710	0.00828	0.00258	0.00461	0.34982	0.00598	0.00570
121	0.01554	0.01480	0.02495	0.07842	0.65203	0.01501	0.01904	0.01973	0.03447	0.02088	0.01322	0.03879	0.01138	0.00631	0.00646	0.00196	0.00754	0.00618	0.00336	0.00991
122	0.02469	0.01789	0.01926	0.01477	0.01993	0.01972	0.01220	0.69069	0.03002	0.06160	0.01581	0.01571	0.01114	0.00776	0.00646	0.00194	0.00706	0.00584	0.00651	0.01099
123	0.01322	0.01129	0.01321	0.00955	0.01512	0.00850	0.00760	0.01603	0.01337	0.02091	0.01226	0.03782	0.01064	0.00528	0.00490	0.00101	0.00475	0.00430	0.00390	0.78633
124	0.00836	0.00649	0.00751	0.00814	0.00952	0.00587	0.00582	0.03094	0.01409	0.01777	0.04868	0.39961	0.35776	0.01800	0.00793	0.00241	0.00370	0.03586	0.00601	0.00554
125	0.01844	0.01506	0.01595	0.01363	0.01771	0.01718	0.01080	0.22348	0.52793	0.03086	0.02328	0.02170	0.01728	0.00848	0.00654	0.00212	0.00567	0.00689	0.00654	0.01044
126	0.67801	0.01388	0.01247	0.01055	0.01475	0.05669	0.06231	0.02002	0.01205	0.05622	0.01004	0.01157	0.00766	0.00607	0.00449	0.00199	0.00586	0.00398	0.00406	0.00732
127	0.02414	0.03079	0.01831	0.01665	0.01998	0.74698	0.01248	0.02580	0.01831	0.01581	0.00999	0.01165	0.00832	0.00666	0.00583	0.00166	0.01165	0.00416	0.00333	0.00749
128	0.01712	0.61935	0.11065	0.01270	0.03922	0.02297	0.01258	0.01989	0.01346	0.04532	0.01010	0.01145	0.00868	0.00568	0.00455	0.00148	0.00711	0.00380	0.00301	0.03085
129	0.00791	0.00565	0.00753	0.00897	0.00938	0.00527	0.00600	0.00908	0.01253	0.01675	0.05455	0.74903	0.04323	0.02005	0.00823	0.00261	0.00373	0.01819	0.00603	0.00527
130	0.01717	0.01443	0.01523	0.01337	0.01722	0.01658	0.01049	0.12193	0.63155	0.02880	0.02490	0.02299	0.01859	0.00864	0.00656	0.00216	0.00537	0.00711	0.00656	0.01033
131	0.01312	0.05112	0.65103	0.01737	0.02645	0.01467	0.02198	0.02003	0.01360	0.02038	0.01152	0.01353	0.00832	0.00599	0.00596	0.00192	0.00902	0.00465	0.00283	0.08650
132	0.01340	0.01148	0.01340	0.00957	0.01531	0.00861	0.00766	0.01627	0.01340	0.02105	0.01148	0.01340	0.00957	0.00479	0.00479	0.00096	0.00479	0.00383	0.00383	0.81242
133	0.00803	0.00664	0.00710	0.00721	0.00927	0.00570	0.00556	0.00992	0.01502	0.01830	0.11398	0.06218	0.60803	0.01627	0.00777	0.00225	0.00353	0.08161	0.00608	0.00555
134	0.01334	0.09811	0.67805	0.01778	0.02697	0.01592	0.02276	0.02037	0.01360	0.02000	0.01137	0.01336	0.00819	0.00609	0.00597	0.00199	0.00932	0.00466	0.00273	0.00944
135	0.00940	0.00626	0.00705	0.00705	0.00705	0.00626	0.00392	0.00940	0.00940	0.01253	0.02036	0.04228	0.02349	0.77292	0.03289	0.00626	0.00626	0.00940	0.00392	0.00392
136	0.02416	0.03016	0.01836	0.01656	0.01998	0.71090	0.01247	0.05982	0.01891	0.01705	0.01026	0.01184	0.00846	0.00671	0.00586	0.00168	0.01143	0.00424	0.00348	0.00766
137	0.00787	0.00562	0.00750	0.00900	0.00937	0.00525	0.00600	0.00900	0.01237	0.01649	0.03561	0.76871	0.04274	0.02024	0.00825	0.00262	0.00375	0.01837	0.00600	0.00525
138	0.01041	0.00744	0.01041	0.01190	0.01339	0.00744	0.01041	0.01339	0.01487	0.01934	0.03421	0.07288	0.03719	0.01785	0.00892	0.00297	0.00595	0.68913	0.00595	0.00595
139	0.00940	0.00626	0.00705	0.00705	0.00705	0.00626	0.00392	0.00940	0.00940	0.01253	0.02036	0.04228	0.02349	0.77292	0.03289	0.00626	0.00626	0.00940	0.00392	0.00392
140	0.40423	0.01528	0.04899	0.01116	0.01576	0.08370	0.00952	0.07731	0.01558	0.24020	0.01467	0.01460	0.01019	0.00680	0.00522	0.00196	0.00618	0.00470	0.00526	0.00868
141	0.01607	0.01388	0.01461	0.01315	0.01680	0.01607	0.01023	0.03433	0.72094	0.02703	0.02630	0.02411	0.01972	0.00877	0.00657	0.00219	0.00511	0.00731	0.00657	0.01023
142	0.01589	0.01702	0.03500	0.02525	0.03140	0.01626	0.61035	0.08993	0.01666	0.02255	0.01423	0.04762	0.01126	0.00628	0.00753	0.00217	0.01022	0.00788	0.00370	0.00880
143	0.00764	0.00655	0.00655	0.00655	0.00873	0.00545	0.00491	0.00927	0.01473	0.01745	0.06546	0.06218	0.73000	0.01636	0.00764	0.00218	0.00327	0.01364	0.00600	0.00545
144	0.81856	0.01250	0.00950	0.00850	0.01250	0.01449	0.00700	0.01899	0.01100	0.02899	0.00900	0.01050	0.00700	0.00600	0.00400	0.00200	0.00500	0.00350	0.00400	0.00700
145	0.01340	0.01148	0.01340	0.00957	0.01531	0.00861	0.00766	0.01627	0.01340	0.02105	0.01148	0.01340	0.00957	0.00479	0.00479	0.00096	0.00479	0.00383	0.00383	0.81242
146	0.01991	0.01579	0.01677	0.01393	0.01826	0.01786	0.01116	0.34015	0.40888	0.03322	0.02142	0.02022	0.01578	0.00831	0.00652	0.00208	0.00602	0.00663	0.00652	0.01057
147	0.81856	0.01250	0.00950	0.00850	0.01250	0.01449	0.00700	0.01899	0.01100	0.02899	0.00900	0.01050	0.00700	0.00600	0.00400	0.00200	0.00500	0.00350	0.00400	0.00700
148	0.00787	0.00562	0.00750	0.00900	0.00937	0.00525	0.00600	0.00900	0.01237	0.01649	0.03561	0.76871	0.04274	0.02024	0.00825	0.00262	0.00375	0.01837	0.00600	0.00525
149	0.00915	0.00695	0.00846	0.00802	0.00980	0.00645	0.00604	0.01264	0.05237	0.02407	0.54551	0.05019	0.20890	0.01370	0.00757	0.00207	0.00320	0.01191	0.00684	0.00616
150	0.01599	0.01535	0.02623	0.03966	0.73262	0.01535	0.01983	0.01983	0.01471	0.02111	0.01215	0.01599	0.01023	0.00576	0.00640	0.00192	0.00768	0.00576	0.00320	0.01023
151	0.81856	0.01250	0.00950	0.00850	0.01250	0.01449	0.00700	0.01899	0.01100	0.02899	0.00900	0.01050	0.00700	0.00600	0.00400	0.00200	0.00500	0.00350	0.00400	0.00700
152	0.00938	0.00633	0.00740	0.00740	0.00753	0.00646	0.00436	0.00962	0.00950	0.01279	0.02003	0.04048	0.02271	0.69570	0.10904	0.00670	0.00744	0.00913	0.00387	0.00411
153	0.00787	0.00562	0.00750	0.00900	0.00937	0.00525	0.00600	0.00900	0.01237	0.01649	0.03561	0.76871	0.04274	0.02024	0.00825	0.00262	0.00375	0.01837	0.00600	0.00525
154	0.01220	0.01148	0.01938	0.75739	0.04450	0.01436	0.01794	0.01651	0.01292	0.01651	0.01148	0.01723	0.00861	0.00646	0.00646	0.00215	0.00861	0.00574	0.00287	0.00718
155	0.01340	0.01148	0.01340	0.00957	0.01531	0.00861	0.00766	0.01627	0.01340	0.02105	0.01148	0.01340	0.00957	0.00479	0.00479	0.00096	0.00479	0.00383	0.00383	0.81242
156	0.01296	0.03342	0.73944	0.01842	0.02797	0.01501	0.02387	0.02046	0.01364	0.02046	0.01160	0.01364	0.00818	0.00614	0.00614	0.00205	0.00955	0.00477	0.00273	0.00955
