[name]
unknown

[dist]
# distance from previous block
# <min> <max>
0	82

[block]
# block no. 0 follows, 37 sequences, length 30
# corresponding to MSA columns:
# 86-115
name=unknown_A
#
# <colnr> <probs for GDERKNQSTAVLIFYWHMCP>
#	G	D	E	R	K	N	Q	S	T	A	V	L	I	F	Y	W	H	M	C	P
0	0.19738	0.01446	0.01381	0.01185	0.01556	0.08017	0.00954	0.17328	0.21371	0.02640	0.01645	0.01953	0.01333	0.00776	0.00612	0.00192	0.03350	0.05933	0.00499	0.08092
1	0.01409	0.18393	0.01729	0.00982	0.01504	0.01266	0.00831	0.04299	0.06922	0.01983	0.01158	0.01291	0.00959	0.00508	0.00459	0.00112	0.00508	0.00387	0.00369	0.54928
2	0.01443	0.01651	0.07958	0.02244	0.18202	0.07322	0.14419	0.01752	0.01244	0.01735	0.01121	0.01704	0.01002	0.00814	0.01180	0.00224	0.30683	0.04218	0.00302	0.00780
3	0.00833	0.00671	0.00945	0.17722	0.01616	0.00692	0.00802	0.01015	0.01221	0.01578	0.03343	0.48939	0.15198	0.01566	0.00734	0.00232	0.00450	0.01399	0.00502	0.00541
4	0.01512	0.01399	0.02037	0.19202	0.34414	0.04161	0.01566	0.10980	0.04376	0.02089	0.01474	0.01777	0.04989	0.00695	0.00721	0.00195	0.06608	0.00586	0.00361	0.00857
5	0.01701	0.01591	0.01683	0.01806	0.16639	0.12064	0.01191	0.09905	0.39348	0.02420	0.01879	0.01876	0.01438	0.00731	0.00603	0.00191	0.00636	0.00602	0.02768	0.00929
6	0.00835	0.00624	0.00774	0.00737	0.00895	0.00564	0.00553	0.01094	0.01658	0.02277	0.59217	0.04865	0.21016	0.01318	0.00722	0.00196	0.00294	0.01148	0.00650	0.00564
7	0.01190	0.00646	0.00868	0.00905	0.01038	0.00587	0.00642	0.01325	0.01301	0.17887	0.03161	0.61214	0.03486	0.01660	0.00745	0.00235	0.00392	0.01491	0.00610	0.00618
8	0.01373	0.01277	0.02151	0.03141	0.58334	0.01301	0.01631	0.01704	0.01303	0.01871	0.01260	0.01713	0.01094	0.01444	0.17358	0.00360	0.00930	0.00570	0.00309	0.00876
9	0.01494	0.01351	0.01515	0.01595	0.12259	0.07697	0.01088	0.06909	0.36260	0.02217	0.01909	0.02046	0.01517	0.01600	0.17362	0.00370	0.00841	0.00628	0.00484	0.00858
10	0.00878	0.00642	0.00914	0.00914	0.00999	0.00727	0.00678	0.01048	0.00963	0.01369	0.01704	0.02760	0.01685	0.20997	0.59867	0.00897	0.01407	0.00708	0.00337	0.00508
11	0.01372	0.01509	0.03164	0.21357	0.03456	0.01501	0.54600	0.01861	0.01389	0.01861	0.01200	0.01646	0.00900	0.00540	0.00695	0.00206	0.00978	0.00677	0.00300	0.00789
12	0.01280	0.11278	0.01432	0.01108	0.01330	0.01278	0.00869	0.01977	0.26599	0.04791	0.02412	0.29904	0.02398	0.01213	0.00801	0.00218	0.08838	0.01010	0.00522	0.00741
13	0.20162	0.01742	0.01600	0.01291	0.01728	0.11577	0.01048	0.45240	0.04741	0.03254	0.01298	0.01344	0.00952	0.00687	0.00553	0.00182	0.00680	0.00486	0.00522	0.00911
14	0.20522	0.01073	0.01305	0.01026	0.01479	0.01005	0.00847	0.02720	0.01594	0.59031	0.02068	0.01842	0.01326	0.00716	0.00563	0.00189	0.00510	0.00552	0.00674	0.00958
15	0.01507	0.00985	0.01262	0.01028	0.01397	0.00892	0.03586	0.01996	0.12708	0.18371	0.17768	0.08363	0.03639	0.00886	0.00614	0.00171	0.00450	0.00767	0.00575	0.23035
16	0.01394	0.01331	0.02266	0.28446	0.50926	0.01423	0.01818	0.01773	0.01337	0.01853	0.01130	0.01554	0.00918	0.00568	0.00608	0.00189	0.00757	0.00545	0.00293	0.00872
17	0.06418	0.01515	0.01750	0.18148	0.02350	0.01721	0.01240	0.47592	0.07886	0.03187	0.01430	0.01543	0.01034	0.00706	0.00600	0.00190	0.00680	0.00548	0.00525	0.00935
18	0.00837	0.00656	0.00960	0.17762	0.01627	0.00689	0.00819	0.01010	0.01184	0.01563	0.02866	0.61114	0.03331	0.01628	0.00744	0.00239	0.00457	0.01475	0.00502	0.00538
19	0.19559	0.01554	0.02692	0.02002	0.02486	0.03812	0.43730	0.04738	0.01367	0.02145	0.01106	0.01448	0.00856	0.00600	0.00777	0.00207	0.09212	0.00598	0.00333	0.00778
20	0.82811	0.01184	0.00900	0.00805	0.01184	0.01373	0.00663	0.01799	0.01042	0.02746	0.00852	0.00994	0.00663	0.00568	0.00379	0.00189	0.00474	0.00331	0.00379	0.00663
21	0.01260	0.01549	0.17708	0.01093	0.01717	0.00950	0.01066	0.01630	0.01274	0.01982	0.01090	0.01274	0.00878	0.00482	0.00482	0.00114	0.00554	0.00383	0.00340	0.64174
22	0.32077	0.01323	0.01365	0.02935	0.01591	0.02688	0.00913	0.22718	0.01804	0.24685	0.01507	0.01476	0.01034	0.00675	0.00526	0.00188	0.00565	0.00487	0.00556	0.00887
23	0.07362	0.01275	0.01525	0.01336	0.04450	0.01412	0.01033	0.21271	0.11535	0.18727	0.01875	0.10249	0.01531	0.00918	0.00831	0.00209	0.12313	0.00700	0.00560	0.00885
24	0.01521	0.00988	0.01361	0.20908	0.02068	0.01061	0.01042	0.09930	0.04065	0.17470	0.13256	0.16803	0.02413	0.01028	0.00707	0.00207	0.02989	0.00881	0.00544	0.00757
25	0.19231	0.05707	0.00978	0.00863	0.01047	0.00861	0.00637	0.01339	0.01183	0.09069	0.02447	0.42810	0.02698	0.07347	0.00832	0.00249	0.00435	0.01160	0.00510	0.00596
26	0.07575	0.02887	0.01277	0.03789	0.02809	0.00999	0.01975	0.06491	0.04166	0.06220	0.08493	0.15483	0.02024	0.01200	0.06476	0.00236	0.03011	0.00759	0.00466	0.23664
27	0.13274	0.01290	0.02666	0.04243	0.04423	0.08641	0.02664	0.08024	0.07450	0.04312	0.03461	0.18723	0.05279	0.01015	0.00733	0.00204	0.07223	0.00818	0.00461	0.05098
28	0.06157	0.01207	0.07144	0.01113	0.01502	0.02793	0.00969	0.02232	0.09555	0.29212	0.05591	0.05678	0.04497	0.00927	0.00670	0.00199	0.02972	0.08591	0.02025	0.06968
29	0.07434	0.10988	0.06167	0.01182	0.04188	0.01234	0.00962	0.05485	0.04747	0.06521	0.10268	0.20141	0.02267	0.01046	0.00761	0.00199	0.08898	0.00846	0.00468	0.06199

[dist]
# distance from previous block
# <min> <max>
0	152

[block]
# block no. 1 follows, 37 sequences, length 7
# corresponding to MSA columns:
# 302-308
name=unknown_B
#
# <colnr> <probs for GDERKNQSTAVLIFYWHMCP>
#	G	D	E	R	K	N	Q	S	T	A	V	L	I	F	Y	W	H	M	C	P
0	0.04920	0.03104	0.08511	0.04147	0.10021	0.04843	0.03758	0.01888	0.07182	0.12476	0.04082	0.02287	0.05899	0.10755	0.04536	0.00269	0.00674	0.00636	0.00436	0.09575
1	0.01290	0.00897	0.01037	0.00902	0.01159	0.00860	0.00676	0.09049	0.07689	0.08510	0.11491	0.07086	0.11756	0.18834	0.01210	0.00277	0.00478	0.03367	0.00531	0.12901
2	0.07903	0.03754	0.01023	0.00844	0.01123	0.00847	0.00667	0.01601	0.06956	0.07901	0.17840	0.05693	0.09563	0.01097	0.03584	0.00206	0.00443	0.03185	0.13037	0.12733
3	0.01598	0.01542	0.15209	0.01166	0.01742	0.01100	0.01099	0.07456	0.09156	0.13525	0.01474	0.01523	0.01089	0.00586	0.00533	0.00145	0.00568	0.00468	0.00451	0.39568
4	0.07032	0.01114	0.01533	0.06091	0.19911	0.01054	0.01103	0.01807	0.04843	0.09702	0.05658	0.05177	0.01617	0.00746	0.00580	0.00170	0.00549	0.06149	0.00439	0.24723
5	0.01249	0.01011	0.01402	0.26659	0.02332	0.00970	0.01073	0.01553	0.01284	0.05893	0.01516	0.08018	0.01369	0.00740	0.00573	0.00162	0.00581	0.06141	0.00387	0.37085
6	0.01201	0.05748	0.15736	0.03421	0.01663	0.00998	0.06704	0.01503	0.01257	0.06008	0.05208	0.16425	0.01940	0.13073	0.01003	0.00245	0.00609	0.00805	0.00408	0.16046

[dist]
# distance from previous block
# <min> <max>
5	6

[block]
# block no. 2 follows, 37 sequences, length 8
# corresponding to MSA columns:
# 316-323
name=unknown_C
#
# <colnr> <probs for GDERKNQSTAVLIFYWHMCP>
#	G	D	E	R	K	N	Q	S	T	A	V	L	I	F	Y	W	H	M	C	P
0	0.01487	0.01217	0.01386	0.01010	0.01543	0.01039	0.00815	0.16169	0.01600	0.02378	0.01167	0.01311	0.00934	0.00511	0.00486	0.00110	0.00499	0.00401	0.00414	0.65523
1	0.00730	0.00593	0.00648	0.00692	0.00846	0.00511	0.00497	0.00870	0.01326	0.01625	0.05327	0.28219	0.52657	0.01664	0.00741	0.00220	0.00324	0.01431	0.00568	0.00511
2	0.17659	0.00683	0.00767	0.00853	0.00965	0.00698	0.00608	0.01080	0.01147	0.01806	0.02766	0.52901	0.03213	0.05813	0.00831	0.00258	0.00408	0.06498	0.00518	0.00529
3	0.01725	0.01338	0.01444	0.01248	0.01615	0.01505	0.00983	0.17579	0.50293	0.07358	0.02322	0.06275	0.01794	0.00866	0.00629	0.00204	0.00519	0.00716	0.00626	0.00963
4	0.01924	0.01047	0.03612	0.01005	0.01368	0.00965	0.00832	0.06473	0.12960	0.33615	0.08650	0.02428	0.04130	0.00820	0.00589	0.00183	0.00461	0.00673	0.17393	0.00872
5	0.02011	0.01065	0.01345	0.00998	0.01507	0.00858	0.00813	0.02266	0.01512	0.38712	0.01755	0.01678	0.01212	0.00606	0.00535	0.00140	0.00487	0.00490	0.00561	0.41449
6	0.01535	0.62746	0.02665	0.00949	0.01395	0.02041	0.00920	0.01749	0.01252	0.01613	0.01087	0.01249	0.00947	0.00563	0.00400	0.00133	0.00579	0.00377	0.17058	0.00741
7	0.01532	0.01305	0.02090	0.28153	0.02898	0.01395	0.17732	0.07953	0.13929	0.08551	0.01514	0.01748	0.01111	0.00639	0.00628	0.00194	0.00744	0.00604	0.00419	0.06862

[dist]
# distance from previous block
# <min> <max>
0	4

[block]
# block no. 3 follows, 37 sequences, length 99
# corresponding to MSA columns:
# 328-426
name=unknown_D
#
# <colnr> <probs for GDERKNQSTAVLIFYWHMCP>
#	G	D	E	R	K	N	Q	S	T	A	V	L	I	F	Y	W	H	M	C	P
0	0.01305	0.00887	0.01082	0.12033	0.03854	0.00936	0.00805	0.10515	0.01456	0.02267	0.01686	0.03816	0.01374	0.03466	0.00626	0.00175	0.02198	0.00582	0.42510	0.08427
1	0.29808	0.01462	0.01459	0.01164	0.01601	0.01626	0.00958	0.42777	0.02159	0.06207	0.04257	0.01457	0.01123	0.00700	0.00537	0.00186	0.00584	0.00501	0.00541	0.00893
2	0.01206	0.05041	0.53962	0.04279	0.02430	0.01326	0.05755	0.01807	0.01352	0.01979	0.10439	0.01731	0.01429	0.00657	0.00597	0.00189	0.00804	0.00546	0.00319	0.04152
3	0.00995	0.00857	0.01353	0.43008	0.02735	0.00990	0.01197	0.01302	0.01304	0.01727	0.15130	0.22267	0.02576	0.01073	0.00677	0.00214	0.00598	0.00962	0.00424	0.00613
4	0.05209	0.01058	0.01368	0.01142	0.01451	0.01112	0.07779	0.15883	0.08370	0.08034	0.07896	0.02400	0.01818	0.01304	0.10503	0.00290	0.00671	0.03770	0.19179	0.00763
5	0.01194	0.05786	0.62231	0.04689	0.02499	0.01368	0.02026	0.01813	0.01276	0.01867	0.01310	0.08786	0.01097	0.00711	0.00595	0.00197	0.00838	0.00577	0.00289	0.00851
6	0.01489	0.01249	0.01312	0.01186	0.01513	0.01438	0.00921	0.03090	0.67121	0.02536	0.02447	0.02284	0.01842	0.00820	0.00605	0.00202	0.00467	0.00681	0.07865	0.00933
7	0.04195	0.04039	0.02738	0.08548	0.03301	0.00896	0.02938	0.02569	0.06394	0.02048	0.25669	0.07004	0.25026	0.01158	0.00673	0.00199	0.00439	0.00994	0.00535	0.00637
8	0.00770	0.00565	0.00758	0.00883	0.00917	0.00553	0.00600	0.00878	0.01162	0.01559	0.03269	0.74969	0.03917	0.01883	0.00831	0.00249	0.03485	0.01691	0.00556	0.00504
9	0.04552	0.02993	0.68325	0.01722	0.02570	0.01437	0.03814	0.01919	0.01275	0.01957	0.01083	0.01290	0.00775	0.00595	0.00621	0.00196	0.03270	0.00456	0.00265	0.00886
10	0.75042	0.01233	0.00988	0.03939	0.01346	0.02871	0.00733	0.04315	0.01128	0.02713	0.00886	0.01039	0.00685	0.00577	0.00400	0.00189	0.00507	0.00349	0.00382	0.00678
11	0.01286	0.02566	0.52038	0.05519	0.19121	0.01389	0.02067	0.01885	0.01312	0.01951	0.01150	0.01402	0.00857	0.00580	0.00582	0.00189	0.00833	0.00483	0.03895	0.00895
12	0.01548	0.01296	0.01683	0.18833	0.12576	0.01437	0.01263	0.13668	0.26377	0.03963	0.01759	0.04790	0.01383	0.00741	0.00611	0.00193	0.00619	0.00633	0.00480	0.06145
13	0.00723	0.00620	0.00620	0.00620	0.00827	0.00517	0.00465	0.00878	0.01395	0.01654	0.06201	0.05891	0.74421	0.01550	0.00723	0.00207	0.00310	0.01292	0.00568	0.00517
14	0.27900	0.01433	0.01451	0.01165	0.01605	0.01584	0.00957	0.35911	0.08530	0.11513	0.01473	0.01462	0.01049	0.00693	0.00539	0.00188	0.00576	0.00501	0.00556	0.00914
15	0.01141	0.00571	0.00571	0.00571	0.00713	0.00571	0.00428	0.01426	0.01284	0.02282	0.01997	0.02282	0.01569	0.00713	0.00428	0.00143	0.00285	0.00571	0.81886	0.00571
16	0.00890	0.00593	0.00668	0.00668	0.00668	0.00593	0.00371	0.00890	0.00890	0.01187	0.01929	0.04006	0.02225	0.78487	0.03116	0.00593	0.00593	0.00890	0.00371	0.00371
17	0.01220	0.04502	0.02698	0.01099	0.01365	0.01005	0.07145	0.15213	0.01789	0.02446	0.34107	0.17302	0.05263	0.01171	0.00694	0.00200	0.00471	0.01039	0.00581	0.00689
18	0.00831	0.00603	0.00785	0.00795	0.00913	0.00557	0.00581	0.01065	0.01560	0.02165	0.50492	0.24213	0.08365	0.01454	0.00741	0.00210	0.00315	0.03164	0.00638	0.00553
19	0.82811	0.01184	0.00900	0.00805	0.01184	0.01373	0.00663	0.01799	0.01042	0.02746	0.00852	0.00994	0.00663	0.00568	0.00379	0.00189	0.00474	0.00331	0.00379	0.00663
20	0.82811	0.01184	0.00900	0.00805	0.01184	0.01373	0.00663	0.01799	0.01042	0.02746	0.00852	0.00994	0.00663	0.00568	0.00379	0.00189	0.00474	0.00331	0.00379	0.00663
21	0.01228	0.03166	0.75316	0.01745	0.02649	0.01422	0.02262	0.01939	0.01292	0.01939	0.01099	0.01292	0.00775	0.00582	0.00582	0.00194	0.00905	0.00452	0.00258	0.00905
22	0.01201	0.01061	0.01711	0.21731	0.27486	0.01120	0.01437	0.01528	0.01330	0.01801	0.01904	0.09841	0.01902	0.00996	0.00684	0.00218	0.00664	0.19842	0.00392	0.03150
23	0.01156	0.01088	0.01836	0.77016	0.04216	0.01360	0.01700	0.01564	0.01224	0.01564	0.01088	0.01632	0.00816	0.00612	0.00612	0.00204	0.00816	0.00544	0.00272	0.00680
24	0.00746	0.00533	0.00710	0.00852	0.00888	0.00497	0.00568	0.00852	0.01172	0.01563	0.03374	0.78088	0.04049	0.01918	0.00781	0.00249	0.00355	0.01740	0.00568	0.00497
25	0.01141	0.00571	0.00571	0.00571	0.00713	0.00571	0.00428	0.01426	0.01284	0.02282	0.01997	0.02282	0.01569	0.00713	0.00428	0.00143	0.00285	0.00571	0.81886	0.00571
26	0.00759	0.00538	0.00706	0.00836	0.00868	0.00506	0.00551	0.00856	0.01147	0.01529	0.03245	0.71486	0.03886	0.08742	0.00989	0.00279	0.00376	0.01664	0.00551	0.00486
27	0.01269	0.01088	0.01269	0.00907	0.01451	0.00816	0.00725	0.01541	0.01269	0.01995	0.01088	0.01269	0.00907	0.00453	0.00453	0.00091	0.00453	0.00363	0.00363	0.82229
28	0.01442	0.01644	0.03573	0.02558	0.03163	0.01555	0.70838	0.01950	0.01433	0.01950	0.01229	0.01644	0.00926	0.00529	0.00751	0.00208	0.02758	0.00718	0.00309	0.00822
29	0.00780	0.00615	0.00676	0.00669	0.00828	0.00540	0.00482	0.00944	0.01401	0.01777	0.21521	0.07581	0.46660	0.11599	0.01039	0.00255	0.00344	0.01210	0.00567	0.00511
30	0.00760	0.00539	0.00706	0.00834	0.00866	0.00507	0.00549	0.00856	0.01144	0.01526	0.03233	0.70861	0.03871	0.09388	0.01009	0.00282	0.00378	0.01657	0.00549	0.00485
31	0.02208	0.02765	0.01716	0.01557	0.01864	0.68911	0.01174	0.02466	0.06348	0.01566	0.01042	0.01187	0.00859	0.00657	0.00602	0.00164	0.03437	0.00418	0.00334	0.00725
32	0.02157	0.02019	0.01716	0.01430	0.01837	0.25402	0.01132	0.36757	0.16320	0.02854	0.01503	0.01512	0.01122	0.00720	0.00595	0.00180	0.00774	0.00529	0.00520	0.00922
33	0.00832	0.00624	0.00770	0.00734	0.00893	0.00563	0.00550	0.01088	0.01651	0.02261	0.57906	0.04891	0.22337	0.01324	0.00722	0.00196	0.00294	0.01152	0.00648	0.00563
34	0.00746	0.00533	0.00710	0.00852	0.00888	0.00497	0.00568	0.00852	0.01172	0.01563	0.03374	0.78088	0.04049	0.01918	0.00781	0.00249	0.00355	0.01740	0.00568	0.00497
35	0.01444	0.01265	0.01924	0.33407	0.02940	0.05018	0.12929	0.04157	0.06075	0.07796	0.01526	0.02164	0.01237	0.00718	0.00637	0.00198	0.00759	0.07395	0.00390	0.08021
36	0.01622	0.59120	0.15617	0.01214	0.01786	0.08623	0.01270	0.01904	0.01295	0.01532	0.00902	0.01046	0.00784	0.00543	0.00439	0.00144	0.00737	0.00355	0.00266	0.00800
37	0.00890	0.00593	0.00668	0.00668	0.00668	0.00593	0.00371	0.00890	0.00890	0.01187	0.01929	0.04006	0.02225	0.78487	0.03116	0.00593	0.00593	0.00890	0.00371	0.00371
38	0.01993	0.05077	0.01726	0.01310	0.01761	0.04019	0.01074	0.44340	0.17301	0.03179	0.01657	0.01749	0.01256	0.00745	0.00595	0.00180	0.00624	0.02624	0.00566	0.08226
39	0.00758	0.00542	0.00721	0.00844	0.00890	0.00505	0.00569	0.00882	0.01227	0.01650	0.10298	0.70916	0.04217	0.01853	0.00776	0.00243	0.00349	0.01678	0.00579	0.00505
40	0.01639	0.11033	0.21402	0.01502	0.02046	0.04314	0.11559	0.05598	0.01451	0.14821	0.01498	0.05130	0.01206	0.02469	0.02290	0.00213	0.04532	0.02091	0.00405	0.04800
41	0.01412	0.01650	0.05765	0.09187	0.03272	0.01527	0.63878	0.01925	0.01420	0.01925	0.01220	0.01638	0.00914	0.00527	0.00708	0.00206	0.01009	0.00698	0.00305	0.00815
42	0.00723	0.00620	0.00620	0.00620	0.00827	0.00517	0.00465	0.00878	0.01395	0.01654	0.06201	0.05891	0.74421	0.01550	0.00723	0.00207	0.00310	0.01292	0.00568	0.00517
43	0.02184	0.02746	0.01750	0.01580	0.01861	0.67960	0.01200	0.02339	0.01648	0.01495	0.00931	0.01129	0.00790	0.00679	0.00710	0.00170	0.09403	0.00410	0.00310	0.00705
44	0.01386	0.01363	0.02598	0.30917	0.05664	0.01438	0.33107	0.04557	0.01409	0.04034	0.01301	0.01875	0.01023	0.00637	0.00708	0.00208	0.02874	0.03796	0.00331	0.00773
45	0.01197	0.01221	0.11035	0.01084	0.01419	0.00997	0.03232	0.12081	0.08210	0.02524	0.39508	0.03481	0.09404	0.01048	0.00678	0.00194	0.00471	0.00902	0.00585	0.00728
46	0.01022	0.00584	0.00600	0.00598	0.00734	0.00564	0.00432	0.01246	0.01266	0.02026	0.04918	0.03250	0.15380	0.11103	0.00845	0.00215	0.00330	0.00763	0.53589	0.00534
47	0.01552	0.59129	0.14865	0.01309	0.01904	0.02176	0.08209	0.01862	0.01271	0.01571	0.00929	0.01097	0.00798	0.00532	0.00455	0.00148	0.00732	0.00386	0.00266	0.00809
48	0.01402	0.13224	0.49284	0.05699	0.02512	0.01619	0.05081	0.08954	0.01439	0.02032	0.01101	0.01303	0.00813	0.00598	0.00598	0.00187	0.02511	0.00464	0.00297	0.00881
49	0.00746	0.00533	0.00710	0.00852	0.00888	0.00497	0.00568	0.00852	0.01172	0.01563	0.03374	0.78088	0.04049	0.01918	0.00781	0.00249	0.00355	0.01740	0.00568	0.00497
50	0.12114	0.01515	0.02692	0.02035	0.02483	0.04858	0.43698	0.01831	0.01336	0.01968	0.01314	0.02013	0.01125	0.00714	0.00847	0.00217	0.10706	0.07444	0.00338	0.00753
51	0.00723	0.00620	0.00620	0.00620	0.00827	0.00517	0.00465	0.00878	0.01395	0.01654	0.06201	0.05891	0.74421	0.01550	0.00723	0.00207	0.00310	0.01292	0.00568	0.00517
52	0.01009	0.00731	0.00964	0.00926	0.01036	0.00814	0.00681	0.07407	0.01124	0.01567	0.01712	0.02807	0.01698	0.26659	0.47214	0.00794	0.01236	0.00718	0.00366	0.00537
53	0.01103	0.00567	0.00584	0.00598	0.00730	0.00563	0.00442	0.01370	0.01273	0.02212	0.02131	0.09678	0.01811	0.00831	0.00462	0.00153	0.00292	0.00685	0.73952	0.00563
54	0.02044	0.01506	0.01653	0.01317	0.01730	0.01663	0.01072	0.59252	0.02541	0.03416	0.01656	0.08389	0.01357	0.01216	0.07988	0.00268	0.00739	0.00667	0.00581	0.00944
55	0.01342	0.01410	0.02257	0.49413	0.03666	0.08705	0.18754	0.01743	0.01319	0.01651	0.01102	0.01576	0.00840	0.00604	0.00674	0.00202	0.03166	0.00572	0.00285	0.00718
56	0.01270	0.00695	0.00708	0.00662	0.00842	0.00715	0.00508	0.09175	0.01457	0.02454	0.01939	0.02194	0.01512	0.00716	0.00448	0.00147	0.00328	0.00568	0.73041	0.00622
57	0.01723	0.01732	0.01552	0.01374	0.01720	0.20568	0.03556	0.05028	0.48965	0.02285	0.02040	0.03559	0.01581	0.00789	0.00611	0.00195	0.00665	0.00635	0.00532	0.00890
58	0.02870	0.08725	0.01591	0.10536	0.01844	0.01169	0.00940	0.06030	0.01360	0.04851	0.01123	0.01329	0.00907	0.00539	0.00553	0.00128	0.04019	0.00411	0.00368	0.50706
59	0.01381	0.25789	0.40917	0.01648	0.04637	0.01722	0.08664	0.01918	0.02875	0.01816	0.02657	0.01333	0.00932	0.00576	0.00543	0.00176	0.00813	0.00463	0.00283	0.00857
60	0.01445	0.01651	0.03612	0.02580	0.03199	0.01548	0.72446	0.01961	0.01445	0.01961	0.01238	0.01651	0.00929	0.00516	0.00722	0.00206	0.01032	0.00722	0.00310	0.00826
61	0.00746	0.00533	0.00710	0.00852	0.00888	0.00497	0.00568	0.00852	0.01172	0.01563	0.03374	0.78088	0.04049	0.01918	0.00781	0.00249	0.00355	0.01740	0.00568	0.00497
62	0.01510	0.10741	0.29342	0.01539	0.02097	0.09437	0.08440	0.01967	0.03263	0.08333	0.03373	0.04158	0.03077	0.00766	0.00694	0.00195	0.05738	0.04148	0.00368	0.00814
63	0.01129	0.02473	0.54987	0.01479	0.02176	0.01191	0.01802	0.01725	0.01413	0.02079	0.21087	0.02187	0.02140	0.00764	0.00620	0.00193	0.00737	0.00631	0.00372	0.00815
64	0.00792	0.00552	0.00697	0.00794	0.00818	0.00528	0.00505	0.00864	0.01082	0.01443	0.02914	0.54526	0.03469	0.26271	0.01524	0.00358	0.00431	0.01470	0.00505	0.00457
65	0.01512	0.01462	0.02529	0.03711	0.71873	0.01458	0.04639	0.01882	0.01396	0.01998	0.01155	0.01520	0.00968	0.00544	0.00611	0.00183	0.00739	0.00552	0.00303	0.00964
66	0.01643	0.01480	0.07191	0.11015	0.04142	0.11198	0.02723	0.06443	0.01529	0.14804	0.11739	0.07523	0.01883	0.00899	0.00853	0.00204	0.12798	0.00699	0.00463	0.00771
67	0.04096	0.01315	0.01678	0.01330	0.01761	0.01365	0.08632	0.19991	0.21030	0.22281	0.05712	0.02168	0.04202	0.00793	0.00631	0.00195	0.00584	0.00672	0.00617	0.00948
68	0.51032	0.01490	0.01397	0.01581	0.17509	0.11021	0.01020	0.04973	0.01288	0.02469	0.00957	0.01144	0.00763	0.00578	0.00461	0.00183	0.00619	0.00396	0.00364	0.00753
69	0.00769	0.00645	0.00672	0.00667	0.00867	0.00561	0.00499	0.00997	0.04243	0.01763	0.12552	0.08183	0.62442	0.01506	0.00721	0.00207	0.00316	0.01266	0.00581	0.00540
70	0.00744	0.00541	0.00701	0.00830	0.00882	0.00499	0.00558	0.00855	0.01194	0.01571	0.03650	0.71045	0.10914	0.01882	0.00776	0.00245	0.00351	0.01696	0.00568	0.00499
71	0.01269	0.01088	0.01269	0.00907	0.01451	0.00816	0.00725	0.01541	0.01269	0.01995	0.01088	0.01269	0.00907	0.00453	0.00453	0.00091	0.00453	0.00363	0.00363	0.82229
72	0.01738	0.08894	0.01831	0.20857	0.06303	0.04115	0.01244	0.20107	0.03920	0.09899	0.01502	0.01929	0.01193	0.00720	0.00592	0.00183	0.00677	0.05736	0.00453	0.08106
73	0.03752	0.11966	0.01798	0.01316	0.01717	0.20462	0.01062	0.17185	0.24606	0.07590	0.01633	0.01604	0.01231	0.00709	0.00567	0.00178	0.00705	0.00527	0.00500	0.00893
74	0.02332	0.00950	0.01288	0.01019	0.01420	0.00829	0.00829	0.02580	0.01748	0.59077	0.18275	0.02632	0.02455	0.00867	0.00639	0.00190	0.00470	0.00724	0.00739	0.00939
75	0.01404	0.01149	0.01544	0.01575	0.18203	0.00965	0.01003	0.01692	0.01316	0.06731	0.01214	0.01430	0.00989	0.00682	0.03923	0.00158	0.00574	0.00434	0.00373	0.54640
76	0.02188	0.01566	0.01709	0.01322	0.01802	0.01685	0.01084	0.53940	0.09540	0.09277	0.01611	0.01580	0.01148	0.00721	0.00599	0.00178	0.00623	0.00553	0.00603	0.08270
77	0.01328	0.00751	0.00770	0.00702	0.00900	0.00779	0.00544	0.12632	0.01535	0.02530	0.01914	0.02154	0.01486	0.00717	0.00457	0.00149	0.00346	0.00567	0.69095	0.00645
78	0.82811	0.01184	0.00900	0.00805	0.01184	0.01373	0.00663	0.01799	0.01042	0.02746	0.00852	0.00994	0.00663	0.00568	0.00379	0.00189	0.00474	0.00331	0.00379	0.00663
79	0.00746	0.00533	0.00710	0.00852	0.00888	0.00497	0.00568	0.00852	0.01172	0.01563	0.03374	0.78088	0.04049	0.01918	0.00781	0.00249	0.00355	0.01740	0.00568	0.00497
80	0.00723	0.00620	0.00620	0.00620	0.00827	0.00517	0.00465	0.00878	0.01395	0.01654	0.06201	0.05891	0.74421	0.01550	0.00723	0.00207	0.00310	0.01292	0.00568	0.00517
81	0.01506	0.01305	0.01405	0.04677	0.01711	0.01515	0.01002	0.03176	0.70287	0.02516	0.02428	0.02254	0.01821	0.00821	0.00622	0.00207	0.00499	0.00685	0.00607	0.00956
82	0.01378	0.01403	0.02649	0.26670	0.28773	0.01455	0.25013	0.01806	0.01357	0.01848	0.01160	0.01597	0.00907	0.00557	0.00646	0.00197	0.00856	0.00603	0.00295	0.00830
83	0.01514	0.01307	0.01380	0.01234	0.01587	0.01497	0.00960	0.03192	0.70999	0.02541	0.02442	0.02248	0.01834	0.00817	0.00617	0.00203	0.00483	0.00680	0.00614	0.03851
84	0.01758	0.64679	0.02933	0.01146	0.01631	0.16163	0.01073	0.01947	0.01335	0.01451	0.00869	0.01005	0.00786	0.00544	0.00422	0.00136	0.00738	0.00340	0.00272	0.00771
85	0.02746	0.01042	0.01421	0.01089	0.01563	0.00900	0.00900	0.02983	0.01752	0.75093	0.02415	0.02083	0.01515	0.00758	0.00616	0.00189	0.00521	0.00616	0.00758	0.01042
86	0.01238	0.03098	0.72068	0.01783	0.02674	0.01427	0.05440	0.01940	0.01299	0.01940	0.01105	0.01309	0.00782	0.00579	0.00588	0.00194	0.00910	0.00465	0.00261	0.00901
87	0.01156	0.01088	0.01836	0.77016	0.04216	0.01360	0.01700	0.01564	0.01224	0.01564	0.01088	0.01632	0.00816	0.00612	0.00612	0.00204	0.00816	0.00544	0.00272	0.00680
88	0.00746	0.00533	0.00710	0.00852	0.00888	0.00497	0.00568	0.00852	0.01172	0.01563	0.03374	0.78088	0.04049	0.01918	0.00781	0.00249	0.00355	0.01740	0.00568	0.00497
89	0.01126	0.00632	0.00683	0.00653	0.00811	0.00628	0.00494	0.04377	0.01457	0.02390	0.19057	0.02789	0.02540	0.00841	0.00505	0.00156	0.00303	0.00696	0.59269	0.00592
90	0.02426	0.01556	0.01739	0.01333	0.01819	0.01664	0.01101	0.56258	0.02613	0.20602	0.01692	0.01614	0.01152	0.00740	0.00613	0.00185	0.00638	0.00566	0.00646	0.01041
91	0.04101	0.01007	0.01333	0.01068	0.01478	0.00928	0.00870	0.02700	0.07118	0.57115	0.05993	0.02234	0.01743	0.01158	0.07977	0.00268	0.00614	0.00644	0.00693	0.00956
92	0.00769	0.00549	0.00737	0.00879	0.00925	0.00517	0.00609	0.00893	0.01195	0.01589	0.03361	0.71143	0.03997	0.01896	0.00788	0.00252	0.00375	0.08453	0.00568	0.00504
93	0.00746	0.00533	0.00710	0.00852	0.00888	0.00497	0.00568	0.00852	0.01172	0.01563	0.03374	0.78088	0.04049	0.01918	0.00781	0.00249	0.00355	0.01740	0.00568	0.00497
94	0.01312	0.01245	0.01779	0.04929	0.01722	0.01607	0.04854	0.05638	0.01131	0.01671	0.01190	0.09388	0.01195	0.01209	0.04613	0.00277	0.51375	0.00670	0.00328	0.03868
95	0.08545	0.01283	0.01943	0.44131	0.09709	0.04772	0.08424	0.04596	0.01334	0.03589	0.01140	0.01566	0.00875	0.00740	0.03061	0.00224	0.02471	0.00541	0.00317	0.00739
96	0.06738	0.01331	0.01536	0.01273	0.03182	0.05373	0.05369	0.17102	0.12693	0.14661	0.06628	0.02057	0.04548	0.00768	0.00629	0.00182	0.02571	0.00621	0.04078	0.08661
97	0.04939	0.19249	0.18522	0.01154	0.01636	0.01329	0.01171	0.01847	0.01439	0.13965	0.17578	0.02320	0.02134	0.00803	0.00610	0.00180	0.02583	0.03763	0.00457	0.04324
98	0.03338	0.05110	0.05855	0.11392	0.08538	0.01208	0.06132	0.06832	0.03067	0.13651	0.06209	0.01755	0.01345	0.00718	0.02198	0.00182	0.00643	0.00546	0.00437	0.20845

[dist]
# distance from previous block
# <min> <max>
4	36

[block]
# block no. 4 follows, 37 sequences, length 22
# corresponding to MSA columns:
# 463-484
name=unknown_E
#
# <colnr> <probs for GDERKNQSTAVLIFYWHMCP>
#	G	D	E	R	K	N	Q	S	T	A	V	L	I	F	Y	W	H	M	C	P
0	0.30902	0.01355	0.01458	0.01354	0.07907	0.04833	0.04355	0.13884	0.08969	0.07629	0.04297	0.03963	0.01277	0.00699	0.00534	0.00186	0.00577	0.00542	0.00473	0.04807
1	0.01559	0.04202	0.01163	0.00949	0.01242	0.00858	0.00741	0.01893	0.08026	0.25604	0.06415	0.16242	0.11558	0.03860	0.07192	0.00276	0.00549	0.00917	0.00586	0.06167
2	0.01137	0.03252	0.04219	0.00940	0.01189	0.03600	0.00740	0.03686	0.07549	0.05064	0.13041	0.25007	0.11038	0.06424	0.00831	0.00224	0.00456	0.01061	0.00529	0.10014
3	0.16978	0.01470	0.01773	0.11713	0.10364	0.01636	0.04046	0.33945	0.07322	0.02961	0.01334	0.01475	0.00989	0.00664	0.00573	0.00190	0.00662	0.00526	0.00477	0.00900
4	0.00867	0.00597	0.00661	0.00661	0.00690	0.00583	0.00384	0.00889	0.00961	0.01252	0.02528	0.04270	0.12349	0.67699	0.02780	0.00539	0.00554	0.00947	0.00399	0.00391
5	0.01411	0.01408	0.05605	0.25828	0.26308	0.03137	0.06105	0.01862	0.05289	0.04171	0.01223	0.01568	0.00959	0.00602	0.00655	0.00186	0.03803	0.00540	0.00328	0.09012
6	0.00866	0.00626	0.00818	0.00770	0.00914	0.00578	0.00578	0.01155	0.01733	0.02455	0.74346	0.04572	0.05776	0.01251	0.00722	0.00193	0.00289	0.01107	0.00674	0.00578
7	0.00906	0.00702	0.01044	0.01026	0.01128	0.00841	0.00804	0.01119	0.00981	0.01425	0.01583	0.02332	0.01481	0.04352	0.71030	0.00935	0.06785	0.00648	0.00324	0.00555
8	0.01339	0.01339	0.01875	0.01607	0.01607	0.01875	0.01339	0.01473	0.00937	0.01473	0.00804	0.01339	0.00804	0.01071	0.02009	0.00268	0.77367	0.00536	0.00268	0.00670
9	0.01249	0.02735	0.58804	0.11175	0.10265	0.01417	0.02153	0.01886	0.01294	0.01899	0.01103	0.01357	0.00800	0.00582	0.00588	0.00194	0.00875	0.00473	0.00265	0.00884
10	0.01141	0.00571	0.00571	0.00571	0.00713	0.00571	0.00428	0.01426	0.01284	0.02282	0.01997	0.02282	0.01569	0.00713	0.00428	0.00143	0.00285	0.00571	0.81886	0.00571
11	0.00890	0.00593	0.00668	0.00668	0.00668	0.00593	0.00371	0.00890	0.00890	0.01187	0.01929	0.04006	0.02225	0.78487	0.03116	0.00593	0.00593	0.00890	0.00371	0.00371
12	0.82811	0.01184	0.00900	0.00805	0.01184	0.01373	0.00663	0.01799	0.01042	0.02746	0.00852	0.00994	0.00663	0.00568	0.00379	0.00189	0.00474	0.00331	0.00379	0.00663
13	0.06910	0.01464	0.05608	0.13569	0.56739	0.01434	0.01790	0.01833	0.01342	0.01987	0.01120	0.01486	0.00919	0.00558	0.00590	0.00186	0.00731	0.00527	0.00302	0.00906
14	0.01498	0.00729	0.00803	0.00717	0.00940	0.00717	0.00559	0.06532	0.01473	0.14910	0.02033	0.02193	0.01524	0.00722	0.00473	0.00153	0.00352	0.00577	0.62411	0.00684
15	0.01432	0.03387	0.18324	0.20996	0.26759	0.01453	0.05009	0.03801	0.03655	0.05057	0.01216	0.01532	0.00931	0.00608	0.00650	0.00194	0.03272	0.00535	0.00322	0.00868
16	0.82811	0.01184	0.00900	0.00805	0.01184	0.01373	0.00663	0.01799	0.01042	0.02746	0.00852	0.00994	0.00663	0.00568	0.00379	0.00189	0.00474	0.00331	0.00379	0.00663
17	0.00947	0.00804	0.02837	0.00820	0.01037	0.00715	0.00644	0.08159	0.03436	0.01998	0.13815	0.17941	0.39824	0.01454	0.00719	0.00212	0.00379	0.03082	0.00579	0.00597
18	0.01040	0.00578	0.00604	0.00609	0.00713	0.00572	0.00419	0.01236	0.01179	0.01932	0.02221	0.05720	0.05157	0.21703	0.01177	0.00271	0.00372	0.00733	0.53252	0.00512
19	0.01432	0.15793	0.04364	0.04384	0.01566	0.04962	0.00970	0.08442	0.22440	0.02053	0.05835	0.04324	0.01823	0.11271	0.04744	0.00282	0.00654	0.03436	0.00462	0.00764
20	0.01632	0.01071	0.01297	0.00961	0.01467	0.00857	0.00773	0.01953	0.04224	0.20108	0.03778	0.01614	0.01248	0.00568	0.00509	0.00123	0.00466	0.00462	0.00480	0.56409
21	0.01554	0.26014	0.37708	0.01554	0.03978	0.03627	0.05065	0.04935	0.01398	0.07173	0.01138	0.01280	0.00856	0.00580	0.00534	0.00173	0.00797	0.00444	0.00315	0.00877

[dist]
# distance from previous block
# <min> <max>
0	6

[block]
# block no. 5 follows, 37 sequences, length 24
# corresponding to MSA columns:
# 491-514
name=unknown_F
#
# <colnr> <probs for GDERKNQSTAVLIFYWHMCP>
#	G	D	E	R	K	N	Q	S	T	A	V	L	I	F	Y	W	H	M	C	P
0	0.02211	0.01252	0.01553	0.07943	0.01878	0.01220	0.01017	0.23097	0.01948	0.34179	0.01775	0.01714	0.01202	0.00682	0.00585	0.00171	0.00580	0.00544	0.00599	0.15851
1	0.06262	0.01315	0.08213	0.16671	0.09304	0.01213	0.03743	0.02099	0.09304	0.17671	0.08659	0.01976	0.01576	0.00723	0.00658	0.00192	0.03677	0.00605	0.00468	0.05672
2	0.01157	0.00623	0.00648	0.00642	0.00790	0.00628	0.00479	0.04858	0.01350	0.02283	0.02118	0.10326	0.01807	0.00843	0.00475	0.00156	0.00312	0.00694	0.69227	0.00586
3	0.00750	0.00621	0.00656	0.00648	0.00843	0.00528	0.00486	0.00929	0.01457	0.01800	0.18691	0.05649	0.61839	0.01495	0.00723	0.00204	0.00306	0.01258	0.00588	0.00528
4	0.01246	0.02672	0.56124	0.05465	0.06039	0.01389	0.09621	0.01878	0.01317	0.01919	0.01250	0.01710	0.00975	0.00644	0.00616	0.00201	0.00884	0.04897	0.00286	0.00867
5	0.01141	0.00571	0.00571	0.00571	0.00713	0.00571	0.00428	0.01426	0.01284	0.02282	0.01997	0.02282	0.01569	0.00713	0.00428	0.00143	0.00285	0.00571	0.81886	0.00571
6	0.03761	0.00845	0.02959	0.04537	0.01251	0.00809	0.00747	0.08825	0.03994	0.04784	0.13281	0.37185	0.07897	0.03177	0.00757	0.00227	0.00432	0.01226	0.02677	0.00629
7	0.01235	0.07562	0.67473	0.01657	0.02503	0.01441	0.02109	0.01895	0.01310	0.01933	0.04564	0.01430	0.01014	0.00610	0.00577	0.00190	0.00860	0.00476	0.00278	0.00882
8	0.01141	0.00571	0.00571	0.00571	0.00713	0.00571	0.00428	0.01426	0.01284	0.02282	0.01997	0.02282	0.01569	0.00713	0.00428	0.00143	0.00285	0.00571	0.81886	0.00571
9	0.20121	0.04939	0.01953	0.16027	0.06817	0.03330	0.10725	0.01763	0.03919	0.01922	0.01019	0.01382	0.00840	0.00716	0.00946	0.00213	0.21817	0.00509	0.00316	0.00727
10	0.48810	0.00993	0.00918	0.00832	0.01142	0.01087	0.00668	0.01773	0.01171	0.11857	0.01442	0.05365	0.01199	0.00937	0.03544	0.03532	0.00502	0.02784	0.10776	0.00668
11	0.07533	0.00855	0.01281	0.06619	0.04467	0.00882	0.07470	0.02803	0.01251	0.03130	0.02302	0.26021	0.02472	0.01497	0.02450	0.09211	0.01997	0.16714	0.00458	0.00588
12	0.00858	0.00589	0.00720	0.00750	0.00772	0.00597	0.00466	0.00910	0.00962	0.01298	0.02193	0.19363	0.02514	0.52290	0.12593	0.00574	0.00686	0.01037	0.00407	0.00421
13	0.06183	0.01496	0.01638	0.01274	0.01733	0.01606	0.01046	0.50392	0.04973	0.13490	0.05777	0.01731	0.01384	0.00753	0.00602	0.00183	0.00606	0.00579	0.00616	0.03938
14	0.01269	0.01088	0.01269	0.00907	0.01451	0.00816	0.00725	0.01541	0.01269	0.01995	0.01088	0.01269	0.00907	0.00453	0.00453	0.00091	0.00453	0.00363	0.00363	0.82229
15	0.01479	0.01663	0.03092	0.14303	0.07778	0.08177	0.50435	0.01936	0.01433	0.01859	0.01183	0.01591	0.00901	0.00543	0.00682	0.00200	0.00985	0.00654	0.00304	0.00801
16	0.01359	0.01345	0.02422	0.28254	0.25661	0.01445	0.18737	0.01809	0.03841	0.01843	0.01202	0.01625	0.00945	0.00599	0.00697	0.00199	0.04359	0.00593	0.02251	0.00812
17	0.00890	0.00593	0.00668	0.00668	0.00668	0.00593	0.00371	0.00890	0.00890	0.01187	0.01929	0.04006	0.02225	0.78487	0.03116	0.00593	0.00593	0.00890	0.00371	0.00371
18	0.00866	0.00626	0.00818	0.00770	0.00914	0.00578	0.00578	0.01155	0.01733	0.02455	0.74346	0.04572	0.05776	0.01251	0.00722	0.00193	0.00289	0.01107	0.00674	0.00578
19	0.10094	0.00807	0.00966	0.17866	0.01627	0.00895	0.00789	0.04940	0.01312	0.02184	0.01765	0.08738	0.01496	0.00783	0.00505	0.00173	0.00451	0.00642	0.43347	0.00622
20	0.01339	0.01339	0.01875	0.01607	0.01607	0.01875	0.01339	0.01473	0.00937	0.01473	0.00804	0.01339	0.00804	0.01071	0.02009	0.00268	0.77367	0.00536	0.00268	0.00670
21	0.04210	0.01002	0.01366	0.01097	0.01442	0.00954	0.06050	0.10997	0.01844	0.27938	0.32377	0.02986	0.03176	0.00939	0.00661	0.00191	0.00479	0.00813	0.00660	0.00819
22	0.01321	0.01270	0.01758	0.01514	0.01527	0.01758	0.01258	0.01469	0.00968	0.01546	0.00910	0.01424	0.00872	0.01039	0.01867	0.00257	0.70470	0.00539	0.07571	0.00661
23	0.04270	0.07028	0.06253	0.45782	0.13363	0.01506	0.03176	0.04531	0.01304	0.01777	0.01076	0.01505	0.00838	0.00618	0.00656	0.00197	0.04551	0.00519	0.00293	0.00758

[dist]
# distance from previous block
# <min> <max>
0	3

[block]
# block no. 6 follows, 37 sequences, length 23
# corresponding to MSA columns:
# 518-540
name=unknown_G
#
# <colnr> <probs for GDERKNQSTAVLIFYWHMCP>
#	G	D	E	R	K	N	Q	S	T	A	V	L	I	F	Y	W	H	M	C	P
0	0.01179	0.00922	0.01370	0.03264	0.08625	0.00897	0.07814	0.06041	0.04338	0.05512	0.06693	0.36756	0.02776	0.05097	0.00821	0.00232	0.00517	0.01156	0.00508	0.05479
1	0.01236	0.03112	0.72730	0.01775	0.02669	0.01426	0.04792	0.01939	0.01298	0.01939	0.01104	0.01305	0.00781	0.00579	0.00587	0.00194	0.00909	0.00462	0.00260	0.00902
2	0.02007	0.02474	0.01586	0.01443	0.01728	0.59478	0.01090	0.02229	0.04500	0.01580	0.03439	0.01760	0.08785	0.00774	0.00649	0.00171	0.04726	0.00527	0.00361	0.00694
3	0.01225	0.01112	0.01791	0.62030	0.03686	0.01355	0.03334	0.06197	0.01304	0.01693	0.01174	0.01798	0.00943	0.06699	0.00850	0.00235	0.03011	0.00576	0.00303	0.00683
4	0.01523	0.01315	0.01384	0.01246	0.01592	0.01523	0.00969	0.03253	0.73563	0.02561	0.02491	0.02284	0.01869	0.00830	0.00623	0.00208	0.00484	0.00692	0.00623	0.00969
5	0.01066	0.00577	0.00622	0.00625	0.00760	0.00566	0.00463	0.01338	0.01351	0.02257	0.14213	0.08321	0.02458	0.00893	0.00504	0.00159	0.00291	0.00748	0.62222	0.00566
6	0.01339	0.01339	0.01875	0.01607	0.01607	0.01875	0.01339	0.01473	0.00937	0.01473	0.00804	0.01339	0.00804	0.01071	0.02009	0.00268	0.77367	0.00536	0.00268	0.00670
7	0.01063	0.00532	0.00797	0.00797	0.00797	0.00532	0.00532	0.00797	0.00797	0.01063	0.01063	0.01861	0.01063	0.02127	0.02392	0.82190	0.00532	0.00532	0.00266	0.00266
8	0.82811	0.01184	0.00900	0.00805	0.01184	0.01373	0.00663	0.01799	0.01042	0.02746	0.00852	0.00994	0.00663	0.00568	0.00379	0.00189	0.00474	0.00331	0.00379	0.00663
9	0.00890	0.00593	0.00668	0.00668	0.00668	0.00593	0.00371	0.00890	0.00890	0.01187	0.01929	0.04006	0.02225	0.78487	0.03116	0.00593	0.00593	0.00890	0.00371	0.00371
10	0.01651	0.67540	0.08721	0.01140	0.01678	0.07596	0.01152	0.01885	0.01283	0.01483	0.00877	0.01015	0.00785	0.00536	0.00419	0.00138	0.00706	0.00342	0.00265	0.00789
11	0.02327	0.01715	0.01837	0.01408	0.01898	0.01898	0.01163	0.72628	0.02878	0.03858	0.01470	0.01470	0.01041	0.00735	0.00612	0.00184	0.00674	0.00551	0.00612	0.01041
12	0.08106	0.06894	0.01657	0.09461	0.01910	0.09077	0.01065	0.24019	0.06966	0.17421	0.01582	0.01613	0.01132	0.00694	0.00563	0.00180	0.00648	0.00527	0.05596	0.00888
13	0.02135	0.02559	0.01811	0.05446	0.07666	0.57993	0.01267	0.07553	0.01736	0.01715	0.01002	0.01199	0.00823	0.00649	0.00623	0.00168	0.04137	0.00431	0.00333	0.00752
14	0.01063	0.00532	0.00797	0.00797	0.00797	0.00532	0.00532	0.00797	0.00797	0.01063	0.01063	0.01861	0.01063	0.02127	0.02392	0.82190	0.00532	0.00532	0.00266	0.00266
15	0.01181	0.01103	0.01791	0.63382	0.03710	0.01401	0.01599	0.01546	0.01186	0.01580	0.01084	0.01617	0.00844	0.00681	0.00801	0.00211	0.11557	0.00544	0.03509	0.00674
16	0.02019	0.09851	0.01765	0.09906	0.01927	0.07064	0.01093	0.26142	0.01944	0.18040	0.03854	0.01703	0.01255	0.00823	0.02607	0.00201	0.03266	0.00549	0.05110	0.00880
17	0.00876	0.00650	0.00955	0.00955	0.01055	0.00750	0.00730	0.01075	0.00975	0.01400	0.01666	0.02549	0.01593	0.11239	0.69500	0.00949	0.01546	0.00677	0.00332	0.00531
18	0.00816	0.00613	0.00765	0.00861	0.00950	0.00588	0.00603	0.01064	0.06632	0.01694	0.06336	0.57437	0.12918	0.01755	0.00763	0.00239	0.00365	0.04486	0.00576	0.00541
19	0.01011	0.00898	0.01174	0.03555	0.01274	0.03534	0.00887	0.01146	0.01103	0.01521	0.02266	0.42814	0.02608	0.01761	0.06778	0.00305	0.25171	0.01190	0.00436	0.00569
20	0.00853	0.00603	0.00767	0.00785	0.00909	0.00549	0.00566	0.01057	0.01488	0.03935	0.37712	0.30354	0.15112	0.01515	0.00740	0.00214	0.00321	0.01342	0.00624	0.00553
21	0.05441	0.01062	0.01295	0.01019	0.01432	0.01000	0.00832	0.13046	0.01784	0.42866	0.03781	0.01990	0.01483	0.00732	0.00566	0.00175	0.00492	0.00583	0.14427	0.05993
22	0.01168	0.08214	0.09710	0.18032	0.10629	0.01203	0.03065	0.01599	0.06671	0.01768	0.02069	0.17940	0.04626	0.01019	0.00652	0.00209	0.00635	0.08094	0.00404	0.02294

[dist]
# distance from previous block
# <min> <max>
3	10

[block]
# block no. 7 follows, 37 sequences, length 18
# corresponding to MSA columns:
# 551-568
name=unknown_H
#
# <colnr> <probs for GDERKNQSTAVLIFYWHMCP>
#	G	D	E	R	K	N	Q	S	T	A	V	L	I	F	Y	W	H	M	C	P
0	0.04401	0.12772	0.38163	0.01547	0.03722	0.09917	0.01666	0.07700	0.01469	0.06927	0.01166	0.01324	0.00872	0.00728	0.02686	0.00204	0.03085	0.00454	0.00335	0.00863
1	0.01476	0.01428	0.07115	0.12708	0.34117	0.01337	0.09010	0.04322	0.04969	0.06873	0.07053	0.01965	0.03524	0.00671	0.00631	0.00192	0.00710	0.00634	0.00389	0.00875
2	0.01147	0.00740	0.00939	0.06410	0.01224	0.00756	0.00689	0.06988	0.01347	0.07443	0.06050	0.26743	0.04693	0.13630	0.07455	0.00334	0.00560	0.01047	0.11209	0.00595
3	0.03975	0.04756	0.07639	0.01348	0.06518	0.01089	0.05823	0.05811	0.05626	0.23966	0.14886	0.09705	0.04349	0.00920	0.00641	0.00195	0.00549	0.00798	0.00569	0.00835
4	0.01630	0.04244	0.06259	0.11491	0.28083	0.08366	0.01443	0.08504	0.05086	0.08354	0.01837	0.01994	0.08612	0.00717	0.00607	0.00186	0.00704	0.00609	0.00407	0.00865
5	0.01036	0.00723	0.00981	0.06179	0.06787	0.00699	0.00739	0.01206	0.01274	0.08093	0.07077	0.27885	0.17798	0.11352	0.05072	0.00307	0.00516	0.01175	0.00512	0.00589
6	0.00939	0.00592	0.00767	0.00832	0.00896	0.00563	0.00556	0.01035	0.01141	0.07090	0.02877	0.51182	0.03306	0.20185	0.04758	0.00360	0.00483	0.01402	0.00525	0.00511
7	0.01557	0.31765	0.10937	0.16299	0.04731	0.04297	0.01295	0.05098	0.03822	0.06657	0.01214	0.01543	0.01005	0.06551	0.00713	0.00200	0.00715	0.00480	0.00337	0.00786
8	0.01526	0.23173	0.21726	0.09784	0.03879	0.03673	0.05732	0.01900	0.01342	0.10969	0.01506	0.05313	0.03603	0.02596	0.00622	0.00189	0.00732	0.00567	0.00358	0.00809
9	0.00840	0.00600	0.00772	0.00847	0.00918	0.00583	0.00606	0.00979	0.01195	0.01589	0.08509	0.32234	0.08134	0.19865	0.06423	0.00378	0.00528	0.13999	0.00513	0.00491
10	0.01441	0.01239	0.02076	0.08364	0.48294	0.01244	0.03951	0.01738	0.01362	0.05989	0.06856	0.01956	0.01431	0.05071	0.00878	0.05622	0.00679	0.00617	0.00356	0.00838
11	0.01449	0.10430	0.29926	0.06048	0.05521	0.01385	0.07446	0.04214	0.01418	0.10112	0.06990	0.06860	0.01497	0.00752	0.00651	0.00193	0.03254	0.00632	0.00387	0.00834
12	0.06211	0.01260	0.02334	0.21361	0.11378	0.01293	0.28483	0.01659	0.01353	0.01902	0.06430	0.08359	0.03724	0.00747	0.00664	0.00204	0.00777	0.00761	0.00358	0.00742
13	0.01283	0.03686	0.17478	0.01332	0.01621	0.03885	0.01250	0.01604	0.03151	0.06572	0.01514	0.09822	0.01422	0.05100	0.15862	0.00389	0.22283	0.00683	0.00358	0.00703
14	0.01111	0.05843	0.17160	0.11768	0.01914	0.01091	0.03518	0.03862	0.03057	0.01796	0.02159	0.24853	0.05867	0.03309	0.00751	0.00217	0.02824	0.00928	0.04957	0.03013
15	0.11857	0.10259	0.11647	0.03835	0.15709	0.04165	0.01233	0.03959	0.02862	0.08177	0.07235	0.07403	0.02962	0.00757	0.00565	0.00181	0.00618	0.00621	0.00413	0.05543
16	0.03770	0.01286	0.06334	0.06474	0.08416	0.07231	0.01042	0.01781	0.06468	0.10234	0.01870	0.18562	0.01782	0.05262	0.00798	0.00211	0.03233	0.00792	0.00447	0.14007
17	0.11108	0.01729	0.12206	0.01292	0.01705	0.14719	0.03074	0.10569	0.05862	0.09360	0.04225	0.09829	0.01685	0.00890	0.00611	0.00197	0.00684	0.06709	0.00473	0.03074

[dist]
# distance from previous block
# <min> <max>
3	1297

# created by:
# /home/cegg/simao/soft/augustus-3.2.1/scripts/msa2prfl.pl ./align_prep/EOG090W0EZ6.fa
