[name]
unknown

[dist]
# distance from previous block
# <min> <max>
0	786

[block]
# block no. 0 follows, 30 sequences, length 7
# corresponding to MSA columns:
# 813-819
name=unknown_A
#
# <colnr> <probs for GDERKNQSTAVLIFYWHMCP>
#	G	D	E	R	K	N	Q	S	T	A	V	L	I	F	Y	W	H	M	C	P
0	0.01747	0.01107	0.01537	0.01361	0.01701	0.01084	0.06879	0.06432	0.09761	0.18653	0.03366	0.14206	0.08835	0.01397	0.00821	0.00259	0.00617	0.18684	0.00682	0.00871
1	0.14123	0.36074	0.09210	0.01548	0.05356	0.10171	0.05203	0.02281	0.01515	0.07124	0.01182	0.01336	0.00954	0.00645	0.00538	0.00182	0.00817	0.00458	0.00373	0.00911
2	0.15964	0.01875	0.16377	0.01483	0.01956	0.03161	0.03259	0.08680	0.10503	0.05267	0.01998	0.05824	0.05790	0.01143	0.04008	0.00275	0.10341	0.00711	0.00484	0.00900
3	0.19693	0.13907	0.05249	0.06475	0.02048	0.15115	0.01212	0.09882	0.01796	0.13712	0.03803	0.01625	0.01231	0.00741	0.00589	0.00199	0.00787	0.00525	0.00493	0.00918
4	0.12166	0.08990	0.16066	0.07128	0.09895	0.15477	0.10566	0.02165	0.01549	0.02132	0.01373	0.06853	0.01195	0.00766	0.00650	0.00212	0.00929	0.00639	0.00366	0.00883
5	0.25552	0.04789	0.13530	0.10773	0.02236	0.06521	0.01315	0.05019	0.01517	0.05544	0.01562	0.01740	0.04969	0.00725	0.00579	0.00199	0.00733	0.00532	0.00423	0.11743
6	0.01911	0.07272	0.07451	0.23281	0.07676	0.06523	0.04516	0.17726	0.04443	0.05548	0.01429	0.01715	0.01078	0.00763	0.00782	0.00219	0.05659	0.00603	0.00445	0.00960

[dist]
# distance from previous block
# <min> <max>
1	31

[block]
# block no. 1 follows, 30 sequences, length 51
# corresponding to MSA columns:
# 863-913
name=unknown_B
#
# <colnr> <probs for GDERKNQSTAVLIFYWHMCP>
#	G	D	E	R	K	N	Q	S	T	A	V	L	I	F	Y	W	H	M	C	P
0	0.06359	0.01733	0.05214	0.08768	0.09473	0.08642	0.13993	0.09120	0.03508	0.04058	0.05960	0.05314	0.01695	0.00870	0.00785	0.00221	0.04109	0.03745	0.00462	0.05970
1	0.09027	0.01405	0.04043	0.01758	0.13182	0.01378	0.01227	0.07369	0.08197	0.09411	0.05748	0.05563	0.01843	0.03356	0.00904	0.00228	0.07150	0.03504	0.00527	0.14183
2	0.01873	0.05877	0.04727	0.11837	0.07753	0.01615	0.04322	0.09859	0.01674	0.12806	0.01487	0.01764	0.01145	0.00981	0.04020	0.00251	0.13963	0.00596	0.00460	0.12988
3	0.09414	0.08146	0.11910	0.09526	0.06301	0.01594	0.05657	0.12269	0.04112	0.12654	0.01852	0.10248	0.01547	0.00895	0.00677	0.00221	0.00753	0.00751	0.00516	0.00959
4	0.05983	0.06035	0.03575	0.01375	0.01735	0.01215	0.10363	0.03264	0.06078	0.04737	0.02669	0.26020	0.06745	0.01280	0.00806	0.00231	0.03749	0.02783	0.00531	0.10826
5	0.01127	0.00891	0.01091	0.00936	0.01254	0.00741	0.00711	0.01415	0.01683	0.02430	0.33644	0.12531	0.08086	0.01211	0.00721	0.00186	0.00408	0.01056	0.00618	0.29261
6	0.33028	0.01299	0.01403	0.01121	0.01626	0.01295	0.00923	0.06571	0.01716	0.35820	0.01883	0.01781	0.01266	0.00752	0.00583	0.00207	0.00577	0.00550	0.00652	0.06946
7	0.02595	0.01926	0.02062	0.01594	0.02142	0.02137	0.01312	0.64695	0.07475	0.04305	0.01749	0.01734	0.01246	0.00845	0.00699	0.00211	0.00754	0.00638	0.00699	0.01182
8	0.01447	0.01240	0.01447	0.01034	0.01654	0.00930	0.00827	0.01757	0.01447	0.02274	0.01240	0.01447	0.01034	0.00517	0.00517	0.00103	0.00517	0.00413	0.00413	0.79742
9	0.06736	0.00958	0.01161	0.00976	0.01342	0.00847	0.00774	0.02047	0.01796	0.26669	0.21072	0.04056	0.20392	0.01197	0.00733	0.00213	0.00456	0.00999	0.00723	0.06853
10	0.11985	0.23337	0.07999	0.01696	0.05653	0.20566	0.05290	0.06516	0.01684	0.04476	0.01166	0.01356	0.00945	0.00692	0.00648	0.00192	0.04035	0.00481	0.00381	0.00902
11	0.00877	0.00623	0.00825	0.00977	0.01022	0.00588	0.00662	0.01002	0.01332	0.01772	0.03733	0.66640	0.04449	0.06788	0.01063	0.00310	0.00436	0.05706	0.00633	0.00562
12	0.00893	0.00634	0.00837	0.00984	0.01033	0.00601	0.00675	0.01024	0.01333	0.01772	0.03676	0.61605	0.04360	0.09035	0.01148	0.00324	0.00454	0.08425	0.00626	0.00561
13	0.02078	0.02080	0.02073	0.12683	0.14789	0.22560	0.01528	0.15615	0.11004	0.02532	0.01630	0.02033	0.01321	0.00815	0.00692	0.00213	0.00912	0.04003	0.00477	0.00962
14	0.01447	0.01240	0.01447	0.01034	0.01654	0.00930	0.00827	0.01757	0.01447	0.02274	0.01240	0.01447	0.01034	0.00517	0.00517	0.00103	0.00517	0.00413	0.00413	0.79742
15	0.01838	0.71652	0.07661	0.01241	0.01863	0.02694	0.01275	0.02097	0.01421	0.01675	0.00987	0.01140	0.00895	0.00601	0.00460	0.00153	0.00763	0.00382	0.00298	0.00903
16	0.04099	0.01533	0.08610	0.45348	0.12292	0.01540	0.01845	0.05843	0.01565	0.05069	0.01600	0.02019	0.04211	0.00748	0.00691	0.00226	0.00864	0.00646	0.00379	0.00873
17	0.01004	0.00718	0.00970	0.00970	0.01043	0.00790	0.00684	0.01149	0.01077	0.01508	0.02007	0.03506	0.02077	0.34672	0.43726	0.00935	0.01369	0.00860	0.00394	0.00539
18	0.01471	0.02819	0.43267	0.02358	0.06047	0.01623	0.24379	0.02160	0.01530	0.02202	0.01423	0.04896	0.01118	0.00704	0.00728	0.00228	0.01043	0.00688	0.00332	0.00984
19	0.01015	0.00677	0.00761	0.00761	0.00761	0.00677	0.00423	0.01015	0.01015	0.01353	0.02199	0.04567	0.02537	0.75476	0.03552	0.00677	0.00677	0.01015	0.00423	0.00423
20	0.00998	0.00742	0.01091	0.01091	0.01206	0.00856	0.00835	0.01227	0.01113	0.01598	0.01897	0.02893	0.01811	0.11081	0.66953	0.01084	0.01770	0.00770	0.00378	0.00606
21	0.01767	0.01498	0.01591	0.01426	0.01821	0.01722	0.01119	0.07711	0.62711	0.02976	0.02804	0.02773	0.02152	0.00982	0.00720	0.00239	0.00570	0.03622	0.00706	0.01090
22	0.00983	0.00684	0.00858	0.00880	0.00924	0.00701	0.00571	0.01077	0.01145	0.01564	0.06409	0.15249	0.02926	0.44145	0.18227	0.00686	0.00877	0.01122	0.00468	0.00503
23	0.02094	0.53520	0.03139	0.01380	0.01904	0.24318	0.01242	0.02304	0.01590	0.01662	0.01004	0.01162	0.00897	0.00635	0.00504	0.00159	0.00904	0.00397	0.00317	0.00869
24	0.05076	0.42570	0.25015	0.01579	0.05355	0.02209	0.01649	0.02196	0.01464	0.05538	0.01168	0.01325	0.00939	0.00635	0.00540	0.00181	0.00824	0.00447	0.00334	0.00957
25	0.02171	0.06238	0.02296	0.10602	0.12146	0.13817	0.04486	0.17833	0.04554	0.09632	0.01499	0.01703	0.01138	0.00789	0.00831	0.00215	0.07972	0.00602	0.00486	0.00991
26	0.80405	0.01350	0.01026	0.00918	0.01350	0.01565	0.00756	0.02051	0.01188	0.03131	0.00972	0.01134	0.00756	0.00648	0.00432	0.00216	0.00540	0.00378	0.00432	0.00756
27	0.01742	0.34172	0.23105	0.01835	0.02561	0.07495	0.15815	0.02207	0.01524	0.01934	0.01152	0.01392	0.00927	0.00623	0.00602	0.00190	0.00957	0.00515	0.00313	0.00937
28	0.00903	0.00657	0.00861	0.00996	0.01083	0.00615	0.00721	0.01075	0.01439	0.01893	0.07229	0.52957	0.11335	0.02063	0.00894	0.00282	0.00438	0.13320	0.00652	0.00587
29	0.00929	0.00711	0.00852	0.00817	0.01007	0.00634	0.00613	0.01204	0.01838	0.02472	0.48009	0.05749	0.29534	0.01548	0.00824	0.00225	0.00338	0.01337	0.00725	0.00634
30	0.01646	0.01513	0.02329	0.07797	0.43970	0.01589	0.01788	0.02423	0.17686	0.02381	0.01892	0.02519	0.01609	0.00826	0.00721	0.00227	0.00753	0.06834	0.00457	0.01041
31	0.01452	0.01378	0.02336	0.50941	0.26612	0.01586	0.02005	0.01901	0.01459	0.01946	0.01264	0.01817	0.00988	0.00673	0.00695	0.00224	0.00897	0.00621	0.00322	0.00884
32	0.01173	0.01221	0.05316	0.01753	0.02088	0.01062	0.26082	0.01500	0.01458	0.01970	0.02819	0.44349	0.03117	0.01520	0.00855	0.00263	0.00722	0.01483	0.00522	0.00728
33	0.01124	0.00803	0.01124	0.01285	0.01446	0.00803	0.01124	0.01446	0.01606	0.02088	0.03695	0.07871	0.04016	0.01928	0.00964	0.00321	0.00643	0.66426	0.00643	0.00643
34	0.01964	0.01612	0.01706	0.01466	0.01901	0.01842	0.01160	0.19879	0.53320	0.03287	0.02551	0.02373	0.01896	0.00920	0.00707	0.00230	0.00606	0.00749	0.00707	0.01125
35	0.01255	0.05315	0.01424	0.01524	0.11030	0.00989	0.01009	0.04343	0.01580	0.04125	0.08871	0.35950	0.03603	0.01602	0.00812	0.00252	0.00539	0.11078	0.00593	0.04107
36	0.01612	0.08414	0.29979	0.05537	0.07077	0.01813	0.23713	0.06070	0.01616	0.02262	0.01294	0.01624	0.00976	0.00669	0.00778	0.00223	0.04394	0.00626	0.00342	0.00981
37	0.01434	0.03370	0.62450	0.02121	0.03107	0.01641	0.11748	0.02213	0.01497	0.02213	0.01274	0.01530	0.00908	0.00653	0.00685	0.00223	0.01051	0.00558	0.00303	0.01019
38	0.00825	0.00707	0.00707	0.00707	0.00943	0.00589	0.00530	0.01001	0.01591	0.01885	0.07069	0.06716	0.70839	0.01767	0.00825	0.00236	0.00353	0.01473	0.00648	0.00589
39	0.01652	0.01845	0.03907	0.03053	0.11103	0.01766	0.58902	0.02206	0.01621	0.02221	0.01384	0.01853	0.01059	0.00614	0.00859	0.00235	0.03624	0.00794	0.00350	0.00953
40	0.17838	0.04141	0.01843	0.01523	0.05913	0.01767	0.01178	0.31014	0.07376	0.17918	0.01805	0.01769	0.01271	0.00793	0.00639	0.00212	0.00674	0.00597	0.00647	0.01082
41	0.00864	0.00672	0.00792	0.00878	0.01021	0.00599	0.00638	0.01030	0.01479	0.01858	0.05325	0.37083	0.35234	0.01968	0.00867	0.00265	0.00403	0.07792	0.00647	0.00584
42	0.00859	0.00705	0.00757	0.00752	0.00966	0.00603	0.00561	0.01065	0.01660	0.02069	0.20072	0.08952	0.55131	0.01713	0.00827	0.00234	0.00350	0.01448	0.00673	0.00603
43	0.03131	0.01188	0.01619	0.01242	0.01781	0.01026	0.01026	0.03401	0.01997	0.71606	0.02753	0.02375	0.01727	0.00864	0.00702	0.00216	0.00594	0.00702	0.00864	0.01188
44	0.14946	0.01721	0.01605	0.01335	0.01791	0.15618	0.01066	0.09454	0.08167	0.30328	0.05561	0.02054	0.01643	0.00835	0.00651	0.00210	0.00718	0.00630	0.00659	0.01009
45	0.67593	0.01599	0.04170	0.01058	0.01519	0.05758	0.00904	0.06306	0.01378	0.03088	0.01034	0.01190	0.00797	0.00665	0.00470	0.00214	0.00617	0.00404	0.00439	0.00798
46	0.27231	0.24319	0.14309	0.05864	0.02084	0.05100	0.01344	0.05023	0.01486	0.05975	0.01164	0.01327	0.00906	0.00661	0.00528	0.00196	0.00757	0.00446	0.00391	0.00890
47	0.38247	0.08181	0.06328	0.01296	0.05689	0.01563	0.01062	0.05919	0.03241	0.06739	0.04214	0.01547	0.01200	0.00689	0.00530	0.00195	0.00613	0.00487	0.00464	0.11797
48	0.15030	0.20656	0.22095	0.01533	0.02175	0.05569	0.04439	0.03860	0.04546	0.08652	0.01336	0.01475	0.01015	0.00705	0.00657	0.00205	0.04198	0.00503	0.00405	0.00945
49	0.13767	0.04786	0.04608	0.01252	0.01554	0.08225	0.01022	0.02007	0.07974	0.07383	0.04531	0.15185	0.04998	0.05509	0.01054	0.00259	0.10387	0.00887	0.00513	0.04100
50	0.22759	0.01245	0.01331	0.03530	0.01632	0.01266	0.00904	0.08322	0.08402	0.07077	0.05753	0.10110	0.01863	0.01016	0.02493	0.00222	0.00581	0.00721	0.00545	0.20230

[dist]
# distance from previous block
# <min> <max>
2	42

[block]
# block no. 2 follows, 30 sequences, length 26
# corresponding to MSA columns:
# 960-985
name=unknown_C
#
# <colnr> <probs for GDERKNQSTAVLIFYWHMCP>
#	G	D	E	R	K	N	Q	S	T	A	V	L	I	F	Y	W	H	M	C	P
0	0.04028	0.08678	0.13198	0.01499	0.02054	0.03420	0.07101	0.16065	0.04042	0.07167	0.06350	0.08787	0.04940	0.00933	0.00685	0.00207	0.00727	0.00782	0.00530	0.08808
1	0.01660	0.11069	0.02185	0.05137	0.04115	0.09018	0.10990	0.05911	0.01598	0.04224	0.01700	0.11528	0.01604	0.03713	0.05277	0.00268	0.02753	0.00767	0.00434	0.16048
2	0.04325	0.06124	0.10824	0.01299	0.01702	0.08049	0.01154	0.04236	0.10757	0.02193	0.05641	0.09642	0.07229	0.01207	0.00913	0.07092	0.02598	0.05079	0.00496	0.09440
3	0.16568	0.01307	0.01427	0.01103	0.01632	0.01210	0.00892	0.09699	0.04164	0.12401	0.04232	0.01901	0.03708	0.00717	0.00576	0.00166	0.00549	0.00552	0.00544	0.36653
4	0.12513	0.07098	0.24324	0.01604	0.05431	0.01507	0.03356	0.04086	0.06096	0.04927	0.06045	0.06073	0.01630	0.00952	0.02722	0.00237	0.02554	0.00662	0.00442	0.07740
5	0.01612	0.06537	0.05197	0.02572	0.30935	0.01531	0.03969	0.02245	0.12661	0.02277	0.01641	0.02099	0.01394	0.05020	0.00821	0.00220	0.00727	0.02357	0.00425	0.15760
6	0.10853	0.05461	0.02200	0.08593	0.26207	0.15418	0.01537	0.06163	0.01718	0.08310	0.01347	0.01586	0.01055	0.00675	0.00628	0.00196	0.00840	0.00542	0.00422	0.06249
7	0.01011	0.00786	0.01120	0.01006	0.01207	0.00722	0.05197	0.01334	0.01889	0.02631	0.57291	0.08507	0.11742	0.01437	0.00827	0.00225	0.00392	0.01286	0.00724	0.00667
8	0.07152	0.08151	0.02463	0.01906	0.04524	0.09678	0.15423	0.06595	0.01627	0.07739	0.01555	0.02274	0.01353	0.00941	0.01084	0.00242	0.18322	0.07656	0.00438	0.00878
9	0.02049	0.44435	0.03177	0.01711	0.08014	0.09876	0.05829	0.13386	0.01820	0.02207	0.01159	0.01331	0.00974	0.00652	0.00555	0.00173	0.00840	0.00476	0.00380	0.00957
10	0.00952	0.00712	0.00884	0.00841	0.01021	0.00643	0.00631	0.01249	0.01892	0.02601	0.56971	0.05538	0.20492	0.01500	0.00823	0.00223	0.00334	0.01308	0.00742	0.00643
11	0.00956	0.00696	0.00900	0.00883	0.01032	0.00640	0.00649	0.01243	0.01850	0.02581	0.56276	0.16561	0.09985	0.01569	0.00834	0.00231	0.00343	0.01391	0.00742	0.00640
12	0.02288	0.05722	0.06977	0.01825	0.04846	0.11599	0.13882	0.06038	0.09781	0.24314	0.04286	0.02064	0.01548	0.00783	0.00703	0.00213	0.00838	0.00682	0.00581	0.01032
13	0.02474	0.02569	0.02072	0.01960	0.09505	0.37252	0.01400	0.26629	0.02397	0.02751	0.01505	0.01628	0.03178	0.00784	0.00667	0.00195	0.01006	0.00564	0.00490	0.00971
14	0.00988	0.00713	0.00933	0.00878	0.01043	0.00658	0.00658	0.01317	0.01975	0.02798	0.70754	0.05213	0.06584	0.01427	0.00823	0.00219	0.00329	0.01262	0.00768	0.00658
15	0.01647	0.01882	0.04118	0.02941	0.03647	0.01765	0.68588	0.02235	0.01647	0.02235	0.01412	0.01882	0.01059	0.00588	0.00824	0.00235	0.01176	0.00824	0.00353	0.00941
16	0.02446	0.07426	0.02307	0.01964	0.06846	0.44749	0.05891	0.15783	0.02153	0.02312	0.01228	0.01406	0.00980	0.00720	0.00649	0.00189	0.01094	0.00517	0.00422	0.00918
17	0.00974	0.00713	0.00913	0.00863	0.01034	0.00652	0.00647	0.01290	0.01942	0.02719	0.65245	0.05343	0.12143	0.01456	0.00823	0.00221	0.00331	0.01280	0.00758	0.00652
18	0.00850	0.00607	0.00810	0.00972	0.01012	0.00567	0.00648	0.00972	0.01336	0.01781	0.03846	0.75020	0.04615	0.02186	0.00891	0.00283	0.00405	0.01984	0.00648	0.00567
19	0.02031	0.04535	0.02507	0.08815	0.43696	0.10876	0.01815	0.02389	0.01681	0.12783	0.01485	0.01753	0.01152	0.00677	0.00676	0.00205	0.00854	0.00602	0.00422	0.01046
20	0.08988	0.02122	0.18278	0.02182	0.17162	0.01750	0.01717	0.23515	0.02092	0.10588	0.01528	0.01664	0.01111	0.00750	0.00723	0.00216	0.03439	0.00586	0.00509	0.01080
21	0.01565	0.02901	0.50772	0.01925	0.02783	0.01482	0.09478	0.02233	0.01537	0.09605	0.01655	0.07977	0.01316	0.00808	0.00704	0.00227	0.00946	0.00696	0.00393	0.00998
22	0.01000	0.00772	0.01052	0.01267	0.07162	0.00728	0.00860	0.01228	0.01550	0.02052	0.13628	0.32810	0.15748	0.01817	0.00868	0.00268	0.00473	0.15435	0.00638	0.00646
23	0.01934	0.15279	0.28939	0.01723	0.04676	0.14362	0.01734	0.05629	0.01699	0.10248	0.01546	0.06425	0.01260	0.00794	0.00643	0.00204	0.00910	0.00609	0.00419	0.00966
24	0.02280	0.01547	0.02151	0.02299	0.22423	0.01579	0.03751	0.22601	0.04107	0.19996	0.01942	0.04429	0.01466	0.01075	0.04875	0.00267	0.00802	0.00708	0.00603	0.01099
25	0.01994	0.01787	0.04911	0.01707	0.05994	0.08204	0.03229	0.16293	0.01863	0.08533	0.01385	0.01606	0.01086	0.00807	0.01008	0.00203	0.17367	0.00560	0.00473	0.20990

[dist]
# distance from previous block
# <min> <max>
4	22

[block]
# block no. 3 follows, 30 sequences, length 8
# corresponding to MSA columns:
# 1010-1017
name=unknown_D
#
# <colnr> <probs for GDERKNQSTAVLIFYWHMCP>
#	G	D	E	R	K	N	Q	S	T	A	V	L	I	F	Y	W	H	M	C	P
0	0.01798	0.39529	0.11675	0.01412	0.01967	0.04457	0.01382	0.08047	0.03918	0.02051	0.01185	0.01399	0.01008	0.00889	0.03613	0.00220	0.08517	0.00473	0.00361	0.06099
1	0.01760	0.01333	0.01351	0.01172	0.01489	0.09953	0.00912	0.11210	0.07193	0.12371	0.33926	0.03746	0.08352	0.01166	0.00757	0.00215	0.00560	0.00975	0.00709	0.00852
2	0.02239	0.07499	0.16183	0.01675	0.02255	0.23180	0.01541	0.26683	0.04386	0.02831	0.01598	0.01686	0.03596	0.00788	0.00659	0.00201	0.00945	0.00571	0.00487	0.00998
3	0.02027	0.14756	0.10697	0.01349	0.01891	0.01631	0.01246	0.20181	0.02083	0.14366	0.09384	0.07703	0.02033	0.00923	0.00665	0.00200	0.00673	0.00740	0.00588	0.06866
4	0.01887	0.02399	0.25802	0.01860	0.02502	0.01889	0.07760	0.24028	0.10387	0.02946	0.01557	0.01721	0.01155	0.00817	0.00897	0.00231	0.10005	0.00625	0.00483	0.01050
5	0.01159	0.00628	0.00894	0.00887	0.00908	0.00622	0.00590	0.00974	0.01058	0.01432	0.10194	0.02819	0.02061	0.11388	0.02587	0.59739	0.00580	0.00740	0.00377	0.00363
6	0.08446	0.01858	0.02223	0.01706	0.02259	0.02029	0.09831	0.49345	0.08863	0.03892	0.01692	0.01743	0.01222	0.00801	0.00695	0.00216	0.00783	0.00648	0.00635	0.01115
7	0.01610	0.01842	0.10522	0.01760	0.10397	0.15389	0.01349	0.08590	0.01817	0.02279	0.07814	0.14201	0.07618	0.01242	0.00766	0.00235	0.00769	0.10456	0.00521	0.00824

[dist]
# distance from previous block
# <min> <max>
0	1

[block]
# block no. 4 follows, 30 sequences, length 11
# corresponding to MSA columns:
# 1019-1029
name=unknown_E
#
# <colnr> <probs for GDERKNQSTAVLIFYWHMCP>
#	G	D	E	R	K	N	Q	S	T	A	V	L	I	F	Y	W	H	M	C	P
0	0.00985	0.01014	0.08826	0.01079	0.01289	0.00730	0.00868	0.01196	0.01343	0.01854	0.03177	0.54586	0.03689	0.06480	0.00994	0.00282	0.00504	0.01593	0.00569	0.08941
1	0.01571	0.01284	0.01612	0.01409	0.09436	0.01017	0.00985	0.01891	0.01493	0.06088	0.01332	0.01529	0.01080	0.00548	0.00546	0.00121	0.00556	0.00453	0.00431	0.66620
2	0.12474	0.01439	0.01616	0.01291	0.01765	0.01501	0.01057	0.29008	0.02302	0.24426	0.02386	0.02331	0.07208	0.01255	0.06493	0.00288	0.00739	0.00700	0.00684	0.01036
3	0.01172	0.00956	0.01027	0.00928	0.01234	0.00890	0.00711	0.08458	0.07495	0.02307	0.07702	0.11118	0.41653	0.01483	0.00773	0.00222	0.00436	0.01244	0.00637	0.09555
4	0.01253	0.00952	0.01072	0.01044	0.01219	0.00994	0.00739	0.08659	0.14926	0.02182	0.03347	0.27825	0.10345	0.20422	0.01506	0.00361	0.00536	0.01305	0.00608	0.00703
5	0.32259	0.01856	0.08966	0.01381	0.01872	0.04900	0.01228	0.20130	0.06868	0.05979	0.01400	0.01512	0.01045	0.00782	0.00724	0.00222	0.06890	0.00526	0.00513	0.00946
6	0.23747	0.07014	0.01753	0.01434	0.01847	0.35508	0.01125	0.02689	0.08871	0.07941	0.01365	0.01449	0.01057	0.00728	0.00578	0.00197	0.00901	0.00481	0.00454	0.00862
7	0.20100	0.15601	0.05796	0.01272	0.01810	0.01807	0.01127	0.13469	0.13101	0.10565	0.01635	0.01648	0.01220	0.00733	0.00575	0.00197	0.00650	0.00533	0.00536	0.07626
8	0.18044	0.03870	0.04469	0.01816	0.07421	0.01600	0.13955	0.14837	0.03968	0.13662	0.01816	0.05724	0.01453	0.00842	0.00680	0.00224	0.00754	0.03340	0.00547	0.00976
9	0.05398	0.13216	0.18236	0.01329	0.01844	0.01494	0.01331	0.08787	0.01761	0.07649	0.15717	0.02880	0.08497	0.01167	0.03688	0.00251	0.03337	0.02018	0.00522	0.00877
10	0.14533	0.24857	0.10801	0.01573	0.09543	0.01803	0.01307	0.04871	0.01577	0.11886	0.05779	0.01864	0.01465	0.04545	0.00726	0.00218	0.00707	0.00564	0.00455	0.00926

[dist]
# distance from previous block
# <min> <max>
548	1763

[block]
# block no. 5 follows, 30 sequences, length 6
# corresponding to MSA columns:
# 3840-3845
name=unknown_F
#
# <colnr> <probs for GDERKNQSTAVLIFYWHMCP>
#	G	D	E	R	K	N	Q	S	T	A	V	L	I	F	Y	W	H	M	C	P
0	0.06018	0.04073	0.05642	0.01482	0.01988	0.05805	0.05060	0.22616	0.09399	0.08470	0.04141	0.02180	0.01577	0.01109	0.05228	0.00262	0.00806	0.03371	0.00571	0.10202
1	0.01775	0.08382	0.02285	0.01774	0.06190	0.05420	0.14080	0.08614	0.17425	0.05398	0.05585	0.05321	0.04840	0.00869	0.00699	0.00208	0.00736	0.00776	0.00536	0.09089
2	0.01850	0.01563	0.01649	0.06323	0.01952	0.10088	0.01115	0.12330	0.07626	0.08191	0.05437	0.06065	0.04943	0.00927	0.00815	0.00199	0.07395	0.00716	0.00537	0.20280
3	0.05057	0.06728	0.08587	0.01849	0.07773	0.12974	0.09385	0.10654	0.06501	0.07194	0.01481	0.01632	0.01129	0.00682	0.00639	0.00188	0.00840	0.00562	0.00461	0.15682
4	0.02063	0.05028	0.05531	0.01490	0.02049	0.06048	0.06398	0.19150	0.09727	0.10941	0.04895	0.01925	0.01511	0.00757	0.00655	0.00187	0.00719	0.00620	0.00568	0.19737
5	0.01460	0.09119	0.01454	0.01121	0.01400	0.11314	0.00870	0.06449	0.08426	0.02330	0.22039	0.10665	0.14492	0.04755	0.00871	0.00238	0.00585	0.01055	0.00603	0.00754

[dist]
# distance from previous block
# <min> <max>
0	2

[block]
# block no. 6 follows, 30 sequences, length 42
# corresponding to MSA columns:
# 3848-3889
name=unknown_G
#
# <colnr> <probs for GDERKNQSTAVLIFYWHMCP>
#	G	D	E	R	K	N	Q	S	T	A	V	L	I	F	Y	W	H	M	C	P
0	0.01396	0.08510	0.10815	0.01795	0.16405	0.03248	0.01287	0.01747	0.01663	0.05706	0.18242	0.07369	0.16771	0.01138	0.00731	0.00216	0.00616	0.00974	0.00534	0.00837
1	0.01242	0.00902	0.01089	0.01049	0.01272	0.00861	0.00769	0.04067	0.09480	0.05285	0.08599	0.33499	0.05641	0.07739	0.01021	0.00275	0.00486	0.04456	0.00625	0.11643
2	0.01185	0.10131	0.11915	0.01361	0.03635	0.01191	0.03216	0.01463	0.01395	0.01904	0.04431	0.37246	0.05670	0.01485	0.00879	0.00244	0.06148	0.01279	0.00502	0.04720
3	0.01770	0.20034	0.10915	0.01278	0.01910	0.06227	0.01201	0.02185	0.04601	0.07733	0.01360	0.01485	0.01078	0.00616	0.00549	0.00150	0.00695	0.00459	0.00417	0.35339
4	0.02307	0.04412	0.01865	0.01582	0.07528	0.01508	0.01178	0.18656	0.04269	0.25660	0.01966	0.02161	0.01472	0.07082	0.03265	0.00278	0.07219	0.00667	0.00622	0.06304
5	0.01953	0.01505	0.01716	0.01282	0.01849	0.01427	0.01044	0.25707	0.02108	0.06025	0.01447	0.01572	0.01113	0.00677	0.00668	0.00155	0.03858	0.00511	0.00530	0.44854
6	0.04819	0.01566	0.04439	0.02313	0.17563	0.05010	0.16637	0.06368	0.03487	0.05629	0.07757	0.14864	0.02198	0.01015	0.00802	0.00232	0.02959	0.00947	0.00494	0.00904
7	0.16082	0.02350	0.18996	0.01742	0.02371	0.10037	0.09800	0.17914	0.09139	0.02904	0.01467	0.01604	0.01086	0.00728	0.00650	0.00216	0.00876	0.00576	0.00472	0.00989
8	0.11998	0.02007	0.04326	0.01422	0.01864	0.21319	0.01159	0.15963	0.05856	0.14818	0.10565	0.02113	0.01884	0.00861	0.00662	0.00206	0.00788	0.00647	0.00594	0.00950
9	0.06596	0.01388	0.04920	0.01654	0.07025	0.04554	0.12042	0.06792	0.03876	0.02270	0.05637	0.14703	0.09769	0.07501	0.03888	0.00305	0.00755	0.02955	0.00508	0.02861
10	0.69865	0.01361	0.01127	0.00978	0.01425	0.01542	0.00806	0.05118	0.01354	0.09489	0.01167	0.01272	0.00864	0.00676	0.00468	0.00216	0.00555	0.00419	0.00483	0.00814
11	0.00850	0.00607	0.00810	0.00972	0.01012	0.00567	0.00648	0.00972	0.01336	0.01781	0.03846	0.75020	0.04615	0.02186	0.00891	0.00283	0.00405	0.01984	0.00648	0.00567
12	0.01547	0.27002	0.44700	0.01744	0.02592	0.01970	0.04985	0.02138	0.01459	0.02014	0.01239	0.03397	0.00998	0.00680	0.00606	0.00200	0.00928	0.00523	0.00308	0.00970
13	0.04736	0.07658	0.07801	0.01401	0.01912	0.01383	0.06636	0.10731	0.04479	0.26411	0.12834	0.04827	0.04212	0.00948	0.00706	0.00216	0.00656	0.00799	0.00659	0.00995
14	0.02242	0.01751	0.01863	0.01523	0.02008	0.01972	0.01227	0.39661	0.33084	0.03736	0.02197	0.02091	0.01609	0.00887	0.00703	0.00222	0.00671	0.00700	0.00703	0.01150
15	0.01700	0.01495	0.01496	0.01335	0.01684	0.07301	0.01034	0.08358	0.42423	0.02911	0.19078	0.03051	0.03033	0.01036	0.00730	0.00226	0.00573	0.00863	0.00695	0.00979
16	0.02077	0.01381	0.02011	0.07471	0.24591	0.01404	0.01454	0.06896	0.08837	0.22696	0.09935	0.02410	0.02014	0.00854	0.00754	0.00219	0.02608	0.00736	0.00602	0.01050
17	0.04512	0.10213	0.02029	0.05110	0.05210	0.17243	0.01257	0.14571	0.01849	0.07950	0.01518	0.02078	0.01313	0.09490	0.01189	0.00268	0.10253	0.02605	0.00465	0.00875
18	0.01142	0.00786	0.00988	0.01067	0.01197	0.00781	0.00756	0.01559	0.11730	0.06552	0.03618	0.57270	0.04032	0.01904	0.00853	0.00273	0.00447	0.03683	0.00671	0.00691
19	0.08283	0.46342	0.06341	0.03793	0.05158	0.02355	0.04393	0.10074	0.01658	0.04250	0.01165	0.01327	0.00961	0.00645	0.00530	0.00176	0.00770	0.00460	0.00378	0.00942
20	0.01843	0.06958	0.26305	0.01993	0.11020	0.08627	0.03969	0.02531	0.10031	0.10251	0.01599	0.01717	0.01185	0.00701	0.00652	0.00201	0.00857	0.00569	0.00438	0.08553
21	0.01866	0.75896	0.03657	0.01194	0.01791	0.02761	0.01194	0.02090	0.01418	0.01642	0.00970	0.01119	0.00896	0.00597	0.00448	0.00149	0.00746	0.00373	0.00299	0.00896
22	0.00891	0.00701	0.00804	0.00796	0.00987	0.00614	0.00590	0.01122	0.01720	0.02233	0.31692	0.11790	0.40238	0.01669	0.00830	0.00233	0.00348	0.01433	0.00695	0.00614
23	0.01752	0.01204	0.01878	0.10564	0.10422	0.01211	0.08261	0.06871	0.01790	0.16680	0.15674	0.04436	0.02570	0.03560	0.07595	0.00322	0.00804	0.02936	0.00579	0.00891
24	0.01830	0.02055	0.10290	0.15127	0.06061	0.13438	0.14149	0.11937	0.01832	0.03851	0.03297	0.01849	0.01226	0.01088	0.06378	0.00289	0.03333	0.00648	0.00413	0.00910
25	0.01015	0.00677	0.00761	0.00761	0.00761	0.00677	0.00423	0.01015	0.01015	0.01353	0.02199	0.04567	0.02537	0.75476	0.03552	0.00677	0.00677	0.01015	0.00423	0.00423
26	0.02077	0.01237	0.01463	0.01231	0.01624	0.01256	0.00976	0.14389	0.16616	0.24029	0.13825	0.08952	0.06978	0.01130	0.00745	0.00226	0.00543	0.00949	0.00755	0.00998
27	0.01801	0.20049	0.13492	0.12541	0.16004	0.10887	0.09155	0.02222	0.01571	0.04258	0.01239	0.01540	0.00985	0.00650	0.00636	0.00199	0.00939	0.00548	0.00341	0.00943
28	0.00875	0.00625	0.00838	0.01000	0.01051	0.00588	0.00691	0.01015	0.01361	0.01809	0.03832	0.68936	0.04561	0.02163	0.00897	0.00287	0.00426	0.07823	0.00647	0.00574
29	0.01360	0.00813	0.00739	0.00736	0.00905	0.05073	0.00548	0.01667	0.01489	0.02509	0.02275	0.05842	0.01864	0.00870	0.00515	0.00169	0.00386	0.00699	0.70884	0.00656
30	0.02607	0.03326	0.01978	0.01798	0.02157	0.72674	0.01348	0.02787	0.01978	0.01708	0.01079	0.01258	0.00899	0.00719	0.00629	0.00180	0.01258	0.00449	0.00360	0.00809
31	0.01544	0.14790	0.54822	0.01959	0.05852	0.05143	0.02285	0.02215	0.01494	0.02101	0.01203	0.01419	0.00896	0.00653	0.00629	0.00207	0.00988	0.00495	0.00301	0.01003
32	0.00857	0.00622	0.00809	0.00944	0.01008	0.00574	0.00639	0.00995	0.01397	0.01853	0.08229	0.64995	0.10297	0.02104	0.00881	0.00275	0.00396	0.01897	0.00655	0.00574
33	0.06619	0.01289	0.01650	0.01271	0.01808	0.01189	0.01050	0.11313	0.02117	0.60269	0.02540	0.02233	0.01617	0.00851	0.00689	0.00215	0.00613	0.00678	0.00824	0.01168
34	0.00996	0.00680	0.00756	0.00756	0.00779	0.00668	0.00433	0.01013	0.01071	0.01405	0.02678	0.04778	0.09256	0.68225	0.03284	0.00633	0.00645	0.01060	0.00445	0.00439
35	0.06254	0.07368	0.02283	0.20051	0.17369	0.05621	0.01597	0.22478	0.02064	0.06272	0.01421	0.01674	0.01072	0.00723	0.00660	0.00209	0.00825	0.00586	0.00472	0.01002
36	0.00989	0.00694	0.00899	0.00945	0.01000	0.00719	0.00649	0.01107	0.01158	0.01573	0.02562	0.17841	0.02859	0.36163	0.21137	0.00687	0.00938	0.07087	0.00473	0.00523
37	0.01189	0.00618	0.00911	0.00911	0.00917	0.00624	0.00608	0.00933	0.00926	0.01241	0.01306	0.02303	0.01320	0.07056	0.06314	0.70870	0.00674	0.00638	0.00314	0.00327
38	0.05701	0.01574	0.01776	0.06084	0.18460	0.10369	0.01296	0.08096	0.12189	0.04636	0.08788	0.02932	0.13231	0.00977	0.00708	0.00216	0.00696	0.00814	0.00540	0.00916
39	0.02253	0.03706	0.01871	0.04349	0.01992	0.01522	0.04543	0.22578	0.06130	0.23140	0.05763	0.08251	0.04127	0.01019	0.00822	0.00227	0.05179	0.00829	0.00676	0.01022
40	0.01556	0.00954	0.01147	0.01048	0.01345	0.00915	0.00819	0.02105	0.13717	0.17857	0.17376	0.10326	0.20514	0.01400	0.00792	0.00238	0.00462	0.05868	0.00730	0.00829
41	0.02132	0.02144	0.01732	0.01535	0.01916	0.27910	0.01184	0.10126	0.29354	0.04683	0.05418	0.02135	0.01768	0.01045	0.03586	0.00247	0.00880	0.00665	0.00573	0.00965

[dist]
# distance from previous block
# <min> <max>
1	16

[block]
# block no. 7 follows, 30 sequences, length 62
# corresponding to MSA columns:
# 3906-3967
name=unknown_H
#
# <colnr> <probs for GDERKNQSTAVLIFYWHMCP>
#	G	D	E	R	K	N	Q	S	T	A	V	L	I	F	Y	W	H	M	C	P
0	0.41919	0.01795	0.08147	0.04040	0.15332	0.08589	0.01293	0.02170	0.03783	0.02626	0.01192	0.01489	0.00967	0.03301	0.00652	0.00229	0.00731	0.00490	0.00401	0.00856
1	0.07161	0.00743	0.00837	0.00897	0.01052	0.00705	0.00639	0.03161	0.01490	0.02038	0.06968	0.42116	0.25973	0.01860	0.00825	0.00258	0.00407	0.01623	0.00637	0.00611
2	0.02174	0.19791	0.02270	0.01379	0.01892	0.02074	0.01179	0.40346	0.05311	0.03357	0.05456	0.02214	0.07799	0.00898	0.00655	0.00199	0.00694	0.00681	0.00600	0.01032
3	0.02053	0.01674	0.02088	0.02027	0.14021	0.01804	0.04676	0.29871	0.20199	0.03280	0.01968	0.02216	0.01540	0.03191	0.00797	0.00231	0.00725	0.02760	0.00601	0.04276
4	0.07380	0.01451	0.01848	0.05653	0.12701	0.03907	0.01274	0.11607	0.05371	0.35951	0.04284	0.02139	0.01600	0.00817	0.00684	0.00214	0.00681	0.00668	0.00677	0.01092
5	0.01318	0.01240	0.02093	0.73798	0.04806	0.01550	0.01938	0.01783	0.01395	0.01783	0.01240	0.01860	0.00930	0.00698	0.00698	0.00233	0.00930	0.00620	0.00310	0.00775
6	0.02653	0.01955	0.02094	0.01606	0.02164	0.02164	0.01326	0.68796	0.03281	0.04398	0.01675	0.01675	0.01187	0.00838	0.00698	0.00209	0.00768	0.00628	0.00698	0.01187
7	0.00911	0.00660	0.00833	0.00910	0.01001	0.00615	0.00632	0.01077	0.01469	0.01961	0.17620	0.39794	0.12690	0.11518	0.01220	0.00318	0.00431	0.05122	0.00643	0.00573
8	0.01419	0.00850	0.01082	0.00969	0.01198	0.00803	0.00731	0.01824	0.06869	0.14639	0.46745	0.04459	0.04988	0.09043	0.01079	0.00268	0.00428	0.01104	0.00744	0.00759
9	0.00919	0.00664	0.00855	0.00948	0.01039	0.00622	0.00674	0.01096	0.01479	0.01976	0.16403	0.42275	0.10421	0.08503	0.01118	0.00307	0.00438	0.09031	0.00650	0.00582
10	0.02671	0.01926	0.02076	0.01592	0.02150	0.02121	0.01315	0.66326	0.03232	0.06936	0.01716	0.01702	0.01207	0.00839	0.00698	0.00210	0.00761	0.00631	0.00704	0.01187
11	0.01447	0.01240	0.01447	0.01034	0.01654	0.00930	0.00827	0.01757	0.01447	0.02274	0.01240	0.01447	0.01034	0.00517	0.00517	0.00103	0.00517	0.00413	0.00413	0.79742
12	0.01012	0.00688	0.00817	0.00817	0.00836	0.00707	0.00492	0.01051	0.01031	0.01394	0.02148	0.04284	0.02414	0.64594	0.14266	0.00745	0.00861	0.00973	0.00415	0.00454
13	0.36731	0.01373	0.01431	0.01155	0.01650	0.01431	0.00953	0.12563	0.01836	0.31748	0.01816	0.01730	0.01223	0.00766	0.00584	0.00215	0.00596	0.00550	0.00651	0.00999
14	0.01342	0.00877	0.01098	0.01104	0.01333	0.00852	0.00881	0.01796	0.09809	0.11040	0.10656	0.17681	0.15160	0.01643	0.00850	0.00267	0.00505	0.21668	0.00693	0.00747
15	0.01588	0.01359	0.01445	0.01320	0.01680	0.01539	0.01029	0.03246	0.57489	0.02772	0.05738	0.03342	0.09644	0.01090	0.00736	0.00239	0.00527	0.03499	0.00703	0.01016
16	0.02653	0.01955	0.02094	0.01606	0.02164	0.02164	0.01326	0.68796	0.03281	0.04398	0.01675	0.01675	0.01187	0.00838	0.00698	0.00209	0.00768	0.00628	0.00698	0.01187
17	0.01041	0.00762	0.01010	0.01148	0.01269	0.00761	0.00899	0.01390	0.06497	0.02005	0.03703	0.39002	0.04159	0.01977	0.00911	0.00297	0.00524	0.31353	0.00650	0.00641
18	0.00973	0.00639	0.00853	0.00986	0.01054	0.00592	0.00668	0.01103	0.01372	0.05545	0.03787	0.71105	0.04460	0.02115	0.00881	0.00280	0.00415	0.01915	0.00659	0.00600
19	0.03048	0.01320	0.01701	0.01304	0.01847	0.01222	0.01078	0.14695	0.02219	0.59998	0.02567	0.02254	0.01634	0.00859	0.00701	0.00215	0.00624	0.00689	0.00835	0.01187
20	0.01124	0.00803	0.01124	0.01285	0.01446	0.00803	0.01124	0.01446	0.01606	0.02088	0.03695	0.07871	0.04016	0.01928	0.00964	0.00321	0.00643	0.66426	0.00643	0.00643
21	0.00964	0.00728	0.00901	0.00902	0.01088	0.00665	0.00707	0.01246	0.01791	0.02392	0.39177	0.06158	0.25383	0.01622	0.00850	0.00243	0.00395	0.13445	0.00709	0.00635
22	0.01015	0.00677	0.00761	0.00761	0.00761	0.00677	0.00423	0.01015	0.01015	0.01353	0.02199	0.04567	0.02537	0.75476	0.03552	0.00677	0.00677	0.01015	0.00423	0.00423
23	0.00899	0.00640	0.00857	0.01012	0.01069	0.00608	0.00712	0.01047	0.01365	0.01812	0.03756	0.61757	0.04438	0.05122	0.01010	0.00305	0.00453	0.11928	0.00638	0.00573
24	0.80405	0.01350	0.01026	0.00918	0.01350	0.01565	0.00756	0.02051	0.01188	0.03131	0.00972	0.01134	0.00756	0.00648	0.00432	0.00216	0.00540	0.00378	0.00432	0.00756
25	0.03131	0.01188	0.01619	0.01242	0.01781	0.01026	0.01026	0.03401	0.01997	0.71606	0.02753	0.02375	0.01727	0.00864	0.00702	0.00216	0.00594	0.00702	0.00864	0.01188
26	0.01340	0.01263	0.02133	0.70052	0.08381	0.01556	0.01949	0.01802	0.01406	0.01810	0.01244	0.01853	0.00940	0.00694	0.00697	0.00231	0.00925	0.00620	0.00312	0.00793
27	0.80405	0.01350	0.01026	0.00918	0.01350	0.01565	0.00756	0.02051	0.01188	0.03131	0.00972	0.01134	0.00756	0.00648	0.00432	0.00216	0.00540	0.00378	0.00432	0.00756
28	0.05114	0.01475	0.01817	0.04959	0.02069	0.01456	0.04715	0.21723	0.07293	0.16425	0.01868	0.04235	0.01400	0.00783	0.00655	0.00190	0.00660	0.00643	0.00606	0.21912
29	0.01736	0.01499	0.01578	0.01420	0.01815	0.01736	0.01105	0.03708	0.69862	0.02919	0.02840	0.02604	0.02130	0.00947	0.00710	0.00237	0.00552	0.00789	0.00710	0.01105
30	0.02676	0.01917	0.02071	0.01588	0.02145	0.02108	0.01312	0.65567	0.03218	0.07717	0.01729	0.01710	0.01213	0.00839	0.00698	0.00210	0.00759	0.00632	0.00706	0.01187
31	0.49703	0.12725	0.07856	0.01115	0.01619	0.05828	0.01025	0.02144	0.01353	0.06369	0.01346	0.01463	0.03694	0.00703	0.00497	0.00205	0.00652	0.00456	0.00427	0.00821
32	0.01524	0.02755	0.38653	0.02509	0.06058	0.01687	0.32197	0.02219	0.01556	0.02224	0.01326	0.01667	0.00971	0.00628	0.00736	0.00227	0.01088	0.00658	0.00323	0.00994
33	0.01124	0.00803	0.01124	0.01285	0.01446	0.00803	0.01124	0.01446	0.01606	0.02088	0.03695	0.07871	0.04016	0.01928	0.00964	0.00321	0.00643	0.66426	0.00643	0.00643
34	0.02607	0.03326	0.01978	0.01798	0.02157	0.72674	0.01348	0.02787	0.01978	0.01708	0.01079	0.01258	0.00899	0.00719	0.00629	0.00180	0.01258	0.00449	0.00360	0.00809
35	0.01640	0.33359	0.40952	0.01654	0.02479	0.04965	0.01959	0.02184	0.01471	0.01956	0.01129	0.01319	0.00889	0.00638	0.00573	0.00190	0.00923	0.00454	0.00299	0.00966
36	0.00890	0.00695	0.00795	0.00798	0.00974	0.00613	0.00580	0.01100	0.01651	0.02136	0.26830	0.14685	0.38259	0.05667	0.00979	0.00260	0.00369	0.01445	0.00674	0.00600
37	0.00850	0.00607	0.00810	0.00972	0.01012	0.00567	0.00648	0.00972	0.01336	0.01781	0.03846	0.75020	0.04615	0.02186	0.00891	0.00283	0.00405	0.01984	0.00648	0.00567
38	0.12415	0.01460	0.02274	0.25751	0.36698	0.01572	0.01815	0.01994	0.01465	0.02239	0.01239	0.01673	0.00998	0.00644	0.00648	0.00211	0.00805	0.00576	0.00350	0.05173
39	0.00850	0.00607	0.00810	0.00972	0.01012	0.00567	0.00648	0.00972	0.01336	0.01781	0.03846	0.75020	0.04615	0.02186	0.00891	0.00283	0.00405	0.01984	0.00648	0.00567
40	0.01866	0.75896	0.03657	0.01194	0.01791	0.02761	0.01194	0.02090	0.01418	0.01642	0.00970	0.01119	0.00896	0.00597	0.00448	0.00149	0.00746	0.00373	0.00299	0.00896
41	0.01912	0.71405	0.03553	0.01231	0.01814	0.07087	0.01204	0.02133	0.01453	0.01646	0.00977	0.01128	0.00896	0.00605	0.00459	0.00151	0.00778	0.00378	0.00302	0.00890
42	0.01082	0.00775	0.01065	0.01158	0.01320	0.00758	0.00979	0.01405	0.01722	0.02310	0.24662	0.07040	0.04819	0.01771	0.00920	0.00289	0.00545	0.46051	0.00682	0.00648
43	0.01488	0.00857	0.01115	0.00985	0.01243	0.00795	0.00761	0.01893	0.05624	0.17577	0.52510	0.04463	0.05303	0.01280	0.00791	0.00220	0.00398	0.01116	0.00786	0.00796
44	0.01834	0.01548	0.01633	0.01440	0.01852	0.01782	0.01128	0.10679	0.62731	0.03078	0.02715	0.02504	0.02029	0.00935	0.00709	0.00234	0.00575	0.00772	0.00709	0.01113
45	0.01015	0.00677	0.00761	0.00761	0.00761	0.00677	0.00423	0.01015	0.01015	0.01353	0.02199	0.04567	0.02537	0.75476	0.03552	0.00677	0.00677	0.01015	0.00423	0.00423
46	0.02607	0.03326	0.01978	0.01798	0.02157	0.72674	0.01348	0.02787	0.01978	0.01708	0.01079	0.01258	0.00899	0.00719	0.00629	0.00180	0.01258	0.00449	0.00360	0.00809
47	0.01447	0.01240	0.01447	0.01034	0.01654	0.00930	0.00827	0.01757	0.01447	0.02274	0.01240	0.01447	0.01034	0.00517	0.00517	0.00103	0.00517	0.00413	0.00413	0.79742
48	0.01527	0.01527	0.02137	0.01832	0.01832	0.02137	0.01527	0.01679	0.01069	0.01679	0.00916	0.01527	0.00916	0.01221	0.02290	0.00305	0.74198	0.00611	0.00305	0.00763
49	0.01052	0.00845	0.01314	0.01239	0.01385	0.00809	0.10213	0.03548	0.01399	0.01871	0.03171	0.51211	0.03671	0.13267	0.01287	0.00335	0.00569	0.01622	0.00573	0.00619
50	0.01042	0.00833	0.00947	0.00897	0.01124	0.00799	0.00679	0.01568	0.12347	0.02472	0.36157	0.05377	0.30186	0.01481	0.00806	0.00228	0.00373	0.01268	0.00714	0.00701
51	0.00977	0.00665	0.00793	0.00845	0.00864	0.00654	0.00520	0.01027	0.01131	0.01506	0.02714	0.23364	0.03166	0.52158	0.02710	0.00554	0.00603	0.04782	0.00494	0.00473
52	0.01572	0.01579	0.02971	0.13751	0.30949	0.01584	0.24787	0.02028	0.01553	0.02135	0.01508	0.02270	0.01290	0.04388	0.00893	0.00250	0.00946	0.04242	0.00363	0.00942
53	0.02577	0.06223	0.02045	0.01774	0.02143	0.69883	0.01342	0.02759	0.01955	0.01705	0.01074	0.01253	0.00899	0.00714	0.00622	0.00179	0.01238	0.00446	0.00357	0.00812
54	0.00889	0.00709	0.00797	0.00775	0.00982	0.00617	0.00581	0.01127	0.01743	0.02248	0.32373	0.06119	0.45309	0.01632	0.00824	0.00229	0.00344	0.01389	0.00696	0.00617
55	0.01968	0.01614	0.01709	0.01467	0.01903	0.01844	0.01161	0.20189	0.53003	0.03294	0.02545	0.02369	0.01891	0.00919	0.00707	0.00230	0.00607	0.00748	0.00707	0.01125
56	0.01787	0.47312	0.24559	0.01485	0.02202	0.06228	0.01634	0.04238	0.01524	0.01906	0.01085	0.01254	0.00901	0.00632	0.00532	0.00175	0.00863	0.00429	0.00313	0.00942
57	0.02453	0.01783	0.01934	0.01538	0.02050	0.01968	0.01260	0.50278	0.15710	0.07983	0.02030	0.02112	0.01497	0.00899	0.00710	0.00219	0.00713	0.03003	0.00708	0.01152
58	0.00937	0.00705	0.00867	0.00840	0.01015	0.00635	0.00625	0.01213	0.01835	0.02498	0.50038	0.10007	0.23102	0.01563	0.00828	0.00228	0.00340	0.01362	0.00729	0.00635
59	0.12129	0.06106	0.25272	0.01499	0.04048	0.03241	0.01496	0.07433	0.09393	0.02530	0.06646	0.04743	0.10773	0.00945	0.00667	0.00220	0.00721	0.00750	0.00483	0.00908
60	0.01425	0.01231	0.01551	0.04998	0.04394	0.05423	0.06797	0.05265	0.14939	0.04300	0.05155	0.25743	0.09573	0.01405	0.00797	0.00248	0.00622	0.04724	0.00601	0.00807
61	0.04884	0.06703	0.01908	0.01388	0.01913	0.01684	0.01150	0.26910	0.13104	0.29690	0.02203	0.02036	0.01510	0.00843	0.00676	0.00212	0.00659	0.00657	0.00728	0.01141

[dist]
# distance from previous block
# <min> <max>
0	3

[block]
# block no. 8 follows, 30 sequences, length 18
# corresponding to MSA columns:
# 3972-3986,3988-3990
name=unknown_I
#
# <colnr> <probs for GDERKNQSTAVLIFYWHMCP>
#	G	D	E	R	K	N	Q	S	T	A	V	L	I	F	Y	W	H	M	C	P
0	0.02059	0.01765	0.02456	0.01840	0.02406	0.05094	0.20170	0.28858	0.02298	0.05246	0.04956	0.01907	0.01413	0.00878	0.02945	0.00228	0.00874	0.00678	0.00538	0.13391
1	0.57344	0.19787	0.01719	0.01028	0.01497	0.05275	0.00892	0.02096	0.01282	0.02696	0.00976	0.01136	0.00797	0.00639	0.00445	0.00198	0.00625	0.00380	0.00396	0.00793
2	0.00881	0.00709	0.00785	0.00766	0.00977	0.00613	0.00575	0.01111	0.01724	0.02202	0.29200	0.06193	0.48511	0.01649	0.00824	0.00230	0.00345	0.01400	0.00690	0.00613
3	0.02510	0.01409	0.06736	0.01583	0.08908	0.01180	0.01221	0.05087	0.06947	0.45027	0.05269	0.02634	0.06429	0.00911	0.00711	0.00218	0.00626	0.00757	0.00735	0.01102
4	0.02147	0.01799	0.01611	0.01402	0.01787	0.19334	0.01090	0.07431	0.24082	0.15377	0.13918	0.02605	0.02443	0.00949	0.00707	0.00214	0.00714	0.00757	0.00659	0.00975
5	0.02833	0.01445	0.01752	0.01367	0.01896	0.01436	0.01122	0.22320	0.10162	0.44309	0.02452	0.02199	0.01618	0.00866	0.00702	0.00216	0.00639	0.00691	0.00798	0.01178
6	0.02835	0.01165	0.01556	0.01213	0.01707	0.01035	0.00994	0.06366	0.02058	0.59554	0.11330	0.02701	0.02317	0.00934	0.00717	0.00216	0.00569	0.00769	0.00843	0.01120
7	0.00971	0.00674	0.00758	0.00775	0.00813	0.00653	0.00461	0.01008	0.01130	0.01473	0.03067	0.12095	0.12559	0.57380	0.02887	0.00573	0.00602	0.01180	0.00478	0.00461
8	0.00947	0.00707	0.00880	0.00847	0.01020	0.00640	0.00631	0.01235	0.01864	0.02559	0.54291	0.08999	0.19735	0.01535	0.00827	0.00226	0.00338	0.01341	0.00737	0.00640
9	0.01318	0.01240	0.02093	0.73798	0.04806	0.01550	0.01938	0.01783	0.01395	0.01783	0.01240	0.01860	0.00930	0.00698	0.00698	0.00233	0.00930	0.00620	0.00310	0.00775
10	0.01492	0.03106	0.54539	0.02094	0.03017	0.01590	0.14370	0.02225	0.01542	0.04739	0.03842	0.01715	0.01152	0.00684	0.00699	0.00223	0.01016	0.00605	0.00343	0.01007
11	0.00854	0.00622	0.00805	0.00941	0.01006	0.00573	0.00636	0.00989	0.01389	0.01835	0.07044	0.65149	0.11364	0.02111	0.00881	0.00276	0.00396	0.01901	0.00653	0.00573
12	0.01005	0.00715	0.00954	0.00954	0.01021	0.00782	0.00664	0.01139	0.01072	0.01496	0.02022	0.03588	0.02112	0.37798	0.40648	0.00915	0.01316	0.00872	0.00397	0.00530
13	0.02673	0.01754	0.01953	0.01504	0.02042	0.01881	0.01240	0.53344	0.02978	0.17238	0.04842	0.01961	0.01522	0.00868	0.00704	0.00211	0.00716	0.00670	0.00733	0.01164
14	0.01821	0.64907	0.06915	0.01411	0.02039	0.02605	0.08166	0.02110	0.01444	0.01729	0.01029	0.01214	0.00912	0.00599	0.00496	0.00161	0.00804	0.00426	0.00304	0.00907
15	0.01482	0.01439	0.02536	0.44402	0.25803	0.01607	0.08833	0.01944	0.01483	0.01988	0.01281	0.01820	0.00999	0.00662	0.00708	0.00225	0.00923	0.00642	0.00326	0.00897
16	0.02073	0.01647	0.03130	0.01344	0.01695	0.16932	0.01066	0.07705	0.09148	0.18780	0.09487	0.10396	0.02542	0.04795	0.00878	0.00248	0.00721	0.05880	0.00639	0.00893
17	0.01922	0.09623	0.02695	0.06231	0.45881	0.17672	0.01859	0.02266	0.01651	0.02066	0.01222	0.01565	0.01031	0.00644	0.00652	0.00196	0.00921	0.00558	0.00342	0.01004

[dist]
# distance from previous block
# <min> <max>
0	1

[block]
