[name]
unknown

[dist]
# distance from previous block
# <min> <max>
0	502

[block]
# block no. 0 follows, 27 sequences, length 113
# corresponding to MSA columns:
# 663-665,667-684,691-703,712-790
name=unknown_A
#
# <colnr> <probs for GDERKNQSTAVLIFYWHMCP>
#	G	D	E	R	K	N	Q	S	T	A	V	L	I	F	Y	W	H	M	C	P
0	0.01478	0.01360	0.02227	0.68365	0.04963	0.01684	0.02027	0.05364	0.01592	0.02045	0.01344	0.01969	0.01004	0.00750	0.00742	0.00246	0.00980	0.00660	0.00352	0.00848
1	0.00896	0.00753	0.00777	0.00771	0.01014	0.00634	0.00578	0.01101	0.01735	0.02108	0.13984	0.06976	0.62451	0.01842	0.00877	0.00249	0.00373	0.01543	0.00703	0.00634
2	0.01002	0.00687	0.00833	0.00909	0.00928	0.00668	0.00556	0.01059	0.01231	0.01641	0.03114	0.35159	0.03676	0.42276	0.02527	0.00535	0.00592	0.01535	0.00556	0.00518
3	0.02822	0.02079	0.02228	0.01708	0.02302	0.02302	0.01411	0.66804	0.03490	0.04679	0.01782	0.01782	0.01262	0.00891	0.00743	0.00223	0.00817	0.00668	0.00743	0.01262
4	0.01070	0.00789	0.01184	0.01184	0.01311	0.00916	0.00916	0.01311	0.01184	0.01705	0.01960	0.02889	0.01832	0.05444	0.68151	0.04389	0.01933	0.00789	0.00395	0.00649
5	0.00903	0.00650	0.00857	0.01023	0.01074	0.00604	0.00684	0.01035	0.01432	0.01899	0.04227	0.70816	0.07433	0.02308	0.00945	0.00299	0.00429	0.02089	0.00689	0.00604
6	0.01985	0.74357	0.03890	0.01270	0.01905	0.02937	0.01270	0.02223	0.01508	0.01747	0.01032	0.01191	0.00953	0.00635	0.00476	0.00159	0.00794	0.00397	0.00318	0.00953
7	0.01051	0.00759	0.00992	0.00934	0.01109	0.00700	0.00700	0.01401	0.02101	0.02977	0.68888	0.05545	0.07005	0.01518	0.00876	0.00233	0.00350	0.01343	0.00817	0.00700
8	0.01131	0.00853	0.01056	0.00989	0.01196	0.00826	0.00746	0.01669	0.09534	0.02935	0.57844	0.05324	0.10087	0.01481	0.00862	0.00237	0.00379	0.01299	0.00803	0.00750
9	0.02822	0.02079	0.02228	0.01708	0.02302	0.02302	0.01411	0.66804	0.03490	0.04679	0.01782	0.01782	0.01262	0.00891	0.00743	0.00223	0.00817	0.00668	0.00743	0.01262
10	0.00904	0.00646	0.00861	0.01034	0.01077	0.00603	0.00689	0.01034	0.01421	0.01895	0.04092	0.73426	0.04910	0.02326	0.00948	0.00301	0.00431	0.02110	0.00689	0.00603
11	0.01384	0.00692	0.00692	0.00692	0.00865	0.00692	0.00519	0.01730	0.01557	0.02768	0.02422	0.02768	0.01903	0.00865	0.00519	0.00173	0.00346	0.00692	0.78031	0.00692
12	0.01402	0.01319	0.02227	0.72126	0.05113	0.01649	0.02062	0.01897	0.01484	0.01897	0.01319	0.01979	0.00990	0.00742	0.00742	0.00247	0.00990	0.00660	0.00330	0.00825
13	0.01443	0.00749	0.00755	0.00734	0.00924	0.00759	0.00556	0.04423	0.01637	0.02847	0.02395	0.02727	0.01876	0.00866	0.00528	0.00175	0.00365	0.00691	0.74833	0.00716
14	0.11919	0.01283	0.01651	0.01282	0.01843	0.01156	0.01059	0.03455	0.02027	0.62266	0.02714	0.02377	0.01721	0.00893	0.00714	0.00230	0.00625	0.00708	0.00867	0.01211
15	0.01752	0.02003	0.04380	0.03129	0.03880	0.01877	0.66583	0.02378	0.01752	0.02378	0.01502	0.02003	0.01126	0.00626	0.00876	0.00250	0.01252	0.00876	0.00375	0.01001
16	0.01051	0.00759	0.00992	0.00934	0.01109	0.00700	0.00700	0.01401	0.02101	0.02977	0.68888	0.05545	0.07005	0.01518	0.00876	0.00233	0.00350	0.01343	0.00817	0.00700
17	0.02546	0.01813	0.01933	0.01513	0.02026	0.01993	0.01240	0.54294	0.03119	0.04311	0.01905	0.01972	0.01386	0.00886	0.00700	0.00213	0.00726	0.00673	0.15601	0.01153
18	0.01767	0.01692	0.02886	0.15468	0.58917	0.01745	0.02243	0.02217	0.01657	0.02340	0.01384	0.01860	0.01146	0.00674	0.00736	0.00225	0.00899	0.00661	0.00361	0.01119
19	0.02185	0.01131	0.01623	0.01365	0.01744	0.01114	0.04181	0.06665	0.01791	0.31510	0.02499	0.07298	0.01976	0.02789	0.27843	0.00606	0.01184	0.00857	0.00665	0.00975
20	0.01289	0.00645	0.00967	0.00967	0.00967	0.00645	0.00645	0.00967	0.00967	0.01289	0.01289	0.02257	0.01289	0.02579	0.02901	0.78401	0.00645	0.00645	0.00322	0.00322
21	0.02773	0.03538	0.02104	0.01913	0.02295	0.70930	0.01434	0.02964	0.02104	0.01817	0.01148	0.01339	0.00956	0.00765	0.00669	0.00191	0.01339	0.00478	0.00383	0.00861
22	0.00969	0.00756	0.00879	0.00848	0.01059	0.00666	0.00636	0.01243	0.01908	0.02519	0.39948	0.06299	0.36230	0.01689	0.00876	0.00242	0.00362	0.01448	0.00757	0.00666
23	0.00904	0.00646	0.00861	0.01034	0.01077	0.00603	0.00689	0.01034	0.01421	0.01895	0.04092	0.73426	0.04910	0.02326	0.00948	0.00301	0.00431	0.02110	0.00689	0.00603
24	0.03331	0.01263	0.01723	0.01321	0.01895	0.01091	0.01091	0.03618	0.02125	0.69794	0.02929	0.02527	0.01838	0.00919	0.00747	0.00230	0.00632	0.00747	0.00919	0.01263
25	0.00904	0.00646	0.00861	0.01034	0.01077	0.00603	0.00689	0.01034	0.01421	0.01895	0.04092	0.73426	0.04910	0.02326	0.00948	0.00301	0.00431	0.02110	0.00689	0.00603
26	0.01985	0.74357	0.03890	0.01270	0.01905	0.02937	0.01270	0.02223	0.01508	0.01747	0.01032	0.01191	0.00953	0.00635	0.00476	0.00159	0.00794	0.00397	0.00318	0.00953
27	0.79154	0.01436	0.01091	0.00976	0.01436	0.01665	0.00804	0.02182	0.01263	0.03331	0.01034	0.01206	0.00804	0.00689	0.00459	0.00230	0.00574	0.00402	0.00459	0.00804
28	0.02822	0.02079	0.02228	0.01708	0.02302	0.02302	0.01411	0.66804	0.03490	0.04679	0.01782	0.01782	0.01262	0.00891	0.00743	0.00223	0.00817	0.00668	0.00743	0.01262
29	0.02657	0.03073	0.01997	0.01774	0.02169	0.54683	0.01350	0.12168	0.02258	0.02319	0.01353	0.01530	0.01085	0.00792	0.00667	0.00194	0.01174	0.00525	0.07328	0.00904
30	0.01289	0.00645	0.00967	0.00967	0.00967	0.00645	0.00645	0.00967	0.00967	0.01289	0.01289	0.02257	0.01289	0.02579	0.02901	0.78401	0.00645	0.00645	0.00322	0.00322
31	0.01752	0.02003	0.04380	0.03129	0.03880	0.01877	0.66583	0.02378	0.01752	0.02378	0.01502	0.02003	0.01126	0.00626	0.00876	0.00250	0.01252	0.00876	0.00375	0.01001
32	0.01585	0.01506	0.02557	0.43779	0.32032	0.01697	0.02153	0.02057	0.01571	0.02118	0.01352	0.01920	0.01068	0.00708	0.00739	0.00236	0.00944	0.00660	0.00346	0.00972
33	0.00893	0.00753	0.00773	0.00768	0.01012	0.00633	0.00576	0.01095	0.01728	0.02092	0.12968	0.07002	0.63477	0.01848	0.00877	0.00249	0.00374	0.01547	0.00701	0.00633
34	0.02195	0.55499	0.03414	0.01441	0.02009	0.21043	0.01314	0.02420	0.01667	0.01765	0.01063	0.01230	0.00954	0.00670	0.00528	0.00167	0.00939	0.00419	0.00335	0.00928
35	0.00904	0.00646	0.00861	0.01034	0.01077	0.00603	0.00689	0.01034	0.01421	0.01895	0.04092	0.73426	0.04910	0.02326	0.00948	0.00301	0.00431	0.02110	0.00689	0.00603
36	0.01080	0.00720	0.00810	0.00810	0.00810	0.00720	0.00450	0.01080	0.01080	0.01439	0.02339	0.04858	0.02699	0.73910	0.03779	0.00720	0.00720	0.01080	0.00450	0.00450
37	0.02003	0.61246	0.03539	0.01362	0.01921	0.09023	0.01291	0.02233	0.01531	0.01754	0.01076	0.01292	0.00988	0.00868	0.03254	0.00210	0.04722	0.00433	0.00327	0.00926
38	0.01080	0.00720	0.00810	0.00810	0.00810	0.00720	0.00450	0.01080	0.01080	0.01439	0.02339	0.04858	0.02699	0.73910	0.03779	0.00720	0.00720	0.01080	0.00450	0.00450
39	0.01752	0.02003	0.04380	0.03129	0.03880	0.01877	0.66583	0.02378	0.01752	0.02378	0.01502	0.02003	0.01126	0.00626	0.00876	0.00250	0.01252	0.00876	0.00375	0.01001
40	0.01465	0.01360	0.02191	0.56659	0.10272	0.01639	0.01943	0.02097	0.07965	0.02061	0.01596	0.04735	0.01278	0.00821	0.00751	0.00248	0.00920	0.00732	0.00388	0.00881
41	0.01985	0.74357	0.03890	0.01270	0.01905	0.02937	0.01270	0.02223	0.01508	0.01747	0.01032	0.01191	0.00953	0.00635	0.00476	0.00159	0.00794	0.00397	0.00318	0.00953
42	0.00975	0.00756	0.00887	0.00854	0.01062	0.00668	0.00641	0.01254	0.01922	0.02550	0.41947	0.06247	0.34212	0.01677	0.00876	0.00241	0.00362	0.01441	0.00761	0.00668
43	0.09624	0.03588	0.62839	0.01997	0.03027	0.01718	0.02540	0.02333	0.01536	0.02454	0.01301	0.01529	0.00926	0.00704	0.00680	0.00235	0.01042	0.00533	0.00329	0.01066
44	0.70962	0.01568	0.05149	0.01059	0.01562	0.01641	0.00931	0.02261	0.01323	0.06479	0.01143	0.01291	0.00862	0.00701	0.00488	0.00230	0.00608	0.00427	0.00473	0.00843
45	0.01645	0.01371	0.01580	0.01163	0.01782	0.01129	0.00931	0.07985	0.04268	0.02686	0.05036	0.01823	0.01474	0.00651	0.00593	0.00132	0.00565	0.00525	0.00500	0.64162
46	0.01036	0.00758	0.00971	0.00918	0.01100	0.00694	0.00689	0.01372	0.02066	0.02892	0.63512	0.05685	0.12433	0.01549	0.00876	0.00235	0.00352	0.01362	0.00806	0.00694
47	0.00897	0.00753	0.00779	0.00772	0.01015	0.00635	0.00579	0.01103	0.01738	0.02114	0.14382	0.06966	0.62049	0.01840	0.00877	0.00249	0.00373	0.01542	0.00704	0.00635
48	0.01564	0.03822	0.66096	0.02104	0.03159	0.05765	0.02666	0.02387	0.01599	0.02320	0.01321	0.01554	0.00941	0.00709	0.00703	0.00233	0.01111	0.00544	0.00317	0.01083
49	0.02773	0.03538	0.02104	0.01913	0.02295	0.70930	0.01434	0.02964	0.02104	0.01817	0.01148	0.01339	0.00956	0.00765	0.00669	0.00191	0.01339	0.00478	0.00383	0.00861
50	0.00879	0.00746	0.00758	0.00768	0.01007	0.00625	0.00571	0.01064	0.01676	0.01999	0.07320	0.11015	0.65237	0.01906	0.00881	0.00254	0.00379	0.01599	0.00689	0.00625
51	0.02849	0.02036	0.02201	0.01687	0.02280	0.02237	0.01394	0.63429	0.03417	0.08157	0.01844	0.01822	0.01293	0.00893	0.00743	0.00223	0.00807	0.00673	0.00752	0.01263
52	0.01424	0.01558	0.06577	0.34135	0.03878	0.01533	0.21138	0.01926	0.01607	0.02124	0.05120	0.07758	0.06074	0.00933	0.00810	0.00251	0.00963	0.00917	0.00415	0.00858
53	0.01402	0.01319	0.02227	0.72126	0.05113	0.01649	0.02062	0.01897	0.01484	0.01897	0.01319	0.01979	0.00990	0.00742	0.00742	0.00247	0.00990	0.00660	0.00330	0.00825
54	0.01384	0.00692	0.00692	0.00692	0.00865	0.00692	0.00519	0.01730	0.01557	0.02768	0.02422	0.02768	0.01903	0.00865	0.00519	0.00173	0.00346	0.00692	0.78031	0.00692
55	0.69815	0.01373	0.01114	0.03575	0.01535	0.01584	0.00835	0.02118	0.01322	0.03241	0.04365	0.01498	0.01148	0.00737	0.00492	0.00229	0.00571	0.00467	0.03184	0.00796
56	0.79154	0.01436	0.01091	0.00976	0.01436	0.01665	0.00804	0.02182	0.01263	0.03331	0.01034	0.01206	0.00804	0.00689	0.00459	0.00230	0.00574	0.00402	0.00459	0.00804
57	0.01080	0.00720	0.00810	0.00810	0.00810	0.00720	0.00450	0.01080	0.01080	0.01439	0.02339	0.04858	0.02699	0.73910	0.03779	0.00720	0.00720	0.01080	0.00450	0.00450
58	0.00904	0.00646	0.00861	0.01034	0.01077	0.00603	0.00689	0.01034	0.01421	0.01895	0.04092	0.73426	0.04910	0.02326	0.00948	0.00301	0.00431	0.02110	0.00689	0.00603
59	0.01606	0.01527	0.02595	0.40521	0.35126	0.01703	0.02163	0.02075	0.01581	0.02144	0.01355	0.01913	0.01077	0.00704	0.00739	0.00235	0.00939	0.00661	0.00347	0.00989
60	0.01681	0.01580	0.02786	0.04891	0.15445	0.01599	0.24572	0.08855	0.03988	0.02418	0.01738	0.02480	0.01498	0.10902	0.11781	0.00445	0.01146	0.00819	0.00437	0.00940
61	0.00904	0.00646	0.00861	0.01034	0.01077	0.00603	0.00689	0.01034	0.01421	0.01895	0.04092	0.73426	0.04910	0.02326	0.00948	0.00301	0.00431	0.02110	0.00689	0.00603
62	0.02660	0.01947	0.02114	0.04394	0.02306	0.02157	0.01370	0.59440	0.03269	0.04428	0.01812	0.01863	0.01299	0.00883	0.00726	0.00220	0.00789	0.00670	0.06449	0.01203
63	0.00904	0.00646	0.00861	0.01034	0.01077	0.00603	0.00689	0.01034	0.01421	0.01895	0.04092	0.73426	0.04910	0.02326	0.00948	0.00301	0.00431	0.02110	0.00689	0.00603
64	0.01494	0.01440	0.02308	0.62496	0.11982	0.03931	0.02065	0.01973	0.01527	0.01951	0.01322	0.01943	0.01009	0.00734	0.00739	0.00243	0.00989	0.00654	0.00336	0.00864
65	0.79154	0.01436	0.01091	0.00976	0.01436	0.01665	0.00804	0.02182	0.01263	0.03331	0.01034	0.01206	0.00804	0.00689	0.00459	0.00230	0.00574	0.00402	0.00459	0.00804
66	0.01384	0.00692	0.00692	0.00692	0.00865	0.00692	0.00519	0.01730	0.01557	0.02768	0.02422	0.02768	0.01903	0.00865	0.00519	0.00173	0.00346	0.00692	0.78031	0.00692
67	0.01743	0.02100	0.08593	0.03206	0.10429	0.01856	0.55872	0.02366	0.01734	0.02381	0.01480	0.01957	0.01119	0.00635	0.00851	0.00246	0.01204	0.00833	0.00371	0.01025
68	0.02822	0.02079	0.02228	0.01708	0.02302	0.02302	0.01411	0.66804	0.03490	0.04679	0.01782	0.01782	0.01262	0.00891	0.00743	0.00223	0.00817	0.00668	0.00743	0.01262
69	0.00984	0.00756	0.00899	0.00864	0.01068	0.00672	0.00648	0.01271	0.01943	0.02601	0.45137	0.06164	0.30990	0.01658	0.00876	0.00240	0.00360	0.01429	0.00768	0.00672
70	0.53786	0.01334	0.01236	0.01056	0.01518	0.01440	0.00865	0.02462	0.01547	0.19457	0.07520	0.01912	0.01606	0.00819	0.00566	0.00230	0.00568	0.00569	0.00603	0.00906
71	0.02238	0.51952	0.03343	0.01449	0.02029	0.16517	0.01319	0.09686	0.01852	0.02093	0.01140	0.01288	0.00988	0.00690	0.00545	0.00173	0.00906	0.00444	0.00379	0.00969
72	0.27186	0.06224	0.02515	0.02153	0.10677	0.11741	0.15780	0.08047	0.01751	0.02757	0.01263	0.01547	0.00999	0.00721	0.00720	0.00227	0.03729	0.00583	0.00430	0.00952
73	0.02849	0.02036	0.02201	0.01687	0.02280	0.02237	0.01394	0.63429	0.03417	0.08157	0.01844	0.01822	0.01293	0.00893	0.00743	0.00223	0.00807	0.00673	0.00752	0.01263
74	0.01042	0.00803	0.00982	0.01065	0.01273	0.00743	0.00883	0.01313	0.01716	0.02149	0.07987	0.07697	0.34526	0.01952	0.00951	0.00295	0.00528	0.32747	0.00691	0.00658
75	0.01592	0.01507	0.02617	0.37001	0.28334	0.01656	0.07779	0.02070	0.01588	0.02185	0.01428	0.01975	0.01124	0.00709	0.00738	0.00233	0.00936	0.00681	0.04885	0.00962
76	0.01771	0.01528	0.01700	0.01654	0.05800	0.01748	0.01208	0.03606	0.58223	0.02952	0.02923	0.05647	0.02293	0.01253	0.04017	0.00296	0.00663	0.00880	0.00713	0.01128
77	0.00932	0.00658	0.00853	0.00998	0.01034	0.00622	0.00651	0.01041	0.01367	0.01822	0.03812	0.62474	0.04557	0.13759	0.01400	0.00368	0.00477	0.01946	0.00651	0.00579
78	0.03331	0.01263	0.01723	0.01321	0.01895	0.01091	0.01091	0.03618	0.02125	0.69794	0.02929	0.02527	0.01838	0.00919	0.00747	0.00230	0.00632	0.00747	0.00919	0.01263
79	0.01872	0.05206	0.03701	0.02787	0.06372	0.11869	0.44949	0.02362	0.01740	0.02218	0.01500	0.04740	0.01241	0.00756	0.00917	0.00243	0.05358	0.00825	0.00383	0.00960
80	0.01583	0.05570	0.01905	0.01561	0.01780	0.01611	0.04676	0.13253	0.01727	0.02379	0.02269	0.21848	0.02377	0.01972	0.09530	0.00389	0.20075	0.04138	0.00528	0.00830
81	0.01384	0.00692	0.00692	0.00692	0.00865	0.00692	0.00519	0.01730	0.01557	0.02768	0.02422	0.02768	0.01903	0.00865	0.00519	0.00173	0.00346	0.00692	0.78031	0.00692
82	0.01835	0.01752	0.01989	0.04246	0.02109	0.10582	0.03432	0.04068	0.03480	0.04498	0.01315	0.01647	0.01103	0.00854	0.01182	0.00208	0.22834	0.00561	0.00425	0.31879
83	0.02773	0.03538	0.02104	0.01913	0.02295	0.70930	0.01434	0.02964	0.02104	0.01817	0.01148	0.01339	0.00956	0.00765	0.00669	0.00191	0.01339	0.00478	0.00383	0.00861
84	0.00911	0.00753	0.00799	0.00787	0.01023	0.00641	0.00590	0.01130	0.01771	0.02194	0.19420	0.06834	0.56961	0.01810	0.00877	0.00247	0.00371	0.01523	0.00714	0.00641
85	0.01489	0.03840	0.70064	0.02116	0.03213	0.01724	0.02743	0.02351	0.01567	0.02351	0.01332	0.01567	0.00940	0.00705	0.00705	0.00235	0.01097	0.00549	0.00313	0.01097
86	0.01792	0.29776	0.16678	0.01828	0.02372	0.05165	0.07473	0.02166	0.01458	0.01938	0.01122	0.01470	0.00972	0.00847	0.01135	0.00232	0.21762	0.00547	0.00327	0.00941
87	0.00904	0.00646	0.00861	0.01034	0.01077	0.00603	0.00689	0.01034	0.01421	0.01895	0.04092	0.73426	0.04910	0.02326	0.00948	0.00301	0.00431	0.02110	0.00689	0.00603
88	0.02469	0.30846	0.02793	0.01665	0.02145	0.44712	0.01371	0.02678	0.01874	0.01790	0.01103	0.01282	0.00955	0.00715	0.00595	0.00179	0.01129	0.00447	0.00357	0.00896
89	0.00904	0.00646	0.00861	0.01034	0.01077	0.00603	0.00689	0.01034	0.01421	0.01895	0.04092	0.73426	0.04910	0.02326	0.00948	0.00301	0.00431	0.02110	0.00689	0.00603
90	0.02728	0.05545	0.04443	0.01737	0.02269	0.25476	0.01425	0.33300	0.05201	0.08272	0.01653	0.01693	0.01216	0.00838	0.00706	0.00211	0.00980	0.00601	0.00602	0.01105
91	0.23479	0.07407	0.23095	0.04224	0.09361	0.01827	0.15958	0.02280	0.01528	0.02585	0.01270	0.01573	0.00968	0.00675	0.00661	0.00230	0.00938	0.00583	0.00374	0.00984
92	0.01384	0.00692	0.00692	0.00692	0.00865	0.00692	0.00519	0.01730	0.01557	0.02768	0.02422	0.02768	0.01903	0.00865	0.00519	0.00173	0.00346	0.00692	0.78031	0.00692
93	0.01878	0.01830	0.02903	0.04282	0.62840	0.04702	0.02184	0.02396	0.05247	0.02436	0.01473	0.01866	0.01225	0.00684	0.00733	0.00221	0.00886	0.00663	0.00389	0.01162
94	0.01826	0.01808	0.02789	0.09053	0.56870	0.06488	0.02125	0.02242	0.01704	0.02326	0.01657	0.02059	0.04290	0.00731	0.00738	0.00222	0.00898	0.00691	0.00381	0.01103
95	0.00887	0.00736	0.00777	0.00801	0.01018	0.00626	0.00588	0.01072	0.01665	0.02022	0.09096	0.17232	0.57053	0.01936	0.00888	0.00258	0.00384	0.01642	0.00694	0.00626
96	0.02117	0.01729	0.01831	0.01566	0.02034	0.01973	0.01241	0.21398	0.50044	0.03542	0.02677	0.02496	0.01987	0.00975	0.00752	0.00244	0.00651	0.00792	0.00752	0.01199
97	0.01985	0.74357	0.03890	0.01270	0.01905	0.02937	0.01270	0.02223	0.01508	0.01747	0.01032	0.01191	0.00953	0.00635	0.00476	0.00159	0.00794	0.00397	0.00318	0.00953
98	0.01976	0.01440	0.01701	0.01393	0.01817	0.03902	0.05351	0.19014	0.09332	0.12120	0.16538	0.03799	0.16004	0.01206	0.00804	0.00235	0.00635	0.01016	0.00735	0.00983
99	0.02477	0.01695	0.01876	0.01541	0.02051	0.01852	0.01239	0.25435	0.32730	0.16926	0.02578	0.02383	0.01837	0.00950	0.00749	0.00237	0.00675	0.00762	0.00784	0.01223
100	0.01379	0.00875	0.00900	0.00866	0.01098	0.00901	0.00657	0.02032	0.14191	0.02718	0.05761	0.03567	0.12863	0.01078	0.00634	0.00203	0.00397	0.00883	0.48226	0.00773
101	0.02014	0.04626	0.09173	0.02319	0.02962	0.01703	0.33711	0.02641	0.06760	0.15887	0.01967	0.05521	0.01507	0.00839	0.00898	0.00248	0.04815	0.00848	0.00518	0.01044
102	0.02845	0.04232	0.02059	0.01499	0.02098	0.01595	0.03753	0.25082	0.02493	0.34731	0.02229	0.02091	0.01497	0.00846	0.00718	0.00212	0.00717	0.00678	0.00762	0.09864
103	0.00904	0.00678	0.00830	0.00949	0.01046	0.00614	0.00646	0.01044	0.01481	0.01907	0.04947	0.52855	0.22097	0.05024	0.01040	0.00304	0.00427	0.01923	0.00680	0.00603
104	0.07902	0.01997	0.02128	0.01641	0.02225	0.02202	0.01355	0.59477	0.03277	0.07730	0.01788	0.01780	0.01260	0.00879	0.00724	0.00224	0.00792	0.00655	0.00732	0.01232
105	0.01836	0.01708	0.02504	0.31315	0.27360	0.05153	0.01996	0.11321	0.01857	0.02473	0.01389	0.01853	0.01093	0.00761	0.00815	0.00235	0.04260	0.00652	0.00404	0.01014
106	0.01588	0.01610	0.01836	0.06306	0.01981	0.13116	0.01360	0.01816	0.01341	0.01775	0.01408	0.02087	0.01304	0.02780	0.27819	0.00624	0.29446	0.00677	0.00362	0.00765
107	0.01384	0.00692	0.00692	0.00692	0.00865	0.00692	0.00519	0.01730	0.01557	0.02768	0.02422	0.02768	0.01903	0.00865	0.00519	0.00173	0.00346	0.00692	0.78031	0.00692
108	0.06456	0.01720	0.02014	0.04189	0.08794	0.01784	0.01331	0.33638	0.04673	0.08630	0.01810	0.04312	0.01393	0.00845	0.00699	0.00207	0.00732	0.00673	0.00632	0.15467
109	0.01820	0.01746	0.02981	0.07298	0.66676	0.01759	0.02270	0.02263	0.01682	0.02404	0.01393	0.01843	0.01168	0.00665	0.00735	0.00222	0.00886	0.00661	0.00366	0.01162
110	0.00904	0.00646	0.00861	0.01034	0.01077	0.00603	0.00689	0.01034	0.01421	0.01895	0.04092	0.73426	0.04910	0.02326	0.00948	0.00301	0.00431	0.02110	0.00689	0.00603
111	0.01877	0.01756	0.02975	0.05652	0.02983	0.01803	0.31697	0.07208	0.24105	0.05637	0.04816	0.02410	0.01780	0.00826	0.00815	0.00247	0.00924	0.00853	0.00566	0.01067
112	0.02129	0.01380	0.02093	0.37400	0.08536	0.01516	0.01683	0.08166	0.01850	0.22316	0.01843	0.02123	0.01290	0.00865	0.00817	0.02913	0.00848	0.00686	0.00544	0.01003

[dist]
# distance from previous block
# <min> <max>
0	41

[block]
# block no. 1 follows, 27 sequences, length 30
# corresponding to MSA columns:
# 832-861
name=unknown_B
#
# <colnr> <probs for GDERKNQSTAVLIFYWHMCP>
#	G	D	E	R	K	N	Q	S	T	A	V	L	I	F	Y	W	H	M	C	P
0	0.00912	0.00695	0.00842	0.00955	0.01077	0.00626	0.00674	0.01073	0.01532	0.01952	0.05277	0.46632	0.27196	0.02155	0.00928	0.00286	0.00426	0.05458	0.00689	0.00616
1	0.02557	0.23099	0.02605	0.01724	0.02187	0.48636	0.01388	0.05962	0.02008	0.01941	0.01147	0.01320	0.00971	0.00735	0.00620	0.00184	0.01162	0.00465	0.00383	0.00906
2	0.00955	0.00694	0.00905	0.01049	0.01116	0.00663	0.00711	0.01183	0.04391	0.02012	0.07846	0.66331	0.04916	0.02220	0.00935	0.00295	0.00433	0.02009	0.00700	0.00634
3	0.19926	0.28672	0.18162	0.08638	0.02493	0.02170	0.04020	0.02201	0.01459	0.02297	0.01146	0.01404	0.00926	0.00696	0.00630	0.00211	0.03175	0.00485	0.00354	0.00935
4	0.05656	0.02055	0.02186	0.01681	0.02270	0.02279	0.01388	0.64405	0.03408	0.04629	0.01755	0.01761	0.01245	0.00884	0.00732	0.00223	0.00808	0.00658	0.00732	0.01245
5	0.01384	0.00692	0.00692	0.00692	0.00865	0.00692	0.00519	0.01730	0.01557	0.02768	0.02422	0.02768	0.01903	0.00865	0.00519	0.00173	0.00346	0.00692	0.78031	0.00692
6	0.02124	0.01578	0.01717	0.01326	0.01858	0.01586	0.01076	0.34481	0.02532	0.03584	0.02067	0.02161	0.05161	0.00843	0.00661	0.00184	0.00644	0.00656	0.11980	0.23780
7	0.02354	0.02728	0.21801	0.02120	0.06586	0.17640	0.09105	0.09842	0.02043	0.16119	0.01685	0.01797	0.01196	0.00771	0.00730	0.00223	0.01033	0.00629	0.00509	0.01088
8	0.00892	0.00753	0.00772	0.00767	0.01012	0.00633	0.00575	0.01093	0.01726	0.02087	0.12649	0.07011	0.63799	0.01850	0.00877	0.00249	0.00374	0.01548	0.00700	0.00633
9	0.01992	0.01667	0.01760	0.01540	0.01986	0.01914	0.01210	0.13302	0.58345	0.03340	0.02837	0.02623	0.02117	0.00990	0.00753	0.00247	0.00622	0.00814	0.00753	0.01188
10	0.01985	0.74357	0.03890	0.01270	0.01905	0.02937	0.01270	0.02223	0.01508	0.01747	0.01032	0.01191	0.00953	0.00635	0.00476	0.00159	0.00794	0.00397	0.00318	0.00953
11	0.01470	0.04106	0.01300	0.01224	0.01422	0.16293	0.00901	0.03907	0.01738	0.02118	0.08198	0.35697	0.08976	0.01683	0.00830	0.00254	0.00653	0.03745	0.04771	0.00713
12	0.02846	0.02042	0.02205	0.01690	0.02283	0.02246	0.01396	0.63886	0.03427	0.07685	0.01835	0.01817	0.01289	0.00892	0.00743	0.00223	0.00808	0.00672	0.00751	0.01263
13	0.00904	0.00646	0.00861	0.01034	0.01077	0.00603	0.00689	0.01034	0.01421	0.01895	0.04092	0.73426	0.04910	0.02326	0.00948	0.00301	0.00431	0.02110	0.00689	0.00603
14	0.01856	0.01952	0.06692	0.04313	0.62874	0.04595	0.02269	0.02310	0.01700	0.02396	0.01383	0.01802	0.01154	0.00668	0.00731	0.00220	0.00913	0.00648	0.00365	0.01159
15	0.06041	0.16100	0.02101	0.01323	0.01824	0.01624	0.01127	0.11348	0.01969	0.31348	0.02126	0.02169	0.01537	0.01724	0.13924	0.00396	0.00943	0.00659	0.00654	0.01066
16	0.00900	0.00662	0.00845	0.00991	0.01065	0.00607	0.00670	0.01039	0.01463	0.01912	0.04614	0.63331	0.14668	0.02258	0.00937	0.00294	0.00422	0.02028	0.00689	0.00607
17	0.02943	0.01886	0.02108	0.01616	0.02206	0.02015	0.01335	0.51818	0.03167	0.20122	0.02054	0.01959	0.01399	0.00898	0.00744	0.00224	0.00773	0.00687	0.00784	0.01263
18	0.02018	0.63570	0.09266	0.01363	0.02026	0.04905	0.01391	0.02308	0.01555	0.04302	0.01130	0.01276	0.00984	0.00655	0.00511	0.00169	0.00830	0.00425	0.00341	0.00973
19	0.74924	0.01471	0.01154	0.01017	0.01484	0.01701	0.00838	0.05764	0.01387	0.03405	0.01075	0.01238	0.00829	0.00700	0.00475	0.00229	0.00588	0.00417	0.00475	0.00829
20	0.01469	0.00830	0.00976	0.00879	0.01105	0.00832	0.04434	0.04622	0.01653	0.02829	0.02340	0.02680	0.01829	0.00852	0.00550	0.00180	0.00420	0.00702	0.70085	0.00735
21	0.01666	0.01450	0.01844	0.03318	0.02009	0.01356	0.04083	0.08388	0.01681	0.02521	0.01413	0.03921	0.01218	0.00760	0.00879	0.00169	0.11171	0.00573	0.00455	0.51123
22	0.02284	0.02395	0.01926	0.01707	0.02051	0.35428	0.04239	0.11102	0.02077	0.06013	0.02017	0.18080	0.01964	0.01167	0.00835	0.00232	0.04153	0.00920	0.00529	0.00882
23	0.00903	0.00651	0.00856	0.01020	0.01073	0.00604	0.00683	0.01035	0.01435	0.01901	0.04264	0.70100	0.08125	0.02303	0.00944	0.00299	0.00428	0.02083	0.00689	0.00604
24	0.01800	0.01413	0.01626	0.01466	0.01840	0.01563	0.03061	0.05509	0.45402	0.07623	0.03140	0.15058	0.02687	0.01247	0.00800	0.00261	0.00595	0.03104	0.00741	0.01065
25	0.01580	0.02342	0.24227	0.02003	0.02358	0.02096	0.01986	0.01969	0.01276	0.01969	0.01090	0.01606	0.00963	0.01107	0.01876	0.00296	0.49412	0.00617	0.00321	0.00904
26	0.00904	0.00753	0.00788	0.00779	0.01019	0.00638	0.00585	0.01116	0.01754	0.02152	0.16770	0.06903	0.59637	0.01825	0.00877	0.00248	0.00372	0.01533	0.00709	0.00638
27	0.02773	0.03538	0.02104	0.01913	0.02295	0.70930	0.01434	0.02964	0.02104	0.01817	0.01148	0.01339	0.00956	0.00765	0.00669	0.00191	0.01339	0.00478	0.00383	0.00861
28	0.00945	0.00733	0.00860	0.00874	0.01056	0.00648	0.00638	0.01179	0.01783	0.02330	0.28739	0.20000	0.33870	0.01841	0.00891	0.00255	0.00378	0.01597	0.00735	0.00648
29	0.02800	0.02006	0.02199	0.04225	0.02380	0.02210	0.01416	0.60869	0.03340	0.08282	0.01831	0.01832	0.01285	0.00887	0.00743	0.00224	0.00813	0.00673	0.00738	0.01247

[dist]
# distance from previous block
# <min> <max>
0	9

[block]
# block no. 2 follows, 27 sequences, length 58
# corresponding to MSA columns:
# 871-916,950-961
name=unknown_C
#
# <colnr> <probs for GDERKNQSTAVLIFYWHMCP>
#	G	D	E	R	K	N	Q	S	T	A	V	L	I	F	Y	W	H	M	C	P
0	0.01136	0.00785	0.00978	0.00914	0.01128	0.00705	0.00691	0.01447	0.02011	0.06411	0.51509	0.05739	0.20632	0.01566	0.00869	0.00237	0.00371	0.01360	0.00794	0.00715
1	0.01509	0.06627	0.67449	0.02082	0.03161	0.01772	0.02685	0.02346	0.01565	0.02327	0.01320	0.01552	0.00941	0.00703	0.00696	0.00232	0.01085	0.00543	0.00314	0.01091
2	0.03331	0.01263	0.01723	0.01321	0.01895	0.01091	0.01091	0.03618	0.02125	0.69794	0.02929	0.02527	0.01838	0.00919	0.00747	0.00230	0.00632	0.00747	0.00919	0.01263
3	0.00903	0.00653	0.00854	0.01015	0.01072	0.00605	0.00681	0.01036	0.01440	0.01903	0.04324	0.68942	0.09244	0.02296	0.00943	0.00298	0.00427	0.02074	0.00689	0.00605
4	0.03264	0.01371	0.01789	0.01372	0.01949	0.01251	0.01133	0.11938	0.02305	0.61219	0.02778	0.02429	0.01762	0.00915	0.00746	0.00229	0.00656	0.00736	0.00896	0.01263
5	0.01438	0.01363	0.02262	0.63521	0.07381	0.01707	0.02033	0.01903	0.01463	0.01908	0.01293	0.01944	0.00996	0.00786	0.00885	0.00253	0.07037	0.00659	0.00331	0.00837
6	0.79154	0.01436	0.01091	0.00976	0.01436	0.01665	0.00804	0.02182	0.01263	0.03331	0.01034	0.01206	0.00804	0.00689	0.00459	0.00230	0.00574	0.00402	0.00459	0.00804
7	0.01384	0.00692	0.00692	0.00692	0.00865	0.00692	0.00519	0.01730	0.01557	0.02768	0.02422	0.02768	0.01903	0.00865	0.00519	0.00173	0.00346	0.00692	0.78031	0.00692
8	0.01738	0.01633	0.01805	0.04384	0.09328	0.09219	0.01185	0.05199	0.03609	0.02456	0.05171	0.01979	0.03227	0.00737	0.00699	0.00164	0.03228	0.00585	0.00468	0.43185
9	0.01712	0.01982	0.12544	0.07226	0.51205	0.01708	0.02235	0.02193	0.01633	0.02344	0.01509	0.05451	0.01318	0.00775	0.00790	0.00231	0.02944	0.00719	0.00373	0.01108
10	0.00912	0.00662	0.00861	0.01004	0.01073	0.00612	0.00680	0.01061	0.01490	0.01977	0.08756	0.63392	0.10313	0.02235	0.00937	0.00293	0.00421	0.02014	0.00698	0.00612
11	0.01616	0.01531	0.02558	0.38765	0.33869	0.01709	0.02122	0.02154	0.04344	0.02185	0.01425	0.01948	0.01127	0.00717	0.00739	0.00235	0.00924	0.00668	0.00365	0.00997
12	0.02387	0.01861	0.02345	0.02523	0.23391	0.01994	0.01609	0.40799	0.02755	0.03801	0.01715	0.01884	0.01290	0.00816	0.00721	0.00218	0.00797	0.00668	0.07239	0.01186
13	0.01080	0.00720	0.00810	0.00810	0.00810	0.00720	0.00450	0.01080	0.01080	0.01439	0.02339	0.04858	0.02699	0.73910	0.03779	0.00720	0.00720	0.01080	0.00450	0.00450
14	0.01397	0.01032	0.01136	0.01065	0.01335	0.01032	0.00820	0.14541	0.04695	0.02704	0.07025	0.18362	0.26383	0.01612	0.00826	0.00251	0.00497	0.04889	0.09613	0.00786
15	0.02598	0.01792	0.01932	0.01509	0.02028	0.01954	0.01237	0.51965	0.03077	0.07904	0.01957	0.01995	0.01406	0.00888	0.00704	0.00214	0.00724	0.00677	0.14274	0.01163
16	0.01739	0.01640	0.02725	0.13900	0.52578	0.01701	0.02126	0.02273	0.05283	0.02375	0.01617	0.02277	0.01383	0.00770	0.00753	0.00233	0.00870	0.04257	0.00401	0.01098
17	0.79154	0.01436	0.01091	0.00976	0.01436	0.01665	0.00804	0.02182	0.01263	0.03331	0.01034	0.01206	0.00804	0.00689	0.00459	0.00230	0.00574	0.00402	0.00459	0.00804
18	0.01384	0.00692	0.00692	0.00692	0.00865	0.00692	0.00519	0.01730	0.01557	0.02768	0.02422	0.02768	0.01903	0.00865	0.00519	0.00173	0.00346	0.00692	0.78031	0.00692
19	0.01600	0.01376	0.02237	0.16689	0.35765	0.01413	0.01760	0.01969	0.01628	0.05995	0.02411	0.14774	0.07079	0.01076	0.00785	0.00243	0.00771	0.00988	0.00472	0.00970
20	0.01768	0.01985	0.03651	0.06788	0.06903	0.08167	0.46415	0.02284	0.01718	0.02244	0.01608	0.06785	0.01357	0.00791	0.00912	0.00250	0.04138	0.00891	0.00392	0.00952
21	0.00964	0.00730	0.00889	0.00902	0.01069	0.00655	0.00656	0.01213	0.01818	0.02430	0.35133	0.21863	0.25342	0.01816	0.00893	0.00255	0.00377	0.01590	0.00749	0.00655
22	0.02365	0.02683	0.01917	0.01736	0.02135	0.40535	0.01320	0.03396	0.31069	0.02384	0.01972	0.01968	0.01533	0.00872	0.00707	0.00218	0.01008	0.00637	0.00547	0.00999
23	0.02059	0.62299	0.03568	0.01331	0.01945	0.08297	0.01270	0.04775	0.01635	0.01899	0.01084	0.01243	0.00972	0.00651	0.00506	0.00162	0.00827	0.00416	0.00345	0.04716
24	0.01962	0.01884	0.02454	0.29264	0.26654	0.13263	0.01946	0.05955	0.01806	0.05725	0.01427	0.01840	0.01108	0.00735	0.00728	0.00226	0.00982	0.00635	0.00405	0.01000
25	0.07199	0.01272	0.01691	0.01303	0.01872	0.01120	0.01076	0.03545	0.02081	0.66403	0.02832	0.02459	0.01785	0.00907	0.00732	0.00230	0.00629	0.00729	0.00895	0.01240
26	0.01000	0.00751	0.00926	0.00894	0.01081	0.00677	0.00666	0.01299	0.01965	0.02680	0.50324	0.09442	0.22270	0.01649	0.00880	0.00241	0.00361	0.01438	0.00779	0.00677
27	0.02004	0.01599	0.01831	0.01886	0.12349	0.05147	0.01295	0.16895	0.18124	0.08236	0.03282	0.03488	0.14281	0.01138	0.00784	0.00241	0.00694	0.05007	0.00669	0.01052
28	0.01848	0.00966	0.01068	0.00935	0.01224	0.00966	0.00734	0.10651	0.01930	0.13071	0.06159	0.02757	0.02095	0.00913	0.00603	0.00192	0.00452	0.00734	0.51849	0.00854
29	0.00903	0.00651	0.00856	0.01020	0.01073	0.00604	0.00683	0.01035	0.01435	0.01901	0.04260	0.70162	0.08064	0.02304	0.00944	0.00299	0.00428	0.02084	0.00689	0.00604
30	0.03331	0.01263	0.01723	0.01321	0.01895	0.01091	0.01091	0.03618	0.02125	0.69794	0.02929	0.02527	0.01838	0.00919	0.00747	0.00230	0.00632	0.00747	0.00919	0.01263
31	0.01657	0.01936	0.09755	0.21665	0.17047	0.08209	0.09420	0.02192	0.04872	0.02157	0.01679	0.08883	0.01483	0.00909	0.00859	0.00245	0.04879	0.00807	0.00402	0.00945
32	0.01260	0.01073	0.01392	0.01309	0.01389	0.03791	0.01000	0.01438	0.01188	0.01677	0.01801	0.02999	0.01809	0.19972	0.37056	0.00845	0.18138	0.00814	0.00392	0.00656
33	0.01384	0.00692	0.00692	0.00692	0.00865	0.00692	0.00519	0.01730	0.01557	0.02768	0.02422	0.02768	0.01903	0.00865	0.00519	0.00173	0.00346	0.00692	0.78031	0.00692
34	0.01679	0.04335	0.01836	0.07800	0.02150	0.04296	0.01152	0.04670	0.06546	0.02391	0.01408	0.01669	0.01158	0.00710	0.00802	0.00167	0.08622	0.00522	0.00446	0.47642
35	0.07600	0.21787	0.02700	0.04782	0.05740	0.28015	0.07063	0.02417	0.01702	0.01966	0.01216	0.01607	0.01068	0.04732	0.00887	0.00230	0.04693	0.00544	0.00368	0.00883
36	0.00909	0.00668	0.00855	0.01001	0.01079	0.00614	0.00686	0.01053	0.01470	0.01921	0.04600	0.61559	0.14486	0.02251	0.00939	0.00295	0.00430	0.03884	0.00689	0.00609
37	0.01440	0.03342	0.58567	0.01991	0.02933	0.01579	0.02485	0.02215	0.01591	0.02329	0.01766	0.02704	0.01497	0.00930	0.00759	0.00253	0.01028	0.11188	0.00375	0.01028
38	0.01587	0.00879	0.01155	0.01018	0.01292	0.00790	0.00787	0.01914	0.02087	0.18888	0.50158	0.04902	0.08776	0.01392	0.00845	0.00233	0.00419	0.01211	0.00835	0.00831
39	0.00947	0.00711	0.00879	0.00929	0.01069	0.00642	0.00662	0.01167	0.01721	0.02291	0.27018	0.33714	0.21663	0.01939	0.00905	0.00266	0.00390	0.01713	0.00733	0.00642
40	0.02776	0.03464	0.02110	0.01902	0.02295	0.67429	0.01433	0.06221	0.02174	0.01963	0.01180	0.01361	0.00972	0.00771	0.00673	0.00193	0.01312	0.00488	0.00401	0.00881
41	0.00918	0.00656	0.00873	0.01024	0.01080	0.00612	0.00690	0.01068	0.01484	0.01995	0.10077	0.67155	0.05103	0.02251	0.00941	0.00295	0.00423	0.02039	0.00701	0.00612
42	0.01624	0.01577	0.02363	0.01963	0.02098	0.02016	0.09923	0.05434	0.01372	0.02022	0.01415	0.08084	0.01423	0.04178	0.02062	0.00323	0.50076	0.00825	0.00392	0.00829
43	0.33688	0.02227	0.17585	0.01504	0.02161	0.01907	0.01474	0.25377	0.02132	0.03585	0.01372	0.01497	0.01000	0.00765	0.00618	0.00228	0.00783	0.00532	0.00527	0.01037
44	0.01384	0.00692	0.00692	0.00692	0.00865	0.00692	0.00519	0.01730	0.01557	0.02768	0.02422	0.02768	0.01903	0.00865	0.00519	0.00173	0.00346	0.00692	0.78031	0.00692
45	0.01684	0.13625	0.19035	0.15319	0.02716	0.01719	0.01664	0.07891	0.05454	0.05278	0.13184	0.02445	0.02174	0.00889	0.00706	0.00222	0.00798	0.00723	0.03511	0.00962
46	0.02482	0.06806	0.02122	0.01776	0.02180	0.44649	0.01373	0.07295	0.16784	0.02287	0.01594	0.01690	0.01269	0.00841	0.00751	0.00210	0.03875	0.00573	0.00483	0.00960
47	0.00905	0.00743	0.00797	0.00805	0.01025	0.00635	0.00596	0.01112	0.01727	0.02137	0.16174	0.13034	0.54001	0.01868	0.00884	0.00253	0.00377	0.01584	0.00708	0.00635
48	0.01763	0.01860	0.09890	0.05134	0.02391	0.01789	0.07569	0.05181	0.46214	0.02890	0.02747	0.02669	0.04626	0.00955	0.00765	0.00249	0.00727	0.00825	0.00644	0.01113
49	0.01985	0.74357	0.03890	0.01270	0.01905	0.02937	0.01270	0.02223	0.01508	0.01747	0.01032	0.01191	0.00953	0.00635	0.00476	0.00159	0.00794	0.00397	0.00318	0.00953
50	0.02152	0.13152	0.27630	0.01796	0.02552	0.08013	0.05169	0.13748	0.02022	0.11280	0.01609	0.01725	0.01164	0.00763	0.00682	0.00216	0.00943	0.00589	0.03711	0.01084
51	0.17989	0.01677	0.01834	0.01433	0.01994	0.01768	0.01184	0.32745	0.02591	0.26430	0.02023	0.01921	0.01367	0.00861	0.00688	0.00226	0.00707	0.00642	0.00747	0.01173
52	0.00991	0.00760	0.00910	0.00883	0.01086	0.00679	0.00669	0.01279	0.01930	0.02578	0.42991	0.06266	0.30380	0.01677	0.00882	0.00244	0.00374	0.03986	0.00763	0.00672
53	0.04649	0.01522	0.02345	0.30966	0.03514	0.01687	0.12884	0.16575	0.01986	0.02706	0.01950	0.06222	0.04626	0.00903	0.00763	0.00242	0.00892	0.00817	0.03826	0.00926
54	0.01987	0.02217	0.16080	0.09590	0.17505	0.05297	0.16334	0.05641	0.01803	0.11026	0.01585	0.01886	0.01170	0.00745	0.00828	0.00237	0.03866	0.00688	0.00443	0.01072
55	0.00914	0.00687	0.00850	0.00975	0.01083	0.00624	0.00683	0.01071	0.01512	0.01944	0.05021	0.51625	0.22403	0.02188	0.00933	0.00290	0.00430	0.05466	0.00689	0.00614
56	0.10209	0.01481	0.01789	0.01385	0.01953	0.01444	0.01144	0.19108	0.02383	0.47555	0.02470	0.02221	0.01600	0.00891	0.00719	0.00228	0.00672	0.00695	0.00833	0.01221
57	0.05301	0.02897	0.40068	0.01807	0.02620	0.06871	0.02041	0.06072	0.01826	0.14277	0.04279	0.02214	0.01510	0.00857	0.00724	0.00235	0.00947	0.03894	0.00492	0.01068

[dist]
# distance from previous block
# <min> <max>
0	3

[block]
# block no. 3 follows, 27 sequences, length 129
# corresponding to MSA columns:
# 965-1001,1003-1055,1062-1100
name=unknown_D
#
# <colnr> <probs for GDERKNQSTAVLIFYWHMCP>
#	G	D	E	R	K	N	Q	S	T	A	V	L	I	F	Y	W	H	M	C	P
0	0.05169	0.02021	0.02431	0.20488	0.28741	0.16965	0.01873	0.05748	0.01828	0.05771	0.01406	0.01770	0.01104	0.00731	0.00712	0.00222	0.00981	0.00615	0.00413	0.01012
1	0.00926	0.00667	0.00881	0.01035	0.01099	0.00622	0.00711	0.01080	0.01482	0.01972	0.07579	0.64008	0.07455	0.02253	0.00945	0.00298	0.00437	0.05242	0.00695	0.00613
2	0.01583	0.01596	0.02660	0.17545	0.07804	0.01948	0.14298	0.01926	0.01384	0.01976	0.01325	0.05092	0.01203	0.01050	0.01576	0.00285	0.34762	0.00764	0.00356	0.00868
3	0.01531	0.01507	0.02202	0.09520	0.15338	0.08951	0.10630	0.01897	0.01498	0.01980	0.01644	0.02309	0.01433	0.02897	0.32541	0.00665	0.01496	0.00732	0.00380	0.00848
4	0.00932	0.00682	0.00877	0.00981	0.01075	0.00626	0.00677	0.01115	0.01596	0.02136	0.18178	0.51542	0.12636	0.02104	0.00924	0.00281	0.00407	0.01886	0.00716	0.00626
5	0.01442	0.00748	0.00754	0.00733	0.00923	0.00757	0.00555	0.04354	0.01635	0.02845	0.02396	0.02728	0.01877	0.00866	0.00528	0.00175	0.00365	0.00691	0.74915	0.00715
6	0.00967	0.00703	0.00911	0.00970	0.01086	0.00647	0.00685	0.01197	0.01738	0.02377	0.32714	0.39033	0.10333	0.01940	0.00911	0.00268	0.00392	0.01736	0.00745	0.00647
7	0.02702	0.02004	0.02143	0.01659	0.02232	0.02212	0.01365	0.61707	0.05651	0.04506	0.02080	0.02054	0.04298	0.00939	0.00749	0.00225	0.00789	0.00714	0.00741	0.01231
8	0.34126	0.02073	0.01988	0.02409	0.24362	0.19060	0.01456	0.02410	0.01617	0.02648	0.01184	0.01451	0.00967	0.00699	0.00604	0.00217	0.00869	0.00508	0.00409	0.00943
9	0.01384	0.00692	0.00692	0.00692	0.00865	0.00692	0.00519	0.01730	0.01557	0.02768	0.02422	0.02768	0.01903	0.00865	0.00519	0.00173	0.00346	0.00692	0.78031	0.00692
10	0.02150	0.01414	0.01620	0.01279	0.01781	0.01373	0.01027	0.20275	0.07375	0.14445	0.06545	0.04462	0.01958	0.00896	0.00683	0.00193	0.00601	0.00725	0.09393	0.21805
11	0.01966	0.07390	0.20571	0.16809	0.03048	0.22955	0.01900	0.02414	0.01709	0.04670	0.01397	0.01876	0.01128	0.00829	0.00818	0.00229	0.05868	0.03117	0.00378	0.00928
12	0.00904	0.00646	0.00861	0.01034	0.01077	0.00603	0.00689	0.01034	0.01421	0.01895	0.04092	0.73426	0.04910	0.02326	0.00948	0.00301	0.00431	0.02110	0.00689	0.00603
13	0.01919	0.01631	0.01719	0.01525	0.01958	0.01880	0.01192	0.08590	0.63176	0.03222	0.02930	0.02697	0.02192	0.00999	0.00754	0.00250	0.00604	0.00827	0.00754	0.01182
14	0.01985	0.74357	0.03890	0.01270	0.01905	0.02937	0.01270	0.02223	0.01508	0.01747	0.01032	0.01191	0.00953	0.00635	0.00476	0.00159	0.00794	0.00397	0.00318	0.00953
15	0.06157	0.01326	0.01780	0.01487	0.01887	0.03640	0.08034	0.05410	0.06512	0.27482	0.02838	0.22579	0.02531	0.01290	0.00858	0.00256	0.03109	0.01123	0.00713	0.00987
16	0.02569	0.01873	0.02017	0.01604	0.02141	0.02073	0.01306	0.46639	0.18123	0.07588	0.02150	0.02085	0.01547	0.00918	0.00737	0.00228	0.00737	0.00712	0.03733	0.01220
17	0.00904	0.00646	0.00861	0.01034	0.01077	0.00603	0.00689	0.01034	0.01421	0.01895	0.04092	0.73426	0.04910	0.02326	0.00948	0.00301	0.00431	0.02110	0.00689	0.00603
18	0.01156	0.00813	0.00966	0.00974	0.01192	0.00749	0.00755	0.01480	0.04248	0.05786	0.18275	0.13741	0.29467	0.01749	0.00879	0.00263	0.00446	0.11613	0.04743	0.00705
19	0.02700	0.01442	0.01751	0.01415	0.01918	0.01442	0.01159	0.18688	0.11237	0.35699	0.07496	0.02990	0.02293	0.01043	0.00775	0.00239	0.00654	0.05056	0.00831	0.01172
20	0.00904	0.00650	0.00858	0.01024	0.01074	0.00604	0.00685	0.01035	0.01431	0.01899	0.04212	0.71107	0.07151	0.02310	0.00945	0.00300	0.00429	0.02091	0.00689	0.00604
21	0.03232	0.01421	0.01821	0.01396	0.01974	0.01326	0.01153	0.15850	0.02389	0.57188	0.02707	0.02383	0.01726	0.00913	0.00746	0.00228	0.00668	0.00731	0.00885	0.01263
22	0.01921	0.01927	0.05692	0.02532	0.03147	0.04226	0.40763	0.02615	0.08814	0.09343	0.01843	0.02309	0.01415	0.00811	0.00966	0.00255	0.06730	0.03195	0.00478	0.01018
23	0.01673	0.01747	0.02315	0.09289	0.05085	0.11232	0.09215	0.01953	0.01417	0.01892	0.01371	0.04362	0.01267	0.01731	0.11857	0.00413	0.31263	0.00727	0.00364	0.00827
24	0.01904	0.01698	0.01224	0.01140	0.01399	0.24267	0.00860	0.04651	0.01814	0.02523	0.01971	0.02251	0.01561	0.00832	0.00578	0.00181	0.00696	0.00619	0.49059	0.00770
25	0.01660	0.01533	0.02102	0.01625	0.02066	0.01592	0.07774	0.04962	0.04139	0.02340	0.01314	0.01673	0.01115	0.00835	0.01214	0.00205	0.24101	0.00578	0.00422	0.38748
26	0.01343	0.05025	0.01317	0.01244	0.01401	0.13208	0.00919	0.01522	0.01514	0.01850	0.02974	0.37992	0.03353	0.04791	0.13396	0.00449	0.00912	0.05557	0.00556	0.00678
27	0.00904	0.00646	0.00861	0.01034	0.01077	0.00603	0.00689	0.01034	0.01421	0.01895	0.04092	0.73426	0.04910	0.02326	0.00948	0.00301	0.00431	0.02110	0.00689	0.00603
28	0.05218	0.02479	0.02069	0.01717	0.02215	0.26118	0.01360	0.33140	0.09065	0.06828	0.01715	0.01742	0.01267	0.00853	0.00709	0.00215	0.00959	0.00614	0.00618	0.01099
29	0.01694	0.01441	0.01544	0.01399	0.01776	0.01634	0.01083	0.03466	0.55849	0.03048	0.12933	0.03335	0.05325	0.01114	0.00777	0.00249	0.00545	0.00940	0.00762	0.01085
30	0.00911	0.00652	0.00856	0.01016	0.01064	0.00608	0.00675	0.01037	0.01416	0.01880	0.04131	0.68536	0.06875	0.05198	0.01059	0.00317	0.00441	0.02051	0.00679	0.00598
31	0.01503	0.03745	0.66655	0.02168	0.03248	0.01732	0.06056	0.02352	0.01577	0.02352	0.01341	0.01590	0.00950	0.00701	0.00714	0.00236	0.01105	0.00566	0.00317	0.01092
32	0.01276	0.00770	0.00968	0.00921	0.01111	0.00717	0.00689	0.01598	0.01915	0.07767	0.42964	0.11731	0.05304	0.01416	0.00796	0.00227	0.00378	0.01237	0.17482	0.00730
33	0.02740	0.01312	0.01663	0.01312	0.01804	0.01241	0.01069	0.15371	0.02384	0.42762	0.16948	0.03034	0.02842	0.01043	0.00774	0.00229	0.00607	0.00860	0.00863	0.01142
34	0.54685	0.01520	0.01625	0.04156	0.01947	0.01675	0.07721	0.07111	0.01575	0.10027	0.01341	0.01496	0.00984	0.00723	0.00564	0.00232	0.00685	0.00516	0.00513	0.00906
35	0.01384	0.00692	0.00692	0.00692	0.00865	0.00692	0.00519	0.01730	0.01557	0.02768	0.02422	0.02768	0.01903	0.00865	0.00519	0.00173	0.00346	0.00692	0.78031	0.00692
36	0.05747	0.01797	0.01948	0.15238	0.02640	0.08225	0.01416	0.17686	0.23062	0.08883	0.02063	0.02125	0.01518	0.00895	0.00787	0.00238	0.03339	0.00697	0.00621	0.01076
