[name]
unknown

[dist]
# distance from previous block
# <min> <max>
0	437

[block]
# block no. 0 follows, 27 sequences, length 16
# corresponding to MSA columns:
# 437-452
name=unknown_A
#
# <colnr> <probs for GDERKNQSTAVLIFYWHMCP>
#	G	D	E	R	K	N	Q	S	T	A	V	L	I	F	Y	W	H	M	C	P
0	0.01697	0.02080	0.17980	0.09988	0.24915	0.01660	0.06401	0.04678	0.05459	0.04709	0.03977	0.06806	0.01626	0.00881	0.00828	0.00241	0.03803	0.00783	0.00442	0.01047
1	0.01191	0.00817	0.01201	0.01205	0.01360	0.00909	0.00945	0.01455	0.01307	0.05641	0.02355	0.08106	0.02274	0.04775	0.56100	0.01003	0.01692	0.06499	0.00472	0.00695
2	0.01679	0.01714	0.11068	0.08686	0.16139	0.01501	0.01570	0.08856	0.12452	0.04962	0.10982	0.04930	0.05933	0.05142	0.00941	0.00264	0.00741	0.00880	0.00565	0.00995
3	0.04697	0.07202	0.14614	0.06620	0.09356	0.15947	0.07542	0.08204	0.05695	0.06969	0.01830	0.02000	0.04464	0.00808	0.00713	0.00222	0.00974	0.00657	0.00467	0.01018
4	0.06665	0.13463	0.11607	0.03806	0.02444	0.08599	0.09200	0.12878	0.01971	0.12890	0.01621	0.01802	0.01211	0.01093	0.05404	0.00284	0.02907	0.00620	0.00505	0.01031
5	0.00940	0.00731	0.00854	0.00874	0.01054	0.00645	0.00636	0.01167	0.01764	0.02296	0.26659	0.21401	0.34597	0.01862	0.00892	0.00256	0.00380	0.01615	0.00731	0.00645
6	0.01670	0.07648	0.14630	0.21571	0.10321	0.09470	0.05347	0.02218	0.04203	0.02179	0.03684	0.02489	0.01555	0.00869	0.00735	0.00235	0.00952	0.06269	0.03029	0.00928
7	0.01813	0.04867	0.11501	0.13228	0.08799	0.15692	0.11805	0.02398	0.07530	0.02152	0.01629	0.05994	0.01383	0.01024	0.03274	0.00270	0.04553	0.00737	0.00409	0.00943
8	0.01062	0.00744	0.00862	0.00900	0.01081	0.00653	0.00641	0.01225	0.01588	0.06482	0.05655	0.31949	0.36862	0.05496	0.01037	0.00291	0.00431	0.01695	0.00693	0.00652
9	0.01646	0.01499	0.02416	0.42445	0.24225	0.01703	0.02015	0.07736	0.01750	0.02348	0.04129	0.02063	0.01315	0.00762	0.00745	0.00236	0.00916	0.00689	0.00398	0.00965
10	0.06151	0.01948	0.09005	0.13231	0.06574	0.15356	0.05543	0.04080	0.01728	0.04179	0.03906	0.09438	0.04161	0.01153	0.03347	0.00265	0.00925	0.00821	0.07322	0.00866
11	0.01169	0.01195	0.08088	0.04319	0.10394	0.01012	0.01185	0.01471	0.01425	0.01971	0.03032	0.19248	0.10882	0.07154	0.21190	0.00555	0.01034	0.01159	0.02770	0.00748
12	0.15206	0.01242	0.01512	0.01223	0.01711	0.01173	0.00993	0.05881	0.01954	0.46557	0.02648	0.08567	0.01921	0.01002	0.00706	0.00233	0.00598	0.00805	0.04968	0.01100
13	0.01814	0.05742	0.10891	0.07360	0.22430	0.01577	0.03414	0.06503	0.04712	0.09546	0.02110	0.08109	0.03908	0.01342	0.06961	0.00318	0.00921	0.00818	0.00496	0.01028
14	0.08544	0.10826	0.15124	0.07888	0.14702	0.07632	0.03857	0.02217	0.04183	0.02358	0.04782	0.02237	0.05839	0.00828	0.00675	0.00218	0.00842	0.00675	0.05622	0.00950
15	0.01737	0.01639	0.01632	0.09773	0.03962	0.16377	0.01190	0.05167	0.08110	0.02023	0.01851	0.08955	0.01753	0.07914	0.03938	0.12911	0.06634	0.00815	0.02867	0.00753

[dist]
# distance from previous block
# <min> <max>
2	4

[block]
# block no. 1 follows, 27 sequences, length 7
# corresponding to MSA columns:
# 457-463
name=unknown_B
#
# <colnr> <probs for GDERKNQSTAVLIFYWHMCP>
#	G	D	E	R	K	N	Q	S	T	A	V	L	I	F	Y	W	H	M	C	P
0	0.02079	0.01804	0.01912	0.15336	0.02607	0.08934	0.01374	0.25767	0.13716	0.03142	0.02497	0.02569	0.09376	0.00970	0.00744	0.00227	0.00800	0.00772	0.00606	0.04766
1	0.01802	0.14299	0.32415	0.01856	0.06129	0.01871	0.01923	0.12164	0.01855	0.02629	0.01354	0.01549	0.01035	0.00691	0.00646	0.00196	0.00890	0.00528	0.00407	0.15759
2	0.01537	0.05675	0.18933	0.01565	0.05027	0.03266	0.01425	0.04296	0.05539	0.06973	0.06556	0.13738	0.05906	0.06572	0.09300	0.00386	0.00899	0.00988	0.00530	0.00888
3	0.01652	0.02727	0.35677	0.02090	0.02893	0.01717	0.14736	0.08057	0.09666	0.02664	0.06148	0.02136	0.01606	0.00999	0.03693	0.00279	0.01030	0.00721	0.00453	0.01057
4	0.01189	0.01248	0.09167	0.01072	0.01365	0.00994	0.00898	0.01726	0.12489	0.02124	0.09169	0.04903	0.23844	0.24583	0.01764	0.00398	0.00604	0.01152	0.00589	0.00723
5	0.02273	0.24305	0.06739	0.05386	0.02338	0.30500	0.01465	0.06090	0.10168	0.02143	0.01401	0.01544	0.01136	0.00758	0.00632	0.00196	0.01021	0.00523	0.00421	0.00961
6	0.05888	0.06078	0.11337	0.08347	0.14120	0.19023	0.04699	0.02235	0.01701	0.02144	0.01758	0.06329	0.01651	0.03087	0.00828	0.00249	0.00979	0.08221	0.00420	0.00906

[dist]
# distance from previous block
# <min> <max>
0	2

[block]
# block no. 2 follows, 27 sequences, length 13
# corresponding to MSA columns:
# 466-478
name=unknown_C
#
# <colnr> <probs for GDERKNQSTAVLIFYWHMCP>
#	G	D	E	R	K	N	Q	S	T	A	V	L	I	F	Y	W	H	M	C	P
0	0.01005	0.00728	0.00880	0.00903	0.00997	0.00706	0.00606	0.01141	0.01397	0.01855	0.11895	0.17142	0.16030	0.29928	0.11016	0.00558	0.00721	0.01349	0.00576	0.00569
1	0.01491	0.05190	0.13721	0.11729	0.09933	0.05480	0.07889	0.01858	0.01442	0.01923	0.01634	0.02602	0.01514	0.18282	0.09285	0.03018	0.01070	0.00751	0.00373	0.00814
2	0.01824	0.10901	0.20875	0.06884	0.05014	0.08703	0.20733	0.02396	0.03233	0.04049	0.01383	0.01723	0.01067	0.00746	0.00882	0.00235	0.07336	0.00651	0.00370	0.00996
3	0.01821	0.01178	0.01356	0.01176	0.01481	0.01275	0.00930	0.21869	0.02067	0.06103	0.02126	0.02568	0.01718	0.04826	0.19796	0.00487	0.00964	0.00729	0.26653	0.00878
4	0.01045	0.00705	0.00820	0.00854	0.00862	0.00697	0.00497	0.01071	0.01147	0.01529	0.02683	0.18321	0.03133	0.59855	0.03223	0.00638	0.00663	0.01282	0.00497	0.00480
5	0.01752	0.01595	0.02503	0.20361	0.11931	0.04457	0.13765	0.08250	0.01803	0.04824	0.06003	0.04938	0.01691	0.01038	0.03006	0.00273	0.07209	0.00801	0.02863	0.00936
6	0.06767	0.02016	0.10867	0.02225	0.07100	0.07642	0.23389	0.05444	0.05674	0.02452	0.03813	0.06665	0.04280	0.04481	0.03619	0.00299	0.01005	0.00865	0.00462	0.00937
7	0.01250	0.01119	0.01370	0.11154	0.01915	0.07020	0.03958	0.03690	0.01639	0.02085	0.07712	0.42511	0.08158	0.01758	0.00875	0.00271	0.00630	0.01572	0.00608	0.00705
8	0.01916	0.04682	0.21773	0.09357	0.10210	0.13373	0.01855	0.11024	0.04961	0.02610	0.04869	0.01953	0.01445	0.00802	0.00703	0.00220	0.00945	0.00635	0.05656	0.01012
9	0.01809	0.01869	0.08057	0.07122	0.13254	0.09881	0.06382	0.06803	0.07576	0.05570	0.04437	0.02989	0.11252	0.01061	0.00855	0.03398	0.00836	0.03058	0.00518	0.03273
10	0.01586	0.10378	0.13573	0.07010	0.19009	0.01604	0.04319	0.04282	0.03453	0.02246	0.02207	0.05900	0.07423	0.01078	0.00882	0.05337	0.00815	0.04758	0.00437	0.03705
11	0.05413	0.10417	0.11302	0.07056	0.06714	0.12903	0.01486	0.06341	0.04394	0.02288	0.01735	0.02037	0.04305	0.01498	0.11197	0.00351	0.01063	0.00621	0.00424	0.08453
12	0.05013	0.04460	0.02085	0.01787	0.06431	0.09086	0.08695	0.10815	0.01852	0.06775	0.04292	0.11111	0.01964	0.04842	0.07138	0.00338	0.05739	0.00873	0.00523	0.06182

[dist]
# distance from previous block
# <min> <max>
12	50

[block]
# block no. 3 follows, 27 sequences, length 16
# corresponding to MSA columns:
# 534-549
name=unknown_D
#
# <colnr> <probs for GDERKNQSTAVLIFYWHMCP>
#	G	D	E	R	K	N	Q	S	T	A	V	L	I	F	Y	W	H	M	C	P
0	0.01567	0.00969	0.01175	0.01103	0.01357	0.00929	0.00823	0.08413	0.04473	0.13826	0.11834	0.29665	0.15027	0.04080	0.00958	0.00276	0.00501	0.01464	0.00743	0.00815
1	0.06043	0.00961	0.01059	0.01011	0.01289	0.00933	0.00792	0.05497	0.06424	0.05904	0.13701	0.09916	0.31256	0.01606	0.00838	0.00255	0.00474	0.08144	0.03135	0.00762
2	0.01392	0.00980	0.01124	0.01063	0.01279	0.00977	0.00774	0.11788	0.04506	0.05122	0.10065	0.24593	0.16079	0.12972	0.01309	0.00330	0.00531	0.01398	0.02969	0.00749
3	0.01257	0.00844	0.00962	0.00948	0.01136	0.00809	0.00678	0.04094	0.05337	0.06052	0.08366	0.21759	0.20866	0.13042	0.01290	0.00325	0.00482	0.01385	0.09673	0.00697
4	0.10890	0.00840	0.00954	0.00944	0.01141	0.00867	0.00705	0.01529	0.01439	0.05340	0.04904	0.13328	0.11694	0.08020	0.17210	0.00492	0.00813	0.01050	0.17154	0.00685
5	0.01066	0.00755	0.00909	0.00925	0.01067	0.00727	0.00659	0.01365	0.04278	0.02314	0.22906	0.20856	0.13966	0.10385	0.05103	0.00356	0.00517	0.01395	0.09798	0.00654
6	0.10155	0.00913	0.00993	0.00965	0.01176	0.00907	0.00692	0.01648	0.07314	0.06857	0.09955	0.17460	0.18757	0.17248	0.01451	0.00356	0.00517	0.01289	0.00644	0.00703
7	0.01574	0.01002	0.01245	0.01162	0.01380	0.01014	0.00867	0.09593	0.01786	0.12444	0.06831	0.29202	0.10669	0.08671	0.04656	0.00356	0.04692	0.01385	0.00679	0.00791
8	0.01508	0.01258	0.01319	0.01266	0.01468	0.11490	0.00964	0.01835	0.04625	0.06019	0.02116	0.06192	0.01936	0.07566	0.41477	0.00808	0.01498	0.00820	0.05091	0.00741
9	0.01878	0.05783	0.01937	0.16939	0.07155	0.21729	0.01391	0.06000	0.01855	0.02273	0.09206	0.02303	0.01870	0.01255	0.06612	0.00293	0.01003	0.00686	0.08983	0.00850
10	0.01538	0.01512	0.02238	0.05378	0.05746	0.04300	0.08521	0.01794	0.01293	0.01859	0.01355	0.02122	0.01274	0.06106	0.15624	0.00496	0.36963	0.00722	0.00356	0.00804
11	0.01842	0.02248	0.15839	0.05091	0.18643	0.05903	0.12959	0.09019	0.01854	0.02582	0.01409	0.01724	0.01096	0.00675	0.00714	0.00206	0.00947	0.00622	0.00411	0.16214
12	0.01557	0.01158	0.01372	0.01271	0.04157	0.03488	0.00903	0.03622	0.08207	0.06754	0.09792	0.06861	0.02465	0.11252	0.07545	0.08842	0.00737	0.00853	0.00549	0.18615
13	0.01941	0.04048	0.01637	0.01378	0.01755	0.05380	0.01077	0.12450	0.25280	0.10107	0.05667	0.14281	0.06334	0.01416	0.03532	0.00283	0.00684	0.01033	0.00709	0.01009
14	0.06107	0.01785	0.01984	0.01693	0.02027	0.09850	0.05272	0.16548	0.12252	0.02771	0.01934	0.06251	0.01693	0.01532	0.07870	0.00349	0.14910	0.03674	0.00545	0.00953
15	0.04377	0.06306	0.02089	0.05627	0.06265	0.14320	0.01357	0.25428	0.05018	0.03173	0.13099	0.02343	0.02169	0.00956	0.00806	0.00222	0.04113	0.00731	0.00593	0.01009

[dist]
# distance from previous block
# <min> <max>
0	7

[block]
# block no. 4 follows, 27 sequences, length 45
# corresponding to MSA columns:
# 557-601
name=unknown_E
#
# <colnr> <probs for GDERKNQSTAVLIFYWHMCP>
#	G	D	E	R	K	N	Q	S	T	A	V	L	I	F	Y	W	H	M	C	P
0	0.05789	0.03459	0.09964	0.03800	0.01592	0.01048	0.01043	0.01622	0.06683	0.02189	0.09172	0.28309	0.08300	0.10424	0.01186	0.00321	0.00600	0.03173	0.00590	0.00736
1	0.01398	0.01270	0.01911	0.51619	0.04002	0.04019	0.01709	0.01811	0.01495	0.01973	0.01744	0.10732	0.01553	0.00967	0.00802	0.00248	0.03348	0.00833	0.07781	0.00786
2	0.04775	0.02321	0.01732	0.01599	0.01889	0.35702	0.01222	0.07595	0.01968	0.02214	0.05921	0.13653	0.04372	0.01220	0.00891	0.00237	0.06563	0.04792	0.00513	0.00820
3	0.01130	0.00858	0.01108	0.01071	0.01273	0.00810	0.03179	0.05314	0.01853	0.02494	0.24409	0.24134	0.19060	0.01758	0.00885	0.00261	0.00462	0.05727	0.03513	0.00702
4	0.01698	0.01813	0.03690	0.02747	0.05223	0.01733	0.50066	0.04607	0.01830	0.02518	0.09703	0.02395	0.01844	0.00766	0.00911	0.00245	0.03559	0.00898	0.00443	0.03310
5	0.09973	0.13831	0.09977	0.01589	0.02197	0.12958	0.01437	0.23447	0.02319	0.13083	0.01610	0.01649	0.01170	0.00794	0.00658	0.00211	0.00877	0.00567	0.00568	0.01087
6	0.01255	0.00911	0.01119	0.01118	0.01270	0.00941	0.00817	0.10246	0.01644	0.02195	0.03285	0.27152	0.07947	0.17035	0.13637	0.00529	0.00830	0.06787	0.00597	0.00682
7	0.00941	0.00786	0.00824	0.00809	0.01055	0.00685	0.00608	0.01228	0.04353	0.02192	0.16418	0.06736	0.57195	0.01792	0.00872	0.00248	0.00381	0.01505	0.00711	0.00659
8	0.01059	0.00791	0.01169	0.01161	0.01299	0.00900	0.00900	0.01335	0.01304	0.01876	0.10147	0.03237	0.02484	0.05074	0.62420	0.01076	0.01789	0.00862	0.00449	0.00667
9	0.01566	0.01372	0.01637	0.01226	0.01792	0.01193	0.00987	0.01972	0.05099	0.02379	0.01370	0.01617	0.01148	0.00666	0.00791	0.00144	0.09333	0.00487	0.00443	0.64781
10	0.45703	0.01286	0.01191	0.01066	0.01430	0.01450	0.00840	0.06595	0.04083	0.05155	0.05177	0.02206	0.01606	0.09598	0.09495	0.00403	0.00770	0.00625	0.00517	0.00803
11	0.01044	0.00744	0.01013	0.01178	0.01278	0.00722	0.00912	0.01266	0.01540	0.02028	0.03954	0.41195	0.04538	0.04809	0.01086	0.00335	0.00557	0.30488	0.00678	0.00634
12	0.01593	0.01410	0.02108	0.31993	0.17403	0.01585	0.01719	0.09218	0.05901	0.02396	0.02296	0.02671	0.09490	0.01229	0.05583	0.00305	0.00916	0.00792	0.00459	0.00934
13	0.01346	0.00865	0.01072	0.01073	0.01277	0.00823	0.00808	0.01705	0.06847	0.10429	0.12351	0.23700	0.15148	0.08506	0.01162	0.00317	0.00512	0.10601	0.00715	0.00742
14	0.01036	0.00683	0.00880	0.00940	0.01005	0.00651	0.00629	0.01054	0.01312	0.01723	0.06095	0.29535	0.13257	0.13878	0.04280	0.19976	0.00573	0.01421	0.00554	0.00517
15	0.01341	0.01237	0.02060	0.63456	0.04621	0.01522	0.01894	0.01791	0.01477	0.01897	0.01658	0.10692	0.01468	0.00935	0.00767	0.00254	0.00921	0.00837	0.00374	0.00798
16	0.01479	0.01297	0.02154	0.15460	0.28796	0.01343	0.05142	0.01755	0.01465	0.02000	0.01922	0.08106	0.03975	0.10902	0.01438	0.09836	0.00819	0.00871	0.00403	0.00837
17	0.01237	0.00881	0.01043	0.01052	0.01255	0.00856	0.00795	0.01669	0.09706	0.06061	0.09721	0.16941	0.21603	0.11306	0.01275	0.00334	0.00522	0.12335	0.00688	0.00719
18	0.02154	0.01384	0.01578	0.01353	0.01776	0.01451	0.01076	0.12417	0.26096	0.19545	0.03389	0.03584	0.10306	0.05106	0.00948	0.00273	0.00620	0.05110	0.00765	0.01071
19	0.01282	0.00795	0.01038	0.01028	0.01221	0.00726	0.00773	0.01545	0.01838	0.10660	0.31043	0.25058	0.11455	0.01755	0.00893	0.00263	0.00438	0.06687	0.00770	0.00733
20	0.01539	0.01319	0.01539	0.01100	0.01759	0.00990	0.00880	0.01869	0.01539	0.02419	0.01319	0.01539	0.01100	0.00550	0.00550	0.00110	0.00550	0.00440	0.00440	0.78449
21	0.00922	0.00719	0.00817	0.00861	0.01022	0.00636	0.00608	0.01097	0.01612	0.02043	0.13391	0.26319	0.37397	0.07747	0.01131	0.00301	0.00417	0.01661	0.00685	0.00614
22	0.00922	0.00727	0.00834	0.00881	0.01059	0.00639	0.00642	0.01122	0.01676	0.02124	0.15375	0.25744	0.39436	0.01960	0.00902	0.00266	0.00399	0.03953	0.00708	0.00633
23	0.02023	0.01848	0.07126	0.04886	0.24818	0.01734	0.13910	0.09481	0.11013	0.10075	0.01934	0.04509	0.01505	0.00817	0.00772	0.00236	0.00878	0.00778	0.00529	0.01127
24	0.01543	0.10251	0.02097	0.20420	0.07060	0.04584	0.03763	0.05745	0.05961	0.02202	0.04223	0.18477	0.05848	0.01208	0.00826	0.00246	0.03153	0.01037	0.00501	0.00855
25	0.01047	0.00756	0.00967	0.00967	0.01055	0.00798	0.00669	0.01184	0.01203	0.01630	0.02820	0.04302	0.10420	0.35750	0.32305	0.00866	0.01223	0.01017	0.00457	0.00563
26	0.01459	0.01250	0.01443	0.01057	0.01667	0.00945	0.00841	0.01771	0.01558	0.02369	0.02076	0.02223	0.09378	0.00712	0.00590	0.00127	0.00529	0.00577	0.00470	0.68958
27	0.02243	0.01636	0.02035	0.10070	0.02442	0.01742	0.05324	0.35342	0.02580	0.08764	0.02452	0.02555	0.09521	0.01076	0.00899	0.05250	0.00775	0.00786	0.00640	0.03869
28	0.00936	0.00667	0.00864	0.01008	0.01059	0.00628	0.00674	0.01059	0.01401	0.01856	0.04002	0.60096	0.07056	0.11029	0.01293	0.00352	0.00473	0.04300	0.00660	0.00588
29	0.01921	0.01515	0.01613	0.01405	0.01810	0.01706	0.01105	0.15903	0.41956	0.03365	0.07851	0.02791	0.02394	0.01007	0.00733	0.00235	0.00585	0.00827	0.10182	0.01096
30	0.04006	0.11889	0.47562	0.02013	0.04738	0.10328	0.02291	0.04826	0.01693	0.02333	0.01285	0.01501	0.00959	0.00710	0.00669	0.00220	0.01059	0.00526	0.00344	0.01051
31	0.01005	0.00669	0.00908	0.01015	0.01055	0.00655	0.00681	0.01057	0.01284	0.01726	0.03212	0.46835	0.03744	0.10151	0.08706	0.13908	0.00656	0.01616	0.00571	0.00545
32	0.01105	0.00860	0.01278	0.01252	0.01374	0.01033	0.00982	0.01362	0.01189	0.01728	0.01909	0.02815	0.01787	0.05234	0.65612	0.01125	0.07504	0.00784	0.00392	0.00674
33	0.01917	0.61929	0.08994	0.01449	0.02091	0.02763	0.04080	0.02216	0.01503	0.01822	0.01072	0.01277	0.00960	0.00676	0.00617	0.00178	0.04736	0.00442	0.00320	0.00958
34	0.01489	0.03840	0.70064	0.02116	0.03213	0.01724	0.02743	0.02351	0.01567	0.02351	0.01332	0.01567	0.00940	0.00705	0.00705	0.00235	0.01097	0.00549	0.00313	0.01097
35	0.02207	0.01619	0.01978	0.01597	0.02034	0.01757	0.06272	0.31129	0.16746	0.05886	0.01964	0.02147	0.01498	0.01270	0.01234	0.17541	0.00756	0.00719	0.00630	0.01015
36	0.01384	0.00692	0.00692	0.00692	0.00865	0.00692	0.00519	0.01730	0.01557	0.02768	0.02422	0.02768	0.01903	0.00865	0.00519	0.00173	0.00346	0.00692	0.78031	0.00692
37	0.00904	0.00650	0.00858	0.01024	0.01074	0.00604	0.00685	0.01035	0.01430	0.01899	0.04206	0.71218	0.07044	0.02311	0.00945	0.00300	0.00429	0.02092	0.00689	0.00604
38	0.00986	0.00736	0.00928	0.01005	0.01151	0.00677	0.00755	0.01220	0.01698	0.02236	0.20167	0.29976	0.20321	0.01980	0.00928	0.00281	0.00445	0.13145	0.00718	0.00646
39	0.13081	0.02745	0.36227	0.07488	0.03015	0.01780	0.10495	0.04836	0.06133	0.02583	0.01428	0.01695	0.01052	0.00745	0.00764	0.00241	0.03671	0.00606	0.00391	0.01021
40	0.02773	0.03538	0.02104	0.01913	0.02295	0.70930	0.01434	0.02964	0.02104	0.01817	0.01148	0.01339	0.00956	0.00765	0.00669	0.00191	0.01339	0.00478	0.00383	0.00861
41	0.01539	0.01319	0.01539	0.01100	0.01759	0.00990	0.00880	0.01869	0.01539	0.02419	0.01319	0.01539	0.01100	0.00550	0.00550	0.00110	0.00550	0.00440	0.00440	0.78449
42	0.01069	0.00762	0.01022	0.01022	0.01095	0.00835	0.00715	0.01216	0.01142	0.01597	0.02145	0.03783	0.02232	0.36053	0.40997	0.00982	0.01423	0.00922	0.00421	0.00568
43	0.01078	0.00726	0.00840	0.00840	0.00850	0.00736	0.00487	0.01099	0.01088	0.01462	0.02312	0.04706	0.02633	0.68569	0.09030	0.00757	0.00819	0.01057	0.00446	0.00466
44	0.01458	0.01446	0.04297	0.08787	0.09569	0.01455	0.19949	0.02047	0.07799	0.02137	0.01819	0.02478	0.01542	0.05197	0.25960	0.00601	0.01364	0.00800	0.00416	0.00881

[dist]
# distance from previous block
# <min> <max>
0	1

[block]
# block no. 5 follows, 27 sequences, length 21
# corresponding to MSA columns:
# 603-623
name=unknown_F
#
# <colnr> <probs for GDERKNQSTAVLIFYWHMCP>
#	G	D	E	R	K	N	Q	S	T	A	V	L	I	F	Y	W	H	M	C	P
0	0.01034	0.00759	0.00976	0.00967	0.01139	0.00700	0.00736	0.01347	0.01958	0.02700	0.49894	0.11661	0.13453	0.01681	0.00897	0.00252	0.00395	0.07989	0.00778	0.00682
1	0.02126	0.13810	0.17611	0.01754	0.04246	0.12385	0.03845	0.11530	0.02010	0.10437	0.07235	0.02051	0.01672	0.01100	0.04760	0.00269	0.00980	0.00650	0.00507	0.01022
2	0.02183	0.59140	0.03489	0.01375	0.01967	0.13687	0.01287	0.02416	0.01636	0.05405	0.01152	0.01286	0.01001	0.00671	0.00522	0.00168	0.00872	0.00429	0.00360	0.00955
3	0.01059	0.00762	0.01035	0.01198	0.01319	0.00738	0.00953	0.01304	0.01588	0.02075	0.04174	0.35465	0.07723	0.02157	0.00986	0.00320	0.00563	0.35247	0.00686	0.00647
4	0.02277	0.33229	0.12105	0.01618	0.02256	0.15823	0.01536	0.18300	0.02120	0.02565	0.01280	0.01416	0.01028	0.00733	0.00611	0.00191	0.00947	0.00500	0.00434	0.01031
5	0.01384	0.00692	0.00692	0.00692	0.00865	0.00692	0.00519	0.01730	0.01557	0.02768	0.02422	0.02768	0.01903	0.00865	0.00519	0.00173	0.00346	0.00692	0.78031	0.00692
6	0.11913	0.11661	0.01615	0.05588	0.01572	0.01348	0.00928	0.08232	0.01402	0.02048	0.01402	0.05222	0.01323	0.01741	0.01771	0.39876	0.00687	0.00648	0.00401	0.00621
7	0.01641	0.01333	0.01556	0.01134	0.01776	0.01045	0.00907	0.02073	0.05485	0.05609	0.01495	0.01658	0.01203	0.00594	0.00571	0.00124	0.00556	0.00478	0.00481	0.70280
8	0.01384	0.00692	0.00692	0.00692	0.00865	0.00692	0.00519	0.01730	0.01557	0.02768	0.02422	0.02768	0.01903	0.00865	0.00519	0.00173	0.00346	0.00692	0.78031	0.00692
9	0.02569	0.02151	0.15531	0.01843	0.05672	0.03880	0.03874	0.21312	0.07099	0.25262	0.02111	0.02052	0.01442	0.00847	0.00739	0.00229	0.00830	0.00684	0.00674	0.01198
10	0.09667	0.11605	0.05367	0.01550	0.01973	0.14839	0.03520	0.09041	0.10163	0.02556	0.06805	0.04688	0.05652	0.01004	0.00871	0.00230	0.08288	0.00741	0.00516	0.00925
11	0.01018	0.00758	0.00947	0.00900	0.01089	0.00687	0.00675	0.01338	0.02025	0.02795	0.57402	0.05845	0.18604	0.01586	0.00876	0.00237	0.00355	0.01385	0.00793	0.00687
12	0.01860	0.06423	0.14551	0.08045	0.09065	0.08768	0.07232	0.02268	0.01562	0.08247	0.01435	0.01830	0.01150	0.01250	0.06842	0.00325	0.17150	0.00641	0.00397	0.00957
13	0.07090	0.02022	0.01962	0.01598	0.02075	0.11184	0.01280	0.36076	0.10456	0.08325	0.01881	0.02033	0.01427	0.05197	0.00965	0.00256	0.03731	0.00676	0.00658	0.01105
14	0.01042	0.00764	0.00980	0.00941	0.01123	0.00702	0.00715	0.01375	0.02037	0.02835	0.58892	0.05872	0.13146	0.01585	0.00884	0.00242	0.00372	0.05007	0.00796	0.00692
15	0.01252	0.00889	0.01234	0.07058	0.01623	0.00823	0.02912	0.01418	0.01485	0.05873	0.05142	0.31732	0.11225	0.01771	0.01112	0.10662	0.00551	0.01359	0.00583	0.11296
16	0.01894	0.50829	0.08853	0.01370	0.01936	0.10000	0.01324	0.02159	0.01552	0.01805	0.01400	0.07807	0.01381	0.04071	0.00706	0.00206	0.00844	0.00601	0.00363	0.00901
17	0.01021	0.01004	0.07095	0.01253	0.04297	0.00775	0.00931	0.01242	0.01486	0.01995	0.06614	0.48737	0.10114	0.06553	0.01089	0.00312	0.00528	0.03649	0.00632	0.00671
18	0.09196	0.01855	0.07606	0.01546	0.02057	0.01896	0.01315	0.14256	0.45117	0.03327	0.02481	0.02354	0.01846	0.00932	0.00721	0.00243	0.00669	0.00745	0.00688	0.01148
19	0.23761	0.10295	0.09041	0.01745	0.05198	0.20886	0.04606	0.09534	0.04078	0.02696	0.01283	0.01460	0.01007	0.00734	0.00617	0.00213	0.00935	0.00516	0.00441	0.00954
20	0.01591	0.05550	0.10849	0.03865	0.01976	0.01572	0.01342	0.09579	0.08650	0.02538	0.11057	0.05097	0.04161	0.03380	0.05412	0.02683	0.11938	0.00819	0.00525	0.07416

[dist]
# distance from previous block
# <min> <max>
1	43

[block]
# block no. 6 follows, 27 sequences, length 13
# corresponding to MSA columns:
# 667-679
name=unknown_G
#
# <colnr> <probs for GDERKNQSTAVLIFYWHMCP>
#	G	D	E	R	K	N	Q	S	T	A	V	L	I	F	Y	W	H	M	C	P
0	0.01846	0.01708	0.04598	0.01800	0.07541	0.05408	0.01373	0.16009	0.11264	0.02763	0.02279	0.07167	0.05308	0.01313	0.03870	0.00285	0.12912	0.04424	0.00557	0.07576
1	0.01685	0.04853	0.01708	0.01344	0.01642	0.04682	0.05542	0.06522	0.06958	0.07242	0.04103	0.03092	0.05436	0.19029	0.05846	0.06483	0.05767	0.00833	0.00516	0.06717
2	0.07647	0.04664	0.09020	0.01757	0.02239	0.21249	0.06203	0.04887	0.06263	0.09102	0.01606	0.04304	0.01301	0.00886	0.00913	0.00226	0.10190	0.00644	0.00478	0.06421
3	0.01733	0.05553	0.16758	0.01556	0.02100	0.04923	0.04326	0.16011	0.07104	0.02983	0.19554	0.05184	0.06879	0.01093	0.00773	0.00231	0.00746	0.00913	0.00610	0.00970
4	0.42554	0.01627	0.01461	0.01273	0.01663	0.07084	0.01025	0.10143	0.04844	0.04995	0.01394	0.01688	0.01130	0.03661	0.05905	0.00322	0.07312	0.00546	0.00499	0.00874
5	0.01433	0.00956	0.01139	0.01074	0.01341	0.00924	0.00824	0.06282	0.06521	0.10611	0.11548	0.17701	0.24918	0.01969	0.06305	0.00331	0.00599	0.04011	0.00716	0.00797
6	0.01501	0.01276	0.01497	0.01087	0.01709	0.00967	0.00866	0.01833	0.01583	0.02462	0.06577	0.01851	0.01559	0.00625	0.00575	0.00120	0.00534	0.00510	0.00469	0.72399
7	0.01058	0.00749	0.00944	0.00944	0.01009	0.00788	0.00630	0.01167	0.01164	0.01582	0.02578	0.04319	0.07065	0.44193	0.27801	0.00857	0.01153	0.01011	0.00448	0.00539
8	0.01444	0.01007	0.01155	0.01073	0.01371	0.00987	0.00829	0.02121	0.17072	0.10543	0.18413	0.08802	0.26625	0.01519	0.00843	0.00251	0.00465	0.03877	0.00758	0.00845
9	0.01173	0.00941	0.01326	0.15361	0.07333	0.00994	0.01016	0.01409	0.01455	0.01943	0.12771	0.04261	0.11429	0.26715	0.08370	0.00495	0.00804	0.01039	0.00501	0.00664
10	0.01830	0.01573	0.02427	0.16657	0.36545	0.01663	0.01859	0.07329	0.07508	0.05793	0.01889	0.02318	0.03705	0.04645	0.00905	0.00256	0.00834	0.00735	0.00465	0.01062
11	0.01787	0.09922	0.21034	0.01583	0.02221	0.01836	0.01579	0.13064	0.22889	0.02854	0.02748	0.02700	0.10655	0.00983	0.00726	0.00232	0.00760	0.00782	0.00574	0.01069
12	0.02395	0.13920	0.05520	0.02167	0.07810	0.29293	0.11622	0.11330	0.02090	0.05084	0.01369	0.01575	0.01076	0.00736	0.00691	0.00205	0.01096	0.00581	0.00438	0.01002

[dist]
# distance from previous block
# <min> <max>
1	2

[block]
# block no. 7 follows, 27 sequences, length 30
# corresponding to MSA columns:
# 682,683,688-715
name=unknown_H
#
# <colnr> <probs for GDERKNQSTAVLIFYWHMCP>
#	G	D	E	R	K	N	Q	S	T	A	V	L	I	F	Y	W	H	M	C	P
0	0.01906	0.02302	0.17406	0.02466	0.15185	0.05174	0.09745	0.13655	0.05700	0.02750	0.01603	0.02032	0.01283	0.00826	0.00873	0.00233	0.06457	0.03115	0.00459	0.06831
1	0.04151	0.05631	0.12650	0.06847	0.04809	0.04216	0.04489	0.06552	0.07071	0.03987	0.05152	0.14120	0.05614	0.01089	0.00741	0.00227	0.00746	0.00930	0.00525	0.10453
2	0.01189	0.00848	0.01016	0.00945	0.01175	0.00784	0.00720	0.04842	0.02009	0.05379	0.40416	0.05760	0.24654	0.03955	0.00963	0.00257	0.00416	0.03185	0.00763	0.00722
3	0.01992	0.20065	0.05024	0.04935	0.07959	0.14113	0.03108	0.06105	0.18037	0.02339	0.01743	0.01981	0.01426	0.03745	0.04120	0.00275	0.00933	0.00631	0.00474	0.00995
4	0.00987	0.00714	0.00893	0.00994	0.01081	0.00680	0.00698	0.01131	0.01419	0.01850	0.04119	0.36292	0.13884	0.18351	0.04060	0.00425	0.00578	0.10634	0.00625	0.00586
5	0.12309	0.08388	0.16855	0.05339	0.11767	0.04156	0.10353	0.14929	0.01970	0.05071	0.01432	0.01666	0.01075	0.00728	0.00689	0.00225	0.00926	0.00607	0.00455	0.01062
6	0.01837	0.34517	0.10632	0.05410	0.04681	0.02263	0.04901	0.07077	0.09721	0.02318	0.04326	0.01984	0.03987	0.00812	0.00679	0.00206	0.02590	0.00624	0.00441	0.00996
7	0.00927	0.00690	0.00820	0.00911	0.01009	0.00630	0.00611	0.01051	0.01443	0.01849	0.04810	0.41850	0.23611	0.14547	0.01415	0.00359	0.00464	0.01771	0.00648	0.00584
8	0.01517	0.01445	0.02591	0.07655	0.14522	0.01484	0.20840	0.04444	0.01671	0.02306	0.07397	0.02867	0.04588	0.01917	0.16033	0.00452	0.03827	0.03098	0.00448	0.00899
9	0.02087	0.04996	0.08997	0.05979	0.15348	0.22064	0.04695	0.02430	0.01779	0.08902	0.03632	0.02253	0.04066	0.06257	0.00999	0.00257	0.03172	0.00690	0.00449	0.00949
10	0.01063	0.00830	0.00989	0.01068	0.01248	0.00801	0.00815	0.01471	0.08730	0.02135	0.05059	0.29519	0.25394	0.01976	0.00922	0.00289	0.00487	0.15818	0.00695	0.00690
11	0.01053	0.00784	0.01156	0.01163	0.01287	0.00897	0.00891	0.01305	0.01230	0.01763	0.04322	0.06427	0.02203	0.07817	0.62819	0.01101	0.01813	0.00887	0.00427	0.00653
12	0.02037	0.03701	0.08295	0.03297	0.04580	0.09394	0.01265	0.04229	0.04261	0.18845	0.07715	0.07949	0.06823	0.01272	0.01073	0.08373	0.04507	0.00872	0.00598	0.00914
13	0.02308	0.05136	0.08276	0.02421	0.14013	0.19641	0.10382	0.17714	0.02212	0.05587	0.01507	0.01743	0.01160	0.00941	0.03451	0.00255	0.01080	0.00634	0.00479	0.01061
14	0.02297	0.02715	0.02057	0.01938	0.05073	0.43895	0.01439	0.02642	0.06718	0.01925	0.01346	0.01667	0.01151	0.01326	0.07614	0.00315	0.14037	0.00574	0.00401	0.00871
15	0.01629	0.01557	0.02405	0.13428	0.19470	0.04316	0.08765	0.04545	0.01587	0.02187	0.01600	0.04551	0.01435	0.01548	0.10547	0.00377	0.11887	0.03160	0.00402	0.04604
16	0.05594	0.22681	0.23392	0.02068	0.11095	0.04655	0.03465	0.06139	0.01707	0.05956	0.01403	0.01720	0.01125	0.00759	0.00717	0.00216	0.03728	0.02143	0.00400	0.01039
17	0.01049	0.00830	0.00945	0.00940	0.01147	0.00783	0.00699	0.01465	0.08500	0.02337	0.22173	0.14074	0.32097	0.05566	0.01033	0.00281	0.00429	0.04243	0.00716	0.00692
18	0.01075	0.00734	0.00840	0.00856	0.00890	0.00725	0.00526	0.01120	0.01182	0.01552	0.02868	0.05347	0.07765	0.62045	0.03313	0.00651	0.00691	0.06845	0.00489	0.00484
19	0.01909	0.25660	0.10685	0.09540	0.12033	0.07051	0.08821	0.05818	0.07464	0.02270	0.01418	0.01673	0.01136	0.00712	0.00661	0.00209	0.00933	0.00589	0.00396	0.01021
20	0.01638	0.04457	0.09392	0.26733	0.22778	0.01689	0.04026	0.07237	0.01776	0.02412	0.06397	0.02318	0.04322	0.00821	0.00746	0.00232	0.00886	0.00733	0.00423	0.00984
21	0.01912	0.55172	0.15339	0.01481	0.02154	0.05567	0.01554	0.02254	0.01524	0.01858	0.01087	0.01286	0.00952	0.00688	0.00628	0.00182	0.04636	0.00440	0.00320	0.00967
22	0.03250	0.01392	0.01803	0.01382	0.01959	0.01282	0.01142	0.13592	0.02340	0.59515	0.02748	0.02409	0.01747	0.00914	0.00746	0.00229	0.00661	0.00734	0.00891	0.01263
23	0.01550	0.06779	0.07596	0.14385	0.04052	0.04075	0.01398	0.04424	0.01551	0.04906	0.01723	0.02422	0.01487	0.02355	0.23642	0.00529	0.01223	0.03666	0.00426	0.11813
24	0.01527	0.01436	0.02449	0.38218	0.26248	0.01595	0.04743	0.01983	0.01579	0.02119	0.01663	0.05386	0.01465	0.00873	0.00775	0.00248	0.00918	0.05456	0.00386	0.00931
25	0.00977	0.00754	0.00878	0.00848	0.01047	0.00669	0.00628	0.01237	0.01869	0.02472	0.38584	0.06207	0.33826	0.05504	0.01030	0.00267	0.00381	0.01427	0.00742	0.00655
26	0.01811	0.01738	0.05593	0.05175	0.14838	0.01721	0.16600	0.16423	0.01988	0.02720	0.02028	0.10642	0.03843	0.04479	0.01079	0.00272	0.06636	0.00927	0.00498	0.00988
27	0.02623	0.01930	0.02097	0.01648	0.02193	0.02124	0.01364	0.59060	0.03297	0.04421	0.04913	0.02439	0.01740	0.01005	0.00770	0.00232	0.00786	0.05424	0.00742	0.01195
28	0.02437	0.02570	0.01967	0.01729	0.02161	0.33702	0.01334	0.14103	0.26777	0.02778	0.01950	0.01945	0.01494	0.00876	0.00714	0.00219	0.00972	0.00644	0.00582	0.01045
29	0.05861	0.09169	0.02239	0.01968	0.06910	0.49767	0.01436	0.02668	0.01887	0.01914	0.01185	0.01454	0.01013	0.01024	0.04431	0.00252	0.05064	0.00507	0.00377	0.00875

[dist]
# distance from previous block
# <min> <max>
0	1

[block]
# block no. 8 follows, 27 sequences, length 11
# corresponding to MSA columns:
# 722-732
name=unknown_I
#
# <colnr> <probs for GDERKNQSTAVLIFYWHMCP>
#	G	D	E	R	K	N	Q	S	T	A	V	L	I	F	Y	W	H	M	C	P
0	0.15434	0.07761	0.05891	0.01591	0.05525	0.01847	0.01286	0.21151	0.07972	0.06794	0.01738	0.02029	0.01383	0.05228	0.08163	0.00353	0.03636	0.00646	0.00557	0.01013
1	0.01023	0.00741	0.00955	0.00969	0.01084	0.00746	0.00690	0.01178	0.01384	0.01858	0.10916	0.12959	0.15882	0.17524	0.23492	0.05284	0.00969	0.01214	0.00543	0.00590
2	0.01731	0.01644	0.04356	0.21558	0.17640	0.03594	0.01740	0.09377	0.10442	0.02531	0.04950	0.06114	0.01729	0.00957	0.00931	0.00248	0.08202	0.00789	0.00483	0.00986
3	0.02114	0.04994	0.02029	0.05574	0.02256	0.19329	0.04222	0.12310	0.26193	0.02793	0.05435	0.02469	0.05139	0.00949	0.00737	0.00227	0.00850	0.00757	0.00600	0.01022
4	0.01203	0.00880	0.01012	0.00974	0.01232	0.00780	0.00719	0.05179	0.01711	0.05814	0.05088	0.29247	0.31850	0.01788	0.00853	0.00251	0.00453	0.01543	0.00679	0.08741
5	0.01929	0.19359	0.12342	0.11416	0.16010	0.05300	0.06222	0.05777	0.01709	0.06060	0.01364	0.01673	0.01080	0.00746	0.00798	0.00220	0.05984	0.00593	0.00393	0.01024
6	0.01981	0.49381	0.18352	0.01526	0.02247	0.06256	0.01617	0.07241	0.01705	0.02109	0.01162	0.01328	0.00974	0.00677	0.00558	0.00182	0.00892	0.00456	0.00353	0.01004
7	0.00978	0.00715	0.00903	0.00964	0.01083	0.00661	0.00686	0.01189	0.01668	0.02242	0.25290	0.33356	0.14330	0.07474	0.01136	0.00307	0.00434	0.05243	0.00712	0.00631
8	0.01171	0.00763	0.00933	0.00955	0.01045	0.00736	0.00653	0.01296	0.01398	0.05173	0.09246	0.14382	0.07343	0.39526	0.02418	0.00513	0.00619	0.10664	0.00586	0.00578
9	0.06074	0.15298	0.15608	0.06169	0.05572	0.05679	0.04079	0.10516	0.04915	0.02512	0.04387	0.02138	0.03686	0.03437	0.04988	0.00293	0.02571	0.00663	0.00451	0.00965
10	0.01862	0.04846	0.04899	0.06591	0.22721	0.09463	0.11523	0.06813	0.04356	0.02419	0.03322	0.02158	0.03235	0.04061	0.00907	0.00240	0.02496	0.00710	0.00434	0.06944

[dist]
# distance from previous block
# <min> <max>
2	19

[block]
# block no. 9 follows, 27 sequences, length 31
# corresponding to MSA columns:
# 753-783
name=unknown_J
#
# <colnr> <probs for GDERKNQSTAVLIFYWHMCP>
#	G	D	E	R	K	N	Q	S	T	A	V	L	I	F	Y	W	H	M	C	P
0	0.02067	0.06261	0.09447	0.01786	0.03900	0.13227	0.07735	0.12958	0.07739	0.06933	0.01905	0.07932	0.01639	0.05274	0.00956	0.00253	0.02799	0.00778	0.00528	0.05883
1	0.08181	0.01632	0.05474	0.07767	0.02227	0.06427	0.07691	0.11869	0.07050	0.02695	0.06089	0.13475	0.10161	0.01175	0.00770	0.00239	0.00742	0.01008	0.00572	0.04756
2	0.01935	0.19068	0.16009	0.02288	0.13731	0.07337	0.07986	0.08990	0.07053	0.02455	0.01527	0.03769	0.01256	0.00784	0.00730	0.00217	0.02748	0.00642	0.00425	0.01051
3	0.02155	0.06881	0.01783	0.01393	0.01804	0.09759	0.01100	0.11145	0.20681	0.14379	0.06980	0.06645	0.05610	0.05225	0.00918	0.00258	0.00702	0.00878	0.00686	0.01018
4	0.01521	0.01479	0.02087	0.04283	0.01949	0.02027	0.01518	0.01701	0.01174	0.01793	0.01290	0.06915	0.01327	0.01684	0.07567	0.00388	0.59388	0.00767	0.00357	0.00786
5	0.01618	0.01450	0.01299	0.01189	0.01475	0.14069	0.00899	0.05238	0.07931	0.06172	0.14880	0.04361	0.22477	0.06906	0.06440	0.00341	0.00758	0.01071	0.00635	0.00792
6	0.01731	0.01468	0.04833	0.01324	0.01718	0.01443	0.01085	0.23237	0.13682	0.03144	0.08572	0.15236	0.16637	0.01394	0.00815	0.00248	0.00600	0.01170	0.00709	0.00955
7	0.01289	0.00645	0.00967	0.00967	0.00967	0.00645	0.00645	0.00967	0.00967	0.01289	0.01289	0.02257	0.01289	0.02579	0.02901	0.78401	0.00645	0.00645	0.00322	0.00322
8	0.01529	0.01449	0.02456	0.52434	0.23813	0.01683	0.02125	0.02008	0.01544	0.02051	0.01342	0.01938	0.01044	0.00719	0.00740	0.00240	0.00958	0.00660	0.00341	0.00927
9	0.01026	0.00717	0.00773	0.00800	0.00974	0.00648	0.00574	0.01235	0.01587	0.02173	0.08264	0.17589	0.33924	0.06895	0.01014	0.00274	0.00402	0.01409	0.19093	0.00629
10	0.02605	0.03250	0.02017	0.01841	0.02206	0.62818	0.01385	0.02876	0.04607	0.01860	0.01286	0.01517	0.01077	0.01146	0.06107	0.00271	0.01360	0.00517	0.00398	0.00858
11	0.01634	0.01587	0.02354	0.52512	0.15871	0.06693	0.02027	0.04700	0.01647	0.02096	0.01339	0.01900	0.01031	0.00736	0.00736	0.00238	0.00989	0.00647	0.00357	0.00906
12	0.01326	0.00909	0.01210	0.01314	0.01504	0.00917	0.01103	0.01762	0.06785	0.05579	0.03706	0.11600	0.03924	0.07114	0.01184	0.00354	0.00660	0.47636	0.00684	0.00728
13	0.05776	0.01991	0.14918	0.04459	0.12222	0.06488	0.01596	0.07368	0.06328	0.11759	0.04021	0.12020	0.03614	0.01061	0.00801	0.00242	0.02891	0.00879	0.00556	0.01009
14	0.01513	0.01485	0.06803	0.01183	0.01832	0.01061	0.01023	0.01958	0.04304	0.02482	0.06264	0.01881	0.01561	0.00650	0.00594	0.00134	0.00579	0.00530	0.00470	0.63694
15	0.16696	0.01412	0.01621	0.01295	0.01826	0.03225	0.01059	0.06981	0.06291	0.46085	0.02604	0.02355	0.03435	0.00904	0.00697	0.00230	0.00642	0.00701	0.00795	0.01147
16	0.01427	0.01345	0.02271	0.68274	0.08771	0.01656	0.02074	0.01919	0.01496	0.01927	0.01324	0.01971	0.01000	0.00738	0.00742	0.00246	0.00983	0.00660	0.00332	0.00845
17	0.01057	0.00989	0.05470	0.01217	0.04584	0.00800	0.00893	0.03158	0.01658	0.02200	0.13028	0.38604	0.19777	0.01886	0.00889	0.00270	0.00484	0.01667	0.00667	0.00701
18	0.00907	0.00682	0.00841	0.00952	0.01059	0.00616	0.00656	0.01066	0.01538	0.01995	0.09198	0.51267	0.22224	0.02154	0.00924	0.00283	0.00411	0.01915	0.00697	0.00616
19	0.01402	0.01319	0.02227	0.72126	0.05113	0.01649	0.02062	0.01897	0.01484	0.01897	0.01319	0.01979	0.00990	0.00742	0.00742	0.00247	0.00990	0.00660	0.00330	0.00825
20	0.01757	0.02117	0.14784	0.06763	0.29985	0.01772	0.12516	0.05550	0.03664	0.02477	0.01437	0.01816	0.01137	0.00716	0.00833	0.00228	0.04816	0.00665	0.00391	0.06578
21	0.00969	0.00743	0.00879	0.00945	0.01084	0.00690	0.00661	0.01231	0.04874	0.02080	0.12064	0.37687	0.24889	0.06329	0.01078	0.00301	0.00430	0.01732	0.00692	0.00640
22	0.01033	0.00731	0.00834	0.00849	0.00914	0.00710	0.00535	0.01103	0.01248	0.01619	0.03506	0.09040	0.16060	0.49750	0.06298	0.00614	0.00697	0.03432	0.00516	0.00512
23	0.11008	0.01360	0.01652	0.04159	0.07090	0.01169	0.01054	0.02181	0.01597	0.11842	0.01515	0.01677	0.01168	0.00634	0.00588	0.00155	0.00607	0.00504	0.00499	0.49540
24	0.01556	0.01421	0.02317	0.38778	0.25317	0.01598	0.01926	0.04669	0.01607	0.02156	0.01579	0.05965	0.01384	0.05536	0.00947	0.00271	0.00900	0.00766	0.00387	0.00921
25	0.01508	0.01286	0.01506	0.01096	0.01726	0.00971	0.00870	0.01828	0.01534	0.02393	0.01455	0.05066	0.01287	0.00637	0.00569	0.00119	0.00544	0.00522	0.00452	0.74629
26	0.01985	0.01543	0.02136	0.02313	0.19982	0.03187	0.05131	0.10623	0.11209	0.11335	0.04978	0.04300	0.04193	0.01408	0.08212	0.00329	0.00883	0.00806	0.00585	0.04864
27	0.10681	0.06260	0.07179	0.10067	0.08063	0.05095	0.02880	0.01864	0.03297	0.02356	0.15846	0.06161	0.06450	0.09486	0.01083	0.00288	0.00720	0.00905	0.00511	0.00809
28	0.01120	0.00893	0.01064	0.01059	0.01242	0.00904	0.00782	0.01639	0.12231	0.02412	0.22834	0.25613	0.18807	0.01748	0.00944	0.00264	0.03475	0.01512	0.00720	0.00735
29	0.01786	0.01478	0.01610	0.01206	0.01813	0.05075	0.00959	0.07394	0.01761	0.06185	0.01552	0.04645	0.01306	0.00686	0.00600	0.00139	0.00616	0.00548	0.00498	0.60142
30	0.02256	0.10822	0.09581	0.06120	0.12420	0.24267	0.01634	0.08698	0.01977	0.07345	0.01625	0.01800	0.03472	0.00780	0.00680	0.00204	0.00992	0.00589	0.00450	0.04287

[dist]
# distance from previous block
# <min> <max>
1	4

[block]
# block no. 10 follows, 27 sequences, length 13
# corresponding to MSA columns:
# 788-800
name=unknown_K
#
# <colnr> <probs for GDERKNQSTAVLIFYWHMCP>
#	G	D	E	R	K	N	Q	S	T	A	V	L	I	F	Y	W	H	M	C	P
0	0.01359	0.01357	0.02555	0.01948	0.02417	0.01245	0.31634	0.01793	0.01789	0.02418	0.18582	0.09237	0.14712	0.01184	0.00868	0.00244	0.00793	0.01184	0.00561	0.04121
1	0.10089	0.01683	0.01870	0.01481	0.02016	0.01783	0.01210	0.35596	0.06717	0.22434	0.02232	0.05921	0.01640	0.00965	0.00729	0.00231	0.00707	0.00754	0.00763	0.01177
2	0.01175	0.00940	0.01092	0.01094	0.01325	0.00925	0.00820	0.01784	0.15563	0.02340	0.10737	0.26869	0.18771	0.01737	0.00867	0.00265	0.00473	0.07027	0.00700	0.05496
3	0.01540	0.08030	0.60951	0.02142	0.03184	0.01810	0.07560	0.02345	0.01578	0.02316	0.01327	0.01578	0.00955	0.00695	0.00704	0.00232	0.01090	0.00564	0.00318	0.01081
4	0.01497	0.01416	0.02398	0.57431	0.19068	0.01674	0.02109	0.01980	0.01529	0.02012	0.01336	0.01948	0.01030	0.00725	0.00741	0.00242	0.00966	0.00660	0.00338	0.00901
5	0.01070	0.00760	0.01012	0.01012	0.01082	0.00830	0.00702	0.01209	0.01139	0.01589	0.02154	0.03834	0.02254	0.37872	0.39209	0.00969	0.01389	0.00930	0.00422	0.00562
6	0.00962	0.00733	0.00892	0.00954	0.01114	0.00663	0.00709	0.01185	0.01697	0.02205	0.19151	0.27673	0.27840	0.01963	0.00917	0.00274	0.00425	0.09288	0.00716	0.00642
7	0.01373	0.00861	0.01036	0.01023	0.01193	0.00832	0.00732	0.01659	0.06477	0.10454	0.03748	0.17588	0.13132	0.27054	0.01899	0.00432	0.00590	0.08590	0.00639	0.00689
8	0.00957	0.00759	0.00839	0.00849	0.01043	0.00682	0.00629	0.01145	0.01603	0.01992	0.10522	0.06555	0.45460	0.12966	0.05170	0.00380	0.00540	0.06653	0.00646	0.00612
9	0.02081	0.65673	0.03671	0.01349	0.01953	0.11275	0.01290	0.02314	0.01581	0.01755	0.01046	0.01209	0.00953	0.00651	0.00500	0.00163	0.00861	0.00407	0.00326	0.00941
10	0.21344	0.02392	0.27635	0.01582	0.02258	0.01721	0.01656	0.05487	0.19726	0.02865	0.01786	0.01968	0.01365	0.04219	0.00802	0.00260	0.00795	0.00621	0.00497	0.01021
11	0.02125	0.01556	0.01833	0.01632	0.09143	0.04483	0.01165	0.12737	0.02008	0.14764	0.01958	0.02028	0.04283	0.00752	0.00656	0.00171	0.00672	0.00607	0.00575	0.36851
12	0.06460	0.02043	0.11194	0.06018	0.22649	0.05725	0.20585	0.02200	0.01637	0.02327	0.01613	0.08403	0.01427	0.00845	0.00833	0.00242	0.03594	0.00816	0.00396	0.00993

[dist]
# distance from previous block
# <min> <max>
0	1

[block]
# block no. 11 follows, 27 sequences, length 16
# corresponding to MSA columns:
# 802-806,829-839
name=unknown_L
#
# <colnr> <probs for GDERKNQSTAVLIFYWHMCP>
#	G	D	E	R	K	N	Q	S	T	A	V	L	I	F	Y	W	H	M	C	P
0	0.04247	0.09297	0.05549	0.01438	0.06305	0.01397	0.01133	0.07682	0.01689	0.02511	0.01513	0.05494	0.01349	0.03480	0.00720	0.00177	0.00652	0.00588	0.00456	0.44325
1	0.02174	0.01584	0.04069	0.01569	0.05953	0.01466	0.01211	0.18552	0.09287	0.14930	0.02132	0.07726	0.01703	0.00905	0.00703	0.00201	0.00663	0.00746	0.00646	0.23781
2	0.01134	0.00903	0.01334	0.01292	0.01407	0.01103	0.01019	0.01386	0.01186	0.01732	0.01856	0.02748	0.01741	0.05011	0.62037	0.01080	0.11185	0.00776	0.00388	0.00682
3	0.01941	0.08714	0.04259	0.05983	0.06425	0.01891	0.11282	0.16607	0.13027	0.04847	0.05952	0.05294	0.03701	0.00970	0.00871	0.00239	0.05570	0.00823	0.00569	0.01036
4	0.00912	0.00678	0.00839	0.00955	0.01050	0.00617	0.00651	0.01058	0.01498	0.01946	0.07478	0.52466	0.19702	0.05171	0.01046	0.00304	0.00427	0.01910	0.00684	0.00606
5	0.01539	0.01319	0.01539	0.01100	0.01759	0.00990	0.00880	0.01869	0.01539	0.02419	0.01319	0.01539	0.01100	0.00550	0.00550	0.00110	0.00550	0.00440	0.00440	0.78449
6	0.07301	0.25674	0.07154	0.04313	0.02151	0.24668	0.01366	0.04481	0.01775	0.05259	0.01511	0.08346	0.01378	0.00875	0.00632	0.00202	0.00944	0.00635	0.00426	0.00908
7	0.01972	0.01473	0.01640	0.01369	0.01857	0.01520	0.01076	0.05782	0.38572	0.11463	0.02528	0.02484	0.01909	0.03641	0.00819	0.00232	0.00598	0.00734	0.00689	0.19641
8	0.01548	0.10565	0.60966	0.02076	0.03114	0.01847	0.05240	0.02340	0.01569	0.02294	0.01310	0.01549	0.00949	0.00695	0.00690	0.00228	0.01074	0.00547	0.00316	0.01079
9	0.10213	0.00779	0.00749	0.00736	0.00925	0.00805	0.00545	0.01719	0.01477	0.02704	0.02256	0.02791	0.01854	0.07890	0.00827	0.00232	0.00408	0.00696	0.61714	0.00681
