[name]
unknown

[dist]
# distance from previous block
# <min> <max>
0	38

[block]
# block no. 0 follows, 36 sequences, length 65
# corresponding to MSA columns:
# 39-103
name=unknown_A
#
# <colnr> <probs for GDERKNQSTAVLIFYWHMCP>
#	G	D	E	R	K	N	Q	S	T	A	V	L	I	F	Y	W	H	M	C	P
0	0.01066	0.00805	0.01179	0.01455	0.09669	0.00805	0.01108	0.01362	0.01433	0.01884	0.03055	0.06398	0.03287	0.01587	0.00833	0.00275	0.00593	0.62042	0.00543	0.00621
1	0.00935	0.00601	0.00668	0.00668	0.00685	0.00601	0.00384	0.00969	0.00952	0.01336	0.01971	0.03876	0.02188	0.69214	0.02857	0.00551	0.00568	0.00869	0.09704	0.00401
2	0.02228	0.01505	0.01673	0.01306	0.01757	0.01618	0.01070	0.51521	0.05272	0.13819	0.09989	0.01979	0.01714	0.00815	0.00637	0.00190	0.00611	0.00641	0.00652	0.01003
3	0.01559	0.69535	0.02962	0.01016	0.01512	0.02243	0.00998	0.01754	0.01284	0.01491	0.01492	0.01574	0.09205	0.00653	0.00438	0.00142	0.00626	0.00446	0.00302	0.00768
4	0.01624	0.01332	0.01416	0.01254	0.01616	0.01520	0.00981	0.07354	0.64159	0.05434	0.02575	0.02369	0.03834	0.00857	0.00636	0.00209	0.00501	0.00710	0.00637	0.00981
5	0.00891	0.00665	0.00988	0.00988	0.01095	0.00772	0.00762	0.01104	0.00997	0.01436	0.01681	0.02515	0.01587	0.07725	0.72622	0.00985	0.01625	0.00677	0.00336	0.00549
6	0.01479	0.01362	0.02313	0.05505	0.63837	0.01370	0.01750	0.01777	0.01344	0.01914	0.01160	0.01586	0.00994	0.00742	0.00826	0.09570	0.00720	0.00553	0.00303	0.00896
7	0.00882	0.00668	0.00848	0.00905	0.01061	0.00640	0.00735	0.01106	0.01389	0.01789	0.10533	0.07654	0.27041	0.04055	0.09459	0.00343	0.00583	0.29206	0.00553	0.00550
8	0.01573	0.01520	0.02372	0.03447	0.63156	0.04278	0.01779	0.02095	0.09666	0.02082	0.01321	0.01616	0.01085	0.00592	0.00617	0.00187	0.00726	0.00567	0.00346	0.00977
9	0.00849	0.00650	0.00930	0.01207	0.09326	0.00618	0.00732	0.00988	0.01219	0.01642	0.03174	0.68948	0.03761	0.01792	0.00775	0.00245	0.00405	0.01632	0.00547	0.00561
10	0.00838	0.00635	0.00771	0.00737	0.00904	0.00569	0.00553	0.01090	0.01659	0.02250	0.53331	0.05062	0.26591	0.01366	0.00735	0.00200	0.00301	0.01184	0.00653	0.00569
11	0.01770	0.66713	0.03037	0.01143	0.01650	0.10846	0.01087	0.04767	0.01390	0.01572	0.00903	0.01034	0.00810	0.00554	0.00427	0.00139	0.00720	0.00350	0.00287	0.00801
12	0.01425	0.31557	0.33954	0.01362	0.02012	0.06931	0.01544	0.01844	0.01340	0.01715	0.01608	0.01719	0.09201	0.00686	0.00533	0.00172	0.00769	0.00506	0.00305	0.00815
13	0.00929	0.00691	0.00886	0.00800	0.00994	0.00616	0.00605	0.01221	0.01709	0.02445	0.65527	0.04268	0.05310	0.01180	0.00703	0.00184	0.00313	0.01040	0.00649	0.09931
14	0.00808	0.00608	0.00758	0.00846	0.00961	0.00558	0.00629	0.00979	0.01348	0.01740	0.09821	0.38186	0.24071	0.01748	0.00786	0.00243	0.00383	0.14408	0.00586	0.00531
15	0.00892	0.00660	0.00964	0.00964	0.01063	0.00759	0.00733	0.01089	0.00990	0.01419	0.01703	0.02635	0.01639	0.13109	0.67309	0.00956	0.01547	0.00695	0.00339	0.00536
16	0.01230	0.02915	0.66366	0.01665	0.02480	0.01343	0.02100	0.01840	0.01258	0.01871	0.01114	0.01382	0.00823	0.00773	0.00804	0.09580	0.00877	0.00470	0.00264	0.00846
17	0.00885	0.00633	0.00815	0.00772	0.00902	0.00590	0.00564	0.01145	0.01665	0.02350	0.65625	0.04588	0.05464	0.10100	0.01015	0.00243	0.00330	0.01101	0.00650	0.00564
18	0.01072	0.00901	0.01380	0.01235	0.01448	0.01005	0.08992	0.01598	0.13651	0.01712	0.01773	0.02338	0.01547	0.03528	0.53925	0.00772	0.01392	0.00682	0.00384	0.00664
19	0.73111	0.01139	0.00883	0.00798	0.01163	0.01298	0.00652	0.01724	0.01102	0.02668	0.01493	0.01585	0.09095	0.00693	0.00426	0.00195	0.00463	0.00450	0.00408	0.00658
20	0.01507	0.01444	0.02465	0.10833	0.67483	0.01471	0.01895	0.01881	0.01402	0.01993	0.01166	0.01554	0.00972	0.00562	0.00617	0.00187	0.00749	0.00555	0.00305	0.00959
21	0.00819	0.00608	0.00802	0.00901	0.00951	0.00605	0.00621	0.00976	0.02751	0.01674	0.09107	0.64586	0.04017	0.03672	0.00904	0.00257	0.04037	0.01615	0.00569	0.00528
22	0.00893	0.00933	0.09291	0.00865	0.01115	0.00673	0.00760	0.01208	0.01640	0.02266	0.51251	0.04554	0.19685	0.01260	0.00719	0.00199	0.00370	0.01090	0.00615	0.00613
23	0.01739	0.01479	0.01799	0.01474	0.01896	0.01646	0.09720	0.19906	0.47245	0.02853	0.02127	0.02044	0.01580	0.00782	0.00644	0.00205	0.00608	0.00673	0.00592	0.00986
24	0.01177	0.01107	0.01869	0.76606	0.04291	0.01384	0.01730	0.01592	0.01246	0.01592	0.01107	0.01661	0.00831	0.00623	0.00623	0.00208	0.00831	0.00554	0.00277	0.00692
25	0.01613	0.01521	0.02268	0.06632	0.47391	0.04314	0.04350	0.07334	0.14019	0.02232	0.01426	0.01670	0.01135	0.00625	0.00623	0.00191	0.00724	0.00583	0.00387	0.00962
26	0.04700	0.01617	0.12286	0.01777	0.02288	0.01363	0.27871	0.10889	0.01611	0.10581	0.03774	0.10227	0.03247	0.00821	0.00736	0.00210	0.03933	0.00779	0.00447	0.00840
27	0.70374	0.11111	0.01235	0.00869	0.01272	0.03208	0.00737	0.01851	0.01103	0.02597	0.00870	0.01013	0.00694	0.00574	0.00391	0.00184	0.00520	0.00338	0.00369	0.00692
28	0.01659	0.56405	0.16501	0.01251	0.01839	0.08053	0.01311	0.03784	0.01359	0.01630	0.00938	0.01081	0.00805	0.00558	0.00454	0.00149	0.00751	0.00368	0.00280	0.00823
29	0.00789	0.00633	0.00705	0.00687	0.00874	0.00549	0.00515	0.00997	0.01545	0.01980	0.30949	0.05507	0.49141	0.01467	0.00736	0.00205	0.00308	0.01246	0.00618	0.00549
30	0.01504	0.08599	0.10430	0.03931	0.13075	0.01563	0.26464	0.09947	0.03604	0.02203	0.07560	0.03498	0.01452	0.00685	0.00687	0.00197	0.02688	0.00670	0.00384	0.00860
31	0.00745	0.00596	0.00668	0.00725	0.00866	0.00518	0.00515	0.00884	0.01330	0.01646	0.05172	0.34387	0.46309	0.01726	0.00760	0.00227	0.00334	0.01496	0.00578	0.00518
32	0.01895	0.39255	0.18955	0.01239	0.01845	0.01791	0.01303	0.02226	0.01425	0.22554	0.01379	0.01392	0.01010	0.00615	0.00508	0.00165	0.00685	0.00446	0.00410	0.00902
33	0.82504	0.01205	0.00916	0.00819	0.01205	0.01398	0.00675	0.01832	0.01060	0.02795	0.00868	0.01012	0.00675	0.00578	0.00386	0.00193	0.00482	0.00337	0.00386	0.00675
34	0.01672	0.00847	0.01035	0.00885	0.01090	0.00811	0.00625	0.06916	0.01361	0.26994	0.02101	0.03205	0.01924	0.45442	0.02096	0.00430	0.00584	0.00783	0.00533	0.00666
35	0.02327	0.02970	0.01766	0.01605	0.01926	0.75602	0.01204	0.02488	0.01766	0.01525	0.00963	0.01124	0.00803	0.00642	0.00562	0.00161	0.01124	0.00401	0.00321	0.00722
36	0.01350	0.01106	0.01298	0.00930	0.01481	0.00834	0.00745	0.01625	0.01311	0.04817	0.01159	0.01324	0.00947	0.00473	0.00468	0.00096	0.00464	0.00379	0.00385	0.78809
37	0.02368	0.01745	0.01870	0.01434	0.01932	0.01932	0.01184	0.72139	0.02929	0.03927	0.01496	0.01496	0.01060	0.00748	0.00623	0.00187	0.00686	0.00561	0.00623	0.01060
38	0.02747	0.01071	0.01444	0.01115	0.01592	0.00940	0.00918	0.03047	0.04529	0.71874	0.02461	0.02129	0.01556	0.00774	0.00627	0.00194	0.00529	0.00630	0.00766	0.01057
39	0.01250	0.03223	0.74875	0.01776	0.02697	0.01447	0.02302	0.01973	0.01315	0.01973	0.01118	0.01315	0.00789	0.00592	0.00592	0.00197	0.00921	0.00460	0.00263	0.00921
40	0.01250	0.03223	0.74875	0.01776	0.02697	0.01447	0.02302	0.01973	0.01315	0.01973	0.01118	0.01315	0.00789	0.00592	0.00592	0.00197	0.00921	0.00460	0.00263	0.00921
41	0.04982	0.01090	0.01495	0.01149	0.01629	0.00966	0.02981	0.02980	0.03717	0.68511	0.02380	0.02082	0.01510	0.00761	0.00623	0.00194	0.00543	0.00624	0.00743	0.01041
42	0.01672	0.55154	0.10371	0.01189	0.01722	0.05008	0.01185	0.09343	0.01464	0.01791	0.01108	0.05414	0.01014	0.00646	0.00472	0.00153	0.00695	0.00454	0.00324	0.00820
43	0.01281	0.08815	0.69554	0.01723	0.02615	0.01523	0.02210	0.01965	0.01312	0.01935	0.01099	0.01292	0.00790	0.00588	0.00578	0.00193	0.00902	0.00451	0.00263	0.00912
44	0.75919	0.01180	0.00935	0.00828	0.01213	0.01349	0.00681	0.01886	0.01106	0.06687	0.00986	0.01109	0.00747	0.00593	0.00400	0.00191	0.00479	0.00360	0.02655	0.00693
45	0.01544	0.01320	0.01397	0.01252	0.01600	0.01520	0.00975	0.05094	0.68218	0.02638	0.05474	0.02399	0.02044	0.00860	0.00638	0.00210	0.00490	0.00718	0.00636	0.00972
46	0.01599	0.68217	0.10922	0.01135	0.01699	0.02304	0.01186	0.01858	0.01285	0.01549	0.02904	0.01134	0.00938	0.00560	0.00430	0.00142	0.00684	0.00369	0.00278	0.00807
47	0.01525	0.02501	0.46493	0.01548	0.02262	0.03275	0.01779	0.09802	0.07710	0.08578	0.04533	0.01801	0.03994	0.00713	0.00613	0.00197	0.00781	0.00565	0.00409	0.00920
48	0.06211	0.01288	0.01444	0.01162	0.01598	0.07647	0.00940	0.06493	0.10166	0.49950	0.04962	0.02070	0.01621	0.00778	0.00615	0.00192	0.00575	0.00618	0.00686	0.00986
49	0.01029	0.00767	0.00940	0.00865	0.01052	0.00761	0.00658	0.04175	0.10792	0.02563	0.60495	0.04187	0.05096	0.01187	0.00711	0.00196	0.00334	0.01040	0.02498	0.00656
50	0.01274	0.03069	0.68935	0.01765	0.02645	0.01439	0.04256	0.03685	0.01372	0.02037	0.03158	0.01423	0.00942	0.00613	0.00601	0.00197	0.00901	0.00489	0.00285	0.00913
51	0.02343	0.01732	0.01855	0.01428	0.01922	0.01920	0.01178	0.69963	0.05148	0.03885	0.01529	0.01522	0.01086	0.00751	0.00624	0.00188	0.00680	0.00565	0.00624	0.01057
52	0.82504	0.01205	0.00916	0.00819	0.01205	0.01398	0.00675	0.01832	0.01060	0.02795	0.00868	0.01012	0.00675	0.00578	0.00386	0.00193	0.00482	0.00337	0.00386	0.00675
53	0.00882	0.00637	0.00833	0.00784	0.00931	0.00588	0.00588	0.01176	0.01764	0.02499	0.73888	0.04654	0.05879	0.01274	0.00735	0.00196	0.00294	0.01127	0.00686	0.00588
54	0.01666	0.78478	0.03265	0.01066	0.01599	0.02465	0.01066	0.01866	0.01266	0.01466	0.00866	0.00999	0.00800	0.00533	0.00400	0.00133	0.00666	0.00333	0.00267	0.00800
55	0.00833	0.00635	0.00765	0.00733	0.00901	0.00567	0.00549	0.01081	0.01648	0.02225	0.51201	0.05105	0.28736	0.01376	0.00735	0.00201	0.00301	0.01190	0.00650	0.00567
56	0.00871	0.00636	0.00817	0.00772	0.00924	0.00583	0.00579	0.01154	0.01738	0.02436	0.68743	0.04756	0.11063	0.01297	0.00735	0.00197	0.00296	0.01141	0.00678	0.00583
57	0.00780	0.00557	0.00747	0.00891	0.00936	0.00524	0.00614	0.00903	0.01213	0.01614	0.03423	0.71713	0.04076	0.01932	0.00801	0.00256	0.00379	0.07551	0.00578	0.00512
58	0.02327	0.02970	0.01766	0.01605	0.01926	0.75602	0.01204	0.02488	0.01766	0.01525	0.00963	0.01124	0.00803	0.00642	0.00562	0.00161	0.01124	0.00401	0.00321	0.00722
59	0.01392	0.01412	0.01904	0.01635	0.01645	0.04135	0.01358	0.01529	0.00979	0.01500	0.00822	0.01356	0.00817	0.01077	0.02000	0.00269	0.74671	0.00541	0.00274	0.00683
60	0.01224	0.01185	0.01864	0.73488	0.04193	0.04469	0.01708	0.01629	0.01267	0.01589	0.01101	0.01639	0.00829	0.00624	0.00620	0.00206	0.00843	0.00547	0.00279	0.00693
61	0.00759	0.00542	0.00723	0.00868	0.00904	0.00506	0.00578	0.00868	0.01193	0.01591	0.03434	0.77697	0.04121	0.01952	0.00795	0.00253	0.00361	0.01771	0.00578	0.00506
62	0.01424	0.01091	0.01860	0.01443	0.01794	0.01072	0.25030	0.01880	0.06154	0.09093	0.10166	0.02316	0.01856	0.00748	0.00671	0.00187	0.03774	0.00708	0.27986	0.00747
63	0.01250	0.03223	0.74875	0.01776	0.02697	0.01447	0.02302	0.01973	0.01315	0.01973	0.01118	0.01315	0.00789	0.00592	0.00592	0.00197	0.00921	0.00460	0.00263	0.00921
64	0.01565	0.01249	0.01312	0.01166	0.01497	0.01421	0.00911	0.09931	0.53625	0.02691	0.02344	0.02241	0.01764	0.00815	0.00599	0.00197	0.00478	0.00669	0.14602	0.00924

[dist]
# distance from previous block
# <min> <max>
0	1

[block]
# block no. 1 follows, 36 sequences, length 94
# corresponding to MSA columns:
# 105-198
name=unknown_B
#
# <colnr> <probs for GDERKNQSTAVLIFYWHMCP>
#	G	D	E	R	K	N	Q	S	T	A	V	L	I	F	Y	W	H	M	C	P
0	0.18773	0.01089	0.01340	0.01051	0.01513	0.01012	0.00867	0.02795	0.01638	0.60246	0.02139	0.01898	0.01368	0.00733	0.00578	0.00193	0.00521	0.00569	0.00694	0.00983
1	0.00906	0.00604	0.00680	0.00680	0.00680	0.00604	0.00378	0.00906	0.00906	0.01208	0.01963	0.04077	0.02265	0.78103	0.03171	0.00604	0.00604	0.00906	0.00378	0.00378
2	0.53241	0.01386	0.01170	0.01000	0.01404	0.08029	0.00812	0.07642	0.03768	0.14586	0.01242	0.01286	0.00900	0.00638	0.00468	0.00190	0.00564	0.00420	0.00470	0.00783
3	0.01666	0.78478	0.03265	0.01066	0.01599	0.02465	0.01066	0.01866	0.01266	0.01466	0.00866	0.00999	0.00800	0.00533	0.00400	0.00133	0.00666	0.00333	0.00267	0.00800
4	0.01542	0.01480	0.02529	0.03824	0.74217	0.01480	0.01912	0.01912	0.01419	0.02036	0.01172	0.01542	0.00987	0.00555	0.00617	0.00185	0.00740	0.00555	0.00308	0.00987
5	0.01542	0.01480	0.02529	0.03824	0.74217	0.01480	0.01912	0.01912	0.01419	0.02036	0.01172	0.01542	0.00987	0.00555	0.00617	0.00185	0.00740	0.00555	0.00308	0.00987
6	0.02255	0.01693	0.02126	0.01600	0.02118	0.01814	0.12215	0.56925	0.02631	0.07990	0.01519	0.01563	0.01072	0.00715	0.00641	0.00191	0.00733	0.00592	0.00584	0.01025
7	0.00895	0.00647	0.00899	0.00899	0.00976	0.00723	0.00652	0.01047	0.00971	0.01371	0.01762	0.02964	0.01782	0.27918	0.52696	0.00876	0.01332	0.00743	0.00348	0.00500
8	0.01550	0.01338	0.01409	0.01268	0.01620	0.01550	0.00986	0.03311	0.73091	0.02606	0.02536	0.02325	0.01902	0.00845	0.00634	0.00211	0.00493	0.00704	0.00634	0.00986
9	0.01439	0.00849	0.01113	0.01029	0.01260	0.00814	0.02884	0.05343	0.08116	0.19679	0.07587	0.37926	0.06576	0.01395	0.00722	0.00224	0.00446	0.01237	0.00632	0.00730
10	0.00890	0.00668	0.01001	0.01001	0.01113	0.00779	0.00779	0.01113	0.01001	0.01446	0.01669	0.02448	0.01558	0.04673	0.75634	0.01001	0.01669	0.00668	0.00334	0.00556
11	0.00759	0.00542	0.00723	0.00868	0.00904	0.00506	0.00578	0.00868	0.01193	0.01591	0.03434	0.77697	0.04121	0.01952	0.00795	0.00253	0.00361	0.01771	0.00578	0.00506
12	0.01542	0.01480	0.02529	0.03824	0.74217	0.01480	0.01912	0.01912	0.01419	0.02036	0.01172	0.01542	0.00987	0.00555	0.00617	0.00185	0.00740	0.00555	0.00308	0.00987
13	0.01618	0.69791	0.11531	0.01148	0.01726	0.02348	0.01209	0.01878	0.01272	0.01524	0.00895	0.01036	0.00798	0.00540	0.00422	0.00141	0.00696	0.00348	0.00266	0.00814
14	0.00891	0.00664	0.00985	0.00985	0.01090	0.00770	0.00758	0.01102	0.00996	0.01434	0.01684	0.02531	0.01594	0.08436	0.71921	0.00981	0.01614	0.00680	0.00336	0.00547
15	0.01004	0.00717	0.01004	0.01147	0.01291	0.00717	0.01004	0.01291	0.01434	0.01865	0.03299	0.07028	0.03586	0.01721	0.00861	0.00287	0.00574	0.70023	0.00574	0.00574
16	0.01542	0.01480	0.02529	0.03824	0.74217	0.01480	0.01912	0.01912	0.01419	0.02036	0.01172	0.01542	0.00987	0.00555	0.00617	0.00185	0.00740	0.00555	0.00308	0.00987
17	0.01542	0.01480	0.02529	0.03824	0.74217	0.01480	0.01912	0.01912	0.01419	0.02036	0.01172	0.01542	0.00987	0.00555	0.00617	0.00185	0.00740	0.00555	0.00308	0.00987
18	0.00778	0.00564	0.00735	0.00839	0.00904	0.00521	0.00573	0.00920	0.01302	0.01747	0.15292	0.61017	0.08871	0.01816	0.00781	0.00241	0.00347	0.01635	0.00596	0.00521
19	0.00856	0.00621	0.00806	0.00791	0.00923	0.00572	0.00582	0.01113	0.01655	0.02315	0.59454	0.16812	0.08369	0.01399	0.00745	0.00206	0.00306	0.01241	0.00664	0.00572
20	0.04815	0.01361	0.09146	0.01286	0.01805	0.01102	0.05692	0.02855	0.10044	0.51803	0.02203	0.01999	0.01442	0.00739	0.00624	0.00197	0.00599	0.00617	0.00661	0.01011
21	0.01467	0.01424	0.02295	0.17975	0.52598	0.03851	0.01789	0.01827	0.01386	0.01921	0.03336	0.01638	0.01090	0.00617	0.00683	0.00193	0.04137	0.00567	0.00312	0.00894
22	0.00759	0.00542	0.00723	0.00868	0.00904	0.00506	0.00578	0.00868	0.01193	0.01591	0.03434	0.77697	0.04121	0.01952	0.00795	0.00253	0.00361	0.01771	0.00578	0.00506
23	0.01272	0.03064	0.67530	0.01864	0.02754	0.01460	0.09487	0.01975	0.01331	0.01975	0.01133	0.01353	0.00805	0.00585	0.00607	0.00199	0.00934	0.00489	0.00268	0.00913
24	0.01313	0.03135	0.71876	0.01749	0.02651	0.01425	0.02245	0.02017	0.01335	0.04942	0.01173	0.01348	0.00820	0.00599	0.00593	0.00197	0.00905	0.00467	0.00284	0.00927
25	0.01670	0.01835	0.07644	0.05604	0.48161	0.13111	0.01743	0.05327	0.05154	0.02052	0.01217	0.01501	0.00988	0.00597	0.00608	0.00184	0.00802	0.00532	0.00337	0.00934
26	0.02401	0.06953	0.01865	0.01408	0.03682	0.09840	0.01130	0.40591	0.02362	0.21089	0.01626	0.01578	0.01132	0.00722	0.00602	0.00182	0.00695	0.00544	0.00594	0.01003
27	0.01292	0.01107	0.01292	0.00923	0.01477	0.00831	0.00738	0.01569	0.01292	0.02030	0.01107	0.01292	0.00923	0.00461	0.00461	0.00092	0.00461	0.00369	0.00369	0.81912
28	0.06796	0.54541	0.10952	0.01227	0.01785	0.05465	0.03464	0.06359	0.01393	0.01782	0.00951	0.01094	0.00812	0.00561	0.00452	0.00151	0.00717	0.00378	0.00300	0.00820
29	0.01413	0.02082	0.22200	0.02405	0.03111	0.01542	0.53833	0.01990	0.01430	0.01990	0.01223	0.01586	0.00905	0.00543	0.00698	0.00207	0.01017	0.00664	0.00302	0.00861
30	0.00882	0.00637	0.00833	0.00784	0.00931	0.00588	0.00588	0.01176	0.01764	0.02499	0.73888	0.04654	0.05879	0.01274	0.00735	0.00196	0.00294	0.01127	0.00686	0.00588
31	0.04815	0.29500	0.39434	0.01449	0.02157	0.05314	0.01679	0.02015	0.03070	0.03767	0.01082	0.01229	0.00836	0.00584	0.00516	0.00173	0.00802	0.00418	0.00295	0.00864
32	0.00968	0.00736	0.00887	0.00824	0.01012	0.00709	0.00625	0.03752	0.08044	0.02426	0.54284	0.04555	0.16270	0.01267	0.00722	0.00199	0.00328	0.01100	0.00662	0.00629
33	0.00900	0.00601	0.00681	0.00688	0.00689	0.00600	0.00386	0.00904	0.00919	0.01225	0.02028	0.07342	0.02347	0.74727	0.03066	0.00588	0.00593	0.00944	0.00386	0.00383
34	0.01542	0.01480	0.02529	0.03824	0.74217	0.01480	0.01912	0.01912	0.01419	0.02036	0.01172	0.01542	0.00987	0.00555	0.00617	0.00185	0.00740	0.00555	0.00308	0.00987
35	0.01633	0.01523	0.01539	0.01527	0.08464	0.09971	0.01084	0.05346	0.52870	0.02437	0.02347	0.02235	0.04605	0.00821	0.00628	0.00202	0.00588	0.00676	0.00565	0.00940
36	0.02327	0.02970	0.01766	0.01605	0.01926	0.75602	0.01204	0.02488	0.01766	0.01525	0.00963	0.01124	0.00803	0.00642	0.00562	0.00161	0.01124	0.00401	0.00321	0.00722
37	0.01019	0.00776	0.00982	0.01064	0.01245	0.00782	0.00901	0.01460	0.10132	0.01920	0.03781	0.06260	0.16803	0.01588	0.00809	0.00263	0.00515	0.48503	0.00582	0.00615
38	0.02330	0.02893	0.01772	0.01594	0.01927	0.70979	0.01203	0.06859	0.01839	0.01676	0.00997	0.01147	0.00819	0.00649	0.00566	0.00162	0.01096	0.00411	0.00340	0.00743
39	0.01523	0.01592	0.07147	0.03694	0.69651	0.01478	0.01937	0.01916	0.01412	0.02032	0.01169	0.01528	0.00974	0.00557	0.00615	0.00186	0.00752	0.00549	0.00306	0.00983
40	0.01125	0.00692	0.00916	0.00833	0.01021	0.00636	0.00636	0.01409	0.01740	0.11605	0.62337	0.04257	0.05180	0.01328	0.03313	0.00223	0.00371	0.01048	0.00684	0.00647
41	0.01004	0.00717	0.01004	0.01147	0.01291	0.00717	0.01004	0.01291	0.01434	0.01865	0.03299	0.07028	0.03586	0.01721	0.00861	0.00287	0.00574	0.70023	0.00574	0.00574
42	0.01542	0.01480	0.02529	0.03824	0.74217	0.01480	0.01912	0.01912	0.01419	0.02036	0.01172	0.01542	0.00987	0.00555	0.00617	0.00185	0.00740	0.00555	0.00308	0.00987
43	0.01609	0.68136	0.13107	0.01164	0.01750	0.02325	0.01236	0.01880	0.01273	0.01536	0.00901	0.01043	0.00798	0.00541	0.00426	0.00142	0.00701	0.00351	0.00266	0.00816
44	0.00748	0.00618	0.00657	0.00676	0.00856	0.00527	0.00496	0.00906	0.01405	0.01716	0.09779	0.16821	0.59410	0.01617	0.00745	0.00216	0.00321	0.01373	0.00585	0.00527
45	0.00758	0.00548	0.00717	0.00853	0.00900	0.00507	0.00572	0.00869	0.01207	0.01596	0.03615	0.73197	0.08504	0.01929	0.00792	0.00250	0.00359	0.01743	0.00578	0.00507
46	0.58210	0.01355	0.01189	0.01000	0.01415	0.01547	0.00822	0.20794	0.03999	0.03093	0.01093	0.01187	0.00820	0.00633	0.00458	0.00192	0.00537	0.00410	0.00458	0.00789
47	0.01177	0.01107	0.01869	0.76606	0.04291	0.01384	0.01730	0.01592	0.01246	0.01592	0.01107	0.01661	0.00831	0.00623	0.00623	0.00208	0.00831	0.00554	0.00277	0.00692
48	0.00906	0.00604	0.00680	0.00680	0.00680	0.00604	0.00378	0.00906	0.00906	0.01208	0.01963	0.04077	0.02265	0.78103	0.03171	0.00604	0.00604	0.00906	0.00378	0.00378
49	0.01542	0.01480	0.02529	0.03824	0.74217	0.01480	0.01912	0.01912	0.01419	0.02036	0.01172	0.01542	0.00987	0.00555	0.00617	0.00185	0.00740	0.00555	0.00308	0.00987
50	0.01458	0.40946	0.38979	0.01420	0.02147	0.01957	0.01682	0.01919	0.01291	0.01719	0.00992	0.01157	0.00794	0.00562	0.00496	0.00165	0.00793	0.00397	0.00265	0.00860
51	0.00759	0.00542	0.00723	0.00868	0.00904	0.00506	0.00578	0.00868	0.01193	0.01591	0.03434	0.77697	0.04121	0.01952	0.00795	0.00253	0.00361	0.01771	0.00578	0.00506
52	0.01471	0.01681	0.03676	0.02626	0.03256	0.01576	0.71954	0.01996	0.01471	0.01996	0.01261	0.01681	0.00945	0.00525	0.00735	0.00210	0.01050	0.00735	0.00315	0.00840
53	0.00906	0.00604	0.00680	0.00680	0.00680	0.00604	0.00378	0.00906	0.00906	0.01208	0.01963	0.04077	0.02265	0.78103	0.03171	0.00604	0.00604	0.00906	0.00378	0.00378
54	0.00906	0.00604	0.00680	0.00680	0.00680	0.00604	0.00378	0.00906	0.00906	0.01208	0.01963	0.04077	0.02265	0.78103	0.03171	0.00604	0.00604	0.00906	0.00378	0.00378
55	0.01550	0.01338	0.01409	0.01268	0.01620	0.01550	0.00986	0.03311	0.73091	0.02606	0.02536	0.02325	0.01902	0.00845	0.00634	0.00211	0.00493	0.00704	0.00634	0.00986
56	0.82504	0.01205	0.00916	0.00819	0.01205	0.01398	0.00675	0.01832	0.01060	0.02795	0.00868	0.01012	0.00675	0.00578	0.00386	0.00193	0.00482	0.00337	0.00386	0.00675
57	0.01250	0.03098	0.70673	0.01735	0.02618	0.01429	0.02217	0.01996	0.03627	0.02007	0.02979	0.01431	0.00952	0.00617	0.00597	0.00198	0.00891	0.00485	0.00286	0.00915
58	0.02368	0.01745	0.01870	0.01434	0.01932	0.01932	0.01184	0.72139	0.02929	0.03927	0.01496	0.01496	0.01060	0.00748	0.00623	0.00187	0.00686	0.00561	0.00623	0.01060
59	0.01048	0.00750	0.01032	0.01157	0.01311	0.00756	0.01010	0.03561	0.01482	0.01931	0.03241	0.06851	0.03505	0.01690	0.00853	0.00284	0.00577	0.67797	0.00575	0.00589
60	0.01631	0.72173	0.09265	0.01126	0.01691	0.02380	0.01170	0.01875	0.01270	0.01508	0.00887	0.01026	0.00799	0.00538	0.00416	0.00139	0.00688	0.00344	0.00266	0.00810
61	0.01013	0.00645	0.00701	0.00672	0.00870	0.00577	0.00509	0.01236	0.01466	0.06655	0.15625	0.04477	0.37635	0.01233	0.00643	0.00188	0.00319	0.01030	0.23922	0.00586
62	0.01564	0.60014	0.20835	0.01240	0.01868	0.02215	0.01369	0.01892	0.01278	0.01590	0.00928	0.01077	0.00797	0.00548	0.00447	0.00149	0.00729	0.00364	0.00266	0.00829
63	0.82504	0.01205	0.00916	0.00819	0.01205	0.01398	0.00675	0.01832	0.01060	0.02795	0.00868	0.01012	0.00675	0.00578	0.00386	0.00193	0.00482	0.00337	0.00386	0.00675
64	0.00914	0.00666	0.00893	0.01020	0.01146	0.00645	0.00840	0.01144	0.01376	0.01778	0.03693	0.23480	0.12176	0.01758	0.00830	0.00270	0.00493	0.45750	0.00575	0.00552
65	0.00850	0.00636	0.00789	0.00751	0.00912	0.00575	0.00563	0.01115	0.01690	0.02323	0.59299	0.04944	0.20577	0.01339	0.00735	0.00199	0.00299	0.01167	0.00663	0.00575
66	0.23510	0.01098	0.01308	0.01033	0.01490	0.01041	0.00853	0.02723	0.01595	0.55975	0.02045	0.01833	0.01317	0.00721	0.00564	0.00193	0.00518	0.00551	0.00671	0.00960
67	0.00878	0.00627	0.00859	0.01003	0.01091	0.00608	0.00784	0.01073	0.01310	0.01723	0.03369	0.43482	0.03862	0.01840	0.00827	0.00269	0.00464	0.34816	0.00576	0.00539
68	0.00925	0.00632	0.00840	0.00951	0.01057	0.00615	0.00751	0.01150	0.01361	0.01874	0.09037	0.31396	0.03732	0.01649	0.00777	0.00251	0.00442	0.31901	0.10108	0.00552
69	0.01250	0.03223	0.74875	0.01776	0.02697	0.01447	0.02302	0.01973	0.01315	0.01973	0.01118	0.01315	0.00789	0.00592	0.00592	0.00197	0.00921	0.00460	0.00263	0.00921
70	0.00890	0.00668	0.01001	0.01001	0.01113	0.00779	0.00779	0.01113	0.01001	0.01446	0.01669	0.02448	0.01558	0.04673	0.75634	0.01001	0.01669	0.00668	0.00334	0.00556
71	0.01177	0.01107	0.01869	0.76606	0.04291	0.01384	0.01730	0.01592	0.01246	0.01592	0.01107	0.01661	0.00831	0.00623	0.00623	0.00208	0.00831	0.00554	0.00277	0.00692
72	0.01528	0.53504	0.27029	0.01302	0.01963	0.02127	0.01476	0.01901	0.01282	0.01634	0.00950	0.01104	0.00796	0.00553	0.00464	0.00155	0.00751	0.00375	0.00265	0.00840
73	0.00756	0.00626	0.00662	0.00666	0.00857	0.00532	0.00495	0.00927	0.01446	0.01776	0.14362	0.10879	0.60732	0.01567	0.00740	0.00212	0.00316	0.01324	0.00592	0.00532
74	0.01755	0.60975	0.07273	0.01201	0.01721	0.15015	0.01163	0.01979	0.01355	0.01506	0.00898	0.01040	0.00799	0.00555	0.00439	0.00142	0.00760	0.00352	0.00276	0.00793
75	0.77711	0.01310	0.00967	0.00866	0.01248	0.05834	0.00706	0.01871	0.01103	0.02719	0.00873	0.01019	0.00682	0.00582	0.00396	0.00191	0.00520	0.00341	0.00382	0.00678
76	0.03856	0.24146	0.29448	0.01377	0.01968	0.03249	0.06071	0.01777	0.01412	0.01959	0.16941	0.01964	0.01911	0.00720	0.00570	0.00178	0.00710	0.00582	0.00365	0.00796
77	0.02341	0.01743	0.01926	0.01471	0.01973	0.01921	0.03386	0.69957	0.02884	0.03867	0.01489	0.01502	0.01056	0.00741	0.00627	0.00188	0.00697	0.00566	0.00614	0.01053
78	0.01040	0.00813	0.00966	0.00903	0.01105	0.00825	0.00689	0.01688	0.19419	0.02450	0.49454	0.04236	0.09731	0.01201	0.00713	0.00203	0.00352	0.02867	0.00662	0.00682
79	0.01292	0.01107	0.01292	0.00923	0.01477	0.00831	0.00738	0.01569	0.01292	0.02030	0.01107	0.01292	0.00923	0.00461	0.00461	0.00092	0.00461	0.00369	0.00369	0.81912
80	0.00848	0.00636	0.00786	0.00748	0.00910	0.00573	0.00561	0.01110	0.01683	0.02307	0.58030	0.04969	0.21857	0.01345	0.00735	0.00199	0.00299	0.01171	0.00661	0.00573
81	0.00834	0.00586	0.00779	0.00912	0.00974	0.00560	0.00660	0.00984	0.01238	0.01660	0.03290	0.55985	0.03831	0.05234	0.00903	0.00272	0.00417	0.16988	0.03371	0.00518
82	0.00981	0.00701	0.00978	0.01122	0.01255	0.00698	0.00965	0.01252	0.01412	0.01839	0.03311	0.13549	0.03635	0.01742	0.00855	0.00284	0.00554	0.63725	0.00574	0.00567
83	0.00941	0.00598	0.00666	0.00670	0.00694	0.00597	0.00393	0.00990	0.00978	0.01395	0.02023	0.06235	0.02222	0.63509	0.02666	0.00521	0.00547	0.00884	0.13057	0.00413
84	0.00906	0.00604	0.00680	0.00680	0.00680	0.00604	0.00378	0.00906	0.00906	0.01208	0.01963	0.04077	0.02265	0.78103	0.03171	0.00604	0.00604	0.00906	0.00378	0.00378
85	0.01542	0.01480	0.02529	0.03824	0.74217	0.01480	0.01912	0.01912	0.01419	0.02036	0.01172	0.01542	0.00987	0.00555	0.00617	0.00185	0.00740	0.00555	0.00308	0.00987
86	0.01363	0.01363	0.01908	0.01636	0.01636	0.01908	0.01363	0.01499	0.00954	0.01499	0.00818	0.01363	0.00818	0.01091	0.02045	0.00273	0.76963	0.00545	0.00273	0.00682
87	0.82504	0.01205	0.00916	0.00819	0.01205	0.01398	0.00675	0.01832	0.01060	0.02795	0.00868	0.01012	0.00675	0.00578	0.00386	0.00193	0.00482	0.00337	0.00386	0.00675
88	0.00759	0.00542	0.00723	0.00868	0.00904	0.00506	0.00578	0.00868	0.01193	0.01591	0.03434	0.77697	0.04121	0.01952	0.00795	0.00253	0.00361	0.01771	0.00578	0.00506
89	0.01325	0.17202	0.49913	0.01706	0.04267	0.01598	0.07155	0.01890	0.01313	0.01858	0.01213	0.05608	0.00996	0.00652	0.00578	0.00189	0.00846	0.00533	0.00287	0.00870
90	0.01250	0.03223	0.74875	0.01776	0.02697	0.01447	0.02302	0.01973	0.01315	0.01973	0.01118	0.01315	0.00789	0.00592	0.00592	0.00197	0.00921	0.00460	0.00263	0.00921
91	0.01257	0.03172	0.72523	0.01804	0.02715	0.01451	0.04602	0.01974	0.01321	0.01974	0.01123	0.01328	0.00794	0.00590	0.00597	0.00198	0.00925	0.00469	0.00265	0.00918
92	0.01542	0.01480	0.02529	0.03824	0.74217	0.01480	0.01912	0.01912	0.01419	0.02036	0.01172	0.01542	0.00987	0.00555	0.00617	0.00185	0.00740	0.00555	0.00308	0.00987
93	0.00920	0.00599	0.00679	0.00687	0.00710	0.00594	0.00406	0.00967	0.01000	0.01395	0.05009	0.08991	0.02476	0.62228	0.02643	0.00519	0.00544	0.00943	0.08276	0.00415

[dist]
# distance from previous block
# <min> <max>
0	0

# created by:
# /home/cegg/simao/soft/augustus-3.2.1/scripts/msa2prfl.pl ./align_prep/EOG090W0FGQ.fa
