[name]
unknown

[dist]
# distance from previous block
# <min> <max>
0	205

[block]
# block no. 0 follows, 35 sequences, length 62
# corresponding to MSA columns:
# 210-271
name=unknown_A
#
# <colnr> <probs for GDERKNQSTAVLIFYWHMCP>
#	G	D	E	R	K	N	Q	S	T	A	V	L	I	F	Y	W	H	M	C	P
0	0.01490	0.01279	0.01356	0.01232	0.01570	0.01461	0.00960	0.03096	0.64124	0.02569	0.04741	0.02805	0.06770	0.00945	0.00661	0.00217	0.00487	0.02644	0.00642	0.00951
1	0.00773	0.00552	0.00736	0.00883	0.00920	0.00515	0.00589	0.00883	0.01215	0.01619	0.03497	0.77291	0.04196	0.01987	0.00810	0.00258	0.00368	0.01803	0.00589	0.00515
2	0.01696	0.78087	0.03324	0.01085	0.01628	0.02510	0.01085	0.01900	0.01289	0.01493	0.00882	0.01018	0.00814	0.00543	0.00407	0.00136	0.00678	0.00339	0.00271	0.00814
3	0.01550	0.01684	0.03138	0.02327	0.02794	0.04405	0.48170	0.05499	0.01456	0.01992	0.01175	0.01602	0.00932	0.00691	0.01062	0.00226	0.19467	0.00680	0.00327	0.00823
4	0.01248	0.01179	0.01994	0.66394	0.13762	0.01423	0.01787	0.01665	0.01292	0.01682	0.01136	0.01675	0.00867	0.00625	0.00633	0.00208	0.00833	0.00564	0.00286	0.00745
5	0.01518	0.01454	0.02480	0.14085	0.63967	0.01494	0.01921	0.01901	0.01420	0.02009	0.01184	0.01587	0.00982	0.00575	0.00629	0.00192	0.00767	0.00565	0.00309	0.00963
6	0.00779	0.00557	0.00741	0.00879	0.00921	0.00519	0.00589	0.00898	0.01243	0.01664	0.06861	0.73800	0.04282	0.01954	0.00807	0.00255	0.00365	0.01772	0.00594	0.00519
7	0.01570	0.01507	0.02575	0.03894	0.73748	0.01507	0.01947	0.01947	0.01444	0.02073	0.01193	0.01570	0.01005	0.00565	0.00628	0.00188	0.00754	0.00565	0.00314	0.01005
8	0.01605	0.01376	0.01450	0.01296	0.01660	0.01590	0.01011	0.05568	0.70361	0.02697	0.02548	0.02340	0.01909	0.00857	0.00645	0.00214	0.00508	0.00713	0.00645	0.01007
9	0.01315	0.01128	0.01315	0.00940	0.01503	0.00846	0.00752	0.01597	0.01315	0.02067	0.01128	0.01315	0.00940	0.00470	0.00470	0.00094	0.00470	0.00376	0.00376	0.81583
10	0.04588	0.01673	0.02298	0.06623	0.37460	0.13655	0.10123	0.04202	0.01521	0.02011	0.01389	0.07209	0.01253	0.00722	0.00645	0.00197	0.00818	0.02389	0.00356	0.00870
11	0.82186	0.01227	0.00932	0.00834	0.01227	0.01423	0.00687	0.01865	0.01080	0.02846	0.00883	0.01031	0.00687	0.00589	0.00393	0.00196	0.00491	0.00344	0.00393	0.00687
12	0.01968	0.01928	0.02046	0.04249	0.21495	0.24028	0.05701	0.10242	0.10121	0.07506	0.01495	0.03746	0.01191	0.00706	0.00627	0.00189	0.00832	0.00588	0.00436	0.00905
13	0.00984	0.00817	0.00974	0.00874	0.01122	0.02511	0.02258	0.01218	0.01509	0.02064	0.27794	0.16807	0.18974	0.01274	0.00695	0.00190	0.00391	0.01111	0.00569	0.17863
14	0.00895	0.00603	0.00700	0.00727	0.00734	0.00597	0.00422	0.00915	0.00976	0.01302	0.02275	0.17645	0.02655	0.63736	0.02783	0.00549	0.00569	0.01085	0.00422	0.00409
15	0.01421	0.03460	0.14219	0.06876	0.14935	0.02978	0.03196	0.05202	0.08557	0.06188	0.04205	0.04537	0.05137	0.05205	0.09030	0.00314	0.00813	0.02476	0.00426	0.00824
16	0.00883	0.00644	0.00830	0.00792	0.00941	0.00591	0.00591	0.01165	0.01748	0.02450	0.66031	0.07994	0.10271	0.01347	0.00751	0.00203	0.00304	0.01188	0.00687	0.00591
17	0.06562	0.07919	0.28116	0.03988	0.16482	0.14130	0.01709	0.04921	0.01484	0.02034	0.01103	0.01325	0.00861	0.00597	0.00569	0.00180	0.00846	0.00461	0.00318	0.06396
18	0.02402	0.02076	0.01878	0.01502	0.01966	0.19556	0.01211	0.55027	0.02698	0.03410	0.01393	0.01432	0.01016	0.00736	0.00620	0.00184	0.00805	0.00532	0.00561	0.00996
19	0.01339	0.02885	0.58371	0.02274	0.18605	0.01481	0.02255	0.01995	0.01363	0.02023	0.01151	0.01391	0.00849	0.00594	0.00608	0.00198	0.00896	0.00490	0.00278	0.00953
20	0.01457	0.01122	0.01372	0.01036	0.01537	0.00919	0.02776	0.06437	0.01481	0.07821	0.01672	0.05180	0.03934	0.00686	0.00547	0.00133	0.00503	0.03843	0.00451	0.57091
21	0.00773	0.00552	0.00736	0.00883	0.00920	0.00515	0.00589	0.00883	0.01215	0.01619	0.03497	0.77291	0.04196	0.01987	0.00810	0.00258	0.00368	0.01803	0.00589	0.00515
22	0.02846	0.01080	0.01472	0.01129	0.01619	0.00932	0.00932	0.03092	0.01816	0.74187	0.02503	0.02159	0.01570	0.00785	0.00638	0.00196	0.00540	0.00638	0.00785	0.01080
23	0.00853	0.00676	0.00919	0.12784	0.01472	0.00676	0.00771	0.01042	0.01317	0.01703	0.07561	0.42534	0.19079	0.01641	0.00768	0.00239	0.00439	0.04422	0.00546	0.00557
24	0.09511	0.01078	0.01406	0.01093	0.01564	0.00963	0.00900	0.02924	0.01753	0.65750	0.04727	0.02149	0.01642	0.00786	0.00621	0.00196	0.00528	0.00630	0.00749	0.01030
25	0.00875	0.00648	0.00816	0.00774	0.00934	0.00589	0.00580	0.01153	0.01741	0.02415	0.63012	0.04951	0.16467	0.01345	0.00748	0.00202	0.00303	0.01177	0.00681	0.00589
26	0.02793	0.01069	0.01459	0.01130	0.01611	0.00927	0.00935	0.03040	0.01805	0.72080	0.02528	0.02305	0.01631	0.00813	0.00645	0.00199	0.00541	0.02645	0.00779	0.01065
27	0.01911	0.01170	0.01400	0.01209	0.01564	0.01244	0.00970	0.02876	0.34557	0.26936	0.07814	0.02759	0.02179	0.00943	0.00739	0.00216	0.04351	0.05532	0.00674	0.00954
28	0.01272	0.03281	0.74418	0.01808	0.02746	0.01473	0.02344	0.02009	0.01339	0.02009	0.01138	0.01339	0.00804	0.00603	0.00603	0.00201	0.00938	0.00469	0.00268	0.00938
29	0.01075	0.00561	0.00806	0.00806	0.00806	0.00561	0.00526	0.00841	0.00841	0.01121	0.01238	0.02266	0.01285	0.13655	0.02593	0.69269	0.00561	0.00607	0.00292	0.00292
30	0.01766	0.65258	0.06078	0.01187	0.01718	0.11878	0.01156	0.01986	0.01357	0.01522	0.00905	0.01047	0.00814	0.00560	0.00437	0.00142	0.00749	0.00354	0.00278	0.00809
31	0.08018	0.01442	0.01649	0.03791	0.01837	0.03202	0.01086	0.32767	0.02219	0.30217	0.01849	0.01868	0.01283	0.00789	0.00671	0.00199	0.03097	0.02368	0.00643	0.01006
32	0.01497	0.01711	0.03743	0.02674	0.03316	0.01604	0.71444	0.02032	0.01497	0.02032	0.01283	0.01711	0.00963	0.00535	0.00749	0.00214	0.01070	0.00749	0.00321	0.00856
33	0.01557	0.06859	0.04214	0.08635	0.52174	0.03989	0.01750	0.03947	0.03117	0.02028	0.01311	0.05182	0.01146	0.00654	0.00620	0.00190	0.00747	0.00605	0.00338	0.00937
34	0.07987	0.27007	0.38703	0.01463	0.02179	0.03740	0.01691	0.04576	0.03756	0.01993	0.01094	0.01247	0.00846	0.00598	0.00525	0.00179	0.00801	0.00428	0.00307	0.00880
35	0.01540	0.01521	0.05091	0.01688	0.13078	0.10213	0.01189	0.05239	0.20759	0.04304	0.11073	0.02506	0.07577	0.01033	0.03204	0.00232	0.07689	0.00722	0.00498	0.00843
36	0.00750	0.00643	0.00643	0.00643	0.00857	0.00536	0.00482	0.00910	0.01446	0.01714	0.06427	0.06105	0.73490	0.01607	0.00750	0.00214	0.00321	0.01339	0.00589	0.00536
37	0.01613	0.23874	0.24079	0.01517	0.02120	0.10329	0.08671	0.06315	0.01544	0.03980	0.05847	0.01719	0.04391	0.00687	0.00577	0.00179	0.00809	0.00545	0.00360	0.00844
38	0.01255	0.01239	0.02266	0.48919	0.05546	0.01379	0.18498	0.01677	0.01326	0.01747	0.01329	0.06841	0.01110	0.00695	0.00668	0.00211	0.00852	0.00687	0.00316	0.03439
39	0.08841	0.01713	0.03546	0.01343	0.01837	0.07170	0.01118	0.43020	0.04178	0.12317	0.01539	0.01535	0.01093	0.00717	0.00597	0.00183	0.00678	0.00534	0.00581	0.07459
40	0.01805	0.01747	0.01804	0.12790	0.13040	0.18022	0.01317	0.17777	0.11596	0.02354	0.01796	0.03889	0.05914	0.00798	0.00667	0.00196	0.02530	0.00635	0.00454	0.00866
41	0.01022	0.00730	0.01022	0.01168	0.01314	0.00730	0.01022	0.01314	0.01460	0.01899	0.03359	0.07156	0.03651	0.01752	0.00876	0.00292	0.00584	0.69478	0.00584	0.00584
42	0.01337	0.01301	0.01810	0.01573	0.01581	0.01789	0.01300	0.01474	0.00994	0.01526	0.01044	0.01877	0.01080	0.06372	0.02097	0.00301	0.67405	0.04170	0.00301	0.00667
43	0.00772	0.00557	0.00731	0.00870	0.00917	0.00516	0.00583	0.00885	0.01227	0.01625	0.03657	0.73401	0.07982	0.01967	0.00806	0.00255	0.00365	0.01778	0.00589	0.00516
44	0.01731	0.01439	0.01521	0.01322	0.01708	0.01650	0.01041	0.15921	0.59802	0.02901	0.02387	0.02212	0.01779	0.00842	0.00644	0.00211	0.00538	0.00690	0.00644	0.01018
45	0.17133	0.01183	0.01401	0.01114	0.01576	0.01157	0.00914	0.07778	0.08563	0.49334	0.02146	0.01928	0.01410	0.00755	0.00594	0.00198	0.00539	0.00587	0.00690	0.01001
46	0.00772	0.00556	0.00732	0.00873	0.00918	0.00516	0.00584	0.00884	0.01224	0.01623	0.03618	0.74342	0.07067	0.01972	0.00807	0.00256	0.00366	0.01784	0.00589	0.00516
47	0.01307	0.00711	0.00724	0.00679	0.00863	0.00730	0.00520	0.08563	0.01497	0.02530	0.02014	0.02280	0.01571	0.00741	0.00463	0.00152	0.00336	0.00589	0.73088	0.00641
48	0.02117	0.02108	0.01644	0.01405	0.01743	0.33676	0.01076	0.28385	0.02087	0.02426	0.01364	0.01789	0.01168	0.12517	0.03493	0.00271	0.00914	0.00557	0.00452	0.00806
49	0.01578	0.01363	0.01434	0.01291	0.01650	0.01578	0.01004	0.03371	0.72602	0.02654	0.02582	0.02367	0.01937	0.00861	0.00646	0.00215	0.00502	0.00717	0.00646	0.01004
50	0.01904	0.00870	0.01159	0.00967	0.01293	0.00766	0.00767	0.02160	0.01764	0.39937	0.29949	0.06472	0.07099	0.01074	0.00693	0.00201	0.00429	0.00918	0.00734	0.00843
51	0.00792	0.00651	0.00818	0.00834	0.00991	0.00574	0.03625	0.00948	0.01349	0.01687	0.04948	0.36386	0.40661	0.01723	0.00775	0.00233	0.00374	0.01512	0.00577	0.00541
52	0.01696	0.78087	0.03324	0.01085	0.01628	0.02510	0.01085	0.01900	0.01289	0.01493	0.00882	0.01018	0.00814	0.00543	0.00407	0.00136	0.00678	0.00339	0.00271	0.00814
53	0.02370	0.03023	0.01798	0.01634	0.01961	0.75158	0.01226	0.02533	0.01798	0.01553	0.00981	0.01144	0.00817	0.00654	0.00572	0.00163	0.01144	0.00409	0.00327	0.00735
54	0.01295	0.01105	0.01293	0.00933	0.01477	0.00834	0.00744	0.01578	0.01339	0.02090	0.04606	0.01480	0.01182	0.00510	0.00483	0.00099	0.00462	0.00413	0.00391	0.77686
55	0.14895	0.02481	0.01701	0.01513	0.01834	0.52096	0.03051	0.04079	0.01624	0.01830	0.01000	0.01212	0.00833	0.00808	0.03075	0.00206	0.06255	0.00431	0.00342	0.00732
56	0.03979	0.02131	0.02015	0.05556	0.18714	0.34481	0.04299	0.05713	0.01591	0.01840	0.01103	0.01467	0.00945	0.04046	0.00878	0.00208	0.09386	0.00512	0.00336	0.00798
57	0.00956	0.00800	0.01094	0.01080	0.01172	0.02601	0.04797	0.01112	0.01234	0.01674	0.05835	0.47879	0.06364	0.04328	0.04113	0.00292	0.09992	0.01396	0.02714	0.00567
58	0.01722	0.01565	0.01815	0.01726	0.09807	0.06529	0.06487	0.11092	0.46422	0.02627	0.02098	0.02048	0.01584	0.00778	0.00645	0.00206	0.00639	0.00665	0.00562	0.00984
59	0.01671	0.01529	0.02454	0.06557	0.60924	0.01567	0.01837	0.11587	0.01650	0.02321	0.01236	0.01569	0.01009	0.00595	0.00629	0.00190	0.00750	0.00566	0.00357	0.01003
60	0.01241	0.05333	0.11868	0.01304	0.01611	0.01241	0.04805	0.03901	0.08362	0.03502	0.05863	0.10031	0.06608	0.04800	0.11803	0.00357	0.11728	0.04475	0.00440	0.00725
61	0.01668	0.65037	0.08790	0.01265	0.01839	0.04373	0.05989	0.01935	0.01321	0.01571	0.00932	0.01093	0.00824	0.00550	0.00450	0.00147	0.00738	0.00379	0.00276	0.00824

[dist]
# distance from previous block
# <min> <max>
0	31

[block]
# block no. 1 follows, 35 sequences, length 20
# corresponding to MSA columns:
# 303-322
name=unknown_B
#
# <colnr> <probs for GDERKNQSTAVLIFYWHMCP>
#	G	D	E	R	K	N	Q	S	T	A	V	L	I	F	Y	W	H	M	C	P
0	0.00932	0.00670	0.00785	0.00822	0.01006	0.00595	0.00637	0.01116	0.01429	0.05989	0.05042	0.18999	0.42524	0.01657	0.00780	0.00237	0.00396	0.15211	0.00600	0.00574
1	0.01255	0.00815	0.01005	0.00894	0.01127	0.00779	0.00690	0.05885	0.06327	0.11215	0.49122	0.04216	0.11733	0.01206	0.00722	0.00201	0.00368	0.01042	0.00690	0.00706
2	0.01989	0.10960	0.06410	0.01710	0.03975	0.41966	0.09243	0.04477	0.05008	0.01791	0.01262	0.01668	0.01078	0.00705	0.00602	0.00180	0.00982	0.04848	0.00357	0.00791
3	0.01220	0.01102	0.01521	0.01342	0.01520	0.05723	0.07283	0.05506	0.01218	0.01685	0.01460	0.02094	0.01324	0.03269	0.47068	0.00719	0.14306	0.00642	0.00344	0.00655
4	0.00759	0.00606	0.00681	0.00741	0.00883	0.00527	0.00526	0.00899	0.01352	0.01675	0.05233	0.35108	0.45258	0.01762	0.00774	0.00232	0.00340	0.01528	0.00589	0.00527
5	0.00880	0.00664	0.00798	0.00821	0.00953	0.00625	0.00585	0.02600	0.04447	0.01974	0.23736	0.31174	0.20576	0.06076	0.00910	0.00249	0.00365	0.01386	0.00611	0.00568
6	0.07091	0.02633	0.12852	0.01786	0.08422	0.42092	0.01423	0.12513	0.01826	0.02108	0.01097	0.01260	0.00862	0.00650	0.00580	0.00177	0.00972	0.00452	0.00366	0.00838
7	0.00966	0.00679	0.00910	0.00898	0.00979	0.00764	0.00657	0.01133	0.01030	0.01520	0.01796	0.02903	0.01765	0.24872	0.42135	0.00762	0.04313	0.00732	0.10662	0.00523
8	0.00867	0.00611	0.00764	0.00837	0.00943	0.00562	0.00590	0.01008	0.01304	0.04199	0.07138	0.45465	0.20500	0.05483	0.03985	0.00292	0.00434	0.03896	0.00581	0.00542
9	0.01743	0.19858	0.29295	0.01423	0.02095	0.05193	0.01529	0.11633	0.01621	0.09437	0.01261	0.01361	0.00937	0.00617	0.00550	0.00171	0.00764	0.00457	0.00386	0.09671
10	0.01559	0.01325	0.01416	0.01286	0.01633	0.01522	0.01012	0.05380	0.64608	0.02635	0.02611	0.02729	0.02048	0.00930	0.00664	0.00221	0.00515	0.06294	0.00640	0.00972
11	0.01696	0.78087	0.03324	0.01085	0.01628	0.02510	0.01085	0.01900	0.01289	0.01493	0.00882	0.01018	0.00814	0.00543	0.00407	0.00136	0.00678	0.00339	0.00271	0.00814
12	0.01672	0.01342	0.01437	0.01279	0.01647	0.01530	0.00999	0.03350	0.67373	0.07938	0.02576	0.02352	0.01909	0.00855	0.00645	0.00214	0.00505	0.00711	0.00656	0.01010
13	0.00810	0.00623	0.00742	0.00759	0.00906	0.00554	0.00551	0.01010	0.01519	0.01999	0.30551	0.23022	0.31497	0.01585	0.00764	0.00219	0.00325	0.01382	0.00630	0.00554
14	0.00782	0.00556	0.00733	0.00871	0.00906	0.00522	0.00576	0.00886	0.01196	0.01595	0.03402	0.72652	0.04076	0.06790	0.00963	0.00280	0.00384	0.01748	0.00576	0.00507
15	0.00919	0.00630	0.00767	0.00767	0.00793	0.00656	0.00478	0.00971	0.00945	0.01286	0.01930	0.03770	0.02141	0.60924	0.19783	0.00708	0.00864	0.00867	0.00374	0.00426
16	0.01298	0.01305	0.02335	0.01838	0.02123	0.01458	0.28244	0.01657	0.03702	0.01737	0.01378	0.04006	0.01245	0.05761	0.16199	0.00417	0.23527	0.00715	0.00334	0.00720
17	0.02252	0.01663	0.01767	0.01396	0.01846	0.05200	0.01141	0.55949	0.02623	0.07584	0.01575	0.01659	0.01156	0.01241	0.09651	0.00290	0.00831	0.00580	0.00593	0.01001
18	0.09876	0.11522	0.14105	0.01522	0.03883	0.23556	0.01351	0.17617	0.01790	0.02305	0.01129	0.01297	0.00889	0.00790	0.02918	0.00207	0.03551	0.00458	0.00384	0.00851
19	0.04133	0.15062	0.41244	0.01599	0.02288	0.14771	0.01789	0.03788	0.01443	0.03779	0.01094	0.01271	0.00832	0.00630	0.00619	0.00186	0.03850	0.00444	0.00306	0.00872

[dist]
# distance from previous block
# <min> <max>
1	8

[block]
# block no. 2 follows, 35 sequences, length 53
# corresponding to MSA columns:
# 331-383
name=unknown_C
#
# <colnr> <probs for GDERKNQSTAVLIFYWHMCP>
#	G	D	E	R	K	N	Q	S	T	A	V	L	I	F	Y	W	H	M	C	P
0	0.04509	0.27005	0.41603	0.05823	0.02348	0.01764	0.01768	0.01902	0.01313	0.01841	0.01254	0.01433	0.03675	0.00624	0.00539	0.00181	0.00807	0.00462	0.00287	0.00859
1	0.00784	0.00560	0.00746	0.00876	0.00923	0.00523	0.00590	0.00911	0.01265	0.01700	0.09572	0.70987	0.04351	0.01927	0.00804	0.00253	0.00362	0.01746	0.00598	0.00523
2	0.01084	0.01015	0.04365	0.09710	0.08716	0.01053	0.06000	0.01352	0.01132	0.01593	0.01613	0.06477	0.01547	0.10849	0.35108	0.00628	0.06040	0.00733	0.00341	0.00645
3	0.01537	0.20010	0.18496	0.04369	0.23593	0.01660	0.06013	0.04215	0.01458	0.04812	0.03480	0.01735	0.04638	0.00655	0.00588	0.00183	0.00755	0.00559	0.00347	0.00897
4	0.00802	0.00592	0.00796	0.00890	0.00951	0.00552	0.02233	0.00916	0.01212	0.01601	0.03529	0.63451	0.09181	0.08841	0.01025	0.00286	0.00404	0.01663	0.00564	0.00513
5	0.01497	0.01711	0.03743	0.02674	0.03316	0.01604	0.71444	0.02032	0.01497	0.02032	0.01283	0.01711	0.00963	0.00535	0.00749	0.00214	0.01070	0.00749	0.00321	0.00856
6	0.01223	0.01402	0.12581	0.06286	0.07788	0.01150	0.10158	0.04396	0.07759	0.02158	0.15377	0.06928	0.11013	0.01014	0.00732	0.00213	0.02499	0.04305	0.02252	0.00766
7	0.01626	0.03942	0.13210	0.06778	0.27567	0.11325	0.13409	0.02041	0.01500	0.05506	0.03498	0.01815	0.01201	0.00656	0.00644	0.00195	0.00859	0.02987	0.00351	0.00888
8	0.01399	0.02546	0.42776	0.05233	0.20433	0.03231	0.11417	0.01994	0.01395	0.02002	0.01167	0.01455	0.00877	0.00587	0.00629	0.00199	0.00911	0.00532	0.00288	0.00930
9	0.01102	0.00551	0.00826	0.00826	0.00826	0.00551	0.00551	0.00826	0.00826	0.01102	0.01102	0.01928	0.01102	0.02204	0.02479	0.81543	0.00551	0.00551	0.00275	0.00275
10	0.07855	0.38327	0.08819	0.01355	0.01863	0.06412	0.09333	0.03921	0.06444	0.01871	0.01309	0.07460	0.01184	0.00704	0.00529	0.00174	0.00723	0.00555	0.00352	0.00811
11	0.01315	0.01128	0.01315	0.00940	0.01503	0.00846	0.00752	0.01597	0.01315	0.02067	0.01128	0.01315	0.00940	0.00470	0.00470	0.00094	0.00470	0.00376	0.00376	0.81583
12	0.00842	0.00671	0.00863	0.00843	0.01015	0.00601	0.03307	0.01055	0.01508	0.01969	0.25909	0.20133	0.32540	0.01556	0.00768	0.00222	0.00366	0.04655	0.00612	0.00565
13	0.00814	0.00658	0.00727	0.00735	0.00915	0.00585	0.00541	0.01057	0.04284	0.01890	0.18263	0.16881	0.47240	0.01579	0.00755	0.00218	0.00332	0.01352	0.00612	0.00563
14	0.01674	0.21135	0.15403	0.06042	0.10626	0.07121	0.16169	0.05659	0.01502	0.05465	0.01179	0.01419	0.00918	0.00603	0.00623	0.00185	0.02543	0.00522	0.00335	0.00879
15	0.01102	0.00551	0.00826	0.00826	0.00826	0.00551	0.00551	0.00826	0.00826	0.01102	0.01102	0.01928	0.01102	0.02204	0.02479	0.81543	0.00551	0.00551	0.00275	0.00275
16	0.01048	0.00642	0.00735	0.00714	0.00749	0.00633	0.00420	0.01074	0.00992	0.05648	0.02032	0.03963	0.02236	0.70118	0.02966	0.00572	0.00598	0.00893	0.03533	0.00434
17	0.01673	0.01654	0.01484	0.01375	0.05267	0.28103	0.08618	0.01950	0.01526	0.02015	0.01538	0.01804	0.01224	0.00676	0.00534	0.00163	0.00716	0.00540	0.38444	0.00695
18	0.01556	0.18459	0.17775	0.02654	0.33909	0.04303	0.08731	0.01979	0.01407	0.01912	0.01116	0.01402	0.00911	0.00568	0.00585	0.00181	0.00821	0.00509	0.00296	0.00925
19	0.01281	0.01205	0.01939	0.57399	0.11350	0.01469	0.01695	0.01792	0.07089	0.01747	0.01234	0.01713	0.00951	0.00677	0.00731	0.00214	0.05863	0.00576	0.00315	0.00760
20	0.00907	0.00651	0.00889	0.00894	0.00963	0.00717	0.00635	0.01046	0.00991	0.01389	0.01877	0.05914	0.01949	0.31439	0.45970	0.00842	0.01251	0.00811	0.00366	0.00498
21	0.11153	0.17062	0.17660	0.01854	0.08168	0.11309	0.15545	0.06507	0.01504	0.02085	0.01096	0.01320	0.00860	0.00589	0.00569	0.00184	0.00857	0.00492	0.00329	0.00856
22	0.01075	0.00800	0.00952	0.00881	0.01093	0.00790	0.00671	0.01640	0.15404	0.04947	0.47190	0.04396	0.15204	0.01241	0.00725	0.00205	0.00350	0.01075	0.00675	0.00684
23	0.01875	0.18111	0.11853	0.01809	0.09532	0.26190	0.06312	0.07009	0.07872	0.01951	0.01202	0.01361	0.00961	0.00632	0.00571	0.00175	0.00888	0.00480	0.00355	0.00862
24	0.00843	0.00716	0.01030	0.00984	0.01158	0.00643	0.08339	0.01020	0.01338	0.01702	0.04422	0.40585	0.31479	0.01676	0.00779	0.00236	0.00427	0.01502	0.00559	0.00561
25	0.01657	0.05395	0.15181	0.02047	0.20859	0.01328	0.06347	0.04413	0.06245	0.14803	0.08091	0.02205	0.04329	0.03428	0.00730	0.00210	0.00688	0.00665	0.00466	0.00913
26	0.07635	0.01286	0.01869	0.04131	0.34405	0.01252	0.01345	0.06243	0.01543	0.10922	0.05111	0.04303	0.03445	0.00704	0.00603	0.00180	0.00616	0.00619	0.00441	0.13346
27	0.01949	0.01478	0.01592	0.01334	0.01752	0.01658	0.01065	0.25866	0.44281	0.08511	0.02227	0.02073	0.01626	0.00822	0.00641	0.00206	0.00570	0.00663	0.00652	0.01034
28	0.01402	0.08816	0.04927	0.15408	0.08638	0.03862	0.11755	0.05209	0.04882	0.01975	0.05936	0.02651	0.04155	0.00886	0.00797	0.00216	0.07445	0.09863	0.00401	0.00777
29	0.10166	0.24626	0.02320	0.01373	0.01859	0.10910	0.06506	0.26173	0.01961	0.04784	0.02937	0.01387	0.01052	0.00662	0.00546	0.00174	0.00740	0.00489	0.00446	0.00890
30	0.00799	0.00637	0.00712	0.00758	0.00921	0.00562	0.00569	0.00960	0.01381	0.01698	0.05279	0.18768	0.48352	0.05435	0.00899	0.00252	0.00379	0.10529	0.00578	0.00531
31	0.06270	0.11328	0.24888	0.01524	0.02120	0.01619	0.08110	0.15067	0.09517	0.02475	0.06740	0.01945	0.01483	0.00743	0.00613	0.00197	0.00739	0.03294	0.00435	0.00895
32	0.16512	0.01092	0.03296	0.00945	0.01370	0.00952	0.00780	0.01813	0.04083	0.12714	0.10412	0.02327	0.08458	0.00931	0.03500	0.00196	0.00513	0.00617	0.00502	0.28988
33	0.01281	0.01090	0.01278	0.00932	0.01463	0.00825	0.00740	0.01558	0.01331	0.02071	0.03998	0.03952	0.01242	0.00552	0.00492	0.00103	0.00460	0.00453	0.00395	0.75783
34	0.03262	0.03654	0.01789	0.01516	0.06622	0.08106	0.11801	0.06019	0.13232	0.02183	0.05944	0.06389	0.10052	0.00848	0.00634	0.00183	0.00638	0.00745	0.00469	0.15914
35	0.00963	0.00666	0.00808	0.00783	0.00949	0.00601	0.00582	0.01177	0.01557	0.06062	0.34926	0.09343	0.25382	0.08827	0.00993	0.00252	0.00368	0.04553	0.00628	0.00580
36	0.01867	0.05884	0.04512	0.01272	0.01727	0.04438	0.01070	0.32486	0.03824	0.05016	0.03987	0.04586	0.01368	0.03259	0.00749	0.00188	0.04365	0.00590	0.00512	0.18300
37	0.03969	0.10769	0.08304	0.01372	0.01861	0.03993	0.09540	0.08518	0.09363	0.06022	0.01777	0.05781	0.04516	0.00774	0.00641	0.00180	0.02971	0.02236	0.00444	0.16969
38	0.11462	0.04319	0.37613	0.01909	0.09191	0.07326	0.09499	0.05997	0.01473	0.02198	0.02650	0.01423	0.00952	0.00616	0.00593	0.00195	0.00862	0.00506	0.00328	0.00886
39	0.01742	0.19744	0.01873	0.01206	0.01614	0.01670	0.01008	0.04913	0.39620	0.11100	0.04496	0.02255	0.01796	0.00821	0.00599	0.00195	0.00552	0.03284	0.00572	0.00940
40	0.01631	0.01401	0.02354	0.15911	0.54969	0.01435	0.01817	0.02002	0.01451	0.08982	0.01309	0.01648	0.01033	0.00598	0.00630	0.00193	0.00749	0.00572	0.00354	0.00961
41	0.01784	0.08812	0.08578	0.01354	0.01764	0.12390	0.03936	0.03807	0.11391	0.15945	0.02238	0.03131	0.03609	0.00981	0.00669	0.00213	0.00706	0.17333	0.00524	0.00836
42	0.01630	0.01323	0.01542	0.01557	0.11505	0.11617	0.05142	0.02077	0.09915	0.14502	0.18351	0.05580	0.10589	0.00979	0.00678	0.00199	0.00598	0.00844	0.00562	0.00809
43	0.00775	0.00599	0.00709	0.00789	0.00908	0.00533	0.00559	0.00918	0.01336	0.01692	0.06439	0.42775	0.33720	0.01800	0.00785	0.00239	0.00354	0.03951	0.00591	0.00528
44	0.06654	0.01351	0.01745	0.10642	0.04810	0.01448	0.06296	0.20160	0.15543	0.15610	0.02019	0.05869	0.03350	0.00821	0.00643	0.00205	0.00640	0.00694	0.00567	0.00933
45	0.01488	0.01425	0.02182	0.37267	0.33503	0.05319	0.01780	0.05933	0.01472	0.01949	0.01171	0.01602	0.00925	0.00614	0.00628	0.00198	0.00813	0.00557	0.00319	0.00856
46	0.01204	0.01127	0.01683	0.01469	0.01551	0.01469	0.05250	0.01401	0.01021	0.01535	0.01202	0.01843	0.01138	0.02519	0.30909	0.00567	0.42538	0.00616	0.00305	0.00653
47	0.00812	0.00574	0.00719	0.00819	0.00855	0.00543	0.00528	0.00895	0.01148	0.01519	0.03245	0.53857	0.07290	0.22395	0.01459	0.00352	0.00432	0.01542	0.00534	0.00481
48	0.01173	0.00889	0.01252	0.05590	0.01534	0.00906	0.05795	0.09534	0.04192	0.03941	0.02884	0.40692	0.03150	0.01544	0.00776	0.00247	0.00534	0.14142	0.00564	0.00663
49	0.02334	0.01677	0.01813	0.01406	0.01886	0.01845	0.01151	0.62053	0.06468	0.07275	0.01644	0.01697	0.01194	0.03662	0.00733	0.00208	0.00677	0.00595	0.00633	0.01049
50	0.01023	0.00847	0.01246	0.01162	0.01253	0.01036	0.02595	0.01216	0.01011	0.01473	0.01538	0.02409	0.01486	0.11270	0.50761	0.00803	0.17277	0.00680	0.00331	0.00582
51	0.02154	0.19955	0.05263	0.01547	0.04048	0.38295	0.01258	0.16415	0.01892	0.02071	0.01081	0.01213	0.00875	0.00645	0.00550	0.00165	0.00926	0.00433	0.00374	0.00840
52	0.01062	0.09154	0.08453	0.01047	0.01264	0.00981	0.05005	0.01295	0.03882	0.01543	0.02119	0.20744	0.02322	0.32606	0.05445	0.00419	0.00671	0.00997	0.00414	0.00577

[dist]
# distance from previous block
# <min> <max>
4	19

[block]
# block no. 3 follows, 35 sequences, length 40
# corresponding to MSA columns:
# 404-443
name=unknown_D
#
# <colnr> <probs for GDERKNQSTAVLIFYWHMCP>
#	G	D	E	R	K	N	Q	S	T	A	V	L	I	F	Y	W	H	M	C	P
0	0.73196	0.01210	0.00994	0.00868	0.01271	0.01368	0.00715	0.02004	0.01163	0.10930	0.01067	0.01158	0.00787	0.00611	0.00420	0.00196	0.00496	0.00377	0.00437	0.00732
1	0.00893	0.00616	0.00699	0.00708	0.00738	0.00605	0.00421	0.00925	0.01003	0.01317	0.02586	0.09097	0.10421	0.62086	0.04874	0.00558	0.00597	0.01020	0.00419	0.00415
2	0.01248	0.01032	0.01201	0.01115	0.01352	0.05279	0.03872	0.11437	0.04646	0.02303	0.19056	0.12433	0.13971	0.01358	0.00754	0.00227	0.00524	0.16916	0.00594	0.00681
3	0.00908	0.00642	0.00848	0.00855	0.00910	0.00694	0.00586	0.01019	0.00982	0.01363	0.01931	0.06955	0.02060	0.39719	0.36925	0.00788	0.01112	0.00852	0.00373	0.00476
4	0.29688	0.01127	0.01262	0.01020	0.01462	0.01116	0.00838	0.02640	0.04459	0.44947	0.01944	0.01790	0.01287	0.00720	0.00549	0.00196	0.00515	0.00540	0.02972	0.00929
5	0.00972	0.00669	0.00863	0.00813	0.00983	0.00612	0.00620	0.01257	0.01752	0.05463	0.61699	0.04848	0.11623	0.01321	0.00749	0.00204	0.00323	0.03927	0.00688	0.00613
6	0.01580	0.51756	0.26160	0.01335	0.01998	0.04359	0.01495	0.01954	0.01321	0.01661	0.00967	0.01125	0.00811	0.00565	0.00475	0.00158	0.00776	0.00383	0.00272	0.00851
7	0.07282	0.01264	0.01421	0.01195	0.01602	0.01345	0.00955	0.09573	0.34902	0.25536	0.04441	0.02298	0.03641	0.00841	0.00631	0.00205	0.00522	0.00682	0.00672	0.00991
8	0.00782	0.00565	0.00741	0.00863	0.00919	0.00524	0.00584	0.00912	0.01277	0.01704	0.09675	0.67330	0.07960	0.01908	0.00801	0.00250	0.00360	0.01723	0.00598	0.00524
9	0.01570	0.01507	0.02575	0.03894	0.73748	0.01507	0.01947	0.01947	0.01444	0.02073	0.01193	0.01570	0.01005	0.00565	0.00628	0.00188	0.00754	0.00565	0.00314	0.01005
10	0.02412	0.01777	0.01904	0.01460	0.01967	0.01967	0.01206	0.71633	0.02983	0.03998	0.01523	0.01523	0.01079	0.00762	0.00635	0.00190	0.00698	0.00571	0.00635	0.01079
11	0.00908	0.00697	0.00852	0.00786	0.00990	0.00609	0.00591	0.01167	0.01639	0.02270	0.47695	0.08193	0.19537	0.01302	0.00720	0.00194	0.00327	0.01132	0.00633	0.09758
12	0.00784	0.00639	0.00686	0.00682	0.00871	0.00549	0.00504	0.00963	0.01484	0.01847	0.18495	0.08577	0.55990	0.04089	0.00834	0.00227	0.00329	0.01308	0.00602	0.00541
13	0.00773	0.00552	0.00736	0.00883	0.00920	0.00515	0.00589	0.00883	0.01215	0.01619	0.03497	0.77291	0.04196	0.01987	0.00810	0.00258	0.00368	0.01803	0.00589	0.00515
14	0.05093	0.01245	0.01394	0.01237	0.01601	0.01363	0.00995	0.07616	0.42232	0.15407	0.02536	0.02895	0.02004	0.00955	0.00666	0.00220	0.00533	0.10407	0.00651	0.00950
15	0.00911	0.00625	0.00763	0.00839	0.00920	0.00603	0.00584	0.03038	0.01269	0.01737	0.03258	0.42368	0.09216	0.14655	0.01177	0.00304	0.00426	0.07261	0.09521	0.00525
16	0.02692	0.01120	0.01464	0.01136	0.01608	0.01018	0.00934	0.07914	0.04785	0.63173	0.02418	0.02131	0.01553	0.00785	0.00630	0.00195	0.00539	0.00634	0.04217	0.01056
17	0.01522	0.00763	0.00867	0.00781	0.01016	0.00748	0.00606	0.01941	0.07802	0.16758	0.09140	0.02555	0.02066	0.00813	0.00530	0.00169	0.00363	0.00666	0.50167	0.00726
18	0.01455	0.00841	0.01010	0.00892	0.01177	0.00772	0.00706	0.05544	0.03757	0.20351	0.19562	0.04402	0.28318	0.01247	0.00711	0.00208	0.00412	0.04962	0.02939	0.00735
19	0.01507	0.27936	0.45719	0.01540	0.02309	0.04615	0.01838	0.02029	0.01356	0.04209	0.01093	0.01253	0.00833	0.00591	0.00538	0.00178	0.00847	0.00429	0.00288	0.00894
20	0.01290	0.01265	0.02260	0.55092	0.11999	0.01462	0.12383	0.01718	0.01316	0.01732	0.01152	0.01674	0.00881	0.00622	0.00684	0.00211	0.02612	0.00592	0.00291	0.00761
21	0.01132	0.00932	0.01417	0.20369	0.03811	0.01054	0.04258	0.01444	0.03575	0.03659	0.13757	0.07495	0.02356	0.12566	0.11146	0.00385	0.07143	0.02433	0.00428	0.00640
22	0.00768	0.00610	0.00691	0.00741	0.00886	0.00532	0.00529	0.00920	0.01385	0.01735	0.09875	0.32105	0.43535	0.01725	0.00772	0.00229	0.00337	0.01496	0.00596	0.00532
23	0.01975	0.04324	0.07433	0.01382	0.01830	0.10607	0.01178	0.24767	0.20358	0.08708	0.04246	0.03482	0.01506	0.00803	0.00658	0.00195	0.02465	0.00620	0.00558	0.02906
24	0.01018	0.00813	0.00967	0.00833	0.01117	0.00702	0.00639	0.01361	0.05070	0.02269	0.38090	0.03937	0.16658	0.01106	0.00668	0.00174	0.00360	0.00951	0.00588	0.22680
25	0.01504	0.16581	0.43462	0.01699	0.05098	0.05291	0.03674	0.06306	0.04365	0.02045	0.01172	0.01342	0.00886	0.00607	0.00570	0.00183	0.00849	0.00466	0.00316	0.03586
26	0.01428	0.02130	0.27488	0.13742	0.29980	0.03617	0.08688	0.01945	0.01397	0.01964	0.01167	0.01509	0.00902	0.00588	0.00630	0.00198	0.00873	0.00545	0.00294	0.00915
27	0.06188	0.01086	0.01449	0.01116	0.01603	0.00953	0.00922	0.03040	0.01785	0.71182	0.02435	0.02112	0.01533	0.00777	0.00628	0.00196	0.00538	0.00626	0.00769	0.01063
28	0.00974	0.00665	0.00872	0.00811	0.00974	0.00612	0.00612	0.01271	0.01797	0.05350	0.70636	0.04638	0.05813	0.01277	0.00744	0.00199	0.00309	0.01127	0.00702	0.00617
29	0.01341	0.03520	0.05187	0.04382	0.08377	0.00998	0.03042	0.03700	0.06884	0.11286	0.02516	0.32495	0.02559	0.01555	0.06244	0.00286	0.00633	0.03721	0.00528	0.00745
30	0.00802	0.00598	0.00856	0.00955	0.01016	0.00559	0.03417	0.00929	0.01226	0.01636	0.03408	0.74275	0.04067	0.01930	0.00807	0.00256	0.00396	0.01761	0.00578	0.00529
31	0.02523	0.01598	0.01793	0.01375	0.01878	0.01701	0.01136	0.54019	0.02683	0.22035	0.01775	0.01687	0.01205	0.00768	0.00635	0.00192	0.00657	0.00588	0.00673	0.01079
32	0.01198	0.01128	0.01903	0.76180	0.04369	0.01409	0.01762	0.01621	0.01268	0.01621	0.01128	0.01691	0.00846	0.00634	0.00634	0.00211	0.00846	0.00564	0.00282	0.00705
33	0.00773	0.00552	0.00736	0.00883	0.00920	0.00515	0.00589	0.00883	0.01215	0.01619	0.03497	0.77291	0.04196	0.01987	0.00810	0.00258	0.00368	0.01803	0.00589	0.00515
34	0.01272	0.03281	0.74418	0.01808	0.02746	0.01473	0.02344	0.02009	0.01339	0.02009	0.01138	0.01339	0.00804	0.00603	0.00603	0.00201	0.00938	0.00469	0.00268	0.00938
35	0.01272	0.03281	0.74418	0.01808	0.02746	0.01473	0.02344	0.02009	0.01339	0.02009	0.01138	0.01339	0.00804	0.00603	0.00603	0.00201	0.00938	0.00469	0.00268	0.00938
36	0.01335	0.03161	0.67050	0.01931	0.07133	0.04416	0.02275	0.02026	0.01364	0.01995	0.01136	0.01346	0.00817	0.00602	0.00603	0.00199	0.00934	0.00472	0.00273	0.00934
37	0.00911	0.00660	0.00920	0.00920	0.00998	0.00739	0.00668	0.01069	0.00990	0.01399	0.01791	0.02998	0.01806	0.26995	0.53254	0.00896	0.01369	0.00754	0.00353	0.00511
38	0.01497	0.01711	0.03743	0.02674	0.03316	0.01604	0.71444	0.02032	0.01497	0.02032	0.01283	0.01711	0.00963	0.00535	0.00749	0.00214	0.01070	0.00749	0.00321	0.00856
39	0.01275	0.00890	0.01068	0.00982	0.01224	0.00879	0.02742	0.08941	0.10175	0.08629	0.06577	0.25005	0.21368	0.01366	0.00713	0.00218	0.00435	0.01183	0.05623	0.00708

[dist]
# distance from previous block
# <min> <max>
0	92

[block]
# block no. 4 follows, 35 sequences, length 43
# corresponding to MSA columns:
# 536-541,548-584
name=unknown_E
#
# <colnr> <probs for GDERKNQSTAVLIFYWHMCP>
#	G	D	E	R	K	N	Q	S	T	A	V	L	I	F	Y	W	H	M	C	P
0	0.27793	0.03926	0.05382	0.04834	0.14388	0.01600	0.02686	0.23135	0.01798	0.02893	0.04960	0.01527	0.01162	0.00675	0.00555	0.00193	0.00645	0.00518	0.00452	0.00878
1	0.01236	0.01153	0.01707	0.17433	0.04591	0.01487	0.02656	0.01439	0.01059	0.01525	0.01184	0.02001	0.01146	0.13102	0.09271	0.00386	0.37042	0.00630	0.00303	0.00650
2	0.01102	0.00551	0.00826	0.00826	0.00826	0.00551	0.00551	0.00826	0.00826	0.01102	0.01102	0.01928	0.01102	0.02204	0.02479	0.81543	0.00551	0.00551	0.00275	0.00275
3	0.82186	0.01227	0.00932	0.00834	0.01227	0.01423	0.00687	0.01865	0.01080	0.02846	0.00883	0.01031	0.00687	0.00589	0.00393	0.00196	0.00491	0.00344	0.00393	0.00687
4	0.01455	0.01481	0.01895	0.56502	0.06374	0.13563	0.01639	0.04044	0.03698	0.01734	0.01165	0.01613	0.00889	0.00646	0.00624	0.00202	0.00876	0.00543	0.00313	0.00742
5	0.00891	0.00648	0.00839	0.00791	0.00944	0.00596	0.00594	0.01185	0.01781	0.02508	0.70531	0.04798	0.08891	0.01310	0.00748	0.00200	0.00300	0.01156	0.00694	0.00596
6	0.01278	0.02982	0.64266	0.01688	0.02573	0.01386	0.02123	0.01952	0.01336	0.02017	0.01137	0.01336	0.00823	0.00584	0.00584	0.00186	0.00873	0.00456	0.00283	0.12137
7	0.01102	0.00551	0.00826	0.00826	0.00826	0.00551	0.00551	0.00826	0.00826	0.01102	0.01102	0.01928	0.01102	0.02204	0.02479	0.81543	0.00551	0.00551	0.00275	0.00275
8	0.02607	0.01247	0.01575	0.01221	0.01675	0.01221	0.01004	0.19215	0.02021	0.51445	0.02167	0.02031	0.01438	0.03219	0.00794	0.00212	0.04534	0.00627	0.00710	0.01037
9	0.01388	0.01388	0.01943	0.01666	0.01666	0.01943	0.01388	0.01527	0.00972	0.01527	0.00833	0.01388	0.00833	0.01110	0.02082	0.00278	0.76544	0.00555	0.00278	0.00694
10	0.05679	0.56569	0.17703	0.01238	0.01847	0.04515	0.01327	0.01940	0.01305	0.01668	0.00938	0.01088	0.00806	0.00561	0.00452	0.00153	0.00737	0.00368	0.00278	0.00831
11	0.00919	0.00644	0.00896	0.00936	0.01045	0.00604	0.02850	0.01089	0.01342	0.04835	0.14051	0.49096	0.08080	0.03358	0.04706	0.00290	0.00465	0.03640	0.00588	0.00566
12	0.04707	0.08565	0.02066	0.01542	0.01994	0.27691	0.05974	0.32182	0.02223	0.05240	0.01277	0.01368	0.00962	0.00685	0.00594	0.00178	0.00867	0.00502	0.00472	0.00909
13	0.01469	0.01569	0.03166	0.05533	0.19215	0.01536	0.45761	0.01932	0.01452	0.01997	0.01365	0.01998	0.01127	0.00644	0.00781	0.00215	0.04145	0.04899	0.00332	0.00861
14	0.01417	0.01333	0.04495	0.01731	0.02075	0.02792	0.25696	0.01815	0.05038	0.08057	0.01715	0.10252	0.01546	0.04642	0.12573	0.00367	0.12490	0.00805	0.00405	0.00757
15	0.01596	0.48117	0.22455	0.01434	0.02086	0.03863	0.07327	0.03445	0.01368	0.01732	0.01001	0.01176	0.00829	0.00566	0.00497	0.00162	0.00792	0.00415	0.00284	0.00855
16	0.01060	0.00801	0.00966	0.01007	0.01145	0.00827	0.00725	0.07474	0.13188	0.02035	0.05355	0.53809	0.03590	0.01666	0.00768	0.00244	0.00424	0.03661	0.00605	0.00650
17	0.01446	0.01573	0.03163	0.02312	0.02878	0.01511	0.55715	0.02124	0.11368	0.02092	0.01895	0.02171	0.07176	0.00670	0.00734	0.00214	0.00928	0.00794	0.00388	0.00849
18	0.02788	0.01172	0.01530	0.01173	0.01666	0.01070	0.00969	0.12221	0.01971	0.64839	0.02372	0.02075	0.01505	0.00782	0.00638	0.00196	0.00561	0.00629	0.00765	0.01080
19	0.01198	0.01128	0.01903	0.76180	0.04369	0.01409	0.01762	0.01621	0.01268	0.01621	0.01128	0.01691	0.00846	0.00634	0.00634	0.00211	0.00846	0.00564	0.00282	0.00705
20	0.00834	0.00595	0.00779	0.00851	0.00925	0.00558	0.00592	0.01004	0.01390	0.01900	0.26105	0.45582	0.04613	0.07597	0.00979	0.00268	0.00372	0.03915	0.00609	0.00535
21	0.02730	0.01266	0.01587	0.01217	0.01712	0.01208	0.01005	0.21375	0.02127	0.55464	0.02241	0.01990	0.01439	0.00779	0.00637	0.00195	0.00582	0.00620	0.00745	0.01079
22	0.02846	0.01080	0.01472	0.01129	0.01619	0.00932	0.00932	0.03092	0.01816	0.74187	0.02503	0.02159	0.01570	0.00785	0.00638	0.00196	0.00540	0.00638	0.00785	0.01080
23	0.06091	0.01159	0.01474	0.01144	0.01614	0.01079	0.00941	0.12508	0.01946	0.57308	0.06260	0.02166	0.01710	0.00802	0.00633	0.00196	0.00546	0.00644	0.00742	0.01036
24	0.00870	0.00643	0.00780	0.00783	0.00942	0.00585	0.00595	0.01110	0.01586	0.02147	0.37146	0.11526	0.25462	0.01462	0.00750	0.00215	0.00338	0.07629	0.04860	0.00571
25	0.00787	0.00560	0.00743	0.00884	0.00923	0.00526	0.00594	0.00899	0.01210	0.01611	0.03427	0.71894	0.04096	0.05293	0.00918	0.00274	0.00386	0.03886	0.00580	0.00512
26	0.00907	0.00615	0.00722	0.00730	0.00750	0.00612	0.00436	0.00951	0.01028	0.01389	0.08441	0.10377	0.02767	0.61786	0.05462	0.00563	0.00606	0.01009	0.00428	0.00421
27	0.00855	0.00669	0.00777	0.00746	0.00931	0.00603	0.00561	0.01142	0.03925	0.02185	0.41860	0.05259	0.35352	0.01418	0.00746	0.00206	0.00315	0.01217	0.00649	0.00584
28	0.01290	0.01248	0.01874	0.01593	0.01693	0.01624	0.07813	0.01545	0.03536	0.01601	0.01143	0.01716	0.01063	0.01919	0.19370	0.00447	0.48918	0.00609	0.00309	0.00690
29	0.00961	0.00647	0.00783	0.00837	0.00913	0.00636	0.00570	0.04701	0.01287	0.01799	0.05858	0.40725	0.03310	0.19568	0.01323	0.00323	0.00439	0.03738	0.11054	0.00530
30	0.02402	0.02667	0.01803	0.01573	0.01945	0.56250	0.01207	0.16889	0.02044	0.05713	0.01170	0.01274	0.00909	0.00683	0.00588	0.00171	0.01021	0.00454	0.00414	0.00824
31	0.02043	0.01567	0.01683	0.05774	0.01916	0.04051	0.01121	0.47659	0.10126	0.03412	0.08377	0.01957	0.01638	0.00810	0.00634	0.00192	0.00642	0.00636	0.04794	0.00967
32	0.01862	0.01737	0.11863	0.01496	0.01950	0.06035	0.06687	0.25385	0.04215	0.10217	0.01718	0.02262	0.01401	0.04442	0.05453	0.00277	0.04759	0.06845	0.00504	0.00891
33	0.01962	0.01925	0.12140	0.01674	0.09287	0.08107	0.01344	0.39400	0.02241	0.02964	0.01608	0.01877	0.03747	0.07835	0.00867	0.00229	0.00756	0.00602	0.00498	0.00937
34	0.01629	0.02930	0.05555	0.01492	0.04654	0.11657	0.04035	0.04149	0.04206	0.10601	0.11172	0.02338	0.03736	0.01142	0.03933	0.03091	0.19373	0.03092	0.00451	0.00765
35	0.01464	0.01253	0.05654	0.01284	0.05294	0.03111	0.02493	0.13712	0.13956	0.05818	0.02325	0.14327	0.05022	0.19883	0.01305	0.00311	0.00606	0.00903	0.00519	0.00758
36	0.01453	0.01162	0.01258	0.01129	0.02776	0.04174	0.00866	0.21442	0.07981	0.02665	0.20572	0.07331	0.15807	0.01146	0.00737	0.00205	0.02926	0.02452	0.03147	0.00770
37	0.01476	0.01434	0.02553	0.06799	0.38868	0.01423	0.19155	0.05476	0.01545	0.02141	0.06118	0.04291	0.04374	0.00704	0.00677	0.00200	0.00776	0.00718	0.00375	0.00896
38	0.01606	0.01663	0.12733	0.01503	0.04955	0.04460	0.07434	0.12193	0.09963	0.06363	0.07937	0.02102	0.01649	0.00739	0.00621	0.00179	0.00665	0.03458	0.00479	0.19297
39	0.01570	0.01501	0.02528	0.03787	0.70793	0.01510	0.01908	0.02005	0.04360	0.02096	0.01250	0.01603	0.01043	0.00577	0.00629	0.00190	0.00743	0.00571	0.00328	0.01005
40	0.04041	0.01449	0.03167	0.01652	0.14863	0.10667	0.01105	0.13892	0.07182	0.05404	0.04621	0.09301	0.16521	0.01028	0.00665	0.00202	0.00623	0.02287	0.00515	0.00816
41	0.01794	0.05494	0.05660	0.03049	0.09439	0.05901	0.07856	0.12994	0.03440	0.11234	0.08374	0.07064	0.09439	0.00980	0.00703	0.00218	0.00685	0.00813	0.03961	0.00902
42	0.06140	0.01469	0.01621	0.01445	0.06350	0.11214	0.06776	0.18570	0.01824	0.06223	0.05187	0.08947	0.08888	0.04794	0.00771	0.00211	0.00665	0.00768	0.00500	0.07637

[dist]
# distance from previous block
# <min> <max>
0	8

# created by:
# /home/cegg/simao/soft/augustus-3.2.1/scripts/msa2prfl.pl ./align_prep/EOG090W09KG.fa
