[name]
unknown

[dist]
# distance from previous block
# <min> <max>
395	1638

[block]
# block no. 0 follows, 26 sequences, length 32
# corresponding to MSA columns:
# 2083-2114
name=unknown_A
#
# <colnr> <probs for GDERKNQSTAVLIFYWHMCP>
#	G	D	E	R	K	N	Q	S	T	A	V	L	I	F	Y	W	H	M	C	P
0	0.08359	0.01330	0.01780	0.01367	0.01933	0.01132	0.08509	0.02037	0.01636	0.08472	0.02162	0.07577	0.05044	0.00899	0.00683	0.00185	0.00645	0.03983	0.00532	0.41736
1	0.07546	0.01648	0.02984	0.10761	0.03189	0.01612	0.32835	0.02261	0.06240	0.02487	0.04099	0.07299	0.01681	0.00835	0.00798	0.00238	0.00956	0.00878	0.00460	0.11193
2	0.01391	0.01306	0.02231	0.50559	0.04265	0.01517	0.08459	0.01849	0.01576	0.02046	0.06703	0.02784	0.05375	0.05671	0.00996	0.00284	0.00938	0.00829	0.00407	0.00815
3	0.11257	0.02160	0.06752	0.02801	0.03523	0.06354	0.50933	0.02443	0.01744	0.02510	0.01445	0.01883	0.01091	0.00660	0.00822	0.00249	0.01193	0.00795	0.00392	0.00993
4	0.01196	0.00978	0.01460	0.05674	0.04562	0.00942	0.05673	0.01454	0.01516	0.02110	0.09965	0.27774	0.03441	0.10108	0.09882	0.00427	0.00794	0.01328	0.00563	0.10152
5	0.00968	0.00844	0.00938	0.01054	0.05988	0.00726	0.00705	0.01180	0.01729	0.02081	0.07224	0.06902	0.63376	0.01830	0.00886	0.00254	0.00422	0.01533	0.00680	0.00682
6	0.01582	0.01640	0.03106	0.05421	0.02933	0.01761	0.32999	0.02028	0.01595	0.02246	0.08413	0.02444	0.01825	0.01522	0.09767	0.00390	0.18144	0.00870	0.00419	0.00895
7	0.01008	0.00721	0.00970	0.01110	0.01201	0.00684	0.00811	0.01218	0.01619	0.02174	0.13992	0.49474	0.05214	0.02192	0.00973	0.00306	0.00480	0.14483	0.00723	0.00648
8	0.02087	0.68646	0.03841	0.01346	0.01976	0.07943	0.01310	0.02327	0.01586	0.01790	0.01063	0.01228	0.00974	0.00659	0.00501	0.00165	0.00852	0.00412	0.00329	0.00966
9	0.02902	0.07734	0.12482	0.01460	0.02140	0.01367	0.01382	0.03285	0.01999	0.49736	0.02493	0.02264	0.01621	0.00861	0.00723	0.00223	0.00729	0.00686	0.00766	0.05144
10	0.01776	0.02102	0.08848	0.06130	0.18298	0.01872	0.44634	0.02386	0.01752	0.02419	0.01491	0.01975	0.01143	0.00658	0.00845	0.00248	0.01173	0.00813	0.00375	0.01063
11	0.02020	0.01669	0.01783	0.01570	0.02014	0.01906	0.01244	0.14693	0.52135	0.03398	0.02923	0.03005	0.02262	0.01074	0.00786	0.00258	0.00647	0.04662	0.00765	0.01185
12	0.01783	0.01680	0.02312	0.10115	0.02415	0.02252	0.01685	0.09701	0.01497	0.02200	0.01138	0.01722	0.01033	0.01210	0.02074	0.00310	0.54933	0.00667	0.00385	0.00888
13	0.02546	0.01722	0.05889	0.01875	0.02454	0.06591	0.17754	0.02931	0.01954	0.35220	0.02541	0.10898	0.01959	0.01015	0.00814	0.00246	0.00862	0.00936	0.00694	0.01099
14	0.01713	0.02145	0.12088	0.06210	0.03402	0.01974	0.36964	0.02349	0.04946	0.02305	0.01462	0.01942	0.01144	0.00828	0.01213	0.00271	0.16882	0.00788	0.00381	0.00993
15	0.00989	0.00693	0.00889	0.01020	0.01061	0.00663	0.00675	0.01102	0.01382	0.01839	0.03712	0.51287	0.04396	0.20504	0.01713	0.00420	0.00532	0.05897	0.00641	0.00581
16	0.01617	0.01712	0.03564	0.02684	0.03281	0.01616	0.48138	0.02163	0.01760	0.02366	0.02224	0.07763	0.02070	0.01055	0.00932	0.00279	0.01104	0.14272	0.00470	0.00929
17	0.01946	0.02008	0.06767	0.11435	0.15307	0.01936	0.29137	0.13652	0.05015	0.02825	0.01604	0.01986	0.01210	0.00730	0.00814	0.00244	0.01061	0.00772	0.00457	0.01093
18	0.01120	0.00800	0.01105	0.01280	0.01410	0.00785	0.01045	0.01395	0.01645	0.02156	0.04072	0.30584	0.04588	0.02192	0.01020	0.00335	0.00610	0.42486	0.00700	0.00670
19	0.02150	0.55957	0.05857	0.01413	0.02049	0.09710	0.01355	0.05639	0.01725	0.03540	0.01173	0.01322	0.01016	0.00682	0.00538	0.00171	0.00867	0.00444	0.00372	0.04019
20	0.01832	0.01361	0.01648	0.01212	0.01830	0.01112	0.00979	0.02152	0.01629	0.11667	0.01553	0.01718	0.01220	0.00665	0.00717	0.00144	0.05296	0.00507	0.00509	0.62249
21	0.02038	0.02161	0.17121	0.02096	0.02714	0.04619	0.19105	0.02526	0.01770	0.17340	0.05046	0.03885	0.04142	0.00953	0.01041	0.00256	0.10806	0.00819	0.00528	0.01034
22	0.05844	0.02062	0.07204	0.03279	0.18052	0.01895	0.41886	0.05637	0.01831	0.02609	0.01492	0.01932	0.01142	0.00669	0.00825	0.00246	0.01128	0.00793	0.00402	0.01071
23	0.01604	0.01588	0.02887	0.42891	0.19564	0.01757	0.14515	0.02123	0.01618	0.02158	0.01402	0.01994	0.01082	0.00716	0.00783	0.00247	0.01038	0.00717	0.00355	0.00960
24	0.05462	0.01569	0.05629	0.01717	0.02328	0.01356	0.12484	0.03287	0.06955	0.43774	0.02641	0.02680	0.01813	0.00926	0.00787	0.00246	0.00777	0.03613	0.00770	0.01185
25	0.01417	0.02428	0.32216	0.01964	0.02655	0.01427	0.13537	0.03631	0.01668	0.02335	0.02547	0.18883	0.05603	0.01241	0.00840	0.00266	0.00921	0.05008	0.00475	0.00940
26	0.01094	0.00770	0.01002	0.01002	0.01063	0.00830	0.00678	0.01215	0.01155	0.01600	0.02230	0.04077	0.02373	0.43106	0.33571	0.00952	0.01315	0.00973	0.00436	0.00557
27	0.00932	0.00735	0.00841	0.00888	0.01065	0.00644	0.00638	0.01131	0.01705	0.02166	0.15859	0.27840	0.38849	0.02009	0.00919	0.00270	0.00398	0.01742	0.00724	0.00644
28	0.02134	0.02282	0.11355	0.02412	0.03107	0.08836	0.31497	0.05288	0.10992	0.11446	0.01896	0.02093	0.01373	0.00768	0.00812	0.00244	0.01073	0.00782	0.00519	0.01091
29	0.01808	0.01750	0.03069	0.19413	0.41830	0.01817	0.11643	0.05043	0.01769	0.02450	0.01442	0.01933	0.01155	0.00699	0.00774	0.00236	0.00979	0.00708	0.00385	0.01098
30	0.00982	0.00753	0.01005	0.01244	0.05501	0.00698	0.00789	0.01145	0.01516	0.01990	0.04577	0.57423	0.15181	0.02190	0.00942	0.00294	0.00461	0.01968	0.00683	0.00658
31	0.01878	0.02111	0.03515	0.02752	0.05650	0.11392	0.39200	0.02348	0.01726	0.02237	0.01549	0.02304	0.01312	0.00875	0.01147	0.00266	0.13505	0.04883	0.00396	0.00955

[dist]
# distance from previous block
# <min> <max>
76	273

[block]
# block no. 1 follows, 26 sequences, length 16
# corresponding to MSA columns:
# 2499-2514
name=unknown_B
#
# <colnr> <probs for GDERKNQSTAVLIFYWHMCP>
#	G	D	E	R	K	N	Q	S	T	A	V	L	I	F	Y	W	H	M	C	P
0	0.18413	0.13180	0.02810	0.01862	0.02477	0.05191	0.21074	0.04108	0.08203	0.02650	0.01474	0.01711	0.01160	0.00696	0.00665	0.00212	0.00877	0.00620	0.00451	0.12164
1	0.09586	0.01934	0.03448	0.02533	0.03197	0.03673	0.41641	0.07174	0.05377	0.05933	0.01629	0.01966	0.01216	0.00720	0.00853	0.00245	0.03019	0.00785	0.00469	0.04603
2	0.08488	0.05064	0.02733	0.16976	0.03196	0.05074	0.20089	0.07989	0.01841	0.05000	0.04645	0.02009	0.01394	0.00772	0.00801	0.00229	0.03335	0.00707	0.00460	0.09197
3	0.08584	0.01179	0.01982	0.01706	0.02036	0.01143	0.19067	0.01677	0.01631	0.02327	0.05428	0.27041	0.06498	0.01622	0.00912	0.00291	0.00739	0.14770	0.00595	0.00772
4	0.01369	0.01245	0.02092	0.01627	0.02066	0.01108	0.18997	0.01782	0.01865	0.02655	0.29777	0.09429	0.03998	0.01152	0.00829	0.00222	0.00666	0.01106	0.00615	0.17399
5	0.01288	0.00938	0.01236	0.01210	0.01419	0.00964	0.00976	0.07563	0.01969	0.02715	0.29737	0.05535	0.04690	0.02532	0.15849	0.00479	0.00858	0.18587	0.00697	0.00757
6	0.02750	0.02982	0.02334	0.02105	0.06563	0.42432	0.03911	0.22472	0.02548	0.02821	0.01403	0.01565	0.01094	0.00810	0.00719	0.00210	0.01170	0.00576	0.00503	0.01032
7	0.02213	0.01477	0.01651	0.01328	0.01842	0.05525	0.01055	0.12079	0.02054	0.19765	0.02335	0.12517	0.02012	0.01042	0.00727	0.00203	0.00662	0.02951	0.00664	0.27899
8	0.01916	0.01989	0.03405	0.04073	0.46296	0.06349	0.19909	0.02402	0.01772	0.02424	0.01440	0.01891	0.01173	0.00673	0.00787	0.00232	0.01037	0.00724	0.00379	0.01131
9	0.18395	0.01594	0.01586	0.01426	0.01864	0.01847	0.01119	0.03643	0.53067	0.03222	0.02651	0.02487	0.01994	0.00959	0.00707	0.00252	0.00597	0.00762	0.00707	0.01119
10	0.01879	0.01765	0.02786	0.03987	0.54290	0.01820	0.02086	0.02694	0.15807	0.02627	0.01784	0.02082	0.01441	0.00752	0.00755	0.00232	0.00836	0.00715	0.00461	0.01201
11	0.18395	0.01594	0.01586	0.01426	0.01864	0.01847	0.01119	0.03643	0.53067	0.03222	0.02651	0.02487	0.01994	0.00959	0.00707	0.00252	0.00597	0.00762	0.00707	0.01119
12	0.03403	0.01291	0.01760	0.01350	0.01936	0.01115	0.01115	0.03697	0.02171	0.69137	0.02992	0.02582	0.01878	0.00939	0.00763	0.00235	0.00645	0.00763	0.00939	0.01291
13	0.00924	0.00660	0.00880	0.01056	0.01100	0.00616	0.00704	0.01056	0.01452	0.01936	0.04181	0.72848	0.05017	0.02376	0.00968	0.00308	0.00440	0.02156	0.00704	0.00616
14	0.02969	0.01340	0.01716	0.01373	0.01907	0.01262	0.01115	0.03663	0.16155	0.51896	0.06036	0.02778	0.02216	0.00987	0.00771	0.00240	0.00622	0.00811	0.00898	0.01245
15	0.02546	0.03158	0.02711	0.02399	0.07061	0.51087	0.15361	0.02854	0.02044	0.02021	0.01267	0.01547	0.01029	0.00744	0.00734	0.00210	0.01318	0.00588	0.00388	0.00931

[dist]
# distance from previous block
# <min> <max>
0	28

[block]
# block no. 2 follows, 26 sequences, length 10
# corresponding to MSA columns:
# 2543-2552
name=unknown_C
#
# <colnr> <probs for GDERKNQSTAVLIFYWHMCP>
#	G	D	E	R	K	N	Q	S	T	A	V	L	I	F	Y	W	H	M	C	P
0	0.01732	0.00971	0.01348	0.01386	0.01657	0.00930	0.01197	0.02068	0.01845	0.17900	0.03777	0.07160	0.03784	0.01825	0.00981	0.00322	0.00686	0.48840	0.00755	0.00837
1	0.00959	0.00687	0.00911	0.01032	0.01108	0.00639	0.00707	0.01144	0.01615	0.02195	0.19148	0.57144	0.05517	0.02183	0.00951	0.00292	0.00421	0.01973	0.00735	0.00639
2	0.02739	0.02329	0.02177	0.01756	0.02299	0.14699	0.01413	0.46128	0.11966	0.04028	0.01875	0.01875	0.01372	0.00903	0.00747	0.00226	0.00900	0.00671	0.00693	0.01203
3	0.20131	0.02235	0.01670	0.01481	0.01873	0.27054	0.01153	0.10123	0.05251	0.02701	0.04359	0.02486	0.11169	0.01009	0.00769	0.00228	0.04178	0.00712	0.00530	0.00889
4	0.01808	0.01566	0.02340	0.49804	0.09678	0.01851	0.01969	0.16963	0.02013	0.02646	0.01465	0.01964	0.01092	0.00787	0.00758	0.00245	0.00961	0.00676	0.00439	0.00976
5	0.01398	0.01015	0.01221	0.01206	0.01396	0.01033	0.00878	0.16296	0.02021	0.02719	0.10473	0.49065	0.04374	0.01945	0.00911	0.00282	0.00524	0.01728	0.00731	0.00784
6	0.14152	0.02291	0.03108	0.02363	0.02974	0.17861	0.32595	0.07424	0.01950	0.05944	0.01470	0.01771	0.01106	0.00718	0.00763	0.00235	0.01127	0.00702	0.00455	0.00992
7	0.24394	0.01937	0.02008	0.01612	0.02151	0.12787	0.08061	0.12613	0.04300	0.20335	0.01816	0.01836	0.01279	0.00813	0.00681	0.00230	0.00841	0.00623	0.00624	0.01059
8	0.34721	0.01933	0.01888	0.01537	0.02048	0.10913	0.08002	0.18947	0.02086	0.03351	0.01825	0.01951	0.06113	0.00854	0.00651	0.00232	0.00814	0.00634	0.00543	0.00959
9	0.14809	0.18633	0.02445	0.01541	0.02063	0.10039	0.08050	0.04588	0.08424	0.12346	0.08290	0.02147	0.01858	0.00851	0.00669	0.00218	0.00801	0.00671	0.00561	0.00996

[dist]
# distance from previous block
# <min> <max>
0	121

[block]
# block no. 3 follows, 26 sequences, length 23
# corresponding to MSA columns:
# 2676-2698
name=unknown_D
#
# <colnr> <probs for GDERKNQSTAVLIFYWHMCP>
#	G	D	E	R	K	N	Q	S	T	A	V	L	I	F	Y	W	H	M	C	P
0	0.11893	0.01764	0.12114	0.01548	0.02122	0.01421	0.05616	0.02529	0.05019	0.18287	0.07008	0.02500	0.01896	0.00929	0.00859	0.00231	0.06535	0.03510	0.00590	0.13628
1	0.01660	0.16887	0.42147	0.01926	0.02852	0.01939	0.06418	0.02406	0.04761	0.02329	0.01395	0.01613	0.01058	0.00700	0.00673	0.00214	0.00988	0.00556	0.00361	0.09118
2	0.33469	0.06250	0.01785	0.01264	0.01851	0.01506	0.05886	0.02279	0.01530	0.09313	0.01384	0.01544	0.01065	0.00669	0.00564	0.00189	0.00652	0.00495	0.00492	0.27813
3	0.02779	0.02073	0.02218	0.01724	0.02313	0.02304	0.01416	0.59593	0.10226	0.04612	0.01953	0.01927	0.01397	0.00923	0.00760	0.00231	0.00810	0.00701	0.00760	0.01281
4	0.03403	0.01291	0.01760	0.01350	0.01936	0.01115	0.01115	0.03697	0.02171	0.69137	0.02992	0.02582	0.01878	0.00939	0.00763	0.00235	0.00645	0.00763	0.00939	0.01291
5	0.03370	0.01343	0.01793	0.01374	0.01962	0.01193	0.01135	0.07620	0.02259	0.65089	0.02919	0.02534	0.01841	0.00937	0.00763	0.00234	0.00657	0.00758	0.00927	0.01291
6	0.75286	0.01497	0.01167	0.01031	0.01507	0.01731	0.00849	0.05106	0.01393	0.03465	0.01091	0.01259	0.00843	0.00713	0.00482	0.00234	0.00598	0.00423	0.00482	0.00843
7	0.02048	0.01730	0.02893	0.06834	0.03000	0.01768	0.27797	0.03183	0.26076	0.12853	0.02320	0.02417	0.01684	0.00837	0.00820	0.00253	0.00913	0.00846	0.00609	0.01118
8	0.00924	0.00660	0.00880	0.01056	0.01100	0.00616	0.00704	0.01056	0.01452	0.01936	0.04181	0.72848	0.05017	0.02376	0.00968	0.00308	0.00440	0.02156	0.00704	0.00616
9	0.01432	0.01348	0.02275	0.71520	0.05224	0.01685	0.02107	0.01938	0.01517	0.01938	0.01348	0.02022	0.01011	0.00758	0.00758	0.00253	0.01011	0.00674	0.00337	0.00843
10	0.01075	0.00784	0.01094	0.04721	0.01505	0.00778	0.00993	0.01318	0.01580	0.02077	0.03970	0.42160	0.04541	0.02177	0.00991	0.00323	0.00578	0.27989	0.00683	0.00662
11	0.01222	0.00873	0.01222	0.01397	0.01572	0.00873	0.01222	0.01572	0.01746	0.02270	0.04016	0.08556	0.04365	0.02095	0.01048	0.00349	0.00698	0.63506	0.00698	0.00698
12	0.13647	0.01682	0.01640	0.01476	0.01910	0.04512	0.01153	0.03717	0.54651	0.03157	0.02703	0.02529	0.02035	0.00970	0.00722	0.00251	0.00628	0.00775	0.00711	0.01130
13	0.02977	0.01490	0.02477	0.01837	0.02472	0.01327	0.18202	0.03362	0.02071	0.51531	0.02608	0.02440	0.01686	0.00860	0.00798	0.00240	0.00813	0.00798	0.00792	0.01220
14	0.01922	0.01984	0.04254	0.03046	0.03799	0.01853	0.60574	0.02533	0.01821	0.07872	0.01653	0.02090	0.01210	0.00664	0.00884	0.00254	0.01227	0.00884	0.00429	0.01045
15	0.01659	0.01659	0.02323	0.01991	0.01991	0.02323	0.01659	0.01825	0.01162	0.01825	0.00996	0.01659	0.00996	0.01328	0.02489	0.00332	0.71955	0.00664	0.00332	0.00830
16	0.02376	0.02627	0.02540	0.15563	0.03121	0.36551	0.12345	0.02712	0.01919	0.07456	0.01407	0.01721	0.01087	0.00793	0.00830	0.00227	0.04752	0.00624	0.00421	0.00927
17	0.03061	0.01353	0.01761	0.01336	0.01939	0.01175	0.01099	0.07318	0.02158	0.53824	0.02641	0.02363	0.01713	0.00873	0.00729	0.00214	0.00643	0.00705	0.00845	0.14250
18	0.08597	0.01451	0.01862	0.01462	0.02004	0.04320	0.07567	0.02747	0.05218	0.28123	0.02352	0.09444	0.01851	0.00949	0.00724	0.00215	0.00694	0.00812	0.00673	0.18932
19	0.07761	0.01170	0.01408	0.01254	0.01591	0.03638	0.04115	0.04171	0.01711	0.05913	0.09348	0.28978	0.03349	0.01465	0.00801	0.00240	0.00585	0.04063	0.00628	0.17812
20	0.13651	0.01687	0.02160	0.01639	0.02230	0.07427	0.14675	0.04167	0.01778	0.08102	0.06593	0.02006	0.01599	0.00736	0.00676	0.00192	0.00787	0.00644	0.00512	0.28740
21	0.01816	0.01526	0.02388	0.01758	0.02375	0.01351	0.19620	0.07845	0.01928	0.08140	0.08597	0.02524	0.05347	0.00816	0.00743	0.00194	0.00770	0.00777	0.00550	0.30935
22	0.07868	0.01688	0.02155	0.07393	0.04449	0.03529	0.08921	0.14668	0.07146	0.04973	0.01622	0.01820	0.01241	0.00723	0.00680	0.00193	0.00777	0.00612	0.00530	0.29012

[dist]
# distance from previous block
# <min> <max>
9	80

[block]
# block no. 4 follows, 26 sequences, length 6
# corresponding to MSA columns:
# 2798-2803
name=unknown_E
#
# <colnr> <probs for GDERKNQSTAVLIFYWHMCP>
#	G	D	E	R	K	N	Q	S	T	A	V	L	I	F	Y	W	H	M	C	P
0	0.01845	0.01309	0.01498	0.01268	0.01705	0.01306	0.00996	0.05170	0.25855	0.12579	0.15398	0.03497	0.09140	0.01114	0.00769	0.00225	0.00543	0.00935	0.00746	0.14103
1	0.01445	0.00985	0.01159	0.01090	0.01353	0.00952	0.00820	0.07420	0.07406	0.09116	0.18513	0.22351	0.21025	0.01697	0.00879	0.00261	0.00476	0.01468	0.00766	0.00818
2	0.22595	0.01408	0.01381	0.01240	0.01626	0.05359	0.00965	0.06499	0.11461	0.15007	0.02901	0.16919	0.07160	0.01247	0.00733	0.00252	0.00615	0.01010	0.00679	0.00941
3	0.17240	0.02058	0.01977	0.01652	0.02111	0.22003	0.09024	0.02762	0.05395	0.15966	0.06943	0.05879	0.01908	0.00938	0.00720	0.00231	0.00892	0.00754	0.00587	0.00959
4	0.01930	0.01486	0.01542	0.01250	0.01754	0.06914	0.00986	0.06572	0.10507	0.12464	0.05708	0.03106	0.14007	0.01010	0.00717	0.00195	0.00623	0.00817	0.00642	0.27767
5	0.09078	0.01837	0.02291	0.01836	0.02330	0.11196	0.17374	0.02720	0.19346	0.02740	0.12350	0.02613	0.02352	0.00906	0.00763	0.00230	0.00836	0.00818	0.00574	0.07810

[dist]
# distance from previous block
# <min> <max>
17	86

[block]
# block no. 5 follows, 26 sequences, length 29
# corresponding to MSA columns:
# 2899-2927
name=unknown_F
#
# <colnr> <probs for GDERKNQSTAVLIFYWHMCP>
#	G	D	E	R	K	N	Q	S	T	A	V	L	I	F	Y	W	H	M	C	P
0	0.01529	0.01502	0.02500	0.07718	0.02612	0.01565	0.19410	0.01891	0.01521	0.02174	0.01942	0.11718	0.04149	0.01080	0.01196	0.00248	0.17688	0.00921	0.00438	0.18197
1	0.01729	0.01719	0.09320	0.12149	0.02659	0.01387	0.05470	0.04884	0.01681	0.06371	0.01460	0.01749	0.01135	0.00692	0.00754	0.00181	0.04597	0.00564	0.00450	0.41049
2	0.01583	0.01486	0.02388	0.29608	0.15922	0.01545	0.07061	0.02027	0.01589	0.02228	0.01465	0.02111	0.01213	0.00754	0.00794	0.00218	0.03597	0.02996	0.00391	0.21023
3	0.13700	0.01311	0.01511	0.03859	0.01806	0.01230	0.00972	0.08032	0.01859	0.16959	0.09051	0.02501	0.02040	0.06836	0.00925	0.00238	0.00617	0.00694	0.00623	0.25236
4	0.01728	0.02144	0.11094	0.02769	0.03561	0.01763	0.49134	0.02348	0.01737	0.02433	0.01487	0.01926	0.01126	0.00636	0.00826	0.00232	0.01153	0.00791	0.00387	0.12725
5	0.01098	0.00754	0.00922	0.00922	0.00955	0.00787	0.00578	0.01164	0.01131	0.01541	0.02303	0.04484	0.02549	0.56974	0.19945	0.00852	0.01049	0.01033	0.00447	0.00512
6	0.01085	0.00809	0.01200	0.01200	0.01329	0.00938	0.00924	0.01342	0.01213	0.01747	0.02049	0.03076	0.01938	0.08963	0.67120	0.01196	0.01969	0.00827	0.00409	0.00667
7	0.78701	0.01467	0.01115	0.00997	0.01467	0.01702	0.00821	0.02230	0.01291	0.03403	0.01056	0.01232	0.00821	0.00704	0.00469	0.00235	0.00587	0.00411	0.00469	0.00821
8	0.01659	0.01659	0.02323	0.01991	0.01991	0.02323	0.01659	0.01825	0.01162	0.01825	0.00996	0.01659	0.00996	0.01328	0.02489	0.00332	0.71955	0.00664	0.00332	0.00830
9	0.02708	0.03322	0.02175	0.01947	0.02307	0.59250	0.01485	0.06293	0.02118	0.02010	0.01188	0.01424	0.00996	0.00848	0.00884	0.00212	0.09012	0.00518	0.00404	0.00896
10	0.01573	0.01348	0.01573	0.01123	0.01798	0.01011	0.00899	0.01910	0.01573	0.02472	0.01348	0.01573	0.01123	0.00562	0.00562	0.00112	0.00562	0.00449	0.00449	0.77980
11	0.02833	0.03615	0.02149	0.01954	0.02345	0.70298	0.01466	0.03029	0.02149	0.01856	0.01172	0.01368	0.00977	0.00782	0.00684	0.00195	0.01368	0.00489	0.00391	0.00879
12	0.01029	0.00765	0.00971	0.01109	0.01195	0.00754	0.00758	0.01379	0.08604	0.02071	0.04062	0.65237	0.04723	0.02230	0.00947	0.00303	0.00457	0.02015	0.00711	0.00680
13	0.01877	0.01802	0.03079	0.04656	0.68612	0.01802	0.02328	0.02328	0.01727	0.02478	0.01427	0.01877	0.01201	0.00676	0.00751	0.00225	0.00901	0.00676	0.00375	0.01201
14	0.00920	0.00678	0.00862	0.01009	0.01088	0.00620	0.00683	0.01061	0.01497	0.01955	0.04750	0.62193	0.15304	0.02302	0.00956	0.00300	0.00431	0.02066	0.00704	0.00620
15	0.01581	0.01376	0.01639	0.01200	0.01815	0.01127	0.00966	0.01902	0.01537	0.02415	0.01317	0.01581	0.01112	0.00629	0.00732	0.00132	0.06861	0.00468	0.00439	0.71172
16	0.01880	0.01374	0.01723	0.01266	0.01903	0.01104	0.03634	0.04817	0.01748	0.12343	0.01728	0.04543	0.01395	0.00706	0.00629	0.00149	0.00610	0.00590	0.00541	0.57317
17	0.01936	0.54309	0.17020	0.01523	0.02231	0.04919	0.01622	0.02303	0.01557	0.01913	0.01118	0.01318	0.00972	0.00697	0.00627	0.00186	0.03977	0.00451	0.00326	0.00994
18	0.01055	0.00796	0.01174	0.01270	0.01390	0.00760	0.04440	0.01276	0.01553	0.02057	0.03989	0.50925	0.04621	0.02202	0.00986	0.00317	0.00559	0.19283	0.00685	0.00662
19	0.01137	0.00732	0.00814	0.00814	0.00833	0.00732	0.00467	0.01175	0.01156	0.01618	0.02399	0.04732	0.02669	0.65466	0.03499	0.00675	0.00694	0.01060	0.08840	0.00486
20	0.00924	0.00660	0.00880	0.01056	0.01100	0.00616	0.00704	0.01056	0.01452	0.01936	0.04181	0.72848	0.05017	0.02376	0.00968	0.00308	0.00440	0.02156	0.00704	0.00616
21	0.01062	0.00761	0.00976	0.01069	0.01164	0.00732	0.00737	0.04699	0.01662	0.02245	0.13825	0.55946	0.05052	0.04949	0.01059	0.00310	0.00461	0.01913	0.00718	0.00662
22	0.78701	0.01467	0.01115	0.00997	0.01467	0.01702	0.00821	0.02230	0.01291	0.03403	0.01056	0.01232	0.00821	0.00704	0.00469	0.00235	0.00587	0.00411	0.00469	0.00821
23	0.01414	0.00707	0.00707	0.00707	0.00884	0.00707	0.00530	0.01767	0.01591	0.02828	0.02474	0.02828	0.01944	0.00884	0.00530	0.00177	0.00353	0.00707	0.77554	0.00707
24	0.01273	0.01052	0.01219	0.01128	0.01365	0.01113	0.00863	0.01987	0.17661	0.02640	0.27926	0.05052	0.21556	0.04618	0.01126	0.00277	0.06368	0.01238	0.00727	0.00811
25	0.01103	0.00735	0.00827	0.00827	0.00827	0.00735	0.00460	0.01103	0.01103	0.01471	0.02390	0.04964	0.02758	0.73343	0.03861	0.00735	0.00735	0.01103	0.00460	0.00460
26	0.01085	0.00817	0.01100	0.01097	0.01200	0.00861	0.00803	0.01315	0.01600	0.02246	0.26667	0.21848	0.04633	0.10359	0.14962	0.00509	0.06218	0.01379	0.00638	0.00664
27	0.00923	0.00769	0.00806	0.00797	0.01041	0.00652	0.00597	0.01141	0.01792	0.02200	0.16879	0.07052	0.59014	0.01865	0.00896	0.00253	0.00380	0.01566	0.00724	0.00652
28	0.01083	0.00791	0.01028	0.01014	0.01199	0.00736	0.00790	0.01425	0.02041	0.02822	0.51855	0.06306	0.12073	0.01677	0.00921	0.00259	0.00419	0.12054	0.00800	0.00706

[dist]
# distance from previous block
# <min> <max>
5	7

[block]
# block no. 6 follows, 26 sequences, length 77
# corresponding to MSA columns:
# 2935-3011
name=unknown_G
#
# <colnr> <probs for GDERKNQSTAVLIFYWHMCP>
#	G	D	E	R	K	N	Q	S	T	A	V	L	I	F	Y	W	H	M	C	P
0	0.20379	0.04437	0.09727	0.01566	0.04419	0.06364	0.03801	0.06355	0.03953	0.12007	0.01582	0.01694	0.01175	0.00728	0.00631	0.00202	0.00767	0.00551	0.00523	0.19140
1	0.04639	0.33829	0.12824	0.01552	0.02135	0.15894	0.01485	0.02468	0.04190	0.04561	0.01366	0.01691	0.01176	0.05689	0.00884	0.00234	0.03505	0.00533	0.00392	0.00952
2	0.01677	0.17786	0.34707	0.09373	0.02899	0.01958	0.02061	0.06896	0.04258	0.02383	0.01650	0.08041	0.01410	0.00884	0.00703	0.00231	0.00942	0.00704	0.00407	0.01030
3	0.01007	0.00738	0.00948	0.00986	0.01126	0.00678	0.00715	0.01267	0.01842	0.02515	0.36611	0.29531	0.13058	0.01902	0.00926	0.00269	0.00403	0.04036	0.00769	0.00672
4	0.02295	0.01854	0.06740	0.01469	0.02066	0.07622	0.01250	0.11685	0.11336	0.17616	0.02104	0.04349	0.01587	0.00852	0.00700	0.00199	0.00733	0.00678	0.00641	0.24224
5	0.07255	0.09543	0.04300	0.06187	0.01901	0.06743	0.01160	0.07645	0.04309	0.02559	0.12878	0.04176	0.17007	0.01295	0.00838	0.00246	0.03057	0.07462	0.00594	0.00844
6	0.01318	0.00659	0.00988	0.00988	0.00988	0.00659	0.00659	0.00988	0.00988	0.01318	0.01318	0.02306	0.01318	0.02635	0.02964	0.77931	0.00659	0.00659	0.00329	0.00329
7	0.01613	0.01502	0.02482	0.24418	0.31870	0.01615	0.04439	0.02172	0.06223	0.02298	0.01925	0.08723	0.01751	0.00962	0.00798	0.00252	0.00875	0.04639	0.00441	0.01001
8	0.01678	0.08417	0.11942	0.12473	0.11836	0.01844	0.24928	0.02342	0.06473	0.02322	0.01745	0.07364	0.01478	0.00834	0.00795	0.00245	0.01016	0.00842	0.00415	0.01011
9	0.01553	0.01177	0.01481	0.04234	0.09067	0.01183	0.01068	0.06954	0.11822	0.07445	0.22580	0.04604	0.21067	0.01351	0.00836	0.00244	0.00544	0.01156	0.00721	0.00911
10	0.00896	0.00768	0.00768	0.00768	0.01025	0.00640	0.00576	0.01089	0.01729	0.02049	0.07684	0.07300	0.68304	0.01921	0.00896	0.00256	0.00384	0.01601	0.00704	0.00640
11	0.01422	0.02290	0.28856	0.21265	0.10860	0.01510	0.02114	0.02008	0.01610	0.02262	0.06439	0.12125	0.02010	0.01018	0.00782	0.00251	0.00916	0.00888	0.00422	0.00954
12	0.01685	0.08479	0.12480	0.22404	0.20734	0.01929	0.11702	0.02200	0.01600	0.02196	0.01345	0.01828	0.01070	0.00747	0.00880	0.00242	0.06449	0.00667	0.00350	0.01013
13	0.01608	0.01602	0.01844	0.06515	0.01962	0.11386	0.01337	0.01799	0.01329	0.01771	0.01467	0.02410	0.01443	0.12892	0.16270	0.00550	0.31951	0.00736	0.00375	0.00751
14	0.78701	0.01467	0.01115	0.00997	0.01467	0.01702	0.00821	0.02230	0.01291	0.03403	0.01056	0.01232	0.00821	0.00704	0.00469	0.00235	0.00587	0.00411	0.00469	0.00821
15	0.78701	0.01467	0.01115	0.00997	0.01467	0.01702	0.00821	0.02230	0.01291	0.03403	0.01056	0.01232	0.00821	0.00704	0.00469	0.00235	0.00587	0.00411	0.00469	0.00821
16	0.01615	0.16836	0.57320	0.02002	0.03036	0.01991	0.02524	0.02378	0.01590	0.02288	0.01305	0.01530	0.00963	0.00707	0.00677	0.00226	0.01064	0.00532	0.00321	0.01094
17	0.01157	0.01177	0.07167	0.01070	0.01401	0.00945	0.00915	0.01747	0.11147	0.02597	0.28256	0.05566	0.30882	0.01553	0.00862	0.00249	0.00472	0.01319	0.00726	0.00790
18	0.01567	0.10211	0.63525	0.02084	0.03163	0.01873	0.02667	0.02390	0.01596	0.02347	0.01334	0.01567	0.00962	0.00714	0.00700	0.00233	0.01093	0.00547	0.00321	0.01108
19	0.01850	0.01469	0.01942	0.12793	0.09355	0.03952	0.03583	0.06724	0.04396	0.09696	0.02038	0.11957	0.01801	0.00957	0.00730	0.00209	0.00737	0.00834	0.00543	0.24435
20	0.07034	0.01513	0.02556	0.01962	0.02436	0.01524	0.26803	0.06695	0.06562	0.02885	0.17700	0.02969	0.02743	0.00963	0.00867	0.00242	0.03536	0.00928	0.09159	0.00924
21	0.01084	0.00813	0.01219	0.01219	0.01354	0.00948	0.00948	0.01354	0.01219	0.01761	0.02032	0.02980	0.01896	0.05689	0.70337	0.01219	0.02032	0.00813	0.00406	0.00677
22	0.11644	0.01224	0.01088	0.00984	0.01275	0.06389	0.00766	0.10875	0.01870	0.03099	0.02102	0.02371	0.01635	0.00857	0.00566	0.00193	0.00528	0.00649	0.51070	0.00816
23	0.08171	0.01440	0.01680	0.01343	0.01862	0.03649	0.02969	0.09653	0.04498	0.20979	0.02305	0.12215	0.01930	0.01006	0.00713	0.00209	0.00651	0.00836	0.00665	0.23225
24	0.01499	0.01416	0.02396	0.61497	0.14726	0.01703	0.02140	0.01996	0.01548	0.02019	0.01360	0.02001	0.01040	0.00746	0.00757	0.00249	0.00995	0.00674	0.00343	0.00896
25	0.01652	0.00903	0.01199	0.01052	0.01333	0.00815	0.00815	0.01994	0.02153	0.19460	0.52011	0.04900	0.05846	0.01399	0.00862	0.00238	0.00429	0.01220	0.00861	0.00859
26	0.01887	0.01629	0.01715	0.01544	0.01972	0.01887	0.01201	0.04031	0.67241	0.03173	0.03087	0.02830	0.02315	0.01029	0.00772	0.00257	0.00600	0.00858	0.00772	0.01201
27	0.01659	0.01659	0.02323	0.01991	0.01991	0.02323	0.01659	0.01825	0.01162	0.01825	0.00996	0.01659	0.00996	0.01328	0.02489	0.00332	0.71955	0.00664	0.00332	0.00830
28	0.01043	0.00774	0.00971	0.00922	0.01114	0.00703	0.00691	0.01371	0.02074	0.02868	0.57637	0.05951	0.17839	0.01615	0.00895	0.00242	0.00362	0.01412	0.00812	0.00703
29	0.00941	0.00689	0.00890	0.01043	0.01123	0.00637	0.00724	0.01096	0.01508	0.01974	0.04617	0.59967	0.13067	0.02298	0.00965	0.00304	0.00451	0.06376	0.00704	0.00625
30	0.01888	0.00884	0.00989	0.00882	0.01161	0.00856	0.00688	0.04667	0.01789	0.16802	0.02558	0.02737	0.01905	0.00896	0.00588	0.00191	0.00433	0.00718	0.58516	0.00852
31	0.01400	0.02109	0.23078	0.22789	0.03438	0.01499	0.11017	0.01974	0.01636	0.02195	0.02696	0.03294	0.13264	0.01031	0.00811	0.00257	0.00949	0.05225	0.00429	0.00908
32	0.01887	0.01629	0.01715	0.01544	0.01972	0.01887	0.01201	0.04031	0.67241	0.03173	0.03087	0.02830	0.02315	0.01029	0.00772	0.00257	0.00600	0.00858	0.00772	0.01201
33	0.01790	0.02046	0.04476	0.03197	0.03964	0.01918	0.65857	0.02430	0.01790	0.02430	0.01535	0.02046	0.01151	0.00639	0.00895	0.00256	0.01279	0.00895	0.00384	0.01023
34	0.01681	0.01585	0.02600	0.34027	0.34506	0.01758	0.02128	0.02308	0.07529	0.02301	0.01541	0.02027	0.01217	0.00744	0.00756	0.00240	0.00923	0.00691	0.00394	0.01042
35	0.01765	0.01835	0.02308	0.01988	0.02023	0.08439	0.01642	0.01934	0.01251	0.01828	0.01012	0.01633	0.00994	0.01278	0.02327	0.00320	0.65604	0.00648	0.00337	0.00834
36	0.41690	0.01421	0.01340	0.01074	0.01632	0.01404	0.00870	0.02158	0.03972	0.02983	0.01264	0.01444	0.01013	0.00654	0.00522	0.00182	0.00576	0.00445	0.00472	0.34883
37	0.01178	0.00966	0.01166	0.07387	0.01597	0.03106	0.00896	0.01618	0.06943	0.02551	0.32926	0.17292	0.14299	0.01631	0.00884	0.00258	0.00497	0.03339	0.00725	0.00741
38	0.01067	0.00775	0.01005	0.00947	0.01129	0.00713	0.00711	0.01419	0.02132	0.03005	0.65984	0.05726	0.09408	0.01564	0.00895	0.00239	0.00359	0.01380	0.00830	0.00713
39	0.01463	0.01207	0.01859	0.01886	0.07902	0.03377	0.10390	0.01849	0.01827	0.04857	0.12486	0.08446	0.03844	0.01607	0.00952	0.00298	0.00761	0.33526	0.00643	0.00817
40	0.01790	0.02046	0.04476	0.03197	0.03964	0.01918	0.65857	0.02430	0.01790	0.02430	0.01535	0.02046	0.01151	0.00639	0.00895	0.00256	0.01279	0.00895	0.00384	0.01023
41	0.14069	0.01316	0.01669	0.01300	0.01870	0.01198	0.01073	0.03489	0.02046	0.59826	0.02718	0.02391	0.01728	0.00906	0.00721	0.00235	0.00637	0.00713	0.00872	0.01224
42	0.00950	0.00707	0.00891	0.01020	0.01127	0.00648	0.00723	0.01123	0.01565	0.02031	0.07244	0.50226	0.18954	0.02221	0.00957	0.00298	0.00448	0.07526	0.00708	0.00632
43	0.01453	0.01376	0.02279	0.65264	0.04933	0.01743	0.02066	0.01928	0.01485	0.01928	0.01316	0.01990	0.01010	0.00810	0.00914	0.00260	0.07394	0.00673	0.00337	0.00841
44	0.01905	0.56876	0.19823	0.01507	0.02270	0.02701	0.01662	0.02303	0.01556	0.01934	0.01129	0.01310	0.00970	0.00666	0.00543	0.00181	0.00886	0.00443	0.00323	0.01009
45	0.33661	0.04141	0.01482	0.01193	0.01644	0.09239	0.00961	0.04565	0.01724	0.20327	0.01811	0.01940	0.01336	0.03562	0.00716	0.00240	0.00686	0.00580	0.09248	0.00944
46	0.01860	0.01785	0.03048	0.07250	0.66153	0.01798	0.02319	0.02313	0.01719	0.02457	0.01424	0.01883	0.01194	0.00679	0.00751	0.00226	0.00905	0.00676	0.00374	0.01188
47	0.01432	0.01348	0.02275	0.71520	0.05224	0.01685	0.02107	0.01938	0.01517	0.01938	0.01348	0.02022	0.01011	0.00758	0.00758	0.00253	0.01011	0.00674	0.00337	0.00843
48	0.01370	0.00703	0.00723	0.00738	0.00903	0.00699	0.00546	0.01703	0.01578	0.02748	0.02628	0.09128	0.02221	0.01018	0.00570	0.00189	0.00361	0.00837	0.70639	0.00699
49	0.01015	0.00773	0.00932	0.00892	0.01097	0.00691	0.00669	0.01317	0.02008	0.02711	0.48057	0.06210	0.27517	0.01674	0.00895	0.00244	0.00367	0.01448	0.00791	0.00691
50	0.02098	0.01734	0.01834	0.01586	0.02053	0.01985	0.01252	0.17160	0.53768	0.03513	0.02819	0.02616	0.02098	0.01004	0.00769	0.00251	0.00650	0.00821	0.00769	0.01219
51	0.02952	0.01246	0.01636	0.01306	0.01821	0.01115	0.01058	0.05501	0.04626	0.54254	0.03391	0.08313	0.07000	0.01124	0.00789	0.00243	0.00615	0.00932	0.00891	0.01188
52	0.01329	0.01540	0.11395	0.01682	0.01987	0.01430	0.07191	0.01701	0.01349	0.01975	0.04248	0.02528	0.01712	0.03456	0.37307	0.00770	0.16426	0.00775	0.00393	0.00805
53	0.01318	0.00659	0.00988	0.00988	0.00988	0.00659	0.00659	0.00988	0.00988	0.01318	0.01318	0.02306	0.01318	0.02635	0.02964	0.77931	0.00659	0.00659	0.00329	0.00329
54	0.00935	0.00668	0.00889	0.01049	0.01102	0.00623	0.00705	0.01082	0.01501	0.02014	0.08658	0.68150	0.05166	0.02319	0.00963	0.00303	0.00434	0.02101	0.00713	0.00623
55	0.02906	0.02480	0.02205	0.01775	0.02321	0.21112	0.01425	0.44230	0.03076	0.08470	0.01723	0.01749	0.01244	0.00877	0.00738	0.00219	0.00969	0.00635	0.00669	0.01176
56	0.02028	0.73799	0.03975	0.01298	0.01947	0.03001	0.01298	0.02271	0.01541	0.01785	0.01055	0.01217	0.00973	0.00649	0.00487	0.00162	0.00811	0.00406	0.00324	0.00973
57	0.01046	0.00832	0.00947	0.00907	0.01140	0.00762	0.00684	0.01451	0.06501	0.02580	0.34970	0.06242	0.35800	0.01690	0.00887	0.00248	0.00387	0.01444	0.00769	0.00714
58	0.01087	0.00764	0.00927	0.00967	0.01143	0.00710	0.00743	0.01370	0.01791	0.02475	0.23214	0.16004	0.20061	0.01757	0.00878	0.00263	0.00436	0.12481	0.12249	0.00679
59	0.04121	0.01652	0.08745	0.01486	0.04222	0.10813	0.01178	0.06523	0.01775	0.04874	0.03199	0.33208	0.07543	0.03779	0.00938	0.00281	0.00719	0.03527	0.00604	0.00813
60	0.01797	0.01720	0.02933	0.16792	0.57107	0.01781	0.02288	0.02257	0.01689	0.02380	0.01412	0.01904	0.01167	0.00691	0.00752	0.00230	0.00921	0.00676	0.00368	0.01136
61	0.01701	0.01764	0.03433	0.19548	0.22624	0.01784	0.30456	0.02237	0.01696	0.02311	0.01554	0.04508	0.01270	0.00739	0.00824	0.00248	0.01078	0.00826	0.00382	0.01017
62	0.01867	0.02052	0.04322	0.03095	0.03851	0.01949	0.61352	0.06881	0.01914	0.02594	0.01555	0.02030	0.01161	0.00658	0.00886	0.00254	0.01248	0.00880	0.00410	0.01042
63	0.01099	0.00841	0.01029	0.01057	0.01202	0.02936	0.00782	0.01384	0.01904	0.02605	0.41237	0.25769	0.06071	0.01821	0.00923	0.00268	0.00445	0.07167	0.00769	0.00690
64	0.01063	0.00772	0.00975	0.01074	0.01188	0.00738	0.00776	0.03440	0.01621	0.02136	0.08719	0.41939	0.11943	0.08557	0.01221	0.00340	0.00509	0.11649	0.00692	0.00648
65	0.01573	0.01348	0.01573	0.01123	0.01798	0.01011	0.00899	0.01910	0.01573	0.02472	0.01348	0.01573	0.01123	0.00562	0.00562	0.00112	0.00562	0.00449	0.00449	0.77980
66	0.01573	0.01348	0.01573	0.01123	0.01798	0.01011	0.00899	0.01910	0.01573	0.02472	0.01348	0.01573	0.01123	0.00562	0.00562	0.00112	0.00562	0.00449	0.00449	0.77980
67	0.01326	0.00663	0.00963	0.00963	0.00979	0.00663	0.00647	0.01058	0.01042	0.01453	0.01422	0.02353	0.01374	0.02477	0.02745	0.70935	0.00631	0.00663	0.07278	0.00363
68	0.01590	0.01596	0.02636	0.02123	0.02417	0.01846	0.20667	0.02115	0.08786	0.02181	0.02101	0.12208	0.04372	0.01260	0.01543	0.00294	0.29907	0.01003	0.00464	0.00891
69	0.03094	0.01278	0.01709	0.01307	0.01889	0.01087	0.01073	0.03395	0.02098	0.58596	0.05324	0.02581	0.01992	0.00917	0.00744	0.00220	0.00624	0.00749	0.00876	0.10447
70	0.00922	0.00668	0.00872	0.01034	0.01094	0.00618	0.00694	0.01059	0.01473	0.01945	0.04449	0.67832	0.09859	0.02341	0.00963	0.00304	0.00436	0.02114	0.00704	0.00618
71	0.01659	0.01659	0.02323	0.01991	0.01991	0.02323	0.01659	0.01825	0.01162	0.01825	0.00996	0.01659	0.00996	0.01328	0.02489	0.00332	0.71955	0.00664	0.00332	0.00830
72	0.01023	0.00705	0.00865	0.00943	0.00968	0.00690	0.00586	0.01092	0.01262	0.01688	0.03171	0.34993	0.03727	0.39335	0.05071	0.00564	0.00653	0.01559	0.00566	0.00537
73	0.01573	0.01348	0.01573	0.01123	0.01798	0.01011	0.00899	0.01910	0.01573	0.02472	0.01348	0.01573	0.01123	0.00562	0.00562	0.00112	0.00562	0.00449	0.00449	0.77980
74	0.01737	0.01359	0.01433	0.01303	0.01621	0.04051	0.00979	0.05323	0.32394	0.07361	0.09111	0.08894	0.07442	0.12048	0.01264	0.00326	0.00614	0.01062	0.00717	0.00961
75	0.01546	0.01317	0.01727	0.01345	0.01886	0.01115	0.06765	0.06689	0.01757	0.02540	0.02376	0.10250	0.06746	0.01008	0.00712	0.00184	0.00632	0.05622	0.00532	0.45249
76	0.01731	0.01138	0.01394	0.01225	0.01435	0.01236	0.00909	0.13515	0.01711	0.09943	0.02177	0.03437	0.02070	0.31552	0.17628	0.00663	0.06012	0.00891	0.00549	0.00783

[dist]
# distance from previous block
# <min> <max>
2	4

[block]
# block no. 7 follows, 26 sequences, length 32
# corresponding to MSA columns:
# 3016-3031,3033-3048
name=unknown_H
#
# <colnr> <probs for GDERKNQSTAVLIFYWHMCP>
#	G	D	E	R	K	N	Q	S	T	A	V	L	I	F	Y	W	H	M	C	P
0	0.01630	0.04523	0.28245	0.09544	0.03087	0.01735	0.12958	0.05583	0.11215	0.02559	0.04548	0.07374	0.01762	0.00919	0.00783	0.00249	0.00957	0.00826	0.00469	0.01036
1	0.01830	0.01541	0.02577	0.14166	0.35386	0.01572	0.06620	0.02321	0.04585	0.09053	0.02011	0.11269	0.01782	0.00950	0.00793	0.00245	0.00847	0.00901	0.00487	0.01064
2	0.01573	0.01348	0.01573	0.01123	0.01798	0.01011	0.00899	0.01910	0.01573	0.02472	0.01348	0.01573	0.01123	0.00562	0.00562	0.00112	0.00562	0.00449	0.00449	0.77980
3	0.07783	0.00964	0.01155	0.01037	0.01354	0.00908	0.00801	0.02340	0.01747	0.26546	0.02929	0.17981	0.02511	0.01218	0.00705	0.00231	0.00495	0.01023	0.27368	0.00906
4	0.04076	0.02106	0.16759	0.08743	0.05288	0.01729	0.01716	0.18964	0.09402	0.13124	0.03795	0.02605	0.01753	0.00961	0.00770	0.00247	0.00835	0.05379	0.00624	0.01125
5	0.01890	0.01940	0.02692	0.18664	0.38361	0.11391	0.02088	0.02287	0.01680	0.02203	0.01328	0.01815	0.01106	0.00778	0.00928	0.00238	0.08559	0.00648	0.00365	0.01038
6	0.01548	0.01539	0.02502	0.04849	0.02362	0.01900	0.14756	0.01829	0.01329	0.01943	0.01490	0.06713	0.01450	0.04098	0.09343	0.00420	0.39880	0.00841	0.00380	0.00827
7	0.01181	0.01126	0.01114	0.08500	0.01638	0.08492	0.00869	0.01402	0.01716	0.02034	0.08062	0.18709	0.38915	0.01744	0.00872	0.00258	0.00570	0.01477	0.00636	0.00687
8	0.01289	0.00849	0.00963	0.00909	0.01198	0.00730	0.00707	0.01523	0.01840	0.11602	0.13809	0.06523	0.48074	0.01751	0.00887	0.00257	0.00437	0.05157	0.00752	0.00744
9	0.02795	0.01823	0.02028	0.01595	0.02156	0.01961	0.01304	0.41106	0.12855	0.18324	0.02287	0.02171	0.01594	0.00934	0.00754	0.00232	0.00742	0.00727	0.03355	0.01257
10	0.01410	0.01096	0.01298	0.01224	0.01413	0.01179	0.00911	0.12753	0.04664	0.02491	0.06329	0.29325	0.13569	0.09606	0.01387	0.00330	0.08138	0.01448	0.00656	0.00773
11	0.02294	0.02119	0.09203	0.01671	0.02215	0.06618	0.01467	0.33818	0.13512	0.03643	0.02142	0.02536	0.01691	0.01194	0.03762	0.00281	0.00881	0.05374	0.04448	0.01130
12	0.78701	0.01467	0.01115	0.00997	0.01467	0.01702	0.00821	0.02230	0.01291	0.03403	0.01056	0.01232	0.00821	0.00704	0.00469	0.00235	0.00587	0.00411	0.00469	0.00821
13	0.01125	0.00733	0.00871	0.00871	0.00881	0.00742	0.00514	0.01108	0.01099	0.01474	0.02251	0.04545	0.02545	0.61173	0.08323	0.08991	0.00816	0.01036	0.00442	0.00461
14	0.01580	0.05167	0.50154	0.02274	0.09954	0.01748	0.02436	0.02484	0.07759	0.02504	0.05561	0.01981	0.01487	0.00793	0.00733	0.00238	0.00995	0.00645	0.00399	0.01109
15	0.60518	0.01595	0.05398	0.08588	0.02000	0.01656	0.01083	0.02187	0.01353	0.03123	0.01126	0.01362	0.00871	0.00701	0.00522	0.00229	0.00663	0.00450	0.00445	0.06132
16	0.01639	0.13071	0.42481	0.02000	0.07231	0.01815	0.02180	0.04812	0.01684	0.02422	0.01700	0.01908	0.04359	0.00772	0.00682	0.00218	0.00947	0.00602	0.03761	0.05716
17	0.01572	0.10951	0.62832	0.02075	0.03149	0.01886	0.02651	0.02389	0.01595	0.02340	0.01330	0.01563	0.00962	0.00713	0.00697	0.00232	0.01090	0.00545	0.00321	0.01106
18	0.01462	0.01497	0.06742	0.56156	0.04527	0.01615	0.01976	0.04681	0.01679	0.02211	0.08570	0.02377	0.01682	0.00848	0.00770	0.00249	0.00941	0.00742	0.00408	0.00867
19	0.01814	0.01692	0.09965	0.08890	0.02189	0.07081	0.01344	0.06007	0.03508	0.12633	0.12847	0.10627	0.07565	0.04349	0.01055	0.00272	0.05621	0.01016	0.00616	0.00909
20	0.01561	0.01480	0.02508	0.52140	0.23597	0.01719	0.02171	0.02051	0.01578	0.02095	0.01371	0.01980	0.01066	0.00734	0.00756	0.00245	0.00979	0.00675	0.00348	0.00947
21	0.00971	0.00760	0.00880	0.00875	0.01077	0.00668	0.00647	0.01224	0.01869	0.02440	0.31893	0.13695	0.36650	0.01820	0.00903	0.00255	0.00380	0.01568	0.00757	0.00668
22	0.02030	0.01774	0.03089	0.04146	0.54547	0.01741	0.09041	0.02485	0.01781	0.09573	0.01605	0.01971	0.01268	0.00700	0.00768	0.00230	0.00915	0.00709	0.00436	0.01192
23	0.05624	0.01583	0.05227	0.07412	0.09170	0.01595	0.19389	0.02090	0.01539	0.05558	0.01677	0.02318	0.01400	0.06757	0.06717	0.00365	0.11280	0.00768	0.08629	0.00902
24	0.01243	0.00855	0.01167	0.01323	0.01498	0.00855	0.01149	0.01592	0.01730	0.02329	0.03852	0.07946	0.04107	0.01966	0.00993	0.00331	0.00662	0.56817	0.08885	0.00699
25	0.01297	0.00813	0.00978	0.00965	0.01196	0.00712	0.00712	0.01503	0.01755	0.12071	0.12652	0.26937	0.31815	0.01877	0.00899	0.00267	0.00437	0.01625	0.00754	0.00738
26	0.01667	0.06778	0.41559	0.09941	0.13211	0.04844	0.06844	0.02364	0.01645	0.02310	0.01357	0.01688	0.01017	0.00711	0.00728	0.00234	0.01082	0.00602	0.00338	0.01078
27	0.01854	0.02168	0.25798	0.01782	0.02442	0.01378	0.08541	0.02437	0.03567	0.17406	0.05474	0.05243	0.01889	0.01842	0.14254	0.00433	0.01125	0.00805	0.00538	0.01024
28	0.01413	0.00995	0.01122	0.01046	0.01293	0.01007	0.00793	0.10303	0.07524	0.02936	0.21448	0.14797	0.12720	0.01451	0.00798	0.00238	0.00457	0.01241	0.17612	0.00806
29	0.78701	0.01467	0.01115	0.00997	0.01467	0.01702	0.00821	0.02230	0.01291	0.03403	0.01056	0.01232	0.00821	0.00704	0.00469	0.00235	0.00587	0.00411	0.00469	0.00821
30	0.03274	0.01264	0.01709	0.01320	0.01889	0.01090	0.01087	0.03563	0.02148	0.65691	0.03233	0.02824	0.05289	0.00989	0.00770	0.00236	0.00632	0.00806	0.00927	0.01257
31	0.01695	0.01639	0.02417	0.05711	0.44382	0.04919	0.01826	0.02180	0.05701	0.02377	0.02885	0.03104	0.15972	0.00978	0.00781	0.00233	0.00796	0.00880	0.00471	0.01050

[dist]
# distance from previous block
# <min> <max>
0	18

[block]
# block no. 8 follows, 26 sequences, length 16
# corresponding to MSA columns:
# 3067-3082
name=unknown_I
#
# <colnr> <probs for GDERKNQSTAVLIFYWHMCP>
#	G	D	E	R	K	N	Q	S	T	A	V	L	I	F	Y	W	H	M	C	P
0	0.01146	0.00778	0.01037	0.01112	0.01231	0.00811	0.00855	0.01391	0.01436	0.02044	0.03018	0.16059	0.03176	0.12382	0.21680	0.00623	0.01002	0.17603	0.11968	0.00649
1	0.01887	0.01629	0.01715	0.01544	0.01972	0.01887	0.01201	0.04031	0.67241	0.03173	0.03087	0.02830	0.02315	0.01029	0.00772	0.00257	0.00600	0.00858	0.00772	0.01201
2	0.02470	0.01929	0.02065	0.01799	0.06118	0.05796	0.01363	0.31516	0.21941	0.08347	0.02184	0.02133	0.01599	0.00902	0.00744	0.00227	0.00767	0.00712	0.00710	0.06680
3	0.01084	0.00813	0.01219	0.01219	0.01354	0.00948	0.00948	0.01354	0.01219	0.01761	0.02032	0.02980	0.01896	0.05689	0.70337	0.01219	0.02032	0.00813	0.00406	0.00677
4	0.01064	0.00740	0.00935	0.00991	0.01037	0.00752	0.00657	0.01167	0.01254	0.01692	0.02886	0.21703	0.03283	0.39199	0.14311	0.00685	0.00881	0.05683	0.00528	0.00552
5	0.02687	0.02146	0.02158	0.01723	0.02278	0.07583	0.01397	0.49170	0.15743	0.04241	0.02015	0.01980	0.01463	0.00923	0.00755	0.00231	0.00831	0.00701	0.00732	0.01241
