[name]
unknown

[dist]
# distance from previous block
# <min> <max>
0	111

[block]
# block no. 0 follows, 33 sequences, length 24
# corresponding to MSA columns:
# 155-178
name=unknown_A
#
# <colnr> <probs for GDERKNQSTAVLIFYWHMCP>
#	G	D	E	R	K	N	Q	S	T	A	V	L	I	F	Y	W	H	M	C	P
0	0.01001	0.00849	0.01336	0.01237	0.01461	0.00792	0.11909	0.01266	0.01476	0.01914	0.07887	0.22790	0.20325	0.01611	0.00832	0.00256	0.00550	0.21313	0.00572	0.00623
1	0.77037	0.01379	0.01018	0.00913	0.01316	0.05596	0.00745	0.01974	0.01163	0.02878	0.00922	0.01076	0.00721	0.00615	0.00418	0.00202	0.00548	0.00360	0.00404	0.00716
2	0.00802	0.00573	0.00764	0.00917	0.00955	0.00535	0.00611	0.00917	0.01260	0.01681	0.03628	0.76434	0.04354	0.02062	0.00840	0.00267	0.00382	0.01872	0.00611	0.00535
3	0.01804	0.01675	0.01534	0.01381	0.01739	0.14761	0.01068	0.03196	0.51884	0.05526	0.02322	0.02223	0.01761	0.01080	0.04823	0.00260	0.00714	0.00680	0.00598	0.00969
4	0.01617	0.52598	0.21419	0.01310	0.01980	0.02201	0.01439	0.01978	0.01353	0.01731	0.01003	0.01165	0.00852	0.00574	0.00480	0.00155	0.00758	0.00390	0.00289	0.06710
5	0.01413	0.18882	0.58783	0.01719	0.02606	0.01754	0.02159	0.02061	0.01379	0.01973	0.01126	0.01320	0.00836	0.00612	0.00583	0.00194	0.00917	0.00458	0.00279	0.00946
6	0.01554	0.01776	0.03885	0.02775	0.03441	0.01665	0.70366	0.02109	0.01554	0.02109	0.01332	0.01776	0.00999	0.00555	0.00777	0.00222	0.01110	0.00777	0.00333	0.00888
7	0.00878	0.00689	0.00830	0.03491	0.01074	0.00624	0.00614	0.01133	0.01691	0.02242	0.42105	0.05399	0.33935	0.01456	0.00773	0.00214	0.00341	0.01252	0.00661	0.00598
8	0.01384	0.02782	0.50646	0.02282	0.16095	0.01506	0.06344	0.02073	0.03264	0.02141	0.04424	0.01644	0.01155	0.00653	0.00648	0.00207	0.00904	0.00561	0.00321	0.00967
9	0.01337	0.06201	0.70803	0.01848	0.02805	0.01570	0.02383	0.02081	0.01388	0.02065	0.01171	0.01377	0.00834	0.00623	0.00618	0.00206	0.00963	0.00481	0.00278	0.00968
10	0.00802	0.00573	0.00764	0.00917	0.00955	0.00535	0.00611	0.00917	0.01260	0.01681	0.03628	0.76434	0.04354	0.02062	0.00840	0.00267	0.00382	0.01872	0.00611	0.00535
11	0.10683	0.01502	0.02385	0.06541	0.54853	0.01593	0.01808	0.01954	0.01401	0.02167	0.01163	0.01553	0.00981	0.00647	0.00769	0.00206	0.07944	0.00559	0.00330	0.00961
12	0.00802	0.00573	0.00764	0.00917	0.00955	0.00535	0.00611	0.00917	0.01260	0.01681	0.03628	0.76434	0.04354	0.02062	0.00840	0.00267	0.00382	0.01872	0.00611	0.00535
13	0.01356	0.01554	0.12938	0.05248	0.33712	0.01273	0.01598	0.01863	0.05463	0.02305	0.22919	0.02641	0.02628	0.00843	0.00687	0.00203	0.00657	0.00763	0.00457	0.00892
14	0.01760	0.77260	0.03450	0.01126	0.01690	0.02605	0.01126	0.01971	0.01338	0.01549	0.00915	0.01056	0.00845	0.00563	0.00422	0.00141	0.00704	0.00352	0.00282	0.00845
15	0.01351	0.02432	0.40218	0.01528	0.02218	0.04522	0.01716	0.02014	0.07483	0.02120	0.05685	0.02006	0.06129	0.00763	0.00693	0.00195	0.04108	0.00595	0.00381	0.13840
16	0.01151	0.03992	0.00958	0.00855	0.00880	0.00669	0.00578	0.00918	0.00889	0.01175	0.01231	0.02200	0.01261	0.10007	0.02559	0.68868	0.00585	0.00602	0.00298	0.00323
17	0.40165	0.01151	0.01204	0.01013	0.01437	0.01182	0.00837	0.02404	0.01497	0.32332	0.04909	0.02115	0.01525	0.00802	0.00561	0.00210	0.00528	0.04649	0.00604	0.00873
18	0.01634	0.23720	0.40295	0.01754	0.07096	0.04279	0.01879	0.04355	0.01482	0.06054	0.01199	0.01361	0.00906	0.00623	0.00573	0.00187	0.00861	0.00467	0.00327	0.00948
19	0.01386	0.01297	0.02093	0.15484	0.43341	0.01332	0.01635	0.01786	0.03466	0.02055	0.06209	0.02621	0.12853	0.00825	0.00681	0.00205	0.00692	0.00755	0.00399	0.00887
20	0.01240	0.00664	0.00699	0.00681	0.00825	0.00699	0.00520	0.01537	0.01358	0.02402	0.02070	0.02393	0.01637	0.00790	0.00563	0.00162	0.04883	0.00611	0.75646	0.00620
21	0.01326	0.01027	0.05168	0.00988	0.01299	0.00884	0.00827	0.04336	0.10435	0.11788	0.23374	0.04496	0.25980	0.01281	0.00741	0.00217	0.00444	0.03972	0.00660	0.00757
22	0.01365	0.01170	0.01365	0.00975	0.01560	0.00878	0.00780	0.01658	0.01365	0.02145	0.01170	0.01365	0.00975	0.00488	0.00488	0.00098	0.00488	0.00390	0.00390	0.80888
23	0.01940	0.01496	0.01868	0.01522	0.01938	0.01610	0.07765	0.41483	0.02434	0.03256	0.04806	0.03230	0.03626	0.01064	0.00775	0.00228	0.02614	0.16806	0.00607	0.00933

[dist]
# distance from previous block
# <min> <max>
0	1

[block]
# block no. 1 follows, 33 sequences, length 96
# corresponding to MSA columns:
# 180-220,222-276
name=unknown_B
#
# <colnr> <probs for GDERKNQSTAVLIFYWHMCP>
#	G	D	E	R	K	N	Q	S	T	A	V	L	I	F	Y	W	H	M	C	P
0	0.77851	0.04764	0.01082	0.00878	0.01292	0.01529	0.00732	0.01937	0.01130	0.02889	0.00917	0.01069	0.00719	0.00609	0.00408	0.00201	0.00518	0.00356	0.00402	0.00719
1	0.01101	0.00663	0.00903	0.00887	0.00930	0.00695	0.00604	0.03461	0.01007	0.01368	0.01536	0.02718	0.01578	0.22474	0.17815	0.39959	0.00846	0.00702	0.00343	0.00409
2	0.01501	0.01401	0.03536	0.03224	0.01701	0.05837	0.02952	0.05145	0.40419	0.02583	0.16686	0.03021	0.07176	0.00993	0.00695	0.00215	0.00554	0.00839	0.00626	0.00897
3	0.01043	0.00841	0.03362	0.00914	0.01040	0.00767	0.02731	0.03122	0.03472	0.01677	0.08179	0.11536	0.05418	0.46033	0.02291	0.00470	0.00593	0.03315	0.00472	0.02724
4	0.02353	0.02659	0.01859	0.01633	0.01999	0.55828	0.04373	0.02659	0.06142	0.09058	0.04318	0.01558	0.01233	0.00728	0.00621	0.00180	0.01042	0.00517	0.00424	0.00817
5	0.01617	0.01568	0.05042	0.09455	0.57489	0.01522	0.01911	0.02087	0.04706	0.04138	0.01333	0.01679	0.01081	0.00612	0.00648	0.00197	0.00770	0.00587	0.00353	0.03205
6	0.01760	0.77260	0.03450	0.01126	0.01690	0.02605	0.01126	0.01971	0.01338	0.01549	0.00915	0.01056	0.00845	0.00563	0.00422	0.00141	0.00704	0.00352	0.00282	0.00845
7	0.01362	0.06085	0.12438	0.01215	0.03499	0.01075	0.02433	0.01731	0.01467	0.03938	0.12673	0.01959	0.01808	0.00663	0.00565	0.00142	0.00567	0.00551	0.00428	0.45400
8	0.00902	0.00694	0.00844	0.00880	0.01048	0.00646	0.00683	0.01167	0.03297	0.02015	0.20155	0.15435	0.29916	0.01777	0.03457	0.00272	0.00447	0.15146	0.00628	0.00591
9	0.65006	0.01204	0.00978	0.00882	0.01247	0.01378	0.00710	0.04381	0.03188	0.02849	0.01218	0.04180	0.01028	0.03437	0.00550	0.00219	0.00504	0.00472	0.05858	0.00712
10	0.01243	0.01170	0.01975	0.75282	0.04534	0.01463	0.01828	0.01682	0.01316	0.01682	0.01170	0.01755	0.00878	0.00658	0.00658	0.00219	0.00878	0.00585	0.00293	0.00731
11	0.01243	0.01170	0.01975	0.75282	0.04534	0.01463	0.01828	0.01682	0.01316	0.01682	0.01170	0.01755	0.00878	0.00658	0.00658	0.00219	0.00878	0.00585	0.00293	0.00731
12	0.02277	0.02764	0.01680	0.01536	0.01847	0.63325	0.01152	0.02467	0.01794	0.01736	0.01185	0.01375	0.00972	0.00692	0.00574	0.00167	0.01057	0.00452	0.12208	0.00741
13	0.81514	0.01273	0.00968	0.00866	0.01273	0.01477	0.00713	0.01935	0.01120	0.02954	0.00917	0.01069	0.00713	0.00611	0.00407	0.00204	0.00509	0.00356	0.00407	0.00713
14	0.01352	0.01307	0.02318	0.30530	0.22895	0.01426	0.12559	0.01748	0.01372	0.01866	0.01424	0.07009	0.01246	0.01069	0.06474	0.00284	0.03253	0.00715	0.00335	0.00818
15	0.01750	0.01657	0.03466	0.05181	0.03220	0.01554	0.57594	0.02256	0.01594	0.12619	0.01513	0.01844	0.01088	0.00597	0.00756	0.00219	0.01020	0.00753	0.00403	0.00917
16	0.01365	0.01170	0.01365	0.00975	0.01560	0.00878	0.00780	0.01658	0.01365	0.02145	0.01170	0.01365	0.00975	0.00488	0.00488	0.00098	0.00488	0.00390	0.00390	0.80888
17	0.01848	0.01961	0.02018	0.04396	0.11094	0.25282	0.09218	0.08464	0.06308	0.02133	0.01504	0.08223	0.01325	0.00772	0.00642	0.00185	0.00854	0.00652	0.00418	0.12703
18	0.01413	0.04137	0.44537	0.01851	0.09759	0.01399	0.01913	0.02052	0.03976	0.03769	0.02645	0.01530	0.01049	0.00621	0.00602	0.00184	0.00812	0.00502	0.00341	0.16911
19	0.01932	0.05044	0.04626	0.06091	0.26277	0.15639	0.01578	0.04317	0.01563	0.11248	0.01299	0.01563	0.01029	0.00744	0.00899	0.00207	0.14085	0.00550	0.00391	0.00918
20	0.03371	0.00745	0.01014	0.01158	0.01301	0.00746	0.00984	0.01314	0.01466	0.01956	0.03432	0.17456	0.03783	0.01819	0.00884	0.00295	0.00570	0.56505	0.00601	0.00599
21	0.03644	0.01663	0.03415	0.09131	0.05870	0.01614	0.54904	0.04478	0.01586	0.02187	0.03904	0.01858	0.01177	0.00604	0.00748	0.00219	0.01018	0.00750	0.00357	0.00874
22	0.06489	0.16566	0.30259	0.01986	0.11624	0.03734	0.09130	0.04560	0.01482	0.04213	0.01261	0.03574	0.01010	0.00655	0.00601	0.00195	0.00851	0.00545	0.00340	0.00924
23	0.00896	0.00665	0.00835	0.00807	0.00965	0.00603	0.00599	0.01167	0.01756	0.02420	0.55973	0.10382	0.17588	0.01454	0.00781	0.00214	0.00320	0.01275	0.00697	0.00603
24	0.00803	0.00588	0.00755	0.00881	0.00947	0.00540	0.00597	0.00930	0.01310	0.01722	0.06073	0.65082	0.13378	0.01989	0.00830	0.00260	0.00373	0.01788	0.00615	0.00540
25	0.01738	0.01708	0.08231	0.15709	0.34773	0.06231	0.03496	0.03813	0.06636	0.09095	0.01455	0.01725	0.01112	0.00657	0.00653	0.00203	0.00807	0.00591	0.00398	0.00969
26	0.04700	0.01679	0.02498	0.07275	0.60079	0.08297	0.01892	0.02057	0.01510	0.02107	0.01202	0.01574	0.01004	0.00600	0.00637	0.00195	0.00814	0.00563	0.00329	0.00989
27	0.02440	0.01298	0.01559	0.01266	0.01728	0.01314	0.01023	0.10095	0.26794	0.41194	0.02524	0.02251	0.01713	0.00840	0.00664	0.00210	0.00563	0.00684	0.00748	0.01092
28	0.01137	0.00759	0.00934	0.00915	0.01135	0.00698	0.00733	0.01438	0.03777	0.09389	0.23841	0.05662	0.28021	0.01503	0.00794	0.00236	0.00421	0.17283	0.00665	0.00659
29	0.03774	0.02956	0.48369	0.01817	0.04909	0.11608	0.02010	0.06261	0.03979	0.06367	0.01311	0.01459	0.00943	0.00661	0.00622	0.00202	0.00930	0.00503	0.00359	0.00959
30	0.01631	0.41492	0.22581	0.01398	0.02027	0.04130	0.01490	0.02237	0.11755	0.01879	0.01252	0.01370	0.01015	0.00647	0.00564	0.00176	0.02657	0.00455	0.00340	0.00904
31	0.02893	0.01153	0.01540	0.01188	0.01693	0.01025	0.00979	0.05300	0.04413	0.68560	0.02569	0.02228	0.01627	0.00817	0.00662	0.00204	0.00564	0.00663	0.00805	0.01118
32	0.01435	0.01357	0.02295	0.30353	0.42958	0.01463	0.01862	0.01827	0.01416	0.01947	0.01360	0.06279	0.01185	0.00704	0.00666	0.00209	0.00793	0.00665	0.00331	0.00896
33	0.02302	0.06901	0.14881	0.01298	0.01854	0.01233	0.01235	0.04921	0.06326	0.42619	0.03859	0.06176	0.01693	0.00848	0.00651	0.00205	0.00633	0.00690	0.00650	0.01025
34	0.03042	0.00753	0.00969	0.01059	0.01212	0.00747	0.00870	0.01336	0.04033	0.01998	0.10220	0.12845	0.10636	0.06529	0.01012	0.00299	0.00527	0.40709	0.00602	0.00601
35	0.00911	0.00740	0.00817	0.00785	0.00999	0.00680	0.00592	0.01287	0.08266	0.02162	0.28509	0.05489	0.43408	0.01485	0.00767	0.00217	0.00344	0.01261	0.00655	0.00624
36	0.02311	0.18767	0.02289	0.01428	0.01953	0.04055	0.01218	0.51517	0.04596	0.03460	0.01448	0.01477	0.01076	0.00739	0.00604	0.00185	0.00726	0.00539	0.00566	0.01046
37	0.01627	0.01584	0.02596	0.09220	0.65523	0.03822	0.01983	0.02014	0.01497	0.02099	0.01226	0.01625	0.01025	0.00595	0.00650	0.00196	0.00802	0.00581	0.00324	0.01011
38	0.01643	0.01603	0.02619	0.06648	0.67788	0.04022	0.01988	0.02028	0.01505	0.02115	0.01228	0.01619	0.01030	0.00592	0.00650	0.00196	0.00799	0.00581	0.00325	0.01022
39	0.01081	0.00974	0.01487	0.04870	0.06217	0.03004	0.09454	0.01287	0.01306	0.01752	0.02721	0.49161	0.03111	0.01584	0.00940	0.00254	0.08228	0.01421	0.00503	0.00646
40	0.01216	0.00749	0.00955	0.00866	0.01080	0.00688	0.00662	0.01548	0.03652	0.11964	0.53117	0.04536	0.11138	0.01272	0.00748	0.00207	0.00351	0.01106	0.03452	0.00693
41	0.06349	0.14946	0.09275	0.01942	0.09819	0.03629	0.19610	0.06126	0.03364	0.02125	0.01611	0.13353	0.01504	0.00834	0.00653	0.00204	0.00788	0.00772	0.00397	0.02699
42	0.01843	0.01586	0.06240	0.01846	0.02345	0.05816	0.27835	0.07134	0.03833	0.17765	0.02045	0.14975	0.01749	0.00916	0.00732	0.00220	0.00813	0.00893	0.00519	0.00895
43	0.13874	0.13939	0.11104	0.12299	0.08384	0.18463	0.03972	0.07030	0.01578	0.02120	0.01099	0.01343	0.00871	0.00636	0.00568	0.00188	0.00867	0.00472	0.00348	0.00844
44	0.01453	0.01354	0.02232	0.05024	0.38085	0.01367	0.09012	0.02021	0.09967	0.02299	0.15950	0.02575	0.02275	0.00810	0.00700	0.00208	0.00689	0.02605	0.00456	0.00919
45	0.01275	0.00857	0.00932	0.00873	0.01104	0.03017	0.00646	0.01611	0.06220	0.06819	0.04641	0.20680	0.07367	0.03852	0.00723	0.00205	0.00424	0.00977	0.25676	0.12102
46	0.00878	0.00629	0.00843	0.00942	0.01029	0.00594	0.00687	0.01074	0.01458	0.01977	0.21438	0.46610	0.04743	0.01837	0.00835	0.00258	0.00400	0.12559	0.00640	0.00569
47	0.01713	0.06038	0.01773	0.01434	0.01835	0.06277	0.04917	0.04936	0.57442	0.02609	0.02368	0.02234	0.01789	0.00839	0.00656	0.00214	0.00612	0.00699	0.00607	0.01006
48	0.01274	0.01285	0.02526	0.04173	0.05425	0.01213	0.36620	0.01655	0.01443	0.01957	0.02173	0.25490	0.02224	0.01109	0.00786	0.00235	0.00806	0.05388	0.00438	0.03779
49	0.01655	0.01526	0.02592	0.07930	0.66393	0.01537	0.01972	0.02044	0.01503	0.04665	0.01283	0.01658	0.01055	0.00599	0.00652	0.00197	0.00780	0.00589	0.00341	0.01028
50	0.01313	0.17242	0.01587	0.01116	0.03925	0.03589	0.00886	0.01772	0.11379	0.04193	0.12249	0.04154	0.23774	0.01203	0.00688	0.00209	0.00519	0.08910	0.00550	0.00742
51	0.00902	0.00672	0.00839	0.00797	0.00965	0.00609	0.00598	0.01185	0.01794	0.02474	0.59760	0.05190	0.18965	0.01408	0.00777	0.00210	0.00315	0.01229	0.00703	0.00609
52	0.01828	0.01827	0.10173	0.02495	0.11615	0.01577	0.38664	0.08834	0.01725	0.12316	0.01507	0.01766	0.01088	0.00625	0.00719	0.00212	0.00941	0.00690	0.00426	0.00971
53	0.01494	0.12595	0.44519	0.12607	0.02835	0.06967	0.02017	0.04220	0.03197	0.02002	0.01183	0.01418	0.00881	0.00638	0.00604	0.00198	0.00920	0.00489	0.00307	0.00911
54	0.02954	0.01120	0.01528	0.01171	0.01681	0.00968	0.00968	0.03208	0.01884	0.73213	0.02597	0.02241	0.01630	0.00815	0.00662	0.00204	0.00560	0.00662	0.00815	0.01120
55	0.00799	0.00586	0.00751	0.00883	0.00946	0.00538	0.00596	0.00920	0.01293	0.01694	0.04041	0.66927	0.13595	0.02009	0.00832	0.00261	0.00375	0.01806	0.00611	0.00538
56	0.01921	0.54706	0.06256	0.01308	0.01832	0.21069	0.01224	0.02146	0.01477	0.01590	0.00954	0.01105	0.00845	0.00596	0.00476	0.00151	0.00841	0.00377	0.00296	0.00830
57	0.00957	0.01130	0.11582	0.01040	0.01300	0.02574	0.00924	0.01211	0.01411	0.01826	0.06184	0.29250	0.26543	0.01615	0.00820	0.00243	0.02393	0.07821	0.00550	0.00626
58	0.00802	0.00573	0.00764	0.00917	0.00955	0.00535	0.00611	0.00917	0.01260	0.01681	0.03628	0.76434	0.04354	0.02062	0.00840	0.00267	0.00382	0.01872	0.00611	0.00535
59	0.01294	0.01222	0.02066	0.65898	0.13520	0.01476	0.01854	0.01727	0.01340	0.01744	0.01179	0.01739	0.00899	0.00649	0.00657	0.00216	0.00865	0.00585	0.00297	0.00772
60	0.81514	0.01273	0.00968	0.00866	0.01273	0.01477	0.00713	0.01935	0.01120	0.02954	0.00917	0.01069	0.00713	0.00611	0.00407	0.00204	0.00509	0.00356	0.00407	0.00713
61	0.05848	0.01159	0.01517	0.01176	0.01677	0.01045	0.00969	0.05038	0.04839	0.65668	0.02509	0.02187	0.01597	0.00810	0.00653	0.00204	0.00561	0.00652	0.00789	0.01102
62	0.01190	0.00912	0.01070	0.00990	0.01222	0.00941	0.00754	0.01969	0.23612	0.04366	0.42739	0.06459	0.08670	0.01233	0.00742	0.00215	0.00386	0.01071	0.00699	0.00759
63	0.01410	0.01187	0.01488	0.01671	0.12073	0.01295	0.01159	0.02482	0.36119	0.02362	0.02765	0.09371	0.02546	0.01197	0.00748	0.00245	0.00573	0.19830	0.00597	0.00881
64	0.00778	0.00667	0.00667	0.00667	0.00889	0.00556	0.00500	0.00945	0.01501	0.01778	0.06669	0.06336	0.72490	0.01667	0.00778	0.00222	0.00333	0.01389	0.00611	0.00556
65	0.00932	0.00673	0.00880	0.00828	0.00984	0.00621	0.00621	0.01242	0.01863	0.02640	0.72410	0.04918	0.06212	0.01346	0.00776	0.00207	0.00311	0.01191	0.00725	0.00621
66	0.00943	0.00695	0.01008	0.01008	0.01108	0.00796	0.00760	0.01143	0.01043	0.01491	0.01809	0.02841	0.01756	0.15585	0.63759	0.00996	0.01597	0.00743	0.00360	0.00560
67	0.01365	0.01170	0.01365	0.00975	0.01560	0.00878	0.00780	0.01658	0.01365	0.02145	0.01170	0.01365	0.00975	0.00488	0.00488	0.00098	0.00488	0.00390	0.00390	0.80888
68	0.01341	0.00811	0.01130	0.01206	0.01411	0.00789	0.01047	0.01637	0.01570	0.12516	0.03354	0.06658	0.03469	0.01670	0.00873	0.00288	0.00599	0.58310	0.00637	0.00682
69	0.40753	0.01689	0.02056	0.01838	0.09846	0.11250	0.19561	0.02084	0.01378	0.02460	0.01077	0.01336	0.00844	0.00602	0.00558	0.00203	0.00791	0.00503	0.00369	0.00803
70	0.00802	0.00573	0.00764	0.00917	0.00955	0.00535	0.00611	0.00917	0.01260	0.01681	0.03628	0.76434	0.04354	0.02062	0.00840	0.00267	0.00382	0.01872	0.00611	0.00535
71	0.01365	0.01170	0.01365	0.00975	0.01560	0.00878	0.00780	0.01658	0.01365	0.02145	0.01170	0.01365	0.00975	0.00488	0.00488	0.00098	0.00488	0.00390	0.00390	0.80888
72	0.01347	0.01149	0.01345	0.00969	0.01536	0.00867	0.00773	0.01640	0.01386	0.02166	0.04186	0.01516	0.01197	0.00524	0.00500	0.00102	0.00480	0.00424	0.00404	0.77490
73	0.01440	0.01440	0.02016	0.01728	0.01728	0.02016	0.01440	0.01584	0.01008	0.01584	0.00864	0.01440	0.00864	0.01152	0.02160	0.00288	0.75659	0.00576	0.00288	0.00720
74	0.01732	0.72464	0.07996	0.01175	0.01765	0.02535	0.01211	0.01979	0.01341	0.01584	0.00933	0.01078	0.00844	0.00567	0.00436	0.00145	0.00721	0.00361	0.00281	0.00853
75	0.01313	0.01016	0.01198	0.00992	0.01351	0.00935	0.00776	0.06253	0.10243	0.04552	0.28446	0.03163	0.06793	0.01085	0.02901	0.00199	0.00474	0.00816	0.00590	0.26903
76	0.00801	0.00668	0.00698	0.00691	0.00903	0.00565	0.00518	0.00989	0.01554	0.01906	0.16401	0.06126	0.62679	0.01620	0.00778	0.00220	0.00330	0.01360	0.00628	0.00565
77	0.01263	0.01208	0.02095	0.70710	0.04465	0.01475	0.06150	0.01709	0.01331	0.01709	0.01180	0.01756	0.00885	0.00652	0.00666	0.00220	0.00892	0.00597	0.00295	0.00741
78	0.01273	0.01247	0.03908	0.04318	0.03792	0.05566	0.16657	0.01622	0.01495	0.01938	0.02579	0.11550	0.02689	0.01361	0.00868	0.00264	0.03042	0.34638	0.00492	0.00702
79	0.01320	0.03405	0.73453	0.01876	0.02849	0.01529	0.02432	0.02085	0.01390	0.02085	0.01181	0.01390	0.00834	0.00625	0.00625	0.00208	0.00973	0.00486	0.00278	0.00973
80	0.00919	0.00625	0.00743	0.00789	0.00805	0.00615	0.00480	0.00961	0.01059	0.01410	0.02543	0.23791	0.02971	0.54040	0.02588	0.00526	0.00568	0.03659	0.00463	0.00443
81	0.01681	0.16846	0.33857	0.01649	0.02361	0.04124	0.05965	0.09713	0.10875	0.04711	0.01424	0.01534	0.01060	0.00671	0.00606	0.00196	0.00836	0.00528	0.00395	0.00967
82	0.02459	0.03138	0.01866	0.01696	0.02035	0.74221	0.01272	0.02629	0.01866	0.01611	0.01018	0.01187	0.00848	0.00678	0.00594	0.00170	0.01187	0.00424	0.00339	0.00763
83	0.01591	0.01532	0.01430	0.01368	0.04145	0.14077	0.01015	0.02691	0.38791	0.02414	0.12990	0.03034	0.07826	0.01002	0.00688	0.00213	0.00604	0.03107	0.00601	0.00879
84	0.01320	0.03405	0.73453	0.01876	0.02849	0.01529	0.02432	0.02085	0.01390	0.02085	0.01181	0.01390	0.00834	0.00625	0.00625	0.00208	0.00973	0.00486	0.00278	0.00973
85	0.01800	0.73038	0.03359	0.01159	0.01709	0.06684	0.01135	0.02009	0.01368	0.01552	0.00921	0.01064	0.00845	0.00570	0.00432	0.00142	0.00732	0.00356	0.00285	0.00840
86	0.00802	0.00573	0.00764	0.00917	0.00955	0.00535	0.00611	0.00917	0.01260	0.01681	0.03628	0.76434	0.04354	0.02062	0.00840	0.00267	0.00382	0.01872	0.00611	0.00535
87	0.02089	0.01855	0.09002	0.01492	0.02011	0.01852	0.01299	0.40850	0.26225	0.03467	0.01914	0.01859	0.01394	0.00809	0.00659	0.00207	0.00680	0.00634	0.00624	0.01078
88	0.81514	0.01273	0.00968	0.00866	0.01273	0.01477	0.00713	0.01935	0.01120	0.02954	0.00917	0.01069	0.00713	0.00611	0.00407	0.00204	0.00509	0.00356	0.00407	0.00713
89	0.01620	0.01394	0.01476	0.01336	0.01701	0.01611	0.01043	0.03433	0.69436	0.02730	0.02704	0.02607	0.02064	0.00921	0.00677	0.00226	0.00524	0.02801	0.00668	0.01029
90	0.01542	0.01741	0.03692	0.02667	0.03264	0.01701	0.63243	0.02055	0.01497	0.02055	0.01284	0.01741	0.00985	0.00617	0.00920	0.00229	0.08814	0.00756	0.00328	0.00871
91	0.02954	0.01120	0.01528	0.01171	0.01681	0.00968	0.00968	0.03208	0.01884	0.73213	0.02597	0.02241	0.01630	0.00815	0.00662	0.00204	0.00560	0.00662	0.00815	0.01120
92	0.02588	0.01706	0.01890	0.01449	0.01973	0.01837	0.01197	0.57741	0.02865	0.17296	0.01774	0.01706	0.01217	0.00795	0.00659	0.00199	0.00693	0.00606	0.00688	0.01120
93	0.01252	0.01204	0.01417	0.08480	0.15714	0.11732	0.01101	0.01460	0.01403	0.01764	0.02541	0.43573	0.02858	0.01435	0.00750	0.00234	0.00626	0.01284	0.00485	0.00688
94	0.01348	0.07962	0.69134	0.01830	0.02778	0.01595	0.02352	0.02078	0.01387	0.02052	0.01165	0.01369	0.00835	0.00622	0.00613	0.00204	0.00956	0.00478	0.00278	0.00965
95	0.00926	0.00673	0.00872	0.00822	0.00980	0.00619	0.00617	0.01232	0.01851	0.02609	0.70060	0.04968	0.08581	0.01357	0.00777	0.00208	0.00311	0.01198	0.00721	0.00619

[dist]
# distance from previous block
# <min> <max>
0	1

[block]
# block no. 2 follows, 33 sequences, length 18
# corresponding to MSA columns:
# 278-283,289-300
name=unknown_C
#
# <colnr> <probs for GDERKNQSTAVLIFYWHMCP>
#	G	D	E	R	K	N	Q	S	T	A	V	L	I	F	Y	W	H	M	C	P
0	0.00806	0.00664	0.00713	0.00743	0.00938	0.00571	0.00562	0.00979	0.01475	0.01784	0.06049	0.14239	0.58828	0.01725	0.00797	0.00234	0.00363	0.07361	0.00611	0.00558
1	0.01533	0.39159	0.39563	0.01513	0.02288	0.02050	0.01800	0.02030	0.01365	0.01825	0.01053	0.01228	0.00839	0.00595	0.00527	0.00176	0.00843	0.00421	0.00280	0.00911
2	0.01223	0.01097	0.03469	0.00946	0.01422	0.00817	0.00769	0.01507	0.01425	0.02127	0.10325	0.04786	0.09059	0.02757	0.00642	0.00146	0.00467	0.00653	0.00456	0.55906
3	0.02196	0.01733	0.04376	0.01615	0.02123	0.06309	0.12328	0.33108	0.06556	0.13467	0.05773	0.01946	0.01509	0.00781	0.00675	0.00202	0.00752	0.00662	0.02881	0.01007
4	0.01290	0.01138	0.01821	0.16906	0.24933	0.01194	0.03810	0.03841	0.03281	0.02015	0.04313	0.20972	0.02311	0.01136	0.00736	0.00232	0.00671	0.08156	0.00452	0.00792
5	0.02685	0.01107	0.01471	0.01162	0.01629	0.00994	0.00947	0.03071	0.07646	0.61905	0.05742	0.04787	0.01953	0.00885	0.00674	0.00208	0.00540	0.00732	0.00792	0.01073
6	0.01573	0.01590	0.04882	0.04810	0.02862	0.01494	0.47089	0.05415	0.04977	0.04104	0.01555	0.01903	0.01165	0.00627	0.00707	0.00210	0.00915	0.00724	0.12530	0.00868
7	0.00814	0.00588	0.00759	0.00882	0.00938	0.00546	0.00591	0.00936	0.01290	0.01709	0.06843	0.63708	0.09820	0.06046	0.00968	0.00281	0.00389	0.01753	0.00605	0.00533
8	0.01144	0.00572	0.00858	0.00858	0.00858	0.00572	0.00572	0.00858	0.00858	0.01144	0.01144	0.02001	0.01144	0.02287	0.02573	0.80846	0.00572	0.00572	0.00286	0.00286
9	0.01206	0.00723	0.00839	0.00794	0.00865	0.00715	0.00488	0.01310	0.03932	0.09316	0.02157	0.04003	0.02293	0.65338	0.02943	0.00573	0.00625	0.00916	0.00456	0.00505
10	0.02349	0.01324	0.01513	0.01194	0.01628	0.01363	0.00975	0.32778	0.02305	0.25950	0.02040	0.01997	0.01416	0.00793	0.00613	0.00189	0.00574	0.00620	0.19378	0.01002
11	0.81514	0.01273	0.00968	0.00866	0.01273	0.01477	0.00713	0.01935	0.01120	0.02954	0.00917	0.01069	0.00713	0.00611	0.00407	0.00204	0.00509	0.00356	0.00407	0.00713
12	0.01579	0.01517	0.02565	0.11249	0.61891	0.01578	0.01969	0.01962	0.01454	0.02072	0.01211	0.01632	0.01016	0.00625	0.00734	0.00203	0.04844	0.00586	0.00320	0.00993
13	0.01334	0.02376	0.38058	0.02234	0.13274	0.01409	0.15355	0.01902	0.01419	0.02038	0.01592	0.12943	0.01434	0.00825	0.00692	0.00218	0.00881	0.00770	0.00347	0.00900
14	0.00938	0.00682	0.00884	0.00995	0.01111	0.00655	0.00782	0.01136	0.01384	0.01787	0.03862	0.24989	0.14479	0.10183	0.01142	0.00318	0.00509	0.33021	0.00585	0.00557
15	0.00996	0.00831	0.00966	0.01010	0.01138	0.04263	0.00735	0.01206	0.03516	0.01746	0.03316	0.45140	0.10271	0.02033	0.07676	0.00322	0.03913	0.04664	0.00547	0.05710
16	0.01620	0.01583	0.01806	0.29651	0.02867	0.14515	0.03663	0.09471	0.03639	0.02121	0.04529	0.02036	0.01346	0.00745	0.00641	0.00192	0.00810	0.04228	0.00406	0.14134
17	0.53386	0.24396	0.01748	0.00968	0.01421	0.01828	0.00855	0.02022	0.04596	0.02517	0.01002	0.01132	0.00816	0.00610	0.00425	0.00186	0.00569	0.00374	0.00382	0.00769

[dist]
# distance from previous block
# <min> <max>
0	1

[block]
# block no. 3 follows, 33 sequences, length 51
# corresponding to MSA columns:
# 303-353
name=unknown_D
#
# <colnr> <probs for GDERKNQSTAVLIFYWHMCP>
#	G	D	E	R	K	N	Q	S	T	A	V	L	I	F	Y	W	H	M	C	P
0	0.01770	0.01742	0.02333	0.05449	0.50861	0.13583	0.01744	0.02155	0.03394	0.04071	0.01329	0.01647	0.01085	0.00629	0.00632	0.00190	0.00812	0.00567	0.05044	0.00964
1	0.01390	0.01329	0.04119	0.04744	0.39045	0.01270	0.05856	0.01781	0.03787	0.02031	0.01867	0.13395	0.01834	0.04915	0.00839	0.00237	0.00704	0.05604	0.02132	0.03121
2	0.00822	0.00599	0.00777	0.00904	0.00973	0.00554	0.00627	0.00963	0.01331	0.01758	0.07545	0.61513	0.11364	0.01970	0.00835	0.00262	0.00386	0.05655	0.00617	0.00546
3	0.12012	0.01456	0.01903	0.12229	0.24016	0.04213	0.01420	0.15384	0.01725	0.05896	0.01385	0.01676	0.01082	0.00922	0.04736	0.00248	0.02887	0.00564	0.05343	0.00906
4	0.01688	0.55910	0.16680	0.03846	0.04418	0.02280	0.01425	0.02020	0.01368	0.03694	0.01033	0.01196	0.00873	0.00586	0.00484	0.00160	0.00760	0.00402	0.00298	0.00880
5	0.00986	0.00750	0.00999	0.00968	0.01040	0.00848	0.00703	0.01129	0.01090	0.01525	0.06242	0.03436	0.06167	0.29666	0.33412	0.00735	0.08518	0.00850	0.00399	0.00534
6	0.00922	0.00646	0.00820	0.00850	0.00980	0.00587	0.00609	0.01128	0.01561	0.04463	0.31686	0.34108	0.15847	0.01670	0.00799	0.00234	0.00352	0.01481	0.00664	0.00592
7	0.81514	0.01273	0.00968	0.00866	0.01273	0.01477	0.00713	0.01935	0.01120	0.02954	0.00917	0.01069	0.00713	0.00611	0.00407	0.00204	0.00509	0.00356	0.00407	0.00713
8	0.04072	0.01661	0.02031	0.14458	0.25355	0.12721	0.01523	0.08659	0.04039	0.07889	0.01542	0.01882	0.02756	0.00734	0.00694	0.00201	0.03321	0.02353	0.00422	0.03688
9	0.02231	0.02781	0.01725	0.01573	0.01876	0.63012	0.01176	0.02391	0.01767	0.01605	0.01469	0.01723	0.06003	0.04766	0.00798	0.00201	0.03290	0.00525	0.00360	0.00728
10	0.01507	0.24424	0.49631	0.01653	0.02475	0.05781	0.01997	0.02082	0.01401	0.01906	0.01097	0.01284	0.00838	0.00611	0.00566	0.00187	0.00908	0.00445	0.00282	0.00925
11	0.01673	0.01647	0.02630	0.03918	0.69040	0.05383	0.01981	0.02052	0.01518	0.02122	0.01227	0.01606	0.01033	0.00591	0.00649	0.00194	0.00803	0.00578	0.00327	0.01028
12	0.01644	0.01320	0.01387	0.01236	0.01585	0.01504	0.00965	0.08857	0.54285	0.02823	0.02499	0.02382	0.01881	0.00864	0.00635	0.00210	0.00503	0.00710	0.13733	0.00978
13	0.01603	0.01538	0.02625	0.08832	0.68169	0.01557	0.02007	0.01998	0.01487	0.02119	0.01234	0.01638	0.01032	0.00591	0.00652	0.00197	0.00789	0.00586	0.00324	0.01022
14	0.00964	0.00687	0.00835	0.00794	0.00982	0.00612	0.00596	0.01219	0.01727	0.05341	0.45857	0.07651	0.27404	0.01451	0.00774	0.00214	0.00331	0.01255	0.00688	0.00618
15	0.00956	0.00787	0.00855	0.00818	0.01045	0.00745	0.00619	0.01431	0.12714	0.02169	0.24002	0.05333	0.43198	0.01457	0.00760	0.00218	0.00357	0.01233	0.00652	0.00651
16	0.00979	0.00688	0.00893	0.00848	0.01015	0.00633	0.00646	0.01280	0.01825	0.04284	0.63372	0.05064	0.09709	0.01376	0.00781	0.00213	0.00334	0.04717	0.00714	0.00629
17	0.01629	0.01564	0.02672	0.04041	0.72757	0.01564	0.02020	0.02020	0.01499	0.02151	0.01238	0.01629	0.01043	0.00587	0.00652	0.00196	0.00782	0.00587	0.00326	0.01043
18	0.00799	0.00584	0.00753	0.00888	0.00947	0.00537	0.00599	0.00920	0.01288	0.01692	0.03973	0.68495	0.12071	0.02018	0.00833	0.00262	0.00376	0.01817	0.00611	0.00537
19	0.01991	0.01846	0.02320	0.01808	0.02283	0.15890	0.22796	0.15075	0.11034	0.07829	0.01667	0.01814	0.01239	0.00707	0.00665	0.00199	0.00856	0.00644	0.08419	0.00916
20	0.01809	0.01784	0.04677	0.03238	0.46423	0.07685	0.08979	0.09131	0.03580	0.04339	0.01340	0.01635	0.01066	0.00628	0.00661	0.00198	0.00837	0.00597	0.00383	0.01011
21	0.01395	0.01103	0.01645	0.30405	0.02692	0.01227	0.04835	0.07692	0.01581	0.08179	0.08078	0.09987	0.11913	0.01043	0.00797	0.00224	0.05077	0.00891	0.00483	0.00754
22	0.64492	0.01484	0.01162	0.01010	0.01427	0.07728	0.00822	0.08834	0.01403	0.05143	0.01043	0.01167	0.00793	0.00641	0.00456	0.00200	0.00590	0.00395	0.00439	0.00770
23	0.05684	0.02396	0.34039	0.03945	0.02629	0.01614	0.14800	0.13628	0.03547	0.04276	0.01357	0.01574	0.00987	0.00675	0.00701	0.00211	0.03537	0.00574	0.02879	0.00947
24	0.81514	0.01273	0.00968	0.00866	0.01273	0.01477	0.00713	0.01935	0.01120	0.02954	0.00917	0.01069	0.00713	0.00611	0.00407	0.00204	0.00509	0.00356	0.00407	0.00713
25	0.02072	0.01156	0.01551	0.08270	0.05312	0.01003	0.01031	0.02367	0.01604	0.34046	0.01876	0.01969	0.01338	0.00691	0.00601	0.00167	0.00575	0.02338	0.00574	0.31460
26	0.01365	0.01170	0.01365	0.00975	0.01560	0.00878	0.00780	0.01658	0.01365	0.02145	0.01170	0.01365	0.00975	0.00488	0.00488	0.00098	0.00488	0.00390	0.00390	0.80888
27	0.38912	0.01375	0.01433	0.01147	0.01621	0.01463	0.02863	0.17862	0.01782	0.20800	0.01509	0.01509	0.01052	0.00697	0.00541	0.00199	0.00587	0.00500	0.00564	0.03582
28	0.01243	0.01170	0.01975	0.75282	0.04534	0.01463	0.01828	0.01682	0.01316	0.01682	0.01170	0.01755	0.00878	0.00658	0.00658	0.00219	0.00878	0.00585	0.00293	0.00731
29	0.01320	0.03405	0.73453	0.01876	0.02849	0.01529	0.02432	0.02085	0.01390	0.02085	0.01181	0.01390	0.00834	0.00625	0.00625	0.00208	0.00973	0.00486	0.00278	0.00973
30	0.01533	0.01188	0.01475	0.01062	0.01642	0.00916	0.03380	0.01832	0.01425	0.09348	0.01321	0.01469	0.01042	0.00523	0.00516	0.00113	0.00518	0.00432	0.00431	0.69834
31	0.00883	0.00656	0.00823	0.00813	0.00962	0.00596	0.00598	0.01137	0.01702	0.02331	0.49546	0.16560	0.17927	0.01518	0.00787	0.00219	0.00326	0.01335	0.00686	0.00596
32	0.00943	0.00693	0.00878	0.00960	0.01093	0.00660	0.00760	0.01154	0.01433	0.01851	0.09275	0.14631	0.19236	0.11927	0.01192	0.00319	0.00501	0.31346	0.00589	0.00560
33	0.02197	0.01792	0.01797	0.01467	0.01926	0.07361	0.01180	0.42028	0.26888	0.03470	0.01921	0.01856	0.01409	0.00818	0.00658	0.00204	0.00688	0.00633	0.00638	0.01066
34	0.01378	0.12996	0.64362	0.01779	0.02699	0.01669	0.02263	0.02070	0.01383	0.02015	0.01147	0.01347	0.00835	0.00617	0.00599	0.00200	0.00938	0.00469	0.00278	0.00956
35	0.01600	0.35335	0.32489	0.01552	0.02292	0.01962	0.06554	0.02071	0.01399	0.04891	0.01136	0.01307	0.00889	0.00597	0.00545	0.00176	0.00831	0.00453	0.00310	0.03612
36	0.01450	0.09281	0.34901	0.01698	0.02377	0.01420	0.13115	0.01973	0.01474	0.08083	0.04511	0.07182	0.05683	0.00850	0.00673	0.00212	0.00821	0.03013	0.00403	0.00880
37	0.01300	0.01251	0.02182	0.63560	0.10303	0.01487	0.07147	0.01744	0.01350	0.01755	0.01188	0.01746	0.00901	0.00644	0.00667	0.00218	0.00887	0.00600	0.00299	0.00770
38	0.01578	0.01521	0.02624	0.13074	0.61729	0.01555	0.04300	0.01980	0.01478	0.02090	0.01233	0.01650	0.01020	0.00595	0.00657	0.00199	0.00805	0.00593	0.00322	0.00998
39	0.01600	0.01776	0.11175	0.09226	0.06658	0.01507	0.43090	0.02111	0.01528	0.08785	0.01521	0.05210	0.01186	0.00668	0.00734	0.00219	0.00971	0.00756	0.00381	0.00896
40	0.00954	0.00667	0.00909	0.01044	0.01133	0.00652	0.00813	0.01135	0.01346	0.01770	0.03343	0.34581	0.03803	0.07250	0.01126	0.03750	0.00517	0.34078	0.00580	0.00549
41	0.01061	0.00758	0.01061	0.01212	0.01364	0.00758	0.01061	0.01364	0.01515	0.01970	0.03486	0.07426	0.03789	0.01819	0.00909	0.00303	0.00606	0.68326	0.00606	0.00606
42	0.01335	0.00724	0.00979	0.01013	0.01175	0.00663	0.00750	0.01506	0.01438	0.18368	0.03371	0.50518	0.03649	0.01742	0.00807	0.00257	0.00452	0.09915	0.00658	0.00680
43	0.01519	0.13083	0.07171	0.04242	0.02018	0.01934	0.07481	0.01764	0.01184	0.04322	0.01102	0.03953	0.01016	0.00975	0.01519	0.00248	0.44766	0.00600	0.00321	0.00780
44	0.02936	0.01192	0.01540	0.01190	0.01693	0.03566	0.00978	0.03188	0.01884	0.70673	0.02541	0.02203	0.01602	0.00810	0.00660	0.00202	0.00582	0.00654	0.00798	0.01108
45	0.06680	0.00790	0.01095	0.01068	0.01192	0.00938	0.00831	0.01243	0.01053	0.01618	0.01662	0.02507	0.01573	0.08746	0.59912	0.00921	0.06535	0.00687	0.00355	0.00594
46	0.01304	0.01223	0.02025	0.60427	0.13510	0.01435	0.01780	0.01726	0.01344	0.01778	0.01179	0.01711	0.00907	0.00636	0.00645	0.00208	0.00837	0.00571	0.00304	0.06449
47	0.01360	0.01278	0.02100	0.53675	0.20012	0.01498	0.01817	0.01888	0.06333	0.01866	0.01293	0.01776	0.00996	0.00658	0.00658	0.00214	0.00830	0.00597	0.00327	0.00825
48	0.01640	0.01823	0.07717	0.02610	0.03282	0.01608	0.61547	0.02185	0.01568	0.07142	0.01413	0.01787	0.01034	0.00577	0.00760	0.00220	0.01063	0.00752	0.00364	0.00909
49	0.01444	0.03187	0.65947	0.01858	0.02787	0.01494	0.04685	0.02165	0.01431	0.07122	0.01287	0.01464	0.00896	0.00636	0.00633	0.00209	0.00948	0.00509	0.00318	0.00980
50	0.01331	0.02867	0.53584	0.01981	0.02836	0.01489	0.16665	0.02009	0.01432	0.02068	0.01602	0.01822	0.05943	0.00684	0.00668	0.00212	0.00957	0.00612	0.00313	0.00925

[dist]
# distance from previous block
# <min> <max>
0	95

# created by:
# /home/cegg/simao/soft/augustus-3.2.1/scripts/msa2prfl.pl ./align_prep/EOG090W09R9.fa
