[name]
unknown

[dist]
# distance from previous block
# <min> <max>
0	82

[block]
# block no. 0 follows, 32 sequences, length 60
# corresponding to MSA columns:
# 92-151
name=unknown_A
#
# <colnr> <probs for GDERKNQSTAVLIFYWHMCP>
#	G	D	E	R	K	N	Q	S	T	A	V	L	I	F	Y	W	H	M	C	P
0	0.01467	0.31288	0.26730	0.01420	0.02051	0.01781	0.01571	0.01900	0.01421	0.01891	0.01593	0.02580	0.01497	0.00861	0.00610	0.00200	0.00778	0.14608	0.00362	0.05390
1	0.01958	0.02198	0.20830	0.01584	0.02185	0.04554	0.01523	0.26366	0.24171	0.04905	0.01863	0.01845	0.01354	0.00790	0.00663	0.00212	0.00754	0.00619	0.00563	0.01062
2	0.00959	0.00719	0.01078	0.01078	0.01198	0.00839	0.00839	0.01198	0.01078	0.01558	0.01797	0.02636	0.01677	0.05032	0.73760	0.01078	0.01797	0.00719	0.00359	0.00599
3	0.01346	0.03471	0.72942	0.01912	0.02904	0.01558	0.02479	0.02125	0.01417	0.02125	0.01204	0.01417	0.00850	0.00637	0.00637	0.00212	0.00992	0.00496	0.00283	0.00992
4	0.02551	0.01879	0.02014	0.01544	0.02081	0.02081	0.01275	0.69996	0.03155	0.04229	0.01611	0.01611	0.01141	0.00805	0.00671	0.00201	0.00738	0.00604	0.00671	0.01141
5	0.00944	0.00686	0.00889	0.00838	0.00999	0.00631	0.00628	0.01254	0.01885	0.02657	0.69361	0.05068	0.08871	0.01384	0.00791	0.00212	0.00317	0.01221	0.00734	0.00631
6	0.00827	0.00599	0.00782	0.00910	0.00971	0.00554	0.00616	0.00964	0.01353	0.01802	0.09633	0.65339	0.09145	0.02014	0.00847	0.00264	0.00380	0.01816	0.00633	0.00554
7	0.00815	0.00595	0.00767	0.00905	0.00966	0.00547	0.00610	0.00938	0.01312	0.01724	0.04050	0.68084	0.12108	0.02056	0.00849	0.00267	0.00384	0.01852	0.00623	0.00547
8	0.00944	0.00686	0.00889	0.00838	0.00999	0.00631	0.00629	0.01255	0.01886	0.02658	0.69447	0.05066	0.08783	0.01384	0.00791	0.00212	0.00317	0.01221	0.00734	0.00631
9	0.01661	0.01594	0.02724	0.04119	0.72233	0.01594	0.02059	0.02059	0.01528	0.02192	0.01262	0.01661	0.01063	0.00598	0.00664	0.00199	0.00797	0.00598	0.00332	0.01063
10	0.02052	0.01966	0.02058	0.01600	0.02110	0.18232	0.09830	0.24118	0.02093	0.02699	0.01303	0.01476	0.01011	0.00673	0.00673	0.00172	0.03324	0.00529	0.00463	0.23619
11	0.01346	0.03471	0.72942	0.01912	0.02904	0.01558	0.02479	0.02125	0.01417	0.02125	0.01204	0.01417	0.00850	0.00637	0.00637	0.00212	0.00992	0.00496	0.00283	0.00992
12	0.00944	0.00686	0.00889	0.00838	0.00999	0.00631	0.00629	0.01255	0.01886	0.02658	0.69458	0.05066	0.08773	0.01384	0.00791	0.00212	0.00317	0.01221	0.00734	0.00631
13	0.00975	0.00655	0.00753	0.00753	0.00760	0.00662	0.00432	0.00989	0.00982	0.01316	0.02095	0.04286	0.02394	0.72157	0.07615	0.00676	0.00719	0.00960	0.00404	0.00418
14	0.00964	0.00730	0.00894	0.00845	0.01029	0.00683	0.00636	0.01348	0.05958	0.02536	0.55791	0.05128	0.18136	0.01404	0.00785	0.00215	0.00334	0.01224	0.00714	0.00646
15	0.00969	0.00676	0.00860	0.00860	0.00904	0.00720	0.00567	0.01058	0.01014	0.01396	0.01997	0.03741	0.02157	0.49995	0.29453	0.00809	0.01075	0.00881	0.00389	0.00478
16	0.01805	0.01820	0.02588	0.03708	0.60372	0.11314	0.01930	0.04489	0.01634	0.02188	0.01244	0.01598	0.01039	0.00618	0.00657	0.00196	0.00851	0.00576	0.00346	0.01027
17	0.00805	0.00680	0.00696	0.00692	0.00914	0.00572	0.00519	0.00986	0.01558	0.01880	0.11798	0.06346	0.66918	0.01674	0.00793	0.00225	0.00338	0.01401	0.00632	0.00572
18	0.01391	0.01193	0.01391	0.00994	0.01590	0.00894	0.00795	0.01690	0.01391	0.02186	0.01193	0.01391	0.00994	0.00497	0.00497	0.00099	0.00497	0.00398	0.00398	0.80521
19	0.01391	0.01193	0.01391	0.00994	0.01590	0.00894	0.00795	0.01690	0.01391	0.02186	0.01193	0.01391	0.00994	0.00497	0.00497	0.00099	0.00497	0.00398	0.00398	0.80521
20	0.01235	0.01166	0.01988	0.62289	0.04147	0.01399	0.05776	0.01655	0.01360	0.01744	0.01604	0.07268	0.03984	0.00808	0.00696	0.00227	0.00850	0.00734	0.00337	0.00733
21	0.02147	0.01551	0.01971	0.01560	0.02053	0.01643	0.09809	0.22096	0.28476	0.15954	0.02184	0.02093	0.01562	0.00811	0.00687	0.00213	0.00672	0.00694	0.00656	0.03167
22	0.02058	0.01664	0.01724	0.01442	0.01878	0.04177	0.01149	0.32901	0.36252	0.03361	0.02212	0.04603	0.01690	0.00898	0.00681	0.00216	0.00640	0.00719	0.00665	0.01070
23	0.02511	0.03051	0.01914	0.01708	0.02075	0.65756	0.01294	0.10167	0.02041	0.01930	0.01101	0.01255	0.00895	0.00704	0.00612	0.00176	0.01158	0.00451	0.00382	0.00818
24	0.01267	0.01193	0.02013	0.74806	0.04621	0.01491	0.01863	0.01714	0.01342	0.01714	0.01193	0.01789	0.00894	0.00671	0.00671	0.00224	0.00894	0.00596	0.00298	0.00745
25	0.72018	0.01321	0.01079	0.00939	0.01367	0.01507	0.00773	0.05923	0.01303	0.07240	0.01075	0.01191	0.00806	0.00646	0.00445	0.00207	0.00535	0.00396	0.00455	0.00775
26	0.01092	0.00926	0.01436	0.01312	0.01443	0.01121	0.05075	0.01334	0.01099	0.01604	0.01597	0.02365	0.01487	0.04034	0.55840	0.00879	0.15669	0.00698	0.00346	0.00643
27	0.01295	0.01221	0.02063	0.69764	0.09444	0.01498	0.01877	0.01739	0.01355	0.01748	0.01198	0.01780	0.00906	0.00666	0.00670	0.00222	0.00888	0.00596	0.00301	0.00768
28	0.03010	0.01142	0.01557	0.01194	0.01713	0.00986	0.00986	0.03270	0.01920	0.72698	0.02647	0.02284	0.01661	0.00830	0.00675	0.00208	0.00571	0.00675	0.00830	0.01142
29	0.05423	0.01160	0.01537	0.01191	0.01701	0.01032	0.00981	0.03242	0.04847	0.67511	0.02597	0.02255	0.01648	0.00827	0.00667	0.00208	0.00568	0.00669	0.00811	0.01125
30	0.01775	0.73690	0.06481	0.01181	0.01773	0.02608	0.01205	0.02014	0.01366	0.01602	0.00944	0.01091	0.00861	0.00577	0.00439	0.00146	0.00729	0.00365	0.00287	0.00867
31	0.01166	0.00583	0.00874	0.00874	0.00874	0.00583	0.00583	0.00874	0.00874	0.01166	0.01166	0.02040	0.01166	0.02331	0.02622	0.80478	0.00583	0.00583	0.00291	0.00291
32	0.02478	0.03138	0.01888	0.01716	0.02063	0.71287	0.01289	0.02709	0.04241	0.01682	0.01094	0.01254	0.00904	0.00699	0.00608	0.00175	0.01187	0.00443	0.00357	0.00787
33	0.00818	0.00584	0.00779	0.00934	0.00973	0.00545	0.00623	0.00934	0.01285	0.01713	0.03698	0.75981	0.04438	0.02102	0.00856	0.00273	0.00389	0.01908	0.00623	0.00545
34	0.13021	0.04794	0.04234	0.02037	0.08177	0.04183	0.25887	0.02248	0.01531	0.15991	0.01614	0.05929	0.01277	0.00759	0.00767	0.00219	0.05269	0.00705	0.00456	0.00904
35	0.01533	0.15459	0.56622	0.01737	0.02628	0.01701	0.02158	0.02183	0.01442	0.06804	0.01257	0.01419	0.00907	0.00640	0.00606	0.00201	0.00918	0.00485	0.00321	0.00980
36	0.01391	0.01193	0.01391	0.00994	0.01590	0.00894	0.00795	0.01690	0.01391	0.02186	0.01193	0.01391	0.00994	0.00497	0.00497	0.00099	0.00497	0.00398	0.00398	0.80521
37	0.01903	0.05491	0.02401	0.01768	0.02282	0.01675	0.21580	0.15510	0.22833	0.09819	0.02238	0.02255	0.05448	0.00807	0.00705	0.00216	0.00752	0.00747	0.00569	0.01000
38	0.01166	0.00583	0.00874	0.00874	0.00874	0.00583	0.00583	0.00874	0.00874	0.01166	0.01166	0.02040	0.01166	0.02331	0.02622	0.80478	0.00583	0.00583	0.00291	0.00291
39	0.01669	0.01441	0.01517	0.01365	0.01745	0.01669	0.01062	0.03565	0.71021	0.02807	0.02731	0.02503	0.02048	0.00910	0.00683	0.00228	0.00531	0.00759	0.00683	0.01062
40	0.81159	0.01298	0.00986	0.00882	0.01298	0.01505	0.00727	0.01972	0.01142	0.03010	0.00934	0.01090	0.00727	0.00623	0.00415	0.00208	0.00519	0.00363	0.00415	0.00727
41	0.01267	0.01193	0.02013	0.74806	0.04621	0.01491	0.01863	0.01714	0.01342	0.01714	0.01193	0.01789	0.00894	0.00671	0.00671	0.00224	0.00894	0.00596	0.00298	0.00745
42	0.01036	0.00740	0.01027	0.01169	0.01308	0.00732	0.00989	0.01318	0.01529	0.02007	0.07652	0.17171	0.04091	0.01860	0.00909	0.00298	0.00567	0.54363	0.00626	0.00608
43	0.01267	0.01193	0.02013	0.74806	0.04621	0.01491	0.01863	0.01714	0.01342	0.01714	0.01193	0.01789	0.00894	0.00671	0.00671	0.00224	0.00894	0.00596	0.00298	0.00745
44	0.00833	0.00595	0.00796	0.00951	0.00997	0.00558	0.00649	0.00960	0.01299	0.01730	0.03690	0.72086	0.04405	0.02088	0.00860	0.00275	0.00402	0.05654	0.00623	0.00549
45	0.01030	0.00729	0.00922	0.00860	0.01045	0.00678	0.00649	0.01392	0.04540	0.04908	0.60695	0.04964	0.12301	0.01368	0.00784	0.00213	0.00335	0.01198	0.00728	0.00660
46	0.02726	0.01465	0.01733	0.01334	0.01847	0.01482	0.01100	0.34298	0.02475	0.37995	0.02146	0.01979	0.01421	0.00817	0.00665	0.00203	0.00639	0.00640	0.03914	0.01121
47	0.01642	0.01648	0.03029	0.03800	0.55246	0.01620	0.18802	0.02082	0.01542	0.02182	0.01286	0.01698	0.01052	0.00590	0.00696	0.00206	0.00880	0.00646	0.00334	0.01024
48	0.72338	0.09691	0.01267	0.00912	0.01345	0.01633	0.00774	0.01976	0.01167	0.02851	0.00934	0.01088	0.00742	0.00617	0.00417	0.00200	0.00541	0.00363	0.00401	0.00742
49	0.01784	0.22374	0.04853	0.06302	0.21345	0.14707	0.01474	0.02318	0.11709	0.01973	0.01548	0.01723	0.03749	0.00700	0.00597	0.00186	0.00805	0.00554	0.00381	0.00918
50	0.01986	0.14404	0.20676	0.01538	0.02173	0.01705	0.05555	0.14227	0.09517	0.16172	0.04328	0.01840	0.01407	0.00747	0.00636	0.00201	0.00753	0.00600	0.00522	0.01014
51	0.01025	0.00636	0.00731	0.00756	0.00893	0.00601	0.00548	0.01275	0.01505	0.02276	0.19089	0.21108	0.11612	0.01340	0.00673	0.00205	0.00335	0.01159	0.33633	0.00601
52	0.01623	0.01104	0.01194	0.01062	0.01350	0.05566	0.00826	0.02155	0.14464	0.16930	0.09974	0.03536	0.17849	0.03981	0.06000	0.00289	0.03385	0.00899	0.07008	0.00806
53	0.00842	0.00648	0.00776	0.00857	0.00991	0.00582	0.00625	0.01012	0.01445	0.01839	0.08820	0.36758	0.31832	0.01872	0.00834	0.00254	0.00389	0.08429	0.00629	0.00566
54	0.01661	0.01594	0.02724	0.04119	0.72233	0.01594	0.02059	0.02059	0.01528	0.02192	0.01262	0.01661	0.01063	0.00598	0.00664	0.00199	0.00797	0.00598	0.00332	0.01063
55	0.00818	0.00584	0.00779	0.00934	0.00973	0.00545	0.00623	0.00934	0.01285	0.01713	0.03698	0.75981	0.04438	0.02102	0.00856	0.00273	0.00389	0.01908	0.00623	0.00545
56	0.01346	0.03471	0.72942	0.01912	0.02904	0.01558	0.02479	0.02125	0.01417	0.02125	0.01204	0.01417	0.00850	0.00637	0.00637	0.00212	0.00992	0.00496	0.00283	0.00992
57	0.01794	0.76823	0.03516	0.01148	0.01722	0.02655	0.01148	0.02009	0.01363	0.01579	0.00933	0.01076	0.00861	0.00574	0.00431	0.00144	0.00718	0.00359	0.00287	0.00861
58	0.01634	0.01567	0.02676	0.08891	0.67669	0.01587	0.02046	0.02036	0.01515	0.02160	0.01257	0.01669	0.01051	0.00603	0.00665	0.00201	0.00804	0.00598	0.00330	0.01041
59	0.01798	0.01719	0.01426	0.01292	0.01622	0.22461	0.00993	0.02581	0.25364	0.08007	0.09426	0.03120	0.13688	0.01037	0.00694	0.00210	0.00684	0.02438	0.00590	0.00852

[dist]
# distance from previous block
# <min> <max>
0	1

[block]
# block no. 1 follows, 32 sequences, length 75
# corresponding to MSA columns:
# 153-187,189-228
name=unknown_B
#
# <colnr> <probs for GDERKNQSTAVLIFYWHMCP>
#	G	D	E	R	K	N	Q	S	T	A	V	L	I	F	Y	W	H	M	C	P
0	0.81159	0.01298	0.00986	0.00882	0.01298	0.01505	0.00727	0.01972	0.01142	0.03010	0.00934	0.01090	0.00727	0.00623	0.00415	0.00208	0.00519	0.00363	0.00415	0.00727
1	0.03908	0.02853	0.52441	0.01792	0.02647	0.01478	0.05767	0.02372	0.04727	0.13464	0.01506	0.01618	0.01041	0.00677	0.00648	0.00213	0.00897	0.00549	0.00396	0.01007
2	0.00818	0.00584	0.00779	0.00934	0.00973	0.00545	0.00623	0.00934	0.01285	0.01713	0.03698	0.75981	0.04438	0.02102	0.00856	0.00273	0.00389	0.01908	0.00623	0.00545
3	0.00975	0.00654	0.00749	0.00749	0.00754	0.00660	0.00427	0.00987	0.00981	0.01313	0.02099	0.04306	0.02403	0.72971	0.06812	0.00671	0.00706	0.00963	0.00404	0.00416
4	0.03010	0.01142	0.01557	0.01194	0.01713	0.00986	0.00986	0.03270	0.01920	0.72698	0.02647	0.02284	0.01661	0.00830	0.00675	0.00208	0.00571	0.00675	0.00830	0.01142
5	0.01840	0.01951	0.02496	0.06972	0.52504	0.18516	0.01871	0.02188	0.01607	0.02040	0.01206	0.01561	0.01008	0.00623	0.00651	0.00194	0.00899	0.00559	0.00334	0.00981
6	0.01251	0.00625	0.00625	0.00625	0.00782	0.00625	0.00469	0.01563	0.01407	0.02502	0.02189	0.02502	0.01720	0.00782	0.00469	0.00156	0.00313	0.00625	0.80144	0.00625
7	0.01391	0.01193	0.01391	0.00994	0.01590	0.00894	0.00795	0.01690	0.01391	0.02186	0.01193	0.01391	0.00994	0.00497	0.00497	0.00099	0.00497	0.00398	0.00398	0.80521
8	0.00812	0.00680	0.00706	0.00700	0.00918	0.00575	0.00525	0.01000	0.01575	0.01920	0.14782	0.06280	0.63909	0.01659	0.00793	0.00225	0.00337	0.01391	0.00637	0.00575
9	0.01573	0.40606	0.37795	0.01525	0.02306	0.02114	0.01805	0.02066	0.01390	0.01848	0.01067	0.01244	0.00856	0.00605	0.00533	0.00178	0.00853	0.00426	0.00285	0.00926
10	0.01817	0.01508	0.02228	0.02301	0.20743	0.01573	0.12011	0.05934	0.29473	0.09971	0.03913	0.02174	0.01658	0.00773	0.00696	0.00216	0.00703	0.00717	0.00553	0.01038
11	0.00959	0.00719	0.01078	0.01078	0.01198	0.00839	0.00839	0.01198	0.01078	0.01558	0.01797	0.02636	0.01677	0.05032	0.73760	0.01078	0.01797	0.00719	0.00359	0.00599
12	0.01391	0.01193	0.01391	0.00994	0.01590	0.00894	0.00795	0.01690	0.01391	0.02186	0.01193	0.01391	0.00994	0.00497	0.00497	0.00099	0.00497	0.00398	0.00398	0.80521
13	0.77612	0.01324	0.01033	0.00912	0.01333	0.01531	0.00751	0.05042	0.01233	0.03065	0.00965	0.01114	0.00745	0.00631	0.00427	0.00207	0.00529	0.00374	0.00427	0.00745
14	0.00873	0.00678	0.00794	0.00776	0.00958	0.00599	0.00578	0.01114	0.01703	0.02250	0.39418	0.09319	0.35419	0.01555	0.00795	0.00221	0.00331	0.01339	0.00681	0.00599
15	0.05523	0.01147	0.01539	0.01184	0.01700	0.01003	0.00978	0.03228	0.01895	0.70458	0.02592	0.02245	0.01631	0.00824	0.00666	0.00208	0.00569	0.00665	0.00817	0.01129
16	0.00846	0.00668	0.00762	0.00767	0.00946	0.00584	0.00564	0.01054	0.01611	0.02074	0.26761	0.15692	0.41985	0.01653	0.00801	0.00228	0.00339	0.01421	0.00659	0.00584
17	0.01355	0.03403	0.70140	0.01950	0.02929	0.01564	0.05214	0.02126	0.01423	0.02126	0.01210	0.01433	0.00857	0.00635	0.00644	0.00213	0.00997	0.00508	0.00286	0.00988
18	0.02275	0.01349	0.01608	0.01212	0.01760	0.01240	0.00990	0.19078	0.03912	0.28449	0.01868	0.01801	0.01302	0.00706	0.00610	0.00167	0.00584	0.00559	0.00631	0.29899
19	0.00950	0.00686	0.00897	0.00844	0.01002	0.00633	0.00633	0.01266	0.01899	0.02691	0.71879	0.05012	0.06331	0.01372	0.00791	0.00211	0.00317	0.01213	0.00739	0.00633
20	0.02134	0.01733	0.01775	0.01468	0.01923	0.05120	0.01176	0.35747	0.34984	0.03444	0.02111	0.02012	0.01555	0.00850	0.00674	0.00212	0.00662	0.00669	0.00662	0.01088
21	0.01794	0.76823	0.03516	0.01148	0.01722	0.02655	0.01148	0.02009	0.01363	0.01579	0.00933	0.01076	0.00861	0.00574	0.00431	0.00144	0.00718	0.00359	0.00287	0.00861
22	0.02551	0.01879	0.02014	0.01544	0.02081	0.02081	0.01275	0.69996	0.03155	0.04229	0.01611	0.01611	0.01141	0.00805	0.00671	0.00201	0.00738	0.00604	0.00671	0.01141
23	0.02551	0.01879	0.02014	0.01544	0.02081	0.02081	0.01275	0.69996	0.03155	0.04229	0.01611	0.01611	0.01141	0.00805	0.00671	0.00201	0.00738	0.00604	0.00671	0.01141
24	0.01267	0.01193	0.02013	0.74806	0.04621	0.01491	0.01863	0.01714	0.01342	0.01714	0.01193	0.01789	0.00894	0.00671	0.00671	0.00224	0.00894	0.00596	0.00298	0.00745
25	0.00959	0.00719	0.01078	0.01078	0.01198	0.00839	0.00839	0.01198	0.01078	0.01558	0.01797	0.02636	0.01677	0.05032	0.73760	0.01078	0.01797	0.00719	0.00359	0.00599
26	0.00976	0.00651	0.00732	0.00732	0.00732	0.00651	0.00407	0.00976	0.00976	0.01301	0.02114	0.04391	0.02439	0.76419	0.03415	0.00651	0.00651	0.00976	0.00407	0.00407
27	0.00950	0.00686	0.00897	0.00844	0.01002	0.00633	0.00633	0.01266	0.01899	0.02691	0.71879	0.05012	0.06331	0.01372	0.00791	0.00211	0.00317	0.01213	0.00739	0.00633
28	0.00832	0.00613	0.00779	0.00881	0.00967	0.00561	0.00606	0.00985	0.01409	0.01865	0.13695	0.54960	0.15513	0.01936	0.00837	0.00257	0.00371	0.01732	0.00639	0.00561
29	0.01288	0.01213	0.02049	0.71137	0.08131	0.01496	0.01874	0.01732	0.01351	0.01739	0.01196	0.01782	0.00903	0.00667	0.00670	0.00222	0.00889	0.00596	0.00300	0.00762
30	0.00839	0.00678	0.00746	0.00736	0.00936	0.00585	0.00549	0.01049	0.01627	0.02062	0.25425	0.08518	0.50660	0.01619	0.00795	0.00224	0.00335	0.01375	0.00656	0.00585
31	0.01543	0.01726	0.03727	0.02699	0.03336	0.01622	0.64248	0.02088	0.01581	0.02138	0.01535	0.02275	0.01248	0.00670	0.00803	0.00233	0.01090	0.06196	0.00362	0.00882
32	0.01896	0.68885	0.03327	0.01182	0.01741	0.06460	0.01148	0.02111	0.01422	0.05254	0.01027	0.01146	0.00903	0.00594	0.00453	0.00148	0.00737	0.00379	0.00318	0.00871
33	0.05476	0.73319	0.03399	0.01136	0.01702	0.02602	0.01129	0.02007	0.01353	0.01645	0.00933	0.01077	0.00855	0.00576	0.00430	0.00146	0.00708	0.00359	0.00293	0.00855
34	0.02483	0.05771	0.01965	0.01699	0.02062	0.67720	0.01290	0.05906	0.01943	0.01765	0.01061	0.01225	0.00878	0.00693	0.00602	0.00173	0.01170	0.00438	0.00359	0.00798
35	0.81159	0.01298	0.00986	0.00882	0.01298	0.01505	0.00727	0.01972	0.01142	0.03010	0.00934	0.01090	0.00727	0.00623	0.00415	0.00208	0.00519	0.00363	0.00415	0.00727
36	0.01270	0.01285	0.04894	0.71845	0.04552	0.01494	0.01888	0.01731	0.01345	0.01731	0.01193	0.01774	0.00893	0.00669	0.00669	0.00223	0.00898	0.00592	0.00298	0.00755
37	0.02385	0.01844	0.01890	0.01506	0.01999	0.06277	0.01223	0.50059	0.16815	0.06236	0.01841	0.01792	0.01327	0.00821	0.00670	0.00205	0.00719	0.00628	0.00660	0.01103
38	0.03010	0.01142	0.01557	0.01194	0.01713	0.00986	0.00986	0.03270	0.01920	0.72698	0.02647	0.02284	0.01661	0.00830	0.00675	0.00208	0.00571	0.00675	0.00830	0.01142
39	0.00973	0.00660	0.00780	0.00780	0.00797	0.00677	0.00467	0.01007	0.00990	0.01337	0.02070	0.04147	0.02333	0.66484	0.13205	0.00710	0.00810	0.00940	0.00400	0.00433
40	0.00798	0.00662	0.00698	0.00728	0.00919	0.00562	0.00531	0.00958	0.01483	0.01794	0.06215	0.19527	0.59267	0.01775	0.00805	0.00235	0.00349	0.01508	0.00623	0.00562
41	0.81159	0.01298	0.00986	0.00882	0.01298	0.01505	0.00727	0.01972	0.01142	0.03010	0.00934	0.01090	0.00727	0.00623	0.00415	0.00208	0.00519	0.00363	0.00415	0.00727
42	0.00866	0.00637	0.00812	0.00864	0.00976	0.00583	0.00611	0.01069	0.01561	0.02113	0.31063	0.38409	0.14442	0.01758	0.00822	0.00242	0.00354	0.01566	0.00669	0.00583
43	0.81159	0.01298	0.00986	0.00882	0.01298	0.01505	0.00727	0.01972	0.01142	0.03010	0.00934	0.01090	0.00727	0.00623	0.00415	0.00208	0.00519	0.00363	0.00415	0.00727
44	0.00976	0.00651	0.00732	0.00732	0.00732	0.00651	0.00407	0.00976	0.00976	0.01301	0.02114	0.04391	0.02439	0.76419	0.03415	0.00651	0.00651	0.00976	0.00407	0.00407
45	0.40854	0.01284	0.01214	0.01073	0.01431	0.01432	0.00850	0.20050	0.01718	0.03030	0.01775	0.19061	0.01722	0.01024	0.00589	0.00221	0.00547	0.00796	0.00534	0.00795
46	0.01794	0.76823	0.03516	0.01148	0.01722	0.02655	0.01148	0.02009	0.01363	0.01579	0.00933	0.01076	0.00861	0.00574	0.00431	0.00144	0.00718	0.00359	0.00287	0.00861
47	0.01267	0.01193	0.02013	0.74806	0.04621	0.01491	0.01863	0.01714	0.01342	0.01714	0.01193	0.01789	0.00894	0.00671	0.00671	0.00224	0.00894	0.00596	0.00298	0.00745
48	0.02551	0.01879	0.02014	0.01544	0.02081	0.02081	0.01275	0.69996	0.03155	0.04229	0.01611	0.01611	0.01141	0.00805	0.00671	0.00201	0.00738	0.00604	0.00671	0.01141
49	0.01794	0.76823	0.03516	0.01148	0.01722	0.02655	0.01148	0.02009	0.01363	0.01579	0.00933	0.01076	0.00861	0.00574	0.00431	0.00144	0.00718	0.00359	0.00287	0.00861
50	0.02551	0.01879	0.02014	0.01544	0.02081	0.02081	0.01275	0.69996	0.03155	0.04229	0.01611	0.01611	0.01141	0.00805	0.00671	0.00201	0.00738	0.00604	0.00671	0.01141
51	0.00976	0.00651	0.00732	0.00732	0.00732	0.00651	0.00407	0.00976	0.00976	0.01301	0.02114	0.04391	0.02439	0.76419	0.03415	0.00651	0.00651	0.00976	0.00407	0.00407
52	0.01794	0.76823	0.03516	0.01148	0.01722	0.02655	0.01148	0.02009	0.01363	0.01579	0.00933	0.01076	0.00861	0.00574	0.00431	0.00144	0.00718	0.00359	0.00287	0.00861
53	0.00830	0.00593	0.00793	0.00948	0.00993	0.00556	0.00644	0.00955	0.01297	0.01727	0.03691	0.72807	0.04411	0.02091	0.00860	0.00274	0.00400	0.04961	0.00623	0.00548
54	0.02506	0.03198	0.01901	0.01729	0.02074	0.73725	0.01296	0.02679	0.01901	0.01642	0.01037	0.01210	0.00864	0.00691	0.00605	0.00173	0.01210	0.00432	0.00346	0.00778
55	0.00950	0.00686	0.00897	0.00844	0.01002	0.00633	0.00633	0.01266	0.01899	0.02691	0.71879	0.05012	0.06331	0.01372	0.00791	0.00211	0.00317	0.01213	0.00739	0.00633
56	0.03010	0.01142	0.01557	0.01194	0.01713	0.00986	0.00986	0.03270	0.01920	0.72698	0.02647	0.02284	0.01661	0.00830	0.00675	0.00208	0.00571	0.00675	0.00830	0.01142
57	0.00818	0.00584	0.00779	0.00934	0.00973	0.00545	0.00623	0.00934	0.01285	0.01713	0.03698	0.75981	0.04438	0.02102	0.00856	0.00273	0.00389	0.01908	0.00623	0.00545
58	0.01584	0.01810	0.03959	0.02828	0.03507	0.01697	0.69796	0.02149	0.01584	0.02149	0.01357	0.01810	0.01018	0.00566	0.00792	0.00226	0.01131	0.00792	0.00339	0.00905
59	0.01794	0.76823	0.03516	0.01148	0.01722	0.02655	0.01148	0.02009	0.01363	0.01579	0.00933	0.01076	0.00861	0.00574	0.00431	0.00144	0.00718	0.00359	0.00287	0.00861
60	0.01468	0.01468	0.02055	0.01762	0.01762	0.02055	0.01468	0.01615	0.01028	0.01615	0.00881	0.01468	0.00881	0.01174	0.02202	0.00294	0.75191	0.00587	0.00294	0.00734
61	0.00976	0.00651	0.00732	0.00732	0.00732	0.00651	0.00407	0.00976	0.00976	0.01301	0.02114	0.04391	0.02439	0.76419	0.03415	0.00651	0.00651	0.00976	0.00407	0.00407
62	0.01774	0.01809	0.02613	0.03798	0.62822	0.11270	0.01957	0.02142	0.01578	0.02118	0.01232	0.01600	0.01036	0.00610	0.00656	0.00196	0.00853	0.00576	0.00334	0.01025
63	0.01166	0.00583	0.00874	0.00874	0.00874	0.00583	0.00583	0.00874	0.00874	0.01166	0.01166	0.02040	0.01166	0.02331	0.02622	0.80478	0.00583	0.00583	0.00291	0.00291
64	0.00900	0.00673	0.00905	0.01041	0.04420	0.00626	0.00688	0.01100	0.01516	0.02066	0.26355	0.44182	0.09489	0.01760	0.00821	0.00246	0.00382	0.01581	0.00647	0.00601
65	0.01630	0.01562	0.02667	0.09711	0.66884	0.01586	0.02044	0.02032	0.01513	0.02154	0.01257	0.01671	0.01050	0.00604	0.00665	0.00201	0.00805	0.00598	0.00329	0.01038
66	0.02081	0.02391	0.02315	0.02931	0.37372	0.37435	0.01680	0.02367	0.01713	0.01919	0.01150	0.01437	0.00964	0.00644	0.00635	0.00186	0.01002	0.00516	0.00339	0.00921
67	0.01687	0.02262	0.26029	0.15134	0.05087	0.01705	0.16548	0.18700	0.01869	0.02575	0.01336	0.01622	0.00971	0.00668	0.00686	0.00214	0.00937	0.00607	0.00395	0.00968
68	0.01476	0.10834	0.44018	0.02250	0.10250	0.01708	0.15956	0.02110	0.01457	0.02078	0.01212	0.01486	0.00908	0.00612	0.00649	0.00206	0.00970	0.00552	0.00300	0.00968
69	0.01504	0.02379	0.27962	0.02569	0.06485	0.01644	0.43175	0.02137	0.01523	0.02143	0.01300	0.01666	0.00962	0.00592	0.00732	0.00220	0.01067	0.00680	0.00319	0.00943
70	0.09114	0.00744	0.00711	0.00701	0.00947	0.00664	0.00532	0.01067	0.01489	0.01937	0.06190	0.05902	0.64586	0.01588	0.00754	0.00225	0.00358	0.01307	0.00602	0.00583
71	0.01530	0.03285	0.61991	0.01864	0.02777	0.04872	0.02294	0.09562	0.01628	0.02333	0.01241	0.01429	0.00882	0.00658	0.00640	0.00209	0.00974	0.00505	0.00329	0.00998
72	0.05793	0.01803	0.10108	0.03526	0.54264	0.01615	0.05494	0.05347	0.01577	0.02324	0.01261	0.01610	0.01024	0.00612	0.00655	0.00203	0.00818	0.00585	0.00348	0.01033
73	0.01425	0.03283	0.65573	0.01865	0.02801	0.01591	0.02343	0.05704	0.05120	0.02269	0.01304	0.01483	0.00927	0.00660	0.00642	0.00213	0.00955	0.00515	0.00324	0.01003
74	0.01685	0.01520	0.02521	0.03418	0.54122	0.01460	0.05305	0.02070	0.01530	0.05849	0.01328	0.01659	0.01081	0.00593	0.00646	0.00186	0.00756	0.00581	0.00368	0.13321

[dist]
# distance from previous block
# <min> <max>
0	5

[block]
# block no. 2 follows, 32 sequences, length 31
# corresponding to MSA columns:
# 234-264
name=unknown_C
#
# <colnr> <probs for GDERKNQSTAVLIFYWHMCP>
#	G	D	E	R	K	N	Q	S	T	A	V	L	I	F	Y	W	H	M	C	P
0	0.06165	0.01544	0.02637	0.13578	0.44456	0.01594	0.11892	0.02104	0.05433	0.02200	0.01331	0.01716	0.01069	0.00623	0.00671	0.00209	0.00829	0.00622	0.00353	0.00975
1	0.01526	0.01624	0.03185	0.02275	0.02929	0.01455	0.48980	0.02011	0.01526	0.02161	0.01308	0.01684	0.01011	0.00545	0.00703	0.00188	0.00940	0.00673	0.00357	0.24923
2	0.08771	0.02814	0.46182	0.02008	0.06660	0.05207	0.10544	0.02204	0.01472	0.06192	0.01276	0.01489	0.00919	0.00639	0.00639	0.00211	0.00942	0.00533	0.00339	0.00959
3	0.00956	0.00625	0.00838	0.00965	0.01037	0.00582	0.00667	0.01091	0.01334	0.05758	0.03631	0.68254	0.04250	0.02017	0.00850	0.00271	0.00411	0.05245	0.00634	0.00583
4	0.01794	0.76823	0.03516	0.01148	0.01722	0.02655	0.01148	0.02009	0.01363	0.01579	0.00933	0.01076	0.00861	0.00574	0.00431	0.00144	0.00718	0.00359	0.00287	0.00861
5	0.00835	0.00591	0.00773	0.00912	0.00947	0.00556	0.00599	0.00939	0.01251	0.01668	0.03526	0.68209	0.04221	0.10170	0.01134	0.00314	0.00418	0.01806	0.00599	0.00530
6	0.27065	0.01296	0.01708	0.42655	0.05763	0.01546	0.01458	0.07276	0.01429	0.02349	0.01146	0.01545	0.00866	0.00664	0.00588	0.00216	0.00758	0.00522	0.00367	0.00782
7	0.00976	0.00651	0.00732	0.00732	0.00732	0.00651	0.00407	0.00976	0.00976	0.01301	0.02114	0.04391	0.02439	0.76419	0.03415	0.00651	0.00651	0.00976	0.00407	0.00407
8	0.01661	0.01594	0.02724	0.04119	0.72233	0.01594	0.02059	0.02059	0.01528	0.02192	0.01262	0.01661	0.01063	0.00598	0.00664	0.00199	0.00797	0.00598	0.00332	0.01063
9	0.01397	0.11867	0.64995	0.01825	0.02769	0.01684	0.02327	0.02112	0.01411	0.02062	0.01173	0.01378	0.00851	0.00630	0.00614	0.00205	0.00960	0.00480	0.00284	0.00977
10	0.81159	0.01298	0.00986	0.00882	0.01298	0.01505	0.00727	0.01972	0.01142	0.03010	0.00934	0.01090	0.00727	0.00623	0.00415	0.00208	0.00519	0.00363	0.00415	0.00727
11	0.01346	0.03471	0.72942	0.01912	0.02904	0.01558	0.02479	0.02125	0.01417	0.02125	0.01204	0.01417	0.00850	0.00637	0.00637	0.00212	0.00992	0.00496	0.00283	0.00992
12	0.01669	0.01441	0.01517	0.01365	0.01745	0.01669	0.01062	0.03565	0.71021	0.02807	0.02731	0.02503	0.02048	0.00910	0.00683	0.00228	0.00531	0.00759	0.00683	0.01062
13	0.00793	0.00680	0.00680	0.00680	0.00906	0.00566	0.00510	0.00963	0.01529	0.01813	0.06797	0.06457	0.71961	0.01699	0.00793	0.00227	0.00340	0.01416	0.00623	0.00566
14	0.01661	0.01594	0.02724	0.04119	0.72233	0.01594	0.02059	0.02059	0.01528	0.02192	0.01262	0.01661	0.01063	0.00598	0.00664	0.00199	0.00797	0.00598	0.00332	0.01063
15	0.00793	0.00680	0.00680	0.00680	0.00906	0.00566	0.00510	0.00963	0.01529	0.01813	0.06797	0.06457	0.71961	0.01699	0.00793	0.00227	0.00340	0.01416	0.00623	0.00566
16	0.02506	0.03198	0.01901	0.01729	0.02074	0.73725	0.01296	0.02679	0.01901	0.01642	0.01037	0.01210	0.00864	0.00691	0.00605	0.00173	0.01210	0.00432	0.00346	0.00778
17	0.01041	0.00759	0.01024	0.01157	0.01322	0.00743	0.01000	0.01330	0.01542	0.01980	0.04011	0.07412	0.13488	0.01832	0.00908	0.00297	0.00579	0.58345	0.00619	0.00611
18	0.01725	0.01765	0.02508	0.13642	0.52884	0.11776	0.01924	0.02099	0.01555	0.02048	0.01221	0.01615	0.01011	0.00621	0.00657	0.00199	0.00869	0.00574	0.00329	0.00978
19	0.00815	0.00681	0.00710	0.00703	0.00920	0.00576	0.00527	0.01006	0.01582	0.01937	0.15998	0.06253	0.62683	0.01653	0.00793	0.00224	0.00337	0.01387	0.00639	0.00576
20	0.01927	0.01384	0.01525	0.01333	0.01739	0.01538	0.01047	0.03509	0.57742	0.16238	0.02715	0.02461	0.01974	0.00895	0.00681	0.00224	0.00539	0.00742	0.00711	0.01077
21	0.01661	0.01594	0.02724	0.04119	0.72233	0.01594	0.02059	0.02059	0.01528	0.02192	0.01262	0.01661	0.01063	0.00598	0.00664	0.00199	0.00797	0.00598	0.00332	0.01063
22	0.01661	0.01594	0.02724	0.04119	0.72233	0.01594	0.02059	0.02059	0.01528	0.02192	0.01262	0.01661	0.01063	0.00598	0.00664	0.00199	0.00797	0.00598	0.00332	0.01063
23	0.01775	0.66188	0.03404	0.01568	0.11690	0.02505	0.01277	0.02016	0.01387	0.01665	0.00979	0.01159	0.00890	0.00577	0.00464	0.00151	0.00729	0.00393	0.00293	0.00890
24	0.69939	0.11974	0.01344	0.00920	0.01358	0.01668	0.00786	0.01978	0.01173	0.02808	0.00934	0.01088	0.00746	0.00616	0.00417	0.00199	0.00547	0.00363	0.00397	0.00746
25	0.17672	0.01744	0.01801	0.01405	0.01918	0.01935	0.01161	0.54759	0.02728	0.06215	0.01515	0.01533	0.01078	0.00771	0.00622	0.00203	0.00691	0.00560	0.00627	0.01061
26	0.01530	0.06728	0.59780	0.01852	0.02734	0.11809	0.02252	0.02198	0.01483	0.02032	0.01168	0.01372	0.00853	0.00642	0.00624	0.00204	0.01010	0.00481	0.00292	0.00956
27	0.28586	0.11811	0.01481	0.01005	0.01392	0.01371	0.00839	0.06719	0.01659	0.13923	0.21953	0.02459	0.02559	0.00880	0.00586	0.00199	0.00512	0.00677	0.00576	0.00814
28	0.08887	0.01795	0.01700	0.01410	0.01851	0.11906	0.01127	0.29934	0.19465	0.08576	0.05173	0.01945	0.01579	0.00829	0.00649	0.00205	0.00702	0.00632	0.00622	0.01011
29	0.08083	0.01863	0.11852	0.08996	0.02302	0.01743	0.01403	0.37766	0.05482	0.07127	0.05555	0.01832	0.01407	0.00792	0.00655	0.00208	0.00731	0.00615	0.00572	0.01016
30	0.01668	0.01726	0.02212	0.25410	0.30818	0.14928	0.01726	0.02029	0.01525	0.01940	0.01191	0.01589	0.00966	0.00628	0.00638	0.00192	0.00874	0.00546	0.00331	0.09063

[dist]
# distance from previous block
# <min> <max>
7	11

[block]
# block no. 3 follows, 32 sequences, length 9
# corresponding to MSA columns:
# 278-286
name=unknown_D
#
# <colnr> <probs for GDERKNQSTAVLIFYWHMCP>
#	G	D	E	R	K	N	Q	S	T	A	V	L	I	F	Y	W	H	M	C	P
0	0.55217	0.01112	0.00963	0.00894	0.01237	0.01229	0.00718	0.01776	0.01287	0.05633	0.06475	0.08728	0.07856	0.00956	0.00544	0.00219	0.00485	0.03468	0.00499	0.00703
1	0.26875	0.00845	0.00836	0.00855	0.01067	0.00869	0.00633	0.01307	0.01347	0.02244	0.09696	0.30454	0.17735	0.01470	0.00694	0.00236	0.00414	0.01239	0.00566	0.00617
2	0.00818	0.00584	0.00779	0.00934	0.00973	0.00545	0.00623	0.00934	0.01285	0.01713	0.03698	0.75981	0.04438	0.02102	0.00856	0.00273	0.00389	0.01908	0.00623	0.00545
3	0.01391	0.01193	0.01391	0.00994	0.01590	0.00894	0.00795	0.01690	0.01391	0.02186	0.01193	0.01391	0.00994	0.00497	0.00497	0.00099	0.00497	0.00398	0.00398	0.80521
4	0.01391	0.01193	0.01391	0.00994	0.01590	0.00894	0.00795	0.01690	0.01391	0.02186	0.01193	0.01391	0.00994	0.00497	0.00497	0.00099	0.00497	0.00398	0.00398	0.80521
5	0.01391	0.01193	0.01391	0.00994	0.01590	0.00894	0.00795	0.01690	0.01391	0.02186	0.01193	0.01391	0.00994	0.00497	0.00497	0.00099	0.00497	0.00398	0.00398	0.80521
6	0.01391	0.01193	0.01391	0.00994	0.01590	0.00894	0.00795	0.01690	0.01391	0.02186	0.01193	0.01391	0.00994	0.00497	0.00497	0.00099	0.00497	0.00398	0.00398	0.80521
7	0.75082	0.01343	0.01066	0.00934	0.01358	0.01550	0.00769	0.07231	0.01298	0.03105	0.00987	0.01130	0.00759	0.00637	0.00435	0.00207	0.00536	0.00382	0.00435	0.00759
8	0.71696	0.01448	0.01103	0.00973	0.01391	0.05945	0.00794	0.06052	0.01308	0.02999	0.00981	0.01128	0.00760	0.00638	0.00442	0.00205	0.00574	0.00382	0.00426	0.00754

[dist]
# distance from previous block
# <min> <max>
8	20

[block]
# block no. 4 follows, 32 sequences, length 7
# corresponding to MSA columns:
# 308-314
name=unknown_E
#
# <colnr> <probs for GDERKNQSTAVLIFYWHMCP>
#	G	D	E	R	K	N	Q	S	T	A	V	L	I	F	Y	W	H	M	C	P
0	0.08479	0.01697	0.02074	0.01628	0.02130	0.01860	0.11217	0.35510	0.22240	0.03418	0.01841	0.01854	0.01350	0.00786	0.00672	0.00213	0.00719	0.00657	0.00605	0.01050
1	0.07849	0.01187	0.01413	0.01091	0.01537	0.01091	0.00881	0.01731	0.01394	0.05483	0.08425	0.01790	0.01533	0.00711	0.00779	0.00153	0.11436	0.00519	0.00439	0.50557
2	0.12310	0.01432	0.01460	0.01237	0.01638	0.06804	0.00983	0.11720	0.21879	0.18639	0.12563	0.02431	0.02222	0.00894	0.00655	0.00210	0.00585	0.00712	0.00663	0.00962
3	0.13617	0.01462	0.01612	0.01320	0.01724	0.01617	0.01079	0.23816	0.11789	0.05369	0.04011	0.02009	0.01465	0.00863	0.00829	0.00209	0.10521	0.03525	0.00550	0.12614
4	0.02242	0.01724	0.01988	0.01563	0.02053	0.01893	0.05759	0.51148	0.12877	0.03715	0.01897	0.06702	0.01485	0.00891	0.00693	0.00212	0.00711	0.00726	0.00648	0.01074
5	0.01391	0.01193	0.01391	0.00994	0.01590	0.00894	0.00795	0.01690	0.01391	0.02186	0.01193	0.01391	0.00994	0.00497	0.00497	0.00099	0.00497	0.00398	0.00398	0.80521
6	0.02766	0.01260	0.01603	0.01240	0.01737	0.01186	0.01020	0.16845	0.02173	0.53541	0.07455	0.02343	0.01893	0.00865	0.00682	0.00207	0.00587	0.00699	0.00791	0.01105

[dist]
# distance from previous block
# <min> <max>
5	30

[block]
# block no. 5 follows, 32 sequences, length 13
# corresponding to MSA columns:
# 345-357
name=unknown_F
#
# <colnr> <probs for GDERKNQSTAVLIFYWHMCP>
#	G	D	E	R	K	N	Q	S	T	A	V	L	I	F	Y	W	H	M	C	P
0	0.08714	0.01541	0.01642	0.01494	0.07715	0.08431	0.01088	0.11418	0.14184	0.16091	0.03862	0.01876	0.01457	0.00739	0.00614	0.00184	0.00641	0.00584	0.00568	0.17157
1	0.31261	0.01397	0.01409	0.01146	0.01597	0.05438	0.03163	0.11865	0.01723	0.17138	0.04468	0.02002	0.06438	0.00789	0.00576	0.00198	0.00598	0.00591	0.00556	0.07646
2	0.02084	0.06652	0.18053	0.01553	0.02172	0.01875	0.01488	0.36930	0.12869	0.05285	0.01668	0.01684	0.01207	0.00763	0.00647	0.00202	0.00752	0.00585	0.00560	0.02968
3	0.01891	0.02723	0.30658	0.01874	0.02579	0.14783	0.10725	0.19223	0.01961	0.02570	0.01295	0.01478	0.00953	0.00675	0.00655	0.00200	0.00968	0.00547	0.00403	0.03839
4	0.01192	0.00714	0.00963	0.00933	0.01012	0.00734	0.00655	0.01298	0.10254	0.01657	0.14206	0.02640	0.02219	0.01971	0.02036	0.55391	0.00528	0.00720	0.00424	0.00454
5	0.46485	0.15274	0.01632	0.01102	0.01533	0.11199	0.00920	0.02271	0.10037	0.02546	0.01173	0.01280	0.00935	0.00659	0.00476	0.00194	0.00647	0.00421	0.00416	0.00800
6	0.01403	0.26760	0.27645	0.01363	0.01993	0.01648	0.01484	0.01814	0.01372	0.01879	0.01566	0.14836	0.01524	0.00864	0.00591	0.00186	0.00727	0.00694	0.00361	0.11291
7	0.00945	0.00647	0.00784	0.00812	0.00834	0.00655	0.00500	0.00996	0.01045	0.01408	0.02362	0.17166	0.02707	0.53985	0.11765	0.00636	0.00747	0.01113	0.00440	0.00456
8	0.02115	0.01253	0.01420	0.01235	0.01609	0.04940	0.00963	0.02919	0.26054	0.31579	0.02783	0.15682	0.02259	0.01082	0.00707	0.00225	0.00557	0.00915	0.00716	0.00987
9	0.02250	0.25273	0.02447	0.01407	0.01944	0.02230	0.01220	0.43882	0.07563	0.03296	0.01481	0.01509	0.01120	0.00741	0.00597	0.00185	0.00717	0.00539	0.00552	0.01048
10	0.12878	0.01080	0.01362	0.01090	0.01529	0.00990	0.00888	0.02736	0.01815	0.50857	0.14989	0.02623	0.02386	0.00902	0.00662	0.00208	0.00518	0.00732	0.00759	0.00995
11	0.32709	0.01550	0.01706	0.01496	0.06939	0.01677	0.05097	0.25784	0.04982	0.03244	0.01321	0.01444	0.00995	0.00683	0.00564	0.00197	0.00651	0.00510	0.00504	0.07948
12	0.22788	0.03406	0.01929	0.02888	0.02016	0.06724	0.11138	0.20206	0.01930	0.10343	0.03737	0.01634	0.01200	0.00705	0.00603	0.00197	0.00726	0.00563	0.00515	0.06753

[dist]
# distance from previous block
# <min> <max>
0	20

[block]
# block no. 6 follows, 32 sequences, length 11
# corresponding to MSA columns:
# 378-388
name=unknown_G
#
# <colnr> <probs for GDERKNQSTAVLIFYWHMCP>
#	G	D	E	R	K	N	Q	S	T	A	V	L	I	F	Y	W	H	M	C	P
0	0.11431	0.01465	0.01913	0.01677	0.07070	0.03340	0.07868	0.05596	0.12045	0.12521	0.01578	0.01735	0.01206	0.00795	0.00941	0.00214	0.15861	0.00591	0.00486	0.11669
1	0.04206	0.16960	0.02031	0.01293	0.01796	0.07495	0.01082	0.16500	0.14861	0.12806	0.01705	0.01687	0.01273	0.00721	0.00586	0.00178	0.00666	0.00542	0.00544	0.13070
2	0.01753	0.01206	0.01447	0.01252	0.04271	0.01182	0.00948	0.14057	0.12528	0.13208	0.22985	0.02831	0.02887	0.00930	0.00677	0.00190	0.00513	0.00783	0.00653	0.15699
3	0.06014	0.01590	0.01590	0.01308	0.01774	0.08661	0.01039	0.13845	0.25938	0.12293	0.01964	0.01901	0.01448	0.00762	0.00621	0.00188	0.00631	0.00596	0.00596	0.17245
4	0.02084	0.02575	0.01815	0.01602	0.01949	0.53116	0.06547	0.02287	0.01800	0.01717	0.02237	0.02328	0.15375	0.00887	0.00658	0.00188	0.01026	0.00661	0.00402	0.00745
5	0.02090	0.01494	0.11436	0.01413	0.01935	0.01178	0.06606	0.08226	0.01720	0.31757	0.01976	0.02074	0.01408	0.01613	0.15570	0.00379	0.00932	0.00642	0.00574	0.06981
6	0.02139	0.02258	0.01967	0.02081	0.16261	0.34105	0.01385	0.16392	0.02064	0.02394	0.06591	0.02066	0.01555	0.00819	0.00665	0.00196	0.00924	0.04791	0.00457	0.00891
7	0.01121	0.00604	0.00879	0.00868	0.00900	0.00593	0.00593	0.00954	0.01083	0.01477	0.15586	0.02646	0.02219	0.02135	0.02249	0.64109	0.00528	0.00711	0.00383	0.00361
8	0.11918	0.00766	0.00893	0.00838	0.01016	0.00754	0.00624	0.01334	0.01704	0.02597	0.55283	0.04414	0.05180	0.08688	0.00999	0.00254	0.00377	0.01074	0.00662	0.00624
9	0.01344	0.01696	0.12442	0.02086	0.02657	0.01349	0.39639	0.01849	0.01620	0.02223	0.16256	0.02869	0.09091	0.00852	0.00771	0.00221	0.00868	0.00899	0.00441	0.00828
10	0.01074	0.00821	0.01018	0.00953	0.00969	0.00935	0.00645	0.01135	0.01078	0.01502	0.08759	0.03856	0.02506	0.53656	0.02908	0.00534	0.15819	0.00920	0.00416	0.00496

[dist]
# distance from previous block
# <min> <max>
0	7

# created by:
# /home/cegg/simao/soft/augustus-3.2.1/scripts/msa2prfl.pl ./align_prep/EOG090W0G5G.fa
