[name]
unknown

[dist]
# distance from previous block
# <min> <max>
1	36

[block]
# block no. 0 follows, 32 sequences, length 53
# corresponding to MSA columns:
# 37-89
name=unknown_A
#
# <colnr> <probs for GDERKNQSTAVLIFYWHMCP>
#	G	D	E	R	K	N	Q	S	T	A	V	L	I	F	Y	W	H	M	C	P
0	0.36859	0.01471	0.06706	0.01096	0.01561	0.04251	0.00956	0.02092	0.04066	0.09985	0.06632	0.01666	0.01371	0.00713	0.00584	0.00191	0.03207	0.00503	0.00473	0.15617
1	0.06952	0.27329	0.21911	0.01459	0.02074	0.07672	0.03718	0.04601	0.01547	0.06962	0.03331	0.01914	0.01301	0.00750	0.00586	0.00193	0.00805	0.05616	0.00390	0.00888
2	0.01004	0.00788	0.01010	0.00931	0.01135	0.00749	0.02912	0.01441	0.08230	0.02486	0.48660	0.07532	0.17779	0.01389	0.00784	0.00218	0.00370	0.01220	0.00695	0.00666
3	0.05600	0.07294	0.11062	0.01331	0.01885	0.01322	0.03432	0.10240	0.01906	0.38602	0.08641	0.02196	0.01818	0.00817	0.00655	0.00204	0.00648	0.00661	0.00658	0.01028
4	0.06618	0.01549	0.09125	0.01814	0.02356	0.01295	0.25925	0.02327	0.01622	0.24492	0.04338	0.08230	0.01736	0.00866	0.00755	0.00225	0.02272	0.02991	0.00539	0.00926
5	0.00833	0.00646	0.00762	0.00824	0.00964	0.00574	0.00593	0.01005	0.01475	0.01884	0.13112	0.34336	0.34221	0.01829	0.00824	0.00247	0.00368	0.04299	0.00636	0.00568
6	0.05118	0.01366	0.01659	0.01291	0.01801	0.01345	0.01061	0.21011	0.07504	0.47059	0.02327	0.02086	0.01524	0.00824	0.00667	0.00207	0.00611	0.00653	0.00764	0.01123
7	0.10944	0.07552	0.11401	0.04060	0.01935	0.10792	0.01224	0.02593	0.03933	0.30583	0.04831	0.04127	0.01547	0.00801	0.00624	0.00202	0.00712	0.00620	0.00570	0.00949
8	0.01427	0.09704	0.54907	0.02002	0.02903	0.01680	0.13939	0.02119	0.01441	0.02081	0.01206	0.01454	0.00880	0.00619	0.00646	0.00209	0.00991	0.00535	0.00293	0.00965
9	0.00818	0.00584	0.00779	0.00934	0.00973	0.00545	0.00623	0.00934	0.01285	0.01713	0.03698	0.75981	0.04438	0.02102	0.00856	0.00273	0.00389	0.01908	0.00623	0.00545
10	0.02609	0.01092	0.01443	0.01134	0.01595	0.00966	0.00926	0.05846	0.01943	0.57062	0.10025	0.02853	0.07487	0.00951	0.00696	0.00209	0.00535	0.00784	0.00798	0.01046
11	0.06062	0.01304	0.02049	0.42112	0.09585	0.01498	0.06280	0.04416	0.05953	0.07264	0.03771	0.01914	0.01229	0.00725	0.00715	0.00221	0.03026	0.00633	0.00402	0.00842
12	0.02503	0.01028	0.01398	0.01119	0.01545	0.00904	0.00906	0.02767	0.01867	0.55523	0.14933	0.05289	0.02584	0.01108	0.03107	0.00239	0.00560	0.00814	0.00792	0.01013
13	0.00912	0.00677	0.00850	0.00822	0.00983	0.00615	0.00611	0.01187	0.01787	0.02461	0.55186	0.10688	0.17769	0.01485	0.00797	0.00218	0.00326	0.01302	0.00709	0.00615
14	0.01417	0.10119	0.59848	0.02050	0.09344	0.01664	0.02316	0.02108	0.01422	0.02080	0.01184	0.01408	0.00871	0.00628	0.00621	0.00205	0.00948	0.00493	0.00288	0.00986
15	0.00911	0.00656	0.00801	0.00865	0.01001	0.00589	0.00623	0.01083	0.01470	0.04209	0.12451	0.38907	0.26798	0.01831	0.00826	0.00250	0.00383	0.05120	0.00643	0.00586
16	0.01443	0.01153	0.01283	0.01213	0.01521	0.01260	0.00967	0.02641	0.41440	0.05105	0.05939	0.04210	0.12877	0.01234	0.00753	0.00243	0.00515	0.14649	0.00668	0.00885
17	0.01052	0.00751	0.01047	0.01202	0.01343	0.00747	0.01030	0.01339	0.01515	0.01975	0.03569	0.15276	0.03927	0.01882	0.00919	0.00305	0.00592	0.60303	0.00618	0.00610
18	0.02235	0.17767	0.02338	0.03747	0.02081	0.23230	0.03344	0.23461	0.02079	0.05109	0.01256	0.01406	0.00987	0.00746	0.00740	0.00191	0.07406	0.00509	0.00447	0.00921
19	0.01479	0.01297	0.01434	0.01050	0.01629	0.03680	0.00837	0.03966	0.03628	0.02251	0.01248	0.01426	0.01026	0.00527	0.00512	0.00109	0.00532	0.00417	0.00413	0.72538
20	0.07685	0.07955	0.04338	0.01428	0.01814	0.20409	0.05487	0.07607	0.03824	0.09503	0.06969	0.04140	0.01708	0.01110	0.05096	0.00254	0.03291	0.03002	0.03549	0.00831
21	0.02041	0.01036	0.01299	0.01093	0.01466	0.00981	0.00867	0.02597	0.14494	0.35858	0.17508	0.06127	0.09506	0.01089	0.00719	0.00216	0.00482	0.00920	0.00757	0.00944
22	0.01991	0.06202	0.07309	0.01392	0.01951	0.01594	0.03596	0.25813	0.11250	0.09284	0.03612	0.01792	0.01373	0.00730	0.00623	0.00180	0.00660	0.00583	0.00561	0.19503
23	0.01565	0.01756	0.03659	0.02660	0.03232	0.01753	0.59023	0.02065	0.01496	0.02065	0.01282	0.01756	0.00996	0.00662	0.01014	0.00237	0.12808	0.00760	0.00332	0.00878
24	0.01866	0.01840	0.08812	0.02200	0.02849	0.01628	0.38789	0.14095	0.04020	0.09598	0.01550	0.01785	0.01120	0.00646	0.00724	0.00211	0.00935	0.00696	0.00456	0.06180
25	0.02157	0.08318	0.07912	0.06263	0.02614	0.01518	0.24707	0.06709	0.01760	0.28513	0.01795	0.01879	0.01232	0.00692	0.00690	0.00209	0.00837	0.00664	0.00532	0.01001
26	0.01267	0.01193	0.02013	0.74806	0.04621	0.01491	0.01863	0.01714	0.01342	0.01714	0.01193	0.01789	0.00894	0.00671	0.00671	0.00224	0.00894	0.00596	0.00298	0.00745
27	0.01035	0.00815	0.01226	0.01210	0.01372	0.00785	0.07825	0.04233	0.01484	0.01971	0.05755	0.45350	0.06035	0.01795	0.00853	0.00269	0.00527	0.16232	0.00599	0.00628
28	0.01508	0.11511	0.51438	0.02040	0.08908	0.01724	0.05202	0.06200	0.01533	0.02196	0.01210	0.01429	0.00895	0.00634	0.00625	0.00203	0.00934	0.00509	0.00314	0.00988
29	0.02551	0.01043	0.01416	0.01132	0.01569	0.00912	0.00926	0.02823	0.01900	0.56856	0.15348	0.03010	0.02610	0.00973	0.00707	0.00213	0.00526	0.03655	0.00805	0.01026
30	0.00954	0.00714	0.01068	0.01073	0.01191	0.00829	0.00831	0.01189	0.01085	0.01563	0.01862	0.05134	0.01771	0.04933	0.71277	0.01051	0.01749	0.00759	0.00368	0.00597
31	0.01849	0.02180	0.05847	0.01473	0.01813	0.35002	0.01199	0.02415	0.14716	0.02051	0.08658	0.03003	0.04664	0.01011	0.00696	0.00212	0.00862	0.11058	0.00494	0.00798
32	0.02890	0.01232	0.03928	0.01242	0.01754	0.01050	0.01056	0.03162	0.01866	0.67365	0.02525	0.02221	0.01601	0.00839	0.00738	0.00211	0.03745	0.00665	0.00790	0.01120
33	0.01228	0.00633	0.00660	0.00660	0.00814	0.00642	0.00497	0.01536	0.01382	0.02429	0.02159	0.02512	0.01717	0.01106	0.06067	0.00227	0.00426	0.00633	0.74050	0.00623
34	0.01363	0.06295	0.70269	0.01883	0.02859	0.01601	0.02428	0.02120	0.01415	0.02104	0.01194	0.01404	0.00850	0.00635	0.00630	0.00210	0.00981	0.00491	0.00283	0.00987
35	0.01542	0.01490	0.01919	0.45558	0.06059	0.10229	0.01609	0.07942	0.04537	0.02029	0.04239	0.04330	0.01308	0.00788	0.00732	0.00219	0.03637	0.00653	0.00383	0.00798
36	0.00976	0.00651	0.00732	0.00732	0.00732	0.00651	0.00407	0.00976	0.00976	0.01301	0.02114	0.04391	0.02439	0.76419	0.03415	0.00651	0.00651	0.00976	0.00407	0.00407
37	0.01661	0.01594	0.02724	0.04119	0.72233	0.01594	0.02059	0.02059	0.01528	0.02192	0.01262	0.01661	0.01063	0.00598	0.00664	0.00199	0.00797	0.00598	0.00332	0.01063
38	0.01415	0.14770	0.62248	0.01795	0.02722	0.01727	0.02274	0.02107	0.01408	0.02041	0.01162	0.01364	0.00852	0.00628	0.00606	0.00202	0.00949	0.00475	0.00284	0.00972
39	0.01799	0.02046	0.14827	0.01893	0.12825	0.10286	0.01485	0.17348	0.15133	0.02683	0.06156	0.02254	0.06610	0.00847	0.00674	0.00207	0.00758	0.00686	0.00511	0.00972
40	0.02551	0.01879	0.02014	0.01544	0.02081	0.02081	0.01275	0.69996	0.03155	0.04229	0.01611	0.01611	0.01141	0.00805	0.00671	0.00201	0.00738	0.00604	0.00671	0.01141
41	0.01391	0.01193	0.01391	0.00994	0.01590	0.00894	0.00795	0.01690	0.01391	0.02186	0.01193	0.01391	0.00994	0.00497	0.00497	0.00099	0.00497	0.00398	0.00398	0.80521
42	0.00865	0.00609	0.00827	0.00951	0.01000	0.00594	0.00654	0.00981	0.01239	0.01664	0.03290	0.58654	0.03863	0.05487	0.09697	0.03941	0.00584	0.03994	0.00568	0.00537
43	0.01385	0.00665	0.00697	0.00669	0.00853	0.00653	0.00509	0.01694	0.01446	0.07863	0.02224	0.02485	0.01715	0.00785	0.00485	0.00160	0.00332	0.00629	0.74086	0.00665
44	0.02553	0.01073	0.01431	0.01116	0.01587	0.00920	0.00910	0.02818	0.01862	0.56138	0.10892	0.02709	0.05034	0.00904	0.00680	0.00201	0.00526	0.00748	0.00778	0.07121
45	0.01556	0.01937	0.09976	0.02683	0.03349	0.01706	0.59718	0.02115	0.01536	0.02115	0.01315	0.01754	0.00995	0.00608	0.00863	0.00229	0.05559	0.00753	0.00332	0.00902
46	0.01581	0.00765	0.00924	0.00823	0.01066	0.00713	0.00639	0.01882	0.01670	0.19181	0.22275	0.03170	0.03028	0.00962	0.00610	0.00184	0.00375	0.00806	0.38596	0.00750
47	0.81159	0.01298	0.00986	0.00882	0.01298	0.01505	0.00727	0.01972	0.01142	0.03010	0.00934	0.01090	0.00727	0.00623	0.00415	0.00208	0.00519	0.00363	0.00415	0.00727
48	0.00818	0.00584	0.00779	0.00934	0.00973	0.00545	0.00623	0.00934	0.01285	0.01713	0.03698	0.75981	0.04438	0.02102	0.00856	0.00273	0.00389	0.01908	0.00623	0.00545
49	0.01029	0.00765	0.01033	0.01006	0.01109	0.00860	0.00744	0.03571	0.01142	0.01596	0.02067	0.03205	0.04954	0.23920	0.46519	0.00868	0.03840	0.00811	0.00393	0.00569
50	0.00818	0.00584	0.00779	0.00934	0.00973	0.00545	0.00623	0.00934	0.01285	0.01713	0.03698	0.75981	0.04438	0.02102	0.00856	0.00273	0.00389	0.01908	0.00623	0.00545
51	0.02583	0.01047	0.01420	0.01121	0.01566	0.00913	0.00913	0.02854	0.01916	0.58179	0.17005	0.02850	0.02629	0.00943	0.00699	0.00208	0.00518	0.00786	0.00811	0.01036
52	0.01890	0.01672	0.02774	0.09313	0.02891	0.03626	0.32393	0.15901	0.08800	0.08839	0.01704	0.02046	0.01276	0.00726	0.00734	0.00221	0.00906	0.02839	0.00488	0.00960

[dist]
# distance from previous block
# <min> <max>
1	3

[block]
# block no. 1 follows, 32 sequences, length 34
# corresponding to MSA columns:
# 93-126
name=unknown_B
#
# <colnr> <probs for GDERKNQSTAVLIFYWHMCP>
#	G	D	E	R	K	N	Q	S	T	A	V	L	I	F	Y	W	H	M	C	P
0	0.01875	0.02488	0.12329	0.02201	0.02761	0.26988	0.30345	0.02378	0.05020	0.01976	0.01270	0.01565	0.00985	0.00663	0.00762	0.00209	0.04348	0.00615	0.00349	0.00872
1	0.01391	0.01130	0.01364	0.12494	0.03461	0.06587	0.01002	0.04308	0.03248	0.05989	0.01805	0.06457	0.01731	0.20919	0.16977	0.00508	0.04885	0.00774	0.00422	0.04549
2	0.07562	0.01904	0.01864	0.01471	0.01957	0.10622	0.01197	0.46288	0.02567	0.03476	0.01414	0.01496	0.01051	0.00763	0.00701	0.00191	0.04369	0.00543	0.00566	0.09998
3	0.05647	0.06111	0.06027	0.01709	0.02207	0.01588	0.18884	0.16225	0.01797	0.07920	0.01655	0.09766	0.01422	0.00857	0.00807	0.00211	0.07094	0.00747	0.00477	0.08849
4	0.01264	0.01119	0.01442	0.01217	0.01479	0.05158	0.09154	0.07963	0.01744	0.02301	0.25687	0.04054	0.18687	0.07046	0.04583	0.00293	0.04514	0.01030	0.00569	0.00695
5	0.01152	0.00801	0.00994	0.00899	0.01110	0.00759	0.00688	0.06884	0.01964	0.05740	0.56552	0.04767	0.12425	0.01336	0.00777	0.00212	0.00364	0.01162	0.00725	0.00689
6	0.01343	0.01279	0.02181	0.52506	0.15561	0.01501	0.05362	0.01769	0.01399	0.01860	0.04632	0.01911	0.01192	0.00709	0.00748	0.00222	0.04062	0.00636	0.00327	0.00801
7	0.01456	0.01451	0.02053	0.06145	0.01933	0.02021	0.01492	0.01621	0.01046	0.01621	0.00900	0.01487	0.00882	0.01144	0.02110	0.00289	0.70733	0.00588	0.00294	0.00735
8	0.00979	0.00647	0.00730	0.00736	0.00742	0.00646	0.00416	0.00993	0.01001	0.01355	0.02173	0.06858	0.02487	0.71332	0.03229	0.00621	0.00630	0.00997	0.03010	0.00419
9	0.81159	0.01298	0.00986	0.00882	0.01298	0.01505	0.00727	0.01972	0.01142	0.03010	0.00934	0.01090	0.00727	0.00623	0.00415	0.00208	0.00519	0.00363	0.00415	0.00727
10	0.00818	0.00584	0.00779	0.00934	0.00973	0.00545	0.00623	0.00934	0.01285	0.01713	0.03698	0.75981	0.04438	0.02102	0.00856	0.00273	0.00389	0.01908	0.00623	0.00545
11	0.01584	0.01810	0.03959	0.02828	0.03507	0.01697	0.69796	0.02149	0.01584	0.02149	0.01357	0.01810	0.01018	0.00566	0.00792	0.00226	0.01131	0.00792	0.00339	0.00905
12	0.00818	0.00584	0.00779	0.00934	0.00973	0.00545	0.00623	0.00934	0.01285	0.01713	0.03698	0.75981	0.04438	0.02102	0.00856	0.00273	0.00389	0.01908	0.00623	0.00545
13	0.01043	0.00754	0.01032	0.01174	0.01327	0.00743	0.01009	0.01329	0.01528	0.01975	0.03816	0.11586	0.09247	0.01856	0.00912	0.00300	0.00582	0.58559	0.00619	0.00609
14	0.01346	0.03471	0.72942	0.01912	0.02904	0.01558	0.02479	0.02125	0.01417	0.02125	0.01204	0.01417	0.00850	0.00637	0.00637	0.00212	0.00992	0.00496	0.00283	0.00992
15	0.01332	0.01268	0.01795	0.01579	0.01611	0.01731	0.01300	0.01504	0.01041	0.01600	0.01125	0.01780	0.01093	0.02204	0.21296	0.00503	0.55607	0.00622	0.00311	0.00698
16	0.01437	0.01012	0.01132	0.01023	0.01293	0.01101	0.03590	0.02415	0.30194	0.02613	0.02379	0.02474	0.01826	0.00826	0.00571	0.00189	0.00437	0.00687	0.43982	0.00818
17	0.00870	0.00683	0.00787	0.00761	0.00954	0.00599	0.00570	0.01112	0.01711	0.02245	0.38820	0.05746	0.39669	0.01538	0.00792	0.00219	0.00328	0.01316	0.00680	0.00599
18	0.01661	0.01594	0.02724	0.04119	0.72233	0.01594	0.02059	0.02059	0.01528	0.02192	0.01262	0.01661	0.01063	0.00598	0.00664	0.00199	0.00797	0.00598	0.00332	0.01063
19	0.01015	0.05262	0.01103	0.00961	0.01066	0.00882	0.00706	0.01169	0.01060	0.01469	0.01856	0.03157	0.01895	0.29768	0.44721	0.00872	0.01331	0.00787	0.00372	0.00547
20	0.01514	0.01539	0.02161	0.49377	0.19763	0.10669	0.01836	0.01916	0.01455	0.01814	0.01189	0.01686	0.00929	0.00657	0.00661	0.00212	0.00912	0.00576	0.00312	0.00822
21	0.01166	0.00583	0.00874	0.00874	0.00874	0.00583	0.00583	0.00874	0.00874	0.01166	0.01166	0.02040	0.01166	0.02331	0.02622	0.80478	0.00583	0.00583	0.00291	0.00291
22	0.02004	0.02263	0.01653	0.01514	0.01835	0.39867	0.01152	0.02725	0.23358	0.01993	0.01685	0.01836	0.01361	0.01436	0.12027	0.00331	0.01089	0.00579	0.00453	0.00839
23	0.01807	0.05692	0.02818	0.02121	0.05441	0.09132	0.32982	0.13588	0.01828	0.02456	0.01445	0.01758	0.01112	0.00669	0.00722	0.00203	0.03009	0.00663	0.11663	0.00892
24	0.00813	0.00670	0.00718	0.00751	0.00944	0.00575	0.00560	0.00983	0.01492	0.01808	0.06129	0.17353	0.57545	0.01771	0.00811	0.00238	0.00363	0.05285	0.00623	0.00566
25	0.02279	0.01797	0.01858	0.01481	0.01975	0.05053	0.01201	0.47704	0.19136	0.03671	0.01830	0.01794	0.01337	0.00809	0.00662	0.00201	0.00697	0.00623	0.00645	0.05246
26	0.01557	0.01730	0.03517	0.02580	0.03101	0.01780	0.53920	0.02025	0.01454	0.02025	0.01247	0.01730	0.00986	0.00707	0.01120	0.00242	0.18340	0.00744	0.00329	0.00865
27	0.09460	0.05072	0.17497	0.01718	0.02375	0.01560	0.16874	0.12320	0.03805	0.10829	0.01476	0.01620	0.01069	0.00655	0.00636	0.00196	0.00803	0.00577	0.00457	0.11000
28	0.01346	0.03471	0.72942	0.01912	0.02904	0.01558	0.02479	0.02125	0.01417	0.02125	0.01204	0.01417	0.00850	0.00637	0.00637	0.00212	0.00992	0.00496	0.00283	0.00992
29	0.01661	0.01594	0.02724	0.04119	0.72233	0.01594	0.02059	0.02059	0.01528	0.02192	0.01262	0.01661	0.01063	0.00598	0.00664	0.00199	0.00797	0.00598	0.00332	0.01063
30	0.00825	0.00662	0.00737	0.00758	0.00936	0.00574	0.00553	0.01010	0.01546	0.01946	0.17492	0.19777	0.47386	0.01721	0.00805	0.00233	0.00345	0.01477	0.00643	0.00574
31	0.00973	0.00660	0.00781	0.00781	0.00798	0.00677	0.00468	0.01008	0.00990	0.01338	0.02069	0.04140	0.02331	0.66225	0.13460	0.00712	0.00814	0.00939	0.00400	0.00434
32	0.00793	0.00680	0.00680	0.00680	0.00906	0.00566	0.00510	0.00963	0.01529	0.01813	0.06797	0.06457	0.71961	0.01699	0.00793	0.00227	0.00340	0.01416	0.00623	0.00566
33	0.01661	0.01594	0.02724	0.04119	0.72233	0.01594	0.02059	0.02059	0.01528	0.02192	0.01262	0.01661	0.01063	0.00598	0.00664	0.00199	0.00797	0.00598	0.00332	0.01063

[dist]
# distance from previous block
# <min> <max>
1	43

[block]
# block no. 2 follows, 32 sequences, length 55
# corresponding to MSA columns:
# 171-225
name=unknown_C
#
# <colnr> <probs for GDERKNQSTAVLIFYWHMCP>
#	G	D	E	R	K	N	Q	S	T	A	V	L	I	F	Y	W	H	M	C	P
0	0.01253	0.02213	0.36303	0.01722	0.04973	0.01261	0.07730	0.01858	0.05251	0.02104	0.05765	0.19271	0.02090	0.01024	0.00709	0.00223	0.00772	0.00908	0.00422	0.04148
1	0.02141	0.01378	0.01521	0.05293	0.01816	0.07785	0.01038	0.11072	0.11649	0.26644	0.02324	0.09313	0.01883	0.04849	0.00826	0.00234	0.00647	0.03350	0.00641	0.05595
2	0.01432	0.01409	0.01968	0.01690	0.01718	0.01935	0.01403	0.01590	0.01043	0.01631	0.00952	0.01543	0.00937	0.01407	0.06887	0.00339	0.67775	0.00589	0.00302	0.03451
3	0.00900	0.00703	0.00831	0.00892	0.01059	0.00647	0.00684	0.01155	0.03872	0.01922	0.09550	0.23102	0.34780	0.01779	0.00832	0.00254	0.00415	0.15400	0.00632	0.00593
4	0.01674	0.01648	0.02618	0.09962	0.62667	0.05545	0.02001	0.02064	0.01533	0.02122	0.01244	0.01647	0.01038	0.00609	0.00662	0.00200	0.00828	0.00589	0.00330	0.01020
5	0.01794	0.76823	0.03516	0.01148	0.01722	0.02655	0.01148	0.02009	0.01363	0.01579	0.00933	0.01076	0.00861	0.00574	0.00431	0.00144	0.00718	0.00359	0.00287	0.00861
6	0.14704	0.01145	0.01441	0.01131	0.01618	0.01048	0.00931	0.02983	0.01802	0.58987	0.05553	0.02228	0.01733	0.00824	0.00641	0.00208	0.00551	0.00652	0.00764	0.01056
7	0.00832	0.00600	0.00791	0.00928	0.00985	0.00558	0.00633	0.00969	0.01338	0.01782	0.07711	0.66899	0.07314	0.02036	0.00852	0.00268	0.00390	0.03930	0.00629	0.00553
8	0.02600	0.01801	0.01965	0.01507	0.02042	0.01964	0.01245	0.62898	0.03023	0.11512	0.01721	0.01683	0.01196	0.00808	0.00672	0.00202	0.00721	0.00612	0.00688	0.01141
9	0.01267	0.01193	0.02013	0.74806	0.04621	0.01491	0.01863	0.01714	0.01342	0.01714	0.01193	0.01789	0.00894	0.00671	0.00671	0.00224	0.00894	0.00596	0.00298	0.00745
10	0.00884	0.00683	0.00805	0.00775	0.00962	0.00605	0.00581	0.01138	0.01743	0.02320	0.44421	0.05622	0.34021	0.01510	0.00792	0.00218	0.00326	0.01299	0.00690	0.00605
11	0.00848	0.00682	0.00756	0.00737	0.00940	0.00590	0.00553	0.01069	0.01659	0.02120	0.29596	0.05951	0.48971	0.01585	0.00792	0.00221	0.00332	0.01345	0.00664	0.00590
12	0.00950	0.00686	0.00897	0.00844	0.01002	0.00633	0.00633	0.01266	0.01899	0.02691	0.71879	0.05012	0.06331	0.01372	0.00791	0.00211	0.00317	0.01213	0.00739	0.00633
13	0.01346	0.03471	0.72942	0.01912	0.02904	0.01558	0.02479	0.02125	0.01417	0.02125	0.01204	0.01417	0.00850	0.00637	0.00637	0.00212	0.00992	0.00496	0.00283	0.00992
14	0.01081	0.00772	0.01081	0.01236	0.01390	0.00772	0.01081	0.01390	0.01545	0.02008	0.03553	0.07569	0.03862	0.01854	0.00927	0.00309	0.00618	0.67717	0.00618	0.00618
15	0.00817	0.00681	0.00713	0.00705	0.00921	0.00577	0.00529	0.01010	0.01586	0.01947	0.16788	0.06236	0.61886	0.01649	0.00793	0.00224	0.00336	0.01385	0.00641	0.00577
16	0.01661	0.01594	0.02724	0.04119	0.72233	0.01594	0.02059	0.02059	0.01528	0.02192	0.01262	0.01661	0.01063	0.00598	0.00664	0.00199	0.00797	0.00598	0.00332	0.01063
17	0.01267	0.01193	0.02013	0.74806	0.04621	0.01491	0.01863	0.01714	0.01342	0.01714	0.01193	0.01789	0.00894	0.00671	0.00671	0.00224	0.00894	0.00596	0.00298	0.00745
18	0.01346	0.03471	0.72942	0.01912	0.02904	0.01558	0.02479	0.02125	0.01417	0.02125	0.01204	0.01417	0.00850	0.00637	0.00637	0.00212	0.00992	0.00496	0.00283	0.00992
19	0.01166	0.00583	0.00874	0.00874	0.00874	0.00583	0.00583	0.00874	0.00874	0.01166	0.01166	0.02040	0.01166	0.02331	0.02622	0.80478	0.00583	0.00583	0.00291	0.00291
20	0.01391	0.01193	0.01391	0.00994	0.01590	0.00894	0.00795	0.01690	0.01391	0.02186	0.01193	0.01391	0.00994	0.00497	0.00497	0.00099	0.00497	0.00398	0.00398	0.80521
21	0.01584	0.01810	0.03959	0.02828	0.03507	0.01697	0.69796	0.02149	0.01584	0.02149	0.01357	0.01810	0.01018	0.00566	0.00792	0.00226	0.01131	0.00792	0.00339	0.00905
22	0.01584	0.01810	0.03959	0.02828	0.03507	0.01697	0.69796	0.02149	0.01584	0.02149	0.01357	0.01810	0.01018	0.00566	0.00792	0.00226	0.01131	0.00792	0.00339	0.00905
23	0.01166	0.00583	0.00874	0.00874	0.00874	0.00583	0.00583	0.00874	0.00874	0.01166	0.01166	0.02040	0.01166	0.02331	0.02622	0.80478	0.00583	0.00583	0.00291	0.00291
24	0.08287	0.01305	0.01436	0.01095	0.01636	0.01180	0.00877	0.08448	0.12500	0.02546	0.01452	0.01562	0.01151	0.00602	0.00536	0.00138	0.00527	0.00471	0.00470	0.53782
25	0.13971	0.08579	0.01741	0.01329	0.01756	0.01778	0.02948	0.09670	0.45119	0.02844	0.02137	0.02045	0.01616	0.00815	0.00620	0.00214	0.00584	0.00646	0.00594	0.00995
26	0.00818	0.00584	0.00779	0.00934	0.00973	0.00545	0.00623	0.00934	0.01285	0.01713	0.03698	0.75981	0.04438	0.02102	0.00856	0.00273	0.00389	0.01908	0.00623	0.00545
27	0.00836	0.00597	0.00800	0.00956	0.01003	0.00561	0.00656	0.00967	0.01303	0.01734	0.03688	0.71090	0.04397	0.02084	0.00861	0.00275	0.00406	0.06613	0.00623	0.00550
28	0.04518	0.01536	0.05414	0.01395	0.01920	0.03675	0.05262	0.14888	0.11196	0.30293	0.04142	0.02048	0.01563	0.00785	0.00658	0.00199	0.00656	0.00645	0.00654	0.08554
29	0.01346	0.03471	0.72942	0.01912	0.02904	0.01558	0.02479	0.02125	0.01417	0.02125	0.01204	0.01417	0.00850	0.00637	0.00637	0.00212	0.00992	0.00496	0.00283	0.00992
30	0.00818	0.00584	0.00779	0.00934	0.00973	0.00545	0.00623	0.00934	0.01285	0.01713	0.03698	0.75981	0.04438	0.02102	0.00856	0.00273	0.00389	0.01908	0.00623	0.00545
31	0.02492	0.02154	0.02090	0.01649	0.02153	0.17200	0.04808	0.52278	0.02809	0.03575	0.01477	0.01536	0.01076	0.00769	0.00663	0.00197	0.00858	0.00577	0.00585	0.01052
32	0.01687	0.19989	0.14232	0.01797	0.02391	0.01737	0.22539	0.04124	0.01598	0.09098	0.09651	0.01973	0.01640	0.00733	0.00723	0.00202	0.03902	0.00664	0.00421	0.00900
33	0.02480	0.01014	0.01338	0.01072	0.01499	0.00885	0.00868	0.02734	0.01820	0.54327	0.06594	0.05115	0.08573	0.00975	0.00680	0.00207	0.00509	0.00806	0.07504	0.01000
34	0.01617	0.00979	0.01017	0.00884	0.01148	0.01036	0.00696	0.20868	0.01900	0.02989	0.02026	0.02250	0.01557	0.00788	0.00526	0.00169	0.00433	0.00619	0.57725	0.00771
35	0.04290	0.01717	0.04478	0.01465	0.01903	0.07938	0.03291	0.22218	0.24179	0.10829	0.02109	0.06845	0.01649	0.00910	0.00722	0.00217	0.02887	0.00727	0.00618	0.01008
36	0.01482	0.01406	0.02320	0.22704	0.22054	0.03585	0.13707	0.05560	0.01548	0.02097	0.01677	0.07291	0.03398	0.00920	0.03041	0.00242	0.00857	0.00751	0.04507	0.00853
37	0.81159	0.01298	0.00986	0.00882	0.01298	0.01505	0.00727	0.01972	0.01142	0.03010	0.00934	0.01090	0.00727	0.00623	0.00415	0.00208	0.00519	0.00363	0.00415	0.00727
38	0.01386	0.02396	0.41682	0.01534	0.02220	0.01312	0.01761	0.03718	0.01464	0.04149	0.03516	0.04726	0.01380	0.00790	0.00711	0.00202	0.04858	0.02585	0.09340	0.10272
39	0.06244	0.01493	0.05466	0.01283	0.01765	0.01436	0.01091	0.24168	0.12387	0.21012	0.05688	0.02498	0.08487	0.00913	0.00671	0.00208	0.00603	0.00728	0.00670	0.03188
40	0.01584	0.01810	0.03959	0.02828	0.03507	0.01697	0.69796	0.02149	0.01584	0.02149	0.01357	0.01810	0.01018	0.00566	0.00792	0.00226	0.01131	0.00792	0.00339	0.00905
41	0.01727	0.01470	0.01550	0.01377	0.01767	0.01696	0.01076	0.07969	0.66523	0.02901	0.02657	0.02444	0.01988	0.00903	0.00682	0.00226	0.00545	0.00748	0.00682	0.01067
42	0.01359	0.03380	0.69156	0.01963	0.02937	0.01566	0.06174	0.02126	0.01426	0.02126	0.01213	0.01438	0.00859	0.00634	0.00646	0.00213	0.00999	0.00512	0.00286	0.00987
43	0.00818	0.00602	0.00767	0.00892	0.00964	0.00551	0.00606	0.00949	0.01342	0.01759	0.06331	0.63079	0.14847	0.02017	0.00845	0.00264	0.00379	0.01810	0.00627	0.00551
44	0.00950	0.00686	0.00897	0.00844	0.01002	0.00633	0.00633	0.01266	0.01899	0.02691	0.71879	0.05012	0.06331	0.01372	0.00791	0.00211	0.00317	0.01213	0.00739	0.00633
45	0.00902	0.00605	0.00809	0.00944	0.01002	0.00562	0.00637	0.01024	0.01309	0.04448	0.03658	0.73141	0.04331	0.02053	0.00849	0.00270	0.00396	0.01860	0.00631	0.00568
46	0.00898	0.00681	0.00913	0.01015	0.01052	0.00709	0.00709	0.01017	0.01250	0.01690	0.03329	0.62910	0.03961	0.05828	0.01125	0.00295	0.07933	0.03545	0.00578	0.00559
47	0.00939	0.00685	0.00883	0.00833	0.00996	0.00629	0.00625	0.01246	0.01875	0.02633	0.67566	0.05108	0.10681	0.01393	0.00791	0.00212	0.00318	0.01227	0.00731	0.00629
48	0.00962	0.00645	0.00736	0.00749	0.00752	0.00642	0.00425	0.00972	0.01002	0.01336	0.02248	0.10442	0.02608	0.70137	0.03199	0.00619	0.00628	0.01055	0.00425	0.00418
49	0.00818	0.00584	0.00779	0.00934	0.00973	0.00545	0.00623	0.00934	0.01285	0.01713	0.03698	0.75981	0.04438	0.02102	0.00856	0.00273	0.00389	0.01908	0.00623	0.00545
50	0.01267	0.01193	0.02013	0.74806	0.04621	0.01491	0.01863	0.01714	0.01342	0.01714	0.01193	0.01789	0.00894	0.00671	0.00671	0.00224	0.00894	0.00596	0.00298	0.00745
51	0.00818	0.00584	0.00779	0.00934	0.00973	0.00545	0.00623	0.00934	0.01285	0.01713	0.03698	0.75981	0.04438	0.02102	0.00856	0.00273	0.00389	0.01908	0.00623	0.00545
52	0.01133	0.00718	0.00931	0.00857	0.01044	0.00661	0.00650	0.01445	0.01868	0.08238	0.61762	0.04629	0.05655	0.01290	0.00761	0.00207	0.00337	0.01132	0.06009	0.00673
53	0.01346	0.03471	0.72942	0.01912	0.02904	0.01558	0.02479	0.02125	0.01417	0.02125	0.01204	0.01417	0.00850	0.00637	0.00637	0.00212	0.00992	0.00496	0.00283	0.00992
54	0.01794	0.76823	0.03516	0.01148	0.01722	0.02655	0.01148	0.02009	0.01363	0.01579	0.00933	0.01076	0.00861	0.00574	0.00431	0.00144	0.00718	0.00359	0.00287	0.00861

[dist]
# distance from previous block
# <min> <max>
0	43

[block]
# block no. 3 follows, 32 sequences, length 39
# corresponding to MSA columns:
# 269-307
name=unknown_D
#
# <colnr> <probs for GDERKNQSTAVLIFYWHMCP>
#	G	D	E	R	K	N	Q	S	T	A	V	L	I	F	Y	W	H	M	C	P
0	0.01683	0.01508	0.01509	0.01362	0.01734	0.05411	0.01056	0.03432	0.65065	0.02712	0.02779	0.02568	0.04331	0.00925	0.00682	0.00225	0.00560	0.00764	0.00663	0.01031
1	0.00811	0.00608	0.00754	0.00871	0.00957	0.00550	0.00595	0.00941	0.01345	0.01738	0.04468	0.58712	0.21210	0.02002	0.00841	0.00261	0.00377	0.01785	0.00623	0.00550
2	0.01371	0.07625	0.69010	0.01869	0.02837	0.01620	0.02404	0.02118	0.01414	0.02094	0.01189	0.01397	0.00851	0.00634	0.00626	0.00209	0.00976	0.00488	0.00284	0.00984
3	0.02512	0.01877	0.02092	0.01595	0.02138	0.02065	0.04021	0.67278	0.03092	0.04145	0.01601	0.01619	0.01136	0.00796	0.00676	0.00202	0.00754	0.00612	0.00658	0.01132
4	0.02264	0.02765	0.01793	0.01627	0.01957	0.57502	0.01231	0.02664	0.10974	0.01804	0.01557	0.01666	0.04750	0.00793	0.00689	0.00188	0.04039	0.00533	0.00403	0.00803
5	0.01584	0.01810	0.03959	0.02828	0.03507	0.01697	0.69796	0.02149	0.01584	0.02149	0.01357	0.01810	0.01018	0.00566	0.00792	0.00226	0.01131	0.00792	0.00339	0.00905
6	0.01267	0.01193	0.02013	0.74806	0.04621	0.01491	0.01863	0.01714	0.01342	0.01714	0.01193	0.01789	0.00894	0.00671	0.00671	0.00224	0.00894	0.00596	0.00298	0.00745
7	0.01267	0.01193	0.02013	0.74806	0.04621	0.01491	0.01863	0.01714	0.01342	0.01714	0.01193	0.01789	0.00894	0.00671	0.00671	0.00224	0.00894	0.00596	0.00298	0.00745
8	0.01609	0.01541	0.02630	0.13452	0.63305	0.01581	0.02033	0.02014	0.01503	0.02129	0.01253	0.01678	0.01041	0.00607	0.00665	0.00202	0.00810	0.00598	0.00328	0.01021
9	0.01794	0.76823	0.03516	0.01148	0.01722	0.02655	0.01148	0.02009	0.01363	0.01579	0.00933	0.01076	0.00861	0.00574	0.00431	0.00144	0.00718	0.00359	0.00287	0.00861
10	0.00836	0.00678	0.00749	0.00793	0.00982	0.00591	0.00604	0.01017	0.01496	0.01825	0.05900	0.16796	0.52761	0.01779	0.00821	0.00245	0.00385	0.10549	0.00622	0.00570
11	0.00983	0.00711	0.01041	0.01041	0.01164	0.00821	0.00808	0.01228	0.01106	0.01636	0.01830	0.02625	0.01681	0.04680	0.67677	0.01002	0.01674	0.00711	0.06982	0.00601
12	0.01579	0.01797	0.03885	0.02786	0.03438	0.01711	0.67121	0.02128	0.01562	0.02128	0.01339	0.01797	0.01013	0.00589	0.00847	0.00229	0.04031	0.00784	0.00338	0.00898
13	0.03010	0.01142	0.01557	0.01194	0.01713	0.00986	0.00986	0.03270	0.01920	0.72698	0.02647	0.02284	0.01661	0.00830	0.00675	0.00208	0.00571	0.00675	0.00830	0.01142
14	0.00818	0.00584	0.00779	0.00934	0.00973	0.00545	0.00623	0.00934	0.01285	0.01713	0.03698	0.75981	0.04438	0.02102	0.00856	0.00273	0.00389	0.01908	0.00623	0.00545
15	0.01755	0.01645	0.01547	0.01396	0.01764	0.10947	0.01079	0.03379	0.59914	0.02653	0.04689	0.02415	0.02030	0.00897	0.00676	0.00220	0.00612	0.00731	0.00641	0.01012
16	0.01802	0.01554	0.01502	0.01342	0.01683	0.11306	0.01047	0.13789	0.30855	0.05459	0.08798	0.09600	0.02443	0.01068	0.00710	0.00222	0.00631	0.04627	0.00636	0.00926
17	0.02510	0.03088	0.01911	0.01713	0.02075	0.67779	0.01295	0.08267	0.02005	0.01857	0.01085	0.01243	0.00887	0.00701	0.00611	0.00175	0.01171	0.00446	0.00373	0.00808
18	0.01066	0.00762	0.01064	0.01219	0.01367	0.00759	0.01055	0.01364	0.01530	0.01991	0.03561	0.11443	0.03894	0.01868	0.00923	0.00307	0.00605	0.63990	0.00618	0.00614
19	0.17083	0.01617	0.01756	0.01396	0.01884	0.11253	0.06613	0.12112	0.04094	0.32763	0.01867	0.01793	0.01268	0.00751	0.00627	0.00204	0.00716	0.00587	0.00621	0.00994
20	0.01488	0.32518	0.36516	0.01523	0.02262	0.01910	0.03492	0.01987	0.01433	0.01931	0.05652	0.01682	0.03582	0.00691	0.00573	0.00186	0.00822	0.00524	0.00326	0.00901
21	0.00795	0.00671	0.00689	0.00704	0.00913	0.00564	0.00520	0.00960	0.01506	0.01803	0.06506	0.12997	0.65610	0.01737	0.00799	0.00231	0.00345	0.01462	0.00623	0.00564
22	0.00976	0.00651	0.00732	0.00732	0.00732	0.00651	0.00407	0.00976	0.00976	0.01301	0.02114	0.04391	0.02439	0.76419	0.03415	0.00651	0.00651	0.00976	0.00407	0.00407
23	0.02071	0.14125	0.13540	0.01413	0.01975	0.01734	0.01330	0.18574	0.15252	0.16417	0.01861	0.01847	0.01351	0.00980	0.04343	0.00245	0.00757	0.00596	0.00563	0.01028
24	0.00976	0.00651	0.00732	0.00732	0.00732	0.00651	0.00407	0.00976	0.00976	0.01301	0.02114	0.04391	0.02439	0.76419	0.03415	0.00651	0.00651	0.00976	0.00407	0.00407
25	0.00963	0.00645	0.00736	0.00748	0.00751	0.00642	0.00424	0.00972	0.01001	0.01334	0.02243	0.10206	0.02602	0.70382	0.03207	0.00620	0.00629	0.01051	0.00424	0.00418
26	0.00900	0.00696	0.00990	0.07922	0.01400	0.00683	0.02453	0.01087	0.01368	0.01805	0.07509	0.53295	0.09577	0.01840	0.00833	0.00262	0.00461	0.05741	0.00592	0.00584
27	0.08992	0.01370	0.02110	0.44796	0.09608	0.01587	0.07191	0.08870	0.05027	0.02224	0.01307	0.01731	0.00986	0.00677	0.00657	0.00218	0.00836	0.00599	0.00373	0.00840
28	0.00854	0.00653	0.00930	0.01008	0.01094	0.00604	0.04071	0.00997	0.01319	0.01743	0.03833	0.66626	0.09752	0.01993	0.00848	0.00266	0.00422	0.01812	0.00609	0.00565
29	0.00861	0.00696	0.00774	0.00795	0.01001	0.00610	0.00623	0.01071	0.01574	0.01946	0.13584	0.06487	0.52761	0.01689	0.00816	0.00239	0.00385	0.12872	0.00635	0.00583
30	0.01329	0.03043	0.60476	0.01774	0.02633	0.01477	0.02193	0.02146	0.07084	0.02183	0.04396	0.05443	0.01358	0.00765	0.00659	0.00217	0.00896	0.00619	0.00352	0.00960
31	0.01368	0.07700	0.08517	0.01992	0.12167	0.01355	0.18768	0.01869	0.07162	0.02073	0.02096	0.21477	0.02045	0.01031	0.00712	0.00221	0.00724	0.00981	0.06915	0.00826
32	0.01503	0.01532	0.02044	0.07823	0.02015	0.05591	0.01492	0.01676	0.01097	0.01624	0.00914	0.01482	0.00881	0.01108	0.01995	0.00282	0.65326	0.00580	0.00297	0.00737
33	0.00989	0.00674	0.00830	0.00806	0.00934	0.00657	0.00581	0.01222	0.01507	0.02173	0.33187	0.04311	0.09590	0.16291	0.10844	0.00403	0.00577	0.01029	0.12817	0.00578
34	0.10958	0.08072	0.08787	0.01761	0.07902	0.10347	0.06646	0.17727	0.12605	0.06477	0.01552	0.01636	0.01163	0.00718	0.00623	0.00201	0.00786	0.00568	0.00492	0.00977
35	0.01611	0.05717	0.23244	0.09746	0.12129	0.01446	0.09506	0.05009	0.01559	0.10526	0.01738	0.11597	0.01493	0.00850	0.00687	0.00217	0.00815	0.00762	0.00426	0.00924
36	0.00989	0.00697	0.00859	0.00846	0.00878	0.00740	0.00545	0.01059	0.01045	0.01435	0.05549	0.03961	0.02426	0.55463	0.17353	0.00701	0.03654	0.00922	0.00410	0.00469
37	0.01413	0.01341	0.02425	0.32203	0.09036	0.01435	0.21008	0.05216	0.01514	0.02012	0.05007	0.02132	0.03910	0.00853	0.00877	0.06882	0.00871	0.00713	0.00365	0.00787
38	0.01744	0.03905	0.27115	0.02016	0.13070	0.04537	0.04023	0.12738	0.08774	0.07002	0.01827	0.04635	0.04025	0.00792	0.00667	0.00210	0.00809	0.00659	0.00457	0.00994

[dist]
# distance from previous block
# <min> <max>
3	12

[block]
# block no. 4 follows, 32 sequences, length 43
# corresponding to MSA columns:
# 321-363
name=unknown_E
#
# <colnr> <probs for GDERKNQSTAVLIFYWHMCP>
#	G	D	E	R	K	N	Q	S	T	A	V	L	I	F	Y	W	H	M	C	P
0	0.02298	0.04819	0.01694	0.01421	0.03703	0.20866	0.01079	0.10413	0.03357	0.24903	0.01998	0.09239	0.01650	0.06336	0.00903	0.00236	0.02877	0.00728	0.00575	0.00905
1	0.13805	0.01285	0.01673	0.01287	0.01791	0.01223	0.06600	0.10894	0.01885	0.38100	0.06339	0.02084	0.01643	0.00781	0.00639	0.00199	0.00608	0.00641	0.00668	0.07856
2	0.01593	0.01576	0.02045	0.01744	0.01799	0.05323	0.01446	0.06572	0.01220	0.01804	0.00940	0.01467	0.00899	0.01126	0.02019	0.00281	0.66475	0.00581	0.00323	0.00765
3	0.15133	0.01470	0.04762	0.05274	0.01837	0.01483	0.01081	0.28926	0.02088	0.13082	0.02010	0.07388	0.04361	0.07106	0.00872	0.00248	0.00650	0.00726	0.00586	0.00918
4	0.01432	0.01327	0.02183	0.53823	0.20709	0.01548	0.01878	0.05542	0.01486	0.01967	0.01232	0.01748	0.00948	0.00661	0.00669	0.00217	0.00863	0.00597	0.00327	0.00843
5	0.00950	0.00686	0.00897	0.00844	0.01002	0.00633	0.00633	0.01266	0.01899	0.02691	0.71879	0.05012	0.06331	0.01372	0.00791	0.00211	0.00317	0.01213	0.00739	0.00633
6	0.00950	0.00686	0.00897	0.00844	0.01002	0.00633	0.00633	0.01266	0.01899	0.02691	0.71879	0.05012	0.06331	0.01372	0.00791	0.00211	0.00317	0.01213	0.00739	0.00633
7	0.01464	0.01998	0.16143	0.02460	0.03146	0.01561	0.50858	0.02029	0.01542	0.02110	0.01780	0.03965	0.06168	0.00699	0.00766	0.00225	0.01030	0.00811	0.00357	0.00887
8	0.01062	0.00798	0.01001	0.00956	0.01144	0.00789	0.00738	0.01594	0.11333	0.02636	0.55343	0.04933	0.05489	0.01358	0.00791	0.00223	0.00377	0.08025	0.00718	0.00690
9	0.07698	0.00772	0.00947	0.00868	0.01079	0.00730	0.00663	0.01471	0.01822	0.08290	0.57533	0.04537	0.08488	0.01282	0.00751	0.00211	0.00355	0.01110	0.00714	0.00679
10	0.00818	0.00584	0.00779	0.00934	0.00973	0.00545	0.00623	0.00934	0.01285	0.01713	0.03698	0.75981	0.04438	0.02102	0.00856	0.00273	0.00389	0.01908	0.00623	0.00545
11	0.01225	0.01032	0.01159	0.01163	0.01332	0.06112	0.02760	0.07224	0.10413	0.02082	0.03137	0.50109	0.03480	0.01687	0.00802	0.00254	0.00526	0.04206	0.00606	0.00691
12	0.01669	0.01441	0.01517	0.01365	0.01745	0.01669	0.01062	0.03565	0.71021	0.02807	0.02731	0.02503	0.02048	0.00910	0.00683	0.00228	0.00531	0.00759	0.00683	0.01062
13	0.00830	0.00593	0.00792	0.00948	0.00992	0.00555	0.00644	0.00955	0.01296	0.01726	0.03692	0.72863	0.04412	0.02091	0.00860	0.00274	0.00400	0.04907	0.00623	0.00548
14	0.02103	0.01544	0.01678	0.01401	0.01846	0.01718	0.01120	0.24372	0.41619	0.11456	0.02370	0.02198	0.01718	0.00868	0.00678	0.00217	0.00601	0.00700	0.00696	0.01096
15	0.65474	0.01414	0.01191	0.01014	0.01454	0.01620	0.00836	0.15545	0.01544	0.03254	0.01069	0.01194	0.00809	0.00659	0.00466	0.00206	0.00563	0.00411	0.00466	0.00809
16	0.00976	0.00651	0.00732	0.00732	0.00732	0.00651	0.00407	0.00976	0.00976	0.01301	0.02114	0.04391	0.02439	0.76419	0.03415	0.00651	0.00651	0.00976	0.00407	0.00407
17	0.01043	0.00694	0.00913	0.00880	0.01038	0.00637	0.00651	0.01321	0.01791	0.06486	0.55824	0.17484	0.05730	0.01471	0.00796	0.00222	0.00344	0.01306	0.00723	0.00646
18	0.01346	0.03471	0.72942	0.01912	0.02904	0.01558	0.02479	0.02125	0.01417	0.02125	0.01204	0.01417	0.00850	0.00637	0.00637	0.00212	0.00992	0.00496	0.00283	0.00992
19	0.01166	0.00583	0.00874	0.00874	0.00874	0.00583	0.00583	0.00874	0.00874	0.01166	0.01166	0.02040	0.01166	0.02331	0.02622	0.80478	0.00583	0.00583	0.00291	0.00291
20	0.01112	0.00723	0.00942	0.00866	0.01057	0.00659	0.00657	0.01418	0.01885	0.08404	0.63329	0.04852	0.08834	0.01342	0.00782	0.00211	0.00338	0.01178	0.00741	0.00672
21	0.02471	0.01890	0.01937	0.01499	0.02026	0.07085	0.01227	0.57025	0.02874	0.06532	0.01576	0.01590	0.01129	0.00773	0.00652	0.00191	0.00746	0.00578	0.00632	0.07566
22	0.00913	0.00737	0.00843	0.00864	0.01071	0.00684	0.00683	0.01203	0.04682	0.01924	0.09121	0.06107	0.45763	0.01950	0.06810	0.00312	0.00523	0.14596	0.00609	0.00606
23	0.04709	0.02131	0.01782	0.01541	0.01924	0.30041	0.04916	0.10983	0.22608	0.02460	0.06901	0.02074	0.03332	0.00835	0.00658	0.00201	0.00837	0.00648	0.00523	0.00897
24	0.01500	0.01522	0.02050	0.01761	0.01771	0.04287	0.01463	0.01648	0.01055	0.01616	0.00886	0.01460	0.00880	0.01159	0.02152	0.00290	0.72887	0.00582	0.00295	0.00735
25	0.00845	0.00682	0.00735	0.00731	0.00925	0.00592	0.00542	0.01031	0.01549	0.01930	0.17605	0.06074	0.52557	0.07787	0.01013	0.00261	0.00371	0.03580	0.00625	0.00567
26	0.01170	0.00876	0.01143	0.01239	0.01430	0.00911	0.01058	0.01736	0.12786	0.02168	0.06533	0.06634	0.03681	0.01679	0.00881	0.00291	0.00590	0.53869	0.00634	0.00690
27	0.02614	0.01360	0.01552	0.01254	0.01710	0.07092	0.01020	0.10546	0.06184	0.46657	0.04129	0.02451	0.01778	0.00879	0.00674	0.00208	0.00624	0.03718	0.04505	0.01046
28	0.02006	0.11129	0.23062	0.01752	0.02390	0.14979	0.08180	0.18656	0.01950	0.05884	0.01317	0.01468	0.00980	0.00696	0.00671	0.00198	0.02760	0.00534	0.00421	0.00966
29	0.01977	0.32519	0.15751	0.01645	0.05967	0.25486	0.01488	0.02294	0.01576	0.04132	0.01093	0.01256	0.00898	0.00634	0.00547	0.00171	0.00928	0.00432	0.00326	0.00879
30	0.72133	0.01432	0.01050	0.00944	0.01345	0.07411	0.00765	0.02017	0.01213	0.02882	0.00983	0.01145	0.00770	0.00634	0.00433	0.00203	0.00569	0.00377	0.02967	0.00728
31	0.01525	0.01306	0.02183	0.48101	0.24141	0.01480	0.01849	0.01943	0.01444	0.07686	0.01332	0.01792	0.01007	0.00663	0.00669	0.00215	0.00839	0.00603	0.00352	0.00871
32	0.00828	0.00591	0.00790	0.00946	0.00989	0.00554	0.00641	0.00952	0.01295	0.01724	0.03693	0.73328	0.04416	0.02093	0.00859	0.00274	0.00398	0.04460	0.00623	0.00548
33	0.00834	0.00600	0.00794	0.00937	0.00993	0.00560	0.00643	0.00968	0.01325	0.01758	0.05631	0.67661	0.07220	0.02053	0.00856	0.00271	0.00397	0.05320	0.00626	0.00552
34	0.01556	0.01741	0.05236	0.06805	0.13895	0.01715	0.44569	0.02038	0.01482	0.02059	0.01265	0.01729	0.00995	0.00661	0.00953	0.00231	0.11127	0.00716	0.00328	0.00900
35	0.00874	0.04857	0.00856	0.00732	0.00957	0.00696	0.00560	0.01039	0.01476	0.01767	0.05965	0.06041	0.59668	0.07671	0.00990	0.00260	0.00397	0.04035	0.00587	0.00572
36	0.00820	0.00593	0.00770	0.00910	0.00961	0.00550	0.00608	0.00938	0.01293	0.01708	0.03875	0.68911	0.09227	0.04232	0.00926	0.00280	0.00393	0.01845	0.00617	0.00543
37	0.01251	0.00625	0.00625	0.00625	0.00782	0.00625	0.00469	0.01563	0.01407	0.02502	0.02189	0.02502	0.01720	0.00782	0.00469	0.00156	0.00313	0.00625	0.80144	0.00625
38	0.01115	0.00708	0.00877	0.00883	0.01065	0.00638	0.00647	0.01294	0.01488	0.11044	0.10167	0.31251	0.27327	0.01948	0.06039	0.00301	0.00491	0.01435	0.00641	0.00641
39	0.00818	0.00584	0.00779	0.00934	0.00973	0.00545	0.00623	0.00934	0.01285	0.01713	0.03698	0.75981	0.04438	0.02102	0.00856	0.00273	0.00389	0.01908	0.00623	0.00545
40	0.00818	0.00584	0.00779	0.00934	0.00973	0.00545	0.00623	0.00934	0.01285	0.01713	0.03698	0.75981	0.04438	0.02102	0.00856	0.00273	0.00389	0.01908	0.00623	0.00545
41	0.16602	0.13045	0.12950	0.01575	0.04718	0.22552	0.04447	0.04075	0.03556	0.05352	0.01440	0.01571	0.04031	0.00704	0.00576	0.00191	0.00860	0.00509	0.00392	0.00855
42	0.01903	0.40892	0.02705	0.01474	0.05125	0.22434	0.01206	0.02094	0.01468	0.01609	0.01059	0.01412	0.00987	0.06102	0.00849	0.00203	0.06907	0.00454	0.00315	0.00804

[dist]
# distance from previous block
# <min> <max>
0	1

[block]
# block no. 5 follows, 32 sequences, length 46
# corresponding to MSA columns:
# 367-412
name=unknown_F
#
# <colnr> <probs for GDERKNQSTAVLIFYWHMCP>
#	G	D	E	R	K	N	Q	S	T	A	V	L	I	F	Y	W	H	M	C	P
0	0.07685	0.04320	0.21892	0.01877	0.15388	0.03805	0.01535	0.03579	0.01507	0.03861	0.06031	0.03945	0.01418	0.00697	0.00603	0.00180	0.00719	0.00573	0.00395	0.19990
1	0.01832	0.08674	0.08917	0.01341	0.01741	0.05679	0.01190	0.02422	0.14947	0.18125	0.04806	0.02561	0.10678	0.00981	0.00914	0.00220	0.12789	0.00729	0.00550	0.00906
2	0.00965	0.00652	0.00729	0.00729	0.00742	0.00646	0.00412	0.00975	0.01007	0.01330	0.02378	0.04507	0.06353	0.72212	0.03268	0.00627	0.00633	0.01001	0.00419	0.00416
3	0.01547	0.01739	0.03735	0.11129	0.03635	0.01673	0.61962	0.02099	0.01556	0.02099	0.01338	0.01808	0.01004	0.00578	0.00778	0.00226	0.01104	0.00769	0.00335	0.00887
4	0.01289	0.05022	0.01288	0.01026	0.01276	0.00969	0.07626	0.05539	0.03856	0.02276	0.02575	0.09336	0.08712	0.03939	0.06172	0.00271	0.00582	0.00842	0.36716	0.00689
5	0.06561	0.04164	0.01722	0.01333	0.01819	0.21308	0.02777	0.07141	0.01773	0.19987	0.01539	0.01590	0.01131	0.00755	0.01989	0.00183	0.00779	0.00505	0.00507	0.22437
6	0.02975	0.01198	0.01592	0.01220	0.01741	0.01070	0.01008	0.08351	0.02014	0.67484	0.02568	0.02233	0.01621	0.00829	0.00674	0.00207	0.00584	0.00669	0.00818	0.01142
7	0.04626	0.01127	0.01495	0.01165	0.01647	0.01002	0.00956	0.05389	0.01944	0.61812	0.09339	0.02499	0.02077	0.00878	0.00680	0.00208	0.00551	0.00718	0.00806	0.01082
8	0.01390	0.10642	0.66155	0.01838	0.02789	0.01666	0.02349	0.02114	0.01411	0.02072	0.01178	0.01383	0.00851	0.00631	0.00617	0.00206	0.00965	0.00482	0.00284	0.00979
9	0.01251	0.00625	0.00625	0.00625	0.00782	0.00625	0.00469	0.01563	0.01407	0.02502	0.02189	0.02502	0.01720	0.00782	0.00469	0.00156	0.00313	0.00625	0.80144	0.00625
10	0.00818	0.00584	0.00779	0.00934	0.00973	0.00545	0.00623	0.00934	0.01285	0.01713	0.03698	0.75981	0.04438	0.02102	0.00856	0.00273	0.00389	0.01908	0.00623	0.00545
11	0.07599	0.01044	0.01144	0.01126	0.01311	0.06806	0.02960	0.07974	0.01544	0.05437	0.02937	0.50924	0.03294	0.01636	0.00772	0.00248	0.00532	0.01445	0.00589	0.00676
