[name]
unknown

[dist]
# distance from previous block
# <min> <max>
0	66

[block]
# block no. 0 follows, 36 sequences, length 19
# corresponding to MSA columns:
# 77-95
name=unknown_A
#
# <colnr> <probs for GDERKNQSTAVLIFYWHMCP>
#	G	D	E	R	K	N	Q	S	T	A	V	L	I	F	Y	W	H	M	C	P
0	0.10904	0.01318	0.01293	0.01174	0.01489	0.08917	0.00963	0.19889	0.07351	0.04540	0.02609	0.03670	0.10969	0.01115	0.00674	0.00219	0.00609	0.20980	0.00549	0.00765
1	0.01911	0.08818	0.01735	0.01216	0.01693	0.03684	0.01001	0.30873	0.10152	0.07633	0.01572	0.04146	0.01226	0.00707	0.00567	0.00163	0.00597	0.00549	0.00526	0.21232
2	0.00780	0.00567	0.00736	0.00833	0.00904	0.00523	0.00572	0.00926	0.01315	0.01763	0.16475	0.58700	0.10007	0.01799	0.00780	0.00239	0.00346	0.01618	0.00598	0.00523
3	0.01468	0.18780	0.48722	0.01579	0.02336	0.06507	0.01865	0.05031	0.04659	0.01950	0.01136	0.01290	0.00854	0.00601	0.00553	0.00182	0.00851	0.00445	0.00300	0.00891
4	0.01718	0.01692	0.14831	0.01535	0.03746	0.04637	0.09997	0.13485	0.12029	0.13309	0.02044	0.07621	0.04026	0.03219	0.00733	0.00217	0.00700	0.03067	0.00509	0.00885
5	0.02795	0.01060	0.01446	0.01109	0.01591	0.00916	0.00916	0.03036	0.01783	0.74648	0.02458	0.02121	0.01542	0.00771	0.00627	0.00193	0.00530	0.00627	0.00771	0.01060
6	0.01542	0.01480	0.02529	0.03824	0.74217	0.01480	0.01912	0.01912	0.01419	0.02036	0.01172	0.01542	0.00987	0.00555	0.00617	0.00185	0.00740	0.00555	0.00308	0.00987
7	0.01466	0.01495	0.05485	0.11505	0.53153	0.01454	0.06419	0.01933	0.05190	0.02000	0.01296	0.03471	0.01084	0.00612	0.00630	0.00193	0.00756	0.00601	0.00327	0.00930
8	0.01251	0.00852	0.01058	0.01157	0.08798	0.02763	0.00766	0.01523	0.04066	0.12482	0.15569	0.18483	0.20742	0.01265	0.00690	0.00205	0.00424	0.01097	0.06126	0.00684
9	0.02795	0.01060	0.01446	0.01109	0.01591	0.00916	0.00916	0.03036	0.01783	0.74648	0.02458	0.02121	0.01542	0.00771	0.00627	0.00193	0.00530	0.00627	0.00771	0.01060
10	0.02795	0.01060	0.01446	0.01109	0.01591	0.00916	0.00916	0.03036	0.01783	0.74648	0.02458	0.02121	0.01542	0.00771	0.00627	0.00193	0.00530	0.00627	0.00771	0.01060
11	0.01101	0.01028	0.04527	0.09409	0.01686	0.01144	0.04785	0.01347	0.01093	0.01603	0.03630	0.02229	0.01441	0.09483	0.28186	0.00540	0.18990	0.00651	0.06509	0.00617
12	0.01536	0.01350	0.02273	0.23453	0.26037	0.01425	0.13061	0.05551	0.07103	0.07302	0.01457	0.04124	0.01152	0.00662	0.00646	0.00200	0.00767	0.00640	0.00384	0.00874
13	0.02795	0.01060	0.01446	0.01109	0.01591	0.00916	0.00916	0.03036	0.01783	0.74648	0.02458	0.02121	0.01542	0.00771	0.00627	0.00193	0.00530	0.00627	0.00771	0.01060
14	0.00870	0.00636	0.00816	0.00771	0.00924	0.00583	0.00579	0.01153	0.01736	0.02432	0.68380	0.04764	0.11428	0.01299	0.00735	0.00197	0.00296	0.01142	0.00677	0.00583
15	0.01656	0.55145	0.07600	0.01160	0.01655	0.12940	0.01120	0.01888	0.01374	0.01570	0.04826	0.01435	0.04148	0.00635	0.00468	0.00148	0.00717	0.00433	0.00309	0.00774
16	0.01385	0.19004	0.42070	0.01610	0.02311	0.05367	0.08006	0.01932	0.03231	0.01832	0.01276	0.06900	0.01080	0.00682	0.00578	0.00187	0.00836	0.00557	0.00304	0.00849
17	0.01023	0.00755	0.01045	0.00995	0.01042	0.00896	0.00739	0.01095	0.00948	0.01367	0.01493	0.02530	0.01507	0.20609	0.29942	0.14784	0.14949	0.00676	0.03118	0.00489
18	0.00871	0.00636	0.00818	0.00772	0.00924	0.00583	0.00579	0.01154	0.01738	0.02437	0.68767	0.04756	0.11039	0.01297	0.00735	0.00197	0.00296	0.01141	0.00678	0.00583

[dist]
# distance from previous block
# <min> <max>
2	4

[block]
# block no. 1 follows, 36 sequences, length 27
# corresponding to MSA columns:
# 100-126
name=unknown_B
#
# <colnr> <probs for GDERKNQSTAVLIFYWHMCP>
#	G	D	E	R	K	N	Q	S	T	A	V	L	I	F	Y	W	H	M	C	P
0	0.07932	0.08330	0.01829	0.05664	0.05528	0.49757	0.01198	0.02394	0.08470	0.01745	0.01118	0.01271	0.00909	0.00643	0.00549	0.00169	0.00946	0.00436	0.00349	0.00762
1	0.01571	0.03238	0.01552	0.01595	0.13390	0.07650	0.01077	0.14338	0.18128	0.02380	0.02214	0.06825	0.07252	0.01011	0.02817	0.00219	0.02410	0.02912	0.08588	0.00834
2	0.01075	0.00787	0.01078	0.07024	0.08682	0.00747	0.00807	0.01341	0.01584	0.07564	0.35866	0.06501	0.22119	0.01211	0.00708	0.00201	0.00407	0.01054	0.00591	0.00654
3	0.00811	0.00616	0.00732	0.00738	0.00878	0.00553	0.00532	0.01004	0.01483	0.01964	0.32834	0.18032	0.29116	0.06783	0.00914	0.00239	0.00335	0.01292	0.00608	0.00537
4	0.82504	0.01205	0.00916	0.00819	0.01205	0.01398	0.00675	0.01832	0.01060	0.02795	0.00868	0.01012	0.00675	0.00578	0.00386	0.00193	0.00482	0.00337	0.00386	0.00675
5	0.00788	0.00633	0.00702	0.00685	0.00873	0.00548	0.00514	0.00994	0.01541	0.01971	0.30165	0.05522	0.49931	0.01471	0.00736	0.00205	0.00308	0.01249	0.00616	0.00548
6	0.82504	0.01205	0.00916	0.00819	0.01205	0.01398	0.00675	0.01832	0.01060	0.02795	0.00868	0.01012	0.00675	0.00578	0.00386	0.00193	0.00482	0.00337	0.00386	0.00675
7	0.02368	0.01745	0.01870	0.01434	0.01932	0.01932	0.01184	0.72139	0.02929	0.03927	0.01496	0.01496	0.01060	0.00748	0.00623	0.00187	0.00686	0.00561	0.00623	0.01060
8	0.82504	0.01205	0.00916	0.00819	0.01205	0.01398	0.00675	0.01832	0.01060	0.02795	0.00868	0.01012	0.00675	0.00578	0.00386	0.00193	0.00482	0.00337	0.00386	0.00675
9	0.02368	0.01745	0.01870	0.01434	0.01932	0.01932	0.01184	0.72139	0.02929	0.03927	0.01496	0.01496	0.01060	0.00748	0.00623	0.00187	0.00686	0.00561	0.00623	0.01060
10	0.01550	0.01338	0.01409	0.01268	0.01620	0.01550	0.00986	0.03311	0.73091	0.02606	0.02536	0.02325	0.01902	0.00845	0.00634	0.00211	0.00493	0.00704	0.00634	0.00986
11	0.00816	0.00634	0.00742	0.00715	0.00891	0.00560	0.00536	0.01049	0.01609	0.02130	0.43380	0.05260	0.36616	0.01411	0.00736	0.00202	0.00304	0.01212	0.00637	0.00560
12	0.01010	0.00669	0.00850	0.00786	0.00969	0.00604	0.00596	0.01279	0.01713	0.08030	0.58028	0.04659	0.15878	0.01281	0.00727	0.00198	0.00316	0.01116	0.00676	0.00616
13	0.00922	0.00708	0.01009	0.00998	0.01077	0.00828	0.00754	0.01096	0.00998	0.01427	0.01778	0.08492	0.01799	0.14931	0.52878	0.00822	0.07812	0.00779	0.00354	0.00537
14	0.05352	0.01049	0.01405	0.01087	0.01553	0.00919	0.00895	0.02926	0.01759	0.69535	0.05122	0.02180	0.01679	0.00784	0.00623	0.00193	0.00520	0.00636	0.00755	0.01030
15	0.00864	0.00636	0.00807	0.00765	0.00920	0.00580	0.00573	0.01140	0.01720	0.02396	0.65379	0.04823	0.14452	0.01312	0.00735	0.00198	0.00297	0.01150	0.00672	0.00580
16	0.01445	0.11816	0.26082	0.02120	0.10754	0.04112	0.20266	0.01908	0.01326	0.01841	0.01083	0.01398	0.00859	0.00635	0.00813	0.00201	0.11666	0.00538	0.00286	0.00852
17	0.01190	0.01108	0.01854	0.63316	0.11086	0.01332	0.01659	0.01592	0.01304	0.01708	0.06818	0.01884	0.01242	0.00667	0.00631	0.00204	0.00779	0.00599	0.00312	0.00714
18	0.00756	0.00555	0.00710	0.00834	0.00895	0.00509	0.00564	0.00871	0.01225	0.01603	0.03837	0.67661	0.13896	0.01900	0.00787	0.00247	0.00355	0.01707	0.00578	0.00509
19	0.02649	0.01052	0.01417	0.01096	0.01555	0.00925	0.00901	0.05084	0.01818	0.67387	0.07410	0.02278	0.01830	0.00805	0.00634	0.00193	0.00519	0.00659	0.00761	0.01027
20	0.01281	0.05953	0.67130	0.01809	0.02695	0.01495	0.07189	0.01971	0.01325	0.01956	0.01119	0.01329	0.00801	0.00585	0.00595	0.00196	0.00920	0.00475	0.00267	0.00911
21	0.01232	0.01164	0.01969	0.65535	0.14927	0.01399	0.01758	0.01641	0.01272	0.01659	0.01117	0.01643	0.00854	0.00613	0.00622	0.00204	0.00817	0.00554	0.00282	0.00737
22	0.00887	0.00672	0.00904	0.00836	0.01005	0.00616	0.02828	0.01172	0.01704	0.02368	0.61513	0.04792	0.13556	0.01300	0.00739	0.00201	0.00329	0.03332	0.00658	0.00588
23	0.01355	0.01526	0.10825	0.09262	0.32334	0.01363	0.11264	0.01698	0.01304	0.01827	0.01468	0.01853	0.05661	0.00824	0.00925	0.08034	0.06740	0.00616	0.00312	0.00810
24	0.01637	0.08948	0.18309	0.02202	0.23167	0.08912	0.05585	0.07478	0.06070	0.05199	0.01411	0.05781	0.01170	0.00690	0.00605	0.00188	0.00779	0.00591	0.00376	0.00902
25	0.01274	0.05620	0.69884	0.01828	0.05279	0.01482	0.02247	0.01967	0.01318	0.01959	0.01112	0.01313	0.00797	0.00589	0.00587	0.00195	0.00906	0.00460	0.00265	0.00919
26	0.25276	0.02040	0.01735	0.02004	0.22105	0.33254	0.01251	0.02136	0.01464	0.02036	0.00994	0.01209	0.00818	0.00599	0.00526	0.00177	0.00830	0.00426	0.00336	0.00783

[dist]
# distance from previous block
# <min> <max>
0	2

[block]
# block no. 2 follows, 36 sequences, length 18
# corresponding to MSA columns:
# 129-146
name=unknown_C
#
# <colnr> <probs for GDERKNQSTAVLIFYWHMCP>
#	G	D	E	R	K	N	Q	S	T	A	V	L	I	F	Y	W	H	M	C	P
0	0.00961	0.00708	0.00870	0.00935	0.01042	0.00704	0.00656	0.08221	0.05013	0.01883	0.03316	0.63071	0.06705	0.01758	0.00767	0.00242	0.00399	0.01575	0.00586	0.00587
1	0.01789	0.13742	0.05542	0.04065	0.20437	0.25294	0.09211	0.03793	0.01506	0.01775	0.01047	0.01320	0.00872	0.00624	0.00684	0.00180	0.06497	0.00488	0.00309	0.00827
2	0.00826	0.00617	0.00771	0.00794	0.00927	0.00561	0.00586	0.01042	0.01521	0.02045	0.36379	0.23565	0.20627	0.01542	0.00758	0.00219	0.00334	0.05707	0.00627	0.00552
3	0.00998	0.00784	0.00973	0.00932	0.03094	0.00745	0.02565	0.01432	0.10443	0.04108	0.35311	0.04607	0.29077	0.01275	0.00717	0.00203	0.00365	0.01101	0.00623	0.00646
4	0.01161	0.00581	0.00581	0.00581	0.00726	0.00581	0.00436	0.01452	0.01307	0.02323	0.02033	0.02323	0.01597	0.00726	0.00436	0.00145	0.00290	0.00581	0.81562	0.00581
5	0.00819	0.00634	0.00746	0.00718	0.00892	0.00561	0.00538	0.01054	0.01615	0.02146	0.44631	0.05235	0.35356	0.01405	0.00736	0.00202	0.00303	0.01208	0.00639	0.00561
6	0.01292	0.01107	0.01292	0.00923	0.01477	0.00831	0.00738	0.01569	0.01292	0.02030	0.01107	0.01292	0.00923	0.00461	0.00461	0.00092	0.00461	0.00369	0.00369	0.81912
7	0.01687	0.01407	0.01486	0.01296	0.01673	0.01614	0.01020	0.14890	0.61287	0.02828	0.02361	0.02185	0.01760	0.00829	0.00632	0.00207	0.00525	0.00680	0.00632	0.00999
8	0.02368	0.01745	0.01870	0.01434	0.01932	0.01932	0.01184	0.72139	0.02929	0.03927	0.01496	0.01496	0.01060	0.00748	0.00623	0.00187	0.00686	0.00561	0.00623	0.01060
9	0.00903	0.00618	0.00750	0.00750	0.00774	0.00642	0.00465	0.00951	0.00927	0.01260	0.01899	0.03722	0.02111	0.62096	0.18968	0.00691	0.00836	0.00854	0.00368	0.00417
10	0.01471	0.01681	0.03676	0.02626	0.03256	0.01576	0.71954	0.01996	0.01471	0.01996	0.01261	0.01681	0.00945	0.00525	0.00735	0.00210	0.01050	0.00735	0.00315	0.00840
11	0.02652	0.01092	0.01442	0.01127	0.01594	0.00989	0.00924	0.03068	0.10010	0.66336	0.02467	0.02144	0.01584	0.00780	0.00627	0.00195	0.00526	0.00636	0.00755	0.01052
12	0.01256	0.01298	0.05419	0.55635	0.14766	0.01433	0.04754	0.01672	0.01273	0.01691	0.01112	0.01615	0.00857	0.00627	0.00687	0.00207	0.04108	0.00557	0.00282	0.00754
13	0.01476	0.01589	0.03195	0.02467	0.07421	0.01589	0.52762	0.04557	0.01455	0.02002	0.01294	0.01851	0.01048	0.00659	0.00897	0.00219	0.10723	0.03638	0.00332	0.00826
14	0.00759	0.00542	0.00723	0.00868	0.00904	0.00506	0.00578	0.00868	0.01193	0.01591	0.03434	0.77697	0.04121	0.01952	0.00795	0.00253	0.00361	0.01771	0.00578	0.00506
15	0.00738	0.00626	0.00637	0.00646	0.00845	0.00525	0.00480	0.00893	0.01406	0.01677	0.06136	0.10383	0.69690	0.01601	0.00740	0.00213	0.00318	0.01343	0.00579	0.00525
16	0.00817	0.00635	0.00747	0.00777	0.00920	0.00582	0.00560	0.01065	0.04736	0.01892	0.21527	0.29637	0.30645	0.01596	0.00751	0.00221	0.00334	0.01395	0.00607	0.00556
17	0.01718	0.20901	0.15166	0.02083	0.17530	0.13514	0.10575	0.05851	0.01517	0.03947	0.01120	0.01335	0.00892	0.00583	0.00566	0.00174	0.00845	0.00485	0.00323	0.00875

[dist]
# distance from previous block
# <min> <max>
0	8

[block]
# block no. 3 follows, 36 sequences, length 70
# corresponding to MSA columns:
# 155-224
name=unknown_D
#
# <colnr> <probs for GDERKNQSTAVLIFYWHMCP>
#	G	D	E	R	K	N	Q	S	T	A	V	L	I	F	Y	W	H	M	C	P
0	0.01880	0.02111	0.01728	0.01531	0.01740	0.38914	0.01202	0.05442	0.01483	0.03269	0.01051	0.01381	0.00917	0.01220	0.08998	0.00287	0.25309	0.00488	0.00332	0.00716
1	0.15482	0.02143	0.06852	0.03527	0.10600	0.33151	0.01299	0.02062	0.01415	0.01848	0.00986	0.01249	0.00823	0.00693	0.00786	0.00191	0.13552	0.00445	0.02144	0.00750
2	0.00768	0.00549	0.00733	0.00878	0.00918	0.00514	0.00594	0.00883	0.01202	0.01600	0.03429	0.75160	0.04102	0.01944	0.00798	0.00254	0.00369	0.04221	0.00578	0.00509
3	0.01426	0.01302	0.01434	0.03267	0.03449	0.09842	0.04526	0.03745	0.19625	0.04648	0.16979	0.02817	0.10302	0.00935	0.00730	0.00193	0.05125	0.00770	0.00526	0.08360
4	0.00768	0.00549	0.00731	0.00862	0.00906	0.00512	0.00579	0.00889	0.01233	0.01655	0.08415	0.72533	0.04245	0.01904	0.00791	0.00249	0.00357	0.01726	0.00586	0.00512
5	0.66473	0.01255	0.01084	0.05462	0.01477	0.01453	0.00800	0.08336	0.04607	0.02818	0.01018	0.01157	0.00777	0.00609	0.00433	0.00194	0.00522	0.00388	0.00412	0.00726
6	0.01668	0.56330	0.13152	0.01220	0.01781	0.06646	0.01248	0.06213	0.01398	0.01692	0.00969	0.01124	0.00836	0.00680	0.02619	0.00172	0.00760	0.00379	0.00293	0.00821
7	0.00759	0.00542	0.00723	0.00868	0.00904	0.00506	0.00578	0.00868	0.01193	0.01591	0.03434	0.77697	0.04121	0.01952	0.00795	0.00253	0.00361	0.01771	0.00578	0.00506
8	0.01514	0.37885	0.37103	0.01426	0.02141	0.01949	0.01659	0.06439	0.01396	0.01865	0.01026	0.01181	0.00811	0.00575	0.00505	0.00167	0.00788	0.00408	0.00288	0.00874
9	0.01514	0.01449	0.06194	0.20272	0.02509	0.04079	0.09267	0.08751	0.23807	0.04873	0.01980	0.02207	0.04735	0.00776	0.00643	0.00205	0.00697	0.02690	0.02503	0.00848
10	0.01616	0.01745	0.01486	0.01353	0.01537	0.30059	0.01050	0.03234	0.03820	0.01623	0.01272	0.01721	0.01133	0.04021	0.20282	0.00415	0.17198	0.00539	0.05227	0.00668
11	0.01303	0.01104	0.01276	0.00932	0.01461	0.00866	0.00743	0.01670	0.05618	0.02075	0.01224	0.01388	0.01004	0.00493	0.00471	0.00101	0.00458	0.00396	0.03030	0.74387
12	0.01429	0.01811	0.17908	0.11718	0.17277	0.05474	0.10507	0.08058	0.03566	0.02123	0.06975	0.02088	0.06845	0.00729	0.00643	0.00196	0.00775	0.00653	0.00381	0.00843
13	0.00753	0.00585	0.00686	0.00761	0.00877	0.00518	0.00532	0.00890	0.01312	0.01662	0.07101	0.43616	0.34955	0.01764	0.00767	0.00232	0.00339	0.01548	0.00582	0.00518
14	0.01687	0.74626	0.03185	0.01081	0.01600	0.02412	0.01069	0.01887	0.01272	0.03343	0.00906	0.01037	0.00819	0.00553	0.00445	0.00138	0.02510	0.00346	0.00280	0.00803
15	0.00976	0.00610	0.00731	0.00713	0.00849	0.00581	0.00527	0.01250	0.01542	0.02348	0.41771	0.08289	0.04131	0.02975	0.00689	0.00191	0.00304	0.00963	0.29984	0.00575
16	0.02141	0.00982	0.01253	0.01028	0.01401	0.00924	0.00827	0.02610	0.11882	0.45077	0.10748	0.02480	0.02108	0.00962	0.03062	0.00217	0.00506	0.00692	0.10178	0.00922
17	0.00736	0.00631	0.00631	0.00631	0.00842	0.00526	0.00473	0.00894	0.01420	0.01683	0.06312	0.05996	0.73964	0.01578	0.00736	0.00210	0.00316	0.01315	0.00579	0.00526
18	0.01666	0.78478	0.03265	0.01066	0.01599	0.02465	0.01066	0.01866	0.01266	0.01466	0.00866	0.00999	0.00800	0.00533	0.00400	0.00133	0.00666	0.00333	0.00267	0.00800
19	0.82504	0.01205	0.00916	0.00819	0.01205	0.01398	0.00675	0.01832	0.01060	0.02795	0.00868	0.01012	0.00675	0.00578	0.00386	0.00193	0.00482	0.00337	0.00386	0.00675
20	0.02795	0.01060	0.01446	0.01109	0.01591	0.00916	0.00916	0.03036	0.01783	0.74648	0.02458	0.02121	0.01542	0.00771	0.00627	0.00193	0.00530	0.00627	0.00771	0.01060
21	0.01666	0.78478	0.03265	0.01066	0.01599	0.02465	0.01066	0.01866	0.01266	0.01466	0.00866	0.00999	0.00800	0.00533	0.00400	0.00133	0.00666	0.00333	0.00267	0.00800
22	0.01250	0.03223	0.74875	0.01776	0.02697	0.01447	0.02302	0.01973	0.01315	0.01973	0.01118	0.01315	0.00789	0.00592	0.00592	0.00197	0.00921	0.00460	0.00263	0.00921
23	0.00904	0.00629	0.00806	0.00768	0.00911	0.00585	0.00574	0.01191	0.01703	0.02453	0.65002	0.06797	0.05428	0.01245	0.00709	0.00193	0.00296	0.01097	0.08124	0.00585
24	0.01666	0.78478	0.03265	0.01066	0.01599	0.02465	0.01066	0.01866	0.01266	0.01466	0.00866	0.00999	0.00800	0.00533	0.00400	0.00133	0.00666	0.00333	0.00267	0.00800
25	0.01984	0.04084	0.07837	0.05787	0.03152	0.04929	0.01104	0.22487	0.01940	0.20243	0.05696	0.01917	0.01470	0.00742	0.00586	0.00181	0.00613	0.00587	0.13767	0.00895
26	0.04358	0.25623	0.09635	0.06478	0.10325	0.18498	0.03188	0.04610	0.03154	0.01780	0.01033	0.01257	0.00860	0.00628	0.00633	0.00174	0.06201	0.00443	0.00311	0.00812
27	0.00882	0.00627	0.00851	0.00986	0.01070	0.00610	0.00764	0.01067	0.01287	0.01694	0.03281	0.40331	0.03758	0.06537	0.00972	0.00290	0.00475	0.33424	0.00564	0.00530
28	0.01662	0.01760	0.01388	0.01265	0.01550	0.28946	0.00961	0.02434	0.27423	0.02174	0.20989	0.02498	0.02553	0.00884	0.00634	0.00188	0.00675	0.00704	0.00531	0.00781
29	0.00858	0.00567	0.00729	0.00838	0.00907	0.00527	0.00571	0.00989	0.01234	0.04016	0.03443	0.64894	0.07696	0.01789	0.00756	0.00240	0.00358	0.01608	0.07448	0.00531
30	0.00736	0.00631	0.00631	0.00631	0.00842	0.00526	0.00473	0.00894	0.01420	0.01683	0.06312	0.05996	0.73964	0.01578	0.00736	0.00210	0.00316	0.01315	0.00579	0.00526
31	0.01542	0.01480	0.02529	0.03824	0.74217	0.01480	0.01912	0.01912	0.01419	0.02036	0.01172	0.01542	0.00987	0.00555	0.00617	0.00185	0.00740	0.00555	0.00308	0.00987
32	0.82504	0.01205	0.00916	0.00819	0.01205	0.01398	0.00675	0.01832	0.01060	0.02795	0.00868	0.01012	0.00675	0.00578	0.00386	0.00193	0.00482	0.00337	0.00386	0.00675
33	0.82504	0.01205	0.00916	0.00819	0.01205	0.01398	0.00675	0.01832	0.01060	0.02795	0.00868	0.01012	0.00675	0.00578	0.00386	0.00193	0.00482	0.00337	0.00386	0.00675
34	0.82504	0.01205	0.00916	0.00819	0.01205	0.01398	0.00675	0.01832	0.01060	0.02795	0.00868	0.01012	0.00675	0.00578	0.00386	0.00193	0.00482	0.00337	0.00386	0.00675
35	0.77702	0.01196	0.00948	0.00837	0.01228	0.01369	0.00689	0.01904	0.01104	0.07124	0.00963	0.01079	0.00727	0.00590	0.00400	0.00193	0.00485	0.00355	0.00409	0.00698
36	0.01161	0.00581	0.00581	0.00581	0.00726	0.00581	0.00436	0.01452	0.01307	0.02323	0.02033	0.02323	0.01597	0.00726	0.00436	0.00145	0.00290	0.00581	0.81562	0.00581
37	0.00823	0.00644	0.00988	0.01025	0.01114	0.00602	0.06973	0.00969	0.01218	0.01627	0.03239	0.70887	0.03836	0.01824	0.00790	0.00249	0.00423	0.01678	0.00555	0.00536
38	0.01018	0.00742	0.00913	0.00979	0.01106	0.00756	0.00704	0.01494	0.16527	0.04521	0.03199	0.54472	0.03520	0.01659	0.00759	0.00244	0.00409	0.05750	0.00597	0.00633
39	0.01437	0.01692	0.06017	0.02533	0.03152	0.01532	0.66967	0.01954	0.01455	0.01980	0.01335	0.04429	0.01055	0.00579	0.00733	0.00211	0.01021	0.00763	0.00323	0.00831
40	0.01250	0.03223	0.74875	0.01776	0.02697	0.01447	0.02302	0.01973	0.01315	0.01973	0.01118	0.01315	0.00789	0.00592	0.00592	0.00197	0.00921	0.00460	0.00263	0.00921
41	0.01542	0.01480	0.02529	0.03824	0.74217	0.01480	0.01912	0.01912	0.01419	0.02036	0.01172	0.01542	0.00987	0.00555	0.00617	0.00185	0.00740	0.00555	0.00308	0.00987
42	0.00741	0.00631	0.00638	0.00636	0.00845	0.00528	0.00477	0.00904	0.01432	0.01711	0.08657	0.05950	0.71601	0.01567	0.00736	0.00210	0.00315	0.01308	0.00582	0.00528
43	0.00847	0.00636	0.00784	0.00747	0.00909	0.00573	0.00560	0.01108	0.01681	0.02303	0.57678	0.04976	0.22211	0.01347	0.00735	0.00199	0.00299	0.01172	0.00660	0.00573
44	0.02795	0.01060	0.01446	0.01109	0.01591	0.00916	0.00916	0.03036	0.01783	0.74648	0.02458	0.02121	0.01542	0.00771	0.00627	0.00193	0.00530	0.00627	0.00771	0.01060
45	0.02292	0.01660	0.01805	0.01398	0.01873	0.01833	0.01152	0.65811	0.02779	0.05875	0.01535	0.01572	0.01104	0.00985	0.05142	0.00236	0.00740	0.00569	0.00610	0.01029
46	0.01225	0.00725	0.00655	0.00645	0.00797	0.05101	0.00480	0.01500	0.01324	0.02246	0.01966	0.02296	0.01566	0.02717	0.00514	0.00158	0.00349	0.00578	0.74574	0.00584
47	0.02580	0.01292	0.01575	0.01220	0.01699	0.01274	0.01004	0.24519	0.06904	0.47868	0.02164	0.01940	0.01416	0.00769	0.00626	0.00192	0.00576	0.00611	0.00716	0.01055
48	0.01588	0.08895	0.10205	0.03132	0.52094	0.03239	0.04403	0.03825	0.01452	0.03645	0.01174	0.01475	0.00957	0.00568	0.00597	0.00182	0.00766	0.00529	0.00319	0.00955
49	0.01513	0.03551	0.08579	0.11973	0.25751	0.03162	0.17447	0.06171	0.06645	0.02059	0.01261	0.01589	0.00992	0.00630	0.00733	0.00201	0.05928	0.00589	0.00341	0.00885
50	0.00847	0.00591	0.00748	0.00825	0.00871	0.00570	0.00556	0.00954	0.01173	0.01573	0.09455	0.38143	0.03591	0.27975	0.01611	0.00372	0.00461	0.08688	0.00519	0.00477
51	0.00789	0.00633	0.00704	0.00686	0.00874	0.00548	0.00515	0.00995	0.01544	0.01976	0.30619	0.05513	0.49474	0.01469	0.00736	0.00205	0.00308	0.01247	0.00617	0.00548
52	0.00808	0.00634	0.00731	0.00707	0.00886	0.00557	0.00530	0.01034	0.01590	0.02087	0.39781	0.05332	0.40243	0.01427	0.00736	0.00203	0.00305	0.01222	0.00632	0.00557
53	0.00771	0.00633	0.00679	0.00667	0.00863	0.00541	0.00500	0.00960	0.01501	0.01875	0.22217	0.05680	0.57939	0.01506	0.00736	0.00207	0.00310	0.01271	0.00604	0.00541
54	0.07375	0.01039	0.01362	0.01059	0.01515	0.00923	0.00872	0.02868	0.01712	0.65980	0.02338	0.02068	0.01495	0.00757	0.00601	0.00190	0.00513	0.00607	0.05719	0.01008
55	0.01666	0.78478	0.03265	0.01066	0.01599	0.02465	0.01066	0.01866	0.01266	0.01466	0.00866	0.00999	0.00800	0.00533	0.00400	0.00133	0.00666	0.00333	0.00267	0.00800
56	0.00998	0.00892	0.03442	0.01195	0.01344	0.00987	0.05264	0.01235	0.01030	0.01495	0.01528	0.02280	0.01425	0.06193	0.57054	0.00823	0.11237	0.00658	0.00324	0.00595
57	0.06584	0.01395	0.01431	0.03964	0.01717	0.03930	0.01011	0.06723	0.60132	0.02616	0.02277	0.02138	0.01709	0.00809	0.00615	0.00207	0.00535	0.00659	0.00595	0.00952
58	0.01542	0.01480	0.02529	0.03824	0.74217	0.01480	0.01912	0.01912	0.01419	0.02036	0.01172	0.01542	0.00987	0.00555	0.00617	0.00185	0.00740	0.00555	0.00308	0.00987
59	0.01913	0.24400	0.04409	0.01645	0.08649	0.38810	0.03263	0.02130	0.01539	0.01589	0.01177	0.04084	0.02562	0.00667	0.00539	0.00162	0.00902	0.00478	0.00317	0.00766
60	0.02368	0.01745	0.01870	0.01434	0.01932	0.01932	0.01184	0.72139	0.02929	0.03927	0.01496	0.01496	0.01060	0.00748	0.00623	0.00187	0.00686	0.00561	0.00623	0.01060
61	0.01354	0.01645	0.16083	0.04623	0.13823	0.01327	0.17924	0.04317	0.04084	0.03837	0.05108	0.08398	0.04137	0.00864	0.00770	0.00214	0.05593	0.04685	0.00397	0.00818
62	0.01416	0.01310	0.02096	0.16545	0.36372	0.04052	0.05807	0.01761	0.01377	0.04360	0.03799	0.02064	0.03266	0.01056	0.07501	0.00271	0.02790	0.02977	0.00349	0.00829
63	0.00764	0.00544	0.00721	0.00861	0.00896	0.00510	0.00571	0.00869	0.01182	0.01577	0.03381	0.75023	0.04053	0.04717	0.00882	0.00266	0.00370	0.01740	0.00571	0.00501
64	0.78044	0.01212	0.00943	0.00844	0.01228	0.01406	0.00692	0.01913	0.05029	0.02785	0.00959	0.01084	0.00742	0.00593	0.00399	0.00194	0.00483	0.00358	0.00399	0.00692
65	0.01377	0.22959	0.50388	0.01655	0.02451	0.01726	0.07445	0.01947	0.01315	0.01841	0.01063	0.01261	0.00804	0.00571	0.00553	0.00181	0.00864	0.00448	0.00268	0.00883
66	0.01554	0.01730	0.02981	0.11097	0.16507	0.10662	0.40552	0.01984	0.01460	0.01888	0.01180	0.01577	0.00920	0.00569	0.00708	0.00200	0.02653	0.00636	0.00309	0.00833
67	0.00922	0.00647	0.00970	0.00970	0.01063	0.00739	0.00739	0.01063	0.00970	0.01386	0.01572	0.02356	0.01479	0.04257	0.63487	0.14422	0.01482	0.00647	0.00323	0.00509
68	0.01457	0.01328	0.02180	0.05057	0.58243	0.01340	0.01650	0.01867	0.04071	0.02101	0.05685	0.01837	0.01371	0.00627	0.00607	0.00183	0.00663	0.00598	0.08220	0.00916
69	0.01578	0.01569	0.02487	0.06175	0.65222	0.06276	0.03725	0.01941	0.01437	0.01986	0.01159	0.01523	0.00968	0.00562	0.00617	0.00185	0.00776	0.00550	0.00308	0.00956

[dist]
# distance from previous block
# <min> <max>
0	1

[block]
# block no. 4 follows, 36 sequences, length 30
# corresponding to MSA columns:
# 226-255
name=unknown_E
#
# <colnr> <probs for GDERKNQSTAVLIFYWHMCP>
#	G	D	E	R	K	N	Q	S	T	A	V	L	I	F	Y	W	H	M	C	P
0	0.00770	0.00627	0.00682	0.00680	0.00865	0.00539	0.00506	0.00956	0.01483	0.01860	0.21264	0.10130	0.54401	0.01533	0.00740	0.00210	0.00314	0.01301	0.00603	0.00539
1	0.01292	0.01107	0.01292	0.00923	0.01477	0.00831	0.00738	0.01569	0.01292	0.02030	0.01107	0.01292	0.00923	0.00461	0.00461	0.00092	0.00461	0.00369	0.00369	0.81912
2	0.00750	0.00628	0.00653	0.00654	0.00852	0.00531	0.00488	0.00919	0.01443	0.01754	0.12362	0.08552	0.65151	0.01564	0.00738	0.00211	0.00315	0.01315	0.00588	0.00531
3	0.01250	0.03223	0.74875	0.01776	0.02697	0.01447	0.02302	0.01973	0.01315	0.01973	0.01118	0.01315	0.00789	0.00592	0.00592	0.00197	0.00921	0.00460	0.00263	0.00921
4	0.00872	0.00637	0.00819	0.00774	0.00925	0.00584	0.00580	0.01157	0.01741	0.02444	0.69383	0.04744	0.10418	0.01294	0.00735	0.00197	0.00295	0.01139	0.00679	0.00584
5	0.01161	0.00751	0.00890	0.00811	0.01044	0.00684	0.00622	0.03924	0.03824	0.12252	0.30045	0.07421	0.31553	0.01317	0.00716	0.00203	0.00358	0.01122	0.00648	0.00655
6	0.01292	0.01107	0.01292	0.00923	0.01477	0.00831	0.00738	0.01569	0.01292	0.02030	0.01107	0.01292	0.00923	0.00461	0.00461	0.00092	0.00461	0.00369	0.00369	0.81912
7	0.00959	0.00678	0.00898	0.01008	0.01131	0.00667	0.00833	0.01187	0.01345	0.01767	0.03327	0.11971	0.08713	0.10959	0.01110	0.00312	0.00530	0.48431	0.03632	0.00541
8	0.02715	0.01086	0.01443	0.01111	0.01582	0.00966	0.00916	0.07160	0.01837	0.67955	0.02386	0.02090	0.01515	0.00768	0.00620	0.00191	0.00532	0.00621	0.03464	0.01044
9	0.00955	0.00750	0.01115	0.06075	0.01347	0.00902	0.00872	0.01180	0.01019	0.01477	0.01578	0.02341	0.01466	0.05659	0.61161	0.00859	0.07649	0.00653	0.02370	0.00572
10	0.01044	0.00706	0.00892	0.00829	0.01009	0.00670	0.00627	0.01427	0.06703	0.06806	0.57958	0.06713	0.07220	0.01228	0.00714	0.00198	0.00325	0.01077	0.03213	0.00639
11	0.01413	0.01082	0.01286	0.00934	0.01463	0.00828	0.00748	0.01688	0.01358	0.08782	0.04421	0.01516	0.01197	0.00526	0.00489	0.00106	0.00460	0.00426	0.00420	0.70855
12	0.00782	0.00633	0.00695	0.00679	0.00870	0.00546	0.00509	0.00983	0.01528	0.01940	0.27621	0.05573	0.52494	0.01482	0.00736	0.00206	0.00309	0.01256	0.00612	0.00546
13	0.01489	0.01532	0.07350	0.16744	0.31946	0.01444	0.17356	0.04558	0.01462	0.04566	0.01331	0.01849	0.01076	0.00632	0.00654	0.00201	0.00821	0.03766	0.00341	0.00881
14	0.03360	0.03732	0.04563	0.15563	0.10348	0.26331	0.07976	0.02013	0.05302	0.01744	0.01412	0.06803	0.02801	0.00758	0.00687	0.00194	0.04693	0.00616	0.00347	0.00758
15	0.01431	0.01389	0.02404	0.23117	0.46983	0.01482	0.06810	0.01813	0.01354	0.01888	0.01144	0.01575	0.00934	0.00597	0.00695	0.00197	0.04438	0.00567	0.00299	0.00883
16	0.00750	0.00623	0.00656	0.00666	0.00854	0.00529	0.00492	0.00914	0.01425	0.01738	0.11288	0.12755	0.61987	0.01590	0.00742	0.00213	0.00318	0.01344	0.00587	0.00529
17	0.01325	0.02273	0.41581	0.01860	0.09795	0.01277	0.09694	0.01867	0.01401	0.06346	0.06487	0.02159	0.06176	0.02641	0.00702	0.00210	0.00795	0.02191	0.00363	0.00857
18	0.01975	0.13813	0.10022	0.01763	0.13194	0.05702	0.04264	0.19241	0.03419	0.15661	0.01530	0.04074	0.01169	0.00699	0.00592	0.00183	0.00712	0.00567	0.00476	0.00945
19	0.01337	0.04211	0.03482	0.11503	0.18888	0.10990	0.03575	0.03152	0.01402	0.01794	0.01965	0.24168	0.02044	0.01073	0.00670	0.00210	0.00680	0.05738	0.02394	0.00723
20	0.00902	0.00648	0.00843	0.00848	0.00891	0.00704	0.00577	0.00998	0.00971	0.01342	0.01963	0.10729	0.02145	0.41438	0.28864	0.00700	0.03701	0.00894	0.00378	0.00465
21	0.77588	0.01167	0.00896	0.00805	0.01176	0.01348	0.00660	0.01809	0.01075	0.02767	0.00938	0.01091	0.00731	0.00587	0.00389	0.00190	0.00470	0.00352	0.05292	0.00669
22	0.82504	0.01205	0.00916	0.00819	0.01205	0.01398	0.00675	0.01832	0.01060	0.02795	0.00868	0.01012	0.00675	0.00578	0.00386	0.00193	0.00482	0.00337	0.00386	0.00675
23	0.01565	0.08184	0.29764	0.01653	0.07950	0.05291	0.01570	0.14645	0.11208	0.02326	0.03713	0.03195	0.01293	0.04093	0.00710	0.00208	0.00753	0.00572	0.00409	0.00898
24	0.01306	0.00737	0.00932	0.00866	0.01075	0.00672	0.00646	0.01559	0.04053	0.19026	0.24054	0.20415	0.14711	0.05983	0.00867	0.00235	0.00394	0.01154	0.00645	0.00672
25	0.01460	0.04656	0.18834	0.02553	0.33353	0.06370	0.06651	0.03512	0.01473	0.02030	0.08094	0.01849	0.03178	0.00677	0.00657	0.00190	0.02634	0.00600	0.00347	0.00883
26	0.00761	0.00558	0.00716	0.00833	0.00897	0.00512	0.00565	0.00885	0.01248	0.01643	0.06902	0.65008	0.13441	0.01873	0.00785	0.00245	0.00352	0.01683	0.00583	0.00512
27	0.01177	0.01107	0.01869	0.76606	0.04291	0.01384	0.01730	0.01592	0.01246	0.01592	0.01107	0.01661	0.00831	0.00623	0.00623	0.00208	0.00831	0.00554	0.00277	0.00692
28	0.01129	0.00790	0.01061	0.01152	0.01328	0.00796	0.01000	0.05903	0.01539	0.03767	0.03237	0.06525	0.05137	0.01632	0.00836	0.00276	0.00573	0.62119	0.00582	0.00616
29	0.16652	0.01085	0.01354	0.01058	0.01523	0.01000	0.00874	0.02827	0.01658	0.62157	0.02182	0.01928	0.01392	0.00738	0.00585	0.00193	0.00522	0.00576	0.00704	0.00993

[dist]
# distance from previous block
# <min> <max>
0	1

[block]
# block no. 5 follows, 36 sequences, length 22
# corresponding to MSA columns:
# 257-278
name=unknown_F
#
# <colnr> <probs for GDERKNQSTAVLIFYWHMCP>
#	G	D	E	R	K	N	Q	S	T	A	V	L	I	F	Y	W	H	M	C	P
0	0.01154	0.00990	0.01493	0.04556	0.28055	0.00972	0.01120	0.03626	0.01565	0.02166	0.28203	0.09869	0.11576	0.01065	0.00689	0.00199	0.00498	0.00957	0.00509	0.00739
1	0.02139	0.00953	0.01324	0.01202	0.04275	0.00859	0.00951	0.02393	0.01655	0.47752	0.05175	0.06581	0.02300	0.01071	0.00697	0.00219	0.00534	0.18333	0.00692	0.00894
2	0.01542	0.01480	0.02529	0.03824	0.74217	0.01480	0.01912	0.01912	0.01419	0.02036	0.01172	0.01542	0.00987	0.00555	0.00617	0.00185	0.00740	0.00555	0.00308	0.00987
3	0.02641	0.01030	0.01409	0.01107	0.01559	0.00901	0.00915	0.02884	0.01739	0.68534	0.02471	0.02369	0.01642	0.00956	0.03300	0.00226	0.00573	0.03981	0.00746	0.01019
4	0.82504	0.01205	0.00916	0.00819	0.01205	0.01398	0.00675	0.01832	0.01060	0.02795	0.00868	0.01012	0.00675	0.00578	0.00386	0.00193	0.00482	0.00337	0.00386	0.00675
5	0.01292	0.01107	0.01292	0.00923	0.01477	0.00831	0.00738	0.01569	0.01292	0.02030	0.01107	0.01292	0.00923	0.00461	0.00461	0.00092	0.00461	0.00369	0.00369	0.81912
6	0.00877	0.00627	0.00759	0.00732	0.00889	0.00571	0.00547	0.01135	0.01623	0.02276	0.49471	0.06880	0.20114	0.01301	0.00705	0.00195	0.00300	0.01128	0.09298	0.00571
7	0.00862	0.00636	0.00805	0.00763	0.00918	0.00579	0.00572	0.01137	0.01716	0.02386	0.64554	0.04839	0.15283	0.01316	0.00735	0.00198	0.00297	0.01153	0.00671	0.00579
8	0.01550	0.01338	0.01409	0.01268	0.01620	0.01550	0.00986	0.03311	0.73091	0.02606	0.02536	0.02325	0.01902	0.00845	0.00634	0.00211	0.00493	0.00704	0.00634	0.00986
9	0.01666	0.78478	0.03265	0.01066	0.01599	0.02465	0.01066	0.01866	0.01266	0.01466	0.00866	0.00999	0.00800	0.00533	0.00400	0.00133	0.00666	0.00333	0.00267	0.00800
10	0.02329	0.02915	0.01770	0.01598	0.01926	0.72350	0.01203	0.05563	0.01817	0.01631	0.00987	0.01140	0.00814	0.00647	0.00565	0.00162	0.01104	0.00408	0.00334	0.00737
11	0.78029	0.01235	0.00969	0.00854	0.01246	0.01428	0.00703	0.05758	0.01165	0.02859	0.00903	0.01039	0.00696	0.00588	0.00399	0.00192	0.00493	0.00350	0.00399	0.00696
12	0.02327	0.02970	0.01766	0.01605	0.01926	0.75602	0.01204	0.02488	0.01766	0.01525	0.00963	0.01124	0.00803	0.00642	0.00562	0.00161	0.01124	0.00401	0.00321	0.00722
13	0.00906	0.00604	0.00680	0.00680	0.00680	0.00604	0.00378	0.00906	0.00906	0.01208	0.01963	0.04077	0.02265	0.78103	0.03171	0.00604	0.00604	0.00906	0.00378	0.00378
14	0.00745	0.00620	0.00651	0.00668	0.00853	0.00526	0.00492	0.00901	0.01403	0.01702	0.08474	0.15491	0.62102	0.01616	0.00744	0.00216	0.00321	0.01369	0.00583	0.00526
15	0.00765	0.00552	0.00725	0.00851	0.00902	0.00512	0.00574	0.00886	0.01236	0.01646	0.07508	0.70153	0.07593	0.01896	0.00789	0.00248	0.00355	0.01713	0.00584	0.00512
16	0.01666	0.78478	0.03265	0.01066	0.01599	0.02465	0.01066	0.01866	0.01266	0.01466	0.00866	0.00999	0.00800	0.00533	0.00400	0.00133	0.00666	0.00333	0.00267	0.00800
17	0.01082	0.00541	0.00812	0.00812	0.00812	0.00541	0.00541	0.00812	0.00812	0.01082	0.01082	0.01894	0.01082	0.02165	0.02435	0.81872	0.00541	0.00541	0.00271	0.00271
18	0.01341	0.01319	0.03837	0.05071	0.23175	0.01492	0.04193	0.03100	0.01231	0.01773	0.03122	0.03903	0.03412	0.06165	0.01374	0.00257	0.30491	0.03649	0.00339	0.00757
19	0.01029	0.00900	0.03857	0.00806	0.00872	0.06640	0.00531	0.01076	0.01002	0.01279	0.01902	0.06415	0.02154	0.65893	0.02768	0.00539	0.00650	0.00879	0.00376	0.00432
20	0.01324	0.06298	0.01348	0.01013	0.03111	0.02597	0.00773	0.01663	0.06300	0.05375	0.06200	0.04698	0.04138	0.07048	0.03868	0.00207	0.00545	0.00593	0.00431	0.42472
21	0.07279	0.13479	0.13337	0.01612	0.05898	0.13229	0.10342	0.02113	0.01443	0.14329	0.01440	0.06790	0.01181	0.00728	0.00648	0.00189	0.04142	0.00588	0.00400	0.00832

[dist]
# distance from previous block
# <min> <max>
1	3

[block]
# block no. 6 follows, 36 sequences, length 42
# corresponding to MSA columns:
# 282-323
name=unknown_G
#
# <colnr> <probs for GDERKNQSTAVLIFYWHMCP>
#	G	D	E	R	K	N	Q	S	T	A	V	L	I	F	Y	W	H	M	C	P
0	0.01345	0.01069	0.01343	0.01291	0.05102	0.02815	0.03242	0.08726	0.15281	0.04868	0.03754	0.15297	0.02064	0.09238	0.13653	0.00387	0.06541	0.00866	0.02388	0.00729
1	0.03605	0.49598	0.02618	0.01258	0.04576	0.17802	0.01074	0.03520	0.01414	0.01655	0.01006	0.01165	0.00874	0.00578	0.00451	0.00145	0.00733	0.00382	0.06771	0.00776
2	0.01048	0.00544	0.00798	0.00809	0.00812	0.00542	0.00536	0.00821	0.00847	0.01129	0.01315	0.08048	0.01385	0.06010	0.02342	0.71232	0.00530	0.00658	0.00301	0.00295
3	0.01666	0.27193	0.18001	0.01509	0.07480	0.14255	0.01365	0.02026	0.02721	0.05701	0.03046	0.01373	0.01036	0.00700	0.02364	0.00180	0.00791	0.00444	0.00334	0.07815
4	0.05742	0.07681	0.13503	0.04726	0.29562	0.03613	0.05213	0.06212	0.03109	0.07494	0.04154	0.01614	0.01170	0.00641	0.00636	0.00189	0.02908	0.00549	0.00376	0.00907
5	0.00888	0.00691	0.00813	0.00773	0.00957	0.00644	0.00583	0.01255	0.07339	0.02243	0.46285	0.04904	0.27641	0.01338	0.00727	0.00202	0.00317	0.01154	0.00647	0.00600
6	0.02273	0.02838	0.01739	0.01576	0.01895	0.70172	0.01187	0.04813	0.01776	0.01604	0.01009	0.01188	0.00841	0.00803	0.03488	0.00194	0.01130	0.00417	0.00332	0.00727
7	0.01591	0.01457	0.01782	0.17245	0.10826	0.10726	0.05396	0.07096	0.16481	0.05943	0.04316	0.04031	0.04470	0.00815	0.00684	0.00203	0.02912	0.02742	0.00456	0.00827
8	0.01619	0.16046	0.34046	0.03846	0.08303	0.03848	0.01671	0.02111	0.03052	0.13120	0.03551	0.01534	0.01110	0.00649	0.00611	0.00186	0.02929	0.00501	0.00370	0.00898
9	0.00743	0.00604	0.00659	0.00702	0.00860	0.00520	0.00505	0.00886	0.01352	0.01655	0.05447	0.27546	0.52972	0.01690	0.00754	0.00223	0.00329	0.01452	0.00579	0.00520
10	0.01509	0.01358	0.01637	0.01971	0.23159	0.09193	0.01208	0.13791	0.06297	0.02209	0.02160	0.21011	0.03807	0.01087	0.00681	0.00211	0.00638	0.06786	0.00481	0.00805
11	0.01000	0.00747	0.01065	0.01121	0.01264	0.00738	0.04226	0.04878	0.01418	0.01870	0.03161	0.34640	0.03540	0.01705	0.00816	0.00264	0.00518	0.35875	0.00566	0.00585
12	0.00767	0.00638	0.00672	0.00683	0.00878	0.00551	0.00519	0.00931	0.01391	0.01673	0.05793	0.05896	0.63986	0.04283	0.03191	0.00254	0.00387	0.06417	0.00564	0.00525
13	0.01292	0.01107	0.01292	0.00923	0.01477	0.00831	0.00738	0.01569	0.01292	0.02030	0.01107	0.01292	0.00923	0.00461	0.00461	0.00092	0.00461	0.00369	0.00369	0.81912
14	0.82504	0.01205	0.00916	0.00819	0.01205	0.01398	0.00675	0.01832	0.01060	0.02795	0.00868	0.01012	0.00675	0.00578	0.00386	0.00193	0.00482	0.00337	0.00386	0.00675
15	0.00866	0.00631	0.00814	0.00780	0.00924	0.00579	0.00581	0.01141	0.01710	0.02397	0.65761	0.08997	0.09821	0.01331	0.00738	0.00200	0.00299	0.01176	0.00673	0.00579
16	0.00867	0.00631	0.00817	0.00793	0.00934	0.00581	0.00592	0.01137	0.01686	0.02356	0.61974	0.10968	0.09622	0.01362	0.00744	0.00204	0.00309	0.03181	0.00667	0.00577
17	0.01292	0.10939	0.67532	0.01703	0.02584	0.01551	0.02175	0.01962	0.01310	0.01921	0.01092	0.01283	0.00790	0.00586	0.00572	0.00191	0.00895	0.00447	0.00263	0.00908
18	0.01475	0.01273	0.01337	0.01209	0.01549	0.01456	0.00939	0.03089	0.66506	0.02522	0.02883	0.02662	0.08523	0.00913	0.00643	0.00211	0.00477	0.00761	0.00629	0.00944
19	0.82504	0.01205	0.00916	0.00819	0.01205	0.01398	0.00675	0.01832	0.01060	0.02795	0.00868	0.01012	0.00675	0.00578	0.00386	0.00193	0.00482	0.00337	0.00386	0.00675
20	0.00759	0.00542	0.00723	0.00868	0.00904	0.00506	0.00578	0.00868	0.01193	0.01591	0.03434	0.77697	0.04121	0.01952	0.00795	0.00253	0.00361	0.01771	0.00578	0.00506
21	0.00906	0.00604	0.00680	0.00680	0.00680	0.00604	0.00378	0.00906	0.00906	0.01208	0.01963	0.04077	0.02265	0.78103	0.03171	0.00604	0.00604	0.00906	0.00378	0.00378
22	0.00845	0.00631	0.00787	0.00771	0.00923	0.00573	0.00578	0.01094	0.01631	0.02224	0.50815	0.10862	0.20467	0.01411	0.00745	0.00207	0.00315	0.03902	0.00650	0.00567
23	0.14320	0.10788	0.04441	0.01890	0.16775	0.38262	0.01292	0.02182	0.01515	0.01834	0.00986	0.01186	0.00820	0.00601	0.00529	0.00169	0.00888	0.00418	0.00320	0.00785
24	0.01004	0.00717	0.01004	0.01147	0.01291	0.00717	0.01004	0.01291	0.01434	0.01865	0.03299	0.07028	0.03586	0.01721	0.00861	0.00287	0.00574	0.70023	0.00574	0.00574
25	0.02508	0.00985	0.01319	0.01035	0.01461	0.00861	0.00846	0.02758	0.01734	0.62737	0.06982	0.02303	0.01825	0.00799	0.00614	0.00188	0.00491	0.00654	0.08919	0.00982
26	0.01578	0.09258	0.12199	0.01929	0.17023	0.03497	0.03481	0.09354	0.18176	0.02235	0.01483	0.01645	0.01166	0.00717	0.00755	0.00196	0.09515	0.00557	0.04336	0.00901
27	0.01536	0.01412	0.02358	0.07668	0.63197	0.01426	0.01792	0.01939	0.03567	0.04415	0.01426	0.01742	0.03500	0.00610	0.00622	0.00188	0.00717	0.00588	0.00341	0.00957
28	0.02066	0.00890	0.01179	0.00960	0.01313	0.00785	0.00771	0.02324	0.01728	0.46354	0.22601	0.02952	0.04678	0.00930	0.00644	0.00190	0.00438	0.00781	0.07542	0.00873
29	0.00895	0.00647	0.00896	0.00896	0.00971	0.00722	0.00648	0.01045	0.00970	0.01369	0.01765	0.02979	0.01788	0.28615	0.52007	0.00872	0.01322	0.00745	0.00348	0.00498
30	0.00895	0.00610	0.00697	0.00697	0.00716	0.00610	0.00408	0.00918	0.00942	0.01251	0.02199	0.04089	0.06411	0.69106	0.07496	0.00606	0.00653	0.00915	0.00387	0.00397
31	0.82504	0.01205	0.00916	0.00819	0.01205	0.01398	0.00675	0.01832	0.01060	0.02795	0.00868	0.01012	0.00675	0.00578	0.00386	0.00193	0.00482	0.00337	0.00386	0.00675
32	0.01200	0.01096	0.01588	0.03593	0.01778	0.06882	0.14374	0.01558	0.03647	0.01847	0.02600	0.09550	0.02706	0.01458	0.03124	0.00278	0.00733	0.40849	0.00491	0.00647
33	0.04350	0.01170	0.01465	0.01202	0.03953	0.02766	0.03652	0.08334	0.03284	0.28051	0.03556	0.02125	0.01482	0.06869	0.00790	0.00201	0.00566	0.02764	0.00551	0.22867
34	0.01635	0.62412	0.10297	0.01170	0.01722	0.04539	0.01189	0.02011	0.07012	0.01610	0.01028	0.01141	0.00887	0.00567	0.00443	0.00147	0.00692	0.00378	0.00297	0.00824
35	0.76027	0.01366	0.06812	0.00896	0.01324	0.01402	0.00804	0.01843	0.01081	0.02730	0.00888	0.01036	0.00684	0.00579	0.00402	0.00193	0.00517	0.00347	0.00376	0.00694
36	0.02126	0.01830	0.01785	0.01451	0.01888	0.13327	0.03098	0.41582	0.20788	0.03158	0.01674	0.01656	0.01233	0.00750	0.00620	0.00190	0.00715	0.00578	0.00570	0.00982
37	0.00875	0.00634	0.00808	0.00766	0.00905	0.00585	0.00564	0.01137	0.01674	0.02346	0.64046	0.04690	0.09730	0.07417	0.00929	0.00229	0.00320	0.01121	0.00655	0.00567
38	0.01354	0.01196	0.01889	0.04689	0.43925	0.01194	0.01418	0.01773	0.05830	0.03954	0.18294	0.02646	0.07533	0.00819	0.00654	0.00192	0.00589	0.00752	0.00445	0.00855
39	0.01292	0.08473	0.44984	0.01463	0.02138	0.01371	0.01705	0.01996	0.09918	0.04124	0.07448	0.02205	0.06340	0.00781	0.00613	0.00198	0.00737	0.02970	0.00387	0.00858
40	0.07837	0.01405	0.02624	0.19860	0.13109	0.01442	0.33357	0.01865	0.03827	0.01997	0.03679	0.03657	0.01179	0.00629	0.00662	0.00205	0.00848	0.00674	0.00341	0.00801
41	0.01579	0.05032	0.18043	0.01550	0.08874	0.05564	0.01318	0.20939	0.04045	0.02475	0.10023	0.04268	0.03367	0.06478	0.00806	0.00217	0.00684	0.00660	0.00458	0.03617

[dist]
# distance from previous block
# <min> <max>
0	29

# created by:
# /home/cegg/simao/soft/augustus-3.2.1/scripts/msa2prfl.pl ./align_prep/EOG090W0AG2.fa
