[name]
unknown

[dist]
# distance from previous block
# <min> <max>
0	245

[block]
# block no. 0 follows, 33 sequences, length 9
# corresponding to MSA columns:
# 245-253
name=unknown_A
#
# <colnr> <probs for GDERKNQSTAVLIFYWHMCP>
#	G	D	E	R	K	N	Q	S	T	A	V	L	I	F	Y	W	H	M	C	P
0	0.01061	0.00758	0.01061	0.01212	0.01364	0.00758	0.01061	0.01364	0.01515	0.01970	0.03486	0.07426	0.03789	0.01819	0.00909	0.00303	0.00606	0.68326	0.00606	0.00606
1	0.01320	0.03405	0.73453	0.01876	0.02849	0.01529	0.02432	0.02085	0.01390	0.02085	0.01181	0.01390	0.00834	0.00625	0.00625	0.00208	0.00973	0.00486	0.00278	0.00973
2	0.01760	0.77260	0.03450	0.01126	0.01690	0.02605	0.01126	0.01971	0.01338	0.01549	0.00915	0.01056	0.00845	0.00563	0.00422	0.00141	0.00704	0.00352	0.00282	0.00845
3	0.00778	0.00667	0.00667	0.00667	0.00889	0.00556	0.00500	0.00945	0.01501	0.01778	0.06669	0.06336	0.72490	0.01667	0.00778	0.00222	0.00333	0.01389	0.00611	0.00556
4	0.00957	0.00638	0.00718	0.00718	0.00718	0.00638	0.00399	0.00957	0.00957	0.01276	0.02074	0.04308	0.02393	0.76864	0.03351	0.00638	0.00638	0.00957	0.00399	0.00399
5	0.01404	0.01462	0.02677	0.02075	0.02390	0.01654	0.31824	0.01746	0.01258	0.01807	0.01227	0.01787	0.01059	0.01543	0.14021	0.00392	0.29897	0.00687	0.00319	0.00771
6	0.01144	0.00572	0.00858	0.00858	0.00858	0.00572	0.00572	0.00858	0.00858	0.01144	0.01144	0.02001	0.01144	0.02287	0.02573	0.80846	0.00572	0.00572	0.00286	0.00286
7	0.01188	0.00621	0.00649	0.00642	0.00795	0.00615	0.00481	0.01496	0.01444	0.02479	0.11374	0.02778	0.02281	0.00843	0.00502	0.00160	0.00307	0.00689	0.70041	0.00615
8	0.01442	0.01292	0.02034	0.59501	0.10043	0.01547	0.01769	0.10756	0.01566	0.02046	0.01230	0.01721	0.00923	0.00669	0.00658	0.00214	0.00849	0.00586	0.00343	0.00809

[dist]
# distance from previous block
# <min> <max>
0	14

[block]
# block no. 1 follows, 33 sequences, length 14
# corresponding to MSA columns:
# 268-281
name=unknown_B
#
# <colnr> <probs for GDERKNQSTAVLIFYWHMCP>
#	G	D	E	R	K	N	Q	S	T	A	V	L	I	F	Y	W	H	M	C	P
0	0.01343	0.07198	0.69858	0.01838	0.02790	0.01584	0.02365	0.02079	0.01387	0.02057	0.01168	0.01373	0.00835	0.00622	0.00615	0.00205	0.00959	0.00480	0.00278	0.00966
1	0.76443	0.01393	0.01025	0.00919	0.01322	0.06143	0.00749	0.01980	0.01168	0.02868	0.00923	0.01077	0.00722	0.00615	0.00419	0.00202	0.00553	0.00361	0.00403	0.00716
2	0.02180	0.02475	0.01586	0.01436	0.01745	0.52643	0.01085	0.06814	0.01835	0.01970	0.01313	0.01503	0.01058	0.00706	0.00567	0.00168	0.00955	0.00478	0.18730	0.00752
3	0.05702	0.01166	0.01408	0.01141	0.01540	0.01154	0.00920	0.16362	0.06562	0.31391	0.22175	0.02829	0.02812	0.00957	0.00683	0.00205	0.00518	0.00790	0.00730	0.00955
4	0.00881	0.00684	0.00820	0.00896	0.01066	0.00623	0.00714	0.01088	0.01469	0.01831	0.05091	0.17363	0.38048	0.01780	0.00834	0.00257	0.00436	0.24939	0.00609	0.00570
5	0.01512	0.01709	0.03712	0.02672	0.03303	0.01602	0.66509	0.02043	0.01538	0.02085	0.01459	0.05904	0.01184	0.00638	0.00780	0.00224	0.01070	0.00837	0.00348	0.00868
6	0.00890	0.00671	0.00822	0.00784	0.00958	0.00603	0.00588	0.01161	0.01764	0.02404	0.54419	0.05306	0.24349	0.01434	0.00777	0.00211	0.00317	0.01245	0.00694	0.00603
7	0.01332	0.01260	0.02134	0.58960	0.20164	0.01486	0.01872	0.01760	0.01358	0.01789	0.01186	0.01726	0.00915	0.00642	0.00657	0.00214	0.00856	0.00585	0.00300	0.00803
8	0.00876	0.00629	0.00834	0.00897	0.00994	0.00587	0.00645	0.01088	0.01541	0.02119	0.33696	0.40655	0.05129	0.01733	0.00817	0.00243	0.00365	0.05914	0.00660	0.00577
9	0.01065	0.00572	0.00836	0.00871	0.00880	0.00563	0.00581	0.00871	0.00950	0.01267	0.01713	0.19054	0.01879	0.02236	0.02176	0.62385	0.00528	0.00870	0.00360	0.00343
10	0.00838	0.00588	0.00753	0.00871	0.00901	0.00558	0.00562	0.00926	0.01191	0.01588	0.03272	0.59910	0.03905	0.19200	0.01415	0.00352	0.00441	0.01662	0.00562	0.00504
11	0.01523	0.56744	0.05627	0.01108	0.01568	0.02088	0.01060	0.01734	0.01322	0.01600	0.01547	0.18339	0.01648	0.00909	0.00526	0.00172	0.00641	0.00706	0.00357	0.00779
12	0.01873	0.50390	0.12203	0.01313	0.01921	0.02336	0.01325	0.17701	0.01747	0.02214	0.01102	0.01220	0.00906	0.00623	0.00503	0.00163	0.00744	0.00425	0.00368	0.00924
13	0.01391	0.01168	0.01288	0.01183	0.01496	0.01262	0.00899	0.02617	0.44973	0.02434	0.05098	0.19363	0.02570	0.01130	0.00691	0.00218	0.00478	0.00977	0.00626	0.10138

[dist]
# distance from previous block
# <min> <max>
0	1

[block]
# block no. 2 follows, 33 sequences, length 115
# corresponding to MSA columns:
# 283-343,355-408
name=unknown_C
#
# <colnr> <probs for GDERKNQSTAVLIFYWHMCP>
#	G	D	E	R	K	N	Q	S	T	A	V	L	I	F	Y	W	H	M	C	P
0	0.01595	0.01698	0.01993	0.01723	0.01775	0.12995	0.01415	0.01743	0.01139	0.01588	0.00888	0.01402	0.00862	0.01080	0.01922	0.00270	0.64335	0.00553	0.00296	0.00727
1	0.01754	0.73487	0.03411	0.01272	0.05232	0.02553	0.01171	0.01974	0.01346	0.01579	0.00931	0.01085	0.00855	0.00564	0.00434	0.00144	0.00708	0.00364	0.00284	0.00855
2	0.01116	0.00868	0.01134	0.01329	0.04891	0.03536	0.01056	0.01392	0.01487	0.01917	0.03243	0.12561	0.03539	0.04391	0.00965	0.00302	0.00619	0.54459	0.00575	0.00621
3	0.02375	0.03014	0.01806	0.01645	0.01978	0.70549	0.01234	0.02545	0.01847	0.01620	0.01299	0.01444	0.04419	0.00728	0.00603	0.00172	0.01145	0.00472	0.00353	0.00753
4	0.01449	0.01525	0.03106	0.02375	0.05313	0.01448	0.50177	0.05273	0.01568	0.02124	0.01813	0.17094	0.01696	0.00877	0.00780	0.00229	0.00930	0.00986	0.00406	0.00832
5	0.77576	0.01302	0.01018	0.00898	0.01311	0.01505	0.00740	0.05356	0.01219	0.03013	0.00950	0.01095	0.00733	0.00620	0.00420	0.00203	0.00520	0.00368	0.00420	0.00733
6	0.01760	0.77260	0.03450	0.01126	0.01690	0.02605	0.01126	0.01971	0.01338	0.01549	0.00915	0.01056	0.00845	0.00563	0.00422	0.00141	0.00704	0.00352	0.00282	0.00845
7	0.01760	0.77260	0.03450	0.01126	0.01690	0.02605	0.01126	0.01971	0.01338	0.01549	0.00915	0.01056	0.00845	0.00563	0.00422	0.00141	0.00704	0.00352	0.00282	0.00845
8	0.01440	0.01440	0.02016	0.01728	0.01728	0.02016	0.01440	0.01584	0.01008	0.01584	0.00864	0.01440	0.00864	0.01152	0.02160	0.00288	0.75659	0.00576	0.00288	0.00720
9	0.81514	0.01273	0.00968	0.00866	0.01273	0.01477	0.00713	0.01935	0.01120	0.02954	0.00917	0.01069	0.00713	0.00611	0.00407	0.00204	0.00509	0.00356	0.00407	0.00713
10	0.00952	0.00636	0.00720	0.00726	0.00727	0.00634	0.00407	0.00956	0.00969	0.01292	0.02133	0.07028	0.02467	0.74043	0.03256	0.00624	0.00629	0.00992	0.00407	0.00404
11	0.02503	0.01844	0.01976	0.01515	0.02042	0.02042	0.01251	0.70562	0.03095	0.04149	0.01581	0.01581	0.01120	0.00790	0.00659	0.00198	0.00724	0.00593	0.00659	0.01120
12	0.01501	0.01166	0.01379	0.00992	0.01570	0.00885	0.00796	0.01790	0.01409	0.08203	0.01292	0.01440	0.01031	0.00515	0.00502	0.00107	0.00494	0.00413	0.00426	0.74089
13	0.00802	0.00573	0.00764	0.00917	0.00955	0.00535	0.00611	0.00917	0.01260	0.01681	0.03628	0.76434	0.04354	0.02062	0.00840	0.00267	0.00382	0.01872	0.00611	0.00535
14	0.01440	0.01440	0.02016	0.01728	0.01728	0.02016	0.01440	0.01584	0.01008	0.01584	0.00864	0.01440	0.00864	0.01152	0.02160	0.00288	0.75659	0.00576	0.00288	0.00720
15	0.01144	0.00572	0.00858	0.00858	0.00858	0.00572	0.00572	0.00858	0.00858	0.01144	0.01144	0.02001	0.01144	0.02287	0.02573	0.80846	0.00572	0.00572	0.00286	0.00286
16	0.02062	0.00969	0.01173	0.00967	0.01311	0.00923	0.00776	0.10031	0.01829	0.32071	0.08772	0.02494	0.02018	0.00843	0.00596	0.00184	0.00460	0.00685	0.30953	0.00882
17	0.02357	0.01107	0.01342	0.01071	0.01478	0.01065	0.00871	0.15413	0.01963	0.39241	0.02272	0.02179	0.01551	0.00796	0.00602	0.00188	0.00516	0.00635	0.24383	0.00970
18	0.01588	0.01505	0.02555	0.03835	0.67559	0.01505	0.01951	0.01973	0.01500	0.02138	0.01402	0.02051	0.01243	0.00676	0.00670	0.00203	0.00769	0.05518	0.00346	0.01011
19	0.01351	0.03021	0.59759	0.07685	0.11159	0.01528	0.02338	0.02047	0.01397	0.02062	0.01187	0.01446	0.00862	0.00623	0.00631	0.00208	0.00943	0.00506	0.00285	0.00963
20	0.81514	0.01273	0.00968	0.00866	0.01273	0.01477	0.00713	0.01935	0.01120	0.02954	0.00917	0.01069	0.00713	0.00611	0.00407	0.00204	0.00509	0.00356	0.00407	0.00713
21	0.01487	0.01458	0.02015	0.01719	0.01742	0.02018	0.01432	0.04636	0.01101	0.01698	0.00896	0.01447	0.00875	0.01136	0.02094	0.00284	0.72344	0.00577	0.00304	0.00738
22	0.01759	0.01383	0.01376	0.01234	0.01554	0.09765	0.00949	0.11195	0.23678	0.11647	0.02828	0.17014	0.08101	0.01262	0.02937	0.00245	0.00625	0.00951	0.00622	0.00875
23	0.01662	0.01627	0.02640	0.03948	0.69952	0.04446	0.01991	0.02045	0.01514	0.02129	0.01230	0.01612	0.01035	0.00590	0.00649	0.00194	0.00798	0.00580	0.00326	0.01032
24	0.00790	0.00619	0.00716	0.00793	0.00922	0.00545	0.00556	0.00931	0.01379	0.01729	0.05129	0.41833	0.37987	0.01867	0.00810	0.00245	0.00358	0.01634	0.00611	0.00545
25	0.01392	0.00791	0.01038	0.00917	0.01155	0.00724	0.00708	0.01733	0.03758	0.18048	0.55280	0.04267	0.05098	0.01218	0.00749	0.00207	0.00371	0.01063	0.00743	0.00742
26	0.01333	0.05486	0.71481	0.01855	0.02817	0.01559	0.02396	0.02082	0.01388	0.02070	0.01174	0.01380	0.00834	0.00624	0.00620	0.00207	0.00965	0.00483	0.00278	0.00969
27	0.01055	0.00797	0.01012	0.01110	0.01253	0.00821	0.00866	0.01558	0.14004	0.01988	0.03401	0.35871	0.03709	0.01756	0.00837	0.00274	0.00496	0.27920	0.00620	0.00654
28	0.00802	0.00573	0.00764	0.00917	0.00955	0.00535	0.00611	0.00917	0.01260	0.01681	0.03628	0.76434	0.04354	0.02062	0.00840	0.00267	0.00382	0.01872	0.00611	0.00535
29	0.00846	0.00627	0.00793	0.00864	0.00973	0.00574	0.00619	0.01032	0.01477	0.01965	0.22130	0.40843	0.17476	0.01788	0.00816	0.00245	0.00367	0.05359	0.00641	0.00565
30	0.01725	0.01460	0.02266	0.05869	0.04573	0.03439	0.21470	0.16249	0.03427	0.08452	0.01996	0.14918	0.03367	0.00980	0.00841	0.00226	0.06481	0.00893	0.00499	0.00870
31	0.01243	0.01170	0.01975	0.75282	0.04534	0.01463	0.01828	0.01682	0.01316	0.01682	0.01170	0.01755	0.00878	0.00658	0.00658	0.00219	0.00878	0.00585	0.00293	0.00731
32	0.81514	0.01273	0.00968	0.00866	0.01273	0.01477	0.00713	0.01935	0.01120	0.02954	0.00917	0.01069	0.00713	0.00611	0.00407	0.00204	0.00509	0.00356	0.00407	0.00713
33	0.02924	0.01168	0.01557	0.01194	0.01704	0.01038	0.00986	0.07647	0.01964	0.68661	0.02530	0.02197	0.01596	0.00813	0.00662	0.00203	0.00571	0.00657	0.00805	0.01120
34	0.01243	0.01170	0.01975	0.75282	0.04534	0.01463	0.01828	0.01682	0.01316	0.01682	0.01170	0.01755	0.00878	0.00658	0.00658	0.00219	0.00878	0.00585	0.00293	0.00731
35	0.00878	0.00671	0.00805	0.00772	0.00950	0.00598	0.00579	0.01138	0.01736	0.02338	0.49358	0.05415	0.29452	0.01459	0.00777	0.00212	0.00319	0.01260	0.00685	0.00598
36	0.06088	0.03000	0.01829	0.01651	0.02000	0.68003	0.01246	0.05308	0.01880	0.01774	0.01035	0.01197	0.00853	0.00680	0.00588	0.00172	0.01138	0.00428	0.00355	0.00775
37	0.02778	0.01082	0.01472	0.01142	0.01620	0.00938	0.00938	0.03038	0.01882	0.67089	0.08655	0.02473	0.02027	0.00861	0.00672	0.00204	0.00539	0.00708	0.00807	0.01077
38	0.01637	0.01414	0.01489	0.01340	0.01712	0.01637	0.01042	0.03498	0.71568	0.02754	0.02679	0.02456	0.02010	0.00893	0.00670	0.00223	0.00521	0.00744	0.00670	0.01042
39	0.02459	0.03138	0.01866	0.01696	0.02035	0.74221	0.01272	0.02629	0.01866	0.01611	0.01018	0.01187	0.00848	0.00678	0.00594	0.00170	0.01187	0.00424	0.00339	0.00763
40	0.01142	0.00942	0.01469	0.34288	0.02780	0.01073	0.01404	0.01506	0.01427	0.01841	0.02452	0.04894	0.02489	0.01300	0.00797	0.00266	0.00727	0.38077	0.00466	0.00662
41	0.81514	0.01273	0.00968	0.00866	0.01273	0.01477	0.00713	0.01935	0.01120	0.02954	0.00917	0.01069	0.00713	0.00611	0.00407	0.00204	0.00509	0.00356	0.00407	0.00713
42	0.01723	0.70965	0.09416	0.01190	0.01789	0.02513	0.01238	0.01981	0.01342	0.01595	0.00938	0.01084	0.00844	0.00569	0.00440	0.00147	0.00727	0.00363	0.00281	0.00856
43	0.01760	0.77260	0.03450	0.01126	0.01690	0.02605	0.01126	0.01971	0.01338	0.01549	0.00915	0.01056	0.00845	0.00563	0.00422	0.00141	0.00704	0.00352	0.00282	0.00845
44	0.01344	0.01159	0.01208	0.01110	0.01431	0.01268	0.00857	0.02627	0.47659	0.02421	0.04041	0.03780	0.26059	0.01157	0.00707	0.00223	0.00457	0.00964	0.00650	0.00876
45	0.01425	0.01168	0.01371	0.00982	0.01565	0.00881	0.00787	0.01716	0.01385	0.04825	0.01224	0.01398	0.01000	0.00500	0.00494	0.00102	0.00490	0.00400	0.00406	0.77880
46	0.00802	0.00573	0.00764	0.00917	0.00955	0.00535	0.00611	0.00917	0.01260	0.01681	0.03628	0.76434	0.04354	0.02062	0.00840	0.00267	0.00382	0.01872	0.00611	0.00535
47	0.01440	0.01440	0.02016	0.01728	0.01728	0.02016	0.01440	0.01584	0.01008	0.01584	0.00864	0.01440	0.00864	0.01152	0.02160	0.00288	0.75659	0.00576	0.00288	0.00720
48	0.00802	0.00573	0.00764	0.00917	0.00955	0.00535	0.00611	0.00917	0.01260	0.01681	0.03628	0.76434	0.04354	0.02062	0.00840	0.00267	0.00382	0.01872	0.00611	0.00535
49	0.02939	0.01144	0.01542	0.01182	0.01692	0.01002	0.00977	0.05364	0.01923	0.71003	0.02565	0.02220	0.01613	0.00814	0.00662	0.00204	0.00565	0.00660	0.00810	0.01120
50	0.02834	0.01312	0.01646	0.01262	0.01776	0.01252	0.01043	0.21030	0.02205	0.54939	0.02328	0.02066	0.01495	0.00808	0.00661	0.00202	0.00604	0.00644	0.00773	0.01120
51	0.02954	0.01120	0.01528	0.01171	0.01681	0.00968	0.00968	0.03208	0.01884	0.73213	0.02597	0.02241	0.01630	0.00815	0.00662	0.00204	0.00560	0.00662	0.00815	0.01120
52	0.01440	0.01440	0.02016	0.01728	0.01728	0.02016	0.01440	0.01584	0.01008	0.01584	0.00864	0.01440	0.00864	0.01152	0.02160	0.00288	0.75659	0.00576	0.00288	0.00720
53	0.81514	0.01273	0.00968	0.00866	0.01273	0.01477	0.00713	0.01935	0.01120	0.02954	0.00917	0.01069	0.00713	0.00611	0.00407	0.00204	0.00509	0.00356	0.00407	0.00713
54	0.01468	0.01487	0.02012	0.01727	0.01737	0.03988	0.01436	0.01613	0.01032	0.01585	0.00868	0.01433	0.00864	0.01139	0.02118	0.00285	0.73626	0.00572	0.00289	0.00721
55	0.01321	0.01208	0.01941	0.43303	0.19713	0.01372	0.01646	0.04807	0.01447	0.01908	0.01813	0.05910	0.07227	0.00914	0.02557	0.00237	0.00800	0.00723	0.00362	0.00793
56	0.01523	0.36609	0.35541	0.01459	0.02213	0.01959	0.01698	0.01996	0.01364	0.01848	0.01060	0.01237	0.00851	0.00585	0.00522	0.00168	0.00809	0.00417	0.00289	0.07850
57	0.00819	0.00669	0.00724	0.00710	0.00914	0.00573	0.00533	0.01025	0.01598	0.02009	0.24284	0.05956	0.54731	0.01581	0.00778	0.00218	0.00327	0.01336	0.00642	0.00573
58	0.00925	0.00673	0.00871	0.00821	0.00979	0.00618	0.00616	0.01229	0.01847	0.02602	0.69502	0.04980	0.09144	0.01360	0.00777	0.00208	0.00312	0.01199	0.00720	0.00618
59	0.01534	0.01705	0.02808	0.05081	0.02678	0.10986	0.37892	0.01907	0.01457	0.01884	0.01537	0.12258	0.01430	0.00883	0.00975	0.00232	0.12749	0.00847	0.00365	0.00789
60	0.00958	0.00685	0.00941	0.01085	0.01194	0.00668	0.00873	0.01190	0.01433	0.01887	0.06273	0.33411	0.04099	0.01892	0.00878	0.00286	0.00510	0.40544	0.00613	0.00580
61	0.00802	0.00573	0.00764	0.00917	0.00955	0.00535	0.00611	0.00917	0.01260	0.01681	0.03628	0.76434	0.04354	0.02062	0.00840	0.00267	0.00382	0.01872	0.00611	0.00535
62	0.00815	0.00599	0.00767	0.00891	0.00966	0.00551	0.00617	0.00952	0.01325	0.01735	0.05868	0.60462	0.14753	0.01972	0.00833	0.00261	0.00384	0.05093	0.00614	0.00544
63	0.01341	0.01286	0.02240	0.50793	0.18882	0.01469	0.07760	0.01763	0.01362	0.01803	0.01235	0.01831	0.00984	0.03656	0.00774	0.00231	0.00868	0.00617	0.00307	0.00798
64	0.02030	0.02501	0.14999	0.01809	0.02296	0.30638	0.11594	0.06847	0.01711	0.08029	0.01276	0.01528	0.00992	0.02597	0.00857	0.00212	0.08291	0.00546	0.00385	0.00860
65	0.01368	0.01298	0.02200	0.52229	0.26610	0.01495	0.01890	0.01792	0.01375	0.01834	0.01192	0.01714	0.00931	0.00635	0.00656	0.00212	0.00847	0.00586	0.00303	0.00832
66	0.02624	0.01328	0.01624	0.01259	0.01743	0.01304	0.01034	0.26021	0.02296	0.43522	0.08309	0.02248	0.01853	0.00853	0.00671	0.00202	0.00595	0.00684	0.00754	0.01077
67	0.01760	0.77260	0.03450	0.01126	0.01690	0.02605	0.01126	0.01971	0.01338	0.01549	0.00915	0.01056	0.00845	0.00563	0.00422	0.00141	0.00704	0.00352	0.00282	0.00845
68	0.00935	0.00695	0.00881	0.00835	0.01013	0.00628	0.00632	0.01221	0.01765	0.02459	0.56526	0.07372	0.13477	0.01386	0.00771	0.00210	0.00335	0.03878	0.00688	0.04293
69	0.02459	0.03138	0.01866	0.01696	0.02035	0.74221	0.01272	0.02629	0.01866	0.01611	0.01018	0.01187	0.00848	0.00678	0.00594	0.00170	0.01187	0.00424	0.00339	0.00763
70	0.01626	0.00807	0.01031	0.00905	0.01114	0.00742	0.00650	0.01785	0.01482	0.26135	0.17446	0.07043	0.03044	0.31245	0.01765	0.00380	0.00529	0.00949	0.00621	0.00699
71	0.01606	0.01278	0.01575	0.01339	0.01708	0.01381	0.06857	0.05516	0.42400	0.08064	0.15204	0.02936	0.05272	0.00965	0.00701	0.00218	0.00537	0.00839	0.00659	0.00944
72	0.02459	0.03138	0.01866	0.01696	0.02035	0.74221	0.01272	0.02629	0.01866	0.01611	0.01018	0.01187	0.00848	0.00678	0.00594	0.00170	0.01187	0.00424	0.00339	0.00763
73	0.01320	0.03405	0.73453	0.01876	0.02849	0.01529	0.02432	0.02085	0.01390	0.02085	0.01181	0.01390	0.00834	0.00625	0.00625	0.00208	0.00973	0.00486	0.00278	0.00973
74	0.01440	0.01440	0.02016	0.01728	0.01728	0.02016	0.01440	0.01584	0.01008	0.01584	0.00864	0.01440	0.00864	0.01152	0.02160	0.00288	0.75659	0.00576	0.00288	0.00720
75	0.81514	0.01273	0.00968	0.00866	0.01273	0.01477	0.00713	0.01935	0.01120	0.02954	0.00917	0.01069	0.00713	0.00611	0.00407	0.00204	0.00509	0.00356	0.00407	0.00713
76	0.02459	0.03138	0.01866	0.01696	0.02035	0.74221	0.01272	0.02629	0.01866	0.01611	0.01018	0.01187	0.00848	0.00678	0.00594	0.00170	0.01187	0.00424	0.00339	0.00763
77	0.01844	0.01517	0.01605	0.01382	0.01791	0.01734	0.01092	0.19528	0.55201	0.03087	0.02417	0.02247	0.01797	0.00869	0.00667	0.00217	0.00570	0.00708	0.00667	0.01061
78	0.01707	0.01159	0.01400	0.01017	0.01586	0.00897	0.00820	0.01991	0.01477	0.17425	0.01477	0.01553	0.01116	0.00558	0.00525	0.00120	0.00503	0.00449	0.00481	0.63738
79	0.00802	0.00573	0.00764	0.00917	0.00955	0.00535	0.00611	0.00917	0.01260	0.01681	0.03628	0.76434	0.04354	0.02062	0.00840	0.00267	0.00382	0.01872	0.00611	0.00535
80	0.01440	0.01440	0.02016	0.01728	0.01728	0.02016	0.01440	0.01584	0.01008	0.01584	0.00864	0.01440	0.00864	0.01152	0.02160	0.00288	0.75659	0.00576	0.00288	0.00720
81	0.00940	0.00705	0.01058	0.01058	0.01176	0.00823	0.00823	0.01176	0.01058	0.01528	0.01763	0.02586	0.01646	0.04937	0.74255	0.01058	0.01763	0.00705	0.00353	0.00588
82	0.05282	0.01125	0.01511	0.01162	0.01668	0.00983	0.00960	0.03171	0.01862	0.71131	0.02547	0.02206	0.01602	0.00809	0.00654	0.00204	0.00559	0.00653	0.00803	0.01108
83	0.01385	0.00766	0.00782	0.00725	0.00925	0.00790	0.00558	0.10065	0.01592	0.02664	0.02077	0.02346	0.01617	0.00770	0.00485	0.00159	0.00358	0.00611	0.70649	0.00676
84	0.00957	0.00638	0.00718	0.00718	0.00718	0.00638	0.00399	0.00957	0.00957	0.01276	0.02074	0.04308	0.02393	0.76864	0.03351	0.00638	0.00638	0.00957	0.00399	0.00399
85	0.01144	0.00572	0.00858	0.00858	0.00858	0.00572	0.00572	0.00858	0.00858	0.01144	0.01144	0.02001	0.01144	0.02287	0.02573	0.80846	0.00572	0.00572	0.00286	0.00286
86	0.77889	0.01299	0.01014	0.00896	0.01308	0.01503	0.00738	0.05084	0.01211	0.03009	0.00947	0.01093	0.00732	0.00619	0.00419	0.00203	0.00519	0.00367	0.00419	0.00732
87	0.01117	0.15123	0.01551	0.01102	0.01298	0.01212	0.00908	0.01344	0.01108	0.01535	0.01563	0.02246	0.01459	0.03942	0.57075	0.00850	0.04955	0.00633	0.00336	0.00642
88	0.01760	0.15392	0.03124	0.04262	0.02706	0.09674	0.36482	0.05873	0.01632	0.04885	0.01376	0.01836	0.01110	0.00652	0.00676	0.00199	0.00953	0.03729	0.00375	0.03302
89	0.08528	0.06806	0.09089	0.01365	0.01810	0.01290	0.05867	0.02230	0.03658	0.23513	0.03954	0.02839	0.01799	0.00952	0.00794	0.00221	0.07044	0.12767	0.00544	0.04931
90	0.00817	0.00662	0.00726	0.00724	0.00917	0.00570	0.00537	0.01015	0.01572	0.01981	0.22443	0.10901	0.51600	0.01617	0.00782	0.00222	0.00331	0.01375	0.00639	0.00570
91	0.02643	0.01029	0.01363	0.01071	0.01516	0.00904	0.00876	0.02907	0.01794	0.60490	0.02516	0.02279	0.01640	0.00806	0.00626	0.00195	0.00515	0.00653	0.15147	0.01029
92	0.01320	0.03405	0.73453	0.01876	0.02849	0.01529	0.02432	0.02085	0.01390	0.02085	0.01181	0.01390	0.00834	0.00625	0.00625	0.00208	0.00973	0.00486	0.00278	0.00973
93	0.01648	0.45738	0.29928	0.01413	0.02129	0.02121	0.01615	0.02071	0.01383	0.05040	0.01093	0.01237	0.00877	0.00598	0.00510	0.00169	0.00799	0.00417	0.00305	0.00906
94	0.00802	0.00573	0.00764	0.00917	0.00955	0.00535	0.00611	0.00917	0.01260	0.01681	0.03628	0.76434	0.04354	0.02062	0.00840	0.00267	0.00382	0.01872	0.00611	0.00535
95	0.00920	0.00664	0.00869	0.00836	0.00981	0.00613	0.00620	0.01212	0.01808	0.02551	0.66045	0.11536	0.06040	0.01412	0.00782	0.00213	0.00317	0.01254	0.00714	0.00613
96	0.02256	0.01791	0.01669	0.01427	0.01763	0.22343	0.01126	0.08875	0.07333	0.23864	0.01889	0.08214	0.01511	0.00937	0.00878	0.00213	0.11765	0.00686	0.00557	0.00902
97	0.02298	0.01499	0.01896	0.01527	0.01863	0.08945	0.05888	0.04462	0.01607	0.35504	0.01750	0.01819	0.01240	0.00893	0.01155	0.00229	0.25317	0.00615	0.00556	0.00936
98	0.79138	0.03537	0.01042	0.00874	0.01286	0.01510	0.00725	0.01936	0.01127	0.02912	0.00917	0.01069	0.00717	0.00610	0.00408	0.00202	0.00515	0.00356	0.00404	0.00717
99	0.05807	0.01169	0.01517	0.01182	0.01678	0.01067	0.00972	0.05142	0.06964	0.63424	0.02510	0.02193	0.01608	0.00812	0.00653	0.00205	0.00560	0.00654	0.00784	0.01099
100	0.00967	0.00763	0.01111	0.01310	0.08444	0.00729	0.03391	0.03072	0.01377	0.01849	0.05463	0.58544	0.06867	0.01779	0.00809	0.00252	0.00456	0.01620	0.00576	0.00620
101	0.00906	0.00672	0.00844	0.00801	0.00968	0.00610	0.00601	0.01192	0.01802	0.02495	0.61330	0.05157	0.17382	0.01400	0.00777	0.00210	0.00314	0.01224	0.00706	0.00610
102	0.05468	0.01723	0.01863	0.01445	0.01956	0.01886	0.01190	0.57132	0.06879	0.11150	0.01724	0.01680	0.01209	0.00792	0.00650	0.00200	0.00688	0.00600	0.00666	0.01100
103	0.00789	0.00624	0.00711	0.00781	0.00919	0.00546	0.00551	0.00932	0.01391	0.01734	0.05282	0.38310	0.41411	0.01848	0.00806	0.00243	0.00356	0.01609	0.00611	0.00546
104	0.02799	0.01192	0.04369	0.01184	0.01696	0.00975	0.01011	0.03077	0.01864	0.67253	0.05629	0.02325	0.01801	0.00831	0.00666	0.00204	0.00566	0.00678	0.00789	0.01092
105	0.02459	0.03138	0.01866	0.01696	0.02035	0.74221	0.01272	0.02629	0.01866	0.01611	0.01018	0.01187	0.00848	0.00678	0.00594	0.00170	0.01187	0.00424	0.00339	0.00763
106	0.01629	0.01564	0.02672	0.04041	0.72757	0.01564	0.02020	0.02020	0.01499	0.02151	0.01238	0.01629	0.01043	0.00587	0.00652	0.00196	0.00782	0.00587	0.00326	0.01043
107	0.01614	0.63565	0.03007	0.01099	0.01577	0.02278	0.01053	0.01819	0.01283	0.01534	0.01081	0.01406	0.01021	0.04527	0.10491	0.00286	0.00844	0.00426	0.00296	0.00791
108	0.70610	0.05776	0.01189	0.00938	0.01358	0.03688	0.00780	0.05401	0.01254	0.02893	0.00953	0.01098	0.00745	0.00619	0.00426	0.00199	0.00551	0.00370	0.00411	0.00742
109	0.01737	0.59684	0.08297	0.01256	0.01778	0.02390	0.01253	0.01982	0.01323	0.04434	0.00995	0.01174	0.00878	0.00649	0.00657	0.00166	0.09793	0.00401	0.00303	0.00850
110	0.01637	0.01414	0.01489	0.01340	0.01712	0.01637	0.01042	0.03498	0.71568	0.02754	0.02679	0.02456	0.02010	0.00893	0.00670	0.00223	0.00521	0.00744	0.00670	0.01042
111	0.01481	0.01166	0.01377	0.00989	0.01569	0.00884	0.00794	0.01771	0.01403	0.07319	0.01274	0.01429	0.01023	0.00511	0.00500	0.00105	0.00493	0.00410	0.00421	0.75081
112	0.00800	0.00582	0.00754	0.00891	0.00948	0.00537	0.00600	0.00919	0.01285	0.01690	0.03935	0.69365	0.11226	0.02023	0.00834	0.00263	0.00377	0.01823	0.00611	0.00537
113	0.01744	0.74485	0.06080	0.01155	0.01733	0.02564	0.01176	0.01976	0.01340	0.01569	0.00925	0.01069	0.00844	0.00566	0.00430	0.00143	0.00714	0.00357	0.00281	0.00850
114	0.01612	0.01547	0.02641	0.07192	0.69739	0.01560	0.02012	0.02005	0.01491	0.02130	0.01235	0.01635	0.01035	0.00590	0.00652	0.00197	0.00786	0.00587	0.00324	0.01029

[dist]
# distance from previous block
# <min> <max>
1	2

[block]
# block no. 3 follows, 33 sequences, length 142
# corresponding to MSA columns:
# 411-552
name=unknown_D
#
# <colnr> <probs for GDERKNQSTAVLIFYWHMCP>
#	G	D	E	R	K	N	Q	S	T	A	V	L	I	F	Y	W	H	M	C	P
0	0.01439	0.01370	0.02329	0.39086	0.39197	0.01514	0.01926	0.01854	0.01409	0.01920	0.01205	0.01691	0.00962	0.00622	0.00655	0.00207	0.00829	0.00586	0.00309	0.00890
1	0.52997	0.01280	0.01169	0.00962	0.01422	0.01354	0.00788	0.06947	0.01380	0.09302	0.01168	0.01271	0.00877	0.00619	0.00464	0.00183	0.00525	0.00408	0.00459	0.16425
2	0.07198	0.01615	0.01825	0.01492	0.01874	0.09984	0.08995	0.23233	0.06335	0.02691	0.03405	0.13439	0.01702	0.00963	0.00779	0.00210	0.06275	0.00788	0.00515	0.06683
3	0.00811	0.00584	0.00769	0.00901	0.00955	0.00542	0.00608	0.00942	0.01314	0.01756	0.08917	0.68599	0.06873	0.01995	0.00833	0.00261	0.00375	0.01803	0.00620	0.00542
4	0.07687	0.01117	0.01452	0.01135	0.01607	0.01008	0.00932	0.05396	0.01878	0.60154	0.08542	0.02377	0.01953	0.00847	0.00656	0.00204	0.00541	0.00686	0.00776	0.01051
5	0.01624	0.01569	0.02670	0.03684	0.60222	0.01580	0.07890	0.02163	0.07906	0.02202	0.01378	0.01718	0.01127	0.00612	0.00664	0.00200	0.00787	0.00618	0.00358	0.01029
6	0.01277	0.01166	0.01843	0.61924	0.03975	0.01422	0.01656	0.04123	0.06068	0.01842	0.01590	0.05133	0.03721	0.00775	0.00671	0.00221	0.00808	0.00680	0.00355	0.00751
7	0.00806	0.00579	0.00765	0.00906	0.00954	0.00538	0.00608	0.00929	0.01289	0.01717	0.06127	0.71695	0.06598	0.02025	0.00836	0.00264	0.00378	0.01832	0.00615	0.00538
8	0.01452	0.01541	0.04334	0.01869	0.01983	0.01957	0.10422	0.01667	0.01090	0.01667	0.00934	0.01482	0.00881	0.01059	0.01936	0.00277	0.63807	0.00600	0.00294	0.00749
9	0.01716	0.52319	0.20526	0.01363	0.02007	0.08884	0.01461	0.02059	0.01399	0.01686	0.00990	0.01150	0.00842	0.00589	0.00488	0.00160	0.00814	0.00392	0.00286	0.00869
10	0.00823	0.00600	0.00780	0.00915	0.00984	0.00557	0.00639	0.00960	0.01311	0.01718	0.03964	0.62191	0.12107	0.01995	0.00839	0.00265	0.00397	0.07801	0.00611	0.00544
11	0.02881	0.01104	0.01504	0.01159	0.01655	0.00955	0.00955	0.03138	0.01884	0.70677	0.05106	0.02337	0.01794	0.00834	0.00666	0.00204	0.00551	0.00681	0.00812	0.01102
12	0.01057	0.01260	0.15069	0.01051	0.01389	0.00861	0.00992	0.03370	0.03820	0.02490	0.47879	0.04207	0.11562	0.01209	0.00741	0.00209	0.00460	0.01043	0.00623	0.00709
13	0.01352	0.02854	0.53486	0.11440	0.07864	0.01535	0.08251	0.02031	0.01402	0.02040	0.01197	0.01486	0.00868	0.00621	0.00645	0.00210	0.00960	0.00531	0.00288	0.00940
14	0.01913	0.01562	0.01677	0.01407	0.01756	0.08570	0.03124	0.27529	0.13052	0.05759	0.01814	0.02228	0.01487	0.07078	0.11324	0.00362	0.05206	0.02711	0.00541	0.00899
15	0.81514	0.01273	0.00968	0.00866	0.01273	0.01477	0.00713	0.01935	0.01120	0.02954	0.00917	0.01069	0.00713	0.00611	0.00407	0.00204	0.00509	0.00356	0.00407	0.00713
16	0.01539	0.01742	0.03748	0.05343	0.03418	0.01670	0.65407	0.02074	0.01526	0.02074	0.01309	0.01763	0.00990	0.00580	0.00823	0.00224	0.03801	0.00763	0.00330	0.00876
17	0.01606	0.51347	0.28012	0.01390	0.02097	0.02227	0.01585	0.02011	0.01356	0.01737	0.01009	0.01173	0.00841	0.00585	0.00494	0.00165	0.00798	0.00399	0.00280	0.00890
18	0.00838	0.00603	0.00801	0.00941	0.01004	0.00566	0.00663	0.00984	0.01322	0.01754	0.06193	0.62838	0.06818	0.01992	0.00844	0.00268	0.00405	0.10003	0.00615	0.00547
19	0.01618	0.01553	0.02652	0.06067	0.70817	0.01561	0.02015	0.02011	0.01494	0.02137	0.01236	0.01633	0.01038	0.00589	0.00652	0.00196	0.00785	0.00587	0.00325	0.01034
20	0.01547	0.01457	0.02427	0.06110	0.60628	0.01470	0.01839	0.01987	0.04159	0.02205	0.08310	0.01989	0.01583	0.00675	0.00665	0.00199	0.00729	0.00652	0.00377	0.00990
21	0.00778	0.00667	0.00667	0.00667	0.00889	0.00556	0.00500	0.00945	0.01501	0.01778	0.06669	0.06336	0.72490	0.01667	0.00778	0.00222	0.00333	0.01389	0.00611	0.00556
22	0.01888	0.01654	0.02408	0.02003	0.07965	0.01754	0.20498	0.26906	0.17665	0.02963	0.01897	0.02004	0.03875	0.00772	0.00734	0.00213	0.02561	0.00706	0.00533	0.01002
23	0.00944	0.00640	0.00714	0.00714	0.00730	0.00632	0.00406	0.00956	0.00997	0.01313	0.02406	0.04454	0.07449	0.71440	0.03165	0.00608	0.00616	0.00989	0.00414	0.00410
24	0.01629	0.01564	0.02672	0.04041	0.72757	0.01564	0.02020	0.02020	0.01499	0.02151	0.01238	0.01629	0.01043	0.00587	0.00652	0.00196	0.00782	0.00587	0.00326	0.01043
25	0.01674	0.62848	0.17110	0.01273	0.01916	0.02395	0.01381	0.01993	0.01348	0.01653	0.00967	0.01121	0.00843	0.00575	0.00462	0.00154	0.00757	0.00378	0.00281	0.00870
26	0.01619	0.01874	0.03739	0.02697	0.03339	0.06898	0.65383	0.02146	0.01576	0.02073	0.01309	0.01733	0.00988	0.00564	0.00764	0.00218	0.01115	0.00751	0.00333	0.00879
27	0.02433	0.01879	0.02110	0.01611	0.02142	0.04270	0.06237	0.63502	0.02946	0.03923	0.01545	0.01582	0.01102	0.00770	0.00665	0.00198	0.00767	0.00601	0.00625	0.01092
28	0.01144	0.00572	0.00858	0.00858	0.00858	0.00572	0.00572	0.00858	0.00858	0.01144	0.01144	0.02001	0.01144	0.02287	0.02573	0.80846	0.00572	0.00572	0.00286	0.00286
29	0.00900	0.00669	0.00930	0.01015	0.01097	0.00638	0.03156	0.03547	0.01347	0.01796	0.03466	0.68829	0.04096	0.01954	0.00833	0.00264	0.00428	0.03861	0.00603	0.00571
30	0.81514	0.01273	0.00968	0.00866	0.01273	0.01477	0.00713	0.01935	0.01120	0.02954	0.00917	0.01069	0.00713	0.00611	0.00407	0.00204	0.00509	0.00356	0.00407	0.00713
31	0.00900	0.00650	0.00858	0.00986	0.01061	0.00636	0.00715	0.01114	0.03836	0.01751	0.03415	0.52715	0.03952	0.06563	0.03161	0.00319	0.00490	0.15722	0.00592	0.00561
32	0.01629	0.01564	0.02672	0.04041	0.72757	0.01564	0.02020	0.02020	0.01499	0.02151	0.01238	0.01629	0.01043	0.00587	0.00652	0.00196	0.00782	0.00587	0.00326	0.01043
33	0.01637	0.01414	0.01489	0.01340	0.01712	0.01637	0.01042	0.03498	0.71568	0.02754	0.02679	0.02456	0.02010	0.00893	0.00670	0.00223	0.00521	0.00744	0.00670	0.01042
34	0.01243	0.01170	0.01975	0.75282	0.04534	0.01463	0.01828	0.01682	0.01316	0.01682	0.01170	0.01755	0.00878	0.00658	0.00658	0.00219	0.00878	0.00585	0.00293	0.00731
35	0.02503	0.01844	0.01976	0.01515	0.02042	0.02042	0.01251	0.70562	0.03095	0.04149	0.01581	0.01581	0.01120	0.00790	0.00659	0.00198	0.00724	0.00593	0.00659	0.01120
36	0.01243	0.01170	0.01975	0.75282	0.04534	0.01463	0.01828	0.01682	0.01316	0.01682	0.01170	0.01755	0.00878	0.00658	0.00658	0.00219	0.00878	0.00585	0.00293	0.00731
37	0.01760	0.77260	0.03450	0.01126	0.01690	0.02605	0.01126	0.01971	0.01338	0.01549	0.00915	0.01056	0.00845	0.00563	0.00422	0.00141	0.00704	0.00352	0.00282	0.00845
38	0.02907	0.01122	0.01523	0.01166	0.01677	0.00965	0.00962	0.03163	0.01869	0.71141	0.02556	0.02215	0.01611	0.00805	0.00657	0.00201	0.00558	0.00654	0.00802	0.03446
39	0.01637	0.01414	0.01489	0.01340	0.01712	0.01637	0.01042	0.03498	0.71568	0.02754	0.02679	0.02456	0.02010	0.00893	0.00670	0.00223	0.00521	0.00744	0.00670	0.01042
40	0.00802	0.00573	0.00764	0.00917	0.00955	0.00535	0.00611	0.00917	0.01260	0.01681	0.03628	0.76434	0.04354	0.02062	0.00840	0.00267	0.00382	0.01872	0.00611	0.00535
41	0.02503	0.01844	0.01976	0.01515	0.02042	0.02042	0.01251	0.70562	0.03095	0.04149	0.01581	0.01581	0.01120	0.00790	0.00659	0.00198	0.00724	0.00593	0.00659	0.01120
42	0.01243	0.01170	0.01975	0.75282	0.04534	0.01463	0.01828	0.01682	0.01316	0.01682	0.01170	0.01755	0.00878	0.00658	0.00658	0.00219	0.00878	0.00585	0.00293	0.00731
43	0.01245	0.01125	0.01530	0.01357	0.01369	0.01482	0.01065	0.01355	0.00998	0.01486	0.01319	0.02419	0.01403	0.24353	0.09702	0.00470	0.45681	0.00704	0.00328	0.00610
44	0.01605	0.01539	0.02627	0.08605	0.68387	0.01558	0.02008	0.01999	0.01487	0.02121	0.01234	0.01637	0.01032	0.00591	0.00652	0.00197	0.00788	0.00586	0.00324	0.01023
45	0.81514	0.01273	0.00968	0.00866	0.01273	0.01477	0.00713	0.01935	0.01120	0.02954	0.00917	0.01069	0.00713	0.00611	0.00407	0.00204	0.00509	0.00356	0.00407	0.00713
46	0.00778	0.00667	0.00667	0.00667	0.00889	0.00556	0.00500	0.00945	0.01501	0.01778	0.06669	0.06336	0.72490	0.01667	0.00778	0.00222	0.00333	0.01389	0.00611	0.00556
47	0.02449	0.04956	0.01933	0.01642	0.02027	0.57239	0.01264	0.16696	0.02106	0.02136	0.01131	0.01265	0.00904	0.00698	0.00602	0.00175	0.01078	0.00457	0.00404	0.00839
48	0.00912	0.00697	0.00834	0.00901	0.01065	0.00645	0.00719	0.01114	0.01441	0.01799	0.04794	0.09100	0.34996	0.09648	0.01104	0.00300	0.00477	0.28309	0.00587	0.00559
49	0.17683	0.01871	0.07081	0.01865	0.12666	0.15213	0.07599	0.06125	0.03634	0.17880	0.01495	0.01587	0.01082	0.00678	0.00606	0.00198	0.00790	0.00542	0.00476	0.00927
50	0.01631	0.55504	0.24071	0.01347	0.02031	0.02288	0.01511	0.02005	0.01353	0.01707	0.00994	0.01154	0.00842	0.00582	0.00482	0.00161	0.00783	0.00392	0.00281	0.00883
51	0.00801	0.00576	0.00760	0.00907	0.00952	0.00535	0.00607	0.00918	0.01269	0.01684	0.03741	0.73849	0.06867	0.02048	0.00838	0.00266	0.00380	0.01854	0.00611	0.00535
52	0.01928	0.19150	0.04815	0.04844	0.09735	0.01785	0.05222	0.16068	0.04383	0.12269	0.01630	0.03678	0.01329	0.00808	0.00728	0.00202	0.05731	0.04273	0.00481	0.00941
53	0.00836	0.00620	0.00876	0.00976	0.01035	0.00580	0.03146	0.00962	0.01258	0.01679	0.03479	0.70650	0.04149	0.05182	0.00945	0.00281	0.00419	0.01793	0.00592	0.00542
54	0.01423	0.01413	0.02066	0.04575	0.06970	0.01890	0.03558	0.01607	0.01082	0.01649	0.01034	0.04659	0.01030	0.01114	0.01899	0.00276	0.62071	0.00638	0.00306	0.00741
55	0.01574	0.01578	0.07181	0.06702	0.01983	0.04243	0.01201	0.03092	0.54503	0.02532	0.02533	0.02517	0.03981	0.00894	0.00672	0.00222	0.00603	0.02414	0.00596	0.00978
56	0.01528	0.01577	0.05181	0.10022	0.44515	0.01605	0.09315	0.01913	0.01408	0.02008	0.01243	0.03389	0.01068	0.00707	0.00885	0.00216	0.11528	0.00632	0.00323	0.00936
57	0.00809	0.00633	0.00733	0.00782	0.00927	0.00557	0.00558	0.00976	0.01462	0.01863	0.14765	0.32157	0.37898	0.01769	0.00801	0.00237	0.00348	0.01540	0.00627	0.00557
58	0.02877	0.01244	0.01604	0.01230	0.01742	0.01151	0.01016	0.14710	0.02091	0.61419	0.02424	0.02128	0.01543	0.00811	0.00661	0.00203	0.00588	0.00650	0.00788	0.01120
59	0.01518	0.06671	0.01424	0.01091	0.01416	0.03810	0.00874	0.20550	0.08758	0.02810	0.27905	0.03589	0.14674	0.01123	0.00702	0.00202	0.00507	0.00929	0.00637	0.00809
60	0.01847	0.01518	0.01606	0.01382	0.01792	0.01735	0.01093	0.19719	0.55006	0.03091	0.02414	0.02244	0.01794	0.00868	0.00667	0.00217	0.00570	0.00708	0.00667	0.01061
61	0.01483	0.01252	0.01692	0.01234	0.01781	0.01049	0.08313	0.01791	0.01390	0.06238	0.01248	0.01466	0.01008	0.00562	0.00649	0.00131	0.05977	0.00461	0.00401	0.61873
62	0.09722	0.01792	0.01884	0.01455	0.01971	0.01990	0.01202	0.64292	0.02915	0.04040	0.01520	0.01534	0.01082	0.00774	0.00636	0.00198	0.00705	0.00571	0.00636	0.01082
63	0.81514	0.01273	0.00968	0.00866	0.01273	0.01477	0.00713	0.01935	0.01120	0.02954	0.00917	0.01069	0.00713	0.00611	0.00407	0.00204	0.00509	0.00356	0.00407	0.00713
64	0.01291	0.08967	0.57720	0.01659	0.02490	0.01485	0.02067	0.01938	0.01427	0.02060	0.06591	0.01950	0.06087	0.00742	0.00630	0.00204	0.00861	0.00587	0.00333	0.00909
65	0.01755	0.01473	0.01555	0.01364	0.01757	0.01692	0.01070	0.12613	0.62261	0.02944	0.02530	0.02337	0.01889	0.00879	0.00668	0.00220	0.00549	0.00724	0.00668	0.01053
66	0.01121	0.00586	0.00879	0.00879	0.00892	0.00599	0.00599	0.00892	0.00879	0.01185	0.01211	0.02065	0.01198	0.02575	0.10354	0.72185	0.00701	0.00586	0.00293	0.00319
67	0.01215	0.01134	0.01888	0.69908	0.04275	0.01400	0.01737	0.01639	0.01342	0.01719	0.03837	0.02036	0.03751	0.00720	0.00667	0.00219	0.00838	0.00636	0.00319	0.00721
68	0.78180	0.01267	0.00991	0.00879	0.01290	0.01455	0.00724	0.01989	0.01153	0.05936	0.00988	0.01119	0.00752	0.00620	0.00418	0.00204	0.00511	0.00369	0.00425	0.00730
69	0.01256	0.01179	0.01923	0.64628	0.06162	0.01454	0.01735	0.01723	0.03880	0.01735	0.01449	0.01960	0.03963	0.00726	0.00719	0.00221	0.03597	0.00625	0.00321	0.00744
70	0.01144	0.00572	0.00858	0.00858	0.00858	0.00572	0.00572	0.00858	0.00858	0.01144	0.01144	0.02001	0.01144	0.02287	0.02573	0.80846	0.00572	0.00572	0.00286	0.00286
71	0.01554	0.01776	0.03885	0.02775	0.03441	0.01665	0.70366	0.02109	0.01554	0.02109	0.01332	0.01776	0.00999	0.00555	0.00777	0.00222	0.01110	0.00777	0.00333	0.00888
72	0.01972	0.02214	0.02339	0.03072	0.43531	0.31589	0.01711	0.02272	0.01650	0.01928	0.01147	0.01447	0.00962	0.00625	0.00628	0.00185	0.00949	0.00519	0.00331	0.00927
73	0.02459	0.03138	0.01866	0.01696	0.02035	0.74221	0.01272	0.02629	0.01866	0.01611	0.01018	0.01187	0.00848	0.00678	0.00594	0.00170	0.01187	0.00424	0.00339	0.00763
74	0.01728	0.71807	0.08618	0.01182	0.01775	0.02525	0.01223	0.01980	0.01342	0.01588	0.00935	0.01081	0.00844	0.00568	0.00437	0.00146	0.00724	0.00362	0.00281	0.00854
75	0.00845	0.00670	0.00760	0.00737	0.00930	0.00584	0.00553	0.01075	0.01659	0.02155	0.35378	0.05716	0.43547	0.01527	0.00777	0.00216	0.00323	0.01303	0.00661	0.00584
76	0.00891	0.00671	0.00823	0.00785	0.00958	0.00604	0.00589	0.01163	0.01766	0.02409	0.54773	0.05298	0.23992	0.01432	0.00777	0.00211	0.00317	0.01244	0.00694	0.00604
77	0.08086	0.01119	0.01474	0.01142	0.01636	0.00992	0.00942	0.03074	0.01833	0.66783	0.04261	0.02232	0.01686	0.00815	0.00648	0.00204	0.00550	0.00655	0.00786	0.01081
78	0.01629	0.01564	0.02672	0.04041	0.72757	0.01564	0.02020	0.02020	0.01499	0.02151	0.01238	0.01629	0.01043	0.00587	0.00652	0.00196	0.00782	0.00587	0.00326	0.01043
79	0.00778	0.00667	0.00667	0.00667	0.00889	0.00556	0.00500	0.00945	0.01501	0.01778	0.06669	0.06336	0.72490	0.01667	0.00778	0.00222	0.00333	0.01389	0.00611	0.00556
80	0.00801	0.00576	0.00761	0.00909	0.00953	0.00535	0.00608	0.00918	0.01268	0.01683	0.03720	0.74333	0.06396	0.02051	0.00838	0.00266	0.00380	0.01857	0.00611	0.00535
81	0.02452	0.01811	0.01717	0.01566	0.06916	0.22206	0.01152	0.08253	0.10643	0.31017	0.04208	0.01954	0.01517	0.00784	0.00646	0.00195	0.00756	0.00610	0.00610	0.00986
82	0.00857	0.00665	0.00779	0.00761	0.00940	0.00588	0.00567	0.01094	0.01672	0.02209	0.39726	0.09088	0.35640	0.01524	0.00780	0.00217	0.00324	0.01313	0.00669	0.00588
83	0.06646	0.01177	0.01907	0.70273	0.04315	0.01464	0.01753	0.01699	0.01303	0.01768	0.01153	0.01709	0.00866	0.00655	0.00641	0.00218	0.00853	0.00570	0.00300	0.00730
84	0.01494	0.17142	0.43427	0.01863	0.02647	0.04859	0.12895	0.02072	0.01412	0.01948	0.01136	0.01381	0.00864	0.00624	0.00665	0.00199	0.03657	0.00508	0.00290	0.00917
85	0.01155	0.00625	0.00671	0.00662	0.00813	0.00612	0.00494	0.01439	0.01456	0.02423	0.15003	0.03028	0.05075	0.00951	0.00594	0.02644	0.00317	0.00745	0.60690	0.00603
86	0.01801	0.01607	0.01573	0.01389	0.01775	0.07840	0.01084	0.10692	0.58233	0.02808	0.02419	0.02254	0.01815	0.00864	0.00662	0.00216	0.00600	0.00701	0.00641	0.01027
87	0.02299	0.01317	0.01661	0.01243	0.01786	0.01197	0.03575	0.17185	0.01968	0.33057	0.01877	0.01803	0.01288	0.00696	0.00610	0.00169	0.00593	0.00565	0.00628	0.26486
88	0.01243	0.01170	0.01975	0.75282	0.04534	0.01463	0.01828	0.01682	0.01316	0.01682	0.01170	0.01755	0.00878	0.00658	0.00658	0.00219	0.00878	0.00585	0.00293	0.00731
89	0.00821	0.00669	0.00727	0.00712	0.00916	0.00574	0.00534	0.01028	0.01603	0.02021	0.25148	0.05937	0.53860	0.01577	0.00778	0.00218	0.00327	0.01334	0.00643	0.00574
90	0.02389	0.01766	0.02075	0.01579	0.02103	0.01916	0.07238	0.59559	0.02853	0.06460	0.01617	0.01654	0.01149	0.00770	0.00662	0.00198	0.00737	0.00612	0.03582	0.01081
91	0.01243	0.01170	0.01975	0.75282	0.04534	0.01463	0.01828	0.01682	0.01316	0.01682	0.01170	0.01755	0.00878	0.00658	0.00658	0.00219	0.00878	0.00585	0.00293	0.00731
92	0.01760	0.77260	0.03450	0.01126	0.01690	0.02605	0.01126	0.01971	0.01338	0.01549	0.00915	0.01056	0.00845	0.00563	0.00422	0.00141	0.00704	0.00352	0.00282	0.00845
93	0.00957	0.00638	0.00718	0.00718	0.00718	0.00638	0.00399	0.00957	0.00957	0.01276	0.02074	0.04308	0.02393	0.76864	0.03351	0.00638	0.00638	0.00957	0.00399	0.00399
94	0.02459	0.03138	0.01866	0.01696	0.02035	0.74221	0.01272	0.02629	0.01866	0.01611	0.01018	0.01187	0.00848	0.00678	0.00594	0.00170	0.01187	0.00424	0.00339	0.00763
95	0.01320	0.03405	0.73453	0.01876	0.02849	0.01529	0.02432	0.02085	0.01390	0.02085	0.01181	0.01390	0.00834	0.00625	0.00625	0.00208	0.00973	0.00486	0.00278	0.00973
96	0.01320	0.03405	0.73453	0.01876	0.02849	0.01529	0.02432	0.02085	0.01390	0.02085	0.01181	0.01390	0.00834	0.00625	0.00625	0.00208	0.00973	0.00486	0.00278	0.00973
97	0.00957	0.00638	0.00718	0.00718	0.00718	0.00638	0.00399	0.00957	0.00957	0.01276	0.02074	0.04308	0.02393	0.76864	0.03351	0.00638	0.00638	0.00957	0.00399	0.00399
98	0.01365	0.01170	0.01365	0.00975	0.01560	0.00878	0.00780	0.01658	0.01365	0.02145	0.01170	0.01365	0.00975	0.00488	0.00488	0.00098	0.00488	0.00390	0.00390	0.80888
99	0.01629	0.01564	0.02672	0.04041	0.72757	0.01564	0.02020	0.02020	0.01499	0.02151	0.01238	0.01629	0.01043	0.00587	0.00652	0.00196	0.00782	0.00587	0.00326	0.01043
100	0.00802	0.00573	0.00764	0.00917	0.00955	0.00535	0.00611	0.00917	0.01260	0.01681	0.03628	0.76434	0.04354	0.02062	0.00840	0.00267	0.00382	0.01872	0.00611	0.00535
