[name]
unknown

[dist]
# distance from previous block
# <min> <max>
3	289

[block]
# block no. 0 follows, 35 sequences, length 14
# corresponding to MSA columns:
# 332-345
name=unknown_A
#
# <colnr> <probs for GDERKNQSTAVLIFYWHMCP>
#	G	D	E	R	K	N	Q	S	T	A	V	L	I	F	Y	W	H	M	C	P
0	0.03899	0.13945	0.08153	0.08290	0.16120	0.11635	0.04699	0.05645	0.01474	0.06744	0.01306	0.03215	0.01106	0.05131	0.02377	0.03726	0.00804	0.00555	0.00362	0.00813
1	0.04573	0.01688	0.12821	0.17893	0.27683	0.03392	0.03857	0.06362	0.05829	0.05216	0.01344	0.01687	0.01051	0.03080	0.00704	0.00211	0.00778	0.00568	0.00367	0.00897
2	0.01421	0.01336	0.02278	0.07697	0.51902	0.01340	0.05477	0.01795	0.01489	0.02104	0.11841	0.02289	0.01835	0.00726	0.00663	0.00197	0.00703	0.03626	0.00380	0.00901
3	0.01499	0.09783	0.19686	0.06659	0.34235	0.03908	0.04416	0.02009	0.04774	0.01995	0.01243	0.01527	0.00991	0.00599	0.00596	0.00187	0.00788	0.00529	0.03657	0.00922
4	0.01518	0.01454	0.02481	0.14015	0.64034	0.01494	0.01921	0.01901	0.01420	0.02009	0.01184	0.01587	0.00983	0.00575	0.00629	0.00192	0.00767	0.00565	0.00310	0.00963
5	0.01367	0.01336	0.01724	0.05189	0.26070	0.09878	0.03370	0.01721	0.05757	0.01891	0.03706	0.21057	0.05883	0.01034	0.00701	0.00204	0.02163	0.00919	0.00431	0.05598
6	0.01397	0.01308	0.02093	0.37380	0.30707	0.01472	0.01722	0.02002	0.11761	0.01946	0.01365	0.01743	0.01066	0.00641	0.00634	0.00203	0.00760	0.00587	0.00347	0.00864
7	0.70349	0.01134	0.00883	0.00799	0.01156	0.01302	0.00651	0.01808	0.01116	0.02776	0.01057	0.01226	0.00824	0.00611	0.00400	0.00189	0.00462	0.00380	0.12205	0.00673
8	0.01497	0.01711	0.03743	0.02674	0.03316	0.01604	0.71444	0.02032	0.01497	0.02032	0.01283	0.01711	0.00963	0.00535	0.00749	0.00214	0.01070	0.00749	0.00321	0.00856
9	0.02165	0.02655	0.01844	0.01907	0.12374	0.59844	0.01280	0.02349	0.01693	0.01609	0.01074	0.01390	0.00936	0.05345	0.00742	0.00195	0.01055	0.00463	0.00328	0.00753
10	0.01516	0.01452	0.02477	0.14457	0.63609	0.01493	0.01920	0.01899	0.01419	0.02007	0.01184	0.01588	0.00982	0.00575	0.00629	0.00192	0.00767	0.00565	0.00309	0.00961
11	0.07232	0.01994	0.01781	0.01456	0.01893	0.28462	0.04948	0.18256	0.02012	0.23463	0.01559	0.01551	0.01097	0.00706	0.00604	0.00184	0.00823	0.00527	0.00534	0.00918
12	0.01198	0.01128	0.01903	0.76180	0.04369	0.01409	0.01762	0.01621	0.01268	0.01621	0.01128	0.01691	0.00846	0.00634	0.00634	0.00211	0.00846	0.00564	0.00282	0.00705
13	0.08042	0.02933	0.01407	0.05105	0.01671	0.03830	0.00872	0.05934	0.03376	0.05744	0.01263	0.01455	0.01013	0.00802	0.05060	0.00183	0.00615	0.00436	0.00409	0.49848

[dist]
# distance from previous block
# <min> <max>
4	7

[block]
# block no. 1 follows, 35 sequences, length 13
# corresponding to MSA columns:
# 354-366
name=unknown_B
#
# <colnr> <probs for GDERKNQSTAVLIFYWHMCP>
#	G	D	E	R	K	N	Q	S	T	A	V	L	I	F	Y	W	H	M	C	P
0	0.03983	0.17986	0.13308	0.01521	0.04617	0.10753	0.08920	0.03583	0.03186	0.11702	0.01542	0.04688	0.03075	0.00694	0.00576	0.00176	0.00753	0.00566	0.00405	0.07965
1	0.01377	0.12235	0.06083	0.37153	0.15453	0.01550	0.01569	0.04500	0.03901	0.01801	0.01243	0.01772	0.01033	0.06852	0.00809	0.00228	0.00774	0.00562	0.00320	0.00785
2	0.03986	0.13323	0.32243	0.01580	0.02250	0.01645	0.07506	0.12903	0.05419	0.06980	0.01361	0.01512	0.01010	0.00856	0.04505	0.00234	0.00852	0.00521	0.00391	0.00921
3	0.05971	0.12654	0.06955	0.01310	0.01675	0.07553	0.06164	0.07476	0.07709	0.06528	0.07135	0.16132	0.02077	0.01009	0.00717	0.00206	0.04804	0.02663	0.00479	0.00782
4	0.01629	0.01882	0.10929	0.07832	0.19806	0.14944	0.03118	0.09444	0.01603	0.02073	0.06025	0.01885	0.03295	0.03782	0.00886	0.00216	0.08842	0.00602	0.00375	0.00832
5	0.00854	0.00628	0.00791	0.00853	0.00950	0.00567	0.00574	0.00969	0.01193	0.01617	0.03128	0.55784	0.06130	0.12610	0.01115	0.00289	0.00413	0.01502	0.00536	0.09497
6	0.01183	0.00591	0.00591	0.00591	0.00739	0.00591	0.00443	0.01478	0.01330	0.02365	0.02069	0.02365	0.01626	0.00739	0.00443	0.00148	0.00296	0.00591	0.81227	0.00591
7	0.05914	0.01616	0.01685	0.07533	0.07433	0.14582	0.01151	0.10072	0.01544	0.02131	0.01098	0.01355	0.00903	0.00655	0.00759	0.00166	0.11502	0.00458	0.00372	0.29071
8	0.01869	0.01373	0.01494	0.07044	0.01780	0.06192	0.01023	0.25245	0.16281	0.08423	0.01700	0.01855	0.01290	0.01038	0.00972	0.15579	0.00637	0.00592	0.04778	0.00835
9	0.00788	0.00594	0.00732	0.00821	0.00923	0.00538	0.00580	0.00936	0.01338	0.01732	0.09763	0.47846	0.24200	0.01813	0.00791	0.00242	0.00360	0.04875	0.00597	0.00531
10	0.01292	0.00772	0.01008	0.01028	0.04919	0.00694	0.00735	0.01513	0.01564	0.17227	0.19770	0.17055	0.22609	0.01384	0.00738	0.00218	0.00411	0.05734	0.00640	0.00689
11	0.01773	0.52243	0.02796	0.01371	0.06362	0.14667	0.01150	0.04460	0.01449	0.01648	0.01118	0.04100	0.01052	0.00663	0.00488	0.00155	0.00749	0.02636	0.00318	0.00804
12	0.25686	0.01062	0.01318	0.01137	0.01447	0.01118	0.10189	0.01776	0.12459	0.02366	0.13866	0.14156	0.08894	0.01047	0.00634	0.00213	0.00505	0.00902	0.00520	0.00705

[dist]
# distance from previous block
# <min> <max>
5	12

[block]
# block no. 2 follows, 35 sequences, length 20
# corresponding to MSA columns:
# 379-398
name=unknown_C
#
# <colnr> <probs for GDERKNQSTAVLIFYWHMCP>
#	G	D	E	R	K	N	Q	S	T	A	V	L	I	F	Y	W	H	M	C	P
0	0.01757	0.02017	0.16043	0.01909	0.13454	0.15225	0.07386	0.03815	0.06108	0.10204	0.01473	0.04391	0.01164	0.00676	0.00611	0.00181	0.00795	0.00572	0.00409	0.11813
1	0.01812	0.02042	0.01905	0.16063	0.09967	0.33983	0.03616	0.04670	0.01600	0.01806	0.05838	0.01592	0.01204	0.00723	0.00755	0.00190	0.08343	0.00534	0.00349	0.03010
2	0.01183	0.00591	0.00591	0.00591	0.00739	0.00591	0.00443	0.01478	0.01330	0.02365	0.02069	0.02365	0.01626	0.00739	0.00443	0.00148	0.00296	0.00591	0.81227	0.00591
3	0.01549	0.03497	0.02095	0.19997	0.23632	0.04249	0.05862	0.07518	0.09713	0.03767	0.01617	0.02007	0.03488	0.00720	0.00668	0.00199	0.02279	0.03023	0.00400	0.03718
4	0.01008	0.00772	0.00864	0.00852	0.00912	0.04176	0.00564	0.01145	0.03516	0.01365	0.01885	0.03469	0.02016	0.50311	0.23823	0.00697	0.00949	0.00821	0.00378	0.00475
5	0.01009	0.00778	0.00998	0.00984	0.01155	0.00758	0.03176	0.06898	0.04705	0.02064	0.14705	0.33983	0.16240	0.01586	0.00772	0.00235	0.00428	0.08303	0.00602	0.00619
6	0.01388	0.01388	0.01943	0.01666	0.01666	0.01943	0.01388	0.01527	0.00972	0.01527	0.00833	0.01388	0.00833	0.01110	0.02082	0.00278	0.76544	0.00555	0.00278	0.00694
7	0.01786	0.68018	0.03120	0.01159	0.01673	0.12255	0.01104	0.01985	0.01357	0.01501	0.00895	0.01035	0.00815	0.00558	0.00429	0.00139	0.00741	0.00349	0.00279	0.00804
8	0.01139	0.00923	0.01274	0.24936	0.02178	0.00982	0.01029	0.03572	0.07266	0.03904	0.10436	0.20559	0.09960	0.01145	0.00688	0.00210	0.00542	0.01004	0.00496	0.07758
9	0.01545	0.10786	0.14101	0.01821	0.15550	0.01376	0.06496	0.07118	0.03194	0.09378	0.07439	0.07213	0.07355	0.00841	0.00635	0.00192	0.00664	0.00730	0.00452	0.03113
10	0.05312	0.09066	0.27551	0.04151	0.12019	0.01426	0.07414	0.02187	0.01473	0.18245	0.04151	0.01681	0.01209	0.00654	0.00605	0.00193	0.00763	0.00554	0.00417	0.00929
11	0.00910	0.00664	0.00941	0.00941	0.01027	0.00750	0.00695	0.01082	0.00996	0.01414	0.01771	0.02891	0.01759	0.22269	0.57917	0.00922	0.01439	0.00738	0.00351	0.00523
12	0.00803	0.00588	0.00761	0.00877	0.00954	0.00545	0.00621	0.00951	0.01305	0.01718	0.08267	0.56664	0.12883	0.01872	0.00805	0.00252	0.00380	0.08628	0.00595	0.00530
13	0.01923	0.01749	0.12035	0.02581	0.32330	0.06120	0.09073	0.02315	0.01560	0.21728	0.01539	0.01687	0.01116	0.00633	0.00637	0.00193	0.00779	0.00581	0.00438	0.00983
14	0.01454	0.01082	0.01257	0.01333	0.10595	0.04694	0.00890	0.11734	0.01699	0.11418	0.03787	0.15413	0.29579	0.01255	0.00703	0.00209	0.00509	0.01063	0.00572	0.00753
15	0.01531	0.01467	0.02504	0.11569	0.66381	0.01497	0.01927	0.01912	0.01426	0.02025	0.01186	0.01583	0.00988	0.00573	0.00629	0.00191	0.00763	0.00565	0.00311	0.00973
16	0.07851	0.01176	0.01434	0.01060	0.01588	0.00981	0.04707	0.05152	0.01408	0.05418	0.01288	0.04250	0.01080	0.00569	0.00508	0.00124	0.00515	0.00470	0.00413	0.60008
17	0.01531	0.09056	0.14804	0.01959	0.17614	0.01368	0.09171	0.03650	0.01456	0.06702	0.03760	0.01569	0.01141	0.00584	0.00577	0.00163	0.00704	0.00520	0.00371	0.23301
18	0.01726	0.74789	0.03257	0.01110	0.01643	0.05701	0.01092	0.01927	0.01311	0.01495	0.00886	0.01023	0.00814	0.00548	0.00414	0.00137	0.00699	0.00342	0.00274	0.00811
19	0.00765	0.00616	0.00682	0.00723	0.00881	0.00533	0.00520	0.00918	0.01396	0.01731	0.09232	0.27198	0.49180	0.01703	0.00768	0.00226	0.00334	0.01467	0.00595	0.00533

[dist]
# distance from previous block
# <min> <max>
0	3

[block]
# block no. 3 follows, 35 sequences, length 27
# corresponding to MSA columns:
# 402-428
name=unknown_D
#
# <colnr> <probs for GDERKNQSTAVLIFYWHMCP>
#	G	D	E	R	K	N	Q	S	T	A	V	L	I	F	Y	W	H	M	C	P
0	0.59657	0.07414	0.01269	0.03137	0.01439	0.01501	0.00810	0.05965	0.03072	0.09188	0.01115	0.01212	0.00835	0.00621	0.00443	0.00192	0.00533	0.00398	0.00435	0.00763
1	0.04147	0.17648	0.30684	0.01395	0.02046	0.03556	0.01512	0.04340	0.10418	0.07862	0.01542	0.01607	0.03285	0.00665	0.00559	0.00180	0.00728	0.00505	0.00393	0.06929
2	0.01386	0.07640	0.25946	0.04346	0.17313	0.01478	0.03637	0.03908	0.10701	0.02084	0.03881	0.04012	0.05066	0.00785	0.00673	0.00203	0.02909	0.02758	0.00387	0.00886
3	0.01183	0.00591	0.00591	0.00591	0.00739	0.00591	0.00443	0.01478	0.01330	0.02365	0.02069	0.02365	0.01626	0.00739	0.00443	0.00148	0.00296	0.00591	0.81227	0.00591
4	0.01062	0.00878	0.01221	0.03007	0.01339	0.00989	0.00882	0.01281	0.01087	0.01607	0.03568	0.02234	0.01497	0.06571	0.43235	0.00678	0.13424	0.00629	0.00347	0.14463
5	0.01106	0.01067	0.00936	0.00904	0.01088	0.14140	0.00664	0.01303	0.01583	0.01940	0.28154	0.12073	0.26360	0.04851	0.00837	0.00223	0.00482	0.01133	0.00570	0.00585
6	0.00915	0.00645	0.00843	0.00843	0.00895	0.00697	0.00573	0.01020	0.00967	0.01342	0.01861	0.03386	0.01974	0.44056	0.36424	0.00802	0.01115	0.00811	0.00364	0.00468
7	0.01912	0.11191	0.18038	0.01781	0.08304	0.14747	0.05489	0.20124	0.05950	0.04576	0.01316	0.01439	0.00992	0.00659	0.00597	0.00184	0.00837	0.00513	0.00417	0.00933
8	0.01221	0.00947	0.01064	0.04435	0.01355	0.03028	0.00784	0.03833	0.19491	0.06536	0.07303	0.27211	0.17511	0.01376	0.00722	0.00224	0.00453	0.01192	0.00601	0.00714
9	0.01516	0.01418	0.02046	0.14879	0.26002	0.04817	0.07010	0.06093	0.16488	0.02140	0.01659	0.04356	0.01400	0.04696	0.00786	0.00226	0.00733	0.02442	0.00417	0.00876
10	0.82186	0.01227	0.00932	0.00834	0.01227	0.01423	0.00687	0.01865	0.01080	0.02846	0.00883	0.01031	0.00687	0.00589	0.00393	0.00196	0.00491	0.00344	0.00393	0.00687
11	0.01194	0.01158	0.05196	0.22443	0.19650	0.01203	0.01382	0.01495	0.01189	0.01649	0.01393	0.02196	0.01277	0.13786	0.17584	0.00451	0.05089	0.00642	0.00318	0.00707
12	0.01183	0.00591	0.00591	0.00591	0.00739	0.00591	0.00443	0.01478	0.01330	0.02365	0.02069	0.02365	0.01626	0.00739	0.00443	0.00148	0.00296	0.00591	0.81227	0.00591
13	0.08014	0.01360	0.01403	0.01094	0.01573	0.07310	0.00880	0.09167	0.03718	0.04468	0.01313	0.01619	0.01090	0.00624	0.00569	0.00140	0.02954	0.03480	0.00427	0.48797
14	0.01152	0.01049	0.01730	0.63820	0.03801	0.01293	0.01568	0.01523	0.01219	0.01576	0.01247	0.01962	0.01028	0.07441	0.06820	0.00310	0.00895	0.00603	0.00295	0.00667
15	0.82186	0.01227	0.00932	0.00834	0.01227	0.01423	0.00687	0.01865	0.01080	0.02846	0.00883	0.01031	0.00687	0.00589	0.00393	0.00196	0.00491	0.00344	0.00393	0.00687
16	0.01119	0.00721	0.00884	0.00846	0.01043	0.00662	0.00632	0.01419	0.05514	0.11240	0.28715	0.19937	0.21968	0.01432	0.00742	0.00216	0.00361	0.01246	0.00656	0.00649
17	0.06040	0.01307	0.01482	0.01232	0.01658	0.01389	0.00988	0.11637	0.35342	0.28282	0.02341	0.02124	0.01640	0.00808	0.00629	0.00204	0.00539	0.00653	0.00682	0.01025
18	0.01183	0.00591	0.00591	0.00591	0.00739	0.00591	0.00443	0.01478	0.01330	0.02365	0.02069	0.02365	0.01626	0.00739	0.00443	0.00148	0.00296	0.00591	0.81227	0.00591
19	0.01198	0.01128	0.01903	0.76180	0.04369	0.01409	0.01762	0.01621	0.01268	0.01621	0.01128	0.01691	0.00846	0.00634	0.00634	0.00211	0.00846	0.00564	0.00282	0.00705
20	0.00924	0.00641	0.00789	0.00813	0.00864	0.00648	0.00549	0.01019	0.01083	0.01451	0.05911	0.06602	0.04867	0.48986	0.11585	0.00574	0.00714	0.11088	0.00436	0.00456
21	0.57797	0.01231	0.01129	0.00948	0.01372	0.01346	0.00782	0.07123	0.01389	0.19750	0.01311	0.01332	0.00923	0.00647	0.00468	0.00196	0.00517	0.00429	0.00502	0.00808
22	0.12549	0.01661	0.01891	0.01955	0.19240	0.06089	0.01296	0.35027	0.05314	0.06763	0.01425	0.01518	0.01057	0.00691	0.00599	0.00190	0.00695	0.00540	0.00515	0.00986
23	0.02007	0.03863	0.08857	0.04067	0.11211	0.06783	0.12194	0.15612	0.01839	0.19191	0.01666	0.01932	0.01239	0.00720	0.00645	0.00197	0.00769	0.03742	0.02524	0.00944
24	0.01388	0.01388	0.01943	0.01666	0.01666	0.01943	0.01388	0.01527	0.00972	0.01527	0.00833	0.01388	0.00833	0.01110	0.02082	0.00278	0.76544	0.00555	0.00278	0.00694
25	0.00835	0.00654	0.00764	0.00828	0.00958	0.00613	0.00585	0.01108	0.07175	0.01771	0.06964	0.43252	0.28698	0.01735	0.00773	0.00237	0.00360	0.01526	0.00598	0.00566
26	0.01663	0.23296	0.01988	0.01219	0.01640	0.01837	0.01024	0.10356	0.41102	0.02425	0.02166	0.02070	0.04990	0.00795	0.00581	0.00190	0.00565	0.00623	0.00535	0.00935

[dist]
# distance from previous block
# <min> <max>
0	1

[block]
# block no. 4 follows, 35 sequences, length 9
# corresponding to MSA columns:
# 430-438
name=unknown_E
#
# <colnr> <probs for GDERKNQSTAVLIFYWHMCP>
#	G	D	E	R	K	N	Q	S	T	A	V	L	I	F	Y	W	H	M	C	P
0	0.01718	0.27120	0.19262	0.01583	0.02174	0.14294	0.10140	0.06247	0.08124	0.01943	0.01203	0.01354	0.00950	0.00617	0.00558	0.00176	0.00850	0.00480	0.00342	0.00868
1	0.61143	0.01153	0.01011	0.05683	0.01406	0.01322	0.00755	0.05168	0.01188	0.02622	0.01222	0.07793	0.01115	0.05426	0.00629	0.00228	0.00521	0.00529	0.00414	0.00674
2	0.01244	0.01252	0.04599	0.25290	0.13968	0.07593	0.01313	0.01531	0.01283	0.01648	0.01758	0.07611	0.03907	0.13111	0.07441	0.00342	0.00835	0.04237	0.00358	0.00680
3	0.02370	0.03023	0.01798	0.01634	0.01961	0.75158	0.01226	0.02533	0.01798	0.01553	0.00981	0.01144	0.00817	0.00654	0.00572	0.00163	0.01144	0.00409	0.00327	0.00735
4	0.00968	0.00891	0.03286	0.01388	0.14616	0.00776	0.00906	0.01210	0.01446	0.01851	0.07849	0.10054	0.39310	0.01415	0.00746	0.00223	0.00462	0.11429	0.00533	0.00644
5	0.01147	0.01081	0.01245	0.01486	0.15579	0.08849	0.00929	0.01395	0.01539	0.01956	0.20008	0.04166	0.27204	0.01432	0.05476	0.00256	0.00593	0.04473	0.00515	0.00670
6	0.01829	0.27549	0.02133	0.06710	0.01829	0.18479	0.01073	0.06936	0.01600	0.08449	0.04917	0.01779	0.05613	0.00816	0.02447	0.00185	0.00759	0.00526	0.00406	0.05967
7	0.01421	0.10553	0.35638	0.03278	0.07158	0.03316	0.01665	0.03698	0.04391	0.04401	0.01677	0.01810	0.07220	0.00701	0.00618	0.00185	0.02399	0.00549	0.00355	0.08968
8	0.08620	0.22749	0.19055	0.01749	0.13422	0.01715	0.03803	0.03855	0.04721	0.04309	0.01345	0.01509	0.03307	0.00640	0.00584	0.00179	0.02835	0.00493	0.00349	0.04764

[dist]
# distance from previous block
# <min> <max>
3	12

[block]
# block no. 5 follows, 35 sequences, length 9
# corresponding to MSA columns:
# 451-459
name=unknown_F
#
# <colnr> <probs for GDERKNQSTAVLIFYWHMCP>
#	G	D	E	R	K	N	Q	S	T	A	V	L	I	F	Y	W	H	M	C	P
0	0.01518	0.04568	0.05424	0.01194	0.01559	0.01370	0.00999	0.11721	0.34296	0.04649	0.18340	0.02918	0.04889	0.00964	0.00664	0.00206	0.00512	0.02703	0.00620	0.00887
1	0.01404	0.08649	0.01916	0.02037	0.25072	0.01298	0.05494	0.09758	0.01534	0.02109	0.04058	0.14509	0.04422	0.05486	0.03523	0.00252	0.00665	0.02077	0.04941	0.00795
2	0.02067	0.08913	0.01864	0.08799	0.02107	0.53178	0.01241	0.02343	0.04942	0.01630	0.01230	0.01671	0.01073	0.00730	0.00589	0.00177	0.01006	0.05348	0.00351	0.00741
3	0.11868	0.01353	0.01770	0.01512	0.04685	0.05132	0.13526	0.12031	0.06573	0.02312	0.01927	0.04474	0.08302	0.01035	0.03067	0.03979	0.08810	0.00692	0.06186	0.00764
4	0.00794	0.00588	0.00746	0.00857	0.00942	0.00541	0.00605	0.00937	0.01303	0.01698	0.06869	0.54671	0.17682	0.01866	0.00801	0.00250	0.00374	0.07353	0.00593	0.00528
5	0.05345	0.06577	0.04998	0.01608	0.04588	0.07945	0.08721	0.34818	0.08192	0.05400	0.01464	0.01538	0.01081	0.00691	0.00610	0.00186	0.00746	0.00555	0.00511	0.04426
6	0.03931	0.01361	0.01743	0.03481	0.24472	0.06083	0.01258	0.11206	0.06303	0.02154	0.01687	0.02113	0.04920	0.06829	0.12294	0.00349	0.04810	0.00634	0.00406	0.03967
7	0.01500	0.29392	0.24108	0.01309	0.01892	0.04672	0.01384	0.08223	0.01498	0.01964	0.03774	0.07923	0.04261	0.00771	0.00556	0.00175	0.00714	0.00594	0.00365	0.04926
8	0.00882	0.00668	0.00834	0.00872	0.01006	0.00615	0.00617	0.01134	0.04997	0.01898	0.17159	0.46859	0.10041	0.01635	0.00756	0.00227	0.00366	0.01460	0.00595	0.07378

[dist]
# distance from previous block
# <min> <max>
0	28

[block]
# block no. 6 follows, 35 sequences, length 13
# corresponding to MSA columns:
# 488-500
name=unknown_G
#
# <colnr> <probs for GDERKNQSTAVLIFYWHMCP>
#	G	D	E	R	K	N	Q	S	T	A	V	L	I	F	Y	W	H	M	C	P
0	0.02025	0.41474	0.02580	0.01353	0.01791	0.37945	0.01154	0.02209	0.01537	0.01522	0.00930	0.01079	0.00816	0.00597	0.00488	0.00149	0.00906	0.00373	0.00298	0.00776
1	0.00922	0.00619	0.00711	0.00711	0.00717	0.00625	0.00408	0.00935	0.00928	0.01244	0.01982	0.04056	0.02265	0.73492	0.07385	0.00638	0.00678	0.00909	0.00382	0.00395
2	0.02152	0.08011	0.05792	0.01830	0.14210	0.04551	0.01346	0.38038	0.05594	0.09961	0.01518	0.01567	0.01108	0.00705	0.00612	0.00187	0.00711	0.00553	0.00535	0.01021
3	0.01367	0.01323	0.01922	0.16100	0.37145	0.07006	0.01503	0.01668	0.01385	0.01829	0.01851	0.14822	0.05269	0.03155	0.00739	0.00216	0.00709	0.00815	0.00372	0.00803
4	0.02399	0.01320	0.01560	0.01232	0.01678	0.01339	0.01003	0.31428	0.04554	0.34217	0.02159	0.07787	0.01585	0.00870	0.00643	0.00197	0.00582	0.00702	0.03730	0.01014
5	0.01655	0.09065	0.32435	0.02079	0.14803	0.16670	0.05396	0.02181	0.04158	0.04044	0.01196	0.01394	0.00916	0.00613	0.00594	0.00187	0.00904	0.00491	0.00321	0.00900
6	0.04248	0.01847	0.07927	0.04466	0.22320	0.12497	0.05978	0.13393	0.07336	0.11561	0.01481	0.01615	0.01101	0.00665	0.00623	0.00192	0.00786	0.00562	0.00451	0.00953
7	0.00860	0.00632	0.00729	0.00751	0.00895	0.00567	0.00533	0.01006	0.01351	0.04003	0.10210	0.23394	0.37493	0.10587	0.03813	0.00300	0.00423	0.01345	0.00571	0.00536
8	0.07277	0.00703	0.00813	0.00782	0.00974	0.00654	0.00593	0.01214	0.01592	0.04726	0.39390	0.09553	0.24972	0.01371	0.00724	0.00210	0.00341	0.02880	0.00635	0.00598
9	0.01619	0.01668	0.08433	0.08773	0.38999	0.06231	0.03458	0.08566	0.03481	0.04273	0.01459	0.07494	0.01259	0.00723	0.00641	0.00197	0.00762	0.00655	0.00383	0.00924
10	0.01528	0.03448	0.10084	0.04147	0.20548	0.01383	0.10254	0.08493	0.03994	0.06632	0.04084	0.02103	0.01418	0.05861	0.08753	0.00314	0.03491	0.02204	0.00405	0.00858
11	0.01781	0.01601	0.01357	0.01220	0.01479	0.24602	0.00920	0.04105	0.09787	0.12339	0.06361	0.06271	0.04339	0.11389	0.06748	0.00313	0.03429	0.00726	0.00492	0.00739
12	0.05750	0.30958	0.27416	0.01506	0.04558	0.11586	0.01550	0.03886	0.01420	0.01850	0.01098	0.01393	0.00917	0.00629	0.00526	0.00174	0.00820	0.02811	0.00306	0.00846

[dist]
# distance from previous block
# <min> <max>
7	98

[block]
# block no. 7 follows, 35 sequences, length 127
# corresponding to MSA columns:
# 606-612,642-645,649-656,667-774
name=unknown_H
#
# <colnr> <probs for GDERKNQSTAVLIFYWHMCP>
#	G	D	E	R	K	N	Q	S	T	A	V	L	I	F	Y	W	H	M	C	P
0	0.01843	0.50020	0.05110	0.01335	0.04049	0.19251	0.01177	0.05154	0.01505	0.01686	0.03127	0.01209	0.00988	0.00604	0.00479	0.00150	0.00787	0.00401	0.00315	0.00811
1	0.01052	0.00607	0.00809	0.00811	0.00829	0.00614	0.00530	0.00963	0.03189	0.01231	0.01557	0.02936	0.01654	0.27944	0.02605	0.47638	0.00573	0.03770	0.00338	0.00350
2	0.05588	0.01409	0.02024	0.36387	0.18407	0.07391	0.05968	0.04103	0.03409	0.03816	0.01454	0.01812	0.04187	0.00670	0.00628	0.00201	0.00800	0.00593	0.00349	0.00803
3	0.11641	0.37586	0.13824	0.01304	0.01841	0.18728	0.01270	0.04125	0.01437	0.01827	0.00964	0.01114	0.00805	0.00590	0.00480	0.00161	0.00803	0.00383	0.00309	0.00808
4	0.01575	0.01451	0.02457	0.03670	0.68173	0.01444	0.01854	0.01936	0.01446	0.04365	0.01338	0.04980	0.01166	0.00636	0.00636	0.00192	0.00730	0.00623	0.00341	0.00985
5	0.00772	0.00574	0.00720	0.00830	0.00908	0.00522	0.00567	0.00898	0.01280	0.01666	0.06144	0.60115	0.18920	0.01887	0.00795	0.00247	0.00356	0.01686	0.00592	0.00522
6	0.00946	0.00663	0.00895	0.00909	0.01036	0.00673	0.00685	0.01148	0.01289	0.04377	0.14980	0.16067	0.11077	0.08079	0.28345	0.00549	0.00881	0.06324	0.00508	0.00567
7	0.00782	0.00559	0.00747	0.00894	0.00935	0.00523	0.00605	0.00899	0.01224	0.01630	0.03491	0.74731	0.04176	0.01979	0.00812	0.00259	0.00376	0.04274	0.00589	0.00518
8	0.02435	0.01739	0.01880	0.01442	0.01948	0.01911	0.01191	0.67882	0.02919	0.07839	0.01577	0.01558	0.01106	0.00763	0.00635	0.00191	0.00689	0.00575	0.00643	0.01079
9	0.01315	0.01128	0.01315	0.00940	0.01503	0.00846	0.00752	0.01597	0.01315	0.02067	0.01128	0.01315	0.00940	0.00470	0.00470	0.00094	0.00470	0.00376	0.00376	0.81583
10	0.00773	0.00552	0.00736	0.00883	0.00920	0.00515	0.00589	0.00883	0.01215	0.01619	0.03497	0.77291	0.04196	0.01987	0.00810	0.00258	0.00368	0.01803	0.00589	0.00515
11	0.01578	0.01363	0.01434	0.01291	0.01650	0.01578	0.01004	0.03371	0.72602	0.02654	0.02582	0.02367	0.01937	0.00861	0.00646	0.00215	0.00502	0.00717	0.00646	0.01004
12	0.01578	0.01363	0.01434	0.01291	0.01650	0.01578	0.01004	0.03371	0.72602	0.02654	0.02582	0.02367	0.01937	0.00861	0.00646	0.00215	0.00502	0.00717	0.00646	0.01004
13	0.00886	0.00639	0.00837	0.00806	0.00945	0.00591	0.00598	0.01167	0.01740	0.02456	0.66737	0.11666	0.05815	0.01363	0.00754	0.00205	0.00306	0.01210	0.00688	0.00591
14	0.82186	0.01227	0.00932	0.00834	0.01227	0.01423	0.00687	0.01865	0.01080	0.02846	0.00883	0.01031	0.00687	0.00589	0.00393	0.00196	0.00491	0.00344	0.00393	0.00687
15	0.02370	0.03023	0.01798	0.01634	0.01961	0.75158	0.01226	0.02533	0.01798	0.01553	0.00981	0.01144	0.00817	0.00654	0.00572	0.00163	0.01144	0.00409	0.00327	0.00735
16	0.00773	0.00552	0.00736	0.00883	0.00920	0.00515	0.00589	0.00883	0.01215	0.01619	0.03497	0.77291	0.04196	0.01987	0.00810	0.00258	0.00368	0.01803	0.00589	0.00515
17	0.01315	0.01128	0.01315	0.00940	0.01503	0.00846	0.00752	0.01597	0.01315	0.02067	0.01128	0.01315	0.00940	0.00470	0.00470	0.00094	0.00470	0.00376	0.00376	0.81583
18	0.00923	0.00615	0.00692	0.00692	0.00692	0.00615	0.00384	0.00923	0.00923	0.01230	0.01999	0.04151	0.02306	0.77705	0.03229	0.00615	0.00615	0.00923	0.00384	0.00384
19	0.01198	0.01128	0.01903	0.76180	0.04369	0.01409	0.01762	0.01621	0.01268	0.01621	0.01128	0.01691	0.00846	0.00634	0.00634	0.00211	0.00846	0.00564	0.00282	0.00705
20	0.01198	0.01128	0.01903	0.76180	0.04369	0.01409	0.01762	0.01621	0.01268	0.01621	0.01128	0.01691	0.00846	0.00634	0.00634	0.00211	0.00846	0.00564	0.00282	0.00705
21	0.00750	0.00643	0.00643	0.00643	0.00857	0.00536	0.00482	0.00910	0.01446	0.01714	0.06427	0.06105	0.73490	0.01607	0.00750	0.00214	0.00321	0.01339	0.00589	0.00536
22	0.01183	0.00591	0.00591	0.00591	0.00739	0.00591	0.00443	0.01478	0.01330	0.02365	0.02069	0.02365	0.01626	0.00739	0.00443	0.00148	0.00296	0.00591	0.81227	0.00591
23	0.01570	0.01507	0.02575	0.03894	0.73748	0.01507	0.01947	0.01947	0.01444	0.02073	0.01193	0.01570	0.01005	0.00565	0.00628	0.00188	0.00754	0.00565	0.00314	0.01005
24	0.01317	0.05546	0.68731	0.01801	0.02708	0.01520	0.04095	0.03549	0.01378	0.02038	0.01143	0.01343	0.00814	0.00603	0.00601	0.00199	0.00928	0.00474	0.00278	0.00935
25	0.00914	0.00650	0.00870	0.00870	0.00932	0.00712	0.00607	0.01037	0.00975	0.01362	0.01836	0.03248	0.01914	0.37996	0.42402	0.00835	0.01205	0.00790	0.00360	0.00483
26	0.82186	0.01227	0.00932	0.00834	0.01227	0.01423	0.00687	0.01865	0.01080	0.02846	0.00883	0.01031	0.00687	0.00589	0.00393	0.00196	0.00491	0.00344	0.00393	0.00687
27	0.02490	0.01001	0.01358	0.01068	0.01497	0.00871	0.00871	0.02745	0.01812	0.61080	0.15476	0.02631	0.02378	0.00879	0.00658	0.00197	0.00496	0.00731	0.00769	0.00992
28	0.01682	0.75664	0.05627	0.01109	0.01664	0.02477	0.01126	0.01903	0.01291	0.01509	0.00890	0.01028	0.00814	0.00545	0.00413	0.00138	0.00687	0.00343	0.00271	0.00818
29	0.00795	0.00643	0.00700	0.00687	0.00877	0.00555	0.00511	0.00989	0.01527	0.01928	0.24642	0.05677	0.53024	0.03645	0.00818	0.00221	0.00323	0.01275	0.00613	0.00549
30	0.01578	0.01363	0.01434	0.01291	0.01650	0.01578	0.01004	0.03371	0.72602	0.02654	0.02582	0.02367	0.01937	0.00861	0.00646	0.00215	0.00502	0.00717	0.00646	0.01004
31	0.01159	0.00595	0.00601	0.00600	0.00750	0.00590	0.00450	0.01450	0.01349	0.02348	0.04454	0.02569	0.04252	0.00787	0.00464	0.00152	0.00297	0.00635	0.75912	0.00590
32	0.76228	0.01268	0.01005	0.00881	0.01282	0.01464	0.00726	0.07076	0.01222	0.02932	0.00931	0.01067	0.00716	0.00602	0.00411	0.00196	0.00506	0.00361	0.00411	0.00716
33	0.01272	0.03281	0.74418	0.01808	0.02746	0.01473	0.02344	0.02009	0.01339	0.02009	0.01138	0.01339	0.00804	0.00603	0.00603	0.00201	0.00938	0.00469	0.00268	0.00938
34	0.01022	0.00730	0.01022	0.01168	0.01314	0.00730	0.01022	0.01314	0.01460	0.01899	0.03359	0.07156	0.03651	0.01752	0.00876	0.00292	0.00584	0.69478	0.00584	0.00584
35	0.02791	0.01067	0.01454	0.01119	0.01600	0.00923	0.00923	0.03038	0.01815	0.72151	0.04519	0.02233	0.01696	0.00800	0.00641	0.00196	0.00533	0.00652	0.00783	0.01066
36	0.00967	0.00612	0.00766	0.00858	0.00961	0.00595	0.00649	0.01189	0.01337	0.01962	0.06147	0.33501	0.03339	0.01509	0.00709	0.00229	0.00395	0.17883	0.25833	0.00560
37	0.02244	0.01044	0.01267	0.01015	0.01400	0.01001	0.00824	0.14285	0.01861	0.39421	0.02198	0.02116	0.01504	0.00767	0.00576	0.00180	0.00489	0.00612	0.26272	0.00925
38	0.01447	0.01429	0.09992	0.01244	0.01704	0.01185	0.05257	0.16884	0.07112	0.02583	0.16333	0.06555	0.04414	0.00869	0.00635	0.00178	0.00568	0.00743	0.00520	0.20349
39	0.01786	0.01415	0.04662	0.05129	0.15943	0.01267	0.01213	0.16205	0.01747	0.12033	0.01405	0.01538	0.01055	0.00603	0.00570	0.00155	0.00617	0.00500	0.00462	0.31696
40	0.00766	0.00580	0.00708	0.00810	0.00901	0.00521	0.00556	0.00892	0.01285	0.01648	0.04390	0.55583	0.25327	0.01871	0.00791	0.00244	0.00354	0.01662	0.00589	0.00521
41	0.00787	0.00579	0.00738	0.00835	0.00914	0.00530	0.00574	0.00932	0.01332	0.01764	0.13803	0.56197	0.15023	0.01832	0.00792	0.00243	0.00351	0.01640	0.00604	0.00530
42	0.01613	0.01733	0.02823	0.03079	0.37819	0.10444	0.26174	0.02012	0.01506	0.01983	0.01380	0.01725	0.03479	0.00601	0.00668	0.00195	0.00897	0.00637	0.00328	0.00904
43	0.79572	0.01222	0.00950	0.00844	0.01240	0.01407	0.00695	0.01905	0.01104	0.05197	0.00937	0.01068	0.00716	0.00595	0.00401	0.00196	0.00492	0.00353	0.00406	0.00700
44	0.01708	0.00983	0.01246	0.01123	0.01398	0.00986	0.00899	0.11409	0.04704	0.23077	0.06905	0.20076	0.04783	0.01293	0.00793	0.00231	0.03912	0.13025	0.00646	0.00802
45	0.05656	0.01532	0.01812	0.05846	0.12464	0.11944	0.06426	0.05955	0.07314	0.02094	0.01595	0.02145	0.03419	0.00784	0.00738	0.00191	0.07086	0.06840	0.00405	0.15752
46	0.01511	0.02143	0.20554	0.02309	0.02982	0.06104	0.45865	0.04442	0.01515	0.02048	0.01250	0.01603	0.00938	0.00693	0.02925	0.00231	0.01048	0.00652	0.00320	0.00867
47	0.01272	0.03281	0.74418	0.01808	0.02746	0.01473	0.02344	0.02009	0.01339	0.02009	0.01138	0.01339	0.00804	0.00603	0.00603	0.00201	0.00938	0.00469	0.00268	0.00938
48	0.01102	0.00551	0.00826	0.00826	0.00826	0.00551	0.00551	0.00826	0.00826	0.01102	0.01102	0.01928	0.01102	0.02204	0.02479	0.81543	0.00551	0.00551	0.00275	0.00275
49	0.02846	0.01080	0.01472	0.01129	0.01619	0.00932	0.00932	0.03092	0.01816	0.74187	0.02503	0.02159	0.01570	0.00785	0.00638	0.00196	0.00540	0.00638	0.00785	0.01080
50	0.00773	0.00552	0.00736	0.00883	0.00920	0.00515	0.00589	0.00883	0.01215	0.01619	0.03497	0.77291	0.04196	0.01987	0.00810	0.00258	0.00368	0.01803	0.00589	0.00515
51	0.01121	0.00882	0.01028	0.00945	0.01169	0.00910	0.00722	0.03617	0.22137	0.02551	0.46212	0.04077	0.09738	0.01181	0.00716	0.00205	0.00369	0.01023	0.00673	0.00723
52	0.01553	0.01490	0.02545	0.07131	0.70641	0.01503	0.01939	0.01932	0.01437	0.02052	0.01190	0.01576	0.00998	0.00568	0.00628	0.00189	0.00758	0.00565	0.00313	0.00991
53	0.01212	0.01141	0.01927	0.73542	0.06902	0.01413	0.01769	0.01633	0.01275	0.01637	0.01130	0.01687	0.00851	0.00632	0.00634	0.00211	0.00842	0.00564	0.00283	0.00716
54	0.01372	0.01365	0.01913	0.01644	0.01648	0.01905	0.01368	0.01514	0.00973	0.01525	0.00861	0.01424	0.00858	0.01231	0.04491	0.00302	0.74078	0.00559	0.00280	0.00690
55	0.01476	0.02391	0.40123	0.01753	0.06274	0.01430	0.05577	0.08620	0.01500	0.04523	0.01210	0.01415	0.00900	0.00626	0.00682	0.00186	0.05391	0.00493	0.00345	0.15085
56	0.02290	0.01659	0.01783	0.01390	0.01866	0.01831	0.01141	0.60097	0.08771	0.05938	0.01671	0.01658	0.01195	0.00770	0.00626	0.00190	0.00656	0.00587	0.04836	0.01047
57	0.01272	0.03281	0.74418	0.01808	0.02746	0.01473	0.02344	0.02009	0.01339	0.02009	0.01138	0.01339	0.00804	0.00603	0.00603	0.00201	0.00938	0.00469	0.00268	0.00938
58	0.01780	0.68777	0.03135	0.01154	0.01670	0.11520	0.01103	0.01978	0.01352	0.01500	0.00894	0.01033	0.00814	0.00557	0.00428	0.00139	0.00736	0.00348	0.00278	0.00804
59	0.00795	0.00613	0.00721	0.00759	0.00894	0.00545	0.00541	0.00966	0.01435	0.01857	0.20423	0.29322	0.33599	0.03537	0.00830	0.00235	0.00339	0.01439	0.00609	0.00539
60	0.00922	0.00617	0.00703	0.00703	0.00707	0.00621	0.00398	0.00930	0.00926	0.01238	0.01989	0.04094	0.02282	0.75201	0.05699	0.00629	0.00652	0.00914	0.00383	0.00391
61	0.82186	0.01227	0.00932	0.00834	0.01227	0.01423	0.00687	0.01865	0.01080	0.02846	0.00883	0.01031	0.00687	0.00589	0.00393	0.00196	0.00491	0.00344	0.00393	0.00687
62	0.01117	0.00698	0.00909	0.00827	0.01021	0.00634	0.00631	0.01401	0.01777	0.10866	0.61137	0.04519	0.09491	0.01256	0.00735	0.00200	0.00329	0.01099	0.00702	0.00651
63	0.01497	0.01711	0.03743	0.02674	0.03316	0.01604	0.71444	0.02032	0.01497	0.02032	0.01283	0.01711	0.00963	0.00535	0.00749	0.00214	0.01070	0.00749	0.00321	0.00856
64	0.00765	0.00597	0.00695	0.00768	0.00891	0.00527	0.00539	0.00904	0.01338	0.01687	0.06633	0.42037	0.36780	0.01791	0.00780	0.00236	0.00344	0.01569	0.00592	0.00527
65	0.01350	0.00935	0.08850	0.00777	0.01045	0.00721	0.00700	0.01690	0.01377	0.09136	0.02007	0.02232	0.01530	0.00728	0.00480	0.00158	0.00390	0.00582	0.64634	0.00676
66	0.70654	0.01214	0.01009	0.00882	0.01285	0.01372	0.00725	0.02051	0.03343	0.11001	0.01120	0.01200	0.00826	0.00620	0.00428	0.00197	0.00497	0.00389	0.00445	0.00742
67	0.02236	0.02748	0.01770	0.01597	0.01905	0.63291	0.01212	0.04624	0.04601	0.01669	0.01076	0.01262	0.00895	0.00822	0.03025	0.00200	0.05526	0.00443	0.00347	0.00749
68	0.02372	0.02947	0.01804	0.01624	0.01962	0.70672	0.01225	0.06768	0.01870	0.01702	0.01014	0.01167	0.00833	0.00660	0.00576	0.00165	0.01117	0.00419	0.00346	0.00756
69	0.03999	0.01118	0.01362	0.01018	0.01535	0.00904	0.02789	0.01786	0.03730	0.08632	0.03890	0.01781	0.01306	0.00597	0.00522	0.00125	0.00494	0.03218	0.00440	0.60752
70	0.20922	0.01366	0.01418	0.01544	0.12644	0.12797	0.01035	0.01691	0.01229	0.01930	0.01247	0.01723	0.01110	0.04253	0.24440	0.00465	0.05373	0.00526	0.00346	0.03941
71	0.00926	0.00664	0.00822	0.00832	0.00982	0.00616	0.00617	0.01183	0.04111	0.04038	0.30182	0.22002	0.20904	0.01558	0.00818	0.02769	0.00360	0.05406	0.00627	0.00581
72	0.00887	0.00633	0.00787	0.00849	0.00978	0.00578	0.00627	0.01062	0.01397	0.04083	0.12804	0.33871	0.23637	0.03901	0.00859	0.00252	0.00390	0.11247	0.00602	0.00555
73	0.04196	0.01352	0.01464	0.01255	0.01655	0.03307	0.00994	0.06859	0.47373	0.20638	0.02418	0.02202	0.01736	0.00824	0.00634	0.00207	0.00538	0.00671	0.00665	0.01011
74	0.01338	0.01291	0.02305	0.25959	0.29570	0.01380	0.12622	0.01731	0.01331	0.01831	0.01266	0.01774	0.01039	0.01236	0.12279	0.00329	0.00980	0.00611	0.00309	0.00819
75	0.01706	0.00790	0.00934	0.00807	0.01077	0.00742	0.00636	0.04253	0.01580	0.24895	0.08429	0.02593	0.04211	0.00829	0.00546	0.00171	0.00386	0.00676	0.43980	0.00759
76	0.11725	0.01129	0.01385	0.01095	0.01549	0.01072	0.00898	0.06949	0.06239	0.53418	0.02241	0.02017	0.01466	0.00764	0.00600	0.00194	0.00528	0.00603	0.05125	0.01003
77	0.01460	0.01780	0.08328	0.02562	0.03205	0.01562	0.64713	0.01996	0.01478	0.02018	0.01341	0.03989	0.01051	0.00584	0.00741	0.00214	0.01039	0.00762	0.00326	0.00851
78	0.00812	0.00588	0.00770	0.00869	0.00946	0.00546	0.00610	0.00974	0.01361	0.01828	0.17740	0.54097	0.08770	0.01811	0.00798	0.00245	0.00364	0.05722	0.00611	0.00537
79	0.00785	0.00574	0.00740	0.00857	0.00925	0.00529	0.00588	0.00919	0.01288	0.01702	0.08709	0.62198	0.12311	0.01889	0.00800	0.00249	0.00363	0.03450	0.00596	0.00525
80	0.01788	0.05184	0.14693	0.02002	0.06841	0.16025	0.20968	0.04272	0.05802	0.08468	0.01338	0.01550	0.01010	0.00664	0.00749	0.00200	0.06617	0.00575	0.00378	0.00877
81	0.01411	0.13642	0.50906	0.04938	0.04690	0.05574	0.06391	0.02005	0.01367	0.01898	0.01104	0.01328	0.00823	0.00593	0.00584	0.00191	0.00911	0.00471	0.00277	0.00896
82	0.01689	0.02434	0.23861	0.01772	0.06623	0.23596	0.05236	0.04382	0.12731	0.02027	0.03676	0.04221	0.01295	0.00742	0.00664	0.00196	0.03028	0.00583	0.00386	0.00859
83	0.01846	0.01074	0.01258	0.01082	0.01450	0.01075	0.00862	0.02646	0.27863	0.29051	0.03434	0.03294	0.17738	0.01031	0.00674	0.00211	0.00479	0.03335	0.00683	0.00913
84	0.01620	0.20711	0.30222	0.03724	0.08858	0.07680	0.08315	0.05995	0.01494	0.04100	0.01145	0.01346	0.00880	0.00598	0.00573	0.00182	0.00860	0.00481	0.00319	0.00896
85	0.00846	0.00636	0.00784	0.00769	0.00922	0.00573	0.00568	0.01089	0.01640	0.02228	0.48487	0.13558	0.22664	0.01455	0.00756	0.00210	0.00313	0.01272	0.00658	0.00573
86	0.01696	0.78087	0.03324	0.01085	0.01628	0.02510	0.01085	0.01900	0.01289	0.01493	0.00882	0.01018	0.00814	0.00543	0.00407	0.00136	0.00678	0.00339	0.00271	0.00814
87	0.00919	0.00628	0.00760	0.00760	0.00783	0.00652	0.00469	0.00966	0.00943	0.01280	0.01937	0.03809	0.02158	0.62644	0.18087	0.00699	0.00839	0.00872	0.00375	0.00422
88	0.00799	0.00637	0.00717	0.00714	0.00892	0.00554	0.00529	0.01000	0.01539	0.01973	0.27748	0.11839	0.45739	0.01540	0.00754	0.00213	0.00318	0.01317	0.00624	0.00554
89	0.01696	0.78087	0.03324	0.01085	0.01628	0.02510	0.01085	0.01900	0.01289	0.01493	0.00882	0.01018	0.00814	0.00543	0.00407	0.00136	0.00678	0.00339	0.00271	0.00814
90	0.00776	0.00575	0.00726	0.00834	0.00910	0.00524	0.00570	0.00907	0.01292	0.01693	0.08307	0.59835	0.16980	0.01876	0.00795	0.00246	0.00355	0.01678	0.00596	0.00524
91	0.02370	0.03023	0.01798	0.01634	0.01961	0.75158	0.01226	0.02533	0.01798	0.01553	0.00981	0.01144	0.00817	0.00654	0.00572	0.00163	0.01144	0.00409	0.00327	0.00735
92	0.00823	0.00622	0.00767	0.00850	0.00959	0.00577	0.00609	0.01029	0.03489	0.01787	0.11138	0.44906	0.21345	0.01773	0.00789	0.00243	0.00370	0.06775	0.00601	0.00548
93	0.82186	0.01227	0.00932	0.00834	0.01227	0.01423	0.00687	0.01865	0.01080	0.02846	0.00883	0.01031	0.00687	0.00589	0.00393	0.00196	0.00491	0.00344	0.00393	0.00687
94	0.01183	0.00591	0.00591	0.00591	0.00739	0.00591	0.00443	0.01478	0.01330	0.02365	0.02069	0.02365	0.01626	0.00739	0.00443	0.00148	0.00296	0.00591	0.81227	0.00591
95	0.01315	0.01128	0.01315	0.00940	0.01503	0.00846	0.00752	0.01597	0.01315	0.02067	0.01128	0.01315	0.00940	0.00470	0.00470	0.00094	0.00470	0.00376	0.00376	0.81583
96	0.00750	0.00643	0.00643	0.00643	0.00857	0.00536	0.00482	0.00910	0.01446	0.01714	0.06427	0.06105	0.73490	0.01607	0.00750	0.00214	0.00321	0.01339	0.00589	0.00536
97	0.01597	0.60532	0.20008	0.01255	0.01890	0.02267	0.01381	0.01925	0.01301	0.01614	0.00942	0.01093	0.00812	0.00557	0.00453	0.00151	0.00739	0.00370	0.00271	0.00843
98	0.00781	0.00558	0.00746	0.00893	0.00934	0.00523	0.00604	0.00898	0.01223	0.01629	0.03492	0.74884	0.04177	0.01979	0.00812	0.00259	0.00375	0.04127	0.00589	0.00518
99	0.00794	0.00644	0.00704	0.00689	0.00884	0.00554	0.00517	0.00996	0.01550	0.01960	0.26329	0.05699	0.53434	0.01515	0.00749	0.00210	0.00315	0.01282	0.00622	0.00554
100	0.00910	0.00667	0.00954	0.00954	0.01044	0.00757	0.00711	0.01091	0.01000	0.01424	0.01759	0.02825	0.01731	0.19403	0.60744	0.00938	0.01482	0.00728	0.00349	0.00530
101	0.01513	0.04997	0.02580	0.26399	0.26435	0.08173	0.17026	0.01912	0.01425	0.01847	0.01159	0.01577	0.00919	0.00588	0.00642	0.00197	0.00884	0.00581	0.00304	0.00843
102	0.01473	0.01862	0.12494	0.02681	0.13478	0.01594	0.48147	0.01986	0.01437	0.02004	0.01224	0.01623	0.00941	0.00583	0.00794	0.00212	0.05605	0.00674	0.00310	0.00878
103	0.82186	0.01227	0.00932	0.00834	0.01227	0.01423	0.00687	0.01865	0.01080	0.02846	0.00883	0.01031	0.00687	0.00589	0.00393	0.00196	0.00491	0.00344	0.00393	0.00687
104	0.69849	0.01204	0.01016	0.00880	0.01288	0.01347	0.00725	0.02056	0.01194	0.13939	0.01135	0.01206	0.00824	0.00619	0.00431	0.00196	0.00498	0.00389	0.00454	0.00748
105	0.82186	0.01227	0.00932	0.00834	0.01227	0.01423	0.00687	0.01865	0.01080	0.02846	0.00883	0.01031	0.00687	0.00589	0.00393	0.00196	0.00491	0.00344	0.00393	0.00687
106	0.02108	0.01484	0.01579	0.01245	0.01664	0.01627	0.01017	0.54290	0.02574	0.03594	0.01658	0.01731	0.01214	0.00756	0.00587	0.00180	0.00599	0.00576	0.20557	0.00958
107	0.50617	0.01168	0.01147	0.00951	0.01383	0.01228	0.00785	0.02353	0.01373	0.31233	0.01528	0.01480	0.01039	0.00667	0.00490	0.00196	0.00510	0.00461	0.00549	0.00843
108	0.00869	0.00627	0.00861	0.02644	0.01133	0.00610	0.00765	0.01049	0.01301	0.01716	0.03396	0.51252	0.03933	0.01876	0.00829	0.00269	0.00454	0.25293	0.00580	0.00543
109	0.00841	0.00601	0.00814	0.00961	0.01028	0.00574	0.00708	0.01001	0.01282	0.01696	0.03459	0.58083	0.04047	0.01923	0.00828	0.00267	0.00427	0.20338	0.00588	0.00534
110	0.01484	0.01571	0.01872	0.46732	0.03363	0.16885	0.01568	0.01854	0.03684	0.01626	0.01100	0.01553	0.00874	0.00719	0.00844	0.00212	0.12504	0.00535	0.00303	0.00719
111	0.01257	0.01164	0.01922	0.71168	0.06208	0.01435	0.01745	0.04438	0.01342	0.01729	0.01145	0.01681	0.00859	0.00637	0.00634	0.00210	0.00837	0.00564	0.00297	0.00728
112	0.01256	0.01399	0.11113	0.08985	0.02070	0.01193	0.09940	0.03798	0.14613	0.02038	0.02138	0.20044	0.03898	0.01010	0.00716	0.00209	0.03009	0.00899	0.00457	0.11214
113	0.02019	0.02241	0.01996	0.04600	0.22675	0.37881	0.01409	0.09405	0.01762	0.02000	0.01115	0.01338	0.00909	0.00624	0.00588	0.00169	0.00920	0.00473	0.00358	0.07519
114	0.03597	0.00792	0.00998	0.00888	0.01119	0.00743	0.03462	0.03759	0.04001	0.06031	0.41562	0.04555	0.23530	0.01270	0.00725	0.00204	0.00375	0.01099	0.00644	0.00649
115	0.00783	0.00558	0.00739	0.00873	0.00913	0.00522	0.00582	0.00897	0.01228	0.01643	0.06249	0.71871	0.04203	0.04559	0.00890	0.00268	0.00374	0.01747	0.00586	0.00514
116	0.01308	0.02951	0.61110	0.05008	0.08160	0.01483	0.07207	0.01990	0.01356	0.02000	0.01152	0.01397	0.00832	0.00596	0.00616	0.00201	0.00930	0.00500	0.00276	0.00927
117	0.01799	0.01313	0.01487	0.01307	0.03839	0.01416	0.00998	0.31727	0.16676	0.07424	0.08712	0.14162	0.04238	0.01043	0.00678	0.00208	0.00551	0.00874	0.00633	0.00914
118	0.01299	0.00891	0.01019	0.00927	0.01173	0.00898	0.00724	0.09810	0.10903	0.06813	0.23451	0.06228	0.15402	0.01168	0.00681	0.00203	0.00409	0.04958	0.12326	0.00721
119	0.00846	0.00646	0.00776	0.00744	0.00916	0.00576	0.00558	0.01097	0.01673	0.02253	0.49920	0.05218	0.29661	0.01406	0.00749	0.00205	0.00307	0.01214	0.00660	0.00576
120	0.01420	0.01416	0.02337	0.29795	0.26647	0.04427	0.12038	0.01860	0.03970	0.01861	0.01288	0.04263	0.01070	0.00674	0.00718	0.00207	0.04221	0.00634	0.00324	0.00831
121	0.05496	0.01755	0.01737	0.01371	0.01826	0.08089	0.01118	0.56587	0.02656	0.03595	0.01500	0.01547	0.01090	0.00743	0.00602	0.00184	0.00692	0.00550	0.07870	0.00990
122	0.01444	0.00732	0.00921	0.00870	0.01087	0.00682	0.00685	0.01703	0.01530	0.19101	0.14495	0.12074	0.04927	0.01155	0.00652	0.00203	0.00404	0.10744	0.25893	0.00696
123	0.02320	0.01696	0.01766	0.01384	0.01850	0.05912	0.01131	0.55292	0.04512	0.09351	0.04833	0.01743	0.01361	0.00783	0.00631	0.00189	0.00676	0.00597	0.02950	0.01022
124	0.01667	0.08116	0.09689	0.14224	0.11234	0.10493	0.19028	0.02201	0.07742	0.07437	0.01371	0.01620	0.01035	0.00624	0.00634	0.00195	0.00869	0.00583	0.00369	0.00869
125	0.00840	0.00619	0.00789	0.00825	0.00945	0.00568	0.00601	0.01053	0.01526	0.02068	0.35662	0.30113	0.15102	0.01605	0.00777	0.00227	0.00342	0.05140	0.00638	0.00560
126	0.01051	0.00834	0.00938	0.00998	0.01117	0.04823	0.00721	0.08206	0.01468	0.01905	0.04789	0.55395	0.05928	0.01741	0.00781	0.00246	0.00460	0.07422	0.00581	0.00593

[dist]
# distance from previous block
# <min> <max>
0	3

[block]
# block no. 8 follows, 35 sequences, length 111
