[name]
unknown

[dist]
# distance from previous block
# <min> <max>
0	121

[block]
# block no. 0 follows, 37 sequences, length 55
# corresponding to MSA columns:
# 163-217
name=unknown_A
#
# <colnr> <probs for GDERKNQSTAVLIFYWHMCP>
#	G	D	E	R	K	N	Q	S	T	A	V	L	I	F	Y	W	H	M	C	P
0	0.46526	0.01134	0.01222	0.16837	0.03986	0.01316	0.00976	0.04846	0.01196	0.03827	0.01138	0.01632	0.00952	0.00752	0.00623	0.04100	0.02781	0.05106	0.00376	0.00675
1	0.24117	0.19056	0.06946	0.01201	0.01656	0.16157	0.01063	0.13416	0.05156	0.04462	0.01114	0.01206	0.00868	0.00617	0.00486	0.00171	0.00700	0.00413	0.00393	0.00803
2	0.03614	0.00870	0.01202	0.06442	0.06171	0.00889	0.05716	0.03149	0.04780	0.06616	0.02155	0.05021	0.03375	0.07223	0.00799	0.00226	0.00513	0.12167	0.28412	0.00663
3	0.01141	0.00571	0.00571	0.00571	0.00713	0.00571	0.00428	0.01426	0.01284	0.02282	0.01997	0.02282	0.01569	0.00713	0.00428	0.00143	0.00285	0.00571	0.81886	0.00571
4	0.01700	0.15981	0.06273	0.06304	0.15713	0.22359	0.19370	0.02034	0.01460	0.01722	0.01056	0.01334	0.00858	0.00563	0.00581	0.00174	0.00909	0.00504	0.00297	0.00809
5	0.01945	0.34437	0.06539	0.03572	0.05446	0.01943	0.01197	0.25102	0.01845	0.10638	0.01266	0.01329	0.00961	0.00626	0.00517	0.00163	0.00668	0.00457	0.00435	0.00911
6	0.01123	0.00573	0.00575	0.00575	0.00715	0.00570	0.00427	0.01396	0.01275	0.02233	0.02104	0.02427	0.03479	0.03067	0.00516	0.00158	0.00295	0.00599	0.77331	0.00563
7	0.00886	0.00641	0.00865	0.00989	0.01102	0.00620	0.00800	0.01102	0.01343	0.01751	0.05630	0.29214	0.09447	0.01738	0.00812	0.00263	0.00469	0.41218	0.00569	0.00539
8	0.05413	0.01250	0.01411	0.01188	0.01589	0.01339	0.00948	0.08482	0.41180	0.26756	0.02318	0.02100	0.01636	0.00788	0.00609	0.00199	0.00511	0.00641	0.00657	0.00986
9	0.01156	0.01088	0.01836	0.77016	0.04216	0.01360	0.01700	0.01564	0.01224	0.01564	0.01088	0.01632	0.00816	0.00612	0.00612	0.00204	0.00816	0.00544	0.00272	0.00680
10	0.00786	0.00623	0.00707	0.00686	0.00865	0.00543	0.00514	0.00999	0.01543	0.02003	0.35939	0.05316	0.44464	0.01420	0.00723	0.00201	0.00301	0.01211	0.00614	0.00543
11	0.01269	0.01088	0.01269	0.00907	0.01451	0.00816	0.00725	0.01541	0.01269	0.01995	0.01088	0.01269	0.00907	0.00453	0.00453	0.00091	0.00453	0.00363	0.00363	0.82229
12	0.00915	0.00708	0.01034	0.01011	0.01102	0.00845	0.00782	0.01109	0.00972	0.01407	0.01592	0.02443	0.01525	0.10226	0.63960	0.00892	0.07943	0.00665	0.00326	0.00543
13	0.02746	0.01042	0.01421	0.01089	0.01563	0.00900	0.00900	0.02983	0.01752	0.75093	0.02415	0.02083	0.01515	0.00758	0.00616	0.00189	0.00521	0.00616	0.00758	0.01042
14	0.01523	0.01315	0.01384	0.01246	0.01592	0.01523	0.00969	0.03253	0.73563	0.02561	0.02491	0.02284	0.01869	0.00830	0.00623	0.00208	0.00484	0.00692	0.00623	0.00969
15	0.00748	0.00539	0.00709	0.00839	0.00886	0.00500	0.00564	0.00861	0.01197	0.01589	0.05294	0.72805	0.07438	0.01884	0.00777	0.00245	0.00351	0.01703	0.00571	0.00500
16	0.00725	0.00613	0.00627	0.00639	0.00832	0.00515	0.00473	0.00876	0.01377	0.01646	0.05974	0.11687	0.68771	0.01580	0.00728	0.00210	0.00314	0.01328	0.00568	0.00515
17	0.02746	0.01042	0.01421	0.01089	0.01563	0.00900	0.00900	0.02983	0.01752	0.75093	0.02415	0.02083	0.01515	0.00758	0.00616	0.00189	0.00521	0.00616	0.00758	0.01042
18	0.01523	0.01315	0.01384	0.01246	0.01592	0.01523	0.00969	0.03253	0.73563	0.02561	0.02491	0.02284	0.01869	0.00830	0.00623	0.00208	0.00484	0.00692	0.00623	0.00969
19	0.00738	0.00610	0.00648	0.00662	0.00842	0.00519	0.00487	0.00899	0.01396	0.01710	0.11609	0.14770	0.59855	0.01571	0.00731	0.00211	0.00314	0.01332	0.00577	0.00519
20	0.01004	0.00740	0.01085	0.01182	0.01341	0.00736	0.03667	0.01294	0.01410	0.01837	0.03166	0.06708	0.03426	0.01647	0.00841	0.00279	0.00581	0.67930	0.00554	0.00573
21	0.01109	0.00567	0.00582	0.00593	0.00727	0.00565	0.00439	0.01380	0.01275	0.02224	0.02107	0.08368	0.01768	0.00810	0.00456	0.00151	0.00291	0.00664	0.75358	0.00565
22	0.01147	0.00618	0.00739	0.00746	0.00892	0.00579	0.00544	0.01341	0.01317	0.10449	0.06431	0.28241	0.08034	0.01255	0.00662	0.02549	0.00345	0.01051	0.32469	0.00588
23	0.00802	0.00598	0.00736	0.00808	0.00907	0.00552	0.00564	0.03013	0.01338	0.01756	0.12313	0.51242	0.19673	0.01723	0.00757	0.00231	0.00347	0.01532	0.00582	0.00527
24	0.82811	0.01184	0.00900	0.00805	0.01184	0.01373	0.00663	0.01799	0.01042	0.02746	0.00852	0.00994	0.00663	0.00568	0.00379	0.00189	0.00474	0.00331	0.00379	0.00663
25	0.00866	0.00626	0.00818	0.00770	0.00914	0.00578	0.00578	0.01155	0.01733	0.02455	0.74346	0.04572	0.05776	0.01251	0.00722	0.00193	0.00289	0.01107	0.00674	0.00578
26	0.68693	0.01099	0.00902	0.00808	0.01155	0.01244	0.00657	0.01738	0.01162	0.04687	0.11590	0.01545	0.01430	0.00673	0.00435	0.00190	0.00448	0.00452	0.00432	0.00661
27	0.00787	0.00623	0.00708	0.00687	0.00866	0.00544	0.00515	0.01002	0.01545	0.02010	0.36521	0.05304	0.43878	0.01417	0.00723	0.00200	0.00301	0.01210	0.00615	0.00544
28	0.00889	0.00597	0.00683	0.00683	0.00689	0.00602	0.00390	0.00900	0.00895	0.01199	0.01914	0.03926	0.02191	0.74817	0.06738	0.00613	0.00645	0.00879	0.00369	0.00380
29	0.01141	0.00571	0.00571	0.00571	0.00713	0.00571	0.00428	0.01426	0.01284	0.02282	0.01997	0.02282	0.01569	0.00713	0.00428	0.00143	0.00285	0.00571	0.81886	0.00571
30	0.62501	0.01127	0.00964	0.00850	0.01199	0.01264	0.00681	0.05308	0.01185	0.08685	0.01196	0.04331	0.01007	0.06767	0.00641	0.00223	0.00492	0.00465	0.00429	0.00684
31	0.01587	0.01347	0.01421	0.01259	0.01616	0.01553	0.00985	0.08827	0.67883	0.02665	0.02409	0.02218	0.01802	0.00823	0.00622	0.00206	0.00500	0.00681	0.00622	0.00975
32	0.00986	0.00705	0.00986	0.01127	0.01268	0.00705	0.00986	0.01268	0.01409	0.01832	0.03241	0.06905	0.03523	0.01691	0.00845	0.00282	0.00564	0.70549	0.00564	0.00564
33	0.00928	0.00729	0.01062	0.01032	0.01121	0.00878	0.00802	0.01122	0.00972	0.01410	0.01566	0.02399	0.01498	0.09496	0.62447	0.00875	0.10134	0.00659	0.00324	0.00548
34	0.01181	0.01113	0.01880	0.71996	0.09044	0.01366	0.01712	0.01586	0.01236	0.01594	0.01092	0.01624	0.00827	0.00607	0.00612	0.00202	0.00810	0.00544	0.00274	0.00700
35	0.82811	0.01184	0.00900	0.00805	0.01184	0.01373	0.00663	0.01799	0.01042	0.02746	0.00852	0.00994	0.00663	0.00568	0.00379	0.00189	0.00474	0.00331	0.00379	0.00663
36	0.02358	0.01117	0.01409	0.01113	0.01539	0.01065	0.00907	0.13266	0.07989	0.49693	0.10750	0.02301	0.01976	0.00819	0.00628	0.00190	0.00513	0.00670	0.00715	0.00981
37	0.01856	0.01400	0.01510	0.01269	0.01667	0.01564	0.01012	0.24755	0.43909	0.08985	0.02254	0.02098	0.03274	0.00811	0.00621	0.00199	0.00542	0.00656	0.00630	0.00987
38	0.00748	0.00542	0.00701	0.00827	0.00877	0.00502	0.00554	0.00856	0.01183	0.01560	0.03578	0.69825	0.10070	0.03988	0.00840	0.00254	0.00358	0.01678	0.00563	0.00495
39	0.05413	0.01333	0.01478	0.01192	0.01609	0.01425	0.00967	0.30349	0.18526	0.20830	0.01958	0.01861	0.01379	0.00754	0.00589	0.00187	0.00549	0.00592	0.08043	0.00966
40	0.04335	0.00903	0.01043	0.00907	0.01182	0.00887	0.00708	0.09775	0.08563	0.14496	0.27531	0.03731	0.18940	0.03352	0.00740	0.00207	0.00410	0.00929	0.00633	0.00729
41	0.00745	0.00567	0.00694	0.00783	0.00878	0.00516	0.00544	0.00872	0.01236	0.01586	0.04218	0.50838	0.26982	0.01924	0.04342	0.00270	0.00401	0.01542	0.00557	0.00506
42	0.00977	0.00698	0.00976	0.01117	0.01254	0.00697	0.00970	0.01252	0.01400	0.01822	0.03246	0.09628	0.03543	0.01700	0.00843	0.00281	0.00556	0.67916	0.00564	0.00561
43	0.00890	0.00618	0.00784	0.00854	0.00914	0.00608	0.00614	0.01016	0.01158	0.01538	0.06913	0.19876	0.03207	0.34588	0.01797	0.00403	0.00518	0.22748	0.00489	0.00469
44	0.01739	0.52963	0.07618	0.01189	0.01696	0.10961	0.01141	0.10136	0.01513	0.01799	0.03603	0.01204	0.00995	0.00591	0.00462	0.00147	0.00714	0.00398	0.00324	0.00807
45	0.01366	0.07213	0.25681	0.02144	0.02826	0.01527	0.42969	0.01912	0.01396	0.01940	0.04207	0.01617	0.01073	0.00567	0.00657	0.00197	0.00937	0.00628	0.00306	0.00837
46	0.00866	0.00626	0.00818	0.00770	0.00914	0.00578	0.00578	0.01155	0.01733	0.02455	0.74346	0.04572	0.05776	0.01251	0.00722	0.00193	0.00289	0.01107	0.00674	0.00578
47	0.00890	0.00593	0.00668	0.00668	0.00668	0.00593	0.00371	0.00890	0.00890	0.01187	0.01929	0.04006	0.02225	0.78487	0.03116	0.00593	0.00593	0.00890	0.00371	0.00371
48	0.05422	0.01356	0.01806	0.08134	0.04551	0.04424	0.01324	0.03620	0.01072	0.01633	0.00900	0.01390	0.00838	0.01096	0.04494	0.00276	0.56159	0.00527	0.00289	0.00689
49	0.00813	0.00582	0.00765	0.00879	0.00942	0.00559	0.00630	0.00948	0.01190	0.01572	0.03256	0.49613	0.06995	0.10611	0.03772	0.00319	0.00467	0.15052	0.00536	0.00499
50	0.01224	0.01196	0.02074	0.57232	0.06746	0.01441	0.09911	0.01614	0.01226	0.01619	0.01078	0.01598	0.00834	0.00647	0.00774	0.00210	0.09028	0.00564	0.00277	0.00708
51	0.00755	0.00540	0.00719	0.00846	0.00890	0.00504	0.00569	0.00876	0.01217	0.01634	0.09027	0.72233	0.04186	0.01865	0.00777	0.00244	0.00350	0.01690	0.00577	0.00504
52	0.17624	0.01083	0.03679	0.03115	0.01287	0.04133	0.00767	0.07433	0.05025	0.04877	0.02620	0.11131	0.15345	0.12326	0.00972	0.00259	0.00523	0.04260	0.00479	0.03063
53	0.01067	0.00533	0.00788	0.00788	0.00794	0.00533	0.00527	0.00824	0.00818	0.01115	0.01103	0.01878	0.01085	0.02067	0.02310	0.78736	0.00521	0.00533	0.03702	0.00279
54	0.00760	0.00583	0.00697	0.00750	0.00870	0.00520	0.00531	0.00919	0.01361	0.01765	0.17795	0.37266	0.30670	0.01655	0.00749	0.00222	0.00326	0.01453	0.00588	0.00520

[dist]
# distance from previous block
# <min> <max>
0	8

[block]
# block no. 1 follows, 37 sequences, length 52
# corresponding to MSA columns:
# 226-233,235-278
name=unknown_B
#
# <colnr> <probs for GDERKNQSTAVLIFYWHMCP>
#	G	D	E	R	K	N	Q	S	T	A	V	L	I	F	Y	W	H	M	C	P
0	0.01308	0.09932	0.66685	0.01663	0.02521	0.01497	0.02113	0.01959	0.01301	0.03999	0.01114	0.01287	0.00798	0.00581	0.00566	0.00188	0.00871	0.00446	0.00273	0.00898
1	0.02440	0.01068	0.01396	0.01074	0.01548	0.00933	0.00879	0.02791	0.06913	0.59074	0.02226	0.01979	0.01452	0.00718	0.00592	0.00176	0.00508	0.00584	0.00690	0.12959
2	0.00814	0.00602	0.00762	0.00785	0.00909	0.00551	0.00576	0.01028	0.01501	0.02036	0.39277	0.25803	0.16729	0.01512	0.00745	0.00215	0.00324	0.04664	0.00621	0.00544
3	0.01431	0.01664	0.06173	0.05952	0.10729	0.01525	0.59217	0.01934	0.01424	0.01947	0.01217	0.01622	0.00922	0.00526	0.00700	0.00203	0.00986	0.00686	0.00305	0.00837
4	0.00948	0.00703	0.00920	0.01029	0.01158	0.00706	0.00830	0.01302	0.07962	0.01806	0.03345	0.28894	0.06679	0.01677	0.00799	0.00261	0.00479	0.39353	0.00571	0.00578
5	0.01016	0.00793	0.00864	0.00816	0.01048	0.00770	0.00620	0.01551	0.17793	0.05139	0.16341	0.07470	0.40831	0.01318	0.00698	0.00205	0.00357	0.01114	0.00606	0.00651
6	0.00890	0.00593	0.00668	0.00668	0.00668	0.00593	0.00371	0.00890	0.00890	0.01187	0.01929	0.04006	0.02225	0.78487	0.03116	0.00593	0.00593	0.00890	0.00371	0.00371
7	0.01251	0.00753	0.00935	0.00831	0.01065	0.00690	0.00643	0.03359	0.03933	0.16067	0.42522	0.04223	0.18924	0.01193	0.00696	0.00195	0.00353	0.01025	0.00665	0.00677
8	0.01000	0.00752	0.00853	0.00802	0.01013	0.00715	0.00608	0.04891	0.08517	0.04724	0.26723	0.10405	0.33999	0.01346	0.00708	0.00204	0.00350	0.01149	0.00616	0.00623
9	0.09494	0.00665	0.00682	0.00692	0.00883	0.00610	0.00513	0.00994	0.01346	0.01819	0.10637	0.17824	0.48771	0.01485	0.00697	0.00211	0.00334	0.01253	0.00557	0.00534
10	0.63191	0.01221	0.01071	0.00909	0.01312	0.01364	0.00749	0.09517	0.01336	0.12837	0.01134	0.01195	0.00821	0.00612	0.00436	0.00189	0.00501	0.00394	0.00456	0.00755
11	0.13847	0.01061	0.01348	0.01050	0.01510	0.00965	0.00867	0.02819	0.01654	0.65063	0.02198	0.01932	0.01397	0.00731	0.00583	0.00189	0.00514	0.00576	0.00705	0.00989
12	0.10622	0.01119	0.01145	0.00960	0.01273	0.01219	0.00770	0.29276	0.05080	0.02966	0.04274	0.01905	0.01427	0.00730	0.00513	0.00168	0.00466	0.00561	0.34745	0.00782
13	0.00986	0.00705	0.00986	0.01127	0.01268	0.00705	0.00986	0.01268	0.01409	0.01832	0.03241	0.06905	0.03523	0.01691	0.00845	0.00282	0.00564	0.70549	0.00564	0.00564
14	0.30873	0.01110	0.01249	0.00998	0.01439	0.01094	0.00824	0.04515	0.01534	0.47675	0.01839	0.01684	0.01202	0.00690	0.00532	0.00189	0.00509	0.00514	0.00620	0.00909
15	0.02692	0.01054	0.01419	0.01096	0.01564	0.00927	0.00903	0.02995	0.04917	0.71896	0.02418	0.02092	0.01531	0.00761	0.00616	0.00190	0.00519	0.00619	0.00752	0.01039
16	0.00744	0.00539	0.00704	0.00836	0.00883	0.00499	0.00561	0.00854	0.01188	0.01569	0.03578	0.72869	0.09136	0.01891	0.00777	0.00246	0.00352	0.01708	0.00568	0.00499
17	0.82811	0.01184	0.00900	0.00805	0.01184	0.01373	0.00663	0.01799	0.01042	0.02746	0.00852	0.00994	0.00663	0.00568	0.00379	0.00189	0.00474	0.00331	0.00379	0.00663
18	0.00822	0.00565	0.00688	0.00755	0.00772	0.00548	0.00464	0.00872	0.01024	0.01365	0.02613	0.39062	0.03088	0.42254	0.02011	0.00430	0.00481	0.01292	0.00464	0.00431
19	0.00986	0.00705	0.00986	0.01127	0.01268	0.00705	0.00986	0.01268	0.01409	0.01832	0.03241	0.06905	0.03523	0.01691	0.00845	0.00282	0.00564	0.70549	0.00564	0.00564
20	0.00844	0.00635	0.00682	0.00677	0.00878	0.00538	0.00504	0.01004	0.01404	0.05793	0.08124	0.13331	0.60370	0.01534	0.00724	0.00210	0.00326	0.01295	0.00583	0.00546
21	0.00746	0.00533	0.00710	0.00852	0.00888	0.00497	0.00568	0.00852	0.01172	0.01563	0.03374	0.78088	0.04049	0.01918	0.00781	0.00249	0.00355	0.01740	0.00568	0.00497
22	0.01043	0.00659	0.00715	0.00708	0.00797	0.00678	0.00474	0.01320	0.07954	0.01731	0.02063	0.03359	0.02016	0.40376	0.01833	0.00384	0.00473	0.03748	0.29163	0.00506
23	0.00842	0.00615	0.00791	0.00767	0.00905	0.00564	0.00568	0.01101	0.01646	0.02295	0.61305	0.12519	0.11103	0.01346	0.00728	0.00200	0.00298	0.01189	0.00654	0.00564
24	0.82811	0.01184	0.00900	0.00805	0.01184	0.01373	0.00663	0.01799	0.01042	0.02746	0.00852	0.00994	0.00663	0.00568	0.00379	0.00189	0.00474	0.00331	0.00379	0.00663
25	0.01059	0.00578	0.00602	0.00602	0.00698	0.00578	0.00409	0.01250	0.01155	0.01923	0.01975	0.02847	0.01784	0.26221	0.01309	0.00290	0.00386	0.00675	0.55151	0.00505
26	0.00750	0.00535	0.00709	0.00847	0.00881	0.00500	0.00562	0.00854	0.01163	0.01551	0.03329	0.75781	0.03992	0.04302	0.00854	0.00259	0.00363	0.01714	0.00562	0.00493
27	0.02616	0.01071	0.01417	0.01106	0.01566	0.00966	0.00907	0.03012	0.09411	0.67357	0.02423	0.02105	0.01553	0.00765	0.00616	0.00191	0.00517	0.00624	0.00743	0.01034
28	0.01523	0.01315	0.01384	0.01246	0.01592	0.01523	0.00969	0.03253	0.73563	0.02561	0.02491	0.02284	0.01869	0.00830	0.00623	0.00208	0.00484	0.00692	0.00623	0.00969
29	0.82811	0.01184	0.00900	0.00805	0.01184	0.01373	0.00663	0.01799	0.01042	0.02746	0.00852	0.00994	0.00663	0.00568	0.00379	0.00189	0.00474	0.00331	0.00379	0.00663
30	0.02693	0.01079	0.01503	0.01146	0.01625	0.00946	0.03258	0.04719	0.01771	0.70879	0.02352	0.02054	0.01484	0.00749	0.00619	0.00190	0.00542	0.00617	0.00739	0.01035
31	0.01523	0.01315	0.01384	0.01246	0.01592	0.01523	0.00969	0.03253	0.73563	0.02561	0.02491	0.02284	0.01869	0.00830	0.00623	0.00208	0.00484	0.00692	0.00623	0.00969
32	0.01156	0.01088	0.01836	0.77016	0.04216	0.01360	0.01700	0.01564	0.01224	0.01564	0.01088	0.01632	0.00816	0.00612	0.00612	0.00204	0.00816	0.00544	0.00272	0.00680
33	0.01244	0.01201	0.01811	0.01536	0.01648	0.01544	0.08760	0.01526	0.04914	0.01571	0.01149	0.01689	0.01056	0.01877	0.20270	0.00437	0.46194	0.00594	0.00306	0.00672
34	0.01487	0.01425	0.02433	0.09566	0.69082	0.01447	0.01864	0.01854	0.01380	0.01965	0.01146	0.01524	0.00957	0.00551	0.00606	0.00184	0.00734	0.00545	0.00301	0.00947
35	0.00866	0.00626	0.00818	0.00770	0.00914	0.00578	0.00578	0.01155	0.01733	0.02455	0.74346	0.04572	0.05776	0.01251	0.00722	0.00193	0.00289	0.01107	0.00674	0.00578
36	0.00874	0.00656	0.00984	0.00984	0.01093	0.00765	0.00765	0.01093	0.00984	0.01421	0.01640	0.02405	0.01530	0.04591	0.76062	0.00984	0.01640	0.00656	0.00328	0.00547
37	0.01177	0.01109	0.01874	0.72745	0.08323	0.01365	0.01710	0.01582	0.01234	0.01589	0.01092	0.01625	0.00825	0.00608	0.00612	0.00203	0.00811	0.00544	0.00274	0.00697
38	0.13450	0.01069	0.01350	0.01056	0.01513	0.00983	0.00870	0.02833	0.03924	0.63096	0.02208	0.01944	0.01412	0.00735	0.00584	0.00190	0.00513	0.00580	0.00703	0.00989
39	0.01134	0.00598	0.00856	0.00832	0.00859	0.00608	0.00567	0.04828	0.00914	0.01220	0.01086	0.01839	0.01062	0.02048	0.02292	0.77589	0.00540	0.00533	0.00285	0.00309
40	0.21222	0.01178	0.01590	0.48542	0.03162	0.01419	0.01369	0.08215	0.04113	0.02102	0.01119	0.01486	0.00840	0.00621	0.00555	0.00199	0.00707	0.00498	0.00343	0.00720
41	0.04938	0.01419	0.01615	0.01260	0.01726	0.01490	0.01035	0.38819	0.09341	0.29041	0.01887	0.01753	0.01279	0.00747	0.00607	0.00188	0.00594	0.00581	0.00658	0.01022
42	0.01156	0.01088	0.01836	0.77016	0.04216	0.01360	0.01700	0.01564	0.01224	0.01564	0.01088	0.01632	0.00816	0.00612	0.00612	0.00204	0.00816	0.00544	0.00272	0.00680
43	0.00858	0.00625	0.00807	0.00762	0.00910	0.00574	0.00571	0.01140	0.01714	0.02410	0.70523	0.04646	0.09627	0.01268	0.00722	0.00193	0.00290	0.01117	0.00668	0.00574
44	0.73398	0.01228	0.00989	0.00868	0.01254	0.01418	0.00713	0.07075	0.04289	0.02820	0.00968	0.01085	0.00742	0.00592	0.00406	0.00190	0.00489	0.00363	0.00406	0.00704
45	0.82811	0.01184	0.00900	0.00805	0.01184	0.01373	0.00663	0.01799	0.01042	0.02746	0.00852	0.00994	0.00663	0.00568	0.00379	0.00189	0.00474	0.00331	0.00379	0.00663
46	0.01156	0.01088	0.01836	0.77016	0.04216	0.01360	0.01700	0.01564	0.01224	0.01564	0.01088	0.01632	0.00816	0.00612	0.00612	0.00204	0.00816	0.00544	0.00272	0.00680
47	0.00737	0.00614	0.00644	0.00651	0.00839	0.00520	0.00483	0.00900	0.01406	0.01715	0.11771	0.11415	0.63093	0.01554	0.00728	0.00209	0.00312	0.01311	0.00577	0.00520
48	0.02304	0.01703	0.01824	0.01404	0.01889	0.01888	0.01158	0.70636	0.04907	0.03821	0.01499	0.01493	0.01065	0.00738	0.00613	0.00184	0.00668	0.00555	0.00613	0.01039
49	0.01141	0.00571	0.00571	0.00571	0.00713	0.00571	0.00428	0.01426	0.01284	0.02282	0.01997	0.02282	0.01569	0.00713	0.00428	0.00143	0.00285	0.00571	0.81886	0.00571
50	0.02746	0.01042	0.01421	0.01089	0.01563	0.00900	0.00900	0.02983	0.01752	0.75093	0.02415	0.02083	0.01515	0.00758	0.00616	0.00189	0.00521	0.00616	0.00758	0.01042
51	0.00960	0.00690	0.00868	0.00808	0.00980	0.00657	0.00611	0.01353	0.07323	0.04333	0.63274	0.04397	0.08955	0.01221	0.00712	0.00194	0.00311	0.01071	0.00667	0.00617

[dist]
# distance from previous block
# <min> <max>
0	22

[block]
# block no. 2 follows, 37 sequences, length 37
# corresponding to MSA columns:
# 301-337
name=unknown_C
#
# <colnr> <probs for GDERKNQSTAVLIFYWHMCP>
#	G	D	E	R	K	N	Q	S	T	A	V	L	I	F	Y	W	H	M	C	P
0	0.00869	0.00584	0.00674	0.00695	0.00701	0.00579	0.00400	0.00885	0.00932	0.01243	0.02145	0.15068	0.02498	0.67053	0.02767	0.00542	0.00558	0.01017	0.00400	0.00390
1	0.00977	0.00698	0.00975	0.01116	0.01253	0.00696	0.00970	0.01252	0.01400	0.01821	0.03246	0.09753	0.03544	0.01700	0.00843	0.00280	0.00555	0.67796	0.00564	0.00561
2	0.27911	0.01101	0.01069	0.00943	0.01264	0.01213	0.00743	0.08352	0.20215	0.06816	0.04301	0.02272	0.08093	0.05043	0.00673	0.00213	0.00466	0.00625	0.07927	0.00758
3	0.00725	0.00614	0.00627	0.00637	0.00831	0.00515	0.00473	0.00877	0.01379	0.01647	0.05997	0.11095	0.69348	0.01577	0.00728	0.00210	0.00313	0.01324	0.00568	0.00515
4	0.01557	0.01262	0.01345	0.01196	0.01544	0.01427	0.00934	0.05373	0.61946	0.06494	0.02728	0.02513	0.07195	0.00877	0.00630	0.00206	0.00480	0.00728	0.00626	0.00942
5	0.00874	0.00656	0.00984	0.00984	0.01093	0.00765	0.00765	0.01093	0.00984	0.01421	0.01640	0.02405	0.01530	0.04591	0.76062	0.00984	0.01640	0.00656	0.00328	0.00547
6	0.00791	0.00635	0.00709	0.00711	0.00888	0.00564	0.00531	0.01023	0.03531	0.01872	0.22435	0.12482	0.46782	0.01496	0.00729	0.00209	0.00321	0.03151	0.00596	0.00544
7	0.00811	0.00581	0.00762	0.00886	0.00942	0.00554	0.00611	0.03224	0.01241	0.01652	0.03304	0.71697	0.03921	0.01867	0.00779	0.00248	0.00377	0.05456	0.00569	0.00519
8	0.01624	0.01831	0.02779	0.02304	0.10189	0.16521	0.39053	0.02163	0.09312	0.01911	0.01283	0.01579	0.01000	0.00607	0.00735	0.00198	0.05120	0.00624	0.00342	0.00825
9	0.00784	0.00580	0.00673	0.00725	0.00807	0.00533	0.00480	0.00880	0.01176	0.01508	0.05847	0.32497	0.25224	0.23789	0.01433	0.00333	0.00408	0.01340	0.00515	0.00469
10	0.11694	0.00800	0.00936	0.00851	0.01098	0.00763	0.00652	0.01634	0.03884	0.19003	0.22832	0.14849	0.14367	0.03018	0.00717	0.00212	0.00393	0.01001	0.00614	0.00682
11	0.01063	0.00532	0.00797	0.00797	0.00797	0.00532	0.00532	0.00797	0.00797	0.01063	0.01063	0.01861	0.01063	0.02127	0.02392	0.82190	0.00532	0.00532	0.00266	0.00266
12	0.00877	0.00681	0.00788	0.00826	0.00969	0.00650	0.00592	0.04641	0.06483	0.01815	0.07007	0.41327	0.27812	0.01630	0.00740	0.00226	0.00362	0.01428	0.00579	0.00568
13	0.00787	0.00562	0.00720	0.00802	0.00881	0.00520	0.00555	0.00945	0.01318	0.01795	0.18930	0.52455	0.10556	0.01688	0.00748	0.00228	0.00334	0.01512	0.04145	0.00520
14	0.00813	0.00656	0.00777	0.00869	0.03366	0.00589	0.00645	0.00998	0.01371	0.01695	0.05003	0.14861	0.46955	0.01595	0.00755	0.00228	0.00388	0.17336	0.00559	0.00540
15	0.00812	0.00560	0.00691	0.00768	0.00787	0.00541	0.00478	0.00870	0.01043	0.01391	0.02713	0.44230	0.03215	0.36913	0.01848	0.00406	0.00464	0.01352	0.00478	0.00439
16	0.12223	0.00777	0.00852	0.00750	0.01010	0.00762	0.00592	0.01863	0.01404	0.21332	0.06819	0.02216	0.01719	0.00742	0.00490	0.00164	0.00372	0.00587	0.44622	0.00706
17	0.00879	0.00595	0.00665	0.00665	0.00678	0.00588	0.00377	0.00889	0.00923	0.01218	0.02209	0.04130	0.06964	0.73438	0.02959	0.00568	0.00575	0.00917	0.00384	0.00380
18	0.00746	0.00533	0.00710	0.00852	0.00888	0.00497	0.00568	0.00852	0.01172	0.01563	0.03374	0.78088	0.04049	0.01918	0.00781	0.00249	0.00355	0.01740	0.00568	0.00497
19	0.01093	0.00777	0.00942	0.00851	0.01055	0.00752	0.00652	0.09348	0.03586	0.05043	0.50947	0.07171	0.12944	0.01226	0.00706	0.00196	0.00351	0.01063	0.00652	0.00646
20	0.00757	0.00621	0.00666	0.00655	0.00847	0.00531	0.00491	0.00943	0.01473	0.01839	0.21979	0.05586	0.58527	0.01481	0.00723	0.00203	0.00305	0.01249	0.00593	0.00531
21	0.01038	0.00784	0.00902	0.00840	0.01051	0.00779	0.00639	0.01610	0.17374	0.04141	0.38155	0.04206	0.20192	0.01191	0.00685	0.00197	0.00342	0.01022	0.04191	0.00661
22	0.01561	0.01306	0.01385	0.01241	0.01591	0.01503	0.00967	0.03244	0.71285	0.04862	0.02489	0.02277	0.01857	0.00828	0.00623	0.00207	0.00486	0.00690	0.00627	0.00971
23	0.00927	0.00592	0.00729	0.00755	0.00796	0.00572	0.00476	0.00977	0.01070	0.04335	0.07793	0.26601	0.02965	0.42242	0.02083	0.04546	0.00491	0.01138	0.00464	0.00447
24	0.00910	0.00723	0.00815	0.00807	0.00978	0.00704	0.00592	0.01335	0.13275	0.01923	0.19140	0.15653	0.29405	0.08063	0.00925	0.00245	0.00372	0.02964	0.00583	0.00590
25	0.00885	0.00614	0.00772	0.00772	0.00808	0.00650	0.00501	0.00957	0.00921	0.01264	0.01833	0.03477	0.01996	0.54102	0.27187	0.00722	0.00939	0.00813	0.00357	0.00429
26	0.01648	0.01377	0.01455	0.01271	0.01640	0.01581	0.00999	0.14111	0.62500	0.02764	0.02332	0.02156	0.01739	0.00816	0.00621	0.00204	0.00514	0.00670	0.00621	0.00980
27	0.00851	0.00680	0.00778	0.00802	0.00990	0.00628	0.00636	0.01144	0.05691	0.01840	0.13092	0.07660	0.43327	0.01517	0.00748	0.00224	0.00380	0.17870	0.00583	0.00561
28	0.00890	0.00593	0.00668	0.00668	0.00668	0.00593	0.00371	0.00890	0.00890	0.01187	0.01929	0.04006	0.02225	0.78487	0.03116	0.00593	0.00593	0.00890	0.00371	0.00371
29	0.01063	0.00532	0.00797	0.00797	0.00797	0.00532	0.00532	0.00797	0.00797	0.01063	0.01063	0.01861	0.01063	0.02127	0.02392	0.82190	0.00532	0.00532	0.00266	0.00266
30	0.24995	0.01591	0.01565	0.01707	0.17420	0.16836	0.01112	0.06744	0.03805	0.12364	0.01330	0.03226	0.01044	0.00776	0.02822	0.00207	0.00712	0.00500	0.00428	0.00819
31	0.00864	0.00615	0.00835	0.00968	0.01050	0.00598	0.00749	0.01045	0.01265	0.01666	0.03234	0.41370	0.03708	0.05991	0.00938	0.00283	0.00464	0.33280	0.00555	0.00521
32	0.01141	0.00571	0.00571	0.00571	0.00713	0.00571	0.00428	0.01426	0.01284	0.02282	0.01997	0.02282	0.01569	0.00713	0.00428	0.00143	0.00285	0.00571	0.81886	0.00571
33	0.02109	0.04018	0.07384	0.01358	0.01838	0.03228	0.01185	0.47570	0.06080	0.10301	0.01699	0.03703	0.01305	0.00803	0.00620	0.00191	0.00661	0.04395	0.00579	0.00973
34	0.02163	0.02226	0.01885	0.01834	0.12483	0.36302	0.01281	0.27776	0.02078	0.02426	0.01162	0.01303	0.00907	0.00668	0.00621	0.00174	0.02948	0.00477	0.00420	0.00867
35	0.01262	0.05513	0.09155	0.01155	0.04422	0.03188	0.00972	0.01655	0.05336	0.02044	0.15341	0.01960	0.01878	0.00680	0.00596	0.00142	0.03588	0.00548	0.00413	0.40150
36	0.01308	0.06805	0.19775	0.39094	0.08458	0.07676	0.01715	0.01742	0.01304	0.01677	0.01272	0.01624	0.03745	0.00633	0.00589	0.00191	0.00825	0.00525	0.00286	0.00759

[dist]
# distance from previous block
# <min> <max>
0	5

[block]
# block no. 3 follows, 37 sequences, length 17
# corresponding to MSA columns:
# 343-348,352-362
name=unknown_D
#
# <colnr> <probs for GDERKNQSTAVLIFYWHMCP>
#	G	D	E	R	K	N	Q	S	T	A	V	L	I	F	Y	W	H	M	C	P
0	0.01558	0.09673	0.09152	0.14949	0.09556	0.08116	0.08645	0.04845	0.04479	0.08606	0.01492	0.09388	0.01284	0.00771	0.00683	0.00195	0.04767	0.00653	0.00385	0.00800
1	0.01665	0.27225	0.05342	0.03728	0.03868	0.06472	0.18009	0.10660	0.13281	0.02075	0.01313	0.01460	0.01031	0.00609	0.00562	0.00175	0.00762	0.00527	0.00379	0.00857
2	0.01173	0.05538	0.00738	0.00601	0.00768	0.00688	0.00467	0.01452	0.01281	0.02229	0.01924	0.02200	0.01519	0.00701	0.00426	0.00142	0.00309	0.00555	0.76706	0.00584
3	0.00723	0.00620	0.00620	0.00620	0.00827	0.00517	0.00465	0.00878	0.01395	0.01654	0.06201	0.05891	0.74421	0.01550	0.00723	0.00207	0.00310	0.01292	0.00568	0.00517
4	0.01673	0.74611	0.03125	0.01077	0.01589	0.06536	0.01055	0.01867	0.01271	0.01443	0.00856	0.00989	0.00786	0.00530	0.00402	0.00132	0.00680	0.00331	0.00265	0.00781
5	0.00824	0.00566	0.00687	0.00752	0.00768	0.00549	0.00461	0.00873	0.01019	0.01359	0.02590	0.37902	0.03060	0.43453	0.02048	0.00436	0.00484	0.01279	0.00461	0.00429
6	0.01500	0.01344	0.01691	0.04562	0.15922	0.01514	0.03208	0.02838	0.52836	0.02368	0.02097	0.02066	0.01599	0.00765	0.00660	0.00204	0.02694	0.00655	0.00529	0.00946
7	0.01428	0.01597	0.03385	0.02418	0.03030	0.01477	0.65509	0.01920	0.01428	0.01964	0.01224	0.01614	0.00927	0.00510	0.00696	0.00195	0.00976	0.00688	0.00315	0.08698
8	0.00889	0.00599	0.00698	0.00698	0.00709	0.00610	0.00409	0.00910	0.00899	0.01210	0.01901	0.03851	0.02158	0.71341	0.10170	0.00631	0.00695	0.00868	0.00367	0.00388
9	0.03384	0.24036	0.02208	0.01358	0.01704	0.09240	0.07956	0.08625	0.01400	0.05877	0.01179	0.01479	0.00999	0.01383	0.14278	0.00325	0.12963	0.00502	0.00349	0.00757
10	0.00890	0.00593	0.00668	0.00668	0.00668	0.00593	0.00371	0.00890	0.00890	0.01187	0.01929	0.04006	0.02225	0.78487	0.03116	0.00593	0.00593	0.00890	0.00371	0.00371
11	0.00877	0.00635	0.00847	0.00965	0.01073	0.00612	0.00769	0.01080	0.01321	0.01722	0.05452	0.29895	0.10258	0.04435	0.00890	0.00273	0.00466	0.37340	0.00562	0.00531
12	0.00880	0.00589	0.00671	0.00680	0.00683	0.00587	0.00385	0.00888	0.00910	0.01213	0.02029	0.09130	0.02352	0.73192	0.02954	0.00570	0.00577	0.00949	0.00385	0.00380
13	0.01269	0.01088	0.01269	0.00907	0.01451	0.00816	0.00725	0.01541	0.01269	0.01995	0.01088	0.01269	0.00907	0.00453	0.00453	0.00091	0.00453	0.00363	0.00363	0.82229
14	0.07513	0.10971	0.14881	0.01370	0.01888	0.14417	0.02780	0.17284	0.04054	0.09824	0.01282	0.01362	0.00953	0.00643	0.00580	0.00173	0.02593	0.00467	0.00425	0.06541
15	0.20220	0.01967	0.03765	0.01328	0.03627	0.34515	0.01023	0.05153	0.05756	0.02033	0.06193	0.01548	0.01256	0.01055	0.07837	0.00253	0.00884	0.00485	0.00385	0.00717
16	0.01308	0.01007	0.01163	0.01078	0.01328	0.01099	0.00842	0.02263	0.36128	0.06680	0.19884	0.08533	0.05372	0.01106	0.00728	0.00214	0.03130	0.06730	0.00620	0.00788

[dist]
# distance from previous block
# <min> <max>
0	1

[block]
# block no. 4 follows, 37 sequences, length 9
# corresponding to MSA columns:
# 364-372
name=unknown_E
#
# <colnr> <probs for GDERKNQSTAVLIFYWHMCP>
#	G	D	E	R	K	N	Q	S	T	A	V	L	I	F	Y	W	H	M	C	P
0	0.01403	0.04142	0.05228	0.04941	0.02104	0.03255	0.23257	0.01877	0.07149	0.07348	0.12013	0.05746	0.01872	0.00732	0.00631	0.00179	0.00674	0.00706	0.00437	0.16308
1	0.01412	0.14985	0.47663	0.01737	0.02509	0.01576	0.13775	0.01982	0.01335	0.05824	0.01153	0.01345	0.00843	0.00571	0.00577	0.00186	0.00865	0.00486	0.00295	0.00880
2	0.01556	0.59861	0.07656	0.01194	0.01648	0.02258	0.01179	0.01774	0.01191	0.01479	0.00858	0.01067	0.00788	0.00627	0.00698	0.00160	0.14597	0.00373	0.00263	0.00772
3	0.00954	0.00681	0.00949	0.01090	0.01217	0.00677	0.00930	0.01212	0.01377	0.01796	0.03259	0.16521	0.03594	0.01722	0.00837	0.00277	0.00535	0.61254	0.00564	0.00555
4	0.01469	0.01866	0.16696	0.02949	0.42608	0.05676	0.12346	0.01907	0.01402	0.01946	0.01237	0.01712	0.01031	0.00605	0.00626	0.00191	0.00821	0.03704	0.00308	0.00902
5	0.00809	0.00623	0.00739	0.00710	0.00880	0.00553	0.00533	0.01045	0.01598	0.02136	0.47219	0.05097	0.33101	0.01370	0.00723	0.00198	0.00297	0.01181	0.00632	0.00553
6	0.01270	0.00695	0.00708	0.00662	0.00842	0.00715	0.00508	0.09163	0.01457	0.02453	0.01940	0.02194	0.01512	0.00716	0.00448	0.00147	0.00327	0.00568	0.73054	0.00622
7	0.39837	0.07679	0.24940	0.01163	0.01740	0.01449	0.01234	0.05452	0.01250	0.02385	0.00982	0.01136	0.00747	0.00568	0.00463	0.00178	0.00634	0.00384	0.00342	0.07439
8	0.01674	0.05652	0.13803	0.01571	0.08872	0.05376	0.05040	0.10596	0.08702	0.10258	0.01490	0.01705	0.01150	0.00648	0.00573	0.00168	0.00670	0.02967	0.00436	0.18649

[dist]
# distance from previous block
# <min> <max>
0	1

[block]
# block no. 5 follows, 37 sequences, length 62
# corresponding to MSA columns:
# 374-435
name=unknown_F
#
# <colnr> <probs for GDERKNQSTAVLIFYWHMCP>
#	G	D	E	R	K	N	Q	S	T	A	V	L	I	F	Y	W	H	M	C	P
0	0.01414	0.02804	0.51754	0.02076	0.14032	0.10754	0.04790	0.01993	0.01370	0.01894	0.01093	0.01318	0.00814	0.00579	0.00587	0.00188	0.00906	0.00470	0.00275	0.00888
1	0.00867	0.00685	0.00838	0.00868	0.03924	0.00630	0.00615	0.01163	0.04507	0.02108	0.39853	0.07140	0.30253	0.01345	0.00718	0.00202	0.00331	0.02758	0.00613	0.00585
2	0.01515	0.01454	0.02485	0.03757	0.74669	0.01454	0.01879	0.01879	0.01394	0.02000	0.01151	0.01515	0.00970	0.00545	0.00606	0.00182	0.00727	0.00545	0.00303	0.00970
3	0.01463	0.02976	0.01129	0.00997	0.01217	0.00728	0.03370	0.01639	0.01401	0.25880	0.06183	0.44569	0.03083	0.01412	0.00711	0.00222	0.00441	0.01262	0.00617	0.00701
4	0.00890	0.00593	0.00668	0.00668	0.00668	0.00593	0.00371	0.00890	0.00890	0.01187	0.01929	0.04006	0.02225	0.78487	0.03116	0.00593	0.00593	0.00890	0.00371	0.00371
5	0.01141	0.00571	0.00571	0.00571	0.00713	0.00571	0.00428	0.01426	0.01284	0.02282	0.01997	0.02282	0.01569	0.00713	0.00428	0.00143	0.00285	0.00571	0.81886	0.00571
6	0.01515	0.01454	0.02485	0.03757	0.74669	0.01454	0.01879	0.01879	0.01394	0.02000	0.01151	0.01515	0.00970	0.00545	0.00606	0.00182	0.00727	0.00545	0.00303	0.00970
7	0.01622	0.76233	0.05706	0.01072	0.01608	0.02387	0.01089	0.01837	0.01245	0.01457	0.00860	0.00993	0.00785	0.00526	0.00399	0.00133	0.00663	0.00332	0.00262	0.00790
8	0.21957	0.00791	0.00926	0.00895	0.01070	0.00900	0.00689	0.01302	0.01013	0.03449	0.01497	0.02216	0.01388	0.11847	0.44800	0.00697	0.01163	0.00597	0.02235	0.00568
9	0.00897	0.00658	0.00844	0.00792	0.00946	0.00621	0.00596	0.01252	0.05050	0.02460	0.71028	0.04467	0.05595	0.01232	0.00717	0.00193	0.00298	0.01088	0.00671	0.00596
10	0.01236	0.03107	0.72533	0.01777	0.02671	0.01427	0.04986	0.01939	0.01298	0.01939	0.01104	0.01306	0.00781	0.00579	0.00587	0.00194	0.00910	0.00463	0.00260	0.00902
11	0.01597	0.01646	0.02288	0.11985	0.54751	0.13401	0.01746	0.01932	0.01429	0.01868	0.01111	0.01463	0.00923	0.00567	0.00598	0.00181	0.00798	0.00521	0.00301	0.00894
12	0.02389	0.00956	0.01275	0.01005	0.01416	0.00833	0.00820	0.02630	0.01700	0.60735	0.08226	0.02470	0.05221	0.00830	0.00615	0.00187	0.00476	0.00682	0.06586	0.00947
13	0.01228	0.03166	0.75316	0.01745	0.02649	0.01422	0.02262	0.01939	0.01292	0.01939	0.01099	0.01292	0.00775	0.00582	0.00582	0.00194	0.00905	0.00452	0.00258	0.00905
14	0.06062	0.00698	0.00799	0.00761	0.00930	0.00667	0.00565	0.03978	0.01535	0.02151	0.38069	0.07359	0.21783	0.09395	0.00952	0.00242	0.00362	0.02543	0.00588	0.00562
15	0.00974	0.00696	0.00976	0.01112	0.01248	0.00699	0.00963	0.01247	0.01386	0.01808	0.03190	0.09402	0.03473	0.01800	0.03449	0.00305	0.00593	0.65563	0.00556	0.00561
16	0.00889	0.00595	0.00675	0.00672	0.00679	0.00593	0.00380	0.00902	0.00929	0.01245	0.05273	0.04032	0.02389	0.74921	0.03005	0.00575	0.00579	0.00900	0.00385	0.00380
17	0.00727	0.00620	0.00625	0.00624	0.00829	0.00518	0.00468	0.00886	0.01404	0.01675	0.08013	0.05856	0.72595	0.01542	0.00723	0.00206	0.00309	0.01287	0.00571	0.00518
18	0.00761	0.00541	0.00716	0.00849	0.00886	0.00509	0.00569	0.00866	0.01162	0.01548	0.03285	0.71723	0.03927	0.06396	0.00920	0.00270	0.00375	0.03649	0.00557	0.00492
19	0.02722	0.01081	0.01445	0.01108	0.01582	0.00958	0.00915	0.07063	0.01818	0.70920	0.02360	0.02048	0.01487	0.00756	0.00615	0.00189	0.00530	0.00612	0.00749	0.01042
20	0.01493	0.01258	0.01347	0.01220	0.01551	0.01434	0.00962	0.07307	0.59929	0.02541	0.02645	0.02783	0.04926	0.00929	0.00646	0.00213	0.00496	0.06787	0.00615	0.00920
21	0.00958	0.00636	0.00804	0.00775	0.00919	0.00582	0.00564	0.01173	0.01531	0.06882	0.44320	0.15132	0.12845	0.08974	0.00960	0.00242	0.00346	0.01166	0.00622	0.00569
22	0.02614	0.01254	0.01552	0.01190	0.01668	0.01215	0.00983	0.24946	0.02107	0.52629	0.02117	0.01890	0.01366	0.00750	0.00615	0.00188	0.00569	0.00595	0.00712	0.01042
23	0.06465	0.01056	0.01128	0.00953	0.01265	0.01124	0.00760	0.20546	0.10789	0.11224	0.03453	0.02020	0.01499	0.00742	0.00526	0.00171	0.00451	0.00583	0.34443	0.00804
24	0.00808	0.00596	0.00754	0.00838	0.00938	0.00555	0.00616	0.00971	0.01306	0.01706	0.11496	0.37813	0.18185	0.06214	0.00912	0.00261	0.00392	0.14557	0.00567	0.00515
25	0.00750	0.00543	0.00700	0.00824	0.00873	0.00503	0.00551	0.00856	0.01180	0.01555	0.03567	0.68627	0.10253	0.05007	0.00871	0.00259	0.00361	0.01666	0.00560	0.00494
26	0.00915	0.00641	0.00809	0.00757	0.00925	0.00580	0.00571	0.01180	0.01677	0.05140	0.60177	0.04696	0.17071	0.01282	0.00718	0.00195	0.00301	0.01119	0.00659	0.00585
27	0.00736	0.00616	0.00640	0.00644	0.00837	0.00521	0.00479	0.00899	0.01410	0.01712	0.11422	0.09588	0.65307	0.01546	0.00726	0.00208	0.00311	0.01301	0.00577	0.00521
28	0.00745	0.00537	0.00706	0.00842	0.00885	0.00498	0.00564	0.00854	0.01182	0.01567	0.03503	0.74791	0.07262	0.01901	0.00779	0.00247	0.00353	0.01720	0.00568	0.00498
29	0.02327	0.01715	0.01837	0.01408	0.01898	0.01898	0.01163	0.72628	0.02878	0.03858	0.01470	0.01470	0.01041	0.00735	0.00612	0.00184	0.00674	0.00551	0.00612	0.01041
30	0.00750	0.00534	0.00709	0.00847	0.00881	0.00500	0.00562	0.00853	0.01164	0.01552	0.03332	0.75922	0.03995	0.04157	0.00850	0.00259	0.00362	0.01715	0.00562	0.00494
31	0.00852	0.00651	0.00786	0.00762	0.00929	0.00599	0.00576	0.01152	0.04393	0.02175	0.46817	0.07068	0.25437	0.01359	0.00725	0.00202	0.00316	0.03994	0.00634	0.00572
32	0.01339	0.01339	0.01875	0.01607	0.01607	0.01875	0.01339	0.01473	0.00937	0.01473	0.00804	0.01339	0.00804	0.01071	0.02009	0.00268	0.77367	0.00536	0.00268	0.00670
33	0.00875	0.00654	0.00975	0.00975	0.01081	0.00760	0.00754	0.01087	0.00981	0.01414	0.01648	0.02451	0.01550	0.06708	0.73972	0.00973	0.01610	0.00663	0.00329	0.00542
34	0.00760	0.00543	0.00726	0.00868	0.00910	0.00509	0.00593	0.00877	0.01186	0.01578	0.03366	0.73918	0.04018	0.01904	0.00785	0.00251	0.00367	0.05771	0.00568	0.00501
35	0.00986	0.00705	0.00986	0.01127	0.01268	0.00705	0.00986	0.01268	0.01409	0.01832	0.03241	0.06905	0.03523	0.01691	0.00845	0.00282	0.00564	0.70549	0.00564	0.00564
36	0.01211	0.00638	0.00645	0.00620	0.00783	0.00648	0.00471	0.05597	0.01377	0.02374	0.01966	0.02235	0.01538	0.00714	0.00439	0.00145	0.00308	0.00569	0.77125	0.00598
37	0.00746	0.00533	0.00710	0.00852	0.00888	0.00497	0.00568	0.00852	0.01172	0.01563	0.03374	0.78088	0.04049	0.01918	0.00781	0.00249	0.00355	0.01740	0.00568	0.00497
38	0.02451	0.01516	0.01714	0.01314	0.01799	0.01604	0.01086	0.52100	0.02546	0.24854	0.01748	0.01651	0.01181	0.00742	0.00613	0.00185	0.00629	0.00570	0.00655	0.01041
39	0.02746	0.01042	0.01421	0.01089	0.01563	0.00900	0.00900	0.02983	0.01752	0.75093	0.02415	0.02083	0.01515	0.00758	0.00616	0.00189	0.00521	0.00616	0.00758	0.01042
40	0.02287	0.02917	0.01735	0.01577	0.01892	0.76030	0.01183	0.02444	0.01735	0.01498	0.00946	0.01104	0.00788	0.00631	0.00552	0.00158	0.01104	0.00394	0.00315	0.00710
41	0.00874	0.00656	0.00984	0.00984	0.01093	0.00765	0.00765	0.01093	0.00984	0.01421	0.01640	0.02405	0.01530	0.04591	0.76062	0.00984	0.01640	0.00656	0.00328	0.00547
42	0.02746	0.01042	0.01421	0.01089	0.01563	0.00900	0.00900	0.02983	0.01752	0.75093	0.02415	0.02083	0.01515	0.00758	0.00616	0.00189	0.00521	0.00616	0.00758	0.01042
43	0.01339	0.01339	0.01875	0.01607	0.01607	0.01875	0.01339	0.01473	0.00937	0.01473	0.00804	0.01339	0.00804	0.01071	0.02009	0.00268	0.77367	0.00536	0.00268	0.00670
44	0.00723	0.00620	0.00620	0.00620	0.00827	0.00517	0.00465	0.00878	0.01395	0.01654	0.06201	0.05891	0.74421	0.01550	0.00723	0.00207	0.00310	0.01292	0.00568	0.00517
45	0.01156	0.01088	0.01836	0.77016	0.04216	0.01360	0.01700	0.01564	0.01224	0.01564	0.01088	0.01632	0.00816	0.00612	0.00612	0.00204	0.00816	0.00544	0.00272	0.00680
46	0.01637	0.78856	0.03208	0.01047	0.01571	0.02422	0.01047	0.01833	0.01244	0.01440	0.00851	0.00982	0.00786	0.00524	0.00393	0.00131	0.00655	0.00327	0.00262	0.00786
47	0.01351	0.01373	0.02065	0.01714	0.01781	0.01839	0.09119	0.01527	0.00993	0.01527	0.00851	0.01373	0.00817	0.01011	0.01868	0.00261	0.69015	0.00556	0.00272	0.00687
48	0.01228	0.03166	0.75316	0.01745	0.02649	0.01422	0.02262	0.01939	0.01292	0.01939	0.01099	0.01292	0.00775	0.00582	0.00582	0.00194	0.00905	0.00452	0.00258	0.00905
49	0.01515	0.01454	0.02485	0.03757	0.74669	0.01454	0.01879	0.01879	0.01394	0.02000	0.01151	0.01515	0.00970	0.00545	0.00606	0.00182	0.00727	0.00545	0.00303	0.00970
50	0.00869	0.00585	0.00674	0.00694	0.00699	0.00580	0.00399	0.00885	0.00931	0.01241	0.02138	0.14715	0.02489	0.67419	0.02778	0.00544	0.00559	0.01013	0.00399	0.00389
51	0.01390	0.01563	0.03383	0.02444	0.03017	0.01465	0.66784	0.01873	0.01423	0.01929	0.01407	0.07672	0.01175	0.00626	0.00727	0.00210	0.00979	0.00803	0.00330	0.00800
52	0.01245	0.03047	0.69668	0.01810	0.02693	0.01432	0.07790	0.01940	0.01304	0.01940	0.01110	0.01321	0.00788	0.00576	0.00593	0.00195	0.00915	0.00474	0.00263	0.00898
53	0.00763	0.00540	0.00705	0.00830	0.00862	0.00509	0.00545	0.00857	0.01138	0.01518	0.03201	0.69225	0.03830	0.11078	0.01061	0.00290	0.00384	0.01638	0.00545	0.00482
54	0.01436	0.01713	0.06542	0.02546	0.03177	0.01543	0.69578	0.01960	0.01439	0.01960	0.01233	0.01637	0.00923	0.00519	0.00717	0.00206	0.01027	0.00711	0.00308	0.00829
55	0.01311	0.18530	0.60679	0.01603	0.02430	0.01625	0.02015	0.01917	0.01283	0.01837	0.01048	0.01229	0.00777	0.00570	0.00543	0.00181	0.00854	0.00427	0.00259	0.00880
56	0.00739	0.00558	0.00684	0.00785	0.00870	0.00503	0.00538	0.00860	0.01237	0.01589	0.04200	0.57000	0.24603	0.01810	0.00764	0.00236	0.00342	0.01609	0.00568	0.00503
57	0.01441	0.01640	0.03547	0.02544	0.03140	0.01560	0.69796	0.01943	0.01426	0.01943	0.01222	0.01640	0.00924	0.00537	0.00770	0.00209	0.03877	0.00715	0.00308	0.00820
58	0.01303	0.01282	0.01209	0.01171	0.01355	0.19723	0.00915	0.03202	0.04235	0.01595	0.01696	0.02614	0.01595	0.02991	0.42861	0.00638	0.01301	0.09322	0.00373	0.00618
59	0.00745	0.00536	0.00707	0.00843	0.00885	0.00498	0.00564	0.00853	0.01181	0.01566	0.03489	0.75145	0.06917	0.01903	0.00779	0.00247	0.00353	0.01722	0.00568	0.00498
60	0.01767	0.01868	0.02177	0.01734	0.02154	0.21256	0.21324	0.09776	0.19955	0.02165	0.01475	0.01616	0.01135	0.00676	0.00697	0.00190	0.04863	0.00586	0.00422	0.04164
61	0.01566	0.48745	0.25470	0.01310	0.01934	0.08517	0.01436	0.01919	0.01302	0.01600	0.00936	0.01089	0.00783	0.00551	0.00465	0.00153	0.00771	0.00372	0.00265	0.00816

[dist]
# distance from previous block
# <min> <max>
0	24

# created by:
# /home/cegg/simao/soft/augustus-3.2.1/scripts/msa2prfl.pl ./align_prep/EOG090W0864.fa
