[name]
unknown

[dist]
# distance from previous block
# <min> <max>
5	133

[block]
# block no. 0 follows, 33 sequences, length 11
# corresponding to MSA columns:
# 142-152
name=unknown_A
#
# <colnr> <probs for GDERKNQSTAVLIFYWHMCP>
#	G	D	E	R	K	N	Q	S	T	A	V	L	I	F	Y	W	H	M	C	P
0	0.01425	0.08793	0.22635	0.01726	0.06155	0.03757	0.10460	0.06640	0.06486	0.02163	0.04926	0.14067	0.03916	0.00969	0.00687	0.00215	0.00761	0.02928	0.00436	0.00854
1	0.05316	0.14358	0.17505	0.04589	0.14696	0.06683	0.03219	0.06691	0.01550	0.03641	0.02744	0.04830	0.01334	0.00780	0.00663	0.00199	0.03018	0.04618	0.00382	0.03184
2	0.04484	0.12793	0.23847	0.01742	0.03823	0.09709	0.13243	0.04308	0.05836	0.02149	0.07104	0.01740	0.01395	0.00684	0.00622	0.00192	0.00850	0.00580	0.00378	0.04521
3	0.04126	0.08878	0.13384	0.01673	0.10768	0.15924	0.01333	0.01997	0.06275	0.02020	0.08455	0.04059	0.05716	0.01053	0.04039	0.00234	0.00804	0.04011	0.00421	0.04830
4	0.03863	0.01913	0.28799	0.01399	0.01982	0.01162	0.05176	0.01913	0.05699	0.07157	0.14972	0.02642	0.08027	0.01058	0.04065	0.00240	0.00727	0.00733	0.00470	0.08002
5	0.01241	0.08801	0.01576	0.01197	0.03547	0.01056	0.05653	0.01497	0.01459	0.03978	0.16308	0.18186	0.06052	0.01108	0.00748	0.00190	0.04593	0.00957	0.00503	0.21350
6	0.01076	0.01093	0.08460	0.01040	0.01385	0.00777	0.00881	0.01346	0.01375	0.01971	0.07387	0.31259	0.04990	0.01288	0.00693	0.00199	0.00486	0.05122	0.00507	0.28664
7	0.01328	0.01133	0.01436	0.01309	0.09203	0.00917	0.00918	0.01634	0.01441	0.02185	0.08652	0.02177	0.01714	0.00678	0.00564	0.00134	0.00509	0.05185	0.00432	0.58450
8	0.01828	0.01772	0.17629	0.06572	0.04981	0.01337	0.01390	0.10456	0.10903	0.16600	0.01864	0.01893	0.03258	0.00722	0.00624	0.00188	0.00677	0.00586	0.00515	0.16205
9	0.01654	0.01587	0.09381	0.02288	0.24925	0.01415	0.06591	0.10359	0.10364	0.07427	0.12878	0.02410	0.04129	0.00817	0.00685	0.00206	0.00684	0.00734	0.00508	0.00958
10	0.01261	0.01170	0.01952	0.58422	0.12994	0.01389	0.01729	0.01681	0.01396	0.01841	0.08494	0.02064	0.01447	0.00720	0.00669	0.00215	0.00807	0.00647	0.00341	0.00760

[dist]
# distance from previous block
# <min> <max>
0	1

[block]
# block no. 1 follows, 33 sequences, length 7
# corresponding to MSA columns:
# 154-160
name=unknown_B
#
# <colnr> <probs for GDERKNQSTAVLIFYWHMCP>
#	G	D	E	R	K	N	Q	S	T	A	V	L	I	F	Y	W	H	M	C	P
0	0.01878	0.01403	0.01512	0.01240	0.01631	0.01498	0.00993	0.45222	0.02483	0.03273	0.03024	0.12729	0.17940	0.01163	0.00710	0.00213	0.00589	0.00947	0.00641	0.00912
1	0.01533	0.42539	0.20184	0.01297	0.01873	0.01971	0.01370	0.05405	0.01430	0.01838	0.01461	0.13536	0.01432	0.00836	0.00553	0.00181	0.00719	0.00647	0.00354	0.00840
2	0.01486	0.31241	0.47069	0.01594	0.02412	0.01934	0.01940	0.02042	0.01370	0.01883	0.01081	0.01264	0.00838	0.00602	0.00549	0.00183	0.00872	0.00436	0.00279	0.00925
3	0.01455	0.01189	0.01346	0.01072	0.01520	0.01096	0.00845	0.11095	0.13173	0.02521	0.09419	0.06320	0.05731	0.00835	0.00606	0.00159	0.00492	0.00694	0.00531	0.39901
4	0.01645	0.01012	0.01197	0.00999	0.01351	0.00938	0.00788	0.13010	0.01883	0.18441	0.15889	0.08422	0.20629	0.01170	0.00704	0.00201	0.00465	0.00981	0.00661	0.09614
5	0.01361	0.01115	0.03383	0.01041	0.01466	0.00947	0.00851	0.05370	0.05353	0.05616	0.12553	0.02376	0.04152	0.01443	0.12679	0.00296	0.00697	0.00641	0.00489	0.38170
6	0.01562	0.01828	0.14098	0.06574	0.48626	0.01564	0.01948	0.02214	0.10887	0.02200	0.01419	0.01707	0.01131	0.00637	0.00650	0.00202	0.00783	0.00591	0.00363	0.01017

[dist]
# distance from previous block
# <min> <max>
0	1

[block]
# block no. 2 follows, 33 sequences, length 81
# corresponding to MSA columns:
# 162-205,207-243
name=unknown_C
#
# <colnr> <probs for GDERKNQSTAVLIFYWHMCP>
#	G	D	E	R	K	N	Q	S	T	A	V	L	I	F	Y	W	H	M	C	P
0	0.01426	0.09264	0.14797	0.07096	0.06882	0.01347	0.01293	0.08999	0.06354	0.04361	0.20724	0.02837	0.07973	0.00928	0.00665	0.00199	0.00619	0.00775	0.00511	0.02949
1	0.01617	0.01552	0.02650	0.06318	0.70576	0.01561	0.02014	0.02010	0.01493	0.02136	0.01236	0.01633	0.01038	0.00589	0.00652	0.00196	0.00785	0.00587	0.00325	0.01033
2	0.04310	0.00599	0.00862	0.00858	0.00874	0.00607	0.00577	0.00900	0.00868	0.01215	0.01135	0.01964	0.01127	0.02221	0.02488	0.77669	0.00569	0.00563	0.00291	0.00303
3	0.00949	0.00784	0.00847	0.00811	0.01040	0.00740	0.00614	0.01414	0.12458	0.02142	0.22276	0.05384	0.45200	0.01468	0.00761	0.00219	0.00357	0.01240	0.00648	0.00647
4	0.02459	0.03138	0.01866	0.01696	0.02035	0.74221	0.01272	0.02629	0.01866	0.01611	0.01018	0.01187	0.00848	0.00678	0.00594	0.00170	0.01187	0.00424	0.00339	0.00763
5	0.01493	0.01425	0.02425	0.29264	0.48603	0.01528	0.01952	0.01901	0.01434	0.01985	0.01214	0.01674	0.00984	0.00612	0.00654	0.00204	0.00816	0.00586	0.00314	0.00933
6	0.01562	0.04749	0.03867	0.02710	0.03372	0.01702	0.67639	0.02103	0.01545	0.02087	0.01315	0.01747	0.00993	0.00555	0.00763	0.00219	0.01094	0.00760	0.00331	0.00886
7	0.01243	0.01170	0.01975	0.75282	0.04534	0.01463	0.01828	0.01682	0.01316	0.01682	0.01170	0.01755	0.00878	0.00658	0.00658	0.00219	0.00878	0.00585	0.00293	0.00731
8	0.00920	0.00672	0.00863	0.00815	0.00976	0.00616	0.00612	0.01219	0.01835	0.02571	0.67186	0.05030	0.11479	0.01371	0.00777	0.00208	0.00312	0.01206	0.00716	0.00616
9	0.00809	0.00578	0.00772	0.00925	0.00966	0.00541	0.00624	0.00929	0.01268	0.01689	0.03624	0.74512	0.04338	0.02056	0.00842	0.00268	0.00388	0.03723	0.00611	0.00537
10	0.00992	0.00689	0.00885	0.00827	0.01001	0.00628	0.00623	0.01288	0.01834	0.05116	0.64320	0.04941	0.11660	0.01354	0.00772	0.00208	0.00322	0.01188	0.00718	0.00634
11	0.00934	0.00628	0.00725	0.00748	0.00754	0.00623	0.00431	0.00951	0.01003	0.01338	0.02310	0.15237	0.02690	0.65530	0.02970	0.00582	0.00599	0.01096	0.00431	0.00419
12	0.07509	0.01153	0.01437	0.01126	0.01589	0.01081	0.00924	0.10720	0.01918	0.52509	0.02323	0.02118	0.01521	0.00794	0.00622	0.00197	0.00546	0.00630	0.10249	0.01035
13	0.07954	0.01345	0.01575	0.01264	0.01729	0.01379	0.01034	0.20823	0.12830	0.35256	0.02223	0.02164	0.01547	0.00959	0.02907	0.00234	0.00632	0.02393	0.00704	0.01050
14	0.01305	0.01203	0.01975	0.71680	0.04412	0.01491	0.01800	0.05045	0.01403	0.01802	0.01190	0.01747	0.00889	0.00665	0.00658	0.00218	0.00870	0.00585	0.00310	0.00750
15	0.81514	0.01273	0.00968	0.00866	0.01273	0.01477	0.00713	0.01935	0.01120	0.02954	0.00917	0.01069	0.00713	0.00611	0.00407	0.00204	0.00509	0.00356	0.00407	0.00713
16	0.00850	0.00730	0.00736	0.00723	0.00958	0.00647	0.00546	0.01159	0.07389	0.01860	0.06334	0.06010	0.66567	0.01602	0.00769	0.00222	0.00349	0.01335	0.00616	0.00597
17	0.02308	0.02255	0.01820	0.01532	0.01954	0.30444	0.01205	0.32305	0.11649	0.02876	0.01688	0.01713	0.03708	0.00791	0.00639	0.00191	0.00866	0.00575	0.00532	0.00948
18	0.01396	0.01398	0.02187	0.01797	0.01917	0.01791	0.12980	0.01606	0.01100	0.01650	0.01079	0.01754	0.01035	0.06109	0.06728	0.00350	0.53453	0.00643	0.00307	0.00719
19	0.01243	0.01170	0.01975	0.75282	0.04534	0.01463	0.01828	0.01682	0.01316	0.01682	0.01170	0.01755	0.00878	0.00658	0.00658	0.00219	0.00878	0.00585	0.00293	0.00731
20	0.01751	0.63391	0.03179	0.01236	0.01712	0.06022	0.01176	0.01951	0.01319	0.01557	0.00913	0.01114	0.00848	0.00648	0.00666	0.00162	0.10861	0.00386	0.00285	0.00824
21	0.01243	0.01170	0.01975	0.75282	0.04534	0.01463	0.01828	0.01682	0.01316	0.01682	0.01170	0.01755	0.00878	0.00658	0.00658	0.00219	0.00878	0.00585	0.00293	0.00731
22	0.01440	0.01440	0.02016	0.01728	0.01728	0.02016	0.01440	0.01584	0.01008	0.01584	0.00864	0.01440	0.00864	0.01152	0.02160	0.00288	0.75659	0.00576	0.00288	0.00720
23	0.00802	0.00573	0.00764	0.00917	0.00955	0.00535	0.00611	0.00917	0.01260	0.01681	0.03628	0.76434	0.04354	0.02062	0.00840	0.00267	0.00382	0.01872	0.00611	0.00535
24	0.01054	0.00753	0.01053	0.01204	0.01353	0.00752	0.01048	0.01352	0.01508	0.01962	0.03490	0.09342	0.03804	0.01825	0.00907	0.00302	0.00600	0.66481	0.00606	0.00604
25	0.01676	0.06104	0.27956	0.10010	0.20271	0.13592	0.03904	0.02160	0.01512	0.05023	0.01220	0.01486	0.00933	0.00631	0.00626	0.00197	0.00924	0.00521	0.00327	0.00928
26	0.01794	0.73651	0.03373	0.01154	0.01706	0.06092	0.01134	0.02003	0.01363	0.01552	0.00920	0.01062	0.00845	0.00569	0.00431	0.00142	0.00728	0.00356	0.00284	0.00841
27	0.00794	0.00603	0.00733	0.00837	0.00934	0.00541	0.00576	0.00926	0.01337	0.01712	0.04598	0.54074	0.26088	0.01936	0.00820	0.00253	0.00366	0.01718	0.00611	0.00541
28	0.01555	0.01489	0.02539	0.17674	0.59702	0.01545	0.01984	0.01956	0.01464	0.02061	0.01225	0.01653	0.01011	0.00600	0.00653	0.00200	0.00800	0.00586	0.00319	0.00983
29	0.01726	0.01463	0.01817	0.06460	0.16923	0.01630	0.01310	0.14859	0.34705	0.02750	0.02137	0.02164	0.03400	0.00817	0.00689	0.00212	0.02135	0.00684	0.03116	0.01004
30	0.00804	0.00595	0.00752	0.00867	0.00944	0.00543	0.00592	0.00938	0.01333	0.01745	0.07528	0.60262	0.16780	0.01956	0.00826	0.00256	0.00370	0.01751	0.00617	0.00543
31	0.01023	0.00731	0.01018	0.01170	0.01305	0.00726	0.00996	0.01299	0.01479	0.01928	0.03506	0.17396	0.03870	0.01854	0.00899	0.00298	0.00574	0.58725	0.00607	0.00596
32	0.01365	0.01170	0.01365	0.00975	0.01560	0.00878	0.00780	0.01658	0.01365	0.02145	0.01170	0.01365	0.00975	0.00488	0.00488	0.00098	0.00488	0.00390	0.00390	0.80888
33	0.01440	0.01440	0.02016	0.01728	0.01728	0.02016	0.01440	0.01584	0.01008	0.01584	0.00864	0.01440	0.00864	0.01152	0.02160	0.00288	0.75659	0.00576	0.00288	0.00720
34	0.01781	0.01474	0.01912	0.01592	0.01755	0.01888	0.01321	0.17452	0.01563	0.07272	0.01206	0.01573	0.01012	0.01029	0.01638	0.00256	0.49983	0.00588	0.03870	0.00835
35	0.01421	0.01352	0.02296	0.42423	0.36001	0.01509	0.01917	0.01838	0.01401	0.01898	0.01202	0.01697	0.00954	0.00625	0.00655	0.00208	0.00834	0.00586	0.00308	0.00875
36	0.04058	0.12998	0.01787	0.01121	0.01664	0.01398	0.00938	0.11785	0.07555	0.09237	0.01446	0.01515	0.01118	0.00611	0.00532	0.00142	0.00565	0.00468	0.00476	0.40584
37	0.01351	0.08627	0.68503	0.01823	0.02767	0.01605	0.02340	0.02077	0.01386	0.02047	0.01163	0.01366	0.00835	0.00621	0.00611	0.00204	0.00954	0.00477	0.00278	0.00964
38	0.02309	0.01970	0.01774	0.01424	0.01890	0.19426	0.01139	0.38060	0.02424	0.07046	0.01483	0.01545	0.01097	0.00727	0.00611	0.00177	0.00777	0.00532	0.05100	0.10488
39	0.01629	0.01564	0.02672	0.04041	0.72757	0.01564	0.02020	0.02020	0.01499	0.02151	0.01238	0.01629	0.01043	0.00587	0.00652	0.00196	0.00782	0.00587	0.00326	0.01043
40	0.00986	0.00727	0.00961	0.01082	0.01240	0.00701	0.00916	0.01248	0.01495	0.01911	0.04139	0.11977	0.17715	0.01805	0.00878	0.00284	0.00536	0.50201	0.00608	0.00591
41	0.01487	0.03134	0.61216	0.01864	0.02765	0.01602	0.04952	0.11184	0.01623	0.02360	0.01240	0.01430	0.00878	0.00645	0.00636	0.00208	0.00945	0.00512	0.00331	0.00989
42	0.01271	0.01198	0.02024	0.70244	0.09358	0.01470	0.01842	0.01706	0.01329	0.01715	0.01175	0.01746	0.00889	0.00653	0.00658	0.00218	0.00871	0.00585	0.00295	0.00753
43	0.01825	0.01438	0.01920	0.17421	0.11626	0.01592	0.03569	0.26164	0.11241	0.04301	0.01557	0.01811	0.01187	0.00920	0.00891	0.09795	0.00728	0.00615	0.00488	0.00910
44	0.01569	0.11794	0.17765	0.05379	0.46596	0.01689	0.01986	0.02017	0.01449	0.02044	0.01182	0.01508	0.00968	0.00594	0.00617	0.00192	0.00815	0.00535	0.00309	0.00993
45	0.01930	0.04167	0.01883	0.04475	0.02017	0.23625	0.03722	0.09478	0.27067	0.02292	0.01669	0.01759	0.01304	0.00822	0.00840	0.00211	0.10765	0.00594	0.00480	0.00899
46	0.00802	0.00573	0.00764	0.00917	0.00955	0.00535	0.00611	0.00917	0.01260	0.01681	0.03628	0.76434	0.04354	0.02062	0.00840	0.00267	0.00382	0.01872	0.00611	0.00535
47	0.01909	0.01309	0.01880	0.01480	0.01878	0.01321	0.14117	0.20855	0.04432	0.16940	0.02067	0.09799	0.01769	0.11949	0.04923	0.00319	0.00764	0.00835	0.00571	0.00883
48	0.00938	0.00694	0.00877	0.00828	0.00996	0.00645	0.00622	0.01280	0.03896	0.02560	0.63950	0.04982	0.12530	0.01364	0.00773	0.00209	0.00319	0.01197	0.00712	0.00627
49	0.00864	0.00667	0.00788	0.00764	0.00943	0.00591	0.00571	0.01108	0.01693	0.02250	0.42831	0.07840	0.33709	0.01503	0.00779	0.00215	0.00322	0.01295	0.00674	0.00591
50	0.02459	0.03138	0.01866	0.01696	0.02035	0.74221	0.01272	0.02629	0.01866	0.01611	0.01018	0.01187	0.00848	0.00678	0.00594	0.00170	0.01187	0.00424	0.00339	0.00763
51	0.01333	0.05597	0.71376	0.01854	0.02815	0.01561	0.02394	0.02081	0.01388	0.02069	0.01174	0.01380	0.00834	0.00624	0.00619	0.00206	0.00965	0.00482	0.00278	0.00969
52	0.00921	0.00691	0.00879	0.00979	0.01128	0.00649	0.00789	0.01147	0.01475	0.01885	0.07405	0.20943	0.23815	0.01804	0.00852	0.00268	0.00470	0.32708	0.00614	0.00578
53	0.06912	0.00788	0.00780	0.00725	0.00935	0.00822	0.00560	0.08768	0.01542	0.02666	0.02003	0.02267	0.01561	0.00759	0.00477	0.00161	0.00364	0.00594	0.66642	0.00673
54	0.01469	0.05807	0.62371	0.01879	0.05193	0.01560	0.02257	0.04606	0.01478	0.05606	0.01257	0.01435	0.00891	0.00637	0.00622	0.00205	0.00928	0.00498	0.00320	0.00983
55	0.01152	0.00827	0.01114	0.01214	0.01391	0.00838	0.01052	0.06017	0.01639	0.02150	0.06722	0.06910	0.03727	0.01726	0.00886	0.00291	0.00600	0.60488	0.00616	0.00641
56	0.01613	0.01547	0.02642	0.07113	0.69815	0.01560	0.02012	0.02006	0.01491	0.02131	0.01235	0.01635	0.01036	0.00590	0.00652	0.00197	0.00786	0.00587	0.00324	0.01029
57	0.02135	0.02598	0.01914	0.01706	0.01938	0.51253	0.01326	0.02297	0.01593	0.01603	0.00969	0.01268	0.00853	0.00829	0.01092	0.00207	0.24876	0.00472	0.00323	0.00750
58	0.01227	0.00614	0.00614	0.00614	0.00767	0.00614	0.00460	0.01534	0.01381	0.02454	0.02148	0.02454	0.01687	0.00767	0.00460	0.00153	0.00307	0.00614	0.80518	0.00614
59	0.02437	0.03052	0.01858	0.01681	0.02026	0.70142	0.01265	0.04537	0.03895	0.01714	0.01081	0.01234	0.00889	0.00688	0.00598	0.00172	0.01155	0.00438	0.00358	0.00781
60	0.01629	0.01564	0.02672	0.04041	0.72757	0.01564	0.02020	0.02020	0.01499	0.02151	0.01238	0.01629	0.01043	0.00587	0.00652	0.00196	0.00782	0.00587	0.00326	0.01043
61	0.02289	0.01090	0.01337	0.01078	0.01477	0.01046	0.00872	0.12122	0.05388	0.39011	0.07671	0.02410	0.01939	0.00845	0.00626	0.00193	0.00506	0.00686	0.18448	0.00966
62	0.00849	0.00664	0.00773	0.00789	0.00963	0.00588	0.00594	0.01062	0.01579	0.02037	0.25552	0.14803	0.38889	0.01633	0.00796	0.00230	0.00354	0.06624	0.00645	0.00576
63	0.00864	0.00612	0.00806	0.00923	0.00971	0.00595	0.00635	0.00986	0.01221	0.01631	0.03223	0.52204	0.03779	0.14876	0.06348	0.00388	0.00543	0.08316	0.00557	0.00523
64	0.00949	0.00637	0.00734	0.00751	0.00759	0.00634	0.00439	0.00968	0.01001	0.01333	0.02246	0.10100	0.02597	0.68340	0.03067	0.00597	0.00617	0.03390	0.00423	0.00417
65	0.01320	0.03405	0.73453	0.01876	0.02849	0.01529	0.02432	0.02085	0.01390	0.02085	0.01181	0.01390	0.00834	0.00625	0.00625	0.00208	0.00973	0.00486	0.00278	0.00973
66	0.73854	0.01258	0.01022	0.00896	0.01313	0.01427	0.00738	0.02059	0.01195	0.09804	0.01081	0.01184	0.00802	0.00631	0.00432	0.00204	0.00514	0.00386	0.00447	0.00753
67	0.01243	0.01170	0.01975	0.75282	0.04534	0.01463	0.01828	0.01682	0.01316	0.01682	0.01170	0.01755	0.00878	0.00658	0.00658	0.00219	0.00878	0.00585	0.00293	0.00731
68	0.01315	0.01216	0.01995	0.29994	0.27988	0.01359	0.01642	0.01658	0.01357	0.01851	0.01658	0.14430	0.01610	0.00939	0.00798	0.00226	0.05923	0.02871	0.00367	0.00805
69	0.01592	0.01517	0.02560	0.03794	0.65971	0.01542	0.01945	0.01967	0.01479	0.02117	0.01339	0.01924	0.01178	0.00675	0.00730	0.00205	0.04002	0.04119	0.00339	0.01006
70	0.01322	0.01283	0.02291	0.48295	0.14249	0.01447	0.12279	0.01753	0.01382	0.01823	0.01377	0.05514	0.01156	0.00727	0.00690	0.00220	0.00869	0.02207	0.00326	0.00789
71	0.01760	0.77260	0.03450	0.01126	0.01690	0.02605	0.01126	0.01971	0.01338	0.01549	0.00915	0.01056	0.00845	0.00563	0.00422	0.00141	0.00704	0.00352	0.00282	0.00845
72	0.00809	0.00578	0.00772	0.00925	0.00966	0.00541	0.00624	0.00929	0.01268	0.01689	0.03624	0.74497	0.04338	0.02056	0.00842	0.00268	0.00388	0.03737	0.00611	0.00537
73	0.00940	0.00705	0.01058	0.01058	0.01176	0.00823	0.00823	0.01176	0.01058	0.01528	0.01763	0.02586	0.01646	0.04937	0.74255	0.01058	0.01763	0.00705	0.00353	0.00588
74	0.01105	0.00741	0.01027	0.01148	0.01298	0.00726	0.00966	0.01373	0.01500	0.05409	0.05573	0.18935	0.03855	0.01797	0.00881	0.00289	0.00556	0.51580	0.00621	0.00619
75	0.01144	0.00572	0.00858	0.00858	0.00858	0.00572	0.00572	0.00858	0.00858	0.01144	0.01144	0.02001	0.01144	0.02287	0.02573	0.80846	0.00572	0.00572	0.00286	0.00286
76	0.00845	0.00631	0.00777	0.00848	0.00960	0.00577	0.00605	0.01012	0.01421	0.01858	0.15295	0.37297	0.22286	0.06174	0.00965	0.00270	0.00390	0.06620	0.00617	0.00552
77	0.02616	0.01609	0.01824	0.01404	0.01921	0.01700	0.01158	0.47910	0.04694	0.25357	0.01925	0.01809	0.01302	0.00801	0.00660	0.00200	0.00668	0.00618	0.00707	0.01118
78	0.02426	0.03082	0.01871	0.01697	0.02025	0.71865	0.01277	0.02595	0.01838	0.01610	0.01013	0.01195	0.00849	0.00694	0.00645	0.00173	0.03617	0.00429	0.00338	0.00762
79	0.01246	0.00786	0.00971	0.00891	0.01121	0.00729	0.00679	0.01620	0.06899	0.12945	0.38953	0.09565	0.18328	0.01347	0.00756	0.00215	0.00373	0.01166	0.00704	0.00708
80	0.05542	0.01266	0.01499	0.01106	0.01660	0.01085	0.03217	0.09564	0.03594	0.04925	0.02864	0.01528	0.01146	0.00572	0.00530	0.00128	0.00536	0.00462	0.00449	0.58325

[dist]
# distance from previous block
# <min> <max>
0	2

[block]
# block no. 3 follows, 33 sequences, length 155
# corresponding to MSA columns:
# 246-400
name=unknown_D
#
# <colnr> <probs for GDERKNQSTAVLIFYWHMCP>
#	G	D	E	R	K	N	Q	S	T	A	V	L	I	F	Y	W	H	M	C	P
0	0.01911	0.10914	0.04582	0.01579	0.03951	0.26151	0.05375	0.06863	0.12853	0.04031	0.07806	0.01929	0.01616	0.03197	0.00783	0.00207	0.04351	0.00605	0.00450	0.00847
1	0.81514	0.01273	0.00968	0.00866	0.01273	0.01477	0.00713	0.01935	0.01120	0.02954	0.00917	0.01069	0.00713	0.00611	0.00407	0.00204	0.00509	0.00356	0.00407	0.00713
2	0.01365	0.01170	0.01365	0.00975	0.01560	0.00878	0.00780	0.01658	0.01365	0.02145	0.01170	0.01365	0.00975	0.00488	0.00488	0.00098	0.00488	0.00390	0.00390	0.80888
3	0.02316	0.01678	0.01791	0.01397	0.01873	0.01852	0.01146	0.59824	0.05121	0.03894	0.01687	0.01717	0.01219	0.00791	0.00634	0.00193	0.00666	0.00600	0.10547	0.01054
4	0.02290	0.00971	0.01289	0.01039	0.01437	0.00849	0.00839	0.02552	0.01832	0.49992	0.17942	0.03133	0.07929	0.00991	0.00688	0.00204	0.00480	0.00829	0.03762	0.00951
5	0.01629	0.01564	0.02672	0.04041	0.72757	0.01564	0.02020	0.02020	0.01499	0.02151	0.01238	0.01629	0.01043	0.00587	0.00652	0.00196	0.00782	0.00587	0.00326	0.01043
6	0.00957	0.00638	0.00718	0.00718	0.00718	0.00638	0.00399	0.00957	0.00957	0.01276	0.02074	0.04308	0.02393	0.76864	0.03351	0.00638	0.00638	0.00957	0.00399	0.00399
7	0.00811	0.00577	0.00761	0.00906	0.00942	0.00541	0.00599	0.00919	0.01243	0.01658	0.03541	0.72396	0.04244	0.06250	0.00981	0.00288	0.00396	0.01820	0.00599	0.00527
8	0.00901	0.00672	0.00837	0.00796	0.00965	0.00608	0.00597	0.01182	0.01790	0.02467	0.59182	0.05203	0.19547	0.01411	0.00777	0.00210	0.00315	0.01231	0.00702	0.00608
9	0.01361	0.03119	0.61244	0.02034	0.02953	0.01553	0.14355	0.02089	0.01419	0.02089	0.01208	0.01458	0.00863	0.00613	0.00652	0.00211	0.00997	0.00537	0.00288	0.00958
10	0.02470	0.02814	0.01893	0.01651	0.02037	0.56191	0.01267	0.19598	0.02173	0.02245	0.01158	0.01285	0.00916	0.00706	0.00610	0.00177	0.01072	0.00466	0.00419	0.00852
11	0.04621	0.00697	0.00757	0.00734	0.00941	0.00622	0.00553	0.01097	0.01612	0.02141	0.29862	0.05582	0.45468	0.01503	0.00760	0.00216	0.00334	0.01270	0.00642	0.00586
12	0.01141	0.01004	0.01334	0.01237	0.01315	0.03427	0.00973	0.01317	0.01073	0.01530	0.01679	0.02518	0.04183	0.11577	0.38295	0.00707	0.25022	0.00710	0.00347	0.00613
13	0.01637	0.01414	0.01489	0.01340	0.01712	0.01637	0.01042	0.03498	0.71568	0.02754	0.02679	0.02456	0.02010	0.00893	0.00670	0.00223	0.00521	0.00744	0.00670	0.01042
14	0.01061	0.00758	0.01061	0.01212	0.01364	0.00758	0.01061	0.01364	0.01515	0.01970	0.03486	0.07426	0.03789	0.01819	0.00909	0.00303	0.00606	0.68326	0.00606	0.00606
15	0.42178	0.01329	0.03439	0.01166	0.01650	0.01320	0.06045	0.04301	0.01496	0.28833	0.01593	0.01577	0.01087	0.00687	0.00542	0.00205	0.00591	0.00511	0.00556	0.00895
16	0.01320	0.03405	0.73453	0.01876	0.02849	0.01529	0.02432	0.02085	0.01390	0.02085	0.01181	0.01390	0.00834	0.00625	0.00625	0.00208	0.00973	0.00486	0.00278	0.00973
17	0.00818	0.00587	0.00780	0.00929	0.00979	0.00549	0.00637	0.00946	0.01283	0.01702	0.03703	0.70134	0.06183	0.02036	0.00843	0.00268	0.00395	0.06078	0.00611	0.00540
18	0.01601	0.01535	0.02620	0.09334	0.67689	0.01557	0.02006	0.01995	0.01485	0.02116	0.01233	0.01639	0.01031	0.00592	0.00652	0.00197	0.00789	0.00586	0.00323	0.01020
19	0.00924	0.00659	0.00898	0.01046	0.01134	0.00639	0.00810	0.01122	0.01368	0.01801	0.03518	0.42898	0.04039	0.04141	0.00945	0.00294	0.00492	0.32108	0.00603	0.00563
20	0.01637	0.01414	0.01489	0.01340	0.01712	0.01637	0.01042	0.03498	0.71568	0.02754	0.02679	0.02456	0.02010	0.00893	0.00670	0.00223	0.00521	0.00744	0.00670	0.01042
21	0.81514	0.01273	0.00968	0.00866	0.01273	0.01477	0.00713	0.01935	0.01120	0.02954	0.00917	0.01069	0.00713	0.00611	0.00407	0.00204	0.00509	0.00356	0.00407	0.00713
22	0.02459	0.03138	0.01866	0.01696	0.02035	0.74221	0.01272	0.02629	0.01866	0.01611	0.01018	0.01187	0.00848	0.00678	0.00594	0.00170	0.01187	0.00424	0.00339	0.00763
23	0.01227	0.00614	0.00614	0.00614	0.00767	0.00614	0.00460	0.01534	0.01381	0.02454	0.02148	0.02454	0.01687	0.00767	0.00460	0.00153	0.00307	0.00614	0.80518	0.00614
24	0.00807	0.00575	0.00762	0.00910	0.00947	0.00538	0.00604	0.00918	0.01251	0.01668	0.03579	0.74146	0.04292	0.04436	0.00920	0.00279	0.00390	0.01843	0.00604	0.00530
25	0.01454	0.01385	0.02354	0.36481	0.41691	0.01518	0.01933	0.01866	0.01416	0.01937	0.01207	0.01687	0.00968	0.00619	0.00655	0.00206	0.00826	0.00586	0.00311	0.00901
26	0.81514	0.01273	0.00968	0.00866	0.01273	0.01477	0.00713	0.01935	0.01120	0.02954	0.00917	0.01069	0.00713	0.00611	0.00407	0.00204	0.00509	0.00356	0.00407	0.00713
27	0.02529	0.01802	0.01950	0.01495	0.02021	0.01979	0.01235	0.66635	0.03025	0.08175	0.01640	0.01619	0.01149	0.00792	0.00659	0.00198	0.00715	0.00597	0.00668	0.01120
28	0.01243	0.01170	0.01975	0.75282	0.04534	0.01463	0.01828	0.01682	0.01316	0.01682	0.01170	0.01755	0.00878	0.00658	0.00658	0.00219	0.00878	0.00585	0.00293	0.00731
29	0.01365	0.01170	0.01365	0.00975	0.01560	0.00878	0.00780	0.01658	0.01365	0.02145	0.01170	0.01365	0.00975	0.00488	0.00488	0.00098	0.00488	0.00390	0.00390	0.80888
30	0.00810	0.00589	0.00764	0.00887	0.00951	0.00543	0.00602	0.00944	0.01328	0.01762	0.09143	0.64662	0.10643	0.01972	0.00830	0.00259	0.00372	0.01776	0.00620	0.00543
31	0.00801	0.00577	0.00759	0.00905	0.00952	0.00536	0.00606	0.00918	0.01272	0.01685	0.03771	0.73146	0.07551	0.02044	0.00837	0.00265	0.00380	0.01849	0.00611	0.00536
32	0.02503	0.01844	0.01976	0.01515	0.02042	0.02042	0.01251	0.70562	0.03095	0.04149	0.01581	0.01581	0.01120	0.00790	0.00659	0.00198	0.00724	0.00593	0.00659	0.01120
33	0.00957	0.00638	0.00718	0.00718	0.00718	0.00638	0.00399	0.00957	0.00957	0.01276	0.02074	0.04308	0.02393	0.76864	0.03351	0.00638	0.00638	0.00957	0.00399	0.00399
34	0.01784	0.74790	0.03401	0.01139	0.01701	0.02586	0.01131	0.04218	0.01395	0.01634	0.00937	0.01073	0.00854	0.00571	0.00430	0.00143	0.00705	0.00360	0.00294	0.00854
35	0.01665	0.05940	0.37405	0.01690	0.04377	0.01449	0.05914	0.07440	0.01589	0.11046	0.01384	0.01520	0.00995	0.00630	0.00610	0.00186	0.00811	0.00514	0.00398	0.14438
36	0.02058	0.04783	0.02187	0.02088	0.13579	0.35812	0.07230	0.08464	0.05664	0.02032	0.01365	0.01573	0.02979	0.00735	0.00748	0.00193	0.06713	0.00550	0.00385	0.00860
37	0.00957	0.00638	0.00718	0.00718	0.00718	0.00638	0.00399	0.00957	0.00957	0.01276	0.02074	0.04308	0.02393	0.76864	0.03351	0.00638	0.00638	0.00957	0.00399	0.00399
38	0.01970	0.16301	0.04150	0.01530	0.04440	0.14034	0.03674	0.17984	0.17926	0.04307	0.03975	0.03829	0.01479	0.00785	0.00617	0.00191	0.00748	0.00613	0.00506	0.00942
39	0.03764	0.02136	0.24330	0.02517	0.27167	0.01614	0.04496	0.09026	0.13845	0.02452	0.01501	0.01685	0.01144	0.00672	0.00646	0.00206	0.00795	0.00585	0.00406	0.01014
40	0.01431	0.05205	0.06501	0.02197	0.25359	0.06639	0.03630	0.01726	0.01463	0.04047	0.05878	0.13402	0.10760	0.01046	0.00827	0.00216	0.07536	0.00887	0.00431	0.00818
41	0.01514	0.01165	0.01403	0.03666	0.01679	0.00907	0.00836	0.01808	0.01413	0.08976	0.01308	0.01464	0.01035	0.00525	0.00510	0.00112	0.00509	0.00423	0.00427	0.70321
42	0.01443	0.01449	0.02067	0.01756	0.01774	0.02007	0.03292	0.01598	0.01023	0.01598	0.00877	0.01449	0.00868	0.01136	0.02123	0.00286	0.73656	0.00582	0.00289	0.00725
43	0.00889	0.00641	0.00909	0.00974	0.01048	0.00682	0.00703	0.01043	0.01133	0.01568	0.02556	0.34312	0.02824	0.06985	0.36898	0.03538	0.01076	0.01212	0.00463	0.00545
44	0.04416	0.01356	0.01678	0.01643	0.11318	0.05744	0.03004	0.11889	0.05873	0.26852	0.04598	0.04753	0.03830	0.00933	0.00682	0.00212	0.00642	0.07050	0.02573	0.00956
45	0.00817	0.00585	0.00766	0.00895	0.00944	0.00545	0.00599	0.00939	0.01290	0.01722	0.07806	0.66688	0.06352	0.05517	0.00952	0.00280	0.00388	0.01773	0.00608	0.00534
46	0.00820	0.00596	0.00777	0.00915	0.00980	0.00554	0.00635	0.00954	0.01304	0.01712	0.03919	0.64175	0.11078	0.02005	0.00839	0.00266	0.00394	0.06925	0.00611	0.00542
47	0.01607	0.01541	0.02631	0.08194	0.68780	0.01558	0.02009	0.02001	0.01488	0.02123	0.01234	0.01637	0.01033	0.00591	0.00652	0.00197	0.00788	0.00586	0.00324	0.01025
48	0.01320	0.03405	0.73453	0.01876	0.02849	0.01529	0.02432	0.02085	0.01390	0.02085	0.01181	0.01390	0.00834	0.00625	0.00625	0.00208	0.00973	0.00486	0.00278	0.00973
49	0.00808	0.00580	0.00768	0.00917	0.00963	0.00541	0.00619	0.00928	0.01273	0.01690	0.03710	0.72760	0.06256	0.02045	0.00840	0.00267	0.00386	0.03498	0.00611	0.00537
50	0.00869	0.00608	0.00737	0.00812	0.00846	0.00582	0.00510	0.00936	0.01144	0.01510	0.03155	0.39888	0.08196	0.34919	0.01940	0.00427	0.00491	0.01436	0.00518	0.00476
51	0.01397	0.01073	0.01193	0.01068	0.01367	0.01127	0.00835	0.09966	0.25149	0.05417	0.21608	0.04002	0.18515	0.01196	0.00728	0.00218	0.00453	0.03190	0.00674	0.00823
52	0.01554	0.01776	0.03885	0.02775	0.03441	0.01665	0.70366	0.02109	0.01554	0.02109	0.01332	0.01776	0.00999	0.00555	0.00777	0.00222	0.01110	0.00777	0.00333	0.00888
53	0.01103	0.00928	0.00988	0.00928	0.01191	0.00943	0.00709	0.01883	0.25961	0.02260	0.16115	0.04751	0.37021	0.01345	0.00740	0.00220	0.00395	0.01132	0.00650	0.00736
54	0.00952	0.00638	0.00729	0.00734	0.00738	0.00640	0.00417	0.00962	0.00970	0.01297	0.02117	0.06618	0.02437	0.72445	0.05215	0.00638	0.00661	0.00980	0.00405	0.00409
55	0.66915	0.01360	0.01143	0.00977	0.01406	0.01554	0.00805	0.12905	0.01455	0.04939	0.01065	0.01181	0.00801	0.00645	0.00454	0.00203	0.00545	0.00402	0.00458	0.00788
56	0.01047	0.00794	0.00980	0.00912	0.01103	0.00788	0.00690	0.01612	0.13286	0.02659	0.60984	0.04514	0.05523	0.01272	0.00759	0.00210	0.00345	0.01117	0.00716	0.00690
57	0.01365	0.01170	0.01365	0.00975	0.01560	0.00878	0.00780	0.01658	0.01365	0.02145	0.01170	0.01365	0.00975	0.00488	0.00488	0.00098	0.00488	0.00390	0.00390	0.80888
58	0.02209	0.02709	0.01877	0.01903	0.10134	0.58376	0.01313	0.02411	0.01741	0.01665	0.01119	0.01380	0.00951	0.01099	0.08062	0.00263	0.01199	0.00471	0.00339	0.00778
59	0.03675	0.01422	0.02137	0.04416	0.01973	0.01876	0.08977	0.01632	0.01085	0.01681	0.00978	0.01542	0.00919	0.01266	0.05949	0.00319	0.58520	0.00600	0.00300	0.00731
60	0.01440	0.01440	0.02016	0.01728	0.01728	0.02016	0.01440	0.01584	0.01008	0.01584	0.00864	0.01440	0.00864	0.01152	0.02160	0.00288	0.75659	0.00576	0.00288	0.00720
61	0.01365	0.01170	0.01365	0.00975	0.01560	0.00878	0.00780	0.01658	0.01365	0.02145	0.01170	0.01365	0.00975	0.00488	0.00488	0.00098	0.00488	0.00390	0.00390	0.80888
62	0.01620	0.01558	0.02641	0.03932	0.69425	0.01585	0.01993	0.02000	0.01476	0.02124	0.01221	0.01620	0.01034	0.00613	0.00723	0.00200	0.04295	0.00586	0.00324	0.01028
63	0.02503	0.01844	0.01976	0.01515	0.02042	0.02042	0.01251	0.70562	0.03095	0.04149	0.01581	0.01581	0.01120	0.00790	0.00659	0.00198	0.00724	0.00593	0.00659	0.01120
64	0.01556	0.01770	0.03853	0.02808	0.05270	0.01662	0.68562	0.02106	0.01552	0.02110	0.01329	0.01772	0.01000	0.00556	0.00774	0.00221	0.01101	0.00772	0.00333	0.00892
65	0.01365	0.01170	0.01365	0.00975	0.01560	0.00878	0.00780	0.01658	0.01365	0.02145	0.01170	0.01365	0.00975	0.00488	0.00488	0.00098	0.00488	0.00390	0.00390	0.80888
66	0.00957	0.00638	0.00718	0.00718	0.00718	0.00638	0.00399	0.00957	0.00957	0.01276	0.02074	0.04308	0.02393	0.76864	0.03351	0.00638	0.00638	0.00957	0.00399	0.00399
67	0.00960	0.00727	0.00839	0.00806	0.00929	0.00716	0.00560	0.01206	0.05515	0.01890	0.23300	0.04793	0.21179	0.29308	0.01767	0.00374	0.02912	0.01108	0.00558	0.00550
68	0.01760	0.77260	0.03450	0.01126	0.01690	0.02605	0.01126	0.01971	0.01338	0.01549	0.00915	0.01056	0.00845	0.00563	0.00422	0.00141	0.00704	0.00352	0.00282	0.00845
69	0.01399	0.01379	0.02030	0.19685	0.04964	0.01866	0.01555	0.01624	0.01101	0.01628	0.00952	0.01524	0.00874	0.01012	0.01741	0.00268	0.54794	0.00579	0.00291	0.00734
70	0.00923	0.00673	0.00868	0.00819	0.00978	0.00617	0.00614	0.01225	0.01842	0.02590	0.68571	0.05000	0.10082	0.01365	0.00777	0.00208	0.00312	0.01202	0.00718	0.00617
71	0.00901	0.00683	0.00916	0.00929	0.01056	0.00720	0.00700	0.01096	0.01197	0.01617	0.05213	0.08626	0.17624	0.10426	0.42397	0.00736	0.01177	0.02975	0.00450	0.00562
72	0.01791	0.01478	0.01572	0.01370	0.01766	0.01689	0.01084	0.16804	0.55622	0.03007	0.02487	0.02444	0.01890	0.00903	0.00675	0.00221	0.00564	0.02923	0.00666	0.01043
73	0.00957	0.00638	0.00718	0.00718	0.00718	0.00638	0.00399	0.00957	0.00957	0.01276	0.02074	0.04308	0.02393	0.76864	0.03351	0.00638	0.00638	0.00957	0.00399	0.00399
74	0.01967	0.01523	0.01642	0.01389	0.01811	0.01712	0.01114	0.27224	0.41091	0.05922	0.02325	0.02382	0.01766	0.00899	0.00677	0.00217	0.00599	0.04018	0.00668	0.01051
75	0.00880	0.00679	0.00866	0.00858	0.01015	0.00672	0.00649	0.01100	0.01400	0.01871	0.20094	0.06471	0.26738	0.04935	0.28156	0.00542	0.00869	0.01089	0.00536	0.00578
76	0.00811	0.00580	0.00775	0.00927	0.00970	0.00543	0.00627	0.00933	0.01270	0.01691	0.03623	0.73953	0.04334	0.02054	0.00843	0.00269	0.00390	0.04261	0.00611	0.00537
77	0.01750	0.74854	0.03404	0.01146	0.01691	0.02586	0.01136	0.01959	0.01327	0.01550	0.00914	0.01068	0.00845	0.00582	0.00478	0.00145	0.03082	0.00359	0.00282	0.00841
78	0.08427	0.02811	0.01870	0.03516	0.08243	0.60598	0.01307	0.02501	0.01764	0.01763	0.01033	0.01230	0.00855	0.00665	0.00586	0.00176	0.01093	0.00437	0.00342	0.00783
79	0.01272	0.01200	0.02027	0.69901	0.09687	0.01470	0.01843	0.01708	0.01330	0.01717	0.01175	0.01746	0.00890	0.00653	0.00658	0.00218	0.00870	0.00585	0.00295	0.00755
80	0.00787	0.00667	0.00679	0.00676	0.00895	0.00560	0.00507	0.00962	0.01522	0.01828	0.10477	0.06253	0.68651	0.01649	0.00778	0.00221	0.00332	0.01378	0.00618	0.00560
81	0.01138	0.00574	0.00854	0.00854	0.00854	0.00574	0.00567	0.00860	0.00860	0.01147	0.01170	0.02066	0.01179	0.04387	0.02595	0.78587	0.00574	0.00583	0.00289	0.00289
82	0.00954	0.00650	0.00777	0.00777	0.00798	0.00670	0.00473	0.00995	0.00975	0.01320	0.02020	0.04009	0.02264	0.64367	0.15670	0.00711	0.00834	0.00914	0.00391	0.00432
83	0.01243	0.01170	0.01975	0.75282	0.04534	0.01463	0.01828	0.01682	0.01316	0.01682	0.01170	0.01755	0.00878	0.00658	0.00658	0.00219	0.00878	0.00585	0.00293	0.00731
84	0.02271	0.02824	0.01893	0.01702	0.01979	0.60884	0.01303	0.02436	0.01707	0.01606	0.00989	0.01234	0.00851	0.00766	0.00883	0.00191	0.14943	0.00452	0.00330	0.00755
85	0.00950	0.00669	0.00874	0.00874	0.00928	0.00723	0.00593	0.01057	0.01003	0.01392	0.01932	0.03519	0.02051	0.43911	0.35835	0.00831	0.01154	0.00842	0.00378	0.00485
86	0.01554	0.01776	0.03885	0.02775	0.03441	0.01665	0.70366	0.02109	0.01554	0.02109	0.01332	0.01776	0.00999	0.00555	0.00777	0.00222	0.01110	0.00777	0.00333	0.00888
87	0.00778	0.00667	0.00667	0.00667	0.00889	0.00556	0.00500	0.00945	0.01501	0.01778	0.06669	0.06336	0.72490	0.01667	0.00778	0.00222	0.00333	0.01389	0.00611	0.00556
88	0.00811	0.00586	0.00767	0.00895	0.00953	0.00543	0.00605	0.00943	0.01321	0.01760	0.09087	0.66823	0.08502	0.01984	0.00832	0.00260	0.00374	0.01791	0.00620	0.00543
89	0.02114	0.01774	0.07514	0.01889	0.11922	0.01745	0.04626	0.33499	0.16066	0.09315	0.01795	0.01812	0.01301	0.00761	0.00663	0.00205	0.00715	0.00628	0.00583	0.01072
90	0.01320	0.03405	0.73453	0.01876	0.02849	0.01529	0.02432	0.02085	0.01390	0.02085	0.01181	0.01390	0.00834	0.00625	0.00625	0.00208	0.00973	0.00486	0.00278	0.00973
91	0.01747	0.75062	0.05533	0.01149	0.01724	0.02573	0.01165	0.01975	0.01339	0.01565	0.00923	0.01066	0.00845	0.00565	0.00428	0.00143	0.00712	0.00356	0.00282	0.00849
92	0.81514	0.01273	0.00968	0.00866	0.01273	0.01477	0.00713	0.01935	0.01120	0.02954	0.00917	0.01069	0.00713	0.00611	0.00407	0.00204	0.00509	0.00356	0.00407	0.00713
93	0.29659	0.01362	0.05599	0.01135	0.01638	0.01257	0.00988	0.07878	0.01687	0.39729	0.01862	0.01740	0.01231	0.00732	0.00573	0.00204	0.00580	0.00542	0.00632	0.00972
94	0.00802	0.00573	0.00764	0.00917	0.00955	0.00535	0.00611	0.00917	0.01260	0.01681	0.03628	0.76434	0.04354	0.02062	0.00840	0.00267	0.00382	0.01872	0.00611	0.00535
95	0.02694	0.01200	0.01538	0.01208	0.01691	0.01124	0.00988	0.08572	0.10419	0.56914	0.04741	0.02299	0.01780	0.00839	0.00666	0.00206	0.00561	0.00683	0.00782	0.01095
96	0.01320	0.03405	0.73453	0.01876	0.02849	0.01529	0.02432	0.02085	0.01390	0.02085	0.01181	0.01390	0.00834	0.00625	0.00625	0.00208	0.00973	0.00486	0.00278	0.00973
97	0.00815	0.00668	0.00719	0.00706	0.00912	0.00572	0.00530	0.01017	0.01589	0.01988	0.22630	0.05991	0.56398	0.01589	0.00778	0.00219	0.00328	0.01341	0.00639	0.00572
98	0.81514	0.01273	0.00968	0.00866	0.01273	0.01477	0.00713	0.01935	0.01120	0.02954	0.00917	0.01069	0.00713	0.00611	0.00407	0.00204	0.00509	0.00356	0.00407	0.00713
99	0.01365	0.01170	0.01365	0.00975	0.01560	0.00878	0.00780	0.01658	0.01365	0.02145	0.01170	0.01365	0.00975	0.00488	0.00488	0.00098	0.00488	0.00390	0.00390	0.80888
100	0.01243	0.01170	0.01975	0.75282	0.04534	0.01463	0.01828	0.01682	0.01316	0.01682	0.01170	0.01755	0.00878	0.00658	0.00658	0.00219	0.00878	0.00585	0.00293	0.00731
101	0.00956	0.00642	0.00736	0.00736	0.00742	0.00648	0.00421	0.00969	0.00963	0.01290	0.02058	0.04217	0.02354	0.73052	0.07109	0.00660	0.00698	0.00944	0.00396	0.00409
102	0.00919	0.00672	0.00862	0.00814	0.00975	0.00616	0.00611	0.01217	0.01833	0.02566	0.66796	0.05039	0.11871	0.01373	0.00777	0.00208	0.00313	0.01208	0.00715	0.00616
103	0.00866	0.00617	0.00829	0.00976	0.01038	0.00588	0.00704	0.01018	0.01307	0.01731	0.03541	0.58380	0.04157	0.04687	0.00946	0.00289	0.00441	0.16737	0.00602	0.00546
104	0.02338	0.02943	0.01779	0.01628	0.01943	0.68569	0.01213	0.02499	0.01807	0.01601	0.01157	0.04125	0.01040	0.03728	0.00711	0.00192	0.01135	0.00499	0.00352	0.00740
105	0.01365	0.01170	0.01365	0.00975	0.01560	0.00878	0.00780	0.01658	0.01365	0.02145	0.01170	0.01365	0.00975	0.00488	0.00488	0.00098	0.00488	0.00390	0.00390	0.80888
106	0.00864	0.00670	0.00786	0.00757	0.00942	0.00592	0.00568	0.01111	0.01703	0.02259	0.43335	0.05545	0.35525	0.01488	0.00777	0.00214	0.00321	0.01279	0.00675	0.00592
107	0.01629	0.01564	0.02672	0.04041	0.72757	0.01564	0.02020	0.02020	0.01499	0.02151	0.01238	0.01629	0.01043	0.00587	0.00652	0.00196	0.00782	0.00587	0.00326	0.01043
108	0.00782	0.00667	0.00673	0.00671	0.00892	0.00558	0.00503	0.00953	0.01510	0.01802	0.08446	0.06297	0.70698	0.01659	0.00778	0.00222	0.00333	0.01384	0.00614	0.00558
109	0.00957	0.00638	0.00718	0.00718	0.00718	0.00638	0.00399	0.00957	0.00957	0.01276	0.02074	0.04308	0.02393	0.76864	0.03351	0.00638	0.00638	0.00957	0.00399	0.00399
110	0.04375	0.21725	0.16972	0.01400	0.02021	0.01849	0.01389	0.22902	0.01983	0.17041	0.01512	0.01524	0.01081	0.00697	0.00584	0.00186	0.00731	0.00515	0.00506	0.01006
111	0.65316	0.01554	0.07151	0.01066	0.01533	0.03612	0.02745	0.06456	0.01305	0.02899	0.00996	0.01151	0.00761	0.00624	0.00457	0.00203	0.00597	0.00396	0.00409	0.00767
112	0.02503	0.01844	0.01976	0.01515	0.02042	0.02042	0.01251	0.70562	0.03095	0.04149	0.01581	0.01581	0.01120	0.00790	0.00659	0.00198	0.00724	0.00593	0.00659	0.01120
113	0.00957	0.00638	0.00718	0.00718	0.00718	0.00638	0.00399	0.00957	0.00957	0.01276	0.02074	0.04308	0.02393	0.76864	0.03351	0.00638	0.00638	0.00957	0.00399	0.00399
114	0.36882	0.01377	0.01339	0.05497	0.01710	0.01584	0.00961	0.12107	0.24722	0.02972	0.03683	0.01752	0.01368	0.00754	0.00555	0.00210	0.00559	0.00556	0.00532	0.00878
115	0.76453	0.01300	0.01057	0.00997	0.03838	0.01496	0.00775	0.03865	0.01189	0.02959	0.00947	0.01104	0.00736	0.00615	0.00423	0.00203	0.00525	0.00371	0.00412	0.00736
116	0.03694	0.11400	0.18318	0.01665	0.05860	0.08960	0.08019	0.04801	0.05879	0.15726	0.05680	0.01958	0.03669	0.00746	0.00632	0.00197	0.00781	0.00615	0.00471	0.00930
117	0.01933	0.01237	0.01427	0.01204	0.01620	0.01274	0.00954	0.03027	0.38102	0.23498	0.06671	0.02560	0.04347	0.00884	0.00660	0.00205	0.00511	0.00734	0.00688	0.08465
118	0.00796	0.00595	0.00741	0.00857	0.00939	0.00540	0.00585	0.00923	0.01317	0.01704	0.04349	0.59827	0.20497	0.01969	0.00826	0.00257	0.00370	0.01757	0.00611	0.00540
119	0.01144	0.00572	0.00858	0.00858	0.00858	0.00572	0.00572	0.00858	0.00858	0.01144	0.01144	0.02001	0.01144	0.02287	0.02573	0.80846	0.00572	0.00572	0.00286	0.00286
120	0.01504	0.18882	0.51374	0.01732	0.02563	0.07123	0.04086	0.02102	0.01419	0.01938	0.01118	0.01316	0.00842	0.00614	0.00585	0.00192	0.00936	0.00462	0.00285	0.00928
121	0.02433	0.03073	0.04670	0.01683	0.02054	0.68620	0.01306	0.02629	0.01848	0.04309	0.01083	0.01235	0.00877	0.00681	0.00597	0.00172	0.01155	0.00435	0.00355	0.00785
122	0.01537	0.01222	0.01461	0.01136	0.04335	0.00977	0.00866	0.05781	0.01502	0.06511	0.01282	0.01440	0.01025	0.00529	0.00514	0.00113	0.00517	0.00426	0.00429	0.68397
123	0.01757	0.18906	0.02357	0.03912	0.07940	0.17996	0.03784	0.03909	0.01400	0.01709	0.01053	0.01493	0.00966	0.04891	0.01220	0.00233	0.24849	0.00521	0.00319	0.00786
124	0.00943	0.00697	0.01016	0.01016	0.01119	0.00800	0.00770	0.01149	0.01046	0.01497	0.01802	0.02799	0.01738	0.13833	0.65486	0.01006	0.01624	0.00737	0.00358	0.00564
125	0.00928	0.00743	0.01010	0.00913	0.01121	0.00671	0.05025	0.01209	0.01723	0.02323	0.45762	0.05224	0.26193	0.01408	0.00781	0.00215	0.00377	0.03096	0.00662	0.00618
126	0.02379	0.01754	0.01885	0.01477	0.01979	0.01946	0.01210	0.57927	0.13921	0.05975	0.01785	0.01739	0.01276	0.00807	0.00660	0.00202	0.00687	0.00619	0.00665	0.01107
127	0.01365	0.01170	0.01365	0.00975	0.01560	0.00878	0.00780	0.01658	0.01365	0.02145	0.01170	0.01365	0.00975	0.00488	0.00488	0.00098	0.00488	0.00390	0.00390	0.80888
128	0.02730	0.01420	0.01627	0.01284	0.01772	0.06652	0.01046	0.14895	0.07842	0.50077	0.02310	0.02065	0.01514	0.00807	0.00657	0.00202	0.00632	0.00639	0.00740	0.01087
129	0.01545	0.01357	0.02253	0.05321	0.53370	0.01354	0.01730	0.01900	0.01506	0.05434	0.03771	0.07868	0.01721	0.00847	0.00694	0.00212	0.00714	0.07048	0.00407	0.00947
130	0.01112	0.00988	0.01591	0.01374	0.01538	0.01103	0.12150	0.01335	0.01189	0.01670	0.04762	0.11821	0.04663	0.12873	0.24368	0.00558	0.14960	0.00916	0.00400	0.00629
131	0.01243	0.01170	0.01975	0.75282	0.04534	0.01463	0.01828	0.01682	0.01316	0.01682	0.01170	0.01755	0.00878	0.00658	0.00658	0.00219	0.00878	0.00585	0.00293	0.00731
132	0.01400	0.01480	0.02987	0.19120	0.06040	0.01475	0.42434	0.01877	0.01485	0.01979	0.01709	0.04452	0.03847	0.00757	0.00757	0.00228	0.00958	0.05840	0.00362	0.00815
133	0.01606	0.01348	0.02244	0.07056	0.02385	0.01357	0.24629	0.11664	0.07580	0.07935	0.04188	0.09466	0.04234	0.01009	0.00758	0.00232	0.00766	0.10167	0.00524	0.00852
134	0.00864	0.00653	0.00790	0.00861	0.00971	0.00613	0.00607	0.01069	0.03842	0.01776	0.08257	0.38899	0.22163	0.08824	0.02838	0.00306	0.00439	0.05080	0.00594	0.00556
135	0.01799	0.01561	0.02246	0.20637	0.35128	0.05537	0.01722	0.12155	0.03618	0.07165	0.01391	0.01693	0.01069	0.00663	0.00652	0.00202	0.00797	0.00588	0.00410	0.00968
136	0.01495	0.01269	0.02100	0.04542	0.39682	0.01252	0.06010	0.01867	0.03575	0.07354	0.05346	0.16693	0.03992	0.00968	0.00708	0.00215	0.00668	0.00912	0.00455	0.00898
137	0.02100	0.01494	0.04446	0.02050	0.21981	0.03464	0.01333	0.18537	0.01991	0.21797	0.05398	0.02303	0.06167	0.03040	0.00747	0.00213	0.00671	0.00692	0.00575	0.01001
138	0.02739	0.01183	0.01532	0.01189	0.01677	0.01084	0.00977	0.10656	0.03968	0.59183	0.04817	0.02375	0.03763	0.00856	0.00669	0.00204	0.00563	0.00694	0.00784	0.01086
