[name]
unknown

[dist]
# distance from previous block
# <min> <max>
51	270

[block]
# block no. 0 follows, 31 sequences, length 10
# corresponding to MSA columns:
# 377-386
name=unknown_A
#
# <colnr> <probs for GDERKNQSTAVLIFYWHMCP>
#	G	D	E	R	K	N	Q	S	T	A	V	L	I	F	Y	W	H	M	C	P
0	0.01633	0.01567	0.05867	0.01842	0.14474	0.07802	0.01279	0.07218	0.14465	0.05916	0.02839	0.10476	0.12891	0.01120	0.00823	0.00229	0.05353	0.02771	0.00539	0.00894
1	0.01631	0.01797	0.08932	0.01523	0.01962	0.10386	0.08272	0.06344	0.29127	0.02417	0.02822	0.05484	0.11877	0.03350	0.00803	0.00237	0.00721	0.00847	0.00555	0.00913
2	0.01315	0.00900	0.01199	0.01347	0.08219	0.00874	0.00880	0.08493	0.01645	0.08531	0.07633	0.45993	0.06898	0.01667	0.00810	0.00251	0.00485	0.01489	0.00637	0.00734
3	0.06758	0.01726	0.12021	0.01972	0.13811	0.03671	0.06434	0.06911	0.04051	0.17462	0.10167	0.02297	0.01887	0.00852	0.00791	0.00220	0.05523	0.01940	0.00536	0.00971
4	0.01817	0.11440	0.13057	0.02236	0.17177	0.06256	0.12168	0.02232	0.01629	0.12474	0.05427	0.03791	0.01633	0.00802	0.00688	0.00211	0.00832	0.04727	0.00449	0.00951
5	0.06741	0.01633	0.01859	0.01695	0.05560	0.13204	0.05947	0.02153	0.11406	0.05010	0.01448	0.01882	0.01237	0.04551	0.03356	0.08627	0.21874	0.00624	0.00410	0.00787
6	0.02266	0.06250	0.01907	0.01653	0.01958	0.57232	0.01256	0.02436	0.01784	0.01677	0.01325	0.09009	0.01263	0.00885	0.00752	0.00194	0.06403	0.00606	0.00375	0.00769
7	0.01193	0.00877	0.01183	0.03696	0.01426	0.00792	0.04913	0.01436	0.01524	0.08803	0.08780	0.12917	0.30153	0.01813	0.08826	0.00317	0.00626	0.01159	0.00580	0.08983
8	0.01985	0.01629	0.01894	0.01859	0.12426	0.01794	0.01296	0.25018	0.34888	0.03218	0.02114	0.02074	0.01585	0.00827	0.00681	0.00213	0.00651	0.00681	0.00626	0.04541
9	0.01500	0.03301	0.01787	0.03746	0.16693	0.07957	0.05184	0.09975	0.01803	0.02351	0.13424	0.17135	0.09932	0.01186	0.00747	0.00221	0.00658	0.01047	0.00535	0.00818

[dist]
# distance from previous block
# <min> <max>
4	7

[block]
# block no. 1 follows, 31 sequences, length 14
# corresponding to MSA columns:
# 395-408
name=unknown_B
#
# <colnr> <probs for GDERKNQSTAVLIFYWHMCP>
#	G	D	E	R	K	N	Q	S	T	A	V	L	I	F	Y	W	H	M	C	P
0	0.01725	0.01739	0.03700	0.12535	0.02254	0.13951	0.01340	0.08807	0.16823	0.02191	0.01613	0.01976	0.01326	0.03979	0.08600	0.00337	0.15166	0.00639	0.00445	0.00853
1	0.01695	0.01612	0.01984	0.01686	0.01791	0.06471	0.01380	0.11911	0.01428	0.02028	0.01109	0.01713	0.01049	0.06392	0.01994	0.00303	0.53674	0.00619	0.00369	0.00790
2	0.01388	0.10274	0.08462	0.01533	0.03315	0.03592	0.12886	0.01859	0.07759	0.03914	0.03212	0.09535	0.20562	0.01153	0.00828	0.00228	0.05343	0.02868	0.00489	0.00802
3	0.01109	0.12153	0.01415	0.01050	0.01221	0.01102	0.00827	0.01308	0.01125	0.01547	0.01755	0.02754	0.01718	0.16591	0.50276	0.00881	0.01466	0.00722	0.00364	0.00618
4	0.01025	0.00806	0.01243	0.12165	0.01749	0.00956	0.01013	0.01301	0.01140	0.01612	0.01739	0.02557	0.01590	0.04459	0.62278	0.00968	0.01693	0.00714	0.00357	0.00633
5	0.02438	0.02847	0.01998	0.06958	0.05102	0.54516	0.01391	0.12715	0.02076	0.02101	0.01166	0.01356	0.00934	0.00717	0.00634	0.00185	0.01121	0.00486	0.00399	0.00858
6	0.02594	0.02119	0.02036	0.01603	0.02121	0.12866	0.01304	0.59330	0.03023	0.03913	0.01554	0.01581	0.01121	0.00804	0.00674	0.00201	0.00826	0.00589	0.00634	0.01107
7	0.02057	0.01529	0.01672	0.01389	0.01813	0.01685	0.01109	0.33109	0.25630	0.07012	0.08189	0.07501	0.02193	0.01001	0.00712	0.00221	0.00611	0.00820	0.00699	0.01049
8	0.00974	0.00664	0.00807	0.00842	0.00890	0.00649	0.00537	0.01071	0.03036	0.01631	0.09258	0.24129	0.06795	0.36036	0.02223	0.07657	0.00532	0.01262	0.00516	0.00491
9	0.01140	0.00913	0.01159	0.01060	0.01293	0.00943	0.03097	0.05436	0.10296	0.02253	0.19348	0.04150	0.20077	0.04113	0.21078	0.00478	0.00839	0.01033	0.00583	0.00708
10	0.09938	0.05919	0.03861	0.01111	0.01435	0.03636	0.02690	0.03919	0.14533	0.02556	0.27153	0.06537	0.11750	0.01158	0.00709	0.00217	0.00508	0.00973	0.00616	0.00781
11	0.09716	0.45305	0.02711	0.01256	0.01734	0.19823	0.01114	0.02134	0.01497	0.01769	0.01262	0.01470	0.03789	0.03219	0.00599	0.00181	0.00818	0.00450	0.00338	0.00816
12	0.01663	0.05465	0.12597	0.02097	0.19225	0.03455	0.05854	0.02073	0.01574	0.08668	0.06918	0.01873	0.01494	0.00670	0.00630	0.00176	0.00724	0.00588	0.00429	0.23829
13	0.03661	0.09639	0.14178	0.02186	0.19649	0.06720	0.01618	0.08519	0.08948	0.08690	0.01669	0.04132	0.01356	0.00800	0.00709	0.00211	0.03290	0.02571	0.00460	0.00996

[dist]
# distance from previous block
# <min> <max>
1	3

[block]
# block no. 2 follows, 31 sequences, length 9
# corresponding to MSA columns:
# 412-420
name=unknown_C
#
# <colnr> <probs for GDERKNQSTAVLIFYWHMCP>
#	G	D	E	R	K	N	Q	S	T	A	V	L	I	F	Y	W	H	M	C	P
0	0.13177	0.10772	0.07752	0.08506	0.13325	0.09403	0.04686	0.07433	0.01642	0.05442	0.05921	0.01729	0.01335	0.00745	0.00716	0.00207	0.05323	0.00574	0.00415	0.00896
1	0.01609	0.01712	0.13223	0.12070	0.18102	0.01467	0.05260	0.08258	0.06218	0.06389	0.01907	0.10622	0.03284	0.00906	0.00759	0.00223	0.03346	0.00792	0.00455	0.03399
2	0.01075	0.00838	0.01140	0.01116	0.01214	0.00967	0.00848	0.01349	0.04651	0.01737	0.07036	0.09113	0.02480	0.16367	0.33071	0.00703	0.09892	0.05337	0.00450	0.00615
3	0.01201	0.00668	0.01029	0.09590	0.01344	0.00704	0.00749	0.00993	0.00948	0.01255	0.01192	0.02049	0.01156	0.02176	0.02438	0.70632	0.00632	0.00596	0.00298	0.00352
4	0.01682	0.01479	0.06543	0.01552	0.09034	0.06398	0.01155	0.06815	0.16409	0.10399	0.25477	0.03165	0.04924	0.01021	0.00724	0.00214	0.00594	0.00866	0.00638	0.00912
5	0.01956	0.26163	0.09153	0.05946	0.05573	0.14379	0.05960	0.14882	0.01854	0.02268	0.01328	0.05099	0.01136	0.00741	0.00608	0.00189	0.00874	0.00573	0.00400	0.00919
6	0.00896	0.00680	0.00819	0.00891	0.01030	0.00622	0.00664	0.01078	0.01474	0.01881	0.09608	0.26755	0.29482	0.07310	0.01049	0.00291	0.00436	0.13835	0.00626	0.00574
7	0.01682	0.21129	0.04804	0.10263	0.15228	0.03707	0.01437	0.07528	0.13865	0.02197	0.01543	0.01799	0.01257	0.01225	0.09215	0.00302	0.00888	0.00582	0.00416	0.00933
8	0.02486	0.05136	0.05721	0.01705	0.05548	0.36707	0.01325	0.06308	0.06993	0.19065	0.01630	0.01647	0.01191	0.00750	0.00642	0.00193	0.00948	0.00544	0.00509	0.00953

[dist]
# distance from previous block
# <min> <max>
1	5

[block]
# block no. 3 follows, 31 sequences, length 95
# corresponding to MSA columns:
# 426-520
name=unknown_D
#
# <colnr> <probs for GDERKNQSTAVLIFYWHMCP>
#	G	D	E	R	K	N	Q	S	T	A	V	L	I	F	Y	W	H	M	C	P
0	0.01615	0.01783	0.07526	0.05603	0.19070	0.09035	0.09582	0.02342	0.16313	0.02235	0.02184	0.02333	0.08764	0.00801	0.00688	0.00206	0.00783	0.00714	0.00450	0.07975
1	0.01237	0.01093	0.05080	0.01031	0.01319	0.03239	0.00848	0.01720	0.08997	0.05926	0.39284	0.04301	0.14555	0.01253	0.00794	0.00214	0.02284	0.01064	0.00665	0.05095
2	0.02271	0.02621	0.01995	0.01750	0.02029	0.45458	0.01367	0.10220	0.01844	0.01975	0.01082	0.01353	0.00919	0.00853	0.01070	0.00213	0.21275	0.00504	0.00377	0.00824
3	0.01738	0.10519	0.11989	0.05438	0.07408	0.05630	0.09438	0.14143	0.07889	0.02422	0.01736	0.04144	0.03269	0.00971	0.02281	0.02335	0.04168	0.03114	0.00445	0.00922
4	0.00907	0.00655	0.00871	0.01004	0.01092	0.00619	0.00741	0.01092	0.01436	0.01901	0.09094	0.49718	0.08561	0.02001	0.00881	0.00279	0.00444	0.17478	0.00643	0.00582
5	0.00834	0.00595	0.00794	0.00953	0.00992	0.00556	0.00635	0.00953	0.01310	0.01746	0.03771	0.75510	0.04525	0.02143	0.00873	0.00278	0.00397	0.01945	0.00635	0.00556
6	0.02601	0.01916	0.02053	0.01574	0.02122	0.02122	0.01300	0.69408	0.03217	0.04312	0.01643	0.01643	0.01163	0.00821	0.00684	0.00205	0.00753	0.00616	0.00684	0.01163
7	0.02059	0.05233	0.04278	0.04161	0.14699	0.26272	0.18770	0.09928	0.03953	0.02246	0.01302	0.01569	0.01025	0.00669	0.00681	0.00201	0.01032	0.00596	0.00391	0.00935
8	0.02630	0.01869	0.02024	0.01551	0.02098	0.02051	0.01282	0.65209	0.03137	0.08624	0.01710	0.01686	0.01197	0.00823	0.00685	0.00206	0.00742	0.00621	0.00695	0.01164
9	0.01419	0.01383	0.01947	0.01692	0.01710	0.01910	0.01401	0.01583	0.01055	0.01638	0.01038	0.01675	0.01019	0.01785	0.12854	0.00419	0.63816	0.00619	0.00309	0.00728
10	0.01292	0.01216	0.02052	0.74312	0.04712	0.01520	0.01900	0.01748	0.01368	0.01748	0.01216	0.01824	0.00912	0.00684	0.00684	0.00228	0.00912	0.00608	0.00304	0.00760
11	0.01289	0.01196	0.02015	0.71965	0.04590	0.01490	0.01858	0.01721	0.01353	0.01730	0.01215	0.01832	0.00921	0.00738	0.00748	0.02781	0.00902	0.00608	0.00304	0.00745
12	0.03070	0.01164	0.01588	0.01217	0.01746	0.01006	0.01006	0.03334	0.01958	0.72163	0.02699	0.02329	0.01694	0.00847	0.00688	0.00212	0.00582	0.00688	0.00847	0.01164
13	0.02079	0.01283	0.01463	0.01305	0.01675	0.05832	0.01069	0.06217	0.16924	0.26514	0.05907	0.03871	0.02528	0.01164	0.00761	0.00242	0.00626	0.18879	0.00710	0.00953
14	0.01672	0.01436	0.01525	0.01386	0.01761	0.01657	0.01084	0.03526	0.67053	0.02822	0.02826	0.02807	0.02180	0.00976	0.00708	0.00236	0.00546	0.04046	0.00693	0.01061
15	0.00926	0.00697	0.00859	0.00835	0.01010	0.00630	0.00629	0.01202	0.01801	0.02446	0.49432	0.08219	0.23313	0.01532	0.00815	0.00225	0.00343	0.03749	0.00713	0.00624
16	0.01626	0.01844	0.10515	0.06738	0.33232	0.06737	0.13063	0.02053	0.01565	0.04312	0.01734	0.07962	0.03928	0.00795	0.00713	0.00216	0.00869	0.00762	0.00385	0.00951
17	0.00834	0.00595	0.00794	0.00953	0.00992	0.00556	0.00635	0.00953	0.01310	0.01746	0.03771	0.75510	0.04525	0.02143	0.00873	0.00278	0.00397	0.01945	0.00635	0.00556
18	0.02152	0.01830	0.03841	0.02233	0.19858	0.03992	0.03110	0.36497	0.08242	0.03326	0.01584	0.01704	0.01192	0.00740	0.00671	0.00199	0.00762	0.00609	0.00549	0.06908
19	0.00995	0.00663	0.00746	0.00746	0.00746	0.00663	0.00415	0.00995	0.00995	0.01327	0.02156	0.04477	0.02487	0.75957	0.03482	0.00663	0.00663	0.00995	0.00415	0.00415
20	0.01757	0.57198	0.11732	0.01280	0.01904	0.04019	0.01313	0.02136	0.04820	0.01781	0.01095	0.01236	0.00945	0.00608	0.00486	0.00157	0.00753	0.00407	0.00321	0.06052
21	0.00995	0.00663	0.00746	0.00746	0.00746	0.00663	0.00415	0.00995	0.00995	0.01327	0.02156	0.04477	0.02487	0.75957	0.03482	0.00663	0.00663	0.00995	0.00415	0.00415
22	0.01386	0.01181	0.01395	0.01020	0.01592	0.00908	0.00814	0.01686	0.01395	0.02182	0.01261	0.01512	0.01064	0.00846	0.05842	0.00175	0.00604	0.00429	0.00402	0.74306
23	0.00992	0.00675	0.00808	0.00808	0.00829	0.00697	0.00491	0.01034	0.01013	0.01372	0.02099	0.04166	0.02352	0.63645	0.15609	0.00739	0.00867	0.00949	0.00406	0.00449
24	0.00977	0.00733	0.01100	0.01100	0.01222	0.00855	0.00855	0.01222	0.01100	0.01588	0.01833	0.02688	0.01710	0.05131	0.73245	0.01100	0.01833	0.00733	0.00367	0.00611
25	0.80789	0.01323	0.01006	0.00900	0.01323	0.01535	0.00741	0.02011	0.01164	0.03070	0.00953	0.01111	0.00741	0.00635	0.00423	0.00212	0.00529	0.00370	0.00423	0.00741
26	0.01401	0.01356	0.01950	0.01678	0.01719	0.01828	0.03868	0.01569	0.01072	0.01638	0.01120	0.01861	0.01113	0.06646	0.11382	0.00424	0.57693	0.00650	0.00317	0.00715
27	0.01348	0.03898	0.01495	0.01478	0.11476	0.02694	0.00972	0.01599	0.01401	0.03983	0.04604	0.13111	0.02063	0.08341	0.08615	0.00318	0.00714	0.02801	0.00454	0.28636
28	0.00896	0.00697	0.00815	0.00785	0.00978	0.00615	0.00589	0.01152	0.01767	0.02340	0.42341	0.05774	0.35693	0.01549	0.00808	0.00222	0.00333	0.01330	0.00700	0.00615
29	0.01445	0.01483	0.03775	0.55655	0.12919	0.06815	0.01883	0.01871	0.01424	0.01811	0.01202	0.01743	0.00930	0.00694	0.00736	0.00223	0.03678	0.00593	0.00311	0.00809
30	0.02464	0.06753	0.01995	0.01709	0.02075	0.65084	0.01299	0.02757	0.06363	0.01748	0.01164	0.01313	0.00960	0.00714	0.00613	0.00178	0.01164	0.00459	0.00372	0.00816
31	0.00862	0.00695	0.00767	0.00749	0.00957	0.00600	0.00562	0.01085	0.01685	0.02147	0.28432	0.06092	0.49723	0.01621	0.00808	0.00226	0.00339	0.01375	0.00675	0.00600
32	0.01742	0.01490	0.01570	0.01400	0.01794	0.01721	0.01093	0.06606	0.67417	0.02927	0.02733	0.02511	0.02047	0.00923	0.00696	0.00231	0.00551	0.00766	0.00696	0.01087
33	0.00862	0.00689	0.00771	0.00764	0.00960	0.00598	0.00568	0.01080	0.01666	0.02132	0.27616	0.10584	0.45994	0.01651	0.00812	0.00229	0.00342	0.01409	0.00674	0.00598
34	0.03070	0.01164	0.01588	0.01217	0.01746	0.01006	0.01006	0.03334	0.01958	0.72163	0.02699	0.02329	0.01694	0.00847	0.00688	0.00212	0.00582	0.00688	0.00847	0.01164
35	0.01735	0.01486	0.01566	0.01399	0.01792	0.01717	0.01091	0.06064	0.67970	0.02915	0.02742	0.02519	0.02054	0.00924	0.00696	0.00231	0.00549	0.00768	0.00696	0.01086
36	0.80789	0.01323	0.01006	0.00900	0.01323	0.01535	0.00741	0.02011	0.01164	0.03070	0.00953	0.01111	0.00741	0.00635	0.00423	0.00212	0.00529	0.00370	0.00423	0.00741
37	0.80789	0.01323	0.01006	0.00900	0.01323	0.01535	0.00741	0.02011	0.01164	0.03070	0.00953	0.01111	0.00741	0.00635	0.00423	0.00212	0.00529	0.00370	0.00423	0.00741
38	0.00995	0.00663	0.00746	0.00746	0.00746	0.00663	0.00415	0.00995	0.00995	0.01327	0.02156	0.04477	0.02487	0.75957	0.03482	0.00663	0.00663	0.00995	0.00415	0.00415
39	0.00845	0.00632	0.00789	0.00908	0.01003	0.00576	0.00637	0.00990	0.01389	0.01791	0.04547	0.53963	0.21122	0.02025	0.00862	0.00269	0.00400	0.06052	0.00635	0.00566
40	0.01004	0.00766	0.01126	0.01111	0.01219	0.00904	0.00858	0.01228	0.01090	0.01574	0.01807	0.02745	0.01721	0.09538	0.65209	0.01032	0.05353	0.00743	0.00366	0.00605
41	0.01744	0.01397	0.01494	0.01334	0.01721	0.01578	0.01041	0.03441	0.60953	0.07879	0.03048	0.02798	0.06563	0.00974	0.00703	0.00230	0.00532	0.00811	0.00703	0.01056
42	0.80789	0.01323	0.01006	0.00900	0.01323	0.01535	0.00741	0.02011	0.01164	0.03070	0.00953	0.01111	0.00741	0.00635	0.00423	0.00212	0.00529	0.00370	0.00423	0.00741
43	0.01583	0.40434	0.33646	0.01496	0.02246	0.02108	0.01739	0.02061	0.01443	0.01914	0.04771	0.01461	0.01166	0.00656	0.00551	0.00181	0.00833	0.00473	0.00315	0.00924
44	0.01121	0.04854	0.01420	0.01236	0.01359	0.01189	0.00994	0.01346	0.01105	0.01600	0.01608	0.02377	0.01512	0.04141	0.55870	0.00897	0.15681	0.00688	0.00350	0.00651
45	0.00941	0.00698	0.00877	0.00832	0.01005	0.00634	0.00624	0.01238	0.01872	0.02590	0.60312	0.05362	0.17566	0.01456	0.00807	0.00218	0.00327	0.01273	0.00733	0.00634
46	0.01497	0.01497	0.02095	0.01796	0.01796	0.02095	0.01497	0.01646	0.01048	0.01646	0.00898	0.01497	0.00898	0.01197	0.02245	0.00299	0.74704	0.00599	0.00299	0.00748
47	0.02561	0.02115	0.01989	0.01585	0.02083	0.15616	0.01282	0.52644	0.02873	0.05895	0.01570	0.01616	0.01142	0.00922	0.02729	0.00225	0.00870	0.00588	0.00617	0.01077
48	0.01188	0.00594	0.00891	0.00891	0.00891	0.00594	0.00594	0.00891	0.00891	0.01188	0.01188	0.02080	0.01188	0.02377	0.02674	0.80095	0.00594	0.00594	0.00297	0.00297
49	0.00832	0.00602	0.00787	0.00936	0.00988	0.00557	0.00628	0.00955	0.01326	0.01753	0.03976	0.71032	0.08870	0.02117	0.00869	0.00275	0.00394	0.01912	0.00635	0.00557
50	0.03070	0.01164	0.01588	0.01217	0.01746	0.01006	0.01006	0.03334	0.01958	0.72163	0.02699	0.02329	0.01694	0.00847	0.00688	0.00212	0.00582	0.00688	0.00847	0.01164
51	0.03026	0.01234	0.01631	0.01250	0.01781	0.01110	0.01033	0.09494	0.02075	0.65837	0.02601	0.02265	0.01644	0.00844	0.00688	0.00211	0.00598	0.00681	0.00832	0.01164
52	0.01702	0.01470	0.01547	0.01392	0.01779	0.01702	0.01083	0.03635	0.70453	0.02862	0.02785	0.02553	0.02088	0.00928	0.00696	0.00232	0.00541	0.00773	0.00696	0.01083
53	0.01615	0.01845	0.04037	0.02884	0.03576	0.01730	0.69204	0.02191	0.01615	0.02191	0.01384	0.01845	0.01038	0.00577	0.00807	0.00231	0.01153	0.00807	0.00346	0.00923
54	0.00977	0.00733	0.01100	0.01100	0.01222	0.00855	0.00855	0.01222	0.01100	0.01588	0.01833	0.02688	0.01710	0.05131	0.73245	0.01100	0.01833	0.00733	0.00367	0.00611
55	0.00817	0.00693	0.00705	0.00702	0.00929	0.00581	0.00526	0.00998	0.01579	0.01895	0.10315	0.06507	0.67997	0.01715	0.00808	0.00230	0.00345	0.01433	0.00641	0.00581
56	0.03035	0.01219	0.01622	0.01243	0.01774	0.01087	0.01027	0.08180	0.02050	0.67186	0.02622	0.02278	0.01655	0.00845	0.00688	0.00211	0.00595	0.00683	0.00835	0.01164
57	0.01419	0.01216	0.01419	0.01013	0.01621	0.00912	0.00811	0.01723	0.01419	0.02229	0.01216	0.01419	0.01013	0.00507	0.00507	0.00101	0.00507	0.00405	0.00405	0.80139
58	0.00834	0.00595	0.00794	0.00953	0.00992	0.00556	0.00635	0.00953	0.01310	0.01746	0.03771	0.75510	0.04525	0.02143	0.00873	0.00278	0.00397	0.01945	0.00635	0.00556
59	0.01102	0.00787	0.01102	0.01260	0.01417	0.00787	0.01102	0.01417	0.01575	0.02047	0.03622	0.07717	0.03937	0.01890	0.00945	0.00315	0.00630	0.67084	0.00630	0.00630
60	0.08119	0.01175	0.01550	0.01197	0.01719	0.01040	0.00988	0.03248	0.01907	0.67674	0.02586	0.02250	0.01632	0.00833	0.00671	0.00212	0.00579	0.00667	0.00819	0.01137
61	0.02556	0.03261	0.01939	0.01763	0.02115	0.73210	0.01322	0.02732	0.01939	0.01674	0.01058	0.01234	0.00881	0.00705	0.00617	0.00176	0.01234	0.00441	0.00353	0.00793
62	0.00994	0.00668	0.00772	0.00772	0.00781	0.00677	0.00447	0.01012	0.01003	0.01346	0.02132	0.04346	0.02430	0.70762	0.08599	0.00695	0.00749	0.00976	0.00411	0.00429
63	0.01885	0.72972	0.03495	0.01173	0.01755	0.02630	0.01163	0.02107	0.01416	0.04796	0.01030	0.01153	0.00915	0.00597	0.00450	0.00149	0.00725	0.00380	0.00318	0.00891
64	0.01638	0.01406	0.01492	0.01360	0.01721	0.01618	0.01050	0.03439	0.65382	0.02780	0.02857	0.07903	0.02267	0.01017	0.00709	0.00235	0.00531	0.00859	0.00692	0.01044
65	0.02293	0.01782	0.01947	0.11290	0.02398	0.05141	0.01335	0.44076	0.13916	0.06116	0.01786	0.01823	0.01289	0.00816	0.00683	0.00212	0.00755	0.00636	0.00626	0.01079
66	0.00864	0.00644	0.00808	0.00920	0.01012	0.00598	0.00638	0.01051	0.03015	0.01852	0.07859	0.55900	0.16509	0.01995	0.00856	0.00266	0.00394	0.03597	0.00643	0.00579
67	0.02281	0.06612	0.02027	0.01508	0.01985	0.02035	0.01243	0.47985	0.14420	0.03664	0.01823	0.04169	0.01399	0.00887	0.00759	0.00213	0.04590	0.00669	0.00639	0.01089
68	0.02390	0.04976	0.02047	0.01942	0.08993	0.55647	0.01370	0.06424	0.03963	0.01931	0.01166	0.01344	0.00957	0.00699	0.00620	0.00179	0.01107	0.00474	0.00380	0.03390
69	0.01866	0.45025	0.13941	0.01572	0.04330	0.12144	0.05230	0.02236	0.03134	0.03293	0.01124	0.01292	0.00938	0.00626	0.00536	0.00171	0.00863	0.00447	0.00326	0.00907
70	0.02601	0.01916	0.02053	0.01574	0.02122	0.02122	0.01300	0.69408	0.03217	0.04312	0.01643	0.01643	0.01163	0.00821	0.00684	0.00205	0.00753	0.00616	0.00684	0.01163
71	0.01126	0.00928	0.01062	0.01044	0.01130	0.06134	0.00751	0.01268	0.01172	0.01560	0.04262	0.06315	0.02248	0.30956	0.29971	0.00735	0.05027	0.03342	0.00413	0.00557
72	0.00952	0.00699	0.00892	0.00844	0.01012	0.00639	0.00633	0.01260	0.01899	0.02654	0.64887	0.05258	0.12952	0.01432	0.00807	0.00217	0.00325	0.01258	0.00741	0.00639
73	0.01617	0.01547	0.02639	0.17587	0.58900	0.01605	0.02062	0.02032	0.01522	0.02142	0.01273	0.01718	0.01051	0.00624	0.00679	0.00208	0.00832	0.00609	0.00332	0.01022
74	0.00969	0.00717	0.00998	0.01042	0.01148	0.00778	0.00781	0.01208	0.02907	0.01675	0.02612	0.19749	0.04695	0.10306	0.41222	0.00768	0.01236	0.06128	0.00468	0.00593
75	0.04031	0.01166	0.01473	0.11439	0.05316	0.06803	0.02990	0.01783	0.01524	0.10116	0.13547	0.11008	0.02542	0.03940	0.08318	0.00327	0.05713	0.00888	0.06327	0.00750
76	0.07620	0.70864	0.03396	0.01151	0.01724	0.02621	0.01139	0.02046	0.01374	0.01717	0.00951	0.01098	0.00868	0.00589	0.00438	0.00151	0.00717	0.00366	0.00302	0.00868
77	0.02249	0.29291	0.02506	0.01531	0.01968	0.44089	0.01255	0.02537	0.05501	0.01716	0.01114	0.01257	0.00946	0.00674	0.00558	0.00169	0.01016	0.00432	0.00350	0.00839
78	0.74964	0.01486	0.06243	0.00977	0.01443	0.01539	0.00872	0.02022	0.01185	0.03003	0.00973	0.01136	0.00750	0.00636	0.00440	0.00212	0.00565	0.00380	0.00414	0.00761
79	0.01774	0.05779	0.15702	0.01538	0.02062	0.09036	0.01407	0.06401	0.43142	0.02613	0.02155	0.02083	0.01619	0.00828	0.00666	0.00218	0.00724	0.00659	0.00560	0.01033
80	0.02609	0.01342	0.01825	0.05302	0.11831	0.01304	0.01243	0.10229	0.08394	0.45022	0.02320	0.02161	0.01548	0.00810	0.00687	0.00213	0.00646	0.00673	0.00717	0.01125
81	0.00986	0.00660	0.00749	0.00757	0.00759	0.00658	0.00426	0.00993	0.01011	0.01349	0.02241	0.08210	0.02594	0.72077	0.03345	0.00643	0.00649	0.01045	0.00426	0.00422
82	0.01751	0.01504	0.01624	0.01435	0.01805	0.01761	0.01129	0.08217	0.60529	0.02877	0.02564	0.02410	0.01935	0.00940	0.00809	0.00235	0.05996	0.00749	0.00666	0.01064
83	0.01095	0.00727	0.00955	0.00882	0.01066	0.00667	0.00667	0.01414	0.01938	0.06936	0.67183	0.04942	0.06168	0.01365	0.00800	0.00215	0.00338	0.01204	0.00759	0.00677
84	0.03690	0.01761	0.25211	0.01365	0.01840	0.01075	0.07051	0.01580	0.01477	0.02107	0.16373	0.07005	0.10725	0.14363	0.01220	0.00301	0.00699	0.00943	0.00472	0.00742
85	0.01188	0.00594	0.00891	0.00891	0.00891	0.00594	0.00594	0.00891	0.00891	0.01188	0.01188	0.02080	0.01188	0.02377	0.02674	0.80095	0.00594	0.00594	0.00297	0.00297
86	0.01369	0.03447	0.70140	0.01908	0.02893	0.01559	0.02463	0.02148	0.01444	0.02179	0.01260	0.01479	0.00895	0.00655	0.00645	0.00215	0.00989	0.00510	0.02804	0.00999
87	0.02082	0.02405	0.02267	0.11274	0.28514	0.37869	0.01682	0.02378	0.01728	0.01893	0.01162	0.01476	0.00961	0.00667	0.00647	0.00192	0.01038	0.00524	0.00342	0.00898
88	0.01051	0.00718	0.00941	0.00875	0.01050	0.00660	0.00660	0.01371	0.01937	0.05465	0.68637	0.05001	0.06269	0.01377	0.00802	0.00215	0.00333	0.01216	0.00757	0.00666
89	0.01420	0.01141	0.01413	0.03435	0.01615	0.01244	0.02601	0.09284	0.20693	0.02511	0.15393	0.03128	0.05177	0.01849	0.13716	0.03984	0.03144	0.02941	0.00578	0.04734
90	0.00834	0.00595	0.00794	0.00953	0.00992	0.00556	0.00635	0.00953	0.01310	0.01746	0.03771	0.75510	0.04525	0.02143	0.00873	0.00278	0.00397	0.01945	0.00635	0.00556
91	0.01559	0.01748	0.03761	0.07437	0.03533	0.01663	0.61735	0.02107	0.01585	0.02143	0.01481	0.05171	0.01187	0.00654	0.00802	0.00233	0.01104	0.00846	0.00356	0.00896
92	0.01764	0.52160	0.21275	0.01416	0.02094	0.07589	0.01533	0.02129	0.01444	0.01758	0.01031	0.01197	0.00875	0.00611	0.00507	0.00167	0.00841	0.00407	0.00296	0.00906
93	0.01702	0.15926	0.02682	0.12029	0.41032	0.07691	0.01767	0.02046	0.01522	0.01986	0.01307	0.04891	0.01162	0.00691	0.00637	0.00197	0.00826	0.00609	0.00340	0.00956
94	0.01566	0.01371	0.02112	0.04038	0.07034	0.01234	0.15747	0.02009	0.05110	0.06477	0.01544	0.05318	0.01287	0.00685	0.00697	0.00171	0.03591	0.00633	0.00434	0.38940

[dist]
# distance from previous block
# <min> <max>
0	1

[block]
# block no. 4 follows, 31 sequences, length 33
# corresponding to MSA columns:
# 522-554
name=unknown_E
#
# <colnr> <probs for GDERKNQSTAVLIFYWHMCP>
#	G	D	E	R	K	N	Q	S	T	A	V	L	I	F	Y	W	H	M	C	P
0	0.06467	0.13256	0.04116	0.01457	0.05361	0.07790	0.04132	0.04356	0.12673	0.11404	0.11261	0.02380	0.02076	0.03669	0.06426	0.00287	0.00774	0.00693	0.00532	0.00890
1	0.64465	0.04403	0.03573	0.01391	0.10933	0.01595	0.00998	0.02029	0.01235	0.02870	0.01006	0.01200	0.00797	0.00630	0.00465	0.00208	0.00591	0.00407	0.00403	0.00801
2	0.06027	0.04201	0.12772	0.02558	0.28251	0.04844	0.03998	0.12762	0.04251	0.07381	0.01445	0.01644	0.01103	0.00674	0.00648	0.00200	0.00804	0.00574	0.00440	0.05423
3	0.00995	0.00663	0.00746	0.00746	0.00746	0.00663	0.00415	0.00995	0.00995	0.01327	0.02156	0.04477	0.02487	0.75957	0.03482	0.00663	0.00663	0.00995	0.00415	0.00415
4	0.01742	0.01490	0.01570	0.01400	0.01794	0.01720	0.01093	0.06570	0.67452	0.02927	0.02734	0.02512	0.02047	0.00923	0.00696	0.00231	0.00551	0.00766	0.00696	0.01086
5	0.00995	0.00663	0.00746	0.00746	0.00746	0.00663	0.00415	0.00995	0.00995	0.01327	0.02156	0.04477	0.02487	0.75957	0.03482	0.00663	0.00663	0.00995	0.00415	0.00415
6	0.02143	0.01777	0.03039	0.02218	0.02839	0.01763	0.37159	0.24913	0.02199	0.12391	0.01649	0.01843	0.01169	0.00695	0.00750	0.00220	0.00941	0.00727	0.00528	0.01036
7	0.01897	0.00957	0.01234	0.01037	0.01366	0.00887	0.00820	0.05373	0.04105	0.29666	0.35776	0.03658	0.03984	0.01112	0.00735	0.00211	0.00450	0.00950	0.04900	0.00884
8	0.01717	0.01461	0.01547	0.01380	0.01766	0.01681	0.01076	0.06729	0.64521	0.02927	0.05406	0.02608	0.02214	0.00941	0.00700	0.00230	0.00543	0.00784	0.00698	0.01070
9	0.00834	0.00595	0.00794	0.00953	0.00992	0.00556	0.00635	0.00953	0.01310	0.01746	0.03771	0.75510	0.04525	0.02143	0.00873	0.00278	0.00397	0.01945	0.00635	0.00556
10	0.01385	0.01344	0.01656	0.03665	0.01644	0.07808	0.01205	0.01560	0.01199	0.01669	0.03804	0.06135	0.01632	0.07873	0.14987	0.00458	0.38440	0.02484	0.00367	0.00684
11	0.01763	0.06084	0.06616	0.05461	0.37830	0.08333	0.17395	0.04332	0.01638	0.02187	0.01276	0.01642	0.01029	0.00621	0.00687	0.00205	0.00937	0.00621	0.00347	0.00997
12	0.02448	0.06475	0.01997	0.01677	0.02068	0.54705	0.01290	0.10842	0.08291	0.02098	0.01280	0.01396	0.01025	0.00734	0.00624	0.00183	0.01088	0.00488	0.00421	0.00868
13	0.80789	0.01323	0.01006	0.00900	0.01323	0.01535	0.00741	0.02011	0.01164	0.03070	0.00953	0.01111	0.00741	0.00635	0.00423	0.00212	0.00529	0.00370	0.00423	0.00741
14	0.01863	0.72989	0.03509	0.01198	0.01773	0.05966	0.01178	0.02080	0.01415	0.01613	0.00956	0.01104	0.00878	0.00591	0.00447	0.00148	0.00755	0.00369	0.00295	0.00874
15	0.00809	0.00693	0.00693	0.00693	0.00924	0.00578	0.00520	0.00982	0.01559	0.01848	0.06931	0.06584	0.71411	0.01733	0.00809	0.00231	0.00347	0.01444	0.00635	0.00578
16	0.00933	0.00698	0.00866	0.00824	0.01000	0.00630	0.00618	0.01223	0.01853	0.02545	0.57087	0.05436	0.20820	0.01473	0.00807	0.00219	0.00328	0.01283	0.00727	0.00630
17	0.00995	0.00663	0.00746	0.00746	0.00746	0.00663	0.00415	0.00995	0.00995	0.01327	0.02156	0.04477	0.02487	0.75957	0.03482	0.00663	0.00663	0.00995	0.00415	0.00415
18	0.04179	0.00979	0.01198	0.01040	0.01342	0.00956	0.00813	0.04790	0.11191	0.18883	0.39464	0.03895	0.06102	0.01169	0.00747	0.00217	0.00437	0.01001	0.00751	0.00846
19	0.00977	0.00733	0.01100	0.01100	0.01222	0.00855	0.00855	0.01222	0.01100	0.01588	0.01833	0.02688	0.01710	0.05131	0.73245	0.01100	0.01833	0.00733	0.00367	0.00611
20	0.01695	0.01393	0.02165	0.02657	0.33166	0.01428	0.05347	0.12036	0.01721	0.06273	0.01730	0.05134	0.01523	0.04493	0.13568	0.00388	0.00961	0.02924	0.00449	0.00946
21	0.01954	0.08187	0.02252	0.01929	0.09564	0.24549	0.10120	0.08056	0.05454	0.03991	0.10598	0.04468	0.01884	0.00847	0.00729	0.00202	0.03175	0.00699	0.00464	0.00876
22	0.00900	0.00691	0.00826	0.00823	0.01000	0.00617	0.00617	0.01145	0.01714	0.02270	0.36858	0.12466	0.31263	0.01621	0.00820	0.00232	0.00353	0.04480	0.00691	0.00610
23	0.01505	0.01213	0.01427	0.01024	0.01628	0.00917	0.00821	0.01807	0.01447	0.05872	0.01293	0.01466	0.01049	0.00524	0.00516	0.00107	0.00511	0.00420	0.00428	0.76025
24	0.00988	0.00873	0.03718	0.00949	0.01157	0.00764	0.00742	0.01402	0.09245	0.02131	0.18541	0.23066	0.25621	0.03452	0.00877	0.00254	0.00423	0.04491	0.00647	0.00658
25	0.01370	0.13100	0.04872	0.01096	0.01440	0.03604	0.00916	0.08489	0.01628	0.02158	0.09847	0.17022	0.09143	0.06888	0.03155	0.00264	0.00616	0.02602	0.00517	0.11274
26	0.00880	0.00693	0.00794	0.00776	0.00970	0.00607	0.00579	0.01118	0.01719	0.02242	0.35421	0.08063	0.40505	0.01597	0.00810	0.00225	0.00338	0.01368	0.00688	0.00607
27	0.01801	0.09773	0.21231	0.02206	0.11714	0.20011	0.12650	0.02332	0.04969	0.02056	0.04004	0.01652	0.01205	0.00683	0.00659	0.00201	0.00988	0.00580	0.00359	0.00927
28	0.02090	0.04453	0.10439	0.02084	0.09202	0.13815	0.13065	0.15524	0.06579	0.09231	0.01530	0.01692	0.01141	0.00745	0.00776	0.00212	0.05338	0.00615	0.00473	0.00996
29	0.00809	0.00693	0.00693	0.00693	0.00924	0.00578	0.00520	0.00982	0.01559	0.01848	0.06931	0.06584	0.71411	0.01733	0.00809	0.00231	0.00347	0.01444	0.00635	0.00578
30	0.01650	0.02243	0.17142	0.04833	0.10039	0.12514	0.25802	0.02180	0.03685	0.02040	0.01366	0.01802	0.01094	0.03553	0.04649	0.00279	0.03226	0.00658	0.00346	0.00898
31	0.01824	0.68963	0.08098	0.01243	0.01849	0.05110	0.01266	0.02080	0.01413	0.01649	0.00973	0.01125	0.00877	0.00594	0.00459	0.00152	0.00768	0.00378	0.00295	0.00884
32	0.01749	0.25341	0.04907	0.01858	0.12880	0.10731	0.04521	0.04281	0.09532	0.02108	0.08348	0.04165	0.01733	0.00810	0.00694	0.00195	0.04183	0.00640	0.00425	0.00900

[dist]
# distance from previous block
# <min> <max>
0	4

[block]
# block no. 5 follows, 31 sequences, length 26
# corresponding to MSA columns:
# 559-584
name=unknown_F
#
# <colnr> <probs for GDERKNQSTAVLIFYWHMCP>
#	G	D	E	R	K	N	Q	S	T	A	V	L	I	F	Y	W	H	M	C	P
0	0.01744	0.02046	0.13292	0.02322	0.16780	0.11350	0.11404	0.08207	0.03219	0.03917	0.03066	0.03637	0.01400	0.01104	0.05712	0.00280	0.05807	0.03375	0.00412	0.00925
1	0.01497	0.01497	0.02095	0.01796	0.01796	0.02095	0.01497	0.01646	0.01048	0.01646	0.00898	0.01497	0.00898	0.01197	0.02245	0.00299	0.74704	0.00599	0.00299	0.00748
2	0.01419	0.01216	0.01419	0.01013	0.01621	0.00912	0.00811	0.01723	0.01419	0.02229	0.01216	0.01419	0.01013	0.00507	0.00507	0.00101	0.00507	0.00405	0.00405	0.80139
3	0.00968	0.00699	0.00914	0.00861	0.01022	0.00646	0.00646	0.01291	0.01937	0.02743	0.71328	0.05110	0.06455	0.01399	0.00807	0.00215	0.00323	0.01237	0.00753	0.00646
4	0.01694	0.01615	0.02694	0.04009	0.66962	0.01631	0.02031	0.02203	0.06216	0.02277	0.01388	0.01751	0.01152	0.00631	0.00679	0.00205	0.00794	0.00621	0.00363	0.01084
5	0.00939	0.00698	0.00874	0.00830	0.01004	0.00633	0.00622	0.01234	0.01867	0.02579	0.59501	0.05381	0.18385	0.01460	0.00807	0.00218	0.00327	0.01275	0.00731	0.00633
6	0.80789	0.01323	0.01006	0.00900	0.01323	0.01535	0.00741	0.02011	0.01164	0.03070	0.00953	0.01111	0.00741	0.00635	0.00423	0.00212	0.00529	0.00370	0.00423	0.00741
7	0.00832	0.00625	0.00772	0.00881	0.00976	0.00565	0.00605	0.00973	0.01399	0.01811	0.07169	0.54812	0.22083	0.02008	0.00854	0.00263	0.00381	0.01787	0.00640	0.00565
8	0.02601	0.01916	0.02053	0.01574	0.02122	0.02122	0.01300	0.69408	0.03217	0.04312	0.01643	0.01643	0.01163	0.00821	0.00684	0.00205	0.00753	0.00616	0.00684	0.01163
9	0.01829	0.76368	0.03585	0.01171	0.01756	0.02707	0.01171	0.02049	0.01390	0.01610	0.00951	0.01097	0.00878	0.00585	0.00439	0.00146	0.00732	0.00366	0.00293	0.00878
10	0.03070	0.01164	0.01588	0.01217	0.01746	0.01006	0.01006	0.03334	0.01958	0.72163	0.02699	0.02329	0.01694	0.00847	0.00688	0.00212	0.00582	0.00688	0.00847	0.01164
11	0.00977	0.00733	0.01100	0.01100	0.01222	0.00855	0.00855	0.01222	0.01100	0.01588	0.01833	0.02688	0.01710	0.05131	0.73245	0.01100	0.01833	0.00733	0.00367	0.00611
12	0.00869	0.00700	0.00782	0.00812	0.01011	0.00613	0.00626	0.01072	0.01578	0.01954	0.12278	0.11888	0.50299	0.01756	0.00833	0.00245	0.00390	0.11060	0.00646	0.00590
13	0.05865	0.00969	0.01082	0.03647	0.04360	0.03313	0.00876	0.01544	0.07810	0.02131	0.09273	0.05508	0.32252	0.01490	0.00792	0.00246	0.00511	0.17047	0.00601	0.00686
14	0.01802	0.72016	0.07698	0.01217	0.01828	0.02640	0.01252	0.02056	0.01393	0.01643	0.00968	0.01118	0.00877	0.00589	0.00452	0.00151	0.00748	0.00374	0.00292	0.00886
15	0.01764	0.01624	0.02401	0.24259	0.30294	0.08464	0.05666	0.02143	0.01544	0.08327	0.01352	0.01741	0.01054	0.00699	0.00785	0.00217	0.05747	0.00611	0.00374	0.00936
16	0.01703	0.03978	0.01537	0.01312	0.01640	0.10396	0.02617	0.02728	0.34503	0.07024	0.04311	0.02991	0.06021	0.09705	0.04129	0.00309	0.00708	0.02906	0.00591	0.00890
17	0.00983	0.00918	0.05738	0.00984	0.01196	0.00763	0.00796	0.01359	0.06115	0.02199	0.27442	0.22364	0.16400	0.01901	0.07364	0.00315	0.00543	0.01325	0.00633	0.00661
18	0.03686	0.00760	0.00916	0.00898	0.00954	0.00821	0.00606	0.01127	0.01081	0.01512	0.02344	0.04117	0.06781	0.48640	0.14938	0.00657	0.05843	0.03397	0.00421	0.00500
19	0.01347	0.01268	0.01491	0.08058	0.01764	0.10858	0.07083	0.01648	0.05845	0.01692	0.01970	0.08331	0.02006	0.27491	0.10696	0.00489	0.03743	0.03156	0.00421	0.00643
20	0.01663	0.00925	0.01167	0.01013	0.01315	0.00868	0.00791	0.02140	0.09782	0.23310	0.37222	0.04123	0.10419	0.01211	0.00759	0.00218	0.00427	0.01039	0.00764	0.00844
21	0.01361	0.01282	0.02066	0.53953	0.10352	0.01532	0.01780	0.01768	0.01358	0.01827	0.01191	0.01743	0.00936	0.00712	0.00823	0.00221	0.08215	0.00589	0.00316	0.07976
22	0.01472	0.01392	0.02351	0.49265	0.14801	0.01617	0.08119	0.05883	0.01517	0.02014	0.01255	0.01781	0.00965	0.00693	0.00761	0.00226	0.04077	0.00627	0.00336	0.00849
23	0.01615	0.01532	0.02597	0.03905	0.65288	0.01529	0.01967	0.01996	0.01535	0.02191	0.01512	0.08377	0.01395	0.00748	0.00695	0.00210	0.00775	0.00730	0.00365	0.01036
24	0.01643	0.01418	0.01491	0.01346	0.01723	0.01628	0.01046	0.03461	0.65917	0.02795	0.03058	0.02818	0.06653	0.00981	0.00704	0.00232	0.00529	0.00818	0.00692	0.01050
25	0.00809	0.00693	0.00693	0.00693	0.00924	0.00578	0.00520	0.00982	0.01559	0.01848	0.06931	0.06584	0.71411	0.01733	0.00809	0.00231	0.00347	0.01444	0.00635	0.00578

[dist]
# distance from previous block
# <min> <max>
0	2

[block]
# block no. 6 follows, 31 sequences, length 7
# corresponding to MSA columns:
# 587-593
name=unknown_G
#
# <colnr> <probs for GDERKNQSTAVLIFYWHMCP>
#	G	D	E	R	K	N	Q	S	T	A	V	L	I	F	Y	W	H	M	C	P
0	0.00977	0.00733	0.01100	0.01100	0.01222	0.00855	0.00855	0.01222	0.01100	0.01588	0.01833	0.02688	0.01710	0.05131	0.73245	0.01100	0.01833	0.00733	0.00367	0.00611
1	0.01536	0.10289	0.02270	0.01723	0.01791	0.02167	0.01458	0.01694	0.01088	0.01642	0.00904	0.01450	0.00896	0.01126	0.02033	0.00281	0.66017	0.00571	0.00299	0.00764
2	0.01347	0.01292	0.02243	0.63672	0.10386	0.01543	0.06274	0.01807	0.01400	0.01818	0.01233	0.01814	0.00935	0.00671	0.00691	0.00226	0.00919	0.00621	0.00310	0.00798
3	0.00957	0.00704	0.00899	0.00866	0.01035	0.00646	0.00659	0.01261	0.01867	0.02588	0.58980	0.05461	0.14351	0.01472	0.00816	0.00224	0.00345	0.05502	0.00731	0.00636
4	0.02357	0.05931	0.02030	0.01662	0.02041	0.38649	0.01310	0.19852	0.07405	0.02440	0.01319	0.01462	0.01048	0.00799	0.00804	0.00200	0.08801	0.00525	0.00456	0.00910
5	0.00995	0.00663	0.00746	0.00746	0.00746	0.00663	0.00415	0.00995	0.00995	0.01327	0.02156	0.04477	0.02487	0.75957	0.03482	0.00663	0.00663	0.00995	0.00415	0.00415
6	0.08403	0.04957	0.04112	0.05095	0.16974	0.17357	0.05347	0.05246	0.03821	0.11865	0.04594	0.02153	0.01509	0.00798	0.00665	0.00208	0.00835	0.04660	0.00475	0.00926

[dist]
# distance from previous block
# <min> <max>
0	2

[block]
# block no. 7 follows, 31 sequences, length 29
# corresponding to MSA columns:
# 596-624
name=unknown_H
#
# <colnr> <probs for GDERKNQSTAVLIFYWHMCP>
#	G	D	E	R	K	N	Q	S	T	A	V	L	I	F	Y	W	H	M	C	P
0	0.04165	0.35325	0.19815	0.01780	0.09896	0.06276	0.03871	0.02142	0.01465	0.04567	0.01179	0.01393	0.00965	0.00808	0.03522	0.00218	0.00885	0.00474	0.00330	0.00925
1	0.00828	0.00694	0.00720	0.00714	0.00936	0.00586	0.00535	0.01020	0.01606	0.01958	0.14856	0.06403	0.63417	0.01692	0.00808	0.00229	0.00344	0.01418	0.00650	0.00586
2	0.01659	0.01451	0.02247	0.14945	0.29644	0.01540	0.06041	0.06576	0.13681	0.05040	0.03611	0.05415	0.01626	0.00822	0.00710	0.00221	0.00756	0.02566	0.00469	0.00979
3	0.02556	0.03261	0.01939	0.01763	0.02115	0.73210	0.01322	0.02732	0.01939	0.01674	0.01058	0.01234	0.00881	0.00705	0.00617	0.00176	0.01234	0.00441	0.00353	0.00793
4	0.06462	0.07280	0.01445	0.01151	0.01386	0.15327	0.00876	0.05971	0.01431	0.07793	0.01374	0.01824	0.01173	0.01603	0.04581	0.33488	0.00774	0.00550	0.04881	0.00629
5	0.01702	0.01470	0.01547	0.01392	0.01779	0.01702	0.01083	0.03635	0.70453	0.02862	0.02785	0.02553	0.02088	0.00928	0.00696	0.00232	0.00541	0.00773	0.00696	0.01083
6	0.01027	0.00772	0.00967	0.00998	0.04088	0.00714	0.00700	0.01360	0.04563	0.04142	0.40483	0.11217	0.23432	0.01486	0.00800	0.00225	0.00372	0.01294	0.00693	0.00669
7	0.00812	0.00680	0.00707	0.00729	0.00933	0.00575	0.00536	0.00978	0.01525	0.01834	0.06499	0.15998	0.62276	0.01789	0.00817	0.00237	0.00353	0.01512	0.00635	0.00575
8	0.01250	0.01034	0.01467	0.07438	0.09571	0.01170	0.01117	0.03641	0.09855	0.02017	0.08386	0.02749	0.04824	0.02803	0.31781	0.03421	0.05505	0.00773	0.00448	0.00749
9	0.00837	0.00604	0.00785	0.00928	0.00979	0.00561	0.00620	0.00956	0.01316	0.01739	0.03930	0.68453	0.08983	0.04602	0.00957	0.00288	0.00402	0.01879	0.00628	0.00552
10	0.01639	0.01500	0.01892	0.11810	0.13830	0.06401	0.03447	0.02611	0.28949	0.04287	0.02095	0.02265	0.03601	0.01213	0.06991	0.00300	0.05020	0.00706	0.00501	0.00943
11	0.02901	0.01174	0.01570	0.01212	0.01728	0.01027	0.00995	0.05655	0.01959	0.64095	0.02634	0.04874	0.01745	0.00877	0.00687	0.00209	0.00579	0.00718	0.00814	0.04546
12	0.00923	0.00738	0.01165	0.01173	0.01288	0.00690	0.08474	0.01094	0.01345	0.01797	0.03498	0.67088	0.04126	0.01964	0.00866	0.00272	0.00483	0.01815	0.00602	0.00598
13	0.01393	0.03672	0.01448	0.01014	0.01583	0.00948	0.00811	0.01681	0.01410	0.02176	0.01380	0.06422	0.01246	0.00620	0.00529	0.00115	0.00507	0.00508	0.00417	0.72118
14	0.01702	0.01470	0.01547	0.01392	0.01779	0.01702	0.01083	0.03635	0.70453	0.02862	0.02785	0.02553	0.02088	0.00928	0.00696	0.00232	0.00541	0.00773	0.00696	0.01083
15	0.01275	0.00638	0.00638	0.00638	0.00797	0.00638	0.00478	0.01594	0.01435	0.02551	0.02232	0.02551	0.01754	0.00797	0.00478	0.00159	0.00319	0.00638	0.79755	0.00638
16	0.01027	0.00864	0.01250	0.01181	0.01310	0.00900	0.06060	0.01201	0.01315	0.01789	0.05627	0.38386	0.10561	0.07718	0.04443	0.00331	0.10856	0.01412	0.00533	0.03235
17	0.07694	0.18876	0.08019	0.03935	0.02527	0.04059	0.21794	0.15078	0.07066	0.02550	0.01384	0.01589	0.01063	0.00669	0.00643	0.00203	0.00874	0.00597	0.00426	0.00955
18	0.01272	0.00955	0.01256	0.01252	0.03903	0.02868	0.03295	0.06053	0.01438	0.04754	0.02592	0.08884	0.06266	0.18159	0.22035	0.00582	0.00996	0.12285	0.00494	0.00661
19	0.01856	0.14996	0.06041	0.04843	0.19054	0.12720	0.01532	0.06429	0.15830	0.02226	0.01488	0.01671	0.01197	0.00748	0.00749	0.00204	0.06460	0.00569	0.00420	0.00967
20	0.02080	0.44577	0.02833	0.01355	0.01864	0.18427	0.01199	0.06967	0.08463	0.04616	0.01269	0.01355	0.01048	0.00672	0.00531	0.00168	0.00822	0.00452	0.00394	0.00909
21	0.01275	0.00638	0.00638	0.00638	0.00797	0.00638	0.00478	0.01594	0.01435	0.02551	0.02232	0.02551	0.01754	0.00797	0.00478	0.00159	0.00319	0.00638	0.79755	0.00638
22	0.01812	0.09282	0.09424	0.05509	0.07679	0.11155	0.11714	0.06104	0.05770	0.08478	0.04002	0.08785	0.01620	0.00908	0.00778	0.02420	0.02461	0.00746	0.00457	0.00895
23	0.02325	0.16843	0.06754	0.01454	0.02018	0.02023	0.01293	0.36281	0.09973	0.11743	0.01731	0.01704	0.01253	0.00778	0.00635	0.00198	0.00721	0.00585	0.00601	0.01088
24	0.01275	0.00638	0.00638	0.00638	0.00797	0.00638	0.00478	0.01594	0.01435	0.02551	0.02232	0.02551	0.01754	0.00797	0.00478	0.00159	0.00319	0.00638	0.79755	0.00638
25	0.00995	0.00711	0.00883	0.00965	0.01088	0.00678	0.00691	0.01269	0.06080	0.04228	0.05933	0.46534	0.15143	0.04621	0.00945	0.00281	0.00432	0.07264	0.00641	0.00619
26	0.02268	0.02310	0.03774	0.01574	0.01996	0.31366	0.01247	0.12167	0.25975	0.07556	0.01863	0.01834	0.01399	0.00807	0.00660	0.00203	0.00874	0.00600	0.00551	0.00978
27	0.01552	0.01617	0.04481	0.07818	0.17624	0.06368	0.03845	0.01914	0.04346	0.01963	0.05991	0.02069	0.01478	0.00983	0.01360	0.00251	0.32110	0.03008	0.00373	0.00845
28	0.01727	0.17097	0.13679	0.04288	0.08872	0.14221	0.01433	0.08540	0.03706	0.02166	0.05772	0.07644	0.06289	0.00898	0.00647	0.00199	0.00802	0.00713	0.00432	0.00876

[dist]
# distance from previous block
# <min> <max>
1	2

[block]
# block no. 8 follows, 31 sequences, length 8
# corresponding to MSA columns:
# 627-634
name=unknown_I
#
# <colnr> <probs for GDERKNQSTAVLIFYWHMCP>
#	G	D	E	R	K	N	Q	S	T	A	V	L	I	F	Y	W	H	M	C	P
0	0.13146	0.18852	0.06135	0.01518	0.05096	0.15788	0.01245	0.07154	0.20113	0.02408	0.01541	0.01600	0.01212	0.00728	0.00580	0.00195	0.00770	0.00526	0.00459	0.00933
1	0.00977	0.00659	0.00762	0.00774	0.00788	0.00652	0.00451	0.01010	0.01088	0.01461	0.06853	0.11491	0.02948	0.63818	0.03051	0.00596	0.00615	0.01104	0.00458	0.00444
2	0.01755	0.18884	0.11083	0.09082	0.11475	0.08268	0.07821	0.02408	0.12837	0.04589	0.01478	0.01666	0.01155	0.00678	0.00624	0.00195	0.00832	0.00566	0.00400	0.04201
3	0.01275	0.00638	0.00638	0.00638	0.00797	0.00638	0.00478	0.01594	0.01435	0.02551	0.02232	0.02551	0.01754	0.00797	0.00478	0.00159	0.00319	0.00638	0.79755	0.00638
4	0.01611	0.01480	0.01780	0.09781	0.14426	0.10303	0.03420	0.06564	0.08591	0.04612	0.02432	0.11348	0.08435	0.04947	0.00941	0.00251	0.04154	0.03598	0.00492	0.00836
5	0.01188	0.00594	0.00891	0.00891	0.00891	0.00594	0.00594	0.00891	0.00891	0.01188	0.01188	0.02080	0.01188	0.02377	0.02674	0.80095	0.00594	0.00594	0.00297	0.00297
6	0.01275	0.00638	0.00638	0.00638	0.00797	0.00638	0.00478	0.01594	0.01435	0.02551	0.02232	0.02551	0.01754	0.00797	0.00478	0.00159	0.00319	0.00638	0.79755	0.00638
7	0.01683	0.01445	0.06521	0.01235	0.01835	0.01114	0.03940	0.08994	0.01665	0.09284	0.01531	0.04943	0.01247	0.00661	0.00583	0.00145	0.00598	0.00550	0.00478	0.51548

[dist]
# distance from previous block
# <min> <max>
5	9

[block]
