[name]
unknown

[dist]
# distance from previous block
# <min> <max>
0	177

[block]
# block no. 0 follows, 27 sequences, length 13
# corresponding to MSA columns:
# 216-228
name=unknown_A
#
# <colnr> <probs for GDERKNQSTAVLIFYWHMCP>
#	G	D	E	R	K	N	Q	S	T	A	V	L	I	F	Y	W	H	M	C	P
0	0.01159	0.00834	0.01149	0.01312	0.01477	0.00824	0.01127	0.01477	0.01686	0.02186	0.04116	0.13258	0.07434	0.02063	0.01012	0.00334	0.00650	0.56541	0.00684	0.00675
1	0.01722	0.01699	0.02137	0.01845	0.01927	0.07072	0.01518	0.06089	0.01367	0.01972	0.01154	0.01760	0.01091	0.01715	0.09921	0.00406	0.54756	0.00655	0.00365	0.00828
2	0.03108	0.01529	0.01876	0.01448	0.02022	0.01497	0.01193	0.23066	0.05473	0.46799	0.02580	0.02309	0.01680	0.00914	0.00746	0.00229	0.00687	0.00727	0.00857	0.01259
3	0.02068	0.01037	0.01293	0.01082	0.01473	0.00922	0.00861	0.05333	0.02051	0.31691	0.18295	0.04553	0.23560	0.01340	0.00814	0.00237	0.00502	0.01122	0.00818	0.00948
4	0.02164	0.01524	0.01688	0.01470	0.01923	0.01685	0.01157	0.03875	0.53873	0.17358	0.03002	0.02718	0.02175	0.00988	0.00753	0.00247	0.00597	0.00819	0.00790	0.01194
5	0.02754	0.01869	0.02148	0.01647	0.02218	0.02006	0.04106	0.50775	0.03094	0.13718	0.01975	0.01962	0.01381	0.00882	0.00734	0.00222	0.00778	0.00690	0.05828	0.01214
6	0.01308	0.01230	0.01981	0.01726	0.01879	0.01416	0.12666	0.01536	0.01380	0.01942	0.02537	0.35532	0.02856	0.01664	0.01459	0.00301	0.25957	0.01378	0.00505	0.00747
7	0.01031	0.00758	0.00965	0.00913	0.01097	0.00692	0.00685	0.01362	0.02054	0.02865	0.61791	0.05730	0.14172	0.01560	0.00876	0.00235	0.00353	0.01368	0.00802	0.00692
8	0.79154	0.01436	0.01091	0.00976	0.01436	0.01665	0.00804	0.02182	0.01263	0.03331	0.01034	0.01206	0.00804	0.00689	0.00459	0.00230	0.00574	0.00402	0.00459	0.00804
9	0.02704	0.05948	0.02172	0.01833	0.02263	0.53246	0.01411	0.13711	0.05659	0.02360	0.01345	0.01480	0.01074	0.00793	0.00679	0.00198	0.01192	0.00525	0.00459	0.00948
10	0.01599	0.01470	0.01373	0.01252	0.01564	0.11057	0.00957	0.06948	0.19957	0.02744	0.22427	0.06386	0.16618	0.01325	0.00807	0.00237	0.00596	0.01104	0.00704	0.00875
11	0.01051	0.00759	0.00992	0.00934	0.01109	0.00700	0.00700	0.01401	0.02101	0.02977	0.68888	0.05545	0.07005	0.01518	0.00876	0.00233	0.00350	0.01343	0.00817	0.00700
12	0.01695	0.02142	0.13030	0.10482	0.16192	0.01811	0.38880	0.02305	0.01687	0.02333	0.01439	0.01909	0.01096	0.00656	0.00812	0.00242	0.01133	0.00768	0.00361	0.01029

[dist]
# distance from previous block
# <min> <max>
0	2

[block]
# block no. 1 follows, 27 sequences, length 31
# corresponding to MSA columns:
# 231-261
name=unknown_B
#
# <colnr> <probs for GDERKNQSTAVLIFYWHMCP>
#	G	D	E	R	K	N	Q	S	T	A	V	L	I	F	Y	W	H	M	C	P
0	0.01644	0.01391	0.01503	0.01408	0.01747	0.01580	0.01071	0.03320	0.53670	0.02846	0.03251	0.17926	0.02833	0.01290	0.00797	0.00262	0.00554	0.01112	0.00741	0.01052
1	0.01612	0.01443	0.02479	0.17203	0.07568	0.01501	0.18774	0.02202	0.08314	0.06180	0.02173	0.13495	0.01980	0.01063	0.00887	0.00255	0.03922	0.03778	0.00499	0.04673
2	0.07895	0.02520	0.01995	0.01694	0.02166	0.30112	0.01329	0.24170	0.12076	0.06343	0.01708	0.01742	0.01280	0.00844	0.00695	0.00215	0.00971	0.00601	0.00587	0.01055
3	0.74729	0.01426	0.01128	0.00996	0.01462	0.01632	0.00821	0.02266	0.01314	0.07209	0.01144	0.01283	0.00864	0.00703	0.00476	0.00230	0.00578	0.00422	0.00486	0.00831
4	0.05763	0.02074	0.01911	0.01664	0.04351	0.16670	0.01278	0.30667	0.05371	0.03360	0.06512	0.02275	0.04950	0.00961	0.00799	0.00222	0.04302	0.00713	0.05133	0.01025
5	0.01039	0.00819	0.00989	0.01030	0.03033	0.00757	0.00745	0.01390	0.05025	0.02437	0.29563	0.13143	0.29958	0.01725	0.00883	0.00254	0.00415	0.05366	0.00731	0.00697
6	0.01089	0.00767	0.01110	0.01106	0.01211	0.00856	0.00825	0.01261	0.01216	0.01726	0.06513	0.03240	0.02237	0.12701	0.50679	0.10013	0.01577	0.00848	0.00424	0.00602
7	0.01489	0.03840	0.70064	0.02116	0.03213	0.01724	0.02743	0.02351	0.01567	0.02351	0.01332	0.01567	0.00940	0.00705	0.00705	0.00235	0.01097	0.00549	0.00313	0.01097
8	0.79154	0.01436	0.01091	0.00976	0.01436	0.01665	0.00804	0.02182	0.01263	0.03331	0.01034	0.01206	0.00804	0.00689	0.00459	0.00230	0.00574	0.00402	0.00459	0.00804
9	0.00988	0.00756	0.00905	0.00868	0.01071	0.00674	0.00651	0.01279	0.01953	0.02625	0.46663	0.06124	0.29449	0.01649	0.00876	0.00240	0.00360	0.01424	0.00771	0.00674
10	0.01062	0.00712	0.00815	0.00832	0.00836	0.00708	0.00474	0.01075	0.01114	0.01485	0.02513	0.11670	0.02919	0.66799	0.03497	0.00678	0.00691	0.01182	0.00474	0.00465
11	0.01460	0.01383	0.02316	0.61436	0.12073	0.01691	0.02066	0.01934	0.01491	0.01950	0.01312	0.01947	0.01010	0.00759	0.00819	0.00248	0.04249	0.00659	0.00334	0.00863
12	0.01846	0.01595	0.01679	0.01511	0.01930	0.01846	0.01175	0.03945	0.67938	0.03105	0.03022	0.02770	0.02266	0.01007	0.00755	0.00252	0.00588	0.00839	0.00755	0.01175
13	0.01080	0.00720	0.00810	0.00810	0.00810	0.00720	0.00450	0.01080	0.01080	0.01439	0.02339	0.04858	0.02699	0.73910	0.03779	0.00720	0.00720	0.01080	0.00450	0.00450
14	0.02822	0.02079	0.02228	0.01708	0.02302	0.02302	0.01411	0.66804	0.03490	0.04679	0.01782	0.01782	0.01262	0.00891	0.00743	0.00223	0.00817	0.00668	0.00743	0.01262
15	0.09531	0.01812	0.06563	0.01539	0.02094	0.01767	0.03649	0.29365	0.04814	0.12517	0.01843	0.01908	0.01330	0.00847	0.00768	0.00219	0.04251	0.00641	0.06822	0.07721
16	0.04871	0.02220	0.03106	0.02382	0.02929	0.18300	0.33367	0.07926	0.01924	0.04361	0.01622	0.06817	0.01365	0.00845	0.00878	0.00240	0.04629	0.00818	0.00447	0.00953
17	0.01070	0.00716	0.00813	0.00822	0.00825	0.00713	0.00463	0.01077	0.01099	0.01465	0.02438	0.08745	0.02824	0.69853	0.03618	0.00696	0.00703	0.01138	0.00463	0.00459
18	0.01760	0.39093	0.28951	0.01728	0.02501	0.02380	0.05016	0.02249	0.01517	0.02010	0.01165	0.01403	0.00958	0.00707	0.00716	0.00204	0.05829	0.00495	0.00319	0.01000
19	0.00983	0.00751	0.00901	0.00874	0.01070	0.00670	0.00651	0.01265	0.01926	0.02584	0.44195	0.09121	0.28950	0.01682	0.00879	0.00243	0.00363	0.01456	0.00766	0.00670
20	0.01695	0.00901	0.01199	0.01043	0.01331	0.00811	0.00811	0.02028	0.02108	0.21870	0.50238	0.04692	0.05544	0.01348	0.00839	0.00232	0.00430	0.01174	0.00846	0.00860
21	0.00909	0.00657	0.00861	0.01013	0.01074	0.00609	0.00682	0.01052	0.01467	0.01950	0.07166	0.66547	0.08742	0.02264	0.00940	0.00296	0.00424	0.02045	0.00695	0.00609
22	0.01515	0.07515	0.66615	0.02072	0.03145	0.01787	0.02666	0.02344	0.01564	0.02320	0.01317	0.01548	0.00941	0.00702	0.00693	0.00231	0.01081	0.00541	0.00314	0.01090
23	0.01052	0.00758	0.01029	0.01156	0.01281	0.00735	0.00908	0.01307	0.01635	0.02176	0.12894	0.31838	0.07057	0.02214	0.03747	0.00343	0.00585	0.27939	0.00693	0.00653
24	0.02705	0.01253	0.01633	0.01238	0.01816	0.01042	0.01011	0.03008	0.01958	0.47261	0.05911	0.02405	0.01898	0.00846	0.00698	0.00196	0.00594	0.00691	0.00778	0.23058
25	0.01896	0.01543	0.02076	0.01766	0.01911	0.01990	0.01456	0.07015	0.04730	0.10777	0.01557	0.05126	0.01374	0.01370	0.03838	0.00324	0.49126	0.00744	0.00472	0.00908
26	0.01569	0.01378	0.02292	0.29454	0.26390	0.01497	0.05463	0.02021	0.01587	0.02294	0.01593	0.02100	0.01258	0.00734	0.00699	0.00222	0.00829	0.00679	0.17013	0.00928
27	0.01089	0.00776	0.00954	0.00915	0.01123	0.00705	0.00689	0.01368	0.01875	0.05484	0.38397	0.09075	0.26346	0.01924	0.05658	0.00308	0.00487	0.01389	0.00745	0.00694
28	0.01958	0.32166	0.14965	0.02325	0.16771	0.08392	0.06220	0.05194	0.01715	0.02176	0.01238	0.01489	0.01024	0.00675	0.00628	0.00197	0.00946	0.00532	0.00356	0.01034
29	0.02108	0.05119	0.01978	0.01552	0.02007	0.16798	0.05106	0.18605	0.05173	0.05042	0.07348	0.09287	0.05299	0.01038	0.00737	0.00212	0.00813	0.00847	0.00590	0.10338
30	0.14326	0.05315	0.07677	0.01784	0.08296	0.12855	0.01392	0.15095	0.05570	0.09165	0.01674	0.04290	0.01319	0.00823	0.00663	0.00212	0.00825	0.00623	0.00541	0.07554

[dist]
# distance from previous block
# <min> <max>
3	7

[block]
# block no. 2 follows, 27 sequences, length 41
# corresponding to MSA columns:
# 270-310
name=unknown_C
#
# <colnr> <probs for GDERKNQSTAVLIFYWHMCP>
#	G	D	E	R	K	N	Q	S	T	A	V	L	I	F	Y	W	H	M	C	P
0	0.02164	0.08672	0.17550	0.05752	0.02484	0.18071	0.01645	0.16676	0.05741	0.05104	0.01929	0.02034	0.05454	0.00859	0.00699	0.00217	0.00953	0.00643	0.02333	0.01021
1	0.09465	0.01250	0.06886	0.01143	0.01513	0.01051	0.00987	0.04589	0.04844	0.06915	0.35837	0.04242	0.07260	0.01256	0.00785	0.00231	0.00515	0.04293	0.00700	0.06238
2	0.08476	0.28861	0.11149	0.02127	0.14897	0.18853	0.01642	0.02424	0.01673	0.02097	0.01166	0.01396	0.00982	0.00684	0.00599	0.00194	0.00961	0.00486	0.00354	0.00978
3	0.02207	0.01919	0.04123	0.01877	0.07692	0.04500	0.01424	0.26983	0.27462	0.03464	0.02119	0.02120	0.01592	0.00914	0.00829	0.00234	0.04741	0.00711	0.00654	0.04434
4	0.01025	0.00743	0.00956	0.00932	0.01087	0.00685	0.00682	0.01325	0.01954	0.02729	0.54954	0.14001	0.09771	0.04620	0.01004	0.00263	0.00377	0.01438	0.00780	0.00674
5	0.01226	0.01003	0.01379	0.01132	0.01485	0.00862	0.05614	0.01583	0.01900	0.02728	0.42160	0.04279	0.08329	0.01208	0.00787	0.00202	0.00473	0.01074	0.00675	0.21901
6	0.01783	0.20660	0.38468	0.02210	0.11451	0.08901	0.02194	0.02371	0.01622	0.02161	0.01249	0.01489	0.00976	0.00688	0.00650	0.00210	0.01019	0.00520	0.00328	0.01049
7	0.01783	0.01756	0.02546	0.06232	0.40809	0.06882	0.01898	0.02193	0.04004	0.02244	0.04244	0.02089	0.01467	0.04046	0.01188	0.00262	0.14245	0.00699	0.00396	0.01018
8	0.00963	0.00717	0.00910	0.01041	0.01161	0.00664	0.00772	0.01153	0.01549	0.01994	0.04868	0.43320	0.19947	0.02159	0.00948	0.00298	0.00474	0.15748	0.00688	0.00626
9	0.00877	0.00752	0.00752	0.00752	0.01003	0.00627	0.00564	0.01065	0.01692	0.02005	0.07520	0.07144	0.68978	0.01880	0.00877	0.00251	0.00376	0.01567	0.00689	0.00627
10	0.01065	0.00722	0.00805	0.00805	0.00824	0.00713	0.00458	0.01079	0.01125	0.01481	0.02722	0.05027	0.07601	0.68583	0.03564	0.00685	0.00694	0.01116	0.00468	0.00463
11	0.01693	0.01562	0.02457	0.11502	0.41490	0.01511	0.01825	0.02107	0.01621	0.02370	0.01393	0.01798	0.01152	0.00646	0.00680	0.00192	0.00790	0.00602	0.02434	0.22174
12	0.01875	0.01273	0.01572	0.01203	0.01750	0.01075	0.02357	0.06837	0.01767	0.14311	0.01933	0.07183	0.01599	0.01001	0.03604	0.00206	0.00639	0.00672	0.04876	0.44265
13	0.01825	0.21568	0.05141	0.01957	0.04144	0.04578	0.18857	0.05385	0.01646	0.02259	0.01414	0.01778	0.01164	0.00799	0.00954	0.00222	0.12950	0.00640	0.11796	0.00926
14	0.01947	0.54533	0.03288	0.01336	0.01912	0.02640	0.01244	0.02692	0.19607	0.02117	0.01574	0.01621	0.01311	0.00736	0.00552	0.00184	0.00738	0.00517	0.00437	0.01013
15	0.00940	0.00755	0.00839	0.00818	0.01041	0.00653	0.00614	0.01187	0.01841	0.02358	0.29771	0.06565	0.46508	0.01749	0.00877	0.00244	0.00367	0.01485	0.00736	0.00653
16	0.01002	0.00761	0.00925	0.00894	0.01093	0.00684	0.00678	0.01301	0.01956	0.02639	0.46795	0.06168	0.26480	0.01654	0.00882	0.00243	0.00372	0.04025	0.00771	0.00676
17	0.04182	0.01741	0.01743	0.01736	0.08096	0.10596	0.01218	0.10693	0.29901	0.02796	0.02583	0.05576	0.04456	0.08198	0.01049	0.00287	0.00742	0.02777	0.00624	0.01006
18	0.00985	0.00777	0.00906	0.00960	0.01171	0.00698	0.00765	0.01228	0.01715	0.02139	0.11120	0.10803	0.41944	0.01924	0.00924	0.00279	0.00466	0.19850	0.00698	0.00648
19	0.01882	0.02259	0.23882	0.04144	0.02377	0.01644	0.01668	0.23659	0.04359	0.05312	0.15203	0.02773	0.05585	0.01001	0.00764	0.00232	0.00788	0.00813	0.00607	0.01049
20	0.02914	0.01174	0.01572	0.01236	0.01747	0.01016	0.01010	0.03197	0.02083	0.57961	0.08802	0.03206	0.08520	0.01058	0.00769	0.00232	0.00585	0.00872	0.00889	0.01158
21	0.01689	0.01601	0.02630	0.09515	0.46772	0.01636	0.03943	0.02166	0.04380	0.02338	0.01809	0.05953	0.03855	0.00835	0.00813	0.00229	0.03579	0.00775	0.00412	0.05069
22	0.02025	0.65660	0.06655	0.01358	0.01994	0.08260	0.01348	0.02287	0.01558	0.01779	0.01054	0.01219	0.00952	0.00648	0.00502	0.00165	0.00850	0.00410	0.00323	0.00952
23	0.01286	0.00945	0.01109	0.01017	0.01207	0.00954	0.00735	0.07433	0.08067	0.02686	0.36207	0.04822	0.07260	0.21150	0.01643	0.00367	0.00516	0.01172	0.00700	0.00724
24	0.01958	0.70524	0.07487	0.01316	0.01976	0.02871	0.01350	0.02230	0.01512	0.01779	0.01048	0.01211	0.00952	0.00639	0.00489	0.00163	0.00810	0.00405	0.00317	0.00961
25	0.01514	0.01128	0.01311	0.01228	0.01485	0.01157	0.00916	0.19172	0.05664	0.02822	0.08009	0.39757	0.06221	0.01716	0.00857	0.00263	0.00542	0.01504	0.00706	0.04029
26	0.01689	0.24382	0.32267	0.05976	0.03072	0.02116	0.16107	0.02293	0.01585	0.02151	0.01279	0.01572	0.00987	0.00669	0.00676	0.00216	0.01034	0.00580	0.00329	0.01018
27	0.01102	0.03814	0.01238	0.01130	0.01261	0.00975	0.00860	0.01320	0.01187	0.01675	0.02009	0.03179	0.01964	0.17113	0.56513	0.01069	0.01721	0.00828	0.00403	0.00638
28	0.03198	0.01268	0.01709	0.01304	0.01885	0.01084	0.01075	0.03489	0.02081	0.64811	0.02810	0.02454	0.01783	0.00892	0.00732	0.00221	0.00626	0.00724	0.00883	0.06972
29	0.01639	0.01404	0.01486	0.01352	0.01727	0.01575	0.01046	0.03315	0.52916	0.02927	0.08582	0.03645	0.12841	0.01179	0.00783	0.00250	0.00538	0.00988	0.00750	0.01056
30	0.04868	0.01382	0.02069	0.48732	0.05609	0.01663	0.01781	0.05127	0.08500	0.04792	0.04511	0.02180	0.01425	0.00833	0.00798	0.00247	0.03440	0.00701	0.00442	0.00899
31	0.26240	0.40402	0.06239	0.05164	0.02003	0.02319	0.01236	0.02262	0.01461	0.05386	0.01151	0.01320	0.00948	0.00675	0.00510	0.00193	0.00744	0.00437	0.00390	0.00920
32	0.08680	0.01584	0.01653	0.01433	0.01883	0.04316	0.01131	0.06357	0.42126	0.15808	0.05068	0.02593	0.02137	0.00968	0.00729	0.00241	0.00625	0.00782	0.00749	0.01135
33	0.01080	0.00720	0.00810	0.00810	0.00810	0.00720	0.00450	0.01080	0.01080	0.01439	0.02339	0.04858	0.02699	0.73910	0.03779	0.00720	0.00720	0.01080	0.00450	0.00450
34	0.01837	0.01906	0.03986	0.05858	0.11665	0.01811	0.52739	0.02416	0.01755	0.06114	0.01562	0.02011	0.01167	0.00651	0.00847	0.00245	0.01163	0.00835	0.00403	0.01030
35	0.01846	0.01595	0.01679	0.01511	0.01930	0.01846	0.01175	0.03945	0.67938	0.03105	0.03022	0.02770	0.02266	0.01007	0.00755	0.00252	0.00588	0.00839	0.00755	0.01175
36	0.01985	0.74357	0.03890	0.01270	0.01905	0.02937	0.01270	0.02223	0.01508	0.01747	0.01032	0.01191	0.00953	0.00635	0.00476	0.00159	0.00794	0.00397	0.00318	0.00953
37	0.16598	0.01567	0.01636	0.01404	0.01874	0.01747	0.01119	0.10464	0.38322	0.13564	0.02501	0.02332	0.01818	0.00922	0.00697	0.00241	0.00617	0.00725	0.00724	0.01129
38	0.03202	0.01271	0.01707	0.01317	0.01873	0.01119	0.01085	0.05945	0.02176	0.64073	0.06056	0.02643	0.02064	0.00947	0.00753	0.00230	0.00625	0.00772	0.00907	0.01236
39	0.00877	0.00752	0.00752	0.00752	0.01003	0.00627	0.00564	0.01065	0.01692	0.02005	0.07520	0.07144	0.68978	0.01880	0.00877	0.00251	0.00376	0.01567	0.00689	0.00627
40	0.02817	0.01998	0.02166	0.01671	0.02256	0.02193	0.01377	0.59370	0.06220	0.09425	0.01922	0.01881	0.01349	0.00898	0.00743	0.00225	0.00793	0.00682	0.00756	0.01259

[dist]
# distance from previous block
# <min> <max>
5	9

[block]
# block no. 3 follows, 27 sequences, length 11
# corresponding to MSA columns:
# 321-331
name=unknown_D
#
# <colnr> <probs for GDERKNQSTAVLIFYWHMCP>
#	G	D	E	R	K	N	Q	S	T	A	V	L	I	F	Y	W	H	M	C	P
0	0.09204	0.00913	0.01110	0.01212	0.06769	0.00875	0.00796	0.01429	0.01688	0.02466	0.27069	0.13778	0.16177	0.09186	0.01127	0.00291	0.00479	0.01269	0.00650	0.03512
1	0.25880	0.12543	0.16817	0.01411	0.02024	0.01787	0.01414	0.06171	0.07570	0.02768	0.01644	0.02227	0.01396	0.00858	0.00625	0.00226	0.00746	0.07131	0.00472	0.06293
2	0.01568	0.15074	0.59522	0.01981	0.03005	0.01917	0.02508	0.02331	0.01558	0.02255	0.01284	0.01507	0.00942	0.00694	0.00669	0.00223	0.01049	0.00524	0.00314	0.01074
3	0.01714	0.01638	0.02790	0.23692	0.51108	0.01731	0.02217	0.02170	0.01632	0.02276	0.01375	0.01878	0.01123	0.00684	0.00737	0.00228	0.00912	0.00661	0.00357	0.01076
4	0.01508	0.06047	0.52994	0.02150	0.07472	0.01733	0.02422	0.02230	0.01585	0.02342	0.06456	0.01879	0.01422	0.00802	0.00829	0.00237	0.05869	0.00618	0.00357	0.01047
5	0.00904	0.00646	0.00861	0.01034	0.01077	0.00603	0.00689	0.01034	0.01421	0.01895	0.04092	0.73426	0.04910	0.02326	0.00948	0.00301	0.00431	0.02110	0.00689	0.00603
6	0.01538	0.03496	0.57785	0.02305	0.03338	0.01753	0.14677	0.02356	0.01602	0.02356	0.01364	0.01649	0.00975	0.00690	0.00737	0.00238	0.01126	0.00610	0.00325	0.01079
7	0.01539	0.01319	0.01539	0.01100	0.01759	0.00990	0.00880	0.01869	0.01539	0.02419	0.01319	0.01539	0.01100	0.00550	0.00550	0.00110	0.00550	0.00440	0.00440	0.78449
8	0.01289	0.00645	0.00967	0.00967	0.00967	0.00645	0.00645	0.00967	0.00967	0.01289	0.01289	0.02257	0.01289	0.02579	0.02901	0.78401	0.00645	0.00645	0.00322	0.00322
9	0.01896	0.47090	0.12656	0.01466	0.02070	0.09630	0.01469	0.02208	0.01566	0.01859	0.01530	0.01699	0.05644	0.00789	0.00689	0.00190	0.05741	0.00524	0.00350	0.00931
10	0.19598	0.09453	0.14728	0.01378	0.02016	0.01642	0.01343	0.10093	0.01840	0.17790	0.01707	0.01757	0.01220	0.00761	0.00616	0.00209	0.00721	0.00558	0.05337	0.07231

[dist]
# distance from previous block
# <min> <max>
10	21

[block]
# block no. 4 follows, 27 sequences, length 88
# corresponding to MSA columns:
# 355-427,431-445
name=unknown_E
#
# <colnr> <probs for GDERKNQSTAVLIFYWHMCP>
#	G	D	E	R	K	N	Q	S	T	A	V	L	I	F	Y	W	H	M	C	P
0	0.10636	0.47867	0.08792	0.01325	0.01941	0.05288	0.01307	0.02342	0.04301	0.05022	0.01508	0.01611	0.03964	0.00734	0.00543	0.00185	0.00784	0.00498	0.00396	0.00953
1	0.30912	0.06539	0.04771	0.04959	0.02063	0.01807	0.03642	0.09587	0.11577	0.07913	0.01607	0.01718	0.01208	0.00793	0.00690	0.00227	0.03886	0.00571	0.00535	0.04995
2	0.11966	0.04685	0.01884	0.04758	0.06492	0.07763	0.01253	0.05878	0.21356	0.22942	0.02265	0.02174	0.01616	0.00865	0.00694	0.00230	0.00721	0.00680	0.00672	0.01107
3	0.02893	0.01341	0.01706	0.01368	0.01889	0.01276	0.01119	0.08119	0.12588	0.49439	0.05151	0.02856	0.02141	0.00998	0.00764	0.00237	0.00631	0.03412	0.00867	0.01206
4	0.02738	0.06710	0.02184	0.01884	0.02278	0.67885	0.01427	0.02931	0.02077	0.01814	0.01142	0.01332	0.00956	0.00759	0.00661	0.00190	0.01314	0.00474	0.00380	0.00865
5	0.79154	0.01436	0.01091	0.00976	0.01436	0.01665	0.00804	0.02182	0.01263	0.03331	0.01034	0.01206	0.00804	0.00689	0.00459	0.00230	0.00574	0.00402	0.00459	0.00804
6	0.01289	0.00645	0.00967	0.00967	0.00967	0.00645	0.00645	0.00967	0.00967	0.01289	0.01289	0.02257	0.01289	0.02579	0.02901	0.78401	0.00645	0.00645	0.00322	0.00322
7	0.02019	0.71259	0.03812	0.01298	0.01922	0.05911	0.01277	0.02255	0.01534	0.01750	0.01037	0.01197	0.00953	0.00641	0.00485	0.00160	0.00818	0.00401	0.00320	0.00949
8	0.02174	0.01056	0.01394	0.01133	0.01548	0.00915	0.00903	0.02493	0.02052	0.34298	0.30633	0.03696	0.03942	0.01132	0.00780	0.00218	0.00504	0.00965	0.00824	0.09339
9	0.02499	0.06853	0.05228	0.01905	0.02313	0.54708	0.03926	0.02736	0.01952	0.01861	0.01327	0.01549	0.02853	0.00822	0.00809	0.00206	0.06667	0.00535	0.00380	0.00871
10	0.01781	0.45446	0.31020	0.01617	0.02441	0.02440	0.01874	0.02275	0.01533	0.01994	0.01155	0.01345	0.00948	0.00664	0.00570	0.00190	0.00918	0.00459	0.00316	0.01012
11	0.01196	0.00854	0.01196	0.01367	0.01538	0.00854	0.01196	0.01538	0.01709	0.02222	0.03931	0.08374	0.04272	0.02051	0.01025	0.00342	0.00684	0.64283	0.00684	0.00684
12	0.01080	0.00720	0.00810	0.00810	0.00810	0.00720	0.00450	0.01080	0.01080	0.01439	0.02339	0.04858	0.02699	0.73910	0.03779	0.00720	0.00720	0.01080	0.00450	0.00450
13	0.01458	0.01391	0.02408	0.55780	0.13025	0.01632	0.06287	0.01938	0.01525	0.01996	0.01465	0.05163	0.01198	0.00795	0.00759	0.00247	0.00968	0.00739	0.00354	0.00871
14	0.01763	0.01707	0.02994	0.06465	0.55215	0.01704	0.09373	0.02197	0.01650	0.02337	0.01468	0.02060	0.01264	0.05495	0.00952	0.00258	0.00916	0.00713	0.00373	0.01096
15	0.02773	0.03538	0.02104	0.01913	0.02295	0.70930	0.01434	0.02964	0.02104	0.01817	0.01148	0.01339	0.00956	0.00765	0.00669	0.00191	0.01339	0.00478	0.00383	0.00861
16	0.01489	0.03840	0.70064	0.02116	0.03213	0.01724	0.02743	0.02351	0.01567	0.02351	0.01332	0.01567	0.00940	0.00705	0.00705	0.00235	0.01097	0.00549	0.00313	0.01097
17	0.01924	0.02443	0.10021	0.02853	0.07763	0.15098	0.41568	0.02461	0.01777	0.02251	0.01393	0.01810	0.01074	0.00685	0.00864	0.00238	0.03672	0.00747	0.00369	0.00988
18	0.01441	0.03371	0.08025	0.01772	0.09270	0.01239	0.07310	0.02057	0.09455	0.04900	0.24944	0.04364	0.08747	0.01254	0.00834	0.00248	0.00651	0.08590	0.00638	0.00890
19	0.01103	0.00829	0.01158	0.01137	0.01224	0.00959	0.00842	0.01288	0.01158	0.01649	0.02018	0.03368	0.02031	0.24177	0.47873	0.01005	0.06295	0.00864	0.00407	0.00614
20	0.79154	0.01436	0.01091	0.00976	0.01436	0.01665	0.00804	0.02182	0.01263	0.03331	0.01034	0.01206	0.00804	0.00689	0.00459	0.00230	0.00574	0.00402	0.00459	0.00804
21	0.01033	0.00758	0.00968	0.00916	0.01098	0.00693	0.00687	0.01367	0.02060	0.02880	0.62733	0.05706	0.13220	0.01554	0.00876	0.00235	0.00353	0.01365	0.00804	0.00693
22	0.01754	0.01783	0.03183	0.02571	0.07377	0.01826	0.35505	0.02797	0.22607	0.02577	0.02074	0.02539	0.01642	0.00850	0.00906	0.00257	0.04155	0.04047	0.00508	0.01043
23	0.02536	0.01937	0.02067	0.01650	0.02193	0.02169	0.01342	0.48394	0.22365	0.04218	0.02145	0.02072	0.01556	0.00925	0.00746	0.00231	0.00750	0.00718	0.00746	0.01237
24	0.02078	0.04751	0.01877	0.01580	0.02017	0.12472	0.01239	0.09191	0.49717	0.02993	0.02551	0.02404	0.01928	0.00946	0.00730	0.00236	0.00730	0.00752	0.00680	0.01126
25	0.01076	0.00734	0.00880	0.00880	0.00905	0.00758	0.00538	0.01125	0.01101	0.01492	0.02274	0.04500	0.02543	0.61297	0.16179	0.00807	0.00954	0.01027	0.00440	0.00489
26	0.01825	0.46532	0.22499	0.01807	0.06807	0.02472	0.04608	0.02269	0.01548	0.01989	0.01161	0.01375	0.00972	0.00656	0.00575	0.00188	0.00905	0.00478	0.00322	0.01010
27	0.01753	0.20322	0.02818	0.01686	0.02248	0.01894	0.14032	0.05390	0.01609	0.02246	0.01289	0.01621	0.01091	0.00908	0.03767	0.00228	0.09961	0.00568	0.00395	0.26173
28	0.08767	0.02157	0.02043	0.01636	0.02175	0.12962	0.01325	0.42376	0.06455	0.10110	0.01798	0.01790	0.01286	0.00864	0.00710	0.00221	0.00851	0.00634	0.00681	0.01159
29	0.00904	0.00646	0.00861	0.01034	0.01077	0.00603	0.00689	0.01034	0.01421	0.01895	0.04092	0.73426	0.04910	0.02326	0.00948	0.00301	0.00431	0.02110	0.00689	0.00603
30	0.02437	0.01902	0.09445	0.01612	0.02196	0.01746	0.03608	0.31299	0.08542	0.17001	0.10264	0.02463	0.02129	0.00954	0.00761	0.00230	0.00748	0.00776	0.00728	0.01159
31	0.41549	0.01733	0.01796	0.01444	0.01969	0.06305	0.07733	0.14823	0.01909	0.12174	0.01483	0.01581	0.01071	0.00757	0.00608	0.00228	0.00748	0.00552	0.00561	0.00976
32	0.01061	0.00795	0.01193	0.01193	0.01326	0.00928	0.00928	0.01326	0.01193	0.01723	0.01988	0.02916	0.01856	0.05568	0.70968	0.01193	0.01988	0.00795	0.00398	0.00663
33	0.01846	0.01595	0.01679	0.01511	0.01930	0.01846	0.01175	0.03945	0.67938	0.03105	0.03022	0.02770	0.02266	0.01007	0.00755	0.00252	0.00588	0.00839	0.00755	0.01175
34	0.01126	0.00858	0.01046	0.01058	0.01224	0.00857	0.00764	0.01675	0.13005	0.02516	0.29384	0.30110	0.07875	0.03808	0.00965	0.00276	0.00432	0.01541	0.00744	0.00735
35	0.01642	0.01614	0.02713	0.01954	0.02639	0.01398	0.27884	0.02183	0.04985	0.02437	0.01480	0.01792	0.01170	0.00604	0.00694	0.00175	0.00840	0.00639	0.00429	0.42728
36	0.00901	0.00661	0.00846	0.00993	0.01066	0.00606	0.00671	0.01038	0.01461	0.01911	0.04589	0.63808	0.14206	0.02261	0.00937	0.00294	0.00423	0.02032	0.00689	0.00606
37	0.01816	0.20621	0.04138	0.02580	0.03287	0.02149	0.46938	0.02406	0.04546	0.02247	0.01446	0.01827	0.01131	0.00645	0.00768	0.00227	0.01105	0.00751	0.00377	0.00996
38	0.01845	0.01759	0.02474	0.30442	0.30075	0.09924	0.01978	0.02265	0.01676	0.05634	0.01413	0.01858	0.01108	0.00715	0.00724	0.00224	0.00953	0.00635	0.00386	0.03914
39	0.08836	0.01670	0.02508	0.03305	0.42338	0.01719	0.04011	0.10149	0.05333	0.02839	0.06249	0.02258	0.03917	0.00808	0.00731	0.00226	0.00791	0.00732	0.00483	0.01096
40	0.02000	0.68999	0.06086	0.01326	0.01966	0.05717	0.01328	0.02258	0.01535	0.01770	0.01047	0.01210	0.00952	0.00643	0.00492	0.00163	0.00827	0.00406	0.00320	0.00954
41	0.02288	0.01814	0.01927	0.01600	0.02099	0.02053	0.01282	0.32420	0.38743	0.03818	0.02460	0.02322	0.01811	0.00955	0.00750	0.00239	0.00691	0.00762	0.00750	0.01215
42	0.01747	0.06694	0.07901	0.03224	0.39947	0.01607	0.04740	0.02169	0.01691	0.05848	0.06145	0.08499	0.01893	0.00877	0.00743	0.00223	0.00808	0.00816	0.00450	0.03978
43	0.01799	0.47982	0.28641	0.01587	0.02394	0.02484	0.01821	0.02271	0.01530	0.01973	0.01144	0.01332	0.00948	0.00661	0.00562	0.00187	0.00907	0.00454	0.00316	0.01007
44	0.01068	0.00765	0.01040	0.01040	0.01120	0.00845	0.00737	0.01228	0.01148	0.01610	0.02128	0.03690	0.02192	0.32806	0.44190	0.01004	0.01483	0.00909	0.00418	0.00578
45	0.01732	0.01657	0.02823	0.20863	0.53794	0.01736	0.02226	0.02186	0.01641	0.02298	0.01378	0.01872	0.01131	0.00681	0.00737	0.00227	0.00908	0.00661	0.00358	0.01091
46	0.01582	0.16372	0.50526	0.02070	0.07242	0.01901	0.02353	0.02280	0.01589	0.02274	0.04308	0.01695	0.01230	0.00726	0.00673	0.00220	0.00994	0.00564	0.00340	0.01058
47	0.02480	0.01536	0.02760	0.06765	0.02853	0.01418	0.26844	0.02910	0.01918	0.35955	0.02451	0.02476	0.04286	0.00832	0.00803	0.00240	0.00888	0.00826	0.00656	0.01105
48	0.01503	0.03745	0.66662	0.02168	0.03248	0.01732	0.06049	0.02352	0.01577	0.02352	0.01341	0.01590	0.00950	0.00701	0.00714	0.00236	0.01105	0.00566	0.00317	0.01092
49	0.02549	0.01431	0.02437	0.01967	0.05778	0.01298	0.19204	0.02930	0.01932	0.39800	0.02586	0.07330	0.01937	0.00976	0.00809	0.00245	0.00805	0.04158	0.00714	0.01113
50	0.01753	0.01947	0.10360	0.11378	0.55225	0.01747	0.02307	0.02246	0.01655	0.02362	0.01381	0.01822	0.01130	0.00675	0.00732	0.00225	0.00917	0.00649	0.00358	0.01130
51	0.03331	0.01263	0.01723	0.01321	0.01895	0.01091	0.01091	0.03618	0.02125	0.69794	0.02929	0.02527	0.01838	0.00919	0.00747	0.00230	0.00632	0.00747	0.00919	0.01263
52	0.02361	0.02425	0.31528	0.01689	0.02474	0.01452	0.01821	0.03102	0.09275	0.32884	0.02243	0.02136	0.01494	0.00836	0.00730	0.00235	0.00830	0.00671	0.00636	0.01181
53	0.01631	0.02380	0.24884	0.10207	0.30393	0.01705	0.10287	0.02224	0.01626	0.02320	0.01493	0.04753	0.01229	0.00748	0.00752	0.00235	0.00990	0.00711	0.00360	0.01070
54	0.00884	0.00727	0.00778	0.00818	0.01020	0.00621	0.00593	0.01058	0.01629	0.01980	0.06721	0.22590	0.54048	0.01984	0.00894	0.00263	0.00389	0.01693	0.00689	0.00621
55	0.03331	0.01263	0.01723	0.01321	0.01895	0.01091	0.01091	0.03618	0.02125	0.69794	0.02929	0.02527	0.01838	0.00919	0.00747	0.00230	0.00632	0.00747	0.00919	0.01263
56	0.02843	0.02768	0.01989	0.01727	0.02164	0.45775	0.01332	0.08603	0.02194	0.18102	0.01656	0.01719	0.01226	0.00998	0.03417	0.00242	0.01152	0.00570	0.00541	0.00983
57	0.01489	0.03840	0.70064	0.02116	0.03213	0.01724	0.02743	0.02351	0.01567	0.02351	0.01332	0.01567	0.00940	0.00705	0.00705	0.00235	0.01097	0.00549	0.00313	0.01097
58	0.00877	0.00752	0.00752	0.00752	0.01003	0.00627	0.00564	0.01065	0.01692	0.02005	0.07520	0.07144	0.68978	0.01880	0.00877	0.00251	0.00376	0.01567	0.00689	0.00627
59	0.01489	0.03840	0.70064	0.02116	0.03213	0.01724	0.02743	0.02351	0.01567	0.02351	0.01332	0.01567	0.00940	0.00705	0.00705	0.00235	0.01097	0.00549	0.00313	0.01097
60	0.02851	0.02748	0.02110	0.01773	0.02255	0.37708	0.01389	0.27063	0.02628	0.10088	0.01575	0.01631	0.01165	0.00829	0.00705	0.00207	0.01068	0.00578	0.00575	0.01055
61	0.02472	0.02947	0.02814	0.02275	0.02783	0.45772	0.22229	0.02806	0.01992	0.05015	0.01340	0.01604	0.01050	0.00727	0.00739	0.00212	0.01280	0.00617	0.00404	0.00923
62	0.01619	0.01317	0.01548	0.01109	0.01765	0.00994	0.00889	0.01947	0.01565	0.05411	0.01391	0.01583	0.01132	0.00566	0.00559	0.00115	0.00553	0.00453	0.00461	0.75021
63	0.02135	0.02233	0.05219	0.01601	0.01979	0.26485	0.01306	0.08192	0.09448	0.06977	0.09976	0.02965	0.06331	0.01094	0.00891	0.00235	0.06490	0.04950	0.00573	0.00921
64	0.01313	0.01041	0.01412	0.01318	0.01443	0.01290	0.01050	0.01687	0.05648	0.02015	0.01875	0.02551	0.01667	0.03351	0.36474	0.00730	0.19580	0.00743	0.14072	0.00740
65	0.01646	0.01554	0.02610	0.22406	0.45561	0.01637	0.02090	0.02085	0.01636	0.02254	0.01771	0.02443	0.04212	0.00808	0.00758	0.00235	0.00879	0.03995	0.00388	0.01032
66	0.02555	0.08880	0.15863	0.01456	0.02096	0.01392	0.01415	0.03023	0.04510	0.40712	0.05801	0.05108	0.01965	0.00936	0.00726	0.00228	0.00719	0.00759	0.00716	0.01142
67	0.01402	0.01319	0.02227	0.72126	0.05113	0.01649	0.02062	0.01897	0.01484	0.01897	0.01319	0.01979	0.00990	0.00742	0.00742	0.00247	0.00990	0.00660	0.00330	0.00825
68	0.01189	0.00847	0.01125	0.01115	0.01300	0.00794	0.03232	0.04705	0.01738	0.05690	0.14338	0.39234	0.15231	0.01907	0.00905	0.00275	0.00482	0.04474	0.00711	0.00708
69	0.01810	0.49528	0.27190	0.01568	0.02366	0.02510	0.01789	0.02268	0.01529	0.01959	0.01138	0.01323	0.00948	0.00660	0.00557	0.00186	0.00901	0.00450	0.00316	0.01004
70	0.00932	0.00672	0.00886	0.01024	0.01097	0.00626	0.00707	0.01098	0.01522	0.02035	0.11505	0.60037	0.07987	0.02203	0.00940	0.00293	0.00430	0.04683	0.00703	0.00618
71	0.01489	0.03840	0.70064	0.02116	0.03213	0.01724	0.02743	0.02351	0.01567	0.02351	0.01332	0.01567	0.00940	0.00705	0.00705	0.00235	0.01097	0.00549	0.00313	0.01097
72	0.02773	0.03538	0.02104	0.01913	0.02295	0.70930	0.01434	0.02964	0.02104	0.01817	0.01148	0.01339	0.00956	0.00765	0.00669	0.00191	0.01339	0.00478	0.00383	0.00861
73	0.79154	0.01436	0.01091	0.00976	0.01436	0.01665	0.00804	0.02182	0.01263	0.03331	0.01034	0.01206	0.00804	0.00689	0.00459	0.00230	0.00574	0.00402	0.00459	0.00804
74	0.01985	0.74357	0.03890	0.01270	0.01905	0.02937	0.01270	0.02223	0.01508	0.01747	0.01032	0.01191	0.00953	0.00635	0.00476	0.00159	0.00794	0.00397	0.00318	0.00953
75	0.01489	0.03840	0.70064	0.02116	0.03213	0.01724	0.02743	0.02351	0.01567	0.02351	0.01332	0.01567	0.00940	0.00705	0.00705	0.00235	0.01097	0.00549	0.00313	0.01097
76	0.01489	0.03840	0.70064	0.02116	0.03213	0.01724	0.02743	0.02351	0.01567	0.02351	0.01332	0.01567	0.00940	0.00705	0.00705	0.00235	0.01097	0.00549	0.00313	0.01097
77	0.01899	0.09755	0.43154	0.01820	0.02696	0.01745	0.02115	0.02765	0.10301	0.14001	0.01799	0.01854	0.01269	0.00775	0.00697	0.00229	0.00922	0.00606	0.00476	0.01122
78	0.01582	0.01229	0.01957	0.33014	0.14596	0.01344	0.01659	0.01969	0.01616	0.09550	0.02415	0.11833	0.04939	0.01139	0.00804	0.00258	0.00802	0.07911	0.00501	0.00881
79	0.01072	0.00721	0.00807	0.00807	0.00817	0.00716	0.00454	0.01079	0.01104	0.01462	0.02543	0.04948	0.05305	0.71078	0.03664	0.00701	0.00706	0.01099	0.00459	0.00457
80	0.03305	0.01305	0.01748	0.01340	0.01916	0.01152	0.01107	0.06813	0.02194	0.66501	0.02871	0.02489	0.01809	0.00917	0.00746	0.00229	0.00641	0.00743	0.00910	0.01263
81	0.03281	0.01343	0.01772	0.01358	0.01935	0.01209	0.01122	0.09754	0.02257	0.63470	0.02817	0.02454	0.01782	0.00916	0.00746	0.00229	0.00650	0.00739	0.00902	0.01263
82	0.01051	0.00759	0.00992	0.00934	0.01109	0.00700	0.00700	0.01401	0.02101	0.02977	0.68888	0.05545	0.07005	0.01518	0.00876	0.00233	0.00350	0.01343	0.00817	0.00700
83	0.01757	0.01497	0.09935	0.01311	0.01739	0.01251	0.01170	0.09283	0.08592	0.13889	0.22732	0.03910	0.13576	0.01244	0.00888	0.00241	0.04307	0.01021	0.00712	0.00945
84	0.01402	0.01319	0.02227	0.72126	0.05113	0.01649	0.02062	0.01897	0.01484	0.01897	0.01319	0.01979	0.00990	0.00742	0.00742	0.00247	0.00990	0.00660	0.00330	0.00825
85	0.01659	0.01458	0.01598	0.01177	0.01812	0.04098	0.00938	0.04697	0.04399	0.02515	0.01402	0.01592	0.01149	0.00592	0.00571	0.00124	0.00596	0.00468	0.00463	0.68692
86	0.07801	0.05445	0.11718	0.05183	0.02332	0.13000	0.01490	0.17517	0.08475	0.11524	0.01934	0.04854	0.01522	0.00921	0.00713	0.00229	0.00867	0.02842	0.00582	0.01051
87	0.01914	0.16000	0.24977	0.01744	0.02437	0.10536	0.04184	0.07616	0.09356	0.04429	0.01721	0.06496	0.01427	0.00857	0.00686	0.00218	0.00922	0.00674	0.00457	0.03348

[dist]
# distance from previous block
# <min> <max>
138	396

[block]
# block no. 5 follows, 27 sequences, length 11
# corresponding to MSA columns:
# 1077-1087
name=unknown_F
#
# <colnr> <probs for GDERKNQSTAVLIFYWHMCP>
#	G	D	E	R	K	N	Q	S	T	A	V	L	I	F	Y	W	H	M	C	P
0	0.08103	0.03972	0.02392	0.02180	0.14494	0.01647	0.11802	0.13855	0.05371	0.04584	0.04908	0.04352	0.01610	0.00797	0.00706	0.00207	0.00772	0.00715	0.00523	0.17012
1	0.05429	0.06741	0.06416	0.11069	0.02668	0.12537	0.11380	0.02377	0.01703	0.11273	0.01626	0.04148	0.01304	0.02930	0.00780	0.00219	0.00904	0.00658	0.00464	0.15374
2	0.01869	0.10626	0.08311	0.05269	0.02562	0.01871	0.14053	0.06244	0.09337	0.06976	0.01601	0.01847	0.01244	0.00810	0.00964	0.00224	0.11833	0.00651	0.00466	0.13244
3	0.12132	0.01614	0.02277	0.15371	0.06036	0.05863	0.13994	0.07278	0.01705	0.02461	0.01846	0.05037	0.03717	0.03115	0.00956	0.00260	0.05891	0.05305	0.00454	0.04688
4	0.01528	0.01452	0.02466	0.14880	0.15313	0.01462	0.15410	0.02008	0.04047	0.02244	0.01964	0.10742	0.01846	0.00996	0.00849	0.00239	0.03394	0.06160	0.00450	0.12549
5	0.08162	0.03816	0.02491	0.12073	0.07408	0.01597	0.18084	0.02261	0.06728	0.07030	0.10621	0.02523	0.03477	0.00887	0.00871	0.00238	0.05678	0.00804	0.00504	0.04746
6	0.01628	0.06795	0.02385	0.20112	0.14841	0.06221	0.07880	0.02023	0.01643	0.02187	0.04496	0.02266	0.06047	0.00779	0.00703	0.00202	0.00841	0.00693	0.00413	0.17846
7	0.13726	0.01476	0.01839	0.01585	0.05383	0.01481	0.07561	0.06948	0.17549	0.02896	0.06758	0.05341	0.01947	0.00867	0.00682	0.00207	0.00648	0.00740	0.00568	0.21800
8	0.05742	0.01744	0.06419	0.01499	0.02039	0.06396	0.05793	0.09969	0.11344	0.02820	0.08303	0.02650	0.02059	0.00901	0.00707	0.00203	0.00722	0.05485	0.00559	0.24646
9	0.01432	0.01316	0.02109	0.51607	0.09722	0.01500	0.01820	0.01889	0.01553	0.02090	0.06175	0.02163	0.01452	0.00765	0.00725	0.00225	0.00874	0.00679	0.00383	0.11520
10	0.25781	0.01731	0.01917	0.16283	0.02625	0.07178	0.04542	0.13652	0.04172	0.02914	0.01341	0.01630	0.01036	0.00793	0.00787	0.00232	0.06806	0.00571	0.00471	0.05541

[dist]
# distance from previous block
# <min> <max>
0	2

[block]
# block no. 6 follows, 27 sequences, length 25
# corresponding to MSA columns:
# 1090-1114
name=unknown_G
#
# <colnr> <probs for GDERKNQSTAVLIFYWHMCP>
#	G	D	E	R	K	N	Q	S	T	A	V	L	I	F	Y	W	H	M	C	P
0	0.01936	0.34424	0.20734	0.05370	0.02476	0.12737	0.01726	0.04952	0.01704	0.02069	0.01325	0.01750	0.01137	0.00763	0.00619	0.00201	0.00962	0.03784	0.00363	0.00969
1	0.01707	0.06468	0.19177	0.02611	0.03376	0.01917	0.40175	0.02462	0.06939	0.02368	0.01534	0.01901	0.01158	0.00704	0.00872	0.00245	0.04213	0.00761	0.00386	0.01026
2	0.01221	0.01180	0.05027	0.01333	0.01557	0.01148	0.03674	0.01567	0.04623	0.02153	0.11117	0.16839	0.16111	0.04738	0.01301	0.00297	0.14182	0.08096	0.00586	0.03250
3	0.02189	0.05725	0.02884	0.06567	0.09507	0.08184	0.19654	0.15493	0.09236	0.08129	0.01740	0.01950	0.01300	0.00789	0.00815	0.00233	0.03285	0.00718	0.00525	0.01078
4	0.01740	0.26889	0.40669	0.01791	0.02658	0.05716	0.02096	0.02436	0.05559	0.02170	0.01325	0.01504	0.01025	0.00703	0.00631	0.00209	0.00979	0.00512	0.00345	0.01042
5	0.00904	0.00646	0.00861	0.01034	0.01077	0.00603	0.00689	0.01034	0.01421	0.01895	0.04092	0.73426	0.04910	0.02326	0.00948	0.00301	0.00431	0.02110	0.00689	0.00603
6	0.01538	0.01480	0.02542	0.48699	0.20548	0.01717	0.05743	0.02012	0.01535	0.02048	0.01334	0.01931	0.01042	0.00740	0.00822	0.00244	0.04092	0.00672	0.00341	0.00920
7	0.01792	0.01890	0.03734	0.03804	0.34793	0.01824	0.36188	0.02331	0.01723	0.02400	0.01452	0.01924	0.01150	0.00643	0.00809	0.00236	0.01077	0.00775	0.00372	0.01084
8	0.01080	0.00720	0.00810	0.00810	0.00810	0.00720	0.00450	0.01080	0.01080	0.01439	0.02339	0.04858	0.02699	0.73910	0.03779	0.00720	0.00720	0.01080	0.00450	0.00450
9	0.33709	0.01724	0.01776	0.01425	0.01948	0.05338	0.05008	0.21658	0.02158	0.14084	0.03470	0.01761	0.01303	0.00809	0.00636	0.00227	0.00730	0.00594	0.00617	0.01025
10	0.02106	0.02003	0.02976	0.02273	0.02840	0.07893	0.28586	0.13850	0.16645	0.05810	0.01885	0.02077	0.01408	0.00821	0.00897	0.00244	0.05290	0.00779	0.00544	0.01072
11	0.01889	0.49487	0.20326	0.01525	0.02254	0.05727	0.01643	0.02381	0.05073	0.01974	0.01218	0.01376	0.01019	0.00679	0.00558	0.00184	0.00884	0.00462	0.00343	0.00997
12	0.01080	0.00720	0.00810	0.00810	0.00810	0.00720	0.00450	0.01080	0.01080	0.01439	0.02339	0.04858	0.02699	0.73910	0.03779	0.00720	0.00720	0.01080	0.00450	0.00450
13	0.01801	0.01801	0.03229	0.04029	0.49763	0.01833	0.15483	0.02255	0.01654	0.02358	0.01380	0.01852	0.01148	0.00711	0.00916	0.00236	0.07373	0.00705	0.00365	0.01107
14	0.00904	0.00646	0.00861	0.01034	0.01077	0.00603	0.00689	0.01034	0.01421	0.01895	0.04092	0.73426	0.04910	0.02326	0.00948	0.00301	0.00431	0.02110	0.00689	0.00603
15	0.05448	0.01381	0.01763	0.01403	0.01889	0.01360	0.04164	0.14250	0.08790	0.32640	0.15800	0.02948	0.02740	0.01020	0.00768	0.00232	0.00631	0.00854	0.00808	0.01112
16	0.06172	0.12319	0.21811	0.01710	0.02433	0.11754	0.05321	0.07595	0.01836	0.09199	0.01453	0.01598	0.01086	0.00713	0.00650	0.00199	0.00924	0.00542	0.00448	0.12236
17	0.05237	0.05319	0.05749	0.04378	0.02295	0.05048	0.05254	0.22432	0.10333	0.05888	0.04136	0.01962	0.01493	0.00844	0.00795	0.00215	0.04842	0.00655	0.00577	0.12549
18	0.01939	0.02364	0.13163	0.01803	0.02459	0.15936	0.10591	0.06999	0.08812	0.02507	0.01523	0.01714	0.01182	0.00702	0.00681	0.00190	0.00923	0.00585	0.00453	0.25476
19	0.04792	0.08030	0.05489	0.01786	0.02405	0.03907	0.13933	0.14764	0.10414	0.17513	0.01966	0.01998	0.01409	0.00791	0.00719	0.00218	0.00828	0.00685	0.00610	0.07745
20	0.07901	0.07869	0.15045	0.01930	0.02652	0.01745	0.19227	0.07753	0.06278	0.05606	0.01551	0.01764	0.01168	0.00692	0.00693	0.00209	0.00891	0.00632	0.00459	0.15936
21	0.04245	0.13255	0.07498	0.01493	0.04552	0.01736	0.01278	0.16728	0.01990	0.06025	0.01487	0.01646	0.01161	0.00717	0.00669	0.00176	0.03085	0.00533	0.03903	0.27823
22	0.07313	0.04251	0.06142	0.01976	0.08407	0.09729	0.11756	0.05066	0.11914	0.04830	0.04579	0.01989	0.01526	0.00756	0.00693	0.00204	0.00835	0.00656	0.00499	0.16879
23	0.04996	0.05698	0.06972	0.02218	0.16205	0.05736	0.07706	0.07077	0.03906	0.05306	0.01606	0.02055	0.01323	0.00747	0.00683	0.00197	0.00816	0.03883	0.00466	0.22405
24	0.05470	0.01673	0.04830	0.01728	0.02236	0.05607	0.14888	0.06150	0.06939	0.07550	0.10019	0.04860	0.02182	0.00946	0.00846	0.00223	0.04840	0.03084	0.00553	0.15376

[dist]
# distance from previous block
# <min> <max>
20	272

[block]
# block no. 7 follows, 27 sequences, length 22
# corresponding to MSA columns:
# 1432-1453
name=unknown_H
#
# <colnr> <probs for GDERKNQSTAVLIFYWHMCP>
#	G	D	E	R	K	N	Q	S	T	A	V	L	I	F	Y	W	H	M	C	P
0	0.18019	0.03298	0.01793	0.01413	0.01919	0.05668	0.05315	0.08123	0.15518	0.11923	0.06658	0.02171	0.01801	0.00839	0.00666	0.00213	0.00680	0.00668	0.00615	0.12698
1	0.04027	0.05999	0.06350	0.01604	0.02121	0.16986	0.04705	0.09434	0.10802	0.11902	0.07087	0.02403	0.01901	0.00902	0.00716	0.00215	0.00845	0.03235	0.00588	0.08180
2	0.10915	0.04075	0.01736	0.01372	0.01829	0.06005	0.01105	0.24566	0.10847	0.06820	0.14453	0.02712	0.04841	0.01004	0.00719	0.00221	0.00668	0.00790	0.00682	0.04641
3	0.15549	0.13594	0.12843	0.01553	0.02177	0.01973	0.04036	0.13261	0.15842	0.09464	0.01822	0.01842	0.01344	0.00802	0.00653	0.00224	0.00766	0.00612	0.00563	0.01079
4	0.01994	0.02192	0.11979	0.02602	0.23464	0.08478	0.01787	0.12580	0.18227	0.02893	0.04971	0.02144	0.01673	0.00837	0.00737	0.00228	0.00850	0.00704	0.00534	0.01125
5	0.16838	0.01471	0.04625	0.01263	0.01710	0.01454	0.01054	0.12815	0.15040	0.11887	0.08529	0.05900	0.12154	0.01126	0.00729	0.00239	0.00594	0.00902	0.00690	0.00982
6	0.02354	0.02000	0.01902	0.04857	0.02198	0.15132	0.01275	0.21231	0.17868	0.09338	0.04972	0.02149	0.01718	0.00882	0.00718	0.00214	0.00807	0.00685	0.00645	0.09055
7	0.02443	0.01817	0.01810	0.01502	0.01981	0.11093	0.01193	0.18211	0.20756	0.17795	0.08106	0.02476	0.02118	0.00952	0.00740	0.00224	0.00731	0.00756	0.00728	0.04568
8	0.07284	0.01672	0.01965	0.01792	0.09194	0.01745	0.01304	0.24459	0.15489	0.17251	0.02134	0.02079	0.01527	0.00852	0.00710	0.00220	0.00701	0.00680	0.00696	0.08245
9	0.14561	0.01227	0.01241	0.01136	0.01411	0.05115	0.00854	0.08520	0.05938	0.06460	0.16089	0.12991	0.05415	0.11264	0.04285	0.00348	0.00657	0.01055	0.00637	0.00795
10	0.15272	0.01825	0.08515	0.02381	0.23325	0.05520	0.01556	0.02538	0.13485	0.06488	0.02262	0.05455	0.06466	0.00917	0.00705	0.00234	0.00751	0.00763	0.00518	0.01025
11	0.06914	0.04066	0.02249	0.02630	0.29016	0.05513	0.01552	0.09656	0.01901	0.11459	0.01862	0.09164	0.01606	0.00888	0.00712	0.00216	0.00767	0.00766	0.00527	0.08538
12	0.11001	0.09224	0.02152	0.01750	0.08466	0.02025	0.01302	0.28539	0.14937	0.03464	0.01810	0.01937	0.01399	0.03245	0.00774	0.00232	0.00730	0.00642	0.00605	0.05766
