[name]
unknown

[dist]
# distance from previous block
# <min> <max>
0	31

[block]
# block no. 0 follows, 34 sequences, length 16
# corresponding to MSA columns:
# 32-47
name=unknown_A
#
# <colnr> <probs for GDERKNQSTAVLIFYWHMCP>
#	G	D	E	R	K	N	Q	S	T	A	V	L	I	F	Y	W	H	M	C	P
0	0.10835	0.03168	0.04584	0.07654	0.11428	0.20968	0.01232	0.05313	0.10138	0.04180	0.03561	0.01835	0.01321	0.00729	0.00586	0.00190	0.00753	0.02167	0.08534	0.00823
1	0.03921	0.04095	0.30794	0.01655	0.06125	0.03492	0.05016	0.02167	0.12160	0.05392	0.08188	0.02262	0.01723	0.00788	0.00642	0.00203	0.00742	0.04948	0.00432	0.05254
2	0.08543	0.00943	0.01050	0.01057	0.04879	0.04593	0.00748	0.01395	0.01545	0.04292	0.29013	0.12935	0.16153	0.01248	0.00746	0.00206	0.03035	0.01054	0.00575	0.05991
3	0.06926	0.01449	0.02253	0.09067	0.46530	0.01506	0.03384	0.08821	0.03840	0.02373	0.06452	0.01831	0.01392	0.00666	0.00637	0.00197	0.00718	0.00614	0.00394	0.00951
4	0.00798	0.00635	0.00710	0.00734	0.00896	0.00554	0.00530	0.00968	0.01461	0.01842	0.16212	0.21086	0.45380	0.04176	0.00860	0.00239	0.00344	0.01420	0.00611	0.00546
5	0.01211	0.00817	0.00944	0.00864	0.01114	0.00765	0.00664	0.05241	0.06356	0.10835	0.20469	0.08768	0.34543	0.01476	0.02778	0.00236	0.00423	0.01156	0.00649	0.00689
6	0.00883	0.00654	0.00823	0.00792	0.00949	0.00595	0.00590	0.01154	0.01738	0.02401	0.58249	0.08968	0.16989	0.01411	0.00766	0.00209	0.00312	0.01237	0.00687	0.00595
7	0.01511	0.01429	0.02415	0.08416	0.62058	0.01443	0.01844	0.01891	0.01492	0.02125	0.07815	0.01905	0.01480	0.00649	0.00651	0.00194	0.00731	0.00630	0.00354	0.00965
8	0.01122	0.00561	0.00842	0.00842	0.00842	0.00561	0.00561	0.00842	0.00842	0.01122	0.01122	0.01964	0.01122	0.02245	0.02525	0.81201	0.00561	0.00561	0.00281	0.00281
9	0.17321	0.01901	0.01668	0.01361	0.01805	0.17162	0.01096	0.38155	0.02309	0.06707	0.01379	0.01434	0.01010	0.00720	0.00581	0.00188	0.00747	0.00507	0.03014	0.00935
10	0.55182	0.01479	0.01222	0.07892	0.01686	0.10322	0.00904	0.06580	0.01364	0.04921	0.01058	0.01227	0.00808	0.00634	0.00470	0.00196	0.00625	0.00409	0.02276	0.00744
11	0.06220	0.06705	0.05917	0.07898	0.46342	0.05204	0.03745	0.02080	0.05937	0.02094	0.01251	0.01561	0.01021	0.00605	0.00612	0.00192	0.00775	0.00550	0.00339	0.00951
12	0.01244	0.02815	0.58465	0.08552	0.02749	0.01390	0.02144	0.01899	0.01358	0.01980	0.01441	0.06115	0.01206	0.00772	0.00647	0.00215	0.00890	0.04920	0.00313	0.00885
13	0.00930	0.00710	0.01015	0.05910	0.01282	0.00799	0.00784	0.01135	0.01081	0.01497	0.02180	0.03067	0.08246	0.14741	0.52680	0.00849	0.01384	0.00782	0.00372	0.00557
14	0.01562	0.13530	0.31924	0.01530	0.03851	0.10369	0.01600	0.02013	0.01414	0.04017	0.01133	0.01318	0.00883	0.00598	0.00592	0.00166	0.02866	0.00438	0.00323	0.19873
15	0.00800	0.00638	0.00691	0.00708	0.00869	0.00557	0.00504	0.00948	0.01402	0.01738	0.10751	0.15960	0.49406	0.10832	0.01078	0.00273	0.00369	0.01365	0.00583	0.00529

[dist]
# distance from previous block
# <min> <max>
1	2

[block]
# block no. 1 follows, 34 sequences, length 35
# corresponding to MSA columns:
# 50-84
name=unknown_B
#
# <colnr> <probs for GDERKNQSTAVLIFYWHMCP>
#	G	D	E	R	K	N	Q	S	T	A	V	L	I	F	Y	W	H	M	C	P
0	0.00819	0.00600	0.00736	0.00816	0.00917	0.00545	0.00569	0.00980	0.01381	0.01840	0.13933	0.46590	0.20589	0.01774	0.00784	0.00238	0.00350	0.01573	0.04420	0.00545
1	0.03808	0.09653	0.03419	0.03295	0.01881	0.09857	0.06731	0.16225	0.22281	0.02550	0.05874	0.02061	0.01634	0.04765	0.00760	0.00217	0.00697	0.00641	0.02763	0.00888
2	0.01513	0.37969	0.25124	0.01338	0.01973	0.01908	0.01457	0.04016	0.01372	0.01830	0.01180	0.05640	0.01049	0.00673	0.00559	0.00168	0.02703	0.00491	0.00316	0.08720
3	0.04535	0.12454	0.06258	0.01648	0.02128	0.18850	0.12703	0.15340	0.12194	0.02354	0.01398	0.01540	0.01086	0.00775	0.02205	0.00208	0.02452	0.00551	0.00429	0.00892
4	0.01721	0.73698	0.03285	0.01117	0.01660	0.02507	0.01101	0.02013	0.05008	0.01582	0.00989	0.01108	0.00889	0.00570	0.00427	0.00142	0.00682	0.00366	0.00296	0.00839
5	0.01829	0.09595	0.01777	0.01345	0.01758	0.05717	0.01084	0.16470	0.47350	0.02786	0.02149	0.02031	0.01620	0.00811	0.00626	0.00203	0.00605	0.00644	0.00598	0.01003
6	0.00879	0.00654	0.00817	0.00788	0.00946	0.00593	0.00587	0.01145	0.01727	0.02376	0.56324	0.09284	0.18649	0.01422	0.00766	0.00209	0.00313	0.01244	0.00684	0.00593
7	0.04983	0.01384	0.09789	0.05722	0.03232	0.01163	0.05184	0.08816	0.05786	0.27864	0.02264	0.17037	0.01901	0.00993	0.00678	0.00215	0.00625	0.00858	0.00595	0.00910
8	0.06152	0.09618	0.05279	0.01221	0.03965	0.01343	0.01002	0.08346	0.19542	0.04279	0.15806	0.03269	0.09988	0.01028	0.00662	0.00208	0.00530	0.06366	0.00570	0.00825
9	0.00787	0.00562	0.00750	0.00900	0.00937	0.00525	0.00600	0.00900	0.01237	0.01649	0.03561	0.76871	0.04274	0.02024	0.00825	0.00262	0.00375	0.01837	0.00600	0.00525
10	0.01499	0.01433	0.02441	0.23017	0.54996	0.01509	0.01933	0.01895	0.01424	0.01989	0.01198	0.01632	0.00980	0.00594	0.00641	0.00198	0.00792	0.00575	0.00311	0.00942
11	0.01553	0.12377	0.22737	0.01596	0.04287	0.10181	0.01534	0.01902	0.01333	0.05489	0.01474	0.01735	0.05488	0.01061	0.05270	0.00260	0.20017	0.00555	0.00337	0.00813
12	0.01673	0.01572	0.18819	0.14887	0.05623	0.01149	0.01447	0.02123	0.03681	0.21930	0.03374	0.08363	0.01696	0.01034	0.03379	0.00244	0.00732	0.04654	0.02749	0.00871
13	0.00769	0.00655	0.00662	0.00660	0.00876	0.00548	0.00495	0.00937	0.01485	0.01775	0.08828	0.06170	0.70699	0.01626	0.00764	0.00218	0.00327	0.01357	0.00604	0.00548
14	0.01151	0.01300	0.11918	0.03631	0.01633	0.01197	0.05182	0.01414	0.01104	0.01618	0.01485	0.02398	0.01423	0.18528	0.21662	0.00539	0.18428	0.00682	0.04062	0.00644
15	0.03580	0.01615	0.06065	0.19030	0.46826	0.06115	0.01854	0.01927	0.01435	0.01985	0.01228	0.03222	0.01029	0.00631	0.00634	0.00198	0.00807	0.00582	0.00319	0.00917
16	0.01528	0.02201	0.34426	0.06163	0.17090	0.01394	0.04141	0.02038	0.01422	0.10692	0.01518	0.05908	0.01231	0.00764	0.00730	0.00212	0.04889	0.02350	0.00376	0.00924
17	0.01607	0.01388	0.01461	0.01315	0.01680	0.01607	0.01023	0.03433	0.72094	0.02703	0.02630	0.02411	0.01972	0.00877	0.00657	0.00219	0.00511	0.00731	0.00657	0.01023
18	0.52137	0.01505	0.01563	0.01292	0.01705	0.09953	0.13633	0.01939	0.01273	0.02505	0.01174	0.06550	0.01019	0.00698	0.00518	0.00204	0.00677	0.00538	0.00393	0.00725
19	0.00906	0.00660	0.00851	0.00804	0.00960	0.00606	0.00603	0.01202	0.01808	0.02542	0.69031	0.04908	0.10018	0.01339	0.00762	0.00204	0.00306	0.01180	0.00705	0.00606
20	0.01206	0.01117	0.01865	0.60334	0.10508	0.01340	0.01674	0.01595	0.01302	0.01694	0.01434	0.10409	0.01271	0.00799	0.00666	0.00219	0.00796	0.00720	0.00326	0.00724
21	0.01387	0.01204	0.01503	0.01077	0.01654	0.00943	0.04843	0.03914	0.01406	0.02167	0.01171	0.01370	0.00963	0.00492	0.00500	0.00106	0.00521	0.00411	0.00388	0.73980
22	0.01441	0.15805	0.51222	0.01674	0.02452	0.05784	0.01999	0.02013	0.01356	0.01899	0.01085	0.01300	0.00827	0.00638	0.00676	0.00194	0.05952	0.00455	0.00280	0.02949
23	0.01220	0.01148	0.01938	0.75739	0.04450	0.01436	0.01794	0.01651	0.01292	0.01651	0.01148	0.01723	0.00861	0.00646	0.00646	0.00215	0.00861	0.00574	0.00287	0.00718
24	0.01525	0.01743	0.03813	0.02723	0.03377	0.01634	0.70915	0.02070	0.01525	0.02070	0.01307	0.01743	0.00980	0.00545	0.00763	0.00218	0.01089	0.00763	0.00327	0.00871
25	0.01585	0.01521	0.02598	0.06595	0.70741	0.01532	0.01976	0.01971	0.01465	0.02094	0.01213	0.01604	0.01018	0.00578	0.00640	0.00193	0.00771	0.00576	0.00319	0.01012
26	0.00785	0.00572	0.00740	0.00874	0.00930	0.00527	0.00588	0.00903	0.01262	0.01660	0.03876	0.69431	0.11511	0.01983	0.00818	0.00258	0.00370	0.01787	0.00600	0.00527
27	0.00786	0.00568	0.00744	0.00885	0.00933	0.00526	0.00593	0.00901	0.01251	0.01655	0.03734	0.72777	0.08256	0.02002	0.00821	0.00260	0.00372	0.01809	0.00600	0.00526
28	0.02414	0.03079	0.01831	0.01665	0.01998	0.74698	0.01248	0.02580	0.01831	0.01581	0.00999	0.01165	0.00832	0.00666	0.00583	0.00166	0.01165	0.00416	0.00333	0.00749
29	0.00794	0.00574	0.00751	0.00880	0.00935	0.00531	0.00594	0.00922	0.01288	0.01715	0.08122	0.68201	0.08390	0.01957	0.00817	0.00256	0.00368	0.01767	0.00607	0.00531
30	0.01531	0.01466	0.02499	0.16877	0.60884	0.01517	0.01949	0.01923	0.01439	0.02028	0.01203	0.01621	0.00994	0.00588	0.00641	0.00196	0.00784	0.00575	0.00314	0.00968
31	0.09594	0.00862	0.01014	0.00970	0.01090	0.00977	0.00708	0.03889	0.05292	0.01815	0.01962	0.12689	0.02028	0.25277	0.16457	0.00514	0.08298	0.00866	0.05111	0.00586
32	0.01538	0.01606	0.07057	0.11880	0.61089	0.01522	0.01987	0.01950	0.01444	0.02055	0.01204	0.01598	0.00992	0.00586	0.00639	0.00195	0.00790	0.00569	0.00313	0.00985
33	0.69767	0.10174	0.01253	0.00890	0.01311	0.01562	0.00756	0.01947	0.01150	0.05185	0.00957	0.01088	0.00746	0.00601	0.00410	0.00193	0.00524	0.00360	0.00399	0.00729
34	0.10086	0.05992	0.02463	0.03391	0.59038	0.04123	0.01771	0.01992	0.01435	0.02141	0.01156	0.01493	0.00971	0.00580	0.00599	0.00189	0.00749	0.00533	0.00326	0.00969

[dist]
# distance from previous block
# <min> <max>
3	25

[block]
# block no. 2 follows, 34 sequences, length 29
# corresponding to MSA columns:
# 110-138
name=unknown_C
#
# <colnr> <probs for GDERKNQSTAVLIFYWHMCP>
#	G	D	E	R	K	N	Q	S	T	A	V	L	I	F	Y	W	H	M	C	P
0	0.01375	0.15542	0.04138	0.01042	0.01361	0.01244	0.04130	0.09358	0.04347	0.02388	0.18431	0.08714	0.02642	0.00945	0.00598	0.00182	0.00496	0.00794	0.21536	0.00737
1	0.01442	0.01322	0.02012	0.11621	0.25672	0.01404	0.07237	0.06263	0.13356	0.02200	0.03915	0.04457	0.10158	0.00876	0.00739	0.00213	0.03565	0.02227	0.00448	0.00875
2	0.00836	0.00784	0.05273	0.00892	0.01061	0.00613	0.00706	0.01030	0.01376	0.01781	0.08406	0.39483	0.27070	0.01750	0.00793	0.00243	0.00407	0.06344	0.00586	0.00568
3	0.26064	0.01373	0.03832	0.03764	0.01635	0.01436	0.00972	0.23558	0.05956	0.07104	0.06209	0.02134	0.05318	0.00823	0.00580	0.00201	0.00567	0.02301	0.05319	0.00853
4	0.01836	0.06404	0.11693	0.01791	0.12384	0.07519	0.05333	0.07148	0.03312	0.16374	0.04448	0.06117	0.01586	0.00817	0.00677	0.00197	0.02439	0.03554	0.00484	0.05885
5	0.00833	0.00753	0.05288	0.00956	0.01072	0.00601	0.00729	0.01001	0.01280	0.01700	0.03648	0.62012	0.09640	0.01890	0.00811	0.00257	0.00421	0.05970	0.00579	0.00558
6	0.15732	0.18666	0.13033	0.01609	0.09968	0.18644	0.01323	0.03760	0.01479	0.03751	0.01128	0.01308	0.00904	0.00623	0.00521	0.00175	0.00790	0.00438	0.05323	0.00828
7	0.00810	0.00595	0.00751	0.00865	0.00940	0.00550	0.00599	0.00938	0.01277	0.01661	0.03976	0.55229	0.16062	0.06596	0.00971	0.00280	0.00398	0.06391	0.00587	0.00525
8	0.01585	0.01521	0.02597	0.06645	0.70693	0.01531	0.01976	0.01971	0.01465	0.02094	0.01213	0.01604	0.01017	0.00578	0.00640	0.00193	0.00771	0.00576	0.00319	0.01012
9	0.01580	0.01499	0.09687	0.01263	0.01846	0.01148	0.05326	0.07794	0.03492	0.08146	0.01339	0.01488	0.01032	0.00585	0.00607	0.00143	0.03485	0.00472	0.00428	0.48641
10	0.50965	0.01961	0.01292	0.01167	0.01540	0.29932	0.00913	0.02164	0.01384	0.02387	0.00938	0.01095	0.00751	0.00625	0.00471	0.00187	0.00759	0.00376	0.00374	0.00719
11	0.01003	0.00726	0.00931	0.01091	0.08831	0.00727	0.00594	0.01060	0.01020	0.01380	0.02029	0.08369	0.02298	0.61946	0.04949	0.00568	0.00659	0.00947	0.00395	0.00476
12	0.01627	0.01501	0.02474	0.03642	0.65241	0.01512	0.01857	0.05951	0.01555	0.02240	0.01283	0.01640	0.01062	0.00597	0.00630	0.00190	0.00739	0.00577	0.04676	0.01005
13	0.00796	0.00598	0.00738	0.00826	0.00924	0.00540	0.00573	0.00944	0.01368	0.01785	0.12494	0.50093	0.22290	0.01841	0.00802	0.00244	0.00354	0.01636	0.00613	0.00540
14	0.01035	0.00740	0.01033	0.01172	0.01321	0.00737	0.01021	0.01333	0.01504	0.01965	0.06704	0.07172	0.03831	0.01763	0.00886	0.00293	0.00581	0.65713	0.00600	0.00596
15	0.00983	0.00702	0.00974	0.01123	0.01247	0.00693	0.00940	0.01238	0.01430	0.01868	0.03453	0.23254	0.03846	0.01840	0.00877	0.00289	0.00544	0.53522	0.00596	0.00579
16	0.00998	0.00715	0.00981	0.01061	0.01211	0.00698	0.00894	0.01298	0.01604	0.02158	0.27136	0.06448	0.04530	0.01627	0.00848	0.00265	0.00496	0.45796	0.00635	0.00600
17	0.81856	0.01250	0.00950	0.00850	0.01250	0.01449	0.00700	0.01899	0.01100	0.02899	0.00900	0.01050	0.00700	0.00600	0.00400	0.00200	0.00500	0.00350	0.00400	0.00700
18	0.02456	0.01810	0.01939	0.01487	0.02004	0.02004	0.01228	0.71107	0.03038	0.04072	0.01551	0.01551	0.01099	0.00776	0.00646	0.00194	0.00711	0.00582	0.00646	0.01099
19	0.01098	0.00931	0.01321	0.28777	0.02378	0.01061	0.01121	0.01643	0.14235	0.01843	0.02494	0.35317	0.02584	0.01302	0.00728	0.00237	0.00581	0.01165	0.00494	0.00688
20	0.01296	0.03342	0.73944	0.01842	0.02797	0.01501	0.02387	0.02046	0.01364	0.02046	0.01160	0.01364	0.00818	0.00614	0.00614	0.00205	0.00955	0.00477	0.00273	0.00955
21	0.01767	0.05378	0.46533	0.01680	0.02473	0.01430	0.05915	0.04995	0.01557	0.19860	0.01518	0.01588	0.01033	0.00660	0.00625	0.00201	0.00843	0.00536	0.00421	0.00987
22	0.01887	0.63298	0.05802	0.01140	0.01701	0.02274	0.01131	0.02122	0.01396	0.12417	0.01157	0.01224	0.00945	0.00592	0.00458	0.00150	0.00680	0.00396	0.00355	0.00875
23	0.00764	0.00655	0.00655	0.00655	0.00873	0.00545	0.00491	0.00927	0.01473	0.01745	0.06546	0.06218	0.73000	0.01636	0.00764	0.00218	0.00327	0.01364	0.00600	0.00545
24	0.02217	0.01779	0.23294	0.01456	0.04737	0.01145	0.01407	0.02684	0.04280	0.43128	0.05679	0.02067	0.01586	0.00765	0.00645	0.00202	0.00666	0.00625	0.00613	0.01025
25	0.08341	0.18881	0.29288	0.01594	0.04708	0.01795	0.04169	0.12483	0.05986	0.05091	0.01291	0.01413	0.00968	0.00643	0.00568	0.00189	0.00778	0.00490	0.00388	0.00937
26	0.02000	0.00904	0.01193	0.00982	0.01335	0.00791	0.00785	0.02258	0.01801	0.41996	0.26428	0.03523	0.11066	0.01067	0.00700	0.00203	0.00443	0.00902	0.00748	0.00875
27	0.02082	0.01732	0.01604	0.05914	0.01871	0.17824	0.01098	0.30806	0.02220	0.07385	0.05460	0.02035	0.01505	0.00809	0.00620	0.00188	0.00727	0.03194	0.12046	0.00881
28	0.01776	0.01636	0.06264	0.01737	0.03738	0.05010	0.15939	0.14598	0.16187	0.08559	0.01864	0.08719	0.01532	0.00881	0.00833	0.00219	0.08325	0.00756	0.00509	0.00916

[dist]
# distance from previous block
# <min> <max>
4	6

[block]
# block no. 3 follows, 34 sequences, length 11
# corresponding to MSA columns:
# 145-155
name=unknown_D
#
# <colnr> <probs for GDERKNQSTAVLIFYWHMCP>
#	G	D	E	R	K	N	Q	S	T	A	V	L	I	F	Y	W	H	M	C	P
0	0.22296	0.07690	0.01472	0.01035	0.01513	0.06432	0.00848	0.07259	0.01496	0.05997	0.05150	0.01481	0.01201	0.00615	0.00498	0.00150	0.00562	0.00446	0.00435	0.33425
1	0.01542	0.28612	0.36210	0.01483	0.02209	0.04598	0.01689	0.04476	0.04122	0.01948	0.01133	0.01289	0.00887	0.00600	0.00537	0.00172	0.00811	0.00436	0.00312	0.06934
2	0.00897	0.00660	0.00839	0.00794	0.00954	0.00602	0.00596	0.01185	0.01787	0.02492	0.65154	0.04989	0.13925	0.01358	0.00762	0.00205	0.00307	0.01191	0.00698	0.00602
3	0.00835	0.00647	0.00760	0.00754	0.00922	0.00572	0.00557	0.01056	0.01607	0.02117	0.36222	0.13745	0.34807	0.01538	0.00770	0.00217	0.00323	0.01330	0.00650	0.00572
4	0.02190	0.27405	0.02338	0.01482	0.01887	0.51175	0.01202	0.02370	0.01662	0.01561	0.00966	0.01123	0.00831	0.00629	0.00528	0.00157	0.01011	0.00393	0.00314	0.00775
5	0.01727	0.77681	0.03386	0.01106	0.01658	0.02557	0.01106	0.01935	0.01313	0.01520	0.00898	0.01036	0.00829	0.00553	0.00415	0.00138	0.00691	0.00345	0.00276	0.00829
6	0.00861	0.00593	0.00728	0.00805	0.00824	0.00574	0.00499	0.00919	0.01093	0.01457	0.02821	0.41641	0.03340	0.38527	0.02020	0.00439	0.00497	0.01402	0.00499	0.00460
7	0.01638	0.59392	0.16841	0.01399	0.05703	0.02300	0.01398	0.01959	0.01331	0.01652	0.00965	0.01129	0.00838	0.00566	0.00465	0.00154	0.00746	0.00383	0.00278	0.00864
8	0.01366	0.16970	0.09934	0.01109	0.01507	0.13529	0.01006	0.01739	0.06826	0.01822	0.06893	0.03412	0.29342	0.01065	0.00638	0.00191	0.00626	0.00840	0.00462	0.00723
9	0.03825	0.12328	0.31083	0.01537	0.02232	0.06307	0.05455	0.07022	0.01569	0.11516	0.01325	0.01441	0.00965	0.00625	0.00579	0.00180	0.00804	0.00487	0.00392	0.10329
10	0.01481	0.32994	0.41789	0.01597	0.02374	0.01931	0.05711	0.02003	0.01353	0.01837	0.01063	0.01254	0.00832	0.00586	0.00542	0.00179	0.00857	0.00441	0.00277	0.00900

[dist]
# distance from previous block
# <min> <max>
1	3

[block]
# block no. 4 follows, 34 sequences, length 97
# corresponding to MSA columns:
# 159-172,175-257
name=unknown_E
#
# <colnr> <probs for GDERKNQSTAVLIFYWHMCP>
#	G	D	E	R	K	N	Q	S	T	A	V	L	I	F	Y	W	H	M	C	P
0	0.01434	0.07548	0.60208	0.01875	0.06053	0.03732	0.02194	0.05921	0.01474	0.02118	0.01164	0.01361	0.00845	0.00619	0.00604	0.00198	0.00923	0.00478	0.00298	0.00953
1	0.01024	0.06583	0.15224	0.01010	0.01357	0.00910	0.00973	0.01388	0.01650	0.02286	0.44215	0.04091	0.14474	0.01176	0.00709	0.00201	0.00462	0.01005	0.00579	0.00683
2	0.01870	0.08377	0.18063	0.01271	0.01810	0.01306	0.01246	0.13397	0.01784	0.21499	0.06088	0.07175	0.05082	0.00867	0.00629	0.00193	0.00633	0.00702	0.03217	0.04790
3	0.00855	0.00672	0.00769	0.00765	0.00939	0.00610	0.00567	0.01099	0.03496	0.01980	0.24857	0.10601	0.38826	0.05863	0.03096	0.00266	0.00395	0.03159	0.00614	0.00570
4	0.01293	0.03252	0.71520	0.01801	0.02729	0.01471	0.02323	0.02028	0.01364	0.02058	0.01191	0.01399	0.00846	0.00618	0.00609	0.00203	0.00933	0.00482	0.02937	0.00943
5	0.02148	0.02579	0.04432	0.02235	0.19812	0.47563	0.01473	0.06557	0.01776	0.01880	0.01088	0.01311	0.00896	0.00661	0.00644	0.00179	0.03104	0.00472	0.00345	0.00845
6	0.01952	0.01381	0.02139	0.13973	0.11961	0.01411	0.12797	0.16558	0.01891	0.19471	0.06425	0.02142	0.01551	0.00759	0.00680	0.00206	0.00737	0.02491	0.00531	0.00944
7	0.01569	0.07241	0.51925	0.01806	0.07194	0.01463	0.02017	0.02174	0.01435	0.12092	0.01343	0.01477	0.00948	0.00628	0.00603	0.00195	0.00851	0.00497	0.00355	0.04189
8	0.00886	0.00769	0.03981	0.00825	0.01021	0.00627	0.00658	0.01164	0.01684	0.02302	0.49241	0.09793	0.21832	0.01413	0.00760	0.00211	0.00343	0.01230	0.00658	0.00604
9	0.01042	0.00845	0.01081	0.01064	0.01191	0.05127	0.00826	0.01271	0.01104	0.01566	0.01690	0.02420	0.01552	0.04232	0.63544	0.00909	0.03591	0.00667	0.05689	0.00592
10	0.00786	0.00565	0.00747	0.00892	0.00935	0.00525	0.00596	0.00901	0.01245	0.01653	0.03657	0.74595	0.06487	0.02012	0.00823	0.00261	0.00373	0.01822	0.00600	0.00525
11	0.02621	0.01152	0.01522	0.05501	0.01790	0.01076	0.00993	0.10623	0.01891	0.56807	0.02320	0.02233	0.01549	0.05865	0.00824	0.00228	0.00591	0.00657	0.00725	0.01030
12	0.01594	0.01549	0.02702	0.03883	0.68623	0.01542	0.06558	0.01989	0.01475	0.02108	0.01221	0.01609	0.01021	0.00574	0.00648	0.00194	0.00789	0.00588	0.00320	0.01013
13	0.00790	0.00656	0.00691	0.00682	0.00889	0.00557	0.00512	0.00978	0.01535	0.01893	0.18121	0.05976	0.61332	0.01581	0.00763	0.00216	0.00323	0.01330	0.00619	0.00557
14	0.01646	0.04726	0.19418	0.06262	0.02857	0.16835	0.30157	0.02173	0.03849	0.01928	0.01218	0.01524	0.00930	0.00620	0.00709	0.00203	0.03176	0.00594	0.00321	0.00856
15	0.01401	0.01293	0.02130	0.31568	0.37415	0.01408	0.01736	0.01834	0.03459	0.01958	0.01444	0.01859	0.03116	0.00654	0.00634	0.00200	0.00753	0.00604	0.05672	0.00862
16	0.01220	0.01148	0.01938	0.75739	0.04450	0.01436	0.01794	0.01651	0.01292	0.01651	0.01148	0.01723	0.00861	0.00646	0.00646	0.00215	0.00861	0.00574	0.00287	0.00718
17	0.00814	0.00657	0.00724	0.00707	0.00903	0.00567	0.00530	0.01024	0.01591	0.02026	0.28562	0.05757	0.50808	0.01532	0.00763	0.00213	0.00320	0.01299	0.00637	0.00567
18	0.06837	0.06034	0.07905	0.28876	0.24670	0.05058	0.05434	0.04179	0.01437	0.01996	0.01153	0.01541	0.00908	0.00613	0.00615	0.00199	0.00828	0.00542	0.00319	0.00857
19	0.01477	0.31360	0.28303	0.05760	0.02195	0.03963	0.01590	0.01962	0.04819	0.01788	0.01269	0.06320	0.01113	0.00728	0.00635	0.00187	0.04824	0.00538	0.00318	0.00848
20	0.00923	0.00692	0.01038	0.01038	0.01154	0.00808	0.00808	0.01154	0.01038	0.01500	0.01731	0.02538	0.01615	0.04846	0.74732	0.01038	0.01731	0.00692	0.00346	0.00577
21	0.01610	0.01671	0.10220	0.07752	0.41390	0.03450	0.01745	0.02175	0.09190	0.06275	0.01491	0.01845	0.01197	0.00663	0.00638	0.00196	0.00746	0.02553	0.00389	0.04803
22	0.00787	0.00653	0.00674	0.00670	0.00869	0.00556	0.00493	0.00950	0.01464	0.01777	0.11256	0.05981	0.63261	0.06634	0.00931	0.00244	0.00345	0.01321	0.00595	0.00540
23	0.01667	0.01841	0.07500	0.01925	0.16873	0.19204	0.03101	0.02304	0.16264	0.04308	0.12786	0.02381	0.05384	0.00834	0.00656	0.00196	0.00736	0.00697	0.00478	0.00863
24	0.01176	0.02423	0.48472	0.01547	0.02227	0.01212	0.01846	0.01757	0.01425	0.02027	0.06048	0.03202	0.08010	0.00984	0.00693	0.00225	0.00790	0.14721	0.00392	0.00826
25	0.00826	0.00623	0.00812	0.05331	0.01137	0.00596	0.00656	0.00966	0.01272	0.01653	0.03831	0.54072	0.15546	0.06085	0.00944	0.00274	0.00417	0.03857	0.00569	0.00535
26	0.02433	0.02861	0.01836	0.01627	0.01989	0.63282	0.01238	0.11435	0.01987	0.03897	0.01113	0.01244	0.00888	0.00684	0.00593	0.00171	0.01090	0.00444	0.00386	0.00804
27	0.01394	0.03999	0.18867	0.01445	0.05914	0.03192	0.04713	0.01804	0.01375	0.02058	0.01151	0.01366	0.00922	0.00527	0.00535	0.00136	0.00663	0.00435	0.00346	0.49158
28	0.01166	0.00958	0.01140	0.00925	0.01318	0.00756	0.00697	0.01387	0.01286	0.01927	0.01851	0.21667	0.01934	0.05989	0.00757	0.00175	0.00461	0.00807	0.00441	0.54357
29	0.01220	0.01148	0.01938	0.75739	0.04450	0.01436	0.01794	0.01651	0.01292	0.01651	0.01148	0.01723	0.00861	0.00646	0.00646	0.00215	0.00861	0.00574	0.00287	0.00718
30	0.01404	0.02510	0.44537	0.01523	0.02298	0.03297	0.01759	0.04226	0.01434	0.03957	0.01271	0.03574	0.00989	0.00627	0.00582	0.00173	0.00787	0.00496	0.00342	0.24214
31	0.70787	0.05557	0.01157	0.00932	0.01335	0.07701	0.00768	0.01959	0.01173	0.02713	0.00908	0.01059	0.00718	0.00603	0.00416	0.00194	0.00566	0.00355	0.00387	0.00711
32	0.01573	0.01497	0.02547	0.03834	0.69834	0.01497	0.01938	0.01952	0.01472	0.02102	0.01320	0.01870	0.01152	0.00633	0.00652	0.00197	0.00759	0.03832	0.00333	0.01003
33	0.01579	0.01559	0.02441	0.14231	0.55046	0.05703	0.01881	0.01944	0.01438	0.01982	0.01172	0.01582	0.00979	0.00623	0.00722	0.00199	0.05095	0.00566	0.00314	0.00945
34	0.00787	0.00562	0.00750	0.00900	0.00937	0.00525	0.00600	0.00900	0.01237	0.01649	0.03561	0.76871	0.04274	0.02024	0.00825	0.00262	0.00375	0.01837	0.00600	0.00525
35	0.00787	0.00562	0.00750	0.00900	0.00937	0.00525	0.00600	0.00900	0.01237	0.01649	0.03561	0.76871	0.04274	0.02024	0.00825	0.00262	0.00375	0.01837	0.00600	0.00525
36	0.00914	0.00660	0.00864	0.00813	0.00965	0.00610	0.00610	0.01219	0.01829	0.02591	0.72921	0.04827	0.06097	0.01321	0.00762	0.00203	0.00305	0.01169	0.00711	0.00610
37	0.00787	0.00562	0.00750	0.00900	0.00937	0.00525	0.00600	0.00900	0.01237	0.01649	0.03561	0.76871	0.04274	0.02024	0.00825	0.00262	0.00375	0.01837	0.00600	0.00525
38	0.01727	0.77681	0.03386	0.01106	0.01658	0.02557	0.01106	0.01935	0.01313	0.01520	0.00898	0.01036	0.00829	0.00553	0.00415	0.00138	0.00691	0.00345	0.00276	0.00829
39	0.00768	0.00655	0.00661	0.00660	0.00876	0.00548	0.00495	0.00937	0.01484	0.01773	0.08674	0.06174	0.70854	0.01626	0.00764	0.00218	0.00327	0.01357	0.00604	0.00548
40	0.01727	0.77681	0.03386	0.01106	0.01658	0.02557	0.01106	0.01935	0.01313	0.01520	0.00898	0.01036	0.00829	0.00553	0.00415	0.00138	0.00691	0.00345	0.00276	0.00829
41	0.00923	0.00692	0.01038	0.01038	0.01154	0.00808	0.00808	0.01154	0.01038	0.01500	0.01731	0.02538	0.01615	0.04846	0.74732	0.01038	0.01731	0.00692	0.00346	0.00577
42	0.01607	0.01388	0.01461	0.01315	0.01680	0.01607	0.01023	0.03433	0.72094	0.02703	0.02630	0.02411	0.01972	0.00877	0.00657	0.00219	0.00511	0.00731	0.00657	0.01023
43	0.00785	0.00571	0.00741	0.00876	0.00931	0.00527	0.00589	0.00902	0.01260	0.01659	0.03847	0.70116	0.10844	0.01987	0.00819	0.00258	0.00370	0.01792	0.00600	0.00527
44	0.00939	0.00629	0.00715	0.00715	0.00719	0.00632	0.00405	0.00946	0.00943	0.01261	0.02026	0.04174	0.02326	0.74969	0.05579	0.00640	0.00662	0.00932	0.00390	0.00397
45	0.01727	0.77681	0.03386	0.01106	0.01658	0.02557	0.01106	0.01935	0.01313	0.01520	0.00898	0.01036	0.00829	0.00553	0.00415	0.00138	0.00691	0.00345	0.00276	0.00829
46	0.01409	0.01396	0.01937	0.01647	0.01685	0.01905	0.01371	0.01560	0.01013	0.01592	0.00868	0.01409	0.00855	0.01088	0.02011	0.00270	0.71090	0.00553	0.00289	0.06052
47	0.01297	0.01227	0.02076	0.61250	0.18342	0.01456	0.01832	0.01718	0.01328	0.01744	0.01162	0.01698	0.00894	0.00632	0.00645	0.00211	0.00842	0.00575	0.00294	0.00779
48	0.02456	0.01810	0.01939	0.01487	0.02004	0.02004	0.01228	0.71107	0.03038	0.04072	0.01551	0.01551	0.01099	0.00776	0.00646	0.00194	0.00711	0.00582	0.00646	0.01099
49	0.01578	0.01074	0.01265	0.01057	0.01407	0.01049	0.00831	0.12384	0.12404	0.12442	0.25247	0.06544	0.05437	0.01013	0.00672	0.00190	0.00462	0.00859	0.00645	0.13440
50	0.02899	0.01100	0.01499	0.01150	0.01649	0.00950	0.00950	0.03149	0.01849	0.73709	0.02549	0.02199	0.01599	0.00800	0.00650	0.00200	0.00550	0.00650	0.00800	0.01100
51	0.01342	0.03211	0.68073	0.01879	0.02805	0.01522	0.06078	0.04024	0.01421	0.02105	0.01179	0.01390	0.00835	0.00615	0.00623	0.00205	0.00955	0.00496	0.00286	0.00954
52	0.02030	0.01826	0.01778	0.01544	0.04127	0.14511	0.03252	0.26650	0.29717	0.02937	0.01873	0.01849	0.01402	0.00782	0.00638	0.00199	0.00715	0.00617	0.02566	0.00986
53	0.78693	0.01244	0.00972	0.00862	0.01266	0.01429	0.00710	0.01949	0.01130	0.05736	0.00966	0.01096	0.00736	0.00608	0.00410	0.00200	0.00502	0.00362	0.00416	0.00716
54	0.01691	0.01134	0.04735	0.01132	0.01449	0.01081	0.00930	0.10094	0.09622	0.19916	0.12573	0.04725	0.04007	0.08391	0.12953	0.00380	0.02971	0.00796	0.00593	0.00825
55	0.01296	0.03130	0.66611	0.01859	0.02759	0.01472	0.06094	0.02014	0.01379	0.02042	0.01275	0.01667	0.00966	0.00666	0.00635	0.00210	0.00945	0.03754	0.00291	0.00933
56	0.00787	0.00562	0.00750	0.00900	0.00937	0.00525	0.00600	0.00900	0.01237	0.01649	0.03561	0.76871	0.04274	0.02024	0.00825	0.00262	0.00375	0.01837	0.00600	0.00525
57	0.01035	0.00740	0.01033	0.01172	0.01321	0.00737	0.01021	0.01333	0.01504	0.01965	0.06733	0.07171	0.03832	0.01763	0.00886	0.00293	0.00581	0.65684	0.00601	0.00596
58	0.01220	0.01148	0.01938	0.75739	0.04450	0.01436	0.01794	0.01651	0.01292	0.01651	0.01148	0.01723	0.00861	0.00646	0.00646	0.00215	0.00861	0.00574	0.00287	0.00718
59	0.01340	0.01148	0.01340	0.00957	0.01531	0.00861	0.00766	0.01627	0.01340	0.02105	0.01148	0.01340	0.00957	0.00479	0.00479	0.00096	0.00479	0.00383	0.00383	0.81242
60	0.00927	0.00677	0.00961	0.00961	0.01050	0.00766	0.00711	0.01104	0.01015	0.01443	0.01802	0.02931	0.01786	0.21670	0.58141	0.00943	0.01474	0.00750	0.00357	0.00534
61	0.00787	0.00562	0.00750	0.00900	0.00937	0.00525	0.00600	0.00900	0.01237	0.01649	0.03561	0.76871	0.04274	0.02024	0.00825	0.00262	0.00375	0.01837	0.00600	0.00525
62	0.01414	0.01414	0.01979	0.01696	0.01696	0.01979	0.01414	0.01555	0.00990	0.01555	0.00848	0.01414	0.00848	0.01131	0.02120	0.00283	0.76110	0.00565	0.00283	0.00707
63	0.01299	0.03150	0.66936	0.01867	0.02776	0.01481	0.06878	0.02021	0.01390	0.02065	0.03480	0.01501	0.00999	0.00632	0.00629	0.00205	0.00943	0.00519	0.00291	0.00938
64	0.00940	0.00626	0.00705	0.00705	0.00705	0.00626	0.00392	0.00940	0.00940	0.01253	0.02036	0.04228	0.02349	0.77292	0.03289	0.00626	0.00626	0.00940	0.00392	0.00392
65	0.00787	0.00562	0.00750	0.00900	0.00937	0.00525	0.00600	0.00900	0.01237	0.01649	0.03561	0.76871	0.04274	0.02024	0.00825	0.00262	0.00375	0.01837	0.00600	0.00525
66	0.01578	0.01448	0.04353	0.01332	0.01715	0.01578	0.01078	0.03317	0.67226	0.02654	0.02594	0.02509	0.01976	0.00892	0.00662	0.00221	0.00532	0.02686	0.00640	0.01008
67	0.02041	0.01649	0.06274	0.07948	0.04201	0.01673	0.02995	0.45585	0.02427	0.05260	0.01677	0.06639	0.01320	0.00825	0.00645	0.00199	0.00694	0.00666	0.06307	0.00975
68	0.02831	0.01080	0.01464	0.01128	0.01614	0.00936	0.00930	0.03083	0.01830	0.70853	0.02531	0.02208	0.01602	0.00798	0.00642	0.00198	0.00540	0.00648	0.04008	0.01080
69	0.00923	0.00692	0.01038	0.01038	0.01154	0.00808	0.00808	0.01154	0.01038	0.01500	0.01731	0.02538	0.01615	0.04846	0.74732	0.01038	0.01731	0.00692	0.00346	0.00577
70	0.01423	0.06215	0.29296	0.06377	0.22940	0.01474	0.09462	0.01931	0.01423	0.03818	0.03440	0.06607	0.01299	0.00712	0.00648	0.00203	0.00829	0.00649	0.00341	0.00911
71	0.01734	0.46094	0.05086	0.01306	0.01726	0.14951	0.01196	0.01944	0.01341	0.01552	0.00975	0.01227	0.00886	0.00953	0.05822	0.00228	0.11487	0.00417	0.00292	0.00785
72	0.00924	0.00690	0.01028	0.01028	0.01140	0.00802	0.00795	0.01147	0.01035	0.01492	0.01740	0.02592	0.01638	0.07124	0.72485	0.01025	0.01696	0.00700	0.00348	0.00571
73	0.01727	0.77681	0.03386	0.01106	0.01658	0.02557	0.01106	0.01935	0.01313	0.01520	0.00898	0.01036	0.00829	0.00553	0.00415	0.00138	0.00691	0.00345	0.00276	0.00829
74	0.00764	0.00655	0.00655	0.00655	0.00873	0.00545	0.00491	0.00927	0.01473	0.01745	0.06546	0.06218	0.73000	0.01636	0.00764	0.00218	0.00327	0.01364	0.00600	0.00545
75	0.01186	0.00721	0.00951	0.00859	0.01059	0.00656	0.00656	0.01483	0.01832	0.12323	0.63291	0.04467	0.05481	0.01250	0.00747	0.00203	0.00338	0.01098	0.00723	0.00677
76	0.00764	0.00655	0.00655	0.00655	0.00873	0.00545	0.00491	0.00927	0.01473	0.01745	0.06546	0.06218	0.73000	0.01636	0.00764	0.00218	0.00327	0.01364	0.00600	0.00545
77	0.01122	0.00561	0.00842	0.00842	0.00842	0.00561	0.00561	0.00842	0.00842	0.01122	0.01122	0.01964	0.01122	0.02245	0.02525	0.81201	0.00561	0.00561	0.00281	0.00281
78	0.02456	0.01810	0.01939	0.01487	0.02004	0.02004	0.01228	0.71107	0.03038	0.04072	0.01551	0.01551	0.01099	0.00776	0.00646	0.00194	0.00711	0.00582	0.00646	0.01099
79	0.02899	0.01100	0.01499	0.01150	0.01649	0.00950	0.00950	0.03149	0.01849	0.73709	0.02549	0.02199	0.01599	0.00800	0.00650	0.00200	0.00550	0.00650	0.00800	0.01100
80	0.01607	0.01388	0.01461	0.01315	0.01680	0.01607	0.01023	0.03433	0.72094	0.02703	0.02630	0.02411	0.01972	0.00877	0.00657	0.00219	0.00511	0.00731	0.00657	0.01023
81	0.22828	0.01666	0.01685	0.01323	0.01810	0.01862	0.01093	0.53350	0.02541	0.03771	0.01384	0.01423	0.00996	0.00731	0.00583	0.00195	0.00657	0.00522	0.00583	0.00996
82	0.01041	0.00744	0.01041	0.01190	0.01339	0.00744	0.01041	0.01339	0.01487	0.01934	0.03421	0.07288	0.03719	0.01785	0.00892	0.00297	0.00595	0.68913	0.00595	0.00595
83	0.01475	0.01408	0.02398	0.27529	0.50671	0.01502	0.01921	0.01874	0.01412	0.01960	0.01193	0.01640	0.00970	0.00599	0.00642	0.00200	0.00798	0.00575	0.00309	0.00923
84	0.01122	0.00561	0.00842	0.00842	0.00842	0.00561	0.00561	0.00842	0.00842	0.01122	0.01122	0.01964	0.01122	0.02245	0.02525	0.81201	0.00561	0.00561	0.00281	0.00281
85	0.00764	0.00655	0.00655	0.00655	0.00873	0.00545	0.00491	0.00927	0.01473	0.01745	0.06546	0.06218	0.73000	0.01636	0.00764	0.00218	0.00327	0.01364	0.00600	0.00545
86	0.01580	0.02905	0.42277	0.01646	0.02307	0.23624	0.01801	0.02090	0.01558	0.01953	0.08718	0.01807	0.03505	0.00733	0.00624	0.00193	0.00933	0.00557	0.00346	0.00844
87	0.01296	0.03342	0.73944	0.01842	0.02797	0.01501	0.02387	0.02046	0.01364	0.02046	0.01160	0.01364	0.00818	0.00614	0.00614	0.00205	0.00955	0.00477	0.00273	0.00955
88	0.01599	0.01535	0.02623	0.03966	0.73262	0.01535	0.01983	0.01983	0.01471	0.02111	0.01215	0.01599	0.01023	0.00576	0.00640	0.00192	0.00768	0.00576	0.00320	0.01023
89	0.01041	0.00744	0.01041	0.01190	0.01339	0.00744	0.01041	0.01339	0.01487	0.01934	0.03421	0.07288	0.03719	0.01785	0.00892	0.00297	0.00595	0.68913	0.00595	0.00595
90	0.01500	0.01434	0.02443	0.22765	0.55238	0.01509	0.01934	0.01896	0.01424	0.01990	0.01198	0.01632	0.00981	0.00594	0.00641	0.00198	0.00792	0.00575	0.00311	0.00943
91	0.00807	0.00580	0.00769	0.00901	0.00956	0.00541	0.00618	0.00943	0.01295	0.01728	0.08242	0.66792	0.06295	0.01955	0.00822	0.00259	0.00379	0.04976	0.00607	0.00534
92	0.00787	0.00562	0.00750	0.00900	0.00937	0.00525	0.00600	0.00900	0.01237	0.01649	0.03561	0.76871	0.04274	0.02024	0.00825	0.00262	0.00375	0.01837	0.00600	0.00525
93	0.81856	0.01250	0.00950	0.00850	0.01250	0.01449	0.00700	0.01899	0.01100	0.02899	0.00900	0.01050	0.00700	0.00600	0.00400	0.00200	0.00500	0.00350	0.00400	0.00700
94	0.00914	0.00660	0.00864	0.00813	0.00965	0.00610	0.00610	0.01219	0.01829	0.02591	0.72921	0.04827	0.06097	0.01321	0.00762	0.00203	0.00305	0.01169	0.00711	0.00610
95	0.02276	0.04020	0.01864	0.01442	0.01894	0.06390	0.01179	0.44213	0.13685	0.09508	0.01716	0.01697	0.01242	0.00800	0.00720	0.00200	0.04916	0.00593	0.00610	0.01035
96	0.04770	0.04387	0.01772	0.01473	0.01874	0.30789	0.01155	0.20437	0.20034	0.04557	0.01594	0.01604	0.01209	0.00746	0.00609	0.00188	0.00829	0.00541	0.00510	0.00920

[dist]
# distance from previous block
# <min> <max>
0	1

[block]
# block no. 5 follows, 34 sequences, length 21
# corresponding to MSA columns:
# 259-279
name=unknown_F
#
# <colnr> <probs for GDERKNQSTAVLIFYWHMCP>
#	G	D	E	R	K	N	Q	S	T	A	V	L	I	F	Y	W	H	M	C	P
0	0.01954	0.02114	0.01881	0.01643	0.01824	0.33450	0.01309	0.02114	0.01416	0.06726	0.01035	0.01362	0.00895	0.00905	0.01348	0.00226	0.38196	0.00507	0.00341	0.00753
1	0.01548	0.05738	0.06974	0.06559	0.01969	0.04363	0.03051	0.05994	0.14880	0.03861	0.01469	0.01590	0.01143	0.00614	0.00556	0.00152	0.00619	0.00497	0.00435	0.37986
2	0.02112	0.27116	0.02290	0.01409	0.01816	0.36327	0.01165	0.07120	0.01684	0.05523	0.01122	0.01285	0.00933	0.00882	0.04601	0.00211	0.02799	0.00436	0.00361	0.00808
3	0.00923	0.00692	0.01038	0.01038	0.01154	0.00808	0.00808	0.01154	0.01038	0.01500	0.01731	0.02538	0.01615	0.04846	0.74732	0.01038	0.01731	0.00692	0.00346	0.00577
4	0.01599	0.01535	0.02623	0.03966	0.73262	0.01535	0.01983	0.01983	0.01471	0.02111	0.01215	0.01599	0.01023	0.00576	0.00640	0.00192	0.00768	0.00576	0.00320	0.01023
5	0.00777	0.00642	0.00682	0.00699	0.00888	0.00547	0.00514	0.00944	0.01466	0.01791	0.10761	0.15675	0.59050	0.01667	0.00772	0.00223	0.00332	0.01414	0.00608	0.00547
6	0.01502	0.00829	0.01105	0.01059	0.01298	0.00783	0.00856	0.01844	0.05342	0.21204	0.19373	0.14440	0.03691	0.01399	0.00776	0.00241	0.00481	0.22351	0.00681	0.00746
7	0.00965	0.00624	0.00695	0.00695	0.00709	0.00624	0.00397	0.00995	0.00980	0.01365	0.02043	0.04051	0.02282	0.69849	0.03013	0.00580	0.00595	0.00907	0.08218	0.00412
8	0.01142	0.01007	0.01340	0.01273	0.01369	0.04303	0.01030	0.01354	0.01119	0.01578	0.01677	0.02802	0.01648	0.03197	0.40923	0.00686	0.22698	0.09869	0.00361	0.00624
9	0.00805	0.00575	0.00769	0.00912	0.00959	0.00539	0.00623	0.00933	0.01269	0.01695	0.05806	0.70873	0.04304	0.01989	0.00826	0.00262	0.00384	0.05341	0.00603	0.00531
10	0.01727	0.77681	0.03386	0.01106	0.01658	0.02557	0.01106	0.01935	0.01313	0.01520	0.00898	0.01036	0.00829	0.00553	0.00415	0.00138	0.00691	0.00345	0.00276	0.00829
11	0.01958	0.06952	0.01728	0.01301	0.01689	0.06233	0.01065	0.38608	0.02239	0.05055	0.04496	0.01899	0.01420	0.01708	0.17606	0.00381	0.00937	0.00607	0.03219	0.00901
12	0.01367	0.01360	0.05762	0.01179	0.01387	0.15658	0.00918	0.01648	0.05833	0.06878	0.02687	0.44750	0.02931	0.01477	0.00775	0.00233	0.02672	0.01275	0.00534	0.00675
13	0.02899	0.01100	0.01499	0.01150	0.01649	0.00950	0.00950	0.03149	0.01849	0.73709	0.02549	0.02199	0.01599	0.00800	0.00650	0.00200	0.00550	0.00650	0.00800	0.01100
14	0.01041	0.00744	0.01041	0.01190	0.01339	0.00744	0.01041	0.01339	0.01487	0.01934	0.03421	0.07288	0.03719	0.01785	0.00892	0.00297	0.00595	0.68913	0.00595	0.00595
15	0.00764	0.00655	0.00655	0.00655	0.00873	0.00545	0.00491	0.00927	0.01473	0.01745	0.06546	0.06218	0.73000	0.01636	0.00764	0.00218	0.00327	0.01364	0.00600	0.00545
16	0.02139	0.01722	0.01756	0.01433	0.01883	0.05806	0.01153	0.42268	0.28603	0.03429	0.01922	0.01849	0.01409	0.00807	0.00647	0.00202	0.00662	0.00628	0.00633	0.01052
17	0.00900	0.00660	0.00844	0.00798	0.00957	0.00604	0.00599	0.01192	0.01796	0.02512	0.66741	0.04956	0.12326	0.01350	0.00762	0.00205	0.00307	0.01187	0.00701	0.00604
18	0.01312	0.01250	0.01738	0.01524	0.01539	0.01704	0.01246	0.01456	0.01019	0.01571	0.01185	0.07028	0.01228	0.04607	0.06615	0.00340	0.60616	0.00681	0.02673	0.00669
19	0.01437	0.01152	0.01230	0.01126	0.01425	0.01300	0.00871	0.02781	0.50036	0.02574	0.08041	0.02702	0.04097	0.01055	0.03342	0.00236	0.00499	0.00758	0.14450	0.00890
20	0.01499	0.04026	0.01582	0.01188	0.04021	0.01100	0.03449	0.09137	0.03536	0.03944	0.01495	0.03771	0.03255	0.00617	0.00538	0.00130	0.00538	0.00511	0.00433	0.55229

[dist]
# distance from previous block
# <min> <max>
0	1

[block]
# block no. 6 follows, 34 sequences, length 17
# corresponding to MSA columns:
# 281-285,367-378
name=unknown_G
#
# <colnr> <probs for GDERKNQSTAVLIFYWHMCP>
#	G	D	E	R	K	N	Q	S	T	A	V	L	I	F	Y	W	H	M	C	P
0	0.01102	0.00944	0.01486	0.18545	0.09379	0.01124	0.01206	0.01387	0.01137	0.01602	0.01471	0.02161	0.01318	0.03134	0.44067	0.00700	0.07606	0.00643	0.00325	0.00666
1	0.74231	0.01263	0.01044	0.05387	0.01469	0.01468	0.00784	0.04293	0.01179	0.02865	0.00937	0.01108	0.00723	0.00609	0.00423	0.00201	0.00529	0.00371	0.00402	0.00715
2	0.00995	0.00748	0.00933	0.00885	0.01057	0.00734	0.00663	0.01484	0.10988	0.02532	0.58289	0.10144	0.05414	0.01318	0.00753	0.00210	0.00337	0.01163	0.00696	0.00657
3	0.00862	0.00652	0.00786	0.00788	0.00940	0.00590	0.00584	0.01082	0.01577	0.02098	0.35692	0.12815	0.27136	0.06167	0.00932	0.00246	0.00357	0.05495	0.00637	0.00566
4	0.07182	0.38334	0.18706	0.01452	0.02063	0.07577	0.07553	0.02119	0.06144	0.01865	0.01117	0.01275	0.00909	0.00599	0.00518	0.00172	0.00796	0.00443	0.00319	0.00859
5	0.01048	0.00690	0.00907	0.00836	0.01011	0.00633	0.00633	0.01350	0.01830	0.07390	0.68173	0.04649	0.05793	0.01286	0.00755	0.00203	0.00321	0.01134	0.00717	0.00643
6	0.01599	0.01535	0.02623	0.03966	0.73262	0.01535	0.01983	0.01983	0.01471	0.02111	0.01215	0.01599	0.01023	0.00576	0.00640	0.00192	0.00768	0.00576	0.00320	0.01023
7	0.01340	0.01148	0.01340	0.00957	0.01531	0.00861	0.00766	0.01627	0.01340	0.02105	0.01148	0.01340	0.00957	0.00479	0.00479	0.00096	0.00479	0.00383	0.00383	0.81242
8	0.00787	0.00562	0.00750	0.00900	0.00937	0.00525	0.00600	0.00900	0.01237	0.01649	0.03561	0.76871	0.04274	0.02024	0.00825	0.00262	0.00375	0.01837	0.00600	0.00525
9	0.66154	0.01226	0.01129	0.00978	0.01383	0.01368	0.03739	0.01990	0.01211	0.09445	0.01224	0.01563	0.00978	0.00688	0.00468	0.00207	0.00535	0.04529	0.00446	0.00738
10	0.00879	0.00652	0.00819	0.00792	0.00947	0.00592	0.00588	0.01144	0.01722	0.02373	0.56152	0.10554	0.17535	0.01429	0.00767	0.00210	0.00314	0.01253	0.00684	0.00592
11	0.00772	0.00651	0.00668	0.00671	0.00879	0.00548	0.00501	0.00940	0.01480	0.01781	0.09507	0.08814	0.67314	0.01636	0.00766	0.00219	0.00328	0.01372	0.00605	0.00548
12	0.01122	0.00561	0.00842	0.00842	0.00842	0.00561	0.00561	0.00842	0.00842	0.01122	0.01122	0.01964	0.01122	0.02245	0.02525	0.81201	0.00561	0.00561	0.00281	0.00281
13	0.74035	0.01237	0.01021	0.03824	0.01399	0.01420	0.00758	0.01963	0.01151	0.07009	0.01006	0.01144	0.00759	0.00613	0.00424	0.00201	0.00517	0.00376	0.00419	0.00724
14	0.01493	0.01423	0.02444	0.03520	0.60795	0.01413	0.05130	0.01851	0.01444	0.02051	0.01515	0.11077	0.01430	0.00756	0.00669	0.00202	0.00734	0.00743	0.00355	0.00953
15	0.00922	0.00670	0.00940	0.00946	0.01028	0.00749	0.00691	0.01088	0.01021	0.01441	0.01883	0.05938	0.01913	0.23632	0.53153	0.00900	0.01389	0.00802	0.00368	0.00526
16	0.01611	0.08729	0.06015	0.02247	0.25161	0.04158	0.08555	0.07737	0.01562	0.02193	0.01192	0.01450	0.00969	0.00563	0.00579	0.00160	0.00725	0.00504	0.00361	0.25529

[dist]
# distance from previous block
# <min> <max>
0	1

[block]
# block no. 7 follows, 34 sequences, length 54
# corresponding to MSA columns:
# 380-433
name=unknown_H
#
# <colnr> <probs for GDERKNQSTAVLIFYWHMCP>
#	G	D	E	R	K	N	Q	S	T	A	V	L	I	F	Y	W	H	M	C	P
0	0.01518	0.01782	0.08894	0.05894	0.03245	0.01562	0.58143	0.02047	0.01494	0.04266	0.01350	0.01805	0.01025	0.02952	0.00821	0.00229	0.01037	0.00734	0.00338	0.00863
1	0.00936	0.00670	0.00943	0.00943	0.01024	0.00750	0.00689	0.01085	0.01004	0.01420	0.01785	0.02955	0.01786	0.23629	0.53054	0.04313	0.01393	0.00751	0.00355	0.00516
2	0.02389	0.01850	0.01920	0.04010	0.02078	0.06204	0.01243	0.62946	0.04765	0.03808	0.01534	0.01558	0.01099	0.00768	0.00643	0.00194	0.00737	0.00576	0.00616	0.01064
3	0.02511	0.01508	0.01773	0.01362	0.01870	0.03628	0.03446	0.33302	0.04551	0.31787	0.01939	0.01822	0.01308	0.00760	0.00641	0.00192	0.00653	0.00604	0.00673	0.05670
4	0.01725	0.01586	0.02413	0.10788	0.53368	0.04919	0.01821	0.09616	0.01652	0.04064	0.01269	0.01602	0.01021	0.00615	0.00639	0.00194	0.00784	0.00571	0.00365	0.00990
5	0.02414	0.03079	0.01831	0.01665	0.01998	0.74698	0.01248	0.02580	0.01831	0.01581	0.00999	0.01165	0.00832	0.00666	0.00583	0.00166	0.01165	0.00416	0.00333	0.00749
6	0.01607	0.01388	0.01461	0.01315	0.01680	0.01607	0.01023	0.03433	0.72094	0.02703	0.02630	0.02411	0.01972	0.00877	0.00657	0.00219	0.00511	0.00731	0.00657	0.01023
