[name]
unknown

[dist]
# distance from previous block
# <min> <max>
12	514

[block]
# block no. 0 follows, 29 sequences, length 9
# corresponding to MSA columns:
# 626-634
name=unknown_A
#
# <colnr> <probs for GDERKNQSTAVLIFYWHMCP>
#	G	D	E	R	K	N	Q	S	T	A	V	L	I	F	Y	W	H	M	C	P
0	0.04920	0.06805	0.10228	0.01744	0.02286	0.01402	0.20455	0.02139	0.04642	0.09309	0.15493	0.06496	0.02544	0.00943	0.00748	0.00223	0.00767	0.02488	0.00533	0.05833
1	0.01948	0.01527	0.01571	0.01286	0.01711	0.07753	0.00995	0.21711	0.04052	0.07594	0.02015	0.11988	0.01846	0.09391	0.01017	0.00249	0.00682	0.00812	0.00579	0.21272
2	0.01725	0.25163	0.18524	0.01765	0.02329	0.09509	0.09289	0.02112	0.01492	0.01906	0.01466	0.01733	0.04913	0.00822	0.00937	0.00217	0.14278	0.00584	0.00338	0.00899
3	0.01813	0.09096	0.01573	0.01150	0.01505	0.04375	0.00930	0.14737	0.12308	0.06548	0.14564	0.02735	0.02521	0.00945	0.00649	0.00199	0.00553	0.00760	0.22137	0.00902
4	0.00990	0.00737	0.01086	0.01116	0.01228	0.00833	0.00848	0.01220	0.01185	0.01683	0.02277	0.15945	0.02317	0.04770	0.59092	0.00988	0.01633	0.00994	0.00433	0.00625
5	0.16222	0.61832	0.03239	0.01167	0.01745	0.02594	0.01136	0.02125	0.01404	0.01954	0.00990	0.01145	0.00888	0.00619	0.00454	0.00165	0.00723	0.00382	0.00330	0.00888
6	0.01111	0.00804	0.00924	0.00868	0.01110	0.00728	0.00660	0.01470	0.05948	0.06695	0.31181	0.05720	0.37031	0.01559	0.00826	0.00233	0.00379	0.01327	0.00727	0.00699
7	0.01412	0.01197	0.01408	0.01048	0.01618	0.00910	0.00824	0.01708	0.01465	0.02267	0.01546	0.09189	0.01441	0.00707	0.00568	0.00125	0.00515	0.00591	0.00447	0.71012
8	0.06040	0.01421	0.02002	0.13578	0.17555	0.01480	0.01452	0.01887	0.01414	0.02180	0.01206	0.01605	0.01016	0.00720	0.00923	0.00195	0.14078	0.00538	0.00370	0.30341

[dist]
# distance from previous block
# <min> <max>
5	21

[block]
# block no. 1 follows, 29 sequences, length 8
# corresponding to MSA columns:
# 656-663
name=unknown_B
#
# <colnr> <probs for GDERKNQSTAVLIFYWHMCP>
#	G	D	E	R	K	N	Q	S	T	A	V	L	I	F	Y	W	H	M	C	P
0	0.01728	0.06533	0.03781	0.01252	0.01628	0.03876	0.01038	0.14729	0.17470	0.04494	0.08958	0.03150	0.13180	0.01078	0.00779	0.00220	0.04118	0.00852	0.10220	0.00918
1	0.07310	0.01154	0.01358	0.05999	0.01735	0.00980	0.00860	0.01665	0.01401	0.02214	0.01614	0.09498	0.01550	0.07411	0.00852	0.00195	0.00561	0.00658	0.00442	0.52542
2	0.08235	0.01358	0.02000	0.39944	0.13163	0.01572	0.01673	0.07009	0.06318	0.02391	0.08007	0.02182	0.01617	0.00796	0.00701	0.00229	0.00802	0.00687	0.00435	0.00881
3	0.02099	0.01844	0.01918	0.10615	0.02390	0.14157	0.03331	0.18430	0.02072	0.07376	0.01456	0.01632	0.01104	0.00695	0.00640	0.00175	0.00807	0.00542	0.00499	0.28218
4	0.05349	0.01142	0.01601	0.01517	0.08830	0.01107	0.06668	0.04678	0.01631	0.10571	0.07442	0.02569	0.05443	0.01021	0.00909	0.07504	0.03286	0.00728	0.17972	0.10033
5	0.14234	0.01300	0.01527	0.08132	0.05508	0.01414	0.01091	0.09524	0.11725	0.02680	0.07536	0.05635	0.01924	0.03715	0.00941	0.03336	0.04803	0.00729	0.03414	0.10834
6	0.01557	0.01383	0.02024	0.32253	0.03215	0.01552	0.05312	0.09659	0.04536	0.02370	0.07258	0.02097	0.01549	0.00819	0.00863	0.00219	0.08118	0.00672	0.00440	0.14104
7	0.09940	0.01231	0.01351	0.07371	0.04948	0.04889	0.00970	0.02176	0.09397	0.07675	0.01960	0.05179	0.01583	0.00923	0.02301	0.00212	0.00605	0.00659	0.22220	0.14412

[dist]
# distance from previous block
# <min> <max>
5	35

[block]
# block no. 2 follows, 29 sequences, length 11
# corresponding to MSA columns:
# 699-709
name=unknown_C
#
# <colnr> <probs for GDERKNQSTAVLIFYWHMCP>
#	G	D	E	R	K	N	Q	S	T	A	V	L	I	F	Y	W	H	M	C	P
0	0.04588	0.06334	0.04941	0.04473	0.02005	0.01395	0.05089	0.14414	0.01974	0.12411	0.06638	0.03239	0.06380	0.01025	0.00723	0.00218	0.00681	0.10508	0.00594	0.12371
1	0.14849	0.14503	0.16782	0.01468	0.02033	0.01773	0.03824	0.14324	0.05050	0.02697	0.01812	0.12350	0.01666	0.00975	0.00658	0.00224	0.00745	0.02849	0.00488	0.00929
2	0.01889	0.26552	0.32150	0.01727	0.02510	0.06460	0.06242	0.02400	0.01593	0.10252	0.01367	0.01510	0.01021	0.00678	0.00619	0.00199	0.00929	0.00518	0.00379	0.01006
3	0.02341	0.01642	0.02004	0.01555	0.02036	0.04221	0.09080	0.34342	0.02486	0.13320	0.01940	0.02157	0.01446	0.05744	0.00888	0.00241	0.00754	0.00699	0.12069	0.01035
4	0.01017	0.00763	0.01144	0.01144	0.01272	0.00890	0.00890	0.01272	0.01144	0.01653	0.01907	0.02797	0.01780	0.05340	0.72153	0.01144	0.01907	0.00763	0.00381	0.00636
5	0.01904	0.75404	0.03731	0.01218	0.01828	0.02818	0.01218	0.02132	0.01447	0.01675	0.00990	0.01142	0.00914	0.00609	0.00457	0.00152	0.00761	0.00381	0.00305	0.00914
6	0.01084	0.00854	0.00994	0.00936	0.01162	0.00828	0.00709	0.01645	0.12658	0.02618	0.42062	0.05316	0.23493	0.01473	0.00822	0.00231	0.00379	0.01270	0.00741	0.00725
7	0.01477	0.01266	0.01477	0.01055	0.01687	0.00949	0.00844	0.01793	0.01477	0.02320	0.01266	0.01477	0.01055	0.00527	0.00527	0.00105	0.00527	0.00422	0.00422	0.79328
8	0.01288	0.01188	0.01979	0.64629	0.04442	0.01462	0.01820	0.01720	0.01417	0.01819	0.01583	0.10573	0.01398	0.00893	0.00735	0.00244	0.00885	0.00799	0.00358	0.00766
9	0.01766	0.01366	0.01583	0.01152	0.01771	0.01136	0.00930	0.11405	0.01781	0.07159	0.01431	0.01572	0.01124	0.00598	0.00566	0.00129	0.00569	0.00473	0.00494	0.62996
10	0.01314	0.01008	0.01202	0.01162	0.01350	0.01066	0.00865	0.13549	0.06106	0.02455	0.08040	0.40253	0.10514	0.01738	0.00943	0.00264	0.05261	0.01499	0.00660	0.00751

[dist]
# distance from previous block
# <min> <max>
0	36

[block]
# block no. 3 follows, 29 sequences, length 13
# corresponding to MSA columns:
# 747-759
name=unknown_D
#
# <colnr> <probs for GDERKNQSTAVLIFYWHMCP>
#	G	D	E	R	K	N	Q	S	T	A	V	L	I	F	Y	W	H	M	C	P
0	0.02101	0.02071	0.02767	0.04723	0.02748	0.15194	0.25371	0.17323	0.04576	0.05107	0.01610	0.04994	0.01290	0.00828	0.00866	0.00230	0.06001	0.00747	0.00482	0.00971
1	0.01692	0.01656	0.02291	0.09882	0.02576	0.06488	0.14953	0.05179	0.10910	0.02320	0.01490	0.01786	0.01183	0.00749	0.00899	0.00205	0.10618	0.00624	0.00433	0.24065
2	0.00904	0.00656	0.00861	0.01012	0.01087	0.00614	0.00717	0.01061	0.01424	0.01870	0.04196	0.59320	0.10465	0.02156	0.00913	0.00290	0.00442	0.10759	0.00660	0.00591
3	0.01855	0.01571	0.01657	0.01466	0.01883	0.01810	0.01147	0.09520	0.63375	0.03113	0.02792	0.02572	0.02088	0.00956	0.00723	0.00239	0.00583	0.00790	0.00723	0.01135
4	0.01477	0.01266	0.01477	0.01055	0.01687	0.00949	0.00844	0.01793	0.01477	0.02320	0.01266	0.01477	0.01055	0.00527	0.00527	0.00105	0.00527	0.00422	0.00422	0.79328
5	0.02707	0.01995	0.02137	0.01638	0.02208	0.02208	0.01353	0.68159	0.03348	0.04488	0.01710	0.01710	0.01211	0.00855	0.00712	0.00214	0.00784	0.00641	0.00712	0.01211
6	0.02707	0.01995	0.02137	0.01638	0.02208	0.02208	0.01353	0.68159	0.03348	0.04488	0.01710	0.01710	0.01211	0.00855	0.00712	0.00214	0.00784	0.00641	0.00712	0.01211
7	0.02707	0.01995	0.02137	0.01638	0.02208	0.02208	0.01353	0.68159	0.03348	0.04488	0.01710	0.01710	0.01211	0.00855	0.00712	0.00214	0.00784	0.00641	0.00712	0.01211
8	0.03049	0.01808	0.01752	0.01422	0.01923	0.20465	0.01137	0.03299	0.02033	0.52096	0.02342	0.02112	0.01532	0.00841	0.00696	0.00210	0.00791	0.00646	0.00741	0.01106
9	0.02707	0.01995	0.02137	0.01638	0.02208	0.02208	0.01353	0.68159	0.03348	0.04488	0.01710	0.01710	0.01211	0.00855	0.00712	0.00214	0.00784	0.00641	0.00712	0.01211
10	0.02707	0.01995	0.02137	0.01638	0.02208	0.02208	0.01353	0.68159	0.03348	0.04488	0.01710	0.01710	0.01211	0.00855	0.00712	0.00214	0.00784	0.00641	0.00712	0.01211
11	0.00868	0.00620	0.00826	0.00991	0.01033	0.00578	0.00661	0.00991	0.01363	0.01818	0.03925	0.74510	0.04710	0.02231	0.00909	0.00289	0.00413	0.02024	0.00661	0.00578
12	0.01410	0.01156	0.01289	0.01257	0.01509	0.01282	0.00938	0.02622	0.40374	0.02474	0.03228	0.25932	0.03097	0.05804	0.00967	0.00287	0.00527	0.04273	0.00684	0.00889

[dist]
# distance from previous block
# <min> <max>
6	11

[block]
# block no. 4 follows, 29 sequences, length 6
# corresponding to MSA columns:
# 771-776
name=unknown_E
#
# <colnr> <probs for GDERKNQSTAVLIFYWHMCP>
#	G	D	E	R	K	N	Q	S	T	A	V	L	I	F	Y	W	H	M	C	P
0	0.02707	0.01995	0.02137	0.01638	0.02208	0.02208	0.01353	0.68159	0.03348	0.04488	0.01710	0.01710	0.01211	0.00855	0.00712	0.00214	0.00784	0.00641	0.00712	0.01211
1	0.02660	0.03394	0.02018	0.01834	0.02201	0.72116	0.01376	0.02843	0.02018	0.01743	0.01101	0.01284	0.00917	0.00734	0.00642	0.00183	0.01284	0.00459	0.00367	0.00825
2	0.01345	0.01266	0.02136	0.73264	0.04904	0.01582	0.01978	0.01819	0.01424	0.01819	0.01266	0.01898	0.00949	0.00712	0.00712	0.00237	0.00949	0.00633	0.00316	0.00791
3	0.02701	0.02172	0.02122	0.01663	0.02207	0.11097	0.01356	0.59854	0.03179	0.04139	0.01632	0.01655	0.01174	0.00839	0.00703	0.00210	0.00847	0.00618	0.00668	0.01162
4	0.02707	0.01995	0.02137	0.01638	0.02208	0.02208	0.01353	0.68159	0.03348	0.04488	0.01710	0.01710	0.01211	0.00855	0.00712	0.00214	0.00784	0.00641	0.00712	0.01211
5	0.06228	0.00699	0.00835	0.00932	0.01047	0.00660	0.00649	0.01104	0.01459	0.02026	0.10498	0.51304	0.16031	0.01978	0.00859	0.00270	0.00406	0.01754	0.00658	0.00604

[dist]
# distance from previous block
# <min> <max>
0	16

[block]
# block no. 5 follows, 29 sequences, length 16
# corresponding to MSA columns:
# 793-808
name=unknown_F
#
# <colnr> <probs for GDERKNQSTAVLIFYWHMCP>
#	G	D	E	R	K	N	Q	S	T	A	V	L	I	F	Y	W	H	M	C	P
0	0.02366	0.02163	0.01964	0.01635	0.02073	0.30310	0.08006	0.06212	0.03846	0.16539	0.01855	0.06890	0.01489	0.00860	0.00687	0.00201	0.00919	0.00690	0.04958	0.06337
1	0.10553	0.17976	0.01852	0.01238	0.01631	0.01418	0.01097	0.02194	0.01648	0.19450	0.02588	0.04293	0.02418	0.01240	0.00736	0.00249	0.00656	0.27286	0.00609	0.00867
2	0.01914	0.01439	0.01665	0.01233	0.01836	0.05079	0.03176	0.05881	0.01715	0.14209	0.01552	0.01656	0.01178	0.00621	0.00587	0.00140	0.00620	0.00501	0.00512	0.54485
3	0.01752	0.45638	0.15807	0.01630	0.02254	0.02423	0.08376	0.02117	0.01437	0.01847	0.01081	0.01340	0.00931	0.00700	0.00771	0.00194	0.09979	0.00485	0.00310	0.00927
4	0.01017	0.00763	0.01144	0.01144	0.01272	0.00890	0.00890	0.01272	0.01144	0.01653	0.01907	0.02797	0.01780	0.05340	0.72153	0.01144	0.01907	0.00763	0.00381	0.00636
5	0.01904	0.75404	0.03731	0.01218	0.01828	0.02818	0.01218	0.02132	0.01447	0.01675	0.00990	0.01142	0.00914	0.00609	0.00457	0.00152	0.00761	0.00381	0.00305	0.00914
6	0.00942	0.00725	0.00860	0.00827	0.01023	0.00644	0.00620	0.01216	0.01860	0.02485	0.45149	0.05928	0.31959	0.01594	0.00841	0.00231	0.00346	0.01373	0.00735	0.00644
7	0.01477	0.01266	0.01477	0.01055	0.01687	0.00949	0.00844	0.01793	0.01477	0.02320	0.01266	0.01477	0.01055	0.00527	0.00527	0.00105	0.00527	0.00422	0.00422	0.79328
8	0.01399	0.01307	0.02142	0.59074	0.11019	0.01528	0.01881	0.01853	0.01449	0.01921	0.01273	0.01842	0.00978	0.00685	0.00692	0.00221	0.00896	0.00611	0.00331	0.08898
9	0.01855	0.01445	0.01823	0.12157	0.07030	0.01367	0.01226	0.15931	0.01912	0.07441	0.01471	0.01673	0.01126	0.00656	0.00619	0.00163	0.00671	0.00534	0.00494	0.40406
10	0.01686	0.01538	0.01822	0.18358	0.02547	0.13222	0.05856	0.02046	0.04064	0.08136	0.01997	0.16503	0.01877	0.01251	0.03960	0.00268	0.04612	0.00896	0.00477	0.08882
11	0.01440	0.01221	0.01405	0.10254	0.01926	0.06208	0.00983	0.01772	0.03543	0.05196	0.09076	0.19151	0.02536	0.01090	0.00695	0.00192	0.00595	0.00941	0.00527	0.31247
12	0.06961	0.01268	0.01548	0.08689	0.10611	0.04492	0.01110	0.05305	0.01704	0.02466	0.16068	0.10263	0.05182	0.01017	0.00695	0.00199	0.00604	0.00871	0.00526	0.20422
13	0.17518	0.01439	0.01628	0.04687	0.01924	0.01478	0.01080	0.16648	0.05780	0.21312	0.03645	0.01909	0.01428	0.00798	0.00684	0.00205	0.02861	0.00601	0.00629	0.13745
14	0.05392	0.01309	0.01509	0.06168	0.01865	0.01303	0.01043	0.20974	0.02107	0.02962	0.10963	0.03320	0.09888	0.01050	0.00711	0.00204	0.00603	0.07444	0.00597	0.20590
15	0.01872	0.01580	0.02497	0.12517	0.07494	0.01657	0.17990	0.12239	0.08830	0.08594	0.05527	0.02129	0.01560	0.00807	0.00851	0.00227	0.05861	0.00732	0.00514	0.06522

[dist]
# distance from previous block
# <min> <max>
11	68

[block]
# block no. 6 follows, 29 sequences, length 104
# corresponding to MSA columns:
# 895-912,919-977,982-1008
name=unknown_G
#
# <colnr> <probs for GDERKNQSTAVLIFYWHMCP>
#	G	D	E	R	K	N	Q	S	T	A	V	L	I	F	Y	W	H	M	C	P
0	0.01574	0.01465	0.02458	0.11229	0.50116	0.01509	0.01897	0.01976	0.01579	0.02240	0.06989	0.02180	0.01635	0.01228	0.08586	0.00318	0.00933	0.00702	0.00387	0.01000
1	0.01526	0.03157	0.57877	0.01843	0.02757	0.01496	0.02286	0.02253	0.01603	0.07913	0.08989	0.01998	0.01613	0.00779	0.00698	0.00225	0.00937	0.00626	0.00401	0.01023
2	0.00868	0.00620	0.00826	0.00991	0.01033	0.00578	0.00661	0.00991	0.01363	0.01818	0.03925	0.74510	0.04710	0.02231	0.00909	0.00289	0.00413	0.02024	0.00661	0.00578
3	0.01477	0.01266	0.01477	0.01055	0.01687	0.00949	0.00844	0.01793	0.01477	0.02320	0.01266	0.01477	0.01055	0.00527	0.00527	0.00105	0.00527	0.00422	0.00422	0.79328
4	0.00868	0.00620	0.00826	0.00991	0.01033	0.00578	0.00661	0.00991	0.01363	0.01818	0.03925	0.74510	0.04710	0.02231	0.00909	0.00289	0.00413	0.02024	0.00661	0.00578
5	0.01428	0.03683	0.71286	0.02030	0.03082	0.01654	0.02631	0.02255	0.01503	0.02255	0.01278	0.01503	0.00902	0.00677	0.00677	0.00226	0.01052	0.00526	0.00301	0.01052
6	0.00934	0.00725	0.01101	0.01155	0.01251	0.00678	0.06132	0.01096	0.01389	0.01855	0.03723	0.68609	0.04415	0.02098	0.00903	0.00285	0.00477	0.01928	0.00637	0.00609
7	0.18999	0.10252	0.05839	0.01511	0.02022	0.21339	0.01282	0.22721	0.04867	0.02968	0.01335	0.01440	0.01026	0.00748	0.00606	0.00202	0.00875	0.00508	0.00493	0.00967
8	0.02811	0.01828	0.02034	0.01559	0.02125	0.01960	0.01288	0.54358	0.03068	0.18684	0.01944	0.01862	0.01329	0.00860	0.00713	0.00215	0.00746	0.00657	0.00748	0.01211
9	0.03195	0.01212	0.01652	0.01267	0.01818	0.01047	0.01047	0.03470	0.02038	0.71026	0.02809	0.02424	0.01763	0.00881	0.00716	0.00220	0.00606	0.00716	0.00881	0.01212
10	0.00868	0.00620	0.00826	0.00991	0.01033	0.00578	0.00661	0.00991	0.01363	0.01818	0.03925	0.74510	0.04710	0.02231	0.00909	0.00289	0.00413	0.02024	0.00661	0.00578
11	0.01471	0.12489	0.60134	0.01894	0.02855	0.01769	0.02387	0.02201	0.01482	0.02159	0.01267	0.01509	0.00938	0.00851	0.03451	0.00252	0.01050	0.00517	0.00304	0.01019
12	0.14695	0.01674	0.01549	0.01376	0.01788	0.09045	0.01077	0.06471	0.42153	0.05643	0.02527	0.02397	0.04755	0.00920	0.00674	0.00230	0.00641	0.00719	0.00644	0.01022
13	0.00868	0.00620	0.00826	0.00991	0.01033	0.00578	0.00661	0.00991	0.01363	0.01818	0.03925	0.74510	0.04710	0.02231	0.00909	0.00289	0.00413	0.02024	0.00661	0.00578
14	0.02491	0.07810	0.12676	0.01738	0.02388	0.05766	0.12271	0.10807	0.02011	0.31869	0.01978	0.01948	0.01339	0.00771	0.00705	0.00216	0.00844	0.00657	0.00613	0.01100
15	0.01463	0.01386	0.02349	0.53820	0.23426	0.01613	0.02036	0.01923	0.01480	0.01962	0.01286	0.01860	0.01000	0.00690	0.00710	0.00230	0.00920	0.00633	0.00327	0.00886
16	0.00868	0.00620	0.00826	0.00991	0.01033	0.00578	0.00661	0.00991	0.01363	0.01818	0.03925	0.74510	0.04710	0.02231	0.00909	0.00289	0.00413	0.02024	0.00661	0.00578
17	0.01660	0.02064	0.09656	0.02922	0.03669	0.01789	0.62637	0.02279	0.01666	0.02279	0.01427	0.01887	0.01066	0.00606	0.00827	0.00239	0.01188	0.00815	0.00355	0.00968
18	0.10339	0.02166	0.09420	0.01538	0.02048	0.15023	0.01328	0.24049	0.10167	0.08612	0.01797	0.04254	0.01405	0.03758	0.00789	0.00235	0.00827	0.00654	0.00576	0.01014
19	0.01502	0.11022	0.57860	0.02037	0.03011	0.01789	0.08672	0.02245	0.01514	0.02197	0.01263	0.01505	0.00920	0.00662	0.00669	0.00219	0.01036	0.00541	0.00307	0.01029
20	0.02551	0.01265	0.01572	0.01303	0.01765	0.01240	0.01041	0.03369	0.23447	0.43667	0.02928	0.08359	0.02134	0.01018	0.00734	0.00233	0.00577	0.00851	0.00813	0.01133
21	0.03949	0.01561	0.01924	0.01780	0.07423	0.01717	0.06627	0.15785	0.36178	0.03044	0.02485	0.10214	0.02055	0.01019	0.00743	0.00238	0.00664	0.00885	0.00648	0.01060
22	0.09450	0.01456	0.01701	0.01380	0.01865	0.01512	0.03163	0.18826	0.16192	0.25203	0.02712	0.02670	0.06792	0.00966	0.00713	0.00229	0.00637	0.02723	0.00728	0.01084
23	0.08844	0.01369	0.01697	0.01311	0.01857	0.01303	0.01083	0.15361	0.02219	0.53621	0.02470	0.02197	0.01586	0.00860	0.00695	0.00219	0.00635	0.00677	0.00817	0.01179
24	0.00968	0.00789	0.00864	0.00834	0.01065	0.00718	0.00629	0.01345	0.07241	0.02294	0.26101	0.06043	0.45294	0.01629	0.00832	0.00235	0.00370	0.01380	0.00704	0.00666
25	0.04553	0.01742	0.01965	0.01586	0.02090	0.04172	0.05171	0.27700	0.27306	0.12647	0.02240	0.02138	0.01611	0.00875	0.00715	0.00226	0.00713	0.00710	0.00700	0.01140
26	0.01465	0.01388	0.02353	0.53406	0.23821	0.01614	0.02037	0.01925	0.01481	0.01965	0.01287	0.01859	0.01001	0.00690	0.00710	0.00230	0.00919	0.00633	0.00327	0.00888
27	0.00868	0.00620	0.00826	0.00991	0.01033	0.00578	0.00661	0.00991	0.01363	0.01818	0.03925	0.74510	0.04710	0.02231	0.00909	0.00289	0.00413	0.02024	0.00661	0.00578
28	0.00868	0.00620	0.00826	0.00991	0.01033	0.00578	0.00661	0.00991	0.01363	0.01818	0.03925	0.74510	0.04710	0.02231	0.00909	0.00289	0.00413	0.02024	0.00661	0.00578
29	0.45847	0.01517	0.01447	0.01184	0.01678	0.01669	0.00977	0.20280	0.01934	0.15163	0.01498	0.01524	0.01060	0.00751	0.00562	0.00219	0.00623	0.00512	0.00590	0.00966
30	0.01023	0.00698	0.00840	0.00850	0.00873	0.00717	0.00521	0.01072	0.01073	0.01451	0.02288	0.08506	0.02582	0.59191	0.14741	0.00741	0.00874	0.01049	0.00437	0.00474
31	0.01187	0.00763	0.01004	0.00933	0.01127	0.00698	0.00703	0.01505	0.01979	0.08643	0.60442	0.09184	0.06174	0.01453	0.00833	0.00228	0.00364	0.01282	0.00785	0.00713
32	0.17022	0.01690	0.01618	0.01353	0.01775	0.08468	0.01079	0.30518	0.05019	0.05268	0.11007	0.08026	0.02179	0.01004	0.00688	0.00221	0.00684	0.00783	0.00638	0.00962
33	0.01588	0.01304	0.01535	0.01116	0.01720	0.01049	0.00898	0.04511	0.01557	0.04762	0.01325	0.01522	0.01081	0.00579	0.00609	0.00121	0.03260	0.00448	0.00445	0.70570
34	0.15808	0.10593	0.05489	0.02164	0.09918	0.11053	0.19034	0.04843	0.03117	0.02379	0.02792	0.01633	0.01127	0.00722	0.00782	0.00219	0.06408	0.00606	0.00393	0.00919
35	0.01237	0.00618	0.00928	0.00928	0.00928	0.00618	0.00618	0.00928	0.00928	0.01237	0.01237	0.02165	0.01237	0.02474	0.02783	0.79283	0.00618	0.00618	0.00309	0.00309
36	0.01345	0.01266	0.02136	0.73264	0.04904	0.01582	0.01978	0.01819	0.01424	0.01819	0.01266	0.01898	0.00949	0.00712	0.00712	0.00237	0.00949	0.00633	0.00316	0.00791
37	0.01698	0.01445	0.01789	0.05789	0.02088	0.01624	0.06461	0.08939	0.38899	0.02827	0.04216	0.03052	0.04191	0.01033	0.00806	0.00244	0.03285	0.06081	0.04532	0.01001
38	0.01509	0.01327	0.02110	0.38179	0.19398	0.01451	0.01749	0.03669	0.01550	0.04036	0.01597	0.06394	0.01383	0.00823	0.00713	0.00223	0.00822	0.03313	0.00397	0.09358
39	0.04876	0.13761	0.34403	0.02052	0.02881	0.01843	0.19018	0.04316	0.01619	0.06708	0.01376	0.01608	0.01009	0.00665	0.00680	0.00217	0.00989	0.00595	0.00372	0.01012
40	0.01808	0.01657	0.02651	0.23072	0.36231	0.05805	0.08218	0.02236	0.01629	0.07731	0.01434	0.01841	0.01113	0.00679	0.00717	0.00220	0.00915	0.00650	0.00387	0.01007
41	0.00904	0.00644	0.00860	0.01019	0.01072	0.00609	0.00706	0.01046	0.01382	0.01837	0.03848	0.64701	0.04567	0.04792	0.01014	0.00308	0.00450	0.09007	0.00652	0.00582
42	0.01579	0.24093	0.47975	0.01855	0.02761	0.01995	0.06110	0.02221	0.01498	0.02091	0.01205	0.01425	0.00916	0.00653	0.00623	0.00205	0.00978	0.00503	0.00305	0.01007
43	0.01999	0.01582	0.05471	0.01321	0.01925	0.05372	0.03749	0.08013	0.01817	0.16737	0.04128	0.01841	0.01406	0.00686	0.00621	0.00160	0.00659	0.00558	0.00543	0.41410
44	0.01692	0.01581	0.01696	0.19511	0.05858	0.13979	0.01308	0.04672	0.10974	0.04602	0.12289	0.02778	0.06706	0.00966	0.00765	0.00221	0.03028	0.00786	0.05737	0.00850
45	0.01003	0.00697	0.00856	0.00921	0.01066	0.00624	0.00656	0.01176	0.01542	0.05690	0.10385	0.42081	0.25298	0.01953	0.00873	0.00266	0.00406	0.03194	0.00683	0.00629
46	0.01103	0.00786	0.01078	0.01208	0.01352	0.00776	0.01013	0.01395	0.01622	0.02141	0.11004	0.12938	0.04347	0.06272	0.01119	0.00335	0.00603	0.49615	0.00657	0.00638
47	0.01751	0.52327	0.25467	0.01479	0.02231	0.02443	0.01673	0.02172	0.01465	0.01862	0.01083	0.01258	0.00910	0.00631	0.00528	0.00176	0.00855	0.00428	0.00303	0.00958
48	0.00884	0.00673	0.00813	0.00884	0.01015	0.00602	0.00623	0.01064	0.01565	0.02036	0.16708	0.39690	0.26969	0.01951	0.00874	0.00261	0.00382	0.01720	0.00683	0.00602
49	0.01753	0.01610	0.02603	0.22735	0.45227	0.01719	0.02037	0.09353	0.01758	0.02427	0.01360	0.01793	0.01089	0.00680	0.00708	0.00219	0.00867	0.00635	0.00382	0.01046
50	0.00868	0.00620	0.00826	0.00991	0.01033	0.00578	0.00661	0.00991	0.01363	0.01818	0.03925	0.74510	0.04710	0.02231	0.00909	0.00289	0.00413	0.02024	0.00661	0.00578
51	0.03082	0.01316	0.01708	0.01318	0.01865	0.01212	0.01086	0.11097	0.04826	0.60527	0.02683	0.02349	0.01714	0.00882	0.00716	0.00220	0.00625	0.00711	0.00855	0.01208
52	0.02430	0.01043	0.01408	0.01137	0.01554	0.00916	0.00916	0.02727	0.02030	0.47198	0.26350	0.03436	0.03495	0.01082	0.00759	0.00222	0.00512	0.00916	0.00847	0.01023
53	0.01289	0.01260	0.08189	0.01222	0.01499	0.01113	0.01035	0.08888	0.06783	0.02554	0.23358	0.22004	0.08991	0.01485	0.00941	0.00249	0.06458	0.01257	0.00644	0.00782
54	0.01345	0.01266	0.02136	0.73264	0.04904	0.01582	0.01978	0.01819	0.01424	0.01819	0.01266	0.01898	0.00949	0.00712	0.00712	0.00237	0.00949	0.00633	0.00316	0.00791
55	0.00885	0.00640	0.00837	0.00963	0.01033	0.00592	0.00656	0.01041	0.01466	0.01964	0.13079	0.61350	0.08653	0.02102	0.00896	0.00278	0.00400	0.01895	0.00678	0.00592
56	0.04441	0.01296	0.02099	0.57555	0.09340	0.01532	0.01847	0.02038	0.01499	0.09530	0.01431	0.01919	0.01046	0.00723	0.00702	0.00233	0.00889	0.00633	0.00386	0.00862
57	0.01900	0.01465	0.01590	0.01408	0.01819	0.01650	0.01101	0.03659	0.59344	0.10469	0.05389	0.02730	0.02297	0.00975	0.00728	0.00239	0.00560	0.00813	0.00744	0.01119
58	0.02886	0.01642	0.01911	0.01472	0.02028	0.01693	0.01214	0.38156	0.04974	0.33098	0.02223	0.02049	0.01481	0.00870	0.00714	0.00217	0.00700	0.00679	0.00786	0.01209
59	0.00868	0.00620	0.00826	0.00991	0.01033	0.00578	0.00661	0.00991	0.01363	0.01818	0.03925	0.74510	0.04710	0.02231	0.00909	0.00289	0.00413	0.02024	0.00661	0.00578
60	0.01548	0.01536	0.02215	0.09157	0.05890	0.02095	0.01634	0.01750	0.01153	0.01757	0.00990	0.01603	0.00947	0.01160	0.02086	0.00299	0.62445	0.00625	0.00314	0.00799
61	0.01875	0.71140	0.07747	0.01267	0.01902	0.02748	0.01302	0.02139	0.01450	0.01710	0.01007	0.01164	0.00913	0.00613	0.00470	0.00157	0.00779	0.00389	0.00304	0.00922
62	0.00868	0.00620	0.00826	0.00991	0.01033	0.00578	0.00661	0.00991	0.01363	0.01818	0.03925	0.74510	0.04710	0.02231	0.00909	0.00289	0.00413	0.02024	0.00661	0.00578
63	0.02540	0.01201	0.01538	0.01274	0.01708	0.01134	0.01023	0.11895	0.04503	0.43041	0.02916	0.16382	0.02368	0.01187	0.00765	0.00238	0.00594	0.03831	0.00800	0.01063
64	0.01682	0.05685	0.52877	0.07701	0.03012	0.04448	0.02304	0.02373	0.01574	0.09754	0.01428	0.01616	0.01002	0.00702	0.00675	0.00222	0.00994	0.00548	0.00369	0.01035
65	0.01036	0.00690	0.00777	0.00777	0.00777	0.00690	0.00431	0.01036	0.01036	0.01381	0.02244	0.04660	0.02589	0.74975	0.03624	0.00690	0.00690	0.01036	0.00431	0.00431
66	0.35558	0.01159	0.01171	0.00990	0.01407	0.01195	0.00805	0.02475	0.01563	0.26684	0.01924	0.01935	0.01354	0.00776	0.00549	0.00208	0.00521	0.00563	0.18262	0.00900
67	0.01483	0.14594	0.57780	0.01855	0.02800	0.01790	0.02327	0.02196	0.01517	0.02192	0.04275	0.01616	0.01161	0.00701	0.00650	0.00214	0.00976	0.00537	0.00323	0.01014
68	0.71545	0.01359	0.01113	0.00973	0.01426	0.01537	0.00801	0.02245	0.01303	0.10666	0.01192	0.01296	0.00880	0.00685	0.00471	0.00220	0.00557	0.00422	0.00489	0.00820
69	0.02727	0.01356	0.01668	0.01345	0.01851	0.01339	0.01090	0.07412	0.22815	0.46114	0.02771	0.02453	0.01856	0.00906	0.00718	0.00226	0.00603	0.00739	0.00823	0.01186
70	0.00874	0.00622	0.00824	0.00984	0.01024	0.00582	0.00653	0.00993	0.01351	0.01802	0.03864	0.71985	0.04633	0.04860	0.01007	0.00304	0.00423	0.01989	0.00653	0.00573
71	0.80005	0.01377	0.01047	0.00936	0.01377	0.01597	0.00771	0.02093	0.01212	0.03195	0.00991	0.01157	0.00771	0.00661	0.00441	0.00220	0.00551	0.00386	0.00441	0.00771
72	0.02660	0.03394	0.02018	0.01834	0.02201	0.72116	0.01376	0.02843	0.02018	0.01743	0.01101	0.01284	0.00917	0.00734	0.00642	0.00183	0.01284	0.00459	0.00367	0.00825
73	0.03195	0.01212	0.01652	0.01267	0.01818	0.01047	0.01047	0.03470	0.02038	0.71026	0.02809	0.02424	0.01763	0.00881	0.00716	0.00220	0.00606	0.00716	0.00881	0.01212
74	0.14730	0.01301	0.01497	0.01275	0.01687	0.01370	0.03055	0.08390	0.19491	0.19322	0.02787	0.07970	0.07429	0.01298	0.04948	0.00288	0.00663	0.00848	0.00674	0.00979
75	0.01692	0.01683	0.02559	0.27892	0.42374	0.07380	0.02048	0.02113	0.01586	0.02104	0.01295	0.01770	0.01049	0.00669	0.00702	0.00218	0.00917	0.00620	0.00341	0.00987
76	0.03006	0.01368	0.01731	0.01343	0.01886	0.01298	0.01105	0.14462	0.07283	0.54659	0.02629	0.02320	0.01700	0.00883	0.00716	0.00221	0.00633	0.00710	0.00841	0.01205
77	0.02103	0.02135	0.23349	0.01529	0.02246	0.01445	0.01549	0.12711	0.06745	0.19918	0.01841	0.01843	0.01289	0.00744	0.00664	0.00198	0.00752	0.00589	0.00566	0.17784
78	0.01904	0.75404	0.03731	0.01218	0.01828	0.02818	0.01218	0.02132	0.01447	0.01675	0.00990	0.01142	0.00914	0.00609	0.00457	0.00152	0.00761	0.00381	0.00305	0.00914
79	0.01626	0.01538	0.02545	0.21288	0.46487	0.01583	0.01985	0.02050	0.01556	0.02198	0.01313	0.01765	0.01075	0.00642	0.00687	0.00206	0.00837	0.00611	0.00351	0.09657
80	0.41865	0.02248	0.01515	0.01357	0.01771	0.31035	0.01059	0.05117	0.04056	0.02633	0.01134	0.01285	0.00900	0.00710	0.00546	0.00205	0.00866	0.00441	0.00431	0.00824
81	0.00867	0.00623	0.00822	0.00982	0.01030	0.00579	0.00657	0.00993	0.01373	0.01822	0.04044	0.72050	0.07093	0.02215	0.00906	0.00287	0.00411	0.02005	0.00661	0.00579
82	0.02880	0.01226	0.01615	0.01251	0.01770	0.01094	0.01026	0.08034	0.02111	0.56776	0.09103	0.02609	0.02167	0.00920	0.00720	0.00216	0.00590	0.00753	0.00841	0.04300
83	0.04392	0.01233	0.01551	0.01300	0.01684	0.03131	0.07724	0.05490	0.11626	0.05245	0.11407	0.12888	0.12191	0.01196	0.00750	0.00219	0.00581	0.02483	0.00609	0.14299
84	0.01762	0.01692	0.02890	0.04371	0.70533	0.01692	0.02185	0.02185	0.01621	0.02326	0.01339	0.01762	0.01128	0.00634	0.00705	0.00211	0.00846	0.00634	0.00352	0.01128
85	0.00871	0.00626	0.00820	0.00973	0.01022	0.00583	0.00649	0.00994	0.01365	0.01810	0.04022	0.69545	0.07544	0.04272	0.00983	0.00298	0.00419	0.01973	0.00655	0.00575
86	0.01649	0.01394	0.02208	0.46249	0.17139	0.01603	0.01860	0.04826	0.06689	0.07203	0.01534	0.01960	0.01147	0.00734	0.00712	0.00230	0.00868	0.00653	0.00412	0.00930
87	0.01357	0.01153	0.01341	0.01013	0.01554	0.00881	0.00796	0.01643	0.01483	0.02236	0.02137	0.08007	0.08973	0.00806	0.00593	0.00135	0.00500	0.00671	0.00468	0.64254
88	0.00894	0.00660	0.00876	0.01016	0.01063	0.00642	0.00692	0.01021	0.01362	0.01817	0.03925	0.69242	0.06895	0.02177	0.00962	0.00288	0.03282	0.01951	0.00647	0.00587
89	0.01114	0.00747	0.00967	0.00913	0.01099	0.00681	0.00684	0.01418	0.01936	0.06757	0.56252	0.10883	0.10819	0.01510	0.00838	0.00230	0.00360	0.01329	0.00771	0.00691
90	0.05083	0.01478	0.02343	0.28641	0.33809	0.01613	0.01879	0.06842	0.01687	0.02378	0.06231	0.02034	0.01452	0.00738	0.00706	0.00222	0.00829	0.00670	0.00401	0.00964
91	0.03028	0.01180	0.01611	0.01271	0.01790	0.01028	0.01055	0.03308	0.02006	0.65425	0.02887	0.02880	0.01953	0.00970	0.00738	0.00229	0.00610	0.06003	0.00863	0.01167
92	0.00868	0.00620	0.00826	0.00991	0.01033	0.00578	0.00661	0.00991	0.01363	0.01818	0.03925	0.74510	0.04710	0.02231	0.00909	0.00289	0.00413	0.02024	0.00661	0.00578
93	0.01419	0.01334	0.02282	0.57684	0.14090	0.01574	0.04867	0.01886	0.01466	0.01942	0.01322	0.01907	0.01012	0.00700	0.00709	0.00231	0.00923	0.00643	0.03165	0.00842
94	0.02024	0.55592	0.03320	0.04179	0.06623	0.08227	0.01323	0.04895	0.01607	0.04906	0.01142	0.01303	0.00979	0.00647	0.00520	0.00167	0.00811	0.00439	0.00355	0.00942
95	0.07286	0.01560	0.01829	0.01409	0.01962	0.01581	0.01164	0.31437	0.02560	0.38381	0.02231	0.02043	0.01468	0.00857	0.00699	0.00217	0.00680	0.00665	0.00783	0.01187
96	0.01911	0.52285	0.16441	0.01454	0.02116	0.11629	0.01509	0.02248	0.01532	0.01795	0.01060	0.01230	0.00912	0.00638	0.00523	0.00170	0.00885	0.00419	0.00312	0.00929
97	0.01746	0.01584	0.02530	0.14812	0.39557	0.01654	0.05440	0.11836	0.01835	0.02519	0.01751	0.06050	0.03879	0.00811	0.00731	0.00223	0.00830	0.00756	0.00429	0.01026
98	0.00893	0.00646	0.00844	0.00957	0.01035	0.00598	0.00656	0.01061	0.01504	0.02023	0.16800	0.57242	0.08990	0.02057	0.00892	0.00274	0.00395	0.01852	0.00685	0.00598
99	0.00968	0.00718	0.00903	0.00874	0.01044	0.00652	0.00649	0.01261	0.01896	0.02613	0.54105	0.11205	0.17322	0.01578	0.00846	0.00232	0.00346	0.01384	0.00753	0.00652
100	0.08010	0.01725	0.02747	0.12241	0.02933	0.07417	0.26801	0.02045	0.01462	0.02094	0.01279	0.01779	0.01043	0.01003	0.04272	0.00288	0.18542	0.00682	0.02794	0.00843
101	0.01492	0.13290	0.62237	0.01921	0.02914	0.01810	0.02442	0.02239	0.01496	0.02177	0.01239	0.01455	0.00904	0.00667	0.00647	0.00216	0.01013	0.00507	0.00301	0.01034
102	0.02871	0.01406	0.01733	0.01364	0.01894	0.01377	0.01116	0.15251	0.13375	0.47725	0.02625	0.02333	0.01730	0.00891	0.00717	0.00223	0.00631	0.00717	0.00825	0.01198
103	0.02508	0.01729	0.01736	0.01451	0.01895	0.09345	0.01142	0.21269	0.14994	0.19027	0.02347	0.02346	0.01714	0.00950	0.00726	0.00233	0.00720	0.00714	0.14034	0.01119

[dist]
# distance from previous block
# <min> <max>
0	27

[block]
# block no. 7 follows, 29 sequences, length 6
# corresponding to MSA columns:
# 1036-1041
name=unknown_H
#
# <colnr> <probs for GDERKNQSTAVLIFYWHMCP>
#	G	D	E	R	K	N	Q	S	T	A	V	L	I	F	Y	W	H	M	C	P
0	0.02155	0.06460	0.21279	0.01829	0.02469	0.14754	0.07808	0.07580	0.09701	0.12043	0.05222	0.02077	0.01592	0.00852	0.00734	0.00232	0.00943	0.00670	0.00536	0.01061
1	0.01961	0.02041	0.15561	0.05411	0.15452	0.08025	0.06074	0.04623	0.08545	0.14486	0.08856	0.02256	0.01850	0.00821	0.00721	0.00221	0.00830	0.00710	0.00529	0.01029
2	0.00868	0.00620	0.00826	0.00991	0.01033	0.00578	0.00661	0.00991	0.01363	0.01818	0.03925	0.74510	0.04710	0.02231	0.00909	0.00289	0.00413	0.02024	0.00661	0.00578
3	0.06153	0.44675	0.06843	0.01465	0.02049	0.11772	0.05717	0.02411	0.05337	0.05864	0.01261	0.01391	0.01036	0.00667	0.00548	0.00179	0.00846	0.00473	0.00380	0.00934
4	0.08664	0.04465	0.02070	0.05270	0.08865	0.04261	0.06652	0.09219	0.10289	0.27160	0.04441	0.02155	0.01628	0.00820	0.00694	0.00220	0.00725	0.00688	0.00642	0.01071
5	0.09958	0.01486	0.02073	0.01713	0.02066	0.08624	0.19762	0.01796	0.01553	0.02133	0.02868	0.12280	0.13643	0.01248	0.00948	0.00255	0.07951	0.08390	0.00487	0.00765

[dist]
# distance from previous block
# <min> <max>
0	2

[block]
# block no. 8 follows, 29 sequences, length 13
# corresponding to MSA columns:
# 1044-1056
name=unknown_I
#
# <colnr> <probs for GDERKNQSTAVLIFYWHMCP>
#	G	D	E	R	K	N	Q	S	T	A	V	L	I	F	Y	W	H	M	C	P
0	0.27796	0.10663	0.17732	0.04060	0.04616	0.14745	0.01472	0.02366	0.01536	0.07349	0.01230	0.01397	0.00935	0.00689	0.00572	0.00207	0.00853	0.00472	0.00404	0.00907
1	0.01237	0.00618	0.00928	0.00928	0.00928	0.00618	0.00618	0.00928	0.00928	0.01237	0.01237	0.02165	0.01237	0.02474	0.02783	0.79283	0.00618	0.00618	0.00309	0.00309
2	0.02421	0.17752	0.02372	0.01523	0.02058	0.08592	0.01281	0.36076	0.12028	0.06438	0.01717	0.01715	0.01281	0.00808	0.00653	0.00202	0.00785	0.00595	0.00603	0.01100
3	0.01391	0.00818	0.01026	0.00973	0.01221	0.00720	0.00736	0.01616	0.01707	0.16064	0.16895	0.23488	0.21782	0.01626	0.00829	0.00245	0.00438	0.04147	0.00720	0.03556
4	0.10782	0.14254	0.24138	0.01547	0.02184	0.01708	0.05098	0.06363	0.01673	0.09161	0.08684	0.01976	0.01651	0.00805	0.00717	0.00214	0.04204	0.00619	0.03271	0.00951
5	0.01722	0.05252	0.02146	0.04188	0.14604	0.01381	0.10937	0.02291	0.11306	0.12302	0.07377	0.09338	0.02258	0.07210	0.04218	0.00308	0.00777	0.00906	0.00550	0.00929
6	0.00868	0.00620	0.00826	0.00991	0.01033	0.00578	0.00661	0.00991	0.01363	0.01818	0.03925	0.74510	0.04710	0.02231	0.00909	0.00289	0.00413	0.02024	0.00661	0.00578
7	0.02228	0.01322	0.01814	0.01438	0.01848	0.01350	0.08089	0.15452	0.02045	0.25139	0.06090	0.05623	0.01934	0.00964	0.00853	0.00223	0.07286	0.00789	0.14525	0.00989
8	0.01367	0.01310	0.02275	0.68532	0.04825	0.01597	0.06421	0.01850	0.01441	0.01850	0.01277	0.01900	0.00958	0.00704	0.00721	0.00237	0.00966	0.00647	0.00319	0.00802
9	0.23968	0.07728	0.01712	0.01235	0.01759	0.08591	0.01010	0.13067	0.06309	0.02857	0.01332	0.01458	0.01050	0.00675	0.00552	0.00176	0.00673	0.00474	0.00480	0.24894
10	0.15847	0.21960	0.27030	0.01544	0.02257	0.07369	0.01661	0.08155	0.01659	0.04812	0.01229	0.01380	0.00940	0.00683	0.00578	0.00201	0.00864	0.00474	0.00389	0.00968
11	0.10674	0.25013	0.26264	0.01457	0.02153	0.01873	0.01593	0.04534	0.01620	0.09583	0.07607	0.01804	0.01522	0.00753	0.00602	0.00201	0.00784	0.00559	0.00437	0.00965
12	0.01831	0.24447	0.12797	0.01915	0.12104	0.05200	0.05052	0.02391	0.08735	0.06768	0.01696	0.01826	0.03766	0.00722	0.00621	0.00191	0.00797	0.00581	0.00424	0.08137

[dist]
# distance from previous block
# <min> <max>
1	16

[block]
# block no. 9 follows, 29 sequences, length 38
# corresponding to MSA columns:
# 1073-1110
name=unknown_J
#
# <colnr> <probs for GDERKNQSTAVLIFYWHMCP>
#	G	D	E	R	K	N	Q	S	T	A	V	L	I	F	Y	W	H	M	C	P
0	0.01504	0.01487	0.09049	0.14855	0.07010	0.01303	0.04543	0.09338	0.03395	0.04589	0.08940	0.10762	0.06361	0.01201	0.03558	0.00257	0.00759	0.00898	0.00513	0.09681
1	0.01719	0.01495	0.02212	0.02004	0.13631	0.01375	0.13159	0.11305	0.01804	0.02655	0.01483	0.01761	0.01175	0.00636	0.00636	0.00169	0.00718	0.00589	0.08681	0.32791
2	0.01439	0.01224	0.01431	0.01062	0.01642	0.00946	0.00839	0.01794	0.03581	0.02302	0.01521	0.07119	0.01370	0.00672	0.00563	0.00124	0.00520	0.00557	0.00450	0.70846
3	0.01904	0.75404	0.03731	0.01218	0.01828	0.02818	0.01218	0.02132	0.01447	0.01675	0.00990	0.01142	0.00914	0.00609	0.00457	0.00152	0.00761	0.00381	0.00305	0.00914
4	0.02350	0.01856	0.11506	0.01427	0.02023	0.06780	0.01294	0.15623	0.02067	0.25395	0.01916	0.01917	0.01343	0.00935	0.03302	0.00228	0.00780	0.00602	0.03507	0.15150
5	0.00868	0.00620	0.00826	0.00991	0.01033	0.00578	0.00661	0.00991	0.01363	0.01818	0.03925	0.74510	0.04710	0.02231	0.00909	0.00289	0.00413	0.02024	0.00661	0.00578
6	0.01824	0.63325	0.15109	0.01355	0.02039	0.02622	0.01456	0.02153	0.01456	0.01773	0.01038	0.01203	0.00912	0.00621	0.00494	0.00165	0.00810	0.00405	0.00304	0.00937
7	0.01615	0.01793	0.03800	0.16662	0.03951	0.01758	0.55121	0.02191	0.01631	0.02191	0.01407	0.01916	0.01055	0.00622	0.00815	0.00240	0.01152	0.00800	0.00352	0.00927
8	0.00868	0.00620	0.00826	0.00991	0.01033	0.00578	0.00661	0.00991	0.01363	0.01818	0.03925	0.74510	0.04710	0.02231	0.00909	0.00289	0.00413	0.02024	0.00661	0.00578
9	0.00916	0.00734	0.00825	0.00829	0.01043	0.00643	0.00640	0.01152	0.01724	0.02181	0.22684	0.06594	0.47101	0.01734	0.00856	0.00246	0.00386	0.08396	0.00691	0.00625
10	0.02798	0.01232	0.01598	0.01265	0.01762	0.01138	0.01031	0.06292	0.09152	0.53777	0.09695	0.02713	0.02290	0.00948	0.00730	0.00223	0.00582	0.00781	0.00847	0.01147
11	0.01416	0.00722	0.00777	0.00740	0.00947	0.00691	0.00563	0.01727	0.01593	0.08566	0.07891	0.03272	0.09363	0.00983	0.00578	0.00183	0.00359	0.00802	0.58120	0.00706
12	0.03078	0.01399	0.01768	0.01356	0.01911	0.01325	0.01120	0.18951	0.02352	0.55103	0.02546	0.02253	0.01631	0.00875	0.00715	0.00219	0.00648	0.00698	0.00841	0.01212
13	0.01557	0.01594	0.03042	0.32878	0.18999	0.01685	0.25633	0.02065	0.01559	0.02097	0.01345	0.01876	0.01036	0.00655	0.00756	0.00233	0.01016	0.00707	0.00340	0.00926
14	0.02485	0.01640	0.08985	0.01438	0.01992	0.01447	0.01264	0.08415	0.25064	0.35432	0.02594	0.02352	0.01770	0.00887	0.00715	0.00228	0.00652	0.00721	0.00754	0.01166
15	0.00865	0.00630	0.00815	0.00963	0.01025	0.00581	0.00648	0.00995	0.01391	0.01829	0.04270	0.67408	0.11589	0.02186	0.00902	0.00284	0.00408	0.01970	0.00661	0.00581
16	0.01716	0.01476	0.01575	0.01390	0.01809	0.01650	0.01083	0.03497	0.59994	0.02906	0.04866	0.02617	0.02201	0.00936	0.00708	0.00227	0.00553	0.00780	0.00695	0.09322
17	0.01512	0.16301	0.59401	0.01887	0.02861	0.01858	0.02382	0.02233	0.01493	0.02153	0.01227	0.01440	0.00904	0.00665	0.00638	0.00213	0.01001	0.00501	0.00301	0.01028
18	0.01983	0.67844	0.03551	0.01283	0.01867	0.10092	0.01235	0.02207	0.01507	0.01682	0.01002	0.01157	0.00914	0.00622	0.00476	0.00156	0.00816	0.00389	0.00311	0.00905
19	0.01046	0.00810	0.00963	0.00910	0.01121	0.00769	0.00687	0.01519	0.08974	0.02633	0.47227	0.05426	0.22258	0.01492	0.00828	0.00230	0.00366	0.01291	0.00747	0.00702
20	0.01345	0.01266	0.02136	0.73264	0.04904	0.01582	0.01978	0.01819	0.01424	0.01819	0.01266	0.01898	0.00949	0.00712	0.00712	0.00237	0.00949	0.00633	0.00316	0.00791
21	0.01742	0.01822	0.03628	0.14378	0.03744	0.01811	0.49557	0.09686	0.01828	0.02456	0.01442	0.01893	0.01074	0.00647	0.00805	0.00237	0.01112	0.00784	0.00393	0.00961
22	0.01778	0.01124	0.01313	0.01150	0.01505	0.01135	0.00900	0.02658	0.25398	0.19331	0.19789	0.03943	0.14553	0.01203	0.00770	0.00232	0.00485	0.01016	0.00766	0.00950
23	0.09421	0.01283	0.01524	0.01235	0.01710	0.01269	0.01002	0.07995	0.13950	0.40913	0.02534	0.02326	0.01715	0.00870	0.00670	0.00218	0.00578	0.00692	0.08995	0.01101
24	0.02707	0.01995	0.02137	0.01638	0.02208	0.02208	0.01353	0.68159	0.03348	0.04488	0.01710	0.01710	0.01211	0.00855	0.00712	0.00214	0.00784	0.00641	0.00712	0.01211
25	0.01189	0.00819	0.00910	0.00866	0.00923	0.00844	0.00526	0.06282	0.03544	0.01674	0.02225	0.04365	0.02469	0.66757	0.03302	0.00638	0.00693	0.00997	0.00463	0.00515
26	0.00844	0.00714	0.00729	0.00742	0.00967	0.00599	0.00550	0.01020	0.01603	0.01915	0.06961	0.12046	0.65214	0.01836	0.00847	0.00244	0.00365	0.01543	0.00661	0.00599
27	0.01676	0.01907	0.04127	0.02960	0.03653	0.01815	0.65509	0.02260	0.01659	0.02260	0.01422	0.01907	0.01075	0.00624	0.00895	0.00243	0.03862	0.00832	0.00358	0.00954
28	0.80005	0.01377	0.01047	0.00936	0.01377	0.01597	0.00771	0.02093	0.01212	0.03195	0.00991	0.01157	0.00771	0.00661	0.00441	0.00220	0.00551	0.00386	0.00441	0.00771
29	0.02660	0.03394	0.02018	0.01834	0.02201	0.72116	0.01376	0.02843	0.02018	0.01743	0.01101	0.01284	0.00917	0.00734	0.00642	0.00183	0.01284	0.00459	0.00367	0.00825
30	0.21730	0.01509	0.01664	0.01308	0.01839	0.01562	0.01080	0.24375	0.02267	0.32669	0.02006	0.01881	0.01340	0.00819	0.00648	0.00218	0.00651	0.00611	0.00719	0.01104
31	0.01836	0.01494	0.01624	0.01373	0.01819	0.01599	0.01079	0.17570	0.35269	0.03079	0.02439	0.09522	0.02012	0.00990	0.00705	0.00215	0.00591	0.00822	0.00660	0.15302
32	0.00868	0.00620	0.00826	0.00991	0.01033	0.00578	0.00661	0.00991	0.01363	0.01818	0.03925	0.74510	0.04710	0.02231	0.00909	0.00289	0.00413	0.02024	0.00661	0.00578
33	0.00868	0.00620	0.00826	0.00991	0.01033	0.00578	0.00661	0.00991	0.01363	0.01818	0.03925	0.74510	0.04710	0.02231	0.00909	0.00289	0.00413	0.02024	0.00661	0.00578
34	0.01036	0.00690	0.00777	0.00777	0.00777	0.00690	0.00431	0.01036	0.01036	0.01381	0.02244	0.04660	0.02589	0.74975	0.03624	0.00690	0.00690	0.01036	0.00431	0.00431
35	0.01755	0.01712	0.03005	0.04251	0.64696	0.01701	0.07931	0.02194	0.01627	0.02322	0.01348	0.01776	0.01124	0.00631	0.00717	0.00214	0.00877	0.00652	0.00353	0.01113
36	0.01391	0.01312	0.02219	0.65704	0.12106	0.01594	0.02000	0.01859	0.01446	0.01875	0.01274	0.01884	0.00969	0.00703	0.00711	0.00234	0.00938	0.00633	0.00320	0.00828
37	0.02139	0.10806	0.16647	0.01741	0.02377	0.08943	0.09071	0.14236	0.10039	0.11962	0.01755	0.01821	0.01277	0.00764	0.00678	0.00212	0.00870	0.00622	0.02990	0.01049

[dist]
# distance from previous block
# <min> <max>
1	34

[block]
# block no. 10 follows, 29 sequences, length 20
# corresponding to MSA columns:
# 1145-1164
name=unknown_K
#
# <colnr> <probs for GDERKNQSTAVLIFYWHMCP>
#	G	D	E	R	K	N	Q	S	T	A	V	L	I	F	Y	W	H	M	C	P
0	0.06628	0.02306	0.02245	0.01801	0.02300	0.28319	0.13283	0.15304	0.02103	0.05646	0.01712	0.01859	0.04966	0.00778	0.00685	0.00200	0.00981	0.00627	0.00482	0.07774
1	0.18683	0.01800	0.06626	0.01369	0.01907	0.06205	0.01181	0.22830	0.05532	0.14977	0.02019	0.01997	0.05114	0.00836	0.00645	0.00211	0.00704	0.00623	0.00611	0.06131
2	0.13580	0.07219	0.38338	0.01716	0.02485	0.09114	0.01910	0.06722	0.08059	0.02524	0.01381	0.01530	0.01025	0.00715	0.00631	0.00217	0.00920	0.00523	0.00396	0.00995
3	0.06806	0.00935	0.01140	0.01053	0.01219	0.04025	0.00763	0.01669	0.03267	0.14945	0.01702	0.05725	0.01494	0.01913	0.01980	0.49010	0.00630	0.00690	0.00461	0.00575
