[name]
unknown

[dist]
# distance from previous block
# <min> <max>
0	286

[block]
# block no. 0 follows, 34 sequences, length 15
# corresponding to MSA columns:
# 288-302
name=unknown_A
#
# <colnr> <probs for GDERKNQSTAVLIFYWHMCP>
#	G	D	E	R	K	N	Q	S	T	A	V	L	I	F	Y	W	H	M	C	P
0	0.01243	0.00845	0.01058	0.01017	0.01224	0.00847	0.00790	0.01617	0.08891	0.09962	0.05826	0.18930	0.12229	0.04758	0.06735	0.00312	0.04323	0.11175	0.02713	0.05504
1	0.01186	0.00817	0.00949	0.00922	0.01092	0.00815	0.00660	0.07696	0.08171	0.06299	0.06649	0.29242	0.13585	0.14926	0.01195	0.00300	0.00461	0.01246	0.03145	0.00645
2	0.01211	0.00891	0.01138	0.01224	0.07053	0.00878	0.00831	0.01676	0.12921	0.06380	0.06460	0.25862	0.06769	0.06349	0.04024	0.00282	0.00528	0.05507	0.02651	0.07365
3	0.06366	0.01075	0.01247	0.04144	0.01482	0.01145	0.00890	0.18371	0.03860	0.09211	0.06911	0.15126	0.09610	0.01164	0.00748	0.00216	0.04269	0.04628	0.08759	0.00778
4	0.00983	0.00766	0.00889	0.00900	0.01060	0.00762	0.00658	0.01446	0.13944	0.02007	0.16705	0.22266	0.19343	0.09703	0.01040	0.00275	0.00417	0.05603	0.00608	0.00623
5	0.04802	0.00759	0.00876	0.00846	0.01023	0.00722	0.00602	0.02767	0.03811	0.07088	0.08207	0.24642	0.11542	0.16211	0.01199	0.00293	0.00444	0.01140	0.07202	0.05822
6	0.09899	0.01092	0.01250	0.01076	0.01391	0.01115	0.00834	0.19630	0.01820	0.20277	0.02330	0.21733	0.02147	0.07212	0.00871	0.00246	0.00533	0.00935	0.04782	0.00826
7	0.00911	0.00627	0.00744	0.00774	0.00810	0.00612	0.00487	0.00979	0.01116	0.01489	0.08362	0.16775	0.05774	0.50955	0.02426	0.00495	0.00544	0.05198	0.00473	0.00450
8	0.00989	0.00775	0.00881	0.00864	0.01041	0.00767	0.00631	0.04161	0.09896	0.01965	0.12445	0.16755	0.28218	0.10397	0.06960	0.00335	0.00517	0.01210	0.00578	0.00615
9	0.01117	0.00753	0.00882	0.00881	0.01006	0.00745	0.00604	0.05757	0.05569	0.05751	0.03126	0.31055	0.10546	0.25208	0.01545	0.00358	0.00486	0.01259	0.02766	0.00586
10	0.41595	0.01059	0.01084	0.01210	0.08779	0.01161	0.00807	0.01656	0.05037	0.02359	0.01836	0.22466	0.01896	0.05591	0.00730	0.00243	0.00502	0.00843	0.00461	0.00685
11	0.06322	0.00981	0.01050	0.00917	0.01190	0.01035	0.00722	0.16429	0.06359	0.05662	0.11803	0.02583	0.04173	0.00991	0.02905	0.00206	0.00470	0.00696	0.34746	0.00759
12	0.06107	0.00868	0.01077	0.01197	0.08675	0.00884	0.00773	0.03559	0.07618	0.02169	0.20647	0.12505	0.05956	0.16089	0.01201	0.00294	0.00479	0.03572	0.05676	0.00653
13	0.01010	0.00869	0.01139	0.07726	0.01424	0.00963	0.00851	0.01183	0.01235	0.01662	0.04804	0.18522	0.20817	0.08602	0.05294	0.00314	0.16235	0.01080	0.00461	0.05808
14	0.01369	0.01080	0.01294	0.01188	0.01421	0.01250	0.00920	0.04144	0.32129	0.04807	0.02121	0.02514	0.01771	0.08568	0.27375	0.00547	0.05480	0.00717	0.00507	0.00798

[dist]
# distance from previous block
# <min> <max>
6	43

[block]
# block no. 1 follows, 34 sequences, length 31
# corresponding to MSA columns:
# 346-376
name=unknown_B
#
# <colnr> <probs for GDERKNQSTAVLIFYWHMCP>
#	G	D	E	R	K	N	Q	S	T	A	V	L	I	F	Y	W	H	M	C	P
0	0.01402	0.07785	0.19559	0.08237	0.06361	0.06226	0.02715	0.05276	0.04120	0.03415	0.03269	0.07285	0.05494	0.08540	0.04196	0.00276	0.00789	0.00710	0.00396	0.03948
1	0.03335	0.07196	0.07390	0.04542	0.17550	0.07964	0.01343	0.14257	0.01747	0.05572	0.03688	0.01563	0.01160	0.00636	0.00580	0.00166	0.00707	0.00513	0.00422	0.19670
2	0.01592	0.01589	0.08063	0.07034	0.23244	0.04755	0.01500	0.09188	0.06781	0.04988	0.01713	0.07909	0.03688	0.02460	0.00939	0.00225	0.12324	0.00709	0.00420	0.00879
3	0.05252	0.04590	0.12737	0.04525	0.03921	0.07498	0.02594	0.07820	0.04375	0.05391	0.01874	0.01974	0.08950	0.00719	0.00580	0.00167	0.00664	0.00570	0.00427	0.25373
4	0.04865	0.10519	0.11245	0.08652	0.21120	0.09413	0.04327	0.17927	0.01811	0.02420	0.01213	0.01446	0.00945	0.00639	0.00603	0.00189	0.00822	0.00521	0.00386	0.00937
5	0.01188	0.02998	0.01170	0.01141	0.05934	0.00897	0.00783	0.03751	0.01307	0.06512	0.07827	0.10936	0.08491	0.19158	0.18165	0.00491	0.03769	0.00920	0.00469	0.04093
6	0.01186	0.05612	0.13840	0.15975	0.05276	0.01153	0.01186	0.03413	0.03763	0.01681	0.01723	0.07911	0.01733	0.30960	0.01682	0.00373	0.00720	0.00784	0.00372	0.00658
7	0.00800	0.00581	0.00773	0.00900	0.00955	0.00554	0.00615	0.00927	0.01230	0.01640	0.03544	0.65426	0.07857	0.02287	0.08264	0.00338	0.00509	0.01695	0.00574	0.00531
8	0.01031	0.00708	0.00870	0.00877	0.01054	0.00653	0.00671	0.01294	0.03722	0.07043	0.21252	0.17554	0.24201	0.04287	0.00874	0.00248	0.00404	0.12010	0.00635	0.00614
9	0.00840	0.00644	0.00769	0.00766	0.00927	0.00574	0.00564	0.01065	0.01612	0.02141	0.38262	0.15524	0.30899	0.01538	0.00772	0.00217	0.00323	0.01336	0.00654	0.00574
10	0.00921	0.00623	0.00785	0.00863	0.00969	0.00568	0.00604	0.01059	0.01334	0.05730	0.06311	0.50500	0.17841	0.05203	0.00913	0.00266	0.00392	0.03954	0.00605	0.00560
11	0.00819	0.00657	0.00731	0.00712	0.00907	0.00569	0.00534	0.01034	0.01603	0.02054	0.30788	0.05710	0.48564	0.01521	0.00763	0.00213	0.00319	0.01292	0.00641	0.00569
12	0.00894	0.00655	0.00821	0.00906	0.00992	0.00636	0.00639	0.01134	0.05524	0.01777	0.09404	0.43921	0.08781	0.11949	0.01143	0.00304	0.00432	0.08949	0.00584	0.00553
13	0.02294	0.01729	0.01848	0.01454	0.01942	0.01928	0.01189	0.58201	0.16207	0.03811	0.01757	0.01715	0.01265	0.00795	0.00648	0.00199	0.00673	0.00610	0.00648	0.01084
14	0.10327	0.01399	0.01621	0.04668	0.01865	0.03066	0.01064	0.25646	0.02148	0.38613	0.01956	0.01826	0.01293	0.00762	0.00623	0.00198	0.00627	0.00589	0.00675	0.01035
15	0.01378	0.01124	0.01310	0.00964	0.01500	0.00879	0.00769	0.01729	0.04625	0.04968	0.03264	0.01726	0.04367	0.00582	0.00513	0.00114	0.00472	0.00472	0.00430	0.68817
16	0.16239	0.27097	0.11369	0.03027	0.04699	0.05683	0.05236	0.06656	0.01481	0.04148	0.05641	0.01484	0.01196	0.00665	0.00574	0.00181	0.02930	0.00488	0.00374	0.00833
17	0.05143	0.06189	0.01824	0.01561	0.01889	0.59893	0.01195	0.02434	0.01710	0.03994	0.01074	0.01269	0.00894	0.00896	0.04460	0.00217	0.03821	0.00438	0.00347	0.00752
18	0.01222	0.01075	0.09373	0.01135	0.04020	0.00836	0.00918	0.02969	0.04079	0.09913	0.23956	0.20238	0.07166	0.05704	0.04176	0.00278	0.00538	0.01111	0.00587	0.00707
19	0.03349	0.04738	0.36987	0.06775	0.07288	0.11729	0.01790	0.03978	0.01493	0.05282	0.01509	0.04562	0.03881	0.00724	0.00615	0.00196	0.00860	0.00572	0.00352	0.03317
20	0.01385	0.01415	0.04541	0.32836	0.24881	0.01470	0.14319	0.01806	0.01392	0.01896	0.03552	0.01779	0.01108	0.00672	0.00740	0.01921	0.02511	0.00625	0.00318	0.00833
21	0.01220	0.01148	0.01938	0.75739	0.04450	0.01436	0.01794	0.01651	0.01292	0.01651	0.01148	0.01723	0.00861	0.00646	0.00646	0.00215	0.00861	0.00574	0.00287	0.00718
22	0.01862	0.27432	0.11813	0.01460	0.01952	0.20776	0.04402	0.06025	0.04374	0.05011	0.01306	0.05641	0.01128	0.00731	0.00617	0.00179	0.03545	0.00535	0.00370	0.00840
23	0.06586	0.01187	0.01427	0.01171	0.01599	0.01187	0.00943	0.05397	0.23069	0.40816	0.07609	0.02371	0.01976	0.00850	0.00647	0.00206	0.00523	0.00694	0.00723	0.01019
24	0.00794	0.00658	0.00700	0.00725	0.00925	0.00564	0.00554	0.00968	0.01459	0.01758	0.06029	0.10991	0.61380	0.01677	0.00781	0.00229	0.00358	0.08301	0.00599	0.00549
25	0.01220	0.01148	0.01938	0.75739	0.04450	0.01436	0.01794	0.01651	0.01292	0.01651	0.01148	0.01723	0.00861	0.00646	0.00646	0.00215	0.00861	0.00574	0.00287	0.00718
26	0.01665	0.08820	0.28060	0.07078	0.19373	0.06471	0.05896	0.06666	0.01562	0.06594	0.01261	0.01489	0.00949	0.00623	0.00616	0.00194	0.00862	0.00526	0.00350	0.00945
27	0.01683	0.01426	0.01504	0.01330	0.01709	0.01643	0.01041	0.09514	0.65890	0.02826	0.02533	0.02333	0.01894	0.00868	0.00656	0.00217	0.00529	0.00717	0.00656	0.01030
28	0.01105	0.00572	0.00859	0.00859	0.00868	0.00582	0.00582	0.00868	0.00859	0.01155	0.01174	0.02013	0.01164	0.02466	0.08678	0.74371	0.00661	0.00572	0.00286	0.00306
29	0.09473	0.00780	0.00936	0.00952	0.01124	0.00761	0.00689	0.05245	0.01417	0.11760	0.03155	0.51906	0.06065	0.01626	0.00745	0.00242	0.00429	0.01433	0.00609	0.00654
30	0.02012	0.01641	0.01883	0.09418	0.11757	0.10014	0.03253	0.25766	0.09387	0.09381	0.02891	0.04749	0.01391	0.00787	0.00647	0.00198	0.00731	0.00648	0.02492	0.00952

[dist]
# distance from previous block
# <min> <max>
3	60

[block]
# block no. 2 follows, 34 sequences, length 36
# corresponding to MSA columns:
# 439-474
name=unknown_C
#
# <colnr> <probs for GDERKNQSTAVLIFYWHMCP>
#	G	D	E	R	K	N	Q	S	T	A	V	L	I	F	Y	W	H	M	C	P
0	0.01518	0.11434	0.05833	0.01352	0.07883	0.06979	0.03459	0.01759	0.01422	0.11447	0.04813	0.05172	0.11387	0.11967	0.05254	0.00297	0.00703	0.00765	0.03047	0.03508
1	0.04320	0.11333	0.08698	0.05015	0.18555	0.04355	0.03968	0.06356	0.11350	0.02193	0.06425	0.02084	0.05962	0.00790	0.00721	0.00200	0.05737	0.00641	0.00421	0.00879
2	0.01059	0.00776	0.00938	0.00881	0.01056	0.00763	0.00658	0.04173	0.05559	0.04578	0.36428	0.11747	0.17513	0.07123	0.00994	0.00247	0.03068	0.01168	0.00637	0.00635
3	0.01524	0.01485	0.02612	0.12258	0.49285	0.01513	0.11983	0.01993	0.04353	0.02067	0.01355	0.01865	0.01130	0.00634	0.00668	0.00203	0.00810	0.02972	0.00340	0.00949
4	0.01318	0.01190	0.01602	0.01413	0.01506	0.01533	0.01142	0.05343	0.04989	0.01760	0.01417	0.07561	0.01394	0.04681	0.16056	0.00427	0.42204	0.00705	0.00367	0.03392
5	0.00865	0.00629	0.00837	0.00888	0.00965	0.00644	0.00625	0.01011	0.01168	0.01588	0.06701	0.29904	0.08360	0.16163	0.25973	0.00580	0.00865	0.01223	0.00484	0.00525
6	0.00940	0.00626	0.00705	0.00705	0.00705	0.00626	0.00392	0.00940	0.00940	0.01253	0.02036	0.04228	0.02349	0.77292	0.03289	0.00626	0.00626	0.00940	0.00392	0.00392
7	0.01618	0.00874	0.01105	0.00937	0.01228	0.00800	0.00732	0.06014	0.01818	0.23882	0.35399	0.03714	0.08606	0.03881	0.00793	0.00213	0.00422	0.00936	0.03662	0.03369
8	0.00819	0.00678	0.00720	0.00706	0.00915	0.00590	0.00531	0.01061	0.03670	0.01942	0.19601	0.05827	0.57582	0.01551	0.00760	0.00215	0.00328	0.01306	0.00624	0.00573
9	0.77239	0.01282	0.01007	0.00887	0.01293	0.01482	0.00730	0.05924	0.01212	0.02967	0.00938	0.01079	0.00723	0.00610	0.00414	0.00200	0.00512	0.00363	0.00414	0.00723
10	0.04458	0.01394	0.01514	0.01392	0.04587	0.01568	0.01046	0.17652	0.44181	0.02870	0.02471	0.08091	0.04021	0.00946	0.00662	0.00215	0.00548	0.00785	0.00626	0.00975
11	0.01331	0.01402	0.08722	0.01846	0.11815	0.03536	0.13365	0.04070	0.03683	0.03869	0.01995	0.22184	0.01983	0.01511	0.09476	0.00316	0.03437	0.00949	0.00433	0.04076
12	0.30367	0.20788	0.02068	0.01425	0.07192	0.09858	0.03889	0.13523	0.01602	0.02509	0.01060	0.01213	0.00850	0.00620	0.00498	0.00180	0.00700	0.00429	0.00393	0.00836
13	0.01063	0.00721	0.00995	0.04040	0.01267	0.00677	0.03071	0.01254	0.01395	0.08424	0.06158	0.38173	0.16061	0.03406	0.00852	0.00256	0.00459	0.10520	0.00595	0.00611
14	0.03555	0.07296	0.01900	0.08309	0.06175	0.03061	0.03787	0.26523	0.09421	0.02722	0.01636	0.07707	0.01385	0.02315	0.00707	0.00200	0.02319	0.00663	0.00498	0.09821
15	0.04365	0.14029	0.02058	0.10422	0.06803	0.04017	0.05475	0.09065	0.01618	0.14942	0.01508	0.04923	0.01196	0.00689	0.00581	0.00173	0.00673	0.00569	0.00456	0.16438
16	0.05454	0.12546	0.26741	0.01607	0.05019	0.14688	0.01567	0.08783	0.05615	0.04081	0.01424	0.04951	0.01185	0.00748	0.00598	0.00193	0.00831	0.02697	0.00389	0.00883
17	0.01387	0.01769	0.18605	0.02006	0.07747	0.01318	0.24528	0.04704	0.04038	0.04138	0.06497	0.12919	0.01956	0.00919	0.00724	0.00221	0.00804	0.04448	0.00431	0.00842
18	0.01368	0.03721	0.01588	0.28565	0.05938	0.10659	0.01257	0.04038	0.01450	0.04028	0.02234	0.11763	0.09776	0.01323	0.06749	0.00281	0.00815	0.03328	0.00414	0.00706
19	0.01700	0.12361	0.09524	0.04294	0.12635	0.06205	0.07891	0.06589	0.01564	0.11677	0.01762	0.10417	0.01580	0.03561	0.02174	0.00232	0.00764	0.03771	0.00443	0.00856
20	0.01605	0.01498	0.07449	0.01936	0.14752	0.02995	0.08726	0.04472	0.17058	0.09697	0.04018	0.09135	0.04645	0.00926	0.00822	0.00219	0.07860	0.00792	0.00497	0.00899
21	0.00803	0.00603	0.00737	0.00815	0.00915	0.00545	0.00564	0.00951	0.01369	0.01786	0.13449	0.45679	0.23119	0.04430	0.00885	0.00255	0.00361	0.01589	0.00607	0.00537
22	0.01389	0.05381	0.14515	0.01499	0.04304	0.07565	0.08236	0.07174	0.06527	0.02130	0.10156	0.08457	0.09524	0.01319	0.07196	0.00280	0.02281	0.00824	0.00458	0.00787
23	0.01728	0.08114	0.13667	0.03909	0.14543	0.06952	0.03873	0.20257	0.01874	0.02493	0.05761	0.01966	0.06090	0.00787	0.00720	0.00197	0.05102	0.00624	0.00435	0.00909
24	0.01296	0.03342	0.73944	0.01842	0.02797	0.01501	0.02387	0.02046	0.01364	0.02046	0.01160	0.01364	0.00818	0.00614	0.00614	0.00205	0.00955	0.00477	0.00273	0.00955
25	0.01624	0.01821	0.02908	0.06705	0.09708	0.14158	0.38517	0.02090	0.03947	0.01930	0.01297	0.01697	0.01027	0.00912	0.06037	0.00267	0.03523	0.00661	0.00336	0.00835
26	0.01606	0.08596	0.13228	0.08623	0.16755	0.03673	0.10177	0.13531	0.01676	0.02259	0.01553	0.04294	0.03640	0.00770	0.00721	0.00205	0.04419	0.02991	0.00389	0.00893
27	0.01497	0.01428	0.04579	0.12070	0.26587	0.04046	0.07757	0.04320	0.03939	0.04993	0.07756	0.06637	0.01730	0.03948	0.00876	0.00227	0.05616	0.00735	0.00410	0.00850
28	0.01402	0.01310	0.01442	0.01294	0.01410	0.10909	0.01003	0.07139	0.01269	0.01686	0.01407	0.02281	0.01384	0.18114	0.20972	0.00530	0.24788	0.00659	0.00359	0.00644
29	0.15541	0.04825	0.02069	0.02074	0.17617	0.24932	0.07478	0.04412	0.04137	0.02085	0.01170	0.02832	0.00983	0.00693	0.00699	0.00195	0.06543	0.00524	0.00362	0.00829
30	0.01727	0.77681	0.03386	0.01106	0.01658	0.02557	0.01106	0.01935	0.01313	0.01520	0.00898	0.01036	0.00829	0.00553	0.00415	0.00138	0.00691	0.00345	0.00276	0.00829
31	0.00819	0.00606	0.00772	0.00888	0.00978	0.00560	0.00637	0.00971	0.01331	0.01730	0.05999	0.52238	0.17500	0.01899	0.00820	0.00257	0.00392	0.10460	0.00602	0.00540
32	0.00796	0.00574	0.00746	0.00873	0.00926	0.00533	0.00586	0.00915	0.01264	0.01677	0.06242	0.66988	0.08884	0.04574	0.00904	0.00270	0.00378	0.01750	0.00597	0.00525
33	0.00860	0.00842	0.07164	0.00943	0.01098	0.00640	0.00752	0.01042	0.01282	0.01687	0.03730	0.46031	0.15876	0.08556	0.01021	0.00285	0.00456	0.06624	0.00552	0.00560
34	0.00795	0.00570	0.00743	0.00877	0.00921	0.00532	0.00583	0.00903	0.01230	0.01631	0.03606	0.69480	0.07242	0.06384	0.00965	0.00282	0.00387	0.01763	0.00588	0.00518
35	0.01586	0.09408	0.08750	0.01196	0.01739	0.03365	0.01074	0.10241	0.01547	0.04710	0.01221	0.01409	0.00984	0.00745	0.03246	0.00173	0.05039	0.00444	0.00399	0.42725

[dist]
# distance from previous block
# <min> <max>
0	1

[block]
# block no. 3 follows, 34 sequences, length 21
# corresponding to MSA columns:
# 476-496
name=unknown_D
#
# <colnr> <probs for GDERKNQSTAVLIFYWHMCP>
#	G	D	E	R	K	N	Q	S	T	A	V	L	I	F	Y	W	H	M	C	P
0	0.00927	0.00650	0.00861	0.00920	0.01011	0.00629	0.00658	0.01102	0.01413	0.04458	0.20817	0.48280	0.07015	0.01747	0.00856	0.00246	0.03472	0.03739	0.00622	0.00577
1	0.01313	0.01513	0.10615	0.02042	0.13115	0.01349	0.18461	0.03047	0.03074	0.01980	0.06893	0.07105	0.06516	0.03983	0.05696	0.00290	0.11013	0.00809	0.00394	0.00791
2	0.01692	0.71572	0.09184	0.01166	0.01752	0.02470	0.01211	0.01944	0.01317	0.01563	0.00920	0.01063	0.00828	0.00558	0.00431	0.00144	0.00713	0.00356	0.00276	0.00840
3	0.04811	0.06955	0.01899	0.01419	0.01866	0.08942	0.01164	0.42458	0.10969	0.05463	0.03313	0.01661	0.01275	0.00786	0.00685	0.00195	0.03995	0.00576	0.00575	0.00995
4	0.00924	0.00687	0.01011	0.01011	0.01117	0.00793	0.00774	0.01136	0.01030	0.01480	0.01755	0.02676	0.01675	0.10728	0.68931	0.01005	0.01641	0.00712	0.00350	0.00562
5	0.16598	0.04693	0.07158	0.08103	0.14051	0.08938	0.05282	0.06387	0.04045	0.11075	0.01435	0.01727	0.01113	0.00865	0.03827	0.00235	0.00794	0.02376	0.00428	0.00871
6	0.04817	0.02150	0.01619	0.01538	0.04410	0.37329	0.01133	0.06337	0.20401	0.02099	0.01762	0.08137	0.01538	0.00874	0.00632	0.00196	0.00843	0.02890	0.00469	0.00825
7	0.00790	0.00571	0.00748	0.00882	0.00934	0.00529	0.00594	0.00913	0.01273	0.01690	0.06271	0.70028	0.08438	0.01975	0.00819	0.00258	0.00369	0.01784	0.00604	0.00529
8	0.01649	0.01409	0.01485	0.01323	0.01696	0.01627	0.01033	0.06810	0.68649	0.02771	0.02576	0.02368	0.01929	0.00872	0.00657	0.00218	0.00521	0.00723	0.00657	0.01027
9	0.04860	0.01836	0.19765	0.05501	0.25492	0.01434	0.01671	0.06562	0.06860	0.06719	0.01770	0.05601	0.04837	0.00784	0.00694	0.00207	0.03403	0.00661	0.00414	0.00929
10	0.01599	0.01535	0.02623	0.03966	0.73262	0.01535	0.01983	0.01983	0.01471	0.02111	0.01215	0.01599	0.01023	0.00576	0.00640	0.00192	0.00768	0.00576	0.00320	0.01023
11	0.00853	0.00630	0.00802	0.00845	0.00967	0.00578	0.00618	0.01066	0.01535	0.02070	0.32415	0.31156	0.15995	0.01657	0.00794	0.00234	0.00354	0.06218	0.00645	0.00568
12	0.00858	0.00635	0.00879	0.01076	0.04828	0.00601	0.00704	0.01014	0.01316	0.01772	0.09228	0.62097	0.04215	0.01872	0.00814	0.00256	0.00405	0.06272	0.00594	0.00563
13	0.01520	0.01547	0.07428	0.10154	0.03974	0.05103	0.18930	0.04852	0.01444	0.07091	0.04389	0.06776	0.01446	0.01157	0.06441	0.00287	0.15544	0.00727	0.00393	0.00796
14	0.04520	0.01545	0.01736	0.01347	0.01836	0.01639	0.01108	0.46296	0.04712	0.22317	0.04942	0.01878	0.01465	0.00804	0.00646	0.00197	0.00639	0.00624	0.00684	0.01065
15	0.00885	0.00632	0.00795	0.00880	0.00950	0.00611	0.00623	0.01011	0.01217	0.01594	0.03326	0.31572	0.10596	0.24260	0.04183	0.00400	0.00536	0.14898	0.00528	0.00503
16	0.07392	0.06776	0.07539	0.03452	0.16312	0.05063	0.04344	0.07529	0.09090	0.05970	0.12727	0.02273	0.03944	0.00964	0.03669	0.00231	0.00706	0.00676	0.00475	0.00868
17	0.04850	0.02581	0.04705	0.03952	0.03082	0.01137	0.02995	0.04148	0.01231	0.12881	0.01547	0.01970	0.04052	0.01490	0.03524	0.30026	0.14188	0.00603	0.00397	0.00641
18	0.00975	0.00662	0.00828	0.00873	0.00995	0.00618	0.00620	0.01189	0.03726	0.05999	0.15166	0.39874	0.14259	0.07436	0.00979	0.00270	0.00398	0.03933	0.00616	0.00584
19	0.01665	0.15771	0.03809	0.04391	0.04071	0.05054	0.01128	0.14090	0.12526	0.05358	0.02032	0.02169	0.08169	0.01359	0.10231	0.00304	0.05913	0.00641	0.00468	0.00851
20	0.03845	0.06090	0.20490	0.08470	0.15264	0.04845	0.06652	0.06830	0.11046	0.02188	0.01351	0.01587	0.01046	0.00691	0.00742	0.00206	0.06809	0.00559	0.00371	0.00917

[dist]
# distance from previous block
# <min> <max>
0	16

[block]
# block no. 4 follows, 34 sequences, length 27
# corresponding to MSA columns:
# 513-539
name=unknown_E
#
# <colnr> <probs for GDERKNQSTAVLIFYWHMCP>
#	G	D	E	R	K	N	Q	S	T	A	V	L	I	F	Y	W	H	M	C	P
0	0.04806	0.00967	0.01244	0.01305	0.07617	0.03568	0.00900	0.05449	0.01284	0.07188	0.01826	0.07696	0.01734	0.13003	0.36258	0.00659	0.02645	0.00759	0.00420	0.00672
1	0.06240	0.20589	0.19745	0.04380	0.10106	0.19193	0.01551	0.04440	0.04598	0.01945	0.01127	0.01311	0.00902	0.00624	0.00554	0.00179	0.00865	0.00453	0.00330	0.00868
2	0.00932	0.00631	0.00741	0.00754	0.00769	0.00637	0.00453	0.00964	0.00980	0.01314	0.02146	0.08524	0.02452	0.65444	0.08153	0.00624	0.00689	0.02968	0.00407	0.00419
3	0.01767	0.19750	0.07530	0.04854	0.30862	0.01872	0.05611	0.16002	0.01742	0.02348	0.01208	0.01452	0.00971	0.00614	0.00593	0.00183	0.00772	0.00526	0.00372	0.00970
4	0.00930	0.00665	0.00901	0.00901	0.00969	0.00733	0.00637	0.01066	0.00998	0.01398	0.01856	0.03232	0.01917	0.34594	0.45396	0.00869	0.01277	0.00794	0.00365	0.00501
5	0.00938	0.00639	0.00842	0.00885	0.01001	0.00591	0.00643	0.01149	0.01531	0.04843	0.32489	0.37274	0.07011	0.01657	0.00794	0.00236	0.00365	0.05872	0.00654	0.00588
6	0.00879	0.00608	0.00786	0.00896	0.00974	0.00565	0.00627	0.01011	0.01287	0.03784	0.03757	0.56412	0.11534	0.06256	0.00961	0.00280	0.00409	0.07837	0.00593	0.00543
7	0.01599	0.01535	0.02623	0.03966	0.73262	0.01535	0.01983	0.01983	0.01471	0.02111	0.01215	0.01599	0.01023	0.00576	0.00640	0.00192	0.00768	0.00576	0.00320	0.01023
8	0.01102	0.00648	0.00722	0.00729	0.00873	0.00644	0.00536	0.01453	0.05164	0.02336	0.15998	0.15031	0.02955	0.01076	0.00583	0.00183	0.00325	0.00920	0.48109	0.00613
9	0.01727	0.77681	0.03386	0.01106	0.01658	0.02557	0.01106	0.01935	0.01313	0.01520	0.00898	0.01036	0.00829	0.00553	0.00415	0.00138	0.00691	0.00345	0.00276	0.00829
10	0.01727	0.77681	0.03386	0.01106	0.01658	0.02557	0.01106	0.01935	0.01313	0.01520	0.00898	0.01036	0.00829	0.00553	0.00415	0.00138	0.00691	0.00345	0.00276	0.00829
11	0.01727	0.77681	0.03386	0.01106	0.01658	0.02557	0.01106	0.01935	0.01313	0.01520	0.00898	0.01036	0.00829	0.00553	0.00415	0.00138	0.00691	0.00345	0.00276	0.00829
12	0.02139	0.01652	0.01760	0.01422	0.01883	0.01856	0.01151	0.45821	0.28840	0.03561	0.01954	0.01872	0.01425	0.00813	0.00651	0.00203	0.00636	0.00637	0.00651	0.01070
13	0.00923	0.00649	0.00844	0.00852	0.00904	0.00692	0.00575	0.01029	0.01020	0.01410	0.03825	0.08114	0.02274	0.41889	0.31425	0.00756	0.01041	0.00903	0.00395	0.00479
14	0.01048	0.00689	0.00896	0.00832	0.01010	0.00629	0.00628	0.01335	0.01794	0.07715	0.62217	0.06823	0.09269	0.01320	0.00756	0.00206	0.00326	0.01161	0.00709	0.00640
15	0.01457	0.05876	0.01917	0.19688	0.17280	0.15098	0.04393	0.01743	0.01449	0.01772	0.03674	0.17805	0.03262	0.00959	0.00668	0.00207	0.00769	0.00842	0.00388	0.00753
16	0.00864	0.00653	0.00790	0.00813	0.00946	0.00605	0.00581	0.01113	0.04093	0.02019	0.28374	0.27580	0.21812	0.05639	0.00912	0.00249	0.00357	0.01398	0.00630	0.00571
17	0.01479	0.35109	0.02453	0.06358	0.10038	0.01842	0.01194	0.01724	0.01307	0.01730	0.05263	0.04719	0.01350	0.00906	0.03682	0.00208	0.10425	0.00544	0.00336	0.09332
18	0.01384	0.04350	0.04309	0.10534	0.19597	0.06703	0.03162	0.03609	0.01439	0.04355	0.02122	0.22406	0.03989	0.01236	0.03285	0.00247	0.02246	0.03822	0.00435	0.00769
19	0.00820	0.00618	0.00749	0.00808	0.00923	0.00559	0.00571	0.00983	0.01407	0.01836	0.16944	0.35969	0.25275	0.06104	0.00939	0.00260	0.00369	0.03718	0.00608	0.00541
20	0.01082	0.01003	0.07673	0.01018	0.01262	0.00802	0.00843	0.05002	0.05279	0.04218	0.17371	0.33467	0.10059	0.01481	0.00751	0.00227	0.00451	0.03337	0.00594	0.04080
21	0.01678	0.01966	0.11781	0.08237	0.22767	0.15645	0.04539	0.02216	0.09563	0.04470	0.01458	0.04882	0.01205	0.00727	0.00696	0.00199	0.03832	0.00609	0.00381	0.03147
22	0.01518	0.20699	0.45930	0.01563	0.02335	0.01709	0.01858	0.04482	0.03463	0.05838	0.03995	0.01500	0.01109	0.00650	0.00576	0.00189	0.00824	0.00493	0.00342	0.00926
23	0.00785	0.00570	0.00742	0.00880	0.00932	0.00527	0.00591	0.00902	0.01256	0.01657	0.03807	0.71060	0.09925	0.01992	0.00820	0.00259	0.00371	0.01798	0.00600	0.00527
24	0.01433	0.15509	0.08077	0.01718	0.12124	0.05293	0.06424	0.04556	0.05575	0.02023	0.09096	0.08642	0.06966	0.00970	0.00733	0.00205	0.04680	0.04736	0.00437	0.00802
25	0.07064	0.04343	0.01891	0.08322	0.12940	0.08339	0.03354	0.19035	0.04401	0.14697	0.03992	0.05742	0.01451	0.00789	0.00633	0.00198	0.00707	0.00650	0.00523	0.00930
26	0.01106	0.00821	0.01060	0.01146	0.06018	0.03041	0.00784	0.03724	0.01280	0.01700	0.08616	0.06702	0.10061	0.09041	0.16889	0.19106	0.00797	0.07123	0.00438	0.00546

[dist]
# distance from previous block
# <min> <max>
0	37

[block]
# block no. 5 follows, 34 sequences, length 76
# corresponding to MSA columns:
# 578-653
name=unknown_F
#
# <colnr> <probs for GDERKNQSTAVLIFYWHMCP>
#	G	D	E	R	K	N	Q	S	T	A	V	L	I	F	Y	W	H	M	C	P
0	0.01628	0.03912	0.01886	0.01786	0.14706	0.05788	0.06411	0.08679	0.13265	0.04391	0.03512	0.04928	0.02927	0.00727	0.00611	0.00173	0.00643	0.00632	0.00465	0.22930
1	0.05724	0.03802	0.06342	0.12391	0.09855	0.03707	0.01175	0.01557	0.01306	0.04155	0.01917	0.19046	0.01921	0.01627	0.11958	0.00336	0.00807	0.03992	0.00417	0.07967
2	0.01383	0.03761	0.03910	0.13238	0.13981	0.03331	0.04900	0.07304	0.01515	0.02065	0.01884	0.13911	0.03730	0.00929	0.00657	0.00195	0.00665	0.05597	0.00423	0.16617
3	0.10772	0.02145	0.26447	0.09592	0.04751	0.06526	0.05231	0.09799	0.01587	0.10055	0.01333	0.01536	0.00971	0.00819	0.03301	0.00233	0.03079	0.00528	0.00399	0.00895
4	0.00796	0.00571	0.00749	0.00881	0.00928	0.00532	0.00589	0.00913	0.01255	0.01670	0.05913	0.69396	0.06723	0.04641	0.00907	0.00272	0.00380	0.01766	0.00596	0.00524
5	0.00923	0.00692	0.01038	0.01038	0.01154	0.00808	0.00808	0.01154	0.01038	0.01500	0.01731	0.02538	0.01615	0.04846	0.74732	0.01038	0.01731	0.00692	0.00346	0.00577
6	0.01122	0.00561	0.00842	0.00842	0.00842	0.00561	0.00561	0.00842	0.00842	0.01122	0.01122	0.01964	0.01122	0.02245	0.02525	0.81201	0.00561	0.00561	0.00281	0.00281
7	0.81856	0.01250	0.00950	0.00850	0.01250	0.01449	0.00700	0.01899	0.01100	0.02899	0.00900	0.01050	0.00700	0.00600	0.00400	0.00200	0.00500	0.00350	0.00400	0.00700
8	0.00929	0.00669	0.00920	0.00920	0.00995	0.00743	0.00660	0.01078	0.01003	0.01412	0.01839	0.03137	0.01875	0.30502	0.49431	0.00893	0.01340	0.00780	0.00362	0.00511
9	0.00940	0.00626	0.00705	0.00705	0.00705	0.00626	0.00392	0.00940	0.00940	0.01253	0.02036	0.04228	0.02349	0.77292	0.03289	0.00626	0.00626	0.00940	0.00392	0.00392
10	0.02083	0.14252	0.02086	0.07325	0.06007	0.38892	0.01273	0.11206	0.04218	0.01970	0.01234	0.04274	0.01053	0.00716	0.00585	0.00176	0.00933	0.00514	0.00382	0.00820
11	0.81856	0.01250	0.00950	0.00850	0.01250	0.01449	0.00700	0.01899	0.01100	0.02899	0.00900	0.01050	0.00700	0.00600	0.00400	0.00200	0.00500	0.00350	0.00400	0.00700
12	0.01602	0.04926	0.02080	0.39381	0.17256	0.06362	0.01633	0.04281	0.03957	0.08016	0.01316	0.01679	0.01000	0.00670	0.00677	0.00204	0.03187	0.00565	0.00365	0.00841
13	0.02828	0.01152	0.01525	0.01176	0.01672	0.01036	0.00969	0.07256	0.04317	0.67089	0.02492	0.02167	0.01582	0.00801	0.00650	0.00200	0.00558	0.00648	0.00786	0.01097
14	0.01626	0.01698	0.02226	0.12452	0.17277	0.13273	0.10624	0.02168	0.11807	0.01945	0.01324	0.01643	0.01071	0.00736	0.00910	0.00211	0.14331	0.00589	0.00364	0.03728
15	0.00907	0.00665	0.00810	0.00775	0.00951	0.00595	0.00581	0.01161	0.01701	0.03809	0.48970	0.07650	0.26193	0.01429	0.00762	0.00210	0.00319	0.01239	0.00676	0.00598
16	0.01469	0.01422	0.02526	0.09865	0.47060	0.01438	0.12536	0.01848	0.01403	0.01970	0.01308	0.01860	0.01124	0.05795	0.05357	0.00278	0.00876	0.00635	0.00324	0.00904
17	0.01433	0.01390	0.03747	0.18831	0.17962	0.01463	0.11035	0.02284	0.23192	0.02149	0.01855	0.06655	0.01545	0.00804	0.00682	0.00217	0.00729	0.02696	0.00441	0.00889
18	0.07545	0.01620	0.05358	0.06458	0.29294	0.03893	0.01525	0.18959	0.05032	0.05102	0.01574	0.01878	0.03118	0.00738	0.00679	0.00202	0.03025	0.02595	0.00449	0.00957
19	0.81856	0.01250	0.00950	0.00850	0.01250	0.01449	0.00700	0.01899	0.01100	0.02899	0.00900	0.01050	0.00700	0.00600	0.00400	0.00200	0.00500	0.00350	0.00400	0.00700
20	0.01502	0.01456	0.02474	0.02907	0.40373	0.01392	0.13822	0.01881	0.01445	0.02097	0.03393	0.01659	0.01150	0.00592	0.00683	0.00179	0.03464	0.00584	0.00346	0.18601
21	0.01115	0.00566	0.00849	0.00849	0.00853	0.00570	0.00570	0.00853	0.00849	0.01135	0.01144	0.01984	0.01139	0.02335	0.05039	0.78411	0.00602	0.00566	0.00283	0.00291
22	0.01696	0.01505	0.04553	0.14439	0.46193	0.01479	0.06111	0.04454	0.01538	0.09740	0.01363	0.01682	0.01054	0.00616	0.00649	0.00198	0.00782	0.00592	0.00376	0.00976
23	0.01336	0.08940	0.66328	0.01814	0.02729	0.01585	0.04493	0.02039	0.01365	0.02007	0.01144	0.01351	0.00825	0.00607	0.00604	0.00200	0.00939	0.00477	0.00275	0.00943
24	0.01602	0.06908	0.06625	0.01441	0.06061	0.03895	0.01155	0.14515	0.23233	0.02540	0.04861	0.05607	0.05143	0.00955	0.00660	0.00206	0.00613	0.07594	0.00544	0.05840
25	0.06498	0.29956	0.07360	0.01486	0.04401	0.27481	0.01268	0.10944	0.01710	0.01999	0.01045	0.01190	0.00863	0.00628	0.00523	0.00165	0.00869	0.00418	0.00351	0.00844
26	0.01066	0.00598	0.00897	0.00897	0.00930	0.00631	0.00631	0.00930	0.00897	0.01229	0.01294	0.02126	0.01262	0.02979	0.22914	0.58566	0.00891	0.00598	0.00299	0.00364
27	0.01182	0.01091	0.01108	0.01141	0.05100	0.10966	0.00785	0.01404	0.03533	0.01751	0.13226	0.03850	0.16077	0.19311	0.11056	0.00415	0.03705	0.03228	0.00472	0.00600
28	0.00934	0.00619	0.00793	0.00884	0.00983	0.00566	0.00617	0.01067	0.01316	0.06371	0.03918	0.57179	0.14615	0.03441	0.00857	0.00260	0.00392	0.04015	0.00608	0.00565
29	0.03657	0.00879	0.00911	0.00805	0.01048	0.00918	0.00631	0.15554	0.01703	0.05222	0.01979	0.02193	0.01517	0.00755	0.00496	0.00162	0.00397	0.00593	0.59855	0.00722
30	0.01681	0.62674	0.03176	0.01424	0.08010	0.02334	0.03592	0.01982	0.04117	0.01652	0.01096	0.01383	0.00997	0.00610	0.00473	0.00154	0.00701	0.02789	0.00308	0.00847
31	0.01371	0.01379	0.01619	0.30755	0.02669	0.14324	0.01328	0.01737	0.04562	0.01634	0.01351	0.01888	0.01142	0.02002	0.23819	0.00468	0.06338	0.00589	0.00330	0.00693
32	0.00923	0.00692	0.01038	0.01038	0.01154	0.00808	0.00808	0.01154	0.01038	0.01500	0.01731	0.02538	0.01615	0.04846	0.74732	0.01038	0.01731	0.00692	0.00346	0.00577
33	0.03347	0.00720	0.00796	0.00882	0.00987	0.03186	0.00610	0.01080	0.03639	0.01726	0.03913	0.52533	0.17880	0.04450	0.00872	0.00259	0.00410	0.01578	0.00579	0.00554
34	0.01415	0.01250	0.01374	0.01031	0.01568	0.03625	0.00818	0.01906	0.10930	0.02167	0.01343	0.01478	0.01090	0.00539	0.00506	0.00115	0.00508	0.00431	0.00418	0.67486
35	0.00923	0.00692	0.01038	0.01038	0.01154	0.00808	0.00808	0.01154	0.01038	0.01500	0.01731	0.02538	0.01615	0.04846	0.74732	0.01038	0.01731	0.00692	0.00346	0.00577
36	0.02899	0.01100	0.01499	0.01150	0.01649	0.00950	0.00950	0.03149	0.01849	0.73709	0.02549	0.02199	0.01599	0.00800	0.00650	0.00200	0.00550	0.00650	0.00800	0.01100
37	0.00821	0.00604	0.00829	0.05478	0.01154	0.00585	0.00674	0.00964	0.01274	0.01703	0.07325	0.68205	0.04167	0.01900	0.00810	0.00256	0.00401	0.01722	0.00587	0.00541
38	0.81856	0.01250	0.00950	0.00850	0.01250	0.01449	0.00700	0.01899	0.01100	0.02899	0.00900	0.01050	0.00700	0.00600	0.00400	0.00200	0.00500	0.00350	0.00400	0.00700
39	0.81856	0.01250	0.00950	0.00850	0.01250	0.01449	0.00700	0.01899	0.01100	0.02899	0.00900	0.01050	0.00700	0.00600	0.00400	0.00200	0.00500	0.00350	0.00400	0.00700
40	0.79072	0.01244	0.00969	0.00860	0.01264	0.01432	0.00709	0.01943	0.01126	0.05396	0.00958	0.01090	0.00731	0.00607	0.00409	0.00200	0.00502	0.00360	0.00414	0.00714
41	0.00923	0.00692	0.01038	0.01038	0.01154	0.00808	0.00808	0.01154	0.01038	0.01500	0.01731	0.02538	0.01615	0.04846	0.74732	0.01038	0.01731	0.00692	0.00346	0.00577
42	0.00866	0.00650	0.00802	0.00782	0.00940	0.00586	0.00580	0.01119	0.01688	0.02299	0.50438	0.11734	0.22218	0.01462	0.00768	0.00212	0.00317	0.01277	0.00674	0.00586
43	0.00783	0.00577	0.00734	0.00860	0.00927	0.00528	0.00582	0.00904	0.01275	0.01665	0.04043	0.65455	0.15377	0.01962	0.00815	0.00255	0.00367	0.01760	0.00600	0.00528
44	0.05187	0.01751	0.01872	0.01447	0.01954	0.01934	0.01193	0.63923	0.05398	0.06413	0.01602	0.01587	0.01134	0.00774	0.00638	0.00195	0.00691	0.00581	0.00644	0.01082
45	0.04221	0.01343	0.07031	0.27197	0.19218	0.01335	0.03131	0.05204	0.01384	0.04373	0.01371	0.01929	0.01135	0.05880	0.12195	0.00358	0.00940	0.00607	0.00349	0.00800
46	0.04500	0.13577	0.04902	0.05176	0.14305	0.25111	0.03643	0.14611	0.01836	0.04765	0.01195	0.01373	0.00941	0.00649	0.00585	0.00179	0.00878	0.00489	0.00393	0.00892
47	0.00860	0.00593	0.00764	0.00877	0.00954	0.00543	0.00598	0.00984	0.01289	0.04238	0.03911	0.65073	0.13057	0.01930	0.00811	0.00254	0.00375	0.01733	0.00607	0.00548
48	0.00959	0.00649	0.00794	0.00758	0.00916	0.00603	0.00568	0.01251	0.01705	0.02483	0.53342	0.04469	0.10916	0.01236	0.00701	0.00194	0.00306	0.01074	0.16474	0.00603
49	0.01604	0.08370	0.14584	0.04653	0.14967	0.04320	0.08906	0.12772	0.03660	0.02247	0.01505	0.06999	0.01329	0.00826	0.00779	0.00211	0.07176	0.03804	0.00398	0.00889
50	0.01006	0.00790	0.00954	0.00935	0.00999	0.03448	0.00657	0.01118	0.01042	0.01409	0.02025	0.05913	0.04585	0.36905	0.29755	0.00714	0.06007	0.00850	0.00380	0.00505
51	0.00801	0.00645	0.00716	0.00735	0.00913	0.00560	0.00545	0.00984	0.01495	0.01872	0.16556	0.16657	0.49595	0.01650	0.00777	0.00225	0.00340	0.03761	0.00618	0.00554
52	0.09812	0.01118	0.01401	0.03303	0.01624	0.01071	0.00927	0.07787	0.05097	0.46324	0.12386	0.02417	0.02120	0.00853	0.00643	0.00201	0.00529	0.00693	0.00717	0.00977
53	0.03409	0.04918	0.07897	0.03422	0.08878	0.24323	0.10998	0.08430	0.10233	0.04725	0.03496	0.01768	0.03192	0.00715	0.00634	0.00192	0.00877	0.00591	0.00425	0.00877
54	0.02200	0.02737	0.01771	0.06926	0.02101	0.63114	0.01250	0.02391	0.01724	0.01579	0.01072	0.01323	0.00901	0.01022	0.06936	0.00245	0.01192	0.00451	0.00331	0.00732
55	0.06713	0.01398	0.05568	0.01305	0.01782	0.01301	0.03148	0.20709	0.04359	0.33672	0.03460	0.02374	0.01621	0.00986	0.03056	0.00235	0.00664	0.06000	0.00657	0.00994
56	0.01616	0.21659	0.14007	0.01681	0.05977	0.01856	0.07510	0.06451	0.03287	0.05254	0.01242	0.03858	0.01055	0.00775	0.00929	0.00203	0.18051	0.00556	0.00357	0.03675
57	0.01144	0.06142	0.01386	0.01123	0.01315	0.01078	0.05388	0.06022	0.03823	0.01913	0.09396	0.21795	0.13519	0.08848	0.05214	0.00313	0.09320	0.01111	0.00505	0.00646
58	0.00791	0.00564	0.00748	0.00894	0.00931	0.00528	0.00594	0.00901	0.01229	0.01638	0.03519	0.74865	0.04220	0.04102	0.00893	0.00272	0.00382	0.01812	0.00594	0.00521
59	0.04237	0.01770	0.07227	0.18581	0.18994	0.06148	0.01597	0.28577	0.02038	0.02750	0.01303	0.01549	0.00981	0.00677	0.00631	0.00197	0.00796	0.00554	0.00438	0.00953
60	0.01437	0.03094	0.01471	0.01409	0.07234	0.01165	0.03348	0.12473	0.06159	0.07082	0.04965	0.28569	0.04027	0.01407	0.03172	0.00255	0.06675	0.02366	0.02923	0.00769
61	0.00982	0.00771	0.01157	0.01094	0.01205	0.00887	0.03648	0.01181	0.01039	0.01485	0.01707	0.02717	0.01663	0.16609	0.54957	0.00886	0.06367	0.00728	0.00349	0.00566
62	0.03816	0.01952	0.01831	0.10619	0.18448	0.30044	0.01357	0.02212	0.08856	0.01968	0.08898	0.04070	0.01650	0.00772	0.00632	0.00191	0.00841	0.00623	0.00407	0.00814
63	0.02487	0.01971	0.01882	0.01489	0.01972	0.14658	0.01208	0.53209	0.02723	0.09664	0.01541	0.01540	0.01095	0.00758	0.00635	0.00190	0.00777	0.00559	0.00605	0.01038
64	0.01296	0.03342	0.73944	0.01842	0.02797	0.01501	0.02387	0.02046	0.01364	0.02046	0.01160	0.01364	0.00818	0.00614	0.00614	0.00205	0.00955	0.00477	0.00273	0.00955
65	0.01727	0.77681	0.03386	0.01106	0.01658	0.02557	0.01106	0.01935	0.01313	0.01520	0.00898	0.01036	0.00829	0.00553	0.00415	0.00138	0.00691	0.00345	0.00276	0.00829
66	0.00966	0.00680	0.00859	0.00817	0.00994	0.00618	0.00624	0.01243	0.01747	0.04968	0.54679	0.05116	0.17772	0.01384	0.00765	0.00211	0.00334	0.04917	0.00688	0.00615
67	0.02485	0.01680	0.01849	0.01427	0.01934	0.01822	0.01176	0.57461	0.06047	0.14787	0.01756	0.01691	0.01217	0.00784	0.00647	0.00196	0.00677	0.00599	0.00671	0.01095
68	0.00916	0.00669	0.00869	0.00861	0.01014	0.00622	0.00666	0.01200	0.01723	0.02379	0.53658	0.07933	0.11643	0.01447	0.00785	0.00221	0.00355	0.11762	0.00679	0.00599
69	0.79694	0.01245	0.00965	0.00858	0.01261	0.01436	0.00707	0.01934	0.01120	0.04838	0.00945	0.01081	0.00724	0.00605	0.00407	0.00200	0.00501	0.00358	0.00411	0.00711
70	0.01561	0.00981	0.01172	0.01072	0.01337	0.01008	0.00810	0.02311	0.25700	0.18001	0.12662	0.20051	0.03026	0.06177	0.00881	0.00249	0.00467	0.01044	0.00666	0.00825
71	0.01184	0.00619	0.00892	0.00872	0.00895	0.00628	0.00592	0.04090	0.00943	0.01259	0.01142	0.01945	0.01121	0.02177	0.02438	0.77456	0.00568	0.00562	0.00297	0.00318
72	0.00867	0.00647	0.00815	0.00918	0.01002	0.00628	0.00632	0.01148	0.07660	0.01805	0.07758	0.62011	0.07954	0.01858	0.00803	0.00253	0.00380	0.01672	0.00612	0.00576
73	0.02814	0.01236	0.01584	0.01214	0.01717	0.01152	0.01003	0.16186	0.02077	0.60350	0.02358	0.02075	0.01503	0.00795	0.00649	0.00199	0.00581	0.00637	0.00770	0.01099
74	0.04250	0.01193	0.01366	0.01031	0.01558	0.01008	0.00831	0.06410	0.06543	0.04412	0.01419	0.01721	0.01177	0.00601	0.00524	0.00127	0.00505	0.03596	0.00443	0.61286
75	0.00852	0.00609	0.00774	0.00831	0.00903	0.00577	0.00563	0.00997	0.01333	0.01806	0.20580	0.38237	0.08203	0.16554	0.03857	0.00343	0.00451	0.01430	0.00578	0.00523

[dist]
# distance from previous block
# <min> <max>
0	1

[block]
# block no. 6 follows, 34 sequences, length 38
# corresponding to MSA columns:
# 655-692
name=unknown_G
#
# <colnr> <probs for GDERKNQSTAVLIFYWHMCP>
#	G	D	E	R	K	N	Q	S	T	A	V	L	I	F	Y	W	H	M	C	P
0	0.08820	0.09335	0.04448	0.04150	0.01935	0.41756	0.01245	0.02234	0.01542	0.03859	0.01047	0.01289	0.00877	0.00877	0.03653	0.00220	0.11169	0.00450	0.00337	0.00757
1	0.00879	0.00703	0.00794	0.00786	0.00977	0.00645	0.00590	0.01203	0.06630	0.02061	0.25524	0.11895	0.39960	0.01528	0.00765	0.00220	0.00346	0.03260	0.00637	0.00598
2	0.01395	0.01930	0.20429	0.01431	0.01824	0.13200	0.01356	0.01968	0.11548	0.01886	0.04230	0.07530	0.01623	0.01813	0.17859	0.00404	0.07712	0.00688	0.00396	0.00777
3	0.01220	0.01148	0.01938	0.75739	0.04450	0.01436	0.01794	0.01651	0.01292	0.01651	0.01148	0.01723	0.00861	0.00646	0.00646	0.00215	0.00861	0.00574	0.00287	0.00718
4	0.01201	0.01036	0.01659	0.19220	0.19009	0.01097	0.04051	0.01460	0.01390	0.01888	0.15714	0.02858	0.09571	0.03125	0.01045	0.10659	0.03121	0.00788	0.00414	0.00692
5	0.01414	0.01414	0.01979	0.01696	0.01696	0.01979	0.01414	0.01555	0.00990	0.01555	0.00848	0.01414	0.00848	0.01131	0.02120	0.00283	0.76110	0.00565	0.00283	0.00707
6	0.01727	0.77681	0.03386	0.01106	0.01658	0.02557	0.01106	0.01935	0.01313	0.01520	0.00898	0.01036	0.00829	0.00553	0.00415	0.00138	0.00691	0.00345	0.00276	0.00829
7	0.01170	0.00889	0.01074	0.00884	0.01226	0.00746	0.00686	0.01500	0.03776	0.05323	0.34111	0.03421	0.09829	0.00989	0.00645	0.00163	0.00391	0.00848	0.00577	0.31753
8	0.01220	0.01148	0.01938	0.75739	0.04450	0.01436	0.01794	0.01651	0.01292	0.01651	0.01148	0.01723	0.00861	0.00646	0.00646	0.00215	0.00861	0.00574	0.00287	0.00718
9	0.00940	0.00626	0.00705	0.00705	0.00705	0.00626	0.00392	0.00940	0.00940	0.01253	0.02036	0.04228	0.02349	0.77292	0.03289	0.00626	0.00626	0.00940	0.00392	0.00392
10	0.01768	0.73295	0.03294	0.01138	0.01678	0.06798	0.01114	0.01973	0.01343	0.01524	0.00904	0.01044	0.00829	0.00559	0.00424	0.00140	0.00719	0.00350	0.00280	0.00824
11	0.01607	0.01388	0.01461	0.01315	0.01680	0.01607	0.01023	0.03433	0.72094	0.02703	0.02630	0.02411	0.01972	0.00877	0.00657	0.00219	0.00511	0.00731	0.00657	0.01023
12	0.06283	0.02590	0.47631	0.01649	0.02435	0.01407	0.04586	0.04506	0.03511	0.17086	0.01494	0.01570	0.01022	0.00662	0.00617	0.00204	0.00830	0.00528	0.00415	0.00974
13	0.01046	0.00730	0.01069	0.01037	0.01096	0.00855	0.00780	0.01089	0.00964	0.01372	0.01441	0.02287	0.01394	0.06483	0.39700	0.27276	0.09929	0.00644	0.00319	0.00487
14	0.01290	0.01019	0.01510	0.18294	0.15110	0.01070	0.01234	0.01716	0.06912	0.06936	0.09113	0.10627	0.09981	0.01135	0.00724	0.00226	0.00600	0.11240	0.00506	0.00758
15	0.02326	0.01620	0.01788	0.01368	0.01885	0.01708	0.01124	0.51116	0.05121	0.12038	0.01653	0.01630	0.01170	0.00741	0.00624	0.00182	0.00653	0.00568	0.00629	0.12054
16	0.01272	0.01176	0.01938	0.72616	0.04347	0.01459	0.01771	0.04573	0.01365	0.01753	0.01165	0.01715	0.00871	0.00651	0.00646	0.00214	0.00855	0.00575	0.00302	0.00734
17	0.55967	0.01337	0.01423	0.01656	0.19091	0.01474	0.01047	0.04720	0.01296	0.05347	0.01064	0.01248	0.00829	0.00608	0.00478	0.00198	0.00576	0.00426	0.00405	0.00810
18	0.01204	0.00602	0.00602	0.00602	0.00753	0.00602	0.00452	0.01506	0.01355	0.02409	0.02108	0.02409	0.01656	0.00753	0.00452	0.00151	0.00301	0.00602	0.80879	0.00602
19	0.01716	0.03831	0.02203	0.15399	0.13608	0.06032	0.11016	0.20433	0.03685	0.02461	0.03251	0.06459	0.01368	0.02432	0.00767	0.00215	0.03114	0.00692	0.00438	0.00880
20	0.02098	0.07523	0.08493	0.04699	0.06413	0.42545	0.05503	0.08924	0.04310	0.01958	0.01154	0.01337	0.00918	0.00659	0.00600	0.00179	0.01010	0.00480	0.00362	0.00838
21	0.01629	0.11001	0.06130	0.01551	0.01970	0.06378	0.13077	0.17358	0.04501	0.02262	0.01446	0.01803	0.01191	0.01895	0.22300	0.00440	0.03227	0.00605	0.00407	0.00829
22	0.01201	0.04993	0.01510	0.01301	0.01406	0.03885	0.01062	0.01397	0.01101	0.01556	0.01514	0.02496	0.01489	0.04819	0.34057	0.00616	0.27747	0.06867	0.00344	0.00638
23	0.00805	0.00614	0.00741	0.00828	0.00939	0.00558	0.00589	0.00948	0.01325	0.01687	0.04537	0.42004	0.29085	0.04427	0.02895	0.00282	0.00418	0.06198	0.00586	0.00534
24	0.00973	0.00675	0.00841	0.00801	0.00977	0.00606	0.00600	0.01229	0.01706	0.05989	0.49200	0.10259	0.20897	0.01417	0.00761	0.00211	0.00328	0.01235	0.00682	0.00614
25	0.01190	0.00999	0.01163	0.07895	0.01584	0.01094	0.00887	0.02100	0.32567	0.02136	0.03413	0.24199	0.14140	0.01323	0.00726	0.00233	0.00476	0.02511	0.00597	0.00767
26	0.01414	0.01414	0.01979	0.01696	0.01696	0.01979	0.01414	0.01555	0.00990	0.01555	0.00848	0.01414	0.00848	0.01131	0.02120	0.00283	0.76110	0.00565	0.00283	0.00707
27	0.01626	0.01568	0.02461	0.07285	0.59125	0.04449	0.01852	0.04379	0.01509	0.02114	0.01199	0.01570	0.01001	0.00606	0.00686	0.00192	0.03506	0.00562	0.00331	0.03979
