[name]
unknown

[dist]
# distance from previous block
# <min> <max>
139	837

[block]
# block no. 0 follows, 29 sequences, length 29
# corresponding to MSA columns:
# 1154-1182
name=unknown_A
#
# <colnr> <probs for GDERKNQSTAVLIFYWHMCP>
#	G	D	E	R	K	N	Q	S	T	A	V	L	I	F	Y	W	H	M	C	P
0	0.01813	0.01604	0.03579	0.07158	0.07197	0.05567	0.01288	0.17373	0.20878	0.02934	0.10151	0.04179	0.02253	0.01203	0.04570	0.00273	0.00760	0.02361	0.00604	0.04254
1	0.01592	0.14126	0.14932	0.07437	0.03568	0.01592	0.01401	0.02328	0.15512	0.05592	0.05673	0.02346	0.05660	0.01057	0.03549	0.02165	0.00755	0.00678	0.00483	0.09554
2	0.01766	0.12577	0.26086	0.01586	0.02302	0.03512	0.01649	0.11100	0.14785	0.02605	0.01600	0.01692	0.01215	0.00723	0.00634	0.00196	0.00801	0.00556	0.00459	0.14158
3	0.07306	0.11685	0.10327	0.02722	0.09309	0.01547	0.01321	0.06518	0.07686	0.07713	0.01796	0.09441	0.01558	0.00850	0.00637	0.00196	0.00679	0.00695	0.00491	0.17524
4	0.01928	0.03806	0.07100	0.03092	0.13158	0.01461	0.03101	0.11034	0.10555	0.12676	0.02025	0.08865	0.01669	0.00878	0.00690	0.00205	0.00689	0.00753	0.00562	0.15752
5	0.04876	0.11180	0.05955	0.05153	0.01906	0.01540	0.01166	0.05104	0.12855	0.11601	0.05871	0.04418	0.08943	0.00980	0.00805	0.00215	0.06546	0.00760	0.00559	0.09568
6	0.01534	0.01282	0.05908	0.01213	0.03287	0.03077	0.00971	0.01943	0.06410	0.11365	0.06337	0.16603	0.12205	0.01180	0.00718	0.00204	0.00550	0.01006	0.00591	0.23614
7	0.01518	0.07409	0.08652	0.09310	0.05408	0.01325	0.01240	0.02151	0.13624	0.08052	0.02953	0.13819	0.11998	0.01132	0.00722	0.00223	0.00632	0.00961	0.00550	0.08319
8	0.19635	0.12418	0.03787	0.01102	0.01668	0.01446	0.00950	0.02077	0.06241	0.03952	0.01521	0.01647	0.03493	0.00658	0.00531	0.00159	0.00582	0.00482	0.00445	0.37207
9	0.02975	0.02061	0.20948	0.13487	0.02730	0.01622	0.04486	0.12976	0.10580	0.05000	0.09180	0.02215	0.01804	0.00854	0.00773	0.00227	0.03494	0.00700	0.00506	0.03382
10	0.01926	0.02040	0.22044	0.01589	0.02170	0.01512	0.01577	0.07254	0.12568	0.16862	0.02078	0.05122	0.01631	0.00956	0.00892	0.00235	0.08778	0.03885	0.00561	0.06319
11	0.01328	0.01192	0.07187	0.01148	0.01459	0.01024	0.00986	0.01756	0.05671	0.07764	0.34224	0.04136	0.13089	0.01275	0.00953	0.00228	0.08524	0.01045	0.00652	0.06358
12	0.01319	0.00975	0.01204	0.01071	0.01316	0.00992	0.00835	0.01787	0.09260	0.07790	0.34778	0.04437	0.16116	0.01342	0.00965	0.00231	0.08473	0.01105	0.00690	0.05315
13	0.02294	0.01908	0.01866	0.01506	0.02003	0.09601	0.01210	0.39574	0.13720	0.03552	0.02273	0.02239	0.07216	0.00915	0.00703	0.00209	0.00747	0.00705	0.00650	0.07110
14	0.01355	0.00930	0.01128	0.01028	0.01259	0.00932	0.00771	0.01993	0.15743	0.08536	0.43093	0.04452	0.04906	0.09402	0.01112	0.00279	0.00445	0.01112	0.00741	0.00785
15	0.01145	0.01079	0.07019	0.01051	0.01306	0.00899	0.00871	0.01702	0.10527	0.02658	0.48134	0.04578	0.05182	0.09422	0.01118	0.00278	0.00465	0.01133	0.00696	0.00737
16	0.01737	0.01527	0.01792	0.07293	0.09650	0.01748	0.01309	0.03457	0.56585	0.02818	0.02601	0.02500	0.01964	0.00910	0.00721	0.00238	0.00624	0.00773	0.00652	0.01101
17	0.01892	0.01589	0.01678	0.01473	0.01898	0.01827	0.01156	0.12069	0.60766	0.03173	0.02745	0.02535	0.02050	0.00952	0.00723	0.00238	0.00592	0.00784	0.00723	0.01138
18	0.01670	0.01752	0.07856	0.09535	0.48190	0.01602	0.01993	0.02209	0.05493	0.02315	0.01410	0.01774	0.01148	0.00652	0.00685	0.00205	0.00819	0.00612	0.00375	0.09705
19	0.02357	0.01739	0.02051	0.09653	0.07256	0.01922	0.01413	0.38640	0.15196	0.09437	0.01950	0.01972	0.01403	0.00846	0.00714	0.00222	0.00750	0.00677	0.00660	0.01143
20	0.01295	0.00914	0.01089	0.00976	0.01257	0.00857	0.00750	0.01817	0.10956	0.08453	0.37065	0.04767	0.18795	0.01349	0.00792	0.00221	0.00408	0.01158	0.00732	0.06348
21	0.01278	0.01037	0.01200	0.01051	0.01377	0.00999	0.00809	0.02022	0.19008	0.02691	0.33414	0.04039	0.10645	0.01183	0.00750	0.00207	0.00434	0.01016	0.00686	0.16155
22	0.13143	0.02493	0.07039	0.01559	0.01972	0.35554	0.01281	0.02626	0.10449	0.04714	0.01907	0.01991	0.07006	0.00871	0.00730	0.00212	0.04522	0.00605	0.00460	0.00867
23	0.34422	0.05482	0.07596	0.01427	0.04141	0.06395	0.01204	0.14785	0.10511	0.05631	0.01482	0.01558	0.01110	0.00747	0.00581	0.00216	0.00709	0.00524	0.00518	0.00962
24	0.01911	0.01586	0.01692	0.01440	0.01899	0.01761	0.01137	0.15388	0.49681	0.03183	0.02500	0.02353	0.01874	0.00897	0.00701	0.00221	0.00600	0.00733	0.00689	0.09754
25	0.01280	0.01063	0.01152	0.01055	0.01363	0.01071	0.00800	0.04054	0.23357	0.02385	0.07591	0.09779	0.26955	0.04930	0.02355	0.00270	0.00504	0.01142	0.00650	0.08241
26	0.02165	0.01585	0.01811	0.01608	0.06747	0.01676	0.01200	0.33647	0.12749	0.08913	0.02600	0.06835	0.08377	0.01015	0.00727	0.00219	0.00660	0.00827	0.00676	0.05964
27	0.01672	0.03702	0.01675	0.01553	0.09190	0.01247	0.02944	0.07743	0.10294	0.10102	0.10206	0.06573	0.08719	0.02648	0.06520	0.00291	0.00695	0.00874	0.00595	0.12758
28	0.01701	0.01494	0.03968	0.01311	0.01858	0.01356	0.02929	0.13487	0.16215	0.02788	0.02034	0.05557	0.03928	0.00812	0.00644	0.00174	0.00604	0.00673	0.00550	0.37916

[dist]
# distance from previous block
# <min> <max>
0	58

[block]
# block no. 1 follows, 29 sequences, length 32
# corresponding to MSA columns:
# 1242-1273
name=unknown_B
#
# <colnr> <probs for GDERKNQSTAVLIFYWHMCP>
#	G	D	E	R	K	N	Q	S	T	A	V	L	I	F	Y	W	H	M	C	P
0	0.03737	0.03751	0.07786	0.02081	0.17295	0.01528	0.03233	0.08528	0.16041	0.05814	0.06761	0.03881	0.01958	0.00884	0.00704	0.00215	0.00694	0.04080	0.00546	0.10484
1	0.06816	0.01842	0.10596	0.03555	0.02101	0.04589	0.03105	0.21999	0.10651	0.06486	0.03948	0.08919	0.03120	0.00984	0.00710	0.00222	0.00727	0.02313	0.00591	0.06724
2	0.02133	0.01636	0.09172	0.01494	0.05433	0.05109	0.01239	0.05769	0.05906	0.25213	0.09357	0.02442	0.03908	0.00875	0.00736	0.00202	0.02758	0.00706	0.00629	0.15283
3	0.02101	0.02618	0.21126	0.01678	0.02266	0.22372	0.01598	0.07127	0.09219	0.10187	0.05348	0.01891	0.01490	0.00811	0.00727	0.00209	0.03017	0.00605	0.00493	0.05116
4	0.17063	0.01361	0.01446	0.01231	0.01660	0.01452	0.00971	0.06194	0.28355	0.15108	0.05173	0.02417	0.01911	0.05308	0.00830	0.00247	0.00575	0.00704	0.00658	0.07337
5	0.01682	0.08395	0.05874	0.15313	0.02508	0.01824	0.01385	0.03166	0.46072	0.02594	0.02316	0.02305	0.01749	0.00868	0.00695	0.00232	0.00684	0.00717	0.00583	0.01038
6	0.16675	0.16269	0.41143	0.01611	0.02439	0.01814	0.01906	0.02174	0.01435	0.02334	0.01169	0.01369	0.00888	0.00652	0.00582	0.00204	0.00871	0.00466	0.00336	0.05664
7	0.11349	0.18224	0.04403	0.01488	0.01994	0.17367	0.01263	0.19041	0.13338	0.02805	0.01521	0.01580	0.01182	0.00765	0.00611	0.00200	0.00832	0.00539	0.00506	0.00992
8	0.01509	0.00976	0.01286	0.01167	0.01300	0.01081	0.00872	0.14205	0.01450	0.01977	0.01424	0.02143	0.01304	0.02564	0.14200	0.45149	0.05772	0.00648	0.00401	0.00573
9	0.01256	0.01027	0.01227	0.06968	0.01616	0.01088	0.00906	0.02118	0.23421	0.02680	0.34205	0.04402	0.13673	0.01287	0.00793	0.00233	0.00462	0.01110	0.00710	0.00817
10	0.01274	0.00970	0.01095	0.00974	0.01247	0.00942	0.00755	0.14112	0.02127	0.02824	0.33588	0.05192	0.29238	0.01469	0.00816	0.00228	0.00431	0.01243	0.00725	0.00750
11	0.01055	0.00852	0.01243	0.01136	0.01317	0.00863	0.05266	0.01343	0.01657	0.02306	0.34465	0.12183	0.11327	0.02256	0.14693	0.00417	0.05103	0.01220	0.00623	0.00673
12	0.02740	0.15569	0.02194	0.01347	0.01925	0.01427	0.05076	0.03028	0.01865	0.48919	0.02273	0.02083	0.01511	0.00788	0.00661	0.00201	0.00666	0.00639	0.00708	0.06380
13	0.02381	0.01757	0.01946	0.01543	0.02028	0.01954	0.01264	0.55257	0.02923	0.03941	0.01748	0.01919	0.01321	0.01720	0.14493	0.00393	0.01000	0.00665	0.00649	0.01100
14	0.01216	0.01330	0.14538	0.01119	0.01492	0.00878	0.01059	0.01624	0.01872	0.07202	0.44861	0.04571	0.12825	0.01308	0.00800	0.00226	0.00495	0.01128	0.00683	0.00773
15	0.01614	0.02205	0.16896	0.02648	0.03404	0.01727	0.48774	0.02225	0.01614	0.02261	0.01382	0.01799	0.01040	0.00630	0.00834	0.00230	0.03389	0.00745	0.00351	0.06230
16	0.01942	0.01611	0.01708	0.01473	0.01915	0.01830	0.01162	0.16139	0.54430	0.03249	0.02618	0.02437	0.01953	0.00931	0.00716	0.00232	0.00605	0.00762	0.00713	0.03573
17	0.07159	0.01868	0.01970	0.01560	0.02090	0.02087	0.01275	0.51782	0.15931	0.04119	0.01896	0.01859	0.01370	0.00865	0.00698	0.00219	0.00727	0.00657	0.00698	0.01168
18	0.01361	0.01732	0.15474	0.59523	0.04553	0.01596	0.02104	0.01903	0.01439	0.01903	0.01268	0.01822	0.00940	0.00705	0.00705	0.00235	0.00969	0.00612	0.00313	0.00841
19	0.02460	0.02320	0.15475	0.01714	0.02377	0.02101	0.01600	0.55447	0.02992	0.04057	0.01626	0.01670	0.01151	0.00820	0.00705	0.00216	0.00835	0.00619	0.00633	0.01180
20	0.01162	0.15329	0.06142	0.00985	0.01318	0.01132	0.00872	0.01466	0.01761	0.02326	0.34498	0.04689	0.23069	0.01338	0.00756	0.00215	0.00473	0.01122	0.00625	0.00724
21	0.02698	0.02255	0.02115	0.01675	0.02207	0.15219	0.01358	0.56003	0.03100	0.03977	0.01596	0.01630	0.01156	0.00832	0.00699	0.00208	0.00877	0.00607	0.00648	0.01139
22	0.80005	0.01377	0.01047	0.00936	0.01377	0.01597	0.00771	0.02093	0.01212	0.03195	0.00991	0.01157	0.00771	0.00661	0.00441	0.00220	0.00551	0.00386	0.00441	0.00771
23	0.03195	0.01212	0.01652	0.01267	0.01818	0.01047	0.01047	0.03470	0.02038	0.71026	0.02809	0.02424	0.01763	0.00881	0.00716	0.00220	0.00606	0.00716	0.00881	0.01212
24	0.01619	0.01421	0.02138	0.55746	0.04227	0.01734	0.01835	0.14610	0.01778	0.02329	0.01334	0.01844	0.00999	0.00767	0.00796	0.00237	0.04687	0.00634	0.00393	0.00871
25	0.01432	0.00799	0.00998	0.00932	0.01069	0.00778	0.00632	0.01536	0.01287	0.14899	0.02606	0.07737	0.05313	0.43898	0.12479	0.00623	0.00817	0.01007	0.00533	0.00626
26	0.01292	0.00961	0.01144	0.01132	0.01327	0.00964	0.00821	0.14110	0.04655	0.02412	0.03406	0.51664	0.05567	0.01810	0.00841	0.00262	0.00496	0.01607	0.00661	0.04871
27	0.01363	0.01156	0.01388	0.01085	0.01571	0.00943	0.00846	0.01634	0.01434	0.02191	0.01761	0.15569	0.01753	0.00894	0.00696	0.00152	0.04357	0.00742	0.00462	0.60001
28	0.08980	0.00940	0.01047	0.00996	0.01127	0.01005	0.00685	0.09759	0.01420	0.02066	0.02321	0.17219	0.02551	0.38112	0.06300	0.00521	0.02746	0.01085	0.00506	0.00614
29	0.03833	0.05139	0.01795	0.04345	0.01966	0.05165	0.01077	0.18301	0.01945	0.02766	0.01414	0.03609	0.01169	0.00703	0.00641	0.00158	0.02624	0.00535	0.00485	0.42329
30	0.01840	0.17473	0.09664	0.01357	0.01835	0.01585	0.03433	0.06186	0.06469	0.15211	0.10176	0.08265	0.07639	0.01058	0.00783	0.00220	0.04439	0.00854	0.00579	0.00934
31	0.01292	0.04950	0.01427	0.15006	0.03905	0.04727	0.01026	0.01614	0.01792	0.05264	0.33702	0.04273	0.15803	0.01243	0.00776	0.00223	0.00557	0.01065	0.00617	0.00739

[dist]
# distance from previous block
# <min> <max>
6	133

[block]
# block no. 2 follows, 29 sequences, length 20
# corresponding to MSA columns:
# 1407-1426
name=unknown_C
#
# <colnr> <probs for GDERKNQSTAVLIFYWHMCP>
#	G	D	E	R	K	N	Q	S	T	A	V	L	I	F	Y	W	H	M	C	P
0	0.08491	0.01469	0.01774	0.01805	0.13769	0.01507	0.01211	0.25652	0.02184	0.05283	0.04311	0.11582	0.07094	0.01033	0.00707	0.00214	0.00647	0.00860	0.00591	0.09817
1	0.01956	0.04104	0.13244	0.01546	0.02155	0.01618	0.05220	0.20742	0.11851	0.08050	0.06163	0.02201	0.03740	0.00835	0.00690	0.00204	0.00724	0.00686	0.00583	0.13688
2	0.02707	0.01995	0.02137	0.01638	0.02208	0.02208	0.01353	0.68159	0.03348	0.04488	0.01710	0.01710	0.01211	0.00855	0.00712	0.00214	0.00784	0.00641	0.00712	0.01211
3	0.01771	0.01530	0.01610	0.01449	0.01852	0.01771	0.01127	0.03784	0.69247	0.02979	0.02898	0.02657	0.02174	0.00966	0.00725	0.00242	0.00564	0.00805	0.00725	0.01127
4	0.01428	0.03683	0.71286	0.02030	0.03082	0.01654	0.02631	0.02255	0.01503	0.02255	0.01278	0.01503	0.00902	0.00677	0.00677	0.00226	0.01052	0.00526	0.00301	0.01052
5	0.02701	0.02166	0.02122	0.01662	0.02207	0.10787	0.01356	0.60143	0.03185	0.04151	0.01635	0.01657	0.01175	0.00840	0.00704	0.00210	0.00845	0.00619	0.00670	0.01164
6	0.00845	0.00707	0.00736	0.00760	0.00972	0.00598	0.00558	0.01018	0.01586	0.01908	0.06740	0.16596	0.60807	0.01865	0.00851	0.00247	0.00368	0.01578	0.00661	0.00598
7	0.01259	0.01301	0.01033	0.00987	0.01262	0.14860	0.00743	0.01553	0.05855	0.01953	0.05736	0.05490	0.52311	0.01540	0.00795	0.00229	0.00556	0.01253	0.00607	0.00678
8	0.01904	0.75404	0.03731	0.01218	0.01828	0.02818	0.01218	0.02132	0.01447	0.01675	0.00990	0.01142	0.00914	0.00609	0.00457	0.00152	0.00761	0.00381	0.00305	0.00914
9	0.01762	0.01692	0.02890	0.04371	0.70533	0.01692	0.02185	0.02185	0.01621	0.02326	0.01339	0.01762	0.01128	0.00634	0.00705	0.00211	0.00846	0.00634	0.00352	0.01128
10	0.00868	0.00620	0.00826	0.00991	0.01033	0.00578	0.00661	0.00991	0.01363	0.01818	0.03925	0.74510	0.04710	0.02231	0.00909	0.00289	0.00413	0.02024	0.00661	0.00578
11	0.01904	0.75404	0.03731	0.01218	0.01828	0.02818	0.01218	0.02132	0.01447	0.01675	0.00990	0.01142	0.00914	0.00609	0.00457	0.00152	0.00761	0.00381	0.00305	0.00914
12	0.07328	0.01355	0.02079	0.51348	0.04012	0.01611	0.04859	0.09948	0.01626	0.02234	0.01306	0.01838	0.00992	0.00829	0.00825	0.05098	0.00891	0.00625	0.00376	0.00819
13	0.01244	0.00786	0.00993	0.00907	0.01136	0.00704	0.00692	0.01542	0.01941	0.11055	0.49504	0.05264	0.18595	0.01453	0.00825	0.00227	0.00374	0.01260	0.00772	0.00724
14	0.01681	0.01921	0.04202	0.03001	0.03721	0.01801	0.67947	0.02281	0.01681	0.02281	0.01441	0.01921	0.01080	0.00600	0.00840	0.00240	0.01200	0.00840	0.00360	0.00960
15	0.02707	0.01995	0.02137	0.01638	0.02208	0.02208	0.01353	0.68159	0.03348	0.04488	0.01710	0.01710	0.01211	0.00855	0.00712	0.00214	0.00784	0.00641	0.00712	0.01211
16	0.06354	0.18962	0.45012	0.01975	0.06885	0.01913	0.05168	0.02215	0.01489	0.02192	0.01209	0.01439	0.00919	0.00655	0.00624	0.00209	0.00952	0.00507	0.00316	0.01005
17	0.00868	0.00620	0.00826	0.00991	0.01033	0.00578	0.00661	0.00991	0.01363	0.01818	0.03925	0.74510	0.04710	0.02231	0.00909	0.00289	0.00413	0.02024	0.00661	0.00578
18	0.02604	0.01919	0.02076	0.01608	0.02151	0.02128	0.01325	0.64081	0.03214	0.04315	0.01722	0.01776	0.01246	0.01128	0.05068	0.00270	0.00852	0.00649	0.00692	0.01176
19	0.07063	0.01926	0.04957	0.01492	0.01976	0.09413	0.01239	0.36480	0.08492	0.05582	0.02280	0.07472	0.06484	0.01002	0.00711	0.00222	0.00753	0.00782	0.00638	0.01037

[dist]
# distance from previous block
# <min> <max>
8	14

[block]
# block no. 3 follows, 29 sequences, length 8
# corresponding to MSA columns:
# 1441-1448
name=unknown_D
#
# <colnr> <probs for GDERKNQSTAVLIFYWHMCP>
#	G	D	E	R	K	N	Q	S	T	A	V	L	I	F	Y	W	H	M	C	P
0	0.04221	0.09097	0.03954	0.01458	0.04520	0.09497	0.04723	0.11704	0.01888	0.08725	0.02936	0.11826	0.15181	0.01123	0.00714	0.00214	0.00702	0.00929	0.00557	0.06031
1	0.10625	0.05558	0.01894	0.06580	0.15209	0.06842	0.01292	0.12228	0.04143	0.09332	0.06280	0.08869	0.06232	0.00987	0.00696	0.00221	0.00705	0.00815	0.00551	0.00941
2	0.01822	0.15271	0.07062	0.13132	0.08976	0.13799	0.10378	0.02195	0.01680	0.06410	0.06338	0.02220	0.06110	0.00807	0.00686	0.00208	0.00901	0.00686	0.00422	0.00896
3	0.06432	0.01319	0.01390	0.01299	0.03399	0.08587	0.01000	0.06264	0.04277	0.10428	0.10655	0.07697	0.07213	0.01479	0.05437	0.00287	0.00716	0.11346	0.00606	0.10169
4	0.01503	0.10921	0.05456	0.01177	0.01519	0.05887	0.00981	0.06197	0.08156	0.06380	0.08057	0.21711	0.16477	0.01403	0.00759	0.00233	0.00586	0.01182	0.00606	0.00808
5	0.05808	0.06824	0.13889	0.06276	0.11185	0.01586	0.07157	0.07871	0.08160	0.11076	0.05596	0.06251	0.03448	0.00886	0.00708	0.00224	0.00771	0.00765	0.00523	0.00997
6	0.01428	0.03732	0.07954	0.01646	0.10647	0.01222	0.01214	0.10295	0.05498	0.02518	0.11409	0.21617	0.06519	0.01343	0.00782	0.00238	0.00606	0.05464	0.00588	0.05279
7	0.01718	0.20670	0.02166	0.07939	0.06487	0.01676	0.01171	0.06379	0.10434	0.06859	0.02354	0.07205	0.08811	0.00925	0.00647	0.00196	0.00649	0.00751	0.00507	0.12455

[dist]
# distance from previous block
# <min> <max>
5	59

[block]
# block no. 4 follows, 29 sequences, length 16
# corresponding to MSA columns:
# 1508-1523
name=unknown_E
#
# <colnr> <probs for GDERKNQSTAVLIFYWHMCP>
#	G	D	E	R	K	N	Q	S	T	A	V	L	I	F	Y	W	H	M	C	P
0	0.01362	0.01127	0.01421	0.06816	0.08077	0.01137	0.00992	0.01995	0.16958	0.02192	0.06556	0.10550	0.02423	0.18549	0.01398	0.00322	0.00612	0.00916	0.00528	0.16071
1	0.01548	0.01241	0.01564	0.08853	0.02007	0.01215	0.03055	0.06444	0.15363	0.05363	0.10080	0.11376	0.02427	0.00994	0.00700	0.00199	0.00583	0.00862	0.00580	0.25545
2	0.01431	0.01508	0.06922	0.01417	0.06597	0.08529	0.01088	0.01765	0.01698	0.02360	0.24359	0.03043	0.05189	0.03537	0.00865	0.00204	0.03802	0.00802	0.00525	0.24359
3	0.01528	0.07112	0.01715	0.08910	0.01930	0.08965	0.04324	0.01795	0.01629	0.07043	0.13875	0.11859	0.08909	0.03713	0.00987	0.00248	0.06840	0.03890	0.00538	0.04190
4	0.01027	0.00871	0.00922	0.00851	0.01148	0.00771	0.00649	0.01429	0.08792	0.02156	0.11076	0.05662	0.49939	0.01539	0.00793	0.00224	0.00400	0.01286	0.00650	0.09817
5	0.04329	0.01402	0.02142	0.46109	0.13100	0.01622	0.01798	0.08291	0.04510	0.07663	0.01497	0.01910	0.01107	0.00737	0.00703	0.00230	0.00863	0.00639	0.00424	0.00923
6	0.01776	0.01640	0.02627	0.08809	0.53122	0.01646	0.01963	0.07294	0.01727	0.02458	0.01355	0.01738	0.01114	0.00646	0.00687	0.00202	0.00815	0.00612	0.00385	0.09384
7	0.01030	0.00704	0.00845	0.00839	0.00874	0.00716	0.00519	0.01100	0.01154	0.01574	0.09383	0.04476	0.02916	0.57734	0.12643	0.00703	0.00818	0.01025	0.00462	0.00485
8	0.09953	0.01422	0.01840	0.01493	0.01895	0.03538	0.12282	0.16817	0.07732	0.02989	0.18307	0.08686	0.07795	0.01115	0.00759	0.00231	0.00661	0.00979	0.00624	0.00883
9	0.01477	0.01266	0.01477	0.01055	0.01687	0.00949	0.00844	0.01793	0.01477	0.02320	0.01266	0.01477	0.01055	0.00527	0.00527	0.00105	0.00527	0.00422	0.00422	0.79328
10	0.08532	0.01520	0.02048	0.21318	0.19276	0.04220	0.01566	0.10606	0.01771	0.07478	0.01530	0.02019	0.01225	0.02720	0.00752	0.00224	0.00796	0.02694	0.00455	0.09252
11	0.15734	0.01586	0.01612	0.13458	0.02256	0.10394	0.01190	0.05703	0.17785	0.12223	0.09125	0.02298	0.01942	0.00875	0.00673	0.00224	0.00709	0.00690	0.00588	0.00937
12	0.01513	0.01262	0.01763	0.17031	0.12699	0.01418	0.01392	0.02378	0.22157	0.04933	0.02329	0.02797	0.04594	0.01837	0.15411	0.00425	0.00961	0.03673	0.00512	0.00915
13	0.02068	0.01551	0.01792	0.19002	0.02588	0.08053	0.01311	0.14990	0.08177	0.15132	0.07274	0.05036	0.01863	0.00898	0.00710	0.00215	0.00749	0.00738	0.00595	0.07259
14	0.02062	0.08085	0.04781	0.09276	0.07647	0.01781	0.01385	0.15628	0.24221	0.11863	0.02164	0.04533	0.01646	0.00880	0.00699	0.00224	0.00706	0.00723	0.00615	0.01079
15	0.01998	0.01620	0.01918	0.04679	0.11224	0.01768	0.01331	0.18585	0.34321	0.05392	0.02211	0.02181	0.01655	0.00848	0.00703	0.00219	0.00667	0.00703	0.00637	0.07339

[dist]
# distance from previous block
# <min> <max>
19	61

[block]
# block no. 5 follows, 29 sequences, length 7
# corresponding to MSA columns:
# 1586-1592
name=unknown_F
#
# <colnr> <probs for GDERKNQSTAVLIFYWHMCP>
#	G	D	E	R	K	N	Q	S	T	A	V	L	I	F	Y	W	H	M	C	P
0	0.09850	0.01453	0.01751	0.10199	0.07064	0.01466	0.01202	0.18321	0.04135	0.06324	0.06558	0.01940	0.01545	0.00751	0.00638	0.00186	0.00658	0.00603	0.00536	0.24820
1	0.41828	0.24085	0.08681	0.01434	0.07894	0.01981	0.01210	0.02129	0.01348	0.02567	0.01049	0.01240	0.00859	0.00644	0.00492	0.00199	0.00689	0.00420	0.00378	0.00873
2	0.01136	0.00969	0.01027	0.01011	0.01143	0.07177	0.00725	0.01292	0.01284	0.01631	0.02981	0.04029	0.15416	0.25543	0.30723	0.00741	0.01175	0.00965	0.00450	0.00583
3	0.01817	0.01550	0.02232	0.09603	0.35850	0.05714	0.01659	0.02251	0.04558	0.09584	0.04674	0.06175	0.01653	0.00805	0.00703	0.00209	0.00765	0.00726	0.00466	0.09008
4	0.01609	0.01530	0.08776	0.06658	0.06260	0.01258	0.03216	0.06874	0.08515	0.06467	0.04298	0.11460	0.01879	0.00909	0.00681	0.00194	0.00655	0.00785	0.00518	0.27456
5	0.07411	0.01698	0.02023	0.24381	0.14766	0.10881	0.01572	0.12101	0.05782	0.02571	0.08422	0.02105	0.01662	0.00810	0.00696	0.00220	0.00837	0.00670	0.00469	0.00923
6	0.17641	0.04279	0.01696	0.01489	0.05919	0.14619	0.03046	0.08571	0.04785	0.05043	0.02107	0.05761	0.08318	0.00992	0.02233	0.00222	0.00758	0.00693	0.00499	0.11328

[dist]
# distance from previous block
# <min> <max>
37	98

[block]
# block no. 6 follows, 29 sequences, length 20
# corresponding to MSA columns:
# 1713-1732
name=unknown_G
#
# <colnr> <probs for GDERKNQSTAVLIFYWHMCP>
#	G	D	E	R	K	N	Q	S	T	A	V	L	I	F	Y	W	H	M	C	P
0	0.01755	0.04679	0.01844	0.01929	0.18083	0.01265	0.03588	0.04235	0.08042	0.15034	0.13669	0.03474	0.13517	0.04659	0.00888	0.00244	0.00615	0.00925	0.00616	0.00938
1	0.01571	0.18347	0.01993	0.01434	0.07797	0.03524	0.03000	0.05254	0.06328	0.03750	0.09592	0.03033	0.03672	0.22586	0.01518	0.00338	0.00693	0.00792	0.00481	0.04297
2	0.01494	0.18357	0.04060	0.05341	0.08723	0.04829	0.09362	0.03198	0.01606	0.02054	0.11476	0.03165	0.11203	0.10916	0.01091	0.00272	0.00745	0.00849	0.00458	0.00801
3	0.01785	0.29587	0.16227	0.01516	0.02140	0.01844	0.08867	0.02191	0.01647	0.11255	0.10726	0.02312	0.05366	0.00830	0.00647	0.00199	0.00771	0.00682	0.00468	0.00938
4	0.02098	0.46373	0.02987	0.01384	0.01901	0.19428	0.01232	0.08133	0.01793	0.02022	0.05734	0.01508	0.01332	0.00718	0.00550	0.00170	0.00862	0.00484	0.00388	0.00903
5	0.06372	0.00890	0.00977	0.00945	0.01193	0.00861	0.00718	0.01583	0.10646	0.02371	0.19534	0.13852	0.28239	0.01542	0.00799	0.00239	0.00421	0.04028	0.00672	0.04116
6	0.02453	0.07265	0.04710	0.01654	0.04992	0.02000	0.01349	0.44612	0.07316	0.09784	0.05318	0.01975	0.01571	0.00862	0.00700	0.00213	0.00741	0.00668	0.00671	0.01146
7	0.02622	0.01569	0.02165	0.02326	0.23169	0.01556	0.01481	0.20351	0.02259	0.32012	0.02061	0.02028	0.01419	0.00798	0.00712	0.00216	0.00728	0.00671	0.00673	0.01186
8	0.00922	0.00657	0.00795	0.00882	0.00935	0.00620	0.00566	0.01011	0.01285	0.01682	0.03785	0.41500	0.12704	0.27173	0.01833	0.00421	0.00501	0.01615	0.00582	0.00531
9	0.00976	0.00793	0.01276	0.01259	0.01391	0.00741	0.09617	0.01163	0.01406	0.01879	0.03594	0.64848	0.04227	0.02014	0.00900	0.00283	0.00518	0.01867	0.00621	0.00629
10	0.01640	0.01363	0.01564	0.01132	0.01757	0.01117	0.00912	0.10627	0.01726	0.02609	0.01325	0.01508	0.01075	0.00571	0.00552	0.00120	0.00561	0.00451	0.00461	0.68930
11	0.01486	0.01303	0.01749	0.01894	0.18666	0.01139	0.01171	0.01917	0.06057	0.02299	0.01748	0.11348	0.01635	0.00810	0.00635	0.00165	0.00593	0.00714	0.00457	0.44213
12	0.52287	0.27649	0.01999	0.01036	0.01537	0.02030	0.00930	0.02107	0.01295	0.02656	0.00991	0.01152	0.00822	0.00643	0.00446	0.00196	0.00626	0.00384	0.00392	0.00822
13	0.01093	0.00855	0.01211	0.01170	0.01255	0.01023	0.00890	0.01285	0.01116	0.01608	0.01843	0.02992	0.01824	0.18252	0.49617	0.00946	0.11224	0.00797	0.00382	0.00615
14	0.05473	0.08756	0.02813	0.06526	0.46774	0.04804	0.05297	0.04912	0.03698	0.02363	0.01344	0.01694	0.01107	0.00658	0.00675	0.00209	0.00854	0.00607	0.00377	0.01058
15	0.03573	0.01274	0.06275	0.01536	0.08382	0.01040	0.04680	0.01828	0.04347	0.06966	0.14216	0.19048	0.02975	0.01151	0.00733	0.00211	0.00578	0.01027	0.00566	0.19593
16	0.04346	0.01885	0.07077	0.04199	0.25578	0.06008	0.04723	0.16226	0.03540	0.06270	0.01670	0.01871	0.03218	0.00734	0.00684	0.00204	0.00815	0.00630	0.00481	0.09842
17	0.04491	0.01678	0.02318	0.02584	0.27094	0.04474	0.05941	0.14925	0.06737	0.12612	0.04935	0.02034	0.01543	0.00770	0.00705	0.00212	0.00773	0.00678	0.00549	0.04946
18	0.06192	0.02343	0.22184	0.01830	0.07159	0.07324	0.01664	0.15629	0.13373	0.09745	0.04318	0.01954	0.01489	0.00811	0.00688	0.00221	0.00823	0.00638	0.00546	0.01070
19	0.16034	0.08613	0.10205	0.01602	0.05554	0.07554	0.04125	0.02725	0.16790	0.12251	0.01852	0.03901	0.01423	0.00800	0.00637	0.00215	0.00740	0.00630	0.00529	0.03821

[dist]
# distance from previous block
# <min> <max>
59	192

[block]
# block no. 7 follows, 29 sequences, length 21
# corresponding to MSA columns:
# 2041-2061
name=unknown_H
#
# <colnr> <probs for GDERKNQSTAVLIFYWHMCP>
#	G	D	E	R	K	N	Q	S	T	A	V	L	I	F	Y	W	H	M	C	P
0	0.06402	0.01840	0.09824	0.01953	0.12643	0.03870	0.04062	0.12910	0.14639	0.10041	0.04971	0.02052	0.01599	0.00792	0.00683	0.00210	0.00735	0.00659	0.00562	0.09555
1	0.07366	0.05329	0.09652	0.01670	0.06047	0.01729	0.04196	0.17150	0.21487	0.06508	0.07375	0.02393	0.04190	0.00897	0.00700	0.00224	0.00697	0.00736	0.00608	0.01047
2	0.07173	0.01662	0.04911	0.01429	0.01942	0.01688	0.01191	0.18290	0.31656	0.12437	0.02275	0.02156	0.01651	0.00859	0.00683	0.00219	0.00639	0.00683	0.00679	0.07778
3	0.05298	0.01710	0.04839	0.01790	0.09663	0.01734	0.01335	0.21944	0.24281	0.12760	0.02141	0.02082	0.01555	0.00838	0.00694	0.00219	0.00683	0.00678	0.00657	0.05097
4	0.10453	0.04809	0.07604	0.01750	0.10492	0.01605	0.01337	0.10438	0.17472	0.18381	0.02014	0.01981	0.01453	0.00790	0.00659	0.00213	0.00679	0.00632	0.00608	0.06630
5	0.12136	0.05527	0.07222	0.01676	0.08356	0.04224	0.01315	0.16998	0.13631	0.09577	0.01746	0.01786	0.01297	0.00759	0.00637	0.00203	0.00709	0.00587	0.00561	0.11054
6	0.34899	0.01671	0.03919	0.01306	0.01781	0.04154	0.01102	0.18043	0.04975	0.10119	0.01457	0.01549	0.01077	0.00785	0.00711	0.00220	0.06259	0.00527	0.00545	0.04902
7	0.43661	0.01561	0.01632	0.01417	0.04239	0.04655	0.06123	0.10502	0.01619	0.06281	0.01347	0.04305	0.01094	0.00779	0.00655	0.00221	0.04363	0.00559	0.00485	0.04502
8	0.11616	0.01099	0.01226	0.04319	0.06657	0.04078	0.00866	0.04873	0.03058	0.02158	0.06204	0.18636	0.04456	0.22186	0.01544	0.00363	0.00625	0.01064	0.00516	0.04455
9	0.07721	0.01628	0.02679	0.10511	0.59132	0.01674	0.02058	0.02144	0.01572	0.02346	0.01306	0.01729	0.01084	0.00644	0.00685	0.00215	0.00833	0.00615	0.00356	0.01069
10	0.00986	0.00738	0.00932	0.00917	0.01092	0.00659	0.00668	0.01244	0.01747	0.02420	0.39319	0.24945	0.12416	0.01643	0.00836	0.00235	0.00375	0.01454	0.00708	0.06667
11	0.01008	0.00728	0.00952	0.00896	0.01064	0.00672	0.00672	0.01344	0.02016	0.02855	0.70158	0.05319	0.06719	0.01456	0.00840	0.00224	0.00336	0.01288	0.00784	0.00672
12	0.01036	0.00690	0.00777	0.00777	0.00777	0.00690	0.00431	0.01036	0.01036	0.01381	0.02244	0.04660	0.02589	0.74975	0.03624	0.00690	0.00690	0.01036	0.00431	0.00431
13	0.01477	0.01266	0.01477	0.01055	0.01687	0.00949	0.00844	0.01793	0.01477	0.02320	0.01266	0.01477	0.01055	0.00527	0.00527	0.00105	0.00527	0.00422	0.00422	0.79328
14	0.02274	0.01815	0.02164	0.02166	0.16499	0.01990	0.01472	0.38176	0.19464	0.03655	0.01929	0.01958	0.01434	0.00836	0.00714	0.00220	0.00742	0.00681	0.00640	0.01173
15	0.17899	0.01289	0.01907	0.58042	0.04162	0.01585	0.01724	0.01877	0.01379	0.02109	0.01208	0.01742	0.00912	0.00701	0.00655	0.00234	0.00865	0.00581	0.00343	0.00787
16	0.01725	0.01237	0.01408	0.01072	0.01588	0.03510	0.00839	0.01994	0.01574	0.13884	0.04150	0.02307	0.04684	0.07771	0.00883	0.00194	0.00570	0.00610	0.00522	0.49480
17	0.56733	0.01403	0.01311	0.01150	0.01480	0.01697	0.00941	0.04343	0.01254	0.02838	0.01068	0.01437	0.00913	0.04531	0.01010	0.00263	0.15955	0.00478	0.00423	0.00772
18	0.47355	0.01474	0.01674	0.02022	0.22424	0.01605	0.01233	0.05308	0.01493	0.05055	0.03663	0.01555	0.01144	0.00697	0.00557	0.00217	0.00646	0.00516	0.00453	0.00911
19	0.07989	0.01431	0.02092	0.37724	0.20176	0.04785	0.01746	0.01987	0.03443	0.02191	0.08230	0.02141	0.01592	0.00772	0.00698	0.00226	0.00834	0.00675	0.00396	0.00871
20	0.01535	0.01394	0.01846	0.05485	0.21832	0.04158	0.01356	0.03904	0.14105	0.02357	0.06308	0.14284	0.05384	0.01093	0.00817	0.00227	0.04209	0.00945	0.00524	0.08237

[dist]
# distance from previous block
# <min> <max>
10	20

[block]
# block no. 8 follows, 29 sequences, length 48
# corresponding to MSA columns:
# 2087-2134
name=unknown_I
#
# <colnr> <probs for GDERKNQSTAVLIFYWHMCP>
#	G	D	E	R	K	N	Q	S	T	A	V	L	I	F	Y	W	H	M	C	P
0	0.41692	0.01559	0.03348	0.04414	0.01793	0.06023	0.01019	0.07247	0.03876	0.15036	0.01563	0.03901	0.01185	0.00777	0.00569	0.00217	0.00652	0.00551	0.00540	0.04037
1	0.04484	0.03820	0.01613	0.01191	0.01736	0.05726	0.00954	0.09427	0.01767	0.10554	0.01678	0.07355	0.01421	0.00761	0.00603	0.00156	0.00613	0.00607	0.00520	0.45014
2	0.18237	0.03461	0.01769	0.05830	0.09097	0.05763	0.01207	0.11911	0.12339	0.10312	0.01802	0.04962	0.01419	0.00820	0.00638	0.00211	0.00687	0.00643	0.00555	0.08337
3	0.02047	0.01516	0.01709	0.01325	0.01867	0.06444	0.03293	0.11716	0.06052	0.15265	0.04886	0.02140	0.01618	0.00771	0.00648	0.00173	0.00654	0.02681	0.00584	0.34609
4	0.05087	0.01256	0.04385	0.01129	0.01574	0.01080	0.00927	0.04895	0.10260	0.08658	0.17329	0.05962	0.04972	0.02927	0.00758	0.00202	0.00525	0.00822	0.00608	0.26644
5	0.01845	0.01866	0.13908	0.01876	0.06271	0.01534	0.11981	0.06227	0.21082	0.11664	0.02349	0.04857	0.04617	0.00876	0.00731	0.00226	0.00765	0.00782	0.00569	0.05975
6	0.01249	0.01042	0.01214	0.00958	0.01412	0.00820	0.00748	0.01538	0.01603	0.02330	0.15375	0.05087	0.15761	0.00994	0.00657	0.00159	0.00456	0.00836	0.00542	0.47219
7	0.01662	0.01635	0.09293	0.05796	0.28904	0.01476	0.01676	0.04281	0.10172	0.06533	0.13394	0.02757	0.02337	0.00921	0.00793	0.00229	0.03061	0.03557	0.00519	0.01003
8	0.00842	0.00721	0.00721	0.00721	0.00962	0.00601	0.00541	0.01022	0.01623	0.01924	0.07213	0.06853	0.70244	0.01803	0.00842	0.00240	0.00361	0.01503	0.00661	0.00601
9	0.01531	0.01543	0.02833	0.21208	0.17773	0.01659	0.22417	0.01975	0.01530	0.02102	0.03716	0.04482	0.01436	0.00837	0.00964	0.00246	0.09660	0.02815	0.00374	0.00899
10	0.01723	0.01652	0.02820	0.10803	0.64406	0.01682	0.02166	0.02151	0.01603	0.02279	0.01333	0.01775	0.01111	0.00642	0.00706	0.00214	0.00856	0.00634	0.00349	0.01096
11	0.80005	0.01377	0.01047	0.00936	0.01377	0.01597	0.00771	0.02093	0.01212	0.03195	0.00991	0.01157	0.00771	0.00661	0.00441	0.00220	0.00551	0.00386	0.00441	0.00771
12	0.01452	0.00903	0.01183	0.00998	0.01274	0.00772	0.00732	0.01419	0.01208	0.06033	0.01347	0.01917	0.01200	0.01629	0.01790	0.44007	0.00583	0.00549	0.00388	0.30617
13	0.01477	0.01266	0.01477	0.01055	0.01687	0.00949	0.00844	0.01793	0.01477	0.02320	0.01266	0.01477	0.01055	0.00527	0.00527	0.00105	0.00527	0.00422	0.00422	0.79328
14	0.01703	0.01436	0.01643	0.01437	0.01825	0.01600	0.03999	0.09088	0.47083	0.02997	0.10834	0.03231	0.05069	0.01070	0.00757	0.00241	0.00581	0.03661	0.00709	0.01035
15	0.01345	0.01266	0.02136	0.73264	0.04904	0.01582	0.01978	0.01819	0.01424	0.01819	0.01266	0.01898	0.00949	0.00712	0.00712	0.00237	0.00949	0.00633	0.00316	0.00791
16	0.03024	0.01174	0.01598	0.01238	0.01759	0.01017	0.01017	0.03305	0.02036	0.65715	0.08057	0.02649	0.02149	0.00926	0.00726	0.00221	0.00585	0.00761	0.00874	0.01170
17	0.01915	0.01601	0.01691	0.01478	0.01906	0.01838	0.01162	0.13680	0.59116	0.03211	0.02715	0.02511	0.02026	0.00949	0.00723	0.00237	0.00597	0.00780	0.00723	0.01140
18	0.01771	0.01530	0.01610	0.01449	0.01852	0.01771	0.01127	0.03784	0.69247	0.02979	0.02898	0.02657	0.02174	0.00966	0.00725	0.00242	0.00564	0.00805	0.00725	0.01127
19	0.01479	0.03390	0.63822	0.01925	0.02900	0.01565	0.02439	0.02251	0.01559	0.05303	0.05669	0.01783	0.01305	0.00734	0.00688	0.00225	0.00988	0.00582	0.00356	0.01035
20	0.01036	0.00690	0.00777	0.00777	0.00777	0.00690	0.00431	0.01036	0.01036	0.01381	0.02244	0.04660	0.02589	0.74975	0.03624	0.00690	0.00690	0.01036	0.00431	0.00431
21	0.01771	0.01530	0.01610	0.01449	0.01852	0.01771	0.01127	0.03784	0.69247	0.02979	0.02898	0.02657	0.02174	0.00966	0.00725	0.00242	0.00564	0.00805	0.00725	0.01127
22	0.80005	0.01377	0.01047	0.00936	0.01377	0.01597	0.00771	0.02093	0.01212	0.03195	0.00991	0.01157	0.00771	0.00661	0.00441	0.00220	0.00551	0.00386	0.00441	0.00771
23	0.01237	0.00618	0.00928	0.00928	0.00928	0.00618	0.00618	0.00928	0.00928	0.01237	0.01237	0.02165	0.01237	0.02474	0.02783	0.79283	0.00618	0.00618	0.00309	0.00309
24	0.01477	0.01266	0.01477	0.01055	0.01687	0.00949	0.00844	0.01793	0.01477	0.02320	0.01266	0.01477	0.01055	0.00527	0.00527	0.00105	0.00527	0.00422	0.00422	0.79328
25	0.01973	0.01630	0.01724	0.01490	0.01928	0.01865	0.01176	0.17656	0.55046	0.03304	0.02642	0.02453	0.01966	0.00942	0.00722	0.00236	0.00611	0.00770	0.00722	0.01145
26	0.01672	0.01396	0.01700	0.01481	0.08904	0.01205	0.01053	0.11873	0.01800	0.02674	0.04441	0.01715	0.01341	0.00630	0.00588	0.00138	0.00591	0.00516	0.00475	0.55808
27	0.02603	0.01821	0.02003	0.01526	0.02102	0.01929	0.01257	0.53075	0.02976	0.11140	0.01768	0.01755	0.01249	0.00816	0.00689	0.00201	0.00733	0.00621	0.00693	0.11041
28	0.01771	0.01530	0.01610	0.01449	0.01852	0.01771	0.01127	0.03784	0.69247	0.02979	0.02898	0.02657	0.02174	0.00966	0.00725	0.00242	0.00564	0.00805	0.00725	0.01127
29	0.01771	0.01530	0.01610	0.01449	0.01852	0.01771	0.01127	0.03784	0.69247	0.02979	0.02898	0.02657	0.02174	0.00966	0.00725	0.00242	0.00564	0.00805	0.00725	0.01127
30	0.01477	0.01266	0.01477	0.01055	0.01687	0.00949	0.00844	0.01793	0.01477	0.02320	0.01266	0.01477	0.01055	0.00527	0.00527	0.00105	0.00527	0.00422	0.00422	0.79328
31	0.00897	0.00697	0.00773	0.00800	0.00952	0.00619	0.00557	0.01049	0.01504	0.01893	0.11623	0.19296	0.39497	0.15027	0.01355	0.00329	0.00428	0.01498	0.00631	0.00573
32	0.02655	0.01964	0.02109	0.01614	0.02186	0.02155	0.01332	0.65341	0.03268	0.04396	0.01691	0.01700	0.01204	0.00841	0.00704	0.00209	0.00773	0.00632	0.00700	0.04528
33	0.00884	0.00745	0.00780	0.00770	0.01015	0.00621	0.00573	0.01067	0.01587	0.01937	0.06498	0.13557	0.59080	0.01768	0.00829	0.00237	0.00377	0.01489	0.00646	0.05541
34	0.01568	0.12597	0.59651	0.01893	0.02867	0.01773	0.02382	0.02294	0.01520	0.05277	0.01311	0.01499	0.00942	0.00677	0.00651	0.00216	0.00996	0.00516	0.00327	0.01042
35	0.01715	0.01631	0.02769	0.04153	0.66172	0.01628	0.02090	0.02132	0.01646	0.02360	0.05660	0.01986	0.01479	0.00686	0.00713	0.00212	0.00814	0.00675	0.00380	0.01099
36	0.00880	0.00645	0.00802	0.00921	0.00994	0.00594	0.00616	0.01001	0.01375	0.01791	0.04333	0.55233	0.16119	0.09726	0.01180	0.00322	0.00433	0.01829	0.00637	0.00567
37	0.01093	0.00969	0.00976	0.01098	0.01180	0.09581	0.00751	0.01225	0.01446	0.01808	0.03569	0.65296	0.04232	0.02042	0.00875	0.00276	0.00523	0.01827	0.00624	0.00609
38	0.01665	0.03272	0.58723	0.01989	0.02959	0.01586	0.06132	0.02409	0.01581	0.10911	0.01480	0.01643	0.01020	0.00698	0.00691	0.00226	0.01005	0.00568	0.00377	0.01067
39	0.02032	0.01483	0.04979	0.06414	0.02650	0.01316	0.26875	0.02451	0.01771	0.25733	0.05653	0.07628	0.05740	0.00930	0.00789	0.00235	0.00832	0.00916	0.00592	0.00978
40	0.02729	0.01606	0.02063	0.01608	0.02145	0.08681	0.10602	0.05439	0.10486	0.43263	0.02411	0.02239	0.01611	0.00836	0.00727	0.00222	0.00762	0.00716	0.00728	0.01125
41	0.01362	0.01287	0.02068	0.47030	0.13309	0.01536	0.01782	0.01759	0.01442	0.01893	0.01990	0.02467	0.09693	0.00894	0.00896	0.00242	0.08430	0.00742	0.00364	0.00813
42	0.02034	0.06203	0.02372	0.02057	0.09057	0.19262	0.12721	0.02897	0.23149	0.06638	0.01977	0.05144	0.01583	0.00842	0.00714	0.00220	0.00888	0.00732	0.00519	0.00993
43	0.02575	0.01312	0.01668	0.01336	0.01772	0.06539	0.05379	0.02822	0.01844	0.46105	0.04446	0.07189	0.02078	0.10276	0.01100	0.00282	0.00689	0.00842	0.00734	0.01012
44	0.01924	0.01826	0.14997	0.01609	0.04288	0.01516	0.01440	0.09225	0.26510	0.14042	0.02544	0.06070	0.02049	0.01036	0.00747	0.00242	0.00698	0.07529	0.00646	0.01061
45	0.02006	0.10530	0.01762	0.01238	0.01613	0.01424	0.01022	0.10981	0.03822	0.21731	0.11114	0.07820	0.11941	0.01173	0.00897	0.00229	0.08173	0.00923	0.00665	0.00933
46	0.01867	0.03545	0.04762	0.01621	0.07119	0.10117	0.02937	0.15039	0.07114	0.08687	0.02847	0.19560	0.09280	0.01237	0.00760	0.00233	0.00708	0.01048	0.00602	0.00916
47	0.01910	0.01637	0.06114	0.01348	0.01748	0.08685	0.01108	0.17419	0.09493	0.09960	0.08570	0.13589	0.04867	0.05655	0.00920	0.00253	0.00682	0.00954	0.00635	0.04453

[dist]
# distance from previous block
# <min> <max>
11	58

[block]
# block no. 9 follows, 29 sequences, length 32
# corresponding to MSA columns:
# 2193-2211,2214-2226
name=unknown_J
#
# <colnr> <probs for GDERKNQSTAVLIFYWHMCP>
#	G	D	E	R	K	N	Q	S	T	A	V	L	I	F	Y	W	H	M	C	P
0	0.01822	0.01529	0.01625	0.01435	0.01840	0.01749	0.01123	0.10345	0.58253	0.03128	0.06899	0.02721	0.02352	0.00984	0.00730	0.00238	0.00573	0.00818	0.00727	0.01108
1	0.01824	0.01556	0.01640	0.01460	0.01872	0.01796	0.01140	0.07420	0.65524	0.03064	0.02831	0.02603	0.02119	0.00960	0.00724	0.00240	0.00576	0.00796	0.00724	0.01132
2	0.01833	0.01560	0.01645	0.01462	0.01875	0.01800	0.01142	0.08022	0.64909	0.03078	0.02820	0.02594	0.02110	0.00959	0.00724	0.00240	0.00578	0.00794	0.00724	0.01133
3	0.01834	0.01561	0.01646	0.01462	0.01876	0.01801	0.01142	0.08117	0.64811	0.03080	0.02818	0.02593	0.02109	0.00959	0.00724	0.00240	0.00578	0.00794	0.00724	0.01133
4	0.01806	0.01547	0.01630	0.01456	0.01865	0.01787	0.01135	0.06176	0.66798	0.03035	0.02854	0.02621	0.02138	0.00962	0.00724	0.00240	0.00572	0.00799	0.00724	0.01130
5	0.01706	0.01465	0.01565	0.01384	0.01798	0.01639	0.01078	0.03473	0.59445	0.02909	0.05992	0.02671	0.02285	0.00947	0.00711	0.00228	0.00549	0.00791	0.00698	0.08665
6	0.01943	0.01447	0.01586	0.01397	0.01811	0.01616	0.01095	0.03626	0.56416	0.12842	0.05970	0.02745	0.02322	0.00976	0.00729	0.00238	0.00559	0.00814	0.00750	0.01118
7	0.01715	0.01479	0.01585	0.01374	0.01820	0.01614	0.01073	0.03404	0.56310	0.02853	0.02587	0.02431	0.01960	0.00882	0.00687	0.00216	0.00557	0.00732	0.00667	0.16055
8	0.01520	0.01248	0.01462	0.01088	0.01673	0.00989	0.00871	0.01940	0.05674	0.04434	0.03891	0.01913	0.01436	0.00641	0.00570	0.00128	0.00529	0.02492	0.00474	0.67029
9	0.01462	0.01661	0.10452	0.41285	0.16625	0.01556	0.05002	0.01958	0.01487	0.02039	0.01289	0.01784	0.00994	0.00669	0.00693	0.00218	0.00910	0.00608	0.00334	0.08974
10	0.01544	0.01305	0.01513	0.01087	0.01716	0.01018	0.00872	0.05413	0.01579	0.02439	0.01290	0.01489	0.01063	0.00545	0.00537	0.00111	0.00541	0.00434	0.00438	0.75068
11	0.01720	0.01498	0.01673	0.10036	0.02217	0.01749	0.01229	0.03549	0.61137	0.02840	0.02703	0.02566	0.02027	0.00936	0.00723	0.00241	0.00610	0.00784	0.00676	0.01087
12	0.01695	0.01925	0.14237	0.04154	0.10228	0.01735	0.01547	0.03261	0.47063	0.02736	0.02374	0.02322	0.01785	0.00867	0.00713	0.00235	0.00696	0.00730	0.00592	0.01103
13	0.01682	0.01259	0.01498	0.01080	0.01703	0.00961	0.00868	0.01994	0.01544	0.10535	0.01450	0.01590	0.01139	0.00570	0.00550	0.00119	0.00537	0.00457	0.00477	0.69988
14	0.70548	0.01299	0.01020	0.00920	0.01333	0.01482	0.00750	0.01982	0.01282	0.03091	0.05024	0.01758	0.05759	0.00779	0.00489	0.00222	0.00527	0.00508	0.00473	0.00755
15	0.01055	0.00855	0.01065	0.01022	0.01175	0.00893	0.00773	0.01376	0.05248	0.02253	0.28264	0.15472	0.20936	0.03610	0.03586	0.00294	0.09480	0.01320	0.00650	0.00670
16	0.01327	0.00664	0.00664	0.00664	0.00830	0.00664	0.00498	0.01659	0.01493	0.02655	0.02323	0.02655	0.01825	0.00830	0.00498	0.00166	0.00332	0.00664	0.78928	0.00664
17	0.01543	0.04350	0.15192	0.09076	0.10468	0.01613	0.01604	0.02363	0.20353	0.02213	0.01886	0.02258	0.03005	0.01086	0.01128	0.09554	0.08608	0.02338	0.00447	0.00914
18	0.03444	0.05767	0.25442	0.04089	0.08523	0.03203	0.03851	0.07698	0.11484	0.07357	0.01739	0.04129	0.01359	0.01030	0.04047	0.00270	0.04422	0.00663	0.00464	0.01019
19	0.01727	0.33343	0.33159	0.06028	0.02598	0.02181	0.01896	0.07590	0.01626	0.02170	0.01192	0.01394	0.00935	0.00665	0.00590	0.00195	0.00903	0.00481	0.00337	0.00991
20	0.01327	0.00664	0.00664	0.00664	0.00830	0.00664	0.00498	0.01659	0.01493	0.02655	0.02323	0.02655	0.01825	0.00830	0.00498	0.00166	0.00332	0.00664	0.78928	0.00664
21	0.01822	0.39887	0.28726	0.01571	0.02341	0.02311	0.01761	0.10073	0.01695	0.02228	0.01183	0.01345	0.00945	0.00664	0.00569	0.00187	0.00873	0.00466	0.00352	0.01001
22	0.00909	0.00669	0.00855	0.00951	0.01055	0.00615	0.00674	0.01096	0.01551	0.02063	0.17886	0.46421	0.14831	0.01994	0.00889	0.00271	0.00404	0.05574	0.00686	0.00605
23	0.02876	0.01226	0.03562	0.01234	0.01759	0.01016	0.01040	0.03165	0.01996	0.60956	0.06840	0.02832	0.06218	0.00964	0.00730	0.00222	0.00588	0.00791	0.00846	0.01139
24	0.43314	0.01298	0.01336	0.01094	0.01588	0.01334	0.00903	0.02751	0.01607	0.35597	0.01860	0.01762	0.01245	0.00766	0.00572	0.00220	0.00577	0.00543	0.00651	0.00982
25	0.01665	0.01422	0.01518	0.01395	0.01755	0.01631	0.01072	0.03455	0.61249	0.02842	0.03019	0.11123	0.02472	0.01115	0.00746	0.00247	0.00546	0.00949	0.00717	0.01062
26	0.00852	0.00722	0.00736	0.00732	0.00968	0.00606	0.00549	0.01042	0.01648	0.01983	0.11208	0.06755	0.66213	0.01781	0.00841	0.00239	0.00359	0.01489	0.00669	0.00606
27	0.01581	0.01507	0.02562	0.34316	0.42007	0.01644	0.02095	0.02026	0.01536	0.02106	0.01307	0.01822	0.01050	0.00668	0.00708	0.00223	0.00891	0.00634	0.00337	0.00981
