[name]
unknown

[dist]
# distance from previous block
# <min> <max>
0	71

[block]
# block no. 0 follows, 35 sequences, length 62
# corresponding to MSA columns:
# 82-143
name=unknown_A
#
# <colnr> <probs for GDERKNQSTAVLIFYWHMCP>
#	G	D	E	R	K	N	Q	S	T	A	V	L	I	F	Y	W	H	M	C	P
0	0.01963	0.03901	0.01749	0.01426	0.04542	0.01373	0.06738	0.13295	0.18593	0.23023	0.04976	0.02461	0.06716	0.00873	0.00716	0.00206	0.03674	0.02213	0.00613	0.00949
1	0.21071	0.01415	0.06523	0.01307	0.05473	0.04384	0.01036	0.13626	0.08483	0.11178	0.01930	0.15084	0.01727	0.00955	0.00612	0.00210	0.00587	0.03036	0.00529	0.00833
2	0.01214	0.01131	0.01831	0.63921	0.06553	0.01354	0.01638	0.01664	0.03711	0.01701	0.01386	0.01861	0.03720	0.00668	0.00630	0.00204	0.00790	0.00589	0.00313	0.05122
3	0.19936	0.02635	0.51933	0.01625	0.04954	0.01426	0.01879	0.01930	0.01278	0.02189	0.01173	0.04231	0.00916	0.00652	0.00563	0.00202	0.00805	0.00495	0.00311	0.00866
4	0.02293	0.01698	0.01831	0.01406	0.01902	0.01853	0.01157	0.65080	0.02846	0.03836	0.04298	0.01637	0.01262	0.00766	0.00630	0.00185	0.00670	0.00583	0.00623	0.05443
5	0.48862	0.01684	0.04223	0.01307	0.05498	0.14934	0.03543	0.04372	0.01350	0.05766	0.01036	0.01194	0.00800	0.00625	0.00520	0.00192	0.02529	0.00413	0.00392	0.00760
6	0.01201	0.01105	0.01829	0.69153	0.04075	0.01345	0.01660	0.01589	0.01254	0.01625	0.01127	0.01680	0.00861	0.00686	0.00697	0.03369	0.00814	0.00553	0.00287	0.05091
7	0.00798	0.00645	0.00767	0.04848	0.01083	0.00592	0.00602	0.00972	0.01382	0.01737	0.10311	0.25720	0.42145	0.01752	0.03473	0.00255	0.00412	0.01389	0.00572	0.00545
8	0.01523	0.01459	0.02490	0.13016	0.64993	0.01495	0.01924	0.01906	0.01422	0.02016	0.01185	0.01585	0.00985	0.00574	0.00629	0.00191	0.00765	0.00565	0.00310	0.00967
9	0.01568	0.55441	0.24846	0.01304	0.01967	0.02196	0.01466	0.01933	0.01304	0.01649	0.00960	0.01115	0.00811	0.00561	0.00466	0.00155	0.00757	0.00378	0.00270	0.00851
10	0.10633	0.01234	0.01385	0.01107	0.01538	0.05547	0.00898	0.10321	0.01833	0.41636	0.09315	0.02278	0.04457	0.00823	0.00616	0.00190	0.00554	0.00652	0.00667	0.04315
11	0.04056	0.22611	0.18717	0.01351	0.01844	0.22023	0.01318	0.01944	0.01415	0.01699	0.01424	0.01632	0.05335	0.01132	0.08939	0.00265	0.00946	0.00493	0.02088	0.00767
12	0.01601	0.01603	0.02978	0.05633	0.35863	0.01585	0.30717	0.08083	0.01595	0.02209	0.01257	0.01629	0.00988	0.00572	0.00679	0.00200	0.00883	0.00642	0.00344	0.00939
13	0.01391	0.01301	0.02193	0.35101	0.40321	0.01423	0.01798	0.01784	0.01363	0.01890	0.01205	0.01659	0.00964	0.00603	0.00622	0.00197	0.00773	0.00566	0.03991	0.00856
14	0.01228	0.01158	0.01956	0.70424	0.09894	0.01417	0.01777	0.01647	0.01283	0.01657	0.01133	0.01682	0.00858	0.00629	0.00634	0.00210	0.00838	0.00564	0.00284	0.00729
15	0.00897	0.00690	0.00825	0.00784	0.00964	0.00640	0.00590	0.01247	0.05982	0.02314	0.50042	0.04984	0.24972	0.01359	0.00742	0.00205	0.00318	0.01176	0.00664	0.00605
16	0.00789	0.00569	0.00748	0.00862	0.00921	0.00527	0.00586	0.00927	0.01303	0.01750	0.13193	0.64552	0.07164	0.01878	0.00799	0.00248	0.00357	0.01695	0.00604	0.00527
17	0.01696	0.78087	0.03324	0.01085	0.01628	0.02510	0.01085	0.01900	0.01289	0.01493	0.00882	0.01018	0.00814	0.00543	0.00407	0.00136	0.00678	0.00339	0.00271	0.00814
18	0.01490	0.32403	0.43346	0.01510	0.02274	0.01901	0.01801	0.05164	0.01395	0.01899	0.01056	0.01222	0.00820	0.00587	0.00528	0.00175	0.00825	0.00423	0.00286	0.00896
19	0.02362	0.05785	0.01525	0.01131	0.01570	0.01129	0.00928	0.02917	0.15860	0.49567	0.08330	0.02346	0.01965	0.00828	0.00635	0.00197	0.00521	0.00678	0.00719	0.01008
20	0.02385	0.01320	0.01643	0.01294	0.01760	0.01331	0.03775	0.19672	0.16342	0.38182	0.03967	0.02092	0.01609	0.00797	0.00646	0.00199	0.00586	0.00655	0.00700	0.01044
21	0.01198	0.01128	0.01903	0.76180	0.04369	0.01409	0.01762	0.01621	0.01268	0.01621	0.01128	0.01691	0.00846	0.00634	0.00634	0.00211	0.00846	0.00564	0.00282	0.00705
22	0.01447	0.01448	0.02675	0.20523	0.36843	0.01486	0.20006	0.01873	0.01417	0.01950	0.01267	0.01804	0.01036	0.00609	0.00668	0.00204	0.00853	0.02692	0.00316	0.00883
23	0.01198	0.01128	0.01903	0.76180	0.04369	0.01409	0.01762	0.01621	0.01268	0.01621	0.01128	0.01691	0.00846	0.00634	0.00634	0.00211	0.00846	0.00564	0.00282	0.00705
24	0.01198	0.01128	0.01903	0.76180	0.04369	0.01409	0.01762	0.01621	0.01268	0.01621	0.01128	0.01691	0.00846	0.00634	0.00634	0.00211	0.00846	0.00564	0.00282	0.00705
25	0.02245	0.01247	0.01943	0.01507	0.01901	0.01273	0.12591	0.02514	0.01559	0.43858	0.01934	0.02019	0.01346	0.00842	0.00997	0.00220	0.18281	0.02191	0.00587	0.00942
26	0.01324	0.01257	0.02131	0.51613	0.27948	0.01443	0.01825	0.01732	0.01328	0.01774	0.01150	0.01650	0.00900	0.00611	0.00632	0.00204	0.00814	0.00564	0.00293	0.00807
27	0.01541	0.01512	0.02684	0.07677	0.61216	0.01514	0.10575	0.01940	0.01441	0.02043	0.01201	0.01594	0.00991	0.00565	0.00643	0.00193	0.00798	0.00588	0.00313	0.00970
28	0.02528	0.01102	0.01380	0.01092	0.01522	0.04266	0.00883	0.02762	0.01766	0.60082	0.07801	0.02531	0.04714	0.03653	0.00742	0.00211	0.00544	0.00703	0.00736	0.00982
29	0.00819	0.00599	0.00777	0.00884	0.00970	0.00557	0.00637	0.00981	0.01341	0.01771	0.11479	0.50618	0.13018	0.01831	0.00805	0.00251	0.00385	0.11140	0.00600	0.00537
30	0.01272	0.03281	0.74418	0.01808	0.02746	0.01473	0.02344	0.02009	0.01339	0.02009	0.01138	0.01339	0.00804	0.00603	0.00603	0.00201	0.00938	0.00469	0.00268	0.00938
31	0.02526	0.01056	0.01394	0.01105	0.01542	0.00944	0.00898	0.07350	0.01820	0.59365	0.02710	0.09379	0.05066	0.00934	0.00659	0.00203	0.00524	0.00775	0.00748	0.01002
32	0.00773	0.00552	0.00736	0.00883	0.00920	0.00515	0.00589	0.00883	0.01215	0.01619	0.03497	0.77291	0.04196	0.01987	0.00810	0.00258	0.00368	0.01803	0.00589	0.00515
33	0.01325	0.12580	0.65581	0.01718	0.02607	0.01602	0.02187	0.01995	0.01333	0.01945	0.01107	0.01299	0.00805	0.00595	0.00578	0.00193	0.00905	0.00453	0.00268	0.00922
34	0.01670	0.01635	0.02927	0.02174	0.02701	0.04626	0.45043	0.11541	0.04584	0.05558	0.01572	0.05253	0.01277	0.00722	0.00764	0.00215	0.03203	0.03250	0.00418	0.00867
35	0.01696	0.78087	0.03324	0.01085	0.01628	0.02510	0.01085	0.01900	0.01289	0.01493	0.00882	0.01018	0.00814	0.00543	0.00407	0.00136	0.00678	0.00339	0.00271	0.00814
36	0.02370	0.03023	0.01798	0.01634	0.01961	0.75158	0.01226	0.02533	0.01798	0.01553	0.00981	0.01144	0.00817	0.00654	0.00572	0.00163	0.01144	0.00409	0.00327	0.00735
37	0.00919	0.00630	0.00769	0.00769	0.00796	0.00657	0.00481	0.00972	0.00945	0.01287	0.01928	0.03759	0.02136	0.60468	0.20233	0.00711	0.00871	0.00865	0.00374	0.00427
38	0.01399	0.01419	0.02118	0.01763	0.01826	0.01910	0.08183	0.01576	0.01023	0.01576	0.00876	0.01419	0.00845	0.01055	0.01953	0.00271	0.69223	0.00574	0.00282	0.00710
39	0.01552	0.44840	0.30094	0.01429	0.02117	0.04506	0.03907	0.01966	0.01332	0.01707	0.00995	0.01166	0.00815	0.00569	0.00498	0.00164	0.00805	0.00404	0.00274	0.00859
40	0.01696	0.78087	0.03324	0.01085	0.01628	0.02510	0.01085	0.01900	0.01289	0.01493	0.00882	0.01018	0.00814	0.00543	0.00407	0.00136	0.00678	0.00339	0.00271	0.00814
41	0.01315	0.01128	0.01315	0.00940	0.01503	0.00846	0.00752	0.01597	0.01315	0.02067	0.01128	0.01315	0.00940	0.00470	0.00470	0.00094	0.00470	0.00376	0.00376	0.81583
42	0.01388	0.01388	0.01943	0.01666	0.01666	0.01943	0.01388	0.01527	0.00972	0.01527	0.00833	0.01388	0.00833	0.01110	0.02082	0.00278	0.76544	0.00555	0.00278	0.00694
43	0.17027	0.01106	0.01376	0.01076	0.01549	0.01020	0.00889	0.02872	0.01684	0.61436	0.02213	0.01958	0.01412	0.00750	0.00594	0.00196	0.00531	0.00585	0.00715	0.01009
44	0.01696	0.78087	0.03324	0.01085	0.01628	0.02510	0.01085	0.01900	0.01289	0.01493	0.00882	0.01018	0.00814	0.00543	0.00407	0.00136	0.00678	0.00339	0.00271	0.00814
45	0.00773	0.00552	0.00736	0.00883	0.00920	0.00515	0.00589	0.00883	0.01215	0.01619	0.03497	0.77291	0.04196	0.01987	0.00810	0.00258	0.00368	0.01803	0.00589	0.00515
46	0.00898	0.00648	0.00848	0.00798	0.00948	0.00599	0.00599	0.01197	0.01796	0.02544	0.73413	0.04739	0.05986	0.01297	0.00748	0.00200	0.00299	0.01147	0.00698	0.00599
47	0.01249	0.00774	0.01078	0.01163	0.01352	0.00755	0.01011	0.01535	0.01505	0.10884	0.03252	0.06535	0.03392	0.01632	0.00847	0.00280	0.00579	0.60921	0.00609	0.00646
48	0.02406	0.01932	0.01891	0.01481	0.01967	0.11065	0.01208	0.63044	0.02835	0.03694	0.01456	0.01476	0.01046	0.00748	0.00627	0.00187	0.00754	0.00551	0.00596	0.01036
49	0.01570	0.01507	0.02575	0.03894	0.73748	0.01507	0.01947	0.01947	0.01444	0.02073	0.01193	0.01570	0.01005	0.00565	0.00628	0.00188	0.00754	0.00565	0.00314	0.01005
50	0.01670	0.01696	0.02478	0.03613	0.64825	0.10662	0.01857	0.02020	0.01488	0.02008	0.01167	0.01517	0.00982	0.00576	0.00621	0.00185	0.00802	0.00546	0.00316	0.00971
51	0.01318	0.00735	0.00942	0.00863	0.01088	0.00654	0.00656	0.01548	0.01642	0.19412	0.32868	0.16266	0.16812	0.01343	0.00732	0.00211	0.00372	0.01167	0.00681	0.00689
52	0.01315	0.01128	0.01315	0.00940	0.01503	0.00846	0.00752	0.01597	0.01315	0.02067	0.01128	0.01315	0.00940	0.00470	0.00470	0.00094	0.00470	0.00376	0.00376	0.81583
53	0.01570	0.01507	0.02575	0.03894	0.73748	0.01507	0.01947	0.01947	0.01444	0.02073	0.01193	0.01570	0.01005	0.00565	0.00628	0.00188	0.00754	0.00565	0.00314	0.01005
54	0.00923	0.00615	0.00692	0.00692	0.00692	0.00615	0.00384	0.00923	0.00923	0.01230	0.01999	0.04151	0.02306	0.77705	0.03229	0.00615	0.00615	0.00923	0.00384	0.00384
55	0.01740	0.07477	0.10305	0.02122	0.05580	0.06563	0.33092	0.09296	0.01619	0.07693	0.01297	0.01567	0.00976	0.00642	0.00781	0.00204	0.07166	0.00617	0.00377	0.00886
56	0.01542	0.46697	0.28777	0.01352	0.02022	0.04506	0.01527	0.01935	0.01328	0.01686	0.01119	0.01268	0.02671	0.00595	0.00492	0.00162	0.00778	0.00414	0.00280	0.00849
57	0.03974	0.06586	0.01818	0.01542	0.05728	0.21783	0.01162	0.20183	0.24036	0.04344	0.01656	0.01657	0.01257	0.00735	0.00601	0.00188	0.00752	0.00554	0.00512	0.00932
58	0.01018	0.00922	0.00902	0.00993	0.01088	0.10852	0.00693	0.01183	0.03023	0.01647	0.03264	0.59772	0.06972	0.01752	0.00772	0.00242	0.00482	0.03309	0.00554	0.00560
59	0.01542	0.25474	0.31366	0.05047	0.14760	0.04891	0.01776	0.04797	0.01425	0.01909	0.01079	0.01296	0.00855	0.00588	0.00549	0.00177	0.00822	0.00452	0.00295	0.00899
60	0.07409	0.01951	0.04900	0.01696	0.07475	0.22360	0.07814	0.15235	0.11167	0.04593	0.05409	0.04221	0.01448	0.00760	0.00623	0.00192	0.00796	0.00615	0.00469	0.00868
61	0.05255	0.01284	0.01783	0.38898	0.05440	0.03825	0.03982	0.09293	0.04916	0.03736	0.03149	0.01712	0.01103	0.00654	0.00604	0.00190	0.00732	0.00558	0.02272	0.10615

[dist]
# distance from previous block
# <min> <max>
1	17

[block]
# block no. 1 follows, 35 sequences, length 26
# corresponding to MSA columns:
# 161-186
name=unknown_B
#
# <colnr> <probs for GDERKNQSTAVLIFYWHMCP>
#	G	D	E	R	K	N	Q	S	T	A	V	L	I	F	Y	W	H	M	C	P
0	0.08191	0.01429	0.02265	0.11548	0.51354	0.01495	0.01727	0.04926	0.01464	0.05540	0.01225	0.01560	0.00986	0.00610	0.00654	0.00195	0.02986	0.00550	0.00352	0.00942
1	0.08223	0.01414	0.02244	0.20006	0.47498	0.01506	0.01755	0.06122	0.01468	0.02151	0.01173	0.01550	0.00947	0.00595	0.00610	0.00194	0.00749	0.00547	0.00333	0.00914
2	0.07109	0.01440	0.02424	0.14923	0.53735	0.01492	0.05892	0.01895	0.01395	0.02053	0.01167	0.01560	0.00955	0.00576	0.00620	0.00194	0.00768	0.00560	0.00315	0.00927
3	0.01761	0.01753	0.15055	0.12346	0.06522	0.01556	0.01451	0.17535	0.23655	0.09091	0.01790	0.01833	0.01299	0.00735	0.00632	0.00203	0.00692	0.00602	0.00515	0.00972
4	0.01402	0.01339	0.02253	0.34424	0.40108	0.01491	0.01836	0.01784	0.01342	0.01849	0.01144	0.01611	0.00927	0.00626	0.00716	0.00203	0.05222	0.00564	0.00298	0.00859
5	0.23476	0.01699	0.01578	0.01290	0.01731	0.08810	0.01045	0.37998	0.11009	0.03290	0.01433	0.01461	0.01056	0.00718	0.00566	0.00192	0.00662	0.00513	0.00542	0.00933
6	0.02596	0.01118	0.01465	0.01121	0.01617	0.00978	0.00921	0.05116	0.04307	0.60362	0.02302	0.02041	0.01489	0.00748	0.00617	0.00184	0.00535	0.00606	0.00724	0.11154
7	0.01380	0.22274	0.56368	0.01625	0.02462	0.01737	0.02024	0.01981	0.01327	0.01878	0.01073	0.01258	0.00806	0.00587	0.00553	0.00184	0.00872	0.00436	0.00269	0.00906
8	0.00906	0.00680	0.01020	0.01020	0.01133	0.00793	0.00793	0.01133	0.01020	0.01473	0.01699	0.02492	0.01586	0.04758	0.75191	0.01020	0.01699	0.00680	0.00340	0.00566
9	0.00908	0.00672	0.00978	0.00978	0.01077	0.00770	0.00741	0.01106	0.01007	0.01442	0.01737	0.02702	0.01677	0.13992	0.66082	0.00968	0.01562	0.00710	0.00345	0.00543
10	0.01422	0.01383	0.02429	0.22467	0.39983	0.01427	0.11102	0.01818	0.01391	0.01932	0.01265	0.04246	0.01065	0.00624	0.00644	0.00196	0.00793	0.00623	0.00319	0.04868
11	0.01553	0.01039	0.01735	0.01388	0.01718	0.00967	0.19278	0.01850	0.03359	0.20180	0.04931	0.14166	0.05615	0.15209	0.01190	0.00293	0.00649	0.03602	0.00536	0.00744
12	0.01450	0.01385	0.02359	0.27137	0.51439	0.01476	0.01887	0.01842	0.01388	0.01927	0.01172	0.01609	0.00954	0.00587	0.00630	0.00196	0.00783	0.00565	0.00304	0.00908
13	0.00914	0.00651	0.00874	0.00874	0.00936	0.00714	0.00611	0.01039	0.00976	0.01365	0.01833	0.03231	0.01907	0.37252	0.43136	0.00839	0.01216	0.00788	0.00360	0.00485
14	0.01214	0.01144	0.01932	0.73047	0.07377	0.01414	0.01770	0.01635	0.01276	0.01640	0.01130	0.01686	0.00853	0.00631	0.00634	0.00210	0.00842	0.00564	0.00283	0.00718
15	0.01544	0.01481	0.02528	0.08916	0.68927	0.01501	0.01934	0.01924	0.01432	0.02041	0.01189	0.01579	0.00994	0.00570	0.00628	0.00190	0.00760	0.00565	0.00312	0.00984
16	0.01912	0.01942	0.01625	0.01437	0.01784	0.25322	0.01115	0.10238	0.39096	0.02389	0.01873	0.01838	0.01434	0.00795	0.00688	0.00199	0.04283	0.00595	0.00525	0.00911
17	0.00917	0.00623	0.00714	0.00728	0.00749	0.00617	0.00439	0.00948	0.00992	0.01309	0.02340	0.06389	0.05777	0.66865	0.02885	0.00564	0.00593	0.05729	0.00413	0.00409
18	0.06172	0.01454	0.02247	0.01705	0.02198	0.05598	0.26714	0.09053	0.01662	0.16370	0.01742	0.07095	0.01419	0.00768	0.00666	0.00198	0.00765	0.04036	0.00485	0.09653
19	0.01497	0.01711	0.03743	0.02674	0.03316	0.01604	0.71444	0.02032	0.01497	0.02032	0.01283	0.01711	0.00963	0.00535	0.00749	0.00214	0.01070	0.00749	0.00321	0.00856
20	0.00810	0.00579	0.00779	0.00926	0.00979	0.00547	0.00654	0.00948	0.01251	0.01661	0.03476	0.66826	0.04115	0.01952	0.00820	0.00263	0.00400	0.11901	0.00588	0.00526
21	0.00836	0.00611	0.00786	0.00816	0.00929	0.00561	0.00584	0.01051	0.01542	0.02114	0.40520	0.32552	0.11563	0.01589	0.00772	0.00223	0.00328	0.01415	0.00646	0.00561
22	0.01334	0.14206	0.64036	0.01703	0.02582	0.01625	0.02160	0.01993	0.01332	0.01934	0.01101	0.01292	0.00805	0.00594	0.00574	0.00191	0.00900	0.00450	0.00268	0.00920
23	0.01239	0.06588	0.59955	0.01655	0.02450	0.01423	0.02050	0.01873	0.01289	0.01903	0.01209	0.01495	0.00921	0.01220	0.11723	0.00320	0.01038	0.00494	0.00279	0.00876
24	0.01616	0.48067	0.25023	0.01295	0.01943	0.02037	0.01444	0.01989	0.01337	0.05928	0.01094	0.01227	0.00881	0.00582	0.00482	0.00160	0.00738	0.00405	0.02894	0.00861
25	0.01532	0.01217	0.01939	0.23220	0.19348	0.01299	0.06697	0.04201	0.07138	0.11200	0.03216	0.11355	0.01605	0.00846	0.00696	0.00211	0.02226	0.00768	0.00444	0.00844

[dist]
# distance from previous block
# <min> <max>
0	6

[block]
# block no. 2 follows, 35 sequences, length 58
# corresponding to MSA columns:
# 193-250
name=unknown_C
#
# <colnr> <probs for GDERKNQSTAVLIFYWHMCP>
#	G	D	E	R	K	N	Q	S	T	A	V	L	I	F	Y	W	H	M	C	P
0	0.13494	0.27778	0.10308	0.01639	0.09191	0.12656	0.06734	0.06279	0.01485	0.03593	0.01061	0.01238	0.00858	0.00592	0.00518	0.00172	0.00784	0.00439	0.00338	0.00842
1	0.14383	0.01461	0.10980	0.17757	0.07560	0.01219	0.03257	0.01868	0.01329	0.08471	0.01221	0.01459	0.00922	0.00579	0.00545	0.00169	0.00659	0.00471	0.00374	0.25314
2	0.01208	0.01025	0.01262	0.01067	0.04969	0.00845	0.00788	0.01483	0.01386	0.02081	0.13138	0.02248	0.06552	0.00888	0.03864	0.00169	0.02494	0.00591	0.00435	0.53508
3	0.02236	0.02470	0.01842	0.01781	0.09434	0.47710	0.01258	0.17519	0.01996	0.02182	0.01176	0.01333	0.00934	0.00672	0.00585	0.00171	0.00963	0.00470	0.04435	0.00832
4	0.00910	0.00665	0.00947	0.00947	0.01036	0.00754	0.00703	0.01086	0.00998	0.01419	0.01765	0.02858	0.01745	0.20854	0.59312	0.00930	0.01460	0.00733	0.00350	0.00526
5	0.06641	0.01159	0.06997	0.01117	0.01443	0.01029	0.03987	0.06767	0.12038	0.08183	0.06980	0.11372	0.16453	0.05663	0.00844	0.00243	0.00531	0.07250	0.00560	0.00742
6	0.06166	0.21087	0.02032	0.01256	0.01706	0.04576	0.01063	0.26951	0.20314	0.02791	0.01604	0.01609	0.01227	0.00717	0.00556	0.00180	0.00630	0.00533	0.04066	0.00937
7	0.02394	0.00980	0.01302	0.01039	0.01459	0.00847	0.00843	0.02624	0.01737	0.58375	0.05627	0.06098	0.11831	0.00970	0.00665	0.00202	0.00493	0.00805	0.00746	0.00962
8	0.01661	0.01334	0.02479	0.01856	0.02336	0.01259	0.36184	0.03685	0.06298	0.16708	0.12490	0.06894	0.02096	0.00814	0.00721	0.00210	0.00760	0.00844	0.00515	0.00856
9	0.02201	0.00977	0.01275	0.01025	0.01405	0.00886	0.00828	0.06696	0.01847	0.46344	0.20510	0.02794	0.02671	0.00911	0.00652	0.00193	0.00470	0.00760	0.06635	0.00921
10	0.05497	0.01722	0.18833	0.01333	0.01969	0.01159	0.07190	0.06162	0.01455	0.05610	0.01263	0.01503	0.00986	0.00570	0.00547	0.00149	0.00652	0.01752	0.00386	0.41263
11	0.01531	0.09839	0.09542	0.01096	0.01689	0.01172	0.01003	0.06127	0.01455	0.07315	0.01225	0.01359	0.00965	0.00533	0.00500	0.00124	0.00563	0.00413	0.00398	0.53151
12	0.02158	0.01636	0.01765	0.01366	0.01864	0.01763	0.01118	0.53633	0.11079	0.03566	0.01594	0.01595	0.01162	0.00732	0.00613	0.00180	0.00643	0.00561	0.00600	0.12371
13	0.01705	0.05182	0.03790	0.12648	0.17959	0.18697	0.11160	0.06303	0.01569	0.01973	0.01177	0.01487	0.00943	0.00618	0.00640	0.00181	0.02804	0.00529	0.03897	0.06738
14	0.00997	0.00768	0.01066	0.01282	0.11116	0.00791	0.00764	0.01122	0.01124	0.01541	0.04037	0.22672	0.02635	0.33051	0.07885	0.00457	0.03983	0.03725	0.00435	0.00547
15	0.01315	0.01128	0.01315	0.00940	0.01503	0.00846	0.00752	0.01597	0.01315	0.02067	0.01128	0.01315	0.00940	0.00470	0.00470	0.00094	0.00470	0.00376	0.00376	0.81583
16	0.01465	0.12335	0.20435	0.01516	0.05587	0.01359	0.07925	0.01948	0.05102	0.06926	0.03271	0.05616	0.01293	0.00669	0.00575	0.00168	0.00685	0.00571	0.00388	0.22165
17	0.01170	0.01090	0.01826	0.71229	0.04142	0.01351	0.01685	0.01572	0.01265	0.01621	0.01283	0.06663	0.01066	0.00723	0.00646	0.00214	0.00814	0.00645	0.00302	0.00692
18	0.01554	0.01583	0.01962	0.04379	0.01850	0.09600	0.02867	0.06257	0.01213	0.01706	0.00914	0.01389	0.00851	0.01010	0.01747	0.00256	0.59283	0.00545	0.00307	0.00727
19	0.00923	0.00615	0.00692	0.00692	0.00692	0.00615	0.00384	0.00923	0.00923	0.01230	0.01999	0.04151	0.02306	0.77705	0.03229	0.00615	0.00615	0.00923	0.00384	0.00384
20	0.01183	0.00591	0.00591	0.00591	0.00739	0.00591	0.00443	0.01478	0.01330	0.02365	0.02069	0.02365	0.01626	0.00739	0.00443	0.00148	0.00296	0.00591	0.81227	0.00591
21	0.02781	0.01184	0.01537	0.01178	0.01672	0.01088	0.00973	0.13371	0.01991	0.63660	0.02356	0.02064	0.01497	0.00782	0.00637	0.00195	0.00564	0.00628	0.00763	0.01080
22	0.00942	0.00699	0.00897	0.00813	0.01006	0.00625	0.00615	0.01239	0.01745	0.02494	0.65829	0.04380	0.05456	0.01210	0.00719	0.00188	0.00317	0.01066	0.00665	0.09096
23	0.01183	0.00591	0.00591	0.00591	0.00739	0.00591	0.00443	0.01478	0.01330	0.02365	0.02069	0.02365	0.01626	0.00739	0.00443	0.00148	0.00296	0.00591	0.81227	0.00591
24	0.82186	0.01227	0.00932	0.00834	0.01227	0.01423	0.00687	0.01865	0.01080	0.02846	0.00883	0.01031	0.00687	0.00589	0.00393	0.00196	0.00491	0.00344	0.00393	0.00687
25	0.01126	0.00953	0.00847	0.00824	0.00870	0.11079	0.00502	0.01149	0.01045	0.01275	0.01856	0.03729	0.02097	0.66889	0.02856	0.00552	0.00689	0.00850	0.00376	0.00434
26	0.01148	0.00931	0.01100	0.00879	0.01242	0.00760	0.00655	0.01349	0.01205	0.01802	0.01662	0.07691	0.03334	0.17886	0.06023	0.00284	0.00571	0.00645	0.00396	0.50436
27	0.16334	0.01618	0.01681	0.01313	0.01791	0.01787	0.01083	0.54337	0.02552	0.07265	0.01473	0.01489	0.01048	0.00732	0.00588	0.00191	0.00644	0.00535	0.02538	0.00999
28	0.01966	0.02179	0.02071	0.01824	0.06429	0.34391	0.11248	0.10580	0.06304	0.02042	0.01270	0.03545	0.01055	0.00726	0.00748	0.00188	0.07632	0.00556	0.00388	0.04857
29	0.00906	0.00680	0.01020	0.01020	0.01133	0.00793	0.00793	0.01133	0.01020	0.01473	0.01699	0.02492	0.01586	0.04758	0.75191	0.01020	0.01699	0.00680	0.00340	0.00566
30	0.01744	0.01485	0.01554	0.01374	0.03469	0.05467	0.01060	0.20881	0.37263	0.02809	0.05456	0.02360	0.06455	0.00898	0.00725	0.00208	0.04541	0.00710	0.00597	0.00945
31	0.01183	0.00591	0.00591	0.00591	0.00739	0.00591	0.00443	0.01478	0.01330	0.02365	0.02069	0.02365	0.01626	0.00739	0.00443	0.00148	0.00296	0.00591	0.81227	0.00591
32	0.00995	0.00830	0.00892	0.00865	0.01091	0.00826	0.00650	0.01612	0.20997	0.02045	0.11828	0.13269	0.38878	0.01415	0.00728	0.00218	0.00374	0.01203	0.00616	0.00668
33	0.02054	0.01270	0.01583	0.01213	0.01715	0.01189	0.04046	0.12831	0.12786	0.27276	0.01892	0.01817	0.01333	0.00685	0.00592	0.00168	0.00559	0.00565	0.00595	0.25831
34	0.01183	0.00591	0.00591	0.00591	0.00739	0.00591	0.00443	0.01478	0.01330	0.02365	0.02069	0.02365	0.01626	0.00739	0.00443	0.00148	0.00296	0.00591	0.81227	0.00591
35	0.82186	0.01227	0.00932	0.00834	0.01227	0.01423	0.00687	0.01865	0.01080	0.02846	0.00883	0.01031	0.00687	0.00589	0.00393	0.00196	0.00491	0.00344	0.00393	0.00687
36	0.02074	0.01239	0.01453	0.01234	0.01637	0.01299	0.00994	0.08453	0.34942	0.29515	0.02531	0.02604	0.01869	0.00896	0.00660	0.00212	0.00538	0.06154	0.00692	0.01005
37	0.01268	0.01202	0.02019	0.61134	0.16113	0.01446	0.01780	0.01673	0.01288	0.01695	0.01128	0.01660	0.00872	0.00640	0.00686	0.00210	0.03581	0.00564	0.00287	0.00756
38	0.00899	0.00664	0.00963	0.00973	0.01068	0.00754	0.00733	0.01092	0.01021	0.01455	0.01852	0.07601	0.01840	0.12926	0.62062	0.00923	0.01488	0.00781	0.00361	0.00542
39	0.01183	0.00591	0.00591	0.00591	0.00739	0.00591	0.00443	0.01478	0.01330	0.02365	0.02069	0.02365	0.01626	0.00739	0.00443	0.00148	0.00296	0.00591	0.81227	0.00591
40	0.01837	0.01272	0.01396	0.04980	0.01627	0.01393	0.00957	0.38784	0.03766	0.03177	0.01806	0.02123	0.01403	0.00799	0.00581	0.00182	0.00557	0.04024	0.28472	0.00865
41	0.00965	0.00817	0.00865	0.00842	0.01019	0.05508	0.00633	0.01239	0.03459	0.02147	0.39514	0.10425	0.24734	0.01403	0.00744	0.00210	0.00383	0.03873	0.00628	0.00593
42	0.01557	0.01407	0.02137	0.32071	0.33581	0.05283	0.01716	0.05368	0.01485	0.05757	0.01291	0.03240	0.01034	0.00649	0.00632	0.00198	0.00788	0.00587	0.00349	0.00869
43	0.01183	0.00591	0.00591	0.00591	0.00739	0.00591	0.00443	0.01478	0.01330	0.02365	0.02069	0.02365	0.01626	0.00739	0.00443	0.00148	0.00296	0.00591	0.81227	0.00591
44	0.00902	0.00725	0.01158	0.01152	0.01282	0.00685	0.09563	0.01094	0.01288	0.01714	0.03197	0.57075	0.03706	0.01769	0.00812	0.00257	0.00489	0.12009	0.00554	0.00569
45	0.40780	0.15404	0.04433	0.10901	0.07332	0.01659	0.04875	0.04542	0.01274	0.02355	0.00993	0.01220	0.00788	0.00589	0.00480	0.00187	0.00645	0.00423	0.00351	0.00769
46	0.01499	0.01287	0.01362	0.01231	0.01571	0.01472	0.00955	0.03128	0.65154	0.02598	0.06481	0.02688	0.05922	0.00923	0.00656	0.00214	0.00482	0.00772	0.00645	0.00958
47	0.01388	0.01388	0.01943	0.01666	0.01666	0.01943	0.01388	0.01527	0.00972	0.01527	0.00833	0.01388	0.00833	0.01110	0.02082	0.00278	0.76544	0.00555	0.00278	0.00694
48	0.01334	0.01074	0.01831	0.01522	0.01835	0.01046	0.21472	0.05342	0.05184	0.08378	0.02475	0.27686	0.02501	0.01488	0.05658	0.00288	0.00725	0.08914	0.00516	0.00731
49	0.01586	0.58705	0.21745	0.01273	0.01918	0.02242	0.01412	0.01928	0.01302	0.01626	0.00948	0.01101	0.00811	0.00558	0.00458	0.00153	0.00746	0.00373	0.00270	0.00846
50	0.01578	0.01363	0.01434	0.01291	0.01650	0.01578	0.01004	0.03371	0.72602	0.02654	0.02582	0.02367	0.01937	0.00861	0.00646	0.00215	0.00502	0.00717	0.00646	0.01004
51	0.01198	0.01128	0.01903	0.76180	0.04369	0.01409	0.01762	0.01621	0.01268	0.01621	0.01128	0.01691	0.00846	0.00634	0.00634	0.00211	0.00846	0.00564	0.00282	0.00705
52	0.01183	0.00591	0.00591	0.00591	0.00739	0.00591	0.00443	0.01478	0.01330	0.02365	0.02069	0.02365	0.01626	0.00739	0.00443	0.00148	0.00296	0.00591	0.81227	0.00591
53	0.00786	0.00561	0.00751	0.00898	0.00940	0.00526	0.00611	0.00905	0.01227	0.01634	0.03489	0.73687	0.04168	0.01975	0.00813	0.00259	0.00379	0.05282	0.00589	0.00519
54	0.01570	0.01507	0.02575	0.03894	0.73748	0.01507	0.01947	0.01947	0.01444	0.02073	0.01193	0.01570	0.01005	0.00565	0.00628	0.00188	0.00754	0.00565	0.00314	0.01005
55	0.01088	0.00556	0.00816	0.00816	0.00816	0.00556	0.00538	0.00834	0.00834	0.01112	0.01170	0.02097	0.01193	0.07923	0.02536	0.75412	0.00556	0.00579	0.00284	0.00284
56	0.01619	0.01288	0.01393	0.01242	0.01594	0.01457	0.00968	0.03186	0.62063	0.07875	0.07942	0.02531	0.02217	0.00888	0.00653	0.00213	0.00489	0.00744	0.00660	0.00979
57	0.02387	0.01038	0.01368	0.01081	0.01499	0.00938	0.00880	0.07869	0.01900	0.53201	0.17937	0.02675	0.02499	0.00895	0.00662	0.00197	0.00499	0.00744	0.00755	0.00974

[dist]
# distance from previous block
# <min> <max>
0	0

# created by:
# /home/cegg/simao/soft/augustus-3.2.1/scripts/msa2prfl.pl ./align_prep/EOG090W0GWE.fa
