[name]
unknown

[dist]
# distance from previous block
# <min> <max>
0	11

[block]
# block no. 0 follows, 33 sequences, length 12
# corresponding to MSA columns:
# 11-22
name=unknown_A
#
# <colnr> <probs for GDERKNQSTAVLIFYWHMCP>
#	G	D	E	R	K	N	Q	S	T	A	V	L	I	F	Y	W	H	M	C	P
0	0.03072	0.01232	0.01631	0.01277	0.01789	0.01060	0.01032	0.03275	0.01968	0.71477	0.02721	0.02443	0.01766	0.00918	0.00729	0.00233	0.00615	0.00710	0.00858	0.01193
1	0.01760	0.77260	0.03450	0.01126	0.01690	0.02605	0.01126	0.01971	0.01338	0.01549	0.00915	0.01056	0.00845	0.00563	0.00422	0.00141	0.00704	0.00352	0.00282	0.00845
2	0.00802	0.00573	0.00764	0.00917	0.00955	0.00535	0.00611	0.00917	0.01260	0.01681	0.03628	0.76434	0.04354	0.02062	0.00840	0.00267	0.00382	0.01872	0.00611	0.00535
3	0.01320	0.03405	0.73453	0.01876	0.02849	0.01529	0.02432	0.02085	0.01390	0.02085	0.01181	0.01390	0.00834	0.00625	0.00625	0.00208	0.00973	0.00486	0.00278	0.00973
4	0.01475	0.29333	0.48878	0.01613	0.02442	0.01907	0.01974	0.02045	0.01372	0.01897	0.01088	0.01273	0.00838	0.00604	0.00554	0.00185	0.00879	0.00439	0.00279	0.00928
5	0.05285	0.33358	0.07814	0.01519	0.02022	0.31417	0.06211	0.02254	0.01562	0.01711	0.01006	0.01185	0.00851	0.00616	0.00531	0.00166	0.00940	0.00421	0.00314	0.00819
6	0.02102	0.41289	0.05908	0.01349	0.01852	0.25380	0.01214	0.02331	0.01573	0.09865	0.01154	0.01250	0.00936	0.00632	0.00514	0.00160	0.00855	0.00417	0.00361	0.00856
7	0.01699	0.49513	0.14672	0.01480	0.02096	0.02221	0.09962	0.02042	0.01382	0.04688	0.01078	0.01265	0.00896	0.00608	0.00584	0.00171	0.04008	0.00449	0.00310	0.00877
8	0.05356	0.19038	0.17401	0.01445	0.02008	0.09514	0.03140	0.08325	0.06711	0.09933	0.03432	0.01579	0.01196	0.00708	0.00649	0.00188	0.04182	0.00519	0.00431	0.04245
9	0.01552	0.34062	0.24928	0.01554	0.05112	0.04710	0.04310	0.04100	0.01447	0.01868	0.01475	0.06908	0.03904	0.00747	0.00568	0.00183	0.00789	0.00582	0.00335	0.00867
10	0.01395	0.17373	0.15132	0.04420	0.09923	0.01448	0.01335	0.04461	0.01478	0.03869	0.09921	0.10457	0.02199	0.06550	0.00889	0.00239	0.02652	0.05033	0.00432	0.00795
11	0.03807	0.10586	0.18116	0.04072	0.04433	0.06594	0.04144	0.01779	0.04382	0.01884	0.01965	0.09128	0.05052	0.09585	0.00953	0.00254	0.00737	0.06064	0.00401	0.06065

[dist]
# distance from previous block
# <min> <max>
8	34

[block]
# block no. 1 follows, 33 sequences, length 7
# corresponding to MSA columns:
# 57-63
name=unknown_B
#
# <colnr> <probs for GDERKNQSTAVLIFYWHMCP>
#	G	D	E	R	K	N	Q	S	T	A	V	L	I	F	Y	W	H	M	C	P
0	0.01452	0.13922	0.05996	0.01349	0.07426	0.04301	0.01057	0.05887	0.09753	0.02246	0.13522	0.02632	0.10365	0.00867	0.00615	0.00175	0.00576	0.00708	0.00487	0.16664
1	0.01454	0.03878	0.12942	0.01351	0.05749	0.10134	0.01135	0.07901	0.03977	0.04184	0.12632	0.03261	0.18428	0.05508	0.00834	0.00224	0.00648	0.00836	0.00503	0.04421
2	0.01490	0.08448	0.05661	0.04065	0.12447	0.01238	0.05858	0.03384	0.04712	0.08579	0.07773	0.11286	0.05634	0.00937	0.00659	0.00194	0.00615	0.02631	0.00485	0.13905
3	0.01354	0.08148	0.08235	0.04526	0.01697	0.01122	0.01092	0.04404	0.04748	0.05865	0.05138	0.06003	0.09818	0.01133	0.00694	0.00212	0.00592	0.19260	0.00513	0.15448
4	0.08522	0.05582	0.23754	0.01348	0.04827	0.01195	0.01327	0.01734	0.04913	0.02131	0.06415	0.03200	0.17269	0.00990	0.00652	0.00205	0.00633	0.06502	0.00447	0.08354
5	0.01230	0.02447	0.45083	0.08374	0.02600	0.01315	0.06635	0.01835	0.01485	0.02132	0.14208	0.02358	0.05850	0.00811	0.00674	0.00211	0.00819	0.00692	0.00382	0.00859
6	0.01542	0.20874	0.28244	0.01608	0.05616	0.05719	0.04240	0.01988	0.01459	0.06082	0.07977	0.01814	0.01482	0.01080	0.07308	0.00266	0.00900	0.00563	0.00367	0.00870

[dist]
# distance from previous block
# <min> <max>
0	1

[block]
# block no. 2 follows, 33 sequences, length 32
# corresponding to MSA columns:
# 65-96
name=unknown_C
#
# <colnr> <probs for GDERKNQSTAVLIFYWHMCP>
#	G	D	E	R	K	N	Q	S	T	A	V	L	I	F	Y	W	H	M	C	P
0	0.01075	0.00818	0.00943	0.00919	0.01137	0.00798	0.00705	0.01595	0.14289	0.04651	0.21757	0.12003	0.28037	0.01468	0.00771	0.00229	0.00398	0.07069	0.00657	0.00682
1	0.01664	0.04322	0.02735	0.06944	0.51515	0.01588	0.11191	0.02125	0.04280	0.05251	0.01353	0.01694	0.01086	0.00607	0.00662	0.00200	0.00808	0.00613	0.00359	0.01003
2	0.01176	0.00871	0.00958	0.00892	0.01096	0.05570	0.00673	0.01436	0.01769	0.08508	0.46163	0.08305	0.17366	0.01349	0.00758	0.00210	0.00399	0.01164	0.00680	0.00658
3	0.01966	0.05194	0.06073	0.01492	0.01965	0.03792	0.08062	0.15071	0.24925	0.14502	0.06748	0.02171	0.01783	0.00826	0.00699	0.00209	0.02232	0.00690	0.00603	0.00997
4	0.02379	0.01760	0.01882	0.01466	0.01965	0.01953	0.01203	0.62136	0.08990	0.03964	0.01697	0.01690	0.01218	0.00798	0.00652	0.00198	0.00691	0.00607	0.03656	0.01094
5	0.00859	0.00650	0.00793	0.00799	0.00950	0.00584	0.00583	0.01087	0.01631	0.02186	0.38667	0.20254	0.25378	0.01590	0.00790	0.00224	0.00332	0.01391	0.00668	0.00584
6	0.01412	0.11594	0.02182	0.58156	0.05593	0.06976	0.01697	0.01799	0.01364	0.01670	0.01126	0.01616	0.00875	0.00645	0.00621	0.00205	0.00875	0.00542	0.00295	0.00756
7	0.01397	0.07215	0.53982	0.02034	0.02916	0.01620	0.17509	0.02084	0.01424	0.02060	0.01200	0.01457	0.00871	0.00606	0.00648	0.00208	0.00988	0.00544	0.00290	0.00947
8	0.00798	0.00587	0.00749	0.00879	0.00945	0.00538	0.00594	0.00921	0.01297	0.01695	0.04088	0.65828	0.14663	0.02003	0.00831	0.00261	0.00375	0.01799	0.00611	0.00538
9	0.02020	0.00912	0.01107	0.00931	0.01271	0.00848	0.00742	0.02404	0.06792	0.35254	0.02789	0.02693	0.07846	0.00877	0.00597	0.00188	0.00442	0.00713	0.30697	0.00875
10	0.01592	0.01518	0.02544	0.10934	0.62435	0.01558	0.01952	0.02062	0.05022	0.02135	0.01304	0.01684	0.01075	0.00609	0.00653	0.00199	0.00778	0.00594	0.00340	0.01012
11	0.00813	0.00582	0.00774	0.00909	0.00957	0.00542	0.00612	0.00945	0.01313	0.01764	0.09614	0.70210	0.04516	0.02000	0.00835	0.00262	0.00376	0.01812	0.00621	0.00542
12	0.03332	0.01160	0.01787	0.50729	0.03511	0.01421	0.01549	0.07577	0.01398	0.01879	0.01255	0.01820	0.01000	0.01291	0.09766	0.04145	0.04727	0.00594	0.00334	0.00726
13	0.07654	0.61544	0.03014	0.01154	0.01664	0.08669	0.01094	0.01988	0.01354	0.01657	0.00965	0.01142	0.00874	0.00786	0.03976	0.00192	0.00783	0.00376	0.00299	0.00816
14	0.02503	0.01844	0.01976	0.01515	0.02042	0.02042	0.01251	0.70562	0.03095	0.04149	0.01581	0.01581	0.01120	0.00790	0.00659	0.00198	0.00724	0.00593	0.00659	0.01120
15	0.01582	0.23672	0.34867	0.01552	0.03944	0.01747	0.01704	0.03459	0.01426	0.06159	0.01187	0.01354	0.00913	0.00623	0.00608	0.00178	0.03387	0.00455	0.00334	0.10850
16	0.01341	0.01445	0.05919	0.40693	0.08265	0.01515	0.18844	0.01787	0.01368	0.01832	0.01312	0.05254	0.01080	0.00725	0.00793	0.00225	0.05803	0.00689	0.00319	0.00792
17	0.00814	0.00582	0.00778	0.00931	0.00974	0.00545	0.00632	0.00938	0.01273	0.01694	0.03622	0.73163	0.04327	0.02051	0.00844	0.00269	0.00393	0.05022	0.00611	0.00538
18	0.01581	0.01605	0.02866	0.08553	0.21832	0.04263	0.31381	0.03613	0.03688	0.03783	0.01738	0.02066	0.06304	0.00697	0.00758	0.00214	0.03054	0.00728	0.00376	0.00899
19	0.01560	0.04222	0.03970	0.22416	0.13032	0.14057	0.03860	0.06440	0.01582	0.01968	0.01840	0.02339	0.07364	0.01058	0.05095	0.00255	0.00884	0.03880	0.03387	0.00791
20	0.00903	0.00715	0.00818	0.00785	0.00984	0.00652	0.00591	0.01241	0.05916	0.02248	0.37789	0.05424	0.36605	0.01467	0.00771	0.00215	0.00334	0.01255	0.00669	0.00616
21	0.01040	0.00796	0.00989	0.01067	0.01227	0.00808	0.00838	0.01532	0.13281	0.02013	0.06232	0.28748	0.10908	0.01708	0.00828	0.00266	0.00480	0.25963	0.00623	0.00652
22	0.03566	0.07190	0.06286	0.04619	0.18525	0.06014	0.04278	0.16550	0.12172	0.08729	0.01687	0.04598	0.01328	0.00759	0.00643	0.00201	0.00738	0.00638	0.00495	0.00987
23	0.01479	0.06751	0.29438	0.02229	0.02951	0.03459	0.34740	0.02054	0.01457	0.02022	0.01276	0.03277	0.00996	0.00646	0.00760	0.00215	0.04386	0.00652	0.00314	0.00898
24	0.00829	0.00673	0.00743	0.00771	0.00965	0.00586	0.00593	0.01021	0.01511	0.01860	0.10814	0.11540	0.53363	0.01693	0.00800	0.00235	0.00372	0.10445	0.00619	0.00566
25	0.04039	0.14315	0.45385	0.04350	0.02517	0.07033	0.01934	0.03752	0.03934	0.05111	0.01243	0.01406	0.00917	0.00642	0.00590	0.00196	0.00891	0.00480	0.00333	0.00933
26	0.03923	0.07236	0.04924	0.05712	0.27758	0.01532	0.06914	0.05726	0.01509	0.02143	0.07611	0.07380	0.01752	0.02233	0.00884	0.00222	0.09141	0.02137	0.00399	0.00863
27	0.01069	0.00894	0.01104	0.01079	0.01187	0.05773	0.00815	0.01258	0.01094	0.01496	0.01719	0.02713	0.01674	0.16022	0.54401	0.00893	0.05156	0.00721	0.00356	0.00576
28	0.10769	0.01242	0.01447	0.04892	0.01701	0.01285	0.00974	0.23278	0.02132	0.21420	0.19406	0.02642	0.04123	0.00928	0.00664	0.00204	0.00554	0.00751	0.00668	0.00919
29	0.10240	0.04296	0.02126	0.02428	0.29835	0.09352	0.04114	0.07895	0.07836	0.09305	0.01488	0.01686	0.01158	0.00883	0.04339	0.00240	0.00807	0.00572	0.00441	0.00956
30	0.01638	0.01678	0.01815	0.16312	0.18544	0.19543	0.01378	0.06933	0.01733	0.02121	0.13448	0.02485	0.07906	0.00856	0.00670	0.00198	0.00782	0.00714	0.00438	0.00806
31	0.07501	0.01368	0.01735	0.01412	0.04370	0.03482	0.09308	0.13113	0.05279	0.04335	0.08709	0.05429	0.01742	0.00754	0.00613	0.00171	0.00616	0.00652	0.00494	0.28916

[dist]
# distance from previous block
# <min> <max>
0	5

[block]
# block no. 3 follows, 33 sequences, length 92
# corresponding to MSA columns:
# 102-144,148-152,154-197
name=unknown_D
#
# <colnr> <probs for GDERKNQSTAVLIFYWHMCP>
#	G	D	E	R	K	N	Q	S	T	A	V	L	I	F	Y	W	H	M	C	P
0	0.02130	0.01348	0.01610	0.01387	0.05603	0.01370	0.01049	0.25526	0.08321	0.21400	0.02176	0.02258	0.04917	0.05269	0.05116	0.00268	0.00682	0.00671	0.00623	0.08275
1	0.05823	0.01517	0.07854	0.11898	0.04403	0.01463	0.01283	0.18562	0.11255	0.15506	0.05969	0.02246	0.05471	0.00850	0.00701	0.00211	0.02790	0.00680	0.00571	0.00949
2	0.01516	0.32395	0.31863	0.01579	0.05614	0.01917	0.01671	0.02110	0.07409	0.01963	0.05217	0.01559	0.01252	0.00662	0.00558	0.00182	0.00781	0.00500	0.00340	0.00911
3	0.00978	0.00755	0.00892	0.00911	0.01115	0.00704	0.00739	0.04541	0.01637	0.02084	0.14997	0.06253	0.36744	0.01627	0.00815	0.00245	0.00439	0.23287	0.00629	0.00610
4	0.01147	0.00831	0.00914	0.00868	0.01088	0.02910	0.00651	0.05168	0.01675	0.08061	0.20332	0.17280	0.33580	0.01511	0.00766	0.00222	0.00403	0.01292	0.00649	0.00652
5	0.81514	0.01273	0.00968	0.00866	0.01273	0.01477	0.00713	0.01935	0.01120	0.02954	0.00917	0.01069	0.00713	0.00611	0.00407	0.00204	0.00509	0.00356	0.00407	0.00713
6	0.01736	0.01631	0.01504	0.01202	0.01683	0.16847	0.00939	0.07625	0.06213	0.04678	0.01455	0.05597	0.01237	0.00678	0.00562	0.00143	0.00657	0.00528	0.00446	0.44640
7	0.01029	0.00693	0.00914	0.00872	0.01037	0.00640	0.00662	0.01324	0.01805	0.06000	0.60543	0.09740	0.05728	0.01394	0.00782	0.00216	0.00344	0.04922	0.00715	0.00639
8	0.01352	0.06967	0.67672	0.01911	0.05110	0.01583	0.02355	0.02077	0.01391	0.02061	0.01170	0.01381	0.00841	0.00621	0.00616	0.00205	0.00953	0.00483	0.00280	0.00969
9	0.02558	0.01586	0.01872	0.01437	0.01950	0.01660	0.03550	0.45770	0.02622	0.24957	0.01939	0.03917	0.01362	0.00826	0.00669	0.00202	0.00678	0.00657	0.00693	0.01095
10	0.01760	0.77260	0.03450	0.01126	0.01690	0.02605	0.01126	0.01971	0.01338	0.01549	0.00915	0.01056	0.00845	0.00563	0.00422	0.00141	0.00704	0.00352	0.00282	0.00845
11	0.01411	0.01169	0.01390	0.03445	0.01663	0.00900	0.00821	0.01707	0.01380	0.04357	0.01215	0.01405	0.00992	0.00503	0.00499	0.00105	0.00503	0.00405	0.00400	0.75731
12	0.01320	0.03405	0.73453	0.01876	0.02849	0.01529	0.02432	0.02085	0.01390	0.02085	0.01181	0.01390	0.00834	0.00625	0.00625	0.00208	0.00973	0.00486	0.00278	0.00973
13	0.00940	0.00705	0.01058	0.01058	0.01176	0.00823	0.00823	0.01176	0.01058	0.01528	0.01763	0.02586	0.01646	0.04937	0.74255	0.01058	0.01763	0.00705	0.00353	0.00588
14	0.01485	0.01573	0.03282	0.04814	0.06930	0.01496	0.54161	0.01985	0.01514	0.02122	0.01493	0.04439	0.01191	0.00636	0.00733	0.00214	0.00969	0.00780	0.09336	0.00849
15	0.00802	0.00573	0.00764	0.00917	0.00955	0.00535	0.00611	0.00917	0.01260	0.01681	0.03628	0.76434	0.04354	0.02062	0.00840	0.00267	0.00382	0.01872	0.00611	0.00535
16	0.00778	0.00667	0.00667	0.00667	0.00889	0.00556	0.00500	0.00945	0.01501	0.01778	0.06669	0.06336	0.72490	0.01667	0.00778	0.00222	0.00333	0.01389	0.00611	0.00556
17	0.00932	0.00673	0.00880	0.00828	0.00984	0.00621	0.00621	0.01242	0.01863	0.02640	0.72410	0.04918	0.06212	0.01346	0.00776	0.00207	0.00311	0.01191	0.00725	0.00621
18	0.01451	0.11882	0.60506	0.01765	0.02660	0.01688	0.02201	0.06683	0.01499	0.02162	0.01177	0.01364	0.00854	0.00629	0.00604	0.00200	0.00925	0.00478	0.00304	0.00968
19	0.02954	0.01120	0.01528	0.01171	0.01681	0.00968	0.00968	0.03208	0.01884	0.73213	0.02597	0.02241	0.01630	0.00815	0.00662	0.00204	0.00560	0.00662	0.00815	0.01120
20	0.02459	0.03138	0.01866	0.01696	0.02035	0.74221	0.01272	0.02629	0.01866	0.01611	0.01018	0.01187	0.00848	0.00678	0.00594	0.00170	0.01187	0.00424	0.00339	0.00763
21	0.02544	0.02791	0.01808	0.01606	0.01974	0.61646	0.01220	0.02728	0.01869	0.13902	0.01289	0.01368	0.00982	0.00702	0.00605	0.00175	0.01080	0.00465	0.00421	0.00825
22	0.00867	0.00680	0.00796	0.00848	0.01014	0.00619	0.00645	0.01101	0.03326	0.01888	0.11006	0.22758	0.37417	0.01737	0.00812	0.00245	0.00393	0.12649	0.00622	0.00578
23	0.02954	0.01120	0.01528	0.01171	0.01681	0.00968	0.00968	0.03208	0.01884	0.73213	0.02597	0.02241	0.01630	0.00815	0.00662	0.00204	0.00560	0.00662	0.00815	0.01120
24	0.01367	0.00828	0.01190	0.01014	0.01270	0.00753	0.04916	0.01682	0.01849	0.16493	0.54367	0.04200	0.04994	0.01193	0.00754	0.00207	0.00408	0.01062	0.00719	0.00736
25	0.04098	0.46330	0.28558	0.01464	0.03930	0.02155	0.01607	0.02012	0.01354	0.01801	0.01019	0.01191	0.00842	0.00588	0.00501	0.00169	0.00797	0.00407	0.00285	0.00892
26	0.00797	0.00668	0.00693	0.00687	0.00901	0.00564	0.00515	0.00981	0.01545	0.01884	0.14714	0.06162	0.64380	0.01628	0.00778	0.00220	0.00331	0.01365	0.00625	0.00564
27	0.01760	0.77260	0.03450	0.01126	0.01690	0.02605	0.01126	0.01971	0.01338	0.01549	0.00915	0.01056	0.00845	0.00563	0.00422	0.00141	0.00704	0.00352	0.00282	0.00845
28	0.11131	0.13116	0.01955	0.01467	0.01865	0.43351	0.01160	0.06754	0.07628	0.04042	0.01211	0.01316	0.00969	0.00683	0.00561	0.00177	0.00941	0.00450	0.00400	0.00825
29	0.01320	0.03405	0.73453	0.01876	0.02849	0.01529	0.02432	0.02085	0.01390	0.02085	0.01181	0.01390	0.00834	0.00625	0.00625	0.00208	0.00973	0.00486	0.00278	0.00973
30	0.00782	0.00667	0.00673	0.00672	0.00892	0.00558	0.00504	0.00953	0.01511	0.01803	0.08568	0.06295	0.70575	0.01658	0.00778	0.00222	0.00333	0.01384	0.00615	0.00558
31	0.06100	0.01280	0.01473	0.01183	0.01611	0.01299	0.00960	0.24782	0.06396	0.26609	0.10822	0.02751	0.09894	0.00959	0.00675	0.00205	0.00555	0.00772	0.00702	0.00974
32	0.01191	0.00940	0.01053	0.00985	0.01235	0.00969	0.00749	0.02000	0.26424	0.04340	0.24916	0.09138	0.20852	0.01299	0.00740	0.00221	0.00402	0.01113	0.00672	0.00762
33	0.00809	0.00668	0.00710	0.00699	0.00908	0.00569	0.00525	0.01005	0.01574	0.01952	0.19941	0.06049	0.59110	0.01602	0.00778	0.00219	0.00329	0.01349	0.00634	0.00569
34	0.01509	0.01555	0.02006	0.01726	0.01749	0.06878	0.01429	0.01655	0.01066	0.01586	0.00875	0.01423	0.00863	0.01120	0.02055	0.00280	0.70644	0.00566	0.00292	0.00723
35	0.01415	0.01345	0.02284	0.43680	0.34797	0.01508	0.01914	0.01832	0.01397	0.01890	0.01200	0.01699	0.00951	0.00626	0.00655	0.00209	0.00835	0.00586	0.00307	0.00869
36	0.00968	0.00634	0.00726	0.00726	0.00726	0.00634	0.00409	0.00952	0.00952	0.01269	0.02022	0.04178	0.02323	0.72665	0.03307	0.05155	0.00634	0.00936	0.00393	0.00393
37	0.01456	0.00961	0.01160	0.01032	0.01307	0.00974	0.00799	0.02213	0.22356	0.13720	0.40985	0.03775	0.04259	0.01130	0.00727	0.00211	0.00412	0.00977	0.00723	0.00823
38	0.01384	0.01308	0.02187	0.49332	0.26824	0.01502	0.01864	0.01856	0.03820	0.01873	0.01245	0.01738	0.00971	0.00643	0.00656	0.00212	0.00834	0.00591	0.00317	0.00844
39	0.01695	0.59392	0.17849	0.01295	0.01941	0.02363	0.01400	0.04380	0.01410	0.01750	0.00993	0.01143	0.00852	0.00584	0.00473	0.00157	0.00760	0.00388	0.00294	0.00881
40	0.01608	0.01542	0.02633	0.08052	0.68916	0.01558	0.02010	0.02001	0.01489	0.02124	0.01234	0.01636	0.01033	0.00591	0.00652	0.00197	0.00787	0.00586	0.00324	0.01025
41	0.00940	0.00705	0.01058	0.01058	0.01176	0.00823	0.00823	0.01176	0.01058	0.01528	0.01763	0.02586	0.01646	0.04937	0.74255	0.01058	0.01763	0.00705	0.00353	0.00588
42	0.01887	0.01673	0.02776	0.02043	0.02597	0.01694	0.35643	0.28700	0.02135	0.02942	0.01520	0.01776	0.01123	0.00670	0.00695	0.00205	0.00870	0.00687	0.09418	0.00947
43	0.01629	0.01564	0.02672	0.04041	0.72757	0.01564	0.02020	0.02020	0.01499	0.02151	0.01238	0.01629	0.01043	0.00587	0.00652	0.00196	0.00782	0.00587	0.00326	0.01043
44	0.01243	0.01170	0.01975	0.75282	0.04534	0.01463	0.01828	0.01682	0.01316	0.01682	0.01170	0.01755	0.00878	0.00658	0.00658	0.00219	0.00878	0.00585	0.00293	0.00731
45	0.00957	0.00638	0.00718	0.00718	0.00718	0.00638	0.00399	0.00957	0.00957	0.01276	0.02074	0.04308	0.02393	0.76864	0.03351	0.00638	0.00638	0.00957	0.00399	0.00399
46	0.01365	0.01170	0.01365	0.00975	0.01560	0.00878	0.00780	0.01658	0.01365	0.02145	0.01170	0.01365	0.00975	0.00488	0.00488	0.00098	0.00488	0.00390	0.00390	0.80888
47	0.01320	0.03405	0.73453	0.01876	0.02849	0.01529	0.02432	0.02085	0.01390	0.02085	0.01181	0.01390	0.00834	0.00625	0.00625	0.00208	0.00973	0.00486	0.00278	0.00973
48	0.00802	0.00573	0.00764	0.00917	0.00955	0.00535	0.00611	0.00917	0.01260	0.01681	0.03628	0.76434	0.04354	0.02062	0.00840	0.00267	0.00382	0.01872	0.00611	0.00535
49	0.01490	0.31821	0.46519	0.01588	0.02403	0.01943	0.01930	0.02041	0.01370	0.01879	0.01079	0.01261	0.00838	0.00602	0.00547	0.00182	0.00869	0.00435	0.00279	0.00924
50	0.02503	0.01844	0.01976	0.01515	0.02042	0.02042	0.01251	0.70562	0.03095	0.04149	0.01581	0.01581	0.01120	0.00790	0.00659	0.00198	0.00724	0.00593	0.00659	0.01120
51	0.00802	0.00573	0.00764	0.00917	0.00955	0.00535	0.00611	0.00917	0.01260	0.01681	0.03628	0.76434	0.04354	0.02062	0.00840	0.00267	0.00382	0.01872	0.00611	0.00535
52	0.00873	0.00671	0.00798	0.00766	0.00947	0.00596	0.00575	0.01128	0.01724	0.02310	0.47202	0.05461	0.31626	0.01469	0.00777	0.00213	0.00319	0.01267	0.00681	0.00596
53	0.00956	0.00728	0.00945	0.00907	0.01056	0.00717	0.00701	0.01232	0.01714	0.02380	0.51746	0.07315	0.13181	0.01434	0.00884	0.00225	0.05415	0.07179	0.00668	0.00616
54	0.45681	0.07986	0.07921	0.01086	0.01550	0.01567	0.00981	0.06306	0.09989	0.05116	0.05255	0.01553	0.01257	0.00702	0.00505	0.00201	0.00573	0.00487	0.00464	0.00821
55	0.01446	0.01913	0.25052	0.01319	0.01992	0.01157	0.01362	0.03670	0.01429	0.05633	0.01307	0.03363	0.01048	0.00621	0.00613	0.00153	0.03268	0.00485	0.00383	0.43784
56	0.00846	0.00620	0.00804	0.00935	0.01021	0.00579	0.00678	0.01003	0.01342	0.01748	0.04041	0.53632	0.14082	0.01961	0.00844	0.00267	0.00416	0.14020	0.00610	0.00551
57	0.01403	0.17278	0.60304	0.01736	0.02631	0.01731	0.02187	0.02064	0.01380	0.01984	0.01131	0.01327	0.00836	0.00614	0.00587	0.00196	0.00922	0.00461	0.00279	0.00949
58	0.00940	0.00705	0.01058	0.01058	0.01176	0.00823	0.00823	0.01176	0.01058	0.01528	0.01763	0.02586	0.01646	0.04937	0.74255	0.01058	0.01763	0.00705	0.00353	0.00588
59	0.00859	0.00637	0.00803	0.00845	0.00969	0.00581	0.00610	0.01069	0.01558	0.02098	0.32073	0.32099	0.17663	0.01690	0.00805	0.00236	0.00352	0.03818	0.00657	0.00576
60	0.03912	0.00956	0.01489	0.22942	0.06202	0.01040	0.05045	0.01498	0.01385	0.01923	0.02342	0.14287	0.02378	0.01338	0.02811	0.00269	0.00695	0.21788	0.07023	0.00676
61	0.02064	0.01375	0.01542	0.01311	0.01733	0.01496	0.01041	0.09401	0.46971	0.21576	0.02560	0.02321	0.01829	0.00863	0.00667	0.00216	0.00550	0.00709	0.00707	0.01070
62	0.00932	0.00673	0.00880	0.00828	0.00984	0.00621	0.00621	0.01242	0.01863	0.02640	0.72410	0.04918	0.06212	0.01346	0.00776	0.00207	0.00311	0.01191	0.00725	0.00621
63	0.01503	0.01435	0.02444	0.27365	0.50421	0.01531	0.01958	0.01910	0.01439	0.01997	0.01216	0.01671	0.00989	0.00610	0.00654	0.00203	0.00813	0.00586	0.00315	0.00941
64	0.01412	0.03277	0.69403	0.01837	0.02783	0.01497	0.02350	0.02148	0.01418	0.06090	0.01261	0.01438	0.00879	0.00636	0.00628	0.00208	0.00950	0.00496	0.00308	0.00981
65	0.00812	0.00587	0.00769	0.00895	0.00954	0.00543	0.00606	0.00946	0.01326	0.01769	0.09747	0.66363	0.08290	0.01979	0.00831	0.00260	0.00373	0.01786	0.00621	0.00543
66	0.77090	0.01265	0.00999	0.00883	0.01296	0.01448	0.00727	0.02007	0.01163	0.06910	0.01011	0.01135	0.00765	0.00623	0.00422	0.00204	0.00512	0.00374	0.00430	0.00736
67	0.02459	0.03138	0.01866	0.01696	0.02035	0.74221	0.01272	0.02629	0.01866	0.01611	0.01018	0.01187	0.00848	0.00678	0.00594	0.00170	0.01187	0.00424	0.00339	0.00763
68	0.01760	0.77260	0.03450	0.01126	0.01690	0.02605	0.01126	0.01971	0.01338	0.01549	0.00915	0.01056	0.00845	0.00563	0.00422	0.00141	0.00704	0.00352	0.00282	0.00845
69	0.00802	0.00573	0.00764	0.00917	0.00955	0.00535	0.00611	0.00917	0.01260	0.01681	0.03628	0.76434	0.04354	0.02062	0.00840	0.00267	0.00382	0.01872	0.00611	0.00535
70	0.06729	0.56316	0.04911	0.01164	0.01707	0.04241	0.01121	0.02205	0.05352	0.09205	0.01201	0.01272	0.00984	0.00616	0.00471	0.00159	0.00688	0.00413	0.00368	0.00878
71	0.01515	0.01641	0.03175	0.21546	0.12161	0.04123	0.41962	0.02006	0.01497	0.01987	0.01268	0.01732	0.00968	0.00590	0.00725	0.00216	0.01013	0.00692	0.00322	0.00862
72	0.02534	0.01060	0.01414	0.01122	0.01563	0.00945	0.00912	0.02887	0.05742	0.57194	0.14586	0.02712	0.02437	0.00910	0.00682	0.00205	0.00515	0.00757	0.00791	0.01030
73	0.01629	0.01564	0.02672	0.04041	0.72757	0.01564	0.02020	0.02020	0.01499	0.02151	0.01238	0.01629	0.01043	0.00587	0.00652	0.00196	0.00782	0.00587	0.00326	0.01043
74	0.06293	0.02911	0.01804	0.01630	0.01980	0.64426	0.01231	0.04718	0.05729	0.01818	0.01122	0.01264	0.00914	0.00690	0.00591	0.00175	0.01103	0.00444	0.00371	0.00787
75	0.02464	0.03002	0.01877	0.01677	0.02036	0.66681	0.01270	0.09725	0.01994	0.01876	0.01076	0.01228	0.00876	0.00690	0.00600	0.00173	0.01139	0.00442	0.00373	0.00800
76	0.01320	0.03405	0.73453	0.01876	0.02849	0.01529	0.02432	0.02085	0.01390	0.02085	0.01181	0.01390	0.00834	0.00625	0.00625	0.00208	0.00973	0.00486	0.00278	0.00973
77	0.01525	0.01235	0.04015	0.08184	0.13940	0.01193	0.01157	0.10377	0.09463	0.09519	0.09205	0.03398	0.21947	0.01048	0.00702	0.00211	0.00571	0.00889	0.00565	0.00855
78	0.00802	0.00573	0.00764	0.00917	0.00955	0.00535	0.00611	0.00917	0.01260	0.01681	0.03628	0.76434	0.04354	0.02062	0.00840	0.00267	0.00382	0.01872	0.00611	0.00535
79	0.01548	0.01757	0.03781	0.02717	0.03346	0.01684	0.66547	0.02080	0.01524	0.02080	0.01306	0.01757	0.00991	0.00588	0.00854	0.00226	0.05241	0.00766	0.00330	0.00879
80	0.01814	0.01764	0.09402	0.02377	0.07393	0.01516	0.41798	0.06049	0.01676	0.14423	0.01617	0.01995	0.01198	0.00664	0.00734	0.00217	0.00944	0.03032	0.00438	0.00948
81	0.00923	0.00687	0.00736	0.00729	0.00832	0.00656	0.00469	0.01077	0.04627	0.01540	0.03850	0.04988	0.29005	0.44570	0.02242	0.00460	0.00517	0.01111	0.00493	0.00490
82	0.00801	0.00576	0.00761	0.00908	0.00953	0.00535	0.00607	0.00918	0.01268	0.01684	0.03729	0.74108	0.06615	0.02049	0.00838	0.00266	0.00380	0.01856	0.00611	0.00535
83	0.01637	0.01414	0.01489	0.01340	0.01712	0.01637	0.01042	0.03498	0.71568	0.02754	0.02679	0.02456	0.02010	0.00893	0.00670	0.00223	0.00521	0.00744	0.00670	0.01042
84	0.01554	0.01776	0.03885	0.02775	0.03441	0.01665	0.70366	0.02109	0.01554	0.02109	0.01332	0.01776	0.00999	0.00555	0.00777	0.00222	0.01110	0.00777	0.00333	0.00888
85	0.02954	0.01120	0.01528	0.01171	0.01681	0.00968	0.00968	0.03208	0.01884	0.73213	0.02597	0.02241	0.01630	0.00815	0.00662	0.00204	0.00560	0.00662	0.00815	0.01120
86	0.01637	0.01414	0.01489	0.01340	0.01712	0.01637	0.01042	0.03498	0.71568	0.02754	0.02679	0.02456	0.02010	0.00893	0.00670	0.00223	0.00521	0.00744	0.00670	0.01042
87	0.00778	0.00667	0.00667	0.00667	0.00889	0.00556	0.00500	0.00945	0.01501	0.01778	0.06669	0.06336	0.72490	0.01667	0.00778	0.00222	0.00333	0.01389	0.00611	0.00556
88	0.01061	0.00758	0.01061	0.01212	0.01364	0.00758	0.01061	0.01364	0.01515	0.01970	0.03486	0.07426	0.03789	0.01819	0.00909	0.00303	0.00606	0.68326	0.00606	0.00606
89	0.00873	0.00671	0.00798	0.00766	0.00947	0.00596	0.00575	0.01128	0.01724	0.02310	0.47202	0.05461	0.31626	0.01469	0.00777	0.00213	0.00319	0.01267	0.00681	0.00596
90	0.00932	0.00673	0.00880	0.00828	0.00984	0.00621	0.00621	0.01242	0.01863	0.02640	0.72410	0.04918	0.06212	0.01346	0.00776	0.00207	0.00311	0.01191	0.00725	0.00621
91	0.02455	0.01820	0.01949	0.01505	0.02023	0.02019	0.01240	0.66846	0.06889	0.04072	0.01641	0.01629	0.01169	0.00796	0.00659	0.00199	0.00713	0.00601	0.00659	0.01115

[dist]
# distance from previous block
# <min> <max>
0	7

[block]
# block no. 4 follows, 33 sequences, length 49
# corresponding to MSA columns:
# 205-253
name=unknown_E
#
# <colnr> <probs for GDERKNQSTAVLIFYWHMCP>
#	G	D	E	R	K	N	Q	S	T	A	V	L	I	F	Y	W	H	M	C	P
0	0.81514	0.01273	0.00968	0.00866	0.01273	0.01477	0.00713	0.01935	0.01120	0.02954	0.00917	0.01069	0.00713	0.00611	0.00407	0.00204	0.00509	0.00356	0.00407	0.00713
1	0.01477	0.01829	0.13329	0.02147	0.07134	0.03301	0.30988	0.02276	0.16095	0.02244	0.06455	0.02308	0.05766	0.00758	0.00719	0.00216	0.00850	0.00768	0.00436	0.00903
2	0.00957	0.00802	0.03167	0.05532	0.03582	0.00741	0.00847	0.01219	0.03891	0.01836	0.07820	0.47347	0.03693	0.03531	0.03434	0.00289	0.00519	0.07361	0.00562	0.02871
3	0.00810	0.00578	0.00773	0.00925	0.00967	0.00541	0.00624	0.00930	0.01268	0.01689	0.03624	0.74398	0.04337	0.02055	0.00842	0.00268	0.00389	0.03832	0.00611	0.00537
4	0.01866	0.01785	0.08189	0.01441	0.01898	0.06647	0.01222	0.15771	0.45519	0.05026	0.02222	0.02102	0.01645	0.00832	0.00658	0.00213	0.00647	0.00668	0.00614	0.01033
5	0.01526	0.20915	0.29806	0.01733	0.09246	0.01654	0.04070	0.01998	0.01403	0.04109	0.01167	0.01365	0.00916	0.00581	0.00556	0.00168	0.00781	0.00459	0.00325	0.17221
6	0.01628	0.06429	0.17243	0.01934	0.14598	0.05680	0.04154	0.03673	0.01497	0.09920	0.07681	0.04472	0.01670	0.05996	0.01025	0.00241	0.10196	0.00676	0.00421	0.00866
7	0.01350	0.08457	0.68664	0.01825	0.02770	0.01602	0.02343	0.02077	0.01386	0.02048	0.01163	0.01367	0.00835	0.00621	0.00612	0.00204	0.00955	0.00477	0.00278	0.00964
8	0.01267	0.01078	0.01742	0.02484	0.36661	0.01066	0.01338	0.01490	0.01354	0.01878	0.02171	0.26745	0.02334	0.01336	0.00933	0.08665	0.00616	0.05643	0.00435	0.00766
9	0.01931	0.09780	0.24797	0.01910	0.06746	0.03309	0.15501	0.04882	0.01628	0.20793	0.01571	0.01674	0.01101	0.00660	0.00647	0.00201	0.00849	0.00586	0.00449	0.00986
10	0.01813	0.09823	0.15353	0.11536	0.09016	0.01580	0.19773	0.04740	0.01588	0.16172	0.01492	0.01700	0.01071	0.00645	0.00659	0.00204	0.00861	0.00609	0.00419	0.00947
11	0.00789	0.00667	0.00681	0.00678	0.00896	0.00560	0.00508	0.00965	0.01525	0.01837	0.11151	0.06239	0.67971	0.01645	0.00778	0.00221	0.00332	0.01376	0.00619	0.00560
12	0.01554	0.21013	0.01903	0.06222	0.01697	0.14844	0.04093	0.01859	0.04010	0.01858	0.04171	0.07008	0.01611	0.03847	0.05509	0.00250	0.00768	0.00647	0.16413	0.00722
13	0.01350	0.08457	0.68664	0.01825	0.02770	0.01602	0.02343	0.02077	0.01386	0.02048	0.01163	0.01367	0.00835	0.00621	0.00612	0.00204	0.00955	0.00477	0.00278	0.00964
14	0.13292	0.01140	0.01454	0.01131	0.01627	0.01035	0.00934	0.03041	0.01784	0.63967	0.02376	0.02087	0.01509	0.00788	0.00629	0.00204	0.00553	0.00622	0.00761	0.01067
15	0.01227	0.00614	0.00614	0.00614	0.00767	0.00614	0.00460	0.01534	0.01381	0.02454	0.02148	0.02454	0.01687	0.00767	0.00460	0.00153	0.00307	0.00614	0.80518	0.00614
16	0.01789	0.51933	0.13708	0.01332	0.01916	0.12776	0.01341	0.02153	0.04596	0.01693	0.01050	0.01189	0.00896	0.00604	0.00489	0.00159	0.00806	0.00400	0.00307	0.00861
17	0.01061	0.00758	0.01061	0.01212	0.01364	0.00758	0.01061	0.01364	0.01515	0.01970	0.03486	0.07426	0.03789	0.01819	0.00909	0.00303	0.00606	0.68326	0.00606	0.00606
18	0.06386	0.01093	0.01440	0.01119	0.01600	0.00966	0.00921	0.03037	0.01815	0.65214	0.02491	0.02202	0.01592	0.00802	0.00637	0.00200	0.00541	0.00645	0.06231	0.01067
19	0.01079	0.00805	0.00901	0.00842	0.01083	0.00743	0.00656	0.07836	0.01754	0.04828	0.21180	0.05470	0.42864	0.01487	0.00771	0.00221	0.00393	0.05787	0.00649	0.00649
20	0.01458	0.12575	0.59507	0.01770	0.02645	0.06979	0.02185	0.02111	0.01418	0.01984	0.01136	0.01334	0.00836	0.00622	0.00598	0.00197	0.00955	0.00465	0.00283	0.00942
21	0.00800	0.00579	0.00757	0.00899	0.00950	0.00536	0.00603	0.00919	0.01277	0.01687	0.03838	0.71594	0.09058	0.02035	0.00836	0.00264	0.00379	0.01838	0.00611	0.00536
22	0.05035	0.03004	0.01843	0.01659	0.02011	0.67805	0.01253	0.06416	0.01910	0.01797	0.01046	0.01205	0.00859	0.00682	0.00591	0.00172	0.01139	0.00431	0.00359	0.00782
23	0.02320	0.19910	0.02219	0.01539	0.01944	0.51939	0.01227	0.05570	0.01801	0.04338	0.01078	0.01214	0.00888	0.00662	0.00560	0.00166	0.01033	0.00424	0.00358	0.00811
24	0.01043	0.00713	0.00818	0.00821	0.00921	0.00732	0.00565	0.01311	0.06917	0.01727	0.02664	0.06141	0.08705	0.36315	0.09369	0.00493	0.00649	0.05515	0.14041	0.00539
25	0.01629	0.01564	0.02672	0.04041	0.72757	0.01564	0.02020	0.02020	0.01499	0.02151	0.01238	0.01629	0.01043	0.00587	0.00652	0.00196	0.00782	0.00587	0.00326	0.01043
26	0.06965	0.01195	0.01512	0.01312	0.01613	0.01260	0.07673	0.22429	0.07817	0.02649	0.02518	0.35014	0.02598	0.01331	0.00735	0.00234	0.00577	0.01178	0.00589	0.00802
27	0.01533	0.01522	0.02517	0.24466	0.38578	0.04213	0.09305	0.01983	0.03454	0.01990	0.01250	0.01684	0.01005	0.00633	0.00711	0.00208	0.03102	0.00605	0.00326	0.00915
28	0.00789	0.00667	0.00681	0.00678	0.00896	0.00560	0.00508	0.00965	0.01525	0.01837	0.11151	0.06239	0.67971	0.01645	0.00778	0.00221	0.00332	0.01376	0.00619	0.00560
29	0.00933	0.00675	0.00940	0.00954	0.01033	0.00747	0.00690	0.01094	0.01049	0.01475	0.02015	0.09707	0.02090	0.23942	0.48645	0.00874	0.01337	0.00878	0.00388	0.00532
30	0.01391	0.15289	0.62189	0.01756	0.02663	0.01702	0.02222	0.02067	0.01381	0.01999	0.01139	0.01336	0.00836	0.00615	0.00593	0.00198	0.00930	0.00465	0.00279	0.00952
31	0.00940	0.00705	0.01058	0.01058	0.01176	0.00823	0.00823	0.01176	0.01058	0.01528	0.01763	0.02586	0.01646	0.04937	0.74255	0.01058	0.01763	0.00705	0.00353	0.00588
32	0.00932	0.00673	0.00880	0.00828	0.00984	0.00621	0.00621	0.01242	0.01863	0.02640	0.72410	0.04918	0.06212	0.01346	0.00776	0.00207	0.00311	0.01191	0.00725	0.00621
33	0.01305	0.03300	0.70659	0.01836	0.02777	0.01494	0.02363	0.02052	0.01408	0.02106	0.03924	0.01526	0.01041	0.00653	0.00631	0.00208	0.00947	0.00514	0.00295	0.00959
34	0.02503	0.01844	0.01976	0.01515	0.02042	0.02042	0.01251	0.70562	0.03095	0.04149	0.01581	0.01581	0.01120	0.00790	0.00659	0.00198	0.00724	0.00593	0.00659	0.01120
35	0.01265	0.01192	0.02014	0.71236	0.08409	0.01468	0.01839	0.01701	0.01327	0.01709	0.01174	0.01748	0.00887	0.00654	0.00658	0.00218	0.00872	0.00585	0.00294	0.00749
36	0.01061	0.00758	0.01061	0.01212	0.01364	0.00758	0.01061	0.01364	0.01515	0.01970	0.03486	0.07426	0.03789	0.01819	0.00909	0.00303	0.00606	0.68326	0.00606	0.00606
37	0.02306	0.01359	0.01578	0.01297	0.01749	0.01424	0.01043	0.13458	0.32763	0.31796	0.02481	0.02236	0.01720	0.00846	0.00665	0.00211	0.00568	0.00688	0.00727	0.01086
38	0.00946	0.00638	0.00744	0.00755	0.00765	0.00644	0.00442	0.00969	0.00985	0.01321	0.02159	0.09125	0.02477	0.66843	0.08013	0.00641	0.00697	0.01003	0.00410	0.00421
39	0.00789	0.00671	0.00683	0.00689	0.00908	0.00564	0.00523	0.00961	0.01501	0.01786	0.06542	0.06379	0.69755	0.01673	0.00783	0.00226	0.00344	0.04055	0.00611	0.00558
40	0.02954	0.01120	0.01528	0.01171	0.01681	0.00968	0.00968	0.03208	0.01884	0.73213	0.02597	0.02241	0.01630	0.00815	0.00662	0.00204	0.00560	0.00662	0.00815	0.01120
41	0.01365	0.01170	0.01365	0.00975	0.01560	0.00878	0.00780	0.01658	0.01365	0.02145	0.01170	0.01365	0.00975	0.00488	0.00488	0.00098	0.00488	0.00390	0.00390	0.80888
42	0.02459	0.03138	0.01866	0.01696	0.02035	0.74221	0.01272	0.02629	0.01866	0.01611	0.01018	0.01187	0.00848	0.00678	0.00594	0.00170	0.01187	0.00424	0.00339	0.00763
43	0.00806	0.00595	0.00757	0.00884	0.00957	0.00545	0.00607	0.00936	0.01309	0.01706	0.04134	0.62495	0.15764	0.01988	0.00832	0.00261	0.00381	0.03893	0.00611	0.00541
44	0.02412	0.01799	0.01925	0.01496	0.02007	0.01999	0.01229	0.63552	0.10253	0.04003	0.01695	0.01672	0.01213	0.00801	0.00660	0.00200	0.00703	0.00609	0.00660	0.01111
45	0.01695	0.00877	0.01149	0.01040	0.01338	0.00805	0.00849	0.02004	0.03714	0.28030	0.16666	0.04575	0.13737	0.01427	0.03441	0.00262	0.00532	0.16360	0.00698	0.00801
46	0.00778	0.00667	0.00667	0.00667	0.00889	0.00556	0.00500	0.00945	0.01501	0.01778	0.06669	0.06336	0.72490	0.01667	0.00778	0.00222	0.00333	0.01389	0.00611	0.00556
47	0.00893	0.00663	0.00832	0.00808	0.00964	0.00602	0.00599	0.01160	0.01744	0.02401	0.54581	0.11766	0.17615	0.01468	0.00783	0.00215	0.00321	0.01288	0.00694	0.00602
48	0.81514	0.01273	0.00968	0.00866	0.01273	0.01477	0.00713	0.01935	0.01120	0.02954	0.00917	0.01069	0.00713	0.00611	0.00407	0.00204	0.00509	0.00356	0.00407	0.00713

[dist]
# distance from previous block
# <min> <max>
0	20

[block]
# block no. 5 follows, 33 sequences, length 40
# corresponding to MSA columns:
# 274-313
name=unknown_F
#
# <colnr> <probs for GDERKNQSTAVLIFYWHMCP>
#	G	D	E	R	K	N	Q	S	T	A	V	L	I	F	Y	W	H	M	C	P
0	0.02954	0.01120	0.01528	0.01171	0.01681	0.00968	0.00968	0.03208	0.01884	0.73213	0.02597	0.02241	0.01630	0.00815	0.00662	0.00204	0.00560	0.00662	0.00815	0.01120
1	0.02447	0.01826	0.02020	0.01676	0.06567	0.02011	0.01301	0.66175	0.02993	0.04021	0.01559	0.01584	0.01115	0.00777	0.00658	0.00197	0.00728	0.00592	0.00637	0.01115
2	0.01505	0.01299	0.01362	0.01236	0.01585	0.01471	0.00958	0.03104	0.60756	0.02603	0.03295	0.03055	0.12885	0.01013	0.00687	0.00223	0.00492	0.00844	0.00661	0.00967
3	0.02954	0.01120	0.01528	0.01171	0.01681	0.00968	0.00968	0.03208	0.01884	0.73213	0.02597	0.02241	0.01630	0.00815	0.00662	0.00204	0.00560	0.00662	0.00815	0.01120
4	0.02954	0.01120	0.01528	0.01171	0.01681	0.00968	0.00968	0.03208	0.01884	0.73213	0.02597	0.02241	0.01630	0.00815	0.00662	0.00204	0.00560	0.00662	0.00815	0.01120
5	0.01629	0.01564	0.02672	0.04041	0.72757	0.01564	0.02020	0.02020	0.01499	0.02151	0.01238	0.01629	0.01043	0.00587	0.00652	0.00196	0.00782	0.00587	0.00326	0.01043
6	0.00816	0.00632	0.00747	0.00814	0.00948	0.00563	0.00585	0.00981	0.01435	0.01830	0.11628	0.36044	0.33871	0.01811	0.00810	0.00244	0.00365	0.04698	0.00622	0.00556
7	0.00968	0.00692	0.00952	0.01087	0.01202	0.00676	0.00882	0.01212	0.01463	0.01933	0.09225	0.29153	0.04169	0.01857	0.00876	0.00284	0.00510	0.41656	0.00618	0.00585
8	0.81514	0.01273	0.00968	0.00866	0.01273	0.01477	0.00713	0.01935	0.01120	0.02954	0.00917	0.01069	0.00713	0.00611	0.00407	0.00204	0.00509	0.00356	0.00407	0.00713
9	0.00885	0.00657	0.00824	0.00812	0.00962	0.00597	0.00598	0.01141	0.01709	0.02343	0.50403	0.15661	0.17959	0.01509	0.00786	0.00219	0.00325	0.01326	0.00687	0.00597
10	0.02954	0.01120	0.01528	0.01171	0.01681	0.00968	0.00968	0.03208	0.01884	0.73213	0.02597	0.02241	0.01630	0.00815	0.00662	0.00204	0.00560	0.00662	0.00815	0.01120
11	0.81514	0.01273	0.00968	0.00866	0.01273	0.01477	0.00713	0.01935	0.01120	0.02954	0.00917	0.01069	0.00713	0.00611	0.00407	0.00204	0.00509	0.00356	0.00407	0.00713
12	0.81514	0.01273	0.00968	0.00866	0.01273	0.01477	0.00713	0.01935	0.01120	0.02954	0.00917	0.01069	0.00713	0.00611	0.00407	0.00204	0.00509	0.00356	0.00407	0.00713
13	0.00802	0.00573	0.00764	0.00917	0.00955	0.00535	0.00611	0.00917	0.01260	0.01681	0.03628	0.76434	0.04354	0.02062	0.00840	0.00267	0.00382	0.01872	0.00611	0.00535
14	0.05898	0.01458	0.01519	0.01336	0.01728	0.01677	0.01050	0.11354	0.59796	0.02929	0.02458	0.02280	0.01837	0.00866	0.00655	0.00219	0.00544	0.00706	0.00655	0.01034
15	0.01653	0.01681	0.02419	0.19065	0.49008	0.10864	0.01883	0.02026	0.01507	0.01981	0.01195	0.01600	0.00982	0.00614	0.00646	0.00197	0.00855	0.00565	0.00320	0.00940
16	0.00802	0.00573	0.00764	0.00917	0.00955	0.00535	0.00611	0.00917	0.01260	0.01681	0.03628	0.76434	0.04354	0.02062	0.00840	0.00267	0.00382	0.01872	0.00611	0.00535
17	0.02503	0.01844	0.01976	0.01515	0.02042	0.02042	0.01251	0.70562	0.03095	0.04149	0.01581	0.01581	0.01120	0.00790	0.00659	0.00198	0.00724	0.00593	0.00659	0.01120
18	0.01629	0.01564	0.02672	0.04041	0.72757	0.01564	0.02020	0.02020	0.01499	0.02151	0.01238	0.01629	0.01043	0.00587	0.00652	0.00196	0.00782	0.00587	0.00326	0.01043
19	0.01017	0.00744	0.01000	0.01128	0.01291	0.00727	0.00974	0.01299	0.01513	0.01941	0.03977	0.07258	0.14390	0.01795	0.00889	0.00291	0.00564	0.57997	0.00607	0.00598
20	0.01365	0.01170	0.01365	0.00975	0.01560	0.00878	0.00780	0.01658	0.01365	0.02145	0.01170	0.01365	0.00975	0.00488	0.00488	0.00098	0.00488	0.00390	0.00390	0.80888
21	0.02895	0.01215	0.01586	0.01216	0.01728	0.01108	0.01005	0.11988	0.02042	0.64211	0.02465	0.02155	0.01563	0.00812	0.00662	0.00203	0.00582	0.00653	0.00794	0.01120
22	0.01294	0.00678	0.00685	0.00661	0.00833	0.00688	0.00501	0.05128	0.01470	0.02543	0.02118	0.02409	0.01658	0.00768	0.00471	0.00156	0.00329	0.00613	0.76361	0.00640
23	0.02459	0.03138	0.01866	0.01696	0.02035	0.74221	0.01272	0.02629	0.01866	0.01611	0.01018	0.01187	0.00848	0.00678	0.00594	0.00170	0.01187	0.00424	0.00339	0.00763
24	0.00926	0.00688	0.00864	0.00827	0.00991	0.00637	0.00617	0.01252	0.03752	0.02485	0.58597	0.08665	0.14416	0.01410	0.00777	0.00213	0.00323	0.01238	0.00703	0.00620
25	0.01071	0.00996	0.01857	0.01571	0.01831	0.00934	0.24862	0.01344	0.01370	0.01838	0.02826	0.48439	0.03171	0.01531	0.00820	0.00253	0.00642	0.03469	0.00514	0.00660
26	0.00916	0.00670	0.00871	0.00864	0.01007	0.00609	0.00627	0.01164	0.01646	0.02311	0.46795	0.27156	0.05332	0.01522	0.00780	0.00220	0.00343	0.01359	0.00670	0.05139
27	0.00802	0.00573	0.00764	0.00917	0.00955	0.00535	0.00611	0.00917	0.01260	0.01681	0.03628	0.76434	0.04354	0.02062	0.00840	0.00267	0.00382	0.01872	0.00611	0.00535
28	0.81514	0.01273	0.00968	0.00866	0.01273	0.01477	0.00713	0.01935	0.01120	0.02954	0.00917	0.01069	0.00713	0.00611	0.00407	0.00204	0.00509	0.00356	0.00407	0.00713
29	0.02353	0.01833	0.05144	0.01682	0.02229	0.07002	0.12956	0.35517	0.04564	0.17384	0.01720	0.01737	0.01198	0.00744	0.00674	0.00202	0.00794	0.00626	0.00596	0.01046
30	0.01545	0.01819	0.06624	0.02775	0.07460	0.01666	0.61005	0.02084	0.01524	0.02091	0.01303	0.01739	0.00990	0.00581	0.00813	0.00222	0.03790	0.00746	0.00329	0.00895
31	0.01612	0.01546	0.02641	0.07267	0.69667	0.01560	0.02012	0.02005	0.01491	0.02130	0.01235	0.01635	0.01035	0.00590	0.00652	0.00197	0.00786	0.00586	0.00324	0.01029
32	0.01653	0.01501	0.02373	0.07143	0.53377	0.01554	0.01790	0.02323	0.14881	0.04504	0.01553	0.01813	0.01237	0.00656	0.00656	0.00202	0.00730	0.00619	0.00405	0.01029
33	0.01708	0.01394	0.01495	0.01328	0.01703	0.01588	0.01043	0.08259	0.59990	0.05263	0.04607	0.02609	0.02106	0.00925	0.00679	0.00223	0.00534	0.02846	0.00674	0.01025
34	0.00808	0.00578	0.00769	0.00913	0.00956	0.00539	0.00612	0.00932	0.01289	0.01725	0.06838	0.73097	0.04441	0.02029	0.00837	0.00265	0.00379	0.01840	0.00616	0.00539
35	0.10739	0.01712	0.01818	0.01414	0.01921	0.01884	0.01165	0.55682	0.05279	0.09404	0.01631	0.01611	0.01150	0.00777	0.00633	0.00200	0.00682	0.00579	0.00645	0.01074
36	0.81514	0.01273	0.00968	0.00866	0.01273	0.01477	0.00713	0.01935	0.01120	0.02954	0.00917	0.01069	0.00713	0.00611	0.00407	0.00204	0.00509	0.00356	0.00407	0.00713
37	0.00957	0.00638	0.00718	0.00718	0.00718	0.00638	0.00399	0.00957	0.00957	0.01276	0.02074	0.04308	0.02393	0.76864	0.03351	0.00638	0.00638	0.00957	0.00399	0.00399
38	0.02503	0.01844	0.01976	0.01515	0.02042	0.02042	0.01251	0.70562	0.03095	0.04149	0.01581	0.01581	0.01120	0.00790	0.00659	0.00198	0.00724	0.00593	0.00659	0.01120
39	0.01571	0.01728	0.03611	0.03060	0.19054	0.01642	0.54972	0.02089	0.01541	0.02118	0.01311	0.01743	0.01009	0.00562	0.00749	0.00216	0.01036	0.00734	0.00331	0.00923

[dist]
# distance from previous block
# <min> <max>
0	1

[block]
# block no. 6 follows, 33 sequences, length 29
# corresponding to MSA columns:
# 315-324,326-344
name=unknown_G
#
# <colnr> <probs for GDERKNQSTAVLIFYWHMCP>
#	G	D	E	R	K	N	Q	S	T	A	V	L	I	F	Y	W	H	M	C	P
0	0.01500	0.01032	0.01232	0.01100	0.01384	0.01066	0.00873	0.10229	0.17334	0.10160	0.33881	0.03966	0.03938	0.01175	0.00741	0.00219	0.00464	0.08179	0.00701	0.00824
1	0.02305	0.01500	0.01947	0.01530	0.02019	0.05278	0.11405	0.12078	0.20677	0.30695	0.02211	0.02085	0.01528	0.00787	0.00677	0.00209	0.00687	0.00679	0.00658	0.01046
