[name]
unknown

[dist]
# distance from previous block
# <min> <max>
0	55

[block]
# block no. 0 follows, 38 sequences, length 59
# corresponding to MSA columns:
# 73-80,87-137
name=unknown_A
#
# <colnr> <probs for GDERKNQSTAVLIFYWHMCP>
#	G	D	E	R	K	N	Q	S	T	A	V	L	I	F	Y	W	H	M	C	P
0	0.03857	0.04130	0.15585	0.03042	0.10553	0.06180	0.06115	0.03525	0.03614	0.07422	0.07451	0.05831	0.06672	0.00841	0.00615	0.00188	0.00651	0.06364	0.00424	0.06941
1	0.04016	0.03123	0.08104	0.04425	0.39645	0.01336	0.03090	0.03490	0.09051	0.05602	0.05593	0.01735	0.01323	0.00623	0.00583	0.00179	0.00646	0.00564	0.02282	0.04588
2	0.01286	0.06300	0.62030	0.01745	0.06338	0.04666	0.02035	0.01901	0.01291	0.01870	0.01065	0.01259	0.00779	0.00564	0.00558	0.00181	0.00857	0.00437	0.00264	0.04573
3	0.04748	0.00988	0.01385	0.08789	0.21908	0.03917	0.01062	0.01402	0.01412	0.01993	0.26279	0.11909	0.04724	0.01217	0.05428	0.00242	0.00584	0.00873	0.00461	0.00680
4	0.01608	0.79220	0.03152	0.01029	0.01544	0.02380	0.01029	0.01801	0.01222	0.01415	0.00836	0.00965	0.00772	0.00515	0.00386	0.00129	0.00643	0.00322	0.00257	0.00772
5	0.00763	0.00598	0.00683	0.00711	0.00852	0.00523	0.00502	0.00902	0.01282	0.01635	0.09971	0.29437	0.37672	0.07369	0.00895	0.00240	0.00344	0.01336	0.00544	0.03741
6	0.00864	0.00628	0.00881	0.00881	0.00959	0.00705	0.00645	0.01019	0.00941	0.01333	0.01690	0.02797	0.01692	0.24987	0.56257	0.00861	0.01328	0.00708	0.00334	0.00490
7	0.01152	0.01086	0.01833	0.74077	0.07354	0.01341	0.01679	0.01551	0.01210	0.01556	0.01072	0.01599	0.00809	0.00598	0.00601	0.00199	0.00798	0.00535	0.00269	0.00681
8	0.01589	0.60749	0.08941	0.01244	0.01771	0.06325	0.06649	0.01843	0.01260	0.01498	0.00889	0.01056	0.00783	0.00539	0.00478	0.00145	0.02831	0.00371	0.00264	0.00777
9	0.01603	0.01345	0.01420	0.01246	0.01605	0.01546	0.00978	0.12628	0.64414	0.02688	0.02313	0.02136	0.01727	0.00803	0.00611	0.00201	0.00501	0.00661	0.00611	0.00962
10	0.01292	0.01027	0.01196	0.01033	0.03695	0.04200	0.00754	0.06145	0.01257	0.03495	0.01333	0.06087	0.01244	0.07017	0.05482	0.13245	0.02457	0.00546	0.00371	0.38123
11	0.00781	0.00594	0.00718	0.00726	0.00865	0.00531	0.00530	0.00984	0.01478	0.01970	0.37289	0.20662	0.27758	0.01465	0.00722	0.00205	0.00304	0.01279	0.00607	0.00531
12	0.01136	0.01069	0.01804	0.77412	0.04143	0.01337	0.01671	0.01537	0.01203	0.01537	0.01069	0.01604	0.00802	0.00601	0.00601	0.00200	0.00802	0.00535	0.00267	0.00668
13	0.00841	0.00622	0.00906	0.00927	0.01016	0.00701	0.00697	0.01025	0.00989	0.01403	0.01891	0.14109	0.01927	0.08939	0.60123	0.00831	0.01351	0.00823	0.00361	0.00518
14	0.00872	0.00594	0.00778	0.00882	0.00964	0.00565	0.00626	0.01060	0.03861	0.04889	0.03328	0.62292	0.06279	0.01759	0.00759	0.00242	0.00380	0.08765	0.00568	0.00537
15	0.83108	0.01163	0.00884	0.00791	0.01163	0.01350	0.00651	0.01768	0.01024	0.02699	0.00838	0.00977	0.00651	0.00558	0.00372	0.00186	0.00465	0.00326	0.00372	0.00651
16	0.00859	0.00645	0.00967	0.00967	0.01074	0.00752	0.00752	0.01074	0.00967	0.01396	0.01611	0.02363	0.01504	0.04512	0.76474	0.00967	0.01611	0.00645	0.00322	0.00537
17	0.02367	0.01228	0.01477	0.01163	0.01605	0.01229	0.00951	0.21669	0.12777	0.43490	0.02125	0.01921	0.01418	0.00748	0.00600	0.00186	0.00540	0.00598	0.02907	0.01000
18	0.02247	0.02867	0.01705	0.01550	0.01860	0.76443	0.01162	0.02402	0.01705	0.01472	0.00930	0.01085	0.00775	0.00620	0.00542	0.00155	0.01085	0.00387	0.00310	0.00697
19	0.01207	0.03112	0.75741	0.01715	0.02604	0.01397	0.02223	0.01905	0.01270	0.01905	0.01080	0.01270	0.00762	0.00572	0.00572	0.00191	0.00889	0.00445	0.00254	0.00889
20	0.00814	0.00608	0.00755	0.00730	0.00878	0.00550	0.00543	0.01058	0.01597	0.02188	0.55535	0.09301	0.20559	0.01334	0.00713	0.00196	0.00292	0.01165	0.00633	0.00550
21	0.83108	0.01163	0.00884	0.00791	0.01163	0.01350	0.00651	0.01768	0.01024	0.02699	0.00838	0.00977	0.00651	0.00558	0.00372	0.00186	0.00465	0.00326	0.00372	0.00651
22	0.01207	0.03112	0.75741	0.01715	0.02604	0.01397	0.02223	0.01905	0.01270	0.01905	0.01080	0.01270	0.00762	0.00572	0.00572	0.00191	0.00889	0.00445	0.00254	0.00889
23	0.02583	0.01211	0.01512	0.01159	0.01629	0.01161	0.00957	0.22755	0.02034	0.55257	0.02111	0.01877	0.01357	0.00738	0.00604	0.00185	0.00554	0.00587	0.00704	0.01024
24	0.00862	0.00578	0.00660	0.00672	0.00676	0.00575	0.00382	0.00871	0.00900	0.01200	0.02023	0.10620	0.02348	0.71956	0.02856	0.00553	0.00562	0.00950	0.00382	0.00376
25	0.01136	0.01069	0.01804	0.77412	0.04143	0.01337	0.01671	0.01537	0.01203	0.01537	0.01069	0.01604	0.00802	0.00601	0.00601	0.00200	0.00802	0.00535	0.00267	0.00668
26	0.08638	0.01301	0.01452	0.03177	0.01635	0.01294	0.00917	0.28130	0.01823	0.05996	0.01257	0.01367	0.00955	0.00603	0.00564	0.00146	0.03350	0.00449	0.02230	0.34716
27	0.00794	0.00598	0.00768	0.00801	0.00904	0.00551	0.02097	0.00945	0.01279	0.01686	0.16526	0.34919	0.18998	0.11598	0.01044	0.00270	0.00383	0.04791	0.00546	0.00501
28	0.00786	0.00615	0.00714	0.00696	0.00867	0.00542	0.00526	0.01006	0.01531	0.02009	0.39007	0.05198	0.39401	0.01387	0.00714	0.00199	0.00302	0.03353	0.00608	0.00538
29	0.18266	0.06035	0.01500	0.03130	0.08894	0.05072	0.00929	0.04266	0.01274	0.02083	0.01004	0.01210	0.00832	0.00539	0.00541	0.00140	0.04823	0.00388	0.00347	0.38728
30	0.01439	0.01247	0.01819	0.12611	0.34124	0.03577	0.01377	0.08667	0.04845	0.04281	0.14053	0.04032	0.01897	0.00742	0.00616	0.00185	0.00622	0.00666	0.02374	0.00827
31	0.01676	0.01538	0.01862	0.11887	0.23023	0.10730	0.02745	0.21713	0.04408	0.02361	0.03434	0.01879	0.06904	0.00709	0.00603	0.00181	0.00706	0.00595	0.00422	0.02621
32	0.00867	0.00569	0.00743	0.00756	0.00829	0.00541	0.00522	0.00921	0.01197	0.01616	0.23061	0.17824	0.11493	0.10988	0.03520	0.22160	0.00434	0.01039	0.00479	0.00439
33	0.00851	0.00615	0.00804	0.00757	0.00899	0.00568	0.00568	0.01135	0.01703	0.02412	0.74788	0.04494	0.05676	0.01230	0.00710	0.00189	0.00284	0.01088	0.00662	0.00568
34	0.01512	0.01338	0.01482	0.14283	0.01882	0.16025	0.02881	0.01712	0.06399	0.07052	0.01188	0.01596	0.00993	0.01132	0.01330	0.23675	0.14057	0.00521	0.00335	0.00607
35	0.06365	0.00831	0.01064	0.00935	0.01200	0.00775	0.00712	0.03554	0.01430	0.35496	0.05703	0.22396	0.02355	0.10183	0.03924	0.00278	0.00511	0.00933	0.00607	0.00746
36	0.02263	0.01673	0.01792	0.01379	0.01856	0.01854	0.01138	0.70989	0.04978	0.03753	0.01475	0.01468	0.01048	0.00725	0.00602	0.00181	0.00656	0.00546	0.00602	0.01021
37	0.00859	0.00645	0.00967	0.00967	0.01074	0.00752	0.00752	0.01074	0.00967	0.01396	0.01611	0.02363	0.01504	0.04512	0.76474	0.00967	0.01611	0.00645	0.00322	0.00537
38	0.29517	0.00981	0.01068	0.00899	0.01249	0.00983	0.00725	0.04065	0.01478	0.29726	0.15043	0.04796	0.05417	0.00841	0.00555	0.00189	0.00444	0.00662	0.00584	0.00774
39	0.03875	0.00667	0.00820	0.00800	0.00956	0.00636	0.00608	0.03680	0.01589	0.02229	0.47499	0.13613	0.12822	0.01333	0.00710	0.00204	0.00335	0.06437	0.00617	0.00570
40	0.02645	0.01111	0.01450	0.01112	0.01579	0.01014	0.00918	0.12217	0.01868	0.66030	0.02250	0.01968	0.01427	0.00742	0.00605	0.00185	0.00532	0.00597	0.00726	0.01024
41	0.01527	0.01155	0.01228	0.01035	0.01347	0.01241	0.00811	0.29925	0.15329	0.02659	0.04555	0.02955	0.17980	0.09136	0.00877	0.00230	0.00505	0.00780	0.05942	0.00784
42	0.33878	0.01066	0.01110	0.00944	0.01293	0.01116	0.00755	0.10800	0.01496	0.23021	0.06050	0.10961	0.01666	0.02598	0.00594	0.00202	0.00481	0.00655	0.00544	0.00771
43	0.00859	0.00645	0.00967	0.00967	0.01074	0.00752	0.00752	0.01074	0.00967	0.01396	0.01611	0.02363	0.01504	0.04512	0.76474	0.00967	0.01611	0.00645	0.00322	0.00537
44	0.00856	0.00618	0.00811	0.00771	0.00912	0.00573	0.00584	0.01140	0.01690	0.02388	0.71955	0.04584	0.05589	0.01247	0.00714	0.00193	0.00294	0.03857	0.00658	0.00567
45	0.00891	0.00565	0.00711	0.00779	0.00866	0.00528	0.00541	0.01047	0.01251	0.04792	0.10522	0.50135	0.06761	0.03882	0.00767	0.00228	0.00343	0.01374	0.13490	0.00527
46	0.02608	0.01044	0.01393	0.01082	0.01538	0.00931	0.00889	0.02952	0.07198	0.69993	0.02379	0.02062	0.01515	0.00750	0.00606	0.00187	0.00509	0.00611	0.00735	0.01018
47	0.01608	0.79220	0.03152	0.01029	0.01544	0.02380	0.01029	0.01801	0.01222	0.01415	0.00836	0.00965	0.00772	0.00515	0.00386	0.00129	0.00643	0.00322	0.00257	0.00772
48	0.01582	0.01221	0.01330	0.01175	0.01515	0.01370	0.00919	0.04699	0.59372	0.09724	0.08225	0.02386	0.02091	0.00840	0.00619	0.00201	0.00469	0.00702	0.00629	0.00930
49	0.07265	0.00836	0.00988	0.03612	0.01206	0.00840	0.00701	0.05862	0.05753	0.13075	0.15549	0.05274	0.15601	0.11958	0.04953	0.00292	0.00514	0.04520	0.00547	0.00654
50	0.01705	0.49724	0.02630	0.01193	0.01602	0.04456	0.01095	0.11216	0.01413	0.04434	0.00967	0.01135	0.00835	0.00651	0.00714	0.00163	0.14554	0.00400	0.00323	0.00791
51	0.01512	0.01474	0.02419	0.03626	0.72836	0.03753	0.01825	0.01863	0.01380	0.01950	0.01125	0.01476	0.00947	0.00539	0.00594	0.00178	0.00726	0.00531	0.00298	0.00945
52	0.20905	0.01334	0.01398	0.01137	0.01544	0.01454	0.00924	0.32312	0.10618	0.13940	0.04266	0.04678	0.01387	0.00763	0.00561	0.00188	0.00546	0.00583	0.00571	0.00891
53	0.06592	0.00824	0.01068	0.05948	0.04347	0.00851	0.00784	0.05135	0.05553	0.10118	0.08530	0.17550	0.04469	0.05616	0.04977	0.13008	0.00547	0.02984	0.00483	0.00615
54	0.01345	0.04774	0.04239	0.17096	0.43818	0.01386	0.01615	0.01728	0.03433	0.01859	0.05296	0.04868	0.01317	0.00673	0.00659	0.00189	0.03938	0.00607	0.00328	0.00836
55	0.01534	0.03352	0.07278	0.01360	0.04308	0.01141	0.07191	0.08929	0.10107	0.14680	0.12246	0.05025	0.02355	0.00988	0.00706	0.00209	0.02696	0.14553	0.00543	0.00798
56	0.01025	0.00808	0.01237	0.03528	0.03945	0.00882	0.06241	0.04362	0.01117	0.01552	0.03794	0.02499	0.04899	0.10616	0.39305	0.08937	0.03663	0.00686	0.00348	0.00557
57	0.01502	0.03016	0.05127	0.10133	0.32534	0.08672	0.11804	0.03301	0.01432	0.05017	0.01550	0.02080	0.04462	0.00690	0.00626	0.00190	0.00768	0.05916	0.00351	0.00827
58	0.01504	0.04010	0.09829	0.07822	0.18945	0.08094	0.09316	0.06068	0.03664	0.06008	0.07981	0.01944	0.04849	0.00726	0.00716	0.00190	0.06520	0.00617	0.00385	0.00811

[dist]
# distance from previous block
# <min> <max>
1	18

[block]
# block no. 1 follows, 38 sequences, length 41
# corresponding to MSA columns:
# 160-200
name=unknown_B
#
# <colnr> <probs for GDERKNQSTAVLIFYWHMCP>
#	G	D	E	R	K	N	Q	S	T	A	V	L	I	F	Y	W	H	M	C	P
0	0.25800	0.04246	0.09934	0.01383	0.05356	0.06604	0.06855	0.09520	0.03298	0.06292	0.06745	0.01568	0.01246	0.00800	0.03052	0.00213	0.05398	0.00512	0.00406	0.00772
1	0.08796	0.05978	0.01839	0.28700	0.14132	0.01492	0.01362	0.13894	0.03841	0.06322	0.01234	0.01511	0.00938	0.00644	0.00636	0.00189	0.04754	0.00513	0.02420	0.00804
2	0.01403	0.03164	0.01381	0.08940	0.01691	0.09318	0.00954	0.05938	0.19866	0.03674	0.10773	0.06414	0.03593	0.02647	0.02678	0.00212	0.05321	0.00690	0.00474	0.10870
3	0.01358	0.01259	0.02024	0.19865	0.36474	0.01359	0.04001	0.05452	0.04196	0.01983	0.08023	0.01925	0.03339	0.00691	0.00699	0.00192	0.05364	0.00617	0.00357	0.00821
4	0.06565	0.01765	0.13919	0.18954	0.23865	0.09449	0.11396	0.01839	0.01339	0.01846	0.01130	0.01547	0.00905	0.00589	0.00594	0.00189	0.00823	0.02184	0.00297	0.00805
5	0.01288	0.00822	0.01004	0.00894	0.01133	0.00804	0.00691	0.04206	0.13127	0.14248	0.41895	0.05578	0.09644	0.01108	0.00675	0.00193	0.00367	0.00956	0.00655	0.00711
6	0.01315	0.00691	0.00895	0.00849	0.01025	0.00629	0.00620	0.01476	0.01367	0.21548	0.13616	0.27931	0.07270	0.13039	0.01052	0.00268	0.00420	0.02986	0.02375	0.00630
7	0.00974	0.00831	0.01049	0.01266	0.13046	0.03047	0.00773	0.01236	0.05307	0.01722	0.10529	0.19678	0.22053	0.10046	0.05461	0.00292	0.00521	0.01085	0.00486	0.00599
8	0.01688	0.01478	0.12015	0.01474	0.07542	0.01277	0.03932	0.15601	0.16098	0.14805	0.11828	0.02378	0.01976	0.00817	0.00630	0.00194	0.00593	0.04234	0.00549	0.00890
9	0.19976	0.01163	0.01255	0.01076	0.01449	0.01249	0.00873	0.09369	0.24056	0.21957	0.02020	0.02196	0.01525	0.00795	0.00568	0.00197	0.00502	0.06189	0.02715	0.00869
10	0.23208	0.01178	0.01237	0.01035	0.01403	0.01267	0.00834	0.17435	0.14003	0.16829	0.09068	0.03790	0.01712	0.00778	0.00552	0.00188	0.00490	0.00605	0.03551	0.00838
11	0.01608	0.79220	0.03152	0.01029	0.01544	0.02380	0.01029	0.01801	0.01222	0.01415	0.00836	0.00965	0.00772	0.00515	0.00386	0.00129	0.00643	0.00322	0.00257	0.00772
12	0.01469	0.01027	0.01182	0.01046	0.01340	0.01095	0.00815	0.02475	0.38997	0.13736	0.26322	0.02957	0.03051	0.00942	0.00643	0.00196	0.00418	0.00803	0.00649	0.00836
13	0.00762	0.00537	0.00695	0.00803	0.00836	0.00508	0.00525	0.00856	0.01125	0.01505	0.05806	0.62626	0.03731	0.15292	0.01166	0.00301	0.00387	0.01541	0.00529	0.00470
14	0.00862	0.00655	0.00780	0.00831	0.00953	0.00639	0.00596	0.01200	0.10241	0.01781	0.10767	0.39416	0.17516	0.04279	0.00805	0.00236	0.00365	0.04530	0.02989	0.00558
15	0.01045	0.00522	0.00784	0.00784	0.00784	0.00522	0.00522	0.00784	0.00784	0.01045	0.01045	0.01829	0.01045	0.02090	0.02351	0.82497	0.00522	0.00522	0.00261	0.00261
16	0.01420	0.01623	0.03550	0.02535	0.03144	0.01521	0.72921	0.01927	0.01420	0.01927	0.01217	0.01623	0.00913	0.00507	0.00710	0.00203	0.01014	0.00710	0.00304	0.00811
17	0.11359	0.01120	0.01243	0.01123	0.01428	0.01211	0.00922	0.20335	0.14143	0.07358	0.02303	0.05489	0.03814	0.03798	0.00738	0.00231	0.00544	0.21502	0.00561	0.00777
18	0.00798	0.00554	0.00693	0.00773	0.00801	0.00533	0.00496	0.00873	0.01069	0.01429	0.05005	0.45422	0.03329	0.31428	0.01649	0.00374	0.00443	0.03397	0.00487	0.00445
19	0.02699	0.01024	0.01396	0.01070	0.01536	0.00884	0.00884	0.02932	0.01722	0.75522	0.02373	0.02048	0.01489	0.00745	0.00605	0.00186	0.00512	0.00605	0.00745	0.01024
20	0.02287	0.01685	0.01805	0.01384	0.01866	0.01866	0.01143	0.73100	0.02828	0.03791	0.01444	0.01444	0.01023	0.00722	0.00602	0.00181	0.00662	0.00542	0.00602	0.01023
21	0.00831	0.00614	0.00775	0.00735	0.00886	0.00559	0.00551	0.01095	0.01654	0.02296	0.64613	0.04686	0.15924	0.01273	0.00710	0.00191	0.00287	0.01115	0.00647	0.00559
22	0.04252	0.00729	0.00815	0.00748	0.00990	0.00653	0.00575	0.03794	0.01493	0.13368	0.13708	0.08990	0.45008	0.01321	0.00681	0.00200	0.00356	0.01107	0.00595	0.00618
23	0.00736	0.00603	0.00649	0.00653	0.00832	0.00516	0.00484	0.00905	0.01406	0.01745	0.17024	0.11928	0.57416	0.01507	0.00716	0.00204	0.00305	0.01279	0.00575	0.00516
24	0.01247	0.01069	0.01247	0.00891	0.01426	0.00802	0.00713	0.01515	0.01247	0.01960	0.01069	0.01247	0.00891	0.00446	0.00446	0.00089	0.00446	0.00356	0.00356	0.82536
25	0.83108	0.01163	0.00884	0.00791	0.01163	0.01350	0.00651	0.01768	0.01024	0.02699	0.00838	0.00977	0.00651	0.00558	0.00372	0.00186	0.00465	0.00326	0.00372	0.00651
26	0.00830	0.00581	0.00716	0.00748	0.00787	0.00582	0.00481	0.00904	0.01005	0.01351	0.04678	0.21550	0.06166	0.42877	0.13628	0.00531	0.00663	0.01064	0.00423	0.00434
27	0.01425	0.01163	0.01263	0.01136	0.01446	0.01310	0.00882	0.02823	0.58661	0.05092	0.15239	0.02635	0.02503	0.00887	0.00629	0.00201	0.00443	0.00750	0.00626	0.00887
28	0.00712	0.00605	0.00614	0.00621	0.00816	0.00507	0.00462	0.00862	0.01360	0.01621	0.05956	0.09392	0.71348	0.01541	0.00714	0.00205	0.00307	0.01291	0.00559	0.00507
29	0.02247	0.02867	0.01705	0.01550	0.01860	0.76443	0.01162	0.02402	0.01705	0.01472	0.00930	0.01085	0.00775	0.00620	0.00542	0.00155	0.01085	0.00387	0.00310	0.00697
30	0.01136	0.01069	0.01804	0.77412	0.04143	0.01337	0.01671	0.01537	0.01203	0.01537	0.01069	0.01604	0.00802	0.00601	0.00601	0.00200	0.00802	0.00535	0.00267	0.00668
31	0.00747	0.00592	0.00674	0.00706	0.00856	0.00519	0.00517	0.00913	0.01369	0.01730	0.15819	0.23361	0.44379	0.01572	0.00729	0.00214	0.00321	0.03894	0.00574	0.00514
32	0.01263	0.00708	0.00738	0.00699	0.00889	0.00736	0.00534	0.01782	0.13635	0.05922	0.02065	0.02233	0.01589	0.00723	0.00462	0.00153	0.00325	0.00583	0.64311	0.00650
33	0.02006	0.00925	0.01309	0.01179	0.05559	0.00883	0.00878	0.02147	0.01426	0.43444	0.05668	0.02159	0.01583	0.01231	0.04620	0.15991	0.05661	0.01972	0.00567	0.00794
34	0.14308	0.00887	0.01026	0.00930	0.01178	0.00901	0.00710	0.03443	0.07184	0.21555	0.04241	0.22531	0.07208	0.07396	0.00869	0.00239	0.03193	0.00934	0.00560	0.00706
35	0.01744	0.01331	0.01421	0.01174	0.01531	0.03797	0.00938	0.33722	0.18491	0.05665	0.19135	0.02464	0.04151	0.00881	0.00631	0.00188	0.00530	0.00717	0.00613	0.00876
36	0.11340	0.03323	0.02033	0.18480	0.13995	0.09430	0.16705	0.01700	0.01295	0.01816	0.01349	0.10686	0.01231	0.00845	0.03037	0.00219	0.00791	0.00670	0.00334	0.00722
37	0.01155	0.00885	0.01181	0.06511	0.07179	0.00971	0.00855	0.09273	0.03412	0.03329	0.01934	0.04429	0.06407	0.21682	0.24796	0.00534	0.03722	0.00736	0.00395	0.00614
38	0.04383	0.00738	0.00963	0.00905	0.01104	0.00692	0.02501	0.01474	0.03211	0.17732	0.10839	0.28645	0.11740	0.06334	0.03535	0.00264	0.00463	0.03264	0.00577	0.00638
39	0.00878	0.00754	0.01258	0.01147	0.01307	0.00703	0.14984	0.01060	0.01204	0.01596	0.03018	0.52582	0.08737	0.06658	0.00903	0.00255	0.00494	0.01421	0.00495	0.00546
40	0.01497	0.03083	0.01949	0.15867	0.30361	0.05122	0.03269	0.06841	0.11456	0.03656	0.01449	0.04434	0.01186	0.00676	0.00625	0.00187	0.02469	0.00594	0.04435	0.00844

[dist]
# distance from previous block
# <min> <max>
4	8

[block]
# block no. 2 follows, 38 sequences, length 38
# corresponding to MSA columns:
# 209-246
name=unknown_C
#
# <colnr> <probs for GDERKNQSTAVLIFYWHMCP>
#	G	D	E	R	K	N	Q	S	T	A	V	L	I	F	Y	W	H	M	C	P
0	0.01539	0.01316	0.01525	0.01475	0.10113	0.11614	0.06150	0.07360	0.07087	0.09402	0.03963	0.13579	0.06299	0.02853	0.00719	0.02127	0.00611	0.00770	0.00467	0.11032
1	0.01321	0.01108	0.01375	0.11593	0.08415	0.05284	0.02779	0.04056	0.16750	0.05720	0.10119	0.05973	0.06652	0.08880	0.00889	0.00237	0.00575	0.04976	0.00483	0.02814
2	0.06431	0.01179	0.01620	0.35843	0.05913	0.02957	0.02910	0.14825	0.01569	0.06471	0.04044	0.06952	0.05204	0.00780	0.00609	0.00196	0.00672	0.00663	0.00415	0.00747
3	0.01515	0.01502	0.02029	0.06870	0.44150	0.10024	0.01490	0.01932	0.06638	0.01923	0.01189	0.01460	0.00977	0.00553	0.00564	0.00163	0.00697	0.00497	0.00331	0.15498
4	0.01018	0.00621	0.00841	0.00844	0.00906	0.00642	0.00590	0.01081	0.08809	0.01331	0.01824	0.12239	0.05636	0.02100	0.08183	0.51248	0.00575	0.00748	0.00360	0.00403
5	0.03985	0.00666	0.00765	0.00796	0.00954	0.00632	0.00588	0.01158	0.06654	0.03488	0.11165	0.30333	0.29283	0.01522	0.00715	0.00220	0.00357	0.05592	0.00570	0.00560
6	0.01568	0.01195	0.01340	0.01086	0.01496	0.01199	0.00863	0.13993	0.26831	0.07904	0.09900	0.02045	0.01816	0.00729	0.00570	0.00162	0.00479	0.00599	0.00548	0.25676
7	0.01451	0.01134	0.01249	0.01117	0.01426	0.01261	0.00868	0.02754	0.53945	0.07781	0.17287	0.02692	0.02599	0.00896	0.00632	0.00200	0.00439	0.00758	0.00632	0.00878
8	0.20601	0.00970	0.01091	0.00918	0.01268	0.00947	0.00736	0.06808	0.01530	0.32017	0.06440	0.09167	0.13176	0.00947	0.00588	0.00194	0.00453	0.00763	0.00599	0.00786
9	0.00933	0.00673	0.00796	0.00762	0.00940	0.00624	0.00568	0.01250	0.06761	0.05605	0.35404	0.10964	0.27460	0.03608	0.00772	0.00211	0.00330	0.01141	0.00611	0.00585
10	0.73873	0.01195	0.00972	0.00846	0.01230	0.01367	0.00697	0.06982	0.01184	0.05842	0.00946	0.01056	0.00714	0.00578	0.00399	0.00186	0.00482	0.00353	0.00405	0.00694
11	0.00732	0.00527	0.00694	0.00828	0.00870	0.00489	0.00554	0.00839	0.01161	0.01539	0.03428	0.75526	0.06846	0.01870	0.00766	0.00243	0.00347	0.01692	0.00558	0.00489
12	0.03506	0.00832	0.01043	0.00918	0.01189	0.00778	0.00707	0.03774	0.05813	0.30895	0.11510	0.19239	0.07915	0.04264	0.00746	0.00215	0.00426	0.00957	0.04520	0.00753
13	0.01926	0.01298	0.01423	0.01138	0.01516	0.01396	0.00924	0.43141	0.06197	0.09556	0.09248	0.01996	0.01680	0.00778	0.00582	0.00176	0.00533	0.00614	0.14989	0.00891
14	0.00711	0.00609	0.00609	0.00609	0.00813	0.00508	0.00457	0.00863	0.01371	0.01625	0.06094	0.05789	0.74862	0.01524	0.00711	0.00203	0.00305	0.01270	0.00559	0.00508
15	0.01247	0.01069	0.01247	0.00891	0.01426	0.00802	0.00713	0.01515	0.01247	0.01960	0.01069	0.01247	0.00891	0.00446	0.00446	0.00089	0.00446	0.00356	0.00356	0.82536
16	0.00835	0.00577	0.00685	0.00707	0.00743	0.00558	0.00438	0.00905	0.01075	0.01446	0.13106	0.19515	0.06129	0.48243	0.02142	0.00439	0.00479	0.01096	0.00457	0.00426
17	0.00711	0.00609	0.00609	0.00609	0.00813	0.00508	0.00457	0.00863	0.01371	0.01625	0.06094	0.05789	0.74862	0.01524	0.00711	0.00203	0.00305	0.01270	0.00559	0.00508
18	0.00757	0.00611	0.00673	0.00657	0.00841	0.00527	0.00493	0.00952	0.01479	0.01881	0.28392	0.05369	0.52404	0.01428	0.00711	0.00199	0.00298	0.01211	0.00592	0.00527
19	0.03834	0.01473	0.07321	0.08675	0.18406	0.01621	0.03379	0.06860	0.01238	0.01842	0.00981	0.01382	0.00845	0.00791	0.01217	0.00218	0.35919	0.00518	0.00303	0.03177
20	0.01247	0.01069	0.01247	0.00891	0.01426	0.00802	0.00713	0.01515	0.01247	0.01960	0.01069	0.01247	0.00891	0.00446	0.00446	0.00089	0.00446	0.00356	0.00356	0.82536
21	0.00711	0.00609	0.00609	0.00609	0.00813	0.00508	0.00457	0.00863	0.01371	0.01625	0.06094	0.05789	0.74862	0.01524	0.00711	0.00203	0.00305	0.01270	0.00559	0.00508
22	0.01608	0.79220	0.03152	0.01029	0.01544	0.02380	0.01029	0.01801	0.01222	0.01415	0.00836	0.00965	0.00772	0.00515	0.00386	0.00129	0.00643	0.00322	0.00257	0.00772
23	0.01493	0.01454	0.03812	0.17412	0.05999	0.11623	0.01276	0.06390	0.07934	0.05341	0.02863	0.07241	0.01291	0.00942	0.02640	0.00227	0.20317	0.00627	0.00379	0.00738
24	0.23681	0.00823	0.00853	0.00819	0.01006	0.00861	0.00596	0.03481	0.02870	0.08185	0.02193	0.18426	0.05515	0.23563	0.01299	0.00318	0.00482	0.03987	0.00469	0.00574
25	0.00881	0.00650	0.00827	0.00777	0.00931	0.00615	0.00584	0.01235	0.05506	0.02392	0.68710	0.04418	0.07752	0.01218	0.00704	0.00190	0.00295	0.01072	0.00656	0.00586
26	0.01482	0.44833	0.17242	0.01251	0.01762	0.02002	0.01286	0.01984	0.11552	0.01673	0.01109	0.01244	0.00923	0.00625	0.00621	0.00166	0.08710	0.00419	0.00308	0.00809
27	0.07002	0.06105	0.08065	0.07700	0.04662	0.03015	0.00958	0.01393	0.04208	0.01664	0.04868	0.09081	0.07350	0.12739	0.15956	0.00403	0.03082	0.00751	0.00378	0.00618
28	0.05762	0.00805	0.00965	0.00905	0.01109	0.00795	0.00681	0.06481	0.06041	0.14033	0.15344	0.23311	0.07234	0.08871	0.00913	0.00248	0.00432	0.04831	0.00584	0.00658
29	0.00939	0.00671	0.00935	0.01074	0.01199	0.00667	0.00917	0.01194	0.01355	0.01767	0.03202	0.15899	0.03528	0.01690	0.00823	0.00273	0.00528	0.62240	0.00555	0.00546
30	0.01737	0.57191	0.02790	0.01334	0.06938	0.18216	0.01117	0.01934	0.01337	0.01467	0.00878	0.01029	0.00786	0.00539	0.00435	0.00138	0.00743	0.00351	0.00272	0.00769
31	0.01697	0.09583	0.06154	0.03517	0.12781	0.17689	0.02832	0.07530	0.01589	0.10222	0.09721	0.05865	0.03174	0.00798	0.00629	0.00181	0.02611	0.02210	0.00432	0.00786
32	0.01581	0.01296	0.01373	0.01196	0.01534	0.01472	0.00932	0.16485	0.52774	0.02639	0.02323	0.02318	0.03889	0.06470	0.00790	0.00227	0.00515	0.00685	0.00591	0.00910
33	0.00823	0.00606	0.00810	0.00826	0.00921	0.00627	0.00600	0.00990	0.01139	0.01563	0.13487	0.16112	0.10720	0.14630	0.32717	0.00585	0.00897	0.00995	0.00446	0.00504
34	0.01136	0.01069	0.01804	0.77412	0.04143	0.01337	0.01671	0.01537	0.01203	0.01537	0.01069	0.01604	0.00802	0.00601	0.00601	0.00200	0.00802	0.00535	0.00267	0.00668
35	0.01423	0.01409	0.04189	0.06677	0.51223	0.01336	0.06369	0.01832	0.03731	0.01957	0.01167	0.01486	0.00957	0.00534	0.00580	0.00169	0.00694	0.00522	0.00315	0.13432
36	0.01063	0.00676	0.00837	0.00826	0.00916	0.03083	0.00585	0.01063	0.02644	0.04892	0.03834	0.08925	0.12330	0.07984	0.09132	0.37433	0.00602	0.02355	0.00390	0.00430
37	0.01082	0.00792	0.01092	0.01056	0.03593	0.00780	0.04613	0.01477	0.09590	0.07322	0.22805	0.16072	0.11446	0.03774	0.08001	0.00291	0.00537	0.04478	0.00556	0.00641

[dist]
# distance from previous block
# <min> <max>
0	15

# created by:
# /home/cegg/simao/soft/augustus-3.2.1/scripts/msa2prfl.pl ./align_prep/EOG090W0JXW.fa
