[name]
unknown

[dist]
# distance from previous block
# <min> <max>
0	49

[block]
# block no. 0 follows, 32 sequences, length 81
# corresponding to MSA columns:
# 60-140
name=unknown_A
#
# <colnr> <probs for GDERKNQSTAVLIFYWHMCP>
#	G	D	E	R	K	N	Q	S	T	A	V	L	I	F	Y	W	H	M	C	P
0	0.01128	0.00874	0.01095	0.01229	0.01391	0.04108	0.01056	0.01419	0.01552	0.01975	0.03557	0.09436	0.06170	0.01803	0.00905	0.00299	0.00628	0.60148	0.00606	0.00621
1	0.81159	0.01298	0.00986	0.00882	0.01298	0.01505	0.00727	0.01972	0.01142	0.03010	0.00934	0.01090	0.00727	0.00623	0.00415	0.00208	0.00519	0.00363	0.00415	0.00727
2	0.01284	0.01209	0.02042	0.71840	0.07459	0.01495	0.01872	0.01729	0.01349	0.01734	0.01196	0.01784	0.00902	0.00668	0.00671	0.00223	0.00890	0.00596	0.00300	0.00759
3	0.00970	0.00648	0.00734	0.00739	0.00741	0.00647	0.00415	0.00974	0.00987	0.01316	0.02173	0.07052	0.02514	0.73656	0.03320	0.00636	0.00641	0.01010	0.00415	0.00412
4	0.81159	0.01298	0.00986	0.00882	0.01298	0.01505	0.00727	0.01972	0.01142	0.03010	0.00934	0.01090	0.00727	0.00623	0.00415	0.00208	0.00519	0.00363	0.00415	0.00727
5	0.02506	0.03198	0.01901	0.01729	0.02074	0.73725	0.01296	0.02679	0.01901	0.01642	0.01037	0.01210	0.00864	0.00691	0.00605	0.00173	0.01210	0.00432	0.00346	0.00778
6	0.01584	0.01810	0.03959	0.02828	0.03507	0.01697	0.69796	0.02149	0.01584	0.02149	0.01357	0.01810	0.01018	0.00566	0.00792	0.00226	0.01131	0.00792	0.00339	0.00905
7	0.03010	0.01142	0.01557	0.01194	0.01713	0.00986	0.00986	0.03270	0.01920	0.72698	0.02647	0.02284	0.01661	0.00830	0.00675	0.00208	0.00571	0.00675	0.00830	0.01142
8	0.01794	0.76823	0.03516	0.01148	0.01722	0.02655	0.01148	0.02009	0.01363	0.01579	0.00933	0.01076	0.00861	0.00574	0.00431	0.00144	0.00718	0.00359	0.00287	0.00861
9	0.01540	0.01588	0.02045	0.01759	0.01783	0.07027	0.01456	0.01689	0.01088	0.01617	0.00892	0.01450	0.00880	0.01141	0.02091	0.00285	0.70059	0.00576	0.00297	0.00737
10	0.00969	0.00647	0.00734	0.00741	0.00743	0.00646	0.00417	0.00974	0.00990	0.01320	0.02187	0.07679	0.02531	0.73006	0.03298	0.00633	0.00639	0.01019	0.00417	0.00413
11	0.00818	0.00584	0.00779	0.00934	0.00973	0.00545	0.00623	0.00934	0.01285	0.01713	0.03698	0.75981	0.04438	0.02102	0.00856	0.00273	0.00389	0.01908	0.00623	0.00545
12	0.81159	0.01298	0.00986	0.00882	0.01298	0.01505	0.00727	0.01972	0.01142	0.03010	0.00934	0.01090	0.00727	0.00623	0.00415	0.00208	0.00519	0.00363	0.00415	0.00727
13	0.02858	0.01277	0.01630	0.01254	0.01766	0.01196	0.01034	0.16651	0.02168	0.56865	0.04458	0.02228	0.01692	0.00841	0.00677	0.00206	0.00597	0.00676	0.00796	0.01127
14	0.00822	0.00586	0.00777	0.00928	0.00966	0.00548	0.00616	0.00936	0.01275	0.01700	0.03649	0.73759	0.04376	0.04409	0.00936	0.00284	0.00397	0.01879	0.00616	0.00541
15	0.56268	0.01316	0.01210	0.01013	0.01463	0.01440	0.00836	0.08493	0.01502	0.18901	0.01384	0.01408	0.00976	0.00687	0.00497	0.00207	0.00551	0.00456	0.00533	0.00859
16	0.00976	0.00651	0.00732	0.00732	0.00732	0.00651	0.00407	0.00976	0.00976	0.01301	0.02114	0.04391	0.02439	0.76419	0.03415	0.00651	0.00651	0.00976	0.00407	0.00407
17	0.02950	0.01238	0.01617	0.01240	0.01761	0.01129	0.01024	0.11994	0.02082	0.63746	0.02512	0.02196	0.01593	0.00827	0.00674	0.00207	0.00593	0.00666	0.00810	0.01142
18	0.01561	0.01548	0.02377	0.09840	0.41225	0.04925	0.03754	0.01891	0.01426	0.01976	0.01548	0.01945	0.05849	0.00803	0.00993	0.00223	0.16213	0.00650	0.00342	0.00913
19	0.33736	0.01226	0.01346	0.01082	0.01561	0.01224	0.00893	0.04787	0.01652	0.43206	0.01942	0.01794	0.01278	0.00748	0.00573	0.00207	0.00556	0.00550	0.00662	0.00979
20	0.00822	0.00590	0.00780	0.00924	0.00972	0.00549	0.00620	0.00947	0.01315	0.01752	0.06322	0.71353	0.06441	0.02063	0.00852	0.00269	0.00385	0.01868	0.00627	0.00549
21	0.02506	0.03198	0.01901	0.01729	0.02074	0.73725	0.01296	0.02679	0.01901	0.01642	0.01037	0.01210	0.00864	0.00691	0.00605	0.00173	0.01210	0.00432	0.00346	0.00778
22	0.01267	0.01193	0.02013	0.74806	0.04621	0.01491	0.01863	0.01714	0.01342	0.01714	0.01193	0.01789	0.00894	0.00671	0.00671	0.00224	0.00894	0.00596	0.00298	0.00745
23	0.01669	0.01441	0.01517	0.01365	0.01745	0.01669	0.01062	0.03565	0.71021	0.02807	0.02731	0.02503	0.02048	0.00910	0.00683	0.00228	0.00531	0.00759	0.00683	0.01062
24	0.00824	0.00587	0.00777	0.00925	0.00963	0.00550	0.00613	0.00936	0.01271	0.01695	0.03629	0.72871	0.04351	0.05331	0.00968	0.00289	0.00401	0.01867	0.00613	0.00539
25	0.00900	0.00684	0.00828	0.00792	0.00972	0.00612	0.00594	0.01170	0.01782	0.02413	0.51298	0.05469	0.27086	0.01475	0.00792	0.00216	0.00324	0.01278	0.00702	0.00612
26	0.00826	0.00596	0.00783	0.00917	0.00972	0.00552	0.00619	0.00960	0.01341	0.01789	0.08868	0.67720	0.07511	0.02031	0.00849	0.00266	0.00382	0.01835	0.00631	0.00552
27	0.01391	0.01193	0.01391	0.00994	0.01590	0.00894	0.00795	0.01690	0.01391	0.02186	0.01193	0.01391	0.00994	0.00497	0.00497	0.00099	0.00497	0.00398	0.00398	0.80521
28	0.01550	0.01229	0.01451	0.01055	0.01626	0.00990	0.00850	0.04925	0.01495	0.06750	0.01295	0.01461	0.01040	0.00553	0.00568	0.00117	0.02773	0.00430	0.00435	0.69411
29	0.01166	0.00583	0.00874	0.00874	0.00874	0.00583	0.00583	0.00874	0.00874	0.01166	0.01166	0.02040	0.01166	0.02331	0.02622	0.80478	0.00583	0.00583	0.00291	0.00291
30	0.00950	0.00686	0.00897	0.00844	0.01002	0.00633	0.00633	0.01266	0.01899	0.02691	0.71879	0.05012	0.06331	0.01372	0.00791	0.00211	0.00317	0.01213	0.00739	0.00633
31	0.01346	0.03471	0.72942	0.01912	0.02904	0.01558	0.02479	0.02125	0.01417	0.02125	0.01204	0.01417	0.00850	0.00637	0.00637	0.00212	0.00992	0.00496	0.00283	0.00992
32	0.00959	0.00719	0.01078	0.01078	0.01198	0.00839	0.00839	0.01198	0.01078	0.01558	0.01797	0.02636	0.01677	0.05032	0.73760	0.01078	0.01797	0.00719	0.00359	0.00599
33	0.01331	0.01289	0.02030	0.69562	0.06597	0.04525	0.01846	0.01765	0.01371	0.01726	0.01188	0.01761	0.00898	0.00669	0.00668	0.00221	0.00905	0.00589	0.00301	0.00757
34	0.01410	0.01248	0.01825	0.06637	0.20807	0.01366	0.04182	0.02217	0.22514	0.02136	0.01890	0.02293	0.01569	0.04047	0.22321	0.00482	0.01027	0.00701	0.00447	0.00882
35	0.81159	0.01298	0.00986	0.00882	0.01298	0.01505	0.00727	0.01972	0.01142	0.03010	0.00934	0.01090	0.00727	0.00623	0.00415	0.00208	0.00519	0.00363	0.00415	0.00727
36	0.01496	0.03048	0.57073	0.02012	0.02921	0.01542	0.13202	0.02206	0.01477	0.06854	0.01325	0.01538	0.00931	0.00639	0.00665	0.00214	0.00986	0.00555	0.00329	0.00988
37	0.01506	0.01065	0.01250	0.01075	0.01449	0.00994	0.00834	0.02151	0.18532	0.11973	0.06505	0.14790	0.08236	0.01093	0.00679	0.00197	0.00478	0.02804	0.00607	0.23782
38	0.01538	0.01411	0.02276	0.41005	0.31642	0.03629	0.01888	0.01949	0.01458	0.04988	0.01279	0.01742	0.00995	0.00649	0.00666	0.00212	0.00850	0.00596	0.00336	0.00891
39	0.02551	0.01879	0.02014	0.01544	0.02081	0.02081	0.01275	0.69996	0.03155	0.04229	0.01611	0.01611	0.01141	0.00805	0.00671	0.00201	0.00738	0.00604	0.00671	0.01141
40	0.01060	0.00943	0.01130	0.11430	0.04158	0.03128	0.00878	0.01422	0.06179	0.02054	0.19069	0.04714	0.35972	0.01342	0.00808	0.00223	0.03122	0.01124	0.00575	0.00669
41	0.01584	0.01810	0.03959	0.02828	0.03507	0.01697	0.69796	0.02149	0.01584	0.02149	0.01357	0.01810	0.01018	0.00566	0.00792	0.00226	0.01131	0.00792	0.00339	0.00905
42	0.00938	0.00685	0.00880	0.00831	0.00995	0.00628	0.00624	0.01243	0.01871	0.02623	0.66824	0.05124	0.11429	0.01397	0.00792	0.00212	0.00318	0.01229	0.00730	0.00628
43	0.01468	0.01238	0.01432	0.01030	0.01622	0.00973	0.00827	0.06186	0.01507	0.02321	0.01220	0.01406	0.01004	0.00517	0.00508	0.00106	0.00513	0.00411	0.00416	0.75296
44	0.00975	0.00653	0.00747	0.00747	0.00752	0.00659	0.00425	0.00985	0.00980	0.01312	0.02100	0.04315	0.02406	0.73318	0.06471	0.00669	0.00700	0.00965	0.00405	0.00415
45	0.01910	0.57452	0.05639	0.01392	0.04345	0.16179	0.01256	0.02143	0.01474	0.01632	0.00974	0.01135	0.00868	0.00600	0.00480	0.00154	0.00824	0.00386	0.00300	0.00857
46	0.01775	0.01525	0.01602	0.01510	0.05640	0.05508	0.01115	0.08570	0.51801	0.04850	0.04805	0.02502	0.03971	0.00908	0.00683	0.00220	0.00588	0.00751	0.00649	0.01028
47	0.00959	0.00719	0.01078	0.01078	0.01198	0.00839	0.00839	0.01198	0.01078	0.01558	0.01797	0.02636	0.01677	0.05032	0.73760	0.01078	0.01797	0.00719	0.00359	0.00599
48	0.00976	0.00651	0.00732	0.00732	0.00732	0.00651	0.00407	0.00976	0.00976	0.01301	0.02114	0.04391	0.02439	0.76419	0.03415	0.00651	0.00651	0.00976	0.00407	0.00407
49	0.01932	0.09457	0.06300	0.07485	0.19909	0.25849	0.12830	0.04718	0.01687	0.01980	0.01176	0.01473	0.00950	0.00636	0.00642	0.00192	0.00997	0.00546	0.00341	0.00899
50	0.00933	0.00682	0.00876	0.00835	0.00994	0.00625	0.00623	0.01231	0.01849	0.02588	0.64415	0.07694	0.11298	0.01423	0.00794	0.00214	0.00321	0.01254	0.00726	0.00625
51	0.04348	0.12227	0.23144	0.05065	0.06650	0.04104	0.01632	0.19897	0.04914	0.06755	0.01436	0.01580	0.01069	0.00856	0.03267	0.00230	0.00849	0.00541	0.00447	0.00989
52	0.01578	0.01526	0.08591	0.06111	0.09296	0.01207	0.09716	0.01965	0.01464	0.08455	0.01342	0.01579	0.01041	0.00591	0.00644	0.00159	0.03054	0.00519	0.00403	0.40759
53	0.00831	0.00602	0.00786	0.00908	0.00972	0.00556	0.00617	0.00974	0.01371	0.01831	0.11700	0.63441	0.08944	0.01993	0.00845	0.00263	0.00378	0.01797	0.00636	0.00556
54	0.03762	0.01794	0.14097	0.04196	0.11250	0.01468	0.31454	0.01941	0.03502	0.02096	0.01723	0.14128	0.01583	0.00870	0.00785	0.00230	0.02982	0.00883	0.00387	0.00869
55	0.01717	0.06997	0.30651	0.02484	0.24773	0.06263	0.01984	0.08194	0.04267	0.04484	0.01334	0.01546	0.01015	0.00655	0.00637	0.00201	0.00874	0.00541	0.00369	0.01013
56	0.01022	0.00677	0.00868	0.00868	0.00953	0.00731	0.00614	0.01191	0.01106	0.01651	0.01985	0.03229	0.01954	0.29375	0.34680	0.00748	0.01104	0.00791	0.15918	0.00536
57	0.01492	0.01465	0.01991	0.01714	0.01760	0.02009	0.01419	0.01849	0.09441	0.01758	0.01103	0.01592	0.01021	0.01143	0.02019	0.00286	0.66216	0.00608	0.00340	0.00773
58	0.01498	0.04580	0.02454	0.34146	0.40434	0.01595	0.01937	0.01910	0.01442	0.01963	0.01219	0.01691	0.00983	0.00628	0.00657	0.00207	0.00835	0.00587	0.00316	0.00919
59	0.01278	0.00771	0.00997	0.00900	0.01116	0.00715	0.00689	0.01635	0.04007	0.12610	0.56736	0.04433	0.05325	0.01254	0.00757	0.00209	0.00359	0.01096	0.04397	0.00718
60	0.00845	0.00686	0.00758	0.00793	0.00990	0.00599	0.00612	0.01037	0.01522	0.01862	0.08099	0.12625	0.53421	0.01748	0.00819	0.00243	0.00387	0.11753	0.00626	0.00575
61	0.01221	0.00990	0.01133	0.01125	0.01339	0.01060	0.00824	0.02142	0.32282	0.02252	0.05745	0.38020	0.03325	0.01488	0.00764	0.00244	0.00453	0.01317	0.00646	0.03629
62	0.01081	0.00772	0.01081	0.01236	0.01390	0.00772	0.01081	0.01390	0.01545	0.02008	0.03553	0.07569	0.03862	0.01854	0.00927	0.00309	0.00618	0.67717	0.00618	0.00618
63	0.01657	0.05205	0.52262	0.01773	0.02593	0.03618	0.02105	0.06398	0.01567	0.09968	0.01355	0.01511	0.00960	0.00702	0.00733	0.00213	0.05497	0.00522	0.00370	0.00992
64	0.01768	0.28063	0.13538	0.04530	0.10969	0.12328	0.01499	0.06466	0.04500	0.01988	0.01398	0.03752	0.02946	0.00729	0.00625	0.00186	0.02913	0.00543	0.00361	0.00896
65	0.00976	0.00651	0.00732	0.00732	0.00732	0.00651	0.00407	0.00976	0.00976	0.01301	0.02114	0.04391	0.02439	0.76419	0.03415	0.00651	0.00651	0.00976	0.00407	0.00407
66	0.01081	0.00772	0.01081	0.01236	0.01390	0.00772	0.01081	0.01390	0.01545	0.02008	0.03553	0.07569	0.03862	0.01854	0.00927	0.00309	0.00618	0.67717	0.00618	0.00618
67	0.01710	0.06798	0.11366	0.14462	0.22644	0.06930	0.03896	0.05846	0.03615	0.06416	0.01405	0.03772	0.01139	0.00769	0.00775	0.02295	0.04248	0.00609	0.00384	0.00921
68	0.01781	0.21701	0.16048	0.01673	0.04238	0.12217	0.05861	0.04837	0.09185	0.04080	0.01337	0.01532	0.01071	0.00874	0.03357	0.00229	0.08172	0.00528	0.00377	0.00902
69	0.00817	0.00636	0.00742	0.00809	0.00945	0.00562	0.00571	0.00974	0.01448	0.01838	0.10665	0.38085	0.35802	0.01857	0.00822	0.00246	0.00361	0.01624	0.00632	0.00562
70	0.06149	0.01184	0.01535	0.01193	0.01692	0.01079	0.00982	0.07142	0.03847	0.61167	0.05089	0.02301	0.01775	0.00843	0.00668	0.00208	0.00568	0.00680	0.00796	0.01103
71	0.01422	0.09837	0.04185	0.01136	0.03766	0.01126	0.00927	0.01724	0.01389	0.02098	0.01259	0.04138	0.01104	0.00573	0.00513	0.00118	0.00545	0.00459	0.00387	0.63295
72	0.01514	0.08943	0.09164	0.03905	0.12027	0.01490	0.01295	0.12987	0.09075	0.02386	0.05889	0.05031	0.12399	0.01328	0.07085	0.00286	0.03046	0.00790	0.00489	0.00874
73	0.00936	0.01076	0.10418	0.00972	0.01245	0.00783	0.00863	0.01207	0.01525	0.02007	0.18502	0.16486	0.34688	0.01530	0.00852	0.00232	0.04160	0.01291	0.00585	0.00641
74	0.01166	0.00583	0.00874	0.00874	0.00874	0.00583	0.00583	0.00874	0.00874	0.01166	0.01166	0.02040	0.01166	0.02331	0.02622	0.80478	0.00583	0.00583	0.00291	0.00291
75	0.01408	0.01245	0.01610	0.01150	0.01753	0.00963	0.06662	0.01729	0.01408	0.02183	0.01207	0.01427	0.00996	0.00503	0.00522	0.00110	0.00551	0.00431	0.00393	0.73751
76	0.01519	0.01615	0.14147	0.03856	0.09246	0.01123	0.01273	0.03818	0.01510	0.07115	0.03897	0.03929	0.01318	0.00650	0.00583	0.00153	0.00630	0.00543	0.00424	0.42649
77	0.01816	0.07174	0.35592	0.02004	0.08539	0.08344	0.06875	0.13112	0.01788	0.06564	0.01339	0.01509	0.00977	0.00668	0.00643	0.00202	0.00923	0.00540	0.00392	0.00997
78	0.01601	0.04748	0.27298	0.03075	0.39618	0.05782	0.04173	0.02119	0.01507	0.02116	0.01221	0.01535	0.00969	0.00615	0.00648	0.00201	0.00897	0.00551	0.00315	0.01010
79	0.01267	0.01193	0.02013	0.74806	0.04621	0.01491	0.01863	0.01714	0.01342	0.01714	0.01193	0.01789	0.00894	0.00671	0.00671	0.00224	0.00894	0.00596	0.00298	0.00745
80	0.00917	0.00755	0.00862	0.00889	0.03265	0.00690	0.00635	0.01236	0.05878	0.02085	0.21658	0.07753	0.45774	0.01640	0.02749	0.00246	0.00401	0.01298	0.00638	0.00629

[dist]
# distance from previous block
# <min> <max>
3	19

[block]
# block no. 1 follows, 32 sequences, length 30
# corresponding to MSA columns:
# 167-196
name=unknown_B
#
# <colnr> <probs for GDERKNQSTAVLIFYWHMCP>
#	G	D	E	R	K	N	Q	S	T	A	V	L	I	F	Y	W	H	M	C	P
0	0.17283	0.09310	0.16833	0.01642	0.09299	0.08961	0.01410	0.02114	0.01442	0.07524	0.01296	0.01621	0.01046	0.00695	0.00636	0.00191	0.03941	0.03003	0.00391	0.11364
1	0.18765	0.12086	0.04381	0.01412	0.01936	0.06400	0.03120	0.38296	0.02313	0.03328	0.01322	0.01404	0.00987	0.00717	0.00583	0.00194	0.00738	0.00512	0.00524	0.00983
2	0.01251	0.00625	0.00625	0.00625	0.00782	0.00625	0.00469	0.01563	0.01407	0.02502	0.02189	0.02502	0.01720	0.00782	0.00469	0.00156	0.00313	0.00625	0.80144	0.00625
3	0.06193	0.02708	0.01911	0.01765	0.04079	0.53570	0.01325	0.02412	0.01677	0.01721	0.01007	0.01269	0.00867	0.00782	0.00918	0.00200	0.16017	0.00465	0.00338	0.00775
4	0.02932	0.01144	0.01549	0.01184	0.01707	0.00982	0.00977	0.03193	0.01895	0.69270	0.02576	0.02240	0.01629	0.00814	0.00666	0.00202	0.00567	0.00661	0.00809	0.05001
5	0.01661	0.01594	0.02724	0.04119	0.72233	0.01594	0.02059	0.02059	0.01528	0.02192	0.01262	0.01661	0.01063	0.00598	0.00664	0.00199	0.00797	0.00598	0.00332	0.01063
6	0.01600	0.21785	0.44991	0.01713	0.02538	0.01898	0.04552	0.09549	0.01600	0.02219	0.01186	0.01367	0.00891	0.00637	0.00595	0.00194	0.00900	0.00484	0.00329	0.00972
7	0.81159	0.01298	0.00986	0.00882	0.01298	0.01505	0.00727	0.01972	0.01142	0.03010	0.00934	0.01090	0.00727	0.00623	0.00415	0.00208	0.00519	0.00363	0.00415	0.00727
8	0.02509	0.03121	0.01908	0.01718	0.02075	0.69545	0.01295	0.06607	0.01975	0.01793	0.01071	0.01233	0.00880	0.00698	0.00609	0.00175	0.01183	0.00442	0.00365	0.00799
9	0.01391	0.01193	0.01391	0.00994	0.01590	0.00894	0.00795	0.01690	0.01391	0.02186	0.01193	0.01391	0.00994	0.00497	0.00497	0.00099	0.00497	0.00398	0.00398	0.80521
10	0.00976	0.00651	0.00732	0.00732	0.00732	0.00651	0.00407	0.00976	0.00976	0.01301	0.02114	0.04391	0.02439	0.76419	0.03415	0.00651	0.00651	0.00976	0.00407	0.00407
11	0.73007	0.01264	0.01029	0.00985	0.03722	0.01451	0.00751	0.01908	0.01144	0.02867	0.01025	0.01332	0.00854	0.05718	0.00626	0.00237	0.00538	0.00413	0.00412	0.00717
12	0.01533	0.01276	0.01467	0.01061	0.01650	0.01039	0.00854	0.10010	0.01606	0.02435	0.01244	0.01418	0.01012	0.00535	0.00518	0.00112	0.00526	0.00423	0.00431	0.70852
13	0.00976	0.00651	0.00732	0.00732	0.00732	0.00651	0.00407	0.00976	0.00976	0.01301	0.02114	0.04391	0.02439	0.76419	0.03415	0.00651	0.00651	0.00976	0.00407	0.00407
14	0.01166	0.00583	0.00874	0.00874	0.00874	0.00583	0.00583	0.00874	0.00874	0.01166	0.01166	0.02040	0.01166	0.02331	0.02622	0.80478	0.00583	0.00583	0.00291	0.00291
15	0.01871	0.68857	0.03341	0.01211	0.01760	0.10344	0.01164	0.02082	0.01422	0.01586	0.00944	0.01091	0.00861	0.00587	0.00449	0.00147	0.00771	0.00367	0.00293	0.00852
16	0.01678	0.01495	0.01561	0.05664	0.01926	0.04474	0.01118	0.03423	0.64255	0.02698	0.02575	0.02411	0.01935	0.00888	0.00679	0.00225	0.00579	0.00736	0.00647	0.01032
17	0.00970	0.00671	0.00838	0.00838	0.00875	0.00708	0.00539	0.01044	0.01007	0.01380	0.02017	0.03853	0.02206	0.54521	0.24993	0.00782	0.01002	0.00897	0.00392	0.00466
18	0.10205	0.06540	0.04972	0.01739	0.06422	0.42178	0.01322	0.04517	0.07289	0.02002	0.01185	0.01362	0.00967	0.00724	0.00698	0.00192	0.05997	0.00476	0.00379	0.00835
19	0.00842	0.00682	0.00747	0.00731	0.00936	0.00587	0.00548	0.01057	0.01645	0.02086	0.27077	0.06007	0.51511	0.01597	0.00793	0.00222	0.00333	0.01353	0.00659	0.00587
20	0.01814	0.63367	0.10053	0.01263	0.01866	0.05433	0.01288	0.05126	0.01472	0.01754	0.00994	0.01139	0.00873	0.00595	0.00468	0.00154	0.00765	0.00386	0.00306	0.00883
21	0.00976	0.00651	0.00732	0.00732	0.00732	0.00651	0.00407	0.00976	0.00976	0.01301	0.02114	0.04391	0.02439	0.76419	0.03415	0.00651	0.00651	0.00976	0.00407	0.00407
22	0.01201	0.00875	0.01045	0.00952	0.01185	0.00866	0.00729	0.04500	0.13010	0.05667	0.47275	0.04523	0.12952	0.01290	0.00764	0.00215	0.00382	0.01116	0.00717	0.00737
23	0.28384	0.07119	0.06182	0.04476	0.16762	0.09369	0.01322	0.08764	0.01605	0.08428	0.01249	0.01418	0.00954	0.00659	0.00559	0.00198	0.00734	0.00486	0.00428	0.00905
24	0.02551	0.01879	0.02014	0.01544	0.02081	0.02081	0.01275	0.69996	0.03155	0.04229	0.01611	0.01611	0.01141	0.00805	0.00671	0.00201	0.00738	0.00604	0.00671	0.01141
25	0.01301	0.03209	0.66167	0.01804	0.02721	0.01468	0.02300	0.02030	0.01444	0.02135	0.04676	0.01824	0.04556	0.00722	0.00652	0.00213	0.00929	0.00573	0.00320	0.00955
26	0.00989	0.00676	0.00795	0.00845	0.02929	0.00674	0.00468	0.01007	0.01008	0.01349	0.02167	0.07876	0.02497	0.70397	0.03204	0.00618	0.00642	0.01011	0.00415	0.00434
27	0.00961	0.00709	0.01028	0.01028	0.01130	0.00811	0.00776	0.01166	0.01063	0.01520	0.01843	0.02891	0.01788	0.15413	0.63530	0.01016	0.01631	0.00756	0.00366	0.00571
28	0.64144	0.01430	0.01215	0.01116	0.04102	0.03924	0.00865	0.09516	0.01430	0.05563	0.01086	0.01215	0.00823	0.00652	0.00468	0.00205	0.00578	0.00412	0.00453	0.00801
29	0.01391	0.01193	0.01391	0.00994	0.01590	0.00894	0.00795	0.01690	0.01391	0.02186	0.01193	0.01391	0.00994	0.00497	0.00497	0.00099	0.00497	0.00398	0.00398	0.80521

[dist]
# distance from previous block
# <min> <max>
9	11

[block]
# block no. 2 follows, 32 sequences, length 54
# corresponding to MSA columns:
# 212-265
name=unknown_C
#
# <colnr> <probs for GDERKNQSTAVLIFYWHMCP>
#	G	D	E	R	K	N	Q	S	T	A	V	L	I	F	Y	W	H	M	C	P
0	0.01046	0.00865	0.03619	0.04314	0.01478	0.00789	0.01041	0.01360	0.01567	0.02046	0.11016	0.06682	0.12961	0.01688	0.00873	0.00280	0.00574	0.46562	0.00606	0.00631
1	0.02490	0.05396	0.01669	0.01348	0.06117	0.01138	0.01027	0.07351	0.01895	0.47921	0.07338	0.05557	0.03450	0.00900	0.00673	0.00203	0.00572	0.00745	0.00724	0.03482
2	0.01767	0.04232	0.06281	0.04401	0.13477	0.03344	0.08238	0.15490	0.03733	0.09304	0.07484	0.06535	0.03598	0.02909	0.03317	0.00255	0.00766	0.03432	0.00522	0.00916
3	0.01530	0.01672	0.05741	0.09645	0.27549	0.01573	0.33516	0.02009	0.01519	0.02100	0.01435	0.05896	0.01208	0.00675	0.00734	0.00219	0.00946	0.00758	0.00347	0.00929
4	0.01166	0.00583	0.00874	0.00874	0.00874	0.00583	0.00583	0.00874	0.00874	0.01166	0.01166	0.02040	0.01166	0.02331	0.02622	0.80478	0.00583	0.00583	0.00291	0.00291
5	0.01852	0.01860	0.04947	0.13594	0.12372	0.15886	0.13208	0.06671	0.01675	0.08200	0.01509	0.05019	0.01253	0.00801	0.00801	0.00217	0.06221	0.02621	0.00413	0.00880
6	0.01636	0.09716	0.27903	0.06213	0.16957	0.01653	0.13585	0.02226	0.03989	0.07759	0.01385	0.01628	0.01034	0.00638	0.00655	0.00206	0.00893	0.00583	0.00362	0.00980
7	0.01547	0.01498	0.02475	0.25320	0.35482	0.03400	0.08797	0.03810	0.03736	0.02122	0.04343	0.01873	0.01262	0.00668	0.00684	0.00210	0.00841	0.00645	0.00360	0.00926
8	0.00959	0.00719	0.01078	0.01078	0.01198	0.00839	0.00839	0.01198	0.01078	0.01558	0.01797	0.02636	0.01677	0.05032	0.73760	0.01078	0.01797	0.00719	0.00359	0.00599
9	0.01603	0.06823	0.01609	0.01102	0.01660	0.05876	0.00892	0.03664	0.06716	0.04812	0.01343	0.01479	0.01083	0.00566	0.00524	0.00124	0.00571	0.00439	0.00430	0.58684
10	0.05744	0.01357	0.01595	0.01217	0.01740	0.01290	0.00996	0.22218	0.02113	0.28851	0.04979	0.01932	0.01508	0.00754	0.00623	0.00179	0.00588	0.00595	0.00653	0.21069
11	0.03885	0.15811	0.14885	0.03787	0.10531	0.01659	0.03915	0.04481	0.10412	0.15132	0.01821	0.03814	0.02995	0.00776	0.00677	0.00204	0.03144	0.00625	0.00477	0.00970
12	0.01743	0.04597	0.08927	0.07264	0.30223	0.04536	0.04742	0.13334	0.06648	0.02485	0.03941	0.01935	0.01353	0.00740	0.00712	0.00208	0.02784	0.02413	0.00426	0.00987
13	0.01142	0.00598	0.00897	0.00897	0.00910	0.00611	0.00611	0.00910	0.00897	0.01209	0.01236	0.02106	0.01223	0.02633	0.10573	0.71604	0.00718	0.00598	0.00299	0.00326
14	0.01391	0.01193	0.01391	0.00994	0.01590	0.00894	0.00795	0.01690	0.01391	0.02186	0.01193	0.01391	0.00994	0.00497	0.00497	0.00099	0.00497	0.00398	0.00398	0.80521
15	0.00944	0.00686	0.00889	0.00838	0.00999	0.00631	0.00629	0.01256	0.01886	0.02660	0.69580	0.05063	0.08649	0.01383	0.00791	0.00212	0.00317	0.01221	0.00735	0.00631
16	0.00824	0.00608	0.00773	0.00902	0.00978	0.00558	0.00621	0.00957	0.01338	0.01742	0.04232	0.61148	0.16181	0.02022	0.00848	0.00266	0.00390	0.04436	0.00623	0.00552
17	0.02946	0.01144	0.01551	0.01186	0.01708	0.00983	0.00979	0.03208	0.01900	0.69910	0.02590	0.02249	0.01635	0.00817	0.00668	0.00203	0.00568	0.00664	0.00813	0.04280
18	0.00976	0.00651	0.00732	0.00732	0.00732	0.00651	0.00407	0.00976	0.00976	0.01301	0.02114	0.04391	0.02439	0.76419	0.03415	0.00651	0.00651	0.00976	0.00407	0.00407
19	0.01718	0.01398	0.01500	0.01333	0.01711	0.01591	0.01041	0.05887	0.61219	0.05960	0.06889	0.02613	0.02258	0.00931	0.00689	0.00225	0.00527	0.00777	0.00692	0.01042
20	0.81159	0.01298	0.00986	0.00882	0.01298	0.01505	0.00727	0.01972	0.01142	0.03010	0.00934	0.01090	0.00727	0.00623	0.00415	0.00208	0.00519	0.00363	0.00415	0.00727
21	0.03010	0.01142	0.01557	0.01194	0.01713	0.00986	0.00986	0.03270	0.01920	0.72698	0.02647	0.02284	0.01661	0.00830	0.00675	0.00208	0.00571	0.00675	0.00830	0.01142
22	0.01391	0.01193	0.01391	0.00994	0.01590	0.00894	0.00795	0.01690	0.01391	0.02186	0.01193	0.01391	0.00994	0.00497	0.00497	0.00099	0.00497	0.00398	0.00398	0.80521
23	0.05901	0.01148	0.01536	0.01182	0.01698	0.01005	0.00977	0.03222	0.01892	0.70120	0.02584	0.02240	0.01626	0.00823	0.00665	0.00208	0.00569	0.00663	0.00815	0.01127
24	0.02517	0.01830	0.01970	0.01522	0.02049	0.02021	0.01254	0.64005	0.06915	0.06478	0.01709	0.01684	0.01210	0.00812	0.00672	0.00203	0.00721	0.00615	0.00677	0.01137
25	0.00976	0.00651	0.00732	0.00732	0.00732	0.00651	0.00407	0.00976	0.00976	0.01301	0.02114	0.04391	0.02439	0.76419	0.03415	0.00651	0.00651	0.00976	0.00407	0.00407
26	0.01391	0.01193	0.01391	0.00994	0.01590	0.00894	0.00795	0.01690	0.01391	0.02186	0.01193	0.01391	0.00994	0.00497	0.00497	0.00099	0.00497	0.00398	0.00398	0.80521
27	0.00941	0.00686	0.00885	0.00835	0.00997	0.00630	0.00626	0.01250	0.01879	0.02643	0.68364	0.05090	0.09876	0.01389	0.00791	0.00212	0.00318	0.01224	0.00732	0.00630
28	0.01533	0.01729	0.03749	0.02703	0.03339	0.01621	0.65214	0.02069	0.01564	0.02120	0.01513	0.06724	0.01245	0.00667	0.00796	0.00229	0.01082	0.00866	0.00358	0.00881
29	0.01276	0.01285	0.10666	0.01334	0.03725	0.03053	0.05810	0.04027	0.01456	0.06681	0.02799	0.32140	0.06485	0.09118	0.01037	0.00279	0.00618	0.03536	0.00525	0.04148
30	0.01363	0.08020	0.65430	0.01835	0.02764	0.01594	0.02334	0.02086	0.01419	0.02085	0.01288	0.01660	0.00980	0.00686	0.00637	0.00212	0.00958	0.03383	0.00298	0.00967
31	0.02506	0.03198	0.01901	0.01729	0.02074	0.73725	0.01296	0.02679	0.01901	0.01642	0.01037	0.01210	0.00864	0.00691	0.00605	0.00173	0.01210	0.00432	0.00346	0.00778
32	0.01389	0.01240	0.01970	0.29781	0.27107	0.01365	0.01610	0.01896	0.06999	0.02085	0.05534	0.06617	0.01634	0.00801	0.00672	0.00212	0.00722	0.00728	0.06786	0.00852
33	0.01439	0.05884	0.11364	0.02213	0.22098	0.04280	0.04773	0.01801	0.01464	0.02053	0.10131	0.04807	0.01913	0.03074	0.02839	0.00246	0.09603	0.03193	0.00398	0.06426
34	0.00818	0.00584	0.00779	0.00934	0.00973	0.00545	0.00623	0.00934	0.01285	0.01713	0.03698	0.75981	0.04438	0.02102	0.00856	0.00273	0.00389	0.01908	0.00623	0.00545
35	0.01522	0.01628	0.02943	0.02259	0.02576	0.01888	0.33341	0.01864	0.01287	0.01864	0.01103	0.01628	0.00945	0.00890	0.01544	0.00262	0.40645	0.00683	0.00315	0.00814
36	0.01639	0.01517	0.02622	0.16585	0.53323	0.01558	0.05925	0.02051	0.01513	0.04905	0.01310	0.01717	0.01054	0.00618	0.00673	0.00206	0.00825	0.00612	0.00346	0.01000
37	0.01048	0.00731	0.01019	0.01006	0.01128	0.00844	0.00783	0.01300	0.01151	0.01775	0.01846	0.02554	0.01652	0.03894	0.53902	0.00834	0.04718	0.00692	0.18515	0.00611
38	0.00838	0.00603	0.00796	0.00927	0.00987	0.00562	0.00635	0.00982	0.01361	0.01820	0.10338	0.64531	0.06953	0.02010	0.00850	0.00266	0.00388	0.03964	0.00634	0.00557
39	0.01438	0.01733	0.11881	0.11486	0.16094	0.07343	0.11443	0.01916	0.04004	0.02147	0.15054	0.02549	0.05837	0.00852	0.00757	0.00214	0.03212	0.00765	0.00427	0.00847
40	0.01166	0.00583	0.00874	0.00874	0.00874	0.00583	0.00583	0.00874	0.00874	0.01166	0.01166	0.02040	0.01166	0.02331	0.02622	0.80478	0.00583	0.00583	0.00291	0.00291
41	0.02532	0.02430	0.01967	0.01621	0.02078	0.31991	0.01284	0.41892	0.02632	0.03149	0.01371	0.01444	0.01026	0.00758	0.00644	0.00189	0.00935	0.00532	0.00535	0.00989
42	0.01671	0.33903	0.13803	0.04100	0.04194	0.07656	0.03808	0.05074	0.05074	0.02002	0.07420	0.01743	0.01469	0.02566	0.00637	0.00188	0.00772	0.00540	0.00378	0.03002
43	0.01739	0.17832	0.10972	0.06542	0.16468	0.09485	0.01506	0.10138	0.05392	0.02202	0.01610	0.05243	0.03986	0.00766	0.00616	0.00191	0.00786	0.00615	0.00402	0.03510
44	0.00905	0.00704	0.00859	0.00882	0.01059	0.00667	0.00692	0.01128	0.01479	0.01900	0.13539	0.05721	0.35134	0.04972	0.14081	0.00409	0.00665	0.14038	0.00582	0.00585
45	0.04463	0.07520	0.15668	0.11755	0.04532	0.03194	0.12071	0.03785	0.04586	0.06740	0.01964	0.15582	0.03361	0.00953	0.00692	0.00221	0.00778	0.00852	0.00438	0.00845
46	0.04378	0.12005	0.17589	0.04214	0.18593	0.11571	0.09524	0.06216	0.03991	0.03903	0.01279	0.01514	0.00997	0.00643	0.00628	0.00197	0.00898	0.00545	0.00364	0.00952
47	0.07958	0.04501	0.14240	0.06223	0.31636	0.01519	0.08119	0.02172	0.01517	0.10626	0.01477	0.01882	0.01164	0.00684	0.00656	0.00209	0.00807	0.03234	0.00399	0.00979
48	0.02796	0.01178	0.01589	0.01313	0.04484	0.01061	0.01026	0.05532	0.04693	0.61572	0.05637	0.02365	0.01842	0.00848	0.00680	0.00208	0.00573	0.00696	0.00795	0.01113
49	0.01708	0.03925	0.07140	0.19078	0.26792	0.14949	0.01750	0.04239	0.03706	0.02023	0.03109	0.01676	0.01130	0.00705	0.00742	0.00206	0.05295	0.00574	0.00352	0.00899
50	0.01899	0.21386	0.09000	0.01737	0.07704	0.09005	0.08667	0.08100	0.03555	0.10470	0.04286	0.04291	0.01408	0.00868	0.02543	0.00216	0.02885	0.00617	0.00442	0.00918
51	0.00975	0.00654	0.00747	0.00747	0.00753	0.00659	0.00426	0.00986	0.00980	0.01312	0.02100	0.04313	0.02406	0.73250	0.06538	0.00670	0.00701	0.00964	0.00404	0.00415
52	0.00805	0.00676	0.00699	0.00703	0.00916	0.00570	0.00523	0.00983	0.01544	0.01870	0.11226	0.09447	0.64354	0.01694	0.00796	0.00228	0.00340	0.01424	0.00631	0.00570
53	0.01708	0.01592	0.02374	0.21773	0.43187	0.07428	0.01857	0.02133	0.03395	0.06160	0.01346	0.01716	0.01065	0.00646	0.00662	0.00205	0.00835	0.00593	0.00363	0.00963

[dist]
# distance from previous block
# <min> <max>
0	1

[block]
# block no. 3 follows, 32 sequences, length 72
# corresponding to MSA columns:
# 267-284,370-423
name=unknown_D
#
# <colnr> <probs for GDERKNQSTAVLIFYWHMCP>
#	G	D	E	R	K	N	Q	S	T	A	V	L	I	F	Y	W	H	M	C	P
0	0.01756	0.01774	0.01957	0.02069	0.17113	0.17244	0.05826	0.06430	0.17599	0.02334	0.09601	0.02325	0.04232	0.01002	0.03409	0.00239	0.02985	0.00712	0.00491	0.00904
1	0.00833	0.00595	0.00797	0.00952	0.00998	0.00558	0.00650	0.00961	0.01300	0.01730	0.03690	0.71926	0.04404	0.02087	0.00861	0.00275	0.00403	0.05808	0.00623	0.00549
2	0.01391	0.01193	0.01391	0.00994	0.01590	0.00894	0.00795	0.01690	0.01391	0.02186	0.01193	0.01391	0.00994	0.00497	0.00497	0.00099	0.00497	0.00398	0.00398	0.80521
3	0.01497	0.01478	0.04216	0.23992	0.45787	0.01498	0.01908	0.01907	0.01467	0.02039	0.01452	0.01866	0.03744	0.00659	0.00664	0.00204	0.00801	0.00619	0.00335	0.03866
4	0.78214	0.01292	0.01008	0.00894	0.01313	0.01486	0.00736	0.02021	0.01171	0.05636	0.00999	0.01135	0.00762	0.00631	0.00425	0.00208	0.00521	0.00375	0.00431	0.00742
5	0.07292	0.01284	0.01697	0.01298	0.01821	0.01200	0.04101	0.12465	0.02034	0.56036	0.02348	0.02101	0.01507	0.00803	0.00665	0.00208	0.00617	0.00653	0.00763	0.01108
6	0.00975	0.00655	0.00754	0.00754	0.00762	0.00663	0.00435	0.00990	0.00982	0.01318	0.02094	0.04277	0.02390	0.71781	0.07986	0.00678	0.00725	0.00959	0.00404	0.00419
7	0.00846	0.00672	0.00761	0.00771	0.00954	0.00587	0.00573	0.01051	0.01596	0.02036	0.23426	0.14918	0.44198	0.01669	0.00804	0.00231	0.00348	0.03322	0.00653	0.00583
8	0.71122	0.01278	0.01060	0.00922	0.01351	0.01439	0.00760	0.02139	0.01242	0.11960	0.01154	0.01243	0.00847	0.00650	0.00449	0.00208	0.00526	0.00403	0.00469	0.00780
9	0.00817	0.00669	0.00721	0.00732	0.00927	0.00573	0.00540	0.01001	0.01551	0.01921	0.15347	0.14509	0.54957	0.01702	0.00800	0.00230	0.00343	0.01447	0.00639	0.00573
10	0.01468	0.01468	0.02055	0.01762	0.01762	0.02055	0.01468	0.01615	0.01028	0.01615	0.00881	0.01468	0.00881	0.01174	0.02202	0.00294	0.75191	0.00587	0.00294	0.00734
11	0.00823	0.00586	0.00777	0.00927	0.00965	0.00549	0.00615	0.00936	0.01274	0.01698	0.03642	0.73442	0.04367	0.04738	0.00947	0.00286	0.00399	0.01874	0.00615	0.00540
12	0.01267	0.01193	0.02013	0.74806	0.04621	0.01491	0.01863	0.01714	0.01342	0.01714	0.01193	0.01789	0.00894	0.00671	0.00671	0.00224	0.00894	0.00596	0.00298	0.00745
13	0.02506	0.03198	0.01901	0.01729	0.02074	0.73725	0.01296	0.02679	0.01901	0.01642	0.01037	0.01210	0.00864	0.00691	0.00605	0.00173	0.01210	0.00432	0.00346	0.00778
14	0.81159	0.01298	0.00986	0.00882	0.01298	0.01505	0.00727	0.01972	0.01142	0.03010	0.00934	0.01090	0.00727	0.00623	0.00415	0.00208	0.00519	0.00363	0.00415	0.00727
15	0.00813	0.00675	0.00705	0.00708	0.00914	0.00573	0.00524	0.00989	0.01537	0.01874	0.12383	0.09701	0.61077	0.03475	0.00859	0.00238	0.00348	0.01412	0.00628	0.00568
16	0.01794	0.76823	0.03516	0.01148	0.01722	0.02655	0.01148	0.02009	0.01363	0.01579	0.00933	0.01076	0.00861	0.00574	0.00431	0.00144	0.00718	0.00359	0.00287	0.00861
17	0.01166	0.00583	0.00874	0.00874	0.00874	0.00583	0.00583	0.00874	0.00874	0.01166	0.01166	0.02040	0.01166	0.02331	0.02622	0.80478	0.00583	0.00583	0.00291	0.00291
18	0.01158	0.00892	0.03695	0.00934	0.01175	0.00777	0.00752	0.04534	0.03969	0.06574	0.53526	0.04642	0.12147	0.01308	0.00771	0.00213	0.00384	0.01136	0.00710	0.00704
19	0.01346	0.01311	0.02033	0.68426	0.06970	0.05238	0.01841	0.01777	0.01378	0.01728	0.01187	0.01754	0.00899	0.00669	0.00667	0.00220	0.00907	0.00588	0.00302	0.00759
20	0.03010	0.01142	0.01557	0.01194	0.01713	0.00986	0.00986	0.03270	0.01920	0.72698	0.02647	0.02284	0.01661	0.00830	0.00675	0.00208	0.00571	0.00675	0.00830	0.01142
21	0.01251	0.00625	0.00625	0.00625	0.00782	0.00625	0.00469	0.01563	0.01407	0.02502	0.02189	0.02502	0.01720	0.00782	0.00469	0.00156	0.00313	0.00625	0.80144	0.00625
22	0.01471	0.14775	0.55217	0.01787	0.02667	0.01754	0.04115	0.04193	0.04153	0.02129	0.01237	0.01422	0.00912	0.00641	0.00612	0.00202	0.00927	0.00496	0.00313	0.00976
23	0.01347	0.01274	0.01759	0.01537	0.01545	0.01728	0.01241	0.01476	0.01022	0.01557	0.01158	0.02051	0.01204	0.14284	0.07594	0.00411	0.57163	0.00663	0.00318	0.00668
24	0.00884	0.00709	0.00792	0.00766	0.00973	0.00631	0.00576	0.01171	0.04155	0.02180	0.31235	0.05770	0.44670	0.01547	0.00788	0.00221	0.00338	0.01316	0.00669	0.00609
25	0.01823	0.01635	0.02159	0.12275	0.23234	0.05931	0.04140	0.18561	0.05017	0.02613	0.01381	0.01634	0.01077	0.00659	0.00639	0.00186	0.00768	0.00568	0.00438	0.15261
26	0.05844	0.24337	0.10926	0.01535	0.02051	0.03898	0.08220	0.09643	0.12586	0.02278	0.01481	0.01779	0.01216	0.00866	0.02533	0.00224	0.06308	0.02947	0.00419	0.00910
27	0.02309	0.01659	0.01809	0.01435	0.01914	0.01820	0.01169	0.48030	0.15244	0.08951	0.06995	0.02069	0.01721	0.00867	0.00682	0.00207	0.00658	0.00682	0.00690	0.01090
28	0.01546	0.01389	0.01985	0.01585	0.07095	0.01188	0.12815	0.07804	0.01590	0.02360	0.01263	0.01502	0.01016	0.00543	0.00575	0.00137	0.00649	0.00498	0.00407	0.54052
29	0.02254	0.05393	0.02368	0.01880	0.02306	0.41590	0.13884	0.13616	0.01976	0.02159	0.01177	0.01397	0.00939	0.00712	0.00741	0.00194	0.05624	0.00533	0.00393	0.00862
30	0.00818	0.00584	0.00779	0.00934	0.00973	0.00545	0.00623	0.00934	0.01285	0.01713	0.03698	0.75981	0.04438	0.02102	0.00856	0.00273	0.00389	0.01908	0.00623	0.00545
31	0.00976	0.00651	0.00732	0.00732	0.00732	0.00651	0.00407	0.00976	0.00976	0.01301	0.02114	0.04391	0.02439	0.76419	0.03415	0.00651	0.00651	0.00976	0.00407	0.00407
32	0.02934	0.01264	0.01633	0.01252	0.01774	0.01168	0.01034	0.14330	0.02125	0.61349	0.02475	0.02172	0.01575	0.00826	0.00674	0.00207	0.00599	0.00663	0.00804	0.01142
33	0.02857	0.01387	0.01709	0.01310	0.01835	0.01351	0.01082	0.25481	0.02331	0.49907	0.02302	0.02060	0.01488	0.00822	0.00674	0.00206	0.00627	0.00651	0.00777	0.01142
34	0.01521	0.01162	0.01381	0.01005	0.01571	0.00890	0.00805	0.01816	0.01468	0.08850	0.04993	0.01663	0.01333	0.00574	0.00529	0.00115	0.00495	0.00466	0.00456	0.68908
35	0.01584	0.01810	0.03959	0.02828	0.03507	0.01697	0.69796	0.02149	0.01584	0.02149	0.01357	0.01810	0.01018	0.00566	0.00792	0.00226	0.01131	0.00792	0.00339	0.00905
36	0.01251	0.00625	0.00625	0.00625	0.00782	0.00625	0.00469	0.01563	0.01407	0.02502	0.02189	0.02502	0.01720	0.00782	0.00469	0.00156	0.00313	0.00625	0.80144	0.00625
37	0.00830	0.00594	0.00790	0.00926	0.00976	0.00554	0.00624	0.00966	0.01344	0.01808	0.10310	0.69099	0.04621	0.02031	0.00850	0.00267	0.00382	0.01840	0.00634	0.00554
38	0.81159	0.01298	0.00986	0.00882	0.01298	0.01505	0.00727	0.01972	0.01142	0.03010	0.00934	0.01090	0.00727	0.00623	0.00415	0.00208	0.00519	0.00363	0.00415	0.00727
39	0.00959	0.00719	0.01078	0.01078	0.01198	0.00839	0.00839	0.01198	0.01078	0.01558	0.01797	0.02636	0.01677	0.05032	0.73760	0.01078	0.01797	0.00719	0.00359	0.00599
40	0.01463	0.01505	0.02374	0.48368	0.09501	0.07683	0.12729	0.01889	0.01430	0.01812	0.01198	0.01720	0.00925	0.00671	0.00748	0.00221	0.04040	0.00614	0.00311	0.00799
41	0.10454	0.03006	0.01809	0.01643	0.01996	0.66427	0.01239	0.02608	0.01825	0.01780	0.01027	0.01198	0.00850	0.00685	0.00586	0.00176	0.01140	0.00425	0.00353	0.00773
42	0.01346	0.03471	0.72942	0.01912	0.02904	0.01558	0.02479	0.02125	0.01417	0.02125	0.01204	0.01417	0.00850	0.00637	0.00637	0.00212	0.00992	0.00496	0.00283	0.00992
43	0.09453	0.01317	0.02050	0.38208	0.21477	0.01547	0.01701	0.01791	0.01322	0.01943	0.01187	0.01751	0.00980	0.03625	0.00913	0.00240	0.08774	0.00587	0.00323	0.00812
44	0.81159	0.01298	0.00986	0.00882	0.01298	0.01505	0.00727	0.01972	0.01142	0.03010	0.00934	0.01090	0.00727	0.00623	0.00415	0.00208	0.00519	0.00363	0.00415	0.00727
45	0.01802	0.01742	0.07800	0.02833	0.37607	0.05779	0.03883	0.09966	0.04450	0.07289	0.05499	0.05213	0.01568	0.00768	0.00681	0.00205	0.00770	0.00692	0.00452	0.01002
46	0.02254	0.01063	0.01316	0.01135	0.01485	0.04609	0.00881	0.02462	0.01708	0.45387	0.02914	0.26759	0.02544	0.01247	0.00732	0.00227	0.00544	0.01073	0.00736	0.00924
47	0.01547	0.01317	0.01442	0.01316	0.01651	0.01526	0.01024	0.03158	0.58973	0.02592	0.02570	0.02526	0.01984	0.01620	0.13271	0.00374	0.00749	0.00752	0.00627	0.00982
48	0.01599	0.01263	0.01726	0.05212	0.08748	0.01277	0.05369	0.10462	0.09584	0.06920	0.03842	0.06683	0.01865	0.03080	0.04597	0.00262	0.03346	0.07318	0.00515	0.16332
49	0.03721	0.16412	0.40189	0.01616	0.02390	0.01790	0.01850	0.10755	0.05765	0.07388	0.01392	0.01496	0.01014	0.00676	0.00603	0.00199	0.00840	0.00509	0.00398	0.00995
50	0.00995	0.00719	0.00977	0.01120	0.01251	0.00701	0.00925	0.01245	0.01479	0.01920	0.03825	0.24548	0.08952	0.01904	0.00900	0.00294	0.00541	0.46490	0.00619	0.00596
51	0.01251	0.00625	0.00625	0.00625	0.00782	0.00625	0.00469	0.01563	0.01407	0.02502	0.02189	0.02502	0.01720	0.00782	0.00469	0.00156	0.00313	0.00625	0.80144	0.00625
52	0.00894	0.00636	0.00834	0.00965	0.01030	0.00608	0.00690	0.01039	0.01308	0.01726	0.03561	0.49746	0.06225	0.11666	0.01201	0.00328	0.00471	0.15933	0.00594	0.00543
53	0.01398	0.01213	0.01478	0.01056	0.01655	0.00921	0.03116	0.01705	0.01398	0.02185	0.01198	0.01405	0.00995	0.00499	0.00507	0.00104	0.00518	0.00411	0.00396	0.77843
54	0.04670	0.09247	0.01948	0.01359	0.01882	0.01849	0.01128	0.38872	0.12866	0.03347	0.01617	0.01637	0.01211	0.00738	0.00610	0.00182	0.00655	0.00559	0.00578	0.15046
55	0.01506	0.01350	0.02121	0.06773	0.33538	0.01397	0.06426	0.07922	0.03410	0.02151	0.01866	0.06407	0.04975	0.13130	0.01196	0.00286	0.03475	0.00789	0.00412	0.00869
56	0.01605	0.15071	0.44149	0.01945	0.08661	0.08098	0.02041	0.05182	0.01528	0.02080	0.01160	0.01375	0.00886	0.00651	0.00648	0.00198	0.02969	0.00484	0.00311	0.00958
57	0.01376	0.01043	0.01244	0.01154	0.01413	0.01092	0.02695	0.07180	0.24248	0.06202	0.10676	0.27007	0.09100	0.01394	0.00762	0.00237	0.00480	0.01223	0.00662	0.00811
58	0.00804	0.00680	0.00695	0.00691	0.00913	0.00571	0.00519	0.00985	0.01556	0.01875	0.11430	0.06355	0.67289	0.01676	0.00793	0.00225	0.00338	0.01402	0.00631	0.00571
59	0.00889	0.00708	0.00802	0.00797	0.00986	0.00639	0.00590	0.01185	0.05039	0.02131	0.27078	0.14172	0.39358	0.01604	0.00795	0.00227	0.00348	0.01378	0.00663	0.00610
60	0.01390	0.01311	0.02188	0.52776	0.22938	0.01526	0.01887	0.01878	0.04018	0.01886	0.01270	0.01781	0.00984	0.00660	0.00670	0.00217	0.00854	0.00603	0.00322	0.00844
61	0.01565	0.01695	0.03297	0.02597	0.07996	0.01775	0.45189	0.02076	0.04562	0.02052	0.01296	0.01747	0.01034	0.00731	0.01120	0.00241	0.19074	0.00727	0.00343	0.00882
62	0.00814	0.00627	0.00745	0.00828	0.00948	0.00558	0.00578	0.00962	0.01413	0.01801	0.08293	0.44716	0.31503	0.01905	0.00828	0.00251	0.00366	0.01677	0.00629	0.00558
63	0.01661	0.01594	0.02724	0.04119	0.72233	0.01594	0.02059	0.02059	0.01528	0.02192	0.01262	0.01661	0.01063	0.00598	0.00664	0.00199	0.00797	0.00598	0.00332	0.01063
64	0.01285	0.01211	0.02044	0.71633	0.07656	0.01495	0.01872	0.01730	0.01350	0.01736	0.01196	0.01783	0.00902	0.00668	0.00671	0.00223	0.00890	0.00596	0.00300	0.00760
65	0.00996	0.00814	0.01164	0.01056	0.01263	0.00764	0.07295	0.01358	0.05563	0.02285	0.35428	0.20088	0.16353	0.01481	0.00800	0.00229	0.00427	0.01331	0.00652	0.00653
66	0.01027	0.00714	0.00790	0.00772	0.01001	0.00609	0.00578	0.01205	0.01552	0.08999	0.08677	0.15089	0.53278	0.01651	0.00789	0.00230	0.00369	0.01397	0.00649	0.00625
67	0.01497	0.01427	0.02427	0.33607	0.44028	0.01551	0.01978	0.01915	0.01450	0.01993	0.01233	0.01714	0.00993	0.00628	0.00667	0.00209	0.00838	0.00597	0.00318	0.00930
68	0.10126	0.02379	0.01948	0.05056	0.13822	0.40302	0.03227	0.04181	0.06429	0.02037	0.01295	0.03821	0.01092	0.00728	0.00619	0.00192	0.00971	0.00544	0.00388	0.00844
69	0.15511	0.01061	0.01203	0.01187	0.03371	0.03746	0.00922	0.03391	0.01536	0.02342	0.22012	0.04066	0.07238	0.03327	0.03164	0.00277	0.09793	0.14628	0.00546	0.00680
70	0.01947	0.02081	0.05774	0.11510	0.33582	0.21225	0.01749	0.07613	0.01745	0.04644	0.01266	0.01560	0.01006	0.00659	0.00649	0.00196	0.00918	0.00551	0.00374	0.00953
71	0.03721	0.24504	0.18403	0.01746	0.02323	0.09844	0.13308	0.02136	0.01448	0.05037	0.01147	0.01398	0.00921	0.00691	0.00800	0.00200	0.10645	0.00516	0.00330	0.00881

[dist]
# distance from previous block
# <min> <max>
0	10

[block]
# block no. 4 follows, 32 sequences, length 31
# corresponding to MSA columns:
# 434-464
name=unknown_E
#
# <colnr> <probs for GDERKNQSTAVLIFYWHMCP>
#	G	D	E	R	K	N	Q	S	T	A	V	L	I	F	Y	W	H	M	C	P
