[name]
unknown

[dist]
# distance from previous block
# <min> <max>
0	26

[block]
# block no. 0 follows, 34 sequences, length 9
# corresponding to MSA columns:
# 26-34
name=unknown_A
#
# <colnr> <probs for GDERKNQSTAVLIFYWHMCP>
#	G	D	E	R	K	N	Q	S	T	A	V	L	I	F	Y	W	H	M	C	P
0	0.00828	0.00592	0.00797	0.00946	0.01002	0.00560	0.00671	0.00970	0.01277	0.01695	0.03539	0.65654	0.04184	0.01986	0.00836	0.00268	0.00410	0.12649	0.00599	0.00536
1	0.01654	0.01798	0.17501	0.15366	0.16003	0.03350	0.04920	0.06346	0.07796	0.11494	0.01841	0.02001	0.05587	0.00731	0.00651	0.00205	0.00769	0.00632	0.00434	0.00924
2	0.02621	0.01064	0.01413	0.01104	0.01555	0.00946	0.00904	0.05762	0.01867	0.60806	0.07950	0.02389	0.01931	0.00836	0.00646	0.00197	0.00522	0.00684	0.05772	0.01031
3	0.00856	0.00661	0.00936	0.12951	0.01500	0.00673	0.00787	0.01022	0.01258	0.01654	0.03322	0.61205	0.07179	0.01783	0.00793	0.00253	0.00451	0.01610	0.00549	0.00557
4	0.30732	0.10925	0.18051	0.01355	0.01934	0.04840	0.07425	0.02184	0.01376	0.13824	0.01265	0.01371	0.00918	0.00628	0.00531	0.00194	0.00715	0.00466	0.00412	0.00855
5	0.01299	0.01278	0.01451	0.07097	0.01670	0.13036	0.01094	0.01514	0.01175	0.01537	0.01365	0.01996	0.01255	0.02995	0.40395	0.00661	0.18602	0.00610	0.00325	0.00645
6	0.01333	0.01160	0.01676	0.01303	0.01736	0.01039	0.12111	0.01713	0.05325	0.03953	0.03703	0.09754	0.01704	0.03292	0.00789	0.00184	0.04919	0.04246	0.00438	0.39624
7	0.06327	0.13463	0.24328	0.01598	0.02223	0.11784	0.07800	0.09096	0.06816	0.08597	0.01368	0.01475	0.01012	0.00657	0.00591	0.00190	0.00839	0.00512	0.00406	0.00918
8	0.01381	0.01022	0.03148	0.01007	0.01382	0.00840	0.02619	0.01648	0.05281	0.07801	0.07054	0.04414	0.01644	0.01034	0.00975	0.17167	0.00506	0.00595	0.04760	0.35722

[dist]
# distance from previous block
# <min> <max>
0	2

[block]
# block no. 1 follows, 34 sequences, length 35
# corresponding to MSA columns:
# 37-71
name=unknown_B
#
# <colnr> <probs for GDERKNQSTAVLIFYWHMCP>
#	G	D	E	R	K	N	Q	S	T	A	V	L	I	F	Y	W	H	M	C	P
0	0.06984	0.12442	0.03938	0.02090	0.21126	0.14312	0.03138	0.14410	0.06889	0.02375	0.01273	0.01445	0.01016	0.00641	0.00579	0.00178	0.00776	0.00506	0.00406	0.05475
1	0.00881	0.00650	0.00813	0.02772	0.00995	0.00610	0.00584	0.01084	0.01509	0.02049	0.36915	0.17135	0.15558	0.14156	0.01192	0.00287	0.00389	0.01259	0.00610	0.00552
2	0.02268	0.11801	0.01950	0.01518	0.01880	0.56061	0.01179	0.04468	0.01805	0.05125	0.05256	0.01423	0.01182	0.00700	0.00578	0.00168	0.01016	0.00467	0.00379	0.00778
3	0.14948	0.00757	0.00797	0.00791	0.01001	0.00740	0.00601	0.01242	0.01407	0.03750	0.14051	0.14914	0.29522	0.01560	0.04311	0.00258	0.00442	0.03270	0.05040	0.00598
4	0.02212	0.07342	0.06154	0.01801	0.05217	0.46622	0.07552	0.09884	0.01861	0.03853	0.01139	0.01308	0.00902	0.00657	0.00601	0.00176	0.01035	0.00477	0.00371	0.00836
5	0.01842	0.65269	0.03127	0.01199	0.01715	0.14559	0.01129	0.02042	0.01399	0.01530	0.00915	0.01058	0.00830	0.00572	0.00443	0.00143	0.00770	0.00357	0.00286	0.00816
6	0.01347	0.03824	0.31798	0.12387	0.02582	0.01346	0.05470	0.04179	0.04389	0.02086	0.02793	0.03696	0.01133	0.00653	0.00602	0.00182	0.00773	0.00549	0.00351	0.19860
7	0.08764	0.01570	0.07031	0.05326	0.39296	0.01451	0.12663	0.02027	0.02894	0.06489	0.01588	0.01859	0.04837	0.00654	0.00644	0.00201	0.00768	0.00628	0.00375	0.00935
8	0.01383	0.01912	0.24901	0.01552	0.01987	0.01500	0.03812	0.02069	0.14232	0.04345	0.12628	0.02149	0.01893	0.00918	0.01066	0.00229	0.21474	0.00671	0.00432	0.00847
9	0.00925	0.00639	0.00771	0.00772	0.00809	0.00651	0.00485	0.00992	0.01037	0.01404	0.06467	0.05944	0.04966	0.55662	0.15239	0.00648	0.00779	0.00949	0.00416	0.00445
10	0.01543	0.01220	0.02013	0.50253	0.18020	0.01385	0.01709	0.01937	0.01410	0.12280	0.01367	0.01767	0.01002	0.00654	0.00645	0.00208	0.00797	0.00586	0.00369	0.00836
11	0.02072	0.02024	0.02116	0.02451	0.28874	0.23100	0.01495	0.17634	0.07166	0.04801	0.01375	0.01541	0.01073	0.00676	0.00626	0.00187	0.00846	0.00544	0.00437	0.00962
12	0.00933	0.00736	0.00855	0.00864	0.01034	0.00711	0.00631	0.01361	0.11821	0.02076	0.22243	0.26109	0.25090	0.01558	0.00766	0.00227	0.00362	0.01360	0.00637	0.00626
13	0.00887	0.00680	0.00815	0.00777	0.00957	0.00618	0.00584	0.01191	0.03768	0.02325	0.49731	0.05199	0.27281	0.01408	0.00760	0.00208	0.00318	0.01218	0.00674	0.00601
14	0.01139	0.00810	0.00968	0.00938	0.01107	0.03059	0.00688	0.05456	0.01665	0.06590	0.33858	0.31446	0.04522	0.01477	0.00758	0.00221	0.00403	0.01308	0.00649	0.02937
15	0.01122	0.00561	0.00842	0.00842	0.00842	0.00561	0.00561	0.00842	0.00842	0.01122	0.01122	0.01964	0.01122	0.02245	0.02525	0.81201	0.00561	0.00561	0.00281	0.00281
16	0.00787	0.00562	0.00750	0.00900	0.00937	0.00525	0.00600	0.00900	0.01237	0.01649	0.03561	0.76871	0.04274	0.02024	0.00825	0.00262	0.00375	0.01837	0.00600	0.00525
17	0.01296	0.03342	0.73944	0.01842	0.02797	0.01501	0.02387	0.02046	0.01364	0.02046	0.01160	0.01364	0.00818	0.00614	0.00614	0.00205	0.00955	0.00477	0.00273	0.00955
18	0.08791	0.52200	0.06433	0.01126	0.01620	0.04660	0.01084	0.01945	0.05083	0.01791	0.04382	0.05899	0.01322	0.00705	0.00483	0.00163	0.00658	0.00503	0.00348	0.00803
19	0.01748	0.02065	0.03271	0.02515	0.06057	0.19721	0.50685	0.02192	0.01598	0.01951	0.01227	0.01594	0.00946	0.00576	0.00713	0.00204	0.01094	0.00669	0.00328	0.00848
20	0.01536	0.01483	0.02308	0.13754	0.52714	0.05519	0.01782	0.01906	0.01485	0.02055	0.05702	0.01819	0.01326	0.00643	0.00639	0.00193	0.00760	0.00604	0.02846	0.00926
21	0.00777	0.00655	0.00673	0.00669	0.00881	0.00551	0.00502	0.00953	0.01505	0.01821	0.12478	0.06094	0.67020	0.01608	0.00764	0.00217	0.00325	0.01346	0.00610	0.00551
22	0.01363	0.01337	0.02059	0.57927	0.17073	0.05896	0.01796	0.01769	0.01358	0.01732	0.01152	0.01666	0.00890	0.00634	0.00641	0.00208	0.00862	0.00565	0.00296	0.00776
23	0.01429	0.01404	0.01981	0.08471	0.12703	0.06087	0.06658	0.03306	0.03092	0.01792	0.01463	0.09607	0.01442	0.03406	0.01349	0.00257	0.30760	0.03675	0.00363	0.00754
24	0.01261	0.00749	0.01072	0.01017	0.01196	0.00812	0.00798	0.01501	0.01195	0.13007	0.01894	0.02473	0.01616	0.03840	0.56370	0.00826	0.01416	0.00678	0.07616	0.00662
25	0.01680	0.14449	0.02376	0.02458	0.33435	0.01672	0.03065	0.06435	0.14232	0.04050	0.01465	0.01640	0.01173	0.00634	0.00592	0.00179	0.00679	0.00552	0.00411	0.08822
26	0.01015	0.00891	0.01111	0.00933	0.01258	0.00776	0.06869	0.05383	0.01554	0.01966	0.05014	0.04848	0.52057	0.01324	0.00716	0.00199	0.00440	0.01124	0.00548	0.11972
27	0.01615	0.06665	0.47412	0.01812	0.02587	0.13189	0.07170	0.08300	0.01597	0.02130	0.01167	0.01362	0.00858	0.00628	0.00613	0.00195	0.00964	0.00492	0.00320	0.00923
28	0.01492	0.41733	0.12232	0.01233	0.03208	0.06819	0.01179	0.01774	0.01415	0.01745	0.09065	0.08554	0.05518	0.00839	0.00550	0.00173	0.00673	0.00647	0.00373	0.00780
29	0.01404	0.01155	0.01798	0.57261	0.03708	0.01377	0.01565	0.07893	0.01487	0.06257	0.04518	0.02007	0.01240	0.04758	0.00791	0.00234	0.00792	0.00625	0.00375	0.00753
30	0.10751	0.10569	0.18385	0.01781	0.12068	0.16656	0.01477	0.06137	0.03838	0.08118	0.01292	0.01432	0.00983	0.00648	0.00567	0.00185	0.00810	0.00482	0.02930	0.00891
31	0.14565	0.11394	0.09785	0.03631	0.09699	0.10112	0.09210	0.02009	0.01402	0.07267	0.01323	0.04169	0.01112	0.04089	0.00722	0.00207	0.02291	0.00559	0.01768	0.04688
32	0.00787	0.00562	0.00750	0.00900	0.00937	0.00525	0.00600	0.00900	0.01237	0.01649	0.03561	0.76871	0.04274	0.02024	0.00825	0.00262	0.00375	0.01837	0.00600	0.00525
33	0.08576	0.01303	0.02095	0.45690	0.16510	0.01510	0.06075	0.04760	0.01388	0.01975	0.01156	0.01624	0.00894	0.00644	0.00677	0.00211	0.03227	0.00566	0.00321	0.00798
34	0.02020	0.27077	0.02478	0.03676	0.11482	0.30878	0.03036	0.04025	0.03842	0.04262	0.01126	0.01295	0.00931	0.00627	0.00548	0.00167	0.00893	0.00449	0.00346	0.00844

[dist]
# distance from previous block
# <min> <max>
2	4

[block]
# block no. 2 follows, 34 sequences, length 18
# corresponding to MSA columns:
# 76-93
name=unknown_C
#
# <colnr> <probs for GDERKNQSTAVLIFYWHMCP>
#	G	D	E	R	K	N	Q	S	T	A	V	L	I	F	Y	W	H	M	C	P
0	0.04483	0.21496	0.08238	0.06180	0.05919	0.10078	0.04700	0.08222	0.05663	0.05363	0.03147	0.01506	0.01121	0.00661	0.00610	0.00176	0.03210	0.00501	0.00393	0.08333
1	0.01595	0.21293	0.13655	0.01466	0.05127	0.08321	0.05709	0.08360	0.03361	0.04250	0.06576	0.04423	0.09270	0.03061	0.00686	0.00199	0.00723	0.00677	0.00423	0.00825
2	0.01122	0.00561	0.00842	0.00842	0.00842	0.00561	0.00561	0.00842	0.00842	0.01122	0.01122	0.01964	0.01122	0.02245	0.02525	0.81201	0.00561	0.00561	0.00281	0.00281
3	0.05177	0.15687	0.12358	0.01643	0.09035	0.14006	0.05068	0.03693	0.01472	0.01955	0.01301	0.01496	0.03770	0.00634	0.00595	0.00164	0.02949	0.00483	0.00343	0.18169
4	0.04235	0.05406	0.17798	0.06694	0.16215	0.09249	0.05660	0.05706	0.05347	0.09256	0.01369	0.01559	0.01031	0.00657	0.00658	0.00193	0.03126	0.00537	0.00394	0.04911
5	0.07740	0.01122	0.01292	0.01092	0.01433	0.03201	0.00865	0.04431	0.13491	0.28843	0.15067	0.02890	0.07029	0.04366	0.00839	0.00226	0.03757	0.00781	0.00660	0.00876
6	0.00931	0.00661	0.00882	0.00882	0.00943	0.00723	0.00612	0.01053	0.00992	0.01384	0.01874	0.03331	0.01959	0.38825	0.41224	0.00845	0.01213	0.00808	0.00367	0.00490
7	0.01491	0.17790	0.19782	0.04042	0.04180	0.03718	0.11612	0.02065	0.09085	0.05080	0.03625	0.07146	0.03924	0.00815	0.00633	0.00200	0.00762	0.02790	0.00405	0.00855
8	0.01586	0.04721	0.07006	0.03119	0.46571	0.04219	0.07868	0.02157	0.09942	0.02118	0.01436	0.03817	0.01199	0.00655	0.00645	0.00197	0.00777	0.00626	0.00365	0.00974
9	0.00923	0.00692	0.01038	0.01038	0.01154	0.00808	0.00808	0.01154	0.01038	0.01500	0.01731	0.02538	0.01615	0.04846	0.74732	0.01038	0.01731	0.00692	0.00346	0.00577
10	0.03969	0.01112	0.01773	0.02210	0.30065	0.01100	0.08424	0.01687	0.01401	0.02170	0.01905	0.10167	0.03504	0.00817	0.00606	0.00190	0.00585	0.00755	0.26766	0.00792
11	0.01600	0.10244	0.13986	0.04017	0.18549	0.09431	0.07688	0.02020	0.03885	0.06913	0.01655	0.07479	0.03302	0.01017	0.05188	0.00248	0.00857	0.00669	0.00385	0.00866
12	0.04544	0.60670	0.03122	0.01240	0.01781	0.05251	0.05472	0.05104	0.01440	0.04822	0.01028	0.01159	0.00880	0.00579	0.00463	0.00152	0.00723	0.00398	0.00325	0.00848
13	0.00823	0.00597	0.00777	0.00859	0.00941	0.00551	0.00596	0.00994	0.01424	0.01929	0.23919	0.51491	0.09111	0.01795	0.00803	0.00242	0.00352	0.01613	0.00632	0.00551
14	0.22716	0.01672	0.05885	0.01622	0.12986	0.13582	0.01156	0.08122	0.01645	0.11521	0.08789	0.01807	0.01526	0.00729	0.00574	0.00191	0.00678	0.00557	0.03395	0.00847
15	0.01304	0.00789	0.00874	0.00842	0.01030	0.00811	0.00662	0.10673	0.01597	0.02475	0.05344	0.05860	0.02240	0.04790	0.00718	0.00210	0.00423	0.12042	0.46661	0.00654
16	0.01327	0.01152	0.01426	0.01033	0.01590	0.00882	0.03850	0.01618	0.01344	0.02086	0.01249	0.04287	0.01087	0.00541	0.00504	0.00108	0.00501	0.00456	0.00389	0.74570
17	0.01270	0.01135	0.04490	0.02831	0.04842	0.04084	0.03416	0.03398	0.06942	0.06093	0.18841	0.05008	0.18836	0.03554	0.03313	0.00237	0.00558	0.00919	0.00546	0.09686

[dist]
# distance from previous block
# <min> <max>
1	2

[block]
# block no. 3 follows, 34 sequences, length 32
# corresponding to MSA columns:
# 96-117,131-140
name=unknown_D
#
# <colnr> <probs for GDERKNQSTAVLIFYWHMCP>
#	G	D	E	R	K	N	Q	S	T	A	V	L	I	F	Y	W	H	M	C	P
0	0.11234	0.04096	0.17757	0.01768	0.11390	0.07334	0.06101	0.06037	0.10782	0.04032	0.03788	0.03623	0.07751	0.00793	0.00623	0.00202	0.00726	0.00655	0.00435	0.00873
1	0.01982	0.05618	0.03915	0.01505	0.04576	0.18380	0.01175	0.18529	0.26195	0.04813	0.02015	0.01978	0.04854	0.00805	0.00629	0.00195	0.00731	0.00621	0.00539	0.00945
2	0.01583	0.04550	0.03846	0.06086	0.16615	0.06125	0.07513	0.01960	0.03954	0.07233	0.01460	0.05205	0.01241	0.00693	0.00658	0.00173	0.03456	0.01948	0.00400	0.25301
3	0.01383	0.05129	0.08171	0.01383	0.01725	0.07491	0.11520	0.07157	0.01556	0.05171	0.04046	0.29232	0.05909	0.01248	0.00720	0.00222	0.00656	0.03670	0.02879	0.00730
4	0.01580	0.27103	0.44664	0.01542	0.02326	0.01791	0.01844	0.02110	0.01391	0.08342	0.01201	0.01334	0.00892	0.00611	0.00553	0.00183	0.00833	0.00450	0.00322	0.00927
5	0.01423	0.01978	0.20040	0.04628	0.10021	0.01488	0.39158	0.01968	0.01454	0.02058	0.01388	0.04568	0.01106	0.00635	0.00697	0.00210	0.00948	0.00703	0.04655	0.00874
6	0.00788	0.00580	0.00739	0.00859	0.00928	0.00531	0.00583	0.00914	0.01292	0.01693	0.06171	0.63695	0.14977	0.01942	0.00813	0.00254	0.00365	0.01743	0.00603	0.00531
7	0.01595	0.12965	0.32081	0.01755	0.05204	0.06434	0.07089	0.03892	0.13910	0.04393	0.01429	0.01562	0.01077	0.00674	0.00654	0.00198	0.03242	0.00537	0.00377	0.00932
8	0.01122	0.00561	0.00842	0.00842	0.00842	0.00561	0.00561	0.00842	0.00842	0.01122	0.01122	0.01964	0.01122	0.02245	0.02525	0.81201	0.00561	0.00561	0.00281	0.00281
9	0.00817	0.00595	0.00751	0.00857	0.00927	0.00552	0.00587	0.00942	0.01275	0.01669	0.06029	0.53241	0.14222	0.09374	0.01061	0.00292	0.00402	0.05301	0.00582	0.00521
10	0.01047	0.00665	0.00828	0.00845	0.00997	0.00596	0.00606	0.01216	0.01452	0.09921	0.15987	0.35879	0.20958	0.04816	0.00882	0.00250	0.00381	0.01436	0.00633	0.00603
11	0.51245	0.01303	0.01191	0.01019	0.01424	0.01459	0.00828	0.14900	0.05130	0.08760	0.01418	0.06320	0.01148	0.00757	0.00507	0.00204	0.00536	0.00535	0.00504	0.00811
12	0.01007	0.00823	0.01184	0.03953	0.01318	0.00998	0.00901	0.01192	0.01068	0.01528	0.01883	0.15717	0.01958	0.07860	0.40192	0.00696	0.15873	0.00883	0.00380	0.00587
13	0.02782	0.01126	0.01496	0.01165	0.01652	0.01009	0.00956	0.03175	0.08186	0.67303	0.02556	0.02218	0.01633	0.00807	0.00650	0.00202	0.00546	0.00657	0.00787	0.01093
14	0.00852	0.00658	0.00781	0.00773	0.00947	0.00586	0.00585	0.01088	0.01630	0.02151	0.37587	0.09086	0.33966	0.01515	0.00773	0.00218	0.00335	0.05239	0.00652	0.00578
15	0.01468	0.01394	0.02225	0.32974	0.23211	0.05140	0.09245	0.04933	0.01431	0.01882	0.01193	0.01677	0.00955	0.00778	0.00837	0.08114	0.00839	0.00586	0.00319	0.00797
16	0.00976	0.00722	0.00885	0.00954	0.01065	0.00713	0.00669	0.07360	0.04891	0.01927	0.03566	0.60947	0.09204	0.01825	0.00796	0.00251	0.00408	0.01633	0.00607	0.00603
17	0.01473	0.07460	0.56524	0.01685	0.02517	0.01542	0.02056	0.08273	0.01555	0.05156	0.04874	0.01571	0.01144	0.00668	0.00614	0.00199	0.00867	0.00521	0.00351	0.00949
18	0.01124	0.00754	0.00990	0.00959	0.01083	0.00816	0.00701	0.01404	0.06588	0.06571	0.02022	0.03250	0.01967	0.28830	0.36840	0.00750	0.01137	0.03205	0.00426	0.00585
19	0.07029	0.01696	0.14188	0.03885	0.02053	0.03701	0.09616	0.16317	0.05305	0.07271	0.01907	0.17690	0.01741	0.00987	0.00729	0.00218	0.03474	0.00844	0.00493	0.00856
20	0.01842	0.53392	0.06481	0.01475	0.08222	0.10275	0.01261	0.04278	0.01464	0.04640	0.01039	0.01182	0.00887	0.00588	0.00480	0.00154	0.00758	0.00401	0.00320	0.00864
21	0.02193	0.20126	0.08680	0.01500	0.01966	0.40530	0.01294	0.07504	0.01760	0.07155	0.01146	0.01259	0.00907	0.00653	0.00556	0.00168	0.00957	0.00435	0.00372	0.00838
22	0.01436	0.01100	0.01559	0.09067	0.16214	0.01110	0.01136	0.04233	0.04176	0.07914	0.12270	0.04383	0.02021	0.01138	0.06653	0.00253	0.04012	0.00691	0.06571	0.14065
23	0.04060	0.21872	0.26447	0.01821	0.09294	0.11412	0.05519	0.06324	0.03904	0.02029	0.01151	0.01336	0.00905	0.00616	0.00567	0.00182	0.00861	0.00472	0.00329	0.00901
24	0.01588	0.01435	0.02371	0.06001	0.40530	0.03255	0.11277	0.03780	0.03261	0.06286	0.04219	0.07309	0.01583	0.00778	0.00684	0.00206	0.00755	0.03349	0.00409	0.00922
25	0.00919	0.00676	0.00974	0.00982	0.01076	0.00767	0.00736	0.01109	0.01034	0.01471	0.01869	0.06557	0.01859	0.15412	0.60424	0.00938	0.01499	0.00787	0.00366	0.00547
26	0.05570	0.01590	0.04303	0.14168	0.23658	0.08047	0.10296	0.09173	0.01620	0.04478	0.01624	0.07234	0.03854	0.00766	0.00658	0.00204	0.00794	0.00695	0.00400	0.00869
27	0.08828	0.06602	0.05890	0.03739	0.15475	0.06580	0.04807	0.14097	0.01763	0.11194	0.03636	0.01791	0.03903	0.00700	0.00601	0.00184	0.00702	0.00573	0.00465	0.08470
28	0.01189	0.01085	0.01414	0.01276	0.03454	0.06359	0.08686	0.01438	0.01508	0.04180	0.18444	0.07437	0.23480	0.01414	0.03936	0.00256	0.09475	0.03782	0.00524	0.00663
29	0.01747	0.01675	0.08077	0.01565	0.08373	0.11750	0.01196	0.05798	0.25841	0.10209	0.11306	0.05662	0.02179	0.00891	0.00661	0.00204	0.00649	0.00740	0.00565	0.00913
30	0.14335	0.03549	0.05200	0.01367	0.06856	0.01397	0.01067	0.22409	0.04254	0.12747	0.15435	0.02362	0.04587	0.00861	0.00627	0.00198	0.00574	0.00688	0.00587	0.00901
31	0.01689	0.05147	0.31086	0.01868	0.10149	0.01535	0.05478	0.12729	0.08081	0.09173	0.03765	0.01830	0.03118	0.00717	0.00638	0.00201	0.00780	0.00597	0.00444	0.00974

[dist]
# distance from previous block
# <min> <max>
2	9

[block]
# block no. 4 follows, 34 sequences, length 7
# corresponding to MSA columns:
# 150-156
name=unknown_E
#
# <colnr> <probs for GDERKNQSTAVLIFYWHMCP>
#	G	D	E	R	K	N	Q	S	T	A	V	L	I	F	Y	W	H	M	C	P
0	0.02019	0.01715	0.04793	0.01798	0.11964	0.11027	0.05259	0.17955	0.10597	0.13584	0.03946	0.04301	0.01471	0.00769	0.00643	0.00192	0.00722	0.00641	0.00535	0.06069
1	0.01932	0.01859	0.03553	0.01613	0.06613	0.25983	0.07063	0.06684	0.04895	0.12746	0.05816	0.09213	0.07359	0.00924	0.00667	0.00198	0.00790	0.00766	0.00501	0.00826
2	0.17620	0.01145	0.03925	0.01284	0.06019	0.01079	0.04716	0.02080	0.07034	0.18568	0.21501	0.02940	0.05019	0.00939	0.00649	0.00207	0.00521	0.03337	0.00596	0.00820
3	0.01508	0.01178	0.01467	0.01239	0.07846	0.00929	0.00890	0.01800	0.01399	0.08764	0.01285	0.01443	0.01023	0.00517	0.00509	0.00114	0.00511	0.00425	0.00416	0.66740
4	0.06222	0.01912	0.06186	0.02047	0.12541	0.13535	0.13943	0.19018	0.05722	0.02571	0.05431	0.01721	0.01309	0.00721	0.00715	0.00200	0.04244	0.00609	0.00444	0.00910
5	0.01150	0.00858	0.00994	0.00900	0.01117	0.00841	0.00683	0.13755	0.01876	0.02526	0.35920	0.10214	0.20124	0.05072	0.00870	0.00230	0.00405	0.01148	0.00650	0.00666
6	0.01403	0.01504	0.07064	0.02779	0.33709	0.01347	0.19950	0.01835	0.01561	0.02206	0.17671	0.02362	0.02162	0.00741	0.00699	0.00202	0.00759	0.00755	0.00408	0.00884

[dist]
# distance from previous block
# <min> <max>
0	3

[block]
# block no. 5 follows, 34 sequences, length 9
# corresponding to MSA columns:
# 160-168
name=unknown_F
#
# <colnr> <probs for GDERKNQSTAVLIFYWHMCP>
#	G	D	E	R	K	N	Q	S	T	A	V	L	I	F	Y	W	H	M	C	P
0	0.02188	0.01712	0.02270	0.01731	0.02242	0.07257	0.18825	0.31249	0.06269	0.14525	0.01733	0.04058	0.01278	0.00757	0.00678	0.00202	0.00794	0.00673	0.00565	0.00992
1	0.01751	0.07929	0.17329	0.01448	0.03765	0.01574	0.01338	0.12236	0.27350	0.10063	0.05172	0.02116	0.03468	0.00803	0.00633	0.00203	0.00646	0.00647	0.00549	0.00981
2	0.01995	0.02465	0.01533	0.01408	0.01712	0.55894	0.01056	0.02161	0.01740	0.01623	0.02405	0.02447	0.19133	0.00912	0.00629	0.00180	0.00953	0.00656	0.00401	0.00697
3	0.01258	0.00996	0.01143	0.00896	0.01257	0.00841	0.00656	0.05362	0.01291	0.01908	0.01495	0.02404	0.01472	0.28474	0.01512	0.00295	0.00546	0.00597	0.00401	0.47196
4	0.01062	0.20134	0.01408	0.00905	0.01065	0.01064	0.00678	0.01172	0.01185	0.01522	0.02523	0.40340	0.02942	0.19576	0.01308	0.00318	0.00515	0.01245	0.00468	0.00570
5	0.22048	0.58299	0.02768	0.01041	0.01555	0.02276	0.01003	0.01926	0.01259	0.01870	0.00899	0.01040	0.00796	0.00565	0.00411	0.00154	0.00643	0.00347	0.00308	0.00796
6	0.02118	0.02473	0.02084	0.02358	0.23648	0.45730	0.01479	0.05297	0.01732	0.01848	0.01081	0.01326	0.00903	0.00666	0.00679	0.00181	0.04733	0.00479	0.00340	0.00845
7	0.00814	0.00612	0.00762	0.00870	0.00972	0.00559	0.00628	0.00965	0.01336	0.01714	0.04372	0.48058	0.23289	0.01885	0.00817	0.00255	0.00391	0.10564	0.00599	0.00540
8	0.01964	0.51966	0.02850	0.01298	0.01775	0.27423	0.01155	0.02157	0.01491	0.01541	0.00933	0.01081	0.00830	0.00592	0.00473	0.00148	0.00854	0.00370	0.00296	0.00802

[dist]
# distance from previous block
# <min> <max>
3	16

[block]
# block no. 6 follows, 34 sequences, length 45
# corresponding to MSA columns:
# 190-234
name=unknown_G
#
# <colnr> <probs for GDERKNQSTAVLIFYWHMCP>
#	G	D	E	R	K	N	Q	S	T	A	V	L	I	F	Y	W	H	M	C	P
0	0.01810	0.10412	0.05671	0.02084	0.20715	0.10530	0.07088	0.05477	0.01601	0.09823	0.03368	0.01590	0.01164	0.00621	0.00591	0.00169	0.00751	0.00530	0.00405	0.15599
1	0.06279	0.17495	0.34850	0.01582	0.02307	0.01612	0.08054	0.02237	0.01450	0.16240	0.01382	0.01482	0.00984	0.00631	0.00583	0.00191	0.00808	0.00504	0.00390	0.00936
2	0.00940	0.00626	0.00705	0.00705	0.00705	0.00626	0.00392	0.00940	0.00940	0.01253	0.02036	0.04228	0.02349	0.77292	0.03289	0.00626	0.00626	0.00940	0.00392	0.00392
3	0.01446	0.01573	0.13208	0.08888	0.26005	0.02965	0.01529	0.04715	0.03728	0.05999	0.10862	0.02501	0.08443	0.01012	0.04124	0.00240	0.00739	0.00719	0.00436	0.00868
4	0.02005	0.13860	0.13618	0.01779	0.11586	0.16181	0.03410	0.06725	0.01688	0.16455	0.03269	0.01734	0.03481	0.00705	0.00602	0.00184	0.00802	0.00552	0.00444	0.00918
5	0.81856	0.01250	0.00950	0.00850	0.01250	0.01449	0.00700	0.01899	0.01100	0.02899	0.00900	0.01050	0.00700	0.00600	0.00400	0.00200	0.00500	0.00350	0.00400	0.00700
6	0.01066	0.00751	0.00930	0.00849	0.01046	0.00705	0.00647	0.05863	0.01865	0.05049	0.57403	0.04695	0.14043	0.01307	0.00751	0.00204	0.00343	0.01136	0.00696	0.00651
7	0.03529	0.05740	0.10906	0.23556	0.05696	0.22660	0.03797	0.02105	0.06602	0.01807	0.01355	0.01655	0.02607	0.00881	0.04244	0.00236	0.00953	0.00541	0.00340	0.00790
8	0.04327	0.03722	0.03823	0.15576	0.11299	0.04899	0.01328	0.14263	0.13140	0.13385	0.01812	0.06551	0.01423	0.00804	0.00641	0.00205	0.00689	0.00669	0.00517	0.00929
9	0.00815	0.00607	0.00762	0.00847	0.00948	0.00554	0.00600	0.00978	0.01394	0.01834	0.15204	0.46705	0.19414	0.01817	0.00805	0.00245	0.00364	0.04945	0.00617	0.00546
10	0.02582	0.01006	0.01331	0.01047	0.01482	0.00885	0.00856	0.02841	0.01757	0.60358	0.02466	0.02238	0.01610	0.00791	0.00613	0.00191	0.00503	0.00641	0.15795	0.01006
11	0.01866	0.07094	0.07138	0.04184	0.24725	0.07468	0.10699	0.07098	0.09423	0.11633	0.01537	0.01696	0.01157	0.00658	0.00638	0.00195	0.00791	0.00592	0.00438	0.00971
12	0.01049	0.00893	0.01363	0.08442	0.16060	0.00881	0.03321	0.01306	0.01430	0.01915	0.12142	0.26960	0.13706	0.01387	0.00757	0.00231	0.00524	0.06439	0.00519	0.00675
13	0.01095	0.00717	0.00913	0.00974	0.01092	0.00696	0.00685	0.05179	0.04850	0.07736	0.03319	0.62861	0.03763	0.01797	0.00792	0.00251	0.00415	0.01615	0.00622	0.00629
14	0.21992	0.01774	0.01996	0.09155	0.21305	0.17066	0.07109	0.04557	0.03012	0.02216	0.01122	0.01402	0.00900	0.00637	0.00626	0.00196	0.03240	0.00503	0.00358	0.00835
15	0.00841	0.00655	0.00734	0.00714	0.00904	0.00573	0.00535	0.01065	0.01606	0.02102	0.32175	0.05519	0.44024	0.01477	0.00750	0.00210	0.00317	0.01256	0.03970	0.00573
16	0.16568	0.01151	0.01248	0.00990	0.01456	0.01064	0.00791	0.02047	0.11761	0.09568	0.05863	0.01907	0.03988	0.00683	0.00534	0.00154	0.00479	0.00536	0.00495	0.38717
17	0.01304	0.01258	0.03893	0.01463	0.03558	0.01156	0.13921	0.03114	0.01337	0.01964	0.01639	0.01983	0.06026	0.01354	0.12482	0.00306	0.09421	0.00607	0.02139	0.31076
18	0.01414	0.01414	0.01979	0.01696	0.01696	0.01979	0.01414	0.01555	0.00990	0.01555	0.00848	0.01414	0.00848	0.01131	0.02120	0.00283	0.76110	0.00565	0.00283	0.00707
19	0.01457	0.01206	0.01389	0.01022	0.01564	0.00992	0.00817	0.10481	0.01552	0.02336	0.01311	0.04844	0.01128	0.00588	0.00516	0.00116	0.00503	0.00475	0.00427	0.67274
20	0.01965	0.51874	0.02848	0.01299	0.01776	0.27513	0.01155	0.02158	0.01492	0.01541	0.00933	0.01081	0.00830	0.00592	0.00473	0.00148	0.00855	0.00370	0.00296	0.00801
21	0.01437	0.01358	0.01804	0.01487	0.01664	0.01676	0.01230	0.04457	0.01170	0.01809	0.00959	0.01399	0.00888	0.00939	0.01613	0.00228	0.52424	0.00516	0.00325	0.22617
22	0.00954	0.00754	0.01111	0.01469	0.14477	0.00733	0.00856	0.01117	0.01254	0.01706	0.02948	0.55082	0.03429	0.06259	0.04385	0.00307	0.00526	0.01495	0.00523	0.00613
23	0.00904	0.00695	0.00813	0.00808	0.00970	0.00649	0.00598	0.01201	0.05573	0.02053	0.28898	0.10661	0.27971	0.09496	0.01036	0.00265	0.00383	0.05822	0.00620	0.00581
24	0.01582	0.01411	0.01895	0.15441	0.02438	0.01584	0.10757	0.09647	0.39927	0.02526	0.02189	0.02226	0.03829	0.00802	0.00672	0.00216	0.00670	0.00711	0.00540	0.00937
25	0.00786	0.00568	0.00744	0.00886	0.00934	0.00526	0.00594	0.00901	0.01250	0.01655	0.03730	0.72874	0.08161	0.02002	0.00821	0.00260	0.00372	0.01810	0.00600	0.00526
26	0.01718	0.02073	0.27918	0.13825	0.11283	0.01427	0.10050	0.05567	0.01561	0.16119	0.01473	0.01667	0.01036	0.00650	0.00648	0.00205	0.00842	0.00577	0.00409	0.00951
27	0.05044	0.01130	0.01500	0.01154	0.01651	0.01002	0.00953	0.05586	0.01872	0.69239	0.02468	0.02144	0.01557	0.00793	0.00643	0.00200	0.00554	0.00639	0.00783	0.01089
28	0.01142	0.00669	0.00790	0.00770	0.00950	0.00613	0.00573	0.01376	0.01517	0.09356	0.19559	0.17129	0.18017	0.01301	0.00675	0.00202	0.00346	0.01118	0.23272	0.00628
29	0.10384	0.01374	0.01609	0.09079	0.01989	0.01453	0.01093	0.30132	0.02162	0.26290	0.01805	0.01786	0.01233	0.00751	0.00610	0.00196	0.00626	0.00581	0.05861	0.00986
30	0.01488	0.01403	0.02279	0.24829	0.44237	0.01515	0.01810	0.02062	0.10015	0.02047	0.01368	0.01734	0.01091	0.00633	0.00644	0.00202	0.00764	0.00594	0.00351	0.00933
31	0.00858	0.00641	0.00804	0.00817	0.00956	0.00587	0.00601	0.01086	0.01584	0.02144	0.38800	0.21293	0.19795	0.01676	0.03212	0.00250	0.00381	0.03293	0.00647	0.00575
32	0.00846	0.00640	0.00780	0.00782	0.00932	0.00575	0.00572	0.01072	0.01612	0.02163	0.40134	0.18733	0.25711	0.01547	0.00774	0.00219	0.00325	0.01352	0.00657	0.00575
33	0.01531	0.01399	0.05233	0.03776	0.22539	0.01432	0.04751	0.08617	0.11391	0.02371	0.04125	0.01956	0.01429	0.00769	0.00801	0.00202	0.10091	0.00627	0.16082	0.00877
34	0.01699	0.04709	0.17548	0.09666	0.08531	0.12157	0.03055	0.05762	0.23367	0.04578	0.01652	0.01750	0.01242	0.00713	0.00628	0.00201	0.00791	0.00578	0.00442	0.00932
35	0.01612	0.01387	0.01900	0.38354	0.06550	0.05690	0.03564	0.12808	0.04895	0.05663	0.01450	0.01925	0.01126	0.00747	0.00717	0.00211	0.04311	0.03068	0.03198	0.00822
36	0.00929	0.00697	0.00877	0.00906	0.01054	0.00618	0.00642	0.01078	0.01251	0.01717	0.03010	0.46628	0.05336	0.10187	0.01042	0.00274	0.00440	0.07146	0.00535	0.15631
37	0.04407	0.06852	0.01868	0.01488	0.01818	0.31063	0.01190	0.15226	0.01833	0.08213	0.01456	0.01597	0.04317	0.00821	0.00881	0.00198	0.14974	0.00533	0.00433	0.00831
38	0.01661	0.01365	0.01725	0.07253	0.12835	0.04593	0.02704	0.07221	0.03885	0.08779	0.01363	0.01540	0.01058	0.00581	0.00562	0.00147	0.00623	0.00488	0.00430	0.41188
39	0.01785	0.23891	0.33622	0.01526	0.02233	0.06426	0.03464	0.05213	0.01529	0.12662	0.01304	0.01402	0.00955	0.00633	0.00566	0.00183	0.00826	0.00474	0.00374	0.00932
40	0.02086	0.01150	0.01447	0.03339	0.04940	0.03666	0.00979	0.02499	0.08358	0.35640	0.06282	0.02224	0.01742	0.01033	0.04887	0.00240	0.04304	0.00647	0.07028	0.07507
41	0.01194	0.01133	0.01276	0.03314	0.09310	0.10467	0.02698	0.01417	0.01480	0.01906	0.13593	0.27104	0.11768	0.01296	0.00713	0.00208	0.00547	0.01139	0.00513	0.08921
42	0.01714	0.08776	0.05989	0.06040	0.25963	0.10646	0.10774	0.02058	0.01493	0.07933	0.01399	0.05872	0.01185	0.00699	0.00673	0.00192	0.02947	0.00624	0.00373	0.04648
43	0.09487	0.04258	0.09190	0.11843	0.05307	0.21672	0.06943	0.02294	0.08021	0.07615	0.01339	0.01549	0.01025	0.00777	0.02280	0.00216	0.04432	0.00530	0.00389	0.00832
44	0.01448	0.05302	0.11715	0.01468	0.08624	0.03749	0.03881	0.01810	0.01408	0.03861	0.03493	0.01497	0.01116	0.00555	0.00538	0.00135	0.00627	0.00461	0.00373	0.47939

[dist]
# distance from previous block
# <min> <max>
0	46

[block]
# block no. 7 follows, 34 sequences, length 35
# corresponding to MSA columns:
# 293-327
name=unknown_H
#
# <colnr> <probs for GDERKNQSTAVLIFYWHMCP>
#	G	D	E	R	K	N	Q	S	T	A	V	L	I	F	Y	W	H	M	C	P
0	0.01598	0.49771	0.13297	0.01343	0.05861	0.02036	0.01275	0.01909	0.01415	0.04492	0.10121	0.01640	0.01534	0.00669	0.00510	0.00162	0.00680	0.00494	0.00353	0.00841
1	0.01742	0.04003	0.01640	0.05373	0.07588	0.08152	0.01071	0.12993	0.05430	0.09545	0.08298	0.01963	0.01626	0.01061	0.06800	0.00240	0.00728	0.00588	0.00491	0.20669
2	0.04233	0.10487	0.05199	0.00996	0.01315	0.01019	0.00862	0.03271	0.01680	0.14118	0.33141	0.06381	0.07846	0.01140	0.00688	0.00204	0.00468	0.05593	0.00618	0.00743
3	0.00839	0.00602	0.00799	0.00880	0.00961	0.00561	0.00619	0.01024	0.01447	0.01980	0.27136	0.49921	0.04874	0.01777	0.00806	0.00244	0.00359	0.03978	0.00638	0.00556
4	0.01833	0.21105	0.20706	0.01769	0.06141	0.27322	0.06616	0.02239	0.03311	0.01778	0.01091	0.01282	0.00878	0.00617	0.00568	0.00176	0.00952	0.00456	0.00311	0.00852
5	0.01678	0.03747	0.02635	0.05638	0.12057	0.21130	0.28464	0.02040	0.01522	0.01837	0.01301	0.03588	0.01094	0.01107	0.08981	0.00292	0.01100	0.00646	0.00334	0.00809
6	0.02353	0.01244	0.01470	0.01128	0.01636	0.05384	0.00915	0.02665	0.04166	0.45230	0.02035	0.01885	0.01372	0.00697	0.00594	0.00167	0.00564	0.00558	0.00641	0.25297
7	0.02460	0.01183	0.01513	0.01320	0.05552	0.03795	0.01013	0.07595	0.01885	0.50334	0.08975	0.02688	0.02073	0.00899	0.00674	0.00205	0.00577	0.05537	0.00722	0.01001
8	0.01560	0.13952	0.02576	0.23620	0.33998	0.01708	0.05412	0.06045	0.01492	0.01999	0.01169	0.01547	0.00948	0.00602	0.00611	0.00191	0.00795	0.00548	0.00323	0.00901
9	0.04591	0.00702	0.00796	0.00761	0.00967	0.00640	0.00578	0.01168	0.01571	0.04618	0.29686	0.05121	0.38886	0.01640	0.05193	0.00261	0.00419	0.01182	0.00623	0.00597
10	0.00787	0.00562	0.00750	0.00900	0.00937	0.00525	0.00600	0.00900	0.01237	0.01649	0.03561	0.76871	0.04274	0.02024	0.00825	0.00262	0.00375	0.01837	0.00600	0.00525
11	0.01507	0.01420	0.05893	0.45789	0.11194	0.04025	0.01663	0.06405	0.05741	0.06108	0.01371	0.01745	0.01020	0.00671	0.00637	0.00207	0.00804	0.00578	0.02393	0.00827
12	0.00804	0.00577	0.00767	0.00912	0.00963	0.00540	0.00627	0.00930	0.01261	0.01671	0.03637	0.70122	0.06206	0.01997	0.00828	0.00264	0.00388	0.06376	0.00599	0.00530
13	0.00784	0.00574	0.00738	0.00869	0.00929	0.00527	0.00586	0.00903	0.01267	0.01661	0.03934	0.68036	0.12868	0.01976	0.00817	0.00257	0.00369	0.01778	0.00600	0.00527
14	0.01117	0.01009	0.01839	0.01495	0.01754	0.01028	0.22834	0.01395	0.01170	0.01624	0.01666	0.02666	0.01580	0.19740	0.35368	0.00687	0.01281	0.00770	0.00350	0.00628
15	0.00825	0.00699	0.00718	0.00706	0.00928	0.00614	0.00531	0.01099	0.05748	0.01863	0.11038	0.05890	0.63960	0.01568	0.00757	0.00217	0.00337	0.01312	0.00611	0.00579
16	0.01484	0.01636	0.03296	0.06380	0.03052	0.01702	0.51452	0.01931	0.01391	0.01931	0.01195	0.01667	0.00944	0.00683	0.01065	0.00232	0.18111	0.00708	0.00315	0.00826
17	0.02008	0.48048	0.02804	0.01278	0.01793	0.11827	0.01156	0.20158	0.01833	0.02197	0.01083	0.01188	0.00900	0.00626	0.00497	0.00156	0.00758	0.00417	0.00381	0.00889
18	0.00808	0.00584	0.00768	0.00895	0.00957	0.00543	0.00618	0.00947	0.01304	0.01734	0.08467	0.64170	0.08326	0.01941	0.00821	0.00258	0.00379	0.05337	0.00607	0.00536
19	0.01220	0.01148	0.01938	0.75739	0.04450	0.01436	0.01794	0.01651	0.01292	0.01651	0.01148	0.01723	0.00861	0.00646	0.00646	0.00215	0.00861	0.00574	0.00287	0.00718
20	0.01886	0.21478	0.18631	0.01760	0.06405	0.25509	0.06240	0.07348	0.01645	0.01921	0.01085	0.01272	0.00870	0.00621	0.00568	0.00175	0.00937	0.00458	0.00328	0.00866
21	0.00802	0.00579	0.00763	0.00905	0.00960	0.00540	0.00622	0.00930	0.01266	0.01673	0.03717	0.68453	0.08028	0.01987	0.00826	0.00262	0.00387	0.06168	0.00599	0.00531
22	0.01525	0.01743	0.03813	0.02723	0.03377	0.01634	0.70915	0.02070	0.01525	0.02070	0.01307	0.01743	0.00980	0.00545	0.00763	0.00218	0.01089	0.00763	0.00327	0.00871
23	0.01607	0.01388	0.01461	0.01315	0.01680	0.01607	0.01023	0.03433	0.72094	0.02703	0.02630	0.02411	0.01972	0.00877	0.00657	0.00219	0.00511	0.00731	0.00657	0.01023
24	0.01660	0.01479	0.02243	0.11688	0.39455	0.04053	0.04771	0.07138	0.05353	0.06411	0.01720	0.01976	0.05757	0.00713	0.00692	0.00201	0.02702	0.00642	0.00404	0.00941
25	0.03870	0.00730	0.00769	0.00722	0.00981	0.00627	0.00555	0.01234	0.01506	0.10631	0.05856	0.05543	0.61688	0.01497	0.00737	0.00215	0.00361	0.01240	0.00618	0.00619
26	0.02414	0.03079	0.01831	0.01665	0.01998	0.74698	0.01248	0.02580	0.01831	0.01581	0.00999	0.01165	0.00832	0.00666	0.00583	0.00166	0.01165	0.00416	0.00333	0.00749
27	0.01296	0.03342	0.73944	0.01842	0.02797	0.01501	0.02387	0.02046	0.01364	0.02046	0.01160	0.01364	0.00818	0.00614	0.00614	0.00205	0.00955	0.00477	0.00273	0.00955
28	0.01764	0.01048	0.01250	0.01112	0.01428	0.01075	0.00860	0.02595	0.28384	0.23863	0.09266	0.16203	0.02650	0.01099	0.00686	0.00217	0.00470	0.00944	0.04189	0.00898
29	0.00768	0.00639	0.00670	0.00695	0.00883	0.00542	0.00509	0.00923	0.01434	0.01730	0.06056	0.17816	0.61718	0.01700	0.00774	0.00225	0.00335	0.01441	0.00600	0.00542
30	0.00914	0.00660	0.00864	0.00813	0.00965	0.00610	0.00610	0.01219	0.01829	0.02591	0.72921	0.04827	0.06097	0.01321	0.00762	0.00203	0.00305	0.01169	0.00711	0.00610
31	0.04556	0.01395	0.06275	0.05536	0.01903	0.01261	0.01119	0.19215	0.01998	0.41882	0.02063	0.02053	0.01407	0.05370	0.00799	0.00225	0.00636	0.00627	0.00664	0.01015
32	0.00995	0.00676	0.00863	0.00821	0.00990	0.00624	0.00628	0.01287	0.01752	0.04826	0.56819	0.04835	0.10550	0.01318	0.00746	0.00206	0.00332	0.05206	0.05907	0.00620
33	0.01525	0.01743	0.03813	0.02723	0.03377	0.01634	0.70915	0.02070	0.01525	0.02070	0.01307	0.01743	0.00980	0.00545	0.00763	0.00218	0.01089	0.00763	0.00327	0.00871
34	0.02165	0.08937	0.01876	0.01474	0.01865	0.36348	0.01160	0.17145	0.15552	0.02348	0.01459	0.01519	0.01137	0.00723	0.00591	0.00179	0.00872	0.00512	0.03261	0.00878

[dist]
# distance from previous block
# <min> <max>
0	1

[block]
# block no. 8 follows, 34 sequences, length 16
# corresponding to MSA columns:
# 329-344
name=unknown_I
#
# <colnr> <probs for GDERKNQSTAVLIFYWHMCP>
#	G	D	E	R	K	N	Q	S	T	A	V	L	I	F	Y	W	H	M	C	P
0	0.00845	0.00688	0.00791	0.00778	0.00955	0.00634	0.00590	0.01047	0.01534	0.01970	0.24327	0.10267	0.44611	0.01556	0.00834	0.00222	0.03825	0.03340	0.00616	0.00571
1	0.01607	0.01388	0.01461	0.01315	0.01680	0.01607	0.01023	0.03433	0.72094	0.02703	0.02630	0.02411	0.01972	0.00877	0.00657	0.00219	0.00511	0.00731	0.00657	0.01023
2	0.02656	0.01073	0.01440	0.01127	0.01589	0.00950	0.00922	0.02987	0.05234	0.63804	0.08967	0.02449	0.02027	0.00851	0.00660	0.00201	0.00526	0.00701	0.00785	0.01051
3	0.02019	0.29139	0.12423	0.01494	0.01991	0.39332	0.01357	0.02281	0.01585	0.01625	0.00986	0.01148	0.00829	0.00619	0.00528	0.00162	0.00970	0.00400	0.00305	0.00806
4	0.01340	0.01148	0.01340	0.00957	0.01531	0.00861	0.00766	0.01627	0.01340	0.02105	0.01148	0.01340	0.00957	0.00479	0.00479	0.00096	0.00479	0.00383	0.00383	0.81242
5	0.01525	0.01460	0.02489	0.17943	0.59862	0.01516	0.01946	0.01918	0.01436	0.02021	0.01202	0.01623	0.00992	0.00589	0.00641	0.00196	0.00786	0.00575	0.00313	0.00964
6	0.01607	0.01388	0.01461	0.01315	0.01680	0.01607	0.01023	0.03433	0.72094	0.02703	0.02630	0.02411	0.01972	0.00877	0.00657	0.00219	0.00511	0.00731	0.00657	0.01023
7	0.01782	0.71765	0.03263	0.01150	0.01685	0.08277	0.01117	0.01986	0.01354	0.01525	0.00906	0.01047	0.00829	0.00562	0.00428	0.00140	0.00729	0.00351	0.00281	0.00823
8	0.01657	0.01413	0.01489	0.01325	0.01699	0.01631	0.01035	0.07447	0.67998	0.02784	0.02566	0.02360	0.01921	0.00871	0.00657	0.00218	0.00523	0.00722	0.00657	0.01027
9	0.01705	0.01454	0.02335	0.11760	0.50965	0.01498	0.01771	0.05097	0.06549	0.08383	0.01438	0.01721	0.01125	0.00633	0.00643	0.00197	0.00739	0.00593	0.00395	0.00998
10	0.00905	0.00592	0.00792	0.00914	0.00977	0.00548	0.00619	0.01025	0.01271	0.05663	0.03505	0.72711	0.04125	0.01956	0.00815	0.00259	0.00385	0.01771	0.00611	0.00557
11	0.81856	0.01250	0.00950	0.00850	0.01250	0.01449	0.00700	0.01899	0.01100	0.02899	0.00900	0.01050	0.00700	0.00600	0.00400	0.00200	0.00500	0.00350	0.00400	0.00700
12	0.01552	0.01503	0.02613	0.12098	0.61397	0.01529	0.05907	0.01950	0.01454	0.02056	0.01213	0.01622	0.01002	0.00582	0.00647	0.00196	0.00797	0.00586	0.00316	0.00980
13	0.00914	0.00660	0.00864	0.00813	0.00965	0.00610	0.00610	0.01219	0.01829	0.02591	0.72921	0.04827	0.06097	0.01321	0.00762	0.00203	0.00305	0.01169	0.00711	0.00610
14	0.74514	0.01440	0.07603	0.00940	0.01391	0.01454	0.00854	0.01913	0.01124	0.02821	0.00923	0.01078	0.00711	0.00601	0.00419	0.00200	0.00541	0.00362	0.00388	0.00723
15	0.01229	0.01080	0.01655	0.22647	0.16973	0.01167	0.03792	0.01664	0.07785	0.01876	0.08093	0.03018	0.05891	0.16124	0.01205	0.00296	0.00682	0.03680	0.00417	0.00725

[dist]
# distance from previous block
# <min> <max>
0	15

# created by:
# /home/cegg/simao/soft/augustus-3.2.1/scripts/msa2prfl.pl ./align_prep/EOG090W0AUV.fa
