[name]
unknown

[dist]
# distance from previous block
# <min> <max>
0	403

[block]
# block no. 0 follows, 26 sequences, length 19
# corresponding to MSA columns:
# 439-457
name=unknown_A
#
# <colnr> <probs for GDERKNQSTAVLIFYWHMCP>
#	G	D	E	R	K	N	Q	S	T	A	V	L	I	F	Y	W	H	M	C	P
0	0.01187	0.00861	0.01096	0.01106	0.01322	0.00801	0.00892	0.01497	0.01783	0.02461	0.22263	0.06343	0.09921	0.07382	0.01139	0.00308	0.00545	0.25937	0.05163	0.07993
1	0.01015	0.00763	0.00940	0.00917	0.01103	0.00687	0.00680	0.01310	0.01977	0.02689	0.47004	0.12432	0.22257	0.01721	0.00902	0.00250	0.00372	0.01503	0.00790	0.00687
2	0.01259	0.01016	0.01238	0.01091	0.01461	0.00820	0.00805	0.01497	0.01515	0.02213	0.02717	0.36016	0.03005	0.01439	0.00758	0.00207	0.00503	0.01274	0.00572	0.40594
3	0.04330	0.17522	0.14183	0.01687	0.02264	0.04319	0.10830	0.02339	0.10750	0.02458	0.12773	0.06938	0.04472	0.01010	0.00741	0.00231	0.00808	0.00870	0.00519	0.00955
4	0.00946	0.00736	0.00836	0.00877	0.01041	0.00652	0.00618	0.01125	0.01647	0.02091	0.13979	0.24839	0.36916	0.08757	0.01196	0.00313	0.00429	0.01677	0.00698	0.00626
5	0.00924	0.00660	0.00880	0.01056	0.01100	0.00616	0.00704	0.01056	0.01452	0.01936	0.04181	0.72848	0.05017	0.02376	0.00968	0.00308	0.00440	0.02156	0.00704	0.00616
6	0.01948	0.41043	0.26564	0.01678	0.02460	0.10625	0.01842	0.02408	0.01635	0.02008	0.01176	0.01369	0.00969	0.00690	0.00592	0.00193	0.00986	0.00470	0.00331	0.01014
7	0.06389	0.02702	0.02224	0.02103	0.09349	0.32593	0.01506	0.25265	0.05458	0.03091	0.01508	0.01641	0.01164	0.00823	0.00711	0.00215	0.01057	0.00590	0.00540	0.01070
8	0.00963	0.00676	0.00869	0.01007	0.01041	0.00642	0.00651	0.01066	0.01377	0.01836	0.03794	0.58184	0.04529	0.17706	0.01593	0.00400	0.00504	0.01929	0.00651	0.00582
9	0.02209	0.01789	0.01897	0.01609	0.02095	0.02037	0.01279	0.24088	0.46659	0.03693	0.02678	0.02504	0.01984	0.00991	0.00768	0.00248	0.00676	0.00801	0.00768	0.01229
10	0.02028	0.73799	0.03975	0.01298	0.01947	0.03001	0.01298	0.02271	0.01541	0.01785	0.01055	0.01217	0.00973	0.00649	0.00487	0.00162	0.00811	0.00406	0.00324	0.00973
11	0.01862	0.39398	0.25548	0.01578	0.02344	0.02313	0.01755	0.04578	0.01704	0.04604	0.06601	0.01770	0.01505	0.00764	0.00617	0.00199	0.00874	0.00557	0.00401	0.01025
12	0.01521	0.03923	0.69413	0.02162	0.03283	0.01762	0.02802	0.02402	0.01601	0.02402	0.01361	0.01601	0.00961	0.00721	0.00721	0.00240	0.01121	0.00560	0.00320	0.01121
13	0.00924	0.00660	0.00880	0.01056	0.01100	0.00616	0.00704	0.01056	0.01452	0.01936	0.04181	0.72848	0.05017	0.02376	0.00968	0.00308	0.00440	0.02156	0.00704	0.00616
14	0.01877	0.01802	0.03079	0.04656	0.68612	0.01802	0.02328	0.02328	0.01727	0.02478	0.01427	0.01877	0.01201	0.00676	0.00751	0.00225	0.00901	0.00676	0.00375	0.01201
15	0.01611	0.01530	0.02597	0.44734	0.30618	0.01732	0.02195	0.02094	0.01601	0.02154	0.01380	0.01964	0.01087	0.00725	0.00755	0.00242	0.00967	0.00675	0.00352	0.00986
16	0.01569	0.10536	0.63221	0.02080	0.03156	0.01879	0.02660	0.02390	0.01596	0.02344	0.01332	0.01565	0.00962	0.00714	0.00698	0.00233	0.01092	0.00546	0.00321	0.01107
17	0.02958	0.01192	0.01618	0.01274	0.01783	0.01039	0.01039	0.03264	0.02166	0.56506	0.15455	0.03171	0.02886	0.01056	0.00788	0.00235	0.00590	0.00879	0.00919	0.01181
18	0.01787	0.01694	0.02868	0.08247	0.59555	0.01709	0.02187	0.02234	0.01748	0.02492	0.06739	0.02187	0.01665	0.00750	0.00763	0.00228	0.00864	0.00731	0.00410	0.01142

[dist]
# distance from previous block
# <min> <max>
0	1

[block]
# block no. 1 follows, 26 sequences, length 61
# corresponding to MSA columns:
# 459-519
name=unknown_B
#
# <colnr> <probs for GDERKNQSTAVLIFYWHMCP>
#	G	D	E	R	K	N	Q	S	T	A	V	L	I	F	Y	W	H	M	C	P
0	0.02250	0.02383	0.01848	0.01581	0.01970	0.32035	0.01198	0.11565	0.02018	0.02331	0.01493	0.02086	0.01347	0.12854	0.01298	0.00281	0.04854	0.00621	0.00464	0.15523
1	0.01549	0.07707	0.65870	0.02115	0.03211	0.01829	0.02721	0.02395	0.01598	0.02369	0.01345	0.01581	0.00962	0.00717	0.00708	0.00236	0.01104	0.00552	0.00321	0.01113
2	0.29749	0.01888	0.01706	0.01429	0.01922	0.09049	0.01150	0.24489	0.08436	0.07372	0.01769	0.04794	0.01383	0.00900	0.00658	0.00233	0.00752	0.00651	0.00626	0.01042
3	0.01793	0.01716	0.02926	0.17367	0.56562	0.01780	0.02286	0.02254	0.01687	0.02375	0.01412	0.01905	0.01165	0.00692	0.00752	0.00231	0.00922	0.00675	0.00368	0.01133
4	0.02740	0.03230	0.02119	0.01886	0.02307	0.55045	0.01435	0.10637	0.09138	0.02342	0.01450	0.01575	0.01154	0.00823	0.00702	0.00206	0.01224	0.00550	0.00475	0.00962
5	0.02028	0.73799	0.03975	0.01298	0.01947	0.03001	0.01298	0.02271	0.01541	0.01785	0.01055	0.01217	0.00973	0.00649	0.00487	0.00162	0.00811	0.00406	0.00324	0.00973
6	0.02080	0.01115	0.01401	0.01215	0.01579	0.01087	0.00952	0.05257	0.08689	0.27435	0.03602	0.07171	0.13590	0.06574	0.14215	0.00462	0.00863	0.01015	0.00730	0.00967
7	0.00936	0.00770	0.00823	0.00810	0.01049	0.00657	0.00607	0.01165	0.01822	0.02271	0.21228	0.06934	0.54621	0.01838	0.00896	0.00252	0.00378	0.01550	0.00734	0.00657
8	0.02756	0.02426	0.02181	0.01772	0.02307	0.18656	0.01420	0.43726	0.10589	0.03891	0.01811	0.01829	0.01333	0.00893	0.00742	0.00223	0.00936	0.00656	0.00672	0.01181
9	0.29944	0.01267	0.01374	0.01129	0.01613	0.01263	0.00924	0.02888	0.01771	0.35876	0.02226	0.02137	0.01511	0.00847	0.00624	0.00226	0.00581	0.00629	0.12134	0.01037
10	0.00899	0.00757	0.00780	0.00799	0.01032	0.00638	0.00590	0.01085	0.01700	0.02037	0.07317	0.14167	0.61673	0.01969	0.00904	0.00262	0.00390	0.01659	0.00704	0.00638
11	0.00951	0.00771	0.00843	0.00825	0.01058	0.00663	0.00619	0.01193	0.01857	0.02353	0.26190	0.06800	0.49608	0.01808	0.00896	0.00251	0.00376	0.01531	0.00744	0.00663
12	0.01831	0.01755	0.02995	0.11661	0.61970	0.01790	0.02305	0.02287	0.01705	0.02421	0.01419	0.01892	0.01182	0.00684	0.00752	0.00228	0.00913	0.00676	0.00371	0.01164
13	0.02996	0.01456	0.01813	0.01417	0.01949	0.01416	0.01153	0.20241	0.02430	0.43965	0.02587	0.02545	0.01775	0.05668	0.04693	0.00317	0.00777	0.00765	0.00832	0.01206
14	0.02843	0.01282	0.01610	0.01286	0.01784	0.01202	0.01052	0.10691	0.04349	0.44986	0.02932	0.02843	0.03720	0.00990	0.00738	0.00229	0.00614	0.02614	0.13073	0.01160
15	0.01719	0.01640	0.02792	0.28486	0.46021	0.01761	0.02249	0.02189	0.01652	0.02286	0.01399	0.01929	0.01134	0.00705	0.00754	0.00235	0.00940	0.00675	0.00362	0.01074
16	0.01956	0.01245	0.01197	0.01083	0.01370	0.09171	0.00834	0.06309	0.01849	0.13742	0.02448	0.07113	0.01973	0.01271	0.04863	0.00264	0.00661	0.00789	0.41007	0.00854
17	0.00948	0.00682	0.00900	0.01045	0.01115	0.00635	0.00716	0.01112	0.01544	0.02066	0.11010	0.61564	0.07485	0.02265	0.00960	0.00300	0.00437	0.03868	0.00718	0.00630
18	0.02124	0.01107	0.01415	0.01204	0.01576	0.01034	0.00959	0.09019	0.02219	0.27811	0.26368	0.08501	0.07578	0.01353	0.00843	0.00247	0.00539	0.04279	0.00844	0.00980
19	0.02578	0.02003	0.02068	0.01665	0.02184	0.05777	0.01342	0.49821	0.09487	0.04168	0.02157	0.09337	0.01764	0.01069	0.00778	0.00237	0.00799	0.00844	0.00735	0.01189
20	0.01491	0.01412	0.02362	0.60993	0.11702	0.01730	0.02107	0.01973	0.01521	0.01989	0.01339	0.01989	0.01030	0.00779	0.00845	0.00254	0.04592	0.00674	0.00341	0.00880
21	0.01212	0.00911	0.01113	0.01065	0.01271	0.00898	0.00794	0.04888	0.08884	0.02880	0.42577	0.18034	0.09256	0.01641	0.00889	0.00254	0.00424	0.01445	0.00793	0.00773
22	0.01675	0.01373	0.01594	0.01173	0.01820	0.01100	0.00936	0.02185	0.07941	0.05160	0.01581	0.01734	0.01268	0.00622	0.00590	0.00131	0.00569	0.00501	0.00500	0.67547
23	0.27020	0.02170	0.02029	0.04008	0.02200	0.22764	0.08022	0.02361	0.01587	0.02410	0.01205	0.01570	0.01009	0.01152	0.05489	0.00306	0.12877	0.00562	0.00405	0.00853
24	0.05668	0.01943	0.03924	0.02955	0.06375	0.01915	0.50946	0.02335	0.01689	0.02419	0.01443	0.01941	0.01119	0.00714	0.01023	0.00257	0.08609	0.00822	0.00384	0.03518
25	0.01552	0.05859	0.60350	0.02117	0.03106	0.01859	0.02636	0.02338	0.01553	0.02322	0.01313	0.01596	0.00965	0.00782	0.00899	0.00247	0.08533	0.00566	0.00322	0.01086
26	0.04619	0.05577	0.44552	0.01917	0.02815	0.05506	0.02221	0.13011	0.01968	0.04728	0.01775	0.01917	0.04449	0.00820	0.00718	0.00234	0.01006	0.00625	0.00440	0.01101
27	0.01112	0.00816	0.01074	0.01222	0.01345	0.00813	0.00937	0.01484	0.06779	0.02159	0.04033	0.43331	0.04560	0.02165	0.00982	0.00319	0.00549	0.24921	0.00707	0.00693
28	0.00994	0.00804	0.00866	0.00880	0.01102	0.00712	0.00646	0.03921	0.01760	0.02171	0.08376	0.21463	0.49700	0.01967	0.00906	0.00266	0.00415	0.01677	0.00710	0.00665
29	0.01775	0.01750	0.02730	0.28750	0.41510	0.06000	0.02194	0.02230	0.01677	0.02244	0.01382	0.01898	0.01119	0.00712	0.00749	0.00233	0.00970	0.00664	0.00362	0.01051
30	0.02503	0.15224	0.06542	0.01727	0.02235	0.35388	0.01447	0.09516	0.07296	0.05951	0.04169	0.01757	0.01410	0.00827	0.00680	0.00205	0.01061	0.00578	0.00491	0.00994
31	0.00924	0.00660	0.00880	0.01056	0.01100	0.00616	0.00704	0.01056	0.01452	0.01936	0.04181	0.72848	0.05017	0.02376	0.00968	0.00308	0.00440	0.02156	0.00704	0.00616
32	0.04038	0.03843	0.67186	0.02124	0.03224	0.01760	0.02738	0.02396	0.01591	0.02435	0.01351	0.01589	0.00956	0.00720	0.00712	0.00240	0.01104	0.00556	0.00325	0.01111
33	0.07265	0.00926	0.01066	0.01115	0.01365	0.00900	0.00928	0.04008	0.01776	0.02367	0.05234	0.07181	0.30806	0.01865	0.00927	0.00296	0.00563	0.30019	0.00685	0.00707
34	0.01232	0.00747	0.00886	0.00906	0.00972	0.00725	0.00571	0.01321	0.01310	0.05921	0.02898	0.22107	0.03201	0.42988	0.02575	0.00536	0.00614	0.01312	0.08600	0.00577
35	0.01432	0.01348	0.02275	0.71520	0.05224	0.01685	0.02107	0.01938	0.01517	0.01938	0.01348	0.02022	0.01011	0.00758	0.00758	0.00253	0.01011	0.00674	0.00337	0.00843
36	0.00924	0.00660	0.00880	0.01056	0.01100	0.00616	0.00704	0.01056	0.01452	0.01936	0.04181	0.72848	0.05017	0.02376	0.00968	0.00308	0.00440	0.02156	0.00704	0.00616
37	0.01834	0.01751	0.02947	0.11037	0.59808	0.01794	0.02262	0.02357	0.04300	0.02453	0.01485	0.01929	0.01227	0.00698	0.00752	0.00229	0.00900	0.00683	0.00387	0.01167
38	0.01150	0.00850	0.01122	0.01258	0.01451	0.00822	0.01080	0.01465	0.01742	0.02221	0.04825	0.08279	0.18459	0.02057	0.01014	0.00329	0.00629	0.49860	0.00700	0.00686
39	0.00896	0.00768	0.00768	0.00768	0.01025	0.00640	0.00576	0.01089	0.01729	0.02049	0.07684	0.07300	0.68304	0.01921	0.00896	0.00256	0.00384	0.01601	0.00704	0.00640
40	0.00924	0.00660	0.00880	0.01056	0.01100	0.00616	0.00704	0.01056	0.01452	0.01936	0.04181	0.72848	0.05017	0.02376	0.00968	0.00308	0.00440	0.02156	0.00704	0.00616
41	0.01432	0.01348	0.02275	0.71520	0.05224	0.01685	0.02107	0.01938	0.01517	0.01938	0.01348	0.02022	0.01011	0.00758	0.00758	0.00253	0.01011	0.00674	0.00337	0.00843
42	0.01052	0.00844	0.01330	0.01294	0.01446	0.00788	0.08459	0.01282	0.01608	0.02179	0.14513	0.53251	0.04913	0.02032	0.00947	0.00290	0.00526	0.01876	0.00688	0.00681
43	0.00924	0.00660	0.00880	0.01056	0.01100	0.00616	0.00704	0.01056	0.01452	0.01936	0.04181	0.72848	0.05017	0.02376	0.00968	0.00308	0.00440	0.02156	0.00704	0.00616
44	0.01790	0.02046	0.04476	0.03197	0.03964	0.01918	0.65857	0.02430	0.01790	0.02430	0.01535	0.02046	0.01151	0.00639	0.00895	0.00256	0.01279	0.00895	0.00384	0.01023
45	0.00964	0.00781	0.00863	0.00870	0.01102	0.00679	0.00670	0.01204	0.01810	0.02261	0.18806	0.07121	0.49981	0.01869	0.00912	0.00263	0.00412	0.08043	0.00729	0.00661
46	0.02883	0.02125	0.02276	0.01745	0.02352	0.02352	0.01442	0.66082	0.03566	0.04780	0.01821	0.01821	0.01290	0.00911	0.00759	0.00228	0.00835	0.00683	0.00759	0.01290
47	0.02829	0.02098	0.02246	0.01734	0.02332	0.02327	0.01429	0.62723	0.07014	0.04693	0.01890	0.01876	0.01345	0.00917	0.00759	0.00229	0.00822	0.00692	0.00759	0.01285
48	0.01103	0.00735	0.00827	0.00827	0.00827	0.00735	0.00460	0.01103	0.01103	0.01471	0.02390	0.04964	0.02758	0.73343	0.03861	0.00735	0.00735	0.01103	0.00460	0.00460
49	0.02833	0.03615	0.02149	0.01954	0.02345	0.70298	0.01466	0.03029	0.02149	0.01856	0.01172	0.01368	0.00977	0.00782	0.00684	0.00195	0.01368	0.00489	0.00391	0.00879
50	0.78701	0.01467	0.01115	0.00997	0.01467	0.01702	0.00821	0.02230	0.01291	0.03403	0.01056	0.01232	0.00821	0.00704	0.00469	0.00235	0.00587	0.00411	0.00469	0.00821
51	0.01877	0.01802	0.03079	0.04656	0.68612	0.01802	0.02328	0.02328	0.01727	0.02478	0.01427	0.01877	0.01201	0.00676	0.00751	0.00225	0.00901	0.00676	0.00375	0.01201
52	0.01222	0.00873	0.01222	0.01397	0.01572	0.00873	0.01222	0.01572	0.01746	0.02270	0.04016	0.08556	0.04365	0.02095	0.01048	0.00349	0.00698	0.63506	0.00698	0.00698
53	0.02841	0.03378	0.02170	0.01921	0.02346	0.59501	0.01462	0.13049	0.02375	0.02321	0.01276	0.01440	0.01027	0.00802	0.00696	0.00201	0.01283	0.00519	0.00449	0.00945
54	0.03403	0.01291	0.01760	0.01350	0.01936	0.01115	0.01115	0.03697	0.02171	0.69137	0.02992	0.02582	0.01878	0.00939	0.00763	0.00235	0.00645	0.00763	0.00939	0.01291
55	0.00924	0.00660	0.00880	0.01056	0.01100	0.00616	0.00704	0.01056	0.01452	0.01936	0.04181	0.72848	0.05017	0.02376	0.00968	0.00308	0.00440	0.02156	0.00704	0.00616
56	0.02833	0.03615	0.02149	0.01954	0.02345	0.70298	0.01466	0.03029	0.02149	0.01856	0.01172	0.01368	0.00977	0.00782	0.00684	0.00195	0.01368	0.00489	0.00391	0.00879
57	0.01521	0.03923	0.69413	0.02162	0.03283	0.01762	0.02802	0.02402	0.01601	0.02402	0.01361	0.01601	0.00961	0.00721	0.00721	0.00240	0.01121	0.00560	0.00320	0.01121
58	0.00971	0.00771	0.00871	0.00846	0.01070	0.00672	0.00635	0.01232	0.01904	0.02466	0.33096	0.06614	0.42632	0.01766	0.00896	0.00249	0.00373	0.01505	0.00759	0.00672
59	0.02833	0.03615	0.02149	0.01954	0.02345	0.70298	0.01466	0.03029	0.02149	0.01856	0.01172	0.01368	0.00977	0.00782	0.00684	0.00195	0.01368	0.00489	0.00391	0.00879
60	0.01841	0.01800	0.03175	0.08642	0.57914	0.01807	0.08970	0.02314	0.01721	0.02440	0.01433	0.01904	0.01184	0.00677	0.00766	0.00230	0.00947	0.00699	0.00374	0.01161

[dist]
# distance from previous block
# <min> <max>
0	42

[block]
# block no. 2 follows, 26 sequences, length 58
# corresponding to MSA columns:
# 563-620
name=unknown_C
#
# <colnr> <probs for GDERKNQSTAVLIFYWHMCP>
#	G	D	E	R	K	N	Q	S	T	A	V	L	I	F	Y	W	H	M	C	P
0	0.01979	0.04485	0.02966	0.07551	0.41612	0.09581	0.09260	0.02406	0.01782	0.04872	0.01593	0.02214	0.01349	0.00775	0.00767	0.00232	0.00979	0.04093	0.00413	0.01092
1	0.01318	0.00659	0.00988	0.00988	0.00988	0.00659	0.00659	0.00988	0.00988	0.01318	0.01318	0.02306	0.01318	0.02635	0.02964	0.77931	0.00659	0.00659	0.00329	0.00329
2	0.00898	0.00764	0.00773	0.00781	0.01028	0.00639	0.00582	0.01087	0.01717	0.02044	0.07527	0.10230	0.65475	0.01941	0.00900	0.00258	0.00387	0.01626	0.00704	0.00639
3	0.01872	0.01859	0.02873	0.15849	0.52907	0.06851	0.02226	0.02313	0.01723	0.02340	0.01395	0.01864	0.01152	0.00698	0.00747	0.00228	0.00954	0.00662	0.00370	0.01116
4	0.01931	0.29153	0.34325	0.01789	0.02640	0.06011	0.02028	0.09591	0.01832	0.02416	0.01291	0.01473	0.01004	0.00719	0.00638	0.00208	0.00989	0.00514	0.00375	0.01073
5	0.02802	0.03197	0.02158	0.01889	0.02330	0.52230	0.01448	0.16969	0.05407	0.02560	0.01402	0.01534	0.01107	0.00821	0.00704	0.00205	0.01216	0.00548	0.00489	0.00984
6	0.28833	0.23343	0.02628	0.10658	0.07707	0.02152	0.06650	0.02206	0.01464	0.02484	0.01159	0.01472	0.00959	0.00722	0.00684	0.00222	0.04836	0.00518	0.00386	0.00917
7	0.01074	0.00775	0.01014	0.00954	0.01133	0.00716	0.00716	0.01431	0.02147	0.03042	0.68211	0.05666	0.07157	0.01551	0.00895	0.00239	0.00358	0.01372	0.00835	0.00716
8	0.00936	0.00669	0.00891	0.01048	0.01103	0.00624	0.00705	0.01086	0.01508	0.02025	0.09310	0.67466	0.05188	0.02310	0.00962	0.00302	0.00433	0.02093	0.00715	0.00624
9	0.24859	0.08586	0.37497	0.01746	0.02582	0.01855	0.04327	0.02429	0.05083	0.02697	0.01345	0.01543	0.01001	0.00724	0.00635	0.00234	0.00913	0.00531	0.00392	0.01020
10	0.00904	0.00769	0.00779	0.00776	0.01029	0.00644	0.00582	0.01103	0.01747	0.02092	0.10300	0.07229	0.65661	0.01905	0.00896	0.00255	0.00383	0.01591	0.00710	0.00644
11	0.01074	0.00775	0.01014	0.00954	0.01133	0.00716	0.00716	0.01431	0.02147	0.03042	0.68211	0.05666	0.07157	0.01551	0.00895	0.00239	0.00358	0.01372	0.00835	0.00716
12	0.00924	0.00660	0.00880	0.01056	0.01100	0.00616	0.00704	0.01056	0.01452	0.01936	0.04181	0.72848	0.05017	0.02376	0.00968	0.00308	0.00440	0.02156	0.00704	0.00616
13	0.01535	0.01453	0.02460	0.56123	0.19821	0.01712	0.02157	0.02028	0.01565	0.02062	0.01366	0.01989	0.01055	0.00739	0.00757	0.00246	0.00986	0.00674	0.00346	0.00925
14	0.02028	0.73799	0.03975	0.01298	0.01947	0.03001	0.01298	0.02271	0.01541	0.01785	0.01055	0.01217	0.00973	0.00649	0.00487	0.00162	0.00811	0.00406	0.00324	0.00973
15	0.02883	0.02125	0.02276	0.01745	0.02352	0.02352	0.01442	0.66082	0.03566	0.04780	0.01821	0.01821	0.01290	0.00911	0.00759	0.00228	0.00835	0.00683	0.00759	0.01290
16	0.00941	0.00672	0.00900	0.01075	0.01127	0.00631	0.00733	0.01085	0.01469	0.01955	0.04171	0.69204	0.04980	0.02360	0.00973	0.00310	0.00455	0.05634	0.00704	0.00621
17	0.01659	0.01659	0.02323	0.01991	0.01991	0.02323	0.01659	0.01825	0.01162	0.01825	0.00996	0.01659	0.00996	0.01328	0.02489	0.00332	0.71955	0.00664	0.00332	0.00830
18	0.01790	0.02046	0.04476	0.03197	0.03964	0.01918	0.65857	0.02430	0.01790	0.02430	0.01535	0.02046	0.01151	0.00639	0.00895	0.00256	0.01279	0.00895	0.00384	0.01023
19	0.01584	0.01335	0.01543	0.01135	0.01761	0.01050	0.00904	0.05328	0.01686	0.02556	0.01826	0.04258	0.05068	0.00718	0.00605	0.00133	0.00563	0.00584	0.00489	0.66874
20	0.01790	0.02046	0.04476	0.03197	0.03964	0.01918	0.65857	0.02430	0.01790	0.02430	0.01535	0.02046	0.01151	0.00639	0.00895	0.00256	0.01279	0.00895	0.00384	0.01023
21	0.01084	0.00813	0.01219	0.01219	0.01354	0.00948	0.00948	0.01354	0.01219	0.01761	0.02032	0.02980	0.01896	0.05689	0.70337	0.01219	0.02032	0.00813	0.00406	0.00677
22	0.01074	0.00775	0.01014	0.00954	0.01133	0.00716	0.00716	0.01431	0.02147	0.03042	0.68211	0.05666	0.07157	0.01551	0.00895	0.00239	0.00358	0.01372	0.00835	0.00716
23	0.01521	0.03923	0.69413	0.02162	0.03283	0.01762	0.02802	0.02402	0.01601	0.02402	0.01361	0.01601	0.00961	0.00721	0.00721	0.00240	0.01121	0.00560	0.00320	0.01121
24	0.01842	0.01766	0.03014	0.10012	0.63534	0.01793	0.02310	0.02297	0.01710	0.02435	0.01420	0.01889	0.01186	0.00682	0.00752	0.00227	0.00910	0.00676	0.00372	0.01173
25	0.00924	0.00660	0.00880	0.01056	0.01100	0.00616	0.00704	0.01056	0.01452	0.01936	0.04181	0.72848	0.05017	0.02376	0.00968	0.00308	0.00440	0.02156	0.00704	0.00616
26	0.01521	0.03923	0.69413	0.02162	0.03283	0.01762	0.02802	0.02402	0.01601	0.02402	0.01361	0.01601	0.00961	0.00721	0.00721	0.00240	0.01121	0.00560	0.00320	0.01121
27	0.01877	0.01802	0.03079	0.04656	0.68612	0.01802	0.02328	0.02328	0.01727	0.02478	0.01427	0.01877	0.01201	0.00676	0.00751	0.00225	0.00901	0.00676	0.00375	0.01201
28	0.00923	0.00777	0.00805	0.00819	0.01068	0.00659	0.00628	0.01127	0.01730	0.02067	0.07390	0.07400	0.63182	0.01935	0.00909	0.00264	0.00409	0.06560	0.00704	0.00645
29	0.00918	0.00684	0.00856	0.00993	0.01083	0.00621	0.00676	0.01063	0.01513	0.01961	0.04953	0.58404	0.18963	0.02276	0.00952	0.00297	0.00428	0.02034	0.00704	0.00621
30	0.01432	0.01348	0.02275	0.71520	0.05224	0.01685	0.02107	0.01938	0.01517	0.01938	0.01348	0.02022	0.01011	0.00758	0.00758	0.00253	0.01011	0.00674	0.00337	0.00843
31	0.01103	0.00735	0.00827	0.00827	0.00827	0.00735	0.00460	0.01103	0.01103	0.01471	0.02390	0.04964	0.02758	0.73343	0.03861	0.00735	0.00735	0.01103	0.00460	0.00460
32	0.00963	0.00739	0.00888	0.00954	0.01114	0.00664	0.00698	0.01176	0.01705	0.02201	0.16759	0.30442	0.29934	0.02032	0.00934	0.00279	0.00425	0.06717	0.00727	0.00650
33	0.00896	0.00768	0.00768	0.00768	0.01025	0.00640	0.00576	0.01089	0.01729	0.02049	0.07684	0.07300	0.68304	0.01921	0.00896	0.00256	0.00384	0.01601	0.00704	0.00640
34	0.01877	0.01802	0.03079	0.04656	0.68612	0.01802	0.02328	0.02328	0.01727	0.02478	0.01427	0.01877	0.01201	0.00676	0.00751	0.00225	0.00901	0.00676	0.00375	0.01201
35	0.01503	0.03794	0.66611	0.02112	0.03195	0.01719	0.02717	0.02362	0.01624	0.02428	0.04100	0.01768	0.01215	0.00755	0.00728	0.00240	0.01090	0.00594	0.00341	0.01104
36	0.01680	0.01718	0.02630	0.38592	0.12951	0.07321	0.09228	0.02117	0.01573	0.02043	0.01312	0.01898	0.01048	0.00822	0.01030	0.00257	0.11836	0.00683	0.00351	0.00913
37	0.03249	0.01396	0.01800	0.01386	0.01960	0.01289	0.01143	0.13163	0.02363	0.56803	0.02794	0.02475	0.01790	0.00932	0.00753	0.00231	0.00663	0.00748	0.03792	0.01269
38	0.00924	0.00660	0.00880	0.01056	0.01100	0.00616	0.00704	0.01056	0.01452	0.01936	0.04181	0.72848	0.05017	0.02376	0.00968	0.00308	0.00440	0.02156	0.00704	0.00616
39	0.02056	0.01713	0.01810	0.01578	0.02037	0.01966	0.01241	0.14554	0.56442	0.03446	0.02872	0.02659	0.02141	0.01009	0.00770	0.00252	0.00640	0.00828	0.00770	0.01216
40	0.00986	0.00726	0.00992	0.06677	0.01407	0.00716	0.00795	0.01144	0.01451	0.01934	0.06075	0.58651	0.04568	0.08624	0.01210	0.00340	0.00510	0.01915	0.00657	0.00624
41	0.01894	0.26405	0.31284	0.01922	0.05086	0.02254	0.04285	0.10060	0.05548	0.02531	0.01422	0.01597	0.01097	0.00733	0.00659	0.00214	0.00953	0.00557	0.00404	0.01097
42	0.02028	0.73799	0.03975	0.01298	0.01947	0.03001	0.01298	0.02271	0.01541	0.01785	0.01055	0.01217	0.00973	0.00649	0.00487	0.00162	0.00811	0.00406	0.00324	0.00973
43	0.00924	0.00660	0.00880	0.01056	0.01100	0.00616	0.00704	0.01056	0.01452	0.01936	0.04181	0.72848	0.05017	0.02376	0.00968	0.00308	0.00440	0.02156	0.00704	0.00616
44	0.02090	0.70519	0.03874	0.01300	0.01946	0.02916	0.01290	0.02336	0.01570	0.04832	0.01142	0.01279	0.01014	0.00662	0.00499	0.00166	0.00804	0.00422	0.00352	0.00988
45	0.03326	0.01604	0.01813	0.01431	0.01991	0.10427	0.01162	0.03607	0.02168	0.60081	0.02747	0.02418	0.01756	0.00918	0.00752	0.00229	0.00743	0.00726	0.00865	0.01235
46	0.01027	0.00774	0.00950	0.00906	0.01105	0.00696	0.00679	0.01342	0.02038	0.02784	0.52471	0.06091	0.23058	0.01647	0.00895	0.00243	0.00365	0.01431	0.00801	0.00696
47	0.01318	0.00659	0.00988	0.00988	0.00988	0.00659	0.00659	0.00988	0.00988	0.01318	0.01318	0.02306	0.01318	0.02635	0.02964	0.77931	0.00659	0.00659	0.00329	0.00329
48	0.02595	0.01525	0.02051	0.25646	0.05659	0.05204	0.01548	0.08114	0.02042	0.34582	0.02173	0.02234	0.01457	0.00856	0.00756	0.00238	0.00836	0.00708	0.00666	0.01111
49	0.03403	0.01291	0.01760	0.01350	0.01936	0.01115	0.01115	0.03697	0.02171	0.69137	0.02992	0.02582	0.01878	0.00939	0.00763	0.00235	0.00645	0.00763	0.00939	0.01291
50	0.01790	0.02046	0.04476	0.03197	0.03964	0.01918	0.65857	0.02430	0.01790	0.02430	0.01535	0.02046	0.01151	0.00639	0.00895	0.00256	0.01279	0.00895	0.00384	0.01023
51	0.02938	0.01553	0.05449	0.01447	0.01971	0.05135	0.01238	0.03253	0.02056	0.50884	0.07983	0.02638	0.02138	0.00999	0.00905	0.00241	0.06401	0.00778	0.00817	0.01174
52	0.78701	0.01467	0.01115	0.00997	0.01467	0.01702	0.00821	0.02230	0.01291	0.03403	0.01056	0.01232	0.00821	0.00704	0.00469	0.00235	0.00587	0.00411	0.00469	0.00821
53	0.01877	0.01802	0.03079	0.04656	0.68612	0.01802	0.02328	0.02328	0.01727	0.02478	0.01427	0.01877	0.01201	0.00676	0.00751	0.00225	0.00901	0.00676	0.00375	0.01201
54	0.01659	0.01659	0.02323	0.01991	0.01991	0.02323	0.01659	0.01825	0.01162	0.01825	0.00996	0.01659	0.00996	0.01328	0.02489	0.00332	0.71955	0.00664	0.00332	0.00830
55	0.01521	0.03923	0.69413	0.02162	0.03283	0.01762	0.02802	0.02402	0.01601	0.02402	0.01361	0.01601	0.00961	0.00721	0.00721	0.00240	0.01121	0.00560	0.00320	0.01121
56	0.03403	0.01291	0.01760	0.01350	0.01936	0.01115	0.01115	0.03697	0.02171	0.69137	0.02992	0.02582	0.01878	0.00939	0.00763	0.00235	0.00645	0.00763	0.00939	0.01291
57	0.00896	0.00768	0.00768	0.00768	0.01025	0.00640	0.00576	0.01089	0.01729	0.02049	0.07684	0.07300	0.68304	0.01921	0.00896	0.00256	0.00384	0.01601	0.00704	0.00640

[dist]
# distance from previous block
# <min> <max>
0	28

[block]
# block no. 3 follows, 26 sequences, length 6
# corresponding to MSA columns:
# 649-654
name=unknown_D
#
# <colnr> <probs for GDERKNQSTAVLIFYWHMCP>
#	G	D	E	R	K	N	Q	S	T	A	V	L	I	F	Y	W	H	M	C	P
0	0.02454	0.01618	0.01765	0.01498	0.01969	0.05456	0.01201	0.11724	0.28426	0.23322	0.05774	0.03024	0.02318	0.01062	0.00785	0.00248	0.00683	0.04708	0.00798	0.01169
1	0.02878	0.02275	0.02264	0.01766	0.02351	0.09195	0.01444	0.59733	0.03424	0.04486	0.01756	0.01775	0.01258	0.00898	0.00751	0.00224	0.00888	0.00663	0.00722	0.01249
2	0.01285	0.00731	0.01068	0.01127	0.01186	0.00731	0.00850	0.01186	0.01245	0.01640	0.02232	0.04424	0.02351	0.02452	0.02315	0.51635	0.00672	0.21961	0.00454	0.00454
3	0.01966	0.01690	0.02600	0.08791	0.25322	0.01777	0.10238	0.03027	0.24772	0.08549	0.02156	0.02309	0.01629	0.00825	0.00779	0.00244	0.00832	0.00776	0.00562	0.01155
4	0.02110	0.01921	0.02013	0.02025	0.10904	0.09011	0.01408	0.11615	0.43691	0.03150	0.02507	0.02424	0.01898	0.00941	0.00758	0.00243	0.00750	0.00773	0.00678	0.01179
5	0.03288	0.01475	0.01874	0.01437	0.02028	0.01388	0.01187	0.17480	0.02479	0.54918	0.02734	0.02414	0.01748	0.00933	0.00762	0.00233	0.00687	0.00745	0.00899	0.01291

[dist]
# distance from previous block
# <min> <max>
1	2

[block]
# block no. 4 follows, 26 sequences, length 63
# corresponding to MSA columns:
# 657-719
name=unknown_E
#
# <colnr> <probs for GDERKNQSTAVLIFYWHMCP>
#	G	D	E	R	K	N	Q	S	T	A	V	L	I	F	Y	W	H	M	C	P
0	0.01813	0.01736	0.02962	0.14336	0.59435	0.01785	0.02296	0.02271	0.01697	0.02400	0.01415	0.01898	0.01174	0.00688	0.00752	0.00229	0.00917	0.00676	0.00370	0.01150
1	0.01736	0.01658	0.02824	0.25881	0.48490	0.01765	0.02258	0.02204	0.01660	0.02307	0.01402	0.01923	0.01141	0.00702	0.00753	0.00234	0.00936	0.00675	0.00363	0.01088
2	0.01790	0.02046	0.04476	0.03197	0.03964	0.01918	0.65857	0.02430	0.01790	0.02430	0.01535	0.02046	0.01151	0.00639	0.00895	0.00256	0.01279	0.00895	0.00384	0.01023
3	0.04134	0.01416	0.02236	0.63379	0.04861	0.01741	0.02008	0.07266	0.01679	0.02223	0.01378	0.01979	0.01028	0.00769	0.00749	0.00250	0.00982	0.00666	0.00376	0.00879
4	0.01563	0.09717	0.63988	0.02090	0.03172	0.01864	0.02678	0.02391	0.01596	0.02351	0.01336	0.01570	0.00962	0.00715	0.00701	0.00234	0.01095	0.00548	0.00321	0.01109
5	0.01665	0.01585	0.02695	0.36616	0.38313	0.01746	0.02222	0.02141	0.01627	0.02220	0.01389	0.01947	0.01110	0.00715	0.00754	0.00238	0.00954	0.00675	0.00357	0.01030
6	0.00924	0.00660	0.00880	0.01056	0.01100	0.00616	0.00704	0.01056	0.01452	0.01936	0.04181	0.72848	0.05017	0.02376	0.00968	0.00308	0.00440	0.02156	0.00704	0.00616
7	0.00924	0.00660	0.00880	0.01056	0.01100	0.00616	0.00704	0.01056	0.01452	0.01936	0.04181	0.72848	0.05017	0.02376	0.00968	0.00308	0.00440	0.02156	0.00704	0.00616
8	0.01521	0.03923	0.69413	0.02162	0.03283	0.01762	0.02802	0.02402	0.01601	0.02402	0.01361	0.01601	0.00961	0.00721	0.00721	0.00240	0.01121	0.00560	0.00320	0.01121
9	0.00937	0.00670	0.00891	0.01048	0.01103	0.00624	0.00705	0.01087	0.01510	0.02028	0.09489	0.67278	0.05194	0.02308	0.00962	0.00302	0.00433	0.02091	0.00715	0.00624
10	0.01207	0.01225	0.00990	0.00959	0.01237	0.11824	0.00719	0.01400	0.01796	0.02018	0.06638	0.06347	0.57494	0.01738	0.00862	0.00246	0.00542	0.01422	0.00654	0.00679
11	0.01432	0.01348	0.02275	0.71520	0.05224	0.01685	0.02107	0.01938	0.01517	0.01938	0.01348	0.02022	0.01011	0.00758	0.00758	0.00253	0.01011	0.00674	0.00337	0.00843
12	0.01442	0.01361	0.02277	0.68728	0.05094	0.01711	0.02089	0.01933	0.01502	0.01933	0.01334	0.02008	0.01011	0.00781	0.00828	0.00256	0.03860	0.00674	0.00337	0.00842
13	0.00924	0.00660	0.00880	0.01056	0.01100	0.00616	0.00704	0.01056	0.01452	0.01936	0.04181	0.72848	0.05017	0.02376	0.00968	0.00308	0.00440	0.02156	0.00704	0.00616
14	0.03403	0.01291	0.01760	0.01350	0.01936	0.01115	0.01115	0.03697	0.02171	0.69137	0.02992	0.02582	0.01878	0.00939	0.00763	0.00235	0.00645	0.00763	0.00939	0.01291
15	0.01521	0.03923	0.69413	0.02162	0.03283	0.01762	0.02802	0.02402	0.01601	0.02402	0.01361	0.01601	0.00961	0.00721	0.00721	0.00240	0.01121	0.00560	0.00320	0.01121
16	0.02028	0.73799	0.03975	0.01298	0.01947	0.03001	0.01298	0.02271	0.01541	0.01785	0.01055	0.01217	0.00973	0.00649	0.00487	0.00162	0.00811	0.00406	0.00324	0.00973
17	0.02028	0.73799	0.03975	0.01298	0.01947	0.03001	0.01298	0.02271	0.01541	0.01785	0.01055	0.01217	0.00973	0.00649	0.00487	0.00162	0.00811	0.00406	0.00324	0.00973
18	0.01877	0.01802	0.03079	0.04656	0.68612	0.01802	0.02328	0.02328	0.01727	0.02478	0.01427	0.01877	0.01201	0.00676	0.00751	0.00225	0.00901	0.00676	0.00375	0.01201
19	0.02308	0.45448	0.05548	0.01570	0.02140	0.27842	0.01412	0.02556	0.01768	0.01832	0.01109	0.01286	0.00974	0.00700	0.00568	0.00177	0.01028	0.00442	0.00349	0.00944
20	0.78701	0.01467	0.01115	0.00997	0.01467	0.01702	0.00821	0.02230	0.01291	0.03403	0.01056	0.01232	0.00821	0.00704	0.00469	0.00235	0.00587	0.00411	0.00469	0.00821
21	0.01084	0.00783	0.01029	0.00987	0.01165	0.00727	0.00753	0.01442	0.02118	0.02985	0.63492	0.05878	0.06952	0.01591	0.00906	0.00247	0.00383	0.05940	0.00825	0.00714
22	0.01222	0.00873	0.01222	0.01397	0.01572	0.00873	0.01222	0.01572	0.01746	0.02270	0.04016	0.08556	0.04365	0.02095	0.01048	0.00349	0.00698	0.63506	0.00698	0.00698
23	0.03403	0.01291	0.01760	0.01350	0.01936	0.01115	0.01115	0.03697	0.02171	0.69137	0.02992	0.02582	0.01878	0.00939	0.00763	0.00235	0.00645	0.00763	0.00939	0.01291
24	0.01817	0.05473	0.03080	0.02341	0.02652	0.07862	0.22224	0.02141	0.01464	0.02020	0.01186	0.01738	0.01043	0.01028	0.01730	0.00288	0.39947	0.00711	0.00353	0.00903
25	0.01877	0.01802	0.03079	0.04656	0.68612	0.01802	0.02328	0.02328	0.01727	0.02478	0.01427	0.01877	0.01201	0.00676	0.00751	0.00225	0.00901	0.00676	0.00375	0.01201
26	0.01074	0.00775	0.01014	0.00954	0.01133	0.00716	0.00716	0.01431	0.02147	0.03042	0.68211	0.05666	0.07157	0.01551	0.00895	0.00239	0.00358	0.01372	0.00835	0.00716
27	0.00924	0.00660	0.00880	0.01056	0.01100	0.00616	0.00704	0.01056	0.01452	0.01936	0.04181	0.72848	0.05017	0.02376	0.00968	0.00308	0.00440	0.02156	0.00704	0.00616
28	0.01909	0.01753	0.02102	0.02451	0.21675	0.06781	0.01525	0.05947	0.32620	0.02902	0.07827	0.02819	0.02310	0.00979	0.00778	0.00243	0.00740	0.02885	0.00629	0.01124
29	0.00946	0.00676	0.00905	0.01081	0.01135	0.00635	0.00742	0.01094	0.01474	0.01961	0.04169	0.68121	0.04969	0.02356	0.00974	0.00311	0.00459	0.06667	0.00704	0.00622
30	0.01103	0.00735	0.00827	0.00827	0.00827	0.00735	0.00460	0.01103	0.01103	0.01471	0.02390	0.04964	0.02758	0.73343	0.03861	0.00735	0.00735	0.01103	0.00460	0.00460
31	0.01318	0.00659	0.00988	0.00988	0.00988	0.00659	0.00659	0.00988	0.00988	0.01318	0.01318	0.02306	0.01318	0.02635	0.02964	0.77931	0.00659	0.00659	0.00329	0.00329
32	0.02548	0.02937	0.02023	0.01819	0.02232	0.46143	0.01384	0.06417	0.22041	0.02400	0.01787	0.01835	0.01400	0.00863	0.00714	0.00216	0.01108	0.00610	0.00525	0.00997
33	0.00924	0.00660	0.00880	0.01056	0.01100	0.00616	0.00704	0.01056	0.01452	0.01936	0.04181	0.72848	0.05017	0.02376	0.00968	0.00308	0.00440	0.02156	0.00704	0.00616
34	0.06790	0.01299	0.01731	0.01334	0.01915	0.01141	0.01102	0.03631	0.02131	0.66180	0.02905	0.02521	0.01830	0.00928	0.00750	0.00235	0.00643	0.00747	0.00918	0.01270
35	0.01659	0.01659	0.02323	0.01991	0.01991	0.02323	0.01659	0.01825	0.01162	0.01825	0.00996	0.01659	0.00996	0.01328	0.02489	0.00332	0.71955	0.00664	0.00332	0.00830
36	0.02889	0.04813	0.02303	0.01699	0.02306	0.02286	0.01412	0.59025	0.03385	0.09420	0.01878	0.01854	0.01321	0.00903	0.00749	0.00226	0.00820	0.00678	0.00755	0.01278
37	0.02058	0.36542	0.13814	0.01884	0.02623	0.02433	0.15044	0.10190	0.01874	0.04950	0.01370	0.01575	0.01082	0.00701	0.00652	0.00205	0.00953	0.00579	0.00413	0.01057
38	0.01718	0.31004	0.44053	0.01827	0.02765	0.02242	0.02219	0.02351	0.01578	0.02163	0.01242	0.01452	0.00966	0.00693	0.00630	0.00210	0.01001	0.00500	0.00322	0.01064
39	0.01099	0.00837	0.01018	0.00961	0.01174	0.00787	0.00724	0.01556	0.06851	0.02858	0.51648	0.05775	0.18697	0.01584	0.00886	0.00243	0.00381	0.01379	0.00805	0.00737
40	0.01651	0.01396	0.01761	0.01292	0.01919	0.01152	0.05831	0.05151	0.04034	0.02636	0.01541	0.01770	0.01244	0.00628	0.00602	0.00139	0.00614	0.00531	0.06863	0.59246
41	0.01745	0.01538	0.01622	0.01380	0.01863	0.04119	0.01071	0.03050	0.37500	0.02792	0.02501	0.07493	0.02056	0.00959	0.00711	0.00209	0.00605	0.00800	0.00642	0.27344
42	0.01543	0.06908	0.66618	0.02125	0.03226	0.01815	0.02738	0.02397	0.01599	0.02376	0.01348	0.01585	0.00961	0.00718	0.00711	0.00237	0.01108	0.00554	0.00320	0.01115
43	0.00962	0.00771	0.00859	0.00837	0.01065	0.00668	0.00628	0.01215	0.01884	0.02416	0.30064	0.06696	0.45695	0.01784	0.00896	0.00250	0.00374	0.01516	0.00753	0.00668
44	0.01210	0.00813	0.01120	0.01269	0.01414	0.00789	0.01026	0.01477	0.01657	0.05155	0.04031	0.32059	0.04494	0.02147	0.01005	0.00329	0.00601	0.37999	0.00711	0.00695
45	0.01991	0.68662	0.08786	0.01361	0.02045	0.02910	0.01408	0.02281	0.01546	0.01830	0.01077	0.01245	0.00972	0.00654	0.00504	0.00168	0.00834	0.00417	0.00324	0.00984
46	0.01731	0.01941	0.04189	0.03011	0.03729	0.01818	0.60456	0.02347	0.01820	0.02480	0.07062	0.02346	0.01649	0.00715	0.00895	0.00254	0.01202	0.00935	0.00421	0.00998
47	0.03403	0.01291	0.01760	0.01350	0.01936	0.01115	0.01115	0.03697	0.02171	0.69137	0.02992	0.02582	0.01878	0.00939	0.00763	0.00235	0.00645	0.00763	0.00939	0.01291
48	0.00923	0.00664	0.00876	0.01045	0.01097	0.00617	0.00699	0.01057	0.01463	0.01941	0.04317	0.70293	0.07483	0.02359	0.00965	0.00306	0.00438	0.02135	0.00704	0.00617
49	0.10535	0.02054	0.02016	0.01645	0.02156	0.19197	0.05960	0.10041	0.06622	0.25890	0.04884	0.02158	0.01676	0.00882	0.00728	0.00227	0.00877	0.00690	0.00674	0.01087
50	0.03272	0.01617	0.01875	0.01463	0.02037	0.07049	0.01196	0.13658	0.02393	0.53226	0.02653	0.02359	0.01709	0.00921	0.00756	0.00230	0.00736	0.00727	0.00864	0.01257
51	0.01599	0.01577	0.02204	0.01914	0.01917	0.02182	0.01580	0.01762	0.01186	0.01835	0.01260	0.07561	0.01329	0.01415	0.02363	0.00330	0.66026	0.00788	0.00363	0.00812
52	0.01052	0.00774	0.00984	0.00932	0.01120	0.00707	0.00699	0.01390	0.02096	0.02922	0.60883	0.05864	0.14560	0.01595	0.00895	0.00241	0.00361	0.01399	0.00819	0.00707
53	0.01877	0.01802	0.03079	0.04656	0.68612	0.01802	0.02328	0.02328	0.01727	0.02478	0.01427	0.01877	0.01201	0.00676	0.00751	0.00225	0.00901	0.00676	0.00375	0.01201
54	0.00896	0.00768	0.00768	0.00768	0.01025	0.00640	0.00576	0.01089	0.01729	0.02049	0.07684	0.07300	0.68304	0.01921	0.00896	0.00256	0.00384	0.01601	0.00704	0.00640
55	0.00924	0.00660	0.00880	0.01056	0.01100	0.00616	0.00704	0.01056	0.01452	0.01936	0.04181	0.72848	0.05017	0.02376	0.00968	0.00308	0.00440	0.02156	0.00704	0.00616
56	0.02028	0.73799	0.03975	0.01298	0.01947	0.03001	0.01298	0.02271	0.01541	0.01785	0.01055	0.01217	0.00973	0.00649	0.00487	0.00162	0.00811	0.00406	0.00324	0.00973
57	0.01084	0.00813	0.01219	0.01219	0.01354	0.00948	0.00948	0.01354	0.01219	0.01761	0.02032	0.02980	0.01896	0.05689	0.70337	0.01219	0.02032	0.00813	0.00406	0.00677
58	0.02883	0.02125	0.02276	0.01745	0.02352	0.02352	0.01442	0.66082	0.03566	0.04780	0.01821	0.01821	0.01290	0.00911	0.00759	0.00228	0.00835	0.00683	0.00759	0.01290
59	0.01484	0.00774	0.00781	0.00756	0.00953	0.00785	0.00573	0.04813	0.01684	0.02920	0.02443	0.02780	0.01913	0.00885	0.00541	0.00179	0.00376	0.00706	0.73917	0.00735
60	0.02825	0.02103	0.02279	0.01757	0.02335	0.02351	0.01452	0.63040	0.03452	0.04640	0.01782	0.01813	0.01276	0.00930	0.00841	0.00233	0.04202	0.00682	0.00739	0.01268
61	0.01790	0.02046	0.04476	0.03197	0.03964	0.01918	0.65857	0.02430	0.01790	0.02430	0.01535	0.02046	0.01151	0.00639	0.00895	0.00256	0.01279	0.00895	0.00384	0.01023
62	0.01613	0.14985	0.53017	0.05407	0.05782	0.01959	0.02508	0.02356	0.01593	0.02284	0.01314	0.01570	0.00975	0.00709	0.00686	0.00228	0.01057	0.00546	0.00324	0.01087

[dist]
# distance from previous block
# <min> <max>
1	50

[block]
# block no. 5 follows, 26 sequences, length 73
# corresponding to MSA columns:
# 778-850
name=unknown_F
#
# <colnr> <probs for GDERKNQSTAVLIFYWHMCP>
#	G	D	E	R	K	N	Q	S	T	A	V	L	I	F	Y	W	H	M	C	P
0	0.01729	0.01847	0.03141	0.09502	0.03092	0.04557	0.26429	0.02113	0.01475	0.02071	0.01245	0.01835	0.01056	0.00985	0.01634	0.00290	0.34989	0.00748	0.00354	0.00907
1	0.01843	0.01867	0.02523	0.02058	0.02324	0.07403	0.11438	0.05009	0.08930	0.02240	0.01386	0.01830	0.01188	0.01079	0.01713	0.00283	0.39940	0.00695	0.00420	0.05830
2	0.04637	0.01242	0.01438	0.01297	0.01594	0.01347	0.01019	0.09358	0.15151	0.07827	0.11746	0.13062	0.14609	0.01466	0.01005	0.00267	0.07777	0.03536	0.00711	0.00911
3	0.01423	0.01126	0.01434	0.01346	0.01514	0.01309	0.01045	0.07192	0.08999	0.02350	0.06645	0.14014	0.02747	0.07757	0.18371	0.00545	0.12995	0.04255	0.04140	0.00794
4	0.01725	0.01790	0.01568	0.01487	0.01735	0.23079	0.01140	0.02173	0.08586	0.01942	0.01872	0.02452	0.01649	0.03631	0.40760	0.00791	0.01667	0.00715	0.00441	0.00797
5	0.01432	0.01348	0.02275	0.71520	0.05224	0.01685	0.02107	0.01938	0.01517	0.01938	0.01348	0.02022	0.01011	0.00758	0.00758	0.00253	0.01011	0.00674	0.00337	0.00843
6	0.01741	0.01962	0.04241	0.06089	0.03908	0.01858	0.60559	0.02355	0.01765	0.02389	0.01629	0.04786	0.01294	0.00712	0.00892	0.00258	0.01235	0.00934	0.00394	0.00999
7	0.01699	0.11489	0.33677	0.02462	0.06570	0.01987	0.21092	0.02425	0.04004	0.02343	0.01425	0.01747	0.01081	0.00723	0.00823	0.00239	0.04123	0.00662	0.00359	0.01069
8	0.01036	0.00767	0.00967	0.00932	0.01114	0.00698	0.00693	0.01354	0.02037	0.02815	0.54630	0.10194	0.16629	0.01661	0.00900	0.00246	0.00367	0.01458	0.00806	0.00698
9	0.00896	0.00768	0.00768	0.00768	0.01025	0.00640	0.00576	0.01089	0.01729	0.02049	0.07684	0.07300	0.68304	0.01921	0.00896	0.00256	0.00384	0.01601	0.00704	0.00640
10	0.01686	0.24907	0.46911	0.01946	0.02909	0.02142	0.05044	0.02364	0.01591	0.02217	0.01276	0.01504	0.00973	0.00696	0.00658	0.00217	0.01034	0.00528	0.00324	0.01072
11	0.01451	0.01384	0.02388	0.68017	0.05160	0.01697	0.05375	0.01963	0.01531	0.01963	0.01358	0.02023	0.01018	0.00752	0.00765	0.00253	0.01025	0.00685	0.00339	0.00852
12	0.00924	0.00660	0.00880	0.01056	0.01100	0.00616	0.00704	0.01056	0.01452	0.01936	0.04181	0.72848	0.05017	0.02376	0.00968	0.00308	0.00440	0.02156	0.00704	0.00616
13	0.01790	0.02046	0.04476	0.03197	0.03964	0.01918	0.65857	0.02430	0.01790	0.02430	0.01535	0.02046	0.01151	0.00639	0.00895	0.00256	0.01279	0.00895	0.00384	0.01023
14	0.09003	0.02794	0.02190	0.01869	0.02335	0.40728	0.06626	0.08530	0.08662	0.07834	0.01586	0.01695	0.01211	0.00812	0.00705	0.00216	0.01115	0.00591	0.00511	0.00987
15	0.01914	0.25569	0.17603	0.02184	0.02912	0.09489	0.22144	0.02409	0.01680	0.02129	0.01281	0.01597	0.01029	0.00707	0.00779	0.00220	0.04387	0.00614	0.00350	0.01004
16	0.01531	0.01470	0.02076	0.01819	0.01849	0.02016	0.01500	0.01720	0.01174	0.01811	0.01227	0.01955	0.01197	0.02303	0.17668	0.00530	0.56312	0.00697	0.00349	0.00796
17	0.02533	0.01904	0.02128	0.01821	0.05603	0.02092	0.01420	0.49786	0.08338	0.04208	0.02182	0.05302	0.01776	0.01067	0.00792	0.00243	0.00792	0.06078	0.00733	0.01201
18	0.01053	0.00717	0.00941	0.01030	0.01137	0.00660	0.00717	0.01249	0.01662	0.04752	0.20005	0.50898	0.08128	0.02100	0.00939	0.00286	0.00425	0.01887	0.00745	0.00667
19	0.01074	0.00775	0.01014	0.00954	0.01133	0.00716	0.00716	0.01431	0.02147	0.03042	0.68211	0.05666	0.07157	0.01551	0.00895	0.00239	0.00358	0.01372	0.00835	0.00716
20	0.00904	0.00769	0.00778	0.00776	0.01029	0.00643	0.00582	0.01102	0.01746	0.02089	0.10093	0.07235	0.65870	0.01906	0.00896	0.00255	0.00383	0.01592	0.00710	0.00643
21	0.00924	0.00660	0.00880	0.01056	0.01100	0.00616	0.00704	0.01056	0.01452	0.01936	0.04181	0.72848	0.05017	0.02376	0.00968	0.00308	0.00440	0.02156	0.00704	0.00616
22	0.01074	0.00775	0.01014	0.00954	0.01133	0.00716	0.00716	0.01431	0.02147	0.03042	0.68211	0.05666	0.07157	0.01551	0.00895	0.00239	0.00358	0.01372	0.00835	0.00716
23	0.01950	0.01661	0.01751	0.01556	0.01997	0.01916	0.01216	0.07990	0.63179	0.03276	0.03006	0.02766	0.02250	0.01022	0.00771	0.00255	0.00615	0.00846	0.00771	0.01206
24	0.02544	0.12221	0.02316	0.01867	0.04166	0.51244	0.01410	0.02909	0.07257	0.01979	0.01597	0.01734	0.03968	0.00830	0.00677	0.00200	0.01180	0.00561	0.00426	0.00916
25	0.02881	0.02194	0.02270	0.01755	0.02352	0.05508	0.01443	0.63154	0.03500	0.04645	0.01791	0.01800	0.01275	0.00905	0.00755	0.00226	0.00859	0.00674	0.00742	0.01271
26	0.00924	0.00660	0.00880	0.01056	0.01100	0.00616	0.00704	0.01056	0.01452	0.01936	0.04181	0.72848	0.05017	0.02376	0.00968	0.00308	0.00440	0.02156	0.00704	0.00616
27	0.01863	0.01776	0.06035	0.01583	0.02056	0.01879	0.01303	0.03927	0.63053	0.03124	0.02977	0.02752	0.02229	0.01009	0.00769	0.00256	0.00634	0.00839	0.00743	0.01196
28	0.02497	0.02219	0.02075	0.02027	0.10244	0.22982	0.01426	0.13174	0.09260	0.12628	0.01941	0.04273	0.01517	0.00932	0.00842	0.00228	0.05438	0.00701	0.04534	0.01061
