[name]
unknown

[dist]
# distance from previous block
# <min> <max>
1	237

[block]
# block no. 0 follows, 31 sequences, length 11
# corresponding to MSA columns:
# 249-259
name=unknown_A
#
# <colnr> <probs for GDERKNQSTAVLIFYWHMCP>
#	G	D	E	R	K	N	Q	S	T	A	V	L	I	F	Y	W	H	M	C	P
0	0.01652	0.03670	0.09661	0.01670	0.05957	0.01442	0.10057	0.11136	0.13485	0.04598	0.06193	0.02412	0.04835	0.00821	0.00677	0.00197	0.00695	0.03036	0.00517	0.17290
1	0.04958	0.04721	0.01763	0.04082	0.05136	0.08837	0.04872	0.12139	0.12788	0.06495	0.14975	0.05010	0.04945	0.00949	0.00688	0.00206	0.00660	0.00795	0.00578	0.05403
2	0.01757	0.09770	0.03938	0.01400	0.01895	0.10007	0.08443	0.09176	0.05178	0.04957	0.06190	0.04824	0.01624	0.00760	0.00617	0.00172	0.00705	0.00634	0.05277	0.22674
3	0.19404	0.13130	0.08604	0.01378	0.01930	0.04175	0.07637	0.08672	0.05505	0.06443	0.03606	0.01743	0.03352	0.00712	0.00580	0.00190	0.00701	0.00554	0.00459	0.11226
4	0.09254	0.01907	0.08604	0.01368	0.01896	0.10934	0.01191	0.24466	0.03930	0.06439	0.02019	0.02051	0.08317	0.00818	0.00632	0.00190	0.00724	0.00618	0.00535	0.14109
5	0.11412	0.01855	0.05660	0.01594	0.05833	0.13927	0.03928	0.14310	0.04942	0.20714	0.04999	0.01882	0.01461	0.00775	0.00646	0.00202	0.00762	0.00605	0.00578	0.03916
6	0.12975	0.01298	0.01809	0.13414	0.23250	0.01368	0.01387	0.07888	0.01675	0.08470	0.06893	0.02543	0.06473	0.00858	0.00664	0.00215	0.00667	0.03366	0.03895	0.00894
7	0.02201	0.02240	0.02119	0.12306	0.12586	0.27888	0.01521	0.21644	0.02117	0.02524	0.01272	0.01518	0.00997	0.00751	0.00753	0.00203	0.05440	0.00549	0.00436	0.00935
8	0.00936	0.00698	0.00869	0.00827	0.01002	0.00632	0.00620	0.01228	0.01860	0.02561	0.58226	0.05410	0.19671	0.01467	0.00807	0.00218	0.00328	0.01279	0.00729	0.00632
9	0.01071	0.00773	0.01059	0.01185	0.01347	0.00760	0.01020	0.01379	0.01613	0.02111	0.11072	0.07373	0.08043	0.01828	0.00922	0.00300	0.00581	0.56290	0.00643	0.00629
10	0.02844	0.01114	0.01515	0.01179	0.01669	0.00967	0.00967	0.03115	0.01956	0.64717	0.10060	0.02627	0.02204	0.00906	0.00701	0.00212	0.00554	0.00747	0.00837	0.01109

[dist]
# distance from previous block
# <min> <max>
0	1

[block]
# block no. 1 follows, 31 sequences, length 35
# corresponding to MSA columns:
# 261-293,295,296
name=unknown_B
#
# <colnr> <probs for GDERKNQSTAVLIFYWHMCP>
#	G	D	E	R	K	N	Q	S	T	A	V	L	I	F	Y	W	H	M	C	P
0	0.06624	0.01695	0.01840	0.01422	0.01958	0.01804	0.01167	0.46699	0.07143	0.10586	0.01732	0.01714	0.01235	0.00782	0.00650	0.00195	0.00680	0.00594	0.00653	0.10825
1	0.59116	0.01416	0.01202	0.01029	0.01473	0.05285	0.00841	0.04540	0.01426	0.16278	0.01316	0.01369	0.00945	0.00686	0.00493	0.00210	0.00584	0.00443	0.00509	0.00839
2	0.01952	0.01414	0.01554	0.01360	0.01773	0.01574	0.01069	0.03580	0.57893	0.15570	0.02769	0.02511	0.02016	0.00913	0.00695	0.00228	0.00549	0.00758	0.00724	0.01098
3	0.01415	0.00885	0.01092	0.00979	0.01243	0.00841	0.00762	0.03918	0.08044	0.14192	0.39915	0.04614	0.14529	0.01312	0.00778	0.00221	0.00413	0.03328	0.00740	0.00777
4	0.50529	0.01249	0.01144	0.00947	0.01410	0.01287	0.00770	0.01974	0.01325	0.07042	0.05251	0.01501	0.01205	0.00659	0.00484	0.00183	0.00514	0.00450	0.00464	0.21614
5	0.02601	0.01916	0.02053	0.01574	0.02122	0.02122	0.01300	0.69408	0.03217	0.04312	0.01643	0.01643	0.01163	0.00821	0.00684	0.00205	0.00753	0.00616	0.00684	0.01163
6	0.00953	0.00699	0.00894	0.00845	0.01013	0.00639	0.00634	0.01262	0.01901	0.02660	0.65327	0.05248	0.12508	0.01430	0.00807	0.00217	0.00325	0.01257	0.00742	0.00639
7	0.02179	0.01652	0.01802	0.03946	0.02036	0.01854	0.01208	0.34142	0.33174	0.07204	0.02196	0.02093	0.01597	0.00866	0.00690	0.00218	0.00655	0.00690	0.00685	0.01114
8	0.01157	0.00709	0.00800	0.00779	0.00985	0.00638	0.00583	0.01390	0.01582	0.08350	0.13712	0.13378	0.29760	0.01411	0.00718	0.00214	0.00363	0.01197	0.21622	0.00652
9	0.02532	0.01863	0.01998	0.01539	0.02063	0.02060	0.01263	0.66497	0.03122	0.04185	0.01664	0.01763	0.01220	0.04018	0.00803	0.00225	0.00749	0.00632	0.00673	0.01132
10	0.00834	0.00595	0.00794	0.00953	0.00992	0.00556	0.00635	0.00953	0.01310	0.01746	0.03771	0.75510	0.04525	0.02143	0.00873	0.00278	0.00397	0.01945	0.00635	0.00556
11	0.01497	0.01497	0.02095	0.01796	0.01796	0.02095	0.01497	0.01646	0.01048	0.01646	0.00898	0.01497	0.00898	0.01197	0.02245	0.00299	0.74704	0.00599	0.00299	0.00748
12	0.01419	0.01216	0.01419	0.01013	0.01621	0.00912	0.00811	0.01723	0.01419	0.02229	0.01216	0.01419	0.01013	0.00507	0.00507	0.00101	0.00507	0.00405	0.00405	0.80139
13	0.00834	0.00595	0.00794	0.00953	0.00992	0.00556	0.00635	0.00953	0.01310	0.01746	0.03771	0.75510	0.04525	0.02143	0.00873	0.00278	0.00397	0.01945	0.00635	0.00556
14	0.00968	0.00699	0.00914	0.00861	0.01022	0.00646	0.00646	0.01291	0.01937	0.02743	0.71328	0.05110	0.06455	0.01399	0.00807	0.00215	0.00323	0.01237	0.00753	0.00646
15	0.00810	0.00687	0.00699	0.00710	0.00928	0.00576	0.00527	0.00980	0.01543	0.01842	0.06729	0.10984	0.67141	0.01759	0.00813	0.00234	0.00350	0.01476	0.00635	0.00576
16	0.01090	0.00779	0.01088	0.01246	0.01398	0.00777	0.01081	0.01396	0.01563	0.02034	0.03629	0.10816	0.03964	0.01902	0.00942	0.00313	0.00619	0.64106	0.00630	0.00627
17	0.02556	0.03261	0.01939	0.01763	0.02115	0.73210	0.01322	0.02732	0.01939	0.01674	0.01058	0.01234	0.00881	0.00705	0.00617	0.00176	0.01234	0.00441	0.00353	0.00793
18	0.00870	0.00695	0.00778	0.00757	0.00962	0.00604	0.00568	0.01100	0.01704	0.02190	0.31553	0.06021	0.46575	0.01605	0.00808	0.00225	0.00337	0.01365	0.00680	0.00604
19	0.02631	0.01868	0.02023	0.01551	0.02098	0.02050	0.01282	0.65188	0.03136	0.08645	0.01710	0.01686	0.01197	0.00823	0.00685	0.00206	0.00742	0.00621	0.00695	0.01164
20	0.01441	0.14444	0.62106	0.01833	0.02781	0.01756	0.02325	0.02149	0.01436	0.02083	0.01186	0.01392	0.00868	0.00640	0.00618	0.00206	0.00969	0.00485	0.00289	0.00991
21	0.01501	0.01510	0.02172	0.01839	0.01866	0.02081	0.04152	0.01668	0.01070	0.01668	0.00917	0.01510	0.00904	0.01173	0.02189	0.00297	0.71820	0.00607	0.00301	0.00755
22	0.01188	0.00594	0.00891	0.00891	0.00891	0.00594	0.00594	0.00891	0.00891	0.01188	0.01188	0.02080	0.01188	0.02377	0.02674	0.80095	0.00594	0.00594	0.00297	0.00297
23	0.01702	0.01470	0.01547	0.01392	0.01779	0.01702	0.01083	0.03635	0.70453	0.02862	0.02785	0.02553	0.02088	0.00928	0.00696	0.00232	0.00541	0.00773	0.00696	0.01083
24	0.01292	0.01216	0.02052	0.74312	0.04712	0.01520	0.01900	0.01748	0.01368	0.01748	0.01216	0.01824	0.00912	0.00684	0.00684	0.00228	0.00912	0.00608	0.00304	0.00760
25	0.01011	0.01149	0.09066	0.00999	0.01241	0.05333	0.00831	0.01221	0.01434	0.01791	0.04391	0.28759	0.29830	0.08515	0.01046	0.00281	0.00526	0.01400	0.00557	0.00619
26	0.01321	0.01246	0.02105	0.69177	0.09617	0.01528	0.01915	0.01774	0.01382	0.01784	0.01221	0.01814	0.00925	0.00679	0.00684	0.00226	0.00905	0.00608	0.00307	0.00784
27	0.03042	0.01208	0.01615	0.01238	0.01768	0.01071	0.01023	0.07205	0.02032	0.68188	0.02637	0.02288	0.01662	0.00845	0.00688	0.00211	0.00592	0.00684	0.00837	0.01164
28	0.01615	0.01845	0.04037	0.02884	0.03576	0.01730	0.69204	0.02191	0.01615	0.02191	0.01384	0.01845	0.01038	0.00577	0.00807	0.00231	0.01153	0.00807	0.00346	0.00923
29	0.01722	0.02678	0.40939	0.02226	0.14810	0.04698	0.02098	0.02290	0.01519	0.11593	0.01400	0.01604	0.01021	0.00722	0.00805	0.00219	0.07713	0.00554	0.00377	0.01011
30	0.72394	0.01354	0.01098	0.00957	0.01393	0.01549	0.00788	0.06373	0.01330	0.06173	0.01073	0.01199	0.00810	0.00656	0.00452	0.00211	0.00546	0.00400	0.00459	0.00786
31	0.02037	0.01953	0.16235	0.01604	0.05004	0.01653	0.01421	0.29419	0.11402	0.09546	0.01857	0.02137	0.01435	0.09989	0.01021	0.00268	0.00753	0.00667	0.00572	0.01026
32	0.01708	0.16886	0.03666	0.06080	0.07848	0.01498	0.01148	0.05967	0.07173	0.09766	0.13380	0.02229	0.02072	0.00786	0.00618	0.00178	0.00611	0.00643	0.00512	0.17231
33	0.01617	0.01593	0.03015	0.09031	0.07062	0.01571	0.39283	0.07781	0.01660	0.02317	0.01421	0.01844	0.01096	0.00700	0.00835	0.02929	0.02949	0.00709	0.06638	0.05948
34	0.01370	0.01404	0.02756	0.07958	0.02778	0.01369	0.39111	0.01886	0.05978	0.02052	0.02103	0.20835	0.02045	0.03966	0.00912	0.00260	0.00881	0.01087	0.00442	0.00806

[dist]
# distance from previous block
# <min> <max>
0	10

[block]
# block no. 2 follows, 31 sequences, length 45
# corresponding to MSA columns:
# 307-351
name=unknown_C
#
# <colnr> <probs for GDERKNQSTAVLIFYWHMCP>
#	G	D	E	R	K	N	Q	S	T	A	V	L	I	F	Y	W	H	M	C	P
0	0.00961	0.00698	0.00898	0.00848	0.01009	0.00643	0.00632	0.01266	0.01888	0.02653	0.65848	0.05168	0.09720	0.03704	0.00889	0.00230	0.00334	0.01241	0.00737	0.00635
1	0.00938	0.00708	0.00919	0.00914	0.01046	0.00733	0.00675	0.01129	0.01276	0.01719	0.09888	0.04198	0.19514	0.16341	0.36113	0.00723	0.01114	0.01003	0.00479	0.00572
2	0.80789	0.01323	0.01006	0.00900	0.01323	0.01535	0.00741	0.02011	0.01164	0.03070	0.00953	0.01111	0.00741	0.00635	0.00423	0.00212	0.00529	0.00370	0.00423	0.00741
3	0.03070	0.01164	0.01588	0.01217	0.01746	0.01006	0.01006	0.03334	0.01958	0.72163	0.02699	0.02329	0.01694	0.00847	0.00688	0.00212	0.00582	0.00688	0.00847	0.01164
4	0.00845	0.00604	0.00804	0.00945	0.00995	0.00563	0.00636	0.00981	0.01362	0.01829	0.09346	0.69701	0.04684	0.02082	0.00868	0.00273	0.00391	0.01887	0.00645	0.00563
5	0.00809	0.00693	0.00693	0.00693	0.00924	0.00578	0.00520	0.00982	0.01559	0.01848	0.06931	0.06584	0.71411	0.01733	0.00809	0.00231	0.00347	0.01444	0.00635	0.00578
6	0.80789	0.01323	0.01006	0.00900	0.01323	0.01535	0.00741	0.02011	0.01164	0.03070	0.00953	0.01111	0.00741	0.00635	0.00423	0.00212	0.00529	0.00370	0.00423	0.00741
7	0.01693	0.01626	0.02777	0.04199	0.71689	0.01626	0.02100	0.02100	0.01558	0.02235	0.01287	0.01693	0.01084	0.00610	0.00677	0.00203	0.00813	0.00610	0.00339	0.01084
8	0.01615	0.01845	0.04037	0.02884	0.03576	0.01730	0.69204	0.02191	0.01615	0.02191	0.01384	0.01845	0.01038	0.00577	0.00807	0.00231	0.01153	0.00807	0.00346	0.00923
9	0.01693	0.01626	0.02777	0.04199	0.71689	0.01626	0.02100	0.02100	0.01558	0.02235	0.01287	0.01693	0.01084	0.00610	0.00677	0.00203	0.00813	0.00610	0.00339	0.01084
10	0.80789	0.01323	0.01006	0.00900	0.01323	0.01535	0.00741	0.02011	0.01164	0.03070	0.00953	0.01111	0.00741	0.00635	0.00423	0.00212	0.00529	0.00370	0.00423	0.00741
11	0.01292	0.01216	0.02052	0.74312	0.04712	0.01520	0.01900	0.01748	0.01368	0.01748	0.01216	0.01824	0.00912	0.00684	0.00684	0.00228	0.00912	0.00608	0.00304	0.00760
12	0.02516	0.03185	0.01978	0.01876	0.05345	0.69887	0.01358	0.02703	0.01921	0.01700	0.01068	0.01255	0.00891	0.00701	0.00620	0.00178	0.01214	0.00448	0.00352	0.00807
13	0.00810	0.00686	0.00700	0.00712	0.00929	0.00576	0.00528	0.00980	0.01541	0.01841	0.06700	0.11619	0.66525	0.01763	0.00813	0.00234	0.00350	0.01480	0.00635	0.00576
14	0.01372	0.03539	0.72412	0.01950	0.02961	0.01589	0.02528	0.02167	0.01444	0.02167	0.01228	0.01444	0.00867	0.00650	0.00650	0.00217	0.01011	0.00506	0.00289	0.01011
15	0.00876	0.00687	0.00792	0.00785	0.00970	0.00603	0.00582	0.01105	0.01690	0.02204	0.32877	0.12277	0.38842	0.01634	0.00814	0.00229	0.00341	0.01405	0.00683	0.00603
16	0.01102	0.00787	0.01102	0.01260	0.01417	0.00787	0.01102	0.01417	0.01575	0.02047	0.03622	0.07717	0.03937	0.01890	0.00945	0.00315	0.00630	0.67084	0.00630	0.00630
17	0.02556	0.03261	0.01939	0.01763	0.02115	0.73210	0.01322	0.02732	0.01939	0.01674	0.01058	0.01234	0.00881	0.00705	0.00617	0.00176	0.01234	0.00441	0.00353	0.00793
18	0.02601	0.01916	0.02053	0.01574	0.02122	0.02122	0.01300	0.69408	0.03217	0.04312	0.01643	0.01643	0.01163	0.00821	0.00684	0.00205	0.00753	0.00616	0.00684	0.01163
19	0.00995	0.00663	0.00746	0.00746	0.00746	0.00663	0.00415	0.00995	0.00995	0.01327	0.02156	0.04477	0.02487	0.75957	0.03482	0.00663	0.00663	0.00995	0.00415	0.00415
20	0.01372	0.03539	0.72412	0.01950	0.02961	0.01589	0.02528	0.02167	0.01444	0.02167	0.01228	0.01444	0.00867	0.00650	0.00650	0.00217	0.01011	0.00506	0.00289	0.01011
21	0.00834	0.00595	0.00794	0.00953	0.00992	0.00556	0.00635	0.00953	0.01310	0.01746	0.03771	0.75510	0.04525	0.02143	0.00873	0.00278	0.00397	0.01945	0.00635	0.00556
22	0.01232	0.01061	0.01698	0.05314	0.25622	0.01048	0.03557	0.01542	0.01563	0.02163	0.16294	0.22905	0.03391	0.01322	0.00790	0.00240	0.00598	0.08342	0.00532	0.00785
23	0.01123	0.00825	0.00952	0.00921	0.01017	0.00883	0.00611	0.01532	0.14004	0.01711	0.05211	0.03894	0.02475	0.48804	0.12643	0.00625	0.00790	0.00927	0.00475	0.00577
24	0.02016	0.27744	0.05317	0.01413	0.01929	0.08455	0.01244	0.18196	0.22071	0.02631	0.01669	0.01676	0.01298	0.00754	0.00595	0.00191	0.00737	0.00555	0.00507	0.01002
25	0.01237	0.04453	0.03541	0.04305	0.05572	0.00980	0.00902	0.03314	0.06768	0.02439	0.22891	0.08901	0.06968	0.01166	0.00695	0.00211	0.00470	0.04927	0.19526	0.00732
26	0.00874	0.00693	0.00770	0.00752	0.00945	0.00606	0.00555	0.01085	0.01648	0.02112	0.28017	0.05958	0.45366	0.06429	0.00981	0.00254	0.00359	0.01346	0.00660	0.00590
27	0.47989	0.13648	0.04585	0.01162	0.03401	0.05394	0.00987	0.02243	0.01371	0.12080	0.01215	0.01310	0.00914	0.00659	0.00488	0.00199	0.00633	0.00428	0.00448	0.00844
28	0.27481	0.39256	0.06522	0.01165	0.01711	0.04384	0.01113	0.04889	0.01437	0.05271	0.01075	0.01202	0.00880	0.00630	0.00473	0.00178	0.00692	0.00402	0.00377	0.00863
29	0.01840	0.55847	0.16245	0.01335	0.01995	0.02386	0.01420	0.04877	0.01504	0.05502	0.01122	0.01248	0.00930	0.00621	0.00501	0.00165	0.00777	0.00419	0.00337	0.00929
30	0.00988	0.00768	0.00909	0.00878	0.01076	0.00725	0.00664	0.01407	0.08170	0.02421	0.40518	0.08298	0.25330	0.01503	0.00805	0.00228	0.00364	0.03584	0.00703	0.00662
31	0.00892	0.00745	0.00828	0.00798	0.00990	0.00693	0.00602	0.01083	0.01569	0.01977	0.18331	0.05877	0.51368	0.05235	0.01031	0.00253	0.05179	0.01329	0.00625	0.00593
32	0.00809	0.00693	0.00693	0.00693	0.00924	0.00578	0.00520	0.00982	0.01559	0.01848	0.06931	0.06584	0.71411	0.01733	0.00809	0.00231	0.00347	0.01444	0.00635	0.00578
33	0.01998	0.50681	0.02927	0.01286	0.01789	0.15220	0.01161	0.05435	0.01602	0.05440	0.01278	0.06038	0.01171	0.00733	0.00524	0.00167	0.00794	0.00511	0.00374	0.00870
34	0.01324	0.01205	0.01994	0.46764	0.16715	0.01390	0.01760	0.01744	0.01462	0.01932	0.04983	0.02824	0.01658	0.00882	0.00727	0.00235	0.00823	0.10400	0.00380	0.00797
35	0.01750	0.63713	0.15545	0.01306	0.01965	0.02513	0.01406	0.02069	0.01400	0.01706	0.00999	0.01158	0.00876	0.00597	0.00476	0.00159	0.00780	0.00390	0.00292	0.00901
36	0.00977	0.00733	0.01100	0.01100	0.01222	0.00855	0.00855	0.01222	0.01100	0.01588	0.01833	0.02688	0.01710	0.05131	0.73245	0.01100	0.01833	0.00733	0.00367	0.00611
37	0.00977	0.00733	0.01100	0.01100	0.01222	0.00855	0.00855	0.01222	0.01100	0.01588	0.01833	0.02688	0.01710	0.05131	0.73245	0.01100	0.01833	0.00733	0.00367	0.00611
38	0.04900	0.05513	0.02071	0.01716	0.02115	0.46345	0.07707	0.08014	0.03976	0.02047	0.01578	0.01919	0.04373	0.00807	0.00654	0.00195	0.01052	0.03773	0.00416	0.00828
39	0.01533	0.01225	0.01471	0.01522	0.08342	0.01326	0.01079	0.02700	0.38034	0.05989	0.13600	0.05722	0.05260	0.01133	0.00747	0.00236	0.00534	0.07944	0.00667	0.00938
40	0.01693	0.01626	0.02777	0.04199	0.71689	0.01626	0.02100	0.02100	0.01558	0.02235	0.01287	0.01693	0.01084	0.00610	0.00677	0.00203	0.00813	0.00610	0.00339	0.01084
41	0.01372	0.03539	0.72412	0.01950	0.02961	0.01589	0.02528	0.02167	0.01444	0.02167	0.01228	0.01444	0.00867	0.00650	0.00650	0.00217	0.01011	0.00506	0.00289	0.01011
42	0.01500	0.02939	0.48193	0.02146	0.06095	0.04530	0.13891	0.04759	0.01562	0.02217	0.01390	0.05117	0.01096	0.00717	0.00689	0.00219	0.00996	0.00634	0.00336	0.00974
43	0.01610	0.01832	0.03961	0.02841	0.03506	0.01744	0.66559	0.02170	0.01593	0.02170	0.01365	0.01832	0.01033	0.00601	0.00864	0.00233	0.04027	0.00799	0.00344	0.00916
44	0.00998	0.00684	0.00850	0.00850	0.00892	0.00721	0.00550	0.01083	0.01041	0.01445	0.02060	0.03873	0.02228	0.52093	0.24559	0.00780	0.01007	0.00904	0.02901	0.00481

[dist]
# distance from previous block
# <min> <max>
4	10

[block]
# block no. 3 follows, 31 sequences, length 38
# corresponding to MSA columns:
# 362-399
name=unknown_D
#
# <colnr> <probs for GDERKNQSTAVLIFYWHMCP>
#	G	D	E	R	K	N	Q	S	T	A	V	L	I	F	Y	W	H	M	C	P
0	0.76801	0.01318	0.01058	0.04583	0.01493	0.01534	0.00799	0.01998	0.01175	0.03003	0.00966	0.01147	0.00750	0.00638	0.00436	0.00213	0.00548	0.00382	0.00417	0.00742
1	0.01188	0.00594	0.00891	0.00891	0.00891	0.00594	0.00594	0.00891	0.00891	0.01188	0.01188	0.02080	0.01188	0.02377	0.02674	0.80095	0.00594	0.00594	0.00297	0.00297
2	0.00977	0.00733	0.01100	0.01100	0.01222	0.00855	0.00855	0.01222	0.01100	0.01588	0.01833	0.02688	0.01710	0.05131	0.73245	0.01100	0.01833	0.00733	0.00367	0.00611
3	0.01702	0.01470	0.01547	0.01392	0.01779	0.01702	0.01083	0.03635	0.70453	0.02862	0.02785	0.02553	0.02088	0.00928	0.00696	0.00232	0.00541	0.00773	0.00696	0.01083
4	0.01733	0.01485	0.01565	0.01399	0.01791	0.01716	0.01090	0.05938	0.68099	0.02913	0.02745	0.02521	0.02056	0.00924	0.00696	0.00231	0.00549	0.00768	0.00696	0.01086
5	0.73328	0.08414	0.01249	0.00925	0.01364	0.01646	0.00782	0.02015	0.01186	0.02932	0.00952	0.01110	0.00754	0.00630	0.00425	0.00206	0.00548	0.00370	0.00411	0.00754
6	0.05760	0.39052	0.23600	0.01437	0.02122	0.03828	0.01553	0.06089	0.04806	0.04298	0.01218	0.01344	0.00967	0.00648	0.00539	0.00181	0.00804	0.00453	0.00359	0.00944
7	0.06047	0.01206	0.01412	0.01238	0.01566	0.03823	0.03254	0.09268	0.11160	0.13149	0.09891	0.08660	0.06639	0.01345	0.04109	0.00269	0.02503	0.08093	0.03524	0.02846
8	0.01396	0.01190	0.01393	0.01006	0.01591	0.00899	0.00802	0.01701	0.01445	0.02255	0.04734	0.01604	0.01286	0.00551	0.00522	0.00107	0.00497	0.00447	0.00423	0.76150
9	0.02076	0.13682	0.03968	0.01482	0.01948	0.14830	0.01229	0.18485	0.29796	0.02770	0.01879	0.01846	0.01433	0.00802	0.00638	0.00202	0.00758	0.00606	0.00557	0.01015
10	0.01792	0.21790	0.34733	0.01565	0.02297	0.04379	0.01754	0.04069	0.03470	0.12069	0.01534	0.04995	0.01202	0.00746	0.00612	0.00199	0.00837	0.00571	0.00410	0.00975
11	0.03637	0.04182	0.02132	0.20897	0.25129	0.01596	0.01611	0.11190	0.08856	0.02395	0.01668	0.05519	0.01428	0.00868	0.00744	0.02462	0.00758	0.03561	0.00440	0.00929
12	0.01746	0.60124	0.09068	0.01320	0.01861	0.02531	0.01327	0.02003	0.01348	0.01661	0.00967	0.01181	0.00880	0.00674	0.00703	0.00173	0.10859	0.00409	0.00293	0.00871
13	0.00812	0.00680	0.00707	0.00728	0.00933	0.00575	0.00535	0.00978	0.01526	0.01834	0.06505	0.15859	0.62411	0.01788	0.00817	0.00237	0.00353	0.01511	0.00635	0.00575
14	0.01856	0.01819	0.06014	0.12566	0.34874	0.11292	0.04952	0.02278	0.03233	0.09629	0.01626	0.01897	0.03492	0.00704	0.00681	0.00207	0.00863	0.00631	0.00407	0.00981
15	0.00882	0.00696	0.00795	0.00770	0.00969	0.00609	0.00578	0.01124	0.01733	0.02259	0.36515	0.05907	0.41570	0.01579	0.00808	0.00224	0.00336	0.01349	0.00689	0.00609
16	0.01513	0.01546	0.02367	0.01948	0.02045	0.02044	0.10968	0.01723	0.01127	0.01723	0.00966	0.01546	0.00918	0.01111	0.02044	0.00290	0.64416	0.00628	0.00306	0.00773
17	0.01654	0.01585	0.02705	0.11115	0.65082	0.01615	0.02080	0.02065	0.01539	0.02187	0.01280	0.01706	0.01067	0.00617	0.00678	0.00206	0.00823	0.00609	0.00335	0.01052
18	0.01615	0.01845	0.04037	0.02884	0.03576	0.01730	0.69204	0.02191	0.01615	0.02191	0.01384	0.01845	0.01038	0.00577	0.00807	0.00231	0.01153	0.00807	0.00346	0.00923
19	0.00836	0.00679	0.00732	0.00767	0.00950	0.00588	0.00561	0.00998	0.01488	0.01813	0.05987	0.18296	0.53235	0.05665	0.00965	0.00265	0.00385	0.04596	0.00624	0.00568
20	0.01675	0.00833	0.00918	0.00822	0.01077	0.00826	0.00641	0.05133	0.05194	0.14928	0.02316	0.02470	0.01733	0.00814	0.00536	0.00175	0.00397	0.00653	0.58084	0.00778
21	0.03744	0.09453	0.45715	0.01959	0.04478	0.01658	0.11592	0.02211	0.03541	0.04772	0.03695	0.01657	0.01150	0.00673	0.00656	0.00212	0.00935	0.00574	0.00351	0.00976
22	0.00831	0.00699	0.00733	0.00740	0.00962	0.00602	0.00564	0.01014	0.01536	0.01844	0.06513	0.06434	0.64681	0.01916	0.04577	0.00280	0.00437	0.04433	0.00621	0.00582
23	0.02465	0.03115	0.01890	0.01724	0.02064	0.69048	0.01295	0.02645	0.01890	0.01669	0.01102	0.01317	0.00929	0.00960	0.04795	0.00229	0.01268	0.00457	0.00353	0.00783
24	0.01372	0.03539	0.72412	0.01950	0.02961	0.01589	0.02528	0.02167	0.01444	0.02167	0.01228	0.01444	0.00867	0.00650	0.00650	0.00217	0.01011	0.00506	0.00289	0.01011
25	0.02012	0.01349	0.01425	0.01158	0.01534	0.01463	0.00935	0.39302	0.02426	0.03530	0.01904	0.02046	0.01425	0.00811	0.00593	0.00185	0.00560	0.00626	0.35787	0.00930
26	0.01419	0.01216	0.01419	0.01013	0.01621	0.00912	0.00811	0.01723	0.01419	0.02229	0.01216	0.01419	0.01013	0.00507	0.00507	0.00101	0.00507	0.00405	0.00405	0.80139
27	0.00904	0.00692	0.00828	0.00804	0.00985	0.00616	0.00599	0.01162	0.01769	0.02369	0.44585	0.08988	0.30107	0.01556	0.00811	0.00224	0.00335	0.01346	0.00704	0.00616
28	0.00985	0.00694	0.00922	0.01049	0.01133	0.00680	0.00800	0.01168	0.01366	0.01798	0.03387	0.31349	0.03863	0.16544	0.01418	0.00370	0.00553	0.30771	0.00589	0.00561
29	0.00849	0.00606	0.00812	0.00970	0.01017	0.00569	0.00662	0.00979	0.01325	0.01764	0.03762	0.71610	0.04491	0.02129	0.00877	0.00280	0.00410	0.05692	0.00635	0.00560
30	0.01522	0.01482	0.02683	0.03282	0.42539	0.01451	0.16769	0.01921	0.01538	0.02147	0.01792	0.12182	0.01720	0.00891	0.00750	0.00226	0.00820	0.04939	0.00399	0.00948
31	0.00854	0.00610	0.00818	0.00976	0.01025	0.00574	0.00671	0.00989	0.01330	0.01770	0.03759	0.70269	0.04479	0.02124	0.00879	0.00281	0.00415	0.06981	0.00635	0.00561
32	0.02282	0.30764	0.02558	0.01540	0.01980	0.46687	0.01265	0.02475	0.01732	0.01650	0.01017	0.01182	0.00880	0.00660	0.00550	0.00165	0.01045	0.00412	0.00330	0.00825
33	0.01470	0.01246	0.01446	0.01038	0.01643	0.00965	0.00832	0.04661	0.01497	0.02320	0.01235	0.01428	0.01020	0.00520	0.00514	0.00106	0.00517	0.00414	0.00417	0.76710
34	0.05441	0.01071	0.01650	0.18835	0.02360	0.01148	0.09324	0.01784	0.07551	0.06307	0.02374	0.21733	0.02354	0.05184	0.04803	0.00315	0.00750	0.05770	0.00502	0.00744
35	0.07120	0.09317	0.01837	0.01257	0.01781	0.04950	0.01045	0.23352	0.02101	0.17388	0.01658	0.01675	0.01202	0.00716	0.00592	0.00175	0.00649	0.00537	0.04634	0.18014
36	0.01430	0.01357	0.02302	0.50141	0.27802	0.01556	0.01969	0.01869	0.01433	0.01916	0.01240	0.01779	0.00971	0.00658	0.00682	0.00219	0.00878	0.00609	0.00316	0.00872
37	0.02350	0.02603	0.02051	0.01757	0.02100	0.42509	0.03235	0.17519	0.02058	0.02277	0.01170	0.01390	0.00952	0.00816	0.00929	0.00206	0.14270	0.00519	0.00417	0.00872

[dist]
# distance from previous block
# <min> <max>
2	17

[block]
# block no. 4 follows, 31 sequences, length 91
# corresponding to MSA columns:
# 417-461,463-508
name=unknown_E
#
# <colnr> <probs for GDERKNQSTAVLIFYWHMCP>
#	G	D	E	R	K	N	Q	S	T	A	V	L	I	F	Y	W	H	M	C	P
0	0.00834	0.00595	0.00794	0.00953	0.00992	0.00556	0.00635	0.00953	0.01310	0.01746	0.03771	0.75510	0.04525	0.02143	0.00873	0.00278	0.00397	0.01945	0.00635	0.00556
1	0.01677	0.01369	0.01557	0.01136	0.01731	0.01176	0.00918	0.16522	0.01812	0.02685	0.01309	0.01468	0.01046	0.00575	0.00546	0.00124	0.00560	0.00451	0.00466	0.62871
2	0.00918	0.00682	0.00855	0.00845	0.01000	0.00619	0.00621	0.01182	0.01769	0.02424	0.49001	0.16542	0.17861	0.01577	0.00818	0.00228	0.00339	0.01387	0.00713	0.00619
3	0.02069	0.01651	0.01972	0.02024	0.16945	0.03709	0.01353	0.30833	0.15946	0.05440	0.09120	0.02207	0.01893	0.00855	0.00696	0.00211	0.00687	0.00708	0.00615	0.01066
4	0.00923	0.00658	0.00873	0.01011	0.01101	0.00626	0.00753	0.01112	0.01421	0.01892	0.06206	0.48797	0.07831	0.01988	0.00876	0.00280	0.00453	0.19695	0.02923	0.00583
5	0.00999	0.00754	0.01096	0.01085	0.01188	0.00880	0.00829	0.01212	0.01085	0.01560	0.01834	0.02850	0.01769	0.13193	0.62452	0.01018	0.04473	0.00758	0.00370	0.00593
6	0.01372	0.03539	0.72412	0.01950	0.02961	0.01589	0.02528	0.02167	0.01444	0.02167	0.01228	0.01444	0.00867	0.00650	0.00650	0.00217	0.01011	0.00506	0.00289	0.01011
7	0.02601	0.01916	0.02053	0.01574	0.02122	0.02122	0.01300	0.69408	0.03217	0.04312	0.01643	0.01643	0.01163	0.00821	0.00684	0.00205	0.00753	0.00616	0.00684	0.01163
8	0.00985	0.00726	0.00925	0.00887	0.01051	0.00685	0.00660	0.01359	0.05078	0.02627	0.59738	0.11221	0.08556	0.01455	0.00808	0.00222	0.00340	0.01285	0.00736	0.00656
9	0.00809	0.00693	0.00693	0.00693	0.00924	0.00578	0.00520	0.00982	0.01559	0.01848	0.06931	0.06584	0.71411	0.01733	0.00809	0.00231	0.00347	0.01444	0.00635	0.00578
10	0.01808	0.72955	0.06811	0.01207	0.01812	0.02655	0.01234	0.02054	0.01393	0.01636	0.00964	0.01114	0.00877	0.00588	0.00449	0.00150	0.00745	0.00372	0.00292	0.00884
11	0.00849	0.00626	0.00796	0.00898	0.00986	0.00572	0.00618	0.01006	0.01440	0.01908	0.14099	0.54428	0.15322	0.01970	0.00853	0.00261	0.00378	0.01763	0.00652	0.00572
12	0.00947	0.00695	0.00887	0.00846	0.01011	0.00635	0.00632	0.01247	0.01876	0.02616	0.62286	0.07497	0.13357	0.01458	0.00809	0.00219	0.00328	0.01282	0.00737	0.00635
13	0.20263	0.10610	0.02139	0.04527	0.02140	0.27725	0.09078	0.06205	0.01712	0.07882	0.01231	0.01397	0.00950	0.00678	0.00587	0.00194	0.00913	0.00495	0.00418	0.00855
14	0.77607	0.01347	0.01048	0.00927	0.01356	0.01559	0.00764	0.04754	0.01248	0.03120	0.00981	0.01133	0.00758	0.00643	0.00434	0.00211	0.00538	0.00380	0.00434	0.00758
15	0.01414	0.08235	0.55176	0.09557	0.03106	0.01670	0.07309	0.02116	0.01445	0.02086	0.01219	0.01490	0.00885	0.00644	0.00651	0.00214	0.00992	0.00529	0.00295	0.00969
16	0.03070	0.01164	0.01588	0.01217	0.01746	0.01006	0.01006	0.03334	0.01958	0.72163	0.02699	0.02329	0.01694	0.00847	0.00688	0.00212	0.00582	0.00688	0.00847	0.01164
17	0.01689	0.01399	0.01503	0.01360	0.01732	0.01597	0.01065	0.03432	0.62453	0.04999	0.05432	0.02886	0.02329	0.00989	0.00712	0.00235	0.00539	0.03903	0.00700	0.01048
18	0.01102	0.00787	0.01102	0.01260	0.01417	0.00787	0.01102	0.01417	0.01575	0.02047	0.03622	0.07717	0.03937	0.01890	0.00945	0.00315	0.00630	0.67084	0.00630	0.00630
19	0.00834	0.00595	0.00794	0.00953	0.00992	0.00556	0.00635	0.00953	0.01310	0.01746	0.03771	0.75510	0.04525	0.02143	0.00873	0.00278	0.00397	0.01945	0.00635	0.00556
20	0.00971	0.00653	0.00753	0.00776	0.00782	0.00648	0.00447	0.00989	0.01041	0.01388	0.02391	0.14821	0.02784	0.65208	0.03102	0.00607	0.00624	0.01133	0.00447	0.00435
21	0.01189	0.00748	0.00985	0.00898	0.01098	0.00683	0.00683	0.01505	0.01939	0.10027	0.64127	0.04819	0.05956	0.01341	0.00794	0.00215	0.00350	0.01180	0.00763	0.00700
22	0.01501	0.01662	0.11401	0.01298	0.01956	0.03335	0.05178	0.04254	0.01514	0.02275	0.01238	0.01450	0.00996	0.00548	0.00554	0.00131	0.00646	0.00452	0.00394	0.59216
23	0.00834	0.00595	0.00794	0.00953	0.00992	0.00556	0.00635	0.00953	0.01310	0.01746	0.03771	0.75510	0.04525	0.02143	0.00873	0.00278	0.00397	0.01945	0.00635	0.00556
24	0.01650	0.01435	0.01599	0.01403	0.01746	0.01668	0.01108	0.05173	0.51451	0.02698	0.05616	0.02431	0.02037	0.00957	0.00898	0.00231	0.10521	0.00744	0.00627	0.06009
25	0.00977	0.00733	0.01100	0.01100	0.01222	0.00855	0.00855	0.01222	0.01100	0.01588	0.01833	0.02688	0.01710	0.05131	0.73245	0.01100	0.01833	0.00733	0.00367	0.00611
26	0.01702	0.01470	0.01547	0.01392	0.01779	0.01702	0.01083	0.03635	0.70453	0.02862	0.02785	0.02553	0.02088	0.00928	0.00696	0.00232	0.00541	0.00773	0.00696	0.01083
27	0.00834	0.00595	0.00794	0.00953	0.00992	0.00556	0.00635	0.00953	0.01310	0.01746	0.03771	0.75510	0.04525	0.02143	0.00873	0.00278	0.00397	0.01945	0.00635	0.00556
28	0.03070	0.01164	0.01588	0.01217	0.01746	0.01006	0.01006	0.03334	0.01958	0.72163	0.02699	0.02329	0.01694	0.00847	0.00688	0.00212	0.00582	0.00688	0.00847	0.01164
29	0.01845	0.01438	0.01551	0.01374	0.01776	0.01629	0.01075	0.03604	0.63266	0.10133	0.02776	0.02529	0.02047	0.00920	0.00695	0.00230	0.00546	0.00765	0.00712	0.01091
30	0.01372	0.03539	0.72412	0.01950	0.02961	0.01589	0.02528	0.02167	0.01444	0.02167	0.01228	0.01444	0.00867	0.00650	0.00650	0.00217	0.01011	0.00506	0.00289	0.01011
31	0.01372	0.03539	0.72412	0.01950	0.02961	0.01589	0.02528	0.02167	0.01444	0.02167	0.01228	0.01444	0.00867	0.00650	0.00650	0.00217	0.01011	0.00506	0.00289	0.01011
32	0.03070	0.01164	0.01588	0.01217	0.01746	0.01006	0.01006	0.03334	0.01958	0.72163	0.02699	0.02329	0.01694	0.00847	0.00688	0.00212	0.00582	0.00688	0.00847	0.01164
33	0.01372	0.03539	0.72412	0.01950	0.02961	0.01589	0.02528	0.02167	0.01444	0.02167	0.01228	0.01444	0.00867	0.00650	0.00650	0.00217	0.01011	0.00506	0.00289	0.01011
34	0.01292	0.01216	0.02052	0.74312	0.04712	0.01520	0.01900	0.01748	0.01368	0.01748	0.01216	0.01824	0.00912	0.00684	0.00684	0.00228	0.00912	0.00608	0.00304	0.00760
35	0.00809	0.00693	0.00693	0.00693	0.00924	0.00578	0.00520	0.00982	0.01559	0.01848	0.06931	0.06584	0.71411	0.01733	0.00809	0.00231	0.00347	0.01444	0.00635	0.00578
36	0.80789	0.01323	0.01006	0.00900	0.01323	0.01535	0.00741	0.02011	0.01164	0.03070	0.00953	0.01111	0.00741	0.00635	0.00423	0.00212	0.00529	0.00370	0.00423	0.00741
37	0.00961	0.00699	0.00904	0.00853	0.01017	0.00642	0.00640	0.01277	0.01919	0.02702	0.68310	0.05179	0.09500	0.01414	0.00807	0.00216	0.00324	0.01247	0.00748	0.00642
38	0.01829	0.76368	0.03585	0.01171	0.01756	0.02707	0.01171	0.02049	0.01390	0.01610	0.00951	0.01097	0.00878	0.00585	0.00439	0.00146	0.00732	0.00366	0.00293	0.00878
39	0.01497	0.01497	0.02095	0.01796	0.01796	0.02095	0.01497	0.01646	0.01048	0.01646	0.00898	0.01497	0.00898	0.01197	0.02245	0.00299	0.74704	0.00599	0.00299	0.00748
40	0.00968	0.00699	0.00914	0.00861	0.01022	0.00646	0.00646	0.01291	0.01937	0.02743	0.71328	0.05110	0.06455	0.01399	0.00807	0.00215	0.00323	0.01237	0.00753	0.00646
41	0.03022	0.01186	0.01667	0.01272	0.01806	0.01029	0.03227	0.03297	0.01947	0.69883	0.02656	0.02313	0.01672	0.00838	0.00692	0.00212	0.00601	0.00692	0.00830	0.01156
42	0.01292	0.01216	0.02052	0.74312	0.04712	0.01520	0.01900	0.01748	0.01368	0.01748	0.01216	0.01824	0.00912	0.00684	0.00684	0.00228	0.00912	0.00608	0.00304	0.00760
43	0.01084	0.00775	0.01077	0.01205	0.01363	0.00768	0.01040	0.01400	0.01624	0.02142	0.12870	0.07361	0.04281	0.01823	0.00926	0.00301	0.00588	0.58091	0.00647	0.00632
44	0.02138	0.01519	0.01612	0.01300	0.01724	0.01671	0.01053	0.43464	0.10491	0.03668	0.01934	0.01993	0.01430	0.00827	0.00630	0.00196	0.00611	0.00640	0.22088	0.01012
45	0.02238	0.01921	0.01837	0.01527	0.01985	0.11592	0.01217	0.34249	0.29745	0.03378	0.02017	0.01949	0.01493	0.00848	0.00680	0.00212	0.00734	0.00655	0.00644	0.01081
46	0.10639	0.02734	0.01777	0.01596	0.01968	0.52493	0.01215	0.06902	0.08385	0.02104	0.01406	0.01516	0.02912	0.00754	0.00614	0.00189	0.01040	0.00503	0.00421	0.00832
47	0.01641	0.46368	0.31936	0.01492	0.02252	0.02246	0.01730	0.02097	0.01412	0.01839	0.01065	0.01240	0.00873	0.00612	0.00526	0.00175	0.00847	0.00423	0.00291	0.00933
48	0.02214	0.01567	0.02322	0.01780	0.02317	0.01592	0.19539	0.14855	0.21018	0.22009	0.02179	0.02138	0.01531	0.00792	0.00722	0.00221	0.00756	0.00731	0.00641	0.01076
49	0.53025	0.10071	0.01470	0.01026	0.01495	0.01606	0.00870	0.05933	0.01449	0.15680	0.01311	0.01363	0.00955	0.00678	0.00488	0.00204	0.00575	0.00442	0.00500	0.00858
50	0.03581	0.03057	0.59605	0.01782	0.02652	0.01452	0.02208	0.02090	0.01447	0.05435	0.01556	0.09248	0.01286	0.00816	0.00669	0.00223	0.00913	0.00661	0.00355	0.00963
51	0.02315	0.02074	0.02099	0.02126	0.17058	0.17667	0.01428	0.36019	0.02468	0.03173	0.01472	0.01618	0.01119	0.00748	0.00655	0.00196	0.00846	0.00577	0.05309	0.01032
52	0.02601	0.01916	0.02053	0.01574	0.02122	0.02122	0.01300	0.69408	0.03217	0.04312	0.01643	0.01643	0.01163	0.00821	0.00684	0.00205	0.00753	0.00616	0.00684	0.01163
53	0.01021	0.00710	0.00906	0.00970	0.01079	0.00686	0.00678	0.01326	0.06875	0.04706	0.17622	0.49484	0.04544	0.04848	0.00945	0.00274	0.00411	0.01619	0.00663	0.00633
54	0.00968	0.00699	0.00914	0.00861	0.01022	0.00646	0.00646	0.01291	0.01937	0.02743	0.71328	0.05110	0.06455	0.01399	0.00807	0.00215	0.00323	0.01237	0.00753	0.00646
55	0.02999	0.01149	0.01565	0.01205	0.01722	0.00993	0.00993	0.03265	0.01957	0.69830	0.05005	0.02422	0.01854	0.00865	0.00692	0.00212	0.00573	0.00706	0.00844	0.01147
56	0.01372	0.03539	0.72412	0.01950	0.02961	0.01589	0.02528	0.02167	0.01444	0.02167	0.01228	0.01444	0.00867	0.00650	0.00650	0.00217	0.01011	0.00506	0.00289	0.01011
57	0.01556	0.01595	0.02087	0.01794	0.01814	0.06065	0.01487	0.01707	0.01097	0.01648	0.00907	0.01482	0.00897	0.01170	0.02154	0.00292	0.70604	0.00590	0.00302	0.00751
58	0.00834	0.00595	0.00794	0.00953	0.00992	0.00556	0.00635	0.00953	0.01310	0.01746	0.03771	0.75510	0.04525	0.02143	0.00873	0.00278	0.00397	0.01945	0.00635	0.00556
59	0.01465	0.01156	0.01359	0.01237	0.01532	0.01244	0.02625	0.07943	0.30885	0.04362	0.17744	0.13948	0.05064	0.01264	0.00765	0.00237	0.00508	0.05098	0.00688	0.00877
60	0.03070	0.01164	0.01588	0.01217	0.01746	0.01006	0.01006	0.03334	0.01958	0.72163	0.02699	0.02329	0.01694	0.00847	0.00688	0.00212	0.00582	0.00688	0.00847	0.01164
61	0.01615	0.01845	0.04037	0.02884	0.03576	0.01730	0.69204	0.02191	0.01615	0.02191	0.01384	0.01845	0.01038	0.00577	0.00807	0.00231	0.01153	0.00807	0.00346	0.00923
62	0.01471	0.11652	0.07934	0.09281	0.02148	0.01984	0.01531	0.01722	0.01164	0.01690	0.01035	0.01562	0.00955	0.01310	0.07008	0.00324	0.45576	0.00571	0.00303	0.00778
63	0.02599	0.01979	0.02048	0.01583	0.02121	0.05461	0.01301	0.66276	0.03157	0.04188	0.01615	0.01623	0.01150	0.00816	0.00681	0.00204	0.00775	0.00608	0.00669	0.01146
64	0.03070	0.01164	0.01588	0.01217	0.01746	0.01006	0.01006	0.03334	0.01958	0.72163	0.02699	0.02329	0.01694	0.00847	0.00688	0.00212	0.00582	0.00688	0.00847	0.01164
65	0.00809	0.00693	0.00693	0.00693	0.00924	0.00578	0.00520	0.00982	0.01559	0.01848	0.06931	0.06584	0.71411	0.01733	0.00809	0.00231	0.00347	0.01444	0.00635	0.00578
66	0.01693	0.01626	0.02777	0.04199	0.71689	0.01626	0.02100	0.02100	0.01558	0.02235	0.01287	0.01693	0.01084	0.00610	0.00677	0.00203	0.00813	0.00610	0.00339	0.01084
67	0.01102	0.00787	0.01102	0.01260	0.01417	0.00787	0.01102	0.01417	0.01575	0.02047	0.03622	0.07717	0.03937	0.01890	0.00945	0.00315	0.00630	0.67084	0.00630	0.00630
68	0.00834	0.00595	0.00794	0.00953	0.00992	0.00556	0.00635	0.00953	0.01310	0.01746	0.03771	0.75510	0.04525	0.02143	0.00873	0.00278	0.00397	0.01945	0.00635	0.00556
69	0.01694	0.01772	0.01930	0.01755	0.04618	0.16559	0.01365	0.04588	0.01436	0.01897	0.08400	0.01878	0.01525	0.01218	0.04160	0.00286	0.43130	0.00639	0.00378	0.00772
70	0.02421	0.01803	0.01986	0.01655	0.05312	0.01991	0.01291	0.52985	0.14461	0.06180	0.01853	0.01821	0.01333	0.00830	0.00686	0.00210	0.00714	0.00645	0.00675	0.01146
71	0.01292	0.01216	0.02052	0.74312	0.04712	0.01520	0.01900	0.01748	0.01368	0.01748	0.01216	0.01824	0.00912	0.00684	0.00684	0.00228	0.00912	0.00608	0.00304	0.00760
72	0.00929	0.00698	0.00860	0.00819	0.00998	0.00629	0.00614	0.01215	0.01843	0.02522	0.55401	0.05475	0.22521	0.01481	0.00807	0.00219	0.00329	0.01288	0.00724	0.00629
73	0.01553	0.01497	0.02590	0.27949	0.45750	0.01595	0.05177	0.01985	0.01496	0.02068	0.01267	0.01745	0.01023	0.00633	0.00686	0.00213	0.00862	0.00618	0.00327	0.00966
74	0.01066	0.00688	0.00853	0.00901	0.01053	0.00613	0.00641	0.01225	0.01476	0.09205	0.07324	0.44861	0.23823	0.01857	0.00832	0.00255	0.00399	0.01638	0.00662	0.00630
75	0.00945	0.00691	0.00888	0.00854	0.01012	0.00633	0.00635	0.01241	0.01859	0.02596	0.61040	0.10543	0.11544	0.01482	0.00812	0.00221	0.00330	0.01307	0.00735	0.00633
76	0.00834	0.00595	0.00794	0.00953	0.00992	0.00556	0.00635	0.00953	0.01310	0.01746	0.03771	0.75510	0.04525	0.02143	0.00873	0.00278	0.00397	0.01945	0.00635	0.00556
77	0.01839	0.01817	0.15154	0.14213	0.16937	0.01457	0.15241	0.02323	0.01607	0.17613	0.01675	0.02043	0.01238	0.00718	0.00711	0.00221	0.00875	0.02881	0.00448	0.00988
78	0.01053	0.00810	0.01146	0.01130	0.01280	0.00944	0.00879	0.01475	0.08376	0.01722	0.01932	0.02673	0.01750	0.04690	0.65633	0.01008	0.01697	0.00737	0.00401	0.00660
79	0.00999	0.00715	0.00886	0.00881	0.01064	0.00648	0.00676	0.01258	0.01728	0.04730	0.35973	0.11964	0.24767	0.01602	0.00826	0.00237	0.00383	0.09333	0.00697	0.00634
80	0.01554	0.01687	0.06620	0.21116	0.32121	0.01627	0.21107	0.02042	0.01521	0.02098	0.01294	0.01756	0.01017	0.00621	0.00714	0.00218	0.00944	0.00660	0.00330	0.00954
81	0.02783	0.14441	0.04814	0.01239	0.01797	0.01327	0.01096	0.03061	0.01838	0.56955	0.02333	0.02077	0.01517	0.00793	0.00643	0.00200	0.00626	0.00624	0.00727	0.01108
82	0.00952	0.00699	0.00891	0.00843	0.01012	0.00638	0.00632	0.01259	0.01897	0.02650	0.64571	0.05265	0.13270	0.01434	0.00807	0.00217	0.00325	0.01259	0.00741	0.00638
83	0.01470	0.02473	0.32483	0.11971	0.03468	0.01643	0.32276	0.02122	0.01510	0.02122	0.01296	0.01674	0.00949	0.00622	0.00725	0.00224	0.01062	0.00654	0.00316	0.00938
84	0.02535	0.09831	0.04311	0.01578	0.04481	0.16000	0.01277	0.25798	0.04184	0.20711	0.01730	0.01700	0.01226	0.00770	0.00645	0.00196	0.00807	0.00574	0.00594	0.01050
85	0.71086	0.04938	0.01228	0.01065	0.03882	0.04504	0.00833	0.02045	0.01220	0.02915	0.00969	0.01136	0.00765	0.00635	0.00441	0.00207	0.00577	0.00382	0.00411	0.00762
86	0.01567	0.04952	0.27729	0.02838	0.25366	0.01678	0.17532	0.02228	0.05370	0.02214	0.01360	0.01667	0.01045	0.00633	0.00690	0.00214	0.00943	0.00619	0.00341	0.01014
87	0.00839	0.00600	0.00789	0.00938	0.00982	0.00560	0.00624	0.00955	0.01305	0.01734	0.03797	0.71158	0.06220	0.04762	0.00964	0.00290	0.00405	0.01898	0.00627	0.00551
88	0.01638	0.01731	0.11654	0.04479	0.22304	0.01371	0.06745	0.04823	0.03894	0.05589	0.01391	0.01636	0.01087	0.00609	0.00626	0.00174	0.00740	0.00549	0.00405	0.28555
89	0.20647	0.01301	0.03672	0.08835	0.01944	0.01206	0.01024	0.02316	0.05364	0.20364	0.03602	0.01791	0.01322	0.00696	0.00576	0.00183	0.00587	0.00538	0.00535	0.23497
90	0.02379	0.02975	0.01955	0.11904	0.02478	0.63189	0.01403	0.02594	0.01859	0.01685	0.01080	0.01316	0.00886	0.00702	0.00626	0.00183	0.01189	0.00464	0.00346	0.00788

[dist]
# distance from previous block
# <min> <max>
0	4

[block]
# block no. 5 follows, 31 sequences, length 15
# corresponding to MSA columns:
# 513-527
name=unknown_F
#
# <colnr> <probs for GDERKNQSTAVLIFYWHMCP>
#	G	D	E	R	K	N	Q	S	T	A	V	L	I	F	Y	W	H	M	C	P
0	0.01525	0.01574	0.02652	0.02049	0.02370	0.01801	0.24214	0.01841	0.01293	0.01915	0.01108	0.01603	0.00962	0.00888	0.01508	0.00247	0.39156	0.00641	0.00330	0.12323
1	0.01564	0.10294	0.55447	0.01781	0.02670	0.01663	0.02181	0.02346	0.06482	0.07240	0.01420	0.01555	0.01016	0.00678	0.00636	0.00211	0.00919	0.00525	0.00359	0.01014
2	0.00860	0.00681	0.00774	0.00781	0.00964	0.00595	0.00574	0.01071	0.01637	0.02103	0.25893	0.16138	0.42120	0.01691	0.00817	0.00233	0.00347	0.01454	0.00671	0.00595
3	0.00848	0.00606	0.00810	0.00969	0.01015	0.00568	0.00660	0.00977	0.01324	0.01762	0.03763	0.71921	0.04494	0.02130	0.00877	0.00280	0.00409	0.05394	0.00635	0.00560
4	0.01292	0.01216	0.02052	0.74312	0.04712	0.01520	0.01900	0.01748	0.01368	0.01748	0.01216	0.01824	0.00912	0.00684	0.00684	0.00228	0.00912	0.00608	0.00304	0.00760
5	0.06879	0.08000	0.39558	0.01587	0.02358	0.01468	0.01819	0.02458	0.01577	0.22491	0.01708	0.01893	0.01216	0.00749	0.00642	0.00213	0.00821	0.03075	0.00473	0.01014
6	0.02894	0.01125	0.01531	0.01187	0.01686	0.00975	0.00975	0.03163	0.01956	0.66349	0.08447	0.02562	0.02092	0.00893	0.00698	0.00212	0.00560	0.00734	0.00839	0.01121
7	0.01111	0.00808	0.01177	0.16133	0.01828	0.00935	0.00968	0.01406	0.01227	0.01830	0.01809	0.02550	0.01586	0.06092	0.38787	0.00687	0.01249	0.00696	0.18479	0.00640
8	0.02757	0.01665	0.01898	0.01455	0.01996	0.01749	0.01202	0.47341	0.02796	0.26972	0.01995	0.01872	0.01340	0.00830	0.00686	0.00207	0.00696	0.00640	0.00739	0.01164
9	0.00834	0.00595	0.00794	0.00953	0.00992	0.00556	0.00635	0.00953	0.01310	0.01746	0.03771	0.75510	0.04525	0.02143	0.00873	0.00278	0.00397	0.01945	0.00635	0.00556
10	0.11634	0.01506	0.01630	0.01286	0.01759	0.01607	0.01055	0.38047	0.02459	0.17955	0.01866	0.01854	0.01309	0.00801	0.00625	0.00201	0.00629	0.00605	0.12133	0.01038
11	0.01651	0.01764	0.02021	0.09080	0.02126	0.15185	0.01478	0.01841	0.01248	0.01659	0.00998	0.01530	0.00930	0.01217	0.04722	0.00302	0.50607	0.00576	0.00312	0.00752
12	0.01305	0.01233	0.02055	0.69822	0.04531	0.01556	0.01875	0.01742	0.01348	0.01742	0.01196	0.01804	0.00911	0.00716	0.00781	0.00232	0.05481	0.00607	0.00304	0.00759
13	0.00834	0.00595	0.00794	0.00953	0.00992	0.00556	0.00635	0.00953	0.01310	0.01746	0.03771	0.75510	0.04525	0.02143	0.00873	0.00278	0.00397	0.01945	0.00635	0.00556
14	0.01419	0.01216	0.01419	0.01013	0.01621	0.00912	0.00811	0.01723	0.01419	0.02229	0.01216	0.01419	0.01013	0.00507	0.00507	0.00101	0.00507	0.00405	0.00405	0.80139

[dist]
# distance from previous block
# <min> <max>
0	13

[block]
# block no. 6 follows, 31 sequences, length 36
# corresponding to MSA columns:
# 541-552,556-562,568-584
