[name]
unknown

[dist]
# distance from previous block
# <min> <max>
0	76

[block]
# block no. 0 follows, 32 sequences, length 12
# corresponding to MSA columns:
# 88-99
name=unknown_A
#
# <colnr> <probs for GDERKNQSTAVLIFYWHMCP>
#	G	D	E	R	K	N	Q	S	T	A	V	L	I	F	Y	W	H	M	C	P
0	0.00892	0.00673	0.00779	0.00818	0.00951	0.00617	0.00592	0.01045	0.01396	0.01772	0.09607	0.15653	0.31835	0.19203	0.01433	0.00343	0.00457	0.10816	0.00580	0.00538
1	0.02611	0.02771	0.01830	0.01617	0.01999	0.58612	0.01232	0.02802	0.01905	0.16405	0.01372	0.01433	0.01030	0.00720	0.00620	0.00180	0.01077	0.00483	0.00446	0.00854
2	0.01568	0.01370	0.01685	0.01895	0.16308	0.01517	0.01232	0.02930	0.47505	0.02550	0.02545	0.08877	0.02129	0.00990	0.00705	0.00229	0.00578	0.03787	0.00602	0.00998
3	0.08056	0.00910	0.00953	0.00887	0.01159	0.00911	0.00683	0.01793	0.16004	0.05632	0.15626	0.04450	0.32049	0.01281	0.00708	0.00217	0.00400	0.01063	0.06495	0.00725
4	0.01301	0.00773	0.00923	0.00839	0.01095	0.00673	0.00641	0.01520	0.01677	0.16744	0.22353	0.07523	0.35696	0.04152	0.00865	0.00236	0.00395	0.01211	0.00688	0.00697
5	0.01017	0.00728	0.01001	0.01112	0.01251	0.00712	0.00924	0.01301	0.01582	0.02109	0.17769	0.16608	0.04455	0.01788	0.00889	0.00283	0.00523	0.44694	0.00644	0.00611
6	0.00970	0.00658	0.00766	0.00755	0.00788	0.00647	0.00454	0.01036	0.01168	0.01590	0.16609	0.04520	0.03248	0.60827	0.02870	0.00559	0.00581	0.01025	0.00476	0.00454
7	0.00993	0.00732	0.00935	0.00876	0.01047	0.00696	0.00659	0.01406	0.06096	0.02698	0.67681	0.04860	0.06071	0.01344	0.00785	0.00212	0.00330	0.01186	0.00735	0.00659
8	0.01391	0.01193	0.01391	0.00994	0.01590	0.00894	0.00795	0.01690	0.01391	0.02186	0.01193	0.01391	0.00994	0.00497	0.00497	0.00099	0.00497	0.00398	0.00398	0.80521
9	0.01584	0.01810	0.03959	0.02828	0.03507	0.01697	0.69796	0.02149	0.01584	0.02149	0.01357	0.01810	0.01018	0.00566	0.00792	0.00226	0.01131	0.00792	0.00339	0.00905
10	0.01584	0.01810	0.03959	0.02828	0.03507	0.01697	0.69796	0.02149	0.01584	0.02149	0.01357	0.01810	0.01018	0.00566	0.00792	0.00226	0.01131	0.00792	0.00339	0.00905
11	0.01610	0.03040	0.54048	0.01891	0.02769	0.01675	0.06286	0.16228	0.01788	0.02564	0.01298	0.01481	0.00921	0.00668	0.00654	0.00211	0.00947	0.00536	0.00367	0.01017

[dist]
# distance from previous block
# <min> <max>
0	5

[block]
# block no. 1 follows, 32 sequences, length 93
# corresponding to MSA columns:
# 105-197
name=unknown_B
#
# <colnr> <probs for GDERKNQSTAVLIFYWHMCP>
#	G	D	E	R	K	N	Q	S	T	A	V	L	I	F	Y	W	H	M	C	P
0	0.02995	0.01168	0.01573	0.01206	0.01726	0.01024	0.00996	0.05588	0.01963	0.70319	0.02611	0.02260	0.01643	0.00830	0.00675	0.00207	0.00577	0.00672	0.00825	0.01142
1	0.01137	0.00601	0.00902	0.00902	0.00918	0.00618	0.00618	0.00918	0.00902	0.01219	0.01252	0.02121	0.01235	0.02700	0.12333	0.69639	0.00749	0.00601	0.00301	0.00333
2	0.00850	0.00682	0.00759	0.00740	0.00941	0.00591	0.00555	0.01074	0.01664	0.02133	0.30521	0.05931	0.48038	0.01580	0.00792	0.00221	0.00331	0.01342	0.00665	0.00591
3	0.00950	0.00686	0.00897	0.00844	0.01002	0.00633	0.00633	0.01266	0.01899	0.02691	0.71879	0.05012	0.06331	0.01372	0.00791	0.00211	0.00317	0.01213	0.00739	0.00633
4	0.01346	0.03471	0.72942	0.01912	0.02904	0.01558	0.02479	0.02125	0.01417	0.02125	0.01204	0.01417	0.00850	0.00637	0.00637	0.00212	0.00992	0.00496	0.00283	0.00992
5	0.01267	0.01193	0.02013	0.74806	0.04621	0.01491	0.01863	0.01714	0.01342	0.01714	0.01193	0.01789	0.00894	0.00671	0.00671	0.00224	0.00894	0.00596	0.00298	0.00745
6	0.01045	0.00747	0.01040	0.01195	0.01333	0.00741	0.01019	0.01328	0.01509	0.01968	0.03573	0.16908	0.03940	0.01888	0.00917	0.00304	0.00587	0.58733	0.00619	0.00608
7	0.81159	0.01298	0.00986	0.00882	0.01298	0.01505	0.00727	0.01972	0.01142	0.03010	0.00934	0.01090	0.00727	0.00623	0.00415	0.00208	0.00519	0.00363	0.00415	0.00727
8	0.01584	0.01516	0.02585	0.17904	0.59047	0.01574	0.02021	0.01992	0.01492	0.02099	0.01249	0.01686	0.01030	0.00612	0.00666	0.00204	0.00816	0.00598	0.00326	0.01001
9	0.00973	0.00660	0.00779	0.00779	0.00795	0.00676	0.00466	0.01006	0.00990	0.01336	0.02071	0.04151	0.02335	0.66674	0.13018	0.00709	0.00807	0.00941	0.00400	0.00433
10	0.01719	0.03273	0.02050	0.01675	0.01820	0.02039	0.01396	0.17946	0.01545	0.02237	0.01084	0.01528	0.00966	0.01187	0.03912	0.00291	0.53527	0.00590	0.00386	0.00830
11	0.01560	0.01241	0.02049	0.54986	0.13571	0.01436	0.01771	0.01974	0.01446	0.11470	0.01401	0.01839	0.01022	0.00683	0.00670	0.00218	0.00837	0.00607	0.00376	0.00843
12	0.00948	0.00809	0.00873	0.00902	0.03313	0.00752	0.00645	0.01364	0.11019	0.01991	0.08507	0.08844	0.54494	0.01562	0.00777	0.00227	0.00382	0.01314	0.00626	0.00652
13	0.00825	0.00589	0.00787	0.00943	0.00985	0.00551	0.00636	0.00947	0.01292	0.01721	0.03694	0.74090	0.04422	0.02095	0.00858	0.00274	0.00396	0.03727	0.00623	0.00547
14	0.01616	0.26960	0.40649	0.01747	0.05537	0.08846	0.01919	0.02138	0.01451	0.01906	0.01103	0.01298	0.00864	0.00620	0.00569	0.00186	0.00916	0.00450	0.00293	0.00932
15	0.01612	0.01186	0.01414	0.01021	0.01607	0.00907	0.00821	0.01905	0.01464	0.11812	0.01391	0.01513	0.01085	0.00542	0.00521	0.00114	0.00507	0.00435	0.00457	0.69685
16	0.81159	0.01298	0.00986	0.00882	0.01298	0.01505	0.00727	0.01972	0.01142	0.03010	0.00934	0.01090	0.00727	0.00623	0.00415	0.00208	0.00519	0.00363	0.00415	0.00727
17	0.00848	0.00597	0.00769	0.00895	0.00926	0.00566	0.00581	0.00942	0.01225	0.01633	0.03390	0.62066	0.04049	0.16547	0.01354	0.00346	0.00440	0.01726	0.00581	0.00518
18	0.02365	0.02962	0.01922	0.01733	0.02032	0.63941	0.01320	0.02534	0.01782	0.01638	0.01016	0.01245	0.00867	0.00757	0.00823	0.00189	0.11309	0.00453	0.00339	0.00772
19	0.00852	0.00665	0.00751	0.00760	0.00923	0.00587	0.00546	0.01034	0.01534	0.01966	0.21810	0.15661	0.40050	0.08587	0.01044	0.00268	0.00370	0.01395	0.00631	0.00565
20	0.00818	0.00584	0.00779	0.00934	0.00973	0.00545	0.00623	0.00934	0.01285	0.01713	0.03698	0.75981	0.04438	0.02102	0.00856	0.00273	0.00389	0.01908	0.00623	0.00545
21	0.00889	0.00670	0.00802	0.00843	0.00976	0.00617	0.00598	0.01110	0.04132	0.01948	0.18265	0.31192	0.26163	0.03892	0.00968	0.03874	0.00380	0.01480	0.00628	0.00574
22	0.01391	0.01193	0.01391	0.00994	0.01590	0.00894	0.00795	0.01690	0.01391	0.02186	0.01193	0.01391	0.00994	0.00497	0.00497	0.00099	0.00497	0.00398	0.00398	0.80521
23	0.00866	0.00674	0.00750	0.00740	0.00906	0.00598	0.00529	0.01046	0.01531	0.01962	0.23442	0.07808	0.40876	0.13889	0.01225	0.00293	0.00386	0.01304	0.00619	0.00557
24	0.01142	0.00742	0.00867	0.00806	0.01047	0.00643	0.00615	0.01366	0.01685	0.11710	0.25492	0.07539	0.40868	0.01496	0.00778	0.00221	0.00366	0.01270	0.00686	0.00664
25	0.01794	0.76823	0.03516	0.01148	0.01722	0.02655	0.01148	0.02009	0.01363	0.01579	0.00933	0.01076	0.00861	0.00574	0.00431	0.00144	0.00718	0.00359	0.00287	0.00861
26	0.01730	0.01806	0.04837	0.22426	0.32215	0.11459	0.05763	0.07793	0.01666	0.02156	0.01246	0.01630	0.00987	0.00647	0.00665	0.00204	0.00901	0.00583	0.00352	0.00934
27	0.00880	0.00683	0.00800	0.00771	0.00960	0.00604	0.00578	0.01132	0.01735	0.02301	0.42972	0.05654	0.35482	0.01517	0.00792	0.00218	0.00327	0.01303	0.00687	0.00604
28	0.01585	0.01517	0.02586	0.17745	0.59200	0.01574	0.02022	0.01993	0.01492	0.02100	0.01249	0.01685	0.01030	0.00612	0.00666	0.00204	0.00816	0.00598	0.00326	0.01002
29	0.00959	0.00719	0.01078	0.01078	0.01198	0.00839	0.00839	0.01198	0.01078	0.01558	0.01797	0.02636	0.01677	0.05032	0.73760	0.01078	0.01797	0.00719	0.00359	0.00599
30	0.01047	0.00810	0.01146	0.01291	0.10726	0.00764	0.00828	0.01374	0.01849	0.02623	0.62239	0.04555	0.05612	0.01266	0.00774	0.00209	0.00382	0.01129	0.00683	0.00692
31	0.01568	0.01763	0.03699	0.02682	0.03269	0.01746	0.60469	0.02076	0.01508	0.02076	0.01292	0.01763	0.00999	0.00649	0.00984	0.00235	0.11241	0.00764	0.00333	0.00882
32	0.02385	0.01749	0.01876	0.01454	0.01953	0.01923	0.01196	0.62622	0.02988	0.04024	0.04101	0.01933	0.03921	0.00856	0.00672	0.00201	0.00694	0.00654	0.03717	0.01084
33	0.00818	0.00584	0.00779	0.00934	0.00973	0.00545	0.00623	0.00934	0.01285	0.01713	0.03698	0.75981	0.04438	0.02102	0.00856	0.00273	0.00389	0.01908	0.00623	0.00545
34	0.01661	0.01594	0.02724	0.04119	0.72233	0.01594	0.02059	0.02059	0.01528	0.02192	0.01262	0.01661	0.01063	0.00598	0.00664	0.00199	0.00797	0.00598	0.00332	0.01063
35	0.01346	0.03471	0.72942	0.01912	0.02904	0.01558	0.02479	0.02125	0.01417	0.02125	0.01204	0.01417	0.00850	0.00637	0.00637	0.00212	0.00992	0.00496	0.00283	0.00992
36	0.00923	0.00783	0.00811	0.00801	0.01039	0.00723	0.00608	0.01331	0.11007	0.01951	0.06024	0.08496	0.57741	0.01611	0.00785	0.00231	0.00377	0.03494	0.00631	0.00635
37	0.02881	0.01135	0.01518	0.01179	0.01677	0.01002	0.00969	0.03215	0.04982	0.66795	0.02633	0.02302	0.01681	0.00832	0.00667	0.00206	0.00559	0.00677	0.03971	0.01118
38	0.00805	0.00680	0.00696	0.00692	0.00914	0.00571	0.00519	0.00986	0.01557	0.01879	0.11689	0.06349	0.67028	0.01675	0.00793	0.00225	0.00338	0.01401	0.00632	0.00571
39	0.01743	0.66800	0.10203	0.01288	0.01907	0.02512	0.04000	0.02026	0.01377	0.01654	0.00976	0.01138	0.00866	0.00580	0.00465	0.00153	0.00760	0.00389	0.00289	0.00875
40	0.00904	0.00684	0.00833	0.00796	0.00974	0.00613	0.00597	0.01177	0.01790	0.02432	0.52706	0.05438	0.25666	0.01468	0.00792	0.00216	0.00323	0.01273	0.00705	0.00613
41	0.01391	0.01193	0.01391	0.00994	0.01590	0.00894	0.00795	0.01690	0.01391	0.02186	0.01193	0.01391	0.00994	0.00497	0.00497	0.00099	0.00497	0.00398	0.00398	0.80521
42	0.01634	0.01963	0.12557	0.03430	0.44385	0.04474	0.17462	0.02113	0.01540	0.02151	0.01267	0.01643	0.01016	0.00600	0.00687	0.00206	0.00916	0.00621	0.00328	0.01006
43	0.01584	0.01810	0.03959	0.02828	0.03507	0.01697	0.69796	0.02149	0.01584	0.02149	0.01357	0.01810	0.01018	0.00566	0.00792	0.00226	0.01131	0.00792	0.00339	0.00905
44	0.02332	0.01717	0.01861	0.01448	0.01934	0.01883	0.01188	0.60614	0.02983	0.04019	0.11203	0.02075	0.01850	0.00883	0.00688	0.00203	0.00681	0.00687	0.00680	0.01072
45	0.02770	0.01071	0.01430	0.01116	0.01586	0.00937	0.00916	0.03037	0.01850	0.63116	0.02585	0.02314	0.01669	0.00824	0.00647	0.00201	0.00536	0.00668	0.11658	0.01071
46	0.00814	0.00681	0.00709	0.00702	0.00919	0.00576	0.00527	0.01004	0.01580	0.01933	0.15706	0.06260	0.62978	0.01654	0.00793	0.00224	0.00337	0.01388	0.00639	0.00576
47	0.01724	0.01468	0.01548	0.01377	0.01766	0.01694	0.01075	0.07680	0.66817	0.02895	0.02662	0.02448	0.01992	0.00904	0.00682	0.00226	0.00544	0.00749	0.00682	0.01067
48	0.02176	0.01627	0.01907	0.11582	0.05426	0.01802	0.01309	0.49103	0.02604	0.05088	0.01711	0.06370	0.01372	0.03859	0.00791	0.00227	0.00733	0.00700	0.00595	0.01018
49	0.01794	0.76823	0.03516	0.01148	0.01722	0.02655	0.01148	0.02009	0.01363	0.01579	0.00933	0.01076	0.00861	0.00574	0.00431	0.00144	0.00718	0.00359	0.00287	0.00861
50	0.02506	0.03198	0.01901	0.01729	0.02074	0.73725	0.01296	0.02679	0.01901	0.01642	0.01037	0.01210	0.00864	0.00691	0.00605	0.00173	0.01210	0.00432	0.00346	0.00778
51	0.00950	0.00686	0.00897	0.00844	0.01002	0.00633	0.00633	0.01266	0.01899	0.02691	0.71879	0.05012	0.06331	0.01372	0.00791	0.00211	0.00317	0.01213	0.00739	0.00633
52	0.01747	0.01635	0.01895	0.01597	0.02020	0.06969	0.10469	0.05436	0.54300	0.02677	0.02383	0.02285	0.01792	0.00844	0.00692	0.00223	0.00669	0.00734	0.00611	0.01022
53	0.00836	0.00598	0.00795	0.00922	0.00977	0.00557	0.00624	0.00980	0.01369	0.01846	0.13006	0.66293	0.04696	0.02002	0.00848	0.00264	0.00379	0.01813	0.00639	0.00557
54	0.02486	0.07376	0.02081	0.01573	0.02054	0.24017	0.01273	0.44801	0.02650	0.03258	0.01389	0.01452	0.01037	0.00755	0.00635	0.00189	0.00881	0.00535	0.00546	0.01011
55	0.00814	0.00681	0.00709	0.00702	0.00919	0.00576	0.00527	0.01004	0.01580	0.01932	0.15682	0.06260	0.63002	0.01655	0.00793	0.00224	0.00337	0.01388	0.00639	0.00576
56	0.01794	0.76823	0.03516	0.01148	0.01722	0.02655	0.01148	0.02009	0.01363	0.01579	0.00933	0.01076	0.00861	0.00574	0.00431	0.00144	0.00718	0.00359	0.00287	0.00861
57	0.78301	0.01292	0.01007	0.00894	0.01313	0.01486	0.00736	0.02020	0.01170	0.05559	0.00997	0.01134	0.00761	0.00630	0.00425	0.00208	0.00521	0.00375	0.00430	0.00742
58	0.00923	0.00685	0.00860	0.00816	0.00986	0.00622	0.00612	0.01214	0.01836	0.02540	0.60734	0.05260	0.17570	0.01428	0.00792	0.00214	0.00321	0.01248	0.00719	0.00622
59	0.00818	0.00584	0.00779	0.00934	0.00973	0.00545	0.00623	0.00934	0.01285	0.01713	0.03698	0.75981	0.04438	0.02102	0.00856	0.00273	0.00389	0.01908	0.00623	0.00545
60	0.00959	0.00717	0.01066	0.01066	0.01182	0.00832	0.00824	0.01190	0.01075	0.01549	0.01808	0.02697	0.01704	0.07512	0.71316	0.01063	0.01757	0.00728	0.00361	0.00592
61	0.00818	0.00584	0.00779	0.00934	0.00973	0.00545	0.00623	0.00934	0.01285	0.01713	0.03698	0.75981	0.04438	0.02102	0.00856	0.00273	0.00389	0.01908	0.00623	0.00545
62	0.01396	0.01324	0.02246	0.51605	0.26813	0.01525	0.01928	0.01828	0.01403	0.01871	0.01215	0.01747	0.00950	0.00647	0.00669	0.00216	0.00863	0.00597	0.00309	0.00850
63	0.00854	0.00682	0.00765	0.00744	0.00944	0.00593	0.00558	0.01082	0.01674	0.02157	0.32324	0.05891	0.46220	0.01571	0.00792	0.00220	0.00331	0.01337	0.00668	0.00593
64	0.01214	0.01154	0.01046	0.01043	0.01225	0.13534	0.00766	0.01522	0.06385	0.02007	0.18460	0.23854	0.16775	0.03907	0.00859	0.00244	0.00537	0.04231	0.00596	0.00644
65	0.01859	0.52420	0.04656	0.01347	0.01814	0.14530	0.01248	0.02071	0.01409	0.01607	0.00950	0.01160	0.00864	0.00677	0.00707	0.00171	0.10973	0.00406	0.00298	0.00833
66	0.01438	0.01191	0.01396	0.01000	0.01594	0.00897	0.00801	0.01735	0.01407	0.04204	0.01234	0.01417	0.01013	0.00506	0.00502	0.00102	0.00499	0.00405	0.00410	0.78250
67	0.01046	0.00861	0.01437	0.01283	0.01467	0.00937	0.10209	0.01306	0.01137	0.01613	0.01769	0.02698	0.01663	0.11529	0.56797	0.00919	0.01592	0.00754	0.00361	0.00622
68	0.01161	0.01048	0.01461	0.20039	0.13236	0.05175	0.01201	0.01409	0.01373	0.01785	0.02529	0.41260	0.02807	0.01423	0.00765	0.00243	0.00628	0.01286	0.00479	0.00691
69	0.02913	0.01164	0.01554	0.01206	0.01715	0.01036	0.00992	0.03292	0.06957	0.67604	0.02653	0.02300	0.01689	0.00836	0.00675	0.00209	0.00568	0.00681	0.00820	0.01136
70	0.02551	0.01879	0.02014	0.01544	0.02081	0.02081	0.01275	0.69996	0.03155	0.04229	0.01611	0.01611	0.01141	0.00805	0.00671	0.00201	0.00738	0.00604	0.00671	0.01141
71	0.00959	0.00719	0.01078	0.01078	0.01198	0.00839	0.00839	0.01198	0.01078	0.01558	0.01797	0.02636	0.01677	0.05032	0.73760	0.01078	0.01797	0.00719	0.00359	0.00599
72	0.81159	0.01298	0.00986	0.00882	0.01298	0.01505	0.00727	0.01972	0.01142	0.03010	0.00934	0.01090	0.00727	0.00623	0.00415	0.00208	0.00519	0.00363	0.00415	0.00727
73	0.00921	0.00685	0.00858	0.00814	0.00985	0.00621	0.00611	0.01211	0.01832	0.02532	0.60092	0.05274	0.18218	0.01431	0.00792	0.00214	0.00321	0.01250	0.00718	0.00621
74	0.01534	0.06020	0.58759	0.01857	0.02763	0.01675	0.04060	0.11386	0.01656	0.02392	0.01253	0.01441	0.00895	0.00656	0.00638	0.00209	0.00950	0.00513	0.00338	0.01005
75	0.01794	0.76823	0.03516	0.01148	0.01722	0.02655	0.01148	0.02009	0.01363	0.01579	0.00933	0.01076	0.00861	0.00574	0.00431	0.00144	0.00718	0.00359	0.00287	0.00861
76	0.01602	0.01120	0.01376	0.01039	0.01557	0.00902	0.00833	0.01885	0.01437	0.13835	0.01517	0.01710	0.01198	0.01172	0.10528	0.00251	0.00687	0.00488	0.00464	0.56401
77	0.12241	0.03174	0.63120	0.01772	0.02685	0.01551	0.02240	0.02104	0.01379	0.02246	0.01167	0.01372	0.00833	0.00635	0.00607	0.00212	0.00927	0.00478	0.00301	0.00955
78	0.00976	0.00651	0.00732	0.00732	0.00732	0.00651	0.00407	0.00976	0.00976	0.01301	0.02114	0.04391	0.02439	0.76419	0.03415	0.00651	0.00651	0.00976	0.00407	0.00407
79	0.03010	0.01142	0.01557	0.01194	0.01713	0.00986	0.00986	0.03270	0.01920	0.72698	0.02647	0.02284	0.01661	0.00830	0.00675	0.00208	0.00571	0.00675	0.00830	0.01142
80	0.00814	0.00667	0.00718	0.00733	0.00927	0.00571	0.00539	0.00994	0.01539	0.01900	0.13881	0.15781	0.55174	0.01717	0.00801	0.00231	0.00344	0.01460	0.00636	0.00571
81	0.01366	0.01145	0.01223	0.01122	0.01436	0.01239	0.00874	0.05481	0.38860	0.02540	0.10118	0.04037	0.22742	0.01213	0.00734	0.00228	0.00469	0.03640	0.00667	0.00866
82	0.01584	0.01810	0.03959	0.02828	0.03507	0.01697	0.69796	0.02149	0.01584	0.02149	0.01357	0.01810	0.01018	0.00566	0.00792	0.00226	0.01131	0.00792	0.00339	0.00905
83	0.00826	0.00595	0.00783	0.00918	0.00973	0.00552	0.00619	0.00958	0.01336	0.01784	0.08520	0.68422	0.07156	0.02036	0.00850	0.00267	0.00382	0.01841	0.00631	0.00552
84	0.05255	0.01146	0.01541	0.01185	0.01701	0.01001	0.00979	0.03233	0.01898	0.70697	0.02598	0.02250	0.01634	0.00825	0.00667	0.00208	0.00569	0.00666	0.00819	0.01130
85	0.01584	0.01810	0.03959	0.02828	0.03507	0.01697	0.69796	0.02149	0.01584	0.02149	0.01357	0.01810	0.01018	0.00566	0.00792	0.00226	0.01131	0.00792	0.00339	0.00905
86	0.01669	0.01441	0.01517	0.01365	0.01745	0.01669	0.01062	0.03565	0.71021	0.02807	0.02731	0.02503	0.02048	0.00910	0.00683	0.00228	0.00531	0.00759	0.00683	0.01062
87	0.01669	0.01441	0.01517	0.01365	0.01745	0.01669	0.01062	0.03565	0.71021	0.02807	0.02731	0.02503	0.02048	0.00910	0.00683	0.00228	0.00531	0.00759	0.00683	0.01062
88	0.01045	0.00747	0.01040	0.01195	0.01333	0.00741	0.01019	0.01328	0.01509	0.01968	0.03573	0.16908	0.03940	0.01888	0.00917	0.00304	0.00587	0.58733	0.00619	0.00608
89	0.01267	0.01193	0.02013	0.74806	0.04621	0.01491	0.01863	0.01714	0.01342	0.01714	0.01193	0.01789	0.00894	0.00671	0.00671	0.00224	0.00894	0.00596	0.00298	0.00745
90	0.02517	0.01807	0.01961	0.01512	0.02034	0.01989	0.01247	0.64663	0.03029	0.07191	0.01664	0.01676	0.01183	0.00951	0.03175	0.00232	0.00767	0.00611	0.00668	0.01123
91	0.01327	0.03375	0.70467	0.01870	0.02836	0.01524	0.02412	0.02085	0.01420	0.02114	0.01396	0.01589	0.03286	0.00674	0.00643	0.00213	0.00969	0.00527	0.00295	0.00977
92	0.00830	0.00618	0.00807	0.03430	0.01089	0.00580	0.00650	0.00965	0.01320	0.01727	0.04035	0.63948	0.13534	0.01998	0.00841	0.00265	0.00400	0.01796	0.00612	0.00555

[dist]
# distance from previous block
# <min> <max>
0	11

[block]
# block no. 2 follows, 32 sequences, length 28
# corresponding to MSA columns:
# 209-236
name=unknown_C
#
# <colnr> <probs for GDERKNQSTAVLIFYWHMCP>
#	G	D	E	R	K	N	Q	S	T	A	V	L	I	F	Y	W	H	M	C	P
0	0.01487	0.01549	0.01993	0.61823	0.04169	0.14324	0.01763	0.01886	0.01441	0.01702	0.01165	0.01686	0.00889	0.00675	0.00659	0.00215	0.00951	0.00567	0.00307	0.00751
1	0.01672	0.02728	0.49384	0.01688	0.02496	0.01446	0.01987	0.02486	0.10249	0.14764	0.03533	0.01803	0.01290	0.00726	0.00654	0.00213	0.00841	0.00580	0.00443	0.01018
2	0.19152	0.02140	0.04225	0.01463	0.01942	0.19808	0.01206	0.36446	0.02356	0.03253	0.01310	0.01394	0.00974	0.00733	0.00599	0.00196	0.00818	0.00506	0.00522	0.00958
3	0.00876	0.00596	0.00783	0.00892	0.00947	0.00554	0.00602	0.00927	0.01242	0.01628	0.03637	0.54124	0.12326	0.02092	0.01162	0.14516	0.00417	0.01611	0.00564	0.00503
4	0.02358	0.02886	0.01833	0.01664	0.02016	0.60924	0.01255	0.02837	0.14181	0.01849	0.01338	0.01440	0.01075	0.00730	0.00619	0.00183	0.01089	0.00490	0.00406	0.00828
5	0.00892	0.00684	0.00816	0.00783	0.00967	0.00608	0.00587	0.01154	0.01762	0.02366	0.47778	0.05547	0.30635	0.01493	0.00792	0.00217	0.00325	0.01289	0.00696	0.00608
6	0.06541	0.01614	0.01929	0.01539	0.01978	0.04352	0.09698	0.39287	0.04405	0.03273	0.01936	0.14851	0.01718	0.00994	0.00698	0.00216	0.00715	0.00844	0.02458	0.00954
7	0.00817	0.00663	0.00725	0.00746	0.00930	0.00571	0.00545	0.00996	0.01532	0.01905	0.14410	0.18628	0.51733	0.01730	0.00804	0.00233	0.00346	0.01478	0.00638	0.00571
8	0.00926	0.00668	0.00876	0.00860	0.00997	0.00617	0.00631	0.01207	0.01790	0.02517	0.59766	0.17621	0.05995	0.01502	0.00803	0.00222	0.00329	0.01337	0.00718	0.00617
9	0.01640	0.19510	0.29086	0.01423	0.02027	0.10663	0.01538	0.02084	0.01473	0.04634	0.01366	0.01566	0.01062	0.00679	0.00592	0.00182	0.02633	0.00492	0.16490	0.00860
10	0.02322	0.15303	0.11121	0.01477	0.02075	0.01982	0.01368	0.41181	0.02466	0.11933	0.01567	0.01575	0.01119	0.00746	0.00625	0.00193	0.00746	0.00556	0.00574	0.01073
11	0.00917	0.00804	0.00941	0.00915	0.01069	0.00827	0.00699	0.01074	0.01399	0.01761	0.05226	0.17238	0.48002	0.01674	0.01054	0.00246	0.13646	0.01351	0.00565	0.00593
12	0.02117	0.11968	0.01904	0.01515	0.01835	0.51810	0.01158	0.02285	0.01724	0.01647	0.01497	0.14477	0.01499	0.00927	0.00628	0.00187	0.01002	0.00685	0.00388	0.00747
13	0.01507	0.01432	0.02360	0.03508	0.59561	0.01412	0.01784	0.01864	0.01528	0.02125	0.02246	0.02513	0.13659	0.00794	0.00687	0.00204	0.00716	0.00743	0.00384	0.00975
14	0.02772	0.01195	0.01550	0.01224	0.01719	0.01107	0.01000	0.03323	0.14197	0.60281	0.02662	0.02323	0.01730	0.00845	0.00676	0.00211	0.00564	0.00690	0.00804	0.01128
15	0.02551	0.01879	0.02014	0.01544	0.02081	0.02081	0.01275	0.69996	0.03155	0.04229	0.01611	0.01611	0.01141	0.00805	0.00671	0.00201	0.00738	0.00604	0.00671	0.01141
16	0.04285	0.12539	0.59216	0.01767	0.02670	0.01712	0.02208	0.04456	0.01460	0.02161	0.01175	0.01369	0.00857	0.00635	0.00605	0.00203	0.00932	0.00478	0.00302	0.00971
17	0.02660	0.01169	0.01530	0.01167	0.01686	0.01013	0.00958	0.06260	0.01899	0.55789	0.04952	0.02214	0.01706	0.00798	0.00651	0.00191	0.00558	0.00648	0.00752	0.13397
18	0.01166	0.00583	0.00874	0.00874	0.00874	0.00583	0.00583	0.00874	0.00874	0.01166	0.01166	0.02040	0.01166	0.02331	0.02622	0.80478	0.00583	0.00583	0.00291	0.00291
19	0.81159	0.01298	0.00986	0.00882	0.01298	0.01505	0.00727	0.01972	0.01142	0.03010	0.00934	0.01090	0.00727	0.00623	0.00415	0.00208	0.00519	0.00363	0.00415	0.00727
20	0.00832	0.00683	0.00737	0.00746	0.00953	0.00588	0.00567	0.01028	0.01568	0.01932	0.14637	0.08824	0.56849	0.01683	0.00804	0.00232	0.00357	0.05766	0.00637	0.00577
21	0.01936	0.01460	0.01885	0.01799	0.10725	0.01564	0.06305	0.09297	0.38216	0.13902	0.02351	0.03975	0.01759	0.00851	0.00690	0.00219	0.00631	0.00741	0.00634	0.01058
22	0.01255	0.00673	0.00704	0.00682	0.00851	0.00673	0.00515	0.03720	0.01525	0.02581	0.10911	0.02788	0.02280	0.00857	0.00516	0.00165	0.00327	0.00698	0.67636	0.00643
23	0.00818	0.00584	0.00779	0.00934	0.00973	0.00545	0.00623	0.00934	0.01285	0.01713	0.03698	0.75981	0.04438	0.02102	0.00856	0.00273	0.00389	0.01908	0.00623	0.00545
24	0.01267	0.01193	0.02013	0.74806	0.04621	0.01491	0.01863	0.01714	0.01342	0.01714	0.01193	0.01789	0.00894	0.00671	0.00671	0.00224	0.00894	0.00596	0.00298	0.00745
25	0.00959	0.00719	0.01078	0.01078	0.01198	0.00839	0.00839	0.01198	0.01078	0.01558	0.01797	0.02636	0.01677	0.05032	0.73760	0.01078	0.01797	0.00719	0.00359	0.00599
26	0.01346	0.03471	0.72942	0.01912	0.02904	0.01558	0.02479	0.02125	0.01417	0.02125	0.01204	0.01417	0.00850	0.00637	0.00637	0.00212	0.00992	0.00496	0.00283	0.00992
27	0.00793	0.00680	0.00680	0.00680	0.00906	0.00566	0.00510	0.00963	0.01529	0.01813	0.06797	0.06457	0.71961	0.01699	0.00793	0.00227	0.00340	0.01416	0.00623	0.00566

[dist]
# distance from previous block
# <min> <max>
0	10

[block]
# block no. 3 follows, 32 sequences, length 79
# corresponding to MSA columns:
# 247-296,300-328
name=unknown_D
#
# <colnr> <probs for GDERKNQSTAVLIFYWHMCP>
#	G	D	E	R	K	N	Q	S	T	A	V	L	I	F	Y	W	H	M	C	P
0	0.05191	0.01228	0.02011	0.58640	0.13546	0.01468	0.01786	0.01743	0.01355	0.01843	0.01289	0.04669	0.01049	0.00715	0.00665	0.00221	0.00843	0.00637	0.00321	0.00780
1	0.01891	0.66771	0.03296	0.01227	0.01770	0.12358	0.01168	0.02101	0.01437	0.01587	0.00947	0.01095	0.00862	0.00590	0.00454	0.00148	0.00785	0.00369	0.00295	0.00850
2	0.00793	0.00680	0.00680	0.00680	0.00906	0.00566	0.00510	0.00963	0.01529	0.01813	0.06797	0.06457	0.71961	0.01699	0.00793	0.00227	0.00340	0.01416	0.00623	0.00566
3	0.01628	0.01450	0.02322	0.21471	0.42086	0.01549	0.01821	0.02237	0.10987	0.05586	0.01512	0.01838	0.01184	0.00670	0.00669	0.00210	0.00774	0.00623	0.00396	0.00986
4	0.00896	0.00667	0.00862	0.00942	0.01057	0.00593	0.00646	0.01037	0.01299	0.01778	0.03356	0.65798	0.03968	0.01883	0.00807	0.00249	0.00404	0.01701	0.00592	0.11463
5	0.01391	0.01193	0.01391	0.00994	0.01590	0.00894	0.00795	0.01690	0.01391	0.02186	0.01193	0.01391	0.00994	0.00497	0.00497	0.00099	0.00497	0.00398	0.00398	0.80521
6	0.03825	0.04549	0.05867	0.01871	0.11591	0.01554	0.09476	0.17688	0.12311	0.05102	0.03333	0.09986	0.01691	0.00872	0.00677	0.00206	0.00697	0.00769	0.00524	0.07410
7	0.01339	0.11518	0.02218	0.64750	0.04226	0.01650	0.01766	0.01755	0.01345	0.01696	0.01157	0.01692	0.00890	0.00658	0.00638	0.00213	0.00870	0.00564	0.00297	0.00761
8	0.00932	0.00685	0.00872	0.00825	0.00992	0.00626	0.00619	0.01232	0.01857	0.02591	0.64484	0.05176	0.13788	0.01409	0.00792	0.00213	0.00319	0.01236	0.00726	0.00626
9	0.01444	0.01510	0.02767	0.02140	0.02489	0.01659	0.34072	0.01873	0.04735	0.01942	0.01584	0.11855	0.01489	0.00997	0.01269	0.00255	0.25861	0.00874	0.00379	0.00806
10	0.01492	0.03346	0.60973	0.01854	0.02731	0.11381	0.02259	0.02174	0.01498	0.02077	0.03409	0.01502	0.01025	0.00668	0.00638	0.00207	0.01000	0.00510	0.00306	0.00951
11	0.03010	0.01142	0.01557	0.01194	0.01713	0.00986	0.00986	0.03270	0.01920	0.72698	0.02647	0.02284	0.01661	0.00830	0.00675	0.00208	0.00571	0.00675	0.00830	0.01142
12	0.01081	0.00772	0.01081	0.01236	0.01390	0.00772	0.01081	0.01390	0.01545	0.02008	0.03553	0.07569	0.03862	0.01854	0.00927	0.00309	0.00618	0.67717	0.00618	0.00618
13	0.01551	0.02037	0.13377	0.02703	0.03425	0.01678	0.60606	0.02146	0.01561	0.02146	0.01337	0.01756	0.00995	0.00575	0.00771	0.00224	0.01112	0.00751	0.00332	0.00917
14	0.01211	0.00922	0.01337	0.01640	0.11085	0.00929	0.01221	0.03823	0.01597	0.02109	0.03174	0.06559	0.03387	0.01646	0.00882	0.00290	0.00646	0.56263	0.00581	0.00696
15	0.01584	0.01810	0.03959	0.02828	0.03507	0.01697	0.69796	0.02149	0.01584	0.02149	0.01357	0.01810	0.01018	0.00566	0.00792	0.00226	0.01131	0.00792	0.00339	0.00905
16	0.00968	0.00698	0.00922	0.00898	0.01055	0.00652	0.00694	0.01283	0.01851	0.02598	0.62551	0.05361	0.05994	0.01438	0.00810	0.00224	0.00358	0.10293	0.00722	0.00631
17	0.01335	0.03160	0.63259	0.11864	0.03139	0.01549	0.02395	0.02069	0.01406	0.02069	0.01203	0.01467	0.00856	0.00642	0.00642	0.00214	0.00978	0.00510	0.00285	0.00958
18	0.03010	0.01142	0.01557	0.01194	0.01713	0.00986	0.00986	0.03270	0.01920	0.72698	0.02647	0.02284	0.01661	0.00830	0.00675	0.00208	0.00571	0.00675	0.00830	0.01142
19	0.01346	0.03471	0.72942	0.01912	0.02904	0.01558	0.02479	0.02125	0.01417	0.02125	0.01204	0.01417	0.00850	0.00637	0.00637	0.00212	0.00992	0.00496	0.00283	0.00992
20	0.01267	0.01193	0.02013	0.74806	0.04621	0.01491	0.01863	0.01714	0.01342	0.01714	0.01193	0.01789	0.00894	0.00671	0.00671	0.00224	0.00894	0.00596	0.00298	0.00745
21	0.01517	0.01748	0.12128	0.21874	0.45497	0.01563	0.02067	0.01980	0.01465	0.02061	0.01236	0.01660	0.00991	0.00622	0.00662	0.00207	0.00849	0.00584	0.00317	0.00972
22	0.01661	0.01594	0.02724	0.04119	0.72233	0.01594	0.02059	0.02059	0.01528	0.02192	0.01262	0.01661	0.01063	0.00598	0.00664	0.00199	0.00797	0.00598	0.00332	0.01063
23	0.01267	0.01193	0.02013	0.74806	0.04621	0.01491	0.01863	0.01714	0.01342	0.01714	0.01193	0.01789	0.00894	0.00671	0.00671	0.00224	0.00894	0.00596	0.00298	0.00745
24	0.03010	0.01142	0.01557	0.01194	0.01713	0.00986	0.00986	0.03270	0.01920	0.72698	0.02647	0.02284	0.01661	0.00830	0.00675	0.00208	0.00571	0.00675	0.00830	0.01142
25	0.02540	0.01038	0.01406	0.01114	0.01551	0.00906	0.00906	0.02813	0.01916	0.56717	0.18451	0.02907	0.02727	0.00954	0.00701	0.00208	0.00513	0.00798	0.00810	0.01026
26	0.00812	0.00680	0.00707	0.00700	0.00918	0.00575	0.00525	0.01001	0.01575	0.01922	0.14881	0.06278	0.63809	0.01659	0.00793	0.00225	0.00337	0.01391	0.00637	0.00575
27	0.00818	0.00584	0.00779	0.00934	0.00973	0.00545	0.00623	0.00934	0.01285	0.01713	0.03698	0.75981	0.04438	0.02102	0.00856	0.00273	0.00389	0.01908	0.00623	0.00545
28	0.01390	0.03194	0.63191	0.01838	0.02746	0.01573	0.02286	0.02322	0.10919	0.02218	0.01413	0.01565	0.01014	0.00675	0.00644	0.00215	0.00929	0.00532	0.00338	0.01001
29	0.02551	0.01879	0.02014	0.01544	0.02081	0.02081	0.01275	0.69996	0.03155	0.04229	0.01611	0.01611	0.01141	0.00805	0.00671	0.00201	0.00738	0.00604	0.00671	0.01141
30	0.01346	0.03471	0.72942	0.01912	0.02904	0.01558	0.02479	0.02125	0.01417	0.02125	0.01204	0.01417	0.00850	0.00637	0.00637	0.00212	0.00992	0.00496	0.00283	0.00992
31	0.81159	0.01298	0.00986	0.00882	0.01298	0.01505	0.00727	0.01972	0.01142	0.03010	0.00934	0.01090	0.00727	0.00623	0.00415	0.00208	0.00519	0.00363	0.00415	0.00727
32	0.01102	0.01212	0.10939	0.02675	0.01529	0.00926	0.04310	0.02978	0.06789	0.02433	0.37465	0.04366	0.16523	0.01243	0.00761	0.00218	0.00496	0.02690	0.00619	0.00727
33	0.01279	0.01205	0.02034	0.72701	0.06635	0.01494	0.01869	0.01725	0.01347	0.01729	0.01195	0.01785	0.00899	0.00669	0.00671	0.00223	0.00892	0.00596	0.00299	0.00755
34	0.01792	0.12893	0.45008	0.01628	0.02436	0.01583	0.01914	0.02415	0.03898	0.17909	0.01543	0.01602	0.01074	0.00681	0.00619	0.00202	0.00844	0.00526	0.00420	0.01010
35	0.03010	0.01142	0.01557	0.01194	0.01713	0.00986	0.00986	0.03270	0.01920	0.72698	0.02647	0.02284	0.01661	0.00830	0.00675	0.00208	0.00571	0.00675	0.00830	0.01142
36	0.01836	0.46266	0.22391	0.01365	0.02047	0.02125	0.01493	0.02213	0.01454	0.11439	0.01242	0.01335	0.00967	0.00627	0.00521	0.00171	0.00773	0.00440	0.00360	0.00935
37	0.00799	0.00680	0.00688	0.00686	0.00910	0.00569	0.00515	0.00975	0.01544	0.01847	0.09369	0.06400	0.69368	0.01686	0.00793	0.00226	0.00339	0.01408	0.00628	0.00569
38	0.02506	0.03198	0.01901	0.01729	0.02074	0.73725	0.01296	0.02679	0.01901	0.01642	0.01037	0.01210	0.00864	0.00691	0.00605	0.00173	0.01210	0.00432	0.00346	0.00778
39	0.00997	0.00838	0.01261	0.01074	0.01321	0.00762	0.10045	0.01312	0.01765	0.02399	0.46129	0.04933	0.21864	0.01343	0.00792	0.00217	0.00434	0.01206	0.00655	0.00654
40	0.03010	0.01142	0.01557	0.01194	0.01713	0.00986	0.00986	0.03270	0.01920	0.72698	0.02647	0.02284	0.01661	0.00830	0.00675	0.00208	0.00571	0.00675	0.00830	0.01142
41	0.01356	0.03407	0.70691	0.01895	0.02868	0.01562	0.02434	0.02170	0.03610	0.02146	0.01252	0.01451	0.00888	0.00646	0.00639	0.00213	0.00977	0.00504	0.00296	0.00994
42	0.81159	0.01298	0.00986	0.00882	0.01298	0.01505	0.00727	0.01972	0.01142	0.03010	0.00934	0.01090	0.00727	0.00623	0.00415	0.00208	0.00519	0.00363	0.00415	0.00727
43	0.01599	0.01831	0.12275	0.07257	0.59478	0.01584	0.02107	0.02051	0.01504	0.02160	0.01251	0.01634	0.01026	0.00607	0.00661	0.00202	0.00828	0.00584	0.00324	0.01038
44	0.01340	0.01267	0.02144	0.61716	0.17142	0.01510	0.01900	0.01778	0.01376	0.01803	0.01205	0.01765	0.00926	0.00657	0.00670	0.00219	0.00876	0.00597	0.00304	0.00804
45	0.01538	0.01509	0.02781	0.06193	0.20406	0.01497	0.30143	0.02165	0.10521	0.03886	0.01825	0.11085	0.01597	0.00821	0.00745	0.00225	0.00851	0.00865	0.00427	0.00919
46	0.02653	0.01494	0.02046	0.01541	0.02088	0.01470	0.10482	0.26695	0.02311	0.38872	0.02105	0.01981	0.01389	0.00785	0.00690	0.00208	0.00707	0.00666	0.00707	0.01109
47	0.01234	0.01143	0.01923	0.62373	0.04091	0.01380	0.03900	0.01667	0.01426	0.01862	0.10848	0.02230	0.01641	0.00763	0.00691	0.00222	0.00823	0.00687	0.00360	0.00735
48	0.00793	0.00680	0.00680	0.00680	0.00906	0.00566	0.00510	0.00963	0.01529	0.01813	0.06797	0.06457	0.71961	0.01699	0.00793	0.00227	0.00340	0.01416	0.00623	0.00566
49	0.00933	0.00722	0.01044	0.01369	0.10702	0.00688	0.00819	0.01088	0.01318	0.01778	0.03366	0.65835	0.03977	0.01897	0.00830	0.00263	0.00445	0.01729	0.00583	0.00616
50	0.02957	0.01154	0.01556	0.01201	0.01714	0.01013	0.00989	0.03282	0.04651	0.69936	0.02650	0.02292	0.01676	0.00834	0.00675	0.00208	0.00569	0.00678	0.00825	0.01139
51	0.02551	0.01879	0.02014	0.01544	0.02081	0.02081	0.01275	0.69996	0.03155	0.04229	0.01611	0.01611	0.01141	0.00805	0.00671	0.00201	0.00738	0.00604	0.00671	0.01141
52	0.10124	0.03232	0.65028	0.01799	0.02727	0.01552	0.02286	0.02108	0.01386	0.02222	0.01174	0.01381	0.00836	0.00636	0.00613	0.00212	0.00940	0.00481	0.00298	0.00962
53	0.02769	0.01081	0.01472	0.01165	0.01632	0.00938	0.00946	0.03013	0.01851	0.64891	0.02763	0.10389	0.01966	0.00970	0.00695	0.00215	0.00551	0.00810	0.00808	0.01076
54	0.01489	0.12470	0.35250	0.01889	0.11791	0.01520	0.03610	0.01982	0.01430	0.06351	0.03655	0.02066	0.03581	0.09025	0.00935	0.00250	0.00827	0.00614	0.00364	0.00902
55	0.01482	0.01352	0.02252	0.27701	0.41451	0.01453	0.01818	0.01888	0.01451	0.02064	0.01340	0.01797	0.01078	0.00643	0.00645	0.00203	0.00777	0.00600	0.09099	0.00907
56	0.01442	0.01558	0.03277	0.02405	0.02945	0.01466	0.54911	0.01903	0.01491	0.02017	0.01683	0.08363	0.01521	0.09064	0.01089	0.00279	0.01006	0.02391	0.00376	0.00814
57	0.01551	0.03016	0.53355	0.01985	0.02868	0.01652	0.11497	0.11860	0.01689	0.02430	0.01283	0.01498	0.00915	0.00652	0.00663	0.00213	0.00974	0.00552	0.00347	0.01001
58	0.01531	0.01727	0.07263	0.02377	0.05215	0.03937	0.43748	0.01984	0.01506	0.04254	0.01663	0.12115	0.01491	0.00848	0.00893	0.00234	0.07080	0.00891	0.00387	0.00854
59	0.00803	0.00669	0.00701	0.00716	0.00918	0.00567	0.00528	0.00975	0.01520	0.01844	0.09623	0.14034	0.61341	0.01728	0.00800	0.00231	0.00344	0.01460	0.00629	0.00567
60	0.02511	0.03053	0.01914	0.01708	0.02075	0.65845	0.01294	0.10083	0.02039	0.01927	0.01100	0.01254	0.00895	0.00704	0.00612	0.00176	0.01158	0.00451	0.00382	0.00818
61	0.01464	0.01677	0.11981	0.09761	0.36959	0.01428	0.06808	0.03704	0.01584	0.02219	0.09390	0.02329	0.06202	0.00770	0.00693	0.00208	0.00773	0.00719	0.00395	0.00934
62	0.02784	0.01092	0.01485	0.01155	0.01635	0.00947	0.00947	0.03050	0.01918	0.64998	0.10262	0.02584	0.02175	0.00890	0.00688	0.00208	0.00543	0.00734	0.00820	0.01086
63	0.01916	0.01988	0.17956	0.01518	0.02049	0.06680	0.03724	0.23438	0.05688	0.10398	0.04250	0.13573	0.01846	0.00983	0.00697	0.00216	0.00746	0.00816	0.00560	0.00958
64	0.72320	0.01230	0.00952	0.00860	0.01255	0.01402	0.00703	0.01861	0.01185	0.02879	0.01579	0.01680	0.08561	0.00741	0.00457	0.00210	0.00499	0.00479	0.00438	0.00709
65	0.01672	0.02849	0.48467	0.01768	0.02524	0.06227	0.02041	0.02308	0.03733	0.11694	0.01404	0.01563	0.01004	0.00735	0.00814	0.00219	0.09094	0.00535	0.00376	0.00972
66	0.02854	0.01215	0.01821	0.01374	0.01910	0.01064	0.08554	0.03147	0.01883	0.64939	0.02505	0.02232	0.01590	0.00801	0.00688	0.00210	0.00633	0.00688	0.00776	0.01116
67	0.02176	0.01542	0.09191	0.01526	0.02063	0.01306	0.13236	0.13178	0.04283	0.28567	0.02150	0.02145	0.03114	0.00777	0.00666	0.00205	0.00697	0.00680	0.11501	0.00997
68	0.04870	0.01182	0.01597	0.01248	0.01707	0.01117	0.01032	0.03054	0.01802	0.63071	0.02408	0.02163	0.01551	0.00863	0.00836	0.00217	0.08777	0.00657	0.00761	0.01086
69	0.00896	0.00674	0.00847	0.00945	0.01080	0.00624	0.00728	0.01097	0.01467	0.01882	0.08132	0.31162	0.24320	0.01870	0.00855	0.00267	0.00440	0.21506	0.00627	0.00578
70	0.00860	0.00626	0.00814	0.00907	0.00997	0.00580	0.00640	0.01039	0.01464	0.01966	0.19928	0.49640	0.10727	0.01883	0.00839	0.00256	0.00380	0.05233	0.00650	0.00571
71	0.02855	0.01272	0.01623	0.01257	0.01770	0.01194	0.01034	0.13265	0.06594	0.57922	0.02498	0.02197	0.01608	0.00832	0.00675	0.00208	0.00593	0.00670	0.00797	0.01137
72	0.00971	0.00764	0.00886	0.00847	0.01050	0.00721	0.00637	0.01404	0.09356	0.02371	0.39740	0.07146	0.28703	0.01455	0.00782	0.00220	0.00350	0.01253	0.00689	0.00655
73	0.02769	0.01081	0.01472	0.01165	0.01632	0.00938	0.00946	0.03013	0.01851	0.64891	0.02763	0.10389	0.01966	0.00970	0.00695	0.00215	0.00551	0.00810	0.00808	0.01076
74	0.01545	0.18416	0.25385	0.02036	0.12173	0.03217	0.11015	0.02042	0.02981	0.04203	0.01524	0.09679	0.01352	0.00783	0.00643	0.00204	0.00839	0.00686	0.00363	0.00914
75	0.11606	0.01159	0.01494	0.01160	0.01667	0.01043	0.00958	0.03127	0.01835	0.65034	0.02459	0.02153	0.01558	0.00808	0.00646	0.00208	0.00565	0.00641	0.00785	0.01096
76	0.01270	0.01170	0.01798	0.56627	0.03820	0.01413	0.01605	0.01884	0.10875	0.01874	0.02019	0.02400	0.08868	0.00817	0.00686	0.00224	0.00784	0.00709	0.00386	0.00769
77	0.02764	0.01123	0.01504	0.01170	0.01650	0.00993	0.00960	0.05861	0.01970	0.62114	0.10218	0.02556	0.02153	0.00889	0.00687	0.00208	0.00550	0.00731	0.00814	0.01086
78	0.08198	0.01723	0.11792	0.14299	0.32791	0.03364	0.01761	0.02107	0.06332	0.04430	0.03433	0.01917	0.03570	0.00706	0.00649	0.00208	0.00773	0.00617	0.00388	0.00941

[dist]
# distance from previous block
# <min> <max>
0	12

[block]
# block no. 4 follows, 32 sequences, length 47
# corresponding to MSA columns:
# 341-387
name=unknown_E
#
# <colnr> <probs for GDERKNQSTAVLIFYWHMCP>
#	G	D	E	R	K	N	Q	S	T	A	V	L	I	F	Y	W	H	M	C	P
0	0.52973	0.01506	0.01355	0.01120	0.01578	0.01712	0.00923	0.26363	0.01864	0.03447	0.01177	0.01277	0.00875	0.00688	0.00507	0.00205	0.00598	0.00450	0.00507	0.00875
1	0.00888	0.00584	0.00798	0.00922	0.00953	0.00553	0.00615	0.00922	0.01201	0.01602	0.03183	0.60938	0.03772	0.02149	0.01216	0.16590	0.00429	0.01638	0.00555	0.00493
2	0.01763	0.01852	0.10161	0.07308	0.25597	0.03300	0.12677	0.17152	0.03576	0.02568	0.01480	0.05110	0.01212	0.00740	0.00725	0.00213	0.02473	0.00680	0.00423	0.00989
3	0.01322	0.01121	0.04733	0.01278	0.05947	0.00983	0.00968	0.03212	0.06078	0.07016	0.09884	0.16017	0.12205	0.01216	0.00799	0.00211	0.04865	0.04604	0.00554	0.16986
4	0.00888	0.00682	0.00816	0.00804	0.00982	0.00609	0.00606	0.01137	0.01707	0.02267	0.39810	0.09414	0.31521	0.01560	0.00802	0.00225	0.00344	0.04541	0.00682	0.00602
5	0.10447	0.01096	0.01373	0.01134	0.01546	0.01025	0.00906	0.07326	0.01799	0.46414	0.02615	0.17109	0.02095	0.01066	0.00685	0.00220	0.00540	0.00889	0.00735	0.00978
6	0.05483	0.06724	0.15244	0.05968	0.18591	0.06245	0.05099	0.08592	0.01658	0.02279	0.01701	0.02732	0.01547	0.00889	0.00689	0.00222	0.00821	0.14207	0.00415	0.00894
7	0.02206	0.01392	0.01676	0.01316	0.01764	0.01440	0.05013	0.30306	0.06717	0.18145	0.03401	0.02066	0.01520	0.00801	0.00636	0.00194	0.00610	0.00651	0.16848	0.03299
8	0.01169	0.00854	0.01024	0.01042	0.01194	0.00859	0.00748	0.14986	0.01681	0.02231	0.03472	0.56396	0.08093	0.01813	0.00815	0.00255	0.00457	0.01611	0.00633	0.00668
9	0.15091	0.03155	0.05750	0.01704	0.10043	0.05535	0.10045	0.06534	0.01689	0.10008	0.15768	0.02312	0.02140	0.00825	0.00687	0.00206	0.02594	0.00698	0.04357	0.00857
10	0.04524	0.06480	0.03368	0.01559	0.07012	0.09883	0.04355	0.04091	0.11839	0.05369	0.01852	0.07699	0.01665	0.00903	0.00719	0.00199	0.04208	0.06728	0.00476	0.17072
11	0.01583	0.04167	0.07908	0.03345	0.15270	0.02901	0.06148	0.06609	0.08300	0.03704	0.01630	0.08400	0.01470	0.00940	0.01024	0.00228	0.17515	0.02440	0.00424	0.05995
12	0.06626	0.30095	0.04034	0.02812	0.01614	0.06744	0.01062	0.01746	0.01356	0.03680	0.01778	0.20490	0.01873	0.01075	0.00753	0.00205	0.07804	0.02579	0.00413	0.03261
13	0.54517	0.01186	0.01020	0.00899	0.01290	0.01297	0.00730	0.05073	0.01381	0.08708	0.02304	0.02307	0.15317	0.00868	0.00526	0.00211	0.00497	0.00615	0.00505	0.00749
14	0.01546	0.01496	0.02459	0.07235	0.25111	0.05586	0.19914	0.01890	0.01444	0.03798	0.01477	0.02241	0.01321	0.16026	0.01247	0.00293	0.00867	0.00709	0.00364	0.04976
15	0.02106	0.08809	0.06619	0.01662	0.02008	0.36501	0.01386	0.10427	0.01758	0.01971	0.01090	0.01351	0.00918	0.00899	0.02596	0.00224	0.17988	0.00493	0.00364	0.00828
16	0.02591	0.01049	0.01423	0.01123	0.01568	0.00914	0.00914	0.02862	0.01916	0.58455	0.16732	0.02839	0.02611	0.00941	0.00698	0.00208	0.00519	0.00784	0.00812	0.01038
17	0.02604	0.01205	0.01752	0.01766	0.16014	0.01087	0.01182	0.02895	0.01839	0.53868	0.06801	0.02332	0.01838	0.00818	0.00680	0.00206	0.00601	0.00694	0.00723	0.01093
18	0.05397	0.01721	0.02019	0.01539	0.02078	0.01838	0.05594	0.51188	0.02759	0.16382	0.01757	0.01726	0.01212	0.00788	0.00670	0.00204	0.00725	0.00620	0.00669	0.01111
19	0.00837	0.00594	0.00782	0.00918	0.00956	0.00563	0.00607	0.00945	0.01249	0.01668	0.03493	0.67033	0.04169	0.09446	0.03043	0.00331	0.00452	0.01785	0.00595	0.00533
20	0.01813	0.01532	0.01614	0.06014	0.01925	0.06777	0.01084	0.22679	0.17913	0.02881	0.06815	0.06339	0.01843	0.00866	0.00653	0.00191	0.00636	0.00704	0.00572	0.17150
21	0.00863	0.00645	0.00802	0.00842	0.00969	0.00584	0.00601	0.01070	0.01579	0.02115	0.30854	0.32666	0.20500	0.01727	0.00817	0.00238	0.00350	0.01527	0.00668	0.00584
22	0.02720	0.01278	0.02046	0.01526	0.02078	0.01131	0.14985	0.03042	0.01852	0.58345	0.02385	0.02187	0.01530	0.00777	0.00699	0.00211	0.00685	0.00699	0.00731	0.01094
23	0.01279	0.02837	0.55772	0.01705	0.02484	0.01379	0.04477	0.01892	0.01333	0.01958	0.01395	0.02036	0.01179	0.16052	0.01208	0.00302	0.00927	0.00604	0.00310	0.00869
24	0.01532	0.01533	0.02944	0.02255	0.05308	0.03368	0.45365	0.04108	0.01587	0.02250	0.01650	0.05979	0.01349	0.00706	0.00716	0.00211	0.00901	0.00796	0.16601	0.00838
