[name]
unknown

[dist]
# distance from previous block
# <min> <max>
0	8

[block]
# block no. 0 follows, 26 sequences, length 14
# corresponding to MSA columns:
# 49-62
name=unknown_A
#
# <colnr> <probs for GDERKNQSTAVLIFYWHMCP>
#	G	D	E	R	K	N	Q	S	T	A	V	L	I	F	Y	W	H	M	C	P
0	0.01222	0.00873	0.01222	0.01397	0.01572	0.00873	0.01222	0.01572	0.01746	0.02270	0.04016	0.08556	0.04365	0.02095	0.01048	0.00349	0.00698	0.63506	0.00698	0.00698
1	0.01509	0.01426	0.02413	0.60021	0.16125	0.01705	0.02145	0.02005	0.01553	0.02031	0.01362	0.01997	0.01044	0.00744	0.00757	0.00248	0.00992	0.00674	0.00344	0.00904
2	0.01874	0.01688	0.01664	0.01506	0.01904	0.06515	0.01157	0.03699	0.56856	0.02953	0.03102	0.03012	0.04863	0.04635	0.00924	0.00277	0.00652	0.00874	0.00727	0.01119
3	0.01852	0.01776	0.03033	0.08472	0.64994	0.01796	0.02315	0.02306	0.01715	0.02447	0.01422	0.01886	0.01191	0.00681	0.00751	0.00227	0.00907	0.00676	0.00373	0.01181
4	0.20748	0.02314	0.01932	0.01657	0.02032	0.24273	0.01321	0.13197	0.01942	0.02746	0.01225	0.01485	0.01004	0.00892	0.01030	0.00236	0.16316	0.00539	0.00462	0.04650
5	0.01269	0.00765	0.00933	0.00948	0.01018	0.00735	0.00598	0.01338	0.01313	0.08109	0.03000	0.25666	0.03370	0.44511	0.02671	0.00556	0.00636	0.01395	0.00581	0.00588
6	0.00939	0.00704	0.00847	0.00945	0.01053	0.00639	0.00643	0.01085	0.01528	0.01969	0.07579	0.44325	0.23563	0.09021	0.01222	0.00331	0.00449	0.01860	0.00686	0.00612
7	0.00986	0.00737	0.00979	0.05879	0.01364	0.00712	0.00774	0.01168	0.01543	0.02049	0.11860	0.49216	0.10846	0.06804	0.01129	0.00319	0.00484	0.01838	0.00678	0.00636
8	0.01045	0.00766	0.00889	0.00935	0.01028	0.00739	0.00612	0.01254	0.04917	0.01888	0.06643	0.27764	0.16085	0.29612	0.02059	0.00458	0.00549	0.01543	0.00618	0.00595
9	0.01204	0.00881	0.01071	0.01128	0.01273	0.00869	0.00798	0.10427	0.01783	0.02357	0.04177	0.56324	0.10555	0.02121	0.00931	0.00291	0.00492	0.01891	0.00712	0.00715
10	0.01293	0.00977	0.01032	0.00965	0.01225	0.00970	0.00722	0.06007	0.11702	0.02547	0.10850	0.05208	0.31655	0.08988	0.01124	0.00291	0.00477	0.01223	0.11979	0.00766
11	0.13889	0.01086	0.01121	0.01023	0.01313	0.01146	0.00791	0.12771	0.01909	0.05452	0.05949	0.13886	0.02428	0.01139	0.00658	0.00221	0.00497	0.00928	0.32960	0.00831
12	0.00991	0.00756	0.00911	0.00906	0.01091	0.00676	0.00666	0.01260	0.01903	0.02542	0.38257	0.16004	0.27688	0.01797	0.00906	0.00255	0.00379	0.01564	0.00771	0.00676
13	0.01607	0.00897	0.01086	0.00976	0.01267	0.00787	0.00738	0.01835	0.01848	0.19655	0.17592	0.08678	0.29241	0.08954	0.01169	0.00299	0.00486	0.01313	0.00766	0.00805

[dist]
# distance from previous block
# <min> <max>
0	1

[block]
# block no. 1 follows, 26 sequences, length 9
# corresponding to MSA columns:
# 64-72
name=unknown_B
#
# <colnr> <probs for GDERKNQSTAVLIFYWHMCP>
#	G	D	E	R	K	N	Q	S	T	A	V	L	I	F	Y	W	H	M	C	P
0	0.01941	0.01428	0.01579	0.01370	0.01765	0.01544	0.01070	0.14765	0.29931	0.09019	0.12181	0.06260	0.08434	0.04080	0.00927	0.00268	0.00596	0.01011	0.00772	0.01059
1	0.02517	0.01915	0.02055	0.01645	0.02181	0.02133	0.01336	0.46139	0.19952	0.04260	0.06145	0.02314	0.01908	0.00980	0.00770	0.00236	0.00745	0.00770	0.00767	0.01232
2	0.01131	0.00858	0.00978	0.00981	0.01167	0.00811	0.00703	0.07280	0.01786	0.02304	0.10950	0.28616	0.28398	0.09030	0.01202	0.00317	0.00478	0.01632	0.00697	0.00683
3	0.01017	0.00726	0.00895	0.00935	0.01026	0.00682	0.00627	0.01185	0.01586	0.02146	0.23216	0.27612	0.10623	0.22213	0.01760	0.00404	0.00494	0.01573	0.00674	0.00604
4	0.01019	0.00700	0.00852	0.00935	0.00956	0.00679	0.00575	0.01081	0.01268	0.01691	0.03236	0.37031	0.03825	0.39819	0.02494	0.00534	0.00596	0.01601	0.00575	0.00534
5	0.00913	0.00769	0.00792	0.00786	0.01035	0.00647	0.00590	0.01121	0.01769	0.02143	0.13430	0.07145	0.62499	0.01886	0.00896	0.00254	0.00382	0.01579	0.00717	0.00647
6	0.05666	0.00901	0.01057	0.00982	0.01273	0.00807	0.00748	0.01758	0.01823	0.16578	0.15734	0.16365	0.30109	0.01659	0.00856	0.00256	0.00456	0.01410	0.00763	0.00797
7	0.01046	0.00715	0.00855	0.00906	0.00930	0.00697	0.00551	0.01109	0.01276	0.01712	0.07041	0.25935	0.03728	0.46994	0.02784	0.00573	0.00621	0.01444	0.00558	0.00524
8	0.47509	0.01749	0.01586	0.04780	0.01940	0.06083	0.01128	0.15920	0.01831	0.03399	0.01237	0.01442	0.00955	0.00808	0.00729	0.00240	0.06721	0.00508	0.00509	0.00927

[dist]
# distance from previous block
# <min> <max>
2	5

[block]
# block no. 2 follows, 26 sequences, length 18
# corresponding to MSA columns:
# 78-94,96
name=unknown_C
#
# <colnr> <probs for GDERKNQSTAVLIFYWHMCP>
#	G	D	E	R	K	N	Q	S	T	A	V	L	I	F	Y	W	H	M	C	P
0	0.02194	0.02423	0.02337	0.14400	0.02939	0.29786	0.09130	0.07473	0.01982	0.02299	0.01335	0.01645	0.01060	0.00724	0.00702	0.00198	0.01080	0.00577	0.00422	0.17294
1	0.01945	0.20493	0.18284	0.01677	0.02416	0.01975	0.06398	0.07554	0.09604	0.06614	0.01635	0.01755	0.01251	0.00733	0.00657	0.00199	0.00840	0.00584	0.00475	0.14909
2	0.02708	0.07934	0.02333	0.01723	0.02281	0.12990	0.01410	0.44974	0.09581	0.03926	0.01787	0.01804	0.01319	0.00882	0.00727	0.00220	0.00893	0.00648	0.00668	0.01192
3	0.00932	0.00739	0.00802	0.00841	0.01013	0.00648	0.00588	0.01083	0.01578	0.01941	0.06146	0.21640	0.44807	0.12189	0.01334	0.00336	0.00447	0.01654	0.00669	0.00609
4	0.02063	0.01820	0.03439	0.03310	0.25005	0.01782	0.30207	0.02553	0.01786	0.12844	0.01690	0.02047	0.01271	0.00745	0.00936	0.00248	0.05893	0.00786	0.00464	0.01111
5	0.02526	0.07103	0.02190	0.01785	0.02221	0.35728	0.01398	0.14196	0.17304	0.02665	0.01712	0.01787	0.01340	0.00876	0.00780	0.00219	0.03995	0.00610	0.00536	0.01029
6	0.00915	0.00749	0.00790	0.00818	0.01023	0.00643	0.00588	0.01084	0.01643	0.01992	0.06772	0.17413	0.53897	0.06883	0.01111	0.00297	0.00417	0.01654	0.00688	0.00624
7	0.01181	0.00978	0.01549	0.01312	0.01587	0.00906	0.10922	0.01572	0.02050	0.02854	0.51518	0.05315	0.09840	0.01452	0.00901	0.00247	0.00517	0.03791	0.00751	0.00758
8	0.02288	0.02112	0.01895	0.01629	0.02073	0.16781	0.01276	0.20939	0.28516	0.03324	0.09032	0.02522	0.02236	0.00996	0.00762	0.00234	0.00808	0.00781	0.00692	0.01106
9	0.01643	0.02155	0.18082	0.02159	0.02749	0.01737	0.20769	0.05229	0.12275	0.02504	0.02113	0.13098	0.01889	0.01081	0.01016	0.00268	0.08765	0.00974	0.00493	0.01001
10	0.02124	0.01576	0.01722	0.01513	0.01967	0.01766	0.01187	0.03978	0.57058	0.13496	0.03072	0.02791	0.02247	0.01015	0.00770	0.00254	0.00607	0.00843	0.00798	0.01215
11	0.01895	0.02052	0.02288	0.01984	0.02062	0.15982	0.01621	0.02067	0.01360	0.01832	0.01031	0.01601	0.00992	0.01218	0.02126	0.00304	0.57771	0.00629	0.00344	0.00840
12	0.01794	0.02160	0.11144	0.03646	0.28888	0.01856	0.34290	0.02387	0.01745	0.02445	0.01474	0.01931	0.01149	0.00662	0.00820	0.00242	0.01115	0.00773	0.00373	0.01103
13	0.01742	0.01921	0.03866	0.06379	0.03572	0.02000	0.47774	0.02265	0.01631	0.02265	0.01400	0.01955	0.01108	0.00805	0.01257	0.00273	0.17617	0.00830	0.00369	0.00969
14	0.00976	0.00717	0.00830	0.00896	0.00987	0.00663	0.00586	0.01081	0.01416	0.01814	0.04604	0.31196	0.22671	0.25858	0.01910	0.00435	0.00522	0.01644	0.00623	0.00571
15	0.02083	0.02079	0.02476	0.26894	0.22136	0.16370	0.01929	0.12318	0.02031	0.02519	0.01407	0.01811	0.01101	0.00764	0.00741	0.00229	0.01028	0.00637	0.00425	0.01022
16	0.02311	0.08167	0.09554	0.02845	0.25320	0.29626	0.01887	0.07201	0.02003	0.02333	0.01318	0.01589	0.01075	0.00738	0.00701	0.00210	0.01101	0.00568	0.00400	0.01052
17	0.01039	0.00718	0.00837	0.00884	0.00916	0.00696	0.00534	0.01089	0.01246	0.01641	0.03286	0.23378	0.08509	0.48678	0.02851	0.00583	0.00628	0.01425	0.00544	0.00516

[dist]
# distance from previous block
# <min> <max>
0	21

[block]
# block no. 3 follows, 26 sequences, length 7
# corresponding to MSA columns:
# 118-124
name=unknown_D
#
# <colnr> <probs for GDERKNQSTAVLIFYWHMCP>
#	G	D	E	R	K	N	Q	S	T	A	V	L	I	F	Y	W	H	M	C	P
0	0.01836	0.01919	0.03747	0.03958	0.37689	0.01858	0.32715	0.02377	0.01757	0.02455	0.01478	0.01958	0.01177	0.00658	0.00820	0.00240	0.01082	0.00781	0.00379	0.01116
1	0.01729	0.19831	0.46613	0.02113	0.07132	0.05605	0.02357	0.02400	0.01624	0.02237	0.01285	0.01519	0.00980	0.00704	0.00667	0.00219	0.01048	0.00529	0.00328	0.01080
2	0.02412	0.02848	0.02191	0.10906	0.02720	0.44395	0.04603	0.03061	0.15135	0.02159	0.01597	0.01779	0.01259	0.00822	0.00721	0.00218	0.01163	0.00606	0.00460	0.00946
3	0.01180	0.01059	0.01028	0.01124	0.01233	0.09616	0.00771	0.01317	0.01549	0.01906	0.04056	0.51658	0.11340	0.07052	0.01125	0.00317	0.00574	0.01807	0.00647	0.00642
4	0.01927	0.01869	0.06889	0.37088	0.11377	0.09239	0.07200	0.02400	0.01723	0.10729	0.01566	0.01980	0.01149	0.00763	0.00759	0.00240	0.01020	0.00676	0.00428	0.00978
5	0.01673	0.28914	0.12569	0.01587	0.02141	0.06430	0.08494	0.02055	0.01711	0.02189	0.13213	0.11387	0.02586	0.01046	0.00712	0.00218	0.00818	0.00881	0.00472	0.00903
6	0.06455	0.01581	0.05332	0.04978	0.02192	0.01473	0.06492	0.16895	0.04206	0.12953	0.18091	0.02858	0.02753	0.00985	0.00764	0.00224	0.00699	0.00837	0.00679	0.09552

[dist]
# distance from previous block
# <min> <max>
1	3

[block]
# block no. 4 follows, 26 sequences, length 16
# corresponding to MSA columns:
# 130-145
name=unknown_E
#
# <colnr> <probs for GDERKNQSTAVLIFYWHMCP>
#	G	D	E	R	K	N	Q	S	T	A	V	L	I	F	Y	W	H	M	C	P
0	0.01935	0.01827	0.03081	0.07465	0.46796	0.01836	0.10829	0.08961	0.01910	0.02684	0.01475	0.01889	0.01191	0.00695	0.00764	0.00226	0.00937	0.00697	0.00418	0.04386
1	0.01735	0.01912	0.07462	0.24914	0.14137	0.08939	0.01870	0.02403	0.10799	0.02269	0.04999	0.02149	0.01533	0.00901	0.00991	0.00252	0.10624	0.00707	0.00434	0.00969
2	0.01015	0.00744	0.00950	0.01038	0.01146	0.00673	0.00698	0.01155	0.01426	0.01943	0.03670	0.57438	0.04337	0.10109	0.01247	0.00334	0.00486	0.01851	0.00649	0.09090
3	0.01354	0.09005	0.22147	0.01375	0.01887	0.01259	0.01416	0.01824	0.01820	0.04659	0.28939	0.12385	0.06328	0.01305	0.00806	0.00241	0.00656	0.01115	0.00610	0.00868
4	0.01868	0.01383	0.01962	0.01614	0.02054	0.01386	0.12229	0.07272	0.17981	0.13178	0.08213	0.07964	0.12804	0.01265	0.00849	0.00259	0.00688	0.05315	0.00715	0.01001
5	0.01998	0.53068	0.17385	0.01516	0.02259	0.02688	0.01622	0.07866	0.01730	0.02174	0.01185	0.01349	0.00998	0.00687	0.00559	0.00184	0.00877	0.00462	0.00361	0.01032
6	0.02056	0.16152	0.17257	0.01524	0.02253	0.01837	0.01515	0.15178	0.02013	0.08403	0.01559	0.01743	0.01202	0.02806	0.00734	0.00202	0.00802	0.00558	0.00501	0.21706
7	0.01800	0.01724	0.02940	0.16220	0.57648	0.01782	0.02290	0.02260	0.01691	0.02385	0.01413	0.01902	0.01169	0.00690	0.00752	0.00230	0.00920	0.00676	0.00369	0.01139
8	0.01134	0.00887	0.01315	0.01286	0.01410	0.01068	0.01010	0.01396	0.01214	0.01766	0.01941	0.02865	0.01818	0.05308	0.64417	0.01142	0.08133	0.00800	0.00400	0.00691
9	0.01001	0.01011	0.08052	0.01188	0.01351	0.00748	0.00948	0.01221	0.01482	0.02001	0.03878	0.62337	0.04562	0.02190	0.00946	0.00303	0.00524	0.04922	0.00664	0.00673
10	0.02165	0.01535	0.01849	0.11968	0.09259	0.07346	0.01346	0.02889	0.16759	0.20214	0.04689	0.05946	0.02106	0.07297	0.01040	0.00285	0.00766	0.00854	0.00650	0.01036
11	0.01139	0.00962	0.01548	0.01431	0.01660	0.00883	0.11496	0.01390	0.01553	0.02090	0.03668	0.47767	0.06668	0.01914	0.00930	0.00286	0.00607	0.07010	0.00632	0.06366
12	0.00948	0.00688	0.00895	0.01017	0.01100	0.00635	0.00697	0.01123	0.01593	0.02136	0.15512	0.56420	0.10029	0.02200	0.00950	0.00292	0.00422	0.01980	0.00727	0.00635
13	0.78701	0.01467	0.01115	0.00997	0.01467	0.01702	0.00821	0.02230	0.01291	0.03403	0.01056	0.01232	0.00821	0.00704	0.00469	0.00235	0.00587	0.00411	0.00469	0.00821
14	0.01031	0.00705	0.00849	0.00920	0.00937	0.00687	0.00558	0.01084	0.01244	0.01659	0.03113	0.32364	0.03669	0.44698	0.02693	0.00563	0.00616	0.01528	0.00558	0.00523
15	0.16764	0.11654	0.06629	0.01482	0.02022	0.07101	0.01283	0.09571	0.27119	0.03016	0.01961	0.01957	0.01501	0.00844	0.00655	0.00225	0.00742	0.00628	0.00580	0.04267

[dist]
# distance from previous block
# <min> <max>
4	76

[block]
# block no. 5 follows, 26 sequences, length 15
# corresponding to MSA columns:
# 238-252
name=unknown_F
#
# <colnr> <probs for GDERKNQSTAVLIFYWHMCP>
#	G	D	E	R	K	N	Q	S	T	A	V	L	I	F	Y	W	H	M	C	P
0	0.02158	0.01874	0.01627	0.01455	0.01727	0.21858	0.01085	0.13317	0.04736	0.05518	0.01633	0.04730	0.01426	0.01614	0.01613	0.30806	0.00890	0.00684	0.00487	0.00759
1	0.16774	0.01491	0.04017	0.04135	0.12532	0.01500	0.01285	0.10493	0.01763	0.02789	0.04154	0.14853	0.02052	0.03656	0.00946	0.00256	0.05544	0.00901	0.00527	0.10333
2	0.02399	0.02472	0.02278	0.02513	0.19355	0.28785	0.01608	0.07374	0.17205	0.05819	0.01814	0.01928	0.01410	0.00828	0.00730	0.00222	0.00998	0.00649	0.00527	0.01085
3	0.01862	0.01560	0.02028	0.12167	0.15938	0.01667	0.01486	0.11059	0.20704	0.02937	0.02038	0.02218	0.01569	0.00826	0.00712	0.00219	0.00722	0.00702	0.08230	0.11357
4	0.02361	0.01859	0.02753	0.02090	0.02664	0.01956	0.20341	0.25075	0.10743	0.11831	0.03985	0.02217	0.01610	0.00898	0.00926	0.00248	0.05850	0.00797	0.00645	0.01151
5	0.02194	0.02579	0.01885	0.01947	0.08582	0.43002	0.01329	0.02423	0.01984	0.02072	0.09615	0.14531	0.02439	0.01143	0.00766	0.00223	0.01039	0.00905	0.00497	0.00846
6	0.01280	0.00987	0.01169	0.00977	0.01288	0.00839	0.00699	0.01505	0.01558	0.02270	0.18981	0.03810	0.03251	0.26153	0.01796	0.00362	0.00570	0.00915	0.00553	0.31037
7	0.01756	0.01393	0.01536	0.01340	0.01712	0.01515	0.01049	0.15566	0.28680	0.03378	0.24266	0.03855	0.08253	0.01236	0.00818	0.00245	0.00554	0.01040	0.00785	0.01023
8	0.00974	0.00759	0.00873	0.00868	0.01063	0.00670	0.00635	0.01212	0.01827	0.02377	0.29391	0.13118	0.36452	0.05122	0.01040	0.00277	0.00396	0.01549	0.00741	0.00657
9	0.01049	0.00763	0.00987	0.00954	0.01124	0.00702	0.00707	0.01376	0.02055	0.02878	0.58593	0.12444	0.10219	0.01653	0.00902	0.00246	0.00367	0.01462	0.00815	0.00702
10	0.02202	0.01786	0.01893	0.01607	0.02093	0.02034	0.01277	0.23679	0.47078	0.03682	0.02686	0.02510	0.01991	0.00992	0.00768	0.00248	0.00675	0.00802	0.00768	0.01229
11	0.01082	0.00831	0.01207	0.01230	0.01332	0.00956	0.00934	0.01310	0.01275	0.01811	0.02516	0.20936	0.02641	0.04535	0.47786	0.00923	0.06395	0.01150	0.00478	0.00672
12	0.01557	0.00949	0.01186	0.01076	0.01354	0.00894	0.00823	0.02051	0.08805	0.15109	0.37092	0.10522	0.12556	0.01494	0.00864	0.00248	0.00446	0.01296	0.00822	0.00856
13	0.01371	0.01272	0.02239	0.31670	0.06735	0.01383	0.12616	0.01790	0.01585	0.02087	0.02365	0.19605	0.02383	0.01273	0.00865	0.00276	0.00880	0.08310	0.00476	0.00821
14	0.09505	0.08621	0.18572	0.01562	0.02290	0.06298	0.03770	0.04641	0.04930	0.05017	0.01454	0.01625	0.01124	0.00690	0.00630	0.00187	0.00819	0.00527	0.00447	0.27291

[dist]
# distance from previous block
# <min> <max>
1	2

[block]
# block no. 6 follows, 26 sequences, length 16
# corresponding to MSA columns:
# 270-285
name=unknown_G
#
# <colnr> <probs for GDERKNQSTAVLIFYWHMCP>
#	G	D	E	R	K	N	Q	S	T	A	V	L	I	F	Y	W	H	M	C	P
0	0.01973	0.12870	0.11876	0.02423	0.03080	0.10786	0.29945	0.06099	0.01813	0.02332	0.01357	0.01730	0.01071	0.00757	0.00947	0.00239	0.08618	0.00694	0.00384	0.01005
1	0.06927	0.02241	0.26880	0.01630	0.02217	0.01519	0.01705	0.05012	0.01714	0.09673	0.07874	0.07170	0.09124	0.01147	0.01026	0.00258	0.11519	0.00874	0.00527	0.00965
2	0.02372	0.01643	0.02517	0.02020	0.06980	0.01531	0.16700	0.13651	0.02157	0.21931	0.02182	0.02248	0.03836	0.00806	0.00758	0.00215	0.00821	0.00744	0.00632	0.16256
3	0.02176	0.01868	0.02703	0.02097	0.02594	0.04444	0.19581	0.21499	0.08226	0.07272	0.01912	0.05250	0.01528	0.01189	0.04314	0.00302	0.10574	0.00827	0.00575	0.01070
4	0.05194	0.01159	0.01436	0.01194	0.01631	0.01077	0.00955	0.02850	0.09619	0.36246	0.15522	0.03880	0.13539	0.01210	0.00798	0.00241	0.00544	0.01006	0.00845	0.01054
5	0.00998	0.00795	0.00963	0.00958	0.01143	0.00760	0.00719	0.01235	0.01704	0.02231	0.21177	0.13729	0.33471	0.02428	0.11393	0.00405	0.03086	0.01459	0.00679	0.00668
6	0.34866	0.07751	0.01325	0.01073	0.01393	0.01339	0.00837	0.01856	0.01440	0.07140	0.02461	0.30491	0.02616	0.01396	0.00694	0.00258	0.00552	0.01145	0.00584	0.00784
7	0.01150	0.00893	0.01350	0.01257	0.01389	0.00883	0.08348	0.01319	0.01338	0.01799	0.02817	0.20777	0.03147	0.33803	0.10246	0.00599	0.00876	0.06876	0.00524	0.00609
8	0.01486	0.00932	0.01125	0.01036	0.01309	0.00858	0.00787	0.06389	0.02008	0.12842	0.23918	0.17269	0.23759	0.01666	0.00878	0.00255	0.00460	0.01434	0.00783	0.00806
9	0.01668	0.01925	0.06516	0.26569	0.03816	0.09879	0.24384	0.02160	0.01695	0.02130	0.01855	0.08585	0.03571	0.00902	0.00819	0.00251	0.01082	0.00889	0.00404	0.00899
10	0.02809	0.03236	0.02147	0.01901	0.02302	0.56324	0.01453	0.08779	0.02227	0.06109	0.01330	0.01497	0.01060	0.00832	0.00792	0.00208	0.05068	0.00532	0.00454	0.00939
11	0.01349	0.00836	0.01022	0.00959	0.01202	0.00740	0.00718	0.01602	0.01888	0.12489	0.28065	0.13634	0.26324	0.04495	0.01000	0.00272	0.00435	0.01438	0.00777	0.00756
12	0.05884	0.01518	0.02015	0.01544	0.02136	0.01454	0.05583	0.15084	0.05251	0.47387	0.02610	0.02366	0.01700	0.00909	0.00761	0.00236	0.00719	0.00748	0.00843	0.01251
13	0.01949	0.01743	0.02158	0.16782	0.08749	0.09873	0.01645	0.05206	0.05724	0.08356	0.01760	0.04876	0.01520	0.01090	0.01275	0.00271	0.21501	0.04099	0.00480	0.00943
14	0.01277	0.01043	0.01517	0.01989	0.20562	0.01015	0.01095	0.01510	0.01583	0.02174	0.15090	0.14636	0.08941	0.22261	0.01724	0.00391	0.00639	0.01230	0.00563	0.00761
15	0.01069	0.00794	0.01021	0.01091	0.01242	0.00714	0.00778	0.01249	0.01482	0.02025	0.03613	0.49945	0.04200	0.06854	0.01111	0.00312	0.00509	0.09057	0.00649	0.12285

[dist]
# distance from previous block
# <min> <max>
0	3

[block]
# block no. 7 follows, 26 sequences, length 25
# corresponding to MSA columns:
# 289-291,297-309,342-350
name=unknown_H
#
# <colnr> <probs for GDERKNQSTAVLIFYWHMCP>
#	G	D	E	R	K	N	Q	S	T	A	V	L	I	F	Y	W	H	M	C	P
0	0.02051	0.03136	0.24689	0.01998	0.02614	0.28954	0.05424	0.02647	0.06543	0.02156	0.01464	0.01751	0.01163	0.01245	0.07143	0.00318	0.04740	0.00600	0.00393	0.00971
1	0.05597	0.01794	0.01905	0.01616	0.02034	0.09368	0.04820	0.13967	0.24297	0.02930	0.02119	0.02351	0.01690	0.04123	0.10556	0.00389	0.03819	0.00739	0.00594	0.05294
2	0.00983	0.00772	0.00885	0.00932	0.01104	0.00705	0.00664	0.01262	0.04865	0.02160	0.13155	0.30065	0.33101	0.04520	0.01020	0.00289	0.00424	0.01717	0.00714	0.00662
3	0.01063	0.00718	0.00935	0.01028	0.01138	0.00659	0.00715	0.01247	0.01630	0.05249	0.15661	0.52432	0.10425	0.02128	0.00940	0.00288	0.00431	0.01909	0.00738	0.00667
4	0.00946	0.00760	0.00844	0.00844	0.01060	0.00658	0.00625	0.01176	0.01814	0.02301	0.23360	0.12871	0.46347	0.01865	0.00903	0.00256	0.00382	0.01591	0.00739	0.00658
5	0.01084	0.00813	0.01219	0.01219	0.01354	0.00948	0.00948	0.01354	0.01219	0.01761	0.02032	0.02980	0.01896	0.05689	0.70337	0.01219	0.02032	0.00813	0.00406	0.00677
6	0.09594	0.30538	0.02788	0.01572	0.02109	0.25714	0.01336	0.13736	0.02081	0.02486	0.01230	0.01376	0.01016	0.00745	0.00600	0.00192	0.00984	0.00483	0.00437	0.00983
7	0.00964	0.00691	0.00916	0.01029	0.01109	0.00643	0.00707	0.01157	0.01639	0.02233	0.21393	0.54788	0.05592	0.02154	0.00948	0.00289	0.00418	0.01945	0.00739	0.00643
8	0.78701	0.01467	0.01115	0.00997	0.01467	0.01702	0.00821	0.02230	0.01291	0.03403	0.01056	0.01232	0.00821	0.00704	0.00469	0.00235	0.00587	0.00411	0.00469	0.00821
9	0.00933	0.00672	0.00885	0.01039	0.01100	0.00624	0.00700	0.01083	0.01509	0.02016	0.08663	0.65945	0.07412	0.02304	0.00961	0.00301	0.00432	0.02083	0.00713	0.00624
10	0.16190	0.07490	0.02208	0.01872	0.08172	0.18106	0.01389	0.26071	0.02439	0.06989	0.01507	0.01614	0.01135	0.00805	0.00670	0.00217	0.00910	0.00573	0.00565	0.01080
11	0.01903	0.18507	0.32363	0.02002	0.02844	0.09075	0.09820	0.07231	0.01815	0.02399	0.01331	0.01564	0.01021	0.00709	0.00683	0.00214	0.01052	0.00565	0.00375	0.04529
12	0.01730	0.20178	0.17757	0.01508	0.02062	0.06722	0.01504	0.03999	0.01663	0.05861	0.07667	0.02290	0.01843	0.02134	0.19359	0.00479	0.01201	0.00673	0.00444	0.00925
13	0.13980	0.25225	0.05163	0.01605	0.02237	0.02251	0.07984	0.19475	0.02146	0.10940	0.01551	0.01642	0.01160	0.00763	0.00640	0.00212	0.00823	0.00579	0.00541	0.01083
14	0.01160	0.00798	0.00996	0.01075	0.01189	0.00766	0.00741	0.05681	0.01616	0.04472	0.04084	0.55170	0.09063	0.07937	0.01175	0.00331	0.00495	0.01879	0.00696	0.00676
15	0.01771	0.01753	0.03307	0.20137	0.09814	0.01857	0.31021	0.02361	0.04671	0.05284	0.01555	0.02042	0.01190	0.00781	0.01014	0.00260	0.08996	0.00786	0.00408	0.00993
16	0.02169	0.04509	0.01837	0.01511	0.01948	0.10238	0.01205	0.16650	0.25665	0.07813	0.08722	0.03139	0.06045	0.01101	0.00778	0.00241	0.00728	0.03905	0.00715	0.01078
17	0.00947	0.00711	0.00881	0.00981	0.01102	0.00644	0.00691	0.01131	0.01623	0.02118	0.13217	0.44976	0.21670	0.02143	0.00943	0.00287	0.00425	0.04153	0.00721	0.00638
18	0.04693	0.01734	0.02376	0.14360	0.05895	0.08582	0.14725	0.09378	0.09731	0.02567	0.02110	0.13568	0.01912	0.01231	0.03462	0.00289	0.00959	0.00961	0.00520	0.00949
19	0.14269	0.02023	0.01734	0.01477	0.01948	0.21493	0.01163	0.06054	0.07101	0.26944	0.02321	0.04491	0.03838	0.00944	0.00707	0.00228	0.00837	0.00708	0.00671	0.01048
20	0.01673	0.01064	0.01408	0.01277	0.01527	0.01161	0.00997	0.05545	0.06582	0.13856	0.02513	0.03151	0.04998	0.10029	0.36329	0.00785	0.04841	0.00856	0.00562	0.00845
21	0.01414	0.00707	0.00707	0.00707	0.00884	0.00707	0.00530	0.01767	0.01591	0.02828	0.02474	0.02828	0.01944	0.00884	0.00530	0.00177	0.00353	0.00707	0.77554	0.00707
22	0.02738	0.03637	0.07037	0.01969	0.02413	0.65318	0.01563	0.02983	0.02110	0.01896	0.01186	0.01385	0.00976	0.00777	0.00687	0.00199	0.01350	0.00494	0.00386	0.00897
23	0.02745	0.02410	0.02187	0.01766	0.02284	0.18578	0.01421	0.45907	0.03061	0.03857	0.01868	0.01925	0.03884	0.00936	0.00812	0.00225	0.03661	0.00672	0.00652	0.01148
24	0.02515	0.01942	0.02069	0.01671	0.02212	0.02180	0.01353	0.43165	0.27083	0.04187	0.02289	0.02194	0.01669	0.00954	0.00764	0.00239	0.00748	0.00747	0.00764	0.01257

[dist]
# distance from previous block
# <min> <max>
0	3

[block]
# block no. 8 follows, 26 sequences, length 8
# corresponding to MSA columns:
# 354-361
name=unknown_I
#
# <colnr> <probs for GDERKNQSTAVLIFYWHMCP>
#	G	D	E	R	K	N	Q	S	T	A	V	L	I	F	Y	W	H	M	C	P
0	0.01623	0.01550	0.02590	0.39899	0.29466	0.01783	0.02155	0.02079	0.01569	0.02137	0.01349	0.01936	0.01083	0.00774	0.00899	0.00249	0.06852	0.00674	0.00351	0.00980
1	0.01414	0.00707	0.00707	0.00707	0.00884	0.00707	0.00530	0.01767	0.01591	0.02828	0.02474	0.02828	0.01944	0.00884	0.00530	0.00177	0.00353	0.00707	0.77554	0.00707
2	0.02240	0.01956	0.02196	0.01824	0.02277	0.16211	0.11953	0.10711	0.12304	0.12169	0.02455	0.12933	0.02144	0.01135	0.00813	0.00249	0.00894	0.03887	0.00635	0.01016
3	0.01207	0.00812	0.01012	0.00940	0.01168	0.00728	0.00713	0.01521	0.02051	0.07760	0.49158	0.05817	0.21075	0.01592	0.00885	0.00242	0.00386	0.01380	0.00812	0.00741
4	0.01023	0.00824	0.00925	0.00954	0.01168	0.00759	0.00716	0.01385	0.06769	0.02236	0.12659	0.19220	0.39660	0.01914	0.00913	0.00272	0.00435	0.06755	0.00723	0.00692
5	0.02017	0.07955	0.02404	0.04597	0.12169	0.05812	0.04362	0.11685	0.21221	0.02824	0.01877	0.02027	0.01473	0.00872	0.00894	0.00230	0.07909	0.00684	0.00544	0.08445
6	0.01180	0.00895	0.01162	0.01112	0.01151	0.01033	0.00777	0.01282	0.01145	0.01606	0.02080	0.03907	0.02250	0.43357	0.22570	0.00813	0.11722	0.00955	0.00425	0.00577
7	0.05644	0.51111	0.09341	0.01417	0.02069	0.02644	0.01412	0.10701	0.01788	0.02312	0.01231	0.01417	0.01052	0.00937	0.03926	0.00232	0.00891	0.00476	0.00392	0.01007

[dist]
# distance from previous block
# <min> <max>
0	2

[block]
# block no. 9 follows, 26 sequences, length 50
# corresponding to MSA columns:
# 364-413
name=unknown_J
#
# <colnr> <probs for GDERKNQSTAVLIFYWHMCP>
#	G	D	E	R	K	N	Q	S	T	A	V	L	I	F	Y	W	H	M	C	P
0	0.01030	0.00750	0.00963	0.01100	0.01186	0.00723	0.00762	0.03341	0.03446	0.02085	0.04163	0.63726	0.06593	0.02263	0.00957	0.00304	0.00468	0.04772	0.00708	0.00660
1	0.02660	0.06160	0.08018	0.01728	0.02337	0.10240	0.01502	0.38269	0.09340	0.09366	0.01889	0.01881	0.01360	0.00879	0.00734	0.00225	0.00882	0.00659	0.00671	0.01201
2	0.01697	0.02079	0.18585	0.04602	0.02207	0.08013	0.01470	0.06608	0.01828	0.06025	0.08738	0.13282	0.02402	0.04118	0.00883	0.00243	0.00793	0.00911	0.00534	0.14982
3	0.01081	0.00734	0.00868	0.00888	0.00905	0.00741	0.00531	0.01120	0.01152	0.01548	0.02556	0.12302	0.02930	0.59399	0.09521	0.00732	0.00819	0.01194	0.00482	0.00497
4	0.01573	0.01348	0.01573	0.01123	0.01798	0.01011	0.00899	0.01910	0.01573	0.02472	0.01348	0.01573	0.01123	0.00562	0.00562	0.00112	0.00562	0.00449	0.00449	0.77980
5	0.02867	0.01997	0.02138	0.01671	0.02251	0.04345	0.01369	0.48390	0.09411	0.14507	0.02103	0.02021	0.01469	0.00922	0.00758	0.00231	0.00800	0.00706	0.00776	0.01268
6	0.01482	0.01388	0.01938	0.01710	0.01738	0.01873	0.01387	0.01653	0.01167	0.01775	0.01356	0.02278	0.01366	0.09753	0.16672	0.00558	0.50046	0.00740	0.00361	0.00760
7	0.01222	0.00812	0.01041	0.00963	0.01179	0.00736	0.00729	0.01557	0.02104	0.07675	0.57060	0.05619	0.13319	0.01546	0.00885	0.00240	0.00381	0.01353	0.00828	0.00749
8	0.02041	0.06146	0.25012	0.01855	0.02551	0.06490	0.06714	0.10809	0.06331	0.10797	0.02043	0.02704	0.01656	0.03759	0.00890	0.00264	0.00945	0.07387	0.00538	0.01066
9	0.01976	0.57900	0.15601	0.01484	0.02205	0.06031	0.01575	0.02331	0.01581	0.01899	0.01115	0.01293	0.00971	0.00668	0.00538	0.00178	0.00894	0.00437	0.00327	0.00995
10	0.01716	0.23821	0.33850	0.05150	0.03042	0.02168	0.12833	0.02325	0.01595	0.02183	0.01286	0.01584	0.01000	0.00711	0.00752	0.00224	0.03807	0.00580	0.00333	0.01038
11	0.02029	0.04937	0.02339	0.29785	0.10495	0.09761	0.01756	0.17767	0.05823	0.02781	0.04148	0.02036	0.01407	0.00831	0.00744	0.00233	0.00940	0.00681	0.00493	0.01014
12	0.01244	0.00943	0.01137	0.01192	0.01382	0.00949	0.00907	0.06802	0.08602	0.02386	0.04367	0.36173	0.13842	0.01987	0.00937	0.00297	0.00536	0.14848	0.00714	0.00753
13	0.01616	0.01581	0.02231	0.09006	0.02286	0.02165	0.01646	0.01915	0.04294	0.01897	0.01185	0.01822	0.01107	0.01488	0.05853	0.00368	0.57663	0.00682	0.00357	0.00840
14	0.02658	0.01117	0.01512	0.01237	0.01681	0.00979	0.00989	0.02948	0.02089	0.48341	0.16547	0.10732	0.03300	0.01219	0.00812	0.00243	0.00564	0.01037	0.00892	0.01100
15	0.01092	0.00778	0.01045	0.01045	0.01121	0.00854	0.00732	0.01243	0.01168	0.01632	0.02190	0.03859	0.02278	0.35664	0.40884	0.01005	0.01457	0.00941	0.00430	0.00581
16	0.01432	0.01348	0.02275	0.71520	0.05224	0.01685	0.02107	0.01938	0.01517	0.01938	0.01348	0.02022	0.01011	0.00758	0.00758	0.00253	0.01011	0.00674	0.00337	0.00843
17	0.01573	0.01348	0.01573	0.01123	0.01798	0.01011	0.00899	0.01910	0.01573	0.02472	0.01348	0.01573	0.01123	0.00562	0.00562	0.00112	0.00562	0.00449	0.00449	0.77980
18	0.00924	0.00701	0.00852	0.00959	0.01078	0.00629	0.00664	0.01087	0.01579	0.02034	0.08871	0.48320	0.25191	0.02186	0.00941	0.00288	0.00418	0.01936	0.00712	0.00629
19	0.00990	0.00760	0.00905	0.00894	0.01088	0.00676	0.00661	0.01260	0.01912	0.02543	0.38155	0.13478	0.30373	0.01781	0.00903	0.00253	0.00377	0.01543	0.00771	0.00676
20	0.00896	0.00768	0.00768	0.00768	0.01025	0.00640	0.00576	0.01089	0.01729	0.02049	0.07684	0.07300	0.68304	0.01921	0.00896	0.00256	0.00384	0.01601	0.00704	0.00640
21	0.01803	0.01927	0.03800	0.03520	0.23987	0.01927	0.38857	0.02331	0.01701	0.02378	0.01441	0.01950	0.01150	0.00727	0.01026	0.00255	0.08987	0.00801	0.00375	0.01057
22	0.01936	0.44039	0.03398	0.01621	0.02172	0.02588	0.08219	0.02606	0.15057	0.02144	0.01518	0.01682	0.01271	0.00794	0.00790	0.00209	0.07945	0.00577	0.00424	0.01011
23	0.06740	0.01299	0.01732	0.01334	0.01915	0.01141	0.01102	0.03632	0.02132	0.66224	0.02907	0.02522	0.01831	0.00928	0.00750	0.00235	0.00643	0.00747	0.00918	0.01270
24	0.00924	0.00660	0.00880	0.01056	0.01100	0.00616	0.00704	0.01056	0.01452	0.01936	0.04181	0.72848	0.05017	0.02376	0.00968	0.00308	0.00440	0.02156	0.00704	0.00616
25	0.02442	0.02094	0.02239	0.05228	0.02480	0.21223	0.10426	0.09149	0.04680	0.17001	0.02243	0.03064	0.01849	0.01037	0.00806	0.00247	0.00986	0.11188	0.00610	0.01011
26	0.01608	0.01476	0.02249	0.48090	0.09786	0.01783	0.01925	0.04472	0.12919	0.02286	0.01653	0.02125	0.01261	0.00831	0.00844	0.00254	0.04353	0.00706	0.00429	0.00949
27	0.02023	0.01209	0.01486	0.01306	0.01656	0.01232	0.01017	0.11744	0.11638	0.19849	0.12058	0.17446	0.03239	0.01837	0.08266	0.00358	0.00732	0.01142	0.00768	0.00993
28	0.46043	0.01510	0.01772	0.17104	0.16126	0.01719	0.01412	0.02186	0.01430	0.02893	0.01196	0.01537	0.00941	0.00710	0.00590	0.00237	0.00744	0.00523	0.00421	0.00904
29	0.13235	0.01820	0.01786	0.01491	0.01977	0.09726	0.01192	0.19622	0.13591	0.18610	0.02240	0.05223	0.01687	0.01119	0.03056	0.00268	0.00801	0.00741	0.00705	0.01111
30	0.00970	0.00771	0.00871	0.00846	0.01070	0.00672	0.00634	0.01231	0.01903	0.02462	0.32865	0.06620	0.42865	0.01767	0.00896	0.00249	0.00373	0.01506	0.00759	0.00672
31	0.00928	0.00681	0.00860	0.01000	0.01075	0.00626	0.00673	0.01063	0.01479	0.01932	0.04644	0.59399	0.14802	0.05654	0.01093	0.00320	0.00445	0.02020	0.00693	0.00612
32	0.01099	0.00753	0.00916	0.00916	0.00947	0.00784	0.00570	0.01160	0.01129	0.01536	0.02309	0.04514	0.02562	0.58007	0.18930	0.00845	0.01029	0.01037	0.00448	0.00509
33	0.01542	0.01031	0.01255	0.01234	0.01487	0.01044	0.00963	0.05479	0.13028	0.09353	0.09836	0.23466	0.07499	0.01691	0.00888	0.00281	0.00548	0.14173	0.04351	0.00852
34	0.01771	0.18118	0.48759	0.01939	0.02908	0.02080	0.02347	0.09186	0.01799	0.02529	0.01347	0.01546	0.00999	0.00726	0.00677	0.00223	0.01027	0.00542	0.00368	0.01109
35	0.02396	0.02355	0.01794	0.01535	0.01959	0.30641	0.01190	0.18261	0.02316	0.02864	0.01648	0.01834	0.01290	0.00815	0.00655	0.00191	0.00924	0.00583	0.18086	0.08665
36	0.06220	0.08474	0.02295	0.01774	0.02184	0.26302	0.04652	0.16600	0.02127	0.02594	0.01414	0.01725	0.01170	0.01488	0.10003	0.00353	0.08602	0.00602	0.00467	0.00952
37	0.01168	0.00953	0.01456	0.07587	0.01834	0.00946	0.06720	0.01525	0.01818	0.02467	0.29119	0.08992	0.11525	0.01983	0.07790	0.00363	0.00728	0.11628	0.00664	0.00734
38	0.01432	0.01348	0.02275	0.71520	0.05224	0.01685	0.02107	0.01938	0.01517	0.01938	0.01348	0.02022	0.01011	0.00758	0.00758	0.00253	0.01011	0.00674	0.00337	0.00843
39	0.01010	0.00697	0.00870	0.00953	0.01014	0.00657	0.00624	0.01081	0.01386	0.01824	0.06738	0.37974	0.12185	0.19609	0.01861	0.08179	0.00523	0.01645	0.00613	0.00557
40	0.02022	0.01899	0.02040	0.34541	0.03530	0.18635	0.01647	0.05643	0.04417	0.08846	0.01964	0.05581	0.04176	0.00928	0.00757	0.00238	0.00984	0.00755	0.00482	0.00914
41	0.31747	0.02011	0.01926	0.05541	0.13890	0.13648	0.01388	0.13497	0.04693	0.03127	0.01374	0.01579	0.01069	0.00765	0.00634	0.00227	0.00842	0.00550	0.00495	0.00997
42	0.16563	0.01926	0.01883	0.01552	0.01999	0.08514	0.01256	0.31373	0.06662	0.03682	0.08721	0.02129	0.01838	0.00975	0.00875	0.00239	0.07424	0.00697	0.00639	0.01054
43	0.07253	0.14011	0.02131	0.01495	0.04069	0.04465	0.01197	0.16569	0.02118	0.11762	0.08129	0.05990	0.05145	0.01186	0.02974	0.00256	0.05834	0.00794	0.00610	0.04012
44	0.05902	0.01546	0.01927	0.06289	0.16125	0.04627	0.01410	0.08286	0.11150	0.05618	0.06654	0.05971	0.11714	0.01143	0.00953	0.00251	0.07949	0.00922	0.00581	0.00984
45	0.02170	0.15128	0.11576	0.01725	0.02325	0.01982	0.07441	0.16299	0.08578	0.11524	0.04891	0.05688	0.01788	0.00952	0.00823	0.00234	0.04429	0.00768	0.00589	0.01093
46	0.01433	0.05009	0.04881	0.01913	0.15272	0.04509	0.01227	0.04388	0.01679	0.02255	0.07844	0.31559	0.03320	0.06733	0.01052	0.00289	0.00668	0.01334	0.00568	0.04068
47	0.09752	0.01385	0.01855	0.10189	0.05407	0.05188	0.07599	0.02244	0.07598	0.09905	0.05623	0.08315	0.04015	0.02004	0.15092	0.00448	0.01042	0.00896	0.00548	0.00896
48	0.05655	0.17408	0.07703	0.01486	0.06851	0.01512	0.01190	0.04638	0.01686	0.05392	0.05866	0.20629	0.11856	0.01510	0.03092	0.00273	0.00693	0.01136	0.00558	0.00866
49	0.01476	0.01057	0.01348	0.01265	0.01513	0.01055	0.03619	0.11273	0.05033	0.05845	0.09722	0.31214	0.09595	0.03612	0.00970	0.00288	0.00567	0.06763	0.02973	0.00812

[dist]
# distance from previous block
# <min> <max>
9	23

[block]
# block no. 10 follows, 26 sequences, length 44
# corresponding to MSA columns:
# 439-460,462-483
name=unknown_K
#
# <colnr> <probs for GDERKNQSTAVLIFYWHMCP>
#	G	D	E	R	K	N	Q	S	T	A	V	L	I	F	Y	W	H	M	C	P
0	0.01853	0.01588	0.01906	0.09338	0.09318	0.01802	0.01400	0.08934	0.42656	0.03017	0.02696	0.07841	0.02171	0.01054	0.00782	0.00255	0.00685	0.00901	0.00677	0.01126
1	0.01722	0.01562	0.02566	0.26600	0.25997	0.01635	0.06265	0.02167	0.01628	0.04962	0.01439	0.01908	0.01139	0.00722	0.00808	0.00223	0.03980	0.00656	0.00396	0.13625
2	0.01763	0.01672	0.02024	0.01712	0.02023	0.09075	0.08571	0.02433	0.15892	0.05766	0.03039	0.03177	0.15047	0.01414	0.04267	0.00310	0.19432	0.00915	0.00551	0.00917
3	0.02885	0.01307	0.01707	0.01286	0.01897	0.01085	0.01054	0.03191	0.02002	0.50256	0.02527	0.02296	0.01664	0.00832	0.00706	0.00200	0.00622	0.00674	0.00800	0.23011
4	0.01106	0.00864	0.01014	0.00960	0.01189	0.00817	0.00725	0.01604	0.08942	0.02754	0.42891	0.05861	0.25225	0.01608	0.00882	0.00246	0.00392	0.01387	0.00789	0.00744
5	0.02558	0.01963	0.02093	0.01679	0.02228	0.02200	0.01363	0.45833	0.24346	0.04256	0.02234	0.02150	0.01625	0.00949	0.00763	0.00237	0.00758	0.00740	0.00763	0.01261
6	0.02835	0.02056	0.02216	0.01715	0.02308	0.02269	0.01411	0.59165	0.07977	0.07312	0.01958	0.01923	0.01386	0.00920	0.00760	0.00230	0.00810	0.00698	0.00767	0.01284
7	0.01294	0.01113	0.01461	0.23002	0.02514	0.04699	0.01219	0.04904	0.01660	0.02146	0.06631	0.39561	0.03485	0.01666	0.00873	0.00277	0.00682	0.01486	0.00584	0.00742
8	0.01887	0.01629	0.01715	0.01544	0.01972	0.01887	0.01201	0.04031	0.67241	0.03173	0.03087	0.02830	0.02315	0.01029	0.00772	0.00257	0.00600	0.00858	0.00772	0.01201
9	0.01659	0.01659	0.02323	0.01991	0.01991	0.02323	0.01659	0.01825	0.01162	0.01825	0.00996	0.01659	0.00996	0.01328	0.02489	0.00332	0.71955	0.00664	0.00332	0.00830
10	0.01623	0.01423	0.01821	0.01705	0.12799	0.01141	0.01134	0.01979	0.01598	0.02473	0.01361	0.01623	0.01136	0.00581	0.00593	0.00131	0.00618	0.00487	0.00437	0.65338
11	0.01843	0.01820	0.02849	0.18691	0.50972	0.06091	0.02227	0.02289	0.01709	0.02324	0.01394	0.01876	0.01147	0.00700	0.00748	0.00229	0.00954	0.00664	0.00368	0.01105
12	0.01222	0.00873	0.01222	0.01397	0.01572	0.00873	0.01222	0.01572	0.01746	0.02270	0.04016	0.08556	0.04365	0.02095	0.01048	0.00349	0.00698	0.63506	0.00698	0.00698
13	0.01099	0.00751	0.00905	0.00905	0.00932	0.00778	0.00557	0.01153	0.01126	0.01528	0.02319	0.04570	0.02587	0.59920	0.17050	0.00831	0.00993	0.01045	0.00449	0.00503
14	0.06620	0.32888	0.27962	0.01745	0.02493	0.02346	0.04264	0.02275	0.01516	0.02144	0.01180	0.01439	0.00968	0.00751	0.00802	0.00217	0.08539	0.00509	0.00335	0.01005
15	0.01086	0.00805	0.01178	0.01178	0.01299	0.00926	0.00897	0.01328	0.01207	0.01730	0.02069	0.03189	0.01987	0.12826	0.63325	0.01168	0.01895	0.00843	0.00412	0.00654
16	0.01093	0.00731	0.00830	0.00840	0.00842	0.00729	0.00473	0.01100	0.01122	0.01496	0.02487	0.08662	0.02881	0.69477	0.03703	0.00712	0.00719	0.01160	0.00473	0.00468
17	0.01603	0.06837	0.11969	0.04297	0.02520	0.02020	0.12892	0.01964	0.01400	0.02023	0.01492	0.09210	0.01441	0.01170	0.01614	0.00289	0.35159	0.00830	0.00378	0.00891
18	0.02297	0.01540	0.01731	0.01454	0.01923	0.01651	0.01159	0.15911	0.31730	0.17772	0.08753	0.03030	0.05465	0.01073	0.00784	0.00245	0.00625	0.00882	0.00808	0.01170
19	0.02265	0.43551	0.05339	0.01596	0.04789	0.05547	0.01408	0.15147	0.06145	0.05602	0.01453	0.01546	0.01171	0.00747	0.00598	0.00191	0.00832	0.00525	0.00472	0.01075
20	0.02806	0.01264	0.01622	0.01292	0.01799	0.01157	0.01050	0.07169	0.06312	0.48028	0.09783	0.03304	0.08735	0.01097	0.00789	0.00238	0.00601	0.00904	0.00884	0.01166
21	0.01795	0.41655	0.34078	0.01695	0.02561	0.02431	0.01990	0.02331	0.01569	0.02069	0.01196	0.01394	0.00968	0.00682	0.00594	0.00198	0.00954	0.00477	0.00323	0.01041
22	0.02604	0.20150	0.05372	0.01718	0.02289	0.23673	0.01469	0.28272	0.02551	0.03041	0.01413	0.01523	0.01102	0.00799	0.00668	0.00202	0.01007	0.00550	0.00520	0.01078
23	0.01103	0.00735	0.00827	0.00827	0.00827	0.00735	0.00460	0.01103	0.01103	0.01471	0.02390	0.04964	0.02758	0.73343	0.03861	0.00735	0.00735	0.01103	0.00460	0.00460
24	0.01151	0.00978	0.01108	0.01141	0.01251	0.06253	0.03098	0.01290	0.01458	0.01850	0.03657	0.41415	0.09217	0.17431	0.04731	0.00426	0.00676	0.01645	0.00602	0.00623
25	0.01103	0.00735	0.00827	0.00827	0.00827	0.00735	0.00460	0.01103	0.01103	0.01471	0.02390	0.04964	0.02758	0.73343	0.03861	0.00735	0.00735	0.01103	0.00460	0.00460
26	0.01019	0.00778	0.01143	0.01164	0.01289	0.00725	0.04810	0.01244	0.01660	0.02265	0.21229	0.50327	0.05349	0.02045	0.00944	0.00286	0.00471	0.01866	0.00719	0.00668
27	0.01650	0.01609	0.04585	0.23380	0.03338	0.01494	0.13222	0.06071	0.01722	0.02442	0.01412	0.01815	0.01099	0.00664	0.00701	0.00193	0.00867	0.00619	0.00418	0.32700
28	0.01223	0.00955	0.01498	0.01519	0.01730	0.00932	0.07938	0.01560	0.01692	0.02221	0.03787	0.20625	0.04155	0.01998	0.01016	0.00331	0.00708	0.44729	0.00666	0.00716
29	0.01190	0.00833	0.01034	0.01001	0.01213	0.00774	0.00759	0.01569	0.04950	0.06155	0.39329	0.13047	0.18404	0.01687	0.00899	0.00256	0.00417	0.04951	0.00790	0.00741
30	0.02038	0.24477	0.10055	0.15921	0.12426	0.04804	0.01802	0.15211	0.02003	0.02591	0.01359	0.01641	0.01077	0.00740	0.00666	0.00212	0.00922	0.00574	0.00424	0.01057
31	0.06491	0.01015	0.01326	0.01199	0.01533	0.00926	0.00925	0.02398	0.01828	0.33505	0.06802	0.29793	0.03398	0.01555	0.00843	0.00268	0.00551	0.03886	0.00807	0.00952
32	0.02282	0.37220	0.09932	0.01575	0.02233	0.06866	0.01502	0.21895	0.05054	0.02827	0.01416	0.01520	0.01127	0.00761	0.00618	0.00196	0.00876	0.00531	0.00480	0.01089
33	0.01833	0.01326	0.01885	0.08639	0.09751	0.01448	0.03228	0.04317	0.06467	0.13831	0.11650	0.03240	0.06150	0.09341	0.01436	0.00313	0.12711	0.00908	0.00596	0.00932
34	0.01088	0.00736	0.00960	0.01007	0.01128	0.00681	0.00707	0.01307	0.01736	0.04964	0.28756	0.38570	0.07393	0.05993	0.01093	0.00301	0.00432	0.01725	0.00750	0.00673
35	0.01021	0.00718	0.00878	0.00930	0.00995	0.00683	0.00603	0.01148	0.01464	0.01971	0.15870	0.29493	0.08380	0.29999	0.02083	0.00459	0.00537	0.01561	0.00633	0.00575
36	0.01019	0.00750	0.00834	0.00833	0.00950	0.00694	0.00546	0.01142	0.01484	0.01912	0.13482	0.08497	0.26775	0.35241	0.02283	0.00479	0.00547	0.01358	0.00608	0.00565
37	0.01856	0.01287	0.03749	0.12478	0.02219	0.01328	0.01255	0.08202	0.01832	0.16097	0.11084	0.05798	0.04971	0.05757	0.08612	0.02699	0.08355	0.00913	0.00609	0.00897
38	0.13025	0.17491	0.05894	0.01659	0.02171	0.37304	0.01393	0.05076	0.01932	0.05855	0.01265	0.01413	0.01015	0.00754	0.00623	0.00200	0.01075	0.00487	0.00428	0.00941
39	0.06042	0.01689	0.01716	0.05295	0.02072	0.06399	0.01204	0.14350	0.34257	0.03174	0.06330	0.05800	0.04068	0.03153	0.00854	0.00261	0.00693	0.00880	0.00694	0.01066
40	0.01904	0.04486	0.08480	0.06017	0.21049	0.01493	0.01596	0.06802	0.01797	0.09760	0.01765	0.05679	0.01484	0.03774	0.00831	0.00223	0.00773	0.00701	0.00495	0.20891
41	0.09347	0.14629	0.09614	0.01336	0.01793	0.01723	0.01191	0.10622	0.09189	0.06034	0.01996	0.05431	0.01810	0.17752	0.04120	0.00381	0.00810	0.00778	0.00528	0.00915
42	0.01090	0.00915	0.00975	0.00965	0.01160	0.04600	0.00710	0.01348	0.01898	0.02470	0.34190	0.16579	0.26800	0.01761	0.00895	0.00253	0.00437	0.01522	0.00746	0.00684
43	0.01971	0.09464	0.04921	0.15554	0.02701	0.09750	0.01584	0.02511	0.09756	0.08466	0.01575	0.01878	0.01248	0.00943	0.01181	0.00249	0.20151	0.00637	0.00457	0.05003

[dist]
# distance from previous block
# <min> <max>
0	1

[block]
# block no. 11 follows, 26 sequences, length 23
# corresponding to MSA columns:
# 485-507
name=unknown_L
#
# <colnr> <probs for GDERKNQSTAVLIFYWHMCP>
#	G	D	E	R	K	N	Q	S	T	A	V	L	I	F	Y	W	H	M	C	P
0	0.07725	0.13845	0.05179	0.05247	0.33477	0.14130	0.05334	0.02432	0.01732	0.02302	0.01295	0.01636	0.01080	0.00694	0.00682	0.00213	0.00977	0.00587	0.00374	0.01056
1	0.00977	0.00763	0.00886	0.00873	0.01079	0.00672	0.00648	0.01239	0.01895	0.02483	0.34421	0.11421	0.36348	0.01790	0.00901	0.00252	0.00377	0.01540	0.00763	0.00672
2	0.01144	0.00826	0.01126	0.01288	0.01445	0.00809	0.01080	0.01441	0.01691	0.02192	0.04318	0.20237	0.09216	0.02134	0.01022	0.00335	0.00628	0.47691	0.00700	0.00679
3	0.00982	0.00739	0.01040	0.09133	0.01573	0.00739	0.00865	0.01157	0.01460	0.01936	0.03856	0.64730	0.04558	0.02191	0.00944	0.00302	0.00506	0.01986	0.00662	0.00642
