[name]
unknown

[dist]
# distance from previous block
# <min> <max>
2	612

[block]
# block no. 0 follows, 31 sequences, length 86
# corresponding to MSA columns:
# 694-779
name=unknown_A
#
# <colnr> <probs for GDERKNQSTAVLIFYWHMCP>
#	G	D	E	R	K	N	Q	S	T	A	V	L	I	F	Y	W	H	M	C	P
0	0.04568	0.01736	0.02113	0.02357	0.23751	0.12738	0.05515	0.10581	0.05428	0.05520	0.07640	0.04741	0.01785	0.00855	0.00749	0.00211	0.03572	0.02558	0.00483	0.03097
1	0.02085	0.04380	0.06566	0.01456	0.01937	0.05330	0.01234	0.34773	0.20548	0.03294	0.02059	0.02144	0.03499	0.04770	0.00818	0.00233	0.00711	0.00677	0.02448	0.01036
2	0.01530	0.26075	0.31975	0.01637	0.02395	0.01835	0.08574	0.02040	0.01463	0.02025	0.04218	0.01532	0.01150	0.00638	0.00589	0.00182	0.00846	0.00512	0.00330	0.10455
3	0.01188	0.00594	0.00891	0.00891	0.00891	0.00594	0.00594	0.00891	0.00891	0.01188	0.01188	0.02080	0.01188	0.02377	0.02674	0.80095	0.00594	0.00594	0.00297	0.00297
4	0.02006	0.01621	0.01718	0.01454	0.01895	0.01844	0.01156	0.25899	0.47694	0.03353	0.02398	0.02244	0.01775	0.00892	0.00692	0.00223	0.00613	0.00720	0.00692	0.01110
5	0.01372	0.03539	0.72412	0.01950	0.02961	0.01589	0.02528	0.02167	0.01444	0.02167	0.01228	0.01444	0.00867	0.00650	0.00650	0.00217	0.01011	0.00506	0.00289	0.01011
6	0.01497	0.01497	0.02095	0.01796	0.01796	0.02095	0.01497	0.01646	0.01048	0.01646	0.00898	0.01497	0.00898	0.01197	0.02245	0.00299	0.74704	0.00599	0.00299	0.00748
7	0.01639	0.01563	0.02623	0.13653	0.59438	0.01614	0.02027	0.02120	0.04588	0.02196	0.01344	0.01749	0.01105	0.00634	0.00679	0.00208	0.00814	0.00617	0.00350	0.01039
8	0.02982	0.01212	0.01606	0.01241	0.01764	0.01088	0.01022	0.06237	0.05377	0.65794	0.02657	0.02310	0.01690	0.00850	0.00688	0.00212	0.00588	0.00689	0.00832	0.01160
9	0.01419	0.01216	0.01419	0.01013	0.01621	0.00912	0.00811	0.01723	0.01419	0.02229	0.01216	0.01419	0.01013	0.00507	0.00507	0.00101	0.00507	0.00405	0.00405	0.80139
10	0.01807	0.72792	0.06965	0.01209	0.01815	0.02652	0.01237	0.02054	0.01393	0.01637	0.00965	0.01114	0.00877	0.00588	0.00449	0.00150	0.00745	0.00373	0.00292	0.00885
11	0.80789	0.01323	0.01006	0.00900	0.01323	0.01535	0.00741	0.02011	0.01164	0.03070	0.00953	0.01111	0.00741	0.00635	0.00423	0.00212	0.00529	0.00370	0.00423	0.00741
12	0.01292	0.01216	0.02052	0.74312	0.04712	0.01520	0.01900	0.01748	0.01368	0.01748	0.01216	0.01824	0.00912	0.00684	0.00684	0.00228	0.00912	0.00608	0.00304	0.00760
13	0.01554	0.01321	0.01420	0.01244	0.01644	0.01413	0.00976	0.05385	0.45440	0.02655	0.03046	0.03041	0.10753	0.00994	0.00689	0.00213	0.00522	0.03287	0.00639	0.13762
14	0.00977	0.00733	0.01100	0.01100	0.01222	0.00855	0.00855	0.01222	0.01100	0.01588	0.01833	0.02688	0.01710	0.05131	0.73245	0.01100	0.01833	0.00733	0.00367	0.00611
15	0.00977	0.00733	0.01100	0.01100	0.01222	0.00855	0.00855	0.01222	0.01100	0.01588	0.01833	0.02688	0.01710	0.05131	0.73245	0.01100	0.01833	0.00733	0.00367	0.00611
16	0.00977	0.00733	0.01100	0.01100	0.01222	0.00855	0.00855	0.01222	0.01100	0.01588	0.01833	0.02688	0.01710	0.05131	0.73245	0.01100	0.01833	0.00733	0.00367	0.00611
17	0.02556	0.03261	0.01939	0.01763	0.02115	0.73210	0.01322	0.02732	0.01939	0.01674	0.01058	0.01234	0.00881	0.00705	0.00617	0.00176	0.01234	0.00441	0.00353	0.00793
18	0.04363	0.01976	0.02107	0.01656	0.02164	0.12541	0.08143	0.39695	0.07339	0.08707	0.01686	0.01726	0.01217	0.00783	0.00676	0.00205	0.00822	0.00620	0.02517	0.01055
19	0.01246	0.01131	0.01176	0.01142	0.03903	0.10403	0.02607	0.01553	0.03496	0.03878	0.35940	0.06622	0.21597	0.01336	0.00774	0.00216	0.00504	0.01145	0.00641	0.00692
20	0.01702	0.01470	0.01547	0.01392	0.01779	0.01702	0.01083	0.03635	0.70453	0.02862	0.02785	0.02553	0.02088	0.00928	0.00696	0.00232	0.00541	0.00773	0.00696	0.01083
21	0.01693	0.01626	0.02777	0.04199	0.71689	0.01626	0.02100	0.02100	0.01558	0.02235	0.01287	0.01693	0.01084	0.00610	0.00677	0.00203	0.00813	0.00610	0.00339	0.01084
22	0.01557	0.01814	0.07243	0.02723	0.07027	0.01617	0.56016	0.02105	0.01581	0.02189	0.01513	0.05067	0.01216	0.00661	0.00780	0.00227	0.01057	0.00823	0.03878	0.00907
23	0.02601	0.01916	0.02053	0.01574	0.02122	0.02122	0.01300	0.69408	0.03217	0.04312	0.01643	0.01643	0.01163	0.00821	0.00684	0.00205	0.00753	0.00616	0.00684	0.01163
24	0.01461	0.01017	0.01239	0.04952	0.01520	0.01056	0.00890	0.19509	0.01847	0.06263	0.02937	0.44728	0.03190	0.04867	0.00917	0.00269	0.00541	0.01408	0.00633	0.00757
25	0.01188	0.00594	0.00891	0.00891	0.00891	0.00594	0.00594	0.00891	0.00891	0.01188	0.01188	0.02080	0.01188	0.02377	0.02674	0.80095	0.00594	0.00594	0.00297	0.00297
26	0.01421	0.07166	0.61884	0.02004	0.02961	0.01662	0.09222	0.02163	0.01459	0.02140	0.01229	0.01467	0.00885	0.00639	0.00655	0.00214	0.01011	0.00529	0.00295	0.00995
27	0.01693	0.01626	0.02777	0.04199	0.71689	0.01626	0.02100	0.02100	0.01558	0.02235	0.01287	0.01693	0.01084	0.00610	0.00677	0.00203	0.00813	0.00610	0.00339	0.01084
28	0.01419	0.01216	0.01419	0.01013	0.01621	0.00912	0.00811	0.01723	0.01419	0.02229	0.01216	0.01419	0.01013	0.00507	0.00507	0.00101	0.00507	0.00405	0.00405	0.80139
29	0.01738	0.61872	0.17285	0.01326	0.01996	0.02484	0.01441	0.02072	0.01401	0.01720	0.01006	0.01167	0.00876	0.00598	0.00481	0.00160	0.00787	0.00394	0.00292	0.00904
30	0.01679	0.11449	0.39252	0.01672	0.02430	0.01526	0.06525	0.02246	0.01593	0.13823	0.09630	0.02006	0.01670	0.00757	0.00660	0.00208	0.00836	0.00625	0.00440	0.00972
31	0.00847	0.00605	0.00809	0.00968	0.01013	0.00567	0.00658	0.00975	0.01323	0.01761	0.03763	0.72181	0.04496	0.02131	0.00877	0.00280	0.00408	0.05144	0.00635	0.00559
32	0.01576	0.01459	0.02444	0.03614	0.57702	0.01459	0.01901	0.01964	0.01561	0.02198	0.01752	0.02892	0.01652	0.00864	0.00731	0.00225	0.00776	0.13841	0.00397	0.00993
33	0.01907	0.01572	0.01663	0.01434	0.01857	0.01798	0.01133	0.18679	0.55074	0.03193	0.02523	0.02344	0.01877	0.00904	0.00693	0.00226	0.00590	0.00737	0.00693	0.01101
34	0.01653	0.01285	0.01669	0.01205	0.01809	0.01030	0.06341	0.04276	0.01555	0.09826	0.01404	0.01559	0.01094	0.00560	0.00556	0.00127	0.00575	0.00475	0.00458	0.62543
35	0.02749	0.01381	0.01688	0.01318	0.01827	0.01360	0.01081	0.21351	0.08333	0.45148	0.04757	0.02256	0.01746	0.00866	0.00692	0.00212	0.00616	0.00695	0.00786	0.01139
36	0.01372	0.03539	0.72412	0.01950	0.02961	0.01589	0.02528	0.02167	0.01444	0.02167	0.01228	0.01444	0.00867	0.00650	0.00650	0.00217	0.01011	0.00506	0.00289	0.01011
37	0.01151	0.00986	0.01556	0.12856	0.22018	0.01010	0.01248	0.01404	0.01390	0.01888	0.02670	0.43124	0.02989	0.01481	0.00788	0.00249	0.00594	0.01358	0.00500	0.00739
38	0.00886	0.00673	0.00965	0.01051	0.01139	0.00628	0.04022	0.01041	0.01353	0.01791	0.03818	0.64308	0.07973	0.02030	0.00871	0.00275	0.00444	0.05533	0.00621	0.00579
39	0.00982	0.00790	0.01122	0.01222	0.03486	0.00822	0.03057	0.01186	0.03485	0.01802	0.03287	0.60829	0.03851	0.01907	0.00999	0.00275	0.08002	0.01690	0.00584	0.00621
40	0.02474	0.01917	0.02013	0.01588	0.02063	0.06617	0.01302	0.53580	0.05410	0.06381	0.01615	0.01662	0.01174	0.00855	0.00832	0.00214	0.07963	0.00612	0.00632	0.01096
41	0.01883	0.01707	0.03406	0.05734	0.06283	0.01626	0.48982	0.06092	0.01744	0.13083	0.01590	0.01901	0.01143	0.00638	0.00771	0.00225	0.01017	0.00761	0.00440	0.00973
42	0.01275	0.00638	0.00638	0.00638	0.00797	0.00638	0.00478	0.01594	0.01435	0.02551	0.02232	0.02551	0.01754	0.00797	0.00478	0.00159	0.00319	0.00638	0.79755	0.00638
43	0.01365	0.01154	0.01358	0.00995	0.01549	0.00880	0.00791	0.01671	0.01481	0.02291	0.09643	0.01862	0.01667	0.00614	0.00543	0.00115	0.00485	0.00505	0.00447	0.70584
44	0.01188	0.00594	0.00891	0.00891	0.00891	0.00594	0.00594	0.00891	0.00891	0.01188	0.01188	0.02080	0.01188	0.02377	0.02674	0.80095	0.00594	0.00594	0.00297	0.00297
45	0.01671	0.01603	0.02737	0.08028	0.68031	0.01620	0.02089	0.02080	0.01547	0.02208	0.01283	0.01700	0.01074	0.00614	0.00678	0.00205	0.00818	0.00609	0.00337	0.01066
46	0.01372	0.03539	0.72412	0.01950	0.02961	0.01589	0.02528	0.02167	0.01444	0.02167	0.01228	0.01444	0.00867	0.00650	0.00650	0.00217	0.01011	0.00506	0.00289	0.01011
47	0.00977	0.00733	0.01100	0.01100	0.01222	0.00855	0.00855	0.01222	0.01100	0.01588	0.01833	0.02688	0.01710	0.05131	0.73245	0.01100	0.01833	0.00733	0.00367	0.00611
48	0.01516	0.01400	0.02106	0.21875	0.28874	0.01552	0.01660	0.02277	0.17927	0.02233	0.04341	0.02264	0.04580	0.00805	0.00753	0.00222	0.03521	0.00707	0.00441	0.00947
49	0.02448	0.01760	0.01910	0.01505	0.02013	0.01938	0.01229	0.52947	0.13309	0.08737	0.01948	0.03837	0.01432	0.00875	0.00692	0.00212	0.00699	0.00681	0.00696	0.01135
50	0.01723	0.52908	0.23308	0.01415	0.02115	0.04826	0.01566	0.02106	0.01425	0.01772	0.01034	0.01202	0.00875	0.00608	0.00506	0.00168	0.00829	0.00409	0.00294	0.00913
51	0.02489	0.02206	0.01935	0.01618	0.02063	0.31284	0.05655	0.09750	0.13297	0.20034	0.01838	0.01809	0.01324	0.00781	0.00667	0.00201	0.00901	0.00600	0.00567	0.00981
52	0.74133	0.01399	0.01079	0.00954	0.01381	0.03893	0.00782	0.03867	0.01265	0.04832	0.01019	0.01161	0.00781	0.00648	0.00444	0.00210	0.00560	0.00387	0.00439	0.00765
53	0.01627	0.01558	0.02658	0.15691	0.60711	0.01608	0.02067	0.02042	0.01527	0.02155	0.01275	0.01715	0.01056	0.00622	0.00678	0.00207	0.00829	0.00609	0.00333	0.01031
54	0.01004	0.00771	0.00931	0.00910	0.01089	0.00742	0.00674	0.01456	0.09745	0.02441	0.41316	0.16727	0.16559	0.01523	0.00805	0.00230	0.00365	0.01335	0.00707	0.00670
55	0.00977	0.00733	0.01100	0.01100	0.01222	0.00855	0.00855	0.01222	0.01100	0.01588	0.01833	0.02688	0.01710	0.05131	0.73245	0.01100	0.01833	0.00733	0.00367	0.00611
56	0.00978	0.00729	0.01080	0.01080	0.01196	0.00845	0.00831	0.01209	0.01094	0.01574	0.01850	0.02785	0.01753	0.08999	0.69435	0.01076	0.01769	0.00747	0.00369	0.00600
57	0.01504	0.01513	0.02039	0.01759	0.01776	0.04304	0.01458	0.01659	0.01079	0.01644	0.00952	0.01551	0.00940	0.01387	0.05897	0.00337	0.68554	0.00601	0.00305	0.00743
58	0.02556	0.03261	0.01939	0.01763	0.02115	0.73210	0.01322	0.02732	0.01939	0.01674	0.01058	0.01234	0.00881	0.00705	0.00617	0.00176	0.01234	0.00441	0.00353	0.00793
59	0.01051	0.00799	0.00952	0.00884	0.01093	0.00758	0.00671	0.04885	0.05277	0.02616	0.48865	0.05158	0.21560	0.01426	0.00795	0.00219	0.00362	0.01232	0.00718	0.00678
60	0.02083	0.05521	0.10257	0.01511	0.01988	0.22971	0.01303	0.06391	0.23255	0.10566	0.02157	0.02107	0.05218	0.00842	0.00660	0.00206	0.00818	0.00642	0.00540	0.00965
61	0.01748	0.01493	0.01573	0.01402	0.01797	0.01723	0.01094	0.07050	0.66962	0.02937	0.02725	0.02505	0.02040	0.00923	0.00696	0.00231	0.00552	0.00765	0.00696	0.01087
62	0.01693	0.01626	0.02777	0.04199	0.71689	0.01626	0.02100	0.02100	0.01558	0.02235	0.01287	0.01693	0.01084	0.00610	0.00677	0.00203	0.00813	0.00610	0.00339	0.01084
63	0.01372	0.03539	0.72412	0.01950	0.02961	0.01589	0.02528	0.02167	0.01444	0.02167	0.01228	0.01444	0.00867	0.00650	0.00650	0.00217	0.01011	0.00506	0.00289	0.01011
64	0.02509	0.01871	0.02002	0.01556	0.02087	0.02079	0.01278	0.62714	0.10059	0.04164	0.01759	0.01735	0.01258	0.00832	0.00686	0.00208	0.00731	0.00632	0.00686	0.01155
65	0.01485	0.01314	0.02136	0.49876	0.03872	0.01527	0.09405	0.09916	0.01625	0.02189	0.01390	0.01879	0.01042	0.00700	0.00677	0.00219	0.00860	0.00635	0.08440	0.00815
66	0.01188	0.00594	0.00891	0.00891	0.00891	0.00594	0.00594	0.00891	0.00891	0.01188	0.01188	0.02080	0.01188	0.02377	0.02674	0.80095	0.00594	0.00594	0.00297	0.00297
67	0.01375	0.03958	0.13163	0.01264	0.01679	0.01304	0.01152	0.04018	0.27899	0.02652	0.26541	0.03381	0.06627	0.01070	0.00724	0.00220	0.00546	0.00905	0.00632	0.00890
68	0.01430	0.00888	0.01040	0.00893	0.01245	0.00739	0.00704	0.01659	0.01648	0.17513	0.08984	0.04734	0.37846	0.01318	0.00737	0.00207	0.00434	0.03416	0.00651	0.13913
69	0.01419	0.01216	0.01419	0.01013	0.01621	0.00912	0.00811	0.01723	0.01419	0.02229	0.01216	0.01419	0.01013	0.00507	0.00507	0.00101	0.00507	0.00405	0.00405	0.80139
70	0.01561	0.04750	0.04975	0.01793	0.15977	0.01226	0.03341	0.03378	0.03061	0.04558	0.01414	0.04322	0.01198	0.00629	0.00582	0.00149	0.00626	0.00542	0.00416	0.45504
71	0.01372	0.03539	0.72412	0.01950	0.02961	0.01589	0.02528	0.02167	0.01444	0.02167	0.01228	0.01444	0.00867	0.00650	0.00650	0.00217	0.01011	0.00506	0.00289	0.01011
72	0.00889	0.00635	0.00853	0.00954	0.01005	0.00637	0.00650	0.01017	0.01217	0.01649	0.03110	0.49128	0.03611	0.13821	0.16932	0.00513	0.00748	0.01541	0.00544	0.00547
73	0.01299	0.02219	0.34020	0.01766	0.02396	0.01304	0.13800	0.04336	0.01561	0.02216	0.08999	0.18660	0.02307	0.01058	0.00746	0.00232	0.00818	0.00964	0.00440	0.00861
74	0.01507	0.25069	0.52065	0.01720	0.02605	0.01919	0.02127	0.02132	0.01428	0.02002	0.01146	0.01342	0.00870	0.00631	0.00588	0.00196	0.00928	0.00464	0.00290	0.00972
75	0.00889	0.00661	0.00839	0.00951	0.01063	0.00611	0.00703	0.01069	0.01451	0.01881	0.07966	0.43065	0.19335	0.01963	0.00870	0.00272	0.00428	0.14763	0.00640	0.00580
76	0.01686	0.01647	0.02900	0.04071	0.65063	0.01636	0.08628	0.02109	0.01563	0.02231	0.01296	0.01708	0.01079	0.00606	0.00690	0.00206	0.00846	0.00629	0.00339	0.01068
77	0.02191	0.13641	0.10812	0.01738	0.06963	0.08850	0.08598	0.02665	0.06495	0.25636	0.04432	0.01941	0.01477	0.00748	0.00654	0.00201	0.00788	0.00624	0.00539	0.01006
78	0.01725	0.01623	0.02713	0.19182	0.54049	0.01665	0.03987	0.02103	0.01593	0.02238	0.01400	0.01897	0.01165	0.00711	0.00736	0.00233	0.00882	0.00654	0.00376	0.01068
79	0.01213	0.00832	0.00939	0.00897	0.01136	0.00715	0.00666	0.01384	0.01733	0.09302	0.19904	0.11512	0.43753	0.01668	0.00852	0.00252	0.00417	0.01386	0.00720	0.00719
80	0.06649	0.03519	0.04491	0.01867	0.15684	0.01311	0.01276	0.04294	0.05854	0.33665	0.02679	0.06353	0.07159	0.00995	0.00735	0.00238	0.00662	0.00804	0.00680	0.01086
81	0.02919	0.01478	0.05627	0.01507	0.04988	0.01258	0.01215	0.08976	0.04512	0.55622	0.02565	0.02360	0.01697	0.00908	0.00738	0.00235	0.00672	0.00709	0.00809	0.01206
82	0.01519	0.06808	0.67956	0.01983	0.02967	0.01698	0.02486	0.02236	0.01518	0.02252	0.01343	0.01606	0.00991	0.00733	0.00694	0.00237	0.01032	0.00541	0.00335	0.01065
83	0.01573	0.09559	0.53462	0.04898	0.08523	0.01753	0.05645	0.02211	0.01530	0.02219	0.01343	0.01645	0.01019	0.00724	0.00697	0.00234	0.01008	0.00562	0.00342	0.01052
84	0.05293	0.01349	0.05433	0.01389	0.03999	0.01149	0.01112	0.04623	0.06204	0.43729	0.08725	0.09186	0.02386	0.01072	0.00757	0.00242	0.00616	0.00867	0.00778	0.01090
85	0.02617	0.01413	0.05632	0.01737	0.12023	0.01183	0.01260	0.02938	0.03958	0.48018	0.05732	0.02696	0.05523	0.00956	0.00749	0.00236	0.00657	0.00770	0.00756	0.01145

[dist]
# distance from previous block
# <min> <max>
15	97

[block]
# block no. 1 follows, 31 sequences, length 21
# corresponding to MSA columns:
# 921-941
name=unknown_B
#
# <colnr> <probs for GDERKNQSTAVLIFYWHMCP>
#	G	D	E	R	K	N	Q	S	T	A	V	L	I	F	Y	W	H	M	C	P
0	0.02044	0.01520	0.01785	0.01457	0.04519	0.04352	0.04138	0.25419	0.02142	0.11731	0.01903	0.07250	0.03370	0.00829	0.00651	0.00181	0.00660	0.00684	0.00574	0.24789
1	0.02226	0.02602	0.19577	0.01625	0.02216	0.26719	0.01521	0.10321	0.04449	0.13809	0.01515	0.01578	0.01099	0.00720	0.00639	0.00192	0.00932	0.00527	0.00473	0.07260
2	0.01637	0.05104	0.20447	0.01387	0.02054	0.04043	0.01377	0.12715	0.04849	0.02508	0.01614	0.01739	0.04397	0.00683	0.00597	0.00165	0.00710	0.00531	0.00436	0.33008
3	0.26211	0.02124	0.01710	0.01600	0.06985	0.26783	0.01173	0.15006	0.01917	0.08628	0.01292	0.01400	0.00976	0.00711	0.00581	0.00197	0.00844	0.00486	0.00477	0.00900
4	0.37923	0.01647	0.01542	0.01360	0.04556	0.06998	0.01055	0.23197	0.01913	0.05862	0.01292	0.01419	0.00972	0.00739	0.00634	0.00210	0.04408	0.00494	0.02873	0.00905
5	0.04928	0.01729	0.02237	0.02494	0.27744	0.01842	0.01551	0.35766	0.05680	0.06863	0.01595	0.01721	0.01190	0.00743	0.00674	0.00206	0.00749	0.00616	0.00557	0.01116
6	0.02601	0.01916	0.02053	0.01574	0.02122	0.02122	0.01300	0.69408	0.03217	0.04312	0.01643	0.01643	0.01163	0.00821	0.00684	0.00205	0.00753	0.00616	0.00684	0.01163
7	0.03070	0.01164	0.01588	0.01217	0.01746	0.01006	0.01006	0.03334	0.01958	0.72163	0.02699	0.02329	0.01694	0.00847	0.00688	0.00212	0.00582	0.00688	0.00847	0.01164
8	0.00864	0.00647	0.00811	0.00929	0.01033	0.00593	0.00670	0.01024	0.01410	0.01814	0.04553	0.48692	0.21437	0.02004	0.00867	0.00271	0.00416	0.10760	0.00634	0.00571
9	0.01660	0.49478	0.28997	0.01458	0.02201	0.02294	0.01672	0.02092	0.01410	0.01815	0.01053	0.01226	0.00874	0.00609	0.00517	0.00172	0.00835	0.00417	0.00291	0.00927
10	0.01714	0.02090	0.15874	0.02506	0.03214	0.01684	0.47268	0.05257	0.01662	0.07191	0.01444	0.01788	0.01055	0.00640	0.00813	0.00228	0.03497	0.00730	0.00385	0.00960
11	0.03029	0.01229	0.01628	0.01248	0.01779	0.01102	0.01031	0.09031	0.02067	0.66313	0.02608	0.02269	0.01648	0.00845	0.00688	0.00211	0.00597	0.00682	0.00833	0.01164
12	0.01102	0.00787	0.01102	0.01260	0.01417	0.00787	0.01102	0.01417	0.01575	0.02047	0.03622	0.07717	0.03937	0.01890	0.00945	0.00315	0.00630	0.67084	0.00630	0.00630
13	0.03070	0.01164	0.01588	0.01217	0.01746	0.01006	0.01006	0.03334	0.01958	0.72163	0.02699	0.02329	0.01694	0.00847	0.00688	0.00212	0.00582	0.00688	0.00847	0.01164
14	0.02825	0.01246	0.01799	0.01748	0.14188	0.01116	0.01200	0.03115	0.01887	0.59724	0.02448	0.02216	0.01585	0.00805	0.00686	0.00210	0.00623	0.00674	0.00756	0.01150
15	0.01702	0.01470	0.01547	0.01392	0.01779	0.01702	0.01083	0.03635	0.70453	0.02862	0.02785	0.02553	0.02088	0.00928	0.00696	0.00232	0.00541	0.00773	0.00696	0.01083
16	0.00834	0.00595	0.00794	0.00953	0.00992	0.00556	0.00635	0.00953	0.01310	0.01746	0.03771	0.75510	0.04525	0.02143	0.00873	0.00278	0.00397	0.01945	0.00635	0.00556
17	0.03070	0.01164	0.01588	0.01217	0.01746	0.01006	0.01006	0.03334	0.01958	0.72163	0.02699	0.02329	0.01694	0.00847	0.00688	0.00212	0.00582	0.00688	0.00847	0.01164
18	0.02837	0.01318	0.01763	0.01357	0.01886	0.01238	0.04316	0.11994	0.07167	0.54766	0.02503	0.02232	0.01622	0.00836	0.00694	0.00213	0.00629	0.00691	0.00790	0.01147
19	0.00812	0.00681	0.00705	0.00725	0.00932	0.00575	0.00534	0.00978	0.01529	0.01836	0.06546	0.14976	0.63267	0.01783	0.00816	0.00237	0.00353	0.01505	0.00635	0.00575
20	0.07881	0.19432	0.20015	0.01576	0.02190	0.20136	0.01544	0.15346	0.01882	0.02400	0.01182	0.01326	0.00921	0.00682	0.00584	0.00188	0.00919	0.00469	0.00393	0.00935

[dist]
# distance from previous block
# <min> <max>
16	36

[block]
# block no. 2 follows, 31 sequences, length 23
# corresponding to MSA columns:
# 980-1002
name=unknown_C
#
# <colnr> <probs for GDERKNQSTAVLIFYWHMCP>
#	G	D	E	R	K	N	Q	S	T	A	V	L	I	F	Y	W	H	M	C	P
0	0.01251	0.01743	0.20068	0.01693	0.02209	0.01197	0.18860	0.01792	0.03892	0.02333	0.24030	0.08940	0.05126	0.01061	0.00772	0.00228	0.00736	0.02743	0.00511	0.00816
1	0.01058	0.00767	0.01002	0.01137	0.07575	0.00789	0.00652	0.01140	0.01067	0.01459	0.02016	0.03897	0.02217	0.56301	0.15520	0.00696	0.00884	0.00912	0.00399	0.00513
2	0.01693	0.01626	0.02777	0.04199	0.71689	0.01626	0.02100	0.02100	0.01558	0.02235	0.01287	0.01693	0.01084	0.00610	0.00677	0.00203	0.00813	0.00610	0.00339	0.01084
3	0.01829	0.76368	0.03585	0.01171	0.01756	0.02707	0.01171	0.02049	0.01390	0.01610	0.00951	0.01097	0.00878	0.00585	0.00439	0.00146	0.00732	0.00366	0.00293	0.00878
4	0.01676	0.01608	0.02746	0.07159	0.68861	0.01621	0.02091	0.02085	0.01550	0.02215	0.01284	0.01699	0.01076	0.00613	0.00678	0.00204	0.00817	0.00610	0.00337	0.01070
5	0.01652	0.01583	0.02702	0.11419	0.64792	0.01615	0.02079	0.02063	0.01538	0.02185	0.01280	0.01707	0.01066	0.00617	0.00678	0.00206	0.00823	0.00609	0.00335	0.01050
6	0.01372	0.03539	0.72412	0.01950	0.02961	0.01589	0.02528	0.02167	0.01444	0.02167	0.01228	0.01444	0.00867	0.00650	0.00650	0.00217	0.01011	0.00506	0.00289	0.01011
7	0.02857	0.01110	0.01512	0.01192	0.01675	0.00963	0.00970	0.03108	0.01897	0.65468	0.02801	0.09286	0.01963	0.00970	0.00706	0.00218	0.00565	0.00807	0.00827	0.01106
8	0.01061	0.00748	0.00831	0.00809	0.01057	0.00643	0.00631	0.01265	0.01618	0.08599	0.09520	0.06218	0.54611	0.01647	0.00811	0.00237	0.00396	0.07994	0.00661	0.00642
9	0.01403	0.08527	0.67697	0.01897	0.02878	0.01665	0.02435	0.02159	0.01441	0.02128	0.01209	0.01421	0.00867	0.00646	0.00636	0.00212	0.00992	0.00496	0.00289	0.01002
10	0.02879	0.01146	0.01517	0.01177	0.01672	0.01018	0.00968	0.05955	0.01961	0.62683	0.02610	0.02321	0.01677	0.00841	0.00668	0.00206	0.00564	0.00680	0.08342	0.01114
11	0.00993	0.00665	0.00756	0.00753	0.00762	0.00662	0.00427	0.01011	0.01047	0.01405	0.06000	0.04512	0.02708	0.71813	0.03333	0.00638	0.00644	0.01008	0.00433	0.00427
12	0.01693	0.01626	0.02777	0.04199	0.71689	0.01626	0.02100	0.02100	0.01558	0.02235	0.01287	0.01693	0.01084	0.00610	0.00677	0.00203	0.00813	0.00610	0.00339	0.01084
13	0.01559	0.14598	0.55126	0.01794	0.02696	0.01812	0.02202	0.08541	0.01605	0.02285	0.01225	0.01410	0.00897	0.00656	0.00621	0.00205	0.00944	0.00495	0.00327	0.01005
14	0.00860	0.00606	0.00786	0.00919	0.00953	0.00573	0.00599	0.00959	0.01259	0.01679	0.03510	0.64045	0.04196	0.14057	0.01294	0.00340	0.00440	0.01792	0.00599	0.00533
15	0.00834	0.00595	0.00794	0.00953	0.00992	0.00556	0.00635	0.00953	0.01310	0.01746	0.03771	0.75510	0.04525	0.02143	0.00873	0.00278	0.00397	0.01945	0.00635	0.00556
16	0.01470	0.01397	0.02373	0.43240	0.34395	0.01567	0.01988	0.01904	0.01452	0.01964	0.01247	0.01766	0.00988	0.00651	0.00681	0.00217	0.00868	0.00609	0.00319	0.00903
17	0.01541	0.22958	0.51311	0.01727	0.02607	0.01908	0.02118	0.04706	0.01498	0.02100	0.01170	0.01359	0.00881	0.00639	0.00595	0.00197	0.00926	0.00472	0.00305	0.00981
18	0.01523	0.01484	0.02362	0.37447	0.33238	0.04268	0.01942	0.01930	0.01453	0.01949	0.01223	0.01728	0.00984	0.00681	0.00765	0.00219	0.04982	0.00602	0.00320	0.00900
19	0.02202	0.34539	0.05200	0.01516	0.01992	0.40457	0.01301	0.02419	0.01686	0.01665	0.01018	0.01183	0.00879	0.00652	0.00542	0.00165	0.01011	0.00411	0.00325	0.00837
20	0.00949	0.00699	0.00887	0.00840	0.01010	0.00637	0.00630	0.01253	0.01890	0.02633	0.63396	0.05292	0.14456	0.01440	0.00807	0.00217	0.00326	0.01263	0.00739	0.00637
21	0.01419	0.01216	0.01419	0.01013	0.01621	0.00912	0.00811	0.01723	0.01419	0.02229	0.01216	0.01419	0.01013	0.00507	0.00507	0.00101	0.00507	0.00405	0.00405	0.80139
22	0.02633	0.01865	0.02021	0.01550	0.02096	0.02045	0.01280	0.64882	0.03130	0.08959	0.01715	0.01690	0.01200	0.00823	0.00685	0.00206	0.00741	0.00621	0.00696	0.01164

[dist]
# distance from previous block
# <min> <max>
0	1

[block]
# block no. 3 follows, 31 sequences, length 177
# corresponding to MSA columns:
# 1004-1092,1094-1181
name=unknown_D
#
# <colnr> <probs for GDERKNQSTAVLIFYWHMCP>
#	G	D	E	R	K	N	Q	S	T	A	V	L	I	F	Y	W	H	M	C	P
0	0.02893	0.01146	0.01534	0.01189	0.01688	0.01009	0.00978	0.05176	0.01974	0.64305	0.05552	0.02435	0.01881	0.00867	0.00684	0.00209	0.00565	0.00707	0.04086	0.01121
1	0.02150	0.01975	0.01781	0.01524	0.01952	0.16621	0.01198	0.23310	0.35977	0.03054	0.02082	0.02005	0.01559	0.00850	0.00676	0.00212	0.00748	0.00657	0.00622	0.01047
2	0.01188	0.00594	0.00891	0.00891	0.00891	0.00594	0.00594	0.00891	0.00891	0.01188	0.01188	0.02080	0.01188	0.02377	0.02674	0.80095	0.00594	0.00594	0.00297	0.00297
3	0.01453	0.16440	0.60219	0.01812	0.02748	0.01787	0.02287	0.02146	0.01435	0.02068	0.01179	0.01383	0.00869	0.00639	0.00613	0.00204	0.00962	0.00481	0.00290	0.00988
4	0.01740	0.01770	0.03710	0.02671	0.03335	0.01669	0.60166	0.02358	0.05060	0.08028	0.01563	0.01921	0.01145	0.00617	0.00792	0.00229	0.01076	0.00796	0.00405	0.00951
5	0.01998	0.00850	0.01020	0.00871	0.01180	0.00786	0.00691	0.02295	0.01646	0.30595	0.02420	0.02461	0.01729	0.00817	0.00563	0.00180	0.00425	0.00658	0.47966	0.00850
6	0.00963	0.00704	0.00907	0.00870	0.01037	0.00648	0.00662	0.01273	0.01885	0.02630	0.62112	0.05383	0.11627	0.01455	0.00815	0.00222	0.00343	0.05089	0.00736	0.00639
7	0.01693	0.01626	0.02777	0.04199	0.71689	0.01626	0.02100	0.02100	0.01558	0.02235	0.01287	0.01693	0.01084	0.00610	0.00677	0.00203	0.00813	0.00610	0.00339	0.01084
8	0.00978	0.00762	0.00876	0.00909	0.01103	0.00704	0.00702	0.05052	0.01618	0.02034	0.07245	0.20738	0.38927	0.01784	0.00840	0.00254	0.00433	0.13780	0.00641	0.00619
9	0.00830	0.00686	0.00704	0.00711	0.00927	0.00580	0.00529	0.01010	0.01552	0.01893	0.08505	0.10338	0.63314	0.01715	0.00801	0.00231	0.00348	0.01439	0.03307	0.00580
10	0.02171	0.01802	0.02796	0.02063	0.02651	0.01848	0.29090	0.35759	0.02414	0.07296	0.01615	0.01859	0.01186	0.03189	0.00827	0.00231	0.00904	0.00711	0.00546	0.01040
11	0.02026	0.02048	0.02314	0.02777	0.33085	0.19602	0.01650	0.13271	0.01876	0.02388	0.01252	0.01538	0.01027	0.00710	0.00781	0.00199	0.06901	0.00556	0.00400	0.05601
12	0.01829	0.76368	0.03585	0.01171	0.01756	0.02707	0.01171	0.02049	0.01390	0.01610	0.00951	0.01097	0.00878	0.00585	0.00439	0.00146	0.00732	0.00366	0.00293	0.00878
13	0.01494	0.01275	0.01530	0.01099	0.01706	0.01007	0.02760	0.05744	0.01531	0.02352	0.01246	0.01444	0.01023	0.00527	0.00526	0.00111	0.00539	0.00429	0.00420	0.73238
14	0.01346	0.01271	0.02150	0.64855	0.13746	0.01534	0.01927	0.01795	0.01394	0.01814	0.01226	0.01806	0.00935	0.00674	0.00683	0.00225	0.00899	0.00608	0.00309	0.00804
15	0.00979	0.00726	0.01066	0.01066	0.01177	0.00837	0.00814	0.01200	0.01090	0.01564	0.01863	0.02855	0.01783	0.11768	0.66707	0.01059	0.01723	0.00758	0.00371	0.00592
16	0.01864	0.01920	0.08901	0.01421	0.01960	0.16871	0.05113	0.06468	0.01769	0.09148	0.08796	0.01901	0.01624	0.00717	0.00624	0.00166	0.00758	0.00576	0.00477	0.28926
17	0.01906	0.01496	0.02109	0.01665	0.02121	0.03754	0.17034	0.13302	0.18920	0.12727	0.11463	0.06132	0.02306	0.00933	0.00740	0.00223	0.00710	0.00854	0.00627	0.00976
18	0.00985	0.00684	0.00846	0.00918	0.00976	0.00672	0.00641	0.01097	0.01230	0.01617	0.03042	0.18971	0.06056	0.39468	0.02212	0.00481	0.00591	0.18488	0.00522	0.00504
19	0.01676	0.01608	0.02746	0.07166	0.68855	0.01621	0.02091	0.02085	0.01550	0.02214	0.01284	0.01699	0.01076	0.00613	0.00678	0.00204	0.00817	0.00610	0.00337	0.01070
20	0.01806	0.01859	0.02504	0.06363	0.49722	0.13309	0.01874	0.02246	0.05367	0.02124	0.01306	0.01660	0.01088	0.00680	0.00760	0.00207	0.05174	0.00590	0.00357	0.01004
21	0.00849	0.00602	0.00789	0.00932	0.00968	0.00566	0.00613	0.00957	0.01279	0.01705	0.03611	0.68481	0.04323	0.09447	0.01131	0.00316	0.00423	0.01851	0.00613	0.00542
22	0.02500	0.03052	0.02082	0.01817	0.02208	0.62383	0.05627	0.08599	0.02031	0.01941	0.01130	0.01309	0.00916	0.00707	0.00635	0.00182	0.01186	0.00479	0.00381	0.00834
23	0.01399	0.07781	0.68403	0.01905	0.02891	0.01654	0.02449	0.02160	0.01441	0.02134	0.01212	0.01424	0.00867	0.00646	0.00638	0.00213	0.00995	0.00497	0.00289	0.01003
24	0.01498	0.01427	0.02425	0.38259	0.39153	0.01574	0.02003	0.01929	0.01466	0.01998	0.01252	0.01757	0.01000	0.00646	0.00681	0.00215	0.00861	0.00609	0.00322	0.00926
25	0.01693	0.01626	0.02777	0.04199	0.71689	0.01626	0.02100	0.02100	0.01558	0.02235	0.01287	0.01693	0.01084	0.00610	0.00677	0.00203	0.00813	0.00610	0.00339	0.01084
26	0.01615	0.01845	0.04037	0.02884	0.03576	0.01730	0.69204	0.02191	0.01615	0.02191	0.01384	0.01845	0.01038	0.00577	0.00807	0.00231	0.01153	0.00807	0.00346	0.00923
27	0.02491	0.01144	0.01473	0.01191	0.01636	0.01071	0.00962	0.03061	0.14088	0.48790	0.13684	0.02813	0.02525	0.00949	0.00708	0.00216	0.00533	0.00791	0.00805	0.01067
28	0.00995	0.00663	0.00746	0.00746	0.00746	0.00663	0.00415	0.00995	0.00995	0.01327	0.02156	0.04477	0.02487	0.75957	0.03482	0.00663	0.00663	0.00995	0.00415	0.00415
29	0.02524	0.03208	0.01943	0.01764	0.02105	0.71082	0.01327	0.02699	0.01912	0.01674	0.01053	0.01242	0.00882	0.00720	0.00666	0.00180	0.03432	0.00445	0.00351	0.00792
30	0.03044	0.01205	0.01613	0.01236	0.01767	0.01066	0.01021	0.06893	0.02026	0.68508	0.02642	0.02292	0.01665	0.00845	0.00688	0.00211	0.00591	0.00684	0.00838	0.01164
31	0.00977	0.00733	0.01100	0.01100	0.01222	0.00855	0.00855	0.01222	0.01100	0.01588	0.01833	0.02688	0.01710	0.05131	0.73245	0.01100	0.01833	0.00733	0.00367	0.00611
32	0.01693	0.01626	0.02777	0.04199	0.71689	0.01626	0.02100	0.02100	0.01558	0.02235	0.01287	0.01693	0.01084	0.00610	0.00677	0.00203	0.00813	0.00610	0.00339	0.01084
33	0.01702	0.01470	0.01547	0.01392	0.01779	0.01702	0.01083	0.03635	0.70453	0.02862	0.02785	0.02553	0.02088	0.00928	0.00696	0.00232	0.00541	0.00773	0.00696	0.01083
34	0.01611	0.01834	0.03972	0.02847	0.03516	0.01742	0.66929	0.02173	0.01596	0.02173	0.01368	0.01834	0.01033	0.00598	0.00856	0.00233	0.03625	0.00800	0.00344	0.00917
35	0.01665	0.01597	0.02726	0.09135	0.66974	0.01618	0.02086	0.02075	0.01544	0.02201	0.01282	0.01702	0.01072	0.00615	0.00678	0.00205	0.00820	0.00609	0.00336	0.01061
36	0.01092	0.01007	0.01831	0.05793	0.01977	0.00963	0.21150	0.01369	0.01412	0.01882	0.03004	0.47215	0.05254	0.01579	0.00841	0.00259	0.00651	0.01513	0.00530	0.00678
37	0.01693	0.01626	0.02777	0.04199	0.71689	0.01626	0.02100	0.02100	0.01558	0.02235	0.01287	0.01693	0.01084	0.00610	0.00677	0.00203	0.00813	0.00610	0.00339	0.01084
38	0.01626	0.44030	0.34146	0.01517	0.02291	0.02211	0.01773	0.02101	0.01414	0.01857	0.01074	0.01252	0.00873	0.00614	0.00533	0.00178	0.00856	0.00428	0.00291	0.00937
39	0.01372	0.03539	0.72412	0.01950	0.02961	0.01589	0.02528	0.02167	0.01444	0.02167	0.01228	0.01444	0.00867	0.00650	0.00650	0.00217	0.01011	0.00506	0.00289	0.01011
40	0.01528	0.01348	0.02265	0.46869	0.26689	0.01525	0.01914	0.01957	0.01465	0.06010	0.01326	0.01810	0.01014	0.00669	0.00682	0.00219	0.00860	0.00613	0.00347	0.00891
41	0.01372	0.03539	0.72412	0.01950	0.02961	0.01589	0.02528	0.02167	0.01444	0.02167	0.01228	0.01444	0.00867	0.00650	0.00650	0.00217	0.01011	0.00506	0.00289	0.01011
42	0.04722	0.02836	0.47927	0.02010	0.02860	0.01554	0.15698	0.02222	0.03337	0.05687	0.01448	0.04074	0.01093	0.00702	0.00683	0.00222	0.00966	0.00625	0.00356	0.00977
43	0.01836	0.02194	0.21081	0.02102	0.02780	0.01702	0.25481	0.18217	0.01951	0.06658	0.01594	0.02050	0.01225	0.00766	0.00785	0.00227	0.03372	0.04529	0.00455	0.00994
44	0.01292	0.01216	0.02052	0.74312	0.04712	0.01520	0.01900	0.01748	0.01368	0.01748	0.01216	0.01824	0.00912	0.00684	0.00684	0.00228	0.00912	0.00608	0.00304	0.00760
45	0.00905	0.00701	0.01007	0.01083	0.01148	0.00695	0.03587	0.01045	0.01307	0.01759	0.03502	0.68082	0.04166	0.02022	0.00950	0.00277	0.04757	0.01818	0.00603	0.00582
46	0.01467	0.01395	0.02369	0.43654	0.33999	0.01566	0.01987	0.01902	0.01451	0.01961	0.01247	0.01767	0.00987	0.00651	0.00681	0.00217	0.00869	0.00609	0.00319	0.00902
47	0.02168	0.01027	0.01332	0.01149	0.01508	0.00958	0.00896	0.02622	0.10957	0.40055	0.07345	0.21685	0.02789	0.01232	0.00745	0.00232	0.00512	0.01063	0.00765	0.00961
48	0.01693	0.01626	0.02777	0.04199	0.71689	0.01626	0.02100	0.02100	0.01558	0.02235	0.01287	0.01693	0.01084	0.00610	0.00677	0.00203	0.00813	0.00610	0.00339	0.01084
49	0.01593	0.01523	0.02595	0.21761	0.54913	0.01599	0.02050	0.02012	0.01510	0.02113	0.01269	0.01726	0.01041	0.00628	0.00679	0.00209	0.00838	0.00609	0.00330	0.01003
50	0.02845	0.01580	0.01697	0.01343	0.01840	0.10886	0.01090	0.16592	0.02193	0.46621	0.02249	0.02050	0.01479	0.00821	0.00671	0.00204	0.00695	0.00639	0.03409	0.01097
51	0.01623	0.01553	0.02649	0.16552	0.59888	0.01607	0.02064	0.02038	0.01524	0.02149	0.01274	0.01716	0.01053	0.00623	0.00678	0.00208	0.00830	0.00609	0.00333	0.01027
52	0.01456	0.03421	0.68896	0.01914	0.02901	0.01560	0.02452	0.02225	0.01470	0.05641	0.01301	0.01488	0.00908	0.00660	0.00652	0.00216	0.00990	0.00515	0.00317	0.01019
53	0.01919	0.47447	0.11395	0.01495	0.02087	0.17727	0.05506	0.02219	0.01529	0.01725	0.01033	0.01213	0.00887	0.00618	0.00525	0.00166	0.00899	0.00425	0.00308	0.00878
54	0.00834	0.00595	0.00794	0.00953	0.00992	0.00556	0.00635	0.00953	0.01310	0.01746	0.03771	0.75510	0.04525	0.02143	0.00873	0.00278	0.00397	0.01945	0.00635	0.00556
55	0.01372	0.03539	0.72412	0.01950	0.02961	0.01589	0.02528	0.02167	0.01444	0.02167	0.01228	0.01444	0.00867	0.00650	0.00650	0.00217	0.01011	0.00506	0.00289	0.01011
56	0.01540	0.04825	0.27829	0.05290	0.16414	0.01685	0.28177	0.02145	0.01528	0.02156	0.01290	0.01649	0.00977	0.00613	0.00710	0.00218	0.01015	0.00641	0.00321	0.00978
57	0.00994	0.00666	0.00761	0.00761	0.00765	0.00671	0.00432	0.01004	0.00999	0.01337	0.02142	0.04404	0.02456	0.73079	0.06316	0.00681	0.00711	0.00984	0.00413	0.00423
58	0.00834	0.00595	0.00794	0.00953	0.00992	0.00556	0.00635	0.00953	0.01310	0.01746	0.03771	0.75510	0.04525	0.02143	0.00873	0.00278	0.00397	0.01945	0.00635	0.00556
59	0.00969	0.00692	0.00949	0.01107	0.01206	0.00672	0.00870	0.01186	0.01443	0.01898	0.03696	0.41420	0.04229	0.02016	0.00909	0.00297	0.00514	0.34700	0.00633	0.00593
60	0.02077	0.08056	0.11004	0.01572	0.02088	0.12292	0.01393	0.24387	0.22221	0.02931	0.01759	0.01776	0.01323	0.00807	0.00705	0.00209	0.03220	0.00602	0.00546	0.01031
61	0.02147	0.01977	0.01729	0.01471	0.01828	0.21264	0.01163	0.24838	0.11414	0.02854	0.01660	0.01786	0.01281	0.00836	0.00784	0.00203	0.07888	0.00591	0.13362	0.00926
62	0.01679	0.51973	0.23666	0.01393	0.02104	0.02306	0.01554	0.02070	0.01407	0.01798	0.01043	0.01212	0.00880	0.00601	0.00504	0.00165	0.00804	0.00408	0.00296	0.04137
63	0.01492	0.01420	0.02413	0.39437	0.38027	0.01572	0.01999	0.01923	0.01462	0.01990	0.01251	0.01759	0.00997	0.00647	0.00681	0.00216	0.00863	0.00609	0.00321	0.00921
64	0.01037	0.00758	0.01011	0.01108	0.01277	0.00732	0.00939	0.01333	0.01636	0.02141	0.15950	0.07098	0.14089	0.01781	0.00901	0.00285	0.00535	0.46112	0.00652	0.00625
65	0.01951	0.05024	0.01738	0.01485	0.01867	0.21083	0.01163	0.06471	0.42005	0.02517	0.02230	0.02368	0.01765	0.00900	0.00677	0.00217	0.00752	0.04230	0.00582	0.00976
66	0.02601	0.01916	0.02053	0.01574	0.02122	0.02122	0.01300	0.69408	0.03217	0.04312	0.01643	0.01643	0.01163	0.00821	0.00684	0.00205	0.00753	0.00616	0.00684	0.01163
67	0.04061	0.01493	0.01763	0.01503	0.01887	0.07013	0.09198	0.06678	0.32111	0.09448	0.02527	0.14980	0.02162	0.01058	0.00725	0.00231	0.00659	0.00927	0.00623	0.00952
68	0.01455	0.01206	0.01346	0.01293	0.01585	0.01352	0.01012	0.02806	0.46788	0.02561	0.05033	0.13608	0.02876	0.01279	0.00768	0.00253	0.00531	0.12652	0.00678	0.00918
69	0.01658	0.01590	0.02714	0.10274	0.65885	0.01616	0.02082	0.02069	0.01541	0.02193	0.01281	0.01705	0.01069	0.00616	0.00678	0.00205	0.00821	0.00609	0.00336	0.01056
70	0.00979	0.00726	0.01066	0.01066	0.01177	0.00837	0.00814	0.01200	0.01090	0.01564	0.01863	0.02855	0.01783	0.11749	0.66727	0.01059	0.01723	0.00757	0.00371	0.00592
71	0.00979	0.00727	0.01070	0.01070	0.01181	0.00839	0.00818	0.01203	0.01091	0.01566	0.01860	0.02839	0.01776	0.11117	0.67349	0.01063	0.01734	0.00755	0.00371	0.00594
72	0.01556	0.01485	0.02528	0.28252	0.48712	0.01589	0.02031	0.01979	0.01493	0.02068	0.01263	0.01738	0.01025	0.00635	0.00680	0.00212	0.00847	0.00609	0.00327	0.00973
73	0.01275	0.00638	0.00638	0.00638	0.00797	0.00638	0.00478	0.01594	0.01435	0.02551	0.02232	0.02551	0.01754	0.00797	0.00478	0.00159	0.00319	0.00638	0.79755	0.00638
74	0.01469	0.17644	0.54874	0.01789	0.02658	0.01837	0.02203	0.02113	0.01411	0.02028	0.01155	0.01380	0.00871	0.00669	0.00702	0.00208	0.05249	0.00484	0.00290	0.00970
75	0.01392	0.06621	0.69499	0.01917	0.02910	0.01636	0.02470	0.02162	0.01442	0.02143	0.01216	0.01430	0.00867	0.00647	0.00641	0.00214	0.00999	0.00500	0.00289	0.01005
76	0.01045	0.00776	0.00973	0.01042	0.01208	0.00748	0.00828	0.05152	0.01630	0.02117	0.09992	0.24258	0.18902	0.01817	0.00870	0.00272	0.00489	0.26603	0.00646	0.00632
77	0.00992	0.00676	0.00809	0.00809	0.00831	0.00697	0.00493	0.01035	0.01014	0.01373	0.02098	0.04158	0.02349	0.63331	0.15918	0.00741	0.00872	0.00948	0.00406	0.00450
78	0.38603	0.01497	0.01413	0.01162	0.01633	0.06649	0.00949	0.12143	0.01773	0.25650	0.01628	0.01593	0.01122	0.00736	0.00561	0.00208	0.00630	0.00514	0.00594	0.00943
79	0.09256	0.06819	0.01925	0.01568	0.01948	0.39694	0.01231	0.14640	0.04805	0.02362	0.04064	0.01516	0.01197	0.00780	0.00712	0.00194	0.05463	0.00517	0.00443	0.00864
80	0.01136	0.01030	0.01011	0.01111	0.01217	0.11330	0.00788	0.01333	0.03470	0.01794	0.03329	0.56763	0.03866	0.01874	0.00836	0.00265	0.00544	0.07097	0.00595	0.00612
81	0.01513	0.23701	0.40576	0.10046	0.07232	0.01899	0.02046	0.02082	0.01428	0.01967	0.01152	0.01405	0.00889	0.00633	0.00596	0.00197	0.00908	0.00484	0.00295	0.00950
82	0.00966	0.00753	0.00886	0.00871	0.01057	0.00708	0.00645	0.01361	0.07997	0.02332	0.35281	0.15705	0.25762	0.01568	0.00807	0.00231	0.00361	0.01363	0.00694	0.00651
83	0.01188	0.00594	0.00891	0.00891	0.00891	0.00594	0.00594	0.00891	0.00891	0.01188	0.01188	0.02080	0.01188	0.02377	0.02674	0.80095	0.00594	0.00594	0.00297	0.00297
84	0.01586	0.05226	0.02305	0.29185	0.24105	0.04574	0.03943	0.02311	0.15634	0.02129	0.01545	0.01874	0.01207	0.00704	0.00674	0.00215	0.00818	0.00630	0.00398	0.00937
85	0.02524	0.01644	0.01617	0.01325	0.01766	0.13818	0.01059	0.17079	0.07951	0.30275	0.02133	0.02041	0.01481	0.00817	0.00647	0.00199	0.00693	0.00630	0.11277	0.01022
86	0.00968	0.00699	0.00914	0.00861	0.01022	0.00646	0.00646	0.01291	0.01937	0.02743	0.71328	0.05110	0.06455	0.01399	0.00807	0.00215	0.00323	0.01237	0.00753	0.00646
87	0.22414	0.01338	0.01392	0.01071	0.01602	0.01267	0.00869	0.13166	0.01677	0.05078	0.01509	0.01624	0.03969	0.00656	0.00533	0.00157	0.00550	0.00485	0.00481	0.40164
88	0.01600	0.39812	0.38132	0.01562	0.02361	0.02146	0.01852	0.02108	0.01417	0.01889	0.01090	0.01272	0.00872	0.00618	0.00545	0.00182	0.00872	0.00436	0.00291	0.00945
89	0.02174	0.01686	0.02412	0.01806	0.02364	0.01725	0.18797	0.29871	0.06277	0.11575	0.01693	0.01801	0.01222	0.00748	0.00761	0.00206	0.03801	0.00659	0.00570	0.09853
90	0.01829	0.76368	0.03585	0.01171	0.01756	0.02707	0.01171	0.02049	0.01390	0.01610	0.00951	0.01097	0.00878	0.00585	0.00439	0.00146	0.00732	0.00366	0.00293	0.00878
91	0.01292	0.01216	0.02052	0.74312	0.04712	0.01520	0.01900	0.01748	0.01368	0.01748	0.01216	0.01824	0.00912	0.00684	0.00684	0.00228	0.00912	0.00608	0.00304	0.00760
92	0.01292	0.01216	0.02052	0.74312	0.04712	0.01520	0.01900	0.01748	0.01368	0.01748	0.01216	0.01824	0.00912	0.00684	0.00684	0.00228	0.00912	0.00608	0.00304	0.00760
93	0.01827	0.69670	0.07538	0.01236	0.01838	0.05011	0.01255	0.02078	0.01412	0.01644	0.00971	0.01122	0.00877	0.00593	0.00457	0.00151	0.00765	0.00376	0.00294	0.00883
94	0.00810	0.00689	0.00697	0.00704	0.00927	0.00577	0.00525	0.00981	0.01549	0.01844	0.06801	0.09422	0.68658	0.01750	0.00811	0.00233	0.00349	0.01465	0.00635	0.00577
95	0.01005	0.00762	0.01103	0.01088	0.01188	0.00892	0.00830	0.01213	0.01083	0.01557	0.01828	0.02862	0.01771	0.14167	0.60628	0.01003	0.05297	0.00760	0.00369	0.00592
96	0.01461	0.09051	0.64876	0.01867	0.02830	0.01656	0.02375	0.02195	0.01457	0.04353	0.01253	0.01446	0.00894	0.00651	0.00635	0.00211	0.00976	0.00501	0.00307	0.01006
97	0.01829	0.76368	0.03585	0.01171	0.01756	0.02707	0.01171	0.02049	0.01390	0.01610	0.00951	0.01097	0.00878	0.00585	0.00439	0.00146	0.00732	0.00366	0.00293	0.00878
98	0.01123	0.00668	0.00775	0.00748	0.00909	0.00642	0.00561	0.01444	0.01684	0.02646	0.36494	0.03820	0.04085	0.01095	0.00641	0.00187	0.00321	0.00935	0.40581	0.00642
99	0.00863	0.00701	0.00768	0.00768	0.00979	0.00606	0.00587	0.01077	0.01640	0.02051	0.20295	0.06352	0.53025	0.01673	0.00818	0.00233	0.00361	0.05949	0.00660	0.00596
100	0.00994	0.00665	0.00757	0.00757	0.00761	0.00669	0.00429	0.01002	0.00998	0.01335	0.02145	0.04420	0.02463	0.73701	0.05704	0.00677	0.00701	0.00987	0.00413	0.00421
101	0.02479	0.02820	0.01867	0.01667	0.02045	0.55663	0.01267	0.05716	0.11166	0.06792	0.01426	0.01503	0.01111	0.00750	0.00635	0.00187	0.01076	0.00510	0.00447	0.00873
102	0.00830	0.00608	0.00780	0.00918	0.00983	0.00559	0.00620	0.00957	0.01343	0.01760	0.04194	0.66283	0.13479	0.02088	0.00865	0.00272	0.00390	0.01878	0.00635	0.00559
103	0.02925	0.01288	0.01727	0.01322	0.01855	0.01187	0.03344	0.11446	0.04012	0.59509	0.02527	0.02234	0.01617	0.00837	0.00692	0.00212	0.00621	0.00686	0.00806	0.01154
104	0.01690	0.01635	0.02829	0.04145	0.68885	0.01630	0.04862	0.02103	0.01560	0.02233	0.01291	0.01700	0.01082	0.00608	0.00683	0.00204	0.00827	0.00618	0.00339	0.01077
105	0.01328	0.01253	0.02117	0.67983	0.10758	0.01530	0.01918	0.01780	0.01385	0.01792	0.01222	0.01812	0.00927	0.00677	0.00683	0.00226	0.00903	0.00608	0.00307	0.00789
106	0.01372	0.03539	0.72412	0.01950	0.02961	0.01589	0.02528	0.02167	0.01444	0.02167	0.01228	0.01444	0.00867	0.00650	0.00650	0.00217	0.01011	0.00506	0.00289	0.01011
107	0.01679	0.01611	0.02751	0.06692	0.69308	0.01622	0.02093	0.02087	0.01551	0.02218	0.01284	0.01698	0.01078	0.00612	0.00678	0.00204	0.00816	0.00610	0.00337	0.01072
108	0.01372	0.03539	0.72412	0.01950	0.02961	0.01589	0.02528	0.02167	0.01444	0.02167	0.01228	0.01444	0.00867	0.00650	0.00650	0.00217	0.01011	0.00506	0.00289	0.01011
