[name]
unknown

[dist]
# distance from previous block
# <min> <max>
21	623

[block]
# block no. 0 follows, 33 sequences, length 76
# corresponding to MSA columns:
# 920-951,953-996
name=unknown_A
#
# <colnr> <probs for GDERKNQSTAVLIFYWHMCP>
#	G	D	E	R	K	N	Q	S	T	A	V	L	I	F	Y	W	H	M	C	P
0	0.02195	0.01151	0.01453	0.01086	0.01626	0.00944	0.00884	0.02509	0.03483	0.38956	0.01949	0.01847	0.01341	0.00668	0.00583	0.00156	0.00526	0.00540	0.00617	0.37487
1	0.00932	0.00673	0.00880	0.00828	0.00984	0.00621	0.00621	0.01242	0.01863	0.02640	0.72410	0.04918	0.06212	0.01346	0.00776	0.00207	0.00311	0.01191	0.00725	0.00621
2	0.01243	0.01170	0.01975	0.75282	0.04534	0.01463	0.01828	0.01682	0.01316	0.01682	0.01170	0.01755	0.00878	0.00658	0.00658	0.00219	0.00878	0.00585	0.00293	0.00731
3	0.00957	0.00638	0.00718	0.00718	0.00718	0.00638	0.00399	0.00957	0.00957	0.01276	0.02074	0.04308	0.02393	0.76864	0.03351	0.00638	0.00638	0.00957	0.00399	0.00399
4	0.81514	0.01273	0.00968	0.00866	0.01273	0.01477	0.00713	0.01935	0.01120	0.02954	0.00917	0.01069	0.00713	0.00611	0.00407	0.00204	0.00509	0.00356	0.00407	0.00713
5	0.01243	0.01170	0.01975	0.75282	0.04534	0.01463	0.01828	0.01682	0.01316	0.01682	0.01170	0.01755	0.00878	0.00658	0.00658	0.00219	0.00878	0.00585	0.00293	0.00731
6	0.00932	0.00673	0.00880	0.00828	0.00984	0.00621	0.00621	0.01242	0.01863	0.02640	0.72410	0.04918	0.06212	0.01346	0.00776	0.00207	0.00311	0.01191	0.00725	0.00621
7	0.01365	0.01170	0.01365	0.00975	0.01560	0.00878	0.00780	0.01658	0.01365	0.02145	0.01170	0.01365	0.00975	0.00488	0.00488	0.00098	0.00488	0.00390	0.00390	0.80888
8	0.01629	0.01564	0.02672	0.04041	0.72757	0.01564	0.02020	0.02020	0.01499	0.02151	0.01238	0.01629	0.01043	0.00587	0.00652	0.00196	0.00782	0.00587	0.00326	0.01043
9	0.01243	0.01170	0.01975	0.75282	0.04534	0.01463	0.01828	0.01682	0.01316	0.01682	0.01170	0.01755	0.00878	0.00658	0.00658	0.00219	0.00878	0.00585	0.00293	0.00731
10	0.01320	0.03405	0.73453	0.01876	0.02849	0.01529	0.02432	0.02085	0.01390	0.02085	0.01181	0.01390	0.00834	0.00625	0.00625	0.00208	0.00973	0.00486	0.00278	0.00973
11	0.01629	0.01564	0.02672	0.04041	0.72757	0.01564	0.02020	0.02020	0.01499	0.02151	0.01238	0.01629	0.01043	0.00587	0.00652	0.00196	0.00782	0.00587	0.00326	0.01043
12	0.02954	0.01120	0.01528	0.01171	0.01681	0.00968	0.00968	0.03208	0.01884	0.73213	0.02597	0.02241	0.01630	0.00815	0.00662	0.00204	0.00560	0.00662	0.00815	0.01120
13	0.01243	0.01170	0.01975	0.75282	0.04534	0.01463	0.01828	0.01682	0.01316	0.01682	0.01170	0.01755	0.00878	0.00658	0.00658	0.00219	0.00878	0.00585	0.00293	0.00731
14	0.00778	0.00667	0.00667	0.00667	0.00889	0.00556	0.00500	0.00945	0.01501	0.01778	0.06669	0.06336	0.72490	0.01667	0.00778	0.00222	0.00333	0.01389	0.00611	0.00556
15	0.00802	0.00573	0.00764	0.00917	0.00955	0.00535	0.00611	0.00917	0.01260	0.01681	0.03628	0.76434	0.04354	0.02062	0.00840	0.00267	0.00382	0.01872	0.00611	0.00535
16	0.02954	0.01120	0.01528	0.01171	0.01681	0.00968	0.00968	0.03208	0.01884	0.73213	0.02597	0.02241	0.01630	0.00815	0.00662	0.00204	0.00560	0.00662	0.00815	0.01120
17	0.02954	0.01120	0.01528	0.01171	0.01681	0.00968	0.00968	0.03208	0.01884	0.73213	0.02597	0.02241	0.01630	0.00815	0.00662	0.00204	0.00560	0.00662	0.00815	0.01120
18	0.01061	0.00758	0.01061	0.01212	0.01364	0.00758	0.01061	0.01364	0.01515	0.01970	0.03486	0.07426	0.03789	0.01819	0.00909	0.00303	0.00606	0.68326	0.00606	0.00606
19	0.01554	0.01776	0.03885	0.02775	0.03441	0.01665	0.70366	0.02109	0.01554	0.02109	0.01332	0.01776	0.00999	0.00555	0.00777	0.00222	0.01110	0.00777	0.00333	0.00888
20	0.01521	0.01723	0.03748	0.02693	0.03332	0.01615	0.67311	0.02057	0.01541	0.02090	0.01432	0.05046	0.01146	0.00621	0.00780	0.00224	0.01078	0.00825	0.00345	0.00872
21	0.02461	0.01824	0.01953	0.01506	0.02026	0.02022	0.01241	0.67371	0.06353	0.04083	0.01633	0.01622	0.01162	0.00795	0.00659	0.00199	0.00715	0.00600	0.00659	0.01116
22	0.02069	0.01624	0.01733	0.01412	0.01874	0.01809	0.01137	0.37894	0.33020	0.03442	0.02043	0.01954	0.01503	0.00821	0.00655	0.00204	0.00624	0.00649	0.00651	0.04881
23	0.01916	0.02165	0.02363	0.01903	0.02288	0.29512	0.19425	0.06735	0.04017	0.01966	0.01202	0.01514	0.00983	0.00889	0.03630	0.00236	0.13690	0.00573	0.00364	0.04628
24	0.02491	0.02184	0.01947	0.01562	0.02040	0.21027	0.01257	0.52693	0.02772	0.03481	0.01432	0.01477	0.01048	0.00761	0.00641	0.00190	0.00846	0.00548	0.00575	0.01026
25	0.01270	0.01197	0.02023	0.70342	0.09265	0.01470	0.01842	0.01705	0.01329	0.01715	0.01175	0.01746	0.00889	0.00653	0.00658	0.00218	0.00871	0.00585	0.00295	0.00753
26	0.23147	0.01478	0.01509	0.01216	0.01661	0.01626	0.00992	0.34919	0.06731	0.10449	0.01630	0.01697	0.01192	0.02638	0.00647	0.00209	0.00607	0.00558	0.06140	0.00955
27	0.01559	0.01649	0.02919	0.02209	0.02671	0.08148	0.42927	0.01959	0.01482	0.04594	0.01601	0.10818	0.01431	0.01012	0.04122	0.00265	0.08590	0.00850	0.00382	0.00812
28	0.01398	0.05728	0.52546	0.02085	0.02962	0.01605	0.20253	0.02087	0.01431	0.02071	0.01211	0.01479	0.00878	0.00605	0.00658	0.00210	0.00999	0.00558	0.00293	0.00946
29	0.01520	0.01482	0.02610	0.22653	0.47894	0.01548	0.08792	0.01940	0.01456	0.02023	0.01230	0.01677	0.00995	0.00602	0.00666	0.00204	0.00840	0.00605	0.00318	0.00945
30	0.02857	0.01099	0.01497	0.01155	0.01647	0.00951	0.00951	0.03115	0.01883	0.69855	0.05919	0.02368	0.01848	0.00840	0.00667	0.00204	0.00548	0.00687	0.00811	0.01097
31	0.01089	0.00683	0.00905	0.00893	0.01043	0.00626	0.00652	0.01327	0.01660	0.09357	0.41982	0.29043	0.05121	0.01537	0.00787	0.00227	0.00360	0.01370	0.00695	0.00642
32	0.02912	0.01130	0.01527	0.01177	0.01682	0.00989	0.00970	0.03217	0.04070	0.71003	0.02600	0.02247	0.01642	0.00817	0.00662	0.00204	0.00559	0.00665	0.00810	0.01118
33	0.05433	0.01230	0.01541	0.01214	0.01702	0.01173	0.00994	0.08991	0.11905	0.54807	0.02464	0.02174	0.01608	0.00817	0.00654	0.00206	0.00567	0.00657	0.00767	0.01095
34	0.01320	0.03405	0.73453	0.01876	0.02849	0.01529	0.02432	0.02085	0.01390	0.02085	0.01181	0.01390	0.00834	0.00625	0.00625	0.00208	0.00973	0.00486	0.00278	0.00973
35	0.00811	0.00579	0.00774	0.00927	0.00969	0.00542	0.00626	0.00932	0.01269	0.01690	0.03624	0.74117	0.04335	0.02054	0.00843	0.00269	0.00389	0.04103	0.00611	0.00537
36	0.01480	0.30203	0.48052	0.01604	0.02429	0.01919	0.01958	0.02044	0.01371	0.01890	0.01085	0.01269	0.00838	0.00603	0.00552	0.00184	0.00875	0.00438	0.00279	0.00926
37	0.01793	0.73733	0.03374	0.01154	0.01706	0.06012	0.01133	0.02003	0.01363	0.01552	0.00920	0.01062	0.00845	0.00569	0.00431	0.00142	0.00727	0.00355	0.00284	0.00841
38	0.01609	0.13585	0.37704	0.01932	0.02718	0.01667	0.19963	0.02187	0.01475	0.09112	0.01323	0.01527	0.00958	0.00617	0.00639	0.00202	0.00928	0.00561	0.00347	0.00946
39	0.04330	0.01533	0.02751	0.02055	0.05212	0.01383	0.37539	0.04498	0.01526	0.02230	0.01264	0.01589	0.00986	0.00542	0.00650	0.00174	0.00836	0.00608	0.00368	0.29924
40	0.01307	0.01168	0.01958	0.72508	0.04427	0.01444	0.01796	0.01739	0.01338	0.04359	0.01224	0.01773	0.00906	0.00664	0.00658	0.00219	0.00866	0.00588	0.00312	0.00746
41	0.00802	0.00573	0.00764	0.00917	0.00955	0.00535	0.00611	0.00917	0.01260	0.01681	0.03628	0.76434	0.04354	0.02062	0.00840	0.00267	0.00382	0.01872	0.00611	0.00535
42	0.00807	0.00579	0.00759	0.00901	0.00944	0.00539	0.00599	0.00919	0.01257	0.01669	0.03675	0.71320	0.06628	0.04849	0.00932	0.00280	0.00390	0.01821	0.00603	0.00530
43	0.09471	0.01420	0.04369	0.03928	0.04404	0.01342	0.02803	0.17889	0.03740	0.40721	0.02047	0.01916	0.01355	0.00767	0.00640	0.00204	0.00639	0.00613	0.00674	0.01056
44	0.01961	0.01400	0.01576	0.08700	0.02009	0.04182	0.01118	0.05332	0.43668	0.18960	0.02413	0.02261	0.01737	0.00840	0.00664	0.00216	0.00597	0.00693	0.00653	0.01021
45	0.00932	0.00673	0.00880	0.00828	0.00984	0.00621	0.00621	0.01242	0.01863	0.02640	0.72410	0.04918	0.06212	0.01346	0.00776	0.00207	0.00311	0.01191	0.00725	0.00621
46	0.00873	0.00646	0.00815	0.00825	0.00961	0.00588	0.00599	0.01108	0.01646	0.02247	0.43593	0.23960	0.16536	0.01587	0.00794	0.00225	0.00333	0.01402	0.00676	0.00588
47	0.01276	0.01229	0.02131	0.66689	0.04342	0.01499	0.07368	0.01713	0.01324	0.01713	0.01172	0.01745	0.00887	0.00668	0.00723	0.00222	0.03659	0.00600	0.00296	0.00744
48	0.02954	0.01120	0.01528	0.01171	0.01681	0.00968	0.00968	0.03208	0.01884	0.73213	0.02597	0.02241	0.01630	0.00815	0.00662	0.00204	0.00560	0.00662	0.00815	0.01120
49	0.01440	0.01440	0.02016	0.01728	0.01728	0.02016	0.01440	0.01584	0.01008	0.01584	0.00864	0.01440	0.00864	0.01152	0.02160	0.00288	0.75659	0.00576	0.00288	0.00720
50	0.00816	0.00607	0.00764	0.00878	0.00966	0.00555	0.00614	0.00959	0.01346	0.01748	0.06358	0.54956	0.19120	0.01941	0.00829	0.00258	0.00383	0.05740	0.00614	0.00546
51	0.01655	0.59558	0.20229	0.01306	0.01968	0.02347	0.01439	0.01998	0.01350	0.01677	0.00979	0.01136	0.00842	0.00578	0.00471	0.00157	0.00768	0.00384	0.00281	0.00876
52	0.01637	0.01414	0.01489	0.01340	0.01712	0.01637	0.01042	0.03498	0.71568	0.02754	0.02679	0.02456	0.02010	0.00893	0.00670	0.00223	0.00521	0.00744	0.00670	0.01042
53	0.01227	0.00614	0.00614	0.00614	0.00767	0.00614	0.00460	0.01534	0.01381	0.02454	0.02148	0.02454	0.01687	0.00767	0.00460	0.00153	0.00307	0.00614	0.80518	0.00614
54	0.01586	0.47982	0.31201	0.01424	0.02149	0.02178	0.01644	0.02016	0.01358	0.01761	0.01021	0.01188	0.00841	0.00588	0.00503	0.00168	0.00811	0.00405	0.00280	0.00896
55	0.00957	0.00638	0.00718	0.00718	0.00718	0.00638	0.00399	0.00957	0.00957	0.01276	0.02074	0.04308	0.02393	0.76864	0.03351	0.00638	0.00638	0.00957	0.00399	0.00399
56	0.01637	0.01414	0.01489	0.01340	0.01712	0.01637	0.01042	0.03498	0.71568	0.02754	0.02679	0.02456	0.02010	0.00893	0.00670	0.00223	0.00521	0.00744	0.00670	0.01042
57	0.01303	0.01230	0.02066	0.58285	0.18036	0.01449	0.01818	0.01722	0.01360	0.01779	0.01387	0.01899	0.03556	0.00681	0.00661	0.00215	0.00838	0.00615	0.00311	0.00787
58	0.01597	0.49898	0.29385	0.01404	0.02119	0.02206	0.01610	0.02013	0.01357	0.01747	0.01014	0.01180	0.00841	0.00586	0.00498	0.00166	0.00804	0.00402	0.00280	0.00892
59	0.01591	0.01525	0.02603	0.11152	0.65948	0.01554	0.02001	0.01987	0.01481	0.02104	0.01232	0.01642	0.01026	0.00594	0.00652	0.00198	0.00792	0.00586	0.00323	0.01012
60	0.00928	0.00671	0.00868	0.00820	0.00971	0.00620	0.00610	0.01223	0.01820	0.02565	0.67940	0.04935	0.07958	0.04145	0.00872	0.00223	0.00323	0.01188	0.00709	0.00611
61	0.02222	0.02026	0.26643	0.01471	0.02133	0.01345	0.01517	0.10724	0.07676	0.34454	0.01992	0.01885	0.01324	0.00752	0.00650	0.00206	0.00720	0.00600	0.00597	0.01062
62	0.01885	0.01243	0.01481	0.01090	0.01649	0.01046	0.00884	0.10720	0.01706	0.19217	0.01560	0.01600	0.01148	0.00603	0.00550	0.00135	0.00535	0.00480	0.00524	0.51945
63	0.01012	0.00730	0.00983	0.01085	0.01241	0.00710	0.00920	0.01282	0.01540	0.02010	0.12892	0.06798	0.12388	0.01752	0.00926	0.02716	0.00533	0.49279	0.00613	0.00592
64	0.00959	0.00803	0.01189	0.27864	0.02244	0.00874	0.01037	0.01198	0.01315	0.01695	0.03167	0.39410	0.12742	0.01497	0.00765	0.00244	0.00555	0.01336	0.00496	0.00609
65	0.01938	0.01245	0.02179	0.04144	0.02220	0.01158	0.23957	0.02345	0.03801	0.29255	0.09920	0.07743	0.02194	0.00915	0.00736	0.00220	0.00714	0.03806	0.00600	0.00910
66	0.01235	0.01152	0.01935	0.72037	0.04395	0.01432	0.01795	0.01668	0.01325	0.01695	0.01272	0.02004	0.01005	0.00709	0.00669	0.00223	0.00866	0.03552	0.00306	0.00726
67	0.02954	0.01120	0.01528	0.01171	0.01681	0.00968	0.00968	0.03208	0.01884	0.73213	0.02597	0.02241	0.01630	0.00815	0.00662	0.00204	0.00560	0.00662	0.00815	0.01120
68	0.01243	0.01170	0.01975	0.75282	0.04534	0.01463	0.01828	0.01682	0.01316	0.01682	0.01170	0.01755	0.00878	0.00658	0.00658	0.00219	0.00878	0.00585	0.00293	0.00731
69	0.01515	0.36111	0.42452	0.01544	0.02336	0.02005	0.01854	0.02035	0.01367	0.01847	0.01064	0.01242	0.00839	0.00598	0.00536	0.00179	0.00854	0.00427	0.00280	0.00916
70	0.01434	0.01212	0.01936	0.01532	0.01885	0.01265	0.22801	0.02145	0.16614	0.02350	0.01916	0.02170	0.01483	0.00754	0.00723	0.00200	0.05779	0.00691	0.32312	0.00801
71	0.01365	0.01170	0.01365	0.00975	0.01560	0.00878	0.00780	0.01658	0.01365	0.02145	0.01170	0.01365	0.00975	0.00488	0.00488	0.00098	0.00488	0.00390	0.00390	0.80888
72	0.02290	0.02067	0.01917	0.01560	0.02011	0.20221	0.04227	0.39059	0.11542	0.03172	0.01591	0.01636	0.01182	0.00764	0.00641	0.00193	0.00817	0.00578	0.03540	0.00990
73	0.00942	0.00701	0.01034	0.01034	0.01144	0.00810	0.00794	0.01160	0.01051	0.01511	0.01785	0.02706	0.01698	0.09925	0.69339	0.01029	0.01685	0.00723	0.00356	0.00575
74	0.01951	0.01570	0.01665	0.01403	0.01832	0.01784	0.01118	0.27832	0.46723	0.03260	0.02281	0.02138	0.01687	0.00856	0.00666	0.00214	0.00595	0.00689	0.00666	0.01070
75	0.02316	0.01090	0.01640	0.01342	0.01773	0.00982	0.07919	0.02613	0.01754	0.47377	0.02705	0.03558	0.02135	0.01053	0.00739	0.00232	0.00627	0.18471	0.00712	0.00962

[dist]
# distance from previous block
# <min> <max>
1	3

[block]
# block no. 1 follows, 33 sequences, length 14
# corresponding to MSA columns:
# 1000-1013
name=unknown_B
#
# <colnr> <probs for GDERKNQSTAVLIFYWHMCP>
#	G	D	E	R	K	N	Q	S	T	A	V	L	I	F	Y	W	H	M	C	P
0	0.01461	0.01237	0.01336	0.01251	0.01552	0.01405	0.00951	0.02954	0.56757	0.02528	0.02879	0.18040	0.02503	0.01139	0.00706	0.00233	0.00492	0.00982	0.00657	0.00935
1	0.00802	0.00573	0.00764	0.00917	0.00955	0.00535	0.00611	0.00917	0.01260	0.01681	0.03628	0.76434	0.04354	0.02062	0.00840	0.00267	0.00382	0.01872	0.00611	0.00535
2	0.02819	0.01150	0.01524	0.01189	0.01684	0.01036	0.00975	0.03238	0.09029	0.65989	0.02606	0.02263	0.01669	0.00823	0.00663	0.00206	0.00556	0.00670	0.00800	0.01112
3	0.01227	0.00614	0.00614	0.00614	0.00767	0.00614	0.00460	0.01534	0.01381	0.02454	0.02148	0.02454	0.01687	0.00767	0.00460	0.00153	0.00307	0.00614	0.80518	0.00614
4	0.01365	0.01170	0.01365	0.00975	0.01560	0.00878	0.00780	0.01658	0.01365	0.02145	0.01170	0.01365	0.00975	0.00488	0.00488	0.00098	0.00488	0.00390	0.00390	0.80888
5	0.00802	0.00573	0.00764	0.00917	0.00955	0.00535	0.00611	0.00917	0.01260	0.01681	0.03628	0.76434	0.04354	0.02062	0.00840	0.00267	0.00382	0.01872	0.00611	0.00535
6	0.02459	0.03138	0.01866	0.01696	0.02035	0.74221	0.01272	0.02629	0.01866	0.01611	0.01018	0.01187	0.00848	0.00678	0.00594	0.00170	0.01187	0.00424	0.00339	0.00763
7	0.01365	0.01170	0.01365	0.00975	0.01560	0.00878	0.00780	0.01658	0.01365	0.02145	0.01170	0.01365	0.00975	0.00488	0.00488	0.00098	0.00488	0.00390	0.00390	0.80888
8	0.02654	0.02344	0.01733	0.01490	0.01896	0.45393	0.01152	0.02857	0.01873	0.29789	0.01639	0.01602	0.01156	0.00732	0.00621	0.00183	0.00940	0.00518	0.00526	0.00904
9	0.01365	0.01170	0.01365	0.00975	0.01560	0.00878	0.00780	0.01658	0.01365	0.02145	0.01170	0.01365	0.00975	0.00488	0.00488	0.00098	0.00488	0.00390	0.00390	0.80888
10	0.01382	0.02374	0.33915	0.02177	0.02927	0.01496	0.33592	0.01997	0.01499	0.02116	0.05746	0.01989	0.04275	0.00680	0.00711	0.00215	0.00969	0.00701	0.00344	0.00895
11	0.01144	0.00935	0.01129	0.00952	0.01322	0.00743	0.00714	0.01366	0.01324	0.01962	0.02138	0.30907	0.02305	0.01107	0.00626	0.00164	0.00446	0.00973	0.00477	0.49267
12	0.01098	0.01046	0.01992	0.01648	0.01933	0.00979	0.28062	0.01386	0.01376	0.01849	0.02725	0.47054	0.03034	0.01469	0.00815	0.00249	0.00668	0.01441	0.00502	0.00674
13	0.02052	0.01620	0.01722	0.01424	0.01870	0.01831	0.01142	0.35665	0.38725	0.03423	0.02152	0.02036	0.01583	0.00844	0.00664	0.00211	0.00619	0.00672	0.00664	0.01079

[dist]
# distance from previous block
# <min> <max>
0	5

[block]
# block no. 2 follows, 33 sequences, length 74
# corresponding to MSA columns:
# 1028-1076,1087-1111
name=unknown_C
#
# <colnr> <probs for GDERKNQSTAVLIFYWHMCP>
#	G	D	E	R	K	N	Q	S	T	A	V	L	I	F	Y	W	H	M	C	P
0	0.01005	0.01683	0.29252	0.01293	0.01697	0.00924	0.01325	0.01375	0.01311	0.01839	0.02669	0.47023	0.02974	0.01499	0.00756	0.00244	0.00614	0.01329	0.00481	0.00706
1	0.01562	0.01752	0.03751	0.02914	0.11092	0.01654	0.62822	0.02099	0.01548	0.02113	0.01322	0.01760	0.01004	0.00558	0.00763	0.00219	0.01074	0.00756	0.00332	0.00905
2	0.01588	0.48315	0.30885	0.01420	0.02144	0.02183	0.01638	0.02016	0.01358	0.01759	0.01020	0.01187	0.00841	0.00588	0.00502	0.00167	0.00809	0.00405	0.00280	0.00895
3	0.00957	0.00638	0.00718	0.00718	0.00718	0.00638	0.00399	0.00957	0.00957	0.01276	0.02074	0.04308	0.02393	0.76864	0.03351	0.00638	0.00638	0.00957	0.00399	0.00399
4	0.02503	0.01844	0.01976	0.01515	0.02042	0.02042	0.01251	0.70562	0.03095	0.04149	0.01581	0.01581	0.01120	0.00790	0.00659	0.00198	0.00724	0.00593	0.00659	0.01120
5	0.01600	0.01647	0.03147	0.03545	0.45591	0.01604	0.28807	0.02055	0.01520	0.02134	0.01275	0.01687	0.01026	0.00574	0.00701	0.00206	0.00911	0.00661	0.00329	0.00982
6	0.01243	0.01170	0.01975	0.75282	0.04534	0.01463	0.01828	0.01682	0.01316	0.01682	0.01170	0.01755	0.00878	0.00658	0.00658	0.00219	0.00878	0.00585	0.00293	0.00731
7	0.00957	0.00638	0.00718	0.00718	0.00718	0.00638	0.00399	0.00957	0.00957	0.01276	0.02074	0.04308	0.02393	0.76864	0.03351	0.00638	0.00638	0.00957	0.00399	0.00399
8	0.02679	0.01560	0.01800	0.01380	0.01900	0.01621	0.01140	0.44165	0.02621	0.31217	0.01979	0.01839	0.01319	0.00800	0.00660	0.00200	0.00660	0.00620	0.00720	0.01120
9	0.01395	0.01276	0.01620	0.01270	0.01626	0.01324	0.01039	0.01629	0.01225	0.01925	0.01050	0.01395	0.00932	0.00748	0.01143	0.00172	0.29949	0.00463	0.00350	0.49469
10	0.02161	0.00945	0.01274	0.01037	0.01407	0.00832	0.00832	0.02438	0.01876	0.45554	0.29958	0.03290	0.03425	0.01023	0.00707	0.00205	0.00462	0.00869	0.00779	0.00925
11	0.00778	0.00667	0.00667	0.00667	0.00889	0.00556	0.00500	0.00945	0.01501	0.01778	0.06669	0.06336	0.72490	0.01667	0.00778	0.00222	0.00333	0.01389	0.00611	0.00556
12	0.01243	0.01170	0.01975	0.75282	0.04534	0.01463	0.01828	0.01682	0.01316	0.01682	0.01170	0.01755	0.00878	0.00658	0.00658	0.00219	0.00878	0.00585	0.00293	0.00731
13	0.81514	0.01273	0.00968	0.00866	0.01273	0.01477	0.00713	0.01935	0.01120	0.02954	0.00917	0.01069	0.00713	0.00611	0.00407	0.00204	0.00509	0.00356	0.00407	0.00713
14	0.00932	0.00673	0.00880	0.00828	0.00984	0.00621	0.00621	0.01242	0.01863	0.02640	0.72410	0.04918	0.06212	0.01346	0.00776	0.00207	0.00311	0.01191	0.00725	0.00621
15	0.00872	0.00671	0.00796	0.00765	0.00947	0.00596	0.00574	0.01126	0.01721	0.02302	0.46645	0.05473	0.32188	0.01472	0.00777	0.00213	0.00320	0.01268	0.00680	0.00596
16	0.01493	0.32351	0.46017	0.01582	0.02395	0.01951	0.01921	0.02040	0.01369	0.01875	0.01077	0.01259	0.00838	0.00601	0.00546	0.00182	0.00868	0.00434	0.00279	0.00923
17	0.00957	0.00638	0.00718	0.00718	0.00718	0.00638	0.00399	0.00957	0.00957	0.01276	0.02074	0.04308	0.02393	0.76864	0.03351	0.00638	0.00638	0.00957	0.00399	0.00399
18	0.02954	0.01120	0.01528	0.01171	0.01681	0.00968	0.00968	0.03208	0.01884	0.73213	0.02597	0.02241	0.01630	0.00815	0.00662	0.00204	0.00560	0.00662	0.00815	0.01120
19	0.32938	0.01450	0.02004	0.02796	0.44741	0.01530	0.01508	0.01987	0.01351	0.02465	0.01112	0.01410	0.00914	0.00596	0.00556	0.00199	0.00675	0.00496	0.00358	0.00914
20	0.01165	0.01011	0.01624	0.42125	0.07168	0.01168	0.01489	0.01527	0.01377	0.01790	0.02097	0.11588	0.02090	0.01136	0.00749	0.00247	0.00741	0.19799	0.00418	0.00692
21	0.00779	0.00662	0.00672	0.00681	0.00893	0.00555	0.00507	0.00943	0.01487	0.01773	0.06494	0.10364	0.68574	0.01690	0.00782	0.00225	0.00336	0.01417	0.00611	0.00555
22	0.01365	0.01170	0.01365	0.00975	0.01560	0.00878	0.00780	0.01658	0.01365	0.02145	0.01170	0.01365	0.00975	0.00488	0.00488	0.00098	0.00488	0.00390	0.00390	0.80888
23	0.81514	0.01273	0.00968	0.00866	0.01273	0.01477	0.00713	0.01935	0.01120	0.02954	0.00917	0.01069	0.00713	0.00611	0.00407	0.00204	0.00509	0.00356	0.00407	0.00713
24	0.00957	0.00638	0.00718	0.00718	0.00718	0.00638	0.00399	0.00957	0.00957	0.01276	0.02074	0.04308	0.02393	0.76864	0.03351	0.00638	0.00638	0.00957	0.00399	0.00399
25	0.09310	0.01713	0.02519	0.01902	0.02429	0.05635	0.28233	0.24394	0.03894	0.06529	0.01591	0.05948	0.01256	0.00753	0.00689	0.00211	0.00847	0.00715	0.00496	0.00936
26	0.00847	0.00632	0.00843	0.00966	0.01012	0.00628	0.00671	0.00971	0.01262	0.01688	0.03554	0.67666	0.06127	0.01990	0.00917	0.00268	0.04715	0.04101	0.00592	0.00548
27	0.00802	0.00573	0.00764	0.00917	0.00955	0.00535	0.00611	0.00917	0.01260	0.01681	0.03628	0.76434	0.04354	0.02062	0.00840	0.00267	0.00382	0.01872	0.00611	0.00535
28	0.02257	0.01317	0.01544	0.01247	0.01713	0.01330	0.01006	0.13201	0.24902	0.31630	0.02460	0.02249	0.03556	0.00832	0.00652	0.00201	0.00559	0.00675	0.00702	0.07968
29	0.01554	0.01776	0.03885	0.02775	0.03441	0.01665	0.70366	0.02109	0.01554	0.02109	0.01332	0.01776	0.00999	0.00555	0.00777	0.00222	0.01110	0.00777	0.00333	0.00888
30	0.01746	0.74898	0.05688	0.01150	0.01727	0.02570	0.01168	0.01975	0.01339	0.01566	0.00924	0.01067	0.00844	0.00565	0.00429	0.00143	0.00713	0.00356	0.00281	0.00849
31	0.01760	0.77260	0.03450	0.01126	0.01690	0.02605	0.01126	0.01971	0.01338	0.01549	0.00915	0.01056	0.00845	0.00563	0.00422	0.00141	0.00704	0.00352	0.00282	0.00845
32	0.01583	0.01693	0.03409	0.03271	0.30607	0.01625	0.43580	0.02074	0.01532	0.02125	0.01295	0.01718	0.01016	0.00567	0.00728	0.00212	0.00981	0.00702	0.00330	0.00949
33	0.00942	0.00659	0.00817	0.00785	0.00879	0.00628	0.00534	0.01131	0.01508	0.02106	0.44844	0.04679	0.04715	0.30943	0.01785	0.00376	0.00439	0.01099	0.00597	0.00534
34	0.01637	0.01414	0.01489	0.01340	0.01712	0.01637	0.01042	0.03498	0.71568	0.02754	0.02679	0.02456	0.02010	0.00893	0.00670	0.00223	0.00521	0.00744	0.00670	0.01042
35	0.00802	0.00573	0.00764	0.00917	0.00955	0.00535	0.00611	0.00917	0.01260	0.01681	0.03628	0.76434	0.04354	0.02062	0.00840	0.00267	0.00382	0.01872	0.00611	0.00535
36	0.00802	0.00573	0.00764	0.00917	0.00955	0.00535	0.00611	0.00917	0.01260	0.01681	0.03628	0.76434	0.04354	0.02062	0.00840	0.00267	0.00382	0.01872	0.00611	0.00535
37	0.01629	0.01564	0.02672	0.04041	0.72757	0.01564	0.02020	0.02020	0.01499	0.02151	0.01238	0.01629	0.01043	0.00587	0.00652	0.00196	0.00782	0.00587	0.00326	0.01043
38	0.02904	0.01200	0.01577	0.01209	0.01720	0.01086	0.00999	0.10643	0.02018	0.65589	0.02485	0.02168	0.01573	0.00812	0.00662	0.00203	0.00578	0.00654	0.00798	0.01120
39	0.81514	0.01273	0.00968	0.00866	0.01273	0.01477	0.00713	0.01935	0.01120	0.02954	0.00917	0.01069	0.00713	0.00611	0.00407	0.00204	0.00509	0.00356	0.00407	0.00713
40	0.00881	0.00634	0.00834	0.00863	0.00972	0.00587	0.00617	0.01115	0.01627	0.02264	0.45453	0.32946	0.05484	0.01627	0.00801	0.00231	0.00339	0.01457	0.00680	0.00587
41	0.00957	0.00638	0.00718	0.00718	0.00718	0.00638	0.00399	0.00957	0.00957	0.01276	0.02074	0.04308	0.02393	0.76864	0.03351	0.00638	0.00638	0.00957	0.00399	0.00399
42	0.01493	0.32351	0.46017	0.01582	0.02395	0.01951	0.01921	0.02040	0.01369	0.01875	0.01077	0.01259	0.00838	0.00601	0.00546	0.00182	0.00868	0.00434	0.00279	0.00923
43	0.01724	0.00848	0.01134	0.00963	0.01257	0.00757	0.00757	0.02013	0.01872	0.30299	0.45049	0.03868	0.04416	0.01138	0.00732	0.00206	0.00408	0.00983	0.00760	0.00817
44	0.00802	0.00573	0.00764	0.00917	0.00955	0.00535	0.00611	0.00917	0.01260	0.01681	0.03628	0.76434	0.04354	0.02062	0.00840	0.00267	0.00382	0.01872	0.00611	0.00535
45	0.00863	0.00599	0.00746	0.00839	0.00862	0.00575	0.00528	0.00933	0.01142	0.01522	0.03019	0.48166	0.03586	0.31379	0.01824	0.00413	0.00482	0.01513	0.00528	0.00481
46	0.00932	0.00673	0.00880	0.00828	0.00984	0.00621	0.00621	0.01242	0.01863	0.02640	0.72410	0.04918	0.06212	0.01346	0.00776	0.00207	0.00311	0.01191	0.00725	0.00621
47	0.01243	0.01170	0.01975	0.75282	0.04534	0.01463	0.01828	0.01682	0.01316	0.01682	0.01170	0.01755	0.00878	0.00658	0.00658	0.00219	0.00878	0.00585	0.00293	0.00731
48	0.00802	0.00573	0.00764	0.00917	0.00955	0.00535	0.00611	0.00917	0.01260	0.01681	0.03628	0.76434	0.04354	0.02062	0.00840	0.00267	0.00382	0.01872	0.00611	0.00535
49	0.02101	0.00943	0.01190	0.00974	0.01370	0.00806	0.00784	0.02321	0.01734	0.45216	0.04193	0.03846	0.29401	0.01149	0.00708	0.00211	0.00471	0.00947	0.00735	0.00899
50	0.01227	0.00614	0.00614	0.00614	0.00767	0.00614	0.00460	0.01534	0.01381	0.02454	0.02148	0.02454	0.01687	0.00767	0.00460	0.00153	0.00307	0.00614	0.80518	0.00614
51	0.01046	0.00747	0.01044	0.01195	0.01340	0.00745	0.01035	0.01338	0.01501	0.01954	0.03494	0.11392	0.03821	0.01833	0.00905	0.00301	0.00593	0.64507	0.00606	0.00602
52	0.00957	0.00638	0.00718	0.00718	0.00718	0.00638	0.00399	0.00957	0.00957	0.01276	0.02074	0.04308	0.02393	0.76864	0.03351	0.00638	0.00638	0.00957	0.00399	0.00399
53	0.01760	0.77260	0.03450	0.01126	0.01690	0.02605	0.01126	0.01971	0.01338	0.01549	0.00915	0.01056	0.00845	0.00563	0.00422	0.00141	0.00704	0.00352	0.00282	0.00845
54	0.04728	0.01516	0.01692	0.01339	0.01826	0.03913	0.01092	0.29358	0.12811	0.31499	0.02116	0.01950	0.01438	0.00807	0.00653	0.00203	0.00637	0.00631	0.00705	0.01085
55	0.01732	0.01704	0.03086	0.02243	0.02832	0.01680	0.43762	0.16847	0.01835	0.02524	0.01341	0.01669	0.01015	0.00633	0.00799	0.00207	0.05242	0.00683	0.00407	0.09759
56	0.01426	0.01320	0.01236	0.01150	0.01444	0.09428	0.00875	0.04685	0.33866	0.02279	0.03682	0.11541	0.21950	0.01212	0.00710	0.00221	0.00535	0.01009	0.00609	0.00820
57	0.02491	0.02950	0.01851	0.01655	0.02015	0.66063	0.01253	0.06266	0.01932	0.05978	0.01141	0.01270	0.00909	0.00692	0.00601	0.00173	0.01126	0.00447	0.00384	0.00803
58	0.02503	0.01844	0.01976	0.01515	0.02042	0.02042	0.01251	0.70562	0.03095	0.04149	0.01581	0.01581	0.01120	0.00790	0.00659	0.00198	0.00724	0.00593	0.00659	0.01120
59	0.00940	0.00719	0.00892	0.00979	0.01161	0.00671	0.00821	0.01185	0.01509	0.01888	0.04847	0.06960	0.33157	0.01754	0.00853	0.00269	0.00490	0.39712	0.00608	0.00585
60	0.00797	0.00668	0.00693	0.00686	0.00901	0.00564	0.00515	0.00981	0.01545	0.01883	0.14652	0.06163	0.64442	0.01628	0.00778	0.00220	0.00331	0.01365	0.00625	0.00564
61	0.01227	0.00614	0.00614	0.00614	0.00767	0.00614	0.00460	0.01534	0.01381	0.02454	0.02148	0.02454	0.01687	0.00767	0.00460	0.00153	0.00307	0.00614	0.80518	0.00614
62	0.00802	0.00573	0.00764	0.00917	0.00955	0.00535	0.00611	0.00917	0.01260	0.01681	0.03628	0.76434	0.04354	0.02062	0.00840	0.00267	0.00382	0.01872	0.00611	0.00535
63	0.02459	0.03138	0.01866	0.01696	0.02035	0.74221	0.01272	0.02629	0.01866	0.01611	0.01018	0.01187	0.00848	0.00678	0.00594	0.00170	0.01187	0.00424	0.00339	0.00763
64	0.78703	0.01339	0.01000	0.00895	0.01300	0.04064	0.00733	0.01960	0.01147	0.02906	0.00920	0.01074	0.00718	0.00613	0.00414	0.00202	0.00533	0.00359	0.00405	0.00715
65	0.01554	0.01776	0.03885	0.02775	0.03441	0.01665	0.70366	0.02109	0.01554	0.02109	0.01332	0.01776	0.00999	0.00555	0.00777	0.00222	0.01110	0.00777	0.00333	0.00888
66	0.00921	0.00664	0.00873	0.00850	0.00992	0.00616	0.00634	0.01210	0.01786	0.02513	0.62701	0.12889	0.05932	0.01439	0.00788	0.00217	0.00328	0.03328	0.00709	0.00611
67	0.00903	0.00645	0.00880	0.01033	0.01115	0.00622	0.00787	0.01092	0.01360	0.01794	0.03572	0.49388	0.04133	0.01967	0.00867	0.00281	0.00470	0.27917	0.00609	0.00563
68	0.01521	0.01453	0.02476	0.24098	0.53550	0.01536	0.01966	0.01925	0.01448	0.02019	0.01219	0.01665	0.00996	0.00607	0.00654	0.00202	0.00809	0.00586	0.00316	0.00955
69	0.01256	0.01184	0.01998	0.72850	0.06862	0.01466	0.01835	0.01694	0.01323	0.01698	0.01172	0.01751	0.00883	0.00656	0.00658	0.00219	0.00874	0.00585	0.00294	0.00742
70	0.01568	0.45029	0.34000	0.01454	0.02196	0.02135	0.01696	0.02021	0.01360	0.01783	0.01031	0.01202	0.00840	0.00590	0.00511	0.00170	0.00821	0.00411	0.00280	0.00901
71	0.02565	0.01622	0.01824	0.01411	0.01923	0.01728	0.01162	0.48101	0.07370	0.22469	0.01925	0.01815	0.01315	0.00804	0.00660	0.00201	0.00667	0.00621	0.00701	0.01115
72	0.00787	0.00667	0.00679	0.00676	0.00895	0.00560	0.00507	0.00962	0.01521	0.01828	0.10447	0.06254	0.68681	0.01649	0.00778	0.00221	0.00332	0.01378	0.00618	0.00560
73	0.01549	0.01678	0.02739	0.02136	0.02419	0.06405	0.28443	0.01855	0.01276	0.01792	0.01057	0.01556	0.00916	0.00888	0.01520	0.00255	0.41773	0.00645	0.00309	0.00789

[dist]
# distance from previous block
# <min> <max>
0	1

[block]
# block no. 3 follows, 33 sequences, length 106
# corresponding to MSA columns:
# 1133-1179,1183-1206,1208-1242
name=unknown_D
#
# <colnr> <probs for GDERKNQSTAVLIFYWHMCP>
#	G	D	E	R	K	N	Q	S	T	A	V	L	I	F	Y	W	H	M	C	P
0	0.35952	0.01606	0.01511	0.01232	0.01692	0.03687	0.01009	0.34973	0.07005	0.03477	0.01361	0.01414	0.01002	0.00719	0.00551	0.00201	0.00631	0.00499	0.00544	0.00932
1	0.02662	0.01588	0.01817	0.01393	0.01914	0.01661	0.01151	0.46699	0.02666	0.28619	0.01941	0.01814	0.01300	0.00799	0.00660	0.00200	0.00666	0.00617	0.00714	0.01120
2	0.02459	0.03138	0.01866	0.01696	0.02035	0.74221	0.01272	0.02629	0.01866	0.01611	0.01018	0.01187	0.00848	0.00678	0.00594	0.00170	0.01187	0.00424	0.00339	0.00763
3	0.02954	0.01120	0.01528	0.01171	0.01681	0.00968	0.00968	0.03208	0.01884	0.73213	0.02597	0.02241	0.01630	0.00815	0.00662	0.00204	0.00560	0.00662	0.00815	0.01120
4	0.01243	0.01170	0.01975	0.75282	0.04534	0.01463	0.01828	0.01682	0.01316	0.01682	0.01170	0.01755	0.00878	0.00658	0.00658	0.00219	0.00878	0.00585	0.00293	0.00731
5	0.00957	0.00638	0.00718	0.00718	0.00718	0.00638	0.00399	0.00957	0.00957	0.01276	0.02074	0.04308	0.02393	0.76864	0.03351	0.00638	0.00638	0.00957	0.00399	0.00399
6	0.00802	0.00573	0.00764	0.00917	0.00955	0.00535	0.00611	0.00917	0.01260	0.01681	0.03628	0.76434	0.04354	0.02062	0.00840	0.00267	0.00382	0.01872	0.00611	0.00535
7	0.01015	0.00728	0.00997	0.01076	0.01229	0.00709	0.00905	0.01321	0.01639	0.02207	0.27906	0.06537	0.04647	0.01651	0.00862	0.00269	0.00501	0.44540	0.00648	0.00612
8	0.01760	0.77260	0.03450	0.01126	0.01690	0.02605	0.01126	0.01971	0.01338	0.01549	0.00915	0.01056	0.00845	0.00563	0.00422	0.00141	0.00704	0.00352	0.00282	0.00845
9	0.02503	0.01844	0.01976	0.01515	0.02042	0.02042	0.01251	0.70562	0.03095	0.04149	0.01581	0.01581	0.01120	0.00790	0.00659	0.00198	0.00724	0.00593	0.00659	0.01120
10	0.01265	0.00990	0.01212	0.01258	0.01487	0.01069	0.01054	0.02120	0.26335	0.02248	0.03200	0.05665	0.03158	0.01491	0.00824	0.00275	0.00576	0.44382	0.00629	0.00761
11	0.00957	0.00638	0.00718	0.00718	0.00718	0.00638	0.00399	0.00957	0.00957	0.01276	0.02074	0.04308	0.02393	0.76864	0.03351	0.00638	0.00638	0.00957	0.00399	0.00399
12	0.01912	0.47233	0.06396	0.01576	0.08219	0.21402	0.01309	0.02155	0.01494	0.01646	0.00984	0.01159	0.00863	0.00599	0.00498	0.00157	0.00852	0.00399	0.00301	0.00847
13	0.00957	0.00638	0.00718	0.00718	0.00718	0.00638	0.00399	0.00957	0.00957	0.01276	0.02074	0.04308	0.02393	0.76864	0.03351	0.00638	0.00638	0.00957	0.00399	0.00399
14	0.02932	0.01156	0.01550	0.01188	0.01698	0.01020	0.00982	0.06513	0.01944	0.69824	0.02547	0.02208	0.01605	0.00814	0.00662	0.00203	0.00568	0.00659	0.00807	0.01120
15	0.01342	0.06960	0.70084	0.01840	0.02793	0.01581	0.02369	0.02079	0.01387	0.02059	0.01169	0.01374	0.00834	0.00622	0.00616	0.00205	0.00960	0.00480	0.00278	0.00967
16	0.01243	0.01170	0.01975	0.75282	0.04534	0.01463	0.01828	0.01682	0.01316	0.01682	0.01170	0.01755	0.00878	0.00658	0.00658	0.00219	0.00878	0.00585	0.00293	0.00731
17	0.00960	0.00691	0.00935	0.01034	0.01162	0.00666	0.00832	0.01216	0.01537	0.02054	0.19945	0.23193	0.06647	0.01760	0.00857	0.00269	0.00474	0.34540	0.00636	0.00591
18	0.02459	0.03138	0.01866	0.01696	0.02035	0.74221	0.01272	0.02629	0.01866	0.01611	0.01018	0.01187	0.00848	0.00678	0.00594	0.00170	0.01187	0.00424	0.00339	0.00763
19	0.02599	0.01689	0.01880	0.01441	0.01964	0.01812	0.01191	0.56146	0.02836	0.18931	0.01798	0.01722	0.01229	0.00796	0.00659	0.00199	0.00689	0.00608	0.00692	0.01120
20	0.00894	0.00638	0.00869	0.01021	0.01100	0.00614	0.00770	0.01075	0.01351	0.01783	0.03578	0.51984	0.04154	0.01976	0.00865	0.00280	0.00461	0.25416	0.00609	0.00560
21	0.06171	0.01892	0.02103	0.37147	0.06007	0.25146	0.08546	0.02060	0.01515	0.01791	0.01125	0.01529	0.00877	0.00649	0.00635	0.00202	0.00978	0.00539	0.00319	0.00768
22	0.00802	0.00573	0.00764	0.00917	0.00955	0.00535	0.00611	0.00917	0.01260	0.01681	0.03628	0.76434	0.04354	0.02062	0.00840	0.00267	0.00382	0.01872	0.00611	0.00535
23	0.02154	0.01671	0.01780	0.01444	0.01909	0.01879	0.01167	0.43554	0.30671	0.03587	0.02023	0.01933	0.01478	0.00832	0.00663	0.00208	0.00643	0.00654	0.00663	0.01088
24	0.01760	0.77260	0.03450	0.01126	0.01690	0.02605	0.01126	0.01971	0.01338	0.01549	0.00915	0.01056	0.00845	0.00563	0.00422	0.00141	0.00704	0.00352	0.00282	0.00845
25	0.02894	0.01122	0.01522	0.01164	0.01676	0.00964	0.00960	0.03150	0.01865	0.70527	0.02543	0.02208	0.01605	0.00802	0.00655	0.00200	0.00557	0.00652	0.00799	0.04135
26	0.01320	0.03405	0.73453	0.01876	0.02849	0.01529	0.02432	0.02085	0.01390	0.02085	0.01181	0.01390	0.00834	0.00625	0.00625	0.00208	0.00973	0.00486	0.00278	0.00973
27	0.00792	0.00645	0.00702	0.00735	0.00910	0.00554	0.00533	0.00955	0.01464	0.01803	0.09568	0.22862	0.52702	0.01743	0.00793	0.00232	0.00344	0.01493	0.00618	0.00554
28	0.77733	0.01266	0.00995	0.00880	0.01293	0.01452	0.00725	0.01996	0.01157	0.06335	0.00998	0.01126	0.00757	0.00621	0.00420	0.00204	0.00512	0.00371	0.00427	0.00733
29	0.00807	0.00577	0.00768	0.00913	0.00956	0.00538	0.00611	0.00929	0.01284	0.01717	0.06278	0.73680	0.04426	0.02035	0.00838	0.00265	0.00379	0.01845	0.00615	0.00538
30	0.00957	0.00638	0.00718	0.00718	0.00718	0.00638	0.00399	0.00957	0.00957	0.01276	0.02074	0.04308	0.02393	0.76864	0.03351	0.00638	0.00638	0.00957	0.00399	0.00399
31	0.01404	0.00784	0.00802	0.00738	0.00943	0.00811	0.00570	0.11089	0.01618	0.02689	0.02069	0.02333	0.01609	0.00770	0.00488	0.00160	0.00365	0.00611	0.69464	0.00684
32	0.02662	0.01588	0.01817	0.01393	0.01914	0.01661	0.01151	0.46699	0.02666	0.28619	0.01941	0.01814	0.01300	0.00799	0.00660	0.00200	0.00666	0.00617	0.00714	0.01120
33	0.00842	0.00669	0.00755	0.00734	0.00928	0.00583	0.00550	0.01068	0.01651	0.02135	0.33891	0.05748	0.45045	0.01534	0.00777	0.00216	0.00324	0.01307	0.00658	0.00583
34	0.00926	0.00673	0.00873	0.00823	0.00980	0.00619	0.00617	0.01232	0.01851	0.02610	0.70123	0.04967	0.08517	0.01357	0.00777	0.00208	0.00311	0.01197	0.00721	0.00619
35	0.00886	0.00637	0.00839	0.00860	0.00973	0.00591	0.00618	0.01127	0.01650	0.02300	0.48041	0.30256	0.05554	0.01600	0.00799	0.00228	0.00336	0.01432	0.00684	0.00591
36	0.00785	0.00667	0.00677	0.00675	0.00894	0.00559	0.00506	0.00959	0.01518	0.01820	0.09833	0.06267	0.69300	0.01652	0.00778	0.00222	0.00332	0.01380	0.00617	0.00559
37	0.02487	0.01224	0.01514	0.01231	0.01692	0.01205	0.00994	0.03311	0.26573	0.48249	0.02626	0.02317	0.01764	0.00843	0.00665	0.00211	0.00546	0.00691	0.00763	0.01093
38	0.01960	0.01229	0.01480	0.01092	0.01648	0.01031	0.00887	0.09616	0.01707	0.23435	0.01638	0.01648	0.01185	0.00618	0.00558	0.00140	0.00535	0.00493	0.00545	0.48556
39	0.01760	0.77260	0.03450	0.01126	0.01690	0.02605	0.01126	0.01971	0.01338	0.01549	0.00915	0.01056	0.00845	0.00563	0.00422	0.00141	0.00704	0.00352	0.00282	0.00845
40	0.01243	0.01170	0.01975	0.75282	0.04534	0.01463	0.01828	0.01682	0.01316	0.01682	0.01170	0.01755	0.00878	0.00658	0.00658	0.00219	0.00878	0.00585	0.00293	0.00731
41	0.01365	0.01170	0.01365	0.00975	0.01560	0.00878	0.00780	0.01658	0.01365	0.02145	0.01170	0.01365	0.00975	0.00488	0.00488	0.00098	0.00488	0.00390	0.00390	0.80888
42	0.81514	0.01273	0.00968	0.00866	0.01273	0.01477	0.00713	0.01935	0.01120	0.02954	0.00917	0.01069	0.00713	0.00611	0.00407	0.00204	0.00509	0.00356	0.00407	0.00713
43	0.00802	0.00573	0.00764	0.00917	0.00955	0.00535	0.00611	0.00917	0.01260	0.01681	0.03628	0.76434	0.04354	0.02062	0.00840	0.00267	0.00382	0.01872	0.00611	0.00535
44	0.01243	0.01170	0.01975	0.75282	0.04534	0.01463	0.01828	0.01682	0.01316	0.01682	0.01170	0.01755	0.00878	0.00658	0.00658	0.00219	0.00878	0.00585	0.00293	0.00731
45	0.02459	0.03138	0.01866	0.01696	0.02035	0.74221	0.01272	0.02629	0.01866	0.01611	0.01018	0.01187	0.00848	0.00678	0.00594	0.00170	0.01187	0.00424	0.00339	0.00763
46	0.01326	0.01113	0.01207	0.01123	0.01409	0.01221	0.00858	0.02539	0.44079	0.02496	0.14186	0.09956	0.13381	0.01182	0.00718	0.00225	0.00448	0.01009	0.00664	0.00859
47	0.01410	0.18377	0.59262	0.01724	0.02614	0.01747	0.02168	0.02062	0.01379	0.01976	0.01127	0.01322	0.00836	0.00613	0.00584	0.00195	0.00918	0.00459	0.00279	0.00947
48	0.00808	0.00581	0.00767	0.00905	0.00954	0.00540	0.00608	0.00933	0.01297	0.01731	0.07094	0.70837	0.06475	0.02016	0.00835	0.00263	0.00377	0.01824	0.00617	0.00540
49	0.00832	0.00669	0.00741	0.00723	0.00922	0.00579	0.00543	0.01049	0.01628	0.02080	0.29666	0.05840	0.49305	0.01555	0.00777	0.00217	0.00325	0.01320	0.00651	0.00579
50	0.01320	0.03405	0.73453	0.01876	0.02849	0.01529	0.02432	0.02085	0.01390	0.02085	0.01181	0.01390	0.00834	0.00625	0.00625	0.00208	0.00973	0.00486	0.00278	0.00973
51	0.01370	0.01299	0.02203	0.51983	0.26846	0.01496	0.01891	0.01793	0.01376	0.01835	0.01192	0.01714	0.00932	0.00635	0.00656	0.00212	0.00846	0.00586	0.00303	0.00833
52	0.01061	0.00758	0.01061	0.01212	0.01364	0.00758	0.01061	0.01364	0.01515	0.01970	0.03486	0.07426	0.03789	0.01819	0.00909	0.00303	0.00606	0.68326	0.00606	0.00606
53	0.01326	0.01297	0.02050	0.01712	0.01845	0.01647	0.11873	0.01557	0.01105	0.01650	0.01174	0.01795	0.01092	0.02062	0.21018	0.00482	0.44652	0.00641	0.00312	0.00711
54	0.04548	0.02400	0.01771	0.01538	0.01923	0.40653	0.01188	0.20547	0.08547	0.04643	0.01491	0.05059	0.01216	0.00797	0.00627	0.00189	0.00927	0.00573	0.00484	0.00881
55	0.01526	0.01459	0.02486	0.23028	0.54575	0.01537	0.01969	0.01930	0.01450	0.02026	0.01220	0.01663	0.00999	0.00606	0.00653	0.00202	0.00808	0.00586	0.00317	0.00960
56	0.00802	0.00573	0.00764	0.00917	0.00955	0.00535	0.00611	0.00917	0.01260	0.01681	0.03628	0.76434	0.04354	0.02062	0.00840	0.00267	0.00382	0.01872	0.00611	0.00535
57	0.01520	0.01461	0.02513	0.23785	0.51853	0.01539	0.03902	0.01929	0.01450	0.02019	0.01222	0.01668	0.00996	0.00606	0.00657	0.00203	0.00818	0.00592	0.00317	0.00952
58	0.16552	0.01716	0.01645	0.01339	0.01790	0.18267	0.04351	0.10429	0.01852	0.30700	0.01742	0.01697	0.01199	0.00730	0.00600	0.00194	0.00735	0.00549	0.02974	0.00939
59	0.07732	0.00992	0.01169	0.00961	0.01326	0.00952	0.00775	0.07881	0.01732	0.35225	0.02223	0.02189	0.01547	0.00780	0.00565	0.00184	0.00471	0.00616	0.31786	0.00895
60	0.00802	0.00573	0.00764	0.00917	0.00955	0.00535	0.00611	0.00917	0.01260	0.01681	0.03628	0.76434	0.04354	0.02062	0.00840	0.00267	0.00382	0.01872	0.00611	0.00535
61	0.01549	0.01747	0.03720	0.02748	0.05670	0.01685	0.63505	0.02071	0.01516	0.02076	0.01298	0.01749	0.00991	0.00595	0.00864	0.00225	0.06021	0.00757	0.00330	0.00882
62	0.01596	0.01129	0.01356	0.01298	0.03727	0.01208	0.01005	0.10123	0.24049	0.09879	0.07979	0.07906	0.02637	0.01394	0.05046	0.00282	0.00616	0.14888	0.03015	0.00867
63	0.00973	0.00693	0.00865	0.00829	0.01012	0.00627	0.00635	0.01248	0.01755	0.04777	0.49852	0.05334	0.21399	0.01436	0.00782	0.00217	0.00345	0.05907	0.00693	0.00622
64	0.00862	0.00654	0.00796	0.00808	0.00961	0.00588	0.00595	0.01089	0.01619	0.02159	0.36016	0.19627	0.26476	0.01604	0.00794	0.00227	0.00341	0.03538	0.00663	0.00583
65	0.02601	0.01897	0.01754	0.01427	0.01888	0.20728	0.01141	0.23969	0.06593	0.28452	0.01869	0.01771	0.01288	0.00776	0.00643	0.00194	0.00775	0.00583	0.00631	0.01021
66	0.01554	0.01776	0.03885	0.02775	0.03441	0.01665	0.70366	0.02109	0.01554	0.02109	0.01332	0.01776	0.00999	0.00555	0.00777	0.00222	0.01110	0.00777	0.00333	0.00888
67	0.02372	0.02912	0.01839	0.01654	0.01979	0.64734	0.01248	0.06503	0.01874	0.01747	0.01080	0.01325	0.00917	0.03278	0.00751	0.00192	0.04010	0.00458	0.00358	0.00770
68	0.01370	0.01345	0.02002	0.27788	0.02722	0.01820	0.01578	0.01619	0.01117	0.01619	0.00973	0.01552	0.00869	0.00977	0.01628	0.00264	0.49164	0.00579	0.00290	0.00724
69	0.01443	0.01284	0.01541	0.01122	0.01686	0.03056	0.04242	0.03851	0.01432	0.02175	0.01178	0.01389	0.00974	0.00525	0.00558	0.00114	0.02714	0.00422	0.00391	0.69904
70	0.23636	0.26224	0.04709	0.01500	0.02027	0.06378	0.17443	0.04615	0.01431	0.02217	0.01097	0.01317	0.00885	0.00599	0.00529	0.00184	0.00772	0.00481	0.03137	0.00820
71	0.01491	0.01590	0.03021	0.11144	0.09167	0.01732	0.36655	0.01901	0.01366	0.01913	0.01171	0.01665	0.00950	0.00740	0.01146	0.00238	0.22277	0.00680	0.00315	0.00835
72	0.01477	0.01168	0.01370	0.01036	0.01565	0.00953	0.00831	0.04215	0.05680	0.06141	0.01538	0.04015	0.01314	0.00651	0.00545	0.00129	0.00504	0.03747	0.00457	0.62662
73	0.17028	0.30823	0.15483	0.01312	0.01834	0.05978	0.01314	0.05268	0.01386	0.02079	0.01036	0.01238	0.00860	0.00670	0.00663	0.00186	0.08687	0.00425	0.02898	0.00831
