[name]
unknown

[dist]
# distance from previous block
# <min> <max>
0	33

[block]
# block no. 0 follows, 32 sequences, length 7
# corresponding to MSA columns:
# 37-43
name=unknown_A
#
# <colnr> <probs for GDERKNQSTAVLIFYWHMCP>
#	G	D	E	R	K	N	Q	S	T	A	V	L	I	F	Y	W	H	M	C	P
0	0.01130	0.00813	0.01069	0.04539	0.04597	0.00795	0.00825	0.01473	0.05959	0.06179	0.21809	0.18791	0.13952	0.05935	0.00951	0.00264	0.00467	0.09152	0.00627	0.00673
1	0.01521	0.01341	0.02135	0.28838	0.32122	0.01452	0.01719	0.02052	0.07974	0.05680	0.01880	0.02194	0.06692	0.00752	0.00679	0.00213	0.00760	0.00681	0.00401	0.00914
2	0.02024	0.01544	0.01765	0.07566	0.14744	0.12030	0.01261	0.08976	0.07312	0.19032	0.08844	0.04685	0.05469	0.00894	0.00685	0.00206	0.00704	0.00746	0.00573	0.00939
3	0.02303	0.01305	0.01462	0.01221	0.01636	0.06801	0.00981	0.06332	0.13599	0.37643	0.07993	0.02986	0.07350	0.00989	0.00701	0.00215	0.00589	0.04176	0.00726	0.00992
4	0.01266	0.00922	0.01197	0.01131	0.01310	0.00951	0.02998	0.09779	0.04155	0.04792	0.14763	0.27647	0.03615	0.09587	0.01154	0.00294	0.04045	0.09095	0.00610	0.00688
5	0.05750	0.01176	0.01887	0.61598	0.07529	0.01432	0.01706	0.01735	0.01345	0.01870	0.01256	0.01797	0.00955	0.00673	0.00641	0.00216	0.00825	0.00586	0.06273	0.00751
6	0.01315	0.00906	0.01055	0.00980	0.01163	0.00911	0.00705	0.14816	0.01717	0.05387	0.12970	0.23419	0.09494	0.20376	0.01441	0.00338	0.00518	0.01215	0.00604	0.00669

[dist]
# distance from previous block
# <min> <max>
10	26

[block]
# block no. 1 follows, 32 sequences, length 17
# corresponding to MSA columns:
# 70-86
name=unknown_B
#
# <colnr> <probs for GDERKNQSTAVLIFYWHMCP>
#	G	D	E	R	K	N	Q	S	T	A	V	L	I	F	Y	W	H	M	C	P
0	0.16983	0.01331	0.01702	0.01436	0.04504	0.01360	0.10794	0.10100	0.12845	0.06400	0.05815	0.02612	0.12380	0.00883	0.00650	0.00206	0.00609	0.00749	0.00542	0.08098
1	0.10599	0.01515	0.02323	0.10697	0.21648	0.01616	0.12793	0.08106	0.09929	0.08005	0.01529	0.01772	0.01161	0.00707	0.00741	0.00217	0.04608	0.00629	0.00447	0.00959
2	0.11950	0.01356	0.01885	0.32189	0.10011	0.01561	0.03182	0.10598	0.07576	0.02368	0.01450	0.04827	0.01176	0.00767	0.00702	0.00217	0.03637	0.00634	0.00415	0.03498
3	0.06678	0.13389	0.05289	0.01662	0.02106	0.07253	0.20445	0.01956	0.04210	0.03716	0.09824	0.07969	0.04126	0.00893	0.00776	0.00211	0.05771	0.00787	0.00435	0.02503
4	0.01570	0.01125	0.01515	0.03786	0.01603	0.05636	0.10407	0.03827	0.01392	0.13548	0.02026	0.08857	0.01959	0.30699	0.01883	0.04891	0.00722	0.00875	0.00479	0.03200
5	0.01980	0.01424	0.04475	0.01256	0.01679	0.05665	0.01030	0.10179	0.18139	0.21104	0.10755	0.08228	0.02339	0.00967	0.00684	0.00206	0.00586	0.00803	0.00660	0.07842
6	0.07577	0.01152	0.01812	0.62559	0.04027	0.01417	0.01653	0.01722	0.01332	0.01885	0.01258	0.01795	0.00952	0.00677	0.00633	0.00217	0.00815	0.00580	0.07204	0.00734
7	0.06103	0.01737	0.01639	0.01368	0.01808	0.14333	0.01086	0.17232	0.20809	0.18067	0.02007	0.01923	0.01444	0.00797	0.00637	0.00199	0.00695	0.00611	0.03268	0.04236
8	0.01018	0.00746	0.01092	0.01077	0.01233	0.00685	0.06612	0.01195	0.01389	0.05753	0.03900	0.49294	0.15044	0.03800	0.00901	0.00269	0.00472	0.04304	0.00604	0.00612
9	0.01251	0.00694	0.00946	0.00909	0.00952	0.00710	0.00615	0.06348	0.01067	0.01425	0.01320	0.02302	0.01324	0.11530	0.02568	0.64095	0.00604	0.00634	0.00336	0.00373
10	0.01792	0.04228	0.01891	0.05786	0.05051	0.22983	0.01316	0.06408	0.04444	0.01896	0.01243	0.01635	0.01075	0.01373	0.09871	0.00326	0.24217	0.00561	0.03119	0.00786
11	0.10976	0.03521	0.01157	0.01108	0.01337	0.00969	0.00919	0.01702	0.05938	0.08183	0.03039	0.09524	0.05995	0.08066	0.01018	0.00301	0.00577	0.34394	0.00586	0.00688
12	0.08580	0.01202	0.01316	0.06893	0.01650	0.01318	0.00928	0.25640	0.04828	0.03062	0.06189	0.06905	0.01837	0.00894	0.00605	0.00196	0.00540	0.00717	0.25862	0.00837
13	0.04357	0.01756	0.01841	0.07208	0.10936	0.18589	0.05634	0.13102	0.01840	0.04526	0.02011	0.07877	0.07439	0.00883	0.00660	0.00198	0.00787	0.00731	0.04306	0.05322
14	0.01691	0.01452	0.01946	0.20996	0.05461	0.06470	0.08746	0.15464	0.03607	0.06390	0.09371	0.02553	0.07781	0.02627	0.00798	0.00224	0.02312	0.00761	0.00498	0.00852
15	0.06318	0.01472	0.03127	0.16246	0.09900	0.03029	0.05553	0.16578	0.01819	0.11310	0.01703	0.03154	0.03613	0.00935	0.03280	0.00240	0.05347	0.00645	0.00482	0.05248
16	0.09846	0.04820	0.04692	0.07639	0.05217	0.17221	0.13982	0.13058	0.04911	0.03957	0.05648	0.01768	0.01343	0.00752	0.00686	0.01658	0.00873	0.00609	0.00443	0.00877

[dist]
# distance from previous block
# <min> <max>
23	44

[block]
# block no. 2 follows, 32 sequences, length 63
# corresponding to MSA columns:
# 146-172,174-209
name=unknown_C
#
# <colnr> <probs for GDERKNQSTAVLIFYWHMCP>
#	G	D	E	R	K	N	Q	S	T	A	V	L	I	F	Y	W	H	M	C	P
0	0.44146	0.01281	0.01275	0.01048	0.01504	0.01356	0.00863	0.09011	0.01615	0.27354	0.01630	0.01595	0.01119	0.00717	0.00532	0.00206	0.00553	0.00502	0.02785	0.00909
1	0.01398	0.12016	0.64855	0.01823	0.02766	0.01686	0.02324	0.02111	0.01410	0.02061	0.01173	0.01377	0.00851	0.00630	0.00613	0.00204	0.00960	0.00480	0.00284	0.00976
2	0.01509	0.01431	0.02428	0.36070	0.36283	0.01568	0.04752	0.04234	0.01501	0.02043	0.01246	0.01723	0.00987	0.00637	0.00673	0.00212	0.00853	0.00605	0.00329	0.00915
3	0.01371	0.07586	0.69048	0.01870	0.02838	0.01620	0.02404	0.02118	0.01414	0.02094	0.01189	0.01398	0.00851	0.00634	0.00626	0.00209	0.00976	0.00488	0.00284	0.00984
4	0.00818	0.00584	0.00779	0.00934	0.00973	0.00545	0.00623	0.00934	0.01285	0.01713	0.03698	0.75981	0.04438	0.02102	0.00856	0.00273	0.00389	0.01908	0.00623	0.00545
5	0.01046	0.00708	0.00921	0.00855	0.01034	0.00648	0.00645	0.01354	0.01885	0.06159	0.65618	0.04938	0.08915	0.01359	0.00786	0.00212	0.00330	0.01195	0.00738	0.00656
6	0.01393	0.06971	0.62305	0.01969	0.02907	0.01628	0.09400	0.02122	0.01431	0.02100	0.01206	0.01440	0.00868	0.00627	0.00643	0.00210	0.00992	0.00520	0.00289	0.00976
7	0.00976	0.00651	0.00732	0.00732	0.00732	0.00651	0.00407	0.00976	0.00976	0.01301	0.02114	0.04391	0.02439	0.76419	0.03415	0.00651	0.00651	0.00976	0.00407	0.00407
8	0.00818	0.00584	0.00779	0.00934	0.00973	0.00545	0.00623	0.00934	0.01285	0.01713	0.03698	0.75981	0.04438	0.02102	0.00856	0.00273	0.00389	0.01908	0.00623	0.00545
9	0.02414	0.01625	0.01619	0.01361	0.01800	0.13399	0.01078	0.06047	0.27410	0.32291	0.02367	0.02158	0.01649	0.00836	0.00666	0.00209	0.00670	0.00662	0.00689	0.01052
10	0.01346	0.03471	0.72942	0.01912	0.02904	0.01558	0.02479	0.02125	0.01417	0.02125	0.01204	0.01417	0.00850	0.00637	0.00637	0.00212	0.00992	0.00496	0.00283	0.00992
11	0.01346	0.03471	0.72942	0.01912	0.02904	0.01558	0.02479	0.02125	0.01417	0.02125	0.01204	0.01417	0.00850	0.00637	0.00637	0.00212	0.00992	0.00496	0.00283	0.00992
12	0.00800	0.00675	0.00693	0.00700	0.00913	0.00568	0.00520	0.00972	0.01528	0.01837	0.08855	0.10269	0.65962	0.01710	0.00796	0.00229	0.00342	0.01436	0.00627	0.00568
13	0.01408	0.00817	0.01048	0.00957	0.01187	0.00755	0.00726	0.05026	0.01822	0.16583	0.36916	0.18351	0.08915	0.01399	0.00775	0.00223	0.00405	0.01224	0.00724	0.00739
14	0.02770	0.01162	0.01527	0.01207	0.01693	0.01059	0.00984	0.03233	0.10659	0.61574	0.02691	0.04664	0.01799	0.00881	0.00682	0.00212	0.00560	0.00725	0.00805	0.01113
15	0.01346	0.03471	0.72942	0.01912	0.02904	0.01558	0.02479	0.02125	0.01417	0.02125	0.01204	0.01417	0.00850	0.00637	0.00637	0.00212	0.00992	0.00496	0.00283	0.00992
16	0.01504	0.01385	0.02285	0.35803	0.35708	0.01528	0.01871	0.04800	0.01509	0.02077	0.01284	0.01751	0.01017	0.00647	0.00659	0.00209	0.00818	0.00599	0.03640	0.00905
17	0.01686	0.01642	0.02699	0.04048	0.70154	0.03732	0.02037	0.02078	0.01539	0.02176	0.01255	0.01647	0.01057	0.00601	0.00663	0.00198	0.00809	0.00593	0.00333	0.01054
18	0.02708	0.01280	0.01561	0.01234	0.01705	0.04220	0.01003	0.12233	0.02057	0.52981	0.06107	0.05978	0.01938	0.00913	0.00686	0.00209	0.00599	0.00744	0.00772	0.01070
19	0.01499	0.01581	0.03231	0.05535	0.03057	0.01517	0.51164	0.05430	0.01616	0.02177	0.01769	0.11100	0.01591	0.00840	0.00796	0.00235	0.00983	0.04626	0.00404	0.00851
20	0.01647	0.01574	0.02655	0.03958	0.68601	0.01558	0.01994	0.02040	0.01521	0.02192	0.01259	0.01647	0.01059	0.00593	0.00656	0.00194	0.00782	0.00588	0.00336	0.05148
21	0.05562	0.00990	0.01178	0.01211	0.05106	0.02833	0.00881	0.08687	0.01721	0.09341	0.12834	0.22017	0.12487	0.01453	0.00772	0.00239	0.00511	0.10810	0.00630	0.00736
22	0.01644	0.01490	0.02353	0.03393	0.55669	0.03844	0.01760	0.02008	0.01595	0.05824	0.08191	0.02255	0.05514	0.00746	0.00682	0.00201	0.00729	0.00699	0.00412	0.00990
23	0.01698	0.01394	0.01559	0.01487	0.05615	0.01567	0.01098	0.08905	0.51872	0.04704	0.04948	0.06268	0.02216	0.00981	0.00699	0.00227	0.00553	0.02527	0.00663	0.01019
24	0.05719	0.00693	0.00754	0.00782	0.00961	0.00627	0.00570	0.01058	0.01490	0.01977	0.14348	0.24435	0.40847	0.01697	0.00787	0.00236	0.00361	0.01456	0.00626	0.00579
25	0.01450	0.01191	0.01397	0.01001	0.01595	0.00898	0.00802	0.01747	0.01410	0.04730	0.01245	0.01424	0.01018	0.00509	0.00503	0.00103	0.00500	0.00408	0.00413	0.77657
26	0.02099	0.01511	0.01620	0.01357	0.01802	0.04167	0.01079	0.15203	0.39291	0.16418	0.02369	0.02194	0.01711	0.00845	0.00666	0.00210	0.00598	0.00683	0.00681	0.05495
27	0.01566	0.06032	0.39082	0.02101	0.10452	0.03570	0.08180	0.05841	0.12295	0.02311	0.01465	0.01637	0.01090	0.00676	0.00653	0.00210	0.00892	0.00572	0.00377	0.00999
28	0.00874	0.00634	0.00782	0.00838	0.00924	0.00588	0.00567	0.01021	0.01400	0.01869	0.19216	0.35997	0.14457	0.16122	0.01323	0.00324	0.00416	0.01500	0.00608	0.00541
29	0.01639	0.41662	0.33129	0.01505	0.02246	0.05840	0.01725	0.02093	0.01414	0.01816	0.01054	0.01229	0.00856	0.00607	0.00528	0.00175	0.00860	0.00421	0.00288	0.00913
30	0.72223	0.06868	0.04030	0.00943	0.01392	0.01591	0.00827	0.01981	0.01169	0.02871	0.00945	0.01102	0.00741	0.00620	0.00425	0.00203	0.00552	0.00368	0.00401	0.00747
31	0.00975	0.00655	0.00753	0.00753	0.00760	0.00662	0.00433	0.00989	0.00982	0.01317	0.02095	0.04284	0.02393	0.72068	0.07703	0.00677	0.00720	0.00960	0.00404	0.00418
32	0.02012	0.01682	0.05237	0.04607	0.35869	0.03121	0.03215	0.15569	0.07309	0.12233	0.01627	0.01789	0.01218	0.00699	0.00669	0.00204	0.00761	0.00619	0.00491	0.01068
33	0.01165	0.00737	0.00947	0.00865	0.01072	0.00665	0.00659	0.01458	0.01859	0.10529	0.56506	0.04870	0.13386	0.01348	0.00778	0.00212	0.00348	0.01176	0.00736	0.00683
34	0.04451	0.01779	0.06320	0.02662	0.30102	0.01758	0.07726	0.23365	0.09978	0.02914	0.01534	0.01723	0.01173	0.00698	0.00671	0.00207	0.00780	0.00622	0.00478	0.01058
35	0.06435	0.00754	0.00905	0.00962	0.01091	0.00760	0.00678	0.01423	0.07777	0.05854	0.03122	0.49252	0.03452	0.06389	0.03567	0.00307	0.00484	0.01463	0.04692	0.00636
36	0.02058	0.31609	0.10393	0.01506	0.02013	0.34461	0.01358	0.02405	0.05253	0.01732	0.01104	0.01249	0.00923	0.00651	0.00545	0.00169	0.00960	0.00428	0.00334	0.00849
37	0.74382	0.01309	0.01110	0.03537	0.05057	0.01509	0.00833	0.01968	0.01168	0.02925	0.00960	0.01143	0.00750	0.00623	0.00437	0.00208	0.00546	0.00383	0.00407	0.00745
38	0.02930	0.01271	0.01637	0.01255	0.01777	0.01178	0.01037	0.14975	0.02137	0.60687	0.02465	0.02166	0.01570	0.00826	0.00674	0.00207	0.00600	0.00662	0.00803	0.01142
39	0.01614	0.41327	0.33118	0.01541	0.02291	0.03949	0.03858	0.02080	0.01407	0.01831	0.01064	0.01248	0.00861	0.00604	0.00535	0.00176	0.00860	0.00433	0.00289	0.00916
40	0.00932	0.00685	0.00872	0.00825	0.00991	0.00625	0.00619	0.01232	0.01857	0.02590	0.64439	0.05177	0.13834	0.01409	0.00792	0.00213	0.00319	0.01237	0.00725	0.00625
41	0.01672	0.06403	0.21995	0.01678	0.06296	0.11784	0.01527	0.06315	0.22048	0.02410	0.09406	0.02108	0.01835	0.00809	0.00655	0.00206	0.00772	0.00647	0.00484	0.00948
42	0.00818	0.00584	0.00779	0.00934	0.00973	0.00545	0.00623	0.00934	0.01285	0.01713	0.03698	0.75981	0.04438	0.02102	0.00856	0.00273	0.00389	0.01908	0.00623	0.00545
43	0.01601	0.01777	0.13840	0.01416	0.01882	0.03842	0.01275	0.08193	0.41528	0.02651	0.05694	0.02506	0.05078	0.01112	0.04341	0.00263	0.00694	0.00740	0.00586	0.00981
44	0.01661	0.01594	0.02724	0.04119	0.72233	0.01594	0.02059	0.02059	0.01528	0.02192	0.01262	0.01661	0.01063	0.00598	0.00664	0.00199	0.00797	0.00598	0.00332	0.01063
45	0.01743	0.05129	0.07997	0.02862	0.31478	0.08507	0.15999	0.08496	0.01739	0.02325	0.06079	0.01829	0.01376	0.00674	0.00683	0.00202	0.00879	0.00647	0.00389	0.00967
46	0.03715	0.03229	0.01716	0.01406	0.01747	0.03751	0.09753	0.09989	0.16994	0.08323	0.08213	0.19096	0.04493	0.01162	0.00777	0.00229	0.02933	0.01017	0.00598	0.00858
47	0.25766	0.20046	0.21170	0.01511	0.06654	0.06170	0.01439	0.02151	0.01389	0.06602	0.01141	0.01294	0.00881	0.00630	0.00523	0.00191	0.00758	0.00437	0.00365	0.00881
48	0.04702	0.15962	0.04358	0.05947	0.20325	0.26814	0.01494	0.04461	0.06200	0.01994	0.01214	0.01431	0.00998	0.00659	0.00593	0.00184	0.00907	0.00496	0.00362	0.00900
49	0.01405	0.07595	0.67023	0.01859	0.02814	0.01635	0.02370	0.04007	0.01462	0.02152	0.01200	0.01403	0.00859	0.00639	0.00627	0.00208	0.00969	0.00491	0.00294	0.00988
50	0.01499	0.01298	0.01726	0.04345	0.16353	0.01395	0.03938	0.04405	0.31527	0.02539	0.10895	0.03040	0.05440	0.00965	0.00708	0.00221	0.00591	0.04877	0.03306	0.00932
51	0.00839	0.00682	0.00744	0.00728	0.00935	0.00586	0.00546	0.01052	0.01639	0.02072	0.25999	0.06031	0.52597	0.01603	0.00793	0.00222	0.00333	0.01356	0.00657	0.00586
52	0.01463	0.01524	0.08327	0.07338	0.15660	0.03228	0.01375	0.04177	0.22172	0.02390	0.12937	0.02760	0.07615	0.00945	0.00783	0.00219	0.04871	0.00789	0.00522	0.00904
53	0.00842	0.00682	0.00747	0.00731	0.00936	0.00587	0.00548	0.01057	0.01644	0.02085	0.26969	0.06009	0.51620	0.01598	0.00793	0.00222	0.00333	0.01353	0.00659	0.00587
54	0.02291	0.02074	0.04778	0.01600	0.02076	0.14997	0.03231	0.37868	0.13560	0.05001	0.01657	0.01690	0.01223	0.00805	0.00729	0.00206	0.04005	0.00600	0.00577	0.01032
55	0.00966	0.00646	0.00735	0.00744	0.00747	0.00644	0.00420	0.00973	0.00995	0.01326	0.02211	0.08754	0.02561	0.71889	0.03259	0.00627	0.00635	0.01033	0.00420	0.00415
56	0.02506	0.03198	0.01901	0.01729	0.02074	0.73725	0.01296	0.02679	0.01901	0.01642	0.01037	0.01210	0.00864	0.00691	0.00605	0.00173	0.01210	0.00432	0.00346	0.00778
57	0.00928	0.00685	0.00867	0.00822	0.00989	0.00624	0.00616	0.01225	0.01848	0.02570	0.62936	0.05211	0.15350	0.01417	0.00792	0.00213	0.00320	0.01241	0.00723	0.00624
58	0.02506	0.03198	0.01901	0.01729	0.02074	0.73725	0.01296	0.02679	0.01901	0.01642	0.01037	0.01210	0.00864	0.00691	0.00605	0.00173	0.01210	0.00432	0.00346	0.00778
59	0.01468	0.01468	0.02055	0.01762	0.01762	0.02055	0.01468	0.01615	0.01028	0.01615	0.00881	0.01468	0.00881	0.01174	0.02202	0.00294	0.75191	0.00587	0.00294	0.00734
60	0.01734	0.01474	0.01554	0.01379	0.01770	0.01699	0.01078	0.08476	0.66004	0.02912	0.02648	0.02437	0.01981	0.00903	0.00682	0.00226	0.00546	0.00747	0.00682	0.01068
61	0.00950	0.00686	0.00897	0.00844	0.01002	0.00633	0.00633	0.01266	0.01899	0.02691	0.71879	0.05012	0.06331	0.01372	0.00791	0.00211	0.00317	0.01213	0.00739	0.00633
62	0.01824	0.73844	0.03456	0.01164	0.01736	0.02632	0.01153	0.04712	0.01435	0.01684	0.00960	0.01098	0.00872	0.00583	0.00440	0.00146	0.00718	0.00369	0.00302	0.00872

[dist]
# distance from previous block
# <min> <max>
3	7

[block]
# block no. 3 follows, 32 sequences, length 42
# corresponding to MSA columns:
# 219-223,226-262
name=unknown_D
#
# <colnr> <probs for GDERKNQSTAVLIFYWHMCP>
#	G	D	E	R	K	N	Q	S	T	A	V	L	I	F	Y	W	H	M	C	P
0	0.06335	0.01336	0.06415	0.01067	0.01652	0.00981	0.00919	0.01897	0.01426	0.10349	0.01376	0.01575	0.01092	0.03011	0.00617	0.00144	0.00547	0.00453	0.00441	0.58369
1	0.01477	0.11105	0.53072	0.02058	0.08538	0.04396	0.06062	0.02129	0.01448	0.02055	0.01182	0.01415	0.00879	0.00625	0.00625	0.00203	0.00962	0.00504	0.00293	0.00971
2	0.08396	0.00753	0.00840	0.00819	0.01033	0.00695	0.00613	0.01284	0.01576	0.06828	0.22708	0.17072	0.31917	0.01524	0.00761	0.00227	0.00374	0.01299	0.00648	0.00633
3	0.01824	0.34138	0.16577	0.01518	0.02073	0.15060	0.04026	0.02156	0.01486	0.04790	0.01204	0.01556	0.01031	0.00718	0.00680	0.00187	0.06417	0.03356	0.00337	0.00865
4	0.01583	0.01342	0.06741	0.01129	0.01683	0.01011	0.00984	0.06610	0.01615	0.09529	0.06111	0.02185	0.01616	0.00719	0.00588	0.00149	0.00555	0.05419	0.00490	0.49942
5	0.02013	0.02217	0.05203	0.09261	0.09203	0.27930	0.09440	0.06640	0.14437	0.04817	0.01523	0.01690	0.01166	0.00715	0.00661	0.00201	0.00944	0.00588	0.00435	0.00913
6	0.01712	0.10865	0.07245	0.01471	0.01895	0.03419	0.08459	0.07060	0.06181	0.12868	0.02418	0.06508	0.02246	0.01150	0.00744	0.00239	0.00717	0.23394	0.00555	0.00855
7	0.01807	0.64934	0.09488	0.01258	0.01852	0.07823	0.01276	0.02069	0.01408	0.01631	0.00964	0.01116	0.00860	0.00588	0.00462	0.00152	0.00778	0.00376	0.00291	0.00866
8	0.04586	0.01767	0.02514	0.06271	0.50960	0.10067	0.04533	0.04352	0.04461	0.02226	0.01297	0.01632	0.01062	0.00631	0.00655	0.00200	0.00840	0.00585	0.00361	0.01001
9	0.01521	0.01212	0.01653	0.01208	0.01767	0.00970	0.08871	0.01843	0.01500	0.08941	0.05774	0.01922	0.03893	0.00632	0.00577	0.00136	0.00562	0.00555	0.00460	0.56003
10	0.01557	0.32054	0.43657	0.01609	0.02417	0.04245	0.01923	0.02097	0.01411	0.01897	0.01093	0.01278	0.00855	0.00614	0.00556	0.00184	0.00892	0.00440	0.00287	0.00934
11	0.00897	0.00658	0.00753	0.00777	0.00876	0.00612	0.00521	0.01011	0.01310	0.01688	0.10680	0.15818	0.25101	0.31450	0.01851	0.00404	0.00480	0.04056	0.00548	0.00508
12	0.64157	0.01349	0.01155	0.00991	0.01426	0.01527	0.00815	0.09074	0.03665	0.08848	0.01202	0.01287	0.00888	0.00668	0.00471	0.00208	0.00546	0.00426	0.00484	0.00814
13	0.01434	0.06388	0.67083	0.01851	0.02805	0.01579	0.02362	0.02168	0.01436	0.05074	0.01254	0.01439	0.00885	0.00643	0.00631	0.00209	0.00963	0.00498	0.00307	0.00993
14	0.01008	0.00720	0.00997	0.01152	0.01274	0.00709	0.00954	0.01263	0.01472	0.01926	0.03593	0.26602	0.04022	0.01923	0.00907	0.00299	0.00554	0.49408	0.00619	0.00598
15	0.01541	0.01472	0.02508	0.25560	0.51725	0.01563	0.02000	0.01955	0.01471	0.02047	0.01241	0.01700	0.01012	0.00620	0.00666	0.00207	0.00827	0.00597	0.00322	0.00967
16	0.02551	0.01879	0.02014	0.01544	0.02081	0.02081	0.01275	0.69996	0.03155	0.04229	0.01611	0.01611	0.01141	0.00805	0.00671	0.00201	0.00738	0.00604	0.00671	0.01141
17	0.01605	0.01537	0.02623	0.14121	0.62666	0.01580	0.02032	0.02010	0.01501	0.02125	0.01252	0.01679	0.01039	0.00608	0.00665	0.00203	0.00811	0.00598	0.00327	0.01018
18	0.01391	0.01193	0.01391	0.00994	0.01590	0.00894	0.00795	0.01690	0.01391	0.02186	0.01193	0.01391	0.00994	0.00497	0.00497	0.00099	0.00497	0.00398	0.00398	0.80521
19	0.02016	0.02032	0.05574	0.05684	0.02495	0.15716	0.17289	0.17220	0.17349	0.05243	0.01686	0.01803	0.01253	0.00737	0.00688	0.00209	0.00889	0.00646	0.00502	0.00970
20	0.00976	0.00651	0.00732	0.00732	0.00732	0.00651	0.00407	0.00976	0.00976	0.01301	0.02114	0.04391	0.02439	0.76419	0.03415	0.00651	0.00651	0.00976	0.00407	0.00407
21	0.01443	0.08341	0.41481	0.08080	0.10896	0.01607	0.02027	0.04130	0.06564	0.02154	0.01578	0.01889	0.03580	0.00728	0.00646	0.00211	0.00865	0.02474	0.00353	0.00953
22	0.00903	0.00684	0.00832	0.00795	0.00974	0.00613	0.00596	0.01176	0.01789	0.02429	0.52488	0.05443	0.25885	0.01469	0.00792	0.00216	0.00324	0.01274	0.00704	0.00613
23	0.01792	0.62149	0.12054	0.01287	0.01896	0.07852	0.01325	0.02074	0.01410	0.01652	0.00975	0.01129	0.00860	0.00591	0.00469	0.00154	0.00789	0.00381	0.00291	0.00871
24	0.00819	0.00650	0.00729	0.00772	0.00929	0.00568	0.00551	0.00980	0.01468	0.01838	0.11032	0.27204	0.43995	0.04235	0.00898	0.00253	0.00363	0.01533	0.00625	0.00560
25	0.01159	0.01069	0.03631	0.01850	0.21290	0.00962	0.03802	0.01495	0.01700	0.02350	0.35083	0.04096	0.16506	0.01159	0.00751	0.00211	0.00509	0.01039	0.00573	0.00764
26	0.01304	0.01224	0.02062	0.62125	0.13814	0.01468	0.01841	0.01731	0.01365	0.01780	0.01301	0.04703	0.01058	0.00717	0.00677	0.00222	0.00861	0.00648	0.00316	0.00781
27	0.74911	0.04210	0.04038	0.00935	0.01380	0.01550	0.00814	0.01980	0.01161	0.02921	0.00945	0.01103	0.00737	0.00622	0.00425	0.00205	0.00546	0.00369	0.00405	0.00743
28	0.08849	0.23098	0.02299	0.01525	0.03981	0.31871	0.01218	0.13054	0.04470	0.02207	0.01160	0.01288	0.00946	0.00677	0.00556	0.00175	0.00904	0.00450	0.00399	0.00873
29	0.01669	0.01590	0.02540	0.02197	0.10444	0.01666	0.25398	0.07786	0.28715	0.02578	0.04935	0.02177	0.01660	0.00772	0.00761	0.00223	0.02635	0.00756	0.00513	0.00986
30	0.01696	0.01512	0.01550	0.01393	0.01758	0.04537	0.01085	0.03467	0.65996	0.02722	0.02603	0.02418	0.01963	0.00910	0.00729	0.00228	0.02997	0.00740	0.00657	0.01040
31	0.00850	0.00606	0.00802	0.00926	0.00981	0.00569	0.00631	0.00992	0.01353	0.01820	0.11648	0.61773	0.04547	0.05417	0.00969	0.00284	0.00401	0.04252	0.00626	0.00552
32	0.27763	0.01609	0.01606	0.01278	0.01759	0.01790	0.01053	0.42546	0.02384	0.06476	0.01460	0.01509	0.01054	0.00747	0.00580	0.00202	0.00643	0.00530	0.04029	0.00986
33	0.00950	0.00642	0.00747	0.00768	0.00782	0.00633	0.00451	0.00983	0.01066	0.01429	0.05562	0.15535	0.02928	0.61436	0.02897	0.00572	0.00595	0.01131	0.00455	0.00438
34	0.01607	0.01314	0.01446	0.03577	0.01708	0.01474	0.01016	0.13449	0.41886	0.02825	0.08324	0.11528	0.04736	0.01092	0.00714	0.00227	0.00535	0.00925	0.00664	0.00952
35	0.01251	0.00625	0.00625	0.00625	0.00782	0.00625	0.00469	0.01563	0.01407	0.02502	0.02189	0.02502	0.01720	0.00782	0.00469	0.00156	0.00313	0.00625	0.80144	0.00625
36	0.02551	0.01879	0.02014	0.01544	0.02081	0.02081	0.01275	0.69996	0.03155	0.04229	0.01611	0.01611	0.01141	0.00805	0.00671	0.00201	0.00738	0.00604	0.00671	0.01141
37	0.00966	0.00660	0.00772	0.00772	0.00797	0.00670	0.00464	0.01003	0.01011	0.01354	0.02270	0.04261	0.05242	0.64500	0.11983	0.00686	0.00779	0.00962	0.00410	0.00437
38	0.01347	0.01389	0.01127	0.01147	0.01312	0.22165	0.00833	0.01511	0.01547	0.01784	0.08565	0.33571	0.10653	0.04358	0.00871	0.00250	0.00646	0.05758	0.00542	0.00623
39	0.05282	0.04437	0.20104	0.01828	0.02451	0.18503	0.14956	0.11528	0.01801	0.02352	0.03302	0.01552	0.01094	0.00667	0.00643	0.00193	0.00948	0.00558	0.00391	0.07411
40	0.18098	0.10741	0.20666	0.01462	0.02086	0.03818	0.05899	0.07862	0.04123	0.02429	0.01201	0.01385	0.00931	0.00645	0.00614	0.00188	0.03388	0.00477	0.00383	0.13605
41	0.04665	0.08322	0.13531	0.01311	0.01898	0.09903	0.01216	0.06940	0.07077	0.04161	0.03463	0.01572	0.01205	0.00644	0.00565	0.00158	0.00699	0.00488	0.00427	0.31753

[dist]
# distance from previous block
# <min> <max>
1	6

[block]
# block no. 4 follows, 32 sequences, length 83
# corresponding to MSA columns:
# 274-350,353-358
name=unknown_E
#
# <colnr> <probs for GDERKNQSTAVLIFYWHMCP>
#	G	D	E	R	K	N	Q	S	T	A	V	L	I	F	Y	W	H	M	C	P
0	0.02051	0.01684	0.04619	0.02108	0.02709	0.01600	0.35737	0.13567	0.08366	0.17755	0.01801	0.01934	0.01268	0.00696	0.00733	0.00218	0.00887	0.00726	0.00530	0.01011
1	0.04020	0.26565	0.36785	0.01570	0.02325	0.05548	0.01790	0.07006	0.01563	0.05365	0.01197	0.01342	0.00909	0.00640	0.00568	0.00187	0.00864	0.00461	0.00344	0.00949
2	0.23373	0.32352	0.21783	0.01296	0.01932	0.01991	0.01394	0.02107	0.04717	0.02180	0.01095	0.01243	0.00879	0.00621	0.00495	0.00184	0.00729	0.00417	0.00340	0.00870
3	0.18311	0.08868	0.29198	0.01478	0.02149	0.05968	0.01574	0.09589	0.04112	0.10772	0.01382	0.01469	0.00996	0.00683	0.00581	0.00202	0.00790	0.00495	0.00435	0.00949
4	0.01042	0.00780	0.01127	0.01103	0.01244	0.00904	0.00862	0.04806	0.01187	0.01698	0.01787	0.02582	0.01649	0.04811	0.69927	0.01032	0.01742	0.00713	0.00376	0.00628
5	0.09796	0.05634	0.01874	0.01629	0.01990	0.64486	0.01238	0.02590	0.01812	0.01767	0.01024	0.01194	0.00851	0.00681	0.00581	0.00175	0.01128	0.00423	0.00350	0.00776
6	0.01794	0.76823	0.03516	0.01148	0.01722	0.02655	0.01148	0.02009	0.01363	0.01579	0.00933	0.01076	0.00861	0.00574	0.00431	0.00144	0.00718	0.00359	0.00287	0.00861
7	0.00865	0.00668	0.00772	0.00773	0.00948	0.00590	0.00569	0.01086	0.01632	0.02143	0.30517	0.14875	0.37088	0.01608	0.00793	0.00225	0.00337	0.01386	0.02534	0.00590
8	0.00976	0.00651	0.00732	0.00732	0.00732	0.00651	0.00407	0.00976	0.00976	0.01301	0.02114	0.04391	0.02439	0.76419	0.03415	0.00651	0.00651	0.00976	0.00407	0.00407
9	0.62250	0.01398	0.01301	0.04929	0.01669	0.01598	0.03332	0.12247	0.01472	0.03096	0.01065	0.01231	0.00808	0.00651	0.00481	0.00208	0.00594	0.00427	0.00445	0.00797
10	0.00801	0.00680	0.00691	0.00688	0.00911	0.00570	0.00516	0.00979	0.01549	0.01859	0.10211	0.06382	0.68519	0.01682	0.00793	0.00226	0.00339	0.01405	0.00629	0.00570
11	0.01794	0.76823	0.03516	0.01148	0.01722	0.02655	0.01148	0.02009	0.01363	0.01579	0.00933	0.01076	0.00861	0.00574	0.00431	0.00144	0.00718	0.00359	0.00287	0.00861
12	0.01346	0.03471	0.72942	0.01912	0.02904	0.01558	0.02479	0.02125	0.01417	0.02125	0.01204	0.01417	0.00850	0.00637	0.00637	0.00212	0.00992	0.00496	0.00283	0.00992
13	0.00888	0.00691	0.00815	0.00831	0.01015	0.00618	0.00644	0.01121	0.01631	0.02107	0.26033	0.10032	0.37447	0.01646	0.00817	0.00237	0.00379	0.11798	0.00658	0.00594
14	0.01962	0.01532	0.01646	0.01390	0.01814	0.01724	0.01106	0.24474	0.43644	0.05798	0.05748	0.02335	0.01956	0.00897	0.00684	0.00218	0.00588	0.00729	0.00687	0.01069
15	0.00829	0.00647	0.00757	0.00838	0.00978	0.00575	0.00609	0.00988	0.01426	0.01787	0.05187	0.36241	0.37113	0.01885	0.00832	0.00253	0.00386	0.07484	0.00623	0.00562
16	0.00964	0.00696	0.00963	0.00963	0.01043	0.00776	0.00695	0.01124	0.01044	0.01472	0.01903	0.03222	0.01932	0.28854	0.50286	0.00936	0.01415	0.00805	0.00375	0.00535
17	0.01632	0.20308	0.32254	0.02084	0.12144	0.06226	0.08118	0.04179	0.03309	0.02058	0.01203	0.01427	0.00938	0.00626	0.00607	0.00193	0.00907	0.00511	0.00322	0.00956
18	0.81159	0.01298	0.00986	0.00882	0.01298	0.01505	0.00727	0.01972	0.01142	0.03010	0.00934	0.01090	0.00727	0.00623	0.00415	0.00208	0.00519	0.00363	0.00415	0.00727
19	0.01493	0.03137	0.60938	0.01868	0.02778	0.01555	0.04680	0.04279	0.05151	0.05884	0.01377	0.01538	0.00969	0.00664	0.00648	0.00213	0.00943	0.00533	0.00346	0.01004
20	0.01238	0.03556	0.01195	0.01054	0.01079	0.00938	0.00774	0.01062	0.00927	0.01275	0.01124	0.01917	0.01117	0.02135	0.04613	0.60345	0.14375	0.00579	0.00294	0.00403
21	0.02339	0.06465	0.02036	0.01810	0.07371	0.43382	0.01321	0.16460	0.08333	0.02315	0.01319	0.01436	0.01043	0.00721	0.00621	0.00184	0.00995	0.00506	0.00439	0.00904
22	0.01539	0.35169	0.42940	0.01582	0.02393	0.02032	0.01904	0.02075	0.01394	0.01889	0.01087	0.01270	0.00855	0.00610	0.00548	0.00183	0.00873	0.00437	0.00285	0.00935
23	0.01890	0.01980	0.02512	0.03320	0.48081	0.18265	0.03838	0.05504	0.01677	0.02143	0.01217	0.01552	0.01013	0.00649	0.00710	0.00197	0.03552	0.00565	0.00351	0.00985
24	0.01222	0.00917	0.01066	0.00972	0.01173	0.04343	0.00745	0.01583	0.05141	0.07515	0.51388	0.04441	0.10385	0.01293	0.00842	0.00215	0.04273	0.01098	0.00691	0.00697
25	0.00959	0.00719	0.01078	0.01078	0.01198	0.00839	0.00839	0.01198	0.01078	0.01558	0.01797	0.02636	0.01677	0.05032	0.73760	0.01078	0.01797	0.00719	0.00359	0.00599
26	0.02834	0.01205	0.01590	0.03921	0.01826	0.01110	0.01031	0.10336	0.02014	0.60223	0.02466	0.02201	0.01579	0.00820	0.00667	0.00206	0.00592	0.00663	0.03608	0.01109
27	0.00950	0.00686	0.00897	0.00844	0.01002	0.00633	0.00633	0.01266	0.01899	0.02691	0.71879	0.05012	0.06331	0.01372	0.00791	0.00211	0.00317	0.01213	0.00739	0.00633
28	0.07666	0.01364	0.01654	0.01276	0.01794	0.01334	0.01054	0.22441	0.02229	0.48675	0.02243	0.02017	0.01454	0.00811	0.00658	0.00206	0.00616	0.00635	0.00759	0.01116
29	0.77036	0.01328	0.01040	0.00917	0.01339	0.01535	0.00755	0.05540	0.01247	0.03074	0.00970	0.01117	0.00748	0.00632	0.00429	0.00207	0.00531	0.00376	0.00429	0.00748
30	0.01551	0.37091	0.41122	0.01562	0.02362	0.02061	0.01869	0.02072	0.01392	0.01875	0.01080	0.01261	0.00855	0.00608	0.00543	0.00181	0.00866	0.00433	0.00285	0.00932
31	0.00898	0.00684	0.00825	0.00790	0.00971	0.00611	0.00592	0.01166	0.01777	0.02400	0.50336	0.05491	0.28056	0.01480	0.00792	0.00216	0.00324	0.01281	0.00700	0.00611
32	0.00831	0.00625	0.00770	0.00852	0.00960	0.00564	0.00594	0.00992	0.01443	0.01886	0.14763	0.46603	0.22913	0.01884	0.00830	0.00251	0.00365	0.01671	0.00640	0.00564
33	0.01794	0.76823	0.03516	0.01148	0.01722	0.02655	0.01148	0.02009	0.01363	0.01579	0.00933	0.01076	0.00861	0.00574	0.00431	0.00144	0.00718	0.00359	0.00287	0.00861
34	0.65248	0.01370	0.01154	0.00996	0.01427	0.01567	0.00818	0.10213	0.05071	0.05250	0.01161	0.01262	0.00874	0.00666	0.00468	0.00208	0.00547	0.00422	0.00472	0.00806
35	0.01019	0.00742	0.01042	0.01035	0.01164	0.00851	0.00795	0.01333	0.04514	0.01686	0.01894	0.02712	0.01740	0.08279	0.60103	0.00934	0.01546	0.00726	0.07270	0.00614
36	0.00818	0.00584	0.00779	0.00934	0.00973	0.00545	0.00623	0.00934	0.01285	0.01713	0.03698	0.75981	0.04438	0.02102	0.00856	0.00273	0.00389	0.01908	0.00623	0.00545
37	0.00959	0.00719	0.01078	0.01078	0.01198	0.00839	0.00839	0.01198	0.01078	0.01558	0.01797	0.02636	0.01677	0.05032	0.73760	0.01078	0.01797	0.00719	0.00359	0.00599
38	0.01794	0.76823	0.03516	0.01148	0.01722	0.02655	0.01148	0.02009	0.01363	0.01579	0.00933	0.01076	0.00861	0.00574	0.00431	0.00144	0.00718	0.00359	0.00287	0.00861
39	0.00818	0.00584	0.00779	0.00934	0.00973	0.00545	0.00623	0.00934	0.01285	0.01713	0.03698	0.75981	0.04438	0.02102	0.00856	0.00273	0.00389	0.01908	0.00623	0.00545
40	0.00835	0.00600	0.00782	0.00915	0.00968	0.00560	0.00618	0.00959	0.01305	0.01731	0.05675	0.64746	0.07910	0.06026	0.00990	0.00290	0.00405	0.03527	0.00614	0.00543
41	0.01033	0.00742	0.01024	0.01173	0.01313	0.00733	0.00995	0.01310	0.01507	0.01959	0.03692	0.17247	0.06425	0.01883	0.00912	0.00301	0.00575	0.55953	0.00619	0.00606
42	0.02511	0.03075	0.01912	0.01711	0.02075	0.67062	0.01294	0.08940	0.02018	0.01883	0.01091	0.01247	0.00890	0.00702	0.00611	0.00176	0.01166	0.00448	0.00376	0.00812
43	0.00987	0.00783	0.01225	0.01159	0.01310	0.00811	0.07155	0.01217	0.01261	0.01742	0.07783	0.19679	0.04713	0.09375	0.33619	0.00655	0.01113	0.04340	0.00469	0.00602
44	0.00818	0.00584	0.00779	0.00934	0.00973	0.00545	0.00623	0.00934	0.01285	0.01713	0.03698	0.75981	0.04438	0.02102	0.00856	0.00273	0.00389	0.01908	0.00623	0.00545
45	0.01369	0.07274	0.69342	0.01873	0.02843	0.01615	0.02410	0.02119	0.01414	0.02097	0.01190	0.01399	0.00851	0.00634	0.00627	0.00209	0.00977	0.00489	0.00284	0.00985
46	0.01392	0.10971	0.65844	0.01834	0.02783	0.01670	0.02343	0.02113	0.01411	0.02069	0.01176	0.01382	0.00851	0.00631	0.00616	0.00205	0.00964	0.00482	0.00284	0.00978
47	0.01610	0.01543	0.02633	0.13134	0.63610	0.01581	0.02034	0.02015	0.01504	0.02131	0.01253	0.01677	0.01041	0.00607	0.00665	0.00202	0.00810	0.00598	0.00328	0.01022
48	0.81159	0.01298	0.00986	0.00882	0.01298	0.01505	0.00727	0.01972	0.01142	0.03010	0.00934	0.01090	0.00727	0.00623	0.00415	0.00208	0.00519	0.00363	0.00415	0.00727
49	0.00837	0.00681	0.00740	0.00726	0.00933	0.00585	0.00544	0.01048	0.01633	0.02058	0.24982	0.06054	0.53623	0.01608	0.00793	0.00222	0.00333	0.01359	0.00655	0.00585
50	0.02477	0.01843	0.01972	0.01529	0.02053	0.02046	0.01257	0.64439	0.08832	0.04110	0.01705	0.01686	0.01217	0.00814	0.00672	0.00204	0.00721	0.00617	0.00672	0.01134
51	0.02473	0.03147	0.01976	0.01769	0.02127	0.71101	0.03793	0.02660	0.01890	0.01661	0.01049	0.01232	0.00870	0.00687	0.00612	0.00175	0.01207	0.00445	0.00345	0.00783
52	0.01374	0.08166	0.68498	0.01864	0.02828	0.01629	0.02394	0.02118	0.01413	0.02090	0.01187	0.01395	0.00851	0.00633	0.00624	0.00208	0.00974	0.00487	0.00284	0.00983
53	0.00976	0.00651	0.00732	0.00732	0.00732	0.00651	0.00407	0.00976	0.00976	0.01301	0.02114	0.04391	0.02439	0.76419	0.03415	0.00651	0.00651	0.00976	0.00407	0.00407
54	0.01924	0.00902	0.01209	0.01010	0.01338	0.00800	0.00800	0.02214	0.01909	0.35806	0.39131	0.03722	0.04122	0.01116	0.00736	0.00209	0.00437	0.00959	0.00782	0.00874
55	0.05615	0.13026	0.53169	0.01845	0.02720	0.01716	0.08742	0.02104	0.01411	0.02101	0.01169	0.01392	0.00861	0.00621	0.00613	0.00204	0.00944	0.00499	0.00296	0.00952
56	0.01661	0.01594	0.02724	0.04119	0.72233	0.01594	0.02059	0.02059	0.01528	0.02192	0.01262	0.01661	0.01063	0.00598	0.00664	0.00199	0.00797	0.00598	0.00332	0.01063
57	0.00840	0.00604	0.00802	0.00952	0.01008	0.00566	0.00660	0.00976	0.01317	0.01743	0.03799	0.67263	0.06871	0.02065	0.00860	0.00274	0.00408	0.07814	0.00622	0.00552
58	0.02099	0.01539	0.01670	0.01337	0.01780	0.01661	0.01090	0.47616	0.06054	0.05499	0.07993	0.02809	0.11967	0.01015	0.00706	0.00210	0.00629	0.02652	0.00673	0.00999
59	0.01689	0.55822	0.16010	0.01457	0.03976	0.02368	0.04141	0.02023	0.01374	0.01718	0.01006	0.01197	0.00872	0.00607	0.00552	0.00166	0.03428	0.00415	0.00290	0.00888
60	0.00911	0.00632	0.00792	0.00853	0.00883	0.00631	0.00544	0.00986	0.01110	0.01495	0.02704	0.32546	0.03140	0.38454	0.10796	0.00552	0.00684	0.01314	0.00487	0.00484
61	0.02659	0.01706	0.01906	0.01462	0.01994	0.01824	0.01207	0.54323	0.02865	0.20311	0.01854	0.01769	0.01263	0.00811	0.00672	0.00203	0.00699	0.00621	0.00709	0.01141
62	0.01703	0.01458	0.01536	0.01372	0.01758	0.01685	0.01070	0.06098	0.68434	0.02861	0.02688	0.02469	0.02014	0.00906	0.00682	0.00227	0.00539	0.00753	0.00682	0.01065
63	0.02527	0.01481	0.01695	0.01349	0.01792	0.09472	0.03763	0.13198	0.02008	0.39725	0.03856	0.02221	0.04119	0.00861	0.00749	0.00206	0.04653	0.00673	0.04641	0.01011
64	0.00992	0.00765	0.01131	0.01112	0.01221	0.00912	0.00867	0.01219	0.01072	0.01554	0.01747	0.02611	0.01648	0.06809	0.67169	0.01016	0.06478	0.00718	0.00357	0.00602
65	0.01346	0.03471	0.72942	0.01912	0.02904	0.01558	0.02479	0.02125	0.01417	0.02125	0.01204	0.01417	0.00850	0.00637	0.00637	0.00212	0.00992	0.00496	0.00283	0.00992
66	0.01522	0.01558	0.02047	0.01760	0.01778	0.05772	0.01459	0.01670	0.01073	0.01616	0.00889	0.01455	0.00880	0.01149	0.02119	0.00287	0.71355	0.00579	0.00296	0.00736
67	0.01978	0.01532	0.01803	0.01673	0.08045	0.01721	0.01245	0.25776	0.24688	0.07426	0.02185	0.02387	0.03549	0.00941	0.00844	0.00226	0.08079	0.04266	0.00613	0.01024
68	0.02426	0.01297	0.01704	0.01423	0.04459	0.01267	0.04338	0.19136	0.04100	0.37212	0.02381	0.10294	0.01803	0.00945	0.00691	0.00212	0.00616	0.00798	0.03859	0.01038
69	0.00959	0.00719	0.01078	0.01078	0.01198	0.00839	0.00839	0.01198	0.01078	0.01558	0.01797	0.02636	0.01677	0.05032	0.73760	0.01078	0.01797	0.00719	0.00359	0.00599
70	0.00837	0.00681	0.00741	0.00726	0.00933	0.00585	0.00545	0.01048	0.01634	0.02060	0.25127	0.06050	0.53477	0.01607	0.00793	0.00222	0.00333	0.01359	0.00656	0.00585
71	0.29301	0.01907	0.04293	0.01327	0.01801	0.15426	0.01104	0.23481	0.02018	0.11362	0.01378	0.01429	0.00998	0.00718	0.00571	0.00199	0.00744	0.00494	0.00526	0.00925
72	0.00839	0.00599	0.00803	0.00959	0.01007	0.00563	0.00660	0.00971	0.01306	0.01737	0.03686	0.70453	0.04391	0.02082	0.00862	0.00275	0.00408	0.07225	0.00622	0.00551
73	0.00818	0.00584	0.00779	0.00934	0.00973	0.00545	0.00623	0.00934	0.01285	0.01713	0.03698	0.75981	0.04438	0.02102	0.00856	0.00273	0.00389	0.01908	0.00623	0.00545
74	0.01371	0.03296	0.65678	0.02009	0.02968	0.01573	0.09568	0.02128	0.01434	0.02128	0.01220	0.01458	0.00868	0.00630	0.00654	0.00214	0.01006	0.00527	0.00289	0.00983
75	0.41307	0.01830	0.01600	0.01475	0.06251	0.17961	0.04705	0.08907	0.03301	0.05373	0.01177	0.01324	0.00904	0.00667	0.00536	0.00200	0.00750	0.00462	0.00438	0.00834
76	0.00850	0.00649	0.00784	0.00869	0.00983	0.00597	0.00606	0.01058	0.03809	0.01852	0.09588	0.48150	0.23976	0.01891	0.00827	0.00253	0.00375	0.01675	0.00634	0.00576
77	0.02333	0.01856	0.02415	0.01881	0.04780	0.01990	0.14572	0.54511	0.02794	0.03756	0.01550	0.01651	0.01115	0.00752	0.00694	0.00206	0.00816	0.00640	0.00595	0.01093
78	0.01688	0.01612	0.02756	0.06401	0.60730	0.01625	0.07277	0.05685	0.01612	0.02281	0.01286	0.01674	0.01058	0.00609	0.00675	0.00202	0.00823	0.00613	0.00350	0.01043
79	0.00976	0.00651	0.00732	0.00732	0.00732	0.00651	0.00407	0.00976	0.00976	0.01301	0.02114	0.04391	0.02439	0.76419	0.03415	0.00651	0.00651	0.00976	0.00407	0.00407
80	0.01805	0.01204	0.01386	0.01210	0.01570	0.01284	0.00948	0.02981	0.40064	0.18334	0.18298	0.03020	0.02927	0.00997	0.00705	0.00219	0.00492	0.00842	0.00728	0.00983
81	0.02153	0.01448	0.01602	0.01289	0.01735	0.01530	0.01045	0.35196	0.12195	0.15243	0.05484	0.02784	0.13289	0.00994	0.00698	0.00211	0.00598	0.00796	0.00695	0.01016
82	0.51243	0.05115	0.10830	0.03407	0.11793	0.01562	0.01204	0.02038	0.01272	0.04749	0.01074	0.01267	0.00829	0.00626	0.00495	0.00205	0.00641	0.00429	0.00389	0.00829

[dist]
# distance from previous block
# <min> <max>
0	2

# created by:
# /home/cegg/simao/soft/augustus-3.2.1/scripts/msa2prfl.pl ./align_prep/EOG090W0AS9.fa
