[name]
unknown

[dist]
# distance from previous block
# <min> <max>
8	50

[block]
# block no. 0 follows, 33 sequences, length 7
# corresponding to MSA columns:
# 60-66
name=unknown_A
#
# <colnr> <probs for GDERKNQSTAVLIFYWHMCP>
#	G	D	E	R	K	N	Q	S	T	A	V	L	I	F	Y	W	H	M	C	P
0	0.09776	0.01305	0.03430	0.17103	0.08244	0.03678	0.04638	0.07646	0.01588	0.10884	0.04147	0.10260	0.01697	0.00885	0.00652	0.00207	0.00676	0.03514	0.01872	0.07797
1	0.07746	0.01259	0.01645	0.09265	0.04921	0.03567	0.06195	0.06883	0.07559	0.22666	0.02297	0.05182	0.05922	0.00878	0.00656	0.00207	0.00635	0.03587	0.04043	0.04887
2	0.01857	0.01532	0.04090	0.04583	0.01924	0.07315	0.05354	0.18445	0.12250	0.10974	0.05954	0.08709	0.04977	0.00926	0.00673	0.00201	0.00660	0.00778	0.00576	0.08219
3	0.01288	0.00867	0.01015	0.04559	0.01228	0.00891	0.00688	0.09827	0.03768	0.05883	0.07950	0.06825	0.10618	0.28554	0.04838	0.00398	0.00596	0.00934	0.08639	0.00635
4	0.14933	0.01470	0.01586	0.07719	0.01932	0.04772	0.01102	0.26023	0.06326	0.12697	0.01870	0.04460	0.04100	0.01017	0.03668	0.00244	0.03954	0.00645	0.00562	0.00918
5	0.01559	0.01160	0.01327	0.04330	0.01611	0.01258	0.00942	0.10430	0.31106	0.08495	0.07456	0.17770	0.07373	0.01184	0.00716	0.00226	0.00509	0.01015	0.00652	0.00881
6	0.04724	0.01252	0.01403	0.01177	0.01558	0.01313	0.00930	0.18518	0.19178	0.15852	0.02413	0.07308	0.04825	0.04372	0.02956	0.00248	0.00586	0.00764	0.05381	0.05243

[dist]
# distance from previous block
# <min> <max>
8	19

[block]
# block no. 1 follows, 33 sequences, length 8
# corresponding to MSA columns:
# 86-93
name=unknown_B
#
# <colnr> <probs for GDERKNQSTAVLIFYWHMCP>
#	G	D	E	R	K	N	Q	S	T	A	V	L	I	F	Y	W	H	M	C	P
0	0.01289	0.01259	0.06148	0.13535	0.05337	0.01148	0.07164	0.07307	0.05259	0.02176	0.07632	0.10733	0.11194	0.01135	0.02826	0.00231	0.00667	0.02824	0.00478	0.11660
1	0.07064	0.01131	0.06236	0.01609	0.15176	0.00994	0.03473	0.01535	0.03871	0.02259	0.25184	0.09869	0.12559	0.01347	0.04586	0.00258	0.00582	0.00995	0.00533	0.00739
2	0.01783	0.31827	0.07263	0.07684	0.09642	0.06372	0.01347	0.06655	0.01539	0.07181	0.01378	0.01550	0.03463	0.00683	0.00628	0.00176	0.04519	0.00499	0.00374	0.05440
3	0.01564	0.05281	0.01453	0.01332	0.05308	0.18564	0.00953	0.03230	0.03553	0.06346	0.09935	0.23785	0.04945	0.01188	0.00724	0.00205	0.02526	0.00994	0.00514	0.07601
4	0.01823	0.16648	0.11710	0.05526	0.15961	0.08989	0.04226	0.11144	0.06101	0.04697	0.01305	0.01510	0.01028	0.00691	0.00708	0.00195	0.05878	0.00532	0.00391	0.00938
5	0.03904	0.08448	0.12622	0.01421	0.04247	0.03319	0.03021	0.15743	0.07245	0.05404	0.08720	0.15174	0.02203	0.01206	0.04135	0.00250	0.00704	0.00852	0.00522	0.00860
6	0.01636	0.04596	0.01490	0.01178	0.01478	0.01058	0.05255	0.02008	0.06166	0.21238	0.22319	0.03485	0.06958	0.03963	0.04628	0.00275	0.06133	0.04709	0.00624	0.00803
7	0.00993	0.00971	0.05470	0.01014	0.01193	0.04566	0.00798	0.01287	0.05406	0.01870	0.08867	0.41802	0.15348	0.01696	0.00794	0.00246	0.00471	0.06004	0.00587	0.00618

[dist]
# distance from previous block
# <min> <max>
7	21

[block]
# block no. 2 follows, 33 sequences, length 61
# corresponding to MSA columns:
# 116-176
name=unknown_C
#
# <colnr> <probs for GDERKNQSTAVLIFYWHMCP>
#	G	D	E	R	K	N	Q	S	T	A	V	L	I	F	Y	W	H	M	C	P
0	0.11162	0.06277	0.11009	0.01746	0.11541	0.01492	0.05739	0.05284	0.13895	0.12175	0.08811	0.02060	0.01732	0.00782	0.00684	0.00207	0.03320	0.00643	0.00508	0.00933
1	0.01372	0.01354	0.08230	0.01823	0.18006	0.01115	0.03213	0.01876	0.08166	0.04212	0.11922	0.06954	0.03858	0.00877	0.00653	0.00187	0.00587	0.03320	0.03096	0.19179
2	0.01354	0.04548	0.27074	0.01554	0.06752	0.03884	0.01489	0.01972	0.08425	0.04089	0.20359	0.02834	0.02605	0.00914	0.00675	0.00205	0.00679	0.05052	0.00481	0.05056
3	0.01852	0.47392	0.02658	0.01196	0.01663	0.12415	0.01073	0.04181	0.04160	0.06774	0.01580	0.06726	0.04368	0.00770	0.00525	0.00167	0.00718	0.00558	0.00391	0.00834
4	0.00825	0.00635	0.00754	0.00795	0.00936	0.00564	0.00569	0.01008	0.01505	0.01957	0.21846	0.30878	0.31905	0.01728	0.00800	0.00235	0.00345	0.01511	0.00639	0.00564
5	0.24134	0.01603	0.01681	0.01438	0.05503	0.01771	0.01114	0.40219	0.06000	0.08120	0.01504	0.01532	0.01084	0.00737	0.00590	0.00201	0.00647	0.00540	0.00583	0.01000
6	0.01364	0.01168	0.05057	0.01138	0.04514	0.00919	0.00894	0.03761	0.03385	0.06716	0.05641	0.07013	0.10722	0.01047	0.04087	0.00199	0.00560	0.00715	0.02374	0.38725
7	0.00875	0.00681	0.00749	0.00750	0.00938	0.00610	0.00555	0.01137	0.04089	0.02029	0.19705	0.13629	0.43461	0.01556	0.00760	0.00220	0.00339	0.01327	0.06001	0.00589
8	0.02128	0.01737	0.01752	0.01445	0.01888	0.06775	0.01157	0.38691	0.28946	0.03383	0.02012	0.03809	0.01522	0.00854	0.00663	0.00207	0.00670	0.00672	0.00640	0.01051
9	0.81514	0.01273	0.00968	0.00866	0.01273	0.01477	0.00713	0.01935	0.01120	0.02954	0.00917	0.01069	0.00713	0.00611	0.00407	0.00204	0.00509	0.00356	0.00407	0.00713
10	0.00916	0.00672	0.00859	0.00812	0.00974	0.00615	0.00609	0.01213	0.01827	0.02554	0.65848	0.05059	0.12827	0.01378	0.00777	0.00209	0.00313	0.01210	0.00713	0.00615
11	0.01365	0.01170	0.01365	0.00975	0.01560	0.00878	0.00780	0.01658	0.01365	0.02145	0.01170	0.01365	0.00975	0.00488	0.00488	0.00098	0.00488	0.00390	0.00390	0.80888
12	0.01427	0.05807	0.60980	0.01811	0.02709	0.01532	0.04823	0.02156	0.03299	0.05227	0.01280	0.01458	0.00912	0.00632	0.00623	0.00203	0.00923	0.00504	0.00318	0.03376
13	0.01350	0.06602	0.68008	0.01826	0.02761	0.01580	0.02329	0.02126	0.03682	0.02083	0.01219	0.01410	0.00873	0.00631	0.00618	0.00206	0.00946	0.00489	0.00291	0.00970
14	0.01383	0.01371	0.01967	0.01683	0.01720	0.01862	0.03964	0.01547	0.01052	0.01610	0.01167	0.04208	0.02879	0.01341	0.05211	0.00317	0.65041	0.00655	0.00312	0.00710
15	0.00825	0.00665	0.00734	0.00724	0.00920	0.00575	0.00540	0.01033	0.01601	0.02032	0.26191	0.08321	0.50362	0.01585	0.00780	0.00219	0.00328	0.01347	0.00645	0.00575
16	0.01598	0.01532	0.02616	0.09778	0.67263	0.01556	0.02005	0.01993	0.01484	0.02113	0.01233	0.01639	0.01029	0.00592	0.00652	0.00197	0.00790	0.00586	0.00323	0.01018
17	0.08108	0.02344	0.24223	0.01543	0.02114	0.13378	0.01508	0.08215	0.27011	0.02487	0.01709	0.01733	0.01276	0.00743	0.00622	0.00206	0.00787	0.00568	0.00471	0.00955
18	0.01243	0.01170	0.01975	0.75282	0.04534	0.01463	0.01828	0.01682	0.01316	0.01682	0.01170	0.01755	0.00878	0.00658	0.00658	0.00219	0.00878	0.00585	0.00293	0.00731
19	0.01210	0.01074	0.01636	0.42358	0.06537	0.01258	0.01426	0.01765	0.11080	0.01861	0.02014	0.19247	0.01925	0.01043	0.00708	0.00232	0.00702	0.02752	0.00429	0.00741
20	0.00932	0.00673	0.00880	0.00828	0.00984	0.00621	0.00621	0.01242	0.01863	0.02640	0.72410	0.04918	0.06212	0.01346	0.00776	0.00207	0.00311	0.01191	0.00725	0.00621
21	0.01236	0.01160	0.01932	0.69429	0.04284	0.01453	0.01767	0.01650	0.01301	0.01678	0.01246	0.04457	0.01003	0.00730	0.00729	0.00224	0.04061	0.00631	0.00304	0.00724
22	0.00778	0.00667	0.00667	0.00667	0.00889	0.00556	0.00500	0.00945	0.01501	0.01778	0.06669	0.06336	0.72490	0.01667	0.00778	0.00222	0.00333	0.01389	0.00611	0.00556
23	0.03912	0.00798	0.01056	0.01016	0.01134	0.00917	0.00767	0.04266	0.01142	0.01690	0.01759	0.02774	0.01703	0.18998	0.46341	0.00818	0.05379	0.00728	0.04215	0.00585
24	0.01272	0.01545	0.13445	0.04745	0.11918	0.01210	0.20607	0.01703	0.01479	0.02055	0.06095	0.10696	0.08731	0.00992	0.00730	0.00222	0.00756	0.06049	0.04954	0.00796
25	0.01432	0.01161	0.01360	0.00994	0.01552	0.00905	0.00794	0.01790	0.04411	0.05333	0.03825	0.01577	0.01234	0.00550	0.00513	0.00111	0.00486	0.00446	0.00433	0.71094
26	0.02286	0.01199	0.01480	0.01135	0.01633	0.01079	0.00925	0.11367	0.04358	0.37706	0.05070	0.02058	0.01606	0.00750	0.00614	0.00174	0.00541	0.00606	0.03627	0.21783
27	0.01611	0.01545	0.02639	0.07454	0.69488	0.01559	0.02011	0.02004	0.01490	0.02128	0.01235	0.01635	0.01035	0.00590	0.00652	0.00197	0.00787	0.00586	0.00324	0.01028
28	0.02466	0.02945	0.01882	0.01669	0.02036	0.63467	0.01269	0.12750	0.02049	0.01989	0.01101	0.01246	0.00888	0.00695	0.00603	0.00174	0.01118	0.00449	0.00387	0.00816
29	0.02685	0.01149	0.01487	0.01153	0.01637	0.01039	0.00946	0.08302	0.03760	0.57542	0.02423	0.02172	0.01575	0.00797	0.00639	0.00195	0.00550	0.00643	0.06696	0.04609
30	0.01061	0.00758	0.01061	0.01212	0.01364	0.00758	0.01061	0.01364	0.01515	0.01970	0.03486	0.07426	0.03789	0.01819	0.00909	0.00303	0.00606	0.68326	0.00606	0.00606
31	0.01554	0.01776	0.03885	0.02775	0.03441	0.01665	0.70366	0.02109	0.01554	0.02109	0.01332	0.01776	0.00999	0.00555	0.00777	0.00222	0.01110	0.00777	0.00333	0.00888
32	0.02503	0.01844	0.01976	0.01515	0.02042	0.02042	0.01251	0.70562	0.03095	0.04149	0.01581	0.01581	0.01120	0.00790	0.00659	0.00198	0.00724	0.00593	0.00659	0.01120
33	0.78529	0.01251	0.00964	0.00864	0.01262	0.01445	0.00710	0.01910	0.01148	0.02942	0.03565	0.01212	0.00917	0.00638	0.00421	0.00204	0.00502	0.00387	0.00419	0.00710
34	0.01649	0.01409	0.01484	0.01325	0.01699	0.01620	0.01033	0.06624	0.65875	0.02787	0.02764	0.02548	0.04393	0.00915	0.00673	0.00222	0.00524	0.00759	0.00667	0.01029
35	0.02125	0.41098	0.02668	0.01371	0.01841	0.31141	0.01182	0.04908	0.01642	0.05107	0.01062	0.01185	0.00894	0.00630	0.00511	0.00157	0.00891	0.00405	0.00345	0.00836
36	0.02459	0.03138	0.01866	0.01696	0.02035	0.74221	0.01272	0.02629	0.01866	0.01611	0.01018	0.01187	0.00848	0.00678	0.00594	0.00170	0.01187	0.00424	0.00339	0.00763
37	0.01056	0.00887	0.00946	0.00908	0.01154	0.00889	0.00686	0.01748	0.22819	0.02151	0.11633	0.10788	0.38973	0.01433	0.00750	0.00225	0.00392	0.01214	0.00640	0.00708
38	0.12696	0.06103	0.02145	0.01701	0.01969	0.22756	0.09995	0.02021	0.01358	0.01843	0.00978	0.01338	0.00855	0.00834	0.01199	0.00226	0.30384	0.00515	0.00324	0.00760
39	0.01531	0.01370	0.01662	0.04162	0.01705	0.07188	0.04069	0.07278	0.08101	0.03858	0.01575	0.02370	0.01453	0.14145	0.06052	0.00360	0.26571	0.02995	0.02821	0.00735
40	0.01144	0.00572	0.00858	0.00858	0.00858	0.00572	0.00572	0.00858	0.00858	0.01144	0.01144	0.02001	0.01144	0.02287	0.02573	0.80846	0.00572	0.00572	0.00286	0.00286
41	0.01493	0.02108	0.24328	0.08993	0.02959	0.01539	0.28526	0.09608	0.01667	0.02314	0.06390	0.04101	0.01420	0.00714	0.00708	0.00215	0.00925	0.00712	0.00385	0.00895
42	0.00904	0.00700	0.00847	0.00924	0.01102	0.00643	0.00754	0.01127	0.01490	0.01856	0.05057	0.11754	0.37515	0.01762	0.00840	0.00261	0.00457	0.30822	0.00609	0.00576
43	0.01556	0.24911	0.38919	0.01600	0.02351	0.01863	0.04739	0.07015	0.04608	0.02118	0.01237	0.01405	0.00946	0.00633	0.00570	0.00187	0.00838	0.00482	0.03088	0.00933
44	0.00957	0.00638	0.00718	0.00718	0.00718	0.00638	0.00399	0.00957	0.00957	0.01276	0.02074	0.04308	0.02393	0.76864	0.03351	0.00638	0.00638	0.00957	0.00399	0.00399
45	0.01641	0.57306	0.22363	0.01329	0.02003	0.02314	0.01479	0.02002	0.01352	0.01694	0.00987	0.01146	0.00842	0.00580	0.00477	0.00159	0.00777	0.00388	0.00281	0.00879
46	0.01787	0.01665	0.01536	0.01374	0.01741	0.12574	0.01065	0.06506	0.55115	0.02637	0.02356	0.02223	0.01779	0.00851	0.00650	0.00211	0.00623	0.00684	0.03635	0.00987
47	0.01260	0.01188	0.02005	0.72135	0.07547	0.01467	0.01837	0.01697	0.01324	0.01703	0.01173	0.01750	0.00885	0.00655	0.00658	0.00218	0.00873	0.00585	0.00294	0.00745
48	0.01326	0.03124	0.63380	0.01919	0.02825	0.01502	0.09053	0.02050	0.01427	0.02112	0.04347	0.01584	0.01088	0.00650	0.00647	0.00210	0.00957	0.00546	0.00303	0.00949
49	0.01243	0.01170	0.01975	0.75282	0.04534	0.01463	0.01828	0.01682	0.01316	0.01682	0.01170	0.01755	0.00878	0.00658	0.00658	0.00219	0.00878	0.00585	0.00293	0.00731
50	0.01144	0.00572	0.00858	0.00858	0.00858	0.00572	0.00572	0.00858	0.00858	0.01144	0.01144	0.02001	0.01144	0.02287	0.02573	0.80846	0.00572	0.00572	0.00286	0.00286
51	0.01320	0.03405	0.73453	0.01876	0.02849	0.01529	0.02432	0.02085	0.01390	0.02085	0.01181	0.01390	0.00834	0.00625	0.00625	0.00208	0.00973	0.00486	0.00278	0.00973
52	0.02459	0.03138	0.01866	0.01696	0.02035	0.74221	0.01272	0.02629	0.01866	0.01611	0.01018	0.01187	0.00848	0.00678	0.00594	0.00170	0.01187	0.00424	0.00339	0.00763
53	0.01368	0.01180	0.01390	0.01004	0.01567	0.00921	0.00805	0.01655	0.01352	0.02124	0.01158	0.01368	0.00971	0.00513	0.00551	0.00105	0.03353	0.00397	0.00386	0.77832
54	0.00802	0.00573	0.00764	0.00917	0.00955	0.00535	0.00611	0.00917	0.01260	0.01681	0.03628	0.76434	0.04354	0.02062	0.00840	0.00267	0.00382	0.01872	0.00611	0.00535
55	0.01035	0.00749	0.01025	0.01162	0.01320	0.00739	0.01009	0.01325	0.01514	0.01952	0.03779	0.07326	0.10116	0.01805	0.00897	0.00296	0.00581	0.62161	0.00607	0.00602
56	0.81514	0.01273	0.00968	0.00866	0.01273	0.01477	0.00713	0.01935	0.01120	0.02954	0.00917	0.01069	0.00713	0.00611	0.00407	0.00204	0.00509	0.00356	0.00407	0.00713
57	0.01144	0.00572	0.00858	0.00858	0.00858	0.00572	0.00572	0.00858	0.00858	0.01144	0.01144	0.02001	0.01144	0.02287	0.02573	0.80846	0.00572	0.00572	0.00286	0.00286
58	0.01951	0.01346	0.01462	0.01226	0.01614	0.01472	0.00978	0.23657	0.28077	0.10709	0.03895	0.02222	0.01734	0.00840	0.00628	0.00200	0.00542	0.00675	0.15790	0.00983
59	0.02503	0.01844	0.01976	0.01515	0.02042	0.02042	0.01251	0.70562	0.03095	0.04149	0.01581	0.01581	0.01120	0.00790	0.00659	0.00198	0.00724	0.00593	0.00659	0.01120
60	0.01883	0.01536	0.01627	0.01389	0.01806	0.01752	0.01101	0.22557	0.52109	0.03150	0.02367	0.02207	0.01757	0.00864	0.00667	0.00216	0.00579	0.00701	0.00667	0.01064

[dist]
# distance from previous block
# <min> <max>
0	26

[block]
# block no. 3 follows, 33 sequences, length 8
# corresponding to MSA columns:
# 233-240
name=unknown_D
#
# <colnr> <probs for GDERKNQSTAVLIFYWHMCP>
#	G	D	E	R	K	N	Q	S	T	A	V	L	I	F	Y	W	H	M	C	P
0	0.72465	0.01256	0.01032	0.00901	0.01320	0.01418	0.00742	0.02082	0.01208	0.11047	0.01110	0.01204	0.00819	0.00635	0.00437	0.00204	0.00515	0.00392	0.00454	0.00760
1	0.01760	0.77260	0.03450	0.01126	0.01690	0.02605	0.01126	0.01971	0.01338	0.01549	0.00915	0.01056	0.00845	0.00563	0.00422	0.00141	0.00704	0.00352	0.00282	0.00845
2	0.07490	0.01178	0.01335	0.00967	0.01538	0.00923	0.00775	0.01679	0.01346	0.02207	0.01151	0.01343	0.00955	0.00497	0.00481	0.00106	0.00489	0.00387	0.00391	0.74762
3	0.00895	0.00679	0.00921	0.01031	0.01079	0.00705	0.00746	0.01036	0.01267	0.01707	0.03345	0.60780	0.03949	0.01945	0.00976	0.00274	0.07664	0.09861	0.00579	0.00561
4	0.02334	0.01832	0.02315	0.01739	0.02290	0.01975	0.13539	0.58392	0.02821	0.03786	0.01536	0.01615	0.01098	0.00748	0.00680	0.00202	0.00793	0.00625	0.00601	0.01078
5	0.02547	0.02779	0.01806	0.01603	0.01972	0.61198	0.01218	0.02732	0.01869	0.14341	0.01298	0.01374	0.00987	0.00703	0.00606	0.00176	0.01076	0.00466	0.00424	0.00827
6	0.01070	0.00816	0.01023	0.01095	0.01263	0.00835	0.00874	0.01595	0.13933	0.02076	0.08856	0.23106	0.08702	0.01667	0.00830	0.00267	0.00494	0.30206	0.00628	0.00664
7	0.01644	0.01716	0.04846	0.18829	0.37004	0.08873	0.05576	0.05259	0.01542	0.02051	0.01198	0.01598	0.00971	0.00655	0.00746	0.00206	0.05456	0.00577	0.00332	0.00920

[dist]
# distance from previous block
# <min> <max>
0	2

[block]
# block no. 4 follows, 33 sequences, length 25
# corresponding to MSA columns:
# 243-267
name=unknown_E
#
# <colnr> <probs for GDERKNQSTAVLIFYWHMCP>
#	G	D	E	R	K	N	Q	S	T	A	V	L	I	F	Y	W	H	M	C	P
0	0.00899	0.00648	0.00817	0.00819	0.00956	0.00594	0.00597	0.01150	0.01667	0.02321	0.46418	0.20579	0.13367	0.01513	0.00776	0.00220	0.00329	0.01336	0.04401	0.00594
1	0.04680	0.14998	0.20464	0.01973	0.02642	0.09027	0.26263	0.06178	0.01593	0.04320	0.01232	0.01477	0.00933	0.00610	0.00637	0.00197	0.00954	0.00569	0.00348	0.00904
2	0.00957	0.00638	0.00718	0.00718	0.00718	0.00638	0.00399	0.00957	0.00957	0.01276	0.02074	0.04308	0.02393	0.76864	0.03351	0.00638	0.00638	0.00957	0.00399	0.00399
3	0.11665	0.03514	0.01984	0.07889	0.02223	0.05903	0.11802	0.12205	0.13130	0.17010	0.01742	0.01794	0.01249	0.00716	0.00631	0.00202	0.00722	0.00605	0.00539	0.04476
4	0.02109	0.04093	0.01811	0.01435	0.01890	0.04559	0.01159	0.37304	0.32169	0.03378	0.02007	0.01923	0.01480	0.00823	0.00654	0.00206	0.00654	0.00643	0.00640	0.01065
5	0.01719	0.01626	0.08671	0.02924	0.41663	0.01387	0.06660	0.02123	0.01520	0.10933	0.01397	0.01653	0.01083	0.00600	0.00634	0.00184	0.00749	0.00570	0.00393	0.13509
6	0.01491	0.21718	0.51574	0.01692	0.02539	0.01783	0.04052	0.02094	0.01398	0.04288	0.01166	0.01346	0.00868	0.00614	0.00580	0.00192	0.00896	0.00467	0.00298	0.00943
7	0.01502	0.22698	0.48792	0.01706	0.02539	0.01802	0.05828	0.02093	0.01401	0.04258	0.01166	0.01351	0.00872	0.00611	0.00582	0.00191	0.00896	0.00473	0.00299	0.00939
8	0.02954	0.01120	0.01528	0.01171	0.01681	0.00968	0.00968	0.03208	0.01884	0.73213	0.02597	0.02241	0.01630	0.00815	0.00662	0.00204	0.00560	0.00662	0.00815	0.01120
9	0.00785	0.00667	0.00676	0.00674	0.00893	0.00559	0.00506	0.00958	0.01517	0.01816	0.09564	0.06273	0.69572	0.01653	0.00778	0.00222	0.00332	0.01381	0.00616	0.00559
10	0.01817	0.09788	0.26769	0.04812	0.02307	0.06014	0.05079	0.06935	0.07869	0.14994	0.03641	0.04179	0.01378	0.00756	0.00636	0.00202	0.00793	0.00615	0.00466	0.00950
11	0.01238	0.01119	0.01521	0.01354	0.01365	0.01470	0.01061	0.01348	0.01005	0.01493	0.01373	0.04531	0.01476	0.23414	0.08786	0.00456	0.45309	0.00735	0.00335	0.00610
12	0.01227	0.00614	0.00614	0.00614	0.00767	0.00614	0.00460	0.01534	0.01381	0.02454	0.02148	0.02454	0.01687	0.00767	0.00460	0.00153	0.00307	0.00614	0.80518	0.00614
13	0.01446	0.09462	0.51815	0.02109	0.10064	0.03897	0.08069	0.02087	0.01426	0.02033	0.01172	0.01413	0.00871	0.00612	0.00623	0.00201	0.00948	0.00508	0.00290	0.00955
14	0.01604	0.01574	0.02508	0.13242	0.56646	0.04779	0.01930	0.01978	0.01464	0.02033	0.01199	0.01616	0.01002	0.00632	0.00734	0.00203	0.04987	0.00579	0.00320	0.00971
15	0.01951	0.02279	0.01665	0.01570	0.01858	0.46625	0.03688	0.02180	0.01735	0.01751	0.01868	0.03330	0.01854	0.01062	0.00708	0.00217	0.00987	0.23529	0.00430	0.00714
16	0.77795	0.01287	0.01047	0.01014	0.04601	0.01481	0.00774	0.01939	0.01138	0.02916	0.00932	0.01096	0.00728	0.00610	0.00419	0.00203	0.00522	0.00367	0.00404	0.00728
17	0.01131	0.00580	0.00870	0.00870	0.00877	0.00587	0.00587	0.00877	0.00870	0.01168	0.01182	0.02038	0.01175	0.02452	0.07045	0.75868	0.00646	0.00580	0.00290	0.00305
18	0.01508	0.07224	0.11476	0.13512	0.26734	0.06366	0.11234	0.01932	0.01488	0.01975	0.03369	0.02061	0.05022	0.00713	0.00663	0.00203	0.00846	0.02443	0.00347	0.00885
19	0.01068	0.00618	0.00912	0.00912	0.00949	0.00655	0.00640	0.00964	0.00927	0.01273	0.01396	0.02329	0.01379	0.07772	0.25125	0.50794	0.00950	0.00638	0.00314	0.00388
20	0.00948	0.00671	0.00886	0.00883	0.00946	0.00723	0.00609	0.01075	0.01055	0.01470	0.05851	0.03539	0.02258	0.39122	0.36262	0.00810	0.01144	0.00853	0.00396	0.00499
21	0.00871	0.00663	0.00801	0.00783	0.00951	0.00593	0.00581	0.01119	0.01696	0.02281	0.45396	0.11251	0.27600	0.01509	0.00782	0.00217	0.00324	0.01311	0.00679	0.00593
22	0.01542	0.19307	0.22646	0.02069	0.02778	0.01839	0.31930	0.02155	0.05688	0.02014	0.01278	0.01548	0.00980	0.00597	0.00649	0.00200	0.00945	0.00599	0.00327	0.00911
23	0.05866	0.01794	0.13445	0.02598	0.32254	0.03266	0.06268	0.09179	0.01681	0.06217	0.05733	0.01932	0.03246	0.00707	0.00649	0.00200	0.00759	0.00630	0.02618	0.00960
24	0.01552	0.03725	0.16801	0.03747	0.03674	0.01286	0.04507	0.09340	0.04179	0.04223	0.01313	0.01487	0.01013	0.00586	0.00567	0.00152	0.00672	0.00480	0.00407	0.40289

[dist]
# distance from previous block
# <min> <max>
0	1

[block]
# block no. 5 follows, 33 sequences, length 25
# corresponding to MSA columns:
# 269-293
name=unknown_F
#
# <colnr> <probs for GDERKNQSTAVLIFYWHMCP>
#	G	D	E	R	K	N	Q	S	T	A	V	L	I	F	Y	W	H	M	C	P
0	0.01803	0.01872	0.01882	0.02275	0.25729	0.25445	0.01359	0.02222	0.08812	0.04416	0.05852	0.09883	0.01795	0.02876	0.00734	0.00210	0.00807	0.00735	0.00438	0.00856
1	0.01387	0.07254	0.25130	0.03852	0.09190	0.01379	0.03410	0.03817	0.03896	0.02170	0.08958	0.01968	0.03576	0.00725	0.00665	0.00182	0.03273	0.00593	0.00391	0.18184
2	0.01799	0.01692	0.02371	0.03092	0.45986	0.07702	0.03700	0.12992	0.05528	0.02479	0.05130	0.01807	0.01363	0.00682	0.00659	0.00197	0.00778	0.00620	0.00419	0.01005
3	0.01796	0.09236	0.05777	0.02291	0.25393	0.05801	0.06710	0.05525	0.05804	0.10244	0.05407	0.01816	0.01406	0.00675	0.00625	0.00184	0.00731	0.00594	0.00441	0.09543
4	0.01303	0.01331	0.10943	0.01078	0.01533	0.00942	0.00954	0.01584	0.01285	0.04330	0.01544	0.02410	0.01456	0.18780	0.01268	0.00261	0.03003	0.04016	0.00399	0.41577
5	0.01510	0.01443	0.02457	0.25986	0.51742	0.01533	0.01961	0.01916	0.01443	0.02006	0.01217	0.01668	0.00992	0.00609	0.00654	0.00203	0.00812	0.00586	0.00316	0.00947
6	0.01297	0.00963	0.01178	0.00928	0.01332	0.00779	0.00728	0.01594	0.01605	0.07221	0.30435	0.02880	0.03164	0.00861	0.00618	0.00150	0.00420	0.00736	0.00556	0.42555
7	0.01501	0.01434	0.02441	0.27656	0.50142	0.01531	0.01957	0.01908	0.01438	0.01995	0.01216	0.01671	0.00988	0.00610	0.00654	0.00203	0.00814	0.00586	0.00315	0.00940
8	0.02390	0.02187	0.01886	0.01550	0.02002	0.23914	0.01233	0.42202	0.10615	0.03217	0.01536	0.01562	0.01140	0.00768	0.00640	0.00192	0.00842	0.00559	0.00563	0.01002
9	0.00940	0.00705	0.01058	0.01058	0.01176	0.00823	0.00823	0.01176	0.01058	0.01528	0.01763	0.02586	0.01646	0.04937	0.74255	0.01058	0.01763	0.00705	0.00353	0.00588
10	0.76705	0.01264	0.01002	0.00884	0.01298	0.01446	0.00729	0.02013	0.01167	0.07254	0.01020	0.01141	0.00769	0.00624	0.00423	0.00204	0.00512	0.00375	0.00432	0.00738
11	0.01397	0.00988	0.01209	0.01068	0.01345	0.00986	0.03173	0.11529	0.08736	0.08888	0.16044	0.10026	0.19106	0.05417	0.03080	0.00270	0.00530	0.04821	0.00634	0.00754
12	0.02363	0.02996	0.01797	0.01637	0.01970	0.70002	0.01228	0.02532	0.01845	0.01621	0.01341	0.01482	0.04951	0.00735	0.00604	0.00173	0.01138	0.00479	0.00355	0.00751
13	0.00957	0.00638	0.00718	0.00718	0.00718	0.00638	0.00399	0.00957	0.00957	0.01276	0.02074	0.04308	0.02393	0.76864	0.03351	0.00638	0.00638	0.00957	0.00399	0.00399
14	0.02549	0.01652	0.01873	0.01446	0.01939	0.01788	0.01195	0.50918	0.02695	0.20212	0.01779	0.01728	0.01225	0.00816	0.00743	0.00204	0.04856	0.00608	0.00675	0.01098
15	0.01144	0.00572	0.00858	0.00858	0.00858	0.00572	0.00572	0.00858	0.00858	0.01144	0.01144	0.02001	0.01144	0.02287	0.02573	0.80846	0.00572	0.00572	0.00286	0.00286
16	0.02310	0.19006	0.02205	0.01574	0.01961	0.58889	0.01241	0.02488	0.01753	0.01598	0.00996	0.01159	0.00847	0.00654	0.00557	0.00163	0.01084	0.00409	0.00327	0.00781
17	0.01539	0.01471	0.02508	0.20802	0.56706	0.01540	0.01975	0.01941	0.01456	0.02040	0.01222	0.01659	0.01004	0.00603	0.00653	0.00201	0.00805	0.00586	0.00318	0.00970
18	0.01255	0.01187	0.01977	0.70779	0.04362	0.01497	0.01805	0.01676	0.01298	0.01676	0.01151	0.01736	0.00877	0.00688	0.00750	0.00224	0.05455	0.00585	0.00292	0.00731
19	0.01637	0.01414	0.01489	0.01340	0.01712	0.01637	0.01042	0.03498	0.71568	0.02754	0.02679	0.02456	0.02010	0.00893	0.00670	0.00223	0.00521	0.00744	0.00670	0.01042
20	0.01243	0.01170	0.01975	0.75282	0.04534	0.01463	0.01828	0.01682	0.01316	0.01682	0.01170	0.01755	0.00878	0.00658	0.00658	0.00219	0.00878	0.00585	0.00293	0.00731
21	0.01087	0.00740	0.00951	0.00876	0.01064	0.00698	0.00664	0.01480	0.05744	0.06688	0.64531	0.04627	0.05715	0.01290	0.00764	0.00208	0.00337	0.01135	0.00727	0.00673
22	0.02463	0.01824	0.01953	0.01507	0.02027	0.02023	0.01242	0.67500	0.06222	0.04085	0.01631	0.01621	0.01160	0.00795	0.00659	0.00199	0.00715	0.00600	0.00659	0.01116
23	0.01637	0.01414	0.01489	0.01340	0.01712	0.01637	0.01042	0.03498	0.71568	0.02754	0.02679	0.02456	0.02010	0.00893	0.00670	0.00223	0.00521	0.00744	0.00670	0.01042
24	0.01629	0.01564	0.02672	0.04041	0.72757	0.01564	0.02020	0.02020	0.01499	0.02151	0.01238	0.01629	0.01043	0.00587	0.00652	0.00196	0.00782	0.00587	0.00326	0.01043

[dist]
# distance from previous block
# <min> <max>
0	0

# created by:
# /home/cegg/simao/soft/augustus-3.2.1/scripts/msa2prfl.pl ./align_prep/EOG090W0DPV.fa
