[name]
unknown

[dist]
# distance from previous block
# <min> <max>
7	137

[block]
# block no. 0 follows, 26 sequences, length 75
# corresponding to MSA columns:
# 159-233
name=unknown_A
#
# <colnr> <probs for GDERKNQSTAVLIFYWHMCP>
#	G	D	E	R	K	N	Q	S	T	A	V	L	I	F	Y	W	H	M	C	P
0	0.29903	0.01559	0.01783	0.30665	0.06175	0.06916	0.01474	0.02120	0.01527	0.02572	0.04612	0.01840	0.01263	0.00768	0.00645	0.00234	0.00826	0.00589	0.00421	0.04108
1	0.38990	0.01672	0.01366	0.01184	0.01640	0.11466	0.00933	0.02243	0.04340	0.02889	0.07115	0.04616	0.01680	0.00840	0.00589	0.00208	0.00671	0.00601	0.00507	0.16449
2	0.07799	0.01335	0.01966	0.46034	0.03932	0.01529	0.01677	0.02114	0.04896	0.05330	0.05443	0.02184	0.01479	0.00798	0.00719	0.00232	0.00844	0.00679	0.00441	0.10568
3	0.05756	0.01461	0.02021	0.04657	0.02266	0.01217	0.10818	0.02007	0.01588	0.02491	0.01361	0.01647	0.01106	0.00590	0.00616	0.00147	0.00693	0.00525	0.00435	0.58598
4	0.01610	0.01447	0.01951	0.01403	0.02082	0.01155	0.09266	0.02042	0.03624	0.02488	0.01426	0.01672	0.01164	0.00586	0.00611	0.00135	0.00655	0.00519	0.00451	0.65713
5	0.01418	0.01178	0.01404	0.01092	0.01615	0.00918	0.00848	0.01729	0.01630	0.02470	0.10346	0.12041	0.02443	0.00942	0.00661	0.00156	0.00519	0.00806	0.00535	0.57247
6	0.02636	0.08386	0.02262	0.01777	0.02257	0.34294	0.01404	0.21645	0.12751	0.02916	0.01655	0.01719	0.01279	0.00848	0.00704	0.00212	0.01047	0.00597	0.00554	0.01058
7	0.01792	0.01481	0.01690	0.01236	0.01892	0.01253	0.00995	0.12235	0.03916	0.02862	0.01477	0.01651	0.01187	0.00632	0.00600	0.00135	0.00607	0.00499	0.00509	0.63353
8	0.03138	0.01377	0.01955	0.01685	0.07253	0.01242	0.03450	0.03565	0.05972	0.57690	0.02825	0.02522	0.01825	0.00913	0.00767	0.00236	0.00685	0.00766	0.00865	0.01269
9	0.01776	0.02005	0.04246	0.03068	0.03754	0.01961	0.59004	0.02365	0.01723	0.02365	0.01477	0.02005	0.01134	0.00713	0.01065	0.00264	0.08823	0.00870	0.00378	0.01002
10	0.00896	0.00768	0.00768	0.00768	0.01025	0.00640	0.00576	0.01089	0.01729	0.02049	0.07684	0.07300	0.68304	0.01921	0.00896	0.00256	0.00384	0.01601	0.00704	0.00640
11	0.01790	0.02046	0.04476	0.03197	0.03964	0.01918	0.65857	0.02430	0.01790	0.02430	0.01535	0.02046	0.01151	0.00639	0.00895	0.00256	0.01279	0.00895	0.00384	0.01023
12	0.01842	0.01766	0.03016	0.09915	0.63625	0.01793	0.02310	0.02297	0.01711	0.02436	0.01421	0.01889	0.01186	0.00682	0.00752	0.00227	0.00910	0.00676	0.00372	0.01173
13	0.01164	0.00845	0.01147	0.01303	0.01476	0.00828	0.01113	0.01479	0.01721	0.02220	0.04421	0.13479	0.11242	0.02099	0.01025	0.00336	0.00645	0.52072	0.00700	0.00686
14	0.00924	0.00660	0.00880	0.01056	0.01100	0.00616	0.00704	0.01056	0.01452	0.01936	0.04181	0.72848	0.05017	0.02376	0.00968	0.00308	0.00440	0.02156	0.00704	0.00616
15	0.02028	0.73799	0.03975	0.01298	0.01947	0.03001	0.01298	0.02271	0.01541	0.01785	0.01055	0.01217	0.00973	0.00649	0.00487	0.00162	0.00811	0.00406	0.00324	0.00973
16	0.01521	0.03923	0.69413	0.02162	0.03283	0.01762	0.02802	0.02402	0.01601	0.02402	0.01361	0.01601	0.00961	0.00721	0.00721	0.00240	0.01121	0.00560	0.00320	0.01121
17	0.02833	0.03615	0.02149	0.01954	0.02345	0.70298	0.01466	0.03029	0.02149	0.01856	0.01172	0.01368	0.00977	0.00782	0.00684	0.00195	0.01368	0.00489	0.00391	0.00879
18	0.14706	0.01435	0.01487	0.01220	0.01653	0.01541	0.00989	0.26608	0.02359	0.10873	0.02052	0.02158	0.01505	0.00871	0.00633	0.00212	0.00607	0.00656	0.27424	0.01012
19	0.15376	0.01745	0.02560	0.02183	0.06243	0.02108	0.13721	0.07244	0.01532	0.02496	0.01201	0.01684	0.01030	0.01015	0.01588	0.00286	0.35996	0.00665	0.00403	0.00924
20	0.00921	0.00672	0.00868	0.01025	0.01092	0.00619	0.00690	0.01060	0.01482	0.01948	0.04555	0.65851	0.11772	0.02328	0.00960	0.00303	0.00434	0.02097	0.00704	0.00619
21	0.00896	0.00768	0.00768	0.00768	0.01025	0.00640	0.00576	0.01089	0.01729	0.02049	0.07684	0.07300	0.68304	0.01921	0.00896	0.00256	0.00384	0.01601	0.00704	0.00640
22	0.01790	0.02046	0.04476	0.03197	0.03964	0.01918	0.65857	0.02430	0.01790	0.02430	0.01535	0.02046	0.01151	0.00639	0.00895	0.00256	0.01279	0.00895	0.00384	0.01023
23	0.01938	0.01583	0.01699	0.01528	0.01955	0.01809	0.01197	0.03919	0.61442	0.06474	0.03118	0.03037	0.02372	0.01065	0.00782	0.00260	0.00606	0.03253	0.00777	0.01186
24	0.00896	0.00768	0.00768	0.00768	0.01025	0.00640	0.00576	0.01089	0.01729	0.02049	0.07684	0.07300	0.68304	0.01921	0.00896	0.00256	0.00384	0.01601	0.00704	0.00640
25	0.01790	0.02046	0.04476	0.03197	0.03964	0.01918	0.65857	0.02430	0.01790	0.02430	0.01535	0.02046	0.01151	0.00639	0.00895	0.00256	0.01279	0.00895	0.00384	0.01023
26	0.01803	0.31618	0.39407	0.01793	0.02696	0.02290	0.02123	0.06117	0.01694	0.02297	0.01266	0.01461	0.00985	0.00703	0.00630	0.00208	0.00981	0.00506	0.00348	0.01072
27	0.01120	0.00835	0.01163	0.01145	0.01233	0.00959	0.00842	0.01305	0.01182	0.01679	0.02082	0.03495	0.02102	0.25460	0.47023	0.01028	0.05417	0.00891	0.00418	0.00621
28	0.01790	0.02046	0.04476	0.03197	0.03964	0.01918	0.65857	0.02430	0.01790	0.02430	0.01535	0.02046	0.01151	0.00639	0.00895	0.00256	0.01279	0.00895	0.00384	0.01023
29	0.02910	0.02934	0.02144	0.01828	0.02303	0.43255	0.01421	0.21220	0.02559	0.10009	0.01557	0.01630	0.01165	0.00836	0.00714	0.00209	0.01136	0.00574	0.00556	0.01042
30	0.01670	0.01508	0.02491	0.03625	0.47401	0.01508	0.01978	0.02089	0.01733	0.02412	0.02246	0.03990	0.02202	0.01125	0.00845	0.00264	0.00837	0.20554	0.00478	0.01042
31	0.78701	0.01467	0.01115	0.00997	0.01467	0.01702	0.00821	0.02230	0.01291	0.03403	0.01056	0.01232	0.00821	0.00704	0.00469	0.00235	0.00587	0.00411	0.00469	0.00821
32	0.01844	0.01804	0.03187	0.08100	0.58170	0.01809	0.09220	0.02318	0.01723	0.02444	0.01434	0.01903	0.01186	0.00676	0.00767	0.00230	0.00948	0.00700	0.00374	0.01163
33	0.02491	0.01346	0.01656	0.01304	0.01823	0.01237	0.01051	0.14453	0.02249	0.31687	0.08492	0.07771	0.04746	0.01057	0.00756	0.00217	0.00615	0.00875	0.00780	0.15395
34	0.01771	0.01973	0.03741	0.02784	0.03419	0.07284	0.49779	0.02321	0.01781	0.02326	0.01804	0.02754	0.01530	0.01108	0.05002	0.00318	0.01267	0.07662	0.00420	0.00956
35	0.01521	0.03923	0.69413	0.02162	0.03283	0.01762	0.02802	0.02402	0.01601	0.02402	0.01361	0.01601	0.00961	0.00721	0.00721	0.00240	0.01121	0.00560	0.00320	0.01121
36	0.01387	0.00712	0.00731	0.00726	0.00903	0.00708	0.00545	0.01741	0.01634	0.02845	0.07645	0.03051	0.02354	0.00936	0.00559	0.00182	0.00354	0.00759	0.71519	0.00708
37	0.01177	0.00943	0.01196	0.01225	0.01403	0.00986	0.00993	0.01550	0.05563	0.02266	0.11559	0.13861	0.20518	0.01876	0.01124	0.00302	0.08292	0.23767	0.00680	0.00721
38	0.02082	0.02026	0.03637	0.02663	0.03330	0.02055	0.42006	0.19582	0.05349	0.03064	0.01656	0.02002	0.01235	0.00768	0.00939	0.00252	0.04936	0.00824	0.00500	0.01093
39	0.01130	0.00881	0.01308	0.01282	0.01406	0.01059	0.01006	0.01393	0.01214	0.01766	0.01948	0.02873	0.01823	0.05336	0.64844	0.01147	0.07693	0.00801	0.00400	0.00690
40	0.01759	0.01955	0.03969	0.02913	0.03500	0.02014	0.50744	0.02287	0.01642	0.02287	0.01408	0.01955	0.01114	0.00801	0.01270	0.00274	0.17917	0.00841	0.00371	0.00978
41	0.01626	0.01718	0.03439	0.02549	0.03156	0.01636	0.45452	0.02307	0.06979	0.02537	0.10718	0.03194	0.06140	0.00932	0.00893	0.00258	0.01026	0.03975	0.00506	0.00959
42	0.01827	0.01039	0.01473	0.01265	0.01628	0.00927	0.05986	0.02126	0.01922	0.23481	0.14868	0.10290	0.20131	0.01504	0.00876	0.00261	0.00572	0.08157	0.00774	0.00893
43	0.00924	0.00660	0.00880	0.01056	0.01100	0.00616	0.00704	0.01056	0.01452	0.01936	0.04181	0.72848	0.05017	0.02376	0.00968	0.00308	0.00440	0.02156	0.00704	0.00616
44	0.01659	0.01659	0.02323	0.01991	0.01991	0.02323	0.01659	0.01825	0.01162	0.01825	0.00996	0.01659	0.00996	0.01328	0.02489	0.00332	0.71955	0.00664	0.00332	0.00830
45	0.01432	0.01348	0.02275	0.71520	0.05224	0.01685	0.02107	0.01938	0.01517	0.01938	0.01348	0.02022	0.01011	0.00758	0.00758	0.00253	0.01011	0.00674	0.00337	0.00843
46	0.02833	0.03615	0.02149	0.01954	0.02345	0.70298	0.01466	0.03029	0.02149	0.01856	0.01172	0.01368	0.00977	0.00782	0.00684	0.00195	0.01368	0.00489	0.00391	0.00879
47	0.00924	0.00660	0.00880	0.01056	0.01100	0.00616	0.00704	0.01056	0.01452	0.01936	0.04181	0.72848	0.05017	0.02376	0.00968	0.00308	0.00440	0.02156	0.00704	0.00616
48	0.01134	0.00782	0.01026	0.00975	0.01156	0.00720	0.00727	0.01472	0.02092	0.05015	0.60992	0.11009	0.06819	0.01598	0.00896	0.00244	0.00373	0.01416	0.00828	0.00726
49	0.01085	0.00807	0.01188	0.01188	0.01313	0.00931	0.00910	0.01335	0.01210	0.01738	0.02060	0.03136	0.01964	0.11011	0.65108	0.01181	0.01930	0.00836	0.00411	0.00660
50	0.00924	0.00660	0.00880	0.01056	0.01100	0.00616	0.00704	0.01056	0.01452	0.01936	0.04181	0.72848	0.05017	0.02376	0.00968	0.00308	0.00440	0.02156	0.00704	0.00616
51	0.03403	0.01291	0.01760	0.01350	0.01936	0.01115	0.01115	0.03697	0.02171	0.69137	0.02992	0.02582	0.01878	0.00939	0.00763	0.00235	0.00645	0.00763	0.00939	0.01291
52	0.02442	0.01992	0.02666	0.02026	0.02632	0.02133	0.16543	0.40491	0.11851	0.03943	0.01949	0.02045	0.01419	0.00862	0.00785	0.00237	0.00891	0.00758	0.03137	0.01196
53	0.00929	0.00717	0.00849	0.00927	0.01073	0.00637	0.00653	0.01110	0.01641	0.02103	0.12580	0.38594	0.31272	0.02099	0.00931	0.00279	0.00408	0.01843	0.00718	0.00637
54	0.03403	0.01291	0.01760	0.01350	0.01936	0.01115	0.01115	0.03697	0.02171	0.69137	0.02992	0.02582	0.01878	0.00939	0.00763	0.00235	0.00645	0.00763	0.00939	0.01291
55	0.02028	0.73799	0.03975	0.01298	0.01947	0.03001	0.01298	0.02271	0.01541	0.01785	0.01055	0.01217	0.00973	0.00649	0.00487	0.00162	0.00811	0.00406	0.00324	0.00973
56	0.04908	0.01446	0.01766	0.01346	0.01938	0.01324	0.01102	0.14883	0.02267	0.36951	0.04829	0.02281	0.01762	0.00862	0.00711	0.00205	0.00649	0.00687	0.00773	0.19309
57	0.02698	0.02623	0.02139	0.01820	0.02294	0.35151	0.04614	0.10717	0.14520	0.13024	0.01912	0.01920	0.01415	0.00861	0.00732	0.00220	0.01043	0.00644	0.00591	0.01060
58	0.01657	0.01770	0.03710	0.02773	0.03401	0.01672	0.50641	0.02228	0.01780	0.02392	0.02119	0.03579	0.01908	0.00982	0.00931	0.00278	0.01142	0.15634	0.00458	0.00947
59	0.02837	0.03498	0.02159	0.01938	0.02345	0.64953	0.01464	0.07989	0.02261	0.02086	0.01223	0.01404	0.01002	0.00792	0.00690	0.00198	0.01326	0.00504	0.00420	0.00912
60	0.00953	0.00774	0.00849	0.00860	0.01089	0.00670	0.00656	0.01182	0.01787	0.02223	0.17054	0.09649	0.50800	0.01893	0.00911	0.00263	0.00408	0.06597	0.00725	0.00656
61	0.02228	0.02279	0.03378	0.02542	0.03141	0.14658	0.35053	0.12680	0.02106	0.06020	0.01542	0.01879	0.01165	0.00781	0.00960	0.00245	0.07077	0.00760	0.00468	0.01036
62	0.02673	0.01638	0.02657	0.01989	0.02616	0.01561	0.21635	0.08469	0.09777	0.35019	0.02446	0.02379	0.01651	0.00852	0.00805	0.00243	0.00856	0.00809	0.00729	0.01195
63	0.00916	0.00693	0.00846	0.00968	0.01077	0.00624	0.00665	0.01066	0.01537	0.01971	0.05258	0.52698	0.24471	0.02236	0.00946	0.00292	0.00423	0.01986	0.00704	0.00624
64	0.00924	0.00660	0.00880	0.01056	0.01100	0.00616	0.00704	0.01056	0.01452	0.01936	0.04181	0.72848	0.05017	0.02376	0.00968	0.00308	0.00440	0.02156	0.00704	0.00616
65	0.01573	0.01348	0.01573	0.01123	0.01798	0.01011	0.00899	0.01910	0.01573	0.02472	0.01348	0.01573	0.01123	0.00562	0.00562	0.00112	0.00562	0.00449	0.00449	0.77980
66	0.01529	0.01230	0.01478	0.01152	0.01711	0.00966	0.00928	0.01860	0.01638	0.04337	0.05438	0.05422	0.02023	0.00886	0.00661	0.00160	0.00565	0.08422	0.00525	0.59069
67	0.01561	0.01313	0.01516	0.01126	0.01735	0.01036	0.00894	0.05264	0.01687	0.02538	0.02002	0.05302	0.06595	0.00771	0.00617	0.00139	0.00557	0.00631	0.00498	0.64219
68	0.06064	0.01829	0.03297	0.02623	0.06488	0.02017	0.32300	0.02167	0.01515	0.02262	0.01293	0.01829	0.01076	0.00900	0.01448	0.00276	0.27661	0.00753	0.00371	0.03831
69	0.23029	0.01252	0.01504	0.01233	0.01680	0.01217	0.07857	0.03921	0.01668	0.08517	0.03334	0.06819	0.19212	0.01124	0.00704	0.00228	0.00598	0.00928	0.04736	0.10439
70	0.01194	0.00897	0.01072	0.01045	0.01303	0.00792	0.00768	0.01507	0.05145	0.04692	0.06597	0.33693	0.19055	0.01777	0.00859	0.00254	0.00471	0.03536	0.00675	0.14667
71	0.08142	0.01660	0.02640	0.01971	0.02591	0.04027	0.24968	0.02585	0.04043	0.17026	0.01958	0.05817	0.01520	0.00806	0.00755	0.00220	0.00872	0.00787	0.00556	0.17056
72	0.08541	0.02036	0.02016	0.01640	0.02149	0.17788	0.06420	0.05048	0.12657	0.09327	0.01749	0.01858	0.01338	0.00803	0.00781	0.00206	0.04853	0.00611	0.00539	0.19640
73	0.42153	0.01696	0.02066	0.01615	0.02180	0.04212	0.16202	0.04398	0.04570	0.03034	0.01327	0.01564	0.01026	0.00695	0.00612	0.00224	0.00784	0.00562	0.00467	0.10614
74	0.14515	0.01502	0.01593	0.01271	0.01799	0.06206	0.01028	0.04914	0.01836	0.22114	0.04481	0.02318	0.03467	0.00865	0.00717	0.00200	0.02878	0.02414	0.00628	0.25254

[dist]
# distance from previous block
# <min> <max>
20	111

[block]
# block no. 1 follows, 26 sequences, length 6
# corresponding to MSA columns:
# 402-407
name=unknown_B
#
# <colnr> <probs for GDERKNQSTAVLIFYWHMCP>
#	G	D	E	R	K	N	Q	S	T	A	V	L	I	F	Y	W	H	M	C	P
0	0.01397	0.01222	0.02116	0.01755	0.02085	0.01298	0.17271	0.06527	0.01540	0.02157	0.01891	0.02658	0.01663	0.04060	0.47644	0.00902	0.01752	0.00824	0.00427	0.00810
1	0.01669	0.01454	0.02580	0.54209	0.04723	0.01670	0.12197	0.02177	0.01620	0.08145	0.01528	0.02077	0.01112	0.00756	0.00781	0.00252	0.01021	0.00717	0.00399	0.00912
2	0.37182	0.01597	0.02214	0.01699	0.02261	0.01636	0.20302	0.05125	0.01650	0.03044	0.07144	0.01927	0.01528	0.00753	0.00657	0.00228	0.00782	0.00656	0.00487	0.09125
3	0.07449	0.01650	0.02759	0.01986	0.02683	0.01444	0.28197	0.02152	0.01643	0.02524	0.01405	0.01746	0.01112	0.00605	0.00695	0.00182	0.00865	0.00634	0.00423	0.39845
4	0.04388	0.01413	0.02136	0.01685	0.02155	0.01369	0.16242	0.08961	0.07757	0.05602	0.19868	0.06435	0.03232	0.01104	0.00817	0.00235	0.00714	0.04249	0.00643	0.10993
5	0.10867	0.01473	0.02343	0.01827	0.02368	0.01388	0.21291	0.04946	0.01793	0.08516	0.02556	0.03564	0.07223	0.01051	0.00800	0.00244	0.00820	0.12627	0.00556	0.13746

[dist]
# distance from previous block
# <min> <max>
83	174

[block]
# block no. 2 follows, 26 sequences, length 15
# corresponding to MSA columns:
# 631-645
name=unknown_C
#
# <colnr> <probs for GDERKNQSTAVLIFYWHMCP>
#	G	D	E	R	K	N	Q	S	T	A	V	L	I	F	Y	W	H	M	C	P
0	0.28644	0.01735	0.01832	0.01434	0.02009	0.09578	0.08485	0.02339	0.01610	0.07376	0.01362	0.01556	0.01057	0.00673	0.00597	0.00190	0.00755	0.00514	0.00476	0.27778
1	0.13426	0.01569	0.01813	0.01496	0.01954	0.07676	0.07131	0.05341	0.08622	0.10012	0.01860	0.02143	0.01471	0.01949	0.17404	0.00452	0.01085	0.00665	0.00534	0.13398
2	0.16613	0.01743	0.01866	0.01508	0.02022	0.07895	0.05102	0.15848	0.07403	0.12028	0.01821	0.01953	0.01368	0.01299	0.07790	0.00317	0.00906	0.00634	0.00596	0.11286
3	0.07584	0.01686	0.02705	0.02000	0.02643	0.01595	0.25410	0.08807	0.05855	0.06866	0.01683	0.01954	0.01283	0.00925	0.03946	0.00254	0.00936	0.00699	0.00505	0.22662
4	0.05260	0.01521	0.01987	0.01495	0.02093	0.01403	0.08277	0.14529	0.01971	0.06940	0.01623	0.01874	0.01276	0.01227	0.08266	0.00284	0.00862	0.00602	0.00528	0.37981
5	0.04374	0.01640	0.02687	0.01954	0.02635	0.01454	0.25848	0.02336	0.06761	0.04468	0.01592	0.01869	0.01238	0.00644	0.00709	0.00186	0.00843	0.00660	0.00464	0.37638
6	0.02049	0.01736	0.03042	0.02219	0.02888	0.01613	0.31673	0.06151	0.05033	0.12854	0.01789	0.02029	0.01315	0.00722	0.00830	0.00219	0.03091	0.00747	0.00523	0.19478
7	0.35892	0.01681	0.01692	0.01371	0.01867	0.09415	0.07992	0.02224	0.01516	0.04942	0.01369	0.01793	0.01150	0.07316	0.00879	0.00253	0.00763	0.00556	0.00462	0.16867
8	0.06103	0.00951	0.01394	0.01288	0.01507	0.01043	0.04023	0.01658	0.01331	0.08027	0.02058	0.02912	0.01845	0.08829	0.52326	0.00993	0.01701	0.00805	0.00461	0.00745
9	0.59375	0.01396	0.01231	0.01057	0.01537	0.01527	0.00866	0.02411	0.01490	0.13974	0.05036	0.01705	0.01349	0.00783	0.00543	0.00230	0.00583	0.00521	0.00564	0.03821
10	0.08699	0.01409	0.01576	0.01152	0.01803	0.01160	0.00927	0.06062	0.01675	0.02705	0.01352	0.01558	0.01107	0.00597	0.00566	0.00131	0.00582	0.00461	0.00471	0.66008
11	0.01573	0.01348	0.01573	0.01123	0.01798	0.01011	0.00899	0.01910	0.01573	0.02472	0.01348	0.01573	0.01123	0.00562	0.00562	0.00112	0.00562	0.00449	0.00449	0.77980
12	0.01606	0.01348	0.01569	0.01155	0.01785	0.01063	0.00917	0.05533	0.01679	0.02570	0.01557	0.06167	0.01383	0.00698	0.00599	0.00132	0.00570	0.00572	0.00483	0.68614
13	0.14293	0.01417	0.01561	0.01177	0.01795	0.01246	0.00949	0.05716	0.04722	0.08867	0.01557	0.01681	0.01208	0.00660	0.00586	0.00156	0.00590	0.00503	0.00529	0.50786
14	0.15050	0.02309	0.01993	0.01623	0.02156	0.19127	0.01301	0.33447	0.02665	0.06495	0.01558	0.01631	0.01152	0.00825	0.00682	0.00214	0.00904	0.00580	0.00609	0.05680

[dist]
# distance from previous block
# <min> <max>
13	77

[block]
# block no. 3 follows, 26 sequences, length 10
# corresponding to MSA columns:
# 760-769
name=unknown_D
#
# <colnr> <probs for GDERKNQSTAVLIFYWHMCP>
#	G	D	E	R	K	N	Q	S	T	A	V	L	I	F	Y	W	H	M	C	P
0	0.01714	0.01570	0.02290	0.01665	0.02339	0.01355	0.15935	0.05523	0.06573	0.02634	0.01544	0.01788	0.01226	0.00632	0.00664	0.00162	0.00744	0.00594	0.00474	0.50573
1	0.08129	0.01837	0.02025	0.01620	0.02154	0.11968	0.09801	0.05819	0.13191	0.02650	0.01859	0.07069	0.01584	0.00851	0.00695	0.00200	0.00795	0.00721	0.00524	0.26507
2	0.07414	0.01991	0.03206	0.02366	0.03018	0.06220	0.34986	0.14967	0.02128	0.02962	0.04947	0.02043	0.01451	0.00746	0.00794	0.00231	0.01034	0.00776	0.00494	0.08227
3	0.15956	0.01962	0.01919	0.01599	0.02094	0.15562	0.05144	0.13991	0.05104	0.16400	0.02039	0.02518	0.01609	0.00952	0.00725	0.00235	0.00855	0.07039	0.00631	0.03667
4	0.01150	0.00928	0.01523	0.01404	0.01598	0.01039	0.07012	0.01455	0.01272	0.01823	0.01985	0.02893	0.01827	0.05217	0.63849	0.01129	0.01961	0.00820	0.00404	0.00710
5	0.22779	0.01557	0.01608	0.01230	0.01834	0.01503	0.01001	0.16556	0.01949	0.03248	0.01376	0.01537	0.01079	0.00679	0.00581	0.00172	0.00630	0.00492	0.00525	0.39663
6	0.02106	0.01457	0.01715	0.01260	0.01908	0.01235	0.01021	0.12059	0.01987	0.14950	0.01720	0.01794	0.01286	0.00684	0.00628	0.00152	0.00619	0.00542	0.00586	0.52291
7	0.15512	0.01547	0.01562	0.01254	0.01814	0.04750	0.00996	0.02614	0.17763	0.05377	0.01780	0.01851	0.01386	0.00728	0.00611	0.00179	0.00618	0.00557	0.00549	0.38552
8	0.11332	0.01422	0.01574	0.01245	0.01803	0.01342	0.00996	0.06098	0.14076	0.07584	0.01829	0.01945	0.01424	0.01043	0.05083	0.00241	0.00688	0.00581	0.00563	0.39134
9	0.27178	0.01467	0.01462	0.01240	0.01723	0.01567	0.00994	0.07883	0.20231	0.10080	0.02562	0.02491	0.07911	0.00938	0.00660	0.00229	0.00594	0.00714	0.00647	0.09427

[dist]
# distance from previous block
# <min> <max>
53	402

# created by:
# /home/cegg/simao/soft/augustus-3.2.1/scripts/msa2prfl.pl ./align_prep/EOG090W0EZW.fa
