[name]
unknown

[dist]
# distance from previous block
# <min> <max>
11	69

[block]
# block no. 0 follows, 37 sequences, length 6
# corresponding to MSA columns:
# 87-92
name=unknown_A
#
# <colnr> <probs for GDERKNQSTAVLIFYWHMCP>
#	G	D	E	R	K	N	Q	S	T	A	V	L	I	F	Y	W	H	M	C	P
0	0.07720	0.06521	0.01246	0.00940	0.01248	0.01038	0.00757	0.04488	0.07687	0.24764	0.11269	0.02535	0.05305	0.05811	0.00781	0.00209	0.03167	0.00679	0.13057	0.00778
1	0.07198	0.01211	0.03422	0.07890	0.01772	0.05631	0.08913	0.09320	0.01533	0.12518	0.12234	0.06500	0.02049	0.11140	0.03885	0.00279	0.02555	0.00745	0.00481	0.00723
2	0.18359	0.01400	0.06051	0.01116	0.01535	0.06551	0.00949	0.09243	0.04832	0.23702	0.03489	0.01758	0.01277	0.05228	0.00746	0.00204	0.03486	0.00529	0.00514	0.09031
3	0.08442	0.01393	0.02175	0.01605	0.02134	0.01328	0.26448	0.11532	0.06763	0.09240	0.01399	0.01559	0.01039	0.00579	0.00592	0.00171	0.00700	0.00562	0.00435	0.21903
4	0.01171	0.04722	0.06531	0.01399	0.01756	0.01070	0.21434	0.05543	0.01377	0.01860	0.06337	0.16139	0.08717	0.12703	0.01047	0.00259	0.00652	0.00936	0.00425	0.05920
5	0.00944	0.00618	0.00757	0.00770	0.00847	0.00603	0.00511	0.01031	0.01082	0.05720	0.02799	0.20440	0.11928	0.36929	0.11865	0.00494	0.00639	0.01085	0.00458	0.00481

[dist]
# distance from previous block
# <min> <max>
3	43

[block]
# block no. 1 follows, 37 sequences, length 24
# corresponding to MSA columns:
# 146-169
name=unknown_B
#
# <colnr> <probs for GDERKNQSTAVLIFYWHMCP>
#	G	D	E	R	K	N	Q	S	T	A	V	L	I	F	Y	W	H	M	C	P
0	0.03830	0.03565	0.11745	0.03157	0.07519	0.02889	0.15974	0.13004	0.06355	0.09690	0.02903	0.01610	0.01128	0.00639	0.00653	0.00183	0.03514	0.00563	0.00428	0.10654
1	0.08035	0.01302	0.05604	0.07264	0.02016	0.01186	0.13178	0.04409	0.10850	0.19667	0.04667	0.01912	0.01402	0.03494	0.00686	0.00197	0.00631	0.00600	0.00492	0.12407
2	0.05065	0.06893	0.01528	0.01104	0.01511	0.02539	0.03851	0.16864	0.07046	0.09069	0.16819	0.02290	0.04628	0.00789	0.00585	0.00166	0.00521	0.00649	0.00533	0.17552
3	0.01033	0.06005	0.01219	0.02838	0.01249	0.00918	0.03676	0.06224	0.01269	0.01717	0.04489	0.34147	0.04073	0.07146	0.15531	0.00393	0.04040	0.01112	0.00459	0.02461
4	0.07752	0.01121	0.01451	0.01097	0.01588	0.00990	0.03458	0.06325	0.01638	0.45978	0.01894	0.01764	0.01263	0.00661	0.00564	0.00166	0.00528	0.00536	0.00612	0.20614
5	0.01389	0.01422	0.01868	0.01606	0.01622	0.05743	0.01331	0.01524	0.00979	0.01474	0.00811	0.01327	0.00803	0.01048	0.01933	0.00262	0.73389	0.00528	0.00270	0.00672
6	0.03632	0.01129	0.03675	0.17345	0.02026	0.00989	0.00977	0.01517	0.01215	0.01847	0.01132	0.01539	0.00967	0.06106	0.00733	0.00163	0.03193	0.00447	0.00338	0.51029
7	0.02366	0.07046	0.07495	0.01370	0.06925	0.01226	0.01120	0.10493	0.04385	0.48121	0.02003	0.01838	0.01324	0.00711	0.00596	0.00185	0.00591	0.00572	0.00628	0.01004
8	0.00970	0.00792	0.00885	0.00829	0.00986	0.06061	0.00622	0.01249	0.01733	0.02385	0.69012	0.04320	0.05413	0.01206	0.00710	0.00190	0.00348	0.01055	0.00648	0.00587
9	0.00843	0.00770	0.05781	0.00845	0.01016	0.00606	0.00678	0.01097	0.01513	0.02094	0.43045	0.25219	0.11346	0.01422	0.00729	0.00210	0.00351	0.01259	0.00606	0.00571
10	0.01214	0.04871	0.25500	0.04489	0.03644	0.01066	0.07053	0.01606	0.01364	0.08129	0.09415	0.20203	0.06815	0.01034	0.00660	0.00206	0.00634	0.00913	0.00442	0.00743
11	0.02115	0.02417	0.01710	0.01505	0.01838	0.55135	0.04635	0.02435	0.07640	0.07218	0.06457	0.01550	0.01296	0.00696	0.00583	0.00169	0.00947	0.00503	0.00399	0.00752
12	0.02462	0.03332	0.01677	0.01257	0.01735	0.01470	0.01041	0.38542	0.04829	0.34330	0.01896	0.01749	0.01267	0.00743	0.00609	0.00186	0.00601	0.00578	0.00666	0.01032
13	0.01659	0.03350	0.15319	0.01315	0.01776	0.01095	0.09324	0.07005	0.01555	0.23541	0.04903	0.10737	0.10371	0.02587	0.00735	0.00209	0.02358	0.00811	0.00525	0.00824
14	0.01534	0.03794	0.04696	0.08869	0.01692	0.05002	0.01029	0.06477	0.01474	0.16484	0.05780	0.04987	0.07128	0.01359	0.06260	0.05761	0.05107	0.11363	0.00491	0.00715
15	0.01248	0.06920	0.71739	0.01710	0.02596	0.01471	0.02201	0.01933	0.01290	0.01914	0.01086	0.01277	0.00776	0.00579	0.00572	0.00191	0.00892	0.00446	0.00259	0.00899
16	0.02384	0.15130	0.01886	0.01224	0.01694	0.09461	0.01030	0.22334	0.01978	0.34219	0.01717	0.01612	0.01176	0.00696	0.00569	0.00174	0.00650	0.00523	0.00582	0.00961
17	0.05709	0.01464	0.05428	0.05163	0.05590	0.02956	0.28352	0.07353	0.11016	0.04415	0.01685	0.11912	0.01467	0.00805	0.00718	0.00209	0.03751	0.00777	0.00421	0.00810
18	0.00757	0.00544	0.00735	0.00864	0.00906	0.00521	0.00586	0.00874	0.01155	0.01550	0.03219	0.71332	0.03824	0.02156	0.07501	0.00314	0.00470	0.01643	0.00547	0.00502
19	0.01274	0.01106	0.01313	0.00957	0.01462	0.00892	0.00769	0.01536	0.01246	0.01957	0.01068	0.01274	0.00899	0.00498	0.00565	0.00103	0.05963	0.00375	0.00356	0.76387
20	0.01650	0.04373	0.07585	0.06983	0.01901	0.11963	0.03188	0.03661	0.03075	0.12133	0.01301	0.01460	0.00997	0.00730	0.03226	0.00178	0.03330	0.00461	0.00398	0.31405
21	0.01522	0.08770	0.34947	0.01710	0.02322	0.05012	0.10941	0.10073	0.01469	0.03969	0.01122	0.01353	0.00851	0.00668	0.00806	0.00199	0.12582	0.00503	0.00324	0.00859
22	0.00755	0.00537	0.00707	0.00840	0.00873	0.00504	0.00555	0.00855	0.01153	0.01538	0.03278	0.73167	0.03927	0.07004	0.00936	0.00272	0.00371	0.01684	0.00555	0.00489
23	0.01298	0.01106	0.01637	0.26551	0.11102	0.01221	0.04364	0.12888	0.05278	0.02053	0.01908	0.24093	0.01880	0.01015	0.00666	0.00211	0.00639	0.00912	0.00437	0.00740

[dist]
# distance from previous block
# <min> <max>
0	2

[block]
# block no. 2 follows, 37 sequences, length 47
# corresponding to MSA columns:
# 172-218
name=unknown_C
#
# <colnr> <probs for GDERKNQSTAVLIFYWHMCP>
#	G	D	E	R	K	N	Q	S	T	A	V	L	I	F	Y	W	H	M	C	P
0	0.04812	0.03934	0.01737	0.06841	0.03365	0.53710	0.01193	0.04176	0.01659	0.08338	0.01097	0.01251	0.00863	0.00656	0.00614	0.00170	0.04040	0.00434	0.00359	0.00750
1	0.01416	0.15490	0.04838	0.17782	0.02183	0.08876	0.01147	0.01702	0.01280	0.01713	0.01012	0.01286	0.00841	0.00565	0.00595	0.00145	0.05743	0.00414	0.00309	0.32662
2	0.00884	0.00595	0.00671	0.00670	0.00680	0.00591	0.00380	0.00898	0.00933	0.01242	0.04419	0.04080	0.04493	0.73674	0.02966	0.00569	0.00575	0.00909	0.00387	0.00382
3	0.00869	0.00651	0.00973	0.00978	0.01085	0.00754	0.00757	0.01083	0.00991	0.01427	0.01709	0.05439	0.01631	0.04484	0.73044	0.00954	0.01588	0.00699	0.00338	0.00545
4	0.01672	0.11855	0.02408	0.06465	0.47033	0.09980	0.01619	0.08171	0.01535	0.02013	0.01114	0.01400	0.00924	0.00572	0.00573	0.00174	0.00759	0.00500	0.00325	0.00909
5	0.02195	0.13586	0.01942	0.01503	0.01847	0.65689	0.01164	0.02358	0.01666	0.01490	0.00933	0.01087	0.00788	0.00616	0.00530	0.00154	0.01041	0.00385	0.00308	0.00720
6	0.01275	0.01105	0.01341	0.00958	0.01504	0.00838	0.02914	0.01554	0.01275	0.01994	0.01093	0.01281	0.00907	0.00455	0.00462	0.00094	0.00471	0.00374	0.00361	0.79745
7	0.03647	0.01351	0.06405	0.32067	0.05153	0.04762	0.02802	0.03509	0.01307	0.06845	0.06673	0.01768	0.01257	0.00848	0.02471	0.00228	0.17249	0.00577	0.00351	0.00729
8	0.00777	0.00650	0.00680	0.00668	0.00871	0.00567	0.00502	0.01017	0.04459	0.01805	0.15730	0.05553	0.61634	0.01478	0.00719	0.00205	0.00314	0.01241	0.00586	0.00544
9	0.06207	0.01117	0.04302	0.01090	0.01564	0.00929	0.00931	0.02820	0.01701	0.66203	0.05012	0.02097	0.01609	0.00761	0.00608	0.00190	0.00525	0.00615	0.00718	0.01002
10	0.04820	0.03278	0.10175	0.01355	0.03048	0.05907	0.05833	0.08434	0.01732	0.46192	0.01910	0.01783	0.01254	0.00697	0.00602	0.00187	0.00653	0.00568	0.00600	0.00972
11	0.20706	0.01270	0.01510	0.06090	0.01779	0.06801	0.05474	0.02453	0.01501	0.40575	0.01720	0.01674	0.01154	0.00693	0.00622	0.00192	0.03817	0.00533	0.00558	0.00878
12	0.00746	0.00533	0.00710	0.00852	0.00888	0.00497	0.00568	0.00852	0.01172	0.01563	0.03374	0.78088	0.04049	0.01918	0.00781	0.00249	0.00355	0.01740	0.00568	0.00497
13	0.02746	0.01042	0.01421	0.01089	0.01563	0.00900	0.00900	0.02983	0.01752	0.75093	0.02415	0.02083	0.01515	0.00758	0.00616	0.00189	0.00521	0.00616	0.00758	0.01042
14	0.06652	0.01462	0.05126	0.08798	0.50893	0.01414	0.08558	0.01881	0.01372	0.04378	0.01225	0.01644	0.01006	0.00585	0.00608	0.00189	0.00743	0.02235	0.00325	0.00904
15	0.01308	0.05953	0.62998	0.01676	0.02501	0.01438	0.03669	0.01942	0.01298	0.04496	0.01128	0.01317	0.00811	0.00595	0.00620	0.00190	0.03350	0.00459	0.00282	0.03970
16	0.02327	0.01715	0.01837	0.01408	0.01898	0.01898	0.01163	0.72628	0.02878	0.03858	0.01470	0.01470	0.01041	0.00735	0.00612	0.00184	0.00674	0.00551	0.00612	0.01041
17	0.01012	0.00532	0.00783	0.00806	0.00812	0.00526	0.00538	0.00806	0.00858	0.01144	0.01438	0.14234	0.01548	0.02093	0.02131	0.68890	0.00503	0.00728	0.00315	0.00303
18	0.00883	0.00615	0.00749	0.05540	0.00930	0.00626	0.00488	0.00927	0.00959	0.01274	0.02118	0.16292	0.02442	0.60696	0.02565	0.00511	0.00568	0.01011	0.00398	0.00412
19	0.28917	0.01134	0.01135	0.01058	0.02983	0.01258	0.00804	0.03950	0.27770	0.07929	0.02182	0.08485	0.06342	0.02739	0.00619	0.00212	0.00474	0.00691	0.00529	0.00789
20	0.04986	0.18017	0.04582	0.05292	0.06074	0.27990	0.01162	0.01963	0.01405	0.01677	0.00965	0.01178	0.00818	0.00593	0.00593	0.00153	0.05653	0.00399	0.00308	0.16194
21	0.20601	0.01543	0.02036	0.02841	0.49957	0.09153	0.01522	0.01919	0.01347	0.02122	0.01060	0.01351	0.00879	0.00560	0.00547	0.00181	0.00707	0.00480	0.00322	0.00871
22	0.01228	0.03166	0.75316	0.01745	0.02649	0.01422	0.02262	0.01939	0.01292	0.01939	0.01099	0.01292	0.00775	0.00582	0.00582	0.00194	0.00905	0.00452	0.00258	0.00905
23	0.01139	0.00923	0.02802	0.01122	0.01304	0.03138	0.03714	0.01480	0.06692	0.04542	0.05914	0.04966	0.05337	0.15414	0.01252	0.00314	0.03793	0.35044	0.00509	0.00603
24	0.01457	0.01382	0.05533	0.01662	0.02180	0.01188	0.29054	0.01822	0.01360	0.09151	0.01394	0.05982	0.01146	0.00639	0.00699	0.00171	0.05598	0.00624	0.00382	0.28575
25	0.00866	0.00626	0.00818	0.00770	0.00914	0.00578	0.00578	0.01155	0.01733	0.02455	0.74346	0.04572	0.05776	0.01251	0.00722	0.00193	0.00289	0.01107	0.00674	0.00578
26	0.01047	0.00807	0.01042	0.07925	0.02801	0.00861	0.00766	0.03010	0.04033	0.04604	0.13594	0.09092	0.18993	0.15503	0.06033	0.00331	0.07525	0.00964	0.00483	0.00588
27	0.01611	0.27107	0.17660	0.01534	0.02008	0.16759	0.07649	0.01923	0.01314	0.01607	0.00947	0.01194	0.00800	0.00656	0.00786	0.00181	0.14771	0.00439	0.00277	0.00778
28	0.01156	0.01088	0.01836	0.77016	0.04216	0.01360	0.01700	0.01564	0.01224	0.01564	0.01088	0.01632	0.00816	0.00612	0.00612	0.00204	0.00816	0.00544	0.00272	0.00680
29	0.01348	0.07833	0.66130	0.01660	0.02513	0.01452	0.02100	0.01997	0.01318	0.06474	0.01165	0.01322	0.00822	0.00589	0.00572	0.00190	0.00865	0.00455	0.00290	0.00906
30	0.02464	0.01186	0.01472	0.01163	0.01615	0.01154	0.00949	0.12827	0.15023	0.51830	0.02296	0.02034	0.01513	0.00768	0.00616	0.00192	0.00536	0.00620	0.00713	0.01028
31	0.01404	0.29344	0.47980	0.01498	0.02252	0.04191	0.01807	0.01918	0.01290	0.01752	0.01008	0.01179	0.00779	0.00563	0.00515	0.00171	0.00825	0.00407	0.00261	0.00857
32	0.01493	0.01455	0.02321	0.05832	0.59948	0.04104	0.01763	0.01826	0.01357	0.01911	0.01188	0.01691	0.01039	0.00644	0.00748	0.00194	0.08086	0.03186	0.00309	0.00907
33	0.00723	0.00620	0.00620	0.00620	0.00827	0.00517	0.00465	0.00878	0.01395	0.01654	0.06201	0.05891	0.74421	0.01550	0.00723	0.00207	0.00310	0.01292	0.00568	0.00517
34	0.01403	0.06214	0.01455	0.00968	0.01505	0.01033	0.00792	0.08953	0.01435	0.02152	0.01112	0.01271	0.00913	0.00487	0.00466	0.00103	0.00489	0.00380	0.00382	0.68486
35	0.01156	0.01088	0.01836	0.77016	0.04216	0.01360	0.01700	0.01564	0.01224	0.01564	0.01088	0.01632	0.00816	0.00612	0.00612	0.00204	0.00816	0.00544	0.00272	0.00680
36	0.03523	0.11158	0.29390	0.01704	0.02330	0.03345	0.16653	0.11228	0.02876	0.03694	0.01273	0.04499	0.01012	0.00665	0.00657	0.00192	0.04023	0.00568	0.00351	0.00859
37	0.01390	0.01679	0.13874	0.18082	0.29187	0.03332	0.13484	0.03320	0.01393	0.01910	0.01271	0.01837	0.01050	0.00635	0.00636	0.00198	0.00823	0.04741	0.00313	0.00846
38	0.00755	0.00621	0.00664	0.00653	0.00846	0.00530	0.00490	0.00939	0.01469	0.01830	0.21191	0.05601	0.59321	0.01485	0.00723	0.00204	0.00305	0.01251	0.00592	0.00530
39	0.01123	0.00717	0.00948	0.00897	0.01035	0.00752	0.00662	0.04212	0.01184	0.09195	0.06068	0.05288	0.05276	0.23186	0.35963	0.00664	0.01033	0.00795	0.00433	0.00571
40	0.01810	0.05699	0.02223	0.02557	0.37263	0.05063	0.01521	0.25238	0.01853	0.02517	0.01202	0.01438	0.00961	0.00655	0.00713	0.00186	0.07226	0.00528	0.00401	0.00946
41	0.00843	0.00624	0.00724	0.00727	0.00897	0.00547	0.00540	0.01030	0.01460	0.04453	0.23394	0.17429	0.40459	0.01508	0.00732	0.00211	0.00325	0.02946	0.00603	0.00549
42	0.00791	0.00572	0.00689	0.00752	0.00816	0.00534	0.00494	0.00888	0.01169	0.01531	0.08160	0.38938	0.16449	0.23676	0.01434	0.00336	0.00411	0.01374	0.00519	0.00470
43	0.01478	0.01399	0.02193	0.05763	0.39773	0.01569	0.03970	0.07229	0.01374	0.01961	0.01288	0.01653	0.03990	0.00754	0.01016	0.00209	0.22619	0.00580	0.00327	0.00854
44	0.02051	0.02505	0.01868	0.08720	0.02162	0.56388	0.05392	0.04058	0.01631	0.01590	0.00978	0.01215	0.00807	0.00663	0.00694	0.00175	0.07625	0.00444	0.00315	0.00719
45	0.02482	0.01028	0.01359	0.01072	0.01501	0.00916	0.00873	0.07147	0.01764	0.61860	0.02583	0.08127	0.04642	0.00879	0.00633	0.00194	0.00509	0.00727	0.00726	0.00978
46	0.73157	0.01224	0.01134	0.00967	0.01343	0.01410	0.05603	0.01794	0.01064	0.02629	0.00876	0.01057	0.00688	0.00590	0.00484	0.00195	0.04375	0.00368	0.00369	0.00674

[dist]
# distance from previous block
# <min> <max>
0	17

# created by:
# /home/cegg/simao/soft/augustus-3.2.1/scripts/msa2prfl.pl ./align_prep/EOG090W0PQO.fa
