[name]
unknown

[dist]
# distance from previous block
# <min> <max>
0	402

[block]
# block no. 0 follows, 36 sequences, length 28
# corresponding to MSA columns:
# 424-451
name=unknown_A
#
# <colnr> <probs for GDERKNQSTAVLIFYWHMCP>
#	G	D	E	R	K	N	Q	S	T	A	V	L	I	F	Y	W	H	M	C	P
0	0.01383	0.09030	0.04623	0.01063	0.01557	0.04228	0.00919	0.04650	0.03070	0.02021	0.01430	0.02083	0.01297	0.00677	0.00531	0.00137	0.00555	0.10023	0.00398	0.50325
1	0.01278	0.02596	0.51850	0.01676	0.02386	0.01439	0.05022	0.02057	0.11220	0.02005	0.01447	0.06324	0.01164	0.00745	0.00717	0.00209	0.06052	0.00595	0.00337	0.00884
2	0.00776	0.00555	0.00738	0.00856	0.00907	0.00517	0.00580	0.00910	0.01272	0.01716	0.13182	0.67591	0.04364	0.01858	0.00787	0.00245	0.00352	0.01682	0.00593	0.00517
3	0.01698	0.04427	0.04532	0.15794	0.16806	0.03427	0.10068	0.20436	0.11995	0.02490	0.01432	0.01643	0.01085	0.00658	0.00626	0.00194	0.00757	0.00585	0.00429	0.00919
4	0.04849	0.05826	0.03791	0.01513	0.04558	0.11309	0.04171	0.31703	0.17205	0.06404	0.01606	0.01615	0.01186	0.00718	0.00601	0.00188	0.00710	0.00559	0.00532	0.00958
5	0.01708	0.01112	0.04648	0.01125	0.01434	0.01065	0.00932	0.07419	0.01423	0.23739	0.01745	0.02164	0.01407	0.11290	0.15324	0.00396	0.10576	0.00618	0.02493	0.09379
6	0.01650	0.16370	0.33091	0.04364	0.02335	0.09919	0.05003	0.13872	0.03922	0.02168	0.01171	0.01330	0.00883	0.00619	0.00568	0.00181	0.00847	0.00472	0.00346	0.00890
7	0.71303	0.01243	0.01139	0.01235	0.11306	0.01409	0.00846	0.01843	0.01110	0.02690	0.00910	0.01085	0.00718	0.00575	0.00418	0.00192	0.00518	0.00368	0.00375	0.00718
8	0.00994	0.00725	0.00935	0.01115	0.10854	0.00725	0.00590	0.01045	0.00977	0.01323	0.01854	0.03727	0.02088	0.67374	0.02818	0.00546	0.00623	0.00858	0.00368	0.00462
9	0.01296	0.07793	0.04507	0.03374	0.01769	0.04800	0.11657	0.07109	0.01357	0.01811	0.01635	0.02608	0.01527	0.03846	0.27228	0.00500	0.05906	0.10210	0.00374	0.00691
10	0.01147	0.03189	0.08319	0.01046	0.01297	0.00840	0.02492	0.04273	0.04743	0.08607	0.04190	0.40069	0.10896	0.01601	0.04030	0.00260	0.00528	0.01261	0.00546	0.00666
11	0.00796	0.00566	0.00751	0.00877	0.00926	0.00535	0.00605	0.00922	0.01222	0.01631	0.06440	0.63341	0.04032	0.06735	0.00949	0.00276	0.00393	0.07924	0.00570	0.00508
12	0.01352	0.01437	0.06843	0.13032	0.33873	0.01351	0.14389	0.01804	0.04532	0.01927	0.01549	0.12140	0.01419	0.00767	0.00663	0.00204	0.00757	0.00757	0.00354	0.00849
13	0.01519	0.22496	0.24574	0.04660	0.07046	0.05625	0.17812	0.04072	0.01406	0.01859	0.01084	0.01339	0.00851	0.00579	0.00610	0.00182	0.02637	0.00501	0.00293	0.00854
14	0.01535	0.04977	0.07050	0.28186	0.13334	0.12005	0.18007	0.01938	0.01418	0.03970	0.01163	0.01536	0.00893	0.00592	0.00628	0.00194	0.00900	0.00561	0.00310	0.00803
15	0.02094	0.00963	0.01216	0.01000	0.01363	0.00904	0.00802	0.02561	0.11569	0.42997	0.12193	0.02529	0.02196	0.00843	0.00611	0.00188	0.00454	0.00698	0.13913	0.00907
16	0.01282	0.01072	0.07062	0.00948	0.01266	0.00900	0.00816	0.12926	0.03114	0.08157	0.08647	0.07413	0.32000	0.02792	0.00733	0.00212	0.00462	0.03772	0.05721	0.00704
17	0.01848	0.05758	0.05773	0.05678	0.01708	0.04059	0.01037	0.19246	0.06277	0.16565	0.04548	0.01974	0.01422	0.05612	0.01085	0.13453	0.02052	0.00598	0.00504	0.00803
18	0.01699	0.14866	0.07398	0.08476	0.19935	0.01685	0.10192	0.13273	0.01610	0.07144	0.01264	0.01547	0.00996	0.02580	0.00731	0.00198	0.04588	0.00547	0.00379	0.00893
19	0.01626	0.01297	0.01494	0.11675	0.01987	0.01480	0.01086	0.09647	0.48573	0.07163	0.05466	0.02245	0.01829	0.00820	0.00636	0.00207	0.00552	0.00684	0.00595	0.00939
20	0.01520	0.39089	0.16694	0.14990	0.02413	0.06093	0.05573	0.01920	0.03343	0.01653	0.01034	0.01264	0.00843	0.00575	0.00512	0.00167	0.00788	0.00435	0.00284	0.00807
21	0.01376	0.10163	0.21020	0.12182	0.06219	0.03730	0.03137	0.04975	0.04902	0.05083	0.05887	0.12349	0.01747	0.00871	0.00624	0.00199	0.00699	0.02330	0.01710	0.00795
22	0.00759	0.00542	0.00723	0.00868	0.00904	0.00506	0.00578	0.00868	0.01193	0.01591	0.03434	0.77697	0.04121	0.01952	0.00795	0.00253	0.00361	0.01771	0.00578	0.00506
23	0.00774	0.00633	0.00686	0.00686	0.00877	0.00544	0.00518	0.00961	0.01478	0.01840	0.18801	0.08086	0.56374	0.01538	0.00743	0.00212	0.00322	0.03792	0.00599	0.00539
24	0.01718	0.05893	0.15821	0.06186	0.08530	0.07579	0.15590	0.04603	0.06503	0.13669	0.03822	0.01745	0.01241	0.00657	0.00620	0.00191	0.00786	0.00590	0.03372	0.00883
25	0.01290	0.02982	0.64866	0.02059	0.12592	0.01452	0.02248	0.01965	0.01330	0.01982	0.01126	0.01347	0.00817	0.00587	0.00595	0.00196	0.00896	0.00474	0.00269	0.00930
26	0.13601	0.01101	0.01349	0.01073	0.01512	0.01048	0.00878	0.05749	0.06466	0.52295	0.06736	0.02115	0.01701	0.00780	0.00600	0.00194	0.00513	0.00621	0.00697	0.00972
27	0.03025	0.00846	0.00923	0.00915	0.01114	0.00888	0.00678	0.01786	0.25002	0.02097	0.06014	0.25234	0.16409	0.01305	0.00674	0.00214	0.00388	0.01126	0.10679	0.00685

[dist]
# distance from previous block
# <min> <max>
0	6

[block]
# block no. 1 follows, 36 sequences, length 70
# corresponding to MSA columns:
# 459-506,508-529
name=unknown_B
#
# <colnr> <probs for GDERKNQSTAVLIFYWHMCP>
#	G	D	E	R	K	N	Q	S	T	A	V	L	I	F	Y	W	H	M	C	P
0	0.01707	0.04230	0.03620	0.07939	0.24396	0.07811	0.03035	0.11950	0.17732	0.04004	0.01509	0.01664	0.01169	0.00674	0.00644	0.00189	0.02711	0.00565	0.00434	0.04017
1	0.01191	0.01122	0.01894	0.73833	0.06955	0.01388	0.01737	0.01604	0.01252	0.01609	0.01110	0.01657	0.00837	0.00620	0.00623	0.00207	0.00827	0.00554	0.00278	0.00703
2	0.01552	0.01506	0.02417	0.03547	0.66689	0.03991	0.01806	0.01908	0.01422	0.02018	0.01160	0.01510	0.00976	0.00552	0.00604	0.00178	0.00734	0.00537	0.00313	0.06580
3	0.00952	0.00692	0.00936	0.01063	0.01205	0.00677	0.00906	0.01208	0.01412	0.01820	0.03665	0.12900	0.11908	0.01724	0.00840	0.00275	0.00525	0.56154	0.00575	0.00562
4	0.00882	0.00637	0.00833	0.00784	0.00931	0.00588	0.00588	0.01176	0.01764	0.02499	0.73888	0.04654	0.05879	0.01274	0.00735	0.00196	0.00294	0.01127	0.00686	0.00588
5	0.01423	0.16559	0.36225	0.01597	0.02256	0.05900	0.09955	0.01974	0.04570	0.03635	0.05442	0.05093	0.01324	0.00694	0.00592	0.00188	0.00811	0.00580	0.00341	0.00845
6	0.00751	0.00632	0.00652	0.00647	0.00851	0.00532	0.00485	0.00923	0.01455	0.01766	0.13192	0.05860	0.67032	0.01547	0.00736	0.00209	0.00313	0.01296	0.00590	0.00532
7	0.00906	0.00604	0.00680	0.00680	0.00680	0.00604	0.00378	0.00906	0.00906	0.01208	0.01963	0.04077	0.02265	0.78103	0.03171	0.00604	0.00604	0.00906	0.00378	0.00378
8	0.01666	0.78478	0.03265	0.01066	0.01599	0.02465	0.01066	0.01866	0.01266	0.01466	0.00866	0.00999	0.00800	0.00533	0.00400	0.00133	0.00666	0.00333	0.00267	0.00800
9	0.01332	0.15900	0.58855	0.01702	0.02541	0.01627	0.05886	0.01956	0.01316	0.01888	0.01083	0.01282	0.00800	0.00578	0.00567	0.00187	0.00885	0.00454	0.00267	0.00896
10	0.00806	0.00575	0.00776	0.00921	0.00977	0.00546	0.00659	0.00948	0.01239	0.01643	0.03408	0.64269	0.04019	0.01908	0.00808	0.00259	0.00402	0.14739	0.00577	0.00519
11	0.02368	0.01745	0.01870	0.01434	0.01932	0.01932	0.01184	0.72139	0.02929	0.03927	0.01496	0.01496	0.01060	0.00748	0.00623	0.00187	0.00686	0.00561	0.00623	0.01060
12	0.01703	0.74180	0.03180	0.01097	0.01618	0.06628	0.01074	0.01901	0.01294	0.01469	0.00872	0.01007	0.00800	0.00539	0.00409	0.00135	0.00692	0.00337	0.00270	0.00795
13	0.01835	0.01464	0.01561	0.01311	0.01710	0.01655	0.01045	0.29539	0.43252	0.03107	0.05150	0.02106	0.01748	0.00826	0.00634	0.00201	0.00558	0.00667	0.00632	0.00997
14	0.00759	0.00542	0.00723	0.00868	0.00904	0.00506	0.00578	0.00868	0.01193	0.01591	0.03434	0.77697	0.04121	0.01952	0.00795	0.00253	0.00361	0.01771	0.00578	0.00506
15	0.01161	0.00581	0.00581	0.00581	0.00726	0.00581	0.00436	0.01452	0.01307	0.02323	0.02033	0.02323	0.01597	0.00726	0.00436	0.00145	0.00290	0.00581	0.81562	0.00581
16	0.03643	0.01487	0.02695	0.09927	0.49499	0.01492	0.18218	0.01901	0.01406	0.02007	0.01179	0.01571	0.00955	0.00555	0.00639	0.00193	0.00814	0.00591	0.00309	0.00918
17	0.00882	0.00637	0.00833	0.00784	0.00931	0.00588	0.00588	0.01176	0.01764	0.02499	0.73888	0.04654	0.05879	0.01274	0.00735	0.00196	0.00294	0.01127	0.00686	0.00588
18	0.02795	0.01060	0.01446	0.01109	0.01591	0.00916	0.00916	0.03036	0.01783	0.74648	0.02458	0.02121	0.01542	0.00771	0.00627	0.00193	0.00530	0.00627	0.00771	0.01060
19	0.01666	0.78478	0.03265	0.01066	0.01599	0.02465	0.01066	0.01866	0.01266	0.01466	0.00866	0.00999	0.00800	0.00533	0.00400	0.00133	0.00666	0.00333	0.00267	0.00800
20	0.00783	0.00560	0.00751	0.00895	0.00942	0.00527	0.00621	0.00910	0.01217	0.01618	0.03421	0.70692	0.04068	0.01929	0.00802	0.00256	0.00383	0.08536	0.00578	0.00513
21	0.02728	0.01168	0.01513	0.01160	0.01644	0.01076	0.00958	0.13931	0.01964	0.63498	0.02306	0.02022	0.01466	0.00767	0.00626	0.00192	0.00555	0.00616	0.00748	0.01060
22	0.01250	0.03223	0.74875	0.01776	0.02697	0.01447	0.02302	0.01973	0.01315	0.01973	0.01118	0.01315	0.00789	0.00592	0.00592	0.00197	0.00921	0.00460	0.00263	0.00921
23	0.00906	0.00604	0.00680	0.00680	0.00680	0.00604	0.00378	0.00906	0.00906	0.01208	0.01963	0.04077	0.02265	0.78103	0.03171	0.00604	0.00604	0.00906	0.00378	0.00378
24	0.00790	0.00633	0.00705	0.00687	0.00874	0.00549	0.00515	0.00997	0.01546	0.01982	0.31040	0.05505	0.49049	0.01467	0.00736	0.00205	0.00308	0.01246	0.00618	0.00549
25	0.01177	0.01107	0.01869	0.76606	0.04291	0.01384	0.01730	0.01592	0.01246	0.01592	0.01107	0.01661	0.00831	0.00623	0.00623	0.00208	0.00831	0.00554	0.00277	0.00692
26	0.00779	0.00608	0.00698	0.00742	0.00881	0.00539	0.00535	0.00935	0.01366	0.01730	0.12546	0.26906	0.39416	0.05435	0.00879	0.00244	0.00352	0.04309	0.00580	0.00522
27	0.06446	0.01079	0.01420	0.01102	0.01574	0.00965	0.00908	0.02992	0.04760	0.68269	0.02387	0.02078	0.01517	0.00765	0.00616	0.00194	0.00526	0.00616	0.00747	0.01039
28	0.01363	0.01363	0.01908	0.01636	0.01636	0.01908	0.01363	0.01499	0.00954	0.01499	0.00818	0.01363	0.00818	0.01091	0.02045	0.00273	0.76963	0.00545	0.00273	0.00682
29	0.01292	0.01107	0.01292	0.00923	0.01477	0.00831	0.00738	0.01569	0.01292	0.02030	0.01107	0.01292	0.00923	0.00461	0.00461	0.00092	0.00461	0.00369	0.00369	0.81912
30	0.01615	0.18410	0.12794	0.04773	0.13872	0.06410	0.20158	0.07125	0.01515	0.03641	0.01221	0.03469	0.00993	0.00612	0.00600	0.00184	0.00840	0.00567	0.00336	0.00865
31	0.04177	0.01619	0.09358	0.03878	0.06888	0.06306	0.03208	0.18195	0.01800	0.15144	0.03338	0.01752	0.03670	0.00702	0.00636	0.00176	0.03085	0.00555	0.00487	0.15027
32	0.01758	0.03628	0.10552	0.09205	0.12919	0.08162	0.09363	0.14698	0.01673	0.08722	0.01319	0.01561	0.01000	0.00777	0.02544	0.00216	0.07954	0.00555	0.02520	0.00876
33	0.00897	0.00641	0.00869	0.00869	0.00935	0.00707	0.00614	0.01028	0.00962	0.01349	0.01790	0.03117	0.01848	0.34814	0.45890	0.00838	0.01232	0.00765	0.00352	0.00483
34	0.01894	0.01265	0.01453	0.04023	0.01661	0.01340	0.00989	0.33855	0.06630	0.13289	0.10199	0.02770	0.07257	0.00943	0.00654	0.00198	0.00561	0.05858	0.04266	0.00892
35	0.01480	0.01460	0.06508	0.12121	0.05631	0.03762	0.17706	0.09898	0.03440	0.05615	0.01787	0.06951	0.06052	0.01045	0.04839	0.00255	0.09525	0.00730	0.00404	0.00792
36	0.02734	0.01047	0.01426	0.01098	0.01569	0.00905	0.00905	0.02977	0.01783	0.72347	0.04736	0.02201	0.01681	0.00787	0.00630	0.00193	0.00523	0.00643	0.00768	0.01045
37	0.02795	0.01060	0.01446	0.01109	0.01591	0.00916	0.00916	0.03036	0.01783	0.74648	0.02458	0.02121	0.01542	0.00771	0.00627	0.00193	0.00530	0.00627	0.00771	0.01060
38	0.01265	0.06063	0.72173	0.01749	0.02655	0.01485	0.02255	0.01969	0.01314	0.01954	0.01109	0.01304	0.00790	0.00590	0.00585	0.00195	0.00911	0.00456	0.00263	0.00916
39	0.01807	0.33998	0.13443	0.01441	0.01958	0.19254	0.04800	0.09349	0.01558	0.01840	0.01009	0.01179	0.00834	0.00617	0.00587	0.00165	0.04596	0.00422	0.00319	0.00823
40	0.02658	0.01091	0.01442	0.01126	0.01594	0.00986	0.00924	0.03067	0.09676	0.66675	0.02467	0.02143	0.01582	0.00779	0.00627	0.00195	0.00526	0.00635	0.00756	0.01052
41	0.01308	0.00722	0.00737	0.00684	0.00873	0.00745	0.00527	0.10043	0.01504	0.02518	0.01967	0.02222	0.01532	0.00729	0.00458	0.00150	0.00338	0.00578	0.71724	0.00639
42	0.00965	0.00760	0.03552	0.00738	0.00980	0.00603	0.00595	0.01175	0.01480	0.07673	0.14833	0.07048	0.50136	0.01397	0.00707	0.00204	0.00353	0.01173	0.05033	0.00595
43	0.02031	0.01503	0.03516	0.01392	0.04457	0.03678	0.01091	0.27407	0.26291	0.14926	0.01993	0.01990	0.01466	0.04461	0.00746	0.00216	0.00612	0.00629	0.00610	0.00986
44	0.00782	0.00625	0.00700	0.00698	0.00874	0.00543	0.00517	0.00977	0.01504	0.01922	0.26552	0.11897	0.47172	0.01519	0.00741	0.00210	0.00313	0.01298	0.00611	0.00543
45	0.02279	0.01750	0.01770	0.01385	0.01845	0.07134	0.01132	0.62071	0.02730	0.03639	0.01496	0.01528	0.01080	0.00739	0.00605	0.00182	0.00689	0.00551	0.06394	0.01001
46	0.56615	0.01331	0.03935	0.01081	0.04939	0.01423	0.00858	0.12743	0.01398	0.02866	0.01081	0.01227	0.00826	0.00616	0.00446	0.00188	0.00528	0.00407	0.06742	0.00752
47	0.00833	0.00653	0.00760	0.00759	0.00932	0.00590	0.00574	0.01092	0.03609	0.02013	0.30408	0.10912	0.36936	0.01484	0.00746	0.00214	0.00334	0.05969	0.00619	0.00564
48	0.00882	0.00637	0.00833	0.00784	0.00931	0.00588	0.00588	0.01176	0.01764	0.02499	0.73888	0.04654	0.05879	0.01274	0.00735	0.00196	0.00294	0.01127	0.00686	0.00588
49	0.01250	0.03223	0.74875	0.01776	0.02697	0.01447	0.02302	0.01973	0.01315	0.01973	0.01118	0.01315	0.00789	0.00592	0.00592	0.00197	0.00921	0.00460	0.00263	0.00921
50	0.01582	0.01512	0.02426	0.06952	0.54633	0.03174	0.04744	0.06902	0.01487	0.02089	0.01160	0.01526	0.00964	0.00620	0.00747	0.00195	0.07464	0.00559	0.00327	0.00939
51	0.00759	0.00542	0.00723	0.00868	0.00904	0.00506	0.00578	0.00868	0.01193	0.01591	0.03434	0.77697	0.04121	0.01952	0.00795	0.00253	0.00361	0.01771	0.00578	0.00506
52	0.02327	0.02970	0.01766	0.01605	0.01926	0.75602	0.01204	0.02488	0.01766	0.01525	0.00963	0.01124	0.00803	0.00642	0.00562	0.00161	0.01124	0.00401	0.00321	0.00722
53	0.01550	0.01338	0.01409	0.01268	0.01620	0.01550	0.00986	0.03311	0.73091	0.02606	0.02536	0.02325	0.01902	0.00845	0.00634	0.00211	0.00493	0.00704	0.00634	0.00986
54	0.01701	0.04358	0.01903	0.01607	0.01733	0.27017	0.01299	0.01848	0.01240	0.01507	0.00869	0.01270	0.00812	0.00920	0.01488	0.00230	0.48720	0.00490	0.00289	0.00699
55	0.04715	0.01185	0.01883	0.34987	0.23323	0.01301	0.03411	0.04046	0.01365	0.01895	0.03410	0.04829	0.04783	0.02594	0.00685	0.00207	0.00715	0.00651	0.00346	0.03669
56	0.12290	0.05706	0.26374	0.03471	0.05611	0.05554	0.10273	0.05996	0.03191	0.02168	0.01139	0.01346	0.00868	0.00576	0.00557	0.00177	0.00773	0.00474	0.00338	0.13118
57	0.00770	0.00556	0.00731	0.00868	0.00919	0.00518	0.00593	0.00890	0.01218	0.01609	0.03594	0.70051	0.08147	0.01919	0.00795	0.00252	0.00369	0.05111	0.00578	0.00511
58	0.00892	0.00662	0.00971	0.00971	0.01072	0.00762	0.00741	0.01093	0.00992	0.01424	0.01697	0.02601	0.01624	0.11588	0.68811	0.00964	0.01569	0.00690	0.00338	0.00539
59	0.04603	0.08206	0.15084	0.08176	0.06039	0.24276	0.11989	0.04190	0.06116	0.01894	0.01221	0.01528	0.00975	0.00642	0.00596	0.00186	0.00907	0.02220	0.00339	0.00813
60	0.02530	0.01239	0.01602	0.01232	0.01706	0.01190	0.03508	0.19716	0.03975	0.49880	0.05199	0.02066	0.01596	0.00780	0.00634	0.00193	0.00576	0.00638	0.00712	0.01030
61	0.00758	0.00545	0.00720	0.00859	0.00902	0.00507	0.00575	0.00868	0.01201	0.01594	0.03532	0.75246	0.06508	0.01939	0.00793	0.00252	0.00360	0.01756	0.00578	0.00507
62	0.01549	0.01392	0.02172	0.19202	0.35383	0.01511	0.04053	0.13855	0.01620	0.02233	0.03574	0.03644	0.01191	0.00693	0.00714	0.00198	0.05143	0.00611	0.00373	0.00886
63	0.04026	0.05659	0.04857	0.03961	0.08565	0.12674	0.09438	0.14460	0.07084	0.02197	0.01257	0.01518	0.01011	0.00882	0.03696	0.00231	0.14890	0.00547	0.02213	0.00832
64	0.03437	0.00839	0.01024	0.00905	0.01134	0.00827	0.00701	0.08264	0.06301	0.08957	0.54315	0.03888	0.04651	0.01134	0.00699	0.00196	0.00369	0.00981	0.00676	0.00701
65	0.01105	0.00754	0.00930	0.00854	0.01045	0.00731	0.00649	0.05815	0.05500	0.05915	0.52039	0.08500	0.06644	0.01212	0.00704	0.00197	0.00345	0.01058	0.05349	0.00654
66	0.04435	0.16418	0.16455	0.01620	0.07773	0.10140	0.05658	0.03948	0.06029	0.03663	0.03287	0.05691	0.01274	0.00947	0.04647	0.00232	0.06032	0.00579	0.00361	0.00811
67	0.04870	0.02233	0.06728	0.03438	0.03878	0.36081	0.05801	0.06611	0.10195	0.06036	0.01322	0.01458	0.01022	0.00690	0.00663	0.00184	0.04944	0.00503	0.02529	0.00813
68	0.76556	0.01255	0.00961	0.00861	0.01243	0.03215	0.00703	0.01920	0.04631	0.02755	0.00952	0.01080	0.00738	0.00593	0.00402	0.00193	0.00498	0.00357	0.00396	0.00691
69	0.01655	0.71594	0.03099	0.01084	0.01601	0.02384	0.01059	0.01995	0.07676	0.01568	0.01015	0.01118	0.00898	0.00561	0.00421	0.00140	0.00651	0.00366	0.00299	0.00816

[dist]
# distance from previous block
# <min> <max>
0	6

[block]
# block no. 2 follows, 36 sequences, length 29
# corresponding to MSA columns:
# 536-564
name=unknown_C
#
# <colnr> <probs for GDERKNQSTAVLIFYWHMCP>
#	G	D	E	R	K	N	Q	S	T	A	V	L	I	F	Y	W	H	M	C	P
0	0.01449	0.20962	0.19061	0.01192	0.01732	0.01457	0.01205	0.06508	0.05838	0.04915	0.05215	0.06274	0.03567	0.00737	0.00546	0.00165	0.00616	0.00583	0.03132	0.14845
1	0.09058	0.00922	0.06197	0.00876	0.01139	0.00758	0.02839	0.01265	0.03067	0.02175	0.32641	0.06512	0.27770	0.01246	0.00690	0.00203	0.00394	0.01062	0.00574	0.00613
2	0.01666	0.78478	0.03265	0.01066	0.01599	0.02465	0.01066	0.01866	0.01266	0.01466	0.00866	0.00999	0.00800	0.00533	0.00400	0.00133	0.00666	0.00333	0.00267	0.00800
3	0.01675	0.11981	0.10422	0.12992	0.20875	0.21543	0.06436	0.02018	0.01449	0.01739	0.01059	0.01357	0.00862	0.00599	0.00612	0.00180	0.02591	0.00487	0.00296	0.00825
4	0.01337	0.01327	0.01857	0.01602	0.01604	0.01847	0.01329	0.01472	0.00965	0.01503	0.00932	0.04692	0.00962	0.01128	0.01990	0.00272	0.73622	0.00599	0.00286	0.00674
5	0.00870	0.00627	0.00822	0.00792	0.00928	0.00580	0.00587	0.01145	0.01707	0.02408	0.66836	0.11966	0.05703	0.01342	0.00741	0.00202	0.00301	0.01191	0.00675	0.00580
6	0.11197	0.01161	0.01429	0.01118	0.01578	0.01105	0.00919	0.13107	0.01857	0.54128	0.02176	0.04312	0.01460	0.00785	0.00606	0.00194	0.00543	0.00622	0.00702	0.01001
7	0.01494	0.05270	0.14180	0.11247	0.36542	0.03281	0.03882	0.05352	0.05772	0.02054	0.01322	0.01750	0.01084	0.00642	0.00617	0.00193	0.00771	0.03297	0.00341	0.00910
8	0.00759	0.00542	0.00723	0.00868	0.00904	0.00506	0.00578	0.00868	0.01193	0.01591	0.03434	0.77697	0.04121	0.01952	0.00795	0.00253	0.00361	0.01771	0.00578	0.00506
9	0.00906	0.00604	0.00680	0.00680	0.00680	0.00604	0.00378	0.00906	0.00906	0.01208	0.01963	0.04077	0.02265	0.78103	0.03171	0.00604	0.00604	0.00906	0.00378	0.00378
10	0.00765	0.00547	0.00728	0.00864	0.00905	0.00510	0.00579	0.00882	0.01219	0.01632	0.06630	0.74384	0.04201	0.01921	0.00793	0.00250	0.00358	0.01742	0.00583	0.00510
11	0.00980	0.00667	0.00755	0.00743	0.00777	0.00674	0.00446	0.05189	0.01056	0.01409	0.02079	0.11110	0.02374	0.66013	0.02786	0.00545	0.00585	0.00970	0.00412	0.00431
12	0.01666	0.78478	0.03265	0.01066	0.01599	0.02465	0.01066	0.01866	0.01266	0.01466	0.00866	0.00999	0.00800	0.00533	0.00400	0.00133	0.00666	0.00333	0.00267	0.00800
13	0.00906	0.00604	0.00680	0.00680	0.00680	0.00604	0.00378	0.00906	0.00906	0.01208	0.01963	0.04077	0.02265	0.78103	0.03171	0.00604	0.00604	0.00906	0.00378	0.00378
14	0.01250	0.03223	0.74875	0.01776	0.02697	0.01447	0.02302	0.01973	0.01315	0.01973	0.01118	0.01315	0.00789	0.00592	0.00592	0.00197	0.00921	0.00460	0.00263	0.00921
15	0.01377	0.01530	0.03286	0.02394	0.02945	0.01434	0.62522	0.01847	0.01434	0.01942	0.01548	0.11726	0.01365	0.00714	0.00743	0.00216	0.00959	0.00872	0.00350	0.00796
16	0.01719	0.01118	0.01176	0.00975	0.01283	0.01205	0.00781	0.34092	0.02056	0.03063	0.01785	0.01941	0.01349	0.00736	0.00522	0.00164	0.00473	0.00572	0.44188	0.00802
17	0.77708	0.01196	0.00948	0.00837	0.01228	0.01369	0.00689	0.01904	0.01104	0.07119	0.00963	0.01079	0.00727	0.00590	0.00400	0.00193	0.00485	0.00355	0.00409	0.00698
18	0.00736	0.00631	0.00631	0.00631	0.00842	0.00526	0.00473	0.00894	0.01420	0.01683	0.06312	0.05996	0.73964	0.01578	0.00736	0.00210	0.00316	0.01315	0.00579	0.00526
19	0.01372	0.01389	0.02051	0.01716	0.01767	0.01882	0.07067	0.01540	0.00996	0.01540	0.00854	0.01389	0.00828	0.01045	0.01939	0.00268	0.70829	0.00561	0.00276	0.00694
20	0.00759	0.00542	0.00723	0.00868	0.00904	0.00506	0.00578	0.00868	0.01193	0.01591	0.03434	0.77697	0.04121	0.01952	0.00795	0.00253	0.00361	0.01771	0.00578	0.00506
21	0.01469	0.05111	0.12184	0.01348	0.07479	0.04376	0.01124	0.06064	0.01437	0.03792	0.01152	0.01326	0.00921	0.00524	0.00508	0.00128	0.00604	0.00415	0.00367	0.49671
22	0.01318	0.13810	0.62486	0.01740	0.04779	0.01592	0.02115	0.01956	0.01312	0.01903	0.01084	0.01278	0.00797	0.00582	0.00566	0.00188	0.00879	0.00445	0.00265	0.00906
23	0.08786	0.06021	0.22572	0.01671	0.09082	0.08926	0.01486	0.13800	0.03257	0.08284	0.01258	0.01421	0.00947	0.00729	0.00742	0.03274	0.05979	0.00492	0.00396	0.00875
24	0.01450	0.09944	0.20119	0.07417	0.12666	0.01509	0.17910	0.06717	0.01480	0.03551	0.01551	0.03473	0.05376	0.00668	0.00623	0.00190	0.00803	0.00620	0.00348	0.03585
25	0.01190	0.01121	0.01892	0.74017	0.06778	0.01388	0.01737	0.01603	0.01252	0.01608	0.01110	0.01657	0.00836	0.00621	0.00623	0.00207	0.00827	0.00554	0.00278	0.00703
26	0.01436	0.01721	0.12329	0.16142	0.16701	0.09308	0.12466	0.03552	0.01408	0.01876	0.01358	0.04555	0.01170	0.02566	0.00761	0.00211	0.04322	0.03311	0.04012	0.00793
27	0.01402	0.01504	0.08082	0.21021	0.30788	0.01426	0.12621	0.04023	0.03542	0.01999	0.03612	0.01913	0.01214	0.00654	0.00649	0.00201	0.00795	0.03354	0.00340	0.00860
28	0.00964	0.00656	0.00853	0.00793	0.00958	0.00601	0.00599	0.01250	0.01752	0.05777	0.68062	0.04589	0.08249	0.01262	0.00730	0.00196	0.00306	0.01111	0.00686	0.00607

[dist]
# distance from previous block
# <min> <max>
0	9

[block]
# block no. 3 follows, 36 sequences, length 24
# corresponding to MSA columns:
# 574-597
name=unknown_D
#
# <colnr> <probs for GDERKNQSTAVLIFYWHMCP>
#	G	D	E	R	K	N	Q	S	T	A	V	L	I	F	Y	W	H	M	C	P
0	0.00984	0.00679	0.00869	0.00954	0.02846	0.00657	0.00655	0.01286	0.07539	0.05466	0.13194	0.48936	0.06337	0.01593	0.00740	0.00230	0.00376	0.01426	0.04631	0.00603
1	0.78923	0.01177	0.00901	0.00809	0.01184	0.01362	0.00664	0.01815	0.01071	0.02775	0.00919	0.01070	0.00715	0.00585	0.00388	0.00191	0.00474	0.00348	0.03959	0.00671
2	0.01428	0.01594	0.03373	0.12304	0.03332	0.01563	0.60095	0.01924	0.01422	0.01924	0.01224	0.01666	0.00926	0.00559	0.00769	0.00212	0.03858	0.00704	0.00309	0.00815
3	0.01394	0.06644	0.07119	0.18521	0.34425	0.01472	0.11854	0.01784	0.01344	0.01844	0.01243	0.03672	0.01064	0.04114	0.00739	0.00212	0.00795	0.00608	0.00307	0.00846
4	0.00906	0.00604	0.00680	0.00680	0.00680	0.00604	0.00378	0.00906	0.00906	0.01208	0.01963	0.04077	0.02265	0.78103	0.03171	0.00604	0.00604	0.00906	0.00378	0.00378
5	0.01151	0.00833	0.01076	0.01119	0.01306	0.00848	0.00949	0.10550	0.01651	0.02180	0.10253	0.09523	0.05609	0.01556	0.00810	0.00261	0.00542	0.48557	0.00592	0.00634
6	0.05733	0.01362	0.01510	0.04640	0.01743	0.08548	0.01024	0.10758	0.11431	0.34601	0.01948	0.01894	0.01358	0.01028	0.05710	0.00250	0.04340	0.00590	0.00599	0.00932
7	0.68180	0.01392	0.06180	0.01081	0.01530	0.01421	0.08589	0.01859	0.01122	0.02653	0.00927	0.01106	0.00712	0.00573	0.00438	0.00195	0.00574	0.00389	0.00370	0.00709
8	0.02266	0.01021	0.01300	0.01051	0.01455	0.00949	0.00850	0.02742	0.12600	0.50359	0.07218	0.02520	0.05457	0.00851	0.00627	0.00193	0.00482	0.00701	0.06398	0.00959
9	0.08171	0.01062	0.04486	0.01012	0.01337	0.00968	0.00836	0.12225	0.01799	0.20650	0.28982	0.08285	0.03198	0.03291	0.00733	0.00210	0.00469	0.00863	0.00638	0.00786
10	0.01783	0.01765	0.07719	0.03033	0.04753	0.14072	0.12071	0.11604	0.08123	0.10196	0.03378	0.03866	0.05940	0.00812	0.00776	0.00201	0.07937	0.00662	0.00459	0.00847
11	0.01388	0.01136	0.01324	0.00952	0.01501	0.00884	0.00764	0.04892	0.01383	0.04324	0.01166	0.01327	0.00948	0.00484	0.00474	0.00100	0.00474	0.00386	0.00393	0.75700
12	0.01399	0.01248	0.01856	0.49408	0.10223	0.01479	0.01568	0.09378	0.13211	0.02047	0.01389	0.01741	0.01045	0.00666	0.00624	0.00204	0.00751	0.00579	0.00375	0.00807
13	0.01823	0.01142	0.01482	0.13747	0.03500	0.01205	0.01075	0.16156	0.09140	0.21716	0.14274	0.02558	0.02173	0.01009	0.03399	0.00229	0.00615	0.03288	0.00598	0.00872
14	0.00900	0.00987	0.10500	0.00893	0.01150	0.00706	0.00790	0.01221	0.03473	0.02039	0.31376	0.10335	0.25087	0.04998	0.00838	0.00227	0.00416	0.02887	0.00571	0.00607
15	0.01576	0.10381	0.02036	0.05689	0.16626	0.04671	0.05839	0.08436	0.01499	0.05330	0.01336	0.06532	0.01163	0.00681	0.00639	0.00166	0.04371	0.00570	0.00386	0.22074
16	0.03328	0.01102	0.01774	0.21698	0.20172	0.01142	0.04832	0.01823	0.01399	0.15166	0.01909	0.14320	0.01734	0.00922	0.00668	0.00212	0.00662	0.05888	0.00450	0.00801
17	0.04111	0.11870	0.06724	0.03456	0.10610	0.18185	0.01311	0.24327	0.07653	0.03984	0.01311	0.01413	0.01005	0.00665	0.00573	0.00177	0.00782	0.00496	0.00439	0.00909
18	0.01546	0.03001	0.06831	0.01303	0.03487	0.07726	0.07179	0.10085	0.01640	0.12932	0.06239	0.17392	0.12453	0.02867	0.00739	0.00215	0.00612	0.02463	0.00530	0.00758
19	0.00834	0.00620	0.00782	0.00837	0.00947	0.00581	0.00601	0.01074	0.04042	0.01932	0.25552	0.39865	0.13731	0.01643	0.00766	0.00230	0.00349	0.04446	0.00613	0.00555
20	0.01292	0.01107	0.01292	0.00923	0.01477	0.00831	0.00738	0.01569	0.01292	0.02030	0.01107	0.01292	0.00923	0.00461	0.00461	0.00092	0.00461	0.00369	0.00369	0.81912
21	0.01671	0.07523	0.21828	0.01782	0.10157	0.07446	0.07233	0.11546	0.06428	0.06469	0.01382	0.03212	0.01071	0.00649	0.00591	0.00179	0.00767	0.00540	0.00398	0.09131
22	0.05651	0.03862	0.03889	0.03143	0.04670	0.21090	0.01169	0.27797	0.02042	0.08794	0.04309	0.01635	0.01224	0.03563	0.00754	0.00200	0.04314	0.00541	0.00483	0.00870
23	0.00997	0.00692	0.00821	0.00773	0.00966	0.00630	0.00580	0.01285	0.04697	0.07431	0.36376	0.07000	0.29501	0.04473	0.00824	0.00220	0.00342	0.01149	0.00636	0.00607

[dist]
# distance from previous block
# <min> <max>
0	1

[block]
# block no. 4 follows, 36 sequences, length 67
# corresponding to MSA columns:
# 603-669
name=unknown_E
#
# <colnr> <probs for GDERKNQSTAVLIFYWHMCP>
#	G	D	E	R	K	N	Q	S	T	A	V	L	I	F	Y	W	H	M	C	P
0	0.01183	0.01116	0.01892	0.66161	0.03970	0.01354	0.05457	0.01632	0.03597	0.01647	0.01284	0.05674	0.01044	0.00695	0.00638	0.00210	0.00807	0.00632	0.00306	0.00700
1	0.01739	0.08022	0.03983	0.04662	0.03849	0.23953	0.16874	0.05302	0.01478	0.01783	0.01036	0.01349	0.00861	0.00696	0.00910	0.00194	0.17409	0.00517	0.00319	0.05063
2	0.01035	0.00835	0.00996	0.00978	0.01076	0.04484	0.00720	0.03963	0.01255	0.01698	0.12261	0.17790	0.02782	0.17807	0.20729	0.00505	0.06386	0.03689	0.00456	0.00553
3	0.00900	0.00602	0.00681	0.00687	0.00688	0.00600	0.00385	0.00905	0.00917	0.01223	0.02020	0.06915	0.02337	0.75168	0.03080	0.00591	0.00595	0.00939	0.00385	0.00382
4	0.01818	0.01386	0.01562	0.02743	0.01726	0.03655	0.02582	0.26884	0.13221	0.08354	0.07161	0.01894	0.01566	0.00849	0.02914	0.00195	0.00617	0.00589	0.00550	0.19732
5	0.01785	0.01648	0.04473	0.01370	0.03163	0.12146	0.02670	0.25095	0.19280	0.02715	0.05486	0.02389	0.06677	0.00867	0.00634	0.00195	0.00654	0.03786	0.04087	0.00879
6	0.01587	0.30076	0.31598	0.01589	0.06928	0.04136	0.01624	0.07484	0.04312	0.03620	0.01142	0.01283	0.00889	0.00596	0.00528	0.00172	0.00779	0.00440	0.00324	0.00892
7	0.58430	0.09607	0.01331	0.00992	0.01387	0.13201	0.00818	0.04558	0.01262	0.02498	0.00906	0.01046	0.00722	0.00590	0.00424	0.00181	0.00610	0.00355	0.00372	0.00710
8	0.11905	0.41522	0.12036	0.04353	0.07483	0.08067	0.01279	0.01958	0.03222	0.01786	0.00985	0.01156	0.00828	0.00569	0.00468	0.00160	0.00721	0.00392	0.00299	0.00809
9	0.01744	0.07237	0.09899	0.02005	0.11022	0.24674	0.16329	0.04291	0.09214	0.01912	0.01279	0.01506	0.01015	0.00810	0.04156	0.00222	0.00955	0.00542	0.00352	0.00836
10	0.00955	0.00664	0.00778	0.00736	0.00937	0.00581	0.00557	0.01173	0.01581	0.07651	0.33349	0.07104	0.38845	0.01402	0.00729	0.00204	0.00325	0.01198	0.00637	0.00592
11	0.00978	0.00848	0.03638	0.00904	0.01100	0.00773	0.00705	0.05811	0.07438	0.02040	0.17479	0.27178	0.24060	0.01474	0.00763	0.00220	0.02109	0.01272	0.00588	0.00623
12	0.00846	0.00634	0.00776	0.00741	0.00899	0.00573	0.00551	0.01094	0.01644	0.02242	0.53952	0.04974	0.23066	0.04278	0.00828	0.00215	0.00311	0.01166	0.00647	0.00564
13	0.09489	0.01706	0.01917	0.01515	0.01954	0.08449	0.09416	0.36363	0.11121	0.05011	0.01478	0.01552	0.01092	0.00730	0.00696	0.00196	0.05290	0.00565	0.00522	0.00936
14	0.82504	0.01205	0.00916	0.00819	0.01205	0.01398	0.00675	0.01832	0.01060	0.02795	0.00868	0.01012	0.00675	0.00578	0.00386	0.00193	0.00482	0.00337	0.00386	0.00675
15	0.00785	0.00564	0.00742	0.00857	0.00914	0.00527	0.00588	0.00920	0.01264	0.01693	0.11117	0.62818	0.06397	0.03857	0.00852	0.00256	0.00368	0.04382	0.00585	0.00515
16	0.01033	0.00852	0.01093	0.06853	0.01366	0.05157	0.00846	0.01249	0.01086	0.01519	0.01660	0.05350	0.01573	0.08223	0.48943	0.00739	0.04912	0.00690	0.06285	0.00571
17	0.08021	0.01147	0.01328	0.01118	0.01502	0.01188	0.00892	0.04678	0.29743	0.30286	0.11078	0.02411	0.02136	0.00847	0.00625	0.00200	0.00487	0.00695	0.00674	0.00945
18	0.01678	0.50338	0.18668	0.01300	0.01889	0.11728	0.01357	0.03715	0.01383	0.01645	0.00949	0.01097	0.00804	0.00565	0.00468	0.00152	0.00782	0.00375	0.00282	0.00822
19	0.02296	0.01525	0.01672	0.01296	0.01754	0.01646	0.01066	0.54961	0.02596	0.13490	0.01687	0.01672	0.01184	0.00749	0.00603	0.00183	0.00621	0.00572	0.09419	0.01008
20	0.13775	0.07456	0.07284	0.01186	0.01688	0.03451	0.01046	0.21280	0.03593	0.16561	0.01513	0.03464	0.01128	0.00685	0.00547	0.00172	0.00607	0.00517	0.00513	0.13534
21	0.02099	0.15995	0.09961	0.01516	0.01953	0.48694	0.01297	0.08167	0.01728	0.01765	0.01008	0.01154	0.00822	0.00627	0.00542	0.00162	0.00986	0.00409	0.00331	0.00786
22	0.03987	0.04164	0.14131	0.01228	0.01734	0.06885	0.01139	0.09982	0.08461	0.16633	0.08301	0.01890	0.01588	0.00715	0.00579	0.00172	0.00620	0.00565	0.02738	0.14488
23	0.04815	0.00936	0.03423	0.04083	0.01495	0.00860	0.07770	0.01610	0.05170	0.12766	0.12302	0.24991	0.06158	0.04332	0.00814	0.00239	0.00516	0.06476	0.00561	0.00686
24	0.01859	0.00905	0.01177	0.00993	0.01322	0.00828	0.00800	0.04323	0.04601	0.36614	0.25097	0.03531	0.08102	0.01056	0.00685	0.00202	0.00448	0.05912	0.00707	0.00837
25	0.01177	0.01107	0.01869	0.76606	0.04291	0.01384	0.01730	0.01592	0.01246	0.01592	0.01107	0.01661	0.00831	0.00623	0.00623	0.00208	0.00831	0.00554	0.00277	0.00692
26	0.01257	0.03173	0.72554	0.01804	0.02715	0.01451	0.04572	0.01974	0.01320	0.01974	0.01123	0.01327	0.00794	0.00590	0.00597	0.00198	0.00925	0.00469	0.00265	0.00918
27	0.02030	0.00984	0.01261	0.01066	0.01410	0.00931	0.00854	0.06650	0.08119	0.39734	0.07213	0.07920	0.04447	0.04696	0.00841	0.02472	0.00511	0.07316	0.00675	0.00870
28	0.08430	0.01071	0.01408	0.01088	0.01563	0.00950	0.00899	0.02951	0.01732	0.69569	0.02346	0.02042	0.01481	0.00758	0.00610	0.00193	0.00527	0.00606	0.00744	0.01033
29	0.00905	0.00679	0.00989	0.00982	0.01077	0.00790	0.00748	0.01099	0.00989	0.01420	0.01679	0.02607	0.01619	0.13080	0.65206	0.00935	0.03627	0.00692	0.00337	0.00539
30	0.01321	0.01255	0.02130	0.47783	0.31983	0.01422	0.01802	0.01719	0.01314	0.01768	0.01133	0.01614	0.00892	0.00596	0.00621	0.00199	0.00795	0.00554	0.00289	0.00809
31	0.00869	0.00613	0.00757	0.00818	0.00939	0.00556	0.00590	0.01026	0.01348	0.04582	0.11341	0.39289	0.23787	0.04066	0.00844	0.00246	0.00372	0.06823	0.00590	0.00543
32	0.00901	0.00624	0.00780	0.00780	0.00815	0.00659	0.00503	0.00971	0.00936	0.01283	0.01871	0.03568	0.02044	0.55171	0.25802	0.00728	0.00937	0.00832	0.00364	0.00433
33	0.00759	0.00542	0.00723	0.00868	0.00904	0.00506	0.00578	0.00868	0.01193	0.01591	0.03434	0.77697	0.04121	0.01952	0.00795	0.00253	0.00361	0.01771	0.00578	0.00506
34	0.01393	0.01010	0.01598	0.07126	0.01772	0.01081	0.11548	0.06128	0.01310	0.11993	0.01654	0.02319	0.01427	0.12541	0.29238	0.00559	0.05515	0.00681	0.00409	0.00696
35	0.01358	0.01105	0.01299	0.00931	0.01482	0.00834	0.00746	0.01633	0.01313	0.05201	0.01166	0.01328	0.00950	0.00475	0.00469	0.00097	0.00464	0.00380	0.00387	0.78382
36	0.01738	0.56054	0.08521	0.01196	0.01728	0.06756	0.01173	0.10814	0.01510	0.01825	0.01043	0.03215	0.00924	0.00611	0.00464	0.00150	0.00708	0.00416	0.00324	0.00829
37	0.07744	0.07101	0.17496	0.01785	0.15601	0.01329	0.03611	0.01971	0.03239	0.10563	0.01435	0.01855	0.01166	0.00684	0.00629	0.00182	0.03514	0.05499	0.00393	0.14202
38	0.03393	0.01871	0.12193	0.07265	0.08808	0.10863	0.14096	0.07123	0.06621	0.02009	0.01262	0.01672	0.01032	0.00749	0.00916	0.00213	0.15965	0.02773	0.00352	0.00822
39	0.01448	0.01636	0.03537	0.08344	0.03336	0.01561	0.66526	0.01965	0.01453	0.01965	0.01249	0.01679	0.00937	0.00533	0.00727	0.00210	0.01033	0.00721	0.00312	0.00829
40	0.01361	0.17606	0.59029	0.01635	0.02464	0.03824	0.02033	0.01968	0.01319	0.01863	0.01065	0.01249	0.00792	0.00582	0.00554	0.00184	0.00878	0.00434	0.00265	0.00892
41	0.01237	0.03222	0.16335	0.05676	0.06948	0.01228	0.07850	0.01661	0.04622	0.04613	0.03544	0.07251	0.01514	0.04175	0.19518	0.00421	0.08382	0.00696	0.00365	0.00742
42	0.00757	0.00549	0.00716	0.00850	0.00899	0.00508	0.00571	0.00870	0.01210	0.01597	0.03645	0.72432	0.09249	0.01925	0.00791	0.00250	0.00358	0.01738	0.00578	0.00508
43	0.00759	0.00542	0.00723	0.00868	0.00904	0.00506	0.00578	0.00868	0.01193	0.01591	0.03434	0.77697	0.04121	0.01952	0.00795	0.00253	0.00361	0.01771	0.00578	0.00506
44	0.05258	0.09156	0.04983	0.03513	0.12456	0.10859	0.08510	0.09035	0.13058	0.06087	0.01546	0.01700	0.02763	0.00849	0.03527	0.00222	0.04624	0.00569	0.00421	0.00866
45	0.01450	0.21199	0.38778	0.04703	0.09910	0.01690	0.05200	0.02004	0.03622	0.04251	0.01158	0.01351	0.00882	0.00586	0.00558	0.00182	0.00816	0.00469	0.00300	0.00892
46	0.00847	0.00623	0.00806	0.00923	0.00997	0.00608	0.00651	0.01104	0.06667	0.01724	0.05669	0.62630	0.03958	0.01823	0.00788	0.00251	0.00390	0.08403	0.00586	0.00552
47	0.00765	0.00549	0.00717	0.00849	0.00890	0.00512	0.00564	0.00870	0.01189	0.01576	0.03486	0.71194	0.06977	0.05537	0.00905	0.00268	0.00371	0.01711	0.00569	0.00501
48	0.01648	0.05380	0.07408	0.01805	0.14063	0.17953	0.04719	0.08979	0.03491	0.04708	0.01852	0.10029	0.03588	0.01021	0.02618	0.00221	0.00787	0.08503	0.00429	0.00797
49	0.02049	0.02827	0.01357	0.01061	0.01429	0.01182	0.00857	0.25941	0.01998	0.24796	0.04217	0.04547	0.01620	0.03783	0.00683	0.00196	0.00521	0.00651	0.19401	0.00884
50	0.01177	0.01107	0.01869	0.76606	0.04291	0.01384	0.01730	0.01592	0.01246	0.01592	0.01107	0.01661	0.00831	0.00623	0.00623	0.00208	0.00831	0.00554	0.00277	0.00692
51	0.01309	0.04236	0.01774	0.04751	0.01630	0.03292	0.01230	0.01455	0.00996	0.01473	0.01006	0.01683	0.01005	0.08043	0.08070	0.00351	0.56182	0.00576	0.00288	0.00651
52	0.01417	0.13925	0.33977	0.08915	0.04437	0.03820	0.08695	0.01896	0.01342	0.05592	0.01383	0.05337	0.02668	0.00696	0.00643	0.00194	0.03325	0.00575	0.00323	0.00838
53	0.00775	0.00554	0.00741	0.00886	0.00929	0.00520	0.00606	0.00895	0.01209	0.01608	0.03425	0.73121	0.04086	0.01937	0.00799	0.00255	0.00375	0.06190	0.00578	0.00510
54	0.04967	0.01064	0.01431	0.01101	0.01580	0.00929	0.00909	0.03004	0.01764	0.72691	0.02415	0.02090	0.01519	0.00766	0.00620	0.00193	0.00529	0.00619	0.00761	0.01050
55	0.04940	0.05183	0.10389	0.13082	0.10346	0.01479	0.13565	0.04326	0.16877	0.02119	0.03664	0.04153	0.03589	0.00740	0.00669	0.00203	0.02763	0.00663	0.00407	0.00842
56	0.01221	0.00927	0.01039	0.00972	0.01207	0.00952	0.00735	0.11837	0.16316	0.04410	0.10053	0.24293	0.20830	0.01359	0.00712	0.00217	0.00423	0.01169	0.00612	0.00714
57	0.01161	0.00581	0.00581	0.00581	0.00726	0.00581	0.00436	0.01452	0.01307	0.02323	0.02033	0.02323	0.01597	0.00726	0.00436	0.00145	0.00290	0.00581	0.81562	0.00581
58	0.80108	0.03496	0.00985	0.00827	0.01217	0.01429	0.00686	0.01833	0.01066	0.02756	0.00868	0.01012	0.00678	0.00577	0.00386	0.00191	0.00487	0.00337	0.00382	0.00678
59	0.00906	0.00604	0.00680	0.00680	0.00680	0.00604	0.00378	0.00906	0.00906	0.01208	0.01963	0.04077	0.02265	0.78103	0.03171	0.00604	0.00604	0.00906	0.00378	0.00378
60	0.01667	0.07336	0.12993	0.03905	0.07401	0.01368	0.05498	0.15272	0.01681	0.08799	0.03300	0.01533	0.01114	0.00607	0.00563	0.00159	0.00659	0.00502	0.00428	0.25216
61	0.01784	0.01430	0.01514	0.01289	0.01677	0.01625	0.01023	0.24349	0.48428	0.02999	0.02195	0.02070	0.01630	0.00810	0.00622	0.00201	0.00543	0.00655	0.04165	0.00991
62	0.00905	0.00684	0.01009	0.01001	0.01103	0.00802	0.00772	0.01112	0.00994	0.01434	0.01661	0.02511	0.01577	0.08877	0.69216	0.00957	0.03822	0.00678	0.00335	0.00549
63	0.02687	0.01193	0.01523	0.01172	0.01654	0.01118	0.00967	0.15751	0.03718	0.59901	0.02283	0.02011	0.01462	0.00769	0.00626	0.00192	0.00558	0.00616	0.00741	0.01058
64	0.01447	0.11870	0.04310	0.01590	0.01759	0.05390	0.05546	0.01699	0.03858	0.01581	0.00955	0.01386	0.00883	0.01030	0.03510	0.00259	0.51381	0.00528	0.00292	0.00724
65	0.01194	0.01125	0.01900	0.73165	0.07597	0.01389	0.01739	0.01607	0.01254	0.01613	0.01110	0.01656	0.00838	0.00620	0.00623	0.00207	0.00826	0.00554	0.00278	0.00706
66	0.02720	0.01041	0.01419	0.01100	0.01565	0.00900	0.00903	0.02956	0.01761	0.71926	0.02494	0.04936	0.01638	0.00815	0.00633	0.00195	0.00524	0.00669	0.00764	0.01040

[dist]
# distance from previous block
# <min> <max>
0	5

[block]
# block no. 5 follows, 36 sequences, length 38
# corresponding to MSA columns:
# 675-712
name=unknown_F
#
# <colnr> <probs for GDERKNQSTAVLIFYWHMCP>
#	G	D	E	R	K	N	Q	S	T	A	V	L	I	F	Y	W	H	M	C	P
0	0.01363	0.00747	0.00991	0.00918	0.01143	0.00679	0.00725	0.01617	0.01646	0.20479	0.34769	0.11205	0.08392	0.01295	0.00732	0.00215	0.00403	0.11316	0.00674	0.00694
1	0.05810	0.18197	0.51818	0.01678	0.05047	0.01654	0.03783	0.01942	0.01299	0.01919	0.01059	0.01253	0.00796	0.00576	0.00547	0.00184	0.00842	0.00439	0.00274	0.00883
2	0.01732	0.08870	0.04694	0.06918	0.11036	0.04440	0.01274	0.18371	0.29204	0.02564	0.01716	0.01760	0.01307	0.00731	0.00637	0.00194	0.02526	0.00583	0.00496	0.00945
3	0.01439	0.01149	0.01339	0.00967	0.01513	0.00910	0.00777	0.06469	0.01428	0.05690	0.01200	0.01346	0.00962	0.00496	0.00481	0.00104	0.00480	0.00395	0.00406	0.72451
4	0.05941	0.03978	0.33865	0.01810	0.09627	0.01461	0.07478	0.09476	0.06544	0.04101	0.02792	0.01522	0.01057	0.00623	0.00590	0.00187	0.00769	0.00522	0.00373	0.07283
5	0.01362	0.01267	0.01290	0.01375	0.08217	0.15068	0.00960	0.01730	0.08179	0.03870	0.19159	0.09472	0.02991	0.06611	0.00927	0.00241	0.03469	0.12618	0.00513	0.00680
6	0.00877	0.00637	0.00827	0.00779	0.00928	0.00586	0.00584	0.01167	0.01753	0.02474	0.71818	0.04695	0.07964	0.01283	0.00735	0.00196	0.00295	0.01133	0.00683	0.00586
7	0.01591	0.04887	0.03568	0.10293	0.10879	0.14582	0.02947	0.09696	0.01551	0.04151	0.01551	0.02335	0.01376	0.01200	0.06254	0.06762	0.00820	0.09767	0.05056	0.00735
8	0.01483	0.18247	0.36585	0.01743	0.06254	0.04602	0.07165	0.05818	0.04275	0.01968	0.01186	0.01456	0.00934	0.00636	0.00627	0.00188	0.03692	0.01948	0.00314	0.00879
9	0.00898	0.00601	0.00682	0.00690	0.00692	0.00599	0.00389	0.00904	0.00922	0.01229	0.02044	0.08125	0.02367	0.73916	0.03041	0.00585	0.00591	0.00954	0.00389	0.00385
10	0.00756	0.00555	0.00710	0.00834	0.00895	0.00509	0.00564	0.00871	0.01225	0.01604	0.03839	0.67596	0.13960	0.01899	0.00787	0.00247	0.00355	0.01707	0.00578	0.00509
11	0.03304	0.24593	0.10946	0.01395	0.01858	0.25236	0.04985	0.05877	0.03199	0.01809	0.04162	0.01574	0.04009	0.00830	0.03532	0.00200	0.00867	0.00497	0.00348	0.00779
12	0.01246	0.01255	0.08730	0.01472	0.13096	0.04002	0.01055	0.05853	0.06618	0.04944	0.09737	0.10225	0.22628	0.01316	0.04793	0.00247	0.00598	0.00941	0.00503	0.00741
13	0.00786	0.00567	0.00750	0.00886	0.00944	0.00531	0.00621	0.00917	0.01233	0.01627	0.03577	0.65692	0.07900	0.01905	0.00799	0.00255	0.00383	0.09532	0.00578	0.00515
14	0.02322	0.01943	0.01743	0.01422	0.01857	0.21171	0.01136	0.38263	0.09919	0.11589	0.01581	0.01560	0.01139	0.00733	0.00609	0.00183	0.00762	0.00542	0.00562	0.00963
15	0.01504	0.22949	0.35387	0.04866	0.02333	0.09613	0.06415	0.01968	0.01373	0.03438	0.01273	0.01448	0.03619	0.00620	0.00555	0.00178	0.00847	0.00479	0.00298	0.00840
16	0.08879	0.09678	0.25581	0.01843	0.08676	0.15410	0.10018	0.05918	0.02963	0.02032	0.01108	0.01318	0.00857	0.00609	0.00606	0.00186	0.02665	0.00480	0.00323	0.00850
17	0.00759	0.00560	0.00710	0.00824	0.00894	0.00512	0.00561	0.00881	0.01249	0.01634	0.06063	0.63099	0.16241	0.01867	0.00783	0.00244	0.00352	0.01673	0.00582	0.00512
