[name]
unknown

[dist]
# distance from previous block
# <min> <max>
3	39

[block]
# block no. 0 follows, 36 sequences, length 28
# corresponding to MSA columns:
# 43-70
name=unknown_A
#
# <colnr> <probs for GDERKNQSTAVLIFYWHMCP>
#	G	D	E	R	K	N	Q	S	T	A	V	L	I	F	Y	W	H	M	C	P
0	0.01690	0.10283	0.12789	0.01730	0.05912	0.11192	0.15311	0.10936	0.05905	0.05429	0.06716	0.01873	0.01429	0.00699	0.00619	0.00186	0.00792	0.02639	0.00418	0.03455
1	0.01545	0.09832	0.27743	0.01461	0.02047	0.05293	0.05313	0.04808	0.08368	0.08624	0.04157	0.03698	0.01370	0.00736	0.00640	0.00188	0.03005	0.03117	0.00409	0.07646
2	0.03871	0.09016	0.17336	0.01516	0.04743	0.07893	0.05880	0.08786	0.12236	0.07288	0.05972	0.03579	0.01453	0.00731	0.00632	0.00187	0.02667	0.00589	0.00441	0.05185
3	0.01513	0.01908	0.20015	0.01549	0.02101	0.06014	0.11650	0.10373	0.15262	0.02296	0.03818	0.01975	0.01386	0.03009	0.00697	0.00200	0.00739	0.03276	0.00430	0.11789
4	0.01619	0.01912	0.16370	0.01596	0.02153	0.09526	0.14518	0.10928	0.09224	0.04589	0.03615	0.01824	0.01274	0.00676	0.00616	0.00181	0.00768	0.03116	0.00423	0.15073
5	0.01440	0.06812	0.21627	0.01912	0.11561	0.01453	0.14328	0.02184	0.15699	0.04041	0.05106	0.01779	0.01352	0.00650	0.00615	0.00188	0.00740	0.00594	0.00396	0.07522
6	0.01422	0.06881	0.15466	0.01557	0.04797	0.01335	0.13574	0.08486	0.03343	0.03603	0.09321	0.01980	0.02951	0.03525	0.00751	0.00192	0.03474	0.00614	0.00405	0.16324
7	0.01413	0.06670	0.32740	0.01792	0.02492	0.01502	0.20093	0.04649	0.09896	0.02102	0.01321	0.01516	0.00987	0.00593	0.00610	0.00187	0.00831	0.00548	0.00345	0.09714
8	0.01251	0.00932	0.01438	0.01407	0.07583	0.00870	0.09363	0.03411	0.01407	0.09123	0.04338	0.29052	0.04500	0.01405	0.03456	0.00247	0.00585	0.10251	0.00517	0.08865
9	0.02187	0.08340	0.01908	0.01394	0.01857	0.12876	0.01143	0.46796	0.09267	0.03169	0.01449	0.01471	0.01075	0.00713	0.00591	0.00178	0.00723	0.00525	0.00540	0.03798
10	0.01893	0.01416	0.01489	0.04103	0.01712	0.09056	0.00969	0.20564	0.06335	0.14693	0.08703	0.04040	0.01683	0.00760	0.00596	0.00168	0.00599	0.00608	0.00548	0.20066
11	0.07008	0.01883	0.04696	0.09372	0.11070	0.18142	0.12962	0.14293	0.03714	0.02216	0.01175	0.01439	0.00920	0.00669	0.00740	0.00196	0.07756	0.00537	0.00374	0.00837
12	0.01468	0.32443	0.41576	0.01517	0.02261	0.01834	0.04902	0.01964	0.01317	0.03928	0.01066	0.01232	0.00823	0.00571	0.00524	0.00173	0.00816	0.00428	0.00282	0.00874
13	0.00786	0.00596	0.00724	0.00770	0.00892	0.00535	0.00548	0.00961	0.01422	0.01870	0.23777	0.34976	0.26591	0.01647	0.00760	0.00224	0.00328	0.01450	0.00608	0.00535
14	0.01250	0.03223	0.74875	0.01776	0.02697	0.01447	0.02302	0.01973	0.01315	0.01973	0.01118	0.01315	0.00789	0.00592	0.00592	0.00197	0.00921	0.00460	0.00263	0.00921
15	0.01539	0.01489	0.02578	0.03773	0.71156	0.01484	0.04933	0.01916	0.01421	0.02034	0.01176	0.01548	0.00985	0.00554	0.00622	0.00186	0.00754	0.00563	0.00309	0.00981
16	0.00998	0.00943	0.01502	0.01293	0.01543	0.03135	0.18857	0.01238	0.01357	0.01733	0.03569	0.32501	0.22003	0.01432	0.00760	0.00230	0.00561	0.05234	0.00503	0.00608
17	0.01250	0.03223	0.74875	0.01776	0.02697	0.01447	0.02302	0.01973	0.01315	0.01973	0.01118	0.01315	0.00789	0.00592	0.00592	0.00197	0.00921	0.00460	0.00263	0.00921
18	0.01250	0.03223	0.74875	0.01776	0.02697	0.01447	0.02302	0.01973	0.01315	0.01973	0.01118	0.01315	0.00789	0.00592	0.00592	0.00197	0.00921	0.00460	0.00263	0.00921
19	0.02304	0.01692	0.22057	0.01363	0.01974	0.01094	0.04489	0.02693	0.01639	0.51089	0.02030	0.01876	0.01305	0.00710	0.00622	0.00195	0.00663	0.00585	0.00609	0.01012
20	0.01542	0.01480	0.02529	0.03824	0.74217	0.01480	0.01912	0.01912	0.01419	0.02036	0.01172	0.01542	0.00987	0.00555	0.00617	0.00185	0.00740	0.00555	0.00308	0.00987
21	0.00782	0.00563	0.00747	0.00886	0.00939	0.00527	0.00616	0.00910	0.01225	0.01621	0.03526	0.68151	0.06626	0.01916	0.00799	0.00255	0.00381	0.08438	0.00578	0.00513
22	0.01508	0.01445	0.02467	0.10700	0.67611	0.01471	0.01895	0.01882	0.01402	0.01994	0.01166	0.01553	0.00972	0.00562	0.00617	0.00187	0.00749	0.00555	0.00305	0.00959
23	0.02595	0.01169	0.01492	0.01153	0.01618	0.01096	0.00949	0.16525	0.02008	0.56334	0.06619	0.02152	0.01711	0.00797	0.00633	0.00192	0.00546	0.00644	0.00737	0.01031
24	0.01526	0.01464	0.02500	0.07070	0.71099	0.01476	0.01904	0.01898	0.01411	0.02016	0.01169	0.01547	0.00980	0.00558	0.00617	0.00186	0.00744	0.00555	0.00307	0.00974
25	0.00897	0.00639	0.00856	0.00856	0.00917	0.00700	0.00597	0.01019	0.00958	0.01339	0.01802	0.03184	0.01877	0.37868	0.42876	0.00822	0.01188	0.00775	0.00354	0.00475
26	0.11334	0.01118	0.01251	0.00917	0.01447	0.00903	0.00737	0.01655	0.01282	0.04800	0.01128	0.01288	0.00915	0.00487	0.00458	0.00108	0.00466	0.00375	0.00386	0.68943
27	0.10867	0.01651	0.01645	0.01606	0.09324	0.19450	0.04853	0.10810	0.05913	0.03776	0.05441	0.05080	0.01671	0.00874	0.00674	0.00199	0.03385	0.09219	0.00453	0.03110

[dist]
# distance from previous block
# <min> <max>
1	11

[block]
# block no. 1 follows, 36 sequences, length 33
# corresponding to MSA columns:
# 82-90,94-117
name=unknown_B
#
# <colnr> <probs for GDERKNQSTAVLIFYWHMCP>
#	G	D	E	R	K	N	Q	S	T	A	V	L	I	F	Y	W	H	M	C	P
0	0.01166	0.00950	0.01070	0.05401	0.01398	0.05619	0.00791	0.01380	0.01357	0.05480	0.02900	0.19924	0.14058	0.03140	0.00735	0.00207	0.00505	0.11903	0.00494	0.21521
1	0.38101	0.01421	0.01367	0.01109	0.01550	0.01576	0.00910	0.30149	0.06560	0.05154	0.01286	0.01339	0.00948	0.00662	0.00508	0.00186	0.00564	0.00461	0.00507	0.05641
2	0.77813	0.01196	0.00947	0.00836	0.01228	0.01369	0.00689	0.01902	0.01103	0.07024	0.00961	0.01077	0.00726	0.00590	0.00400	0.00193	0.00485	0.00354	0.00408	0.00697
3	0.01363	0.01363	0.01908	0.01636	0.01636	0.01908	0.01363	0.01499	0.00954	0.01499	0.00818	0.01363	0.00818	0.01091	0.02045	0.00273	0.76963	0.00545	0.00273	0.00682
4	0.02339	0.01731	0.01853	0.01428	0.01921	0.01919	0.01177	0.69697	0.05419	0.03880	0.01533	0.01525	0.01089	0.00751	0.00624	0.00188	0.00679	0.00566	0.00624	0.01057
5	0.07243	0.01034	0.01365	0.01065	0.01514	0.00917	0.00875	0.02814	0.01740	0.64589	0.08216	0.02264	0.01847	0.00801	0.00622	0.00193	0.00508	0.00651	0.00742	0.00999
6	0.00906	0.00604	0.00680	0.00680	0.00680	0.00604	0.00378	0.00906	0.00906	0.01208	0.01963	0.04077	0.02265	0.78103	0.03171	0.00604	0.00604	0.00906	0.00378	0.00378
7	0.00759	0.00542	0.00723	0.00868	0.00904	0.00506	0.00578	0.00868	0.01193	0.01591	0.03434	0.77697	0.04121	0.01952	0.00795	0.00253	0.00361	0.01771	0.00578	0.00506
8	0.01471	0.01681	0.03676	0.02626	0.03256	0.01576	0.71954	0.01996	0.01471	0.01996	0.01261	0.01681	0.00945	0.00525	0.00735	0.00210	0.01050	0.00735	0.00315	0.00840
9	0.01542	0.01480	0.02529	0.03824	0.74217	0.01480	0.01912	0.01912	0.01419	0.02036	0.01172	0.01542	0.00987	0.00555	0.00617	0.00185	0.00740	0.00555	0.00308	0.00987
10	0.01227	0.01159	0.01960	0.66575	0.13928	0.01398	0.01755	0.01636	0.01270	0.01653	0.01116	0.01645	0.00852	0.00614	0.00622	0.00205	0.00818	0.00554	0.00281	0.00733
11	0.00759	0.00542	0.00723	0.00868	0.00904	0.00506	0.00578	0.00868	0.01193	0.01591	0.03434	0.77697	0.04121	0.01952	0.00795	0.00253	0.00361	0.01771	0.00578	0.00506
12	0.02333	0.01235	0.01952	0.01471	0.01962	0.01137	0.17124	0.09142	0.01785	0.47155	0.02152	0.06410	0.01513	0.00782	0.00661	0.00200	0.00653	0.00713	0.00642	0.00977
13	0.01586	0.01563	0.02487	0.03701	0.70210	0.05589	0.01873	0.01944	0.01438	0.02007	0.01160	0.01519	0.00977	0.00560	0.00614	0.00184	0.00761	0.00547	0.00309	0.00972
14	0.77997	0.01200	0.00969	0.05020	0.01376	0.01397	0.00733	0.01818	0.01071	0.02729	0.00881	0.01048	0.00683	0.00581	0.00399	0.00194	0.00501	0.00349	0.00380	0.00676
15	0.01476	0.01658	0.03528	0.02537	0.03149	0.01574	0.67307	0.02082	0.06160	0.02036	0.01344	0.01723	0.01008	0.00546	0.00729	0.00210	0.01014	0.00733	0.00336	0.00850
16	0.01542	0.01480	0.02529	0.03824	0.74217	0.01480	0.01912	0.01912	0.01419	0.02036	0.01172	0.01542	0.00987	0.00555	0.00617	0.00185	0.00740	0.00555	0.00308	0.00987
17	0.00897	0.00641	0.00866	0.00866	0.00930	0.00705	0.00609	0.01025	0.00961	0.01346	0.01793	0.03135	0.01856	0.35662	0.45053	0.00834	0.01220	0.00768	0.00352	0.00481
18	0.00906	0.00604	0.00680	0.00680	0.00680	0.00604	0.00378	0.00906	0.00906	0.01208	0.01963	0.04077	0.02265	0.78103	0.03171	0.00604	0.00604	0.00906	0.00378	0.00378
19	0.01666	0.78478	0.03265	0.01066	0.01599	0.02465	0.01066	0.01866	0.01266	0.01466	0.00866	0.00999	0.00800	0.00533	0.00400	0.00133	0.00666	0.00333	0.00267	0.00800
20	0.02368	0.01745	0.01870	0.01434	0.01932	0.01932	0.01184	0.72139	0.02929	0.03927	0.01496	0.01496	0.01060	0.00748	0.00623	0.00187	0.00686	0.00561	0.00623	0.01060
21	0.82504	0.01205	0.00916	0.00819	0.01205	0.01398	0.00675	0.01832	0.01060	0.02795	0.00868	0.01012	0.00675	0.00578	0.00386	0.00193	0.00482	0.00337	0.00386	0.00675
22	0.01666	0.78478	0.03265	0.01066	0.01599	0.02465	0.01066	0.01866	0.01266	0.01466	0.00866	0.00999	0.00800	0.00533	0.00400	0.00133	0.00666	0.00333	0.00267	0.00800
23	0.00890	0.00668	0.01001	0.01001	0.01113	0.00779	0.00779	0.01113	0.01001	0.01446	0.01669	0.02448	0.01558	0.04673	0.75634	0.01001	0.01669	0.00668	0.00334	0.00556
24	0.01507	0.01735	0.03596	0.02583	0.03200	0.04692	0.68975	0.02017	0.01483	0.01976	0.01248	0.01657	0.00939	0.00530	0.00728	0.00208	0.01054	0.00721	0.00315	0.00835
25	0.01004	0.00717	0.01004	0.01147	0.01291	0.00717	0.01004	0.01291	0.01434	0.01865	0.03299	0.07028	0.03586	0.01721	0.00861	0.00287	0.00574	0.70023	0.00574	0.00574
26	0.02795	0.01060	0.01446	0.01109	0.01591	0.00916	0.00916	0.03036	0.01783	0.74648	0.02458	0.02121	0.01542	0.00771	0.00627	0.00193	0.00530	0.00627	0.00771	0.01060
27	0.01489	0.01426	0.02433	0.14367	0.64087	0.01466	0.01886	0.01866	0.01394	0.01971	0.01163	0.01559	0.00964	0.00565	0.00618	0.00188	0.00753	0.00555	0.00304	0.00944
28	0.01471	0.01681	0.03676	0.02626	0.03256	0.01576	0.71954	0.01996	0.01471	0.01996	0.01261	0.01681	0.00945	0.00525	0.00735	0.00210	0.01050	0.00735	0.00315	0.00840
29	0.01585	0.01606	0.02418	0.10128	0.53637	0.09096	0.05913	0.01996	0.03955	0.01960	0.01198	0.01546	0.00983	0.00579	0.00619	0.00187	0.00797	0.00555	0.00319	0.00924
30	0.16307	0.01239	0.01499	0.01413	0.08314	0.01301	0.05498	0.15503	0.11578	0.02518	0.01995	0.07690	0.06169	0.03129	0.02483	0.00226	0.00598	0.03787	0.00487	0.08265
31	0.33833	0.01162	0.01206	0.01005	0.01413	0.01207	0.00813	0.07264	0.08438	0.24624	0.01743	0.06552	0.01328	0.00757	0.00532	0.00191	0.00503	0.00573	0.00556	0.06300
32	0.25980	0.01393	0.01269	0.01065	0.01469	0.11703	0.00847	0.05446	0.06312	0.19570	0.01769	0.04353	0.04474	0.00737	0.00536	0.00179	0.00580	0.00549	0.00509	0.11261

[dist]
# distance from previous block
# <min> <max>
5	13

[block]
# block no. 2 follows, 36 sequences, length 10
# corresponding to MSA columns:
# 131-140
name=unknown_C
#
# <colnr> <probs for GDERKNQSTAVLIFYWHMCP>
#	G	D	E	R	K	N	Q	S	T	A	V	L	I	F	Y	W	H	M	C	P
0	0.16757	0.01419	0.01265	0.01192	0.05445	0.17134	0.00855	0.01845	0.01395	0.10521	0.01909	0.09693	0.07340	0.05176	0.00707	0.00198	0.00618	0.00663	0.00445	0.15422
1	0.03997	0.01172	0.01486	0.01681	0.19694	0.05171	0.01031	0.05634	0.01544	0.08342	0.15861	0.06630	0.04312	0.05590	0.00774	0.00201	0.00554	0.00736	0.00481	0.15108
2	0.00921	0.00704	0.00815	0.00835	0.00936	0.03000	0.00584	0.01134	0.03875	0.01770	0.18492	0.25030	0.09325	0.16696	0.09574	0.00380	0.00562	0.01173	0.03661	0.00533
3	0.11701	0.01217	0.01389	0.01104	0.01537	0.01212	0.00893	0.07069	0.14428	0.17006	0.01612	0.01632	0.01195	0.00679	0.00658	0.00168	0.06793	0.00506	0.00510	0.28691
4	0.01550	0.01338	0.01409	0.01268	0.01620	0.01550	0.00986	0.03311	0.73091	0.02606	0.02536	0.02325	0.01902	0.00845	0.00634	0.00211	0.00493	0.00704	0.00634	0.00986
5	0.82504	0.01205	0.00916	0.00819	0.01205	0.01398	0.00675	0.01832	0.01060	0.02795	0.00868	0.01012	0.00675	0.00578	0.00386	0.00193	0.00482	0.00337	0.00386	0.00675
6	0.01403	0.31002	0.48441	0.01514	0.02292	0.01823	0.01846	0.01933	0.01297	0.01786	0.01025	0.01199	0.00793	0.00570	0.00521	0.00174	0.00827	0.00413	0.00264	0.00876
7	0.02444	0.01241	0.07450	0.01160	0.01648	0.01001	0.01018	0.02871	0.08473	0.57861	0.06323	0.02214	0.01755	0.00791	0.00630	0.00195	0.00546	0.00648	0.00712	0.01016
8	0.00736	0.00631	0.00631	0.00631	0.00842	0.00526	0.00473	0.00894	0.01420	0.01683	0.06312	0.05996	0.73964	0.01578	0.00736	0.00210	0.00316	0.01315	0.00579	0.00526
9	0.01292	0.01107	0.01292	0.00923	0.01477	0.00831	0.00738	0.01569	0.01292	0.02030	0.01107	0.01292	0.00923	0.00461	0.00461	0.00092	0.00461	0.00369	0.00369	0.81912

[dist]
# distance from previous block
# <min> <max>
0	5

[block]
# block no. 3 follows, 36 sequences, length 20
# corresponding to MSA columns:
# 146-165
name=unknown_D
#
# <colnr> <probs for GDERKNQSTAVLIFYWHMCP>
#	G	D	E	R	K	N	Q	S	T	A	V	L	I	F	Y	W	H	M	C	P
0	0.01550	0.01338	0.01409	0.01268	0.01620	0.01550	0.00986	0.03311	0.73091	0.02606	0.02536	0.02325	0.01902	0.00845	0.00634	0.00211	0.00493	0.00704	0.00634	0.00986
1	0.01292	0.01107	0.01292	0.00923	0.01477	0.00831	0.00738	0.01569	0.01292	0.02030	0.01107	0.01292	0.00923	0.00461	0.00461	0.00092	0.00461	0.00369	0.00369	0.81912
2	0.01292	0.10836	0.67631	0.01704	0.02586	0.01550	0.02177	0.01962	0.01310	0.01922	0.01093	0.01283	0.00790	0.00586	0.00573	0.00191	0.00895	0.00448	0.00263	0.00909
3	0.01750	0.01484	0.01519	0.01315	0.01697	0.04347	0.01036	0.17704	0.55771	0.02843	0.02260	0.02107	0.01685	0.00817	0.00629	0.00204	0.00557	0.00663	0.00620	0.00992
4	0.00873	0.00637	0.00820	0.00774	0.00925	0.00584	0.00581	0.01159	0.01743	0.02449	0.69742	0.04736	0.10056	0.01292	0.00735	0.00197	0.00295	0.01138	0.00679	0.00584
5	0.01292	0.01107	0.01292	0.00923	0.01477	0.00831	0.00738	0.01569	0.01292	0.02030	0.01107	0.01292	0.00923	0.00461	0.00461	0.00092	0.00461	0.00369	0.00369	0.81912
6	0.01328	0.00891	0.01424	0.01166	0.01455	0.00812	0.13134	0.01627	0.01643	0.15998	0.36901	0.10271	0.08455	0.01128	0.00720	0.00204	0.00479	0.01033	0.00621	0.00711
7	0.01177	0.01107	0.01869	0.76606	0.04291	0.01384	0.01730	0.01592	0.01246	0.01592	0.01107	0.01661	0.00831	0.00623	0.00623	0.00208	0.00831	0.00554	0.00277	0.00692
8	0.01542	0.01480	0.02529	0.03824	0.74217	0.01480	0.01912	0.01912	0.01419	0.02036	0.01172	0.01542	0.00987	0.00555	0.00617	0.00185	0.00740	0.00555	0.00308	0.00987
9	0.01550	0.01338	0.01409	0.01268	0.01620	0.01550	0.00986	0.03311	0.73091	0.02606	0.02536	0.02325	0.01902	0.00845	0.00634	0.00211	0.00493	0.00704	0.00634	0.00986
10	0.02368	0.01745	0.01870	0.01434	0.01932	0.01932	0.01184	0.72139	0.02929	0.03927	0.01496	0.01496	0.01060	0.00748	0.00623	0.00187	0.00686	0.00561	0.00623	0.01060
11	0.00736	0.00631	0.00631	0.00631	0.00842	0.00526	0.00473	0.00894	0.01420	0.01683	0.06312	0.05996	0.73964	0.01578	0.00736	0.00210	0.00316	0.01315	0.00579	0.00526
12	0.00842	0.00652	0.00682	0.00663	0.00882	0.00548	0.00501	0.01012	0.01458	0.05148	0.10277	0.05732	0.66397	0.01522	0.00731	0.00209	0.00324	0.01271	0.00594	0.00555
13	0.01465	0.01665	0.03590	0.02577	0.03177	0.01592	0.68484	0.01971	0.01445	0.01971	0.01239	0.01665	0.00939	0.00553	0.00800	0.00213	0.04781	0.00726	0.00313	0.00833
14	0.01398	0.01322	0.02073	0.01498	0.02063	0.01142	0.23324	0.04109	0.05291	0.02113	0.01246	0.01478	0.00987	0.00512	0.00563	0.00139	0.00657	0.00510	0.00375	0.49202
15	0.01641	0.01306	0.01793	0.02217	0.32382	0.01351	0.01286	0.18843	0.05502	0.02592	0.01526	0.01750	0.01197	0.00654	0.00570	0.00174	0.00595	0.00563	0.19983	0.04075
16	0.01462	0.01485	0.01546	0.01836	0.20582	0.19875	0.01096	0.01685	0.03256	0.01588	0.01441	0.02298	0.01403	0.23090	0.12120	0.00417	0.03162	0.00635	0.00343	0.00677
17	0.01474	0.01482	0.01841	0.02020	0.21238	0.14200	0.09209	0.04318	0.04890	0.01834	0.01788	0.10610	0.04395	0.12635	0.01070	0.00257	0.02739	0.00771	0.00391	0.02840
18	0.01616	0.01323	0.01392	0.01193	0.01504	0.07813	0.02993	0.07467	0.30369	0.08255	0.01992	0.02388	0.01654	0.17317	0.01196	0.00279	0.02622	0.00673	0.00522	0.07432
19	0.01725	0.01452	0.01666	0.01293	0.01754	0.04850	0.06435	0.25233	0.13134	0.02666	0.01525	0.01736	0.01211	0.05989	0.00755	0.00190	0.00627	0.00552	0.00489	0.26718

[dist]
# distance from previous block
# <min> <max>
0	10

# created by:
# /home/cegg/simao/soft/augustus-3.2.1/scripts/msa2prfl.pl ./align_prep/EOG090W0OS5.fa
