[name]
unknown

[dist]
# distance from previous block
# <min> <max>
0	1125

[block]
# block no. 0 follows, 29 sequences, length 28
# corresponding to MSA columns:
# 1169-1196
name=unknown_A
#
# <colnr> <probs for GDERKNQSTAVLIFYWHMCP>
#	G	D	E	R	K	N	Q	S	T	A	V	L	I	F	Y	W	H	M	C	P
0	0.01477	0.01266	0.01477	0.01055	0.01687	0.00949	0.00844	0.01793	0.01477	0.02320	0.01266	0.01477	0.01055	0.00527	0.00527	0.00105	0.00527	0.00422	0.00422	0.79328
1	0.80005	0.01377	0.01047	0.00936	0.01377	0.01597	0.00771	0.02093	0.01212	0.03195	0.00991	0.01157	0.00771	0.00661	0.00441	0.00220	0.00551	0.00386	0.00441	0.00771
2	0.02707	0.01995	0.02137	0.01638	0.02208	0.02208	0.01353	0.68159	0.03348	0.04488	0.01710	0.01710	0.01211	0.00855	0.00712	0.00214	0.00784	0.00641	0.00712	0.01211
3	0.01618	0.01859	0.06459	0.02759	0.03423	0.01678	0.58172	0.02162	0.01629	0.02213	0.01542	0.02233	0.01237	0.00779	0.00951	0.04718	0.01134	0.04152	0.00370	0.00911
4	0.00843	0.00714	0.00729	0.00741	0.00967	0.00599	0.00550	0.01020	0.01604	0.01916	0.06974	0.11772	0.65479	0.01834	0.00846	0.00244	0.00364	0.01541	0.00661	0.00599
5	0.01017	0.00763	0.01144	0.01144	0.01272	0.00890	0.00890	0.01272	0.01144	0.01653	0.01907	0.02797	0.01780	0.05340	0.72153	0.01144	0.01907	0.00763	0.00381	0.00636
6	0.01762	0.01692	0.02890	0.04371	0.70533	0.01692	0.02185	0.02185	0.01621	0.02326	0.01339	0.01762	0.01128	0.00634	0.00705	0.00211	0.00846	0.00634	0.00352	0.01128
7	0.01944	0.71558	0.03640	0.01251	0.01848	0.06518	0.01227	0.02170	0.01477	0.01679	0.00996	0.01150	0.00914	0.00616	0.00467	0.00154	0.00789	0.00385	0.00308	0.00909
8	0.03195	0.01212	0.01652	0.01267	0.01818	0.01047	0.01047	0.03470	0.02038	0.71026	0.02809	0.02424	0.01763	0.00881	0.00716	0.00220	0.00606	0.00716	0.00881	0.01212
9	0.01732	0.01661	0.02835	0.09380	0.65762	0.01684	0.02170	0.02159	0.01607	0.02289	0.01334	0.01772	0.01115	0.00640	0.00705	0.00213	0.00853	0.00634	0.00350	0.01103
10	0.01928	0.01238	0.01408	0.01282	0.01614	0.03794	0.00986	0.04921	0.24553	0.20708	0.03099	0.23835	0.02794	0.01336	0.00781	0.00250	0.00567	0.03209	0.00732	0.00965
11	0.00873	0.00626	0.00820	0.00972	0.01020	0.00584	0.00647	0.00994	0.01361	0.01805	0.03990	0.69101	0.07232	0.05046	0.01012	0.00303	0.00422	0.01965	0.00652	0.00574
12	0.01709	0.01638	0.02795	0.13109	0.62209	0.01678	0.02159	0.02139	0.01596	0.02262	0.01330	0.01780	0.01105	0.00644	0.00706	0.00215	0.00859	0.00634	0.00348	0.01085
13	0.01667	0.01595	0.02718	0.20093	0.55556	0.01667	0.02138	0.02102	0.01576	0.02211	0.01323	0.01793	0.01087	0.00652	0.00707	0.00217	0.00870	0.00634	0.00344	0.01051
14	0.00857	0.00708	0.00752	0.00770	0.00979	0.00603	0.00566	0.01041	0.01617	0.01977	0.11354	0.15710	0.56939	0.01835	0.00850	0.00246	0.00366	0.01556	0.00670	0.00603
15	0.00919	0.00711	0.00753	0.00750	0.00901	0.00636	0.00509	0.01043	0.01435	0.01779	0.08687	0.05997	0.42996	0.27724	0.01828	0.00399	0.00476	0.01326	0.00586	0.00545
16	0.01629	0.01468	0.02223	0.01792	0.02229	0.01529	0.20020	0.08837	0.25653	0.02775	0.11676	0.07903	0.02687	0.01068	0.00801	0.00245	0.00730	0.05154	0.00619	0.00958
17	0.02419	0.01572	0.02253	0.01732	0.02271	0.04064	0.16173	0.11201	0.12767	0.29869	0.06270	0.02386	0.01865	0.00856	0.00750	0.00226	0.00765	0.00773	0.00693	0.01096
18	0.02010	0.01373	0.02211	0.32169	0.22956	0.01456	0.01764	0.02411	0.01662	0.22336	0.01741	0.02014	0.01240	0.00739	0.00711	0.00225	0.00818	0.00658	0.00493	0.01012
19	0.02094	0.01459	0.02363	0.18304	0.36163	0.01478	0.01805	0.02485	0.01701	0.22438	0.01756	0.01986	0.01276	0.00724	0.00710	0.00220	0.00798	0.00658	0.00500	0.01080
20	0.01387	0.01184	0.01871	0.10985	0.13600	0.01183	0.09962	0.01831	0.06377	0.05789	0.05290	0.12589	0.17330	0.04141	0.00910	0.00260	0.00683	0.03267	0.00537	0.00825
21	0.01544	0.11086	0.43532	0.08461	0.17239	0.01786	0.02324	0.02190	0.01515	0.02168	0.01258	0.01551	0.00955	0.00663	0.00661	0.00215	0.00968	0.00542	0.00313	0.01031
22	0.01103	0.01051	0.01781	0.01464	0.01796	0.00952	0.20416	0.01401	0.01598	0.02048	0.07734	0.21250	0.31443	0.01533	0.00857	0.00251	0.00619	0.01420	0.00578	0.00705
23	0.01596	0.28312	0.41141	0.01671	0.02498	0.02025	0.01979	0.02263	0.05339	0.02119	0.03990	0.01594	0.01208	0.00700	0.00610	0.00201	0.00896	0.00522	0.00345	0.00994
24	0.04580	0.01858	0.02364	0.01876	0.02326	0.08427	0.15324	0.20851	0.12208	0.05130	0.01902	0.02197	0.03309	0.00920	0.00967	0.00239	0.11093	0.02882	0.00545	0.00999
25	0.54870	0.05717	0.01408	0.01135	0.01511	0.07321	0.00936	0.02048	0.01296	0.02730	0.01325	0.01523	0.04522	0.00802	0.00728	0.00227	0.10222	0.00482	0.00422	0.00776
26	0.11936	0.01399	0.02057	0.11868	0.32590	0.01468	0.01571	0.06235	0.01650	0.04680	0.05651	0.08027	0.03650	0.03267	0.00794	0.00240	0.00726	0.00791	0.00460	0.00938
27	0.17470	0.01329	0.01447	0.10679	0.01981	0.04738	0.01082	0.12223	0.07251	0.05293	0.04119	0.11585	0.04193	0.01705	0.11463	0.00371	0.00851	0.00842	0.00540	0.00837

[dist]
# distance from previous block
# <min> <max>
7	23

[block]
# block no. 1 follows, 29 sequences, length 16
# corresponding to MSA columns:
# 1220-1227,1230-1237
name=unknown_B
#
# <colnr> <probs for GDERKNQSTAVLIFYWHMCP>
#	G	D	E	R	K	N	Q	S	T	A	V	L	I	F	Y	W	H	M	C	P
0	0.05138	0.01757	0.02777	0.02090	0.02650	0.01821	0.28714	0.21276	0.11044	0.04939	0.04175	0.02203	0.03737	0.00822	0.00821	0.00233	0.03440	0.00786	0.00549	0.01026
1	0.02031	0.01446	0.01771	0.16462	0.02454	0.01580	0.01280	0.29713	0.05070	0.09389	0.02132	0.13389	0.01824	0.01038	0.00728	0.00227	0.00704	0.00866	0.04435	0.03462
2	0.01822	0.01030	0.01306	0.01201	0.01480	0.01012	0.00922	0.13049	0.01878	0.20661	0.03112	0.34738	0.03109	0.01831	0.05541	0.00317	0.00639	0.04783	0.00709	0.00862
3	0.01885	0.01404	0.01536	0.01292	0.01670	0.01488	0.01021	0.38164	0.02538	0.03357	0.05999	0.18148	0.15761	0.01354	0.00784	0.00235	0.00605	0.01127	0.00694	0.00936
4	0.03160	0.01268	0.01687	0.01293	0.01846	0.01130	0.01069	0.08101	0.02132	0.66263	0.02731	0.02373	0.01723	0.00879	0.00716	0.00220	0.00619	0.00711	0.00869	0.01212
5	0.01684	0.01096	0.01730	0.01395	0.01792	0.00986	0.14023	0.02013	0.01818	0.20435	0.16320	0.04523	0.21321	0.01272	0.00819	0.00239	0.00610	0.06387	0.00682	0.00851
6	0.01514	0.01129	0.01277	0.01204	0.01511	0.01198	0.00963	0.04763	0.28328	0.06450	0.09188	0.04619	0.13620	0.01331	0.00791	0.00251	0.00527	0.14564	0.05886	0.00885
7	0.02819	0.07659	0.10794	0.01394	0.02016	0.01373	0.01291	0.09011	0.02039	0.50573	0.02366	0.02137	0.01533	0.00830	0.00689	0.00215	0.00692	0.00658	0.00745	0.01167
8	0.02783	0.01222	0.01599	0.01240	0.01777	0.01065	0.01011	0.03173	0.06317	0.54598	0.02630	0.04573	0.01781	0.00879	0.00696	0.00207	0.00586	0.00721	0.00799	0.12345
9	0.00969	0.00728	0.00932	0.01003	0.01145	0.00644	0.00703	0.01132	0.01402	0.01910	0.03658	0.58137	0.06835	0.01949	0.00852	0.00261	0.00438	0.04381	0.00625	0.12295
10	0.18145	0.01506	0.02230	0.11420	0.31559	0.01532	0.05291	0.02121	0.01510	0.05194	0.01311	0.01646	0.01043	0.00642	0.00633	0.00203	0.00761	0.00566	0.00398	0.12288
11	0.02075	0.26927	0.26065	0.01718	0.02445	0.02229	0.01782	0.18818	0.02043	0.02757	0.01511	0.01763	0.01212	0.01054	0.04172	0.00278	0.00980	0.00580	0.00477	0.01115
12	0.01750	0.21635	0.48519	0.01979	0.02888	0.02042	0.05943	0.02335	0.01612	0.02274	0.01404	0.01700	0.01101	0.00783	0.00710	0.00242	0.01037	0.00569	0.00373	0.01101
13	0.01815	0.23935	0.10425	0.01367	0.01861	0.01694	0.01247	0.02192	0.06229	0.09151	0.11592	0.07467	0.04713	0.01444	0.06570	0.00311	0.00810	0.00832	0.00573	0.05775
14	0.01870	0.30612	0.36654	0.01771	0.02584	0.02211	0.01979	0.05116	0.05771	0.02334	0.01475	0.01709	0.01182	0.00804	0.00678	0.00233	0.00951	0.00555	0.00413	0.01100
15	0.02261	0.14037	0.20500	0.01698	0.02389	0.02010	0.01651	0.22608	0.08613	0.08695	0.01831	0.01955	0.01384	0.00882	0.00730	0.00238	0.00856	0.00635	0.00590	0.06436

[dist]
# distance from previous block
# <min> <max>
5	41

[block]
# block no. 2 follows, 29 sequences, length 17
# corresponding to MSA columns:
# 1279-1295
name=unknown_C
#
# <colnr> <probs for GDERKNQSTAVLIFYWHMCP>
#	G	D	E	R	K	N	Q	S	T	A	V	L	I	F	Y	W	H	M	C	P
0	0.01786	0.21769	0.18079	0.01898	0.10770	0.01943	0.01637	0.06411	0.12682	0.02424	0.01927	0.02312	0.03763	0.00874	0.00684	0.00222	0.00802	0.04317	0.00473	0.05227
1	0.07165	0.19236	0.07680	0.01371	0.01904	0.01834	0.01220	0.13071	0.11824	0.06271	0.07795	0.05346	0.01957	0.00922	0.00669	0.00214	0.00686	0.00702	0.00573	0.09561
2	0.01585	0.12172	0.32022	0.02109	0.13457	0.01694	0.01914	0.02243	0.07744	0.02375	0.09497	0.06219	0.02018	0.00922	0.00725	0.00234	0.00842	0.00749	0.00455	0.01025
3	0.01874	0.25487	0.26308	0.04468	0.11316	0.10915	0.01898	0.02389	0.04741	0.02115	0.01337	0.01587	0.01084	0.00732	0.00648	0.00213	0.00962	0.00532	0.00369	0.01027
4	0.21645	0.01837	0.13655	0.01509	0.02053	0.01530	0.06457	0.12286	0.04838	0.07365	0.05674	0.10260	0.01895	0.00993	0.00705	0.00241	0.00729	0.00794	0.00566	0.04969
5	0.01881	0.45522	0.22087	0.01537	0.02250	0.02412	0.01638	0.05405	0.06871	0.02150	0.01343	0.01514	0.01109	0.00727	0.00590	0.00199	0.00854	0.00497	0.00387	0.01026
6	0.28193	0.06489	0.01813	0.01470	0.01909	0.32934	0.01163	0.13786	0.01948	0.02691	0.01163	0.01307	0.00919	0.00724	0.00577	0.00199	0.00927	0.00462	0.00447	0.00879
7	0.01617	0.01300	0.01518	0.01094	0.01720	0.01018	0.00879	0.05252	0.01597	0.05523	0.01358	0.01531	0.01095	0.00560	0.00545	0.00116	0.00544	0.00446	0.00457	0.71829
8	0.01427	0.01370	0.02611	0.06407	0.02659	0.01333	0.32828	0.04614	0.01653	0.02239	0.02392	0.18501	0.02379	0.01200	0.00850	0.00260	0.00872	0.11607	0.03981	0.00816
9	0.01237	0.00618	0.00928	0.00928	0.00928	0.00618	0.00618	0.00928	0.00928	0.01237	0.01237	0.02165	0.01237	0.02474	0.02783	0.79283	0.00618	0.00618	0.00309	0.00309
10	0.01919	0.01742	0.03513	0.06641	0.11868	0.01653	0.45299	0.02437	0.01718	0.13429	0.01641	0.01981	0.01190	0.00656	0.00796	0.00233	0.01046	0.00783	0.00442	0.01013
11	0.00868	0.00620	0.00826	0.00991	0.01033	0.00578	0.00661	0.00991	0.01363	0.01818	0.03925	0.74510	0.04710	0.02231	0.00909	0.00289	0.00413	0.02024	0.00661	0.00578
12	0.01013	0.00689	0.00821	0.00842	0.00860	0.00697	0.00508	0.01054	0.01088	0.01464	0.02420	0.13242	0.02772	0.58646	0.10360	0.00687	0.00781	0.01132	0.00455	0.00471
13	0.01707	0.34445	0.22839	0.01951	0.02716	0.02203	0.20516	0.02209	0.01529	0.02010	0.01198	0.01464	0.00958	0.00626	0.00627	0.00198	0.00968	0.00552	0.00319	0.00966
14	0.02054	0.01614	0.01986	0.01637	0.02030	0.04961	0.07238	0.10816	0.26634	0.13269	0.06299	0.02361	0.01913	0.00971	0.00997	0.00242	0.12549	0.00759	0.00634	0.01037
15	0.00921	0.00691	0.00855	0.00885	0.01029	0.00624	0.00637	0.01150	0.01705	0.02288	0.33107	0.28560	0.21352	0.01796	0.00863	0.00249	0.00367	0.01583	0.00714	0.00624
16	0.01344	0.01209	0.02002	0.31732	0.20557	0.01382	0.01671	0.01732	0.01382	0.01895	0.01497	0.02161	0.01270	0.02222	0.24326	0.00531	0.01239	0.00676	0.00347	0.00826

[dist]
# distance from previous block
# <min> <max>
0	10

[block]
# block no. 3 follows, 29 sequences, length 39
# corresponding to MSA columns:
# 1306-1344
name=unknown_D
#
# <colnr> <probs for GDERKNQSTAVLIFYWHMCP>
#	G	D	E	R	K	N	Q	S	T	A	V	L	I	F	Y	W	H	M	C	P
0	0.09897	0.02022	0.01692	0.01413	0.01871	0.25084	0.01112	0.10883	0.02046	0.19976	0.05775	0.02037	0.03622	0.00833	0.00656	0.00196	0.00820	0.00616	0.00587	0.08862
1	0.11995	0.01660	0.02337	0.01833	0.02331	0.06023	0.22043	0.07197	0.17141	0.08419	0.07152	0.04986	0.01911	0.00868	0.00733	0.00231	0.00803	0.00804	0.00565	0.00967
2	0.72642	0.01504	0.01145	0.01013	0.01456	0.05053	0.00828	0.05209	0.01351	0.03184	0.01030	0.01189	0.00799	0.00674	0.00463	0.00218	0.00597	0.00401	0.00450	0.00794
3	0.01712	0.05161	0.01477	0.01160	0.01534	0.04520	0.00916	0.05326	0.08601	0.13484	0.17564	0.09737	0.04548	0.01401	0.05805	0.00270	0.00646	0.00913	0.00638	0.14588
4	0.01525	0.01314	0.01636	0.20998	0.02539	0.04546	0.01182	0.03930	0.01587	0.04548	0.05206	0.07115	0.01616	0.00784	0.00640	0.00173	0.00672	0.00661	0.00452	0.38877
5	0.00970	0.00698	0.00941	0.01099	0.01194	0.00669	0.00836	0.01172	0.01477	0.01938	0.04007	0.46966	0.07273	0.02115	0.00934	0.00301	0.00501	0.25641	0.00659	0.00608
6	0.32308	0.01572	0.01551	0.01254	0.01743	0.01727	0.01031	0.30781	0.02250	0.10511	0.01830	0.01849	0.04437	0.00828	0.00607	0.00217	0.00641	0.00593	0.03277	0.00994
7	0.01631	0.11295	0.48468	0.01919	0.02790	0.08004	0.05374	0.02427	0.07428	0.02210	0.01379	0.01564	0.01024	0.00696	0.00661	0.00216	0.01005	0.00543	0.00347	0.01019
8	0.01809	0.01357	0.01582	0.01264	0.01720	0.01346	0.01009	0.22381	0.04397	0.05422	0.01715	0.02088	0.01412	0.05622	0.16752	0.00411	0.00928	0.00623	0.00532	0.27632
9	0.00970	0.00666	0.00810	0.00873	0.00894	0.00655	0.00537	0.01028	0.01166	0.01559	0.02876	0.31417	0.03372	0.44367	0.05207	0.00554	0.00631	0.01405	0.00518	0.00496
10	0.01258	0.00693	0.01040	0.03677	0.01126	0.00738	0.00719	0.01003	0.00955	0.01284	0.01222	0.02122	0.01210	0.02342	0.02682	0.72105	0.04543	0.00619	0.00310	0.00352
11	0.01728	0.01648	0.02761	0.09946	0.61489	0.01687	0.02113	0.02238	0.05137	0.02318	0.01415	0.01820	0.01168	0.00658	0.00707	0.00215	0.00840	0.00643	0.00369	0.01100
12	0.00868	0.00620	0.00826	0.00991	0.01033	0.00578	0.00661	0.00991	0.01363	0.01818	0.03925	0.74510	0.04710	0.02231	0.00909	0.00289	0.00413	0.02024	0.00661	0.00578
13	0.01477	0.01266	0.01477	0.01055	0.01687	0.00949	0.00844	0.01793	0.01477	0.02320	0.01266	0.01477	0.01055	0.00527	0.00527	0.00105	0.00527	0.00422	0.00422	0.79328
14	0.02362	0.01957	0.01857	0.01499	0.01968	0.13981	0.01201	0.39997	0.02745	0.05976	0.11626	0.02330	0.04117	0.00937	0.00715	0.00206	0.00776	0.00723	0.00655	0.04373
15	0.01545	0.01470	0.02498	0.40168	0.36432	0.01635	0.02077	0.01995	0.01519	0.02063	0.01301	0.01833	0.01035	0.00675	0.00709	0.00225	0.00900	0.00634	0.00334	0.00953
16	0.01362	0.01300	0.02244	0.69593	0.04843	0.01593	0.05424	0.01843	0.01437	0.01843	0.01275	0.01900	0.00956	0.00706	0.00719	0.00237	0.00962	0.00644	0.00319	0.00800
17	0.01175	0.01052	0.05974	0.01071	0.01208	0.03567	0.00815	0.01326	0.01241	0.03698	0.02450	0.18117	0.02694	0.35210	0.12050	0.00580	0.03325	0.03379	0.00476	0.00592
18	0.01225	0.01068	0.01543	0.01423	0.01501	0.01386	0.01147	0.01441	0.01124	0.01676	0.01534	0.02321	0.01455	0.03768	0.45338	0.00825	0.29471	0.00709	0.00355	0.00691
19	0.01657	0.01285	0.01597	0.01150	0.01778	0.00991	0.03407	0.01980	0.01541	0.09211	0.01427	0.01588	0.01127	0.00566	0.00558	0.00122	0.00561	0.00467	0.00466	0.68523
20	0.01721	0.47857	0.29678	0.01530	0.02309	0.02371	0.01761	0.02179	0.01469	0.01898	0.01101	0.01281	0.00909	0.00635	0.00541	0.00180	0.00873	0.00437	0.00303	0.00967
21	0.01017	0.00763	0.01144	0.01144	0.01272	0.00890	0.00890	0.01272	0.01144	0.01653	0.01907	0.02797	0.01780	0.05340	0.72153	0.01144	0.01907	0.00763	0.00381	0.00636
22	0.01020	0.00750	0.01080	0.01080	0.01185	0.00855	0.00810	0.01230	0.01125	0.01605	0.01966	0.03123	0.01922	0.17513	0.60174	0.01065	0.01695	0.00811	0.00390	0.00600
23	0.01743	0.02115	0.14558	0.07979	0.40012	0.06867	0.02046	0.02438	0.10796	0.02326	0.01518	0.01812	0.01203	0.00699	0.00698	0.00218	0.00883	0.00626	0.00393	0.01070
24	0.01342	0.01887	0.25124	0.01539	0.02037	0.01206	0.04028	0.02016	0.10796	0.04840	0.02724	0.24946	0.02729	0.01378	0.00805	0.00262	0.00723	0.10209	0.00543	0.00865
25	0.00848	0.00722	0.00731	0.00728	0.00966	0.00604	0.00546	0.01035	0.01639	0.01961	0.09764	0.06791	0.67670	0.01789	0.00842	0.00240	0.00360	0.01494	0.00666	0.00604
26	0.01740	0.01669	0.02850	0.08060	0.67019	0.01686	0.02174	0.02166	0.01611	0.02299	0.01335	0.01770	0.01118	0.00639	0.00705	0.00213	0.00851	0.00634	0.00351	0.01110
27	0.02242	0.02666	0.02221	0.14852	0.16974	0.45049	0.01650	0.02527	0.01831	0.01878	0.01179	0.01492	0.00967	0.00709	0.00667	0.00199	0.01134	0.00526	0.00355	0.00883
28	0.01477	0.01266	0.01477	0.01055	0.01687	0.00949	0.00844	0.01793	0.01477	0.02320	0.01266	0.01477	0.01055	0.00527	0.00527	0.00105	0.00527	0.00422	0.00422	0.79328
29	0.00877	0.00712	0.00780	0.00799	0.01002	0.00615	0.00594	0.01076	0.01642	0.02041	0.15067	0.15503	0.51047	0.01818	0.00855	0.00247	0.00374	0.03665	0.00677	0.00609
30	0.02665	0.01910	0.02057	0.01584	0.02136	0.02102	0.01306	0.63065	0.03223	0.06737	0.01774	0.01775	0.01256	0.00855	0.00703	0.00212	0.00758	0.00645	0.04048	0.01188
31	0.00975	0.00696	0.00950	0.01114	0.01203	0.00671	0.00848	0.01177	0.01469	0.01938	0.03865	0.48978	0.04475	0.02130	0.00938	0.00304	0.00506	0.26496	0.00659	0.00608
32	0.07776	0.01398	0.01490	0.01313	0.01630	0.08369	0.04155	0.14118	0.06382	0.08883	0.02442	0.21735	0.02331	0.04133	0.03573	0.00285	0.00705	0.01027	0.07404	0.00851
33	0.01630	0.01816	0.03911	0.02840	0.03508	0.01707	0.61586	0.02204	0.01677	0.02267	0.01662	0.02503	0.01368	0.00730	0.00854	0.00248	0.01149	0.07020	0.00388	0.00931
34	0.00842	0.00721	0.00721	0.00721	0.00962	0.00601	0.00541	0.01022	0.01623	0.01924	0.07213	0.06853	0.70244	0.01803	0.00842	0.00240	0.00361	0.01503	0.00661	0.00601
35	0.01571	0.01508	0.02479	0.34779	0.15837	0.01786	0.08172	0.05459	0.01515	0.02075	0.01247	0.01792	0.01005	0.00811	0.01076	0.00248	0.16754	0.00651	0.00347	0.00888
36	0.02072	0.02132	0.02062	0.06960	0.15991	0.22655	0.01487	0.07705	0.26405	0.02512	0.01856	0.01950	0.01439	0.00805	0.00694	0.00216	0.00876	0.00645	0.00515	0.01021
37	0.01762	0.01692	0.02890	0.04371	0.70533	0.01692	0.02185	0.02185	0.01621	0.02326	0.01339	0.01762	0.01128	0.00634	0.00705	0.00211	0.00846	0.00634	0.00352	0.01128
38	0.00858	0.00658	0.00787	0.00890	0.01006	0.00587	0.00616	0.01003	0.01461	0.01858	0.05162	0.49053	0.29368	0.02070	0.00884	0.00271	0.00393	0.01828	0.00661	0.00587

[dist]
# distance from previous block
# <min> <max>
0	33

[block]
# block no. 4 follows, 29 sequences, length 22
# corresponding to MSA columns:
# 1378-1399
name=unknown_E
#
# <colnr> <probs for GDERKNQSTAVLIFYWHMCP>
#	G	D	E	R	K	N	Q	S	T	A	V	L	I	F	Y	W	H	M	C	P
0	0.01684	0.01602	0.02721	0.08022	0.62587	0.01617	0.02080	0.02091	0.01594	0.02267	0.01494	0.06240	0.01338	0.00737	0.00718	0.00218	0.00825	0.00720	0.00369	0.01075
1	0.01780	0.57278	0.03047	0.01132	0.01638	0.02345	0.01080	0.03745	0.01481	0.01887	0.01279	0.01545	0.01138	0.02869	0.03399	0.00210	0.00741	0.00463	0.12083	0.00860
2	0.03195	0.01212	0.01652	0.01267	0.01818	0.01047	0.01047	0.03470	0.02038	0.71026	0.02809	0.02424	0.01763	0.00881	0.00716	0.00220	0.00606	0.00716	0.00881	0.01212
3	0.01046	0.00728	0.00944	0.00909	0.01077	0.00667	0.00674	0.01345	0.01913	0.04691	0.56435	0.13891	0.09882	0.01554	0.00845	0.00233	0.00355	0.01374	0.00765	0.00672
4	0.01740	0.01669	0.02850	0.08019	0.67058	0.01686	0.02174	0.02166	0.01611	0.02299	0.01335	0.01770	0.01118	0.00639	0.00705	0.00213	0.00851	0.00634	0.00351	0.01110
5	0.00993	0.00709	0.00970	0.01135	0.01231	0.00686	0.00879	0.01208	0.01487	0.01958	0.03856	0.44762	0.04436	0.02113	0.00942	0.00306	0.00522	0.30537	0.00659	0.00613
6	0.01482	0.01602	0.03376	0.02509	0.03064	0.01502	0.51484	0.01965	0.01603	0.02168	0.02048	0.19682	0.01968	0.00999	0.00857	0.00252	0.01008	0.01130	0.00434	0.00867
7	0.01692	0.01620	0.02762	0.16053	0.59404	0.01673	0.02150	0.02123	0.01588	0.02240	0.01327	0.01785	0.01098	0.00648	0.00706	0.00216	0.00863	0.00634	0.00346	0.01071
8	0.00934	0.00753	0.01021	0.01007	0.01180	0.00678	0.04757	0.01144	0.01586	0.02066	0.16642	0.35061	0.26828	0.01850	0.00870	0.00258	0.00430	0.01646	0.00664	0.00626
9	0.01091	0.00779	0.01082	0.01246	0.01386	0.00771	0.01049	0.01377	0.01583	0.02067	0.03802	0.21515	0.04222	0.02021	0.00968	0.00320	0.00606	0.52818	0.00657	0.00640
10	0.02119	0.02580	0.03224	0.02479	0.03041	0.33267	0.38157	0.02533	0.01832	0.02040	0.01288	0.01636	0.01007	0.00660	0.00752	0.00215	0.01238	0.00670	0.00363	0.00900
11	0.02045	0.02142	0.16741	0.02180	0.05011	0.05927	0.23312	0.04569	0.04529	0.17673	0.01786	0.02058	0.01303	0.00781	0.00841	0.00234	0.05038	0.02303	0.00495	0.01029
12	0.01697	0.01625	0.02772	0.15179	0.60237	0.01675	0.02153	0.02128	0.01590	0.02247	0.01328	0.01784	0.01100	0.00647	0.00706	0.00216	0.00862	0.00634	0.00347	0.01075
13	0.00945	0.00679	0.00896	0.00939	0.01050	0.00630	0.00667	0.01186	0.01724	0.02391	0.40519	0.36282	0.05820	0.01803	0.00871	0.00253	0.00370	0.01617	0.00729	0.00630
14	0.01366	0.01340	0.02434	0.01989	0.06099	0.01289	0.28327	0.01894	0.05914	0.02452	0.24373	0.03661	0.11631	0.01068	0.00864	0.00235	0.02624	0.01048	0.00555	0.00837
15	0.01525	0.18229	0.57585	0.01865	0.02828	0.01890	0.02344	0.02230	0.01492	0.02137	0.01219	0.01430	0.00904	0.00663	0.00632	0.00211	0.00993	0.00497	0.00301	0.01024
16	0.01345	0.08617	0.17197	0.01314	0.01704	0.01191	0.01234	0.07064	0.01596	0.05057	0.02813	0.41862	0.03069	0.01552	0.00788	0.00252	0.00630	0.01358	0.00559	0.00797
17	0.17316	0.01084	0.01163	0.01128	0.01371	0.01160	0.00840	0.14099	0.05453	0.02667	0.02853	0.41873	0.03108	0.01582	0.00766	0.00258	0.00520	0.01363	0.00630	0.00768
18	0.07579	0.27865	0.25021	0.01411	0.02046	0.01814	0.01521	0.01935	0.01433	0.02046	0.01656	0.15185	0.01626	0.00938	0.00617	0.00205	0.00762	0.00743	0.00388	0.05209
19	0.01108	0.07872	0.11959	0.01061	0.01327	0.00999	0.00924	0.01318	0.01308	0.01729	0.03083	0.19680	0.12664	0.27632	0.03932	0.00428	0.00679	0.01179	0.00484	0.00635
20	0.01689	0.34605	0.19627	0.01555	0.02226	0.02064	0.07495	0.06121	0.01670	0.02216	0.09709	0.01865	0.01668	0.00741	0.00611	0.00189	0.00811	0.00587	0.00398	0.04155
21	0.04747	0.12026	0.17269	0.02349	0.03062	0.04418	0.36149	0.02308	0.04222	0.02220	0.01358	0.01698	0.01042	0.00660	0.00779	0.00225	0.03474	0.00676	0.00357	0.00961

[dist]
# distance from previous block
# <min> <max>
0	1

[block]
# block no. 5 follows, 29 sequences, length 9
# corresponding to MSA columns:
# 1401-1409
name=unknown_F
#
# <colnr> <probs for GDERKNQSTAVLIFYWHMCP>
#	G	D	E	R	K	N	Q	S	T	A	V	L	I	F	Y	W	H	M	C	P
0	0.02183	0.13140	0.05828	0.01513	0.02041	0.02067	0.01314	0.36258	0.15068	0.03391	0.01817	0.01891	0.01382	0.01249	0.07377	0.00297	0.00859	0.00637	0.00599	0.01087
1	0.01796	0.29380	0.17695	0.01530	0.02113	0.02155	0.01541	0.12118	0.06660	0.02323	0.01382	0.01611	0.01131	0.01189	0.07438	0.00292	0.07734	0.00541	0.00404	0.00966
2	0.01938	0.05054	0.13150	0.14955	0.02635	0.01637	0.01577	0.23126	0.02137	0.09273	0.02037	0.06377	0.01743	0.01021	0.00744	0.00238	0.00803	0.10015	0.00559	0.00982
3	0.01712	0.39592	0.17161	0.01367	0.01982	0.02116	0.01424	0.08206	0.01743	0.02281	0.14044	0.02051	0.02024	0.00804	0.00598	0.00187	0.00745	0.00605	0.00432	0.00925
4	0.01895	0.25382	0.17161	0.01486	0.02110	0.02055	0.01477	0.10037	0.20578	0.05715	0.01792	0.01815	0.01365	0.00770	0.00620	0.00203	0.00749	0.00584	0.03165	0.01041
5	0.01851	0.27884	0.29145	0.01665	0.02381	0.15230	0.01782	0.02458	0.07579	0.02026	0.01290	0.01441	0.01021	0.00690	0.00599	0.00194	0.00953	0.00489	0.00352	0.00969
6	0.05345	0.24341	0.12297	0.01992	0.14874	0.02091	0.01568	0.18894	0.01945	0.02668	0.01338	0.01605	0.01093	0.03650	0.00727	0.00212	0.00804	0.00542	0.00431	0.03583
7	0.01976	0.12328	0.16618	0.01541	0.02109	0.08366	0.01466	0.19168	0.08349	0.06204	0.01988	0.07756	0.03642	0.01132	0.03987	0.00258	0.00863	0.00727	0.00526	0.00996
8	0.02052	0.12724	0.05885	0.16406	0.02745	0.13254	0.06336	0.12016	0.07186	0.08819	0.01806	0.01965	0.04154	0.00794	0.00678	0.00211	0.00888	0.00638	0.00483	0.00959

[dist]
# distance from previous block
# <min> <max>
8	50

[block]
# block no. 6 follows, 29 sequences, length 24
# corresponding to MSA columns:
# 1469-1492
name=unknown_G
#
# <colnr> <probs for GDERKNQSTAVLIFYWHMCP>
#	G	D	E	R	K	N	Q	S	T	A	V	L	I	F	Y	W	H	M	C	P
0	0.07663	0.01288	0.01610	0.01470	0.05888	0.01259	0.03752	0.09647	0.10509	0.10695	0.02347	0.16300	0.02154	0.01089	0.00711	0.00217	0.00603	0.04297	0.00601	0.17899
1	0.01846	0.01486	0.01981	0.10326	0.19111	0.01573	0.01442	0.11463	0.19911	0.07490	0.05737	0.02422	0.04469	0.00860	0.00712	0.00217	0.00687	0.00739	0.00573	0.06954
2	0.07420	0.01563	0.01954	0.18530	0.13429	0.05736	0.01443	0.09482	0.07027	0.08876	0.01566	0.01791	0.01183	0.00712	0.00652	0.00199	0.00761	0.00585	0.00482	0.16609
3	0.23167	0.01763	0.01816	0.06693	0.07064	0.11202	0.04015	0.18295	0.01971	0.07087	0.01691	0.01869	0.04201	0.01063	0.04923	0.00271	0.00860	0.00605	0.00512	0.00932
4	0.01542	0.01301	0.02142	0.30067	0.18311	0.01376	0.06188	0.01935	0.01552	0.07077	0.06704	0.05179	0.01743	0.05315	0.00901	0.00250	0.00806	0.00767	0.00431	0.06412
5	0.01322	0.01085	0.01573	0.01618	0.11697	0.01003	0.05607	0.01608	0.01490	0.05122	0.03132	0.03657	0.18739	0.06340	0.14771	0.00415	0.00866	0.03609	0.00490	0.15856
6	0.01888	0.01424	0.02017	0.09486	0.22773	0.01404	0.01445	0.10228	0.04697	0.11899	0.06722	0.04781	0.01774	0.00815	0.00693	0.00201	0.00691	0.00712	0.00536	0.15815
7	0.01637	0.25463	0.02397	0.01496	0.06748	0.03933	0.06099	0.06436	0.04689	0.02129	0.02472	0.02710	0.14110	0.05995	0.00839	0.00220	0.00700	0.00733	0.00451	0.10744
8	0.02288	0.08158	0.01931	0.01589	0.01963	0.47097	0.01215	0.02558	0.04679	0.04890	0.01598	0.10294	0.01477	0.00908	0.00659	0.00193	0.01025	0.00666	0.00439	0.06372
9	0.01587	0.01220	0.06499	0.01109	0.01551	0.00941	0.00947	0.02004	0.06337	0.15818	0.08228	0.09679	0.18571	0.01195	0.00732	0.00209	0.00526	0.02891	0.00634	0.19322
10	0.01897	0.01408	0.01869	0.01444	0.01988	0.01309	0.08676	0.09342	0.12755	0.12858	0.04163	0.02398	0.01722	0.00809	0.00680	0.00188	0.00650	0.04541	0.00588	0.30713
11	0.00864	0.00632	0.00813	0.00958	0.01024	0.00581	0.00646	0.00995	0.01395	0.01831	0.04330	0.66167	0.12791	0.02178	0.00901	0.00283	0.00407	0.01960	0.00661	0.00581
12	0.01708	0.01637	0.02792	0.13315	0.62013	0.01678	0.02158	0.02138	0.01596	0.02260	0.01330	0.01780	0.01105	0.00645	0.00706	0.00215	0.00859	0.00634	0.00348	0.01084
13	0.01717	0.01645	0.02808	0.11913	0.63348	0.01680	0.02163	0.02145	0.01600	0.02271	0.01331	0.01777	0.01108	0.00643	0.00706	0.00214	0.00857	0.00634	0.00349	0.01091
14	0.01577	0.01503	0.02556	0.34933	0.41419	0.01643	0.02093	0.02023	0.01534	0.02101	0.01307	0.01823	0.01049	0.00669	0.00708	0.00223	0.00892	0.00634	0.00336	0.00978
15	0.00886	0.00648	0.00800	0.00912	0.00985	0.00598	0.00607	0.01003	0.01367	0.01778	0.04310	0.52358	0.16669	0.12053	0.01266	0.00335	0.00441	0.01792	0.00630	0.00563
16	0.01155	0.01178	0.06428	0.01364	0.01484	0.01230	0.01123	0.01357	0.01273	0.01803	0.02692	0.33772	0.06302	0.02080	0.08621	0.00377	0.25298	0.01288	0.00489	0.00687
17	0.02515	0.01515	0.01974	0.01584	0.03453	0.01549	0.06201	0.27276	0.04657	0.27523	0.03916	0.02231	0.01636	0.01372	0.08882	0.00325	0.00862	0.00719	0.00703	0.01108
18	0.00882	0.00672	0.00826	0.00907	0.01030	0.00616	0.00640	0.01052	0.01487	0.01928	0.10457	0.41457	0.25960	0.02252	0.06056	0.00330	0.00498	0.01701	0.00651	0.00598
19	0.01633	0.01298	0.01923	0.01568	0.01841	0.01457	0.10763	0.09381	0.01757	0.07354	0.17353	0.02754	0.02526	0.01398	0.06557	0.00312	0.20264	0.00831	0.08192	0.00838
20	0.01701	0.05753	0.10612	0.09132	0.54355	0.01738	0.02169	0.02163	0.01584	0.02246	0.01309	0.01711	0.01078	0.00644	0.00689	0.00212	0.00873	0.00609	0.00341	0.01083
21	0.01529	0.01028	0.01484	0.01278	0.01522	0.01109	0.06563	0.03836	0.01470	0.11260	0.02361	0.02851	0.06803	0.05640	0.23729	0.00538	0.09718	0.00791	0.15720	0.00769
22	0.00920	0.00659	0.00881	0.01012	0.01086	0.00620	0.00716	0.01100	0.01496	0.02015	0.14325	0.56329	0.04958	0.02080	0.00906	0.00283	0.00428	0.08904	0.00680	0.00602
23	0.01045	0.00808	0.00971	0.00990	0.01166	0.00787	0.00734	0.01512	0.10694	0.02343	0.25481	0.25771	0.17526	0.01717	0.00854	0.00255	0.00414	0.05532	0.00708	0.00691

[dist]
# distance from previous block
# <min> <max>
4	5

[block]
# block no. 7 follows, 29 sequences, length 85
# corresponding to MSA columns:
# 1498-1582
name=unknown_H
#
# <colnr> <probs for GDERKNQSTAVLIFYWHMCP>
#	G	D	E	R	K	N	Q	S	T	A	V	L	I	F	Y	W	H	M	C	P
0	0.17196	0.52832	0.05857	0.01234	0.01818	0.05059	0.01199	0.04426	0.01490	0.02095	0.01031	0.01185	0.00896	0.00635	0.00478	0.00172	0.00752	0.00399	0.00347	0.00899
1	0.55439	0.04503	0.01407	0.01176	0.01612	0.15648	0.00947	0.05347	0.03949	0.02904	0.01115	0.01261	0.00876	0.00694	0.00504	0.00211	0.00715	0.00427	0.00444	0.00820
2	0.01352	0.01276	0.02137	0.70667	0.04794	0.01604	0.01962	0.01815	0.01412	0.01815	0.01254	0.01886	0.00949	0.00731	0.00771	0.00240	0.03594	0.00632	0.00316	0.00791
3	0.01638	0.01786	0.03696	0.14349	0.12958	0.01751	0.48560	0.02195	0.01632	0.02214	0.01399	0.01896	0.01066	0.00623	0.00802	0.00236	0.01113	0.00779	0.00352	0.00956
4	0.01447	0.01241	0.01442	0.01039	0.01654	0.00933	0.00830	0.01757	0.01483	0.02302	0.01540	0.01724	0.04241	0.00586	0.00542	0.00112	0.00520	0.00472	0.00433	0.75702
5	0.01199	0.00809	0.01023	0.01080	0.01300	0.00750	0.00898	0.01461	0.01656	0.07921	0.04944	0.09911	0.27920	0.01826	0.00906	0.00285	0.00534	0.34220	0.00677	0.00680
6	0.04117	0.04153	0.18204	0.01271	0.01630	0.00993	0.01194	0.01558	0.01443	0.06878	0.02985	0.46210	0.03288	0.01639	0.00805	0.00261	0.00601	0.01446	0.00568	0.00758
7	0.08901	0.00848	0.01059	0.01136	0.01331	0.00828	0.00915	0.01411	0.01516	0.02190	0.06310	0.26879	0.03812	0.01772	0.00862	0.00282	0.00546	0.31424	0.00622	0.07357
8	0.01036	0.00690	0.00777	0.00777	0.00777	0.00690	0.00431	0.01036	0.01036	0.01381	0.02244	0.04660	0.02589	0.74975	0.03624	0.00690	0.00690	0.01036	0.00431	0.00431
9	0.01107	0.00796	0.01098	0.01248	0.01404	0.00786	0.01067	0.01413	0.01628	0.02122	0.06203	0.13567	0.06673	0.01966	0.00967	0.00318	0.00613	0.55716	0.00661	0.00648
10	0.01428	0.03683	0.71286	0.02030	0.03082	0.01654	0.02631	0.02255	0.01503	0.02255	0.01278	0.01503	0.00902	0.00677	0.00677	0.00226	0.01052	0.00526	0.00301	0.01052
11	0.01762	0.01692	0.02890	0.04371	0.70533	0.01692	0.02185	0.02185	0.01621	0.02326	0.01339	0.01762	0.01128	0.00634	0.00705	0.00211	0.00846	0.00634	0.00352	0.01128
12	0.01477	0.01266	0.01477	0.01055	0.01687	0.00949	0.00844	0.01793	0.01477	0.02320	0.01266	0.01477	0.01055	0.00527	0.00527	0.00105	0.00527	0.00422	0.00422	0.79328
13	0.02467	0.01852	0.02008	0.01524	0.02107	0.01962	0.01254	0.55206	0.02983	0.04065	0.01623	0.01664	0.01180	0.00791	0.00676	0.00193	0.00734	0.00598	0.00656	0.16458
14	0.01681	0.01609	0.02743	0.17817	0.57724	0.01670	0.02145	0.02114	0.01583	0.02227	0.01325	0.01789	0.01093	0.00650	0.00706	0.00217	0.00866	0.00634	0.00345	0.01062
15	0.01762	0.01692	0.02890	0.04371	0.70533	0.01692	0.02185	0.02185	0.01621	0.02326	0.01339	0.01762	0.01128	0.00634	0.00705	0.00211	0.00846	0.00634	0.00352	0.01128
16	0.00883	0.00644	0.00832	0.00952	0.01030	0.00592	0.00650	0.01039	0.01472	0.01960	0.12635	0.58945	0.11562	0.02090	0.00893	0.00276	0.00398	0.01879	0.00677	0.00592
17	0.01017	0.00763	0.01144	0.01144	0.01272	0.00890	0.00890	0.01272	0.01144	0.01653	0.01907	0.02797	0.01780	0.05340	0.72153	0.01144	0.01907	0.00763	0.00381	0.00636
18	0.01596	0.01306	0.01519	0.01094	0.01721	0.01024	0.00879	0.05638	0.01600	0.04408	0.01335	0.01517	0.01084	0.00556	0.00543	0.00115	0.00544	0.00443	0.00452	0.72626
19	0.01812	0.61541	0.16789	0.01375	0.02070	0.02593	0.01491	0.02156	0.01458	0.01787	0.01046	0.01212	0.00912	0.00622	0.00499	0.00166	0.00818	0.00409	0.00304	0.00941
20	0.01017	0.00763	0.01144	0.01144	0.01272	0.00890	0.00890	0.01272	0.01144	0.01653	0.01907	0.02797	0.01780	0.05340	0.72153	0.01144	0.01907	0.00763	0.00381	0.00636
21	0.01017	0.00763	0.01144	0.01144	0.01272	0.00890	0.00890	0.01272	0.01144	0.01653	0.01907	0.02797	0.01780	0.05340	0.72153	0.01144	0.01907	0.00763	0.00381	0.00636
22	0.01871	0.16649	0.13237	0.02347	0.05819	0.08598	0.30906	0.07918	0.01781	0.02299	0.01316	0.01625	0.01020	0.00649	0.00707	0.00212	0.01051	0.00644	0.00371	0.00980
23	0.00958	0.00726	0.00883	0.00844	0.01033	0.00651	0.00633	0.01248	0.01899	0.02578	0.51402	0.05776	0.25648	0.01559	0.00840	0.00229	0.00343	0.01352	0.00747	0.00651
24	0.00842	0.00721	0.00721	0.00721	0.00962	0.00601	0.00541	0.01022	0.01623	0.01924	0.07213	0.06853	0.70244	0.01803	0.00842	0.00240	0.00361	0.01503	0.00661	0.00601
25	0.02118	0.04299	0.09585	0.02020	0.05585	0.01558	0.21446	0.08512	0.07499	0.21094	0.05255	0.02326	0.03666	0.00814	0.00750	0.00226	0.00839	0.00770	0.00583	0.01056
26	0.01700	0.02903	0.34978	0.08737	0.05776	0.15503	0.02098	0.02222	0.01522	0.02013	0.01179	0.01519	0.00926	0.00799	0.00995	0.00234	0.15095	0.00546	0.00319	0.00934
27	0.01477	0.01266	0.01477	0.01055	0.01687	0.00949	0.00844	0.01793	0.01477	0.02320	0.01266	0.01477	0.01055	0.00527	0.00527	0.00105	0.00527	0.00422	0.00422	0.79328
28	0.00849	0.00722	0.00731	0.00729	0.00966	0.00604	0.00547	0.01036	0.01640	0.01964	0.09947	0.06786	0.67485	0.01788	0.00841	0.00240	0.00360	0.01493	0.00667	0.00604
29	0.01904	0.75404	0.03731	0.01218	0.01828	0.02818	0.01218	0.02132	0.01447	0.01675	0.00990	0.01142	0.00914	0.00609	0.00457	0.00152	0.00761	0.00381	0.00305	0.00914
30	0.01112	0.00789	0.01083	0.01230	0.01367	0.00786	0.01034	0.01389	0.01555	0.02029	0.03632	0.13500	0.04002	0.09227	0.01239	0.00360	0.00638	0.53766	0.00634	0.00627
31	0.01465	0.01507	0.01234	0.01248	0.01441	0.20776	0.00899	0.01815	0.08884	0.01933	0.03374	0.39000	0.10379	0.01629	0.00807	0.00249	0.00668	0.01398	0.00585	0.00709
32	0.06038	0.01725	0.08685	0.01573	0.02083	0.01663	0.06217	0.03393	0.45637	0.11246	0.02518	0.02380	0.01842	0.00884	0.00712	0.00236	0.00664	0.00747	0.00660	0.01099
33	0.00842	0.00721	0.00721	0.00721	0.00962	0.00601	0.00541	0.01022	0.01623	0.01924	0.07213	0.06853	0.70244	0.01803	0.00842	0.00240	0.00361	0.01503	0.00661	0.00601
34	0.01415	0.03280	0.59446	0.02039	0.02983	0.01601	0.08183	0.02173	0.01488	0.02206	0.01346	0.01650	0.00993	0.01068	0.06789	0.00305	0.01138	0.00574	0.00313	0.01009
35	0.05801	0.01584	0.02132	0.01862	0.07902	0.06659	0.07898	0.05030	0.01791	0.34583	0.01942	0.01987	0.01356	0.00883	0.01027	0.00236	0.15000	0.00668	0.00611	0.01048
36	0.02571	0.03225	0.02104	0.02086	0.08975	0.65136	0.01456	0.02778	0.01979	0.01801	0.01124	0.01332	0.00938	0.00724	0.00648	0.00186	0.01241	0.00476	0.00365	0.00855
37	0.00842	0.00721	0.00721	0.00721	0.00962	0.00601	0.00541	0.01022	0.01623	0.01924	0.07213	0.06853	0.70244	0.01803	0.00842	0.00240	0.00361	0.01503	0.00661	0.00601
38	0.01638	0.01764	0.08552	0.20024	0.49676	0.01663	0.02176	0.02107	0.01566	0.02204	0.01317	0.01772	0.01068	0.00656	0.00704	0.00219	0.00887	0.00625	0.00340	0.01044
39	0.02816	0.01829	0.01809	0.01461	0.01960	0.14969	0.01174	0.19498	0.06830	0.34401	0.02198	0.02050	0.01492	0.00850	0.00695	0.00211	0.00769	0.00652	0.03221	0.01115
40	0.01685	0.42471	0.34751	0.01591	0.02404	0.02283	0.01867	0.02189	0.01473	0.01942	0.01122	0.01308	0.00908	0.00640	0.00558	0.00186	0.00895	0.00448	0.00303	0.00977
41	0.01596	0.01553	0.02734	0.30364	0.39020	0.01661	0.08625	0.02056	0.01552	0.02130	0.01321	0.01830	0.01055	0.00660	0.00721	0.00224	0.00920	0.00654	0.00340	0.00984
42	0.01017	0.00763	0.01144	0.01144	0.01272	0.00890	0.00890	0.01272	0.01144	0.01653	0.01907	0.02797	0.01780	0.05340	0.72153	0.01144	0.01907	0.00763	0.00381	0.00636
43	0.11396	0.01797	0.02309	0.04477	0.04750	0.08316	0.15117	0.14539	0.10547	0.14044	0.01784	0.01888	0.01294	0.00789	0.00766	0.00226	0.03707	0.00667	0.00562	0.01026
44	0.02190	0.07109	0.01945	0.01515	0.01971	0.11860	0.01214	0.21734	0.31560	0.05338	0.04641	0.02177	0.01787	0.00892	0.00694	0.00218	0.00735	0.00694	0.00648	0.01079
45	0.01220	0.05383	0.31405	0.01496	0.02068	0.01217	0.04450	0.01723	0.01605	0.02261	0.17717	0.16661	0.07463	0.01216	0.00766	0.00236	0.00717	0.01055	0.00505	0.00836
46	0.02041	0.31026	0.21343	0.01634	0.02295	0.20786	0.01652	0.07760	0.01769	0.02080	0.01156	0.01323	0.00936	0.00680	0.00586	0.00185	0.00980	0.00462	0.00353	0.00952
47	0.01702	0.41708	0.29741	0.01679	0.02468	0.02285	0.07322	0.02192	0.01488	0.01949	0.01138	0.01346	0.00923	0.00634	0.00573	0.00188	0.00910	0.00475	0.00308	0.00971
48	0.01102	0.00722	0.00924	0.00966	0.01119	0.00656	0.00704	0.01309	0.01628	0.07746	0.19583	0.37604	0.15715	0.01856	0.00871	0.00263	0.00417	0.05449	0.00707	0.00660
49	0.00929	0.00711	0.00851	0.00844	0.01022	0.00634	0.00623	0.01180	0.01788	0.02380	0.38565	0.14829	0.29698	0.01683	0.00849	0.00238	0.00355	0.01462	0.00723	0.00634
50	0.14333	0.04949	0.02422	0.04880	0.06325	0.01724	0.15825	0.18882	0.02082	0.19070	0.01726	0.01824	0.01215	0.00746	0.00688	0.00220	0.00807	0.00651	0.00578	0.01053
51	0.01904	0.75404	0.03731	0.01218	0.01828	0.02818	0.01218	0.02132	0.01447	0.01675	0.00990	0.01142	0.00914	0.00609	0.00457	0.00152	0.00761	0.00381	0.00305	0.00914
52	0.01021	0.00716	0.00921	0.00928	0.00980	0.00763	0.00619	0.01125	0.01092	0.01505	0.02184	0.06896	0.02365	0.44863	0.30111	0.00850	0.01151	0.00972	0.00422	0.00517
53	0.01608	0.01511	0.02527	0.35115	0.38815	0.01660	0.02064	0.04282	0.01592	0.02173	0.01319	0.01821	0.01051	0.00677	0.00708	0.00223	0.00890	0.00634	0.00349	0.00980
54	0.00868	0.00620	0.00826	0.00991	0.01033	0.00578	0.00661	0.00991	0.01363	0.01818	0.03925	0.74510	0.04710	0.02231	0.00909	0.00289	0.00413	0.02024	0.00661	0.00578
55	0.01147	0.00820	0.01147	0.01311	0.01475	0.00820	0.01147	0.01475	0.01639	0.02131	0.03770	0.08032	0.04098	0.01967	0.00984	0.00328	0.00656	0.65741	0.00656	0.00656
56	0.01036	0.00690	0.00777	0.00777	0.00777	0.00690	0.00431	0.01036	0.01036	0.01381	0.02244	0.04660	0.02589	0.74975	0.03624	0.00690	0.00690	0.01036	0.00431	0.00431
57	0.02552	0.02248	0.02163	0.04649	0.05398	0.20762	0.04005	0.35141	0.05543	0.08103	0.01631	0.01705	0.01194	0.00804	0.00699	0.00209	0.00921	0.00612	0.00587	0.01074
58	0.02660	0.03394	0.02018	0.01834	0.02201	0.72116	0.01376	0.02843	0.02018	0.01743	0.01101	0.01284	0.00917	0.00734	0.00642	0.00183	0.01284	0.00459	0.00367	0.00825
59	0.01327	0.00664	0.00664	0.00664	0.00830	0.00664	0.00498	0.01659	0.01493	0.02655	0.02323	0.02655	0.01825	0.00830	0.00498	0.00166	0.00332	0.00664	0.78928	0.00664
60	0.01345	0.01266	0.02136	0.73264	0.04904	0.01582	0.01978	0.01819	0.01424	0.01819	0.01266	0.01898	0.00949	0.00712	0.00712	0.00237	0.00949	0.00633	0.00316	0.00791
61	0.01703	0.01857	0.03836	0.03383	0.22348	0.01770	0.49613	0.02254	0.01664	0.02294	0.01412	0.01877	0.01094	0.00610	0.00803	0.00232	0.01102	0.00783	0.00358	0.01007
62	0.01022	0.00746	0.01058	0.01058	0.01155	0.00843	0.00782	0.01216	0.01119	0.01589	0.01986	0.03235	0.01970	0.21718	0.56036	0.01038	0.01621	0.00827	0.00393	0.00588
63	0.02660	0.03394	0.02018	0.01834	0.02201	0.72116	0.01376	0.02843	0.02018	0.01743	0.01101	0.01284	0.00917	0.00734	0.00642	0.00183	0.01284	0.00459	0.00367	0.00825
64	0.01428	0.03683	0.71286	0.02030	0.03082	0.01654	0.02631	0.02255	0.01503	0.02255	0.01278	0.01503	0.00902	0.00677	0.00677	0.00226	0.01052	0.00526	0.00301	0.01052
65	0.01412	0.03567	0.68520	0.01985	0.03003	0.01615	0.02554	0.02219	0.01524	0.02279	0.03987	0.01653	0.01131	0.00707	0.00683	0.00225	0.01024	0.00556	0.00320	0.01037
66	0.55631	0.01950	0.01358	0.01211	0.01637	0.20682	0.00961	0.05264	0.01526	0.02860	0.01053	0.01216	0.00830	0.00689	0.00507	0.00210	0.00759	0.00417	0.00433	0.00806
67	0.02707	0.01995	0.02137	0.01638	0.02208	0.02208	0.01353	0.68159	0.03348	0.04488	0.01710	0.01710	0.01211	0.00855	0.00712	0.00214	0.00784	0.00641	0.00712	0.01211
68	0.01457	0.01344	0.01389	0.01348	0.01594	0.12553	0.03319	0.04404	0.06713	0.02220	0.08537	0.22284	0.03418	0.01543	0.00836	0.00259	0.00680	0.20265	0.00604	0.05234
69	0.00842	0.00721	0.00721	0.00721	0.00962	0.00601	0.00541	0.01022	0.01623	0.01924	0.07213	0.06853	0.70244	0.01803	0.00842	0.00240	0.00361	0.01503	0.00661	0.00601
70	0.01071	0.00802	0.01176	0.01160	0.01302	0.00932	0.00905	0.03413	0.01215	0.01744	0.01901	0.02763	0.01762	0.05197	0.69866	0.01115	0.01871	0.00759	0.00392	0.00654
71	0.01514	0.12109	0.57321	0.02133	0.08718	0.01796	0.02423	0.02234	0.01507	0.02192	0.01249	0.01482	0.00923	0.00665	0.00653	0.00216	0.01000	0.00518	0.00306	0.01042
72	0.01904	0.75404	0.03731	0.01218	0.01828	0.02818	0.01218	0.02132	0.01447	0.01675	0.00990	0.01142	0.00914	0.00609	0.00457	0.00152	0.00761	0.00381	0.00305	0.00914
73	0.03167	0.01257	0.01680	0.01288	0.01840	0.01113	0.01064	0.07172	0.02113	0.67219	0.02746	0.02383	0.01731	0.00880	0.00716	0.00220	0.00616	0.00712	0.00872	0.01212
74	0.02444	0.03048	0.01932	0.01849	0.04771	0.62146	0.01336	0.02631	0.01936	0.01773	0.01394	0.08673	0.01307	0.00881	0.00671	0.00195	0.01179	0.00623	0.00396	0.00813
75	0.01490	0.01407	0.01344	0.01352	0.04316	0.12607	0.00985	0.04094	0.16556	0.02364	0.13690	0.13707	0.14969	0.01389	0.00795	0.00241	0.00616	0.06638	0.00634	0.00805
76	0.00868	0.00620	0.00826	0.00991	0.01033	0.00578	0.00661	0.00991	0.01363	0.01818	0.03925	0.74510	0.04710	0.02231	0.00909	0.00289	0.00413	0.02024	0.00661	0.00578
