[name]
unknown

[dist]
# distance from previous block
# <min> <max>
0	44

[block]
# block no. 0 follows, 34 sequences, length 34
# corresponding to MSA columns:
# 44-77
name=unknown_A
#
# <colnr> <probs for GDERKNQSTAVLIFYWHMCP>
#	G	D	E	R	K	N	Q	S	T	A	V	L	I	F	Y	W	H	M	C	P
0	0.09742	0.21867	0.16960	0.03678	0.07364	0.13032	0.03280	0.05397	0.01519	0.03689	0.03230	0.01682	0.01160	0.00692	0.00563	0.00185	0.00802	0.03953	0.00360	0.00843
1	0.01784	0.08590	0.10697	0.01817	0.13182	0.03377	0.07490	0.09372	0.03671	0.13101	0.04274	0.01754	0.01307	0.00826	0.03570	0.00212	0.00752	0.00570	0.00454	0.13199
2	0.01183	0.00967	0.01354	0.01604	0.17014	0.00909	0.00971	0.04439	0.01394	0.01989	0.04970	0.29690	0.02507	0.03451	0.05749	0.00266	0.00591	0.01045	0.02685	0.17222
3	0.00770	0.00655	0.00664	0.00662	0.00877	0.00548	0.00496	0.00940	0.01489	0.01783	0.09481	0.06157	0.70041	0.01622	0.00764	0.00218	0.00326	0.01355	0.00605	0.00548
4	0.01232	0.03710	0.05692	0.05784	0.12713	0.01163	0.11073	0.01757	0.09768	0.02169	0.21454	0.03287	0.12042	0.04345	0.00817	0.00225	0.00607	0.00888	0.00500	0.00772
5	0.01599	0.01535	0.02623	0.03966	0.73262	0.01535	0.01983	0.01983	0.01471	0.02111	0.01215	0.01599	0.01023	0.00576	0.00640	0.00192	0.00768	0.00576	0.00320	0.01023
6	0.01674	0.02040	0.12839	0.06566	0.28155	0.14822	0.04402	0.02342	0.14539	0.02072	0.01419	0.01643	0.01118	0.00671	0.00675	0.00199	0.02949	0.00568	0.00375	0.00932
7	0.01032	0.00864	0.00923	0.00872	0.01120	0.00860	0.00664	0.01695	0.21648	0.02175	0.17716	0.04876	0.40392	0.01362	0.00733	0.00216	0.00376	0.01147	0.00637	0.00693
8	0.00786	0.00598	0.00724	0.00814	0.00917	0.00536	0.00564	0.00924	0.01344	0.01727	0.07949	0.50010	0.27053	0.01862	0.00801	0.00245	0.00356	0.01648	0.00605	0.00536
9	0.01548	0.01561	0.01823	0.01585	0.01680	0.11539	0.01293	0.06295	0.01246	0.01719	0.01041	0.01549	0.00972	0.01572	0.12110	0.00368	0.50492	0.00565	0.00323	0.00720
10	0.02111	0.01158	0.01427	0.01107	0.01593	0.01034	0.00894	0.05336	0.11166	0.35056	0.05955	0.02077	0.01676	0.00737	0.00603	0.00170	0.00515	0.00603	0.00639	0.26141
11	0.81856	0.01250	0.00950	0.00850	0.01250	0.01449	0.00700	0.01899	0.01100	0.02899	0.00900	0.01050	0.00700	0.00600	0.00400	0.00200	0.00500	0.00350	0.00400	0.00700
12	0.01837	0.01873	0.04741	0.06028	0.11995	0.15749	0.04966	0.11861	0.29134	0.02469	0.01766	0.01829	0.01345	0.00740	0.00642	0.00201	0.00767	0.00612	0.00494	0.00953
13	0.01479	0.01845	0.18398	0.05068	0.42010	0.01424	0.06522	0.01941	0.01477	0.04021	0.05663	0.01938	0.03966	0.00674	0.00654	0.00199	0.00784	0.00632	0.00355	0.00949
14	0.01380	0.01020	0.02841	0.01251	0.04702	0.02665	0.03685	0.04989	0.04330	0.11021	0.11119	0.02814	0.04100	0.08700	0.29697	0.00559	0.01036	0.00762	0.00486	0.02843
15	0.01041	0.00829	0.01141	0.01233	0.10113	0.00754	0.03572	0.01305	0.01625	0.05001	0.30662	0.04771	0.32874	0.01307	0.00743	0.00208	0.00413	0.01138	0.00604	0.00665
16	0.01587	0.07356	0.07377	0.01276	0.01808	0.11885	0.03657	0.03855	0.08894	0.02081	0.01274	0.01429	0.01027	0.00591	0.00575	0.00143	0.02606	0.00453	0.00390	0.41736
17	0.00881	0.00621	0.00736	0.00767	0.00818	0.00603	0.00486	0.00957	0.01128	0.01491	0.06860	0.20680	0.11768	0.42673	0.06324	0.00494	0.00577	0.01192	0.00479	0.00463
18	0.01564	0.01282	0.03835	0.07236	0.21904	0.01265	0.04082	0.02249	0.18060	0.11255	0.09382	0.04677	0.06786	0.02646	0.00737	0.00217	0.00614	0.00783	0.00524	0.00901
19	0.04845	0.18272	0.06030	0.01311	0.03606	0.12671	0.03871	0.03376	0.01472	0.05595	0.01149	0.01308	0.00930	0.00563	0.00513	0.00141	0.00697	0.00421	0.00369	0.32859
20	0.81856	0.01250	0.00950	0.00850	0.01250	0.01449	0.00700	0.01899	0.01100	0.02899	0.00900	0.01050	0.00700	0.00600	0.00400	0.00200	0.00500	0.00350	0.00400	0.00700
21	0.01856	0.01433	0.01534	0.01312	0.01710	0.01615	0.01040	0.18914	0.49013	0.06948	0.02353	0.02201	0.01736	0.00843	0.00645	0.00209	0.00550	0.00686	0.04377	0.01025
22	0.01480	0.01414	0.02408	0.26501	0.51657	0.01504	0.01924	0.01879	0.01415	0.01966	0.01194	0.01638	0.00973	0.00598	0.00642	0.00199	0.00797	0.00575	0.00310	0.00927
23	0.00903	0.00653	0.00824	0.00791	0.00945	0.00598	0.00590	0.01183	0.01742	0.02445	0.59399	0.08222	0.13374	0.01366	0.00753	0.00206	0.00310	0.01199	0.03898	0.00598
24	0.01291	0.01074	0.01627	0.06062	0.24492	0.01152	0.01209	0.01531	0.01291	0.05096	0.05590	0.04444	0.08124	0.13524	0.11510	0.00395	0.09670	0.00781	0.00402	0.00736
25	0.00940	0.00626	0.00705	0.00705	0.00705	0.00626	0.00392	0.00940	0.00940	0.01253	0.02036	0.04228	0.02349	0.77292	0.03289	0.00626	0.00626	0.00940	0.00392	0.00392
26	0.01469	0.01506	0.01971	0.01695	0.01713	0.06018	0.01404	0.01612	0.01036	0.01556	0.00857	0.01400	0.00847	0.01105	0.02035	0.00276	0.71947	0.00557	0.00286	0.00709
27	0.00938	0.00635	0.00747	0.00747	0.00762	0.00650	0.00445	0.00967	0.00952	0.01285	0.01997	0.04012	0.02255	0.68007	0.12445	0.00679	0.00768	0.00908	0.00386	0.00415
28	0.01437	0.01624	0.06660	0.10501	0.17734	0.01494	0.39740	0.01919	0.01491	0.02039	0.04385	0.02023	0.04509	0.00647	0.00717	0.00211	0.00925	0.00734	0.00347	0.00865
29	0.01658	0.01377	0.01463	0.01308	0.01679	0.01581	0.01020	0.03422	0.69352	0.05475	0.02627	0.02402	0.01958	0.00874	0.00657	0.00218	0.00513	0.00727	0.00663	0.01026
30	0.01348	0.01101	0.01638	0.29046	0.14297	0.01232	0.01338	0.01876	0.12788	0.03878	0.01864	0.02309	0.05262	0.00970	0.00882	0.10322	0.00668	0.02558	0.05871	0.00753
31	0.01370	0.01273	0.02117	0.16494	0.45675	0.01316	0.01675	0.01715	0.01407	0.01945	0.01781	0.12323	0.03883	0.00867	0.00680	0.00211	0.00710	0.03321	0.00372	0.00867
32	0.01549	0.00889	0.01017	0.01001	0.03810	0.03716	0.00729	0.01878	0.04753	0.16534	0.04386	0.14201	0.02209	0.01011	0.00601	0.00190	0.00442	0.03833	0.34271	0.02980
33	0.16618	0.44161	0.02587	0.01358	0.06459	0.16129	0.01117	0.02055	0.01384	0.01826	0.00939	0.01101	0.00819	0.00585	0.00459	0.00159	0.00752	0.00375	0.00313	0.00803

[dist]
# distance from previous block
# <min> <max>
1	3

[block]
# block no. 1 follows, 34 sequences, length 10
# corresponding to MSA columns:
# 81-90
name=unknown_B
#
# <colnr> <probs for GDERKNQSTAVLIFYWHMCP>
#	G	D	E	R	K	N	Q	S	T	A	V	L	I	F	Y	W	H	M	C	P
0	0.01534	0.01284	0.01602	0.11005	0.11277	0.01435	0.01193	0.02754	0.43105	0.05607	0.07732	0.02520	0.04384	0.00864	0.00665	0.00213	0.00569	0.00742	0.00575	0.00940
1	0.00858	0.00659	0.00789	0.00809	0.00957	0.00605	0.00586	0.01124	0.04432	0.02051	0.28593	0.26502	0.26449	0.01610	0.00777	0.00226	0.00341	0.01410	0.00641	0.00581
2	0.00799	0.00629	0.00721	0.00756	0.00909	0.00551	0.00545	0.00974	0.01470	0.01875	0.18023	0.26667	0.40406	0.01691	0.00781	0.00228	0.00337	0.01466	0.00621	0.00551
3	0.01727	0.77681	0.03386	0.01106	0.01658	0.02557	0.01106	0.01935	0.01313	0.01520	0.00898	0.01036	0.00829	0.00553	0.00415	0.00138	0.00691	0.00345	0.00276	0.00829
4	0.01727	0.77681	0.03386	0.01106	0.01658	0.02557	0.01106	0.01935	0.01313	0.01520	0.00898	0.01036	0.00829	0.00553	0.00415	0.00138	0.00691	0.00345	0.00276	0.00829
5	0.02456	0.01810	0.01939	0.01487	0.02004	0.02004	0.01228	0.71107	0.03038	0.04072	0.01551	0.01551	0.01099	0.00776	0.00646	0.00194	0.00711	0.00582	0.00646	0.01099
6	0.01305	0.01235	0.02091	0.59711	0.19817	0.01458	0.01837	0.01725	0.01332	0.01754	0.01163	0.01695	0.00898	0.00630	0.00645	0.00210	0.00840	0.00575	0.00294	0.00786
7	0.01706	0.01531	0.07157	0.02959	0.46808	0.01398	0.01680	0.04294	0.05822	0.11230	0.05186	0.02024	0.03879	0.00704	0.00651	0.00197	0.00698	0.00644	0.00436	0.00994
8	0.01046	0.00842	0.01167	0.01255	0.04837	0.00827	0.03485	0.01360	0.03990	0.01900	0.03683	0.13607	0.17258	0.01573	0.00857	0.00259	0.02981	0.34825	0.00557	0.03691
9	0.56817	0.05300	0.04074	0.04141	0.01580	0.10691	0.00914	0.02055	0.01264	0.06741	0.01029	0.01171	0.00787	0.00620	0.00457	0.00194	0.00629	0.00390	0.00399	0.00746

[dist]
# distance from previous block
# <min> <max>
0	2

[block]
# block no. 2 follows, 34 sequences, length 55
# corresponding to MSA columns:
# 93-147
name=unknown_C
#
# <colnr> <probs for GDERKNQSTAVLIFYWHMCP>
#	G	D	E	R	K	N	Q	S	T	A	V	L	I	F	Y	W	H	M	C	P
0	0.01640	0.02006	0.15451	0.07797	0.39383	0.07945	0.07696	0.06492	0.01577	0.02146	0.01211	0.01536	0.00960	0.00605	0.00641	0.00196	0.00866	0.00560	0.00332	0.00959
1	0.01326	0.01133	0.01325	0.00952	0.01513	0.00853	0.00761	0.01614	0.01356	0.02121	0.03451	0.01452	0.01122	0.00506	0.00488	0.00099	0.00473	0.00408	0.00393	0.78655
2	0.01016	0.00725	0.01006	0.01150	0.01285	0.00721	0.00984	0.01289	0.01449	0.01889	0.03391	0.13152	0.03724	0.04108	0.00960	0.00305	0.00577	0.61098	0.00589	0.00583
3	0.01251	0.04907	0.58360	0.01684	0.02495	0.01393	0.04270	0.01905	0.01429	0.02090	0.10159	0.01953	0.03853	0.00731	0.00636	0.00204	0.00851	0.00597	0.00339	0.00893
4	0.00787	0.00562	0.00750	0.00900	0.00937	0.00525	0.00600	0.00900	0.01237	0.01649	0.03561	0.76871	0.04274	0.02024	0.00825	0.00262	0.00375	0.01837	0.00600	0.00525
5	0.00893	0.00660	0.00834	0.00790	0.00952	0.00600	0.00593	0.01177	0.01778	0.02469	0.63350	0.05027	0.15744	0.01366	0.00762	0.00205	0.00308	0.01197	0.00695	0.00600
6	0.00821	0.00615	0.00768	0.00881	0.00961	0.00578	0.00602	0.01020	0.04527	0.01713	0.03984	0.62429	0.14890	0.01911	0.00808	0.00254	0.00374	0.01712	0.00602	0.00551
7	0.81856	0.01250	0.00950	0.00850	0.01250	0.01449	0.00700	0.01899	0.01100	0.02899	0.00900	0.01050	0.00700	0.00600	0.00400	0.00200	0.00500	0.00350	0.00400	0.00700
8	0.01570	0.01516	0.02522	0.03612	0.62101	0.01604	0.01894	0.01916	0.01396	0.02024	0.01158	0.01570	0.00996	0.00662	0.00871	0.00206	0.12517	0.00574	0.00314	0.00974
9	0.01594	0.01546	0.02674	0.03788	0.65731	0.01545	0.07113	0.02036	0.03743	0.02127	0.01268	0.01636	0.01051	0.00583	0.00649	0.00195	0.00783	0.00595	0.00331	0.01012
10	0.00940	0.00626	0.00705	0.00705	0.00705	0.00626	0.00392	0.00940	0.00940	0.01253	0.02036	0.04228	0.02349	0.77292	0.03289	0.00626	0.00626	0.00940	0.00392	0.00392
11	0.01599	0.01535	0.02623	0.03966	0.73262	0.01535	0.01983	0.01983	0.01471	0.02111	0.01215	0.01599	0.01023	0.00576	0.00640	0.00192	0.00768	0.00576	0.00320	0.01023
12	0.00793	0.00565	0.00748	0.00892	0.00928	0.00529	0.00591	0.00901	0.01225	0.01634	0.03500	0.73964	0.04197	0.05036	0.00923	0.00277	0.00385	0.01801	0.00591	0.00519
13	0.01400	0.07518	0.66285	0.01765	0.02674	0.01534	0.02242	0.02094	0.01385	0.05568	0.01213	0.01387	0.00858	0.00620	0.00604	0.00201	0.00920	0.00478	0.00299	0.00955
14	0.00927	0.00658	0.00853	0.00804	0.00956	0.00609	0.00603	0.01231	0.01809	0.02583	0.69925	0.04724	0.05909	0.01297	0.00749	0.00201	0.00305	0.01145	0.04103	0.00609
15	0.01122	0.00561	0.00842	0.00842	0.00842	0.00561	0.00561	0.00842	0.00842	0.01122	0.01122	0.01964	0.01122	0.02245	0.02525	0.81201	0.00561	0.00561	0.00281	0.00281
16	0.01296	0.03342	0.73944	0.01842	0.02797	0.01501	0.02387	0.02046	0.01364	0.02046	0.01160	0.01364	0.00818	0.00614	0.00614	0.00205	0.00955	0.00477	0.00273	0.00955
17	0.01626	0.01064	0.01229	0.01076	0.01377	0.03040	0.00838	0.04771	0.21633	0.17808	0.31826	0.05218	0.03607	0.01065	0.00701	0.00207	0.00455	0.00910	0.00699	0.00850
18	0.00810	0.00652	0.00681	0.00674	0.00879	0.00558	0.00505	0.01001	0.01516	0.01903	0.15660	0.05805	0.59500	0.01542	0.00746	0.00212	0.00323	0.01293	0.05182	0.00558
19	0.00863	0.00643	0.00802	0.00795	0.00942	0.00583	0.00584	0.01107	0.01659	0.02264	0.47971	0.16997	0.19409	0.01501	0.00773	0.00216	0.00321	0.01319	0.00670	0.00583
20	0.01537	0.01711	0.03627	0.02917	0.14275	0.01619	0.60165	0.02056	0.01517	0.02076	0.01293	0.01721	0.00987	0.00550	0.00743	0.00214	0.01039	0.00733	0.00326	0.00895
21	0.01501	0.01310	0.02146	0.02860	0.42936	0.01309	0.05808	0.01963	0.07166	0.05631	0.01929	0.11007	0.01814	0.00917	0.00700	0.00217	0.00691	0.08748	0.00436	0.00910
22	0.01041	0.00744	0.01041	0.01190	0.01339	0.00744	0.01041	0.01339	0.01487	0.01934	0.03421	0.07288	0.03719	0.01785	0.00892	0.00297	0.00595	0.68913	0.00595	0.00595
23	0.02795	0.01267	0.01603	0.01229	0.01733	0.01197	0.01015	0.19122	0.02129	0.57342	0.02315	0.02047	0.01482	0.00794	0.00649	0.00199	0.00588	0.00634	0.00764	0.01099
24	0.00809	0.00600	0.00755	0.00836	0.00931	0.00546	0.00582	0.00971	0.01403	0.01861	0.18379	0.48876	0.17471	0.01807	0.00800	0.00242	0.00352	0.01611	0.00623	0.00546
25	0.14546	0.02369	0.01770	0.03933	0.04218	0.45309	0.02955	0.02240	0.01550	0.01813	0.01003	0.01263	0.00846	0.00823	0.02771	0.00214	0.10851	0.00452	0.00335	0.00742
26	0.01296	0.03342	0.73944	0.01842	0.02797	0.01501	0.02387	0.02046	0.01364	0.02046	0.01160	0.01364	0.00818	0.00614	0.00614	0.00205	0.00955	0.00477	0.00273	0.00955
27	0.00910	0.00660	0.00857	0.00808	0.00962	0.00608	0.00606	0.01210	0.01817	0.02563	0.70724	0.04873	0.08311	0.01331	0.00762	0.00204	0.00306	0.01175	0.00708	0.00608
28	0.02840	0.01194	0.01558	0.01194	0.01696	0.01089	0.00987	0.12140	0.02007	0.64496	0.02417	0.02114	0.01533	0.00797	0.00649	0.00199	0.00571	0.00641	0.00779	0.01100
29	0.01723	0.01567	0.06525	0.10278	0.17457	0.01552	0.08949	0.23172	0.03517	0.02702	0.03226	0.01793	0.01232	0.00706	0.00674	0.00197	0.02773	0.00613	0.10422	0.00921
30	0.00940	0.00626	0.00705	0.00705	0.00705	0.00626	0.00392	0.00940	0.00940	0.01253	0.02036	0.04228	0.02349	0.77292	0.03289	0.00626	0.00626	0.00940	0.00392	0.00392
31	0.01407	0.01354	0.04986	0.21495	0.09206	0.01466	0.01360	0.02447	0.33493	0.02219	0.04454	0.06592	0.01765	0.00869	0.00726	0.00220	0.03833	0.00737	0.00491	0.00881
32	0.00933	0.00655	0.00829	0.00785	0.00941	0.00606	0.00589	0.01231	0.01767	0.02530	0.62912	0.04675	0.09174	0.01285	0.00733	0.00199	0.00306	0.01126	0.08119	0.00606
33	0.01670	0.48398	0.02960	0.01755	0.15024	0.04339	0.01326	0.01898	0.01302	0.01638	0.00952	0.01209	0.00869	0.00658	0.00751	0.00174	0.13520	0.00428	0.00287	0.00842
34	0.01586	0.01521	0.02598	0.06521	0.70813	0.01532	0.01976	0.01971	0.01465	0.02095	0.01213	0.01604	0.01018	0.00578	0.00640	0.00193	0.00771	0.00576	0.00319	0.01013
35	0.02147	0.02091	0.15343	0.01616	0.04171	0.03943	0.01450	0.48938	0.08106	0.03459	0.01538	0.01575	0.01106	0.00745	0.00639	0.00197	0.00755	0.00569	0.00559	0.01054
36	0.00787	0.00562	0.00750	0.00900	0.00937	0.00525	0.00600	0.00900	0.01237	0.01649	0.03561	0.76871	0.04274	0.02024	0.00825	0.00262	0.00375	0.01837	0.00600	0.00525
37	0.00914	0.00640	0.00827	0.00813	0.00946	0.00595	0.00597	0.01186	0.01698	0.02422	0.56473	0.16622	0.05485	0.01398	0.00751	0.00209	0.00316	0.01240	0.06274	0.00595
38	0.01613	0.01245	0.01688	0.01410	0.01747	0.03091	0.10578	0.09197	0.17678	0.11261	0.04116	0.07552	0.05738	0.01594	0.12319	0.00348	0.04548	0.02887	0.00546	0.00845
39	0.05271	0.01566	0.02530	0.01864	0.02428	0.01540	0.29594	0.20580	0.03668	0.17914	0.01644	0.01758	0.01155	0.00667	0.00677	0.00201	0.00806	0.00655	0.00526	0.04955
40	0.00923	0.00692	0.01038	0.01038	0.01154	0.00808	0.00808	0.01154	0.01038	0.01500	0.01731	0.02538	0.01615	0.04846	0.74732	0.01038	0.01731	0.00692	0.00346	0.00577
41	0.01340	0.01148	0.01340	0.00957	0.01531	0.00861	0.00766	0.01627	0.01340	0.02105	0.01148	0.01340	0.00957	0.00479	0.00479	0.00096	0.00479	0.00383	0.00383	0.81242
42	0.00931	0.00626	0.00722	0.00730	0.00737	0.00630	0.00421	0.00947	0.00959	0.01284	0.02097	0.07751	0.02411	0.70235	0.06447	0.00627	0.00665	0.00973	0.00400	0.00407
43	0.00879	0.00655	0.00817	0.00785	0.00946	0.00593	0.00586	0.01148	0.01734	0.02385	0.56930	0.07986	0.19345	0.01412	0.00765	0.00209	0.00312	0.01234	0.00685	0.00593
44	0.02517	0.01712	0.01879	0.01440	0.01955	0.01859	0.01190	0.61783	0.02875	0.13626	0.01688	0.01640	0.01168	0.00779	0.00647	0.00195	0.00689	0.00591	0.00667	0.01099
45	0.01599	0.01535	0.02623	0.03966	0.73262	0.01535	0.01983	0.01983	0.01471	0.02111	0.01215	0.01599	0.01023	0.00576	0.00640	0.00192	0.00768	0.00576	0.00320	0.01023
46	0.01653	0.01378	0.01462	0.01309	0.01679	0.01584	0.01020	0.03423	0.69575	0.05250	0.02627	0.02403	0.01959	0.00874	0.00657	0.00218	0.00513	0.00728	0.00663	0.01025
47	0.00792	0.00578	0.00734	0.00856	0.00917	0.00533	0.00574	0.00905	0.01255	0.01643	0.03896	0.63546	0.13637	0.05702	0.00938	0.00274	0.00381	0.01727	0.00589	0.00521
48	0.01220	0.01148	0.01938	0.75739	0.04450	0.01436	0.01794	0.01651	0.01292	0.01651	0.01148	0.01723	0.00861	0.00646	0.00646	0.00215	0.00861	0.00574	0.00287	0.00718
49	0.01523	0.42520	0.36759	0.01454	0.02197	0.02057	0.01712	0.01987	0.01337	0.01769	0.01022	0.01191	0.00824	0.00582	0.00509	0.00170	0.00816	0.00408	0.00275	0.00889
50	0.01627	0.00921	0.01151	0.01029	0.01305	0.00880	0.00810	0.10897	0.01793	0.21393	0.16361	0.15943	0.10284	0.03825	0.00826	0.00237	0.00481	0.08789	0.00673	0.00776
51	0.38721	0.13526	0.01511	0.01022	0.01399	0.03443	0.03302	0.03522	0.01319	0.06496	0.03235	0.03929	0.06560	0.02573	0.00617	0.00206	0.02627	0.02644	0.02614	0.00730
52	0.01466	0.01523	0.06056	0.10956	0.48660	0.01447	0.09449	0.01868	0.01433	0.02015	0.01418	0.08103	0.01272	0.00706	0.00669	0.00204	0.00788	0.00700	0.00339	0.00928
53	0.01534	0.01486	0.07136	0.01497	0.08822	0.02957	0.04310	0.06977	0.01503	0.04508	0.01221	0.01428	0.00977	0.00568	0.00612	0.00140	0.04023	0.00459	0.00393	0.49450
54	0.05487	0.01415	0.02321	0.11880	0.18361	0.01387	0.18585	0.07484	0.01562	0.02264	0.05040	0.01736	0.01237	0.00614	0.00632	0.00182	0.00755	0.00601	0.00382	0.18074

[dist]
# distance from previous block
# <min> <max>
1	4

[block]
# block no. 3 follows, 34 sequences, length 139
# corresponding to MSA columns:
# 152-290
name=unknown_D
#
# <colnr> <probs for GDERKNQSTAVLIFYWHMCP>
#	G	D	E	R	K	N	Q	S	T	A	V	L	I	F	Y	W	H	M	C	P
0	0.01695	0.01579	0.01822	0.30910	0.09606	0.14377	0.01429	0.12998	0.01740	0.05101	0.04088	0.02023	0.06301	0.00760	0.00642	0.00197	0.00802	0.00623	0.00417	0.02889
1	0.01525	0.01417	0.02133	0.16130	0.20355	0.01667	0.04427	0.08615	0.05162	0.02057	0.01213	0.01628	0.01009	0.00913	0.03200	0.00248	0.24145	0.00586	0.00355	0.03212
2	0.01410	0.01399	0.01945	0.01657	0.01688	0.01919	0.01379	0.01559	0.01008	0.01584	0.00864	0.01410	0.00854	0.01096	0.02033	0.00273	0.72078	0.00556	0.00288	0.05000
3	0.01322	0.00753	0.00771	0.00725	0.00913	0.00783	0.00550	0.07186	0.06229	0.02518	0.02096	0.02410	0.01659	0.03687	0.00589	0.00177	0.00360	0.00622	0.65989	0.00662
4	0.01204	0.00602	0.00602	0.00602	0.00753	0.00602	0.00452	0.01506	0.01355	0.02409	0.02108	0.02409	0.01656	0.00753	0.00452	0.00151	0.00301	0.00602	0.80879	0.00602
5	0.60506	0.01279	0.01108	0.00967	0.01375	0.01453	0.00788	0.04872	0.11691	0.08743	0.01315	0.01364	0.00976	0.00664	0.00468	0.00203	0.00514	0.00439	0.00480	0.00795
6	0.01012	0.00763	0.01113	0.01130	0.01305	0.00737	0.04602	0.01315	0.01588	0.02133	0.25156	0.08342	0.06296	0.01577	0.00839	0.00260	0.00516	0.40089	0.00617	0.00611
7	0.01644	0.01353	0.01449	0.01298	0.01661	0.01541	0.01021	0.07318	0.60508	0.04732	0.02698	0.02704	0.03697	0.00935	0.00672	0.00221	0.00525	0.04369	0.00656	0.00995
8	0.00788	0.00578	0.00741	0.00865	0.00930	0.00530	0.00586	0.00914	0.01287	0.01692	0.06196	0.65290	0.13331	0.01951	0.00815	0.00255	0.00366	0.01753	0.00603	0.00530
9	0.01558	0.01769	0.03432	0.02513	0.03052	0.05775	0.56779	0.02022	0.01463	0.01967	0.01222	0.01662	0.00953	0.00638	0.00952	0.00225	0.12142	0.00714	0.00321	0.00840
10	0.06373	0.02417	0.01677	0.01517	0.01852	0.46368	0.01156	0.02768	0.22969	0.01989	0.01481	0.01543	0.01170	0.00741	0.00646	0.00188	0.03372	0.00512	0.00433	0.00828
11	0.01313	0.09591	0.63993	0.01736	0.02611	0.01554	0.02193	0.01989	0.01342	0.01972	0.01168	0.01399	0.00862	0.00834	0.04548	0.00243	0.00974	0.00478	0.00277	0.00924
12	0.81856	0.01250	0.00950	0.00850	0.01250	0.01449	0.00700	0.01899	0.01100	0.02899	0.00900	0.01050	0.00700	0.00600	0.00400	0.00200	0.00500	0.00350	0.00400	0.00700
13	0.00794	0.00639	0.00709	0.00737	0.00910	0.00555	0.00542	0.00968	0.01468	0.01831	0.13691	0.20112	0.49507	0.01680	0.00779	0.00227	0.00342	0.03345	0.00613	0.00550
14	0.77562	0.01361	0.04841	0.00903	0.01332	0.01452	0.00790	0.01907	0.01114	0.02854	0.00914	0.01066	0.00706	0.00601	0.00411	0.00200	0.00524	0.00357	0.00393	0.00713
15	0.00944	0.00720	0.01068	0.01056	0.01163	0.00851	0.00821	0.01164	0.01034	0.01495	0.01703	0.02541	0.01605	0.06805	0.69647	0.00995	0.04773	0.00694	0.00345	0.00577
16	0.04178	0.16856	0.11933	0.09251	0.10737	0.05485	0.01377	0.04039	0.05061	0.09901	0.01333	0.01490	0.01022	0.00618	0.00557	0.00170	0.00714	0.00485	0.00394	0.14399
17	0.01704	0.73718	0.07147	0.01145	0.01719	0.02500	0.01174	0.01941	0.01316	0.01548	0.00912	0.01054	0.00829	0.00556	0.00425	0.00142	0.00705	0.00353	0.00276	0.00836
18	0.00787	0.00562	0.00750	0.00900	0.00937	0.00525	0.00600	0.00900	0.01237	0.01649	0.03561	0.76871	0.04274	0.02024	0.00825	0.00262	0.00375	0.01837	0.00600	0.00525
19	0.02049	0.42748	0.02658	0.01367	0.01817	0.36338	0.01172	0.02237	0.01556	0.01549	0.00945	0.01097	0.00831	0.00606	0.00493	0.00151	0.00913	0.00379	0.00303	0.00792
20	0.04498	0.18956	0.45560	0.03807	0.04530	0.01682	0.01880	0.01988	0.03423	0.01954	0.01326	0.01513	0.03225	0.00732	0.02172	0.00209	0.00855	0.00491	0.00304	0.00894
21	0.00798	0.00576	0.00737	0.00861	0.00912	0.00535	0.00573	0.00906	0.01234	0.01626	0.03711	0.64373	0.10457	0.08183	0.01022	0.00288	0.00391	0.01719	0.00583	0.00516
22	0.00801	0.00622	0.00697	0.00741	0.00871	0.00553	0.00513	0.00929	0.01334	0.01669	0.06973	0.27419	0.39691	0.12827	0.01152	0.00291	0.00385	0.01440	0.00573	0.00519
23	0.03994	0.01646	0.02400	0.04805	0.42901	0.06654	0.07377	0.10185	0.06378	0.05308	0.01386	0.01642	0.01089	0.00634	0.00642	0.00195	0.00784	0.00588	0.00403	0.00987
24	0.01683	0.06242	0.10180	0.08844	0.08964	0.25788	0.04063	0.02003	0.01513	0.01846	0.05069	0.01705	0.01264	0.00897	0.03976	0.00224	0.05475	0.00545	0.08949	0.00772
25	0.01439	0.01167	0.01355	0.00981	0.01537	0.00919	0.00786	0.05504	0.01448	0.04116	0.01237	0.01407	0.01003	0.00512	0.00492	0.00106	0.00488	0.00408	0.02860	0.72239
26	0.01600	0.01354	0.04241	0.01639	0.04079	0.01306	0.23265	0.13232	0.07404	0.04726	0.03683	0.02061	0.01450	0.00707	0.00624	0.00190	0.00678	0.00673	0.26247	0.00841
27	0.01781	0.71821	0.03264	0.01149	0.01685	0.08223	0.01117	0.01985	0.01354	0.01525	0.00906	0.01047	0.00829	0.00562	0.00428	0.00140	0.00728	0.00351	0.00281	0.00823
28	0.00787	0.00562	0.00750	0.00900	0.00937	0.00525	0.00600	0.00900	0.01237	0.01649	0.03561	0.76871	0.04274	0.02024	0.00825	0.00262	0.00375	0.01837	0.00600	0.00525
29	0.01220	0.02934	0.62824	0.01666	0.02507	0.01357	0.02103	0.01885	0.01391	0.02025	0.03927	0.02060	0.09812	0.00760	0.00637	0.00206	0.00859	0.00606	0.00326	0.00895
30	0.00940	0.00626	0.00705	0.00705	0.00705	0.00626	0.00392	0.00940	0.00940	0.01253	0.02036	0.04228	0.02349	0.77292	0.03289	0.00626	0.00626	0.00940	0.00392	0.00392
31	0.01261	0.01075	0.01136	0.01048	0.01344	0.01159	0.00807	0.02389	0.41900	0.02375	0.10735	0.03906	0.25895	0.01171	0.00703	0.00217	0.00430	0.00983	0.00644	0.00825
32	0.00774	0.00646	0.00676	0.00697	0.00893	0.00549	0.00519	0.00935	0.01446	0.01740	0.06119	0.14316	0.63243	0.01685	0.00774	0.00225	0.00340	0.03278	0.00600	0.00544
33	0.01337	0.10395	0.67250	0.01772	0.02689	0.01601	0.02266	0.02036	0.01359	0.01996	0.01135	0.01333	0.00820	0.00608	0.00595	0.00198	0.00930	0.00465	0.00273	0.00943
34	0.00795	0.00590	0.00742	0.00842	0.00927	0.00537	0.00579	0.00937	0.01343	0.01762	0.11054	0.55690	0.18086	0.01877	0.00806	0.00248	0.00358	0.01677	0.00611	0.00537
35	0.00874	0.00656	0.00811	0.00879	0.00984	0.00628	0.00614	0.01155	0.06733	0.01903	0.16508	0.47294	0.12940	0.03790	0.00859	0.00253	0.00373	0.01548	0.00619	0.00577
36	0.04318	0.08575	0.06119	0.02516	0.31543	0.01751	0.04727	0.25061	0.01959	0.02717	0.01367	0.03960	0.01114	0.00689	0.00624	0.00192	0.00745	0.00594	0.00435	0.00994
37	0.00949	0.00678	0.00817	0.00771	0.00963	0.00602	0.00582	0.01201	0.01703	0.05443	0.46169	0.05206	0.29717	0.01410	0.00758	0.00208	0.00324	0.01215	0.00676	0.00609
38	0.01221	0.02703	0.55083	0.01643	0.02420	0.01325	0.04609	0.01885	0.03033	0.02084	0.08667	0.02232	0.08737	0.00790	0.00650	0.00207	0.00823	0.00651	0.00359	0.00878
39	0.04823	0.03594	0.01773	0.05979	0.01884	0.04131	0.11078	0.11347	0.01566	0.06382	0.02031	0.23438	0.02044	0.02875	0.00926	0.00236	0.09324	0.02880	0.00483	0.03205
40	0.01525	0.05326	0.01537	0.01043	0.01608	0.01120	0.00852	0.11876	0.01588	0.02364	0.01194	0.01355	0.00971	0.00526	0.00500	0.00112	0.00524	0.00410	0.00416	0.65153
41	0.05935	0.29037	0.30461	0.01472	0.02128	0.06663	0.01614	0.06810	0.01470	0.03541	0.01085	0.01253	0.00855	0.00636	0.00609	0.00182	0.04605	0.00436	0.00322	0.00884
42	0.03962	0.19141	0.45711	0.01672	0.02465	0.01781	0.06032	0.08308	0.01507	0.02144	0.01140	0.01323	0.00852	0.00611	0.00576	0.00190	0.00870	0.00471	0.00315	0.00928
43	0.00923	0.00692	0.01038	0.01038	0.01154	0.00808	0.00808	0.01154	0.01038	0.01500	0.01731	0.02538	0.01615	0.04846	0.74732	0.01038	0.01731	0.00692	0.00346	0.00577
44	0.01410	0.04904	0.52825	0.02134	0.09225	0.04347	0.12061	0.02061	0.01413	0.02024	0.01173	0.01423	0.00861	0.00601	0.00631	0.00202	0.00958	0.00521	0.00287	0.00938
45	0.01566	0.01501	0.02563	0.10242	0.67245	0.01526	0.01966	0.01954	0.01456	0.02071	0.01210	0.01610	0.01009	0.00582	0.00640	0.00194	0.00776	0.00576	0.00317	0.00997
46	0.01343	0.11444	0.66255	0.01761	0.02672	0.01616	0.02248	0.02034	0.01359	0.01989	0.01131	0.01328	0.00820	0.00607	0.00592	0.00197	0.00926	0.00463	0.00273	0.00941
47	0.01909	0.01432	0.01640	0.09220	0.02016	0.01584	0.01142	0.37964	0.13296	0.05464	0.04486	0.08237	0.04482	0.00964	0.00679	0.00211	0.00632	0.03088	0.00610	0.00946
48	0.01122	0.00561	0.00842	0.00842	0.00842	0.00561	0.00561	0.00842	0.00842	0.01122	0.01122	0.01964	0.01122	0.02245	0.02525	0.81201	0.00561	0.00561	0.00281	0.00281
49	0.01525	0.01743	0.03813	0.02723	0.03377	0.01634	0.70915	0.02070	0.01525	0.02070	0.01307	0.01743	0.00980	0.00545	0.00763	0.00218	0.01089	0.00763	0.00327	0.00871
50	0.00941	0.00672	0.00926	0.01075	0.01180	0.00657	0.00867	0.01165	0.01389	0.01821	0.03476	0.34776	0.03938	0.01879	0.00866	0.00284	0.00508	0.42415	0.00597	0.00567
51	0.02147	0.06426	0.03840	0.01455	0.01905	0.17018	0.01193	0.30261	0.21901	0.04729	0.01714	0.01692	0.01277	0.00764	0.00622	0.00192	0.00751	0.00574	0.00556	0.00985
52	0.01361	0.21991	0.45133	0.01504	0.02253	0.01671	0.01801	0.01950	0.04101	0.01904	0.01734	0.01848	0.08702	0.00719	0.00581	0.00190	0.00802	0.00550	0.00324	0.00881
53	0.04338	0.37148	0.17510	0.01658	0.07393	0.07912	0.07876	0.02090	0.01418	0.05621	0.01109	0.01284	0.00893	0.00590	0.00530	0.00171	0.00812	0.00450	0.00320	0.00877
54	0.01319	0.07305	0.70183	0.01802	0.02736	0.01557	0.02319	0.02040	0.01361	0.02018	0.01146	0.01347	0.00819	0.00611	0.00603	0.00201	0.00941	0.00470	0.00273	0.00948
55	0.01533	0.01468	0.02503	0.16528	0.61218	0.01518	0.01950	0.01925	0.01440	0.02030	0.01204	0.01621	0.00995	0.00588	0.00641	0.00196	0.00784	0.00575	0.00314	0.00970
56	0.00838	0.00620	0.00812	0.03309	0.01078	0.00589	0.00664	0.00993	0.01315	0.01727	0.07513	0.51521	0.12732	0.04782	0.00910	0.00270	0.00414	0.08786	0.00587	0.00540
57	0.04063	0.08851	0.22263	0.02209	0.21601	0.06595	0.05399	0.02108	0.05437	0.06667	0.01511	0.07730	0.01282	0.00741	0.00624	0.00198	0.00789	0.00637	0.00380	0.00914
58	0.01676	0.01303	0.01562	0.05391	0.03875	0.06795	0.05085	0.15964	0.07911	0.10331	0.02425	0.23520	0.04088	0.01181	0.00757	0.00224	0.02900	0.03623	0.00566	0.00820
59	0.00965	0.00776	0.00924	0.00851	0.01071	0.00728	0.02281	0.03272	0.07492	0.02267	0.34949	0.05058	0.34182	0.01386	0.00751	0.00211	0.00362	0.01190	0.00648	0.00636
60	0.08507	0.01511	0.09251	0.01207	0.03658	0.03206	0.01034	0.05686	0.03611	0.02268	0.01186	0.01366	0.00954	0.00558	0.00553	0.00136	0.02625	0.00423	0.00390	0.51869
61	0.01537	0.07921	0.13374	0.04597	0.22937	0.01569	0.03696	0.05245	0.12049	0.04270	0.05108	0.04123	0.01485	0.00864	0.02435	0.00224	0.06593	0.00643	0.00413	0.00917
62	0.00811	0.00598	0.00795	0.00916	0.00967	0.00582	0.00628	0.00933	0.01232	0.01644	0.03547	0.66891	0.07751	0.02131	0.04863	0.00303	0.02583	0.01713	0.00577	0.00534
63	0.01418	0.01351	0.02296	0.38210	0.40431	0.01488	0.01893	0.01825	0.01386	0.01891	0.01183	0.01658	0.00946	0.00609	0.00643	0.00203	0.00812	0.00575	0.00304	0.00878
64	0.01419	0.05027	0.57089	0.01791	0.05271	0.03251	0.02086	0.02093	0.03461	0.06089	0.01407	0.05664	0.01098	0.00709	0.00624	0.00205	0.00877	0.00569	0.00336	0.00935
65	0.01504	0.01848	0.15154	0.09328	0.45156	0.01535	0.12071	0.01979	0.01446	0.02056	0.01214	0.01589	0.00968	0.00584	0.00654	0.00200	0.00855	0.00586	0.00310	0.00964
66	0.81856	0.01250	0.00950	0.00850	0.01250	0.01449	0.00700	0.01899	0.01100	0.02899	0.00900	0.01050	0.00700	0.00600	0.00400	0.00200	0.00500	0.00350	0.00400	0.00700
67	0.02414	0.03079	0.01831	0.01665	0.01998	0.74698	0.01248	0.02580	0.01831	0.01581	0.00999	0.01165	0.00832	0.00666	0.00583	0.00166	0.01165	0.00416	0.00333	0.00749
68	0.04220	0.07041	0.21558	0.03719	0.09420	0.03425	0.03651	0.08692	0.07306	0.13924	0.03472	0.02128	0.04446	0.00778	0.00634	0.00202	0.00731	0.03246	0.00474	0.00934
69	0.01122	0.00931	0.05325	0.01203	0.03490	0.00802	0.07114	0.01322	0.01274	0.06787	0.02678	0.40316	0.02941	0.13510	0.01193	0.00300	0.02587	0.01291	0.05188	0.00625
70	0.00929	0.00668	0.00914	0.00914	0.00987	0.00740	0.00653	0.01074	0.01002	0.01408	0.01844	0.03167	0.01888	0.31795	0.48156	0.00885	0.01320	0.00784	0.00363	0.00508
71	0.10792	0.01458	0.02166	0.15834	0.42238	0.03630	0.01670	0.06126	0.01501	0.04406	0.01238	0.01589	0.00992	0.00738	0.02788	0.00221	0.00783	0.00551	0.00359	0.00919
72	0.01988	0.09046	0.24087	0.03790	0.07103	0.13185	0.06238	0.04520	0.01625	0.20082	0.01487	0.01571	0.01053	0.00662	0.00614	0.00191	0.00849	0.00531	0.00435	0.00944
73	0.09262	0.01780	0.02322	0.03128	0.49038	0.13986	0.03196	0.03931	0.01528	0.02132	0.01150	0.01471	0.00957	0.00613	0.00651	0.00191	0.02860	0.00531	0.00337	0.00937
74	0.01785	0.18194	0.08514	0.04098	0.17870	0.24544	0.06775	0.02090	0.01525	0.01769	0.01238	0.06382	0.01115	0.00699	0.00594	0.00181	0.00892	0.00568	0.00329	0.00838
75	0.00909	0.00669	0.00935	0.00945	0.01039	0.00741	0.00698	0.01084	0.01057	0.01476	0.02174	0.07754	0.05924	0.18239	0.52363	0.00865	0.01357	0.00849	0.00385	0.00537
76	0.06959	0.16616	0.16464	0.01847	0.16718	0.01607	0.01453	0.04169	0.09828	0.10430	0.01738	0.03852	0.04170	0.00732	0.00589	0.00192	0.00686	0.00591	0.00431	0.00928
77	0.09885	0.02126	0.33000	0.01690	0.08307	0.01319	0.03886	0.05094	0.01509	0.15614	0.01825	0.03988	0.05428	0.00857	0.02499	0.00226	0.00776	0.00616	0.00437	0.00919
78	0.02899	0.01100	0.01499	0.01150	0.01649	0.00950	0.00950	0.03149	0.01849	0.73709	0.02549	0.02199	0.01599	0.00800	0.00650	0.00200	0.00550	0.00650	0.00800	0.01100
79	0.01850	0.02003	0.28182	0.03831	0.02122	0.01345	0.01511	0.14544	0.05466	0.18604	0.03860	0.02022	0.01419	0.00767	0.00630	0.00201	0.00709	0.02685	0.07288	0.00958
80	0.03879	0.21454	0.37677	0.01706	0.07315	0.07312	0.01776	0.02097	0.05298	0.01938	0.01306	0.01465	0.02856	0.00642	0.00564	0.00185	0.00837	0.00481	0.00315	0.00898
81	0.01708	0.01114	0.01416	0.01535	0.13492	0.03289	0.01024	0.07977	0.06489	0.16961	0.06560	0.06809	0.05412	0.01094	0.02837	0.00228	0.00580	0.06771	0.13863	0.00843
82	0.00923	0.00692	0.01038	0.01038	0.01154	0.00808	0.00808	0.01154	0.01038	0.01500	0.01731	0.02538	0.01615	0.04846	0.74732	0.01038	0.01731	0.00692	0.00346	0.00577
83	0.02365	0.01438	0.01731	0.13624	0.02247	0.03952	0.01200	0.26115	0.06996	0.30663	0.01929	0.01878	0.01306	0.00767	0.00646	0.00201	0.00675	0.00612	0.00637	0.01019
84	0.01369	0.03841	0.17786	0.02408	0.22280	0.01401	0.17042	0.01893	0.05068	0.01995	0.01600	0.10181	0.01434	0.01142	0.07382	0.00285	0.00907	0.00751	0.00362	0.00873
85	0.07171	0.01108	0.01470	0.01133	0.01628	0.00977	0.00936	0.03081	0.01809	0.69878	0.02460	0.02137	0.01551	0.00789	0.00636	0.00200	0.00547	0.00634	0.00778	0.01078
86	0.00959	0.00685	0.00805	0.00800	0.00982	0.00615	0.00590	0.01207	0.03820	0.06159	0.22753	0.21088	0.34025	0.01567	0.00767	0.00223	0.00351	0.01355	0.00642	0.00605
87	0.67758	0.01272	0.01078	0.00927	0.01345	0.01434	0.00764	0.06852	0.01316	0.10668	0.01124	0.01209	0.00825	0.00634	0.00444	0.00200	0.00520	0.00399	0.00460	0.00771
88	0.00874	0.00675	0.00818	0.00886	0.01047	0.00626	0.00703	0.01075	0.01410	0.01769	0.04748	0.14727	0.35597	0.04180	0.04833	0.00306	0.00507	0.24084	0.00578	0.00557
89	0.00835	0.00603	0.00713	0.00783	0.00899	0.00546	0.00550	0.00999	0.01371	0.01836	0.09794	0.40884	0.25767	0.01709	0.00760	0.00232	0.00346	0.01501	0.09324	0.00546
90	0.01337	0.10378	0.67266	0.01772	0.02689	0.01601	0.02266	0.02036	0.01359	0.01996	0.01135	0.01333	0.00820	0.00608	0.00595	0.00198	0.00930	0.00465	0.00273	0.00943
91	0.01525	0.01743	0.03813	0.02723	0.03377	0.01634	0.70915	0.02070	0.01525	0.02070	0.01307	0.01743	0.00980	0.00545	0.00763	0.00218	0.01089	0.00763	0.00327	0.00871
92	0.00806	0.00575	0.00763	0.00901	0.00945	0.00540	0.00609	0.00927	0.01252	0.01672	0.05462	0.69361	0.04230	0.04871	0.00920	0.00276	0.00391	0.04380	0.00595	0.00525
93	0.01041	0.00744	0.01041	0.01190	0.01339	0.00744	0.01041	0.01339	0.01487	0.01934	0.03421	0.07288	0.03719	0.01785	0.00892	0.00297	0.00595	0.68913	0.00595	0.00595
94	0.00804	0.00594	0.00754	0.00877	0.00946	0.00553	0.00595	0.00964	0.02953	0.01687	0.03937	0.65692	0.13371	0.01945	0.00813	0.00255	0.00372	0.01748	0.00601	0.00539
95	0.08218	0.01345	0.02102	0.17727	0.38995	0.01405	0.01623	0.04112	0.01516	0.10630	0.05079	0.01817	0.01299	0.00663	0.00629	0.00199	0.00713	0.00597	0.00407	0.00925
96	0.01296	0.03342	0.73944	0.01842	0.02797	0.01501	0.02387	0.02046	0.01364	0.02046	0.01160	0.01364	0.00818	0.00614	0.00614	0.00205	0.00955	0.00477	0.00273	0.00955
97	0.01543	0.01478	0.02522	0.14536	0.63128	0.01521	0.01955	0.01934	0.01445	0.02043	0.01206	0.01617	0.01000	0.00586	0.00641	0.00195	0.00781	0.00575	0.00315	0.00978
98	0.01378	0.01205	0.01529	0.01400	0.12095	0.00961	0.00945	0.01679	0.01359	0.02106	0.01158	0.01378	0.00967	0.00493	0.00502	0.00110	0.00521	0.00411	0.00374	0.69428
99	0.17064	0.04249	0.01717	0.01554	0.05640	0.21511	0.01181	0.01980	0.03645	0.01918	0.01063	0.01389	0.00922	0.00972	0.03897	0.00247	0.26365	0.00489	0.03456	0.00740
100	0.03754	0.69017	0.09676	0.01165	0.01750	0.02433	0.01211	0.01944	0.01312	0.01603	0.00922	0.01066	0.00825	0.00560	0.00432	0.00146	0.00710	0.00357	0.00279	0.00837
101	0.01414	0.09655	0.26775	0.01349	0.01901	0.04212	0.01404	0.03754	0.14140	0.04282	0.17492	0.02438	0.04217	0.00846	0.00635	0.00195	0.00663	0.00689	0.00478	0.03463
102	0.01323	0.08026	0.69499	0.01795	0.02725	0.01567	0.02307	0.02039	0.01361	0.02013	0.01143	0.01344	0.00819	0.00610	0.00601	0.00200	0.00938	0.00469	0.00273	0.00947
103	0.01122	0.00561	0.00842	0.00842	0.00842	0.00561	0.00561	0.00842	0.00842	0.01122	0.01122	0.01964	0.01122	0.02245	0.02525	0.81201	0.00561	0.00561	0.00281	0.00281
104	0.01264	0.01267	0.01325	0.01302	0.03754	0.15885	0.06603	0.01516	0.03629	0.01802	0.07364	0.28522	0.12051	0.03638	0.00826	0.00240	0.00629	0.07228	0.00516	0.00641
105	0.01680	0.04011	0.34425	0.01646	0.02305	0.07697	0.07256	0.05285	0.08797	0.11602	0.03722	0.04283	0.01395	0.00762	0.00647	0.00205	0.00823	0.02093	0.00438	0.00928
106	0.00793	0.00570	0.00754	0.00899	0.00945	0.00531	0.00607	0.00912	0.01251	0.01660	0.03660	0.72698	0.06605	0.02005	0.00824	0.00262	0.00379	0.03519	0.00600	0.00527
107	0.02364	0.06422	0.06487	0.01596	0.02065	0.35514	0.08567	0.02635	0.01747	0.24147	0.01519	0.01554	0.01086	0.00685	0.00615	0.00183	0.00926	0.00525	0.00471	0.00888
108	0.01736	0.03767	0.07154	0.07055	0.31102	0.03671	0.14962	0.09361	0.01658	0.08063	0.01444	0.04510	0.01161	0.00673	0.00663	0.00200	0.00818	0.00649	0.00400	0.00954
109	0.01043	0.00899	0.01426	0.01402	0.05297	0.00868	0.11569	0.01304	0.01407	0.01836	0.03537	0.19957	0.17400	0.03803	0.00926	0.00266	0.02715	0.23186	0.00526	0.00633
110	0.01599	0.01535	0.02623	0.03966	0.73262	0.01535	0.01983	0.01983	0.01471	0.02111	0.01215	0.01599	0.01023	0.00576	0.00640	0.00192	0.00768	0.00576	0.00320	0.01023
111	0.01153	0.00979	0.00996	0.00979	0.01181	0.07433	0.00740	0.01585	0.11332	0.04098	0.20367	0.18066	0.20101	0.01430	0.00751	0.00224	0.00461	0.06846	0.00615	0.00661
112	0.01318	0.01130	0.01314	0.00945	0.01506	0.00849	0.00755	0.01600	0.01345	0.02092	0.01355	0.01526	0.03709	0.00523	0.00489	0.00100	0.00473	0.00420	0.00391	0.78159
113	0.00784	0.00595	0.00723	0.00818	0.00917	0.00534	0.00565	0.00918	0.01331	0.01709	0.06662	0.51959	0.26397	0.01878	0.00803	0.00246	0.00357	0.01664	0.00603	0.00534
114	0.00787	0.00562	0.00750	0.00900	0.00937	0.00525	0.00600	0.00900	0.01237	0.01649	0.03561	0.76871	0.04274	0.02024	0.00825	0.00262	0.00375	0.01837	0.00600	0.00525
115	0.00787	0.00562	0.00750	0.00900	0.00937	0.00525	0.00600	0.00900	0.01237	0.01649	0.03561	0.76871	0.04274	0.02024	0.00825	0.00262	0.00375	0.01837	0.00600	0.00525
116	0.02414	0.03079	0.01831	0.01665	0.01998	0.74698	0.01248	0.02580	0.01831	0.01581	0.00999	0.01165	0.00832	0.00666	0.00583	0.00166	0.01165	0.00416	0.00333	0.00749
117	0.00923	0.00673	0.00951	0.00955	0.01041	0.00756	0.00703	0.01096	0.01021	0.01446	0.01858	0.05174	0.01868	0.21858	0.55647	0.00918	0.01429	0.00785	0.00364	0.00532
118	0.02760	0.01323	0.01638	0.01255	0.01761	0.01281	0.01037	0.24485	0.02223	0.51846	0.02236	0.01996	0.01442	0.00792	0.00649	0.00198	0.00600	0.00628	0.00752	0.01099
119	0.01525	0.01743	0.03813	0.02723	0.03377	0.01634	0.70915	0.02070	0.01525	0.02070	0.01307	0.01743	0.00980	0.00545	0.00763	0.00218	0.01089	0.00763	0.00327	0.00871
120	0.01195	0.00604	0.00611	0.00609	0.00760	0.00602	0.00457	0.01496	0.01371	0.02415	0.04451	0.02489	0.01803	0.00772	0.00462	0.00152	0.00301	0.00621	0.78227	0.00602
121	0.01547	0.01482	0.02529	0.13802	0.63831	0.01522	0.01957	0.01937	0.01447	0.02048	0.01206	0.01616	0.01001	0.00585	0.00641	0.00195	0.00780	0.00576	0.00315	0.00982
122	0.00787	0.00562	0.00750	0.00900	0.00937	0.00525	0.00600	0.00900	0.01237	0.01649	0.03561	0.76871	0.04274	0.02024	0.00825	0.00262	0.00375	0.01837	0.00600	0.00525
123	0.01082	0.01007	0.01009	0.01129	0.04844	0.11041	0.00770	0.01247	0.01406	0.01719	0.05911	0.35905	0.18284	0.03792	0.03009	0.00269	0.00555	0.05892	0.00538	0.00592
124	0.01724	0.05854	0.14630	0.02034	0.09684	0.11447	0.20677	0.04233	0.01559	0.09897	0.01563	0.07638	0.01319	0.03902	0.00775	0.00220	0.00876	0.00700	0.00402	0.00867
125	0.30500	0.01652	0.08962	0.10806	0.26781	0.05333	0.03321	0.01954	0.01326	0.02306	0.01079	0.01373	0.00857	0.00600	0.00552	0.00198	0.00730	0.00481	0.00341	0.00846
126	0.01535	0.44475	0.34903	0.01434	0.02167	0.02085	0.01678	0.01985	0.01336	0.01755	0.01015	0.01183	0.00824	0.00580	0.00504	0.00168	0.00809	0.00404	0.00275	0.00885
127	0.00926	0.00680	0.00975	0.00975	0.01069	0.00773	0.00729	0.01113	0.01020	0.01453	0.01789	0.02859	0.01755	0.18599	0.61170	0.00960	0.01521	0.00739	0.00355	0.00542
128	0.00923	0.00692	0.01038	0.01038	0.01154	0.00808	0.00808	0.01154	0.01038	0.01500	0.01731	0.02538	0.01615	0.04846	0.74732	0.01038	0.01731	0.00692	0.00346	0.00577
129	0.02353	0.04493	0.05464	0.05385	0.01867	0.02992	0.01087	0.08414	0.05940	0.43306	0.04005	0.03557	0.01579	0.00789	0.00632	0.00193	0.00606	0.00638	0.00656	0.06042
130	0.01035	0.00687	0.00902	0.00833	0.01007	0.00630	0.00630	0.01336	0.01830	0.06898	0.68659	0.04667	0.05824	0.01289	0.00755	0.00203	0.00320	0.01137	0.00717	0.00639
131	0.00764	0.00655	0.00655	0.00655	0.00873	0.00545	0.00491	0.00927	0.01473	0.01745	0.06546	0.06218	0.73000	0.01636	0.00764	0.00218	0.00327	0.01364	0.00600	0.00545
132	0.01305	0.03276	0.71045	0.01878	0.02821	0.01506	0.05220	0.02047	0.01371	0.02047	0.01166	0.01380	0.00825	0.00611	0.00620	0.00205	0.00960	0.00489	0.00275	0.00951
133	0.01370	0.01337	0.01851	0.01596	0.01606	0.01845	0.01319	0.01511	0.01011	0.01572	0.01091	0.01691	0.02937	0.04283	0.02084	0.00291	0.68746	0.00604	0.02570	0.00686
134	0.01204	0.00602	0.00602	0.00602	0.00753	0.00602	0.00452	0.01506	0.01355	0.02409	0.02108	0.02409	0.01656	0.00753	0.00452	0.00151	0.00301	0.00602	0.80879	0.00602
135	0.01976	0.01814	0.01653	0.01425	0.01823	0.15473	0.01118	0.20570	0.41212	0.02842	0.02047	0.01956	0.01534	0.00811	0.00641	0.00203	0.00686	0.00633	0.00594	0.00991
136	0.01584	0.03911	0.24148	0.01488	0.02055	0.01631	0.01467	0.08633	0.42514	0.02584	0.02038	0.01979	0.01511	0.00778	0.00637	0.00211	0.00671	0.00630	0.00527	0.01003
137	0.01022	0.00687	0.00881	0.00817	0.00998	0.00624	0.00618	0.01309	0.01794	0.06898	0.61756	0.04807	0.12689	0.01321	0.00755	0.00205	0.00322	0.01157	0.00705	0.00633
138	0.00787	0.00565	0.00747	0.00892	0.00935	0.00525	0.00597	0.00900	0.01244	0.01652	0.03649	0.74791	0.06297	0.02013	0.00823	0.00261	0.00373	0.01823	0.00600	0.00525

[dist]
# distance from previous block
# <min> <max>
0	1

[block]
# block no. 4 follows, 34 sequences, length 61
# corresponding to MSA columns:
# 292-352
