[name]
unknown

[dist]
# distance from previous block
# <min> <max>
1	29

[block]
# block no. 0 follows, 38 sequences, length 14
# corresponding to MSA columns:
# 29-42
name=unknown_A
#
# <colnr> <probs for GDERKNQSTAVLIFYWHMCP>
#	G	D	E	R	K	N	Q	S	T	A	V	L	I	F	Y	W	H	M	C	P
0	0.04523	0.01136	0.01045	0.03386	0.03051	0.14263	0.00739	0.04639	0.06043	0.01764	0.04053	0.15995	0.04730	0.17618	0.05268	0.00314	0.00637	0.00842	0.09362	0.00591
1	0.04357	0.01101	0.01239	0.04179	0.07181	0.07548	0.00921	0.12546	0.02896	0.03852	0.05175	0.20587	0.05814	0.04889	0.06130	0.00281	0.01976	0.08170	0.00484	0.00673
2	0.01062	0.00912	0.01367	0.01195	0.04112	0.00872	0.13714	0.03653	0.06265	0.01987	0.14018	0.06796	0.22898	0.02670	0.04828	0.00240	0.00548	0.00929	0.08579	0.03356
3	0.03750	0.01099	0.01485	0.01226	0.01511	0.05933	0.16338	0.05238	0.05142	0.01890	0.04731	0.10578	0.24279	0.05517	0.00843	0.00222	0.03167	0.00939	0.05470	0.00641
4	0.01302	0.01191	0.01822	0.13598	0.13290	0.03249	0.12952	0.05770	0.09982	0.02018	0.08127	0.02219	0.05265	0.01121	0.08298	0.00269	0.02409	0.00676	0.05691	0.00752
5	0.01136	0.01069	0.01804	0.77412	0.04143	0.01337	0.01671	0.01537	0.01203	0.01537	0.01069	0.01604	0.00802	0.00601	0.00601	0.00200	0.00802	0.00535	0.00267	0.00668
6	0.27379	0.01388	0.01389	0.05135	0.01653	0.08703	0.04404	0.16861	0.08359	0.07387	0.01441	0.04859	0.01140	0.00784	0.02120	0.00202	0.00624	0.00538	0.04852	0.00780
7	0.00727	0.00600	0.00639	0.00651	0.00828	0.00511	0.00480	0.00887	0.01377	0.01691	0.12481	0.14427	0.59544	0.01538	0.00718	0.00207	0.00308	0.01305	0.00569	0.00511
8	0.02011	0.01426	0.01543	0.01220	0.01618	0.01565	0.00992	0.54456	0.04094	0.05216	0.01583	0.01720	0.01188	0.04009	0.04030	0.00227	0.00644	0.00567	0.10976	0.00915
9	0.01491	0.01257	0.01342	0.01210	0.01537	0.01440	0.00945	0.07765	0.62748	0.02526	0.02452	0.06448	0.01952	0.00896	0.00627	0.00207	0.00485	0.03148	0.00607	0.00918
10	0.01918	0.01502	0.01598	0.01310	0.01725	0.01693	0.01054	0.40481	0.36048	0.03196	0.01913	0.01818	0.01403	0.00766	0.00607	0.00192	0.00575	0.00606	0.00607	0.00990
11	0.01929	0.01191	0.01307	0.01074	0.01441	0.05224	0.00858	0.16432	0.11752	0.24760	0.04402	0.03673	0.01569	0.00883	0.03085	0.00200	0.00555	0.00610	0.12618	0.06438
12	0.01434	0.00941	0.01108	0.00910	0.01246	0.00871	0.00719	0.09746	0.06542	0.13661	0.22598	0.02875	0.09571	0.00889	0.00597	0.00165	0.00412	0.00744	0.06142	0.18830
13	0.01143	0.00773	0.01036	0.18265	0.01689	0.00830	0.00846	0.05182	0.03350	0.05693	0.03807	0.26786	0.02281	0.01105	0.00616	0.00199	0.00467	0.02969	0.22343	0.00621

[dist]
# distance from previous block
# <min> <max>
0	2

[block]
# block no. 1 follows, 38 sequences, length 10
# corresponding to MSA columns:
# 45-54
name=unknown_B
#
# <colnr> <probs for GDERKNQSTAVLIFYWHMCP>
#	G	D	E	R	K	N	Q	S	T	A	V	L	I	F	Y	W	H	M	C	P
0	0.01487	0.03495	0.11275	0.01418	0.01750	0.05336	0.09881	0.09135	0.01365	0.08131	0.01340	0.01756	0.01109	0.05589	0.11159	0.02390	0.16675	0.00571	0.05406	0.00733
1	0.74806	0.01217	0.00979	0.00852	0.01236	0.01403	0.00702	0.09096	0.01209	0.02811	0.00900	0.01025	0.00690	0.00575	0.00396	0.00186	0.00486	0.00348	0.00396	0.00690
2	0.01489	0.01429	0.02442	0.03692	0.75106	0.01429	0.01846	0.01846	0.01370	0.01965	0.01132	0.01489	0.00953	0.00536	0.00596	0.00179	0.00715	0.00536	0.00298	0.00953
3	0.01249	0.01189	0.01989	0.51302	0.24285	0.01397	0.01698	0.01620	0.01232	0.01654	0.01069	0.01552	0.00844	0.00613	0.00690	0.00198	0.05861	0.00534	0.00276	0.00749
4	0.02247	0.02867	0.01705	0.01550	0.01860	0.76443	0.01162	0.02402	0.01705	0.01472	0.00930	0.01085	0.00775	0.00620	0.00542	0.00155	0.01085	0.00387	0.00310	0.00697
5	0.00875	0.00583	0.00656	0.00656	0.00656	0.00583	0.00365	0.00875	0.00875	0.01166	0.01895	0.03937	0.02187	0.78858	0.03062	0.00583	0.00583	0.00875	0.00365	0.00365
6	0.01173	0.01107	0.01872	0.69622	0.11642	0.01346	0.01689	0.01570	0.01221	0.01582	0.01076	0.01592	0.00818	0.00595	0.00601	0.00198	0.00793	0.00535	0.00271	0.00698
7	0.01516	0.01519	0.02282	0.03185	0.57617	0.09072	0.04904	0.01852	0.01408	0.01898	0.01301	0.01935	0.01161	0.00646	0.00617	0.00186	0.00752	0.06942	0.00323	0.00884
8	0.00860	0.00586	0.00652	0.00652	0.00670	0.00576	0.00373	0.00874	0.00920	0.01208	0.02277	0.04105	0.08796	0.71825	0.02848	0.00549	0.00558	0.00911	0.00382	0.00378
9	0.09588	0.02989	0.03378	0.01162	0.01475	0.06697	0.10485	0.04235	0.03068	0.01915	0.05095	0.24157	0.08502	0.01153	0.02638	0.00212	0.00583	0.00928	0.00445	0.11296

[dist]
# distance from previous block
# <min> <max>
1	2

[block]
# block no. 2 follows, 38 sequences, length 13
# corresponding to MSA columns:
# 57-69
name=unknown_C
#
# <colnr> <probs for GDERKNQSTAVLIFYWHMCP>
#	G	D	E	R	K	N	Q	S	T	A	V	L	I	F	Y	W	H	M	C	P
0	0.04459	0.02365	0.01539	0.01361	0.01701	0.55850	0.01032	0.04299	0.01631	0.01659	0.01344	0.01463	0.06275	0.00664	0.00538	0.00151	0.00907	0.00451	0.00346	0.11964
1	0.01507	0.07123	0.02262	0.06321	0.53665	0.01468	0.01593	0.08389	0.01447	0.02011	0.01198	0.01649	0.01039	0.06880	0.00780	0.00209	0.00698	0.00548	0.00327	0.00886
2	0.01136	0.01069	0.01804	0.77412	0.04143	0.01337	0.01671	0.01537	0.01203	0.01537	0.01069	0.01604	0.00802	0.00601	0.00601	0.00200	0.00802	0.00535	0.00267	0.00668
3	0.83108	0.01163	0.00884	0.00791	0.01163	0.01350	0.00651	0.01768	0.01024	0.02699	0.00838	0.00977	0.00651	0.00558	0.00372	0.00186	0.00465	0.00326	0.00372	0.00651
4	0.04421	0.01431	0.01513	0.01258	0.01662	0.01604	0.01006	0.30238	0.40788	0.02993	0.01945	0.01849	0.01440	0.00755	0.00593	0.00189	0.00547	0.00601	0.00589	0.04578
5	0.01235	0.01478	0.12137	0.48826	0.09162	0.06673	0.01657	0.01644	0.01263	0.01627	0.01196	0.01809	0.00971	0.00785	0.03251	0.00225	0.00843	0.04217	0.00288	0.00713
6	0.01199	0.01169	0.10263	0.00982	0.01304	0.05296	0.03038	0.04171	0.01496	0.10243	0.14062	0.08947	0.31048	0.03176	0.00732	0.00206	0.00490	0.00987	0.00531	0.00658
7	0.00901	0.00644	0.00786	0.00761	0.00789	0.00684	0.00491	0.00966	0.00991	0.01365	0.11042	0.03684	0.02471	0.56931	0.09237	0.00545	0.06037	0.00857	0.00391	0.00426
8	0.01505	0.01495	0.02316	0.11785	0.61745	0.06968	0.01776	0.01853	0.01376	0.01881	0.01110	0.01472	0.00923	0.00550	0.00592	0.00179	0.00752	0.00525	0.00295	0.00902
9	0.01477	0.02171	0.31229	0.02258	0.19305	0.06508	0.16527	0.01968	0.01382	0.07041	0.01271	0.03859	0.00990	0.00607	0.00612	0.00189	0.00845	0.00568	0.00322	0.00872
10	0.01574	0.01479	0.11849	0.12321	0.08584	0.01251	0.20720	0.04138	0.01445	0.16675	0.01649	0.05220	0.01333	0.00749	0.00683	0.00204	0.02464	0.06417	0.00420	0.00825
11	0.01370	0.01526	0.03243	0.15675	0.03319	0.01489	0.60418	0.01859	0.01382	0.01859	0.01191	0.01619	0.00893	0.00524	0.00691	0.00202	0.00977	0.00679	0.00298	0.00786
12	0.01600	0.01275	0.04633	0.20744	0.17265	0.01301	0.05131	0.05373	0.07389	0.16117	0.04178	0.01909	0.03512	0.00715	0.00710	0.00196	0.06069	0.00608	0.00433	0.00841

[dist]
# distance from previous block
# <min> <max>
4	7

[block]
# block no. 3 follows, 38 sequences, length 8
# corresponding to MSA columns:
# 77-84
name=unknown_D
#
# <colnr> <probs for GDERKNQSTAVLIFYWHMCP>
#	G	D	E	R	K	N	Q	S	T	A	V	L	I	F	Y	W	H	M	C	P
0	0.07154	0.25810	0.10830	0.11932	0.05286	0.06275	0.04488	0.01748	0.01276	0.01758	0.03200	0.01308	0.00950	0.00553	0.00491	0.00152	0.00683	0.00427	0.00304	0.15375
1	0.00845	0.00961	0.11322	0.00879	0.01126	0.00674	0.00788	0.01090	0.01318	0.01728	0.13265	0.13252	0.31478	0.07093	0.05000	0.00280	0.00503	0.07332	0.00502	0.00563
2	0.01294	0.01195	0.06390	0.01280	0.10384	0.00894	0.00934	0.01578	0.01261	0.05295	0.01300	0.05527	0.01149	0.04688	0.00635	0.00146	0.00514	0.00494	0.00371	0.54671
3	0.00903	0.00696	0.00798	0.00773	0.00928	0.00669	0.00570	0.06109	0.01436	0.01867	0.18570	0.13368	0.32558	0.12143	0.01074	0.00260	0.02522	0.03667	0.00548	0.00541
4	0.01230	0.22358	0.04869	0.01160	0.01389	0.01459	0.02599	0.01417	0.01083	0.03248	0.01419	0.11013	0.01439	0.07247	0.16871	0.00387	0.19172	0.00666	0.00329	0.00644
5	0.01579	0.12494	0.02193	0.09051	0.32619	0.13172	0.01461	0.02034	0.10266	0.01803	0.01189	0.01443	0.00983	0.00625	0.00665	0.00179	0.06575	0.00500	0.00327	0.00841
6	0.06754	0.00867	0.01295	0.38280	0.02502	0.01015	0.01117	0.01314	0.01187	0.01674	0.10379	0.10314	0.01928	0.08187	0.10385	0.00333	0.00750	0.00755	0.00369	0.00593
7	0.63618	0.01168	0.01050	0.09802	0.01560	0.01366	0.00807	0.01915	0.09905	0.02541	0.01060	0.01204	0.00813	0.00595	0.00428	0.00190	0.00506	0.00393	0.00389	0.00690

[dist]
# distance from previous block
# <min> <max>
4	9

[block]
# block no. 4 follows, 38 sequences, length 32
# corresponding to MSA columns:
# 94-116,132-140
name=unknown_E
#
# <colnr> <probs for GDERKNQSTAVLIFYWHMCP>
#	G	D	E	R	K	N	Q	S	T	A	V	L	I	F	Y	W	H	M	C	P
0	0.21552	0.30791	0.04270	0.01309	0.06127	0.23805	0.01062	0.01976	0.01326	0.01792	0.00890	0.01045	0.00755	0.00559	0.00447	0.00155	0.00742	0.00359	0.00303	0.00735
1	0.44340	0.16645	0.05209	0.01186	0.04803	0.11686	0.03047	0.01867	0.01190	0.02159	0.00885	0.01054	0.00722	0.00569	0.00468	0.00173	0.02595	0.00365	0.00328	0.00711
2	0.03880	0.01681	0.09424	0.10742	0.35689	0.07934	0.10319	0.01958	0.06520	0.01911	0.01187	0.01495	0.00947	0.00587	0.00641	0.00188	0.03184	0.00539	0.00316	0.00859
3	0.00889	0.00622	0.00801	0.00848	0.03192	0.00648	0.00527	0.00954	0.00925	0.01266	0.01836	0.06847	0.02017	0.51014	0.21947	0.03205	0.00842	0.00832	0.00357	0.00431
4	0.00913	0.00811	0.03454	0.00939	0.01132	0.00743	0.05139	0.01192	0.01561	0.02173	0.51782	0.04163	0.15296	0.01195	0.00803	0.00198	0.06308	0.01028	0.00581	0.00591
5	0.01389	0.01903	0.26403	0.01493	0.04999	0.07478	0.05794	0.04111	0.14803	0.05361	0.07761	0.07177	0.03246	0.02805	0.00677	0.00203	0.00686	0.00683	0.02219	0.00810
6	0.00765	0.00614	0.00684	0.00673	0.00855	0.00533	0.00510	0.00964	0.01479	0.01886	0.28234	0.05403	0.50129	0.01433	0.00714	0.00201	0.00306	0.03496	0.00592	0.00529
7	0.01490	0.01077	0.01335	0.00965	0.01491	0.00835	0.02718	0.01758	0.01330	0.14020	0.01287	0.01389	0.00990	0.00496	0.00479	0.00108	0.00472	0.00407	0.00419	0.66934
8	0.01263	0.03033	0.72927	0.01690	0.02563	0.01378	0.02172	0.01944	0.01287	0.04692	0.01129	0.01300	0.00790	0.00578	0.00573	0.00190	0.00875	0.00451	0.00273	0.00894
9	0.01159	0.00963	0.01489	0.05393	0.24938	0.00982	0.01280	0.01512	0.03652	0.01863	0.02411	0.04720	0.02490	0.01228	0.00739	0.00240	0.00614	0.43167	0.00461	0.00699
10	0.00775	0.00652	0.00677	0.00663	0.00868	0.00575	0.00500	0.01037	0.05902	0.01765	0.13249	0.05431	0.62911	0.01448	0.00705	0.00202	0.00313	0.01214	0.00573	0.00542
11	0.01337	0.01066	0.01257	0.00902	0.01432	0.00807	0.00723	0.01602	0.01277	0.06512	0.01150	0.01297	0.00928	0.00464	0.00455	0.00095	0.00450	0.00372	0.00380	0.77493
12	0.01251	0.09532	0.66226	0.01694	0.02538	0.01487	0.05378	0.01897	0.01273	0.01864	0.01065	0.01260	0.00770	0.00564	0.00562	0.00186	0.00874	0.00446	0.00257	0.00875
13	0.00727	0.00548	0.00673	0.00773	0.00856	0.00494	0.00530	0.00845	0.01214	0.01561	0.04104	0.57853	0.24083	0.01782	0.00752	0.00233	0.00336	0.01585	0.00558	0.00494
14	0.00745	0.00611	0.00656	0.00645	0.00833	0.00522	0.00484	0.00929	0.01451	0.01815	0.22631	0.05478	0.58207	0.01453	0.00711	0.00200	0.00300	0.01226	0.00584	0.00522
15	0.00851	0.00615	0.00804	0.00757	0.00899	0.00568	0.00568	0.01135	0.01703	0.02412	0.74788	0.04494	0.05676	0.01230	0.00710	0.00189	0.00284	0.01088	0.00662	0.00568
16	0.01247	0.01069	0.01247	0.00891	0.01426	0.00802	0.00713	0.01515	0.01247	0.01960	0.01069	0.01247	0.00891	0.00446	0.00446	0.00089	0.00446	0.00356	0.00356	0.82536
17	0.01868	0.48812	0.02598	0.01205	0.01670	0.18137	0.01078	0.14866	0.01617	0.01859	0.00967	0.01078	0.00818	0.00575	0.00459	0.00144	0.00741	0.00376	0.00331	0.00802
18	0.00742	0.00530	0.00708	0.00848	0.00887	0.00496	0.00574	0.00853	0.01161	0.01546	0.03311	0.75753	0.03959	0.01876	0.00770	0.00246	0.00357	0.04334	0.00558	0.00491
19	0.01418	0.06002	0.28530	0.01697	0.10755	0.03683	0.01529	0.02473	0.33137	0.02142	0.01668	0.01702	0.01256	0.00673	0.00582	0.00191	0.00681	0.00551	0.00418	0.00913
20	0.44524	0.27735	0.01762	0.00975	0.01387	0.11991	0.00849	0.01866	0.01184	0.02098	0.00850	0.00988	0.00709	0.00552	0.00400	0.00162	0.00610	0.00333	0.00325	0.00698
21	0.00963	0.00575	0.00622	0.00622	0.00672	0.00575	0.00385	0.01063	0.01013	0.01552	0.01919	0.03330	0.01956	0.50875	0.02116	0.00425	0.00475	0.00762	0.29664	0.00435
22	0.01530	0.04276	0.11477	0.04359	0.44412	0.07729	0.03482	0.01929	0.03227	0.03920	0.01147	0.01436	0.00931	0.00587	0.00659	0.00181	0.05102	0.00510	0.00311	0.02794
23	0.00761	0.00535	0.00690	0.00802	0.00830	0.00507	0.00521	0.00845	0.01098	0.01464	0.03038	0.63907	0.03629	0.16921	0.01216	0.00311	0.00395	0.01547	0.00521	0.00464
24	0.01478	0.01418	0.02422	0.06006	0.72879	0.01426	0.01841	0.01837	0.01365	0.01952	0.01130	0.01493	0.00948	0.00538	0.00596	0.00179	0.00717	0.00536	0.00297	0.00944
25	0.01247	0.01069	0.01247	0.00891	0.01426	0.00802	0.00713	0.01515	0.01247	0.01960	0.01069	0.01247	0.00891	0.00446	0.00446	0.00089	0.00446	0.00356	0.00356	0.82536
26	0.00859	0.00645	0.00967	0.00967	0.01074	0.00752	0.00752	0.01074	0.00967	0.01396	0.01611	0.02363	0.01504	0.04512	0.76474	0.00967	0.01611	0.00645	0.00322	0.00537
27	0.00851	0.00615	0.00804	0.00757	0.00899	0.00568	0.00568	0.01135	0.01703	0.02412	0.74788	0.04494	0.05676	0.01230	0.00710	0.00189	0.00284	0.01088	0.00662	0.00568
28	0.02262	0.01634	0.01763	0.01362	0.01835	0.01802	0.01122	0.66188	0.06666	0.06886	0.01540	0.01515	0.01088	0.00728	0.00602	0.00182	0.00645	0.00552	0.00609	0.01019
29	0.00859	0.00645	0.00967	0.00967	0.01074	0.00752	0.00752	0.01074	0.00967	0.01396	0.01611	0.02363	0.01504	0.04512	0.76474	0.00967	0.01611	0.00645	0.00322	0.00537
30	0.01358	0.01259	0.02131	0.36042	0.36783	0.01394	0.03405	0.01724	0.01287	0.03799	0.01126	0.01551	0.00893	0.00593	0.00662	0.00193	0.04153	0.00541	0.00295	0.00813
31	0.02118	0.01010	0.01289	0.01038	0.01417	0.00951	0.00838	0.08806	0.08203	0.45325	0.19464	0.02591	0.02471	0.00864	0.00630	0.00188	0.00468	0.00720	0.00701	0.00909

[dist]
# distance from previous block
# <min> <max>
0	1

[block]
# block no. 5 follows, 38 sequences, length 38
# corresponding to MSA columns:
# 142-179
name=unknown_F
#
# <colnr> <probs for GDERKNQSTAVLIFYWHMCP>
#	G	D	E	R	K	N	Q	S	T	A	V	L	I	F	Y	W	H	M	C	P
0	0.01561	0.49567	0.18715	0.03363	0.01880	0.09670	0.01332	0.01864	0.01269	0.01532	0.00903	0.01075	0.00772	0.00562	0.00512	0.00152	0.03856	0.00369	0.00262	0.00782
1	0.00874	0.00648	0.00811	0.00765	0.00916	0.00611	0.00570	0.01208	0.05374	0.02301	0.62354	0.04464	0.11140	0.04363	0.00799	0.00207	0.00308	0.01074	0.00639	0.00574
2	0.01068	0.04183	0.09322	0.01127	0.06203	0.00878	0.00915	0.03596	0.02799	0.04721	0.24102	0.03715	0.18452	0.01542	0.10198	0.00292	0.00606	0.05118	0.00505	0.00658
3	0.01441	0.01732	0.07023	0.02405	0.05344	0.06065	0.59821	0.01923	0.01438	0.01917	0.03930	0.01674	0.01075	0.00545	0.00689	0.00198	0.00975	0.00685	0.00315	0.00804
4	0.07903	0.01649	0.08021	0.05918	0.01968	0.01646	0.01197	0.46882	0.06894	0.09708	0.01493	0.01510	0.01054	0.00698	0.00584	0.00185	0.00651	0.00532	0.00549	0.00959
5	0.01305	0.02654	0.58298	0.01746	0.06986	0.01333	0.03339	0.01966	0.04063	0.05751	0.03721	0.01477	0.01027	0.00605	0.00580	0.00187	0.00811	0.00492	0.00314	0.03347
6	0.00874	0.00588	0.00678	0.00678	0.00686	0.00595	0.00392	0.00889	0.00881	0.01183	0.01875	0.03824	0.02138	0.73553	0.08300	0.00611	0.00657	0.00858	0.00361	0.00377
7	0.01496	0.01292	0.01360	0.01224	0.01564	0.01496	0.00952	0.03197	0.74019	0.02516	0.02448	0.02244	0.01836	0.00816	0.00612	0.00204	0.00476	0.00680	0.00612	0.00952
8	0.02392	0.01207	0.01485	0.01130	0.01609	0.01135	0.00930	0.21503	0.01953	0.46379	0.01948	0.01778	0.01284	0.00698	0.00583	0.00172	0.00543	0.00554	0.00654	0.12062
9	0.01303	0.01725	0.17987	0.05898	0.24272	0.01339	0.25232	0.01754	0.01332	0.01871	0.01400	0.10434	0.01244	0.00694	0.00649	0.00198	0.00812	0.00711	0.00320	0.00826
10	0.01598	0.75141	0.03173	0.01109	0.01628	0.02335	0.04809	0.01808	0.01233	0.01442	0.00856	0.01000	0.00779	0.00514	0.00403	0.00133	0.00663	0.00342	0.00260	0.00774
11	0.00733	0.00524	0.00698	0.00838	0.00873	0.00489	0.00558	0.00838	0.01152	0.01536	0.03316	0.78466	0.03979	0.01885	0.00768	0.00244	0.00349	0.01710	0.00558	0.00489
12	0.00874	0.00585	0.00668	0.00668	0.00672	0.00589	0.00379	0.00882	0.00878	0.01175	0.01885	0.03879	0.02162	0.76116	0.05770	0.00597	0.00621	0.00866	0.00363	0.00371
13	0.01866	0.18961	0.01905	0.01349	0.01658	0.46012	0.01077	0.02036	0.01505	0.01504	0.03899	0.04298	0.01187	0.00854	0.03199	0.00191	0.04890	0.02591	0.00327	0.00689
14	0.02118	0.01013	0.03588	0.01042	0.01426	0.00871	0.00870	0.06496	0.01721	0.48842	0.14990	0.07214	0.02399	0.00928	0.00641	0.00194	0.00485	0.03588	0.00688	0.00889
15	0.00829	0.00610	0.00738	0.00706	0.00864	0.00551	0.00529	0.01078	0.01588	0.02191	0.52160	0.04712	0.24011	0.01278	0.00693	0.00190	0.00289	0.01106	0.05323	0.00551
16	0.00859	0.00645	0.00967	0.00967	0.01074	0.00752	0.00752	0.01074	0.00967	0.01396	0.01611	0.02363	0.01504	0.04512	0.76474	0.00967	0.01611	0.00645	0.00322	0.00537
17	0.06684	0.01296	0.01533	0.01182	0.01648	0.01301	0.00976	0.30956	0.02129	0.43054	0.01922	0.01751	0.01259	0.00726	0.00592	0.00184	0.00570	0.00565	0.00668	0.01004
18	0.01566	0.05541	0.10441	0.06622	0.25223	0.03986	0.15057	0.07715	0.01489	0.06261	0.01207	0.01460	0.00931	0.00558	0.00588	0.00174	0.00760	0.00528	0.00348	0.09547
19	0.01489	0.01429	0.02442	0.03692	0.75106	0.01429	0.01846	0.01846	0.01370	0.01965	0.01132	0.01489	0.00953	0.00536	0.00596	0.00179	0.00715	0.00536	0.00298	0.00953
20	0.00730	0.00610	0.00636	0.00630	0.00824	0.00516	0.00472	0.00901	0.01417	0.01733	0.15551	0.05611	0.65337	0.01483	0.00711	0.00201	0.00302	0.01245	0.00573	0.00516
21	0.01125	0.01147	0.08113	0.05515	0.13153	0.03005	0.02852	0.03309	0.01444	0.04735	0.14411	0.06684	0.27498	0.01082	0.00704	0.00197	0.02949	0.00920	0.00475	0.00682
22	0.03167	0.17816	0.30405	0.05670	0.13422	0.07547	0.01613	0.01891	0.03017	0.03769	0.01292	0.03658	0.02979	0.00635	0.00544	0.00176	0.00763	0.00501	0.00308	0.00826
23	0.01647	0.74762	0.03075	0.01050	0.01562	0.02351	0.01036	0.05901	0.01315	0.01552	0.00871	0.00993	0.00786	0.00527	0.00398	0.00132	0.00644	0.00334	0.00277	0.00786
24	0.00876	0.00589	0.00694	0.00691	0.00709	0.00595	0.00413	0.00905	0.00928	0.01255	0.06042	0.03784	0.02302	0.66215	0.09142	0.02586	0.00652	0.00859	0.00376	0.00388
25	0.01558	0.04137	0.12480	0.02805	0.41931	0.09252	0.10166	0.01945	0.01397	0.04836	0.01167	0.01462	0.00934	0.00655	0.02524	0.00200	0.00825	0.00528	0.00311	0.00888
26	0.03629	0.01934	0.18528	0.01932	0.18763	0.12122	0.01485	0.09292	0.01601	0.19818	0.01403	0.01494	0.01008	0.00645	0.00633	0.00183	0.03686	0.00506	0.00428	0.00908
27	0.64367	0.11285	0.01282	0.00967	0.03593	0.06809	0.00774	0.01820	0.01108	0.02425	0.00853	0.00999	0.00685	0.00556	0.00393	0.00176	0.00540	0.00336	0.00351	0.00680
28	0.01515	0.03950	0.05277	0.07058	0.53433	0.02941	0.10464	0.01892	0.01379	0.04622	0.01169	0.01499	0.00944	0.00546	0.00602	0.00181	0.00760	0.00547	0.00311	0.00910
29	0.00732	0.00527	0.00695	0.00829	0.00870	0.00489	0.00555	0.00839	0.01160	0.01539	0.03421	0.75722	0.06655	0.01871	0.00766	0.00243	0.00347	0.01694	0.00558	0.00489
30	0.09887	0.30619	0.06247	0.01426	0.06488	0.18072	0.03732	0.04738	0.05547	0.04127	0.01065	0.01203	0.00870	0.00595	0.00532	0.00162	0.03157	0.00415	0.00333	0.00787
31	0.04544	0.11340	0.36272	0.01438	0.04725	0.01378	0.01536	0.05912	0.01391	0.09929	0.01202	0.01321	0.00882	0.00568	0.00526	0.00164	0.00706	0.00436	0.00351	0.15382
32	0.01824	0.37300	0.06828	0.01392	0.03766	0.26667	0.03905	0.07344	0.01511	0.01672	0.00967	0.01147	0.00825	0.01874	0.00527	0.00157	0.00820	0.00397	0.00305	0.00773
33	0.76517	0.01178	0.00933	0.00826	0.01197	0.01359	0.00678	0.05848	0.01131	0.02734	0.00931	0.02832	0.00751	0.00599	0.00395	0.00187	0.00474	0.00371	0.00390	0.00669
34	0.01776	0.11230	0.21283	0.01562	0.02121	0.16208	0.08410	0.20485	0.07180	0.02299	0.01232	0.01351	0.00928	0.00625	0.00569	0.00176	0.00821	0.00488	0.00387	0.00870
35	0.01646	0.01207	0.01393	0.01025	0.01540	0.01057	0.00831	0.18258	0.01665	0.10397	0.01298	0.01380	0.00987	0.00542	0.00499	0.00121	0.00503	0.00426	0.00456	0.54769
36	0.01017	0.00867	0.02871	0.01405	0.13043	0.00821	0.02813	0.01388	0.09447	0.03042	0.08496	0.42645	0.05242	0.01393	0.00709	0.00221	0.00454	0.02956	0.00520	0.00651
37	0.01573	0.05161	0.45322	0.01682	0.05384	0.16827	0.01792	0.06182	0.04242	0.04651	0.01164	0.01308	0.00856	0.00603	0.00565	0.00181	0.00871	0.00453	0.00319	0.00864

[dist]
# distance from previous block
# <min> <max>
0	1

[block]
# block no. 6 follows, 38 sequences, length 17
# corresponding to MSA columns:
# 181-197
name=unknown_G
#
# <colnr> <probs for GDERKNQSTAVLIFYWHMCP>
#	G	D	E	R	K	N	Q	S	T	A	V	L	I	F	Y	W	H	M	C	P
0	0.02208	0.01786	0.01732	0.01369	0.01802	0.11805	0.01106	0.59865	0.02576	0.03344	0.01399	0.01525	0.01050	0.04765	0.00722	0.00198	0.00715	0.00538	0.00550	0.00945
1	0.01481	0.08322	0.31873	0.01382	0.02030	0.07243	0.04819	0.01917	0.01355	0.09033	0.02771	0.01387	0.00982	0.00565	0.00534	0.00156	0.00723	0.00449	0.00345	0.22633
2	0.01402	0.04900	0.32172	0.01455	0.03748	0.10303	0.01486	0.01806	0.01292	0.07941	0.02537	0.01908	0.01215	0.03964	0.13031	0.00331	0.05319	0.04086	0.00341	0.00765
3	0.01207	0.03112	0.75741	0.01715	0.02604	0.01397	0.02223	0.01905	0.01270	0.01905	0.01080	0.01270	0.00762	0.00572	0.00572	0.00191	0.00889	0.00445	0.00254	0.00889
4	0.01528	0.01444	0.04492	0.08028	0.34877	0.03598	0.11274	0.10197	0.03170	0.04636	0.01473	0.07947	0.01286	0.00716	0.00631	0.00192	0.00726	0.02537	0.00382	0.00866
5	0.00833	0.00645	0.00927	0.00967	0.01085	0.00596	0.04808	0.00998	0.01218	0.01624	0.03199	0.55686	0.07154	0.01679	0.00754	0.00237	0.00421	0.11858	0.00533	0.04778
6	0.01582	0.03144	0.01568	0.01356	0.03307	0.03950	0.04193	0.08565	0.59602	0.02520	0.02200	0.02071	0.01653	0.00776	0.00608	0.00198	0.00543	0.00650	0.00573	0.00939
7	0.01707	0.01250	0.04498	0.01174	0.05291	0.01027	0.00930	0.12064	0.01579	0.17444	0.01396	0.01454	0.01031	0.00557	0.00514	0.00131	0.00522	0.00447	0.00465	0.46518
8	0.01350	0.13742	0.48700	0.01831	0.07001	0.01575	0.11001	0.04591	0.01348	0.01913	0.01079	0.01291	0.00804	0.00559	0.00565	0.00182	0.00850	0.00470	0.00277	0.00871
9	0.01220	0.05399	0.60222	0.04145	0.02599	0.01403	0.09437	0.01847	0.01277	0.01863	0.01180	0.04574	0.00915	0.00619	0.00589	0.00192	0.00868	0.00524	0.00273	0.00853
10	0.02699	0.01024	0.01396	0.01070	0.01536	0.00884	0.00884	0.02932	0.01722	0.75522	0.02373	0.02048	0.01489	0.00745	0.00605	0.00186	0.00512	0.00605	0.00745	0.01024
11	0.01078	0.00930	0.04366	0.15188	0.14500	0.00906	0.01059	0.01300	0.03746	0.01645	0.10813	0.14375	0.02099	0.03641	0.03027	0.18958	0.00592	0.00804	0.00383	0.00591
12	0.01186	0.06803	0.07588	0.07877	0.08140	0.06752	0.03979	0.01519	0.04656	0.04111	0.07490	0.12801	0.20677	0.01069	0.00646	0.00197	0.00571	0.02809	0.00449	0.00678
13	0.01356	0.01373	0.05749	0.20639	0.23837	0.07391	0.07911	0.01684	0.01331	0.05146	0.01581	0.16247	0.01492	0.00826	0.00635	0.00198	0.00723	0.00762	0.00360	0.00761
14	0.02619	0.01063	0.01433	0.01106	0.01550	0.00966	0.00914	0.05561	0.01727	0.69326	0.02264	0.01990	0.01439	0.00758	0.00668	0.00190	0.04103	0.00599	0.00717	0.01007
15	0.01300	0.01370	0.09374	0.42330	0.12816	0.01354	0.04004	0.09896	0.01424	0.01906	0.01311	0.07814	0.01107	0.00705	0.00615	0.00198	0.00753	0.00628	0.00334	0.00760
16	0.01428	0.04148	0.02565	0.10456	0.49377	0.01446	0.15292	0.01809	0.01358	0.01891	0.01202	0.01690	0.01011	0.00575	0.00619	0.00187	0.00772	0.02992	0.00303	0.00878

[dist]
# distance from previous block
# <min> <max>
5	84

# created by:
# /home/cegg/simao/soft/augustus-3.2.1/scripts/msa2prfl.pl ./align_prep/EOG090W0IW0.fa
