[name]
unknown

[dist]
# distance from previous block
# <min> <max>
0	20

[block]
# block no. 0 follows, 41 sequences, length 13
# corresponding to MSA columns:
# 20-32
name=unknown_A
#
# <colnr> <probs for GDERKNQSTAVLIFYWHMCP>
#	G	D	E	R	K	N	Q	S	T	A	V	L	I	F	Y	W	H	M	C	P
0	0.01294	0.00993	0.01224	0.09997	0.01645	0.01076	0.00994	0.20783	0.08267	0.02230	0.02561	0.04061	0.09243	0.01143	0.00678	0.00218	0.00552	0.31841	0.00513	0.00687
1	0.02038	0.01503	0.01579	0.01242	0.01675	0.05148	0.01011	0.49170	0.12650	0.10239	0.01545	0.01507	0.01104	0.00679	0.00561	0.00168	0.00596	0.00520	0.00558	0.06506
2	0.00890	0.00627	0.00725	0.00737	0.00785	0.00644	0.00479	0.01082	0.08060	0.01325	0.02084	0.08973	0.02301	0.58060	0.02298	0.00465	0.00527	0.09107	0.00402	0.00429
3	0.00850	0.00548	0.00638	0.00638	0.00638	0.00548	0.00364	0.00822	0.00822	0.01096	0.01709	0.03513	0.01955	0.70938	0.02834	0.10077	0.00548	0.00793	0.00335	0.00335
4	0.00990	0.00834	0.01134	0.01109	0.06224	0.00801	0.07476	0.09502	0.03298	0.01860	0.06620	0.23729	0.31628	0.01270	0.00668	0.00199	0.00432	0.01120	0.00502	0.00603
5	0.01341	0.01218	0.01738	0.31279	0.24856	0.08516	0.01406	0.01649	0.01235	0.06595	0.01185	0.01586	0.00951	0.01145	0.12598	0.00293	0.00865	0.00516	0.00305	0.00723
6	0.24951	0.03444	0.01452	0.02835	0.12309	0.17895	0.00996	0.04570	0.09904	0.05507	0.01145	0.01266	0.00896	0.00584	0.00511	0.00163	0.02459	0.00421	0.00373	0.08321
7	0.18365	0.09089	0.07790	0.10262	0.25811	0.07998	0.03346	0.03730	0.01258	0.01919	0.00972	0.01221	0.00784	0.00528	0.00494	0.00164	0.00671	0.00426	0.00299	0.04873
8	0.02914	0.01287	0.03586	0.05120	0.13617	0.02939	0.05145	0.16845	0.04056	0.08395	0.01430	0.08940	0.01229	0.00818	0.02038	0.00194	0.10734	0.00611	0.00415	0.09688
9	0.03922	0.08498	0.03293	0.10890	0.11422	0.06122	0.05947	0.08244	0.03390	0.06653	0.20387	0.02283	0.05044	0.00760	0.00579	0.00173	0.00580	0.00654	0.00437	0.00722
10	0.08826	0.10419	0.01834	0.04813	0.15708	0.07732	0.05113	0.08295	0.06526	0.11186	0.01500	0.03326	0.04462	0.00687	0.00645	0.00177	0.07028	0.00540	0.00398	0.00785
11	0.16178	0.01490	0.10889	0.03762	0.15843	0.05274	0.02741	0.14684	0.04341	0.04323	0.06410	0.07087	0.01386	0.00718	0.00576	0.00181	0.02355	0.00583	0.00406	0.00775
12	0.09451	0.01473	0.08890	0.01814	0.21566	0.04463	0.03322	0.17177	0.05760	0.05162	0.03448	0.03627	0.02334	0.04698	0.00702	0.00195	0.02375	0.00559	0.00405	0.02579

[dist]
# distance from previous block
# <min> <max>
4	37

[block]
# block no. 1 follows, 41 sequences, length 18
# corresponding to MSA columns:
# 70-87
name=unknown_B
#
# <colnr> <probs for GDERKNQSTAVLIFYWHMCP>
#	G	D	E	R	K	N	Q	S	T	A	V	L	I	F	Y	W	H	M	C	P
0	0.01396	0.01537	0.09534	0.07436	0.19816	0.12799	0.01245	0.05181	0.07292	0.03354	0.07246	0.04238	0.04526	0.02432	0.00648	0.00178	0.02586	0.00588	0.00374	0.07593
1	0.03226	0.01484	0.10434	0.08755	0.14457	0.10277	0.01196	0.09637	0.04589	0.05142	0.07126	0.06788	0.05524	0.00842	0.02556	0.00192	0.00652	0.00626	0.00400	0.06098
2	0.01447	0.03165	0.03640	0.06060	0.20870	0.06565	0.01141	0.07728	0.08026	0.08250	0.06422	0.09988	0.03239	0.00782	0.00619	0.00175	0.03207	0.00663	0.00424	0.07588
3	0.04646	0.03936	0.12792	0.01440	0.06544	0.05235	0.10675	0.12795	0.04238	0.06894	0.10387	0.05566	0.03881	0.00726	0.00574	0.00171	0.00621	0.00629	0.00427	0.07820
4	0.01418	0.22757	0.08335	0.03396	0.14207	0.14538	0.01154	0.03543	0.01323	0.01631	0.06728	0.05709	0.04492	0.03147	0.00645	0.00173	0.03733	0.00556	0.00328	0.02188
5	0.10277	0.28636	0.11973	0.01442	0.08535	0.11329	0.05887	0.06108	0.01326	0.03578	0.00984	0.01158	0.00801	0.00652	0.02944	0.00177	0.00730	0.00401	0.00303	0.02759
6	0.03679	0.33673	0.06978	0.01324	0.06319	0.18318	0.03413	0.04863	0.01330	0.01643	0.00989	0.01171	0.00831	0.00568	0.00518	0.00148	0.04490	0.00393	0.08633	0.00719
7	0.01342	0.17148	0.50554	0.01382	0.02066	0.01406	0.01659	0.01829	0.01219	0.09238	0.01156	0.01388	0.00882	0.05583	0.00664	0.00193	0.00747	0.00442	0.00296	0.00806
8	0.01421	0.04791	0.44251	0.01409	0.02061	0.01407	0.01599	0.23532	0.01661	0.02309	0.01604	0.01682	0.08404	0.00676	0.00560	0.00178	0.00717	0.00526	0.00370	0.00843
9	0.00846	0.00671	0.00727	0.00709	0.00894	0.00619	0.00529	0.08609	0.01425	0.01786	0.08530	0.19956	0.49787	0.01423	0.00676	0.00198	0.00333	0.01209	0.00541	0.00534
10	0.03810	0.33180	0.07173	0.01065	0.01524	0.01600	0.00987	0.08903	0.10653	0.15635	0.01438	0.04654	0.01140	0.00640	0.00482	0.00154	0.00560	0.00483	0.00423	0.05496
11	0.02030	0.06727	0.09387	0.01326	0.01825	0.01760	0.01184	0.62485	0.02443	0.03281	0.01302	0.01328	0.00933	0.00660	0.00556	0.00169	0.00650	0.00492	0.00518	0.00945
12	0.01533	0.36986	0.13295	0.01148	0.01626	0.01772	0.01122	0.18816	0.06476	0.02027	0.01306	0.09080	0.01164	0.00694	0.00492	0.00159	0.00612	0.00528	0.00373	0.00791
13	0.01250	0.28301	0.28891	0.01192	0.01703	0.01491	0.01286	0.05287	0.04449	0.01682	0.01414	0.14473	0.01358	0.04103	0.00619	0.00186	0.00640	0.00618	0.00327	0.00732
14	0.01418	0.28553	0.44628	0.01351	0.02037	0.01591	0.01606	0.01877	0.01236	0.09214	0.01073	0.01185	0.00797	0.00542	0.00488	0.00161	0.00731	0.00399	0.00290	0.00821
15	0.01275	0.26107	0.33744	0.01230	0.01786	0.01463	0.01373	0.04692	0.01244	0.04187	0.01421	0.09667	0.03538	0.02202	0.03541	0.00203	0.00702	0.00563	0.00316	0.00747
16	0.05152	0.08778	0.22759	0.01391	0.09473	0.08831	0.01217	0.01591	0.01232	0.05334	0.03677	0.09795	0.05905	0.06646	0.03811	0.00231	0.00684	0.00641	0.00350	0.02503
17	0.01547	0.01332	0.06197	0.03297	0.11809	0.10217	0.02345	0.11334	0.03218	0.13862	0.10657	0.06955	0.06775	0.02543	0.05120	0.00228	0.00648	0.00694	0.00469	0.00751

[dist]
# distance from previous block
# <min> <max>
3	22

[block]
# block no. 2 follows, 41 sequences, length 34
# corresponding to MSA columns:
# 110-143
name=unknown_C
#
# <colnr> <probs for GDERKNQSTAVLIFYWHMCP>
#	G	D	E	R	K	N	Q	S	T	A	V	L	I	F	Y	W	H	M	C	P
0	0.01252	0.09112	0.24267	0.01186	0.01596	0.02717	0.03345	0.06034	0.04082	0.05740	0.12091	0.02192	0.01753	0.15134	0.02367	0.00259	0.05190	0.00610	0.00379	0.00693
1	0.01360	0.08245	0.31888	0.01387	0.01950	0.01368	0.07343	0.19227	0.01564	0.02143	0.01695	0.04593	0.08637	0.00920	0.04959	0.00220	0.00748	0.00591	0.00370	0.00791
2	0.01710	0.15831	0.22282	0.01314	0.01866	0.01674	0.01318	0.34255	0.06934	0.03903	0.02756	0.01368	0.01013	0.00629	0.00531	0.00167	0.00663	0.00473	0.00429	0.00883
3	0.01626	0.41045	0.17333	0.01206	0.01753	0.01918	0.01232	0.21589	0.03804	0.02086	0.01045	0.01136	0.00827	0.00562	0.00465	0.00150	0.00658	0.00396	0.00343	0.00826
4	0.03088	0.11323	0.47261	0.01445	0.02099	0.05596	0.01664	0.11719	0.01410	0.01971	0.01128	0.04849	0.00902	0.00628	0.00562	0.00175	0.02584	0.00475	0.00306	0.00813
5	0.08621	0.28107	0.31980	0.01246	0.01853	0.01620	0.01390	0.08058	0.01341	0.07977	0.02312	0.01213	0.00874	0.00561	0.00476	0.00160	0.00676	0.00405	0.00325	0.00805
6	0.01310	0.20065	0.27057	0.01169	0.01680	0.05463	0.01237	0.03049	0.04748	0.05640	0.05083	0.05461	0.07905	0.03028	0.00595	0.00175	0.00631	0.00574	0.00356	0.04771
7	0.03657	0.05488	0.24948	0.01357	0.03883	0.04013	0.06574	0.01575	0.01181	0.07595	0.01618	0.14722	0.03249	0.07106	0.00896	0.00221	0.08597	0.00704	0.00355	0.02260
8	0.01096	0.02651	0.67260	0.01520	0.02268	0.01223	0.01913	0.01698	0.01222	0.01812	0.05245	0.07070	0.01200	0.00668	0.00564	0.00185	0.00777	0.00543	0.00284	0.00801
9	0.01423	0.01229	0.01293	0.01164	0.01487	0.01423	0.00905	0.03039	0.75297	0.02393	0.02328	0.02134	0.01746	0.00776	0.00582	0.00194	0.00453	0.00647	0.00582	0.00905
10	0.02069	0.00978	0.01260	0.00970	0.01403	0.00843	0.00790	0.02390	0.06255	0.50128	0.06120	0.01910	0.01527	0.00671	0.00546	0.00156	0.00457	0.00550	0.00608	0.20368
11	0.01351	0.09692	0.09641	0.02198	0.02790	0.01520	0.60596	0.01818	0.01319	0.01781	0.01109	0.01450	0.00842	0.00488	0.00632	0.00185	0.00918	0.00616	0.00281	0.00774
12	0.01460	0.20464	0.44830	0.01425	0.02115	0.01477	0.05192	0.01937	0.01269	0.13002	0.01165	0.01268	0.00838	0.00553	0.00514	0.00167	0.00743	0.00431	0.00315	0.00835
13	0.01416	0.01359	0.02322	0.03511	0.76330	0.01359	0.01755	0.01755	0.01302	0.01869	0.01076	0.01416	0.00906	0.00510	0.00566	0.00170	0.00680	0.00510	0.00283	0.00906
14	0.01228	0.01167	0.01982	0.45492	0.35816	0.01310	0.01662	0.01591	0.01214	0.01641	0.01043	0.01477	0.00826	0.00544	0.00569	0.00181	0.00726	0.00509	0.00267	0.00755
15	0.00717	0.00531	0.00672	0.00759	0.00839	0.00486	0.00533	0.00854	0.01208	0.01588	0.12305	0.52954	0.17693	0.01642	0.00716	0.00220	0.00326	0.04934	0.00543	0.00480
16	0.01146	0.01076	0.01778	0.63752	0.14017	0.01291	0.01575	0.01588	0.05184	0.01569	0.01096	0.01543	0.00836	0.00574	0.00572	0.00188	0.00734	0.00516	0.00276	0.00688
17	0.00696	0.00502	0.00659	0.00784	0.00826	0.00466	0.00525	0.00798	0.01107	0.01465	0.03303	0.75299	0.07911	0.01772	0.00727	0.00230	0.00329	0.01602	0.00531	0.00466
18	0.02566	0.00973	0.01327	0.01018	0.01460	0.00841	0.00841	0.02788	0.01637	0.76726	0.02257	0.01947	0.01416	0.00708	0.00575	0.00177	0.00487	0.00575	0.00708	0.00973
19	0.01433	0.01400	0.02278	0.03370	0.71115	0.03865	0.01715	0.01759	0.01297	0.01835	0.01058	0.01397	0.00895	0.00530	0.00613	0.00172	0.03593	0.00505	0.00282	0.00888
20	0.01360	0.01348	0.05756	0.02408	0.32197	0.01257	0.20487	0.01872	0.09743	0.05562	0.05352	0.07198	0.01445	0.00669	0.00613	0.00184	0.00681	0.00674	0.00373	0.00821
21	0.00841	0.00648	0.00965	0.00951	0.01048	0.00772	0.00744	0.01041	0.00917	0.01330	0.01489	0.02193	0.01393	0.04110	0.73479	0.00883	0.05770	0.00607	0.00303	0.00517
22	0.00696	0.00502	0.00659	0.00785	0.00827	0.00466	0.00526	0.00798	0.01106	0.01465	0.03296	0.75514	0.07701	0.01773	0.00727	0.00230	0.00330	0.01603	0.00531	0.00466
23	0.01385	0.04483	0.35302	0.07855	0.16299	0.09136	0.06873	0.05131	0.01345	0.03372	0.01114	0.03131	0.00871	0.00577	0.00558	0.00176	0.00799	0.00490	0.00291	0.00813
24	0.03613	0.08213	0.62177	0.01588	0.02338	0.01420	0.05322	0.01779	0.01187	0.01779	0.00995	0.01197	0.00730	0.00560	0.00600	0.00181	0.04827	0.00427	0.00248	0.00816
25	0.00691	0.00578	0.00601	0.00600	0.00783	0.00488	0.00448	0.00847	0.01332	0.01622	0.13118	0.07222	0.66856	0.01428	0.00677	0.00193	0.00289	0.01199	0.00542	0.00488
26	0.01204	0.02583	0.61168	0.09545	0.04774	0.01313	0.05385	0.01807	0.01225	0.04226	0.01073	0.01286	0.00763	0.00548	0.00554	0.00182	0.00826	0.00451	0.00262	0.00826
27	0.03273	0.01762	0.23668	0.15024	0.34074	0.02901	0.04599	0.01700	0.01242	0.01776	0.01121	0.04259	0.00925	0.00578	0.00565	0.00179	0.00741	0.00524	0.00278	0.00810
28	0.01388	0.02344	0.46439	0.01798	0.05196	0.01372	0.17256	0.09278	0.01418	0.06376	0.01163	0.01347	0.00827	0.00553	0.00577	0.00182	0.00822	0.00498	0.00314	0.00852
29	0.01170	0.10726	0.65675	0.01519	0.02294	0.01385	0.01921	0.01766	0.01223	0.01787	0.04663	0.01328	0.00954	0.00568	0.00532	0.00175	0.00793	0.00441	0.00261	0.00819
30	0.01481	0.09316	0.05755	0.20686	0.23846	0.01310	0.09168	0.01815	0.01295	0.14004	0.01332	0.05175	0.01061	0.00615	0.00567	0.00177	0.00683	0.00565	0.00352	0.00796
31	0.01412	0.19457	0.34162	0.04333	0.10295	0.03076	0.04803	0.07040	0.01357	0.05004	0.03245	0.01321	0.00938	0.00563	0.00520	0.00166	0.00734	0.00450	0.00305	0.00819
32	0.01146	0.09119	0.01882	0.66151	0.07994	0.01377	0.01536	0.01505	0.01155	0.01474	0.00998	0.01457	0.00768	0.00560	0.00551	0.00182	0.00742	0.00488	0.00255	0.00662
33	0.01674	0.01251	0.14289	0.01289	0.06169	0.00912	0.04265	0.03640	0.01396	0.33295	0.02077	0.19737	0.01780	0.01076	0.04216	0.00225	0.00598	0.00793	0.00520	0.00799

[dist]
# distance from previous block
# <min> <max>
0	12

[block]
# block no. 3 follows, 41 sequences, length 26
# corresponding to MSA columns:
# 156-181
name=unknown_D
#
# <colnr> <probs for GDERKNQSTAVLIFYWHMCP>
#	G	D	E	R	K	N	Q	S	T	A	V	L	I	F	Y	W	H	M	C	P
0	0.09249	0.03089	0.05100	0.01041	0.01378	0.03670	0.02214	0.11236	0.03723	0.23492	0.19166	0.07239	0.02273	0.00859	0.00630	0.00182	0.03446	0.00699	0.00550	0.00764
1	0.00755	0.00589	0.00689	0.00682	0.00845	0.00523	0.00524	0.00964	0.01439	0.01878	0.35321	0.05069	0.39423	0.01342	0.00686	0.00194	0.00303	0.07690	0.00573	0.00511
2	0.03360	0.03689	0.14587	0.01246	0.01707	0.03240	0.04256	0.20064	0.07611	0.21832	0.03952	0.08844	0.01474	0.00771	0.00580	0.00181	0.00598	0.00637	0.00516	0.00856
3	0.05680	0.04984	0.05063	0.14288	0.26005	0.03398	0.14421	0.01826	0.06349	0.04369	0.01148	0.01444	0.00906	0.00583	0.00672	0.00184	0.07057	0.00523	0.00313	0.00788
4	0.01169	0.01035	0.01656	0.61986	0.07075	0.01246	0.01467	0.01652	0.08008	0.04190	0.04131	0.01698	0.01065	0.00616	0.00577	0.00189	0.00701	0.00544	0.00316	0.00681
5	0.00697	0.00498	0.00664	0.00796	0.00830	0.00465	0.00531	0.00796	0.01095	0.01460	0.03153	0.79525	0.03783	0.01792	0.00730	0.00232	0.00332	0.01626	0.00531	0.00465
6	0.01334	0.01332	0.02408	0.11265	0.44978	0.01370	0.17878	0.01689	0.01262	0.01772	0.01123	0.03591	0.00951	0.00578	0.00683	0.00184	0.05925	0.00577	0.00286	0.00816
7	0.01273	0.11518	0.34768	0.05125	0.05382	0.01450	0.08243	0.03351	0.13148	0.01824	0.01258	0.01506	0.00986	0.04496	0.00701	0.00198	0.03159	0.00500	0.00315	0.00799
8	0.01470	0.47325	0.25160	0.01282	0.04053	0.01909	0.01354	0.08432	0.01321	0.01710	0.00927	0.01062	0.00758	0.00524	0.00445	0.00146	0.00686	0.00366	0.00275	0.00795
9	0.00896	0.00729	0.00924	0.00904	0.01006	0.04541	0.00685	0.01084	0.01071	0.01485	0.14463	0.05038	0.02190	0.10315	0.48267	0.00672	0.04130	0.00721	0.00370	0.00511
10	0.00697	0.00498	0.00664	0.00796	0.00830	0.00465	0.00531	0.00796	0.01095	0.01460	0.03153	0.79525	0.03783	0.01792	0.00730	0.00232	0.00332	0.01626	0.00531	0.00465
11	0.01341	0.14775	0.38364	0.01904	0.17380	0.01502	0.05340	0.07334	0.01338	0.01878	0.01088	0.03270	0.00869	0.00568	0.00533	0.00171	0.00750	0.00473	0.00286	0.00836
12	0.01463	0.04278	0.24159	0.01834	0.04763	0.01463	0.27577	0.19133	0.01609	0.02218	0.01257	0.05276	0.00994	0.00615	0.00602	0.00183	0.00798	0.00594	0.00354	0.00829
13	0.01505	0.01028	0.01373	0.03590	0.17326	0.01032	0.00973	0.07971	0.13230	0.17636	0.12767	0.02676	0.12101	0.03393	0.00677	0.00193	0.00487	0.00725	0.00527	0.00791
14	0.83938	0.01106	0.00841	0.00752	0.01106	0.01283	0.00619	0.01681	0.00973	0.02566	0.00796	0.00929	0.00619	0.00531	0.00354	0.00177	0.00442	0.00310	0.00354	0.00619
15	0.01274	0.01210	0.02056	0.31358	0.47211	0.01308	0.01663	0.01625	0.01232	0.01701	0.01067	0.01480	0.00868	0.00642	0.02792	0.00199	0.00735	0.00512	0.00273	0.00794
16	0.00712	0.00510	0.00683	0.00794	0.00839	0.00481	0.00539	0.00831	0.01137	0.01532	0.09793	0.69636	0.03841	0.01831	0.03677	0.00254	0.00372	0.01533	0.00531	0.00473
17	0.01157	0.01108	0.01715	0.49405	0.12084	0.03549	0.01459	0.01478	0.01129	0.01502	0.01025	0.01506	0.00830	0.00887	0.06406	0.00244	0.10415	0.00506	0.00265	0.03330
18	0.01158	0.01076	0.01759	0.32779	0.32263	0.01172	0.01445	0.01514	0.03169	0.01683	0.04177	0.07753	0.06198	0.00723	0.00592	0.00185	0.00640	0.00661	0.00327	0.00724
19	0.01556	0.01680	0.12599	0.01596	0.13727	0.15781	0.01200	0.04055	0.18844	0.08802	0.03969	0.03799	0.02548	0.02289	0.02504	0.00201	0.00677	0.00574	0.02801	0.00798
20	0.00771	0.00585	0.00713	0.00708	0.00846	0.00535	0.00520	0.01015	0.03374	0.01957	0.43234	0.17590	0.23367	0.01340	0.00682	0.00193	0.00291	0.01172	0.00586	0.00521
21	0.09990	0.00999	0.01280	0.00995	0.01418	0.00911	0.00817	0.05450	0.01596	0.65050	0.02076	0.01878	0.01343	0.02765	0.00616	0.00187	0.00490	0.00555	0.00661	0.00924
22	0.06470	0.42660	0.07436	0.01060	0.01536	0.04320	0.01011	0.07446	0.04288	0.15466	0.01282	0.01301	0.02354	0.00583	0.00451	0.00148	0.00598	0.00412	0.00381	0.00797
23	0.03324	0.02897	0.05615	0.04288	0.28527	0.12600	0.06664	0.14582	0.09715	0.02135	0.01220	0.01411	0.00957	0.00597	0.00599	0.00174	0.02978	0.00505	0.00366	0.00845
24	0.00804	0.00589	0.00781	0.00787	0.00903	0.00624	0.00596	0.00988	0.01046	0.01465	0.04197	0.07459	0.17241	0.06772	0.44819	0.00623	0.01014	0.00807	0.07988	0.00497
25	0.01294	0.01300	0.05848	0.04236	0.11012	0.04268	0.12148	0.06382	0.21922	0.02122	0.14191	0.02470	0.07366	0.00794	0.00614	0.00186	0.00584	0.02033	0.00461	0.00769

[dist]
# distance from previous block
# <min> <max>
4	7

[block]
# block no. 4 follows, 41 sequences, length 21
# corresponding to MSA columns:
# 189-209
name=unknown_E
#
# <colnr> <probs for GDERKNQSTAVLIFYWHMCP>
#	G	D	E	R	K	N	Q	S	T	A	V	L	I	F	Y	W	H	M	C	P
0	0.01055	0.00741	0.00933	0.00830	0.01061	0.00681	0.03186	0.03117	0.01297	0.09588	0.06278	0.08957	0.31013	0.05605	0.06087	0.00255	0.02558	0.04668	0.03297	0.08793
1	0.01103	0.00994	0.01402	0.09331	0.18492	0.03328	0.04579	0.03963	0.05159	0.01861	0.15309	0.07759	0.17459	0.02312	0.00693	0.00192	0.02464	0.00832	0.02106	0.00664
2	0.00997	0.00902	0.03722	0.01043	0.07303	0.02882	0.00737	0.05291	0.08595	0.01941	0.23001	0.10355	0.23763	0.05966	0.00784	0.00210	0.00412	0.00972	0.00516	0.00609
3	0.00713	0.00515	0.00658	0.00765	0.00813	0.00480	0.00513	0.00812	0.01095	0.01440	0.03271	0.63336	0.10513	0.09340	0.00938	0.00261	0.00354	0.03214	0.00513	0.00456
4	0.01244	0.01184	0.01973	0.37922	0.36323	0.01320	0.01615	0.01588	0.01202	0.01654	0.01029	0.01449	0.00829	0.00562	0.00636	0.00181	0.04992	0.00503	0.00270	0.03524
5	0.01278	0.00795	0.00961	0.00856	0.00991	0.00915	0.00680	0.05519	0.01213	0.07423	0.01552	0.01844	0.01238	0.00823	0.00877	0.04726	0.19137	0.00525	0.48051	0.00597
6	0.01377	0.01320	0.02252	0.12103	0.68038	0.01349	0.01736	0.01722	0.01284	0.01822	0.01069	0.01428	0.00890	0.00517	0.00567	0.00172	0.00689	0.00509	0.00280	0.00875
7	0.01260	0.22828	0.29852	0.01624	0.11362	0.03346	0.06555	0.01655	0.01230	0.01665	0.03846	0.09808	0.01258	0.00680	0.00533	0.00170	0.00699	0.00571	0.00297	0.00762
8	0.01284	0.01348	0.02290	0.01803	0.01995	0.01651	0.25470	0.01528	0.01033	0.01528	0.00886	0.01348	0.00790	0.00829	0.01478	0.00231	0.53012	0.00558	0.00263	0.00674
9	0.01414	0.01443	0.01938	0.22292	0.26931	0.11850	0.03320	0.03648	0.03674	0.01668	0.01024	0.01386	0.00844	0.00642	0.00810	0.00189	0.15393	0.00497	0.00289	0.00748
10	0.01232	0.08050	0.01323	0.03174	0.02769	0.15150	0.03029	0.04915	0.08305	0.01645	0.02147	0.39206	0.02327	0.01191	0.00658	0.00198	0.02596	0.01025	0.00442	0.00617
11	0.01732	0.01290	0.01420	0.01097	0.01536	0.01310	0.00890	0.35818	0.11191	0.06018	0.01446	0.01475	0.01075	0.00616	0.00518	0.00146	0.00518	0.00480	0.04801	0.26624
12	0.00743	0.00605	0.00675	0.00671	0.00853	0.00511	0.00491	0.00894	0.01255	0.01598	0.08430	0.24030	0.45696	0.01414	0.00663	0.00191	0.00314	0.01214	0.00516	0.09237
13	0.01393	0.01131	0.01187	0.01069	0.01367	0.01293	0.00831	0.05363	0.60807	0.02395	0.02219	0.02106	0.01673	0.00755	0.00553	0.00183	0.00429	0.00624	0.13773	0.00848
14	0.01334	0.00707	0.00752	0.00674	0.00875	0.00718	0.00525	0.10850	0.01428	0.08543	0.01835	0.02019	0.01398	0.00672	0.00437	0.00142	0.00332	0.00534	0.65598	0.00626
15	0.00783	0.00562	0.00714	0.00788	0.00869	0.00539	0.00554	0.01010	0.05077	0.01715	0.16997	0.52097	0.06237	0.01541	0.00694	0.00215	0.00328	0.03697	0.05074	0.00508
16	0.01372	0.00690	0.00805	0.00719	0.00930	0.00666	0.00553	0.01708	0.06534	0.18908	0.12867	0.02548	0.03435	0.04895	0.00628	0.00177	0.00345	0.00651	0.40920	0.00649
17	0.00716	0.00543	0.00660	0.00711	0.00817	0.00487	0.00503	0.00869	0.01280	0.01677	0.20589	0.39256	0.26734	0.01543	0.00701	0.00208	0.00305	0.01360	0.00554	0.00487
18	0.01997	0.01450	0.01580	0.01256	0.01670	0.01601	0.01029	0.54917	0.13751	0.07224	0.01623	0.01703	0.01201	0.00847	0.03114	0.00203	0.00621	0.02710	0.00571	0.00934
19	0.03706	0.01470	0.05280	0.01167	0.01602	0.08082	0.00981	0.27743	0.05559	0.15030	0.01467	0.04071	0.01109	0.00667	0.00569	0.00158	0.02537	0.00511	0.00492	0.17799
20	0.05939	0.57600	0.02580	0.01152	0.03972	0.17665	0.01012	0.01830	0.01251	0.01438	0.00823	0.00958	0.00734	0.00513	0.00403	0.00132	0.00691	0.00326	0.00262	0.00719

[dist]
# distance from previous block
# <min> <max>
0	2

[block]
# block no. 5 follows, 41 sequences, length 12
# corresponding to MSA columns:
# 212-223
name=unknown_F
#
# <colnr> <probs for GDERKNQSTAVLIFYWHMCP>
#	G	D	E	R	K	N	Q	S	T	A	V	L	I	F	Y	W	H	M	C	P
0	0.03502	0.01431	0.03412	0.07368	0.26640	0.09562	0.16150	0.01889	0.09331	0.04299	0.03504	0.05050	0.01261	0.03277	0.00668	0.00193	0.00716	0.00613	0.00354	0.00779
1	0.00924	0.00700	0.00818	0.00793	0.00866	0.02896	0.00547	0.04145	0.01008	0.01341	0.02015	0.05958	0.08019	0.39962	0.22493	0.02503	0.03415	0.00788	0.00361	0.00450
2	0.00906	0.00588	0.00745	0.00763	0.00898	0.00531	0.00559	0.01077	0.01334	0.08715	0.22456	0.34346	0.18915	0.01450	0.00693	0.00207	0.00330	0.04376	0.00573	0.00538
3	0.00818	0.00581	0.00752	0.00752	0.00807	0.00622	0.00514	0.00915	0.00893	0.01226	0.01870	0.03164	0.05256	0.42796	0.35845	0.00699	0.00974	0.00753	0.00337	0.00426
4	0.01812	0.01349	0.01467	0.01189	0.01569	0.01489	0.00960	0.42617	0.22982	0.05945	0.10741	0.01962	0.01745	0.00771	0.00588	0.00179	0.00530	0.00618	0.00587	0.00901
5	0.60052	0.01094	0.01000	0.00843	0.01224	0.01194	0.00695	0.05102	0.01214	0.21160	0.01187	0.01203	0.00834	0.00582	0.00419	0.00177	0.00462	0.00385	0.00452	0.00723
6	0.05059	0.01438	0.01464	0.01160	0.01554	0.06570	0.00945	0.48796	0.02227	0.10718	0.01482	0.01505	0.01062	0.00674	0.00535	0.00165	0.00582	0.00506	0.12684	0.00874
7	0.01424	0.07003	0.02370	0.03330	0.70973	0.01424	0.01700	0.01752	0.01292	0.01831	0.01056	0.01380	0.00894	0.00508	0.00552	0.00166	0.00675	0.00495	0.00280	0.00894
8	0.01645	0.43626	0.04470	0.01094	0.01530	0.08607	0.00998	0.14711	0.09646	0.01927	0.01147	0.01226	0.00933	0.00577	0.00447	0.00144	0.00620	0.00403	0.05469	0.00780
9	0.46680	0.01100	0.01253	0.01026	0.01377	0.01203	0.10926	0.08019	0.01220	0.04549	0.01125	0.01327	0.00871	0.00829	0.05959	0.00226	0.00589	0.00436	0.10623	0.00663
10	0.06556	0.01039	0.01176	0.01058	0.04003	0.01111	0.00794	0.24057	0.09571	0.05328	0.12358	0.02534	0.09604	0.06066	0.06754	0.03008	0.00560	0.00690	0.03014	0.00718
11	0.00721	0.00566	0.00652	0.00663	0.00809	0.00497	0.00485	0.00897	0.01364	0.01763	0.27165	0.18673	0.40859	0.01425	0.00685	0.00196	0.00291	0.01230	0.00562	0.00497

[dist]
# distance from previous block
# <min> <max>
4	9

[block]
# block no. 6 follows, 41 sequences, length 6
# corresponding to MSA columns:
# 233-238
name=unknown_G
#
# <colnr> <probs for GDERKNQSTAVLIFYWHMCP>
#	G	D	E	R	K	N	Q	S	T	A	V	L	I	F	Y	W	H	M	C	P
0	0.01358	0.01282	0.02164	0.26014	0.45221	0.01364	0.06071	0.06285	0.01345	0.01853	0.01082	0.01454	0.00864	0.00538	0.00575	0.00178	0.00719	0.00520	0.00293	0.00820
1	0.00822	0.00690	0.03066	0.00809	0.00947	0.00627	0.00622	0.01102	0.05634	0.01849	0.30833	0.26103	0.14386	0.03731	0.00791	0.00215	0.02762	0.03927	0.00548	0.00536
2	0.26921	0.01230	0.06106	0.03861	0.13248	0.05566	0.00982	0.03599	0.01277	0.13041	0.05212	0.13591	0.01539	0.00791	0.00529	0.00183	0.00536	0.00643	0.00428	0.00716
3	0.12416	0.04629	0.03557	0.01138	0.05863	0.06000	0.00873	0.10638	0.09889	0.11293	0.06097	0.01992	0.06669	0.00845	0.02059	0.02674	0.02931	0.00571	0.09133	0.00734
4	0.00954	0.00745	0.00904	0.04298	0.05887	0.00723	0.00675	0.04155	0.06657	0.04113	0.09613	0.09978	0.35923	0.08225	0.00858	0.00228	0.00404	0.04580	0.00505	0.00576
5	0.07695	0.01151	0.01490	0.01449	0.13521	0.01140	0.05178	0.16360	0.05661	0.04747	0.03212	0.05352	0.01323	0.09686	0.00805	0.00201	0.00550	0.00578	0.00419	0.19482

[dist]
# distance from previous block
# <min> <max>
1	16

[block]
# block no. 7 follows, 41 sequences, length 22
# corresponding to MSA columns:
# 255-276
name=unknown_H
#
# <colnr> <probs for GDERKNQSTAVLIFYWHMCP>
#	G	D	E	R	K	N	Q	S	T	A	V	L	I	F	Y	W	H	M	C	P
0	0.01431	0.07019	0.05161	0.15017	0.12140	0.04773	0.03765	0.13007	0.08573	0.04825	0.01760	0.03969	0.05415	0.00776	0.00587	0.00184	0.00636	0.08225	0.00410	0.02327
1	0.14148	0.01387	0.01692	0.01809	0.21937	0.01517	0.01177	0.30966	0.09872	0.05206	0.01317	0.01416	0.00993	0.00636	0.00585	0.00177	0.03328	0.00499	0.00455	0.00882
2	0.04062	0.01170	0.01505	0.06177	0.04255	0.03207	0.05287	0.11089	0.09748	0.08637	0.03496	0.01667	0.01201	0.00796	0.02194	0.00198	0.18085	0.00539	0.11272	0.05414
3	0.00764	0.00606	0.00689	0.00664	0.00836	0.00543	0.00499	0.01020	0.04202	0.01914	0.37279	0.04825	0.41504	0.01298	0.00672	0.00187	0.00287	0.01109	0.00577	0.00524
4	0.00998	0.00914	0.01091	0.06712	0.01379	0.07591	0.04902	0.01314	0.08201	0.01598	0.02842	0.33707	0.12293	0.01380	0.02116	0.00227	0.02725	0.08974	0.00468	0.00568
5	0.04252	0.01025	0.01125	0.00917	0.01234	0.01070	0.00741	0.28539	0.01822	0.16432	0.01724	0.01782	0.01250	0.00677	0.00494	0.00157	0.00446	0.00527	0.35006	0.00779
6	0.00754	0.00555	0.00669	0.00727	0.00843	0.00496	0.00522	0.00895	0.01239	0.03374	0.09835	0.40358	0.30990	0.01578	0.00705	0.00214	0.00324	0.04889	0.00543	0.00493
7	0.02331	0.00946	0.01240	0.00972	0.01372	0.00850	0.00796	0.04662	0.04190	0.62872	0.02186	0.01960	0.01421	0.00705	0.00554	0.00172	0.00463	0.00571	0.10822	0.00917
8	0.00707	0.00556	0.00634	0.00666	0.00798	0.00488	0.00476	0.00854	0.01278	0.01624	0.15769	0.26829	0.42004	0.03727	0.00755	0.00213	0.00306	0.01292	0.00541	0.00482
9	0.02044	0.01515	0.01623	0.01259	0.01697	0.01666	0.01034	0.63956	0.07840	0.03401	0.01448	0.01450	0.01043	0.00683	0.00561	0.00169	0.00596	0.00519	0.03649	0.03847
10	0.01693	0.01331	0.01487	0.01231	0.01561	0.01516	0.00994	0.32781	0.25801	0.04155	0.01683	0.01875	0.01322	0.03794	0.00828	0.00203	0.10211	0.03046	0.00519	0.03969
11	0.01529	0.80242	0.02997	0.00979	0.01468	0.02263	0.00979	0.01713	0.01162	0.01346	0.00795	0.00918	0.00734	0.00489	0.00367	0.00122	0.00612	0.00306	0.00245	0.00734
12	0.17990	0.05128	0.01326	0.01113	0.01407	0.20790	0.00884	0.18504	0.01591	0.02168	0.01490	0.08343	0.01423	0.05425	0.00682	0.00203	0.00653	0.09784	0.00421	0.00677
13	0.01402	0.01335	0.02241	0.09222	0.66432	0.01375	0.01710	0.03450	0.01309	0.01862	0.01068	0.01418	0.00891	0.00535	0.00611	0.00174	0.03293	0.00509	0.00287	0.00877
14	0.00838	0.00597	0.00762	0.00758	0.00792	0.00647	0.00505	0.00912	0.00871	0.01202	0.01727	0.06004	0.01886	0.49841	0.26677	0.00648	0.03803	0.00779	0.00337	0.00414
15	0.00711	0.00508	0.00680	0.00813	0.00853	0.00477	0.00556	0.00822	0.01109	0.01476	0.03145	0.74789	0.03751	0.01778	0.00734	0.00234	0.00344	0.06218	0.00531	0.00469
16	0.01998	0.00865	0.01157	0.00933	0.01279	0.00770	0.00752	0.02282	0.04159	0.51758	0.24478	0.02654	0.02626	0.00849	0.00605	0.00178	0.00420	0.00716	0.00680	0.00840
17	0.01405	0.00959	0.01112	0.00963	0.01227	0.00988	0.00751	0.21771	0.09317	0.10120	0.24296	0.14492	0.08067	0.01062	0.00635	0.00188	0.00421	0.00905	0.00595	0.00726
18	0.47414	0.01170	0.01135	0.00930	0.01326	0.01269	0.00767	0.16277	0.01478	0.21390	0.01277	0.01272	0.00889	0.00606	0.00452	0.00176	0.00490	0.00417	0.00486	0.00778
19	0.08439	0.58776	0.09820	0.01032	0.01520	0.01990	0.01049	0.01760	0.02968	0.03228	0.00908	0.01032	0.00779	0.00527	0.00432	0.00139	0.02581	0.00341	0.01940	0.00738
20	0.21803	0.12239	0.25677	0.06862	0.03740	0.03879	0.01319	0.11733	0.01355	0.02134	0.01058	0.03901	0.00849	0.00600	0.00486	0.00172	0.00663	0.00441	0.00329	0.00760
21	0.35671	0.01492	0.03924	0.01076	0.01469	0.08730	0.00898	0.26599	0.08537	0.02755	0.01178	0.01242	0.00880	0.00616	0.00473	0.00173	0.00573	0.00426	0.02511	0.00776

[dist]
# distance from previous block
# <min> <max>
0	1

[block]
# block no. 8 follows, 41 sequences, length 81
# corresponding to MSA columns:
# 278-358
name=unknown_I
#
# <colnr> <probs for GDERKNQSTAVLIFYWHMCP>
#	G	D	E	R	K	N	Q	S	T	A	V	L	I	F	Y	W	H	M	C	P
0	0.03340	0.03340	0.04712	0.05012	0.27347	0.15166	0.01284	0.07870	0.02653	0.05549	0.01127	0.01335	0.00897	0.00568	0.00576	0.00157	0.03766	0.00454	0.02474	0.12373
1	0.01259	0.13361	0.14556	0.06437	0.07421	0.10291	0.01171	0.03033	0.04073	0.01705	0.10319	0.05834	0.10591	0.00828	0.00661	0.00177	0.06578	0.00650	0.00366	0.00689
2	0.00706	0.00581	0.00622	0.00623	0.00802	0.00498	0.00471	0.00873	0.01346	0.01661	0.16025	0.06999	0.61200	0.01420	0.00681	0.00195	0.00297	0.03962	0.00546	0.00493
3	0.01268	0.01299	0.02211	0.13611	0.16007	0.05016	0.25125	0.01613	0.02753	0.01629	0.01196	0.03278	0.01043	0.07274	0.04666	0.00258	0.10142	0.00613	0.00295	0.00702
4	0.00733	0.00584	0.00658	0.00646	0.00816	0.00509	0.00489	0.00927	0.01420	0.01824	0.31393	0.05085	0.47887	0.01351	0.00679	0.00191	0.00290	0.03447	0.00567	0.00505
5	0.00930	0.00511	0.00735	0.00750	0.00761	0.00514	0.00500	0.00779	0.00807	0.01083	0.01366	0.10993	0.01461	0.10331	0.07295	0.59362	0.00555	0.00671	0.00295	0.00302
6	0.01710	0.31927	0.02031	0.01202	0.04018	0.25003	0.00980	0.09825	0.01474	0.01741	0.01047	0.01201	0.00872	0.00580	0.00483	0.00142	0.02565	0.00392	0.12095	0.00713
7	0.19263	0.01024	0.01113	0.00852	0.01301	0.00897	0.00684	0.01655	0.03676	0.09095	0.01191	0.03467	0.00965	0.00525	0.00437	0.00121	0.00432	0.00402	0.00391	0.52508
8	0.01500	0.26575	0.11000	0.01526	0.05811	0.07223	0.15658	0.05478	0.06908	0.04856	0.01411	0.01541	0.05295	0.00609	0.00553	0.00164	0.02267	0.00511	0.00336	0.00776
9	0.01685	0.11246	0.05607	0.01241	0.01638	0.11818	0.01045	0.18620	0.36299	0.02371	0.01666	0.01620	0.01261	0.00684	0.00543	0.00173	0.00610	0.00527	0.00482	0.00864
10	0.00718	0.00510	0.00676	0.00801	0.00838	0.00481	0.00543	0.00821	0.01093	0.01454	0.03067	0.70887	0.03655	0.06331	0.00861	0.00253	0.00356	0.05673	0.00520	0.00461
11	0.01496	0.04802	0.16175	0.02180	0.28219	0.05138	0.08513	0.08210	0.05091	0.06838	0.06655	0.01623	0.01259	0.00606	0.00572	0.00174	0.00695	0.00544	0.00367	0.00846
12	0.01139	0.01034	0.01489	0.03093	0.04981	0.01301	0.03856	0.01276	0.00960	0.02878	0.01296	0.10803	0.01367	0.14150	0.03784	0.00305	0.43351	0.00695	0.00314	0.01928
13	0.00734	0.00588	0.00754	0.00765	0.00902	0.00525	0.03368	0.00894	0.01267	0.01626	0.13790	0.33817	0.34087	0.01510	0.00700	0.00208	0.00336	0.03101	0.00535	0.00496
14	0.01421	0.01524	0.05841	0.03559	0.23867	0.12814	0.06123	0.05110	0.01264	0.01690	0.01099	0.01581	0.00976	0.08225	0.02333	0.00234	0.17675	0.00526	0.03418	0.00721
15	0.01586	0.05826	0.01529	0.01368	0.07630	0.09403	0.01000	0.11261	0.42780	0.04104	0.05990	0.01915	0.01618	0.00728	0.00566	0.00179	0.00552	0.00591	0.00513	0.00860
16	0.00776	0.00531	0.00640	0.00696	0.00709	0.00517	0.00423	0.00817	0.00941	0.01255	0.02364	0.35255	0.02788	0.47420	0.02004	0.00421	0.00462	0.01162	0.00423	0.00396
17	0.03260	0.03355	0.02159	0.04596	0.38818	0.01395	0.11841	0.06995	0.10610	0.02003	0.01348	0.05650	0.01143	0.00640	0.00632	0.00182	0.03580	0.00600	0.00354	0.00839
18	0.75286	0.01147	0.00946	0.00861	0.02746	0.01326	0.00686	0.06486	0.01092	0.02599	0.00840	0.00975	0.00651	0.00549	0.00401	0.00178	0.01887	0.00331	0.00365	0.00649
19	0.01251	0.01251	0.01752	0.01502	0.01502	0.01752	0.01251	0.01377	0.00876	0.01377	0.00751	0.01251	0.00751	0.01001	0.01877	0.00250	0.78851	0.00501	0.00250	0.00626
20	0.01352	0.01229	0.01871	0.45466	0.24467	0.04826	0.01554	0.06246	0.01328	0.04637	0.01098	0.01478	0.00841	0.00567	0.00568	0.00181	0.00732	0.00505	0.00302	0.00749
21	0.15641	0.27362	0.04408	0.01374	0.12110	0.01618	0.01050	0.10976	0.03647	0.11032	0.01280	0.01356	0.03046	0.00599	0.00497	0.00160	0.02225	0.00438	0.00384	0.00797
22	0.06719	0.03334	0.01317	0.01012	0.01375	0.02635	0.03013	0.14072	0.02974	0.23879	0.15329	0.02312	0.07335	0.00792	0.00595	0.00168	0.02213	0.00643	0.00550	0.09734
23	0.00794	0.00584	0.00743	0.00703	0.00845	0.00533	0.00528	0.01050	0.01583	0.02207	0.67924	0.04415	0.13555	0.01202	0.00675	0.00181	0.00272	0.01054	0.00618	0.00533
24	0.01495	0.01215	0.01293	0.01138	0.01465	0.01380	0.00889	0.10043	0.60748	0.05030	0.02336	0.02215	0.04271	0.03043	0.00650	0.00201	0.00469	0.00656	0.00577	0.00884
25	0.72615	0.01112	0.00913	0.00795	0.01156	0.01265	0.00654	0.05577	0.01112	0.07479	0.00944	0.01044	0.00707	0.00554	0.00381	0.00176	0.00452	0.00342	0.02064	0.00660
26	0.00711	0.00512	0.00675	0.00781	0.00832	0.00475	0.00530	0.00835	0.01171	0.01574	0.13009	0.67509	0.05864	0.01700	0.00721	0.00224	0.00322	0.01536	0.00544	0.00475
27	0.01480	0.00766	0.00970	0.00825	0.01078	0.00712	0.00650	0.06402	0.01634	0.25690	0.37221	0.03099	0.04584	0.00933	0.00601	0.00173	0.00361	0.00795	0.11323	0.00702
28	0.00825	0.00552	0.00626	0.00632	0.00634	0.00550	0.00355	0.00830	0.00844	0.01126	0.01867	0.07362	0.02161	0.76168	0.02807	0.00539	0.00544	0.00870	0.00355	0.00352
29	0.01130	0.00980	0.01589	0.52170	0.14665	0.01146	0.01392	0.01483	0.01179	0.01651	0.01185	0.01622	0.00917	0.00580	0.00539	0.00177	0.00657	0.00513	0.15767	0.00659
30	0.01290	0.01215	0.02032	0.25587	0.40740	0.01316	0.04409	0.04048	0.01277	0.01761	0.01189	0.04254	0.01031	0.00635	0.00648	0.00186	0.04430	0.02871	0.00299	0.00781
31	0.11708	0.26329	0.09455	0.01192	0.01581	0.23323	0.03258	0.02817	0.01267	0.01593	0.01012	0.03879	0.00925	0.06134	0.00676	0.00183	0.03260	0.00438	0.00295	0.00676
32	0.01722	0.01377	0.01462	0.01224	0.01601	0.01562	0.00978	0.31425	0.46424	0.02875	0.01948	0.01832	0.01439	0.00740	0.00578	0.00185	0.00523	0.00594	0.00578	0.00932
33	0.01398	0.01451	0.01700	0.01520	0.03923	0.13020	0.01208	0.04259	0.01072	0.01477	0.00851	0.01287	0.00802	0.01107	0.06064	0.00269	0.57183	0.00488	0.00273	0.00647
34	0.01447	0.08643	0.07855	0.01589	0.02025	0.09242	0.22576	0.02305	0.29943	0.01943	0.01565	0.01729	0.01217	0.00651	0.00626	0.00185	0.03222	0.02032	0.00399	0.00805
35	0.00712	0.00509	0.00682	0.00814	0.00854	0.00478	0.00558	0.00823	0.01110	0.01478	0.03144	0.74484	0.03749	0.01777	0.00734	0.00234	0.00345	0.06514	0.00531	0.00469
36	0.00821	0.00597	0.00838	0.00838	0.00912	0.00671	0.00614	0.00969	0.00895	0.01268	0.01606	0.02657	0.01608	0.25003	0.57161	0.00819	0.01264	0.00673	0.00317	0.00466
37	0.02174	0.01602	0.01717	0.01316	0.01774	0.01774	0.01087	0.74423	0.02689	0.03605	0.01373	0.01373	0.00973	0.00687	0.00572	0.00172	0.00629	0.00515	0.00572	0.00973
38	0.06340	0.00909	0.01052	0.00869	0.01173	0.00903	0.00698	0.15321	0.01659	0.26003	0.12003	0.02159	0.01850	0.00745	0.00522	0.00163	0.00414	0.00599	0.25859	0.00759
39	0.02204	0.01555	0.01687	0.01294	0.01750	0.01703	0.01069	0.69019	0.02610	0.09121	0.01440	0.01417	0.01006	0.00688	0.00572	0.00172	0.00619	0.00520	0.00582	0.00973
40	0.01555	0.02879	0.15979	0.06022	0.32026	0.04446	0.01528	0.11191	0.05102	0.08649	0.01333	0.03166	0.01052	0.00621	0.00567	0.00176	0.00683	0.01786	0.00372	0.00867
41	0.01529	0.80242	0.02997	0.00979	0.01468	0.02263	0.00979	0.01713	0.01162	0.01346	0.00795	0.00918	0.00734	0.00489	0.00367	0.00122	0.00612	0.00306	0.00245	0.00734
42	0.01120	0.01057	0.01787	0.69710	0.12445	0.01281	0.01608	0.01496	0.01162	0.01509	0.01024	0.01512	0.00779	0.00565	0.00571	0.00188	0.00753	0.00508	0.00258	0.00667
43	0.01884	0.01398	0.01502	0.01217	0.01614	0.01556	0.00984	0.42756	0.28364	0.06686	0.01774	0.01701	0.01288	0.00719	0.00569	0.00178	0.00546	0.00565	0.03767	0.00932
44	0.00797	0.00580	0.00750	0.00717	0.00849	0.00533	0.00534	0.01052	0.01576	0.02213	0.68734	0.08337	0.08750	0.01216	0.00678	0.00183	0.00274	0.01074	0.00620	0.00533
45	0.01339	0.01273	0.02166	0.13437	0.62610	0.01313	0.01678	0.01677	0.01261	0.01785	0.01092	0.01475	0.00915	0.00719	0.04668	0.00213	0.00736	0.00515	0.00280	0.00849
46	0.00753	0.00573	0.00693	0.00684	0.00825	0.00513	0.00505	0.00963	0.01456	0.01955	0.44871	0.13676	0.27785	0.01333	0.00682	0.00190	0.00284	0.01160	0.00586	0.00513
47	0.00994	0.00497	0.00745	0.00745	0.00745	0.00497	0.00497	0.00745	0.00745	0.00994	0.00994	0.01739	0.00994	0.01987	0.02235	0.83358	0.00497	0.00497	0.00248	0.00248
48	0.02126	0.01963	0.01664	0.01362	0.01758	0.27305	0.01085	0.46709	0.05797	0.02804	0.01254	0.01294	0.00930	0.00658	0.00554	0.00165	0.00756	0.00472	0.00479	0.00865
49	0.00713	0.00519	0.00674	0.00779	0.00840	0.00480	0.00537	0.00838	0.01168	0.01549	0.09623	0.63207	0.10876	0.01698	0.00722	0.00225	0.00330	0.04208	0.00539	0.00475
50	0.03167	0.65191	0.08016	0.01020	0.01517	0.02047	0.01029	0.03884	0.01207	0.01495	0.00914	0.03502	0.00841	0.00540	0.00399	0.00131	0.00609	0.00364	0.00269	0.03856
51	0.01241	0.21883	0.58829	0.01471	0.02229	0.01557	0.01835	0.01787	0.01197	0.01697	0.00970	0.01137	0.00727	0.00530	0.00500	0.00167	0.00788	0.00394	0.00242	0.00818
52	0.00972	0.00757	0.01018	0.08836	0.01473	0.03183	0.00986	0.01240	0.01304	0.01671	0.02760	0.07316	0.02966	0.01452	0.00758	0.00252	0.00562	0.61458	0.00492	0.00541
53	0.02114	0.00950	0.01219	0.00978	0.01346	0.00882	0.00791	0.08403	0.05591	0.50901	0.09820	0.05426	0.01911	0.00800	0.00581	0.00177	0.00453	0.00663	0.06119	0.00874
54	0.00824	0.00608	0.00896	0.00896	0.00994	0.00703	0.00690	0.01020	0.00922	0.01337	0.01553	0.02316	0.01462	0.07810	0.72139	0.00882	0.01454	0.00621	0.02370	0.00503
55	0.00778	0.00581	0.00723	0.00693	0.00837	0.00526	0.00518	0.01017	0.01537	0.02113	0.59212	0.06940	0.19921	0.01247	0.00677	0.00184	0.00276	0.01089	0.00606	0.00526
56	0.01168	0.07071	0.73000	0.01596	0.02422	0.01378	0.02053	0.01806	0.01205	0.01787	0.01014	0.01192	0.00725	0.00541	0.00534	0.00178	0.00833	0.00416	0.00242	0.00839
57	0.01698	0.01338	0.01428	0.01207	0.01577	0.01514	0.00960	0.25496	0.49966	0.05277	0.02025	0.01888	0.01492	0.00746	0.00579	0.00186	0.00509	0.00603	0.00583	0.00929
58	0.00716	0.00512	0.00686	0.00819	0.00860	0.00481	0.00565	0.00830	0.01114	0.01482	0.03142	0.73212	0.03741	0.01774	0.00735	0.00235	0.00349	0.07747	0.00531	0.00470
59	0.00821	0.00565	0.00692	0.00699	0.00724	0.00586	0.00439	0.00872	0.00865	0.01177	0.01814	0.07440	0.02025	0.58799	0.19539	0.00619	0.00762	0.00825	0.00347	0.00390
60	0.83938	0.01106	0.00841	0.00752	0.01106	0.01283	0.00619	0.01681	0.00973	0.02566	0.00796	0.00929	0.00619	0.00531	0.00354	0.00177	0.00442	0.00310	0.00354	0.00619
61	0.01251	0.01251	0.01752	0.01502	0.01502	0.01752	0.01251	0.01377	0.00876	0.01377	0.00751	0.01251	0.00751	0.01001	0.01877	0.00250	0.78851	0.00501	0.00250	0.00626
62	0.01321	0.01522	0.06858	0.02124	0.02605	0.01439	0.53515	0.03810	0.01314	0.01812	0.01225	0.01805	0.01008	0.00635	0.00837	0.00204	0.11536	0.05380	0.00305	0.00745
63	0.04172	0.09215	0.04431	0.01211	0.01588	0.18035	0.01012	0.22120	0.12260	0.08460	0.01469	0.01627	0.01141	0.00871	0.04636	0.00207	0.00714	0.02791	0.03237	0.00804
64	0.32133	0.02818	0.01206	0.00967	0.03348	0.01059	0.03569	0.04525	0.01243	0.10298	0.03478	0.01512	0.04963	0.00587	0.00453	0.00148	0.00466	0.00444	0.00407	0.26378
65	0.00720	0.00581	0.00640	0.00625	0.00799	0.00501	0.00469	0.00905	0.01407	0.01789	0.28699	0.05103	0.53041	0.01358	0.00676	0.00189	0.00283	0.01151	0.00563	0.00501
66	0.01468	0.01251	0.01319	0.01173	0.01504	0.01444	0.00916	0.07299	0.70964	0.02465	0.02271	0.02089	0.01700	0.00771	0.00581	0.00193	0.00463	0.00639	0.00581	0.00909
67	0.13017	0.06607	0.01612	0.01163	0.01606	0.01565	0.00971	0.46442	0.02162	0.17165	0.01426	0.01393	0.00994	0.00657	0.00530	0.00170	0.00577	0.00485	0.00547	0.00910
68	0.00699	0.00578	0.00613	0.00610	0.00788	0.00492	0.00455	0.00864	0.01350	0.01669	0.17588	0.07688	0.61803	0.01412	0.00678	0.00192	0.00288	0.01191	0.00548	0.00492
69	0.01529	0.80242	0.02997	0.00979	0.01468	0.02263	0.00979	0.01713	0.01162	0.01346	0.00795	0.00918	0.00734	0.00489	0.00367	0.00122	0.00612	0.00306	0.00245	0.00734
70	0.02085	0.00947	0.01227	0.00987	0.01357	0.00878	0.00798	0.04439	0.10460	0.51711	0.16267	0.02396	0.02200	0.00803	0.00595	0.00179	0.00445	0.00669	0.00674	0.00883
71	0.00712	0.00508	0.00681	0.00813	0.00853	0.00477	0.00557	0.00822	0.01110	0.01477	0.03144	0.74694	0.03751	0.01778	0.00734	0.00234	0.00345	0.06310	0.00531	0.00469
72	0.01845	0.01260	0.01403	0.01209	0.04005	0.04911	0.00938	0.27983	0.13565	0.17858	0.01839	0.01859	0.03409	0.01189	0.10685	0.00272	0.00688	0.00574	0.03655	0.00854
73	0.01225	0.01151	0.01947	0.46717	0.23018	0.01299	0.06372	0.05023	0.01272	0.01697	0.01142	0.04522	0.00935	0.00602	0.00583	0.00186	0.00731	0.00563	0.00290	0.00726
74	0.07037	0.24567	0.49243	0.01402	0.02107	0.01591	0.03216	0.01775	0.01182	0.01733	0.00948	0.01114	0.00723	0.00526	0.00483	0.00165	0.00754	0.00387	0.00251	0.00797
75	0.01106	0.01043	0.01763	0.72666	0.09592	0.01278	0.01602	0.01484	0.01156	0.01493	0.01021	0.01516	0.00774	0.00567	0.00571	0.00189	0.00756	0.00508	0.00256	0.00657
76	0.02129	0.00888	0.01191	0.00947	0.01322	0.00769	0.00766	0.02353	0.01575	0.57399	0.12227	0.06358	0.02055	0.00814	0.00586	0.00175	0.00441	0.00681	0.02511	0.04814
77	0.00734	0.00574	0.00666	0.00659	0.00813	0.00505	0.00488	0.00928	0.01417	0.01853	0.35163	0.12087	0.39340	0.01364	0.00681	0.00191	0.00285	0.01175	0.00573	0.00505
78	0.01555	0.01294	0.01368	0.01191	0.01538	0.01484	0.00937	0.15557	0.62565	0.02605	0.02161	0.02001	0.01610	0.00760	0.00580	0.00190	0.00484	0.00624	0.00580	0.00917
