[name]
unknown

[dist]
# distance from previous block
# <min> <max>
28	359

[block]
# block no. 0 follows, 27 sequences, length 17
# corresponding to MSA columns:
# 591-607
name=unknown_A
#
# <colnr> <probs for GDERKNQSTAVLIFYWHMCP>
#	G	D	E	R	K	N	Q	S	T	A	V	L	I	F	Y	W	H	M	C	P
0	0.03861	0.08648	0.12436	0.01737	0.05069	0.01740	0.04338	0.10722	0.08461	0.02489	0.01793	0.07255	0.01581	0.01691	0.10961	0.03224	0.09319	0.00758	0.00471	0.03447
1	0.01808	0.07204	0.06533	0.01643	0.06600	0.04804	0.03618	0.11534	0.09420	0.06501	0.07632	0.13953	0.05497	0.01133	0.00752	0.00225	0.00697	0.00965	0.00599	0.08881
2	0.01550	0.01533	0.05898	0.01172	0.01590	0.10108	0.00983	0.04872	0.04754	0.05398	0.06172	0.04281	0.29121	0.01270	0.00758	0.00217	0.00625	0.02783	0.04298	0.12618
3	0.01360	0.01544	0.11818	0.03397	0.01882	0.01101	0.01170	0.01791	0.03502	0.02367	0.10479	0.07598	0.10092	0.01022	0.00778	0.00192	0.03936	0.00840	0.00513	0.34620
4	0.01970	0.01759	0.04968	0.02886	0.30009	0.01704	0.06922	0.13824	0.08789	0.05914	0.01908	0.07417	0.01601	0.00868	0.00753	0.00226	0.00809	0.00794	0.00527	0.06351
5	0.13386	0.06989	0.21894	0.02521	0.19438	0.01913	0.07144	0.13259	0.01891	0.02875	0.01375	0.01629	0.01050	0.00713	0.00682	0.00225	0.00911	0.00592	0.00427	0.01085
6	0.40057	0.12689	0.11944	0.01408	0.02011	0.05067	0.05649	0.02335	0.04738	0.02764	0.01226	0.01410	0.00961	0.00692	0.00555	0.00215	0.00764	0.00482	0.00422	0.04610
7	0.01060	0.08269	0.01189	0.00949	0.01154	0.00883	0.00720	0.01293	0.01740	0.02289	0.27451	0.24890	0.21932	0.01752	0.00856	0.00250	0.00425	0.01523	0.00696	0.00679
8	0.01662	0.02860	0.34802	0.04666	0.09009	0.04022	0.25218	0.02412	0.03771	0.02361	0.01445	0.01787	0.01070	0.00686	0.00770	0.00239	0.01122	0.00684	0.00357	0.01057
9	0.00916	0.00741	0.00788	0.00797	0.00998	0.00641	0.00575	0.01094	0.01644	0.02026	0.12215	0.12089	0.51485	0.09267	0.01180	0.00301	0.00413	0.01540	0.00676	0.00613
10	0.01522	0.01344	0.01625	0.06790	0.01933	0.01590	0.01188	0.02580	0.30213	0.02591	0.14146	0.03431	0.10188	0.01233	0.01142	0.00264	0.15703	0.00953	0.00635	0.00930
11	0.01043	0.00812	0.00958	0.00967	0.01154	0.00771	0.00707	0.01467	0.08550	0.02420	0.27086	0.23859	0.23873	0.01786	0.00883	0.00259	0.00404	0.01561	0.00740	0.00702
12	0.09646	0.16162	0.16541	0.02086	0.13690	0.01834	0.06325	0.05117	0.01659	0.02487	0.03463	0.01668	0.01221	0.00684	0.00633	0.00195	0.00825	0.00559	0.00401	0.14806
13	0.12504	0.03631	0.01538	0.01336	0.01653	0.04587	0.05369	0.07499	0.08546	0.03996	0.05813	0.23150	0.08274	0.01466	0.00803	0.00262	0.00633	0.07485	0.00630	0.00825
14	0.04902	0.01755	0.08549	0.01755	0.08987	0.01439	0.04548	0.08707	0.09235	0.02751	0.01564	0.01745	0.01229	0.00671	0.00639	0.00173	0.00704	0.00561	0.00484	0.39602
15	0.17519	0.16912	0.10167	0.01739	0.08887	0.06216	0.01426	0.12816	0.06539	0.02873	0.04785	0.01786	0.01417	0.00784	0.00622	0.00211	0.00780	0.00579	0.02939	0.01002
16	0.01632	0.01448	0.01745	0.07051	0.07244	0.10430	0.05599	0.04747	0.01725	0.05974	0.04721	0.16673	0.07203	0.07696	0.01170	0.00303	0.04049	0.09231	0.00556	0.00804

[dist]
# distance from previous block
# <min> <max>
0	8

[block]
# block no. 1 follows, 27 sequences, length 13
# corresponding to MSA columns:
# 616-628
name=unknown_B
#
# <colnr> <probs for GDERKNQSTAVLIFYWHMCP>
#	G	D	E	R	K	N	Q	S	T	A	V	L	I	F	Y	W	H	M	C	P
0	0.01995	0.07267	0.02606	0.09870	0.33700	0.13859	0.01817	0.05705	0.05699	0.02372	0.01428	0.01746	0.01166	0.00709	0.00692	0.00207	0.00919	0.00603	0.00410	0.07232
1	0.04978	0.01696	0.02694	0.11103	0.39484	0.01757	0.06624	0.07604	0.06893	0.07451	0.01646	0.01957	0.01275	0.00732	0.00738	0.00229	0.00863	0.00687	0.00466	0.01123
2	0.14544	0.01844	0.08563	0.06213	0.21031	0.01687	0.19368	0.05376	0.01747	0.02698	0.08303	0.02139	0.01674	0.00763	0.00740	0.00234	0.00898	0.00737	0.00443	0.00998
3	0.01690	0.06778	0.06943	0.04968	0.14452	0.01532	0.10648	0.05014	0.01706	0.07200	0.07237	0.06196	0.05575	0.06619	0.02829	0.00294	0.05007	0.00870	0.00493	0.03950
4	0.01810	0.38695	0.06981	0.01706	0.08913	0.02175	0.05039	0.02241	0.04857	0.02131	0.01357	0.01571	0.01141	0.00664	0.00567	0.00173	0.00767	0.00510	0.06004	0.12700
5	0.01162	0.00865	0.01287	0.01231	0.01422	0.00802	0.07487	0.01383	0.01572	0.05475	0.07918	0.36904	0.13625	0.07644	0.01149	0.00318	0.00561	0.07855	0.00657	0.00682
6	0.01882	0.04256	0.28747	0.02015	0.05274	0.01629	0.10323	0.02762	0.13247	0.12749	0.01994	0.02263	0.01488	0.00825	0.00744	0.00235	0.00898	0.03320	0.00514	0.04833
7	0.02515	0.05020	0.02001	0.01908	0.13168	0.01428	0.01334	0.09494	0.06796	0.33255	0.02627	0.05794	0.02054	0.01050	0.00771	0.00241	0.00695	0.07983	0.00731	0.01135
8	0.01561	0.01444	0.13311	0.06965	0.01995	0.01070	0.01307	0.01938	0.01678	0.14309	0.09109	0.16090	0.08788	0.01646	0.04839	0.00314	0.02517	0.07863	0.02400	0.00856
9	0.00958	0.00696	0.00884	0.01002	0.01089	0.00650	0.00701	0.01116	0.01492	0.01959	0.08032	0.46664	0.13490	0.09539	0.01233	0.00338	0.00475	0.08407	0.00671	0.00604
10	0.01789	0.02102	0.09573	0.09445	0.33798	0.11604	0.07661	0.02236	0.01737	0.02262	0.03917	0.02302	0.06681	0.00808	0.00751	0.00226	0.00955	0.00735	0.00401	0.01017
11	0.01769	0.01651	0.02458	0.39945	0.23995	0.05100	0.02019	0.09822	0.01816	0.02385	0.01390	0.01882	0.01077	0.00737	0.00737	0.00234	0.00953	0.00653	0.00393	0.00985
12	0.01794	0.01603	0.05986	0.25836	0.24519	0.01566	0.08565	0.02251	0.01660	0.10906	0.01769	0.07100	0.01450	0.00839	0.00767	0.00240	0.00902	0.00792	0.00447	0.01009

[dist]
# distance from previous block
# <min> <max>
4	8

[block]
# block no. 2 follows, 27 sequences, length 9
# corresponding to MSA columns:
# 637-645
name=unknown_C
#
# <colnr> <probs for GDERKNQSTAVLIFYWHMCP>
#	G	D	E	R	K	N	Q	S	T	A	V	L	I	F	Y	W	H	M	C	P
0	0.01845	0.01866	0.03627	0.02652	0.03301	0.01831	0.47584	0.13009	0.01973	0.02681	0.01609	0.02079	0.01239	0.01281	0.09515	0.00362	0.01270	0.00831	0.00440	0.01003
1	0.00970	0.00711	0.00883	0.00945	0.01058	0.00657	0.00661	0.01159	0.01611	0.02146	0.20895	0.33350	0.16457	0.10876	0.01270	0.00329	0.00447	0.04267	0.00692	0.00616
2	0.01292	0.01573	0.12602	0.01280	0.01556	0.09532	0.01098	0.01566	0.01546	0.02014	0.11333	0.27485	0.03467	0.14463	0.05471	0.00393	0.00786	0.01290	0.00546	0.00707
3	0.01046	0.00763	0.00965	0.01046	0.01210	0.00715	0.00824	0.01312	0.01714	0.02276	0.17012	0.20353	0.19559	0.01910	0.00924	0.00284	0.00483	0.22548	0.04396	0.00658
4	0.01583	0.02292	0.22698	0.01999	0.02330	0.02108	0.01961	0.01957	0.01267	0.01957	0.01082	0.01607	0.00964	0.01120	0.01915	0.00298	0.51023	0.00619	0.00321	0.00898
5	0.01994	0.02060	0.02861	0.04115	0.58091	0.13317	0.02137	0.02393	0.01759	0.02324	0.01355	0.01754	0.01139	0.00679	0.00724	0.00216	0.00958	0.00631	0.00370	0.01123
6	0.01637	0.01112	0.01326	0.01183	0.01496	0.01142	0.00915	0.02569	0.24373	0.12304	0.37445	0.04187	0.04684	0.01262	0.00817	0.00239	0.00470	0.01090	0.00810	0.00939
7	0.17759	0.01846	0.01937	0.01601	0.02000	0.05021	0.01310	0.28229	0.10400	0.03420	0.01570	0.01733	0.01214	0.00954	0.01078	0.00250	0.17440	0.00624	0.00575	0.01038
8	0.01071	0.00840	0.01118	0.08183	0.01597	0.00782	0.00855	0.01291	0.01514	0.02076	0.08787	0.45955	0.06679	0.01785	0.00852	0.00256	0.00498	0.01600	0.00622	0.13637

[dist]
# distance from previous block
# <min> <max>
0	5

[block]
# block no. 3 follows, 27 sequences, length 12
# corresponding to MSA columns:
# 651-662
name=unknown_D
#
# <colnr> <probs for GDERKNQSTAVLIFYWHMCP>
#	G	D	E	R	K	N	Q	S	T	A	V	L	I	F	Y	W	H	M	C	P
0	0.01640	0.01632	0.02098	0.17012	0.02606	0.07178	0.01599	0.02093	0.08444	0.01949	0.01365	0.01908	0.01187	0.01459	0.07399	0.00362	0.38171	0.00671	0.00382	0.00845
1	0.46195	0.01405	0.01266	0.01100	0.01519	0.01570	0.00886	0.13322	0.04480	0.03274	0.04736	0.02250	0.08530	0.01016	0.00735	0.05082	0.00591	0.00645	0.00552	0.00846
2	0.01489	0.01453	0.01458	0.05765	0.04425	0.15750	0.03666	0.01660	0.01466	0.01749	0.02385	0.11512	0.05248	0.28431	0.08429	0.00505	0.00965	0.02519	0.00460	0.00663
3	0.01379	0.01185	0.01712	0.11138	0.10291	0.01389	0.01324	0.01846	0.08450	0.01982	0.01958	0.03062	0.01839	0.12481	0.21745	0.00601	0.11663	0.04723	0.00438	0.00796
4	0.01002	0.00740	0.00949	0.00964	0.01118	0.00715	0.00713	0.01257	0.01664	0.02285	0.26393	0.18979	0.17551	0.02603	0.16033	0.00456	0.00726	0.01398	0.03796	0.00658
5	0.02629	0.07594	0.02325	0.02135	0.09446	0.52330	0.01512	0.09332	0.02163	0.02168	0.01232	0.01428	0.01011	0.00759	0.00672	0.00196	0.01203	0.00512	0.00413	0.00941
6	0.01898	0.16916	0.02589	0.22981	0.09503	0.07821	0.03657	0.11719	0.05849	0.02400	0.01553	0.04404	0.01292	0.00976	0.03176	0.00254	0.00941	0.00666	0.00439	0.00966
7	0.01113	0.00952	0.01499	0.01406	0.03741	0.00882	0.11005	0.01392	0.01675	0.02227	0.17307	0.26565	0.17542	0.04687	0.01021	0.00286	0.00571	0.04775	0.00646	0.00706
8	0.01438	0.00878	0.01090	0.01088	0.01303	0.00831	0.00794	0.01824	0.08740	0.14143	0.06982	0.40231	0.14053	0.01832	0.00877	0.00273	0.00471	0.01616	0.00742	0.00789
9	0.05970	0.10555	0.02128	0.01656	0.02083	0.45168	0.01296	0.08618	0.02091	0.05315	0.01587	0.01712	0.03860	0.00817	0.00652	0.00196	0.01084	0.00550	0.03754	0.00907
10	0.06299	0.21742	0.13612	0.01680	0.02346	0.08498	0.04140	0.25166	0.02291	0.05473	0.01444	0.01556	0.01092	0.00761	0.00650	0.00207	0.00901	0.00557	0.00504	0.01083
11	0.01860	0.14304	0.14471	0.05001	0.04861	0.01868	0.06944	0.12605	0.08055	0.02690	0.01523	0.01708	0.01181	0.00708	0.00657	0.00193	0.00824	0.00580	0.00462	0.19505

[dist]
# distance from previous block
# <min> <max>
0	1

[block]
# block no. 4 follows, 27 sequences, length 12
# corresponding to MSA columns:
# 664-675
name=unknown_E
#
# <colnr> <probs for GDERKNQSTAVLIFYWHMCP>
#	G	D	E	R	K	N	Q	S	T	A	V	L	I	F	Y	W	H	M	C	P
0	0.05590	0.07276	0.25208	0.02081	0.11901	0.05615	0.01842	0.14077	0.04392	0.02783	0.03635	0.02171	0.06571	0.00851	0.00703	0.00222	0.00875	0.00673	0.00472	0.03061
1	0.00952	0.00694	0.00896	0.00974	0.01081	0.00638	0.00682	0.01161	0.01677	0.02272	0.26401	0.44398	0.11402	0.02011	0.00917	0.00274	0.00398	0.01801	0.00733	0.00638
2	0.01103	0.00826	0.01221	0.01314	0.01461	0.00812	0.04141	0.01372	0.01570	0.02074	0.03758	0.32698	0.04220	0.02299	0.05195	0.00373	0.00692	0.33548	0.00654	0.00667
3	0.10654	0.01785	0.08421	0.03948	0.02353	0.01584	0.08107	0.15512	0.05796	0.25103	0.02024	0.02010	0.01392	0.00807	0.00709	0.00223	0.00773	0.00667	0.00654	0.07478
4	0.05136	0.01390	0.03027	0.01459	0.03841	0.01396	0.02748	0.11784	0.12426	0.12163	0.06250	0.12781	0.06857	0.03600	0.00967	0.00256	0.04944	0.00991	0.00661	0.07323
5	0.04931	0.01239	0.01430	0.01195	0.01608	0.04410	0.00950	0.06286	0.03876	0.34682	0.11223	0.07427	0.08069	0.01137	0.00751	0.00229	0.00579	0.00938	0.08029	0.01012
6	0.00942	0.00685	0.00894	0.01030	0.01115	0.00637	0.00725	0.01116	0.01533	0.02031	0.10100	0.55218	0.11026	0.02187	0.00942	0.00294	0.00442	0.07761	0.00700	0.00621
7	0.02523	0.02104	0.02198	0.02030	0.10849	0.10969	0.01460	0.44079	0.02948	0.03858	0.07925	0.02084	0.01749	0.00904	0.00745	0.00219	0.00849	0.00706	0.00654	0.01147
8	0.00910	0.00661	0.00859	0.01005	0.01072	0.00610	0.00679	0.01055	0.01479	0.01959	0.07677	0.64364	0.10439	0.02247	0.00938	0.00294	0.00422	0.02025	0.00696	0.00610
9	0.01156	0.00879	0.01037	0.01016	0.01223	0.00847	0.00758	0.06706	0.05053	0.02574	0.26036	0.23054	0.21536	0.01758	0.00882	0.00258	0.00437	0.03326	0.00739	0.00725
10	0.01797	0.01706	0.07419	0.01617	0.08291	0.01361	0.01260	0.13765	0.01911	0.02825	0.01412	0.01614	0.01123	0.00635	0.00615	0.00151	0.00674	0.00511	0.00478	0.50836
11	0.02580	0.01937	0.02307	0.02029	0.09512	0.02103	0.04191	0.45925	0.11065	0.07760	0.01945	0.01960	0.01403	0.00871	0.00749	0.00228	0.00804	0.00702	0.00698	0.01232

[dist]
# distance from previous block
# <min> <max>
2	9

[block]
# block no. 5 follows, 27 sequences, length 9
# corresponding to MSA columns:
# 686-694
name=unknown_F
#
# <colnr> <probs for GDERKNQSTAVLIFYWHMCP>
#	G	D	E	R	K	N	Q	S	T	A	V	L	I	F	Y	W	H	M	C	P
0	0.01683	0.01437	0.01394	0.01240	0.01566	0.10670	0.00934	0.02392	0.18327	0.06946	0.20180	0.05608	0.05730	0.08666	0.01075	0.00271	0.00628	0.00961	0.00660	0.09633
1	0.07944	0.38504	0.14282	0.01479	0.02132	0.05276	0.01482	0.06276	0.11865	0.02353	0.01437	0.01539	0.01159	0.00729	0.00580	0.00196	0.00820	0.00510	0.00423	0.01014
2	0.01331	0.01406	0.10768	0.06987	0.06272	0.01135	0.01277	0.09384	0.01775	0.02389	0.05422	0.33203	0.09824	0.01617	0.00854	0.00268	0.00644	0.04030	0.00599	0.00814
3	0.08533	0.04771	0.15109	0.05714	0.28372	0.04523	0.01920	0.12694	0.01918	0.02757	0.01676	0.03581	0.03640	0.00800	0.00706	0.00225	0.00875	0.00670	0.00443	0.01075
4	0.01168	0.00905	0.01260	0.01237	0.01409	0.01054	0.00962	0.01685	0.10344	0.01913	0.02130	0.02896	0.01912	0.04942	0.61342	0.01064	0.01796	0.00801	0.00447	0.00733
5	0.01063	0.00791	0.01018	0.01018	0.01192	0.00715	0.00734	0.01294	0.01626	0.02276	0.23317	0.33574	0.04747	0.06002	0.04091	0.00318	0.00516	0.03737	0.00668	0.11303
6	0.01820	0.08390	0.30265	0.02655	0.17545	0.06286	0.10584	0.06615	0.04382	0.02471	0.01429	0.01701	0.01091	0.00708	0.00718	0.00225	0.01024	0.00619	0.00383	0.01090
7	0.04765	0.01722	0.06656	0.02240	0.14539	0.04852	0.11811	0.12856	0.02061	0.02855	0.15345	0.08461	0.02780	0.01085	0.00804	0.00241	0.00801	0.04603	0.00566	0.00959
8	0.01354	0.05472	0.01148	0.00977	0.01187	0.00865	0.00721	0.01511	0.01539	0.11142	0.04299	0.21350	0.21731	0.18013	0.01513	0.00365	0.00545	0.04933	0.00643	0.00692

[dist]
# distance from previous block
# <min> <max>
0	1

[block]
# block no. 6 follows, 27 sequences, length 10
# corresponding to MSA columns:
# 696-705
name=unknown_G
#
# <colnr> <probs for GDERKNQSTAVLIFYWHMCP>
#	G	D	E	R	K	N	Q	S	T	A	V	L	I	F	Y	W	H	M	C	P
0	0.05602	0.01848	0.02609	0.06143	0.35529	0.06247	0.06497	0.08579	0.12163	0.04916	0.01706	0.01956	0.01332	0.00754	0.00733	0.00228	0.00868	0.00684	0.00485	0.01122
1	0.01299	0.00734	0.01121	0.01261	0.06448	0.00731	0.00780	0.01078	0.01066	0.01435	0.01550	0.08625	0.01606	0.02403	0.02552	0.65114	0.00644	0.00778	0.00359	0.00416
2	0.01057	0.00738	0.00884	0.00884	0.00935	0.00755	0.00560	0.01130	0.01158	0.01550	0.02732	0.04659	0.08485	0.53181	0.17528	0.00776	0.00953	0.01064	0.00461	0.00510
3	0.07103	0.01757	0.08339	0.09966	0.29115	0.01666	0.01787	0.05183	0.10995	0.05709	0.01954	0.02194	0.04060	0.00821	0.00760	0.00232	0.02724	0.00700	0.03874	0.01062
4	0.10711	0.04909	0.02346	0.04537	0.27408	0.10338	0.01628	0.09362	0.07922	0.02688	0.01475	0.01729	0.01188	0.00752	0.00742	0.00215	0.03735	0.00598	0.00457	0.07260
5	0.01838	0.04821	0.02106	0.02263	0.21101	0.01536	0.03116	0.04317	0.19164	0.09129	0.08661	0.05601	0.05010	0.00971	0.00746	0.00225	0.00669	0.00853	0.00605	0.07270
6	0.00994	0.00740	0.00831	0.00839	0.00970	0.00681	0.00572	0.01135	0.01498	0.01921	0.13356	0.09428	0.29206	0.29564	0.02003	0.00435	0.00521	0.04124	0.00614	0.00570
7	0.02168	0.04391	0.09314	0.02360	0.20421	0.04660	0.01638	0.16002	0.08996	0.11694	0.02262	0.02321	0.06309	0.00873	0.00730	0.00222	0.00797	0.00723	0.00577	0.03543
8	0.01178	0.06780	0.01178	0.00984	0.01181	0.04146	0.00726	0.01449	0.04359	0.02135	0.15665	0.21793	0.20030	0.10134	0.01171	0.00301	0.00511	0.01389	0.04214	0.00676
9	0.05052	0.01754	0.10426	0.01985	0.14412	0.04838	0.01450	0.09398	0.04748	0.06486	0.16074	0.07177	0.02705	0.01047	0.00818	0.00231	0.03673	0.00871	0.03756	0.03099

[dist]
# distance from previous block
# <min> <max>
1	24

[block]
# block no. 7 follows, 27 sequences, length 17
# corresponding to MSA columns:
# 730-746
name=unknown_H
#
# <colnr> <probs for GDERKNQSTAVLIFYWHMCP>
#	G	D	E	R	K	N	Q	S	T	A	V	L	I	F	Y	W	H	M	C	P
0	0.09077	0.11751	0.06051	0.01337	0.01793	0.03384	0.03681	0.07833	0.09469	0.07550	0.06869	0.05802	0.14967	0.01190	0.00744	0.00237	0.00665	0.06079	0.00607	0.00913
1	0.01044	0.04788	0.06746	0.01103	0.01280	0.00824	0.00874	0.01202	0.01420	0.01878	0.03755	0.50806	0.09962	0.02086	0.01082	0.07690	0.00520	0.01702	0.00604	0.00638
2	0.07765	0.01386	0.05804	0.01386	0.01701	0.07603	0.08136	0.01650	0.01605	0.04006	0.03689	0.30254	0.15187	0.01616	0.00844	0.00266	0.00671	0.05095	0.00589	0.00746
3	0.01945	0.05096	0.13947	0.04265	0.12747	0.01645	0.18829	0.07714	0.01900	0.11970	0.05476	0.02354	0.04391	0.00818	0.00765	0.00231	0.00906	0.00775	0.03175	0.01053
4	0.01658	0.08523	0.03160	0.13873	0.03261	0.01763	0.32574	0.05157	0.05569	0.02351	0.01954	0.08339	0.03339	0.00872	0.00794	0.00241	0.00973	0.00901	0.03768	0.00932
5	0.01228	0.00908	0.01042	0.01031	0.01207	0.00899	0.00766	0.07493	0.03570	0.02171	0.05925	0.09421	0.20414	0.25414	0.01846	0.00423	0.00603	0.14361	0.00620	0.00657
6	0.01981	0.01758	0.04891	0.04430	0.19393	0.07256	0.05861	0.08816	0.04236	0.10078	0.03616	0.10763	0.01849	0.00979	0.00827	0.00229	0.03887	0.00848	0.00535	0.07766
7	0.01861	0.13641	0.09085	0.08465	0.13523	0.04600	0.06173	0.11985	0.08556	0.02558	0.01717	0.05178	0.01440	0.01222	0.06522	0.00303	0.00973	0.00712	0.00465	0.01020
8	0.01694	0.01564	0.02571	0.15909	0.44662	0.01685	0.02002	0.02109	0.01588	0.02305	0.01445	0.01935	0.01197	0.00757	0.00876	0.00230	0.07644	0.00663	0.08132	0.01031
9	0.01818	0.08222	0.19343	0.06387	0.18537	0.01853	0.04445	0.12229	0.08743	0.02739	0.04522	0.02174	0.04079	0.00826	0.00727	0.00227	0.00868	0.00702	0.00476	0.01084
10	0.02190	0.01270	0.01449	0.01223	0.01634	0.04735	0.00958	0.02751	0.12746	0.29477	0.12263	0.06212	0.10047	0.04074	0.00894	0.00250	0.00586	0.00967	0.00769	0.05505
11	0.01779	0.03839	0.01756	0.10154	0.02126	0.10666	0.01234	0.10976	0.10594	0.02356	0.01877	0.06282	0.01660	0.04861	0.10324	0.06851	0.07520	0.00770	0.03532	0.00843
12	0.02515	0.02295	0.01945	0.01629	0.02089	0.22573	0.01287	0.31971	0.11557	0.03398	0.01831	0.01893	0.01378	0.00866	0.00697	0.00212	0.00889	0.00637	0.09270	0.01067
13	0.01611	0.01480	0.02140	0.02423	0.22004	0.03856	0.06806	0.04454	0.10946	0.02343	0.02167	0.06229	0.04540	0.04329	0.14345	0.00432	0.03122	0.00839	0.00479	0.05454
14	0.01822	0.01878	0.02676	0.11842	0.28276	0.11416	0.11873	0.02408	0.08014	0.02329	0.05311	0.02155	0.01573	0.00987	0.03987	0.00273	0.01011	0.00730	0.00429	0.01010
15	0.01690	0.19760	0.15231	0.01464	0.01995	0.09696	0.01419	0.04491	0.08012	0.02256	0.07825	0.02949	0.08711	0.01375	0.06248	0.00296	0.00905	0.04279	0.00486	0.00910
16	0.01091	0.06831	0.01255	0.01226	0.04053	0.00904	0.00851	0.01262	0.01423	0.01885	0.03401	0.46379	0.03944	0.09048	0.05890	0.00390	0.00639	0.08272	0.00602	0.00654

[dist]
# distance from previous block
# <min> <max>
0	6

[block]
# block no. 8 follows, 27 sequences, length 23
# corresponding to MSA columns:
# 753-775
name=unknown_I
#
# <colnr> <probs for GDERKNQSTAVLIFYWHMCP>
#	G	D	E	R	K	N	Q	S	T	A	V	L	I	F	Y	W	H	M	C	P
0	0.01261	0.00981	0.01369	0.01633	0.14834	0.00912	0.01000	0.01586	0.01916	0.05431	0.37047	0.05076	0.21252	0.01412	0.00842	0.00235	0.00476	0.01237	0.00699	0.00801
1	0.01155	0.00917	0.01313	0.01678	0.14758	0.00903	0.00966	0.01345	0.01428	0.01941	0.06613	0.27082	0.08283	0.19443	0.08375	0.00465	0.00734	0.01362	0.00545	0.00694
2	0.01443	0.00848	0.01064	0.01044	0.01295	0.00758	0.00812	0.01676	0.01754	0.15735	0.10132	0.21141	0.25617	0.01785	0.00891	0.00271	0.00488	0.11736	0.00745	0.00765
3	0.01076	0.00734	0.00882	0.00882	0.00907	0.00759	0.00540	0.01126	0.01101	0.01493	0.02273	0.04493	0.02540	0.61046	0.16426	0.00809	0.00959	0.01026	0.00440	0.00490
4	0.01004	0.00775	0.00928	0.00942	0.01149	0.00699	0.00741	0.01282	0.01843	0.02400	0.28976	0.06814	0.33560	0.01783	0.00907	0.00263	0.00429	0.14107	0.00734	0.00665
5	0.02195	0.01758	0.15265	0.01372	0.01938	0.01303	0.01316	0.13915	0.02119	0.23708	0.06036	0.02861	0.08696	0.00990	0.00721	0.00223	0.00673	0.00797	0.13068	0.01046
6	0.01078	0.00823	0.00997	0.01055	0.01212	0.00807	0.00774	0.01507	0.09681	0.02234	0.13915	0.32754	0.15708	0.05503	0.01051	0.00302	0.00472	0.08733	0.00703	0.00692
7	0.01426	0.01434	0.14966	0.01319	0.01679	0.00970	0.01199	0.01838	0.04705	0.11663	0.07376	0.39278	0.03666	0.01681	0.00860	0.00273	0.00604	0.03577	0.00657	0.00831
8	0.01472	0.01457	0.02660	0.58241	0.04865	0.01695	0.15046	0.01994	0.01538	0.01994	0.01356	0.01984	0.01017	0.00719	0.00769	0.00248	0.01042	0.00703	0.00339	0.00860
9	0.18688	0.01453	0.01653	0.01376	0.01740	0.01638	0.01121	0.14503	0.04199	0.16002	0.07978	0.02495	0.05174	0.03157	0.01130	0.00264	0.15091	0.00745	0.00628	0.00966
10	0.01149	0.00926	0.01349	0.01769	0.14881	0.00890	0.01090	0.01395	0.01584	0.02113	0.06173	0.36811	0.11547	0.01860	0.00909	0.00284	0.00560	0.13344	0.00628	0.00739
11	0.63783	0.01859	0.01295	0.01165	0.01609	0.15604	0.00931	0.02340	0.01433	0.03026	0.01057	0.01233	0.00835	0.00704	0.00502	0.00222	0.00728	0.00417	0.00444	0.00815
12	0.01137	0.00922	0.01333	0.01748	0.14862	0.00881	0.01067	0.01377	0.01581	0.02102	0.06126	0.37220	0.13585	0.01857	0.00904	0.00282	0.00549	0.11102	0.00628	0.00737
13	0.01739	0.01925	0.04889	0.02669	0.21782	0.12020	0.13943	0.02198	0.04902	0.02216	0.02652	0.02879	0.14805	0.00988	0.00924	0.00239	0.06969	0.00860	0.00449	0.00951
14	0.01560	0.01487	0.14855	0.01127	0.01539	0.01084	0.01091	0.05120	0.07140	0.05106	0.05547	0.02610	0.01961	0.00880	0.00612	0.00199	0.00549	0.00708	0.45965	0.00860
15	0.01419	0.01827	0.15878	0.58037	0.04731	0.01664	0.02199	0.01988	0.01501	0.01988	0.01322	0.01896	0.00980	0.00735	0.00735	0.00245	0.01011	0.00637	0.00327	0.00880
16	0.00950	0.00693	0.00894	0.00975	0.01081	0.00637	0.00681	0.01157	0.01669	0.02260	0.25632	0.45104	0.11479	0.02020	0.00918	0.00275	0.00399	0.01809	0.00731	0.00637
17	0.01162	0.00962	0.01339	0.01666	0.14844	0.00903	0.01035	0.01462	0.01792	0.02390	0.23396	0.10686	0.24721	0.01584	0.00871	0.00254	0.00512	0.08995	0.00661	0.00764
18	0.01159	0.01448	0.14873	0.01216	0.01557	0.02972	0.01132	0.01520	0.01712	0.02321	0.23816	0.15051	0.13229	0.08045	0.01119	0.00298	0.00606	0.06565	0.00622	0.00737
19	0.02807	0.02529	0.02190	0.01771	0.02300	0.23462	0.01418	0.47121	0.03063	0.03796	0.01587	0.01646	0.01168	0.00852	0.00720	0.00213	0.00978	0.00610	0.00632	0.01139
20	0.00963	0.00702	0.00858	0.00957	0.01044	0.00656	0.00656	0.01095	0.01426	0.01846	0.04382	0.39263	0.17260	0.17969	0.01563	0.00387	0.00506	0.07252	0.00636	0.00581
21	0.04301	0.01878	0.03594	0.06687	0.03433	0.05611	0.49178	0.02286	0.01741	0.02405	0.04431	0.02148	0.01410	0.00699	0.00816	0.00240	0.01112	0.00832	0.06258	0.00940
22	0.01770	0.01738	0.01611	0.01292	0.01818	0.15130	0.01005	0.02273	0.09150	0.02434	0.08612	0.02060	0.01825	0.00747	0.00631	0.00155	0.00692	0.00588	0.00503	0.45968

[dist]
# distance from previous block
# <min> <max>
0	2

[block]
# block no. 9 follows, 27 sequences, length 24
# corresponding to MSA columns:
# 778-801
name=unknown_J
#
# <colnr> <probs for GDERKNQSTAVLIFYWHMCP>
#	G	D	E	R	K	N	Q	S	T	A	V	L	I	F	Y	W	H	M	C	P
0	0.00971	0.00735	0.00989	0.06077	0.01391	0.00718	0.00807	0.01171	0.01525	0.02016	0.10261	0.47075	0.12762	0.02236	0.04531	0.00333	0.00548	0.04558	0.00660	0.00638
1	0.01650	0.01570	0.02637	0.22801	0.46832	0.01651	0.02097	0.02087	0.01634	0.02251	0.01812	0.02254	0.05956	0.00770	0.00747	0.00230	0.00875	0.00725	0.00380	0.01041
2	0.01513	0.04940	0.01540	0.01099	0.01623	0.01034	0.00880	0.01826	0.01611	0.05368	0.10771	0.05338	0.02151	0.01137	0.05634	0.00220	0.00636	0.00672	0.00514	0.51493
3	0.01925	0.01556	0.02041	0.01872	0.10909	0.03641	0.06569	0.08636	0.07637	0.09177	0.02041	0.02185	0.04826	0.00806	0.00769	0.00194	0.04232	0.00673	0.03966	0.26346
4	0.02242	0.01853	0.02249	0.07515	0.12844	0.11576	0.07125	0.13468	0.08182	0.13267	0.04006	0.06512	0.01748	0.00916	0.00755	0.00228	0.00857	0.00788	0.00588	0.03281
5	0.02142	0.14392	0.16117	0.01817	0.02460	0.11393	0.07367	0.22189	0.02271	0.02918	0.04452	0.02163	0.01522	0.00869	0.00716	0.00221	0.00950	0.04494	0.00505	0.01042
6	0.01497	0.15765	0.27513	0.01779	0.02502	0.01682	0.12013	0.02016	0.01585	0.02163	0.02320	0.08956	0.09711	0.00964	0.00723	0.00223	0.00876	0.00836	0.00414	0.06463
7	0.01013	0.00793	0.01195	0.01337	0.04766	0.00746	0.04784	0.01202	0.01497	0.02019	0.07809	0.61181	0.04617	0.02086	0.00928	0.00290	0.00499	0.01913	0.00661	0.00663
8	0.01238	0.00944	0.01111	0.01037	0.01240	0.00943	0.00765	0.01542	0.05464	0.02098	0.03208	0.15067	0.12196	0.16265	0.01525	0.00333	0.07146	0.03804	0.11342	0.12732
9	0.02261	0.04346	0.02497	0.02356	0.16708	0.04885	0.08420	0.23211	0.10569	0.08193	0.03974	0.02064	0.01548	0.00819	0.00739	0.00220	0.00828	0.00708	0.00594	0.05059
10	0.01242	0.09319	0.05621	0.01097	0.01426	0.01108	0.00917	0.01685	0.07731	0.02309	0.15519	0.21520	0.15386	0.01483	0.00787	0.00234	0.00510	0.01274	0.03286	0.07546
11	0.02220	0.07272	0.05522	0.06794	0.18413	0.09037	0.05636	0.24936	0.02326	0.03066	0.01474	0.01707	0.01138	0.00747	0.00707	0.00210	0.00914	0.00618	0.00498	0.06765
12	0.01841	0.04742	0.02100	0.02149	0.16701	0.03837	0.04193	0.07943	0.14101	0.07530	0.07423	0.13270	0.02424	0.01115	0.00858	0.00240	0.04405	0.00960	0.00595	0.03573
13	0.06748	0.01900	0.07288	0.11908	0.27721	0.05823	0.05770	0.09066	0.01858	0.05567	0.01719	0.02016	0.04050	0.00763	0.00720	0.00222	0.00886	0.00672	0.00447	0.04856
14	0.04247	0.01935	0.09855	0.08005	0.17606	0.08792	0.03208	0.09025	0.04783	0.04532	0.07924	0.07258	0.01992	0.00928	0.00735	0.00225	0.00824	0.00793	0.02686	0.04647
15	0.01841	0.11810	0.17980	0.06146	0.25861	0.07808	0.01972	0.04470	0.03657	0.02335	0.01362	0.01653	0.01093	0.00688	0.00672	0.00205	0.00921	0.00569	0.00379	0.08577
16	0.05913	0.10802	0.16855	0.04040	0.07402	0.06950	0.01648	0.12770	0.13939	0.02794	0.01706	0.01850	0.01308	0.00813	0.00729	0.00222	0.03301	0.00614	0.05294	0.01051
17	0.10157	0.09732	0.13143	0.02072	0.13973	0.08169	0.01608	0.08366	0.10188	0.07468	0.01630	0.01754	0.01242	0.00752	0.00658	0.00211	0.00831	0.00584	0.00492	0.06969
18	0.10904	0.09567	0.08851	0.05825	0.22169	0.06695	0.01644	0.04267	0.05498	0.08294	0.05629	0.01968	0.01535	0.00774	0.00673	0.00215	0.00813	0.00631	0.00477	0.03571
19	0.03909	0.03999	0.06728	0.02846	0.32399	0.04079	0.01727	0.10202	0.09210	0.02814	0.07522	0.02217	0.01805	0.00814	0.00716	0.00218	0.00781	0.00707	0.03809	0.03498
20	0.07942	0.11668	0.06459	0.02066	0.14277	0.08308	0.01504	0.19250	0.06225	0.07925	0.05973	0.01975	0.01599	0.00827	0.00686	0.00215	0.00815	0.00646	0.00556	0.01083
21	0.05495	0.06848	0.19450	0.02273	0.15450	0.10238	0.03484	0.07006	0.06913	0.06680	0.01722	0.06101	0.01414	0.00841	0.00706	0.00223	0.00904	0.00690	0.00469	0.03094
22	0.04624	0.02276	0.14877	0.02677	0.24151	0.08254	0.03773	0.12681	0.06769	0.07642	0.03955	0.01960	0.01438	0.00788	0.00727	0.00225	0.00898	0.00665	0.00504	0.01118
23	0.03816	0.08996	0.11882	0.01847	0.09543	0.10527	0.03668	0.04531	0.08839	0.05421	0.10040	0.08490	0.07208	0.01060	0.00742	0.00228	0.00788	0.00884	0.00540	0.00951

[dist]
# distance from previous block
# <min> <max>
17	441

[block]
# block no. 10 follows, 27 sequences, length 6
# corresponding to MSA columns:
# 1290-1295
name=unknown_K
#
# <colnr> <probs for GDERKNQSTAVLIFYWHMCP>
#	G	D	E	R	K	N	Q	S	T	A	V	L	I	F	Y	W	H	M	C	P
0	0.02118	0.01661	0.06599	0.07387	0.36437	0.01513	0.01835	0.02613	0.04649	0.19686	0.06449	0.02298	0.01763	0.00808	0.00747	0.00228	0.00789	0.00730	0.00550	0.01139
1	0.05841	0.01825	0.06303	0.16678	0.13322	0.08522	0.01607	0.09175	0.11720	0.06593	0.05906	0.05660	0.01825	0.00916	0.00737	0.00235	0.00828	0.00767	0.00534	0.01005
2	0.02296	0.01726	0.02237	0.09804	0.13926	0.05522	0.05098	0.14395	0.12730	0.16406	0.02014	0.02093	0.01459	0.00815	0.00734	0.00223	0.00808	0.00695	0.00610	0.06409
3	0.01683	0.01302	0.03934	0.06518	0.05563	0.01307	0.01122	0.09649	0.16655	0.06504	0.06464	0.11859	0.05789	0.01149	0.00737	0.00233	0.00585	0.00976	0.17036	0.00933
4	0.02274	0.01761	0.02158	0.16597	0.10245	0.06759	0.01573	0.21901	0.05576	0.12508	0.04634	0.02102	0.01531	0.00891	0.00866	0.00236	0.06029	0.00699	0.00588	0.01072
5	0.02001	0.05304	0.02482	0.06426	0.31144	0.08211	0.04088	0.06448	0.06677	0.08341	0.07151	0.04837	0.01881	0.00864	0.00744	0.00224	0.00834	0.00768	0.00512	0.01064

[dist]
# distance from previous block
# <min> <max>
27	446

[block]
# block no. 11 follows, 27 sequences, length 16
# corresponding to MSA columns:
# 1764-1779
name=unknown_L
#
# <colnr> <probs for GDERKNQSTAVLIFYWHMCP>
#	G	D	E	R	K	N	Q	S	T	A	V	L	I	F	Y	W	H	M	C	P
0	0.02086	0.01947	0.02191	0.03709	0.09933	0.15074	0.08185	0.12599	0.07678	0.05832	0.03957	0.05468	0.01661	0.02987	0.00815	0.00223	0.00868	0.00737	0.00533	0.13515
1	0.04753	0.01746	0.04269	0.10437	0.21301	0.04868	0.05013	0.14005	0.06447	0.02800	0.06707	0.05167	0.03870	0.00938	0.00837	0.00237	0.04272	0.00799	0.00514	0.01020
2	0.06874	0.03898	0.06172	0.04804	0.21722	0.04378	0.01552	0.11765	0.01943	0.09607	0.06495	0.06894	0.04055	0.01019	0.00855	0.02761	0.02852	0.00802	0.00539	0.01012
3	0.10312	0.01567	0.02245	0.11914	0.34528	0.03883	0.01712	0.03706	0.04166	0.02541	0.07515	0.05560	0.01839	0.00847	0.00718	0.00225	0.00779	0.00752	0.00456	0.04735
4	0.04379	0.01715	0.01732	0.04102	0.15144	0.16856	0.01248	0.05288	0.01906	0.02419	0.14775	0.07576	0.13457	0.01150	0.00763	0.00221	0.00750	0.00959	0.00550	0.05010
5	0.05930	0.31267	0.11416	0.05623	0.17124	0.10779	0.03895	0.02330	0.01624	0.02089	0.01193	0.01463	0.01001	0.00673	0.00611	0.00197	0.00931	0.00513	0.00346	0.00996
6	0.01463	0.01528	0.06603	0.53993	0.15113	0.01634	0.02085	0.01967	0.01548	0.02054	0.04055	0.02074	0.01259	0.00758	0.00744	0.00242	0.00953	0.00680	0.00354	0.00893
7	0.01639	0.01391	0.02259	0.36626	0.23590	0.01518	0.01863	0.02070	0.01590	0.06427	0.01624	0.05406	0.01333	0.00799	0.00729	0.00229	0.00854	0.00723	0.03676	0.05655
8	0.01276	0.05352	0.01531	0.01317	0.04677	0.01045	0.05023	0.05478	0.02028	0.02803	0.44761	0.11195	0.07758	0.01420	0.00844	0.00236	0.00496	0.01265	0.00716	0.00780
9	0.01375	0.01038	0.01437	0.01459	0.05549	0.01019	0.05361	0.04865	0.08905	0.06586	0.06002	0.36496	0.11825	0.01720	0.00877	0.00272	0.00559	0.03170	0.00677	0.00808
10	0.02760	0.01897	0.02087	0.01612	0.02175	0.02056	0.01327	0.55215	0.03242	0.11938	0.06460	0.02122	0.01717	0.00937	0.00752	0.00224	0.00764	0.00723	0.00768	0.01225
11	0.02393	0.04281	0.02055	0.06357	0.02294	0.02005	0.01335	0.41664	0.13310	0.06634	0.02176	0.08326	0.01741	0.01019	0.00754	0.00234	0.00749	0.00817	0.00705	0.01150
12	0.01981	0.52805	0.12683	0.01416	0.02099	0.06701	0.01451	0.02311	0.01576	0.04269	0.01167	0.01322	0.00992	0.00657	0.00534	0.00170	0.00847	0.00438	0.00350	0.06230
13	0.01955	0.26722	0.32848	0.01744	0.02575	0.02256	0.01955	0.16912	0.01984	0.02679	0.01335	0.01492	0.01017	0.00724	0.00638	0.00207	0.00934	0.00526	0.00412	0.01087
14	0.05804	0.16843	0.50533	0.01887	0.02827	0.05514	0.02297	0.02350	0.01568	0.02263	0.01251	0.01466	0.00936	0.00694	0.00648	0.00218	0.01025	0.00509	0.00326	0.01042
15	0.06914	0.16442	0.19375	0.01682	0.03550	0.04102	0.03702	0.13518	0.09473	0.02739	0.03646	0.02217	0.01553	0.04348	0.00828	0.00246	0.00848	0.03307	0.00490	0.01018

[dist]
# distance from previous block
# <min> <max>
1	42

[block]
# block no. 12 follows, 27 sequences, length 68
# corresponding to MSA columns:
# 1822-1889
name=unknown_M
#
# <colnr> <probs for GDERKNQSTAVLIFYWHMCP>
#	G	D	E	R	K	N	Q	S	T	A	V	L	I	F	Y	W	H	M	C	P
0	0.01771	0.01671	0.02384	0.08365	0.37828	0.05484	0.01763	0.04396	0.06111	0.02472	0.04600	0.05030	0.01630	0.00795	0.00721	0.00210	0.00801	0.00721	0.00448	0.12797
1	0.02134	0.10200	0.08179	0.02189	0.13404	0.14916	0.05735	0.12023	0.08942	0.05646	0.07806	0.02120	0.01778	0.00839	0.00717	0.00217	0.00900	0.00688	0.00522	0.01047
2	0.29170	0.03646	0.04015	0.06090	0.09793	0.01630	0.01270	0.02689	0.12121	0.15162	0.03808	0.01976	0.01483	0.00827	0.00700	0.00235	0.03191	0.00623	0.00569	0.01003
3	0.04939	0.01437	0.01665	0.03906	0.03996	0.05473	0.05351	0.14898	0.07981	0.05788	0.09402	0.05980	0.16803	0.03494	0.02647	0.00274	0.00704	0.01001	0.03356	0.00904
4	0.02106	0.57110	0.03421	0.01396	0.01960	0.16548	0.01289	0.02336	0.01615	0.01760	0.01094	0.01291	0.00990	0.00862	0.03377	0.00207	0.00952	0.00429	0.00334	0.00922
5	0.01030	0.00766	0.00964	0.00971	0.01136	0.00726	0.00737	0.01292	0.01740	0.02340	0.30520	0.08729	0.19444	0.09098	0.08040	0.00396	0.00602	0.10131	0.00688	0.00650
6	0.01289	0.00645	0.00967	0.00967	0.00967	0.00645	0.00645	0.00967	0.00967	0.01289	0.01289	0.02257	0.01289	0.02579	0.02901	0.78401	0.00645	0.00645	0.00322	0.00322
7	0.02025	0.01018	0.01282	0.01086	0.01434	0.00949	0.00858	0.05204	0.04386	0.27128	0.27869	0.03826	0.05928	0.01169	0.00765	0.00224	0.00481	0.00989	0.12437	0.00942
8	0.01489	0.03840	0.70064	0.02116	0.03213	0.01724	0.02743	0.02351	0.01567	0.02351	0.01332	0.01567	0.00940	0.00705	0.00705	0.00235	0.01097	0.00549	0.00313	0.01097
9	0.01109	0.00775	0.00991	0.00927	0.01124	0.00706	0.00699	0.01439	0.02057	0.05138	0.59868	0.05620	0.13676	0.01537	0.00871	0.00235	0.00363	0.01347	0.00807	0.00711
10	0.01109	0.00741	0.01016	0.01016	0.01077	0.00802	0.00706	0.01173	0.01111	0.01543	0.01984	0.03484	0.02051	0.29245	0.34651	0.15204	0.01292	0.00868	0.00402	0.00525
11	0.01446	0.00957	0.01174	0.01095	0.01329	0.00935	0.00831	0.10802	0.02081	0.07781	0.31049	0.21563	0.07542	0.01590	0.00855	0.00250	0.00469	0.03511	0.03945	0.00794
12	0.01622	0.12348	0.58213	0.02002	0.03003	0.05792	0.02491	0.02370	0.01591	0.02248	0.01285	0.01509	0.00943	0.00700	0.00676	0.00223	0.01074	0.00526	0.00318	0.01066
13	0.02203	0.08008	0.12248	0.01595	0.04802	0.01564	0.01418	0.17148	0.02247	0.19439	0.13722	0.03031	0.02547	0.01034	0.00759	0.00232	0.00724	0.05535	0.00677	0.01067
14	0.01446	0.03318	0.57162	0.02167	0.07755	0.01597	0.02471	0.02193	0.01559	0.02303	0.01657	0.09935	0.01419	0.00890	0.00736	0.00242	0.01004	0.00738	0.00361	0.01045
15	0.04590	0.07541	0.55047	0.02107	0.06203	0.04848	0.02448	0.02405	0.01602	0.04675	0.01354	0.01569	0.00979	0.00709	0.00684	0.00228	0.01044	0.00544	0.00346	0.01077
16	0.01977	0.02034	0.08054	0.09944	0.27956	0.04083	0.13792	0.15043	0.04769	0.02811	0.01538	0.01873	0.01186	0.00729	0.00759	0.00230	0.00966	0.00695	0.00451	0.01111
17	0.01289	0.00645	0.00967	0.00967	0.00967	0.00645	0.00645	0.00967	0.00967	0.01289	0.01289	0.02257	0.01289	0.02579	0.02901	0.78401	0.00645	0.00645	0.00322	0.00322
18	0.00953	0.00801	0.00833	0.00817	0.01068	0.00705	0.00615	0.01269	0.05495	0.02185	0.14642	0.06704	0.57749	0.01787	0.00870	0.00249	0.00385	0.01499	0.00708	0.00667
19	0.02160	0.01440	0.01547	0.01242	0.01677	0.01512	0.01003	0.33305	0.02510	0.05927	0.02029	0.02171	0.01518	0.00851	0.00638	0.00193	0.00602	0.00659	0.30949	0.08067
20	0.01038	0.00778	0.00975	0.00935	0.01123	0.00727	0.00701	0.01396	0.03809	0.02707	0.50520	0.08404	0.17235	0.01796	0.04289	0.00287	0.00444	0.01372	0.00768	0.00695
21	0.02125	0.57017	0.06467	0.01409	0.02041	0.07734	0.01365	0.10412	0.01804	0.02147	0.01148	0.01293	0.00991	0.00680	0.00534	0.00173	0.00850	0.00444	0.00376	0.00991
22	0.01004	0.00733	0.00944	0.00942	0.01093	0.00672	0.00687	0.01291	0.01914	0.02654	0.49292	0.21121	0.11424	0.01730	0.00892	0.00250	0.00371	0.01535	0.00778	0.00672
23	0.01287	0.01006	0.01259	0.01104	0.01394	0.00927	0.03080	0.06356	0.01711	0.02352	0.13767	0.10203	0.12851	0.14865	0.04238	0.00353	0.00627	0.05683	0.00596	0.16340
24	0.02013	0.16272	0.02829	0.16124	0.21624	0.07493	0.03530	0.13387	0.01933	0.02498	0.01339	0.01682	0.01082	0.00750	0.00768	0.00217	0.04410	0.00601	0.00414	0.01032
25	0.47697	0.01856	0.06373	0.01578	0.05736	0.08117	0.06682	0.04490	0.01548	0.04999	0.01327	0.01701	0.01066	0.00760	0.00588	0.00232	0.00771	0.03126	0.00463	0.00892
26	0.01806	0.07814	0.05042	0.06834	0.49303	0.04215	0.06425	0.02238	0.01681	0.02302	0.01619	0.02001	0.04002	0.00717	0.00726	0.00219	0.00905	0.00683	0.00375	0.01094
27	0.01044	0.00763	0.00876	0.00867	0.01084	0.00664	0.00642	0.01269	0.01776	0.05534	0.22151	0.16293	0.40749	0.01808	0.00881	0.00253	0.00390	0.01551	0.00733	0.00673
28	0.01719	0.20793	0.02700	0.01770	0.01938	0.02449	0.01531	0.01902	0.01235	0.01776	0.00990	0.01510	0.00969	0.01124	0.01920	0.00281	0.53640	0.00583	0.00323	0.00849
29	0.01632	0.06063	0.01136	0.00878	0.01144	0.01080	0.00699	0.11074	0.01830	0.02969	0.02233	0.02516	0.01744	0.00853	0.00548	0.00179	0.00445	0.00668	0.61518	0.00792
30	0.01291	0.00936	0.01122	0.01035	0.01281	0.00916	0.00787	0.04453	0.10535	0.05707	0.43281	0.08124	0.14661	0.01488	0.00853	0.00241	0.00419	0.01291	0.00787	0.00794
31	0.02276	0.15241	0.08467	0.02094	0.13757	0.14142	0.01568	0.12839	0.05002	0.09624	0.03399	0.01800	0.01362	0.00776	0.00673	0.00203	0.00886	0.00597	0.00507	0.04788
32	0.01721	0.08154	0.30492	0.02025	0.05606	0.01737	0.09508	0.02531	0.10828	0.07411	0.05072	0.04987	0.01684	0.00878	0.00813	0.00239	0.04054	0.00742	0.00470	0.01049
33	0.00892	0.00720	0.00794	0.00844	0.01029	0.00622	0.00607	0.01068	0.01626	0.02009	0.08801	0.27158	0.47232	0.02001	0.00899	0.00265	0.00392	0.01723	0.00694	0.00622
34	0.01260	0.01036	0.01574	0.14322	0.02143	0.01205	0.04019	0.04373	0.01370	0.01897	0.01931	0.06790	0.01853	0.11588	0.35990	0.00776	0.05874	0.00866	0.00418	0.00716
35	0.02121	0.01685	0.02400	0.07078	0.25780	0.01766	0.04817	0.21236	0.07142	0.08145	0.04678	0.06168	0.01769	0.00906	0.00765	0.00232	0.00800	0.00804	0.00582	0.01125
36	0.05426	0.01858	0.02277	0.22546	0.21679	0.14056	0.01769	0.04966	0.01756	0.07551	0.01549	0.04949	0.01277	0.00838	0.00805	0.00233	0.04374	0.00687	0.00434	0.00971
37	0.02862	0.01175	0.01521	0.01202	0.01692	0.01052	0.00981	0.05853	0.02064	0.52332	0.02976	0.02726	0.04550	0.00947	0.00711	0.00220	0.00578	0.00767	0.14654	0.01136
38	0.04629	0.01818	0.01954	0.01596	0.02092	0.02051	0.01290	0.34558	0.28347	0.03792	0.02185	0.02132	0.01619	0.00936	0.00814	0.00235	0.04203	0.00717	0.00706	0.04326
39	0.01983	0.04160	0.02779	0.07919	0.11927	0.04102	0.14772	0.16633	0.05198	0.02734	0.01465	0.01823	0.01164	0.00862	0.01112	0.00246	0.16168	0.00691	0.00461	0.03801
40	0.04456	0.01566	0.01588	0.01198	0.01811	0.08314	0.00948	0.02086	0.04513	0.02419	0.01366	0.01561	0.01126	0.00597	0.00568	0.00129	0.00634	0.00460	0.00448	0.64211
41	0.01030	0.00756	0.00959	0.00943	0.01111	0.00696	0.00707	0.01328	0.01928	0.02653	0.48749	0.10412	0.14706	0.04848	0.01019	0.00270	0.00400	0.06047	0.00766	0.00672
42	0.01994	0.01191	0.01418	0.01254	0.01594	0.01209	0.00977	0.14484	0.10126	0.18014	0.08136	0.20999	0.03060	0.01365	0.00796	0.00248	0.00562	0.03362	0.08247	0.00964
43	0.01061	0.00795	0.01193	0.01193	0.01326	0.00928	0.00928	0.01326	0.01193	0.01723	0.01988	0.02916	0.01856	0.05568	0.70968	0.01193	0.01988	0.00795	0.00398	0.00663
44	0.00983	0.00756	0.00898	0.00863	0.01067	0.00672	0.00647	0.01269	0.01941	0.02596	0.44841	0.06172	0.31289	0.01660	0.00876	0.00240	0.00360	0.01430	0.00767	0.00672
45	0.00966	0.00738	0.00858	0.00876	0.01035	0.00671	0.00627	0.01161	0.01636	0.02118	0.19592	0.15903	0.31699	0.12872	0.03613	0.00359	0.00492	0.03495	0.00672	0.00616
46	0.21056	0.01340	0.01597	0.01257	0.01806	0.01279	0.01038	0.06092	0.01984	0.51341	0.02434	0.02185	0.01570	0.00864	0.00679	0.00229	0.00626	0.00662	0.00803	0.01156
47	0.01195	0.00686	0.00915	0.00915	0.00930	0.00695	0.00587	0.01058	0.01044	0.01421	0.01776	0.03318	0.01889	0.30120	0.08104	0.40718	0.00762	0.00824	0.02635	0.00407
48	0.08124	0.16764	0.02830	0.02050	0.05206	0.37012	0.13355	0.02626	0.01844	0.02045	0.01192	0.01443	0.00984	0.00704	0.00657	0.00200	0.01141	0.00537	0.00374	0.00913
49	0.06095	0.09960	0.02242	0.01728	0.02198	0.41549	0.01366	0.17481	0.02326	0.06382	0.01377	0.01487	0.01069	0.00786	0.00662	0.00199	0.01092	0.00525	0.00492	0.00982
50	0.02085	0.43499	0.12061	0.01525	0.02144	0.16521	0.01488	0.02449	0.03347	0.03943	0.01321	0.01643	0.01146	0.00746	0.00584	0.00187	0.00931	0.03049	0.00374	0.00957
51	0.25079	0.05144	0.01740	0.04546	0.01957	0.19265	0.03456	0.06367	0.04878	0.02547	0.01776	0.14245	0.01703	0.01045	0.00724	0.00235	0.03156	0.00799	0.00493	0.00845
52	0.01806	0.01420	0.01620	0.03815	0.01874	0.01616	0.01142	0.17522	0.27205	0.03034	0.02520	0.09607	0.02127	0.01779	0.11205	0.00386	0.03228	0.00898	0.06193	0.01003
53	0.00922	0.00698	0.00841	0.00919	0.01045	0.00628	0.00639	0.01094	0.01583	0.02052	0.13551	0.40063	0.25892	0.05222	0.01040	0.00295	0.00415	0.01789	0.00695	0.00617
54	0.01816	0.01743	0.02976	0.07796	0.66203	0.01758	0.02268	0.02260	0.01680	0.02400	0.01393	0.01844	0.01167	0.00665	0.00735	0.00222	0.00887	0.00661	0.00366	0.01159
55	0.01985	0.74357	0.03890	0.01270	0.01905	0.02937	0.01270	0.02223	0.01508	0.01747	0.01032	0.01191	0.00953	0.00635	0.00476	0.00159	0.00794	0.00397	0.00318	0.00953
56	0.01008	0.00735	0.00948	0.00941	0.01095	0.00675	0.00688	0.01301	0.01932	0.02684	0.51093	0.19552	0.11158	0.01710	0.00890	0.00249	0.00369	0.01516	0.00782	0.00675
