[name]
unknown

[dist]
# distance from previous block
# <min> <max>
32	93

[block]
# block no. 0 follows, 34 sequences, length 7
# corresponding to MSA columns:
# 111-117
name=unknown_A
#
# <colnr> <probs for GDERKNQSTAVLIFYWHMCP>
#	G	D	E	R	K	N	Q	S	T	A	V	L	I	F	Y	W	H	M	C	P
0	0.01371	0.01145	0.01260	0.01269	0.05679	0.10403	0.00883	0.01530	0.01247	0.06918	0.01852	0.07476	0.01866	0.23304	0.16019	0.00491	0.07708	0.04599	0.00415	0.04566
1	0.03569	0.15397	0.10920	0.05580	0.08456	0.07292	0.12781	0.08692	0.07316	0.02144	0.01564	0.06494	0.01373	0.00788	0.00635	0.00201	0.00797	0.04738	0.00402	0.00862
2	0.01272	0.01003	0.01553	0.01379	0.05584	0.00963	0.09389	0.01552	0.01246	0.06681	0.01580	0.02160	0.01381	0.06423	0.34843	0.00584	0.01158	0.00629	0.00385	0.20235
3	0.08831	0.04112	0.01784	0.01908	0.22773	0.03705	0.01179	0.04609	0.06952	0.02287	0.04771	0.01635	0.01280	0.00611	0.00554	0.00156	0.00599	0.00510	0.00408	0.31336
4	0.01381	0.01268	0.06812	0.03432	0.10287	0.01122	0.01091	0.07586	0.06068	0.05854	0.14001	0.04525	0.14155	0.00978	0.00751	0.00193	0.05222	0.00807	0.00514	0.13951
5	0.10254	0.01650	0.01735	0.01532	0.07119	0.06663	0.01149	0.33607	0.12766	0.10599	0.01668	0.01663	0.01211	0.00738	0.00610	0.00192	0.00667	0.00566	0.00580	0.05031
6	0.09553	0.11529	0.03654	0.05637	0.20500	0.06299	0.09219	0.09659	0.01635	0.03722	0.06586	0.01756	0.01372	0.00674	0.00595	0.00187	0.00729	0.00580	0.05243	0.00869

[dist]
# distance from previous block
# <min> <max>
0	2

[block]
# block no. 1 follows, 34 sequences, length 22
# corresponding to MSA columns:
# 121-142
name=unknown_B
#
# <colnr> <probs for GDERKNQSTAVLIFYWHMCP>
#	G	D	E	R	K	N	Q	S	T	A	V	L	I	F	Y	W	H	M	C	P
0	0.04254	0.05575	0.07953	0.01731	0.15025	0.04424	0.01255	0.07314	0.08610	0.15429	0.03143	0.01714	0.01279	0.00662	0.00586	0.00172	0.00643	0.00540	0.00485	0.19205
1	0.13931	0.11312	0.01933	0.03410	0.09719	0.08595	0.01192	0.17174	0.09009	0.05388	0.04362	0.01623	0.01263	0.00752	0.00713	0.00197	0.07532	0.00542	0.00465	0.00890
2	0.01552	0.24618	0.07836	0.05813	0.21390	0.01726	0.05623	0.01988	0.05918	0.04694	0.01331	0.01630	0.01103	0.01182	0.10648	0.00296	0.00888	0.00539	0.00346	0.00877
3	0.01518	0.01485	0.01801	0.22429	0.08446	0.13182	0.04025	0.01981	0.09071	0.03270	0.01475	0.04446	0.01238	0.01117	0.06628	0.00277	0.10936	0.00629	0.05278	0.00769
4	0.01268	0.01220	0.02133	0.65424	0.08530	0.01458	0.07455	0.01705	0.01322	0.01713	0.01165	0.01717	0.00881	0.00633	0.00655	0.00214	0.00874	0.00590	0.00292	0.00749
5	0.00884	0.00655	0.00828	0.00817	0.00969	0.00599	0.00615	0.01146	0.01691	0.02316	0.50665	0.12044	0.17315	0.01470	0.00776	0.00217	0.00333	0.05395	0.00674	0.00590
6	0.00926	0.00680	0.00976	0.00976	0.01070	0.00774	0.00730	0.01114	0.01020	0.01454	0.01788	0.02853	0.01752	0.18353	0.61412	0.00962	0.01525	0.00738	0.00355	0.00542
7	0.07413	0.00865	0.01042	0.00912	0.01164	0.00842	0.00711	0.07612	0.01857	0.13035	0.47428	0.03752	0.04375	0.01114	0.00692	0.00199	0.00390	0.00951	0.04918	0.00729
8	0.01102	0.00569	0.00826	0.00826	0.00826	0.00569	0.00542	0.00853	0.00853	0.01137	0.01226	0.02221	0.01262	0.10773	0.02612	0.72045	0.00569	0.00604	0.00293	0.00293
9	0.81856	0.01250	0.00950	0.00850	0.01250	0.01449	0.00700	0.01899	0.01100	0.02899	0.00900	0.01050	0.00700	0.00600	0.00400	0.00200	0.00500	0.00350	0.00400	0.00700
10	0.01123	0.01005	0.00950	0.01014	0.01118	0.12726	0.00720	0.01270	0.01344	0.01693	0.04877	0.42690	0.03281	0.08884	0.03628	0.00303	0.00587	0.06727	0.05496	0.00564
11	0.02191	0.01276	0.01876	0.06048	0.02070	0.04051	0.13342	0.05266	0.05457	0.38334	0.05778	0.07696	0.01839	0.00860	0.00686	0.00208	0.00668	0.00771	0.00633	0.00950
12	0.01493	0.10811	0.51102	0.01777	0.06039	0.01549	0.02016	0.02084	0.01401	0.08331	0.01342	0.01664	0.01021	0.00687	0.00656	0.00203	0.03213	0.03340	0.00336	0.00935
13	0.01555	0.01387	0.01678	0.01465	0.01671	0.01733	0.01179	0.08736	0.31719	0.02286	0.01843	0.06454	0.01563	0.01043	0.01277	0.00246	0.32085	0.00715	0.00496	0.00867
14	0.81856	0.01250	0.00950	0.00850	0.01250	0.01449	0.00700	0.01899	0.01100	0.02899	0.00900	0.01050	0.00700	0.00600	0.00400	0.00200	0.00500	0.00350	0.00400	0.00700
15	0.10487	0.01114	0.01447	0.01121	0.01611	0.00998	0.00926	0.03029	0.01777	0.66904	0.02391	0.02089	0.01513	0.00781	0.00626	0.00200	0.00545	0.00621	0.00761	0.01061
16	0.00787	0.00562	0.00750	0.00900	0.00937	0.00525	0.00600	0.00900	0.01237	0.01649	0.03561	0.76871	0.04274	0.02024	0.00825	0.00262	0.00375	0.01837	0.00600	0.00525
17	0.76972	0.01240	0.00984	0.00868	0.01274	0.01419	0.00715	0.01977	0.01146	0.07279	0.01002	0.01121	0.00755	0.00612	0.00415	0.00200	0.00503	0.00368	0.00425	0.00724
18	0.01147	0.05259	0.01103	0.00961	0.01177	0.08542	0.00729	0.03114	0.08086	0.02004	0.17091	0.19920	0.24121	0.01411	0.00728	0.00216	0.00473	0.02686	0.00582	0.00649
19	0.01456	0.04862	0.09466	0.01663	0.05603	0.01254	0.16944	0.03497	0.03123	0.08560	0.02042	0.13751	0.05712	0.01036	0.02937	0.00228	0.04848	0.00829	0.00442	0.11748
20	0.03622	0.01458	0.05551	0.07869	0.13596	0.05806	0.05581	0.07286	0.15169	0.02197	0.01957	0.06531	0.04083	0.01355	0.09890	0.00312	0.00835	0.03193	0.00449	0.03259
21	0.01704	0.07080	0.01985	0.10524	0.09757	0.09671	0.06722	0.14452	0.09167	0.04067	0.04088	0.08169	0.03773	0.00836	0.00645	0.00195	0.00723	0.00714	0.00469	0.05259

[dist]
# distance from previous block
# <min> <max>
1	12

[block]
# block no. 2 follows, 34 sequences, length 18
# corresponding to MSA columns:
# 155-172
name=unknown_C
#
# <colnr> <probs for GDERKNQSTAVLIFYWHMCP>
#	G	D	E	R	K	N	Q	S	T	A	V	L	I	F	Y	W	H	M	C	P
0	0.13573	0.07304	0.01501	0.01416	0.09509	0.05362	0.00994	0.01740	0.08145	0.02004	0.04425	0.10487	0.04500	0.03594	0.11360	0.00339	0.06604	0.03042	0.00432	0.03671
1	0.01382	0.01035	0.01249	0.04127	0.06603	0.01052	0.00882	0.04775	0.18644	0.07894	0.04628	0.03584	0.15662	0.14711	0.01149	0.00282	0.00538	0.04673	0.00549	0.06579
2	0.01803	0.08745	0.15006	0.12671	0.07676	0.03597	0.01493	0.16499	0.05746	0.10219	0.04041	0.01715	0.01247	0.00718	0.00664	0.00195	0.03172	0.00565	0.00457	0.03772
3	0.01022	0.00750	0.00978	0.00976	0.01109	0.00802	0.00748	0.01336	0.05827	0.01813	0.09040	0.07676	0.04421	0.13505	0.25784	0.00557	0.03064	0.11309	0.06627	0.02652
4	0.01147	0.00824	0.01092	0.01179	0.08072	0.00796	0.00787	0.03840	0.03621	0.06887	0.28824	0.13129	0.15125	0.04374	0.07085	0.00298	0.00531	0.01110	0.00601	0.00679
5	0.07272	0.04311	0.02022	0.07807	0.08647	0.01545	0.08652	0.06021	0.01352	0.08145	0.01198	0.01567	0.00980	0.00907	0.01213	0.06976	0.23090	0.00557	0.00374	0.07366
6	0.01346	0.01217	0.01868	0.11081	0.17996	0.01435	0.03599	0.01597	0.01245	0.03750	0.05820	0.02255	0.04242	0.08335	0.05909	0.00320	0.26191	0.00688	0.00360	0.00746
7	0.01340	0.01148	0.01340	0.00957	0.01531	0.00861	0.00766	0.01627	0.01340	0.02105	0.01148	0.01340	0.00957	0.00479	0.00479	0.00096	0.00479	0.00383	0.00383	0.81242
8	0.01485	0.01248	0.01686	0.06759	0.19748	0.01354	0.01245	0.12540	0.11749	0.02425	0.10147	0.02847	0.07431	0.03736	0.00875	0.00227	0.05923	0.04357	0.03371	0.00848
9	0.01220	0.01148	0.01938	0.75739	0.04450	0.01436	0.01794	0.01651	0.01292	0.01651	0.01148	0.01723	0.00861	0.00646	0.00646	0.00215	0.00861	0.00574	0.00287	0.00718
10	0.01053	0.00798	0.01012	0.01051	0.01166	0.00834	0.00788	0.08670	0.01466	0.01953	0.03320	0.47725	0.08495	0.01755	0.00914	0.00258	0.06465	0.11082	0.00579	0.00613
11	0.07001	0.01548	0.01900	0.04201	0.02003	0.06411	0.11019	0.22202	0.10442	0.04208	0.03836	0.01925	0.01374	0.05780	0.02791	0.00251	0.06596	0.00633	0.00491	0.05389
12	0.00940	0.00626	0.00705	0.00705	0.00705	0.00626	0.00392	0.00940	0.00940	0.01253	0.02036	0.04228	0.02349	0.77292	0.03289	0.00626	0.00626	0.00940	0.00392	0.00392
13	0.27324	0.01278	0.01374	0.01100	0.01551	0.01324	0.00905	0.18086	0.01856	0.31540	0.01782	0.01706	0.01209	0.00729	0.00559	0.00196	0.00556	0.00538	0.05442	0.00945
14	0.01299	0.02952	0.60232	0.01700	0.02512	0.04429	0.02089	0.01991	0.03273	0.02067	0.06663	0.05102	0.01402	0.00740	0.00634	0.00206	0.00877	0.00595	0.00333	0.00903
15	0.03706	0.04862	0.07364	0.18002	0.16039	0.16538	0.04110	0.01855	0.01394	0.01757	0.01286	0.05088	0.01143	0.03710	0.05299	0.02474	0.03672	0.00604	0.00327	0.00769
16	0.01478	0.01534	0.01500	0.08824	0.01750	0.20079	0.01082	0.01680	0.03240	0.01536	0.01417	0.04833	0.01408	0.17884	0.09640	0.00400	0.20055	0.00673	0.00348	0.00639
17	0.01521	0.12071	0.21911	0.07284	0.14227	0.05857	0.04825	0.04490	0.04350	0.02038	0.03642	0.01601	0.01141	0.00674	0.00689	0.00192	0.05476	0.00537	0.03453	0.04021

[dist]
# distance from previous block
# <min> <max>
0	1

[block]
# block no. 3 follows, 34 sequences, length 17
# corresponding to MSA columns:
# 174-190
name=unknown_D
#
# <colnr> <probs for GDERKNQSTAVLIFYWHMCP>
#	G	D	E	R	K	N	Q	S	T	A	V	L	I	F	Y	W	H	M	C	P
0	0.00916	0.00656	0.00820	0.00779	0.00939	0.00601	0.00584	0.01203	0.01753	0.02475	0.59885	0.04830	0.13991	0.01320	0.00741	0.00201	0.00307	0.01153	0.06244	0.00601
1	0.01290	0.01010	0.01188	0.01167	0.03765	0.01080	0.00858	0.02199	0.31423	0.05374	0.16401	0.11760	0.09925	0.01472	0.06301	0.00283	0.00543	0.02536	0.00625	0.00801
2	0.01809	0.49297	0.02942	0.05138	0.01983	0.10416	0.05852	0.07570	0.03836	0.01815	0.01057	0.01232	0.00901	0.00617	0.00550	0.00162	0.03220	0.00432	0.00329	0.00841
3	0.01202	0.00733	0.00902	0.00817	0.01051	0.00646	0.00628	0.01450	0.01713	0.14419	0.38713	0.04845	0.27731	0.01338	0.00743	0.00208	0.00354	0.01146	0.00689	0.00672
4	0.05726	0.04502	0.01566	0.01188	0.01655	0.01235	0.00974	0.05738	0.18441	0.48260	0.02392	0.02127	0.01599	0.00798	0.00631	0.00202	0.00551	0.00641	0.00721	0.01054
5	0.01913	0.00851	0.01010	0.00854	0.01156	0.00803	0.00680	0.05516	0.01626	0.29750	0.02249	0.02287	0.01607	0.00772	0.00537	0.00172	0.00416	0.00619	0.46364	0.00817
6	0.81856	0.01250	0.00950	0.00850	0.01250	0.01449	0.00700	0.01899	0.01100	0.02899	0.00900	0.01050	0.00700	0.00600	0.00400	0.00200	0.00500	0.00350	0.00400	0.00700
7	0.00950	0.00720	0.01039	0.01025	0.01118	0.00842	0.00780	0.01144	0.01022	0.01468	0.01729	0.02720	0.01680	0.14904	0.60925	0.00942	0.05366	0.00721	0.00349	0.00557
8	0.81856	0.01250	0.00950	0.00850	0.01250	0.01449	0.00700	0.01899	0.01100	0.02899	0.00900	0.01050	0.00700	0.00600	0.00400	0.00200	0.00500	0.00350	0.00400	0.00700
9	0.00940	0.00626	0.00705	0.00705	0.00705	0.00626	0.00392	0.00940	0.00940	0.01253	0.02036	0.04228	0.02349	0.77292	0.03289	0.00626	0.00626	0.00940	0.00392	0.00392
10	0.01890	0.01528	0.01620	0.01372	0.01788	0.01739	0.01091	0.25961	0.49107	0.03159	0.02271	0.02125	0.01682	0.00843	0.00654	0.00211	0.00578	0.00681	0.00654	0.01048
11	0.01787	0.00911	0.01157	0.00973	0.01296	0.00829	0.00770	0.06771	0.01847	0.30947	0.27604	0.06216	0.13870	0.01146	0.00712	0.00206	0.00437	0.00973	0.00722	0.00827
12	0.01074	0.00682	0.00844	0.00816	0.00902	0.00689	0.00545	0.01163	0.01080	0.07018	0.02386	0.03828	0.08124	0.47244	0.20254	0.00659	0.00864	0.00893	0.00430	0.00505
13	0.17297	0.01248	0.01450	0.01147	0.01612	0.01242	0.00942	0.15302	0.04201	0.42509	0.05070	0.01987	0.01545	0.00783	0.00608	0.00200	0.00558	0.00607	0.00689	0.01002
14	0.01011	0.00723	0.00899	0.00843	0.01027	0.00680	0.00636	0.01395	0.06627	0.05025	0.55062	0.07183	0.13755	0.01334	0.00753	0.00208	0.00333	0.01166	0.00693	0.00645
15	0.01723	0.13694	0.12667	0.05385	0.19711	0.11022	0.07494	0.03640	0.01494	0.06861	0.01300	0.04375	0.01084	0.00704	0.00716	0.00195	0.06116	0.00575	0.00356	0.00888
16	0.01818	0.03314	0.01687	0.10909	0.05092	0.01531	0.01144	0.26943	0.15269	0.04550	0.01702	0.01802	0.01275	0.00724	0.00600	0.00183	0.00618	0.00581	0.08990	0.11269

[dist]
# distance from previous block
# <min> <max>
0	4

[block]
# block no. 4 follows, 34 sequences, length 19
# corresponding to MSA columns:
# 195-211,238,239
name=unknown_E
#
# <colnr> <probs for GDERKNQSTAVLIFYWHMCP>
#	G	D	E	R	K	N	Q	S	T	A	V	L	I	F	Y	W	H	M	C	P
0	0.07885	0.46165	0.07188	0.01353	0.04432	0.10151	0.01220	0.06798	0.03480	0.01897	0.01030	0.01181	0.00878	0.00619	0.00537	0.00163	0.03445	0.00405	0.00330	0.00845
1	0.19682	0.01765	0.10965	0.08637	0.10039	0.10000	0.05651	0.06170	0.04144	0.02244	0.01310	0.04875	0.01108	0.02646	0.02470	0.00230	0.02838	0.00571	0.00380	0.04276
2	0.01494	0.04044	0.07424	0.06452	0.08961	0.13073	0.06132	0.06395	0.01486	0.01884	0.01967	0.04664	0.09967	0.07402	0.04580	0.00278	0.08759	0.00711	0.00386	0.03939
3	0.01427	0.01373	0.04740	0.04567	0.30616	0.01329	0.03979	0.06704	0.13265	0.02271	0.05851	0.02843	0.16463	0.00898	0.00678	0.00205	0.00630	0.00797	0.00472	0.00892
4	0.00826	0.00604	0.00776	0.00845	0.00939	0.00555	0.00591	0.01007	0.01455	0.01966	0.26438	0.45743	0.12360	0.01753	0.00798	0.00238	0.00347	0.01568	0.00636	0.00555
5	0.00955	0.00653	0.00902	0.00902	0.00964	0.00715	0.00638	0.01041	0.00979	0.01368	0.01749	0.03015	0.01789	0.28265	0.41531	0.11738	0.01210	0.00756	0.00352	0.00476
6	0.81856	0.01250	0.00950	0.00850	0.01250	0.01449	0.00700	0.01899	0.01100	0.02899	0.00900	0.01050	0.00700	0.00600	0.00400	0.00200	0.00500	0.00350	0.00400	0.00700
7	0.01713	0.01415	0.01401	0.01238	0.01581	0.06487	0.00972	0.14037	0.41349	0.02774	0.02274	0.02336	0.01750	0.00852	0.00622	0.00202	0.00555	0.02778	0.14736	0.00929
8	0.81856	0.01250	0.00950	0.00850	0.01250	0.01449	0.00700	0.01899	0.01100	0.02899	0.00900	0.01050	0.00700	0.00600	0.00400	0.00200	0.00500	0.00350	0.00400	0.00700
9	0.00778	0.00623	0.00697	0.00747	0.00899	0.00541	0.00534	0.00930	0.01406	0.01748	0.08367	0.30741	0.46204	0.01758	0.00785	0.00233	0.00343	0.01520	0.00605	0.00541
10	0.02459	0.02894	0.01800	0.01616	0.01965	0.67791	0.01220	0.02633	0.01833	0.08337	0.01144	0.01262	0.00904	0.00678	0.00589	0.00170	0.01108	0.00438	0.00377	0.00782
11	0.01714	0.01441	0.01521	0.01337	0.01721	0.01657	0.01049	0.11947	0.63407	0.02875	0.02494	0.02303	0.01862	0.00864	0.00656	0.00216	0.00536	0.00712	0.00656	0.01032
12	0.01687	0.70719	0.09994	0.01175	0.01765	0.02458	0.01226	0.01945	0.01318	0.01569	0.00923	0.01067	0.00828	0.00559	0.00433	0.00144	0.00716	0.00358	0.00276	0.00841
13	0.12953	0.01597	0.01684	0.01320	0.01781	0.01754	0.01075	0.51925	0.02540	0.08479	0.01569	0.01731	0.01174	0.06532	0.00813	0.00228	0.00665	0.00583	0.00605	0.00992
14	0.01525	0.01743	0.03813	0.02723	0.03377	0.01634	0.70915	0.02070	0.01525	0.02070	0.01307	0.01743	0.00980	0.00545	0.00763	0.00218	0.01089	0.00763	0.00327	0.00871
15	0.00782	0.00611	0.00709	0.00778	0.00907	0.00539	0.00548	0.00927	0.01377	0.01738	0.08096	0.39649	0.37431	0.01806	0.00793	0.00238	0.00349	0.01579	0.00605	0.00539
16	0.81856	0.01250	0.00950	0.00850	0.01250	0.01449	0.00700	0.01899	0.01100	0.02899	0.00900	0.01050	0.00700	0.00600	0.00400	0.00200	0.00500	0.00350	0.00400	0.00700
17	0.01057	0.00998	0.07838	0.03385	0.01330	0.00887	0.00885	0.05685	0.01268	0.01771	0.07880	0.09591	0.02265	0.19731	0.31820	0.00648	0.01076	0.00860	0.00420	0.00607
18	0.01614	0.05478	0.02480	0.08833	0.02414	0.08399	0.19068	0.03790	0.01335	0.04459	0.01092	0.01518	0.00916	0.00843	0.01316	0.00237	0.34499	0.00595	0.00328	0.00785

[dist]
# distance from previous block
# <min> <max>
0	14

[block]
# block no. 5 follows, 34 sequences, length 15
# corresponding to MSA columns:
# 255-269
name=unknown_F
#
# <colnr> <probs for GDERKNQSTAVLIFYWHMCP>
#	G	D	E	R	K	N	Q	S	T	A	V	L	I	F	Y	W	H	M	C	P
0	0.01521	0.01417	0.01590	0.01522	0.12802	0.08819	0.01023	0.05540	0.01502	0.02127	0.01392	0.01598	0.03786	0.00699	0.02652	0.00155	0.00639	0.00474	0.00389	0.50352
1	0.01113	0.05177	0.03381	0.01082	0.01219	0.06030	0.00829	0.03912	0.01347	0.01756	0.05303	0.45098	0.03231	0.06630	0.01051	0.00270	0.07198	0.04253	0.00517	0.00606
2	0.10068	0.18101	0.23965	0.01522	0.05902	0.06225	0.01481	0.05087	0.01476	0.10388	0.01238	0.01368	0.00935	0.00635	0.00590	0.00180	0.03025	0.00458	0.00379	0.06978
3	0.00856	0.00641	0.00802	0.00855	0.00988	0.00587	0.00640	0.01065	0.01508	0.01993	0.24780	0.27640	0.22054	0.01684	0.00801	0.00239	0.00374	0.11298	0.00632	0.00565
4	0.00830	0.00651	0.00754	0.00793	0.00942	0.00590	0.00570	0.01062	0.04152	0.01890	0.16488	0.30797	0.34769	0.01691	0.00781	0.00231	0.00347	0.01474	0.00621	0.00567
5	0.01011	0.04970	0.01075	0.03864	0.03825	0.00851	0.00720	0.01300	0.06890	0.01737	0.05439	0.18835	0.20691	0.16721	0.03374	0.00327	0.00525	0.04268	0.00512	0.03066
6	0.01595	0.03282	0.08428	0.07254	0.04339	0.04560	0.01146	0.11886	0.01604	0.12381	0.05300	0.06885	0.01749	0.05791	0.20393	0.00445	0.00970	0.00722	0.00476	0.00795
7	0.01340	0.01148	0.01340	0.00957	0.01531	0.00861	0.00766	0.01627	0.01340	0.02105	0.01148	0.01340	0.00957	0.00479	0.00479	0.00096	0.00479	0.00383	0.00383	0.81242
8	0.05422	0.01126	0.01658	0.23049	0.02462	0.01188	0.06432	0.02258	0.10468	0.22120	0.14710	0.02474	0.02156	0.00830	0.00667	0.00209	0.00630	0.00726	0.00562	0.00854
9	0.01586	0.01141	0.01365	0.00987	0.01550	0.00875	0.00795	0.01867	0.01420	0.13420	0.01370	0.01476	0.01059	0.00529	0.00506	0.00112	0.00490	0.00425	0.00449	0.68579
10	0.00791	0.00656	0.00693	0.00683	0.00890	0.00557	0.00513	0.00980	0.01538	0.01899	0.18632	0.05965	0.60817	0.01579	0.00763	0.00215	0.00323	0.01328	0.00620	0.00557
11	0.01644	0.13985	0.11010	0.03490	0.06796	0.12666	0.06380	0.08278	0.04280	0.01979	0.01398	0.01763	0.02897	0.06005	0.04317	0.00255	0.06669	0.00561	0.00366	0.05262
12	0.00898	0.00671	0.00811	0.00884	0.00997	0.00633	0.00618	0.05813	0.01418	0.01841	0.04112	0.55239	0.19973	0.01847	0.00798	0.00247	0.00387	0.01640	0.00603	0.00570
13	0.10557	0.01163	0.01301	0.00974	0.01480	0.00991	0.00774	0.06191	0.01428	0.07007	0.01301	0.01580	0.01077	0.05901	0.00688	0.00158	0.00511	0.00449	0.00430	0.56040
14	0.01121	0.00845	0.01128	0.10450	0.03990	0.00852	0.00856	0.06245	0.01422	0.04230	0.05871	0.30709	0.09924	0.07064	0.06420	0.00312	0.00598	0.01178	0.00517	0.06268

[dist]
# distance from previous block
# <min> <max>
3	9

[block]
# block no. 6 follows, 34 sequences, length 19
# corresponding to MSA columns:
# 281-299
name=unknown_G
#
# <colnr> <probs for GDERKNQSTAVLIFYWHMCP>
#	G	D	E	R	K	N	Q	S	T	A	V	L	I	F	Y	W	H	M	C	P
0	0.01624	0.06140	0.01552	0.01276	0.01583	0.04156	0.01042	0.08809	0.27644	0.07443	0.10025	0.03198	0.02404	0.01060	0.00816	0.00226	0.07121	0.12421	0.00593	0.00867
1	0.01442	0.05242	0.08202	0.20003	0.27361	0.03311	0.12640	0.01857	0.01411	0.01907	0.01456	0.01936	0.03988	0.00692	0.00719	0.00207	0.03920	0.02520	0.00325	0.00861
2	0.00859	0.00658	0.00787	0.00755	0.00931	0.00586	0.00566	0.01112	0.01699	0.02282	0.48621	0.05336	0.30589	0.01436	0.00763	0.00209	0.00313	0.01240	0.00671	0.00586
3	0.01057	0.00898	0.01126	0.13222	0.03532	0.03058	0.00884	0.01492	0.09476	0.02093	0.25425	0.17379	0.15250	0.01304	0.00735	0.00219	0.00474	0.01140	0.00575	0.00663
4	0.16450	0.06674	0.01936	0.05836	0.19979	0.01550	0.03843	0.17144	0.01752	0.09190	0.01416	0.01593	0.01070	0.00662	0.00570	0.00189	0.00654	0.00536	0.08044	0.00913
5	0.00883	0.00647	0.00841	0.00908	0.01031	0.00605	0.00691	0.01106	0.01513	0.02026	0.25937	0.28982	0.13418	0.01697	0.00813	0.00246	0.00397	0.17054	0.00634	0.00571
6	0.02615	0.01454	0.01707	0.01320	0.01820	0.01489	0.01087	0.35564	0.06384	0.36499	0.02078	0.01902	0.01382	0.00793	0.00649	0.00198	0.00624	0.00622	0.00719	0.01095
7	0.02752	0.01056	0.01422	0.01102	0.01572	0.00920	0.00906	0.03006	0.01806	0.67521	0.02511	0.02217	0.01604	0.00796	0.00633	0.00196	0.00528	0.00646	0.07749	0.01056
8	0.81856	0.01250	0.00950	0.00850	0.01250	0.01449	0.00700	0.01899	0.01100	0.02899	0.00900	0.01050	0.00700	0.00600	0.00400	0.00200	0.00500	0.00350	0.00400	0.00700
9	0.01220	0.01148	0.01938	0.75739	0.04450	0.01436	0.01794	0.01651	0.01292	0.01651	0.01148	0.01723	0.00861	0.00646	0.00646	0.00215	0.00861	0.00574	0.00287	0.00718
10	0.06270	0.01151	0.01504	0.01158	0.01655	0.01038	0.00957	0.07422	0.01893	0.66226	0.02415	0.02108	0.01529	0.00790	0.00639	0.00200	0.00558	0.00633	0.00773	0.01082
11	0.01414	0.01414	0.01979	0.01696	0.01696	0.01979	0.01414	0.01555	0.00990	0.01555	0.00848	0.01414	0.00848	0.01131	0.02120	0.00283	0.76110	0.00565	0.00283	0.00707
12	0.01177	0.00928	0.01192	0.01136	0.01334	0.00960	0.04482	0.08697	0.15159	0.02235	0.10679	0.40772	0.03514	0.01512	0.00766	0.00239	0.00472	0.03423	0.00613	0.00709
13	0.01043	0.00654	0.00860	0.00885	0.01016	0.00597	0.00634	0.01237	0.01511	0.09237	0.27272	0.41822	0.07464	0.01645	0.00783	0.00234	0.00367	0.01469	0.00658	0.00613
14	0.01353	0.00762	0.00977	0.00865	0.01110	0.00678	0.00669	0.01621	0.01775	0.19053	0.45457	0.04445	0.16170	0.01252	0.00736	0.00205	0.00366	0.01080	0.00713	0.00713
15	0.00814	0.00591	0.00768	0.00862	0.00939	0.00545	0.00594	0.00973	0.01387	0.01867	0.19273	0.55511	0.09807	0.01838	0.00806	0.00246	0.00356	0.01652	0.00625	0.00545
16	0.05863	0.01294	0.01385	0.01252	0.01605	0.01466	0.00986	0.03112	0.56999	0.06671	0.05459	0.02736	0.02164	0.00934	0.00663	0.00221	0.00510	0.05065	0.00650	0.00966
17	0.01812	0.17035	0.19183	0.06512	0.05972	0.16347	0.07057	0.05706	0.06045	0.06536	0.01291	0.01454	0.00986	0.00644	0.00591	0.00185	0.00875	0.00506	0.00370	0.00892
18	0.01873	0.13820	0.30002	0.01729	0.06119	0.22013	0.01686	0.06649	0.01633	0.06976	0.01202	0.01344	0.00907	0.00641	0.00582	0.00183	0.00921	0.00465	0.00353	0.00902

[dist]
# distance from previous block
# <min> <max>
0	6

[block]
# block no. 7 follows, 34 sequences, length 22
# corresponding to MSA columns:
# 306-327
name=unknown_H
#
# <colnr> <probs for GDERKNQSTAVLIFYWHMCP>
#	G	D	E	R	K	N	Q	S	T	A	V	L	I	F	Y	W	H	M	C	P
0	0.42706	0.02968	0.01321	0.01201	0.05733	0.01442	0.00905	0.07278	0.10832	0.10069	0.06624	0.01703	0.01411	0.00734	0.00563	0.00203	0.02446	0.00527	0.00505	0.00829
1	0.00936	0.00656	0.00829	0.00816	0.00969	0.00594	0.00600	0.01176	0.01650	0.04843	0.45164	0.19582	0.16778	0.01498	0.00771	0.00218	0.00332	0.01318	0.00673	0.00599
2	0.00920	0.00637	0.00797	0.00812	0.00846	0.00664	0.00522	0.00992	0.00996	0.01358	0.02110	0.11136	0.02351	0.50669	0.21783	0.00698	0.00891	0.00966	0.00401	0.00454
3	0.01689	0.01249	0.01384	0.01240	0.01580	0.01381	0.00960	0.07073	0.48258	0.11360	0.02700	0.13933	0.02232	0.01040	0.00682	0.00222	0.00507	0.00884	0.00665	0.00959
4	0.00940	0.00661	0.00857	0.00958	0.01033	0.00646	0.00684	0.04607	0.01330	0.01766	0.03212	0.53066	0.03737	0.08000	0.01095	0.03617	0.00455	0.12221	0.00572	0.00545
5	0.81856	0.01250	0.00950	0.00850	0.01250	0.01449	0.00700	0.01899	0.01100	0.02899	0.00900	0.01050	0.00700	0.00600	0.00400	0.00200	0.00500	0.00350	0.00400	0.00700
6	0.10515	0.02700	0.01757	0.01563	0.01912	0.56903	0.01195	0.10029	0.01863	0.01990	0.01045	0.01204	0.00849	0.00686	0.00619	0.00177	0.03409	0.00432	0.00373	0.00781
7	0.02414	0.03079	0.01831	0.01665	0.01998	0.74698	0.01248	0.02580	0.01831	0.01581	0.00999	0.01165	0.00832	0.00666	0.00583	0.00166	0.01165	0.00416	0.00333	0.00749
8	0.11787	0.01322	0.01547	0.01229	0.01645	0.01399	0.01013	0.22771	0.01987	0.32128	0.01854	0.01808	0.01273	0.00799	0.00755	0.00203	0.08303	0.00582	0.06620	0.00975
9	0.00954	0.00729	0.01061	0.01044	0.01140	0.00860	0.00802	0.01156	0.01025	0.01478	0.01709	0.02644	0.01644	0.12034	0.63056	0.00951	0.06090	0.00710	0.00347	0.00566
10	0.81856	0.01250	0.00950	0.00850	0.01250	0.01449	0.00700	0.01899	0.01100	0.02899	0.00900	0.01050	0.00700	0.00600	0.00400	0.00200	0.00500	0.00350	0.00400	0.00700
11	0.01525	0.01743	0.03813	0.02723	0.03377	0.01634	0.70915	0.02070	0.01525	0.02070	0.01307	0.01743	0.00980	0.00545	0.00763	0.00218	0.01089	0.00763	0.00327	0.00871
12	0.01204	0.00602	0.00602	0.00602	0.00753	0.00602	0.00452	0.01506	0.01355	0.02409	0.02108	0.02409	0.01656	0.00753	0.00452	0.00151	0.00301	0.00602	0.80879	0.00602
13	0.73620	0.01202	0.00947	0.00845	0.01232	0.01375	0.00693	0.01920	0.01144	0.05512	0.01040	0.01182	0.00796	0.00617	0.00413	0.00197	0.00489	0.00378	0.05691	0.00708
14	0.01195	0.01126	0.01933	0.63533	0.04024	0.01355	0.05979	0.01600	0.01301	0.01677	0.01405	0.09412	0.01218	0.00781	0.00672	0.00220	0.00826	0.00715	0.00322	0.00708
15	0.01511	0.01826	0.19392	0.01885	0.16281	0.01334	0.01500	0.07368	0.03831	0.03893	0.01315	0.01619	0.01057	0.00646	0.00676	0.00172	0.05225	0.02155	0.00382	0.27933
16	0.00884	0.00737	0.00802	0.00731	0.00997	0.00608	0.00556	0.01091	0.01511	0.01947	0.16792	0.05182	0.49917	0.01393	0.00716	0.00196	0.00348	0.01169	0.00583	0.13840
17	0.01125	0.01140	0.05476	0.00917	0.01213	0.06852	0.00762	0.08350	0.01701	0.02097	0.13776	0.04844	0.46618	0.01364	0.00727	0.00209	0.00472	0.01126	0.00577	0.00653
18	0.01426	0.02219	0.36767	0.04214	0.03892	0.02789	0.03122	0.03603	0.06054	0.07098	0.03160	0.05801	0.01466	0.05544	0.00804	0.00228	0.00775	0.03131	0.00402	0.07506
19	0.06468	0.28497	0.08837	0.04388	0.09323	0.24400	0.03085	0.04734	0.01550	0.01839	0.01029	0.01225	0.00857	0.00610	0.00532	0.00169	0.00874	0.00430	0.00320	0.00835
20	0.01422	0.06913	0.58506	0.01999	0.09897	0.01590	0.02207	0.06337	0.01477	0.02152	0.01176	0.01383	0.00857	0.00617	0.00608	0.00199	0.00907	0.00487	0.00301	0.00964
21	0.01742	0.25445	0.08255	0.05189	0.09719	0.23512	0.03590	0.02026	0.01537	0.01752	0.05987	0.01771	0.05493	0.00712	0.00571	0.00173	0.00837	0.00540	0.00347	0.00802

[dist]
# distance from previous block
# <min> <max>
3	4

[block]
# block no. 8 follows, 34 sequences, length 7
# corresponding to MSA columns:
# 332-338
name=unknown_I
#
# <colnr> <probs for GDERKNQSTAVLIFYWHMCP>
#	G	D	E	R	K	N	Q	S	T	A	V	L	I	F	Y	W	H	M	C	P
0	0.01548	0.03299	0.01777	0.07303	0.14901	0.06411	0.05087	0.05292	0.05567	0.07855	0.06134	0.05701	0.06020	0.03549	0.00832	0.00224	0.03871	0.08389	0.00477	0.05765
1	0.01234	0.00924	0.01091	0.01017	0.01215	0.03473	0.00777	0.01710	0.12201	0.07925	0.29921	0.11927	0.08913	0.01652	0.08587	0.00304	0.04773	0.01041	0.00614	0.00704
2	0.01012	0.00789	0.00895	0.00821	0.01054	0.00723	0.00625	0.07691	0.01726	0.02282	0.29231	0.09022	0.34296	0.01398	0.00739	0.00206	0.00367	0.01190	0.00631	0.05301
3	0.01749	0.01865	0.01939	0.01672	0.01797	0.20316	0.01357	0.07382	0.01366	0.01763	0.00942	0.01362	0.00864	0.00985	0.01615	0.00246	0.51177	0.00529	0.00324	0.00749
4	0.01406	0.01351	0.01676	0.25518	0.05486	0.10111	0.01336	0.01784	0.05537	0.01770	0.01335	0.01801	0.01110	0.01295	0.10051	0.00318	0.17535	0.00581	0.09280	0.00720
5	0.00766	0.00644	0.00665	0.00682	0.00880	0.00543	0.00503	0.00924	0.01447	0.01735	0.06215	0.14037	0.65394	0.01679	0.00770	0.00223	0.00333	0.01416	0.00600	0.00543
6	0.01797	0.05541	0.01918	0.06491	0.10887	0.05537	0.03831	0.17140	0.07750	0.06134	0.01425	0.01567	0.01095	0.00633	0.00583	0.00163	0.00669	0.00520	0.00460	0.25855

[dist]
# distance from previous block
# <min> <max>
3	9

[block]
# block no. 9 follows, 34 sequences, length 16
# corresponding to MSA columns:
# 349-364
name=unknown_J
#
# <colnr> <probs for GDERKNQSTAVLIFYWHMCP>
#	G	D	E	R	K	N	Q	S	T	A	V	L	I	F	Y	W	H	M	C	P
0	0.01525	0.01804	0.11784	0.20087	0.18518	0.11699	0.01584	0.02005	0.05522	0.01959	0.01262	0.01569	0.00995	0.00619	0.00598	0.00180	0.00795	0.00518	0.03106	0.13874
1	0.00811	0.00655	0.00710	0.00697	0.00888	0.00566	0.00516	0.01002	0.01537	0.01937	0.23271	0.05764	0.52394	0.05326	0.00889	0.00235	0.00336	0.01293	0.00618	0.00554
2	0.01257	0.04560	0.01634	0.03830	0.18409	0.01166	0.04085	0.01860	0.15267	0.02253	0.22457	0.05812	0.12679	0.01039	0.00696	0.00206	0.00527	0.00921	0.00541	0.00800
3	0.09943	0.17594	0.07617	0.01349	0.01885	0.06063	0.03183	0.24551	0.02001	0.17599	0.01491	0.01499	0.01068	0.00692	0.00572	0.00184	0.00709	0.00512	0.00521	0.00966
4	0.01031	0.00690	0.00877	0.00813	0.01000	0.00624	0.00616	0.01311	0.01777	0.07460	0.58106	0.04849	0.15732	0.01331	0.00754	0.00205	0.00325	0.01161	0.00701	0.00635
5	0.01418	0.07466	0.19418	0.01291	0.01749	0.01304	0.02879	0.04962	0.13797	0.05837	0.10720	0.02522	0.03672	0.01123	0.05433	0.00255	0.02697	0.03020	0.09606	0.00833
6	0.01707	0.00809	0.00916	0.00798	0.01060	0.00786	0.00628	0.06796	0.01594	0.19967	0.02177	0.02297	0.01603	0.00766	0.00514	0.00166	0.00391	0.00612	0.55656	0.00759
7	0.81856	0.01250	0.00950	0.00850	0.01250	0.01449	0.00700	0.01899	0.01100	0.02899	0.00900	0.01050	0.00700	0.00600	0.00400	0.00200	0.00500	0.00350	0.00400	0.00700
8	0.01525	0.01743	0.03813	0.02723	0.03377	0.01634	0.70915	0.02070	0.01525	0.02070	0.01307	0.01743	0.00980	0.00545	0.00763	0.00218	0.01089	0.00763	0.00327	0.00871
9	0.01727	0.77681	0.03386	0.01106	0.01658	0.02557	0.01106	0.01935	0.01313	0.01520	0.00898	0.01036	0.00829	0.00553	0.00415	0.00138	0.00691	0.00345	0.00276	0.00829
10	0.01414	0.01414	0.01979	0.01696	0.01696	0.01979	0.01414	0.01555	0.00990	0.01555	0.00848	0.01414	0.00848	0.01131	0.02120	0.00283	0.76110	0.00565	0.00283	0.00707
11	0.02164	0.01665	0.01775	0.01428	0.01892	0.01867	0.01157	0.47831	0.26790	0.03601	0.01922	0.01847	0.01399	0.00810	0.00650	0.00203	0.00642	0.00633	0.00650	0.01073
12	0.00878	0.00647	0.00820	0.00912	0.01026	0.00607	0.00691	0.01061	0.01380	0.01790	0.08979	0.30696	0.18683	0.07588	0.01016	0.00287	0.00444	0.21359	0.00590	0.00546
13	0.01008	0.00646	0.00784	0.00810	0.00883	0.00615	0.00532	0.01093	0.01183	0.06082	0.05302	0.25766	0.09029	0.38151	0.01997	0.00430	0.00510	0.04160	0.00516	0.00505
14	0.00816	0.00616	0.00797	0.04166	0.01084	0.00578	0.00634	0.00973	0.01348	0.01770	0.11598	0.52458	0.17159	0.01814	0.00799	0.00246	0.00380	0.01619	0.00598	0.00547
15	0.01825	0.01599	0.01543	0.01361	0.01741	0.09825	0.01061	0.08812	0.55409	0.05911	0.02355	0.02191	0.01756	0.00841	0.00648	0.00210	0.00603	0.00679	0.00627	0.01002

[dist]
# distance from previous block
# <min> <max>
0	1

[block]
# block no. 10 follows, 34 sequences, length 71
# corresponding to MSA columns:
# 366-436
name=unknown_K
#
# <colnr> <probs for GDERKNQSTAVLIFYWHMCP>
#	G	D	E	R	K	N	Q	S	T	A	V	L	I	F	Y	W	H	M	C	P
0	0.01785	0.08198	0.06735	0.03902	0.11736	0.06511	0.05273	0.18373	0.07401	0.06752	0.01799	0.11704	0.01564	0.00869	0.00641	0.00199	0.00701	0.00737	0.04218	0.00902
1	0.78173	0.01334	0.00991	0.00887	0.01284	0.04846	0.00725	0.01931	0.01134	0.02838	0.00904	0.01055	0.00706	0.00603	0.00408	0.00198	0.00531	0.00353	0.00397	0.00702
2	0.01560	0.09335	0.17404	0.17635	0.20067	0.07840	0.05096	0.01984	0.01417	0.04282	0.01197	0.01524	0.00938	0.00640	0.00678	0.00197	0.04295	0.00530	0.02508	0.00872
3	0.00893	0.00647	0.00842	0.00819	0.00959	0.00596	0.00604	0.01167	0.01738	0.02438	0.61504	0.14483	0.08035	0.01425	0.00770	0.00212	0.00315	0.01264	0.00693	0.00596
4	0.00945	0.00671	0.00978	0.00978	0.01067	0.00761	0.00732	0.01096	0.01007	0.01432	0.01709	0.02693	0.01658	0.13621	0.58743	0.08851	0.01478	0.00710	0.00345	0.00525
5	0.02330	0.01462	0.01657	0.01330	0.01795	0.01558	0.01079	0.29354	0.23981	0.25037	0.02191	0.02015	0.01522	0.00814	0.00651	0.00204	0.00600	0.00649	0.00697	0.01076
6	0.01146	0.00608	0.00625	0.00625	0.00742	0.00608	0.00438	0.01381	0.01264	0.02155	0.02092	0.02809	0.01809	0.17583	0.01076	0.00255	0.00373	0.00676	0.63180	0.00556
7	0.81856	0.01250	0.00950	0.00850	0.01250	0.01449	0.00700	0.01899	0.01100	0.02899	0.00900	0.01050	0.00700	0.00600	0.00400	0.00200	0.00500	0.00350	0.00400	0.00700
8	0.01122	0.00561	0.00842	0.00842	0.00842	0.00561	0.00561	0.00842	0.00842	0.01122	0.01122	0.01964	0.01122	0.02245	0.02525	0.81201	0.00561	0.00561	0.00281	0.00281
9	0.60341	0.01459	0.01213	0.01030	0.01454	0.04908	0.00844	0.17532	0.01570	0.03103	0.01051	0.01168	0.00796	0.00642	0.00464	0.00197	0.00578	0.00405	0.00452	0.00792
10	0.02674	0.08803	0.01676	0.01142	0.01632	0.01164	0.00960	0.07395	0.01850	0.58610	0.02298	0.02050	0.01492	0.00771	0.00617	0.00191	0.00563	0.00613	0.04450	0.01049
11	0.01727	0.77681	0.03386	0.01106	0.01658	0.02557	0.01106	0.01935	0.01313	0.01520	0.00898	0.01036	0.00829	0.00553	0.00415	0.00138	0.00691	0.00345	0.00276	0.00829
12	0.81856	0.01250	0.00950	0.00850	0.01250	0.01449	0.00700	0.01899	0.01100	0.02899	0.00900	0.01050	0.00700	0.00600	0.00400	0.00200	0.00500	0.00350	0.00400	0.00700
13	0.01525	0.01743	0.03813	0.02723	0.03377	0.01634	0.70915	0.02070	0.01525	0.02070	0.01307	0.01743	0.00980	0.00545	0.00763	0.00218	0.01089	0.00763	0.00327	0.00871
14	0.01582	0.01297	0.01402	0.01280	0.01621	0.01476	0.00999	0.03171	0.61680	0.05318	0.02720	0.06535	0.02178	0.00985	0.00679	0.00225	0.00511	0.04709	0.00656	0.00975
15	0.78263	0.01243	0.00975	0.00863	0.01268	0.01427	0.00711	0.01956	0.01134	0.06122	0.00975	0.01102	0.00741	0.00609	0.00411	0.00200	0.00502	0.00364	0.00418	0.00718
16	0.01122	0.01088	0.02097	0.01755	0.03938	0.01022	0.30389	0.01424	0.01365	0.01840	0.02544	0.43034	0.02792	0.01359	0.00793	0.00242	0.00688	0.01348	0.00477	0.00685
17	0.56380	0.01336	0.01110	0.00961	0.01361	0.06711	0.00780	0.03862	0.01340	0.14478	0.01265	0.01338	0.00923	0.00651	0.00464	0.00194	0.00551	0.00425	0.05099	0.00774
18	0.01594	0.05537	0.01920	0.08994	0.01990	0.11434	0.01326	0.05879	0.08091	0.01851	0.03049	0.01686	0.02671	0.00962	0.01393	0.00239	0.39669	0.00585	0.00364	0.00767
19	0.01026	0.00844	0.03706	0.01002	0.01152	0.00867	0.00780	0.01396	0.08429	0.01639	0.01889	0.02841	0.01784	0.19778	0.44931	0.00787	0.01262	0.00737	0.04552	0.00598
20	0.09655	0.08810	0.11646	0.11563	0.11554	0.13981	0.07796	0.02008	0.03175	0.01923	0.01183	0.01587	0.00980	0.00793	0.02573	0.00223	0.07201	0.02204	0.00329	0.00816
21	0.02158	0.02231	0.01706	0.01552	0.04153	0.38210	0.01158	0.16421	0.09927	0.05585	0.01747	0.06757	0.03891	0.00842	0.00632	0.00189	0.00874	0.00632	0.00482	0.00854
22	0.01523	0.01770	0.19281	0.01517	0.02010	0.03124	0.10045	0.07550	0.11812	0.08500	0.13081	0.06719	0.04879	0.00927	0.00753	0.00213	0.04120	0.00795	0.00512	0.00867
23	0.16812	0.08330	0.03584	0.01177	0.01524	0.01506	0.00987	0.21697	0.01680	0.06088	0.01385	0.01751	0.01148	0.05032	0.13655	0.06435	0.05421	0.00550	0.00450	0.00788
24	0.01522	0.01671	0.11262	0.12089	0.11932	0.04076	0.14945	0.04767	0.14660	0.04594	0.06697	0.02121	0.01583	0.04276	0.00795	0.00227	0.00784	0.00684	0.00434	0.00880
25	0.01143	0.00944	0.01094	0.00877	0.01266	0.00747	0.00661	0.01356	0.01298	0.01896	0.02313	0.11607	0.11711	0.10101	0.00900	0.00197	0.00462	0.00766	0.00441	0.50219
26	0.07399	0.03513	0.01732	0.04947	0.09639	0.01596	0.01165	0.25078	0.19443	0.10137	0.03833	0.01926	0.01478	0.00772	0.00620	0.00199	0.00613	0.00620	0.04308	0.00983
27	0.01128	0.00965	0.01565	0.21409	0.04337	0.00978	0.09516	0.01409	0.01335	0.03925	0.02498	0.32333	0.06442	0.01236	0.00724	0.00223	0.00616	0.01138	0.00461	0.07762
28	0.01118	0.00711	0.00896	0.00820	0.01027	0.00637	0.00625	0.01387	0.01758	0.10827	0.50912	0.04803	0.19360	0.01324	0.00749	0.00206	0.00338	0.01147	0.00699	0.00654
29	0.14082	0.01811	0.15058	0.04422	0.26710	0.04129	0.01585	0.08594	0.07124	0.02395	0.01464	0.05281	0.01238	0.00738	0.00614	0.00204	0.00728	0.02510	0.00402	0.00913
30	0.81856	0.01250	0.00950	0.00850	0.01250	0.01449	0.00700	0.01899	0.01100	0.02899	0.00900	0.01050	0.00700	0.00600	0.00400	0.00200	0.00500	0.00350	0.00400	0.00700
31	0.01713	0.66897	0.11381	0.01191	0.01788	0.02388	0.01247	0.01984	0.01335	0.03749	0.00978	0.01109	0.00851	0.00567	0.00444	0.00148	0.00717	0.00370	0.00292	0.00852
32	0.00798	0.00625	0.00725	0.00780	0.00923	0.00552	0.00564	0.00963	0.01425	0.01806	0.12261	0.31633	0.38560	0.01749	0.00790	0.00236	0.00352	0.04096	0.00611	0.00547
33	0.01905	0.01785	0.15906	0.02118	0.20922	0.01450	0.03628	0.13703	0.08756	0.16127	0.01708	0.01791	0.01235	0.00698	0.00632	0.00197	0.00711	0.00594	0.05126	0.01008
34	0.37393	0.01739	0.01432	0.03241	0.07778	0.19469	0.01017	0.07678	0.05864	0.02464	0.01182	0.01450	0.00970	0.05060	0.00674	0.00217	0.00720	0.00467	0.00409	0.00775
35	0.01352	0.02970	0.58050	0.02105	0.06543	0.01526	0.14292	0.02047	0.01398	0.02054	0.01188	0.01442	0.00857	0.00600	0.00641	0.00206	0.00969	0.00532	0.00285	0.00944
36	0.01510	0.04939	0.02135	0.21184	0.30302	0.08255	0.01609	0.01893	0.03700	0.01895	0.03349	0.01735	0.01167	0.00839	0.03416	0.00231	0.07086	0.00577	0.03335	0.00842
37	0.00787	0.00655	0.00688	0.00680	0.00887	0.00556	0.00510	0.00973	0.01529	0.01879	0.17022	0.05999	0.62440	0.01587	0.00763	0.00216	0.00324	0.01333	0.00618	0.00556
38	0.00965	0.00731	0.00876	0.00837	0.01018	0.00701	0.00628	0.01398	0.09322	0.02393	0.47254	0.08879	0.17258	0.01351	0.00745	0.00209	0.00335	0.01176	0.03287	0.00638
39	0.01602	0.01521	0.02564	0.08026	0.67258	0.01543	0.01950	0.03946	0.01506	0.02141	0.01221	0.01605	0.01016	0.00585	0.00640	0.00193	0.00771	0.00576	0.00327	0.01008
40	0.00870	0.00637	0.00817	0.00818	0.00950	0.00584	0.00596	0.01116	0.01655	0.02288	0.50236	0.22002	0.11991	0.01517	0.00777	0.00219	0.00324	0.01345	0.00674	0.00584
41	0.02472	0.01387	0.01632	0.01285	0.01759	0.01421	0.01050	0.28128	0.12600	0.35004	0.04818	0.02090	0.01638	0.00822	0.00654	0.00201	0.00594	0.00656	0.00719	0.01070
42	0.19846	0.01127	0.01099	0.00939	0.01261	0.01236	0.00753	0.22145	0.03844	0.03018	0.01686	0.01849	0.01285	0.00728	0.00503	0.00176	0.00473	0.00543	0.36706	0.00783
43	0.01830	0.01272	0.01621	0.08464	0.11610	0.01345	0.01156	0.16823	0.14999	0.14590	0.09118	0.02453	0.05554	0.00856	0.00654	0.00201	0.00585	0.00718	0.05217	0.00934
44	0.12295	0.01241	0.01410	0.01121	0.01552	0.01260	0.00917	0.22609	0.02030	0.32043	0.03723	0.01963	0.01460	0.00774	0.00591	0.00191	0.00547	0.00598	0.12713	0.00963
45	0.01727	0.77681	0.03386	0.01106	0.01658	0.02557	0.01106	0.01935	0.01313	0.01520	0.00898	0.01036	0.00829	0.00553	0.00415	0.00138	0.00691	0.00345	0.00276	0.00829
46	0.01291	0.00836	0.00866	0.00824	0.01019	0.00900	0.00612	0.02003	0.22047	0.02356	0.02252	0.02629	0.01832	0.10026	0.00854	0.00228	0.00402	0.00681	0.47644	0.00700
47	0.01075	0.00775	0.00925	0.00856	0.01045	0.02799	0.00648	0.01403	0.03760	0.06484	0.58948	0.04630	0.11594	0.01289	0.00748	0.00204	0.00351	0.01123	0.00694	0.00647
48	0.00796	0.00569	0.00760	0.00910	0.00952	0.00533	0.00616	0.00916	0.01246	0.01660	0.03556	0.74363	0.04254	0.02016	0.00827	0.00264	0.00383	0.04254	0.00600	0.00527
49	0.02899	0.01100	0.01499	0.01150	0.01649	0.00950	0.00950	0.03149	0.01849	0.73709	0.02549	0.02199	0.01599	0.00800	0.00650	0.00200	0.00550	0.00650	0.00800	0.01100
50	0.00791	0.00575	0.00748	0.00884	0.00941	0.00532	0.00600	0.00912	0.01264	0.01665	0.03828	0.68868	0.10472	0.01984	0.00821	0.00259	0.00376	0.03354	0.00600	0.00528
51	0.06465	0.02405	0.01789	0.01531	0.01932	0.39843	0.01193	0.25700	0.08529	0.02589	0.01327	0.01401	0.01018	0.00718	0.00601	0.00182	0.00919	0.00497	0.00471	0.00889
52	0.01637	0.49963	0.21590	0.04730	0.02104	0.06948	0.01480	0.01993	0.01359	0.01667	0.00984	0.01161	0.00828	0.00580	0.00488	0.00161	0.00798	0.00395	0.00280	0.00852
53	0.01611	0.05500	0.04073	0.11319	0.50220	0.03640	0.03912	0.01980	0.01439	0.04317	0.01211	0.01580	0.00994	0.00622	0.00710	0.00197	0.04831	0.00565	0.00327	0.00952
54	0.81856	0.01250	0.00950	0.00850	0.01250	0.01449	0.00700	0.01899	0.01100	0.02899	0.00900	0.01050	0.00700	0.00600	0.00400	0.00200	0.00500	0.00350	0.00400	0.00700
55	0.01486	0.21230	0.40921	0.02079	0.16478	0.03342	0.01968	0.02018	0.01383	0.01920	0.01103	0.01326	0.00862	0.00592	0.00569	0.00185	0.00857	0.00463	0.00284	0.00933
56	0.00954	0.00656	0.00841	0.00820	0.00969	0.00601	0.00605	0.01213	0.01688	0.04679	0.51652	0.16812	0.10924	0.01431	0.00760	0.00213	0.00326	0.01263	0.02985	0.00606
57	0.00938	0.00631	0.00730	0.00730	0.00739	0.00640	0.00423	0.00956	0.00947	0.01272	0.02012	0.04099	0.02293	0.71735	0.08769	0.00658	0.00711	0.00921	0.00388	0.00406
58	0.81856	0.01250	0.00950	0.00850	0.01250	0.01449	0.00700	0.01899	0.01100	0.02899	0.00900	0.01050	0.00700	0.00600	0.00400	0.00200	0.00500	0.00350	0.00400	0.00700
59	0.01113	0.00565	0.00834	0.00834	0.00834	0.00565	0.00552	0.00847	0.00847	0.01129	0.01171	0.02086	0.01188	0.06282	0.02566	0.76866	0.00565	0.00582	0.00287	0.00287
60	0.81856	0.01250	0.00950	0.00850	0.01250	0.01449	0.00700	0.01899	0.01100	0.02899	0.00900	0.01050	0.00700	0.00600	0.00400	0.00200	0.00500	0.00350	0.00400	0.00700
61	0.02418	0.02948	0.01842	0.01646	0.01998	0.67144	0.01246	0.09701	0.01956	0.01840	0.01056	0.01205	0.00860	0.00677	0.00589	0.00169	0.01118	0.00433	0.00365	0.00785
62	0.02319	0.01816	0.01815	0.01453	0.01923	0.09002	0.01176	0.47948	0.15730	0.07484	0.01754	0.01710	0.01264	0.00785	0.00642	0.00196	0.00709	0.00597	0.00626	0.01050
63	0.01296	0.03342	0.73944	0.01842	0.02797	0.01501	0.02387	0.02046	0.01364	0.02046	0.01160	0.01364	0.00818	0.00614	0.00614	0.00205	0.00955	0.00477	0.00273	0.00955
64	0.00939	0.00687	0.01013	0.01013	0.01131	0.00796	0.00787	0.01174	0.01057	0.01552	0.01752	0.02531	0.01618	0.04610	0.70457	0.00987	0.01648	0.00687	0.04981	0.00578
65	0.53695	0.03987	0.01296	0.03283	0.01527	0.07479	0.00881	0.06206	0.01360	0.09954	0.01120	0.01243	0.00843	0.00661	0.00543	0.00199	0.04095	0.00416	0.00437	0.00774
