[name]
unknown

[dist]
# distance from previous block
# <min> <max>
0	19

[block]
# block no. 0 follows, 32 sequences, length 38
# corresponding to MSA columns:
# 20-57
name=unknown_A
#
# <colnr> <probs for GDERKNQSTAVLIFYWHMCP>
#	G	D	E	R	K	N	Q	S	T	A	V	L	I	F	Y	W	H	M	C	P
0	0.04100	0.01369	0.02007	0.02347	0.27387	0.03246	0.06087	0.06498	0.01596	0.05555	0.01876	0.06839	0.03458	0.01018	0.03113	0.00235	0.02960	0.07028	0.02789	0.10494
1	0.06196	0.07599	0.11355	0.01279	0.01650	0.07165	0.01153	0.01965	0.11284	0.03748	0.01737	0.02279	0.01500	0.04353	0.28869	0.00551	0.01158	0.02829	0.00414	0.02916
2	0.10832	0.44704	0.04831	0.01388	0.04104	0.20860	0.01208	0.02184	0.01485	0.01791	0.00979	0.01142	0.00853	0.00613	0.00488	0.00162	0.00834	0.00390	0.00318	0.00835
3	0.01267	0.01193	0.02013	0.74806	0.04621	0.01491	0.01863	0.01714	0.01342	0.01714	0.01193	0.01789	0.00894	0.00671	0.00671	0.00224	0.00894	0.00596	0.00298	0.00745
4	0.00864	0.00678	0.00782	0.00765	0.00953	0.00595	0.00570	0.01098	0.01684	0.02202	0.35829	0.09066	0.39376	0.01571	0.00795	0.00222	0.00332	0.01348	0.00675	0.00595
5	0.00889	0.00684	0.00813	0.00781	0.00965	0.00607	0.00586	0.01149	0.01757	0.02353	0.46823	0.05569	0.31599	0.01498	0.00792	0.00217	0.00326	0.01291	0.00694	0.00607
6	0.01273	0.00764	0.00986	0.00918	0.01127	0.00699	0.00692	0.01579	0.03653	0.13955	0.42185	0.16528	0.10165	0.01418	0.00780	0.00222	0.00378	0.01245	0.00724	0.00708
7	0.00818	0.00584	0.00779	0.00934	0.00973	0.00545	0.00623	0.00934	0.01285	0.01713	0.03698	0.75981	0.04438	0.02102	0.00856	0.00273	0.00389	0.01908	0.00623	0.00545
8	0.00871	0.00683	0.00788	0.00762	0.00954	0.00600	0.00571	0.01114	0.01714	0.02251	0.39310	0.05735	0.39175	0.01536	0.00792	0.00219	0.00328	0.01315	0.00681	0.00600
9	0.01794	0.76823	0.03516	0.01148	0.01722	0.02655	0.01148	0.02009	0.01363	0.01579	0.00933	0.01076	0.00861	0.00574	0.00431	0.00144	0.00718	0.00359	0.00287	0.00861
10	0.01081	0.00772	0.01081	0.01236	0.01390	0.00772	0.01081	0.01390	0.01545	0.02008	0.03553	0.07569	0.03862	0.01854	0.00927	0.00309	0.00618	0.67717	0.00618	0.00618
11	0.01794	0.76823	0.03516	0.01148	0.01722	0.02655	0.01148	0.02009	0.01363	0.01579	0.00933	0.01076	0.00861	0.00574	0.00431	0.00144	0.00718	0.00359	0.00287	0.00861
12	0.01355	0.00656	0.00681	0.00659	0.00837	0.00647	0.00500	0.01665	0.01438	0.06677	0.02216	0.02489	0.01716	0.00785	0.00481	0.00159	0.00328	0.00628	0.75426	0.00656
13	0.00976	0.00651	0.00732	0.00732	0.00732	0.00651	0.00407	0.00976	0.00976	0.01301	0.02114	0.04391	0.02439	0.76419	0.03415	0.00651	0.00651	0.00976	0.00407	0.00407
14	0.00966	0.00689	0.00925	0.00925	0.00992	0.00756	0.00648	0.01100	0.01033	0.01444	0.01937	0.03412	0.02014	0.36583	0.42669	0.00889	0.01290	0.00832	0.00380	0.00514
15	0.01251	0.00625	0.00625	0.00625	0.00782	0.00625	0.00469	0.01563	0.01407	0.02502	0.02189	0.02502	0.01720	0.00782	0.00469	0.00156	0.00313	0.00625	0.80144	0.00625
16	0.01584	0.01810	0.03959	0.02828	0.03507	0.01697	0.69796	0.02149	0.01584	0.02149	0.01357	0.01810	0.01018	0.00566	0.00792	0.00226	0.01131	0.00792	0.00339	0.00905
17	0.00950	0.00686	0.00897	0.00844	0.01002	0.00633	0.00633	0.01266	0.01899	0.02691	0.71879	0.05012	0.06331	0.01372	0.00791	0.00211	0.00317	0.01213	0.00739	0.00633
18	0.01346	0.03471	0.72942	0.01912	0.02904	0.01558	0.02479	0.02125	0.01417	0.02125	0.01204	0.01417	0.00850	0.00637	0.00637	0.00212	0.00992	0.00496	0.00283	0.00992
19	0.01548	0.02570	0.42101	0.01652	0.02381	0.01550	0.01854	0.07226	0.20329	0.04819	0.05918	0.01967	0.01548	0.00773	0.00662	0.00216	0.00796	0.00623	0.00463	0.01005
20	0.06290	0.01493	0.02345	0.19852	0.47130	0.03876	0.01847	0.01946	0.01464	0.02093	0.01327	0.04926	0.01147	0.00686	0.00658	0.00208	0.00798	0.00636	0.00343	0.00938
21	0.00960	0.06118	0.04890	0.01117	0.01281	0.00815	0.05026	0.01146	0.01315	0.01752	0.03232	0.62337	0.03792	0.01825	0.00811	0.00258	0.00489	0.01658	0.00564	0.00612
22	0.02027	0.10120	0.02589	0.06279	0.04774	0.31672	0.17474	0.02322	0.01633	0.05102	0.01177	0.01464	0.00948	0.00703	0.00810	0.00201	0.08966	0.00552	0.00352	0.00836
23	0.01425	0.01315	0.04573	0.01051	0.01663	0.00961	0.00884	0.03825	0.01447	0.02247	0.01206	0.01399	0.00992	0.00513	0.00509	0.00108	0.00526	0.00408	0.00401	0.74547
24	0.01646	0.06858	0.32722	0.01943	0.05664	0.01620	0.14547	0.12273	0.01744	0.05788	0.01814	0.01970	0.06881	0.00741	0.00675	0.00210	0.00880	0.00649	0.00409	0.00965
25	0.00876	0.00656	0.00895	0.00983	0.01056	0.00676	0.00702	0.01031	0.01237	0.01674	0.03303	0.48668	0.08275	0.02844	0.20799	0.00490	0.03222	0.01505	0.00540	0.00567
26	0.01707	0.03641	0.10337	0.15738	0.28958	0.01476	0.06927	0.04239	0.01578	0.11589	0.01685	0.04341	0.03313	0.00733	0.00678	0.00210	0.00800	0.00673	0.00416	0.00961
27	0.74191	0.01466	0.01067	0.00957	0.01366	0.07903	0.00777	0.02035	0.01209	0.02889	0.00943	0.01101	0.00739	0.00629	0.00432	0.00205	0.00580	0.00369	0.00409	0.00731
28	0.01581	0.01555	0.02771	0.06323	0.54416	0.01543	0.12735	0.01993	0.01523	0.02141	0.01527	0.03955	0.03495	0.00675	0.00695	0.00207	0.00827	0.00693	0.00350	0.00995
29	0.01488	0.01190	0.01401	0.01006	0.01597	0.00900	0.00806	0.01784	0.01423	0.06381	0.01279	0.01444	0.01034	0.00517	0.00507	0.00106	0.00501	0.00414	0.00423	0.75799
30	0.00838	0.00636	0.00776	0.00861	0.00979	0.00574	0.00614	0.01004	0.01442	0.01863	0.11770	0.42449	0.26230	0.01883	0.00833	0.00253	0.00379	0.05416	0.00635	0.00565
31	0.02867	0.01110	0.01511	0.01169	0.01663	0.00962	0.00962	0.03130	0.01919	0.67823	0.07469	0.02474	0.01986	0.00868	0.00683	0.00208	0.00553	0.00712	0.00824	0.01106
32	0.00950	0.00686	0.00897	0.00844	0.01002	0.00633	0.00633	0.01266	0.01899	0.02691	0.71879	0.05012	0.06331	0.01372	0.00791	0.00211	0.00317	0.01213	0.00739	0.00633
33	0.01054	0.00769	0.00965	0.00885	0.01073	0.00731	0.00672	0.06038	0.01969	0.02757	0.63938	0.04843	0.09043	0.01348	0.00783	0.00211	0.00347	0.01181	0.00729	0.00665
34	0.01584	0.01810	0.03959	0.02828	0.03507	0.01697	0.69796	0.02149	0.01584	0.02149	0.01357	0.01810	0.01018	0.00566	0.00792	0.00226	0.01131	0.00792	0.00339	0.00905
35	0.01068	0.00886	0.01108	0.01096	0.01222	0.05900	0.00836	0.01284	0.01127	0.01543	0.01770	0.02677	0.01682	0.10438	0.63040	0.00981	0.01665	0.00719	0.00362	0.00596
36	0.02347	0.02869	0.01803	0.01627	0.01964	0.62449	0.01227	0.06007	0.01966	0.01884	0.08412	0.01625	0.01445	0.00768	0.00628	0.00178	0.01093	0.00522	0.00403	0.00782
37	0.01717	0.01788	0.13728	0.01808	0.04649	0.04991	0.20103	0.02154	0.01597	0.13499	0.06459	0.03944	0.01546	0.00710	0.00671	0.00190	0.00794	0.00673	0.00458	0.18522

[dist]
# distance from previous block
# <min> <max>
0	6

[block]
# block no. 1 follows, 32 sequences, length 43
# corresponding to MSA columns:
# 64-106
name=unknown_B
#
# <colnr> <probs for GDERKNQSTAVLIFYWHMCP>
#	G	D	E	R	K	N	Q	S	T	A	V	L	I	F	Y	W	H	M	C	P
0	0.00810	0.00680	0.00703	0.00697	0.00917	0.00574	0.00523	0.00995	0.01569	0.01907	0.13769	0.06303	0.64930	0.01664	0.00793	0.00225	0.00337	0.01394	0.00635	0.00574
1	0.00796	0.00669	0.00690	0.00707	0.00913	0.00564	0.00522	0.00960	0.01503	0.01802	0.06465	0.13905	0.64728	0.01742	0.00800	0.00231	0.00345	0.01469	0.00623	0.00564
2	0.03010	0.01142	0.01557	0.01194	0.01713	0.00986	0.00986	0.03270	0.01920	0.72698	0.02647	0.02284	0.01661	0.00830	0.00675	0.00208	0.00571	0.00675	0.00830	0.01142
3	0.00943	0.00681	0.00891	0.00848	0.01001	0.00629	0.00633	0.01251	0.01870	0.02645	0.68679	0.08344	0.06242	0.01406	0.00794	0.00214	0.00320	0.01246	0.00733	0.00629
4	0.02513	0.02995	0.01919	0.01700	0.02075	0.62687	0.01293	0.13051	0.02095	0.02041	0.01126	0.01272	0.00907	0.00709	0.00615	0.00177	0.01137	0.00459	0.00396	0.00834
5	0.00959	0.00719	0.01078	0.01078	0.01198	0.00839	0.00839	0.01198	0.01078	0.01558	0.01797	0.02636	0.01677	0.05032	0.73760	0.01078	0.01797	0.00719	0.00359	0.00599
6	0.01621	0.02309	0.37277	0.01744	0.08355	0.01277	0.01764	0.02164	0.01554	0.14056	0.08349	0.01931	0.01561	0.00717	0.00640	0.00194	0.00765	0.00590	0.00441	0.12689
7	0.03010	0.01142	0.01557	0.01194	0.01713	0.00986	0.00986	0.03270	0.01920	0.72698	0.02647	0.02284	0.01661	0.00830	0.00675	0.00208	0.00571	0.00675	0.00830	0.01142
8	0.01315	0.01241	0.02098	0.66297	0.12761	0.01503	0.01887	0.01756	0.01364	0.01772	0.01201	0.01773	0.00915	0.00662	0.00670	0.00221	0.00883	0.00596	0.00302	0.00784
9	0.02397	0.20758	0.13676	0.01329	0.01936	0.03174	0.01292	0.06256	0.01762	0.38065	0.01889	0.01778	0.01282	0.00730	0.00605	0.00191	0.00699	0.00557	0.00585	0.01038
10	0.01253	0.01164	0.05060	0.08753	0.25268	0.01099	0.01349	0.01550	0.01365	0.01894	0.02129	0.12944	0.02196	0.13146	0.04485	0.00339	0.00740	0.11525	0.02991	0.00753
11	0.81159	0.01298	0.00986	0.00882	0.01298	0.01505	0.00727	0.01972	0.01142	0.03010	0.00934	0.01090	0.00727	0.00623	0.00415	0.00208	0.00519	0.00363	0.00415	0.00727
12	0.00942	0.00686	0.00886	0.00836	0.00998	0.00630	0.00627	0.01252	0.01881	0.02648	0.68728	0.05082	0.09509	0.01388	0.00791	0.00212	0.00318	0.01223	0.00733	0.00630
13	0.01724	0.01477	0.01613	0.01525	0.05552	0.01691	0.01129	0.07668	0.63014	0.02863	0.02582	0.02402	0.01938	0.00887	0.00681	0.00224	0.00558	0.00740	0.00663	0.01067
14	0.01267	0.01193	0.02013	0.74806	0.04621	0.01491	0.01863	0.01714	0.01342	0.01714	0.01193	0.01789	0.00894	0.00671	0.00671	0.00224	0.00894	0.00596	0.00298	0.00745
15	0.05757	0.01368	0.01797	0.01544	0.01608	0.01818	0.01255	0.06758	0.01188	0.01842	0.01123	0.01894	0.01125	0.12333	0.02170	0.00335	0.54386	0.00634	0.00346	0.00716
16	0.01042	0.00757	0.01029	0.01167	0.01325	0.00743	0.01006	0.01330	0.01535	0.01978	0.03905	0.09558	0.11174	0.01845	0.00910	0.00299	0.00581	0.58587	0.00619	0.00610
17	0.01267	0.01193	0.02013	0.74806	0.04621	0.01491	0.01863	0.01714	0.01342	0.01714	0.01193	0.01789	0.00894	0.00671	0.00671	0.00224	0.00894	0.00596	0.00298	0.00745
18	0.57651	0.01551	0.07419	0.01077	0.01569	0.01540	0.00965	0.10879	0.01473	0.06440	0.01137	0.01254	0.00845	0.00654	0.00483	0.00204	0.00590	0.00422	0.00457	0.03390
19	0.01716	0.35803	0.22485	0.01806	0.11188	0.05266	0.03440	0.02115	0.01446	0.05229	0.01180	0.01416	0.00968	0.02578	0.00625	0.00190	0.00828	0.00474	0.00325	0.00922
20	0.01390	0.08563	0.64333	0.01908	0.02853	0.01643	0.06001	0.02118	0.01422	0.02088	0.01193	0.01414	0.00860	0.00629	0.00631	0.00208	0.00980	0.00502	0.00287	0.00978
21	0.03010	0.01142	0.01557	0.01194	0.01713	0.00986	0.00986	0.03270	0.01920	0.72698	0.02647	0.02284	0.01661	0.00830	0.00675	0.00208	0.00571	0.00675	0.00830	0.01142
22	0.01636	0.01569	0.02679	0.08545	0.67999	0.01588	0.02047	0.02038	0.01516	0.02162	0.01258	0.01669	0.01052	0.00602	0.00665	0.00201	0.00803	0.00598	0.00330	0.01043
23	0.01669	0.07725	0.36573	0.02205	0.14075	0.01555	0.10173	0.02238	0.01533	0.11568	0.03444	0.01700	0.01173	0.00665	0.00655	0.00206	0.00881	0.00583	0.00385	0.00994
24	0.01485	0.01335	0.02224	0.04439	0.40108	0.01357	0.06550	0.01815	0.01486	0.04944	0.05187	0.13379	0.05152	0.00966	0.00831	0.00222	0.06310	0.00881	0.00426	0.00901
25	0.01230	0.00623	0.00633	0.00640	0.00791	0.00621	0.00476	0.01533	0.01401	0.02463	0.02262	0.06060	0.01851	0.00846	0.00488	0.00162	0.00316	0.00687	0.76293	0.00621
26	0.01447	0.01232	0.01439	0.01041	0.01618	0.00982	0.00836	0.04842	0.01463	0.02265	0.01203	0.01404	0.00997	0.00530	0.00553	0.00110	0.02618	0.00412	0.00407	0.74602
27	0.03718	0.19442	0.40977	0.01625	0.02393	0.03676	0.01867	0.07157	0.08991	0.02239	0.01325	0.01457	0.00999	0.00666	0.00592	0.00197	0.00856	0.00496	0.00360	0.00968
28	0.00820	0.00660	0.00731	0.00756	0.00934	0.00571	0.00551	0.00999	0.01529	0.01914	0.15240	0.20915	0.48551	0.01738	0.00806	0.00234	0.00347	0.01491	0.00639	0.00571
29	0.01267	0.01368	0.05196	0.01335	0.01653	0.10611	0.11991	0.01594	0.01725	0.02233	0.32791	0.03964	0.16743	0.01169	0.00805	0.00214	0.03049	0.01023	0.00562	0.00705
30	0.00853	0.00598	0.00755	0.00880	0.00949	0.00554	0.00597	0.00992	0.01322	0.01792	0.03899	0.62142	0.11435	0.01944	0.00816	0.00257	0.00377	0.01743	0.07540	0.00554
31	0.01477	0.00861	0.01084	0.00914	0.01224	0.00748	0.00713	0.01774	0.01754	0.16957	0.36306	0.03606	0.05861	0.01057	0.00683	0.00186	0.00400	0.00906	0.08939	0.14549
32	0.01921	0.01837	0.02357	0.10240	0.16594	0.11668	0.11837	0.19112	0.09041	0.02601	0.01580	0.01804	0.02623	0.00737	0.00728	0.00209	0.03050	0.00639	0.00456	0.00964
33	0.01121	0.00814	0.01017	0.00919	0.01118	0.00788	0.00702	0.08629	0.02034	0.02855	0.64352	0.04648	0.05775	0.01311	0.00779	0.00210	0.00362	0.01148	0.00731	0.00688
34	0.01389	0.01315	0.05234	0.01043	0.01661	0.00930	0.00886	0.01713	0.01393	0.02183	0.01193	0.01393	0.00986	0.00504	0.00504	0.00105	0.00523	0.00403	0.00391	0.76249
35	0.04260	0.01742	0.10917	0.01347	0.01788	0.11325	0.06269	0.11366	0.06761	0.05450	0.04520	0.02431	0.09002	0.00854	0.00630	0.00194	0.00687	0.00693	0.17103	0.02661
36	0.01305	0.01145	0.01446	0.03863	0.07670	0.04943	0.05295	0.08819	0.04627	0.02273	0.15252	0.17667	0.16705	0.03000	0.00856	0.00236	0.02451	0.01140	0.00569	0.00739
37	0.03917	0.01184	0.01902	0.58111	0.03907	0.01495	0.01694	0.01667	0.01278	0.01733	0.01203	0.01805	0.00956	0.01103	0.07184	0.00305	0.08919	0.00598	0.00307	0.00731
38	0.55236	0.10793	0.09979	0.01111	0.01608	0.07931	0.01037	0.02057	0.01267	0.02614	0.00975	0.01138	0.00770	0.00625	0.00460	0.00197	0.00660	0.00385	0.00378	0.00779
39	0.01661	0.01594	0.02724	0.04119	0.72233	0.01594	0.02059	0.02059	0.01528	0.02192	0.01262	0.01661	0.01063	0.00598	0.00664	0.00199	0.00797	0.00598	0.00332	0.01063
40	0.02942	0.01252	0.01625	0.01246	0.01768	0.01149	0.01029	0.13217	0.02104	0.62491	0.02493	0.02184	0.01583	0.00827	0.00674	0.00207	0.00596	0.00664	0.00807	0.01142
41	0.01824	0.73735	0.03448	0.01172	0.01737	0.05636	0.01154	0.02037	0.01386	0.01581	0.00937	0.01082	0.00861	0.00579	0.00438	0.00145	0.00738	0.00362	0.00289	0.00858
42	0.01252	0.01145	0.01103	0.01098	0.01312	0.08731	0.00805	0.01928	0.22615	0.02059	0.03760	0.31233	0.17301	0.01505	0.00764	0.00239	0.00510	0.01298	0.00611	0.00732

[dist]
# distance from previous block
# <min> <max>
0	8

[block]
# block no. 2 follows, 32 sequences, length 44
# corresponding to MSA columns:
# 115-158
name=unknown_C
#
# <colnr> <probs for GDERKNQSTAVLIFYWHMCP>
#	G	D	E	R	K	N	Q	S	T	A	V	L	I	F	Y	W	H	M	C	P
0	0.06710	0.01637	0.01717	0.01420	0.01875	0.01851	0.01142	0.34359	0.35395	0.03480	0.02106	0.02006	0.01549	0.00845	0.00662	0.00214	0.00627	0.00664	0.00662	0.01079
1	0.01516	0.01447	0.02463	0.30055	0.47426	0.01556	0.01987	0.01933	0.01460	0.02017	0.01237	0.01708	0.01001	0.00625	0.00667	0.00208	0.00833	0.00597	0.00320	0.00946
2	0.00959	0.00719	0.01078	0.01078	0.01198	0.00839	0.00839	0.01198	0.01078	0.01558	0.01797	0.02636	0.01677	0.05032	0.73760	0.01078	0.01797	0.00719	0.00359	0.00599
3	0.01293	0.01220	0.02060	0.70073	0.09149	0.01498	0.01877	0.01737	0.01354	0.01746	0.01197	0.01780	0.00906	0.00666	0.00670	0.00222	0.00888	0.00596	0.00300	0.00767
4	0.01594	0.30434	0.22775	0.01587	0.07138	0.01896	0.01541	0.08006	0.03949	0.02123	0.03796	0.02068	0.06273	0.00780	0.00593	0.00190	0.00755	0.03207	0.00387	0.00907
5	0.03010	0.01142	0.01557	0.01194	0.01713	0.00986	0.00986	0.03270	0.01920	0.72698	0.02647	0.02284	0.01661	0.00830	0.00675	0.00208	0.00571	0.00675	0.00830	0.01142
6	0.81159	0.01298	0.00986	0.00882	0.01298	0.01505	0.00727	0.01972	0.01142	0.03010	0.00934	0.01090	0.00727	0.00623	0.00415	0.00208	0.00519	0.00363	0.00415	0.00727
7	0.01496	0.01440	0.02469	0.31798	0.40423	0.01574	0.04632	0.01911	0.01439	0.01982	0.01225	0.01710	0.00988	0.00646	0.00726	0.00213	0.03485	0.00605	0.00318	0.00920
8	0.01385	0.09584	0.53900	0.12096	0.03066	0.01652	0.05154	0.02058	0.01409	0.02020	0.01185	0.01455	0.00864	0.00633	0.00630	0.00209	0.00960	0.00510	0.00288	0.00942
9	0.00950	0.00686	0.00897	0.00844	0.01002	0.00633	0.00633	0.01266	0.01899	0.02691	0.71879	0.05012	0.06331	0.01372	0.00791	0.00211	0.00317	0.01213	0.00739	0.00633
10	0.02004	0.00927	0.01190	0.00987	0.01355	0.00803	0.00788	0.02251	0.01813	0.39679	0.17839	0.03944	0.21225	0.01171	0.00730	0.00213	0.00458	0.00981	0.00757	0.00886
11	0.01995	0.21543	0.07485	0.06856	0.07867	0.22133	0.04095	0.08178	0.04060	0.05402	0.01427	0.01583	0.03199	0.00699	0.00597	0.00184	0.00888	0.00525	0.00393	0.00892
12	0.01027	0.00703	0.00922	0.00857	0.01029	0.00646	0.00646	0.01341	0.01900	0.05310	0.69289	0.04910	0.06156	0.01351	0.00787	0.00211	0.00326	0.01193	0.00742	0.00652
13	0.00840	0.00607	0.00774	0.00898	0.00956	0.00566	0.00605	0.00957	0.01287	0.01691	0.03845	0.59365	0.11034	0.09603	0.01112	0.00308	0.00419	0.03997	0.00601	0.00536
14	0.01481	0.01594	0.07439	0.05233	0.22435	0.01463	0.26922	0.01926	0.01477	0.02129	0.01546	0.06761	0.01321	0.00745	0.00782	0.00216	0.04853	0.00753	0.10041	0.00883
15	0.01550	0.01583	0.06201	0.19451	0.35150	0.01571	0.06862	0.03952	0.10535	0.02200	0.01598	0.01924	0.03038	0.00690	0.00680	0.00212	0.00806	0.00649	0.00385	0.00964
16	0.01103	0.00865	0.01087	0.01011	0.01015	0.01021	0.00696	0.01149	0.00993	0.01391	0.01784	0.03574	0.02010	0.54496	0.05477	0.00572	0.20018	0.00866	0.00376	0.00498
17	0.01738	0.01314	0.01382	0.01206	0.01558	0.01476	0.00948	0.16558	0.38774	0.03015	0.02359	0.02321	0.01777	0.00855	0.00624	0.00203	0.00515	0.00692	0.21720	0.00963
18	0.02016	0.05984	0.06950	0.01725	0.08510	0.21905	0.02931	0.13054	0.06240	0.05044	0.01365	0.01499	0.01063	0.00664	0.00602	0.00171	0.00830	0.00506	0.00440	0.18501
19	0.01090	0.00899	0.00979	0.00975	0.01145	0.05595	0.02446	0.01433	0.07218	0.02076	0.14327	0.30831	0.15597	0.01523	0.00755	0.00229	0.00446	0.01334	0.10463	0.00640
20	0.00840	0.00632	0.00770	0.00839	0.00952	0.00571	0.00585	0.01004	0.01457	0.01906	0.16944	0.40873	0.24053	0.04226	0.00908	0.00260	0.00370	0.01611	0.00637	0.00563
21	0.03973	0.03077	0.57164	0.02058	0.02970	0.01584	0.15550	0.02125	0.01440	0.02158	0.01225	0.01483	0.00879	0.00623	0.00660	0.00215	0.01004	0.00549	0.00299	0.00966
22	0.01270	0.01186	0.01989	0.67190	0.07906	0.01450	0.01807	0.01708	0.01381	0.01791	0.04999	0.01956	0.01196	0.00705	0.00677	0.00222	0.00858	0.00630	0.00324	0.00756
23	0.03010	0.01142	0.01557	0.01194	0.01713	0.00986	0.00986	0.03270	0.01920	0.72698	0.02647	0.02284	0.01661	0.00830	0.00675	0.00208	0.00571	0.00675	0.00830	0.01142
24	0.02551	0.01879	0.02014	0.01544	0.02081	0.02081	0.01275	0.69996	0.03155	0.04229	0.01611	0.01611	0.01141	0.00805	0.00671	0.00201	0.00738	0.00604	0.00671	0.01141
25	0.00908	0.00684	0.00839	0.00800	0.00977	0.00615	0.00600	0.01185	0.01800	0.02455	0.54422	0.05400	0.23936	0.01460	0.00792	0.00215	0.00323	0.01268	0.00708	0.00615
26	0.01794	0.76823	0.03516	0.01148	0.01722	0.02655	0.01148	0.02009	0.01363	0.01579	0.00933	0.01076	0.00861	0.00574	0.00431	0.00144	0.00718	0.00359	0.00287	0.00861
27	0.01346	0.03471	0.72942	0.01912	0.02904	0.01558	0.02479	0.02125	0.01417	0.02125	0.01204	0.01417	0.00850	0.00637	0.00637	0.00212	0.00992	0.00496	0.00283	0.00992
28	0.02986	0.01182	0.01582	0.01213	0.01733	0.01045	0.01002	0.06859	0.01987	0.69015	0.02591	0.02248	0.01633	0.00829	0.00675	0.00207	0.00580	0.00671	0.00822	0.01142
29	0.00959	0.00719	0.01078	0.01078	0.01198	0.00839	0.00839	0.01198	0.01078	0.01558	0.01797	0.02636	0.01677	0.05032	0.73760	0.01078	0.01797	0.00719	0.00359	0.00599
30	0.00836	0.00607	0.00794	0.00936	0.01000	0.00565	0.00649	0.00973	0.01326	0.01745	0.03953	0.64589	0.10205	0.02048	0.00857	0.00271	0.00403	0.07067	0.00622	0.00553
31	0.01794	0.76823	0.03516	0.01148	0.01722	0.02655	0.01148	0.02009	0.01363	0.01579	0.00933	0.01076	0.00861	0.00574	0.00431	0.00144	0.00718	0.00359	0.00287	0.00861
32	0.00795	0.00671	0.00688	0.00702	0.00912	0.00565	0.00520	0.00960	0.01508	0.01804	0.06528	0.12494	0.66098	0.01734	0.00799	0.00231	0.00344	0.01459	0.00623	0.00565
33	0.01703	0.01458	0.01536	0.01372	0.01758	0.01685	0.01070	0.06095	0.68437	0.02861	0.02688	0.02469	0.02014	0.00906	0.00682	0.00227	0.00539	0.00753	0.00682	0.01065
34	0.01650	0.24052	0.33145	0.01676	0.05067	0.01756	0.05858	0.02145	0.01492	0.09629	0.04163	0.01743	0.03438	0.00696	0.00603	0.00193	0.00821	0.00554	0.00377	0.00941
35	0.01573	0.01324	0.03627	0.06596	0.01726	0.08948	0.00974	0.04284	0.06878	0.11419	0.06973	0.10126	0.15447	0.01097	0.00691	0.00201	0.00594	0.02888	0.00560	0.14073
36	0.00935	0.00685	0.00876	0.00829	0.00993	0.00627	0.00621	0.01238	0.01864	0.02608	0.65747	0.05148	0.12515	0.01403	0.00792	0.00213	0.00319	0.01233	0.00728	0.00627
37	0.01748	0.14835	0.17729	0.06197	0.02393	0.18402	0.10487	0.02224	0.05302	0.04278	0.01483	0.07047	0.01263	0.00766	0.00633	0.00198	0.00906	0.00632	0.02618	0.00859
38	0.01732	0.07448	0.13547	0.05297	0.25922	0.04735	0.17594	0.02229	0.03377	0.07826	0.01382	0.01669	0.01061	0.00642	0.00708	0.00207	0.02664	0.00613	0.00371	0.00976
39	0.01319	0.01255	0.02163	0.59026	0.12464	0.01478	0.05788	0.01762	0.01402	0.01838	0.04233	0.01913	0.01154	0.00686	0.00682	0.00220	0.00872	0.00634	0.00323	0.00788
40	0.00914	0.00695	0.00925	0.01001	0.01134	0.00649	0.02498	0.01110	0.01427	0.01842	0.06020	0.34998	0.19510	0.04193	0.00938	0.00281	0.00468	0.20209	0.00610	0.00578
41	0.04354	0.04360	0.09813	0.03356	0.07969	0.07622	0.06509	0.10592	0.03583	0.11483	0.02181	0.13372	0.06003	0.01003	0.00769	0.00219	0.04579	0.00837	0.00507	0.00886
42	0.01781	0.08227	0.18758	0.01994	0.10692	0.10513	0.08660	0.08534	0.13988	0.04519	0.01643	0.04862	0.01313	0.00759	0.00658	0.00206	0.00844	0.00642	0.00440	0.00966
43	0.03201	0.01184	0.05604	0.01383	0.06063	0.03489	0.02570	0.06122	0.07847	0.02148	0.02855	0.16945	0.06769	0.07532	0.03036	0.00304	0.00647	0.17628	0.03946	0.00726

[dist]
# distance from previous block
# <min> <max>
0	5

[block]
# block no. 3 follows, 32 sequences, length 24
# corresponding to MSA columns:
# 164-187
name=unknown_D
#
# <colnr> <probs for GDERKNQSTAVLIFYWHMCP>
#	G	D	E	R	K	N	Q	S	T	A	V	L	I	F	Y	W	H	M	C	P
0	0.04190	0.14086	0.16319	0.01585	0.03391	0.04728	0.07803	0.10506	0.08727	0.07518	0.06635	0.02190	0.03795	0.00821	0.00686	0.00206	0.02594	0.02815	0.00478	0.00926
1	0.01132	0.09333	0.08799	0.01046	0.01347	0.01030	0.00909	0.04759	0.01529	0.02046	0.13886	0.24851	0.15466	0.04028	0.00856	0.00235	0.02099	0.01189	0.00544	0.04912
2	0.01496	0.01459	0.02002	0.03375	0.08527	0.08073	0.16002	0.04227	0.18412	0.02202	0.02517	0.18537	0.05669	0.01111	0.00749	0.00231	0.00726	0.03326	0.00518	0.00844
3	0.01539	0.01146	0.01419	0.05080	0.06192	0.01091	0.00969	0.08085	0.09739	0.08896	0.07578	0.07996	0.08109	0.03872	0.00770	0.00206	0.00545	0.02862	0.00554	0.23355
4	0.01817	0.06085	0.16717	0.01947	0.07998	0.09317	0.11646	0.13230	0.09556	0.04899	0.01778	0.01917	0.05012	0.00774	0.00741	0.00210	0.04310	0.00642	0.00448	0.00957
5	0.04262	0.06525	0.12982	0.01791	0.07226	0.10571	0.07607	0.10320	0.05275	0.02318	0.06141	0.02426	0.04676	0.00910	0.00841	0.00220	0.08706	0.05890	0.00443	0.00870
6	0.00821	0.00592	0.00779	0.00920	0.00971	0.00549	0.00618	0.00948	0.01319	0.01754	0.06416	0.70247	0.07468	0.02057	0.00851	0.00268	0.00384	0.01860	0.00627	0.00549
7	0.01822	0.03351	0.07447	0.01456	0.06227	0.01302	0.03543	0.17760	0.01923	0.12019	0.07708	0.04462	0.04002	0.02474	0.00702	0.00190	0.00629	0.00678	0.00544	0.21761
8	0.02425	0.02914	0.01892	0.01690	0.02044	0.60494	0.01285	0.08762	0.06373	0.01948	0.01191	0.01336	0.00965	0.00730	0.00665	0.00183	0.03406	0.00473	0.00395	0.00827
9	0.01734	0.01509	0.01530	0.01367	0.01746	0.04567	0.01064	0.06807	0.62696	0.02822	0.02590	0.02406	0.01945	0.00892	0.00673	0.00222	0.00562	0.00734	0.03093	0.01041
10	0.01042	0.00793	0.01042	0.00999	0.01039	0.00919	0.00707	0.01144	0.01018	0.01433	0.01827	0.03373	0.01955	0.41421	0.26872	0.00742	0.11946	0.00833	0.00374	0.00519
11	0.01596	0.00833	0.01079	0.00933	0.01219	0.00738	0.00729	0.01872	0.01851	0.25320	0.39628	0.04341	0.14638	0.01245	0.00754	0.00212	0.00403	0.01069	0.00751	0.00789
12	0.01028	0.00694	0.00899	0.00865	0.01029	0.00634	0.00642	0.01302	0.01783	0.06195	0.53530	0.15521	0.10382	0.01475	0.00795	0.00221	0.00342	0.01302	0.00718	0.00642
13	0.76142	0.01434	0.05509	0.00947	0.01399	0.01509	0.00837	0.01982	0.01159	0.02955	0.00951	0.01111	0.00734	0.00624	0.00429	0.00208	0.00549	0.00372	0.00407	0.00743
14	0.01131	0.00836	0.01129	0.01076	0.01211	0.00958	0.00822	0.07230	0.01255	0.01789	0.01808	0.02765	0.01718	0.15307	0.51146	0.00872	0.04305	0.00740	0.03280	0.00623
15	0.01913	0.26561	0.10797	0.01344	0.01906	0.01975	0.01270	0.20256	0.12524	0.04922	0.01553	0.01605	0.01192	0.00710	0.00571	0.00181	0.00691	0.00527	0.04602	0.04899
16	0.09744	0.08801	0.15963	0.01601	0.07743	0.10006	0.01374	0.12699	0.06981	0.02520	0.06088	0.04611	0.04004	0.00823	0.00619	0.00200	0.00737	0.00642	0.03951	0.00893
17	0.01173	0.10200	0.10642	0.01089	0.01481	0.01094	0.03372	0.04863	0.01648	0.02181	0.19501	0.06992	0.25409	0.01225	0.00713	0.00207	0.00527	0.02290	0.00547	0.04848
18	0.36835	0.20572	0.09549	0.01174	0.01677	0.08707	0.01100	0.05547	0.01444	0.02472	0.04768	0.01368	0.01105	0.00668	0.00495	0.00189	0.00687	0.00441	0.00393	0.00810
19	0.01652	0.08009	0.14916	0.01679	0.07534	0.09999	0.06634	0.12844	0.03410	0.02239	0.04458	0.02421	0.05041	0.14931	0.01171	0.00283	0.00816	0.00696	0.00429	0.00836
20	0.01508	0.05410	0.01351	0.01180	0.01371	0.22688	0.00863	0.03123	0.03862	0.01702	0.05601	0.12499	0.02197	0.20095	0.13208	0.00453	0.00952	0.00862	0.00436	0.00641
21	0.01430	0.18668	0.07661	0.01226	0.01559	0.12261	0.01085	0.01684	0.01513	0.01867	0.13324	0.08512	0.12456	0.01253	0.03381	0.00238	0.08083	0.02618	0.00453	0.00728
22	0.01914	0.02654	0.27122	0.01816	0.05577	0.22226	0.04571	0.06963	0.06526	0.07927	0.01705	0.01805	0.04718	0.00749	0.00652	0.00202	0.00934	0.00582	0.00422	0.00935
23	0.01563	0.21772	0.21326	0.01772	0.11202	0.01649	0.05058	0.02037	0.03711	0.07071	0.10176	0.02225	0.06115	0.00789	0.00627	0.00194	0.00734	0.00654	0.00421	0.00905

[dist]
# distance from previous block
# <min> <max>
5	36

[block]
# block no. 4 follows, 32 sequences, length 110
# corresponding to MSA columns:
# 227-336
name=unknown_E
#
# <colnr> <probs for GDERKNQSTAVLIFYWHMCP>
#	G	D	E	R	K	N	Q	S	T	A	V	L	I	F	Y	W	H	M	C	P
0	0.04906	0.06321	0.04181	0.01796	0.02354	0.01810	0.19502	0.30261	0.02199	0.10264	0.01520	0.01661	0.01104	0.00723	0.00747	0.00205	0.04498	0.00625	0.00526	0.04797
1	0.02246	0.18752	0.02203	0.01566	0.07755	0.14926	0.03628	0.07984	0.01805	0.22711	0.01942	0.01941	0.05371	0.00765	0.00609	0.00185	0.00752	0.00592	0.03320	0.00944
2	0.01161	0.01115	0.01973	0.07448	0.09840	0.01074	0.20336	0.01477	0.01448	0.01905	0.03205	0.22602	0.18001	0.01416	0.03613	0.00268	0.00725	0.01191	0.00476	0.00726
3	0.01416	0.01364	0.02342	0.45403	0.25258	0.01562	0.05678	0.01840	0.01397	0.01881	0.01208	0.01735	0.00953	0.00667	0.00751	0.00220	0.04557	0.00607	0.00311	0.00852
4	0.00818	0.00584	0.00779	0.00934	0.00973	0.00545	0.00623	0.00934	0.01285	0.01713	0.03698	0.75981	0.04438	0.02102	0.00856	0.00273	0.00389	0.01908	0.00623	0.00545
5	0.01910	0.00906	0.01188	0.01074	0.01362	0.00831	0.00817	0.03843	0.04328	0.34261	0.03076	0.35060	0.02900	0.01397	0.00749	0.00235	0.00484	0.01223	0.03502	0.00855
6	0.00869	0.00672	0.00798	0.00795	0.00965	0.00601	0.00587	0.01099	0.01647	0.02176	0.34636	0.14283	0.32961	0.01704	0.02951	0.00251	0.00379	0.01368	0.00666	0.00594
7	0.55291	0.01246	0.01175	0.00985	0.01435	0.01333	0.00813	0.02402	0.01400	0.26077	0.01501	0.01485	0.01036	0.00692	0.00501	0.00208	0.00536	0.00466	0.00553	0.00864
8	0.34440	0.01259	0.01361	0.01094	0.01573	0.01276	0.00903	0.07670	0.01698	0.39589	0.01881	0.01754	0.01246	0.00745	0.00570	0.00207	0.00562	0.00544	0.00652	0.00975
9	0.01716	0.01124	0.01319	0.01146	0.01461	0.01155	0.00913	0.21506	0.06008	0.11514	0.20155	0.10565	0.05722	0.01211	0.00738	0.00221	0.00517	0.07152	0.05006	0.00854
10	0.00816	0.00674	0.00709	0.00712	0.00915	0.00574	0.00526	0.00993	0.01539	0.01883	0.13197	0.10148	0.59523	0.03727	0.00868	0.00239	0.00349	0.01411	0.00629	0.00568
11	0.01570	0.00871	0.01117	0.00973	0.01252	0.00807	0.00758	0.01984	0.07206	0.22124	0.43803	0.04138	0.08229	0.01203	0.00751	0.00212	0.00405	0.01040	0.00754	0.00804
12	0.08294	0.02882	0.41299	0.01718	0.02473	0.10814	0.01902	0.18235	0.01867	0.02634	0.01257	0.01410	0.00911	0.00683	0.00623	0.00204	0.00921	0.00503	0.00394	0.00978
13	0.01458	0.11194	0.54471	0.01808	0.02659	0.01694	0.04788	0.05866	0.01500	0.02157	0.01274	0.03777	0.00989	0.00698	0.00672	0.00209	0.02958	0.00546	0.00319	0.00961
14	0.00838	0.00677	0.00751	0.00782	0.00971	0.00589	0.00592	0.01026	0.01528	0.01890	0.11374	0.15771	0.50796	0.01742	0.00815	0.00240	0.00372	0.08041	0.00632	0.00574
15	0.01267	0.01193	0.02013	0.74806	0.04621	0.01491	0.01863	0.01714	0.01342	0.01714	0.01193	0.01789	0.00894	0.00671	0.00671	0.00224	0.00894	0.00596	0.00298	0.00745
16	0.02346	0.01486	0.04422	0.11801	0.14440	0.05565	0.03399	0.05039	0.04278	0.37263	0.01994	0.01986	0.01355	0.00748	0.00671	0.00208	0.00727	0.00634	0.00599	0.01038
17	0.02573	0.09663	0.13498	0.01333	0.01937	0.01342	0.01270	0.08041	0.01873	0.48313	0.02149	0.01961	0.01403	0.00770	0.00642	0.00201	0.00668	0.00606	0.00671	0.01087
18	0.00917	0.00685	0.00852	0.00810	0.00983	0.00619	0.00608	0.01204	0.01823	0.02509	0.58422	0.05311	0.19902	0.01439	0.00792	0.00214	0.00321	0.01255	0.00715	0.00619
19	0.01125	0.00909	0.01370	0.01757	0.19571	0.00942	0.01009	0.01324	0.01199	0.01678	0.02026	0.13792	0.02132	0.22510	0.25022	0.00615	0.01020	0.00933	0.00404	0.00661
20	0.03760	0.06049	0.22769	0.04987	0.21507	0.09162	0.05239	0.02349	0.03992	0.11736	0.01440	0.01626	0.01070	0.00662	0.00641	0.00202	0.00866	0.00559	0.00399	0.00985
21	0.01486	0.02315	0.33681	0.06911	0.18465	0.01486	0.06432	0.02181	0.07310	0.04881	0.07015	0.01930	0.01477	0.00714	0.00673	0.00212	0.00843	0.00630	0.00389	0.00970
22	0.01648	0.01400	0.01472	0.01328	0.01696	0.01616	0.01032	0.03465	0.67521	0.02792	0.02704	0.02503	0.02032	0.00904	0.00672	0.00224	0.00520	0.00752	0.04678	0.01040
23	0.72124	0.03555	0.01148	0.00947	0.01377	0.01588	0.00786	0.07784	0.01320	0.03073	0.00992	0.01134	0.00766	0.00637	0.00438	0.00205	0.00544	0.00384	0.00433	0.00766
24	0.00965	0.00692	0.00941	0.00941	0.01013	0.00764	0.00667	0.01110	0.01038	0.01456	0.01923	0.03333	0.01980	0.33377	0.45829	0.00908	0.01342	0.00821	0.00378	0.00523
25	0.01430	0.02073	0.25242	0.25563	0.17753	0.01562	0.05765	0.02119	0.08025	0.02074	0.01366	0.01710	0.01031	0.00662	0.00666	0.00215	0.00884	0.00590	0.00339	0.00930
26	0.01251	0.00625	0.00625	0.00625	0.00782	0.00625	0.00469	0.01563	0.01407	0.02502	0.02189	0.02502	0.01720	0.00782	0.00469	0.00156	0.00313	0.00625	0.80144	0.00625
27	0.02551	0.01879	0.02014	0.01544	0.02081	0.02081	0.01275	0.69996	0.03155	0.04229	0.01611	0.01611	0.01141	0.00805	0.00671	0.00201	0.00738	0.00604	0.00671	0.01141
28	0.03010	0.01142	0.01557	0.01194	0.01713	0.00986	0.00986	0.03270	0.01920	0.72698	0.02647	0.02284	0.01661	0.00830	0.00675	0.00208	0.00571	0.00675	0.00830	0.01142
29	0.81159	0.01298	0.00986	0.00882	0.01298	0.01505	0.00727	0.01972	0.01142	0.03010	0.00934	0.01090	0.00727	0.00623	0.00415	0.00208	0.00519	0.00363	0.00415	0.00727
30	0.00806	0.00680	0.00697	0.00693	0.00914	0.00572	0.00520	0.00988	0.01559	0.01884	0.12093	0.06340	0.66621	0.01673	0.00793	0.00225	0.00338	0.01400	0.00632	0.00572
31	0.02876	0.01358	0.01691	0.01297	0.01821	0.01307	0.01071	0.22854	0.02283	0.52602	0.02343	0.02086	0.01508	0.00823	0.00674	0.00206	0.00620	0.00654	0.00784	0.01142
32	0.03211	0.01276	0.01868	0.01611	0.01694	0.01658	0.06159	0.01533	0.01104	0.01678	0.01322	0.04618	0.01333	0.06167	0.12158	0.00419	0.47790	0.03366	0.00340	0.00697
33	0.02506	0.03198	0.01901	0.01729	0.02074	0.73725	0.01296	0.02679	0.01901	0.01642	0.01037	0.01210	0.00864	0.00691	0.00605	0.00173	0.01210	0.00432	0.00346	0.00778
34	0.01661	0.01594	0.02724	0.04119	0.72233	0.01594	0.02059	0.02059	0.01528	0.02192	0.01262	0.01661	0.01063	0.00598	0.00664	0.00199	0.00797	0.00598	0.00332	0.01063
35	0.00838	0.00699	0.00738	0.00716	0.00945	0.00588	0.00539	0.01035	0.01581	0.01959	0.16476	0.06060	0.59508	0.01607	0.00782	0.00220	0.00342	0.01350	0.00633	0.03387
36	0.00825	0.00589	0.00787	0.00943	0.00985	0.00552	0.00636	0.00948	0.01292	0.01722	0.03694	0.73967	0.04421	0.02095	0.00859	0.00274	0.00396	0.03844	0.00623	0.00547
37	0.05827	0.01148	0.01537	0.01183	0.01698	0.01005	0.00977	0.03223	0.01892	0.70186	0.02585	0.02241	0.01627	0.00823	0.00665	0.00208	0.00569	0.00664	0.00816	0.01127
38	0.01661	0.01594	0.02724	0.04119	0.72233	0.01594	0.02059	0.02059	0.01528	0.02192	0.01262	0.01661	0.01063	0.00598	0.00664	0.00199	0.00797	0.00598	0.00332	0.01063
39	0.00818	0.00584	0.00779	0.00934	0.00973	0.00545	0.00623	0.00934	0.01285	0.01713	0.03698	0.75981	0.04438	0.02102	0.00856	0.00273	0.00389	0.01908	0.00623	0.00545
40	0.02177	0.01031	0.01329	0.01090	0.01472	0.00957	0.00873	0.04940	0.07608	0.40147	0.24132	0.03135	0.03129	0.01003	0.00704	0.00208	0.00485	0.00845	0.03777	0.00958
41	0.01539	0.00710	0.00778	0.00718	0.00934	0.00684	0.00554	0.01843	0.01491	0.13993	0.02264	0.02466	0.01710	0.00790	0.00503	0.00165	0.00355	0.00633	0.67160	0.00710
42	0.77421	0.01325	0.01035	0.00914	0.01335	0.01533	0.00753	0.05206	0.01238	0.03068	0.00966	0.01115	0.00746	0.00632	0.00427	0.00207	0.00529	0.00375	0.00427	0.00746
43	0.00904	0.00650	0.00843	0.00959	0.01042	0.00618	0.00700	0.01066	0.01354	0.01779	0.06138	0.42060	0.09977	0.10883	0.01172	0.00321	0.00470	0.17913	0.00600	0.00551
44	0.01872	0.02140	0.01995	0.01749	0.01883	0.29914	0.01401	0.02029	0.01367	0.01625	0.00942	0.01368	0.00874	0.00987	0.01581	0.00247	0.46434	0.00527	0.00314	0.00751
45	0.01661	0.01594	0.02724	0.04119	0.72233	0.01594	0.02059	0.02059	0.01528	0.02192	0.01262	0.01661	0.01063	0.00598	0.00664	0.00199	0.00797	0.00598	0.00332	0.01063
46	0.01391	0.01193	0.01391	0.00994	0.01590	0.00894	0.00795	0.01690	0.01391	0.02186	0.01193	0.01391	0.00994	0.00497	0.00497	0.00099	0.00497	0.00398	0.00398	0.80521
47	0.02506	0.03198	0.01901	0.01729	0.02074	0.73725	0.01296	0.02679	0.01901	0.01642	0.01037	0.01210	0.00864	0.00691	0.00605	0.00173	0.01210	0.00432	0.00346	0.00778
48	0.01518	0.01469	0.02562	0.28686	0.43847	0.01565	0.06723	0.01945	0.01467	0.02022	0.01245	0.01716	0.01001	0.00621	0.00675	0.00210	0.00854	0.00611	0.00321	0.00941
49	0.01584	0.01810	0.03959	0.02828	0.03507	0.01697	0.69796	0.02149	0.01584	0.02149	0.01357	0.01810	0.01018	0.00566	0.00792	0.00226	0.01131	0.00792	0.00339	0.00905
50	0.01669	0.01441	0.01517	0.01365	0.01745	0.01669	0.01062	0.03565	0.71021	0.02807	0.02731	0.02503	0.02048	0.00910	0.00683	0.00228	0.00531	0.00759	0.00683	0.01062
51	0.00824	0.00673	0.00728	0.00731	0.00930	0.00577	0.00542	0.01016	0.01577	0.01965	0.18470	0.12067	0.54220	0.01673	0.00798	0.00228	0.00340	0.01420	0.00644	0.00577
52	0.00822	0.00588	0.00783	0.00931	0.00974	0.00548	0.00623	0.00947	0.01308	0.01750	0.06271	0.73303	0.04509	0.02075	0.00854	0.00270	0.00387	0.01881	0.00627	0.00548
53	0.01450	0.01227	0.01423	0.01021	0.01615	0.00954	0.00819	0.05124	0.01480	0.02289	0.01214	0.01402	0.01001	0.00512	0.00506	0.00105	0.00509	0.00408	0.00411	0.76530
54	0.01430	0.01280	0.05261	0.01774	0.09290	0.01113	0.16384	0.05134	0.01584	0.07964	0.05617	0.23238	0.07091	0.01148	0.00745	0.00220	0.00662	0.01078	0.00516	0.08469
55	0.04303	0.11587	0.11304	0.01572	0.05730	0.06217	0.01355	0.12507	0.08106	0.17550	0.01664	0.01721	0.01221	0.00783	0.00779	0.00205	0.08549	0.00568	0.03299	0.00979
56	0.09850	0.01897	0.14594	0.01653	0.06567	0.01655	0.03324	0.28482	0.03856	0.12023	0.01610	0.01688	0.01153	0.00754	0.00685	0.00207	0.03277	0.00579	0.05129	0.01017
57	0.00907	0.00704	0.00828	0.00793	0.00985	0.00635	0.00596	0.01209	0.03649	0.02347	0.44261	0.05515	0.32152	0.01489	0.00789	0.00218	0.00332	0.01281	0.00691	0.00619
58	0.01830	0.08486	0.07635	0.01261	0.01820	0.07424	0.01113	0.14747	0.01818	0.08052	0.01648	0.01876	0.03821	0.00711	0.00585	0.00159	0.00667	0.02931	0.00476	0.32940
59	0.08983	0.06818	0.12284	0.01937	0.18408	0.04000	0.01405	0.10818	0.05065	0.04471	0.04299	0.05650	0.11301	0.00901	0.00652	0.00207	0.00686	0.00741	0.00471	0.00905
60	0.00857	0.00603	0.00778	0.00902	0.00936	0.00573	0.00592	0.00956	0.01230	0.01638	0.03374	0.59588	0.04018	0.17113	0.01375	0.00350	0.00449	0.03571	0.00579	0.00519
61	0.00968	0.00682	0.00889	0.00889	0.00944	0.00736	0.00603	0.01077	0.01022	0.01418	0.01970	0.03594	0.02093	0.43982	0.35379	0.00845	0.01172	0.00859	0.00385	0.00494
62	0.06657	0.09265	0.15472	0.02126	0.17436	0.05950	0.05190	0.13631	0.05302	0.10443	0.01480	0.01611	0.01100	0.00685	0.00629	0.00199	0.00802	0.00560	0.00455	0.01007
63	0.01938	0.01645	0.04495	0.01553	0.04364	0.04194	0.03176	0.14245	0.44685	0.08667	0.02331	0.02202	0.01716	0.00848	0.00678	0.00218	0.00637	0.00700	0.00644	0.01064
64	0.00865	0.00630	0.00820	0.00950	0.01011	0.00603	0.00644	0.01076	0.04631	0.01814	0.07080	0.68920	0.04419	0.02009	0.00845	0.00267	0.00392	0.01818	0.00632	0.00574
65	0.01545	0.04334	0.01724	0.01195	0.01784	0.01163	0.05733	0.08641	0.03616	0.02383	0.01281	0.01463	0.01036	0.00548	0.00538	0.00124	0.00576	0.00455	0.00425	0.61437
66	0.00953	0.00674	0.00836	0.00840	0.00997	0.00606	0.00613	0.01178	0.01644	0.04852	0.34818	0.24098	0.22154	0.01627	0.00805	0.00231	0.00351	0.01428	0.00682	0.00612
67	0.10548	0.01641	0.02165	0.12619	0.35523	0.08651	0.01642	0.07111	0.03535	0.02318	0.01277	0.01611	0.01032	0.00676	0.00694	0.00205	0.04105	0.00561	0.03156	0.00931
68	0.01658	0.01601	0.02763	0.04077	0.70049	0.01598	0.04212	0.02062	0.01530	0.02191	0.01265	0.01665	0.01061	0.00597	0.00668	0.00200	0.00808	0.00604	0.00332	0.01058
69	0.00903	0.00687	0.00832	0.00804	0.00985	0.00616	0.00608	0.01171	0.01766	0.02379	0.48164	0.05575	0.27737	0.01496	0.00797	0.00220	0.00335	0.03617	0.00697	0.00611
70	0.01475	0.01418	0.02440	0.34595	0.35875	0.01529	0.06142	0.01901	0.01445	0.01982	0.01235	0.01715	0.00984	0.00624	0.00669	0.00208	0.00849	0.00601	0.00320	0.03994
71	0.32165	0.02112	0.01587	0.01387	0.01748	0.28876	0.01096	0.11525	0.01692	0.02512	0.01060	0.01247	0.00852	0.00733	0.00714	0.00203	0.08831	0.00446	0.00411	0.00804
72	0.00840	0.00600	0.00804	0.00960	0.01008	0.00564	0.00662	0.00973	0.01307	0.01738	0.03686	0.70200	0.04389	0.02081	0.00862	0.00276	0.00409	0.07468	0.00622	0.00551
73	0.81159	0.01298	0.00986	0.00882	0.01298	0.01505	0.00727	0.01972	0.01142	0.03010	0.00934	0.01090	0.00727	0.00623	0.00415	0.00208	0.00519	0.00363	0.00415	0.00727
74	0.78481	0.01292	0.01006	0.00893	0.01312	0.01487	0.00736	0.02017	0.01169	0.05398	0.00993	0.01131	0.00759	0.00630	0.00424	0.00208	0.00521	0.00374	0.00429	0.00741
75	0.01661	0.01594	0.02724	0.04119	0.72233	0.01594	0.02059	0.02059	0.01528	0.02192	0.01262	0.01661	0.01063	0.00598	0.00664	0.00199	0.00797	0.00598	0.00332	0.01063
76	0.00930	0.00643	0.00743	0.00768	0.00803	0.00623	0.00465	0.00980	0.01122	0.01483	0.05928	0.17409	0.09243	0.53042	0.02604	0.00525	0.00561	0.01193	0.00480	0.00456
77	0.81159	0.01298	0.00986	0.00882	0.01298	0.01505	0.00727	0.01972	0.01142	0.03010	0.00934	0.01090	0.00727	0.00623	0.00415	0.00208	0.00519	0.00363	0.00415	0.00727
78	0.01534	0.31373	0.27242	0.01608	0.05666	0.01880	0.04851	0.03726	0.01450	0.01945	0.01481	0.01859	0.03820	0.02931	0.00659	0.00200	0.00802	0.02882	0.03207	0.00884
79	0.01526	0.09985	0.11649	0.01378	0.01823	0.03407	0.06791	0.06658	0.10493	0.06845	0.13549	0.05083	0.10465	0.01042	0.00740	0.00216	0.02555	0.04406	0.00541	0.00848
80	0.00912	0.00668	0.00856	0.00844	0.00988	0.00612	0.00620	0.01180	0.01759	0.02440	0.53992	0.17253	0.12322	0.01528	0.00803	0.00223	0.00331	0.01351	0.00708	0.00612
81	0.04113	0.01014	0.05749	0.00915	0.01194	0.00892	0.00780	0.07508	0.04096	0.04381	0.14557	0.03419	0.10250	0.01031	0.00623	0.00194	0.00436	0.04173	0.33957	0.00721
82	0.01510	0.17173	0.44765	0.05096	0.05451	0.04501	0.04365	0.02182	0.05198	0.02024	0.01236	0.01442	0.00934	0.00640	0.00607	0.00199	0.00915	0.00500	0.00313	0.00951
83	0.01793	0.10408	0.02179	0.09290	0.10856	0.05354	0.06122	0.18258	0.14862	0.02609	0.03748	0.08219	0.01648	0.00863	0.00669	0.00208	0.00730	0.00736	0.00506	0.00943
84	0.00825	0.00587	0.00776	0.00925	0.00962	0.00550	0.00613	0.00936	0.01270	0.01693	0.03623	0.72577	0.04343	0.05635	0.00978	0.00290	0.00402	0.01863	0.00613	0.00538
85	0.31475	0.02041	0.07008	0.01951	0.17310	0.20359	0.01348	0.03891	0.01490	0.02373	0.01068	0.01302	0.00864	0.00667	0.00627	0.00201	0.04351	0.00460	0.00370	0.00845
86	0.01075	0.00681	0.00724	0.00702	0.00908	0.00614	0.00531	0.01318	0.01546	0.05321	0.12524	0.04674	0.35807	0.01291	0.00670	0.00199	0.00338	0.01074	0.29382	0.00621
87	0.01962	0.02017	0.04189	0.09342	0.29083	0.18695	0.05983	0.11030	0.05123	0.04147	0.01358	0.01619	0.01065	0.00673	0.00660	0.00199	0.00904	0.00579	0.00405	0.00967
