[name]
unknown

[dist]
# distance from previous block
# <min> <max>
0	23

[block]
# block no. 0 follows, 24 sequences, length 8
# corresponding to MSA columns:
# 23-30
name=unknown_A
#
# <colnr> <probs for GDERKNQSTAVLIFYWHMCP>
#	G	D	E	R	K	N	Q	S	T	A	V	L	I	F	Y	W	H	M	C	P
0	0.01391	0.01073	0.01599	0.02024	0.12480	0.01073	0.01469	0.01774	0.01822	0.02409	0.03751	0.07790	0.04017	0.01945	0.01044	0.00344	0.00765	0.51738	0.00674	0.00817
1	0.02566	0.01642	0.01888	0.01511	0.02012	0.01717	0.01223	0.31833	0.06985	0.17263	0.19162	0.03182	0.03143	0.01140	0.00832	0.00244	0.00686	0.00931	0.00853	0.01186
2	0.01948	0.02014	0.06950	0.10095	0.22576	0.05766	0.01853	0.03251	0.31022	0.02819	0.02256	0.02383	0.01736	0.00894	0.00790	0.00253	0.00855	0.00773	0.00574	0.01190
3	0.11395	0.01621	0.01812	0.01483	0.02025	0.01654	0.01227	0.23459	0.05623	0.13255	0.02348	0.03120	0.01936	0.01076	0.00772	0.00241	0.00725	0.10766	0.00718	0.14744
4	0.02257	0.01940	0.02525	0.01980	0.02484	0.06616	0.12647	0.15826	0.09776	0.08577	0.02119	0.02293	0.04219	0.00991	0.01121	0.00252	0.13360	0.00779	0.00595	0.09640
5	0.02702	0.01946	0.02344	0.02196	0.13026	0.02030	0.01544	0.37196	0.05916	0.11709	0.01988	0.02029	0.01437	0.00880	0.00770	0.00226	0.00817	0.00704	0.00714	0.09827
6	0.02010	0.01821	0.01824	0.01422	0.02043	0.09003	0.01126	0.09931	0.12560	0.02920	0.01748	0.01868	0.01384	0.00737	0.00662	0.00167	0.00723	0.00574	0.00557	0.46920
7	0.10467	0.01653	0.01728	0.01464	0.01956	0.05866	0.01163	0.07514	0.23180	0.15680	0.02419	0.02418	0.01801	0.01485	0.08399	0.00350	0.00867	0.00733	0.00698	0.10158

[dist]
# distance from previous block
# <min> <max>
3	6

[block]
# block no. 1 follows, 24 sequences, length 7
# corresponding to MSA columns:
# 37-43
name=unknown_B
#
# <colnr> <probs for GDERKNQSTAVLIFYWHMCP>
#	G	D	E	R	K	N	Q	S	T	A	V	L	I	F	Y	W	H	M	C	P
0	0.01753	0.39561	0.21826	0.01568	0.02270	0.02301	0.01691	0.02176	0.01612	0.02080	0.01805	0.14536	0.01804	0.01037	0.00673	0.00221	0.00868	0.00813	0.00412	0.00992
1	0.02254	0.25311	0.09036	0.01826	0.07479	0.02118	0.01562	0.09426	0.07622	0.12994	0.02183	0.02858	0.01829	0.01007	0.00738	0.00238	0.00826	0.08982	0.00589	0.01122
2	0.02288	0.52572	0.10500	0.01489	0.02209	0.02731	0.01511	0.06715	0.01834	0.09644	0.01421	0.01519	0.01146	0.00739	0.00586	0.00191	0.00864	0.00503	0.00442	0.01094
3	0.04939	0.01574	0.01598	0.04454	0.01900	0.11848	0.01159	0.05841	0.01931	0.14555	0.03452	0.18891	0.11588	0.01529	0.01018	0.00276	0.06929	0.04938	0.00673	0.00908
4	0.01143	0.00808	0.01064	0.01064	0.01132	0.00877	0.00728	0.01281	0.01212	0.01685	0.02317	0.04183	0.02446	0.40020	0.35550	0.01014	0.01426	0.01006	0.00453	0.00591
5	0.01707	0.01597	0.02080	0.01796	0.02136	0.09825	0.12557	0.06848	0.04581	0.02357	0.02373	0.03921	0.02262	0.09578	0.20801	0.00615	0.01339	0.12247	0.00526	0.00855
6	0.02339	0.35581	0.14381	0.01764	0.02427	0.27113	0.01690	0.02689	0.01856	0.02004	0.01203	0.01399	0.01017	0.00742	0.00626	0.00196	0.01117	0.00484	0.00364	0.01008

[dist]
# distance from previous block
# <min> <max>
0	2

[block]
# block no. 2 follows, 24 sequences, length 22
# corresponding to MSA columns:
# 46-67
name=unknown_C
#
# <colnr> <probs for GDERKNQSTAVLIFYWHMCP>
#	G	D	E	R	K	N	Q	S	T	A	V	L	I	F	Y	W	H	M	C	P
0	0.01150	0.00781	0.00926	0.00926	0.00947	0.00802	0.00557	0.01192	0.01171	0.01583	0.02443	0.04880	0.02749	0.62252	0.13732	0.00844	0.00971	0.01108	0.00472	0.00514
1	0.02401	0.01678	0.01868	0.01568	0.02093	0.01807	0.01247	0.11825	0.40279	0.16381	0.02902	0.02673	0.02098	0.01005	0.00787	0.00249	0.00666	0.00822	0.00815	0.06834
2	0.01836	0.01534	0.06955	0.01870	0.05503	0.01525	0.04225	0.02125	0.01616	0.14160	0.02595	0.22560	0.02587	0.01547	0.01437	0.00305	0.22536	0.03550	0.00596	0.00939
3	0.01863	0.39384	0.35130	0.01795	0.02713	0.02509	0.02120	0.02441	0.01642	0.02179	0.01258	0.01467	0.01011	0.00715	0.00627	0.00209	0.01005	0.00503	0.00337	0.01092
4	0.00939	0.00796	0.00811	0.00823	0.01076	0.00668	0.00611	0.01136	0.01789	0.02135	0.07798	0.11749	0.62898	0.02039	0.00942	0.00271	0.00405	0.01711	0.00736	0.00668
5	0.02940	0.02948	0.02288	0.01920	0.02437	0.34523	0.01507	0.32047	0.05969	0.03442	0.01640	0.01725	0.01242	0.00893	0.00756	0.00223	0.01130	0.00625	0.00608	0.01137
6	0.02042	0.16673	0.19111	0.05267	0.13803	0.05849	0.13819	0.02652	0.03986	0.07156	0.01580	0.01852	0.01208	0.00747	0.00749	0.00233	0.01055	0.00666	0.00426	0.01126
7	0.01745	0.01701	0.03008	0.33793	0.32664	0.01843	0.09244	0.02264	0.01715	0.02334	0.01468	0.02050	0.01162	0.00741	0.00805	0.00252	0.01037	0.00731	0.00376	0.01068
8	0.01278	0.00913	0.01278	0.01460	0.01643	0.00913	0.01278	0.01643	0.01825	0.02373	0.04199	0.08945	0.04564	0.02191	0.01095	0.00365	0.00730	0.61847	0.00730	0.00730
9	0.01533	0.01445	0.02442	0.65268	0.10143	0.01771	0.02220	0.02057	0.01602	0.02069	0.01416	0.02103	0.01072	0.00786	0.00792	0.00262	0.01048	0.00705	0.00355	0.00909
10	0.01122	0.00811	0.01060	0.00998	0.01185	0.00748	0.00748	0.01496	0.02245	0.03180	0.66766	0.05923	0.07482	0.01621	0.00935	0.00249	0.00374	0.01434	0.00873	0.00748
11	0.01644	0.01409	0.01644	0.01175	0.01879	0.01057	0.00940	0.01997	0.01644	0.02584	0.01409	0.01644	0.01175	0.00587	0.00587	0.00117	0.00587	0.00470	0.00470	0.76979
12	0.01929	0.01849	0.03157	0.09656	0.62663	0.01875	0.02417	0.02404	0.01790	0.02549	0.01486	0.01974	0.01242	0.00713	0.00786	0.00238	0.00950	0.00706	0.00390	0.01229
13	0.02042	0.01703	0.02341	0.42627	0.04225	0.02012	0.01906	0.23355	0.06441	0.03116	0.01694	0.02097	0.01244	0.00865	0.00794	0.00256	0.00967	0.00720	0.00531	0.01063
14	0.00937	0.00803	0.00803	0.00803	0.01071	0.00669	0.00602	0.01138	0.01807	0.02142	0.08033	0.07632	0.66863	0.02008	0.00937	0.00268	0.00402	0.01674	0.00736	0.00669
15	0.01991	0.01806	0.02491	0.40687	0.17066	0.09195	0.02058	0.05759	0.01871	0.07275	0.01563	0.02041	0.01177	0.00801	0.00783	0.00249	0.01036	0.00691	0.00438	0.01021
16	0.02199	0.01049	0.01405	0.01180	0.01556	0.00933	0.00933	0.02543	0.02256	0.31712	0.38639	0.04498	0.05043	0.01338	0.00874	0.00248	0.00507	0.01153	0.00921	0.01014
17	0.02537	0.13382	0.02435	0.01747	0.02268	0.20818	0.01412	0.19111	0.22341	0.03143	0.02005	0.02004	0.01541	0.00911	0.00732	0.00228	0.00947	0.00670	0.00621	0.01149
18	0.73469	0.01677	0.04910	0.01111	0.01640	0.01782	0.00975	0.02341	0.01368	0.03499	0.01122	0.01310	0.00867	0.00737	0.00505	0.00246	0.00645	0.00438	0.00482	0.00876
19	0.05212	0.41058	0.22761	0.01573	0.02336	0.02426	0.01737	0.02317	0.01688	0.02279	0.08447	0.01906	0.01720	0.00807	0.00628	0.00206	0.00882	0.00584	0.00404	0.01027
20	0.01479	0.01131	0.01271	0.01190	0.01409	0.03770	0.00894	0.08979	0.04550	0.02389	0.02999	0.03842	0.10492	0.15759	0.27188	0.00724	0.01222	0.00972	0.08966	0.00773
21	0.01941	0.11863	0.04943	0.01466	0.01911	0.01836	0.01244	0.17315	0.16085	0.03136	0.07320	0.07985	0.02535	0.04001	0.06140	0.00343	0.00821	0.03305	0.04773	0.01039

[dist]
# distance from previous block
# <min> <max>
4	11

[block]
# block no. 3 follows, 24 sequences, length 7
# corresponding to MSA columns:
# 79-85
name=unknown_D
#
# <colnr> <probs for GDERKNQSTAVLIFYWHMCP>
#	G	D	E	R	K	N	Q	S	T	A	V	L	I	F	Y	W	H	M	C	P
0	0.25285	0.02499	0.02039	0.10175	0.08590	0.28354	0.01491	0.08211	0.01988	0.02774	0.01297	0.01562	0.01028	0.00791	0.00670	0.00230	0.01043	0.00546	0.00460	0.00966
1	0.22390	0.02040	0.01837	0.06740	0.02279	0.13250	0.01280	0.19244	0.07594	0.03364	0.01781	0.06408	0.01479	0.00947	0.00701	0.00236	0.00845	0.00705	0.00589	0.06290
2	0.02135	0.08469	0.09807	0.01656	0.02213	0.01750	0.03844	0.14885	0.07925	0.11429	0.05607	0.07139	0.02345	0.01172	0.00881	0.00255	0.03450	0.08205	0.00663	0.06171
3	0.01243	0.01004	0.06094	0.01124	0.01287	0.00815	0.00893	0.01253	0.01339	0.01764	0.03121	0.08705	0.13531	0.09119	0.06897	0.34328	0.00770	0.05673	0.00486	0.00552
4	0.02855	0.03102	0.02306	0.01981	0.02417	0.42134	0.01545	0.21630	0.02592	0.02863	0.01413	0.01604	0.01122	0.00915	0.00928	0.00229	0.08211	0.00591	0.00519	0.01044
5	0.02374	0.01888	0.02757	0.02087	0.02686	0.01942	0.17999	0.26513	0.02554	0.09521	0.02202	0.02570	0.04371	0.00982	0.00970	0.00251	0.06227	0.03506	0.00639	0.07962
6	0.01408	0.00917	0.01270	0.01339	0.05253	0.00886	0.00912	0.01463	0.04548	0.01911	0.05029	0.03700	0.07310	0.02178	0.02114	0.42990	0.00661	0.08222	0.00481	0.07405

[dist]
# distance from previous block
# <min> <max>
0	2

[block]
# block no. 4 follows, 24 sequences, length 13
# corresponding to MSA columns:
# 88-100
name=unknown_E
#
# <colnr> <probs for GDERKNQSTAVLIFYWHMCP>
#	G	D	E	R	K	N	Q	S	T	A	V	L	I	F	Y	W	H	M	C	P
0	0.05032	0.04405	0.02118	0.01689	0.02011	0.06655	0.01395	0.05811	0.01709	0.11335	0.01839	0.02308	0.03813	0.01143	0.01517	0.00267	0.30373	0.03051	0.00518	0.13011
1	0.01874	0.24145	0.40447	0.02124	0.06543	0.07422	0.02330	0.02517	0.01707	0.02281	0.01317	0.01553	0.01024	0.00734	0.00680	0.00223	0.01083	0.00539	0.00345	0.01112
2	0.01923	0.01873	0.03286	0.09200	0.57595	0.01886	0.07694	0.02415	0.01796	0.02548	0.01496	0.01988	0.01238	0.00709	0.00798	0.00240	0.00984	0.00726	0.00391	0.01215
3	0.01046	0.00775	0.00925	0.00982	0.01106	0.00726	0.00685	0.01208	0.01574	0.02038	0.09456	0.23841	0.22565	0.19739	0.05212	0.00463	0.00617	0.05748	0.00667	0.00628
4	0.01929	0.47899	0.27191	0.01683	0.02539	0.02670	0.01924	0.02424	0.01634	0.02099	0.01218	0.01417	0.01013	0.00705	0.00597	0.00199	0.00965	0.00482	0.00338	0.01073
5	0.01278	0.00913	0.01278	0.01460	0.01643	0.00913	0.01278	0.01643	0.01825	0.02373	0.04199	0.08945	0.04564	0.02191	0.01095	0.00365	0.00730	0.61847	0.00730	0.00730
6	0.02079	0.02308	0.02270	0.10339	0.02628	0.23882	0.04245	0.02554	0.08684	0.02131	0.01925	0.02268	0.06057	0.01110	0.01375	0.00273	0.23763	0.00740	0.00449	0.00922
7	0.01122	0.00811	0.01060	0.00998	0.01185	0.00748	0.00748	0.01496	0.02245	0.03180	0.66766	0.05923	0.07482	0.01621	0.00935	0.00249	0.00374	0.01434	0.00873	0.00748
8	0.01644	0.01409	0.01644	0.01175	0.01879	0.01057	0.00940	0.01997	0.01644	0.02584	0.01409	0.01644	0.01175	0.00587	0.00587	0.00117	0.00587	0.00470	0.00470	0.76979
9	0.02009	0.58199	0.17589	0.01547	0.02329	0.02865	0.01688	0.02403	0.01625	0.02001	0.01170	0.01357	0.01015	0.00694	0.00560	0.00187	0.00916	0.00458	0.00338	0.01050
10	0.01560	0.01473	0.02490	0.61517	0.13686	0.01778	0.02233	0.02080	0.01615	0.02101	0.01420	0.02094	0.01084	0.00781	0.00792	0.00260	0.01042	0.00705	0.00358	0.00931
11	0.00937	0.00803	0.00803	0.00803	0.01071	0.00669	0.00602	0.01138	0.01807	0.02142	0.08033	0.07632	0.66863	0.02008	0.00937	0.00268	0.00402	0.01674	0.00736	0.00669
12	0.01122	0.00828	0.01058	0.01086	0.01236	0.00797	0.00781	0.01538	0.06643	0.02722	0.36821	0.32289	0.06203	0.01930	0.00957	0.00280	0.00428	0.01726	0.00813	0.00744

[dist]
# distance from previous block
# <min> <max>
2	13

[block]
# block no. 5 follows, 24 sequences, length 6
# corresponding to MSA columns:
# 115-120
name=unknown_F
#
# <colnr> <probs for GDERKNQSTAVLIFYWHMCP>
#	G	D	E	R	K	N	Q	S	T	A	V	L	I	F	Y	W	H	M	C	P
0	0.67250	0.11387	0.01580	0.01086	0.01603	0.01967	0.00928	0.02337	0.01386	0.03323	0.01104	0.01286	0.00881	0.00728	0.00493	0.00235	0.00646	0.00429	0.00470	0.00881
1	0.02059	0.06459	0.03869	0.02802	0.03403	0.14070	0.39840	0.02545	0.01822	0.02297	0.01421	0.01900	0.01135	0.00806	0.01128	0.00263	0.11988	0.00793	0.00391	0.01009
2	0.06460	0.29937	0.29723	0.01812	0.02639	0.12649	0.01996	0.02550	0.01719	0.02239	0.01252	0.01461	0.01004	0.00734	0.00639	0.00213	0.01056	0.00504	0.00357	0.01056
3	0.12342	0.02345	0.15122	0.02734	0.06472	0.01960	0.34482	0.02567	0.05527	0.02691	0.01564	0.01957	0.01186	0.00757	0.00916	0.00264	0.04847	0.00777	0.00423	0.01068
4	0.01776	0.01762	0.02570	0.02578	0.13688	0.02332	0.01859	0.02002	0.01320	0.02030	0.01121	0.01776	0.01079	0.01266	0.02278	0.00327	0.58247	0.00696	0.00355	0.00937
5	0.01063	0.00784	0.01042	0.01083	0.01206	0.00789	0.00781	0.01288	0.01580	0.02159	0.16030	0.24050	0.11123	0.09777	0.22810	0.00645	0.00993	0.01485	0.00641	0.00672

[dist]
# distance from previous block
# <min> <max>
0	4

[block]
# block no. 6 follows, 24 sequences, length 18
# corresponding to MSA columns:
# 125-142
name=unknown_G
#
# <colnr> <probs for GDERKNQSTAVLIFYWHMCP>
#	G	D	E	R	K	N	Q	S	T	A	V	L	I	F	Y	W	H	M	C	P
0	0.61912	0.01944	0.12094	0.01258	0.01866	0.01761	0.01210	0.02431	0.01445	0.06337	0.01249	0.01416	0.00933	0.00750	0.00548	0.00246	0.00707	0.00472	0.00488	0.00932
1	0.01795	0.01529	0.01639	0.01517	0.01918	0.01729	0.01192	0.03633	0.52551	0.03099	0.03811	0.04064	0.09077	0.01288	0.00851	0.00279	0.00616	0.07480	0.00792	0.01141
2	0.01764	0.01681	0.02859	0.32841	0.40767	0.01832	0.02335	0.02259	0.01711	0.02349	0.01456	0.02027	0.01171	0.00743	0.00788	0.00248	0.00991	0.00706	0.00375	0.01096
3	0.03167	0.01665	0.01997	0.01565	0.02162	0.01673	0.01282	0.22332	0.11769	0.39500	0.02771	0.02495	0.01842	0.00986	0.00798	0.00246	0.00728	0.00786	0.00899	0.01336
4	0.01946	0.01279	0.01639	0.01285	0.01834	0.01057	0.03522	0.02317	0.03840	0.17535	0.02924	0.11777	0.08486	0.01089	0.00748	0.00200	0.00604	0.00934	0.00658	0.36327
5	0.01644	0.01409	0.01644	0.01175	0.01879	0.01057	0.00940	0.01997	0.01644	0.02584	0.01409	0.01644	0.01175	0.00587	0.00587	0.00117	0.00587	0.00470	0.00470	0.76979
6	0.01416	0.01303	0.02076	0.54172	0.04502	0.01533	0.01862	0.01875	0.01609	0.02076	0.02290	0.06736	0.08334	0.01008	0.00807	0.00258	0.00921	0.00883	0.00424	0.05915
7	0.01643	0.10935	0.61653	0.02170	0.03293	0.01971	0.02773	0.02498	0.01668	0.02447	0.01391	0.01634	0.01006	0.00746	0.00729	0.00243	0.01140	0.00570	0.00335	0.01157
8	0.01009	0.00820	0.00908	0.00956	0.01194	0.00718	0.00749	0.01240	0.01795	0.02183	0.07038	0.11459	0.50575	0.02072	0.00974	0.00291	0.00473	0.14130	0.00735	0.00681
9	0.02210	0.01607	0.07056	0.01825	0.02383	0.01362	0.15015	0.02826	0.08084	0.24408	0.11274	0.06112	0.05765	0.01172	0.00878	0.00265	0.00796	0.05132	0.00740	0.01090
10	0.00984	0.00706	0.00920	0.01072	0.01133	0.00658	0.00717	0.01131	0.01552	0.02070	0.08066	0.61455	0.07773	0.06285	0.01173	0.00340	0.00470	0.02121	0.00730	0.00642
11	0.01699	0.18192	0.54886	0.02074	0.03145	0.02108	0.02606	0.02483	0.01661	0.02379	0.01357	0.01591	0.01007	0.00738	0.00703	0.00234	0.01105	0.00553	0.00336	0.01140
12	0.02749	0.03404	0.02360	0.07310	0.09580	0.56896	0.01677	0.03005	0.02152	0.02016	0.01267	0.01537	0.01049	0.00804	0.00728	0.00212	0.01351	0.00546	0.00403	0.00952
13	0.03054	0.02006	0.04589	0.01708	0.02344	0.02032	0.01445	0.40941	0.07140	0.22924	0.02323	0.02192	0.01581	0.00961	0.00794	0.00243	0.00811	0.00745	0.00832	0.01336
14	0.01015	0.00806	0.00911	0.00885	0.01119	0.00702	0.00664	0.01288	0.01991	0.02577	0.32633	0.06916	0.41992	0.01846	0.00936	0.00260	0.00390	0.01573	0.00794	0.00702
15	0.01198	0.00896	0.01151	0.01284	0.01443	0.00897	0.01003	0.01657	0.08517	0.02311	0.04410	0.34819	0.08550	0.02185	0.01019	0.00330	0.00584	0.26259	0.00741	0.00746
16	0.01789	0.01564	0.02087	0.06069	0.02415	0.01338	0.07841	0.07999	0.01863	0.02771	0.01477	0.01753	0.01186	0.00644	0.00658	0.00155	0.00726	0.00558	0.00485	0.56621
17	0.01943	0.01680	0.02229	0.02410	0.21791	0.01554	0.01489	0.10524	0.06240	0.02953	0.01621	0.01863	0.01305	0.00704	0.00689	0.00179	0.00735	0.00602	0.00511	0.38976

[dist]
# distance from previous block
# <min> <max>
3	7

[block]
# block no. 7 follows, 24 sequences, length 25
# corresponding to MSA columns:
# 150-174
name=unknown_H
#
# <colnr> <probs for GDERKNQSTAVLIFYWHMCP>
#	G	D	E	R	K	N	Q	S	T	A	V	L	I	F	Y	W	H	M	C	P
0	0.01153	0.00823	0.01015	0.00964	0.01183	0.00739	0.00724	0.01471	0.02107	0.05101	0.47103	0.08433	0.22786	0.01729	0.00934	0.00256	0.00395	0.01502	0.00836	0.00745
1	0.01556	0.01469	0.02484	0.61994	0.13235	0.01777	0.02231	0.02077	0.01613	0.02097	0.01420	0.02095	0.01082	0.00782	0.00792	0.00261	0.01043	0.00705	0.00357	0.00928
2	0.01123	0.00796	0.00991	0.00956	0.01145	0.00732	0.00711	0.01461	0.02096	0.02964	0.50020	0.09546	0.14338	0.01655	0.00905	0.00250	0.00382	0.01447	0.07753	0.00732
3	0.01993	0.02032	0.03910	0.02837	0.03560	0.01965	0.47153	0.13607	0.02201	0.02948	0.02245	0.02598	0.07221	0.00842	0.00910	0.00262	0.01168	0.00963	0.00502	0.01083
4	0.01972	0.01703	0.01793	0.01614	0.02062	0.01972	0.01255	0.04214	0.65752	0.03317	0.03228	0.02959	0.02421	0.01076	0.00807	0.00269	0.00628	0.00897	0.00807	0.01255
5	0.01644	0.01409	0.01644	0.01175	0.01879	0.01057	0.00940	0.01997	0.01644	0.02584	0.01409	0.01644	0.01175	0.00587	0.00587	0.00117	0.00587	0.00470	0.00470	0.76979
6	0.01644	0.01409	0.01644	0.01175	0.01879	0.01057	0.00940	0.01997	0.01644	0.02584	0.01409	0.01644	0.01175	0.00587	0.00587	0.00117	0.00587	0.00470	0.00470	0.76979
7	0.01498	0.01409	0.02378	0.70226	0.05462	0.01762	0.02202	0.02026	0.01586	0.02026	0.01409	0.02114	0.01057	0.00793	0.00793	0.00264	0.01057	0.00705	0.00352	0.00881
8	0.01145	0.00862	0.01065	0.01005	0.01220	0.00809	0.00757	0.01604	0.05930	0.03035	0.54338	0.06001	0.15956	0.01646	0.00928	0.00253	0.00393	0.01438	0.00849	0.00767
9	0.00951	0.00751	0.00857	0.00942	0.01108	0.00658	0.00664	0.01122	0.01674	0.02088	0.06347	0.37091	0.38492	0.02227	0.00972	0.00293	0.00429	0.01941	0.00736	0.00658
10	0.02034	0.01734	0.01828	0.01626	0.02086	0.02001	0.01270	0.07808	0.62057	0.03417	0.03149	0.02896	0.02357	0.01068	0.00806	0.00267	0.00642	0.00886	0.00806	0.01261
11	0.00958	0.00721	0.00888	0.01022	0.01128	0.00651	0.00699	0.01113	0.01597	0.02057	0.05374	0.54079	0.22132	0.02354	0.00992	0.00307	0.00444	0.02095	0.00736	0.00651
12	0.07830	0.41968	0.03182	0.01490	0.02086	0.12215	0.01333	0.06446	0.08361	0.06256	0.01504	0.01590	0.01225	0.00777	0.00601	0.00199	0.00883	0.00524	0.00473	0.01056
13	0.02461	0.20725	0.17694	0.01744	0.02466	0.06247	0.01732	0.15466	0.05075	0.14073	0.01789	0.01839	0.01309	0.00853	0.00766	0.00227	0.03169	0.00620	0.00567	0.01177
14	0.01851	0.01867	0.02352	0.01994	0.02160	0.07035	0.03719	0.02317	0.09471	0.02161	0.01377	0.01874	0.01229	0.01222	0.02031	0.00307	0.49188	0.00697	0.00421	0.06729
15	0.01356	0.01156	0.01613	0.01487	0.01549	0.01470	0.01161	0.01543	0.01229	0.01805	0.01804	0.03024	0.01818	0.17423	0.31932	0.00836	0.26811	0.00853	0.00408	0.00721
16	0.01385	0.00964	0.01116	0.01046	0.01147	0.01015	0.00685	0.09175	0.01495	0.02018	0.02368	0.04468	0.02556	0.53364	0.13248	0.00777	0.00983	0.01053	0.00512	0.00624
17	0.01815	0.10461	0.02073	0.01312	0.01958	0.01525	0.01093	0.06806	0.01768	0.02629	0.01382	0.01624	0.01158	0.00684	0.00738	0.00150	0.05681	0.00499	0.00469	0.56176
18	0.02672	0.12640	0.10723	0.01699	0.02379	0.02157	0.01562	0.27272	0.11184	0.16565	0.02148	0.02082	0.01523	0.00909	0.00749	0.00235	0.00834	0.00696	0.00708	0.01265
19	0.02470	0.11715	0.01930	0.01289	0.01753	0.01338	0.01074	0.02782	0.02041	0.34598	0.17570	0.03293	0.03115	0.01711	0.09375	0.00365	0.00813	0.00897	0.00791	0.01079
20	0.02351	0.23527	0.03023	0.01781	0.02388	0.02366	0.09279	0.21586	0.11012	0.06787	0.01885	0.02015	0.01455	0.01210	0.05629	0.00300	0.00969	0.00692	0.00591	0.01153
21	0.01854	0.20498	0.30676	0.02125	0.02990	0.02096	0.14430	0.02475	0.01700	0.05956	0.01527	0.01832	0.01175	0.01126	0.05932	0.00312	0.01168	0.00646	0.00392	0.01088
22	0.05024	0.11085	0.31910	0.01852	0.02717	0.01741	0.06710	0.02380	0.01686	0.06119	0.01654	0.05864	0.01355	0.00820	0.00712	0.00220	0.00936	0.00675	0.00434	0.16108
23	0.02077	0.07397	0.13377	0.04832	0.02468	0.07173	0.01561	0.16243	0.10208	0.03021	0.01836	0.04146	0.01487	0.02814	0.00811	0.00228	0.00864	0.00683	0.00550	0.18225
24	0.04029	0.01898	0.11751	0.08833	0.02646	0.01537	0.06342	0.13468	0.02025	0.02900	0.02022	0.11412	0.01850	0.01032	0.00773	0.00228	0.00823	0.03461	0.00539	0.22430

[dist]
# distance from previous block
# <min> <max>
17	81

[block]
# block no. 8 follows, 24 sequences, length 8
# corresponding to MSA columns:
# 257-261,263,264,271
name=unknown_I
#
# <colnr> <probs for GDERKNQSTAVLIFYWHMCP>
#	G	D	E	R	K	N	Q	S	T	A	V	L	I	F	Y	W	H	M	C	P
0	0.01998	0.02077	0.02154	0.16265	0.02829	0.20111	0.04404	0.08198	0.01974	0.02390	0.07230	0.11290	0.02168	0.01195	0.01105	0.00265	0.12015	0.00926	0.00506	0.00901
1	0.02331	0.20905	0.02747	0.12503	0.02708	0.12895	0.01550	0.17870	0.02227	0.04705	0.01743	0.01965	0.04150	0.00923	0.00881	0.00230	0.07472	0.00648	0.00504	0.01043
2	0.01936	0.12927	0.08391	0.07191	0.02221	0.05308	0.01355	0.06185	0.09078	0.10319	0.10717	0.03529	0.10677	0.04080	0.00920	0.00264	0.00764	0.02514	0.00631	0.00994
3	0.02250	0.13394	0.08395	0.19516	0.03407	0.07943	0.07831	0.22279	0.02367	0.03035	0.01524	0.01821	0.01151	0.00812	0.00752	0.00235	0.01033	0.00659	0.00499	0.01098
4	0.01558	0.01967	0.18600	0.08215	0.02462	0.01464	0.01645	0.07470	0.12015	0.02761	0.09153	0.13622	0.06025	0.01386	0.00872	0.00278	0.00782	0.08122	0.00625	0.00979
5	0.01938	0.02052	0.07784	0.01798	0.02351	0.10885	0.11005	0.13357	0.02186	0.02877	0.08064	0.11576	0.05203	0.01117	0.00813	0.00231	0.00877	0.00976	0.00581	0.14330
6	0.09392	0.01728	0.07303	0.01476	0.02021	0.01574	0.01260	0.11174	0.18424	0.11658	0.02550	0.11799	0.02139	0.01104	0.00763	0.00241	0.00682	0.00908	0.00694	0.13110
7	0.01948	0.01910	0.02038	0.01651	0.02087	0.13719	0.05003	0.07432	0.01807	0.02420	0.01510	0.02057	0.01336	0.06524	0.06989	0.00335	0.12369	0.00645	0.00459	0.27760

[dist]
# distance from previous block
# <min> <max>
0	1

[block]
# block no. 9 follows, 24 sequences, length 9
# corresponding to MSA columns:
# 273-281
name=unknown_J
#
# <colnr> <probs for GDERKNQSTAVLIFYWHMCP>
#	G	D	E	R	K	N	Q	S	T	A	V	L	I	F	Y	W	H	M	C	P
0	0.07926	0.01658	0.13664	0.01405	0.01815	0.01323	0.01295	0.09269	0.01795	0.02673	0.12634	0.03280	0.02657	0.11733	0.22744	0.00639	0.01206	0.00885	0.00539	0.00861
1	0.30457	0.01851	0.01794	0.01542	0.01991	0.10973	0.06069	0.13579	0.02052	0.03262	0.05476	0.08515	0.02059	0.01105	0.00733	0.00257	0.00814	0.05943	0.00590	0.00937
2	0.14641	0.01383	0.01544	0.01308	0.01761	0.01425	0.01033	0.05461	0.17943	0.24932	0.07892	0.03230	0.06076	0.06658	0.01023	0.00294	0.00629	0.00886	0.00789	0.01093
3	0.01796	0.07547	0.01760	0.01333	0.01744	0.01476	0.01047	0.20148	0.02222	0.03001	0.03047	0.27750	0.06982	0.01492	0.00820	0.00243	0.00636	0.01271	0.00669	0.15015
4	0.02087	0.20805	0.02246	0.01363	0.01810	0.08118	0.01162	0.07715	0.02127	0.11967	0.16603	0.03880	0.07879	0.01230	0.00784	0.00236	0.00732	0.07623	0.00666	0.00968
5	0.22300	0.02296	0.25500	0.01619	0.02299	0.01515	0.05214	0.02260	0.01775	0.06015	0.18623	0.02762	0.02726	0.00983	0.00742	0.00250	0.00796	0.00796	0.00553	0.00978
6	0.17635	0.07782	0.09515	0.01718	0.02350	0.13086	0.01529	0.30732	0.02630	0.03708	0.01522	0.01632	0.01135	0.00845	0.00695	0.00230	0.00943	0.00589	0.00586	0.01137
7	0.01053	0.00761	0.01015	0.01186	0.01286	0.00723	0.00882	0.01260	0.01625	0.02132	0.04560	0.49526	0.09067	0.02369	0.01031	0.00331	0.00533	0.19253	0.00734	0.00670
8	0.02206	0.01722	0.01895	0.01517	0.02101	0.01764	0.01213	0.18586	0.26743	0.06644	0.02313	0.02264	0.01734	0.00885	0.00733	0.00212	0.00678	0.00710	0.00705	0.25375

[dist]
# distance from previous block
# <min> <max>
0	1

[block]
# block no. 10 follows, 24 sequences, length 54
# corresponding to MSA columns:
# 283-336
name=unknown_K
#
# <colnr> <probs for GDERKNQSTAVLIFYWHMCP>
#	G	D	E	R	K	N	Q	S	T	A	V	L	I	F	Y	W	H	M	C	P
0	0.01696	0.01406	0.01625	0.01248	0.01848	0.01181	0.00982	0.07296	0.05850	0.02764	0.01936	0.10505	0.01777	0.00886	0.00672	0.00163	0.00598	0.00741	0.00552	0.56274
1	0.12742	0.02112	0.02159	0.01771	0.02194	0.10550	0.01447	0.26418	0.02435	0.09927	0.01614	0.01799	0.01225	0.01021	0.01206	0.00263	0.18746	0.00654	0.00609	0.01106
2	0.01635	0.09875	0.62640	0.02184	0.03314	0.01951	0.02797	0.02500	0.01669	0.02457	0.01396	0.01640	0.01006	0.00747	0.00733	0.00244	0.01145	0.00572	0.00335	0.01159
3	0.01590	0.04102	0.68023	0.02260	0.03432	0.01842	0.02930	0.02511	0.01674	0.02511	0.01423	0.01674	0.01005	0.00753	0.00753	0.00251	0.01172	0.00586	0.00335	0.01172
4	0.01069	0.00813	0.00989	0.00982	0.01191	0.00734	0.00751	0.01373	0.02024	0.02699	0.37982	0.09497	0.27269	0.01845	0.00955	0.00270	0.00423	0.07611	0.00807	0.00715
5	0.01513	0.01457	0.02628	0.02084	0.02527	0.01416	0.27170	0.02213	0.10877	0.02638	0.14808	0.20740	0.03591	0.01370	0.00937	0.00278	0.00831	0.01361	0.00633	0.00926
6	0.01697	0.01704	0.02381	0.02030	0.02130	0.05164	0.06009	0.01925	0.01318	0.01943	0.01275	0.01986	0.01213	0.02093	0.13788	0.00494	0.50896	0.00729	0.00367	0.00857
7	0.00983	0.00702	0.00940	0.01124	0.01177	0.00659	0.00766	0.01134	0.01535	0.02044	0.04361	0.68163	0.05207	0.02468	0.01017	0.00324	0.00475	0.05536	0.00736	0.00649
8	0.01498	0.01409	0.02378	0.70226	0.05462	0.01762	0.02202	0.02026	0.01586	0.02026	0.01409	0.02114	0.01057	0.00793	0.00793	0.00264	0.01057	0.00705	0.00352	0.00881
9	0.01537	0.01449	0.02449	0.64717	0.10663	0.01772	0.02222	0.02060	0.01604	0.02074	0.01416	0.02101	0.01074	0.00786	0.00792	0.00262	0.01047	0.00705	0.00356	0.00913
10	0.01877	0.02115	0.04520	0.03247	0.04030	0.02004	0.60833	0.02632	0.05390	0.02583	0.01694	0.02184	0.01270	0.00691	0.00929	0.00267	0.01298	0.00934	0.00423	0.01080
11	0.01066	0.00767	0.01010	0.01036	0.01172	0.00711	0.00744	0.01355	0.01983	0.02764	0.44317	0.29558	0.06677	0.01932	0.00963	0.00276	0.00405	0.01729	0.00824	0.00711
12	0.29492	0.01414	0.01604	0.01282	0.01853	0.01380	0.01058	0.03328	0.01948	0.45296	0.02421	0.02206	0.01577	0.00896	0.00690	0.00245	0.00653	0.00669	0.00810	0.01178
13	0.01932	0.01853	0.03164	0.09116	0.63172	0.01876	0.02419	0.02407	0.01791	0.02554	0.01486	0.01972	0.01243	0.00712	0.00786	0.00237	0.00950	0.00706	0.00390	0.01232
14	0.00977	0.00711	0.00925	0.01091	0.01165	0.00659	0.00748	0.01132	0.01560	0.02051	0.04715	0.62633	0.11130	0.02425	0.01009	0.00319	0.00467	0.04896	0.00736	0.00650
15	0.02898	0.03644	0.02218	0.02015	0.02426	0.64594	0.01514	0.03235	0.06376	0.02030	0.01356	0.01529	0.01112	0.00834	0.00721	0.00208	0.01378	0.00536	0.00434	0.00941
16	0.01498	0.01409	0.02378	0.70226	0.05462	0.01762	0.02202	0.02026	0.01586	0.02026	0.01409	0.02114	0.01057	0.00793	0.00793	0.00264	0.01057	0.00705	0.00352	0.00881
17	0.01498	0.01409	0.02378	0.70226	0.05462	0.01762	0.02202	0.02026	0.01586	0.02026	0.01409	0.02114	0.01057	0.00793	0.00793	0.00264	0.01057	0.00705	0.00352	0.00881
18	0.01076	0.00789	0.01013	0.01029	0.01193	0.00726	0.00763	0.01377	0.02005	0.02751	0.42100	0.21125	0.13489	0.01896	0.00963	0.00275	0.00419	0.05479	0.00818	0.00715
19	0.01134	0.00810	0.01113	0.01296	0.01415	0.00789	0.01027	0.01394	0.01683	0.02212	0.04278	0.37905	0.04878	0.02326	0.01057	0.00345	0.00605	0.34308	0.00733	0.00690
20	0.03272	0.02100	0.02014	0.01635	0.02192	0.18707	0.01308	0.11685	0.04918	0.40147	0.02484	0.02280	0.01659	0.00939	0.00776	0.00235	0.00892	0.00717	0.00803	0.01236
21	0.01027	0.00804	0.00934	0.00939	0.01154	0.00711	0.00708	0.01295	0.01941	0.02518	0.28458	0.12295	0.36738	0.01920	0.00953	0.00272	0.00417	0.05433	0.00785	0.00699
22	0.01590	0.04102	0.68023	0.02260	0.03432	0.01842	0.02930	0.02511	0.01674	0.02511	0.01423	0.01674	0.01005	0.00753	0.00753	0.00251	0.01172	0.00586	0.00335	0.01172
23	0.01240	0.00943	0.01084	0.01088	0.01300	0.00903	0.00793	0.09638	0.01963	0.02539	0.09385	0.35496	0.26548	0.02056	0.00951	0.00287	0.00489	0.01790	0.00753	0.00754
24	0.02094	0.26963	0.31124	0.01892	0.02733	0.13994	0.02072	0.06339	0.01877	0.02346	0.01310	0.01510	0.01033	0.00751	0.00667	0.00215	0.01090	0.00526	0.00377	0.01087
25	0.02281	0.02397	0.01763	0.01636	0.01999	0.33752	0.01264	0.05150	0.06154	0.06528	0.03204	0.06583	0.13077	0.01311	0.00832	0.00250	0.00996	0.09317	0.00600	0.00906
26	0.01452	0.01641	0.13289	0.01797	0.02251	0.01194	0.13851	0.01893	0.01774	0.05999	0.10028	0.27031	0.03692	0.01613	0.00943	0.00292	0.00793	0.08960	0.00628	0.00880
27	0.01856	0.02091	0.04414	0.03194	0.03902	0.02055	0.56937	0.02466	0.01794	0.02466	0.01538	0.02091	0.01184	0.00753	0.01132	0.00277	0.09502	0.00907	0.00395	0.01046
28	0.01571	0.01553	0.02832	0.57046	0.05202	0.01810	0.14440	0.02127	0.01642	0.02127	0.01448	0.02119	0.01086	0.00768	0.00821	0.00265	0.01112	0.00750	0.00362	0.00918
29	0.01767	0.01878	0.03731	0.02783	0.03409	0.01843	0.45142	0.02529	0.08932	0.02574	0.03958	0.06906	0.01943	0.00970	0.01014	0.00280	0.04455	0.04363	0.00496	0.01027
30	0.01956	0.02266	0.04491	0.03242	0.04013	0.07185	0.59448	0.02589	0.01901	0.02494	0.01575	0.02084	0.01189	0.00680	0.00919	0.00262	0.01344	0.00903	0.00402	0.01058
31	0.01549	0.01462	0.02472	0.62957	0.12326	0.01775	0.02228	0.02071	0.01610	0.02089	0.01419	0.02097	0.01079	0.00783	0.00792	0.00261	0.01044	0.00705	0.00357	0.00923
32	0.01707	0.24133	0.40011	0.01883	0.02775	0.02104	0.02239	0.02354	0.01676	0.02300	0.01699	0.02528	0.01485	0.00923	0.00726	0.00242	0.01016	0.08743	0.00389	0.01067
33	0.01963	0.01884	0.03219	0.04867	0.67185	0.01884	0.02434	0.02434	0.01806	0.02591	0.01492	0.01963	0.01256	0.00707	0.00785	0.00236	0.00942	0.00707	0.00393	0.01256
34	0.00953	0.00782	0.00827	0.00859	0.01075	0.00670	0.00620	0.01133	0.01726	0.02093	0.07130	0.18669	0.53065	0.05440	0.01098	0.00301	0.00429	0.01750	0.00724	0.00656
35	0.01034	0.00785	0.00960	0.01014	0.01187	0.00711	0.00754	0.01284	0.01851	0.02426	0.23083	0.25255	0.26138	0.02053	0.00975	0.00288	0.00446	0.08291	0.00774	0.00691
36	0.01155	0.00830	0.01198	0.01206	0.01342	0.00945	0.00924	0.01428	0.01314	0.01933	0.02284	0.06448	0.02175	0.07754	0.57624	0.01119	0.01848	0.00918	0.06856	0.00699
37	0.02167	0.00997	0.01226	0.01063	0.01408	0.00907	0.00832	0.02462	0.01915	0.27860	0.07532	0.03995	0.09735	0.07163	0.01031	0.00278	0.00540	0.03413	0.24530	0.00947
38	0.01422	0.00860	0.01124	0.01133	0.01343	0.00786	0.00858	0.01683	0.01887	0.11978	0.20343	0.28849	0.12689	0.01950	0.00963	0.00292	0.00499	0.09746	0.00806	0.00788
39	0.41725	0.01529	0.01430	0.01245	0.01733	0.01697	0.01004	0.05173	0.17235	0.12158	0.02361	0.02308	0.05572	0.00940	0.00648	0.00252	0.00621	0.00682	0.00660	0.01027
40	0.01409	0.00883	0.01120	0.01141	0.01341	0.00827	0.00835	0.01755	0.05828	0.11107	0.13871	0.38143	0.12189	0.01997	0.00954	0.00293	0.00491	0.04223	0.00794	0.00799
41	0.03097	0.01326	0.01760	0.01437	0.01977	0.01211	0.01189	0.03601	0.08428	0.52671	0.03281	0.03561	0.02356	0.01153	0.00838	0.00264	0.00678	0.08984	0.00931	0.01257
42	0.01155	0.00842	0.01240	0.01240	0.01384	0.00975	0.00963	0.01444	0.01300	0.01913	0.02154	0.03105	0.01986	0.05621	0.64540	0.01204	0.02010	0.00842	0.05373	0.00710
43	0.01094	0.00761	0.00866	0.00895	0.00939	0.00735	0.00538	0.01143	0.01300	0.01697	0.03543	0.16283	0.11835	0.51451	0.03131	0.00629	0.00670	0.01401	0.00556	0.00532
44	0.01114	0.00757	0.00907	0.00943	0.01056	0.00714	0.00643	0.01319	0.01670	0.02346	0.20043	0.24014	0.11146	0.17801	0.01609	0.00381	0.00490	0.01533	0.10865	0.00649
45	0.01020	0.00721	0.00896	0.01013	0.01060	0.00683	0.00651	0.01121	0.01427	0.01886	0.04040	0.47647	0.08425	0.23349	0.01915	0.00453	0.00549	0.01887	0.00659	0.00597
46	0.01963	0.01884	0.03219	0.04867	0.67185	0.01884	0.02434	0.02434	0.01806	0.02591	0.01492	0.01963	0.01256	0.00707	0.00785	0.00236	0.00942	0.00707	0.00393	0.01256
47	0.07369	0.01555	0.01772	0.01499	0.02014	0.01647	0.01195	0.03959	0.37050	0.28332	0.03055	0.02752	0.02144	0.01018	0.00783	0.00258	0.00645	0.00829	0.00855	0.01267
48	0.01084	0.00789	0.00902	0.00920	0.01035	0.00740	0.00619	0.01220	0.01540	0.01993	0.11795	0.10439	0.22212	0.34318	0.02381	0.00507	0.00594	0.05685	0.00634	0.00594
49	0.01556	0.01173	0.01281	0.01224	0.01420	0.03590	0.00911	0.12689	0.01883	0.02440	0.03297	0.08121	0.08564	0.31557	0.02257	0.00497	0.00759	0.15423	0.00625	0.00733
50	0.01377	0.00689	0.01033	0.01033	0.01033	0.00689	0.00689	0.01033	0.01033	0.01377	0.01377	0.02410	0.01377	0.02755	0.03099	0.76928	0.00689	0.00689	0.00344	0.00344
51	0.00988	0.00713	0.00900	0.01040	0.01103	0.00664	0.00687	0.01114	0.01501	0.01972	0.04515	0.55808	0.11582	0.11761	0.01409	0.00376	0.00495	0.02044	0.00702	0.00625
52	0.12793	0.02521	0.02056	0.01747	0.02252	0.23475	0.01377	0.24366	0.15550	0.03488	0.01850	0.01885	0.01397	0.00905	0.00731	0.00235	0.00966	0.00648	0.00633	0.01127
53	0.01560	0.01473	0.02491	0.61472	0.13728	0.01778	0.02233	0.02081	0.01615	0.02102	0.01420	0.02094	0.01084	0.00781	0.00792	0.00260	0.01042	0.00705	0.00358	0.00931

[dist]
# distance from previous block
# <min> <max>
0	2

# created by:
# /home/cegg/simao/soft/augustus-3.2.1/scripts/msa2prfl.pl ./align_prep/EOG090W08SP.fa
