[name]
unknown

[dist]
# distance from previous block
# <min> <max>
0	0

[block]
# block no. 0 follows, 35 sequences, length 10
# corresponding to MSA columns:
# 0-9
name=unknown_A
#
# <colnr> <probs for GDERKNQSTAVLIFYWHMCP>
#	G	D	E	R	K	N	Q	S	T	A	V	L	I	F	Y	W	H	M	C	P
0	0.01022	0.00730	0.01022	0.01168	0.01314	0.00730	0.01022	0.01314	0.01460	0.01899	0.03359	0.07156	0.03651	0.01752	0.00876	0.00292	0.00584	0.69478	0.00584	0.00584
1	0.01534	0.01470	0.02509	0.10955	0.66971	0.01498	0.01929	0.01915	0.01427	0.02028	0.01187	0.01582	0.00989	0.00572	0.00629	0.00191	0.00763	0.00565	0.00311	0.00976
2	0.00773	0.00552	0.00736	0.00883	0.00920	0.00515	0.00589	0.00883	0.01215	0.01619	0.03497	0.77291	0.04196	0.01987	0.00810	0.00258	0.00368	0.01803	0.00589	0.00515
3	0.00931	0.00763	0.00843	0.00837	0.00995	0.03966	0.00614	0.01213	0.04446	0.02119	0.37262	0.19788	0.20932	0.01465	0.00749	0.00214	0.00365	0.01277	0.00631	0.00589
4	0.07248	0.04321	0.05836	0.04572	0.01745	0.03527	0.01149	0.21792	0.01668	0.05967	0.01372	0.01846	0.01167	0.09587	0.08955	0.00341	0.17092	0.00586	0.00433	0.00797
5	0.01470	0.01405	0.02393	0.23420	0.55007	0.01481	0.01897	0.01859	0.01397	0.01951	0.01176	0.01603	0.00962	0.00584	0.00630	0.00195	0.00779	0.00565	0.00305	0.00924
6	0.02051	0.02415	0.01651	0.01490	0.01778	0.52594	0.01135	0.07120	0.01754	0.01788	0.06403	0.01602	0.01305	0.01207	0.09351	0.00273	0.04466	0.00512	0.00375	0.00728
7	0.00861	0.00648	0.00779	0.00760	0.00915	0.00588	0.00566	0.01087	0.01582	0.02118	0.41421	0.05249	0.26626	0.08884	0.00998	0.00250	0.00353	0.05129	0.00627	0.00557
8	0.01591	0.59556	0.20936	0.01264	0.01905	0.02253	0.01397	0.01927	0.01301	0.01620	0.00945	0.01097	0.00812	0.00558	0.00456	0.00152	0.00743	0.00371	0.00271	0.00845
9	0.01526	0.01463	0.02496	0.12397	0.65586	0.01496	0.01925	0.01909	0.01424	0.02019	0.01186	0.01584	0.00986	0.00573	0.00629	0.00191	0.00764	0.00565	0.00310	0.00970

[dist]
# distance from previous block
# <min> <max>
4	6

[block]
# block no. 1 follows, 35 sequences, length 78
# corresponding to MSA columns:
# 16-91,94,95
name=unknown_B
#
# <colnr> <probs for GDERKNQSTAVLIFYWHMCP>
#	G	D	E	R	K	N	Q	S	T	A	V	L	I	F	Y	W	H	M	C	P
0	0.00847	0.00646	0.00777	0.00744	0.00916	0.00577	0.00558	0.01098	0.01674	0.02256	0.50181	0.05213	0.29398	0.01404	0.00749	0.00205	0.00307	0.01214	0.00660	0.00577
1	0.12774	0.01291	0.01471	0.01380	0.07513	0.01389	0.01007	0.16749	0.21741	0.12827	0.13070	0.02287	0.02094	0.00836	0.00622	0.00200	0.00535	0.00680	0.00609	0.00924
2	0.00802	0.00573	0.00769	0.00917	0.00966	0.00540	0.00639	0.00934	0.01243	0.01652	0.03480	0.69111	0.04132	0.01960	0.00817	0.00262	0.00393	0.09696	0.00588	0.00523
3	0.00897	0.00726	0.00923	0.00868	0.01071	0.00665	0.03647	0.01205	0.04501	0.02103	0.31804	0.06996	0.33553	0.01431	0.00757	0.00216	0.00376	0.07042	0.00622	0.00597
4	0.01315	0.01128	0.01315	0.00940	0.01503	0.00846	0.00752	0.01597	0.01315	0.02067	0.01128	0.01315	0.00940	0.00470	0.00470	0.00094	0.00470	0.00376	0.00376	0.81583
5	0.01290	0.06352	0.71500	0.01778	0.02700	0.01516	0.02292	0.02005	0.01337	0.01988	0.01128	0.01326	0.00804	0.00600	0.00595	0.00198	0.00927	0.00463	0.00268	0.00932
6	0.01521	0.08087	0.55197	0.01726	0.02515	0.16360	0.02037	0.02107	0.01428	0.01884	0.01090	0.01279	0.00807	0.00609	0.00584	0.00189	0.00962	0.00448	0.00280	0.00889
7	0.01871	0.01348	0.01584	0.01215	0.01720	0.01300	0.03045	0.20423	0.14114	0.12975	0.01683	0.01683	0.01239	0.00660	0.00575	0.00158	0.00563	0.00534	0.00547	0.32763
8	0.01272	0.03281	0.74418	0.01808	0.02746	0.01473	0.02344	0.02009	0.01339	0.02009	0.01138	0.01339	0.00804	0.00603	0.00603	0.00201	0.00938	0.00469	0.00268	0.00938
9	0.01696	0.78087	0.03324	0.01085	0.01628	0.02510	0.01085	0.01900	0.01289	0.01493	0.00882	0.01018	0.00814	0.00543	0.00407	0.00136	0.00678	0.00339	0.00271	0.00814
10	0.00997	0.00719	0.00989	0.01125	0.01272	0.00711	0.00973	0.01274	0.01451	0.01877	0.03558	0.09463	0.08085	0.01751	0.00866	0.00286	0.00560	0.62879	0.00585	0.00579
11	0.01102	0.00551	0.00826	0.00826	0.00826	0.00551	0.00551	0.00826	0.00826	0.01102	0.01102	0.01928	0.01102	0.02204	0.02479	0.81543	0.00551	0.00551	0.00275	0.00275
12	0.01388	0.01388	0.01943	0.01666	0.01666	0.01943	0.01388	0.01527	0.00972	0.01527	0.00833	0.01388	0.00833	0.01110	0.02082	0.00278	0.76544	0.00555	0.00278	0.00694
13	0.02679	0.01058	0.01421	0.01104	0.01572	0.00924	0.00907	0.02961	0.03582	0.67586	0.04473	0.02392	0.04644	0.00834	0.00646	0.00198	0.00524	0.00682	0.00771	0.01043
14	0.00907	0.00678	0.01010	0.01010	0.01120	0.00788	0.00781	0.01127	0.01017	0.01466	0.01708	0.02539	0.01606	0.06827	0.73150	0.01008	0.01668	0.00687	0.00341	0.00561
15	0.02370	0.03023	0.01798	0.01634	0.01961	0.75158	0.01226	0.02533	0.01798	0.01553	0.00981	0.01144	0.00817	0.00654	0.00572	0.00163	0.01144	0.00409	0.00327	0.00735
16	0.00771	0.00558	0.00730	0.00867	0.00916	0.00517	0.00582	0.00885	0.01230	0.01626	0.03698	0.72405	0.08953	0.01961	0.00806	0.00255	0.00365	0.01772	0.00589	0.00517
17	0.00754	0.00643	0.00648	0.00647	0.00859	0.00537	0.00485	0.00918	0.01456	0.01737	0.08291	0.06067	0.71612	0.01598	0.00750	0.00214	0.00321	0.01334	0.00592	0.00537
18	0.02478	0.01547	0.04702	0.01337	0.01847	0.01528	0.01136	0.38321	0.06849	0.30605	0.01948	0.01811	0.01309	0.00770	0.00635	0.00195	0.00635	0.00602	0.00678	0.01069
19	0.01222	0.02741	0.57384	0.01820	0.08659	0.01339	0.02037	0.01843	0.01364	0.01971	0.01915	0.02055	0.11434	0.00746	0.00626	0.00202	0.00832	0.00604	0.00319	0.00885
20	0.74042	0.01310	0.03918	0.03315	0.01401	0.01440	0.00808	0.01853	0.01093	0.02736	0.00900	0.01074	0.00701	0.00606	0.00457	0.00199	0.02708	0.00362	0.00381	0.00698
21	0.01696	0.78087	0.03324	0.01085	0.01628	0.02510	0.01085	0.01900	0.01289	0.01493	0.00882	0.01018	0.00814	0.00543	0.00407	0.00136	0.00678	0.00339	0.00271	0.00814
22	0.01672	0.01199	0.01460	0.01206	0.01503	0.03573	0.06668	0.23666	0.01817	0.07825	0.01880	0.08440	0.01658	0.12424	0.06188	0.00312	0.02601	0.00750	0.14387	0.00772
23	0.00892	0.00648	0.00839	0.00791	0.00944	0.00596	0.00594	0.01185	0.01781	0.02508	0.70534	0.04797	0.08887	0.01310	0.00748	0.00200	0.00300	0.01156	0.00694	0.00596
24	0.01506	0.01302	0.01762	0.41756	0.03169	0.01549	0.01445	0.13338	0.22955	0.02311	0.01627	0.01867	0.01210	0.00723	0.00638	0.00209	0.00719	0.00611	0.00447	0.00854
25	0.09997	0.01180	0.01327	0.01064	0.01463	0.01205	0.00867	0.23164	0.01972	0.28012	0.01942	0.01911	0.01351	0.00747	0.00564	0.00182	0.00521	0.00577	0.21037	0.00918
26	0.02239	0.01691	0.01807	0.01425	0.01901	0.01887	0.01164	0.57482	0.17414	0.03719	0.01743	0.01698	0.01257	0.00782	0.00637	0.00196	0.00657	0.00601	0.00637	0.01063
27	0.01578	0.01363	0.01434	0.01291	0.01650	0.01578	0.01004	0.03371	0.72602	0.02654	0.02582	0.02367	0.01937	0.00861	0.00646	0.00215	0.00502	0.00717	0.00646	0.01004
28	0.00793	0.00642	0.00689	0.00683	0.00862	0.00563	0.00499	0.00957	0.01416	0.01756	0.14149	0.05575	0.54388	0.09919	0.04073	0.00289	0.00407	0.01243	0.00570	0.00528
29	0.01198	0.01128	0.01903	0.76180	0.04369	0.01409	0.01762	0.01621	0.01268	0.01621	0.01128	0.01691	0.00846	0.00634	0.00634	0.00211	0.00846	0.00564	0.00282	0.00705
30	0.01570	0.01507	0.02575	0.03894	0.73748	0.01507	0.01947	0.01947	0.01444	0.02073	0.01193	0.01570	0.01005	0.00565	0.00628	0.00188	0.00754	0.00565	0.00314	0.01005
31	0.00898	0.00648	0.00848	0.00798	0.00948	0.00599	0.00599	0.01197	0.01796	0.02544	0.73413	0.04739	0.05986	0.01297	0.00748	0.00200	0.00299	0.01147	0.00698	0.00599
32	0.01497	0.01711	0.03743	0.02674	0.03316	0.01604	0.71444	0.02032	0.01497	0.02032	0.01283	0.01711	0.00963	0.00535	0.00749	0.00214	0.01070	0.00749	0.00321	0.00856
33	0.01917	0.02040	0.01573	0.01440	0.01763	0.34327	0.01124	0.08794	0.23322	0.02162	0.01897	0.02514	0.01635	0.00903	0.00649	0.00202	0.00819	0.11604	0.00492	0.00823
34	0.01272	0.03281	0.74418	0.01808	0.02746	0.01473	0.02344	0.02009	0.01339	0.02009	0.01138	0.01339	0.00804	0.00603	0.00603	0.00201	0.00938	0.00469	0.00268	0.00938
35	0.02240	0.01692	0.01807	0.01425	0.01902	0.01887	0.01164	0.57591	0.17303	0.03722	0.01741	0.01697	0.01255	0.00782	0.00637	0.00195	0.00658	0.00601	0.00637	0.01063
36	0.02616	0.01450	0.01701	0.01304	0.01804	0.01481	0.01077	0.39455	0.02435	0.36950	0.01983	0.01822	0.01310	0.00773	0.00636	0.00193	0.00624	0.00603	0.00705	0.01079
37	0.01578	0.01363	0.01434	0.01291	0.01650	0.01578	0.01004	0.03371	0.72602	0.02654	0.02582	0.02367	0.01937	0.00861	0.00646	0.00215	0.00502	0.00717	0.00646	0.01004
38	0.82186	0.01227	0.00932	0.00834	0.01227	0.01423	0.00687	0.01865	0.01080	0.02846	0.00883	0.01031	0.00687	0.00589	0.00393	0.00196	0.00491	0.00344	0.00393	0.00687
39	0.02412	0.01777	0.01904	0.01460	0.01967	0.01967	0.01206	0.71633	0.02983	0.03998	0.01523	0.01523	0.01079	0.00762	0.00635	0.00190	0.00698	0.00571	0.00635	0.01079
40	0.02360	0.01751	0.01875	0.01449	0.01948	0.01943	0.01193	0.67431	0.07268	0.03915	0.01588	0.01575	0.01132	0.00768	0.00635	0.00192	0.00686	0.00580	0.00635	0.01074
41	0.01862	0.01659	0.01575	0.01359	0.01742	0.11522	0.01067	0.19930	0.43208	0.02831	0.04897	0.02089	0.01735	0.00826	0.00637	0.00202	0.00628	0.00657	0.00602	0.00970
42	0.02410	0.01814	0.01901	0.01465	0.01967	0.04160	0.01206	0.69563	0.02947	0.03925	0.01507	0.01512	0.01071	0.00758	0.00633	0.00190	0.00711	0.00566	0.00625	0.01069
43	0.02037	0.02051	0.01912	0.01582	0.01968	0.29359	0.08813	0.25792	0.02035	0.02425	0.01322	0.01568	0.01055	0.01385	0.13473	0.00326	0.01080	0.00548	0.00433	0.00836
44	0.01228	0.01158	0.01957	0.70350	0.09965	0.01417	0.01777	0.01647	0.01283	0.01657	0.01133	0.01682	0.00859	0.00629	0.00634	0.00210	0.00838	0.00564	0.00284	0.00729
45	0.00893	0.00651	0.00842	0.00801	0.00954	0.00599	0.00606	0.01184	0.01764	0.02474	0.67219	0.04898	0.09837	0.01330	0.00753	0.00203	0.00310	0.03399	0.00688	0.00594
46	0.01198	0.01128	0.01903	0.76180	0.04369	0.01409	0.01762	0.01621	0.01268	0.01621	0.01128	0.01691	0.00846	0.00634	0.00634	0.00211	0.00846	0.00564	0.00282	0.00705
47	0.01578	0.01363	0.01434	0.01291	0.01650	0.01578	0.01004	0.03371	0.72602	0.02654	0.02582	0.02367	0.01937	0.00861	0.00646	0.00215	0.00502	0.00717	0.00646	0.01004
48	0.01501	0.01323	0.01354	0.01239	0.01568	0.04448	0.00967	0.02984	0.58554	0.02500	0.05208	0.02917	0.06769	0.00967	0.00666	0.00217	0.00515	0.04750	0.00627	0.00925
49	0.00773	0.00552	0.00736	0.00883	0.00920	0.00515	0.00589	0.00883	0.01215	0.01619	0.03497	0.77291	0.04196	0.01987	0.00810	0.00258	0.00368	0.01803	0.00589	0.00515
50	0.01567	0.01365	0.01521	0.03586	0.06380	0.01569	0.01086	0.03229	0.65983	0.02587	0.02451	0.02296	0.01845	0.00835	0.00644	0.00213	0.00528	0.00703	0.00614	0.00996
51	0.00752	0.00635	0.00650	0.00663	0.00862	0.00534	0.00491	0.00908	0.01427	0.01706	0.06184	0.11998	0.67754	0.01638	0.00755	0.00218	0.00325	0.01377	0.00589	0.00534
52	0.01827	0.01340	0.01763	0.10364	0.12624	0.03724	0.05704	0.18620	0.07263	0.11476	0.01708	0.01863	0.01262	0.00706	0.00602	0.00187	0.00646	0.00599	0.16828	0.00895
53	0.00878	0.00648	0.00820	0.00777	0.00935	0.00590	0.00583	0.01158	0.01748	0.02430	0.64226	0.04926	0.15244	0.01339	0.00748	0.00202	0.00302	0.01174	0.00683	0.00590
54	0.01272	0.03281	0.74418	0.01808	0.02746	0.01473	0.02344	0.02009	0.01339	0.02009	0.01138	0.01339	0.00804	0.00603	0.00603	0.00201	0.00938	0.00469	0.00268	0.00938
55	0.09458	0.05279	0.01696	0.01409	0.01792	0.32818	0.01103	0.13683	0.20329	0.04094	0.01507	0.01532	0.01156	0.00717	0.00579	0.00184	0.00812	0.00512	0.00474	0.00867
56	0.00756	0.00643	0.00651	0.00649	0.00861	0.00538	0.00487	0.00922	0.01460	0.01748	0.09191	0.06049	0.70705	0.01594	0.00750	0.00214	0.00320	0.01331	0.00594	0.00538
57	0.01657	0.73084	0.05819	0.01110	0.01654	0.02422	0.01122	0.01881	0.01283	0.01511	0.00916	0.01073	0.00837	0.00670	0.02642	0.00164	0.00718	0.00354	0.00273	0.00811
58	0.00921	0.00623	0.00731	0.00731	0.00744	0.00636	0.00433	0.00948	0.00934	0.01259	0.01963	0.03954	0.02221	0.69036	0.11781	0.00663	0.00744	0.00894	0.00379	0.00406
59	0.01696	0.78087	0.03324	0.01085	0.01628	0.02510	0.01085	0.01900	0.01289	0.01493	0.00882	0.01018	0.00814	0.00543	0.00407	0.00136	0.00678	0.00339	0.00271	0.00814
60	0.01553	0.01337	0.01413	0.01273	0.01624	0.01543	0.00990	0.03293	0.70049	0.02650	0.05136	0.02452	0.02083	0.00876	0.00649	0.00215	0.00495	0.00733	0.00647	0.00990
61	0.01492	0.01693	0.03668	0.02620	0.03259	0.01581	0.69243	0.02019	0.01492	0.02033	0.01279	0.01699	0.00962	0.00533	0.00740	0.00210	0.01051	0.00737	0.00323	0.03369
62	0.07652	0.01089	0.01440	0.01111	0.01596	0.00962	0.00918	0.03017	0.01771	0.69866	0.02405	0.02091	0.01517	0.00773	0.00623	0.00196	0.00537	0.00620	0.00761	0.01056
63	0.01209	0.00684	0.00852	0.00763	0.00952	0.00675	0.06315	0.01524	0.01344	0.02338	0.02004	0.02311	0.01571	0.00722	0.00469	0.00153	0.00360	0.00604	0.74536	0.00613
64	0.00971	0.00710	0.00976	0.01052	0.03559	0.00682	0.00815	0.01270	0.01649	0.02269	0.42810	0.05603	0.04879	0.01455	0.00796	0.00236	0.00429	0.28593	0.00639	0.00607
65	0.00773	0.00552	0.00736	0.00883	0.00920	0.00515	0.00589	0.00883	0.01215	0.01619	0.03497	0.77291	0.04196	0.01987	0.00810	0.00258	0.00368	0.01803	0.00589	0.00515
66	0.01198	0.01128	0.01903	0.76180	0.04369	0.01409	0.01762	0.01621	0.01268	0.01621	0.01128	0.01691	0.00846	0.00634	0.00634	0.00211	0.00846	0.00564	0.00282	0.00705
67	0.00773	0.00552	0.00736	0.00883	0.00920	0.00515	0.00589	0.00883	0.01215	0.01619	0.03497	0.77291	0.04196	0.01987	0.00810	0.00258	0.00368	0.01803	0.00589	0.00515
68	0.01570	0.01507	0.02575	0.03894	0.73748	0.01507	0.01947	0.01947	0.01444	0.02073	0.01193	0.01570	0.01005	0.00565	0.00628	0.00188	0.00754	0.00565	0.00314	0.01005
69	0.82186	0.01227	0.00932	0.00834	0.01227	0.01423	0.00687	0.01865	0.01080	0.02846	0.00883	0.01031	0.00687	0.00589	0.00393	0.00196	0.00491	0.00344	0.00393	0.00687
70	0.01209	0.01139	0.01923	0.74038	0.06425	0.01412	0.01767	0.01631	0.01274	0.01634	0.01130	0.01688	0.00850	0.00632	0.00634	0.00211	0.00843	0.00564	0.00283	0.00714
71	0.02370	0.03023	0.01798	0.01634	0.01961	0.75158	0.01226	0.02533	0.01798	0.01553	0.00981	0.01144	0.00817	0.00654	0.00572	0.00163	0.01144	0.00409	0.00327	0.00735
72	0.00815	0.00645	0.00733	0.00711	0.00897	0.00563	0.00533	0.01036	0.01600	0.02078	0.35834	0.05505	0.43855	0.01471	0.00749	0.00208	0.00312	0.01255	0.00637	0.00563
73	0.01283	0.02653	0.55373	0.01580	0.02336	0.01309	0.01923	0.04649	0.01506	0.03967	0.15300	0.02031	0.01845	0.00749	0.00633	0.00200	0.00794	0.00609	0.00379	0.00880
74	0.01272	0.03281	0.74418	0.01808	0.02746	0.01473	0.02344	0.02009	0.01339	0.02009	0.01138	0.01339	0.00804	0.00603	0.00603	0.00201	0.00938	0.00469	0.00268	0.00938
75	0.02370	0.03023	0.01798	0.01634	0.01961	0.75158	0.01226	0.02533	0.01798	0.01553	0.00981	0.01144	0.00817	0.00654	0.00572	0.00163	0.01144	0.00409	0.00327	0.00735
76	0.01518	0.07967	0.03387	0.05698	0.18247	0.01651	0.48044	0.01987	0.01460	0.01980	0.01225	0.01623	0.00955	0.00546	0.00690	0.00202	0.00961	0.00668	0.00314	0.00878
77	0.00909	0.00670	0.00970	0.00970	0.01067	0.00766	0.00732	0.01101	0.01005	0.01436	0.01744	0.02741	0.01694	0.15682	0.64415	0.00959	0.01537	0.00716	0.00347	0.00539

[dist]
# distance from previous block
# <min> <max>
0	25

[block]
# block no. 2 follows, 35 sequences, length 100
# corresponding to MSA columns:
# 121-218,228,229
name=unknown_C
#
# <colnr> <probs for GDERKNQSTAVLIFYWHMCP>
#	G	D	E	R	K	N	Q	S	T	A	V	L	I	F	Y	W	H	M	C	P
0	0.01109	0.00829	0.01087	0.01188	0.01367	0.00863	0.01019	0.01637	0.12618	0.02017	0.03237	0.06405	0.03382	0.01613	0.00840	0.00280	0.00571	0.58693	0.00594	0.00650
1	0.82186	0.01227	0.00932	0.00834	0.01227	0.01423	0.00687	0.01865	0.01080	0.02846	0.00883	0.01031	0.00687	0.00589	0.00393	0.00196	0.00491	0.00344	0.00393	0.00687
2	0.02794	0.01104	0.01560	0.01188	0.01685	0.00958	0.03653	0.03051	0.01803	0.71403	0.02456	0.02142	0.01547	0.00776	0.00642	0.00197	0.00560	0.00642	0.00767	0.01071
3	0.00906	0.00680	0.01020	0.01020	0.01133	0.00793	0.00793	0.01133	0.01020	0.01473	0.01699	0.02492	0.01586	0.04758	0.75191	0.01020	0.01699	0.00680	0.00340	0.00566
4	0.01388	0.01388	0.01943	0.01666	0.01666	0.01943	0.01388	0.01527	0.00972	0.01527	0.00833	0.01388	0.00833	0.01110	0.02082	0.00278	0.76544	0.00555	0.00278	0.00694
5	0.01578	0.01363	0.01434	0.01291	0.01650	0.01578	0.01004	0.03371	0.72602	0.02654	0.02582	0.02367	0.01937	0.00861	0.00646	0.00215	0.00502	0.00717	0.00646	0.01004
6	0.00769	0.00566	0.00722	0.00846	0.00910	0.00518	0.00572	0.00888	0.01250	0.01634	0.03950	0.66285	0.14910	0.01929	0.00800	0.00251	0.00361	0.01732	0.00589	0.00518
7	0.01696	0.78087	0.03324	0.01085	0.01628	0.02510	0.01085	0.01900	0.01289	0.01493	0.00882	0.01018	0.00814	0.00543	0.00407	0.00136	0.00678	0.00339	0.00271	0.00814
8	0.00804	0.00576	0.00764	0.00862	0.00927	0.00536	0.00591	0.00960	0.01357	0.01846	0.20651	0.59490	0.04635	0.01818	0.00795	0.00243	0.00351	0.01642	0.00616	0.00536
9	0.01272	0.03281	0.74418	0.01808	0.02746	0.01473	0.02344	0.02009	0.01339	0.02009	0.01138	0.01339	0.00804	0.00603	0.00603	0.00201	0.00938	0.00469	0.00268	0.00938
10	0.01006	0.00895	0.01555	0.01338	0.01576	0.00828	0.18830	0.01266	0.01385	0.01881	0.12325	0.40436	0.05441	0.01441	0.00773	0.00232	0.00550	0.03876	0.00526	0.03839
11	0.02370	0.03023	0.01798	0.01634	0.01961	0.75158	0.01226	0.02533	0.01798	0.01553	0.00981	0.01144	0.00817	0.00654	0.00572	0.00163	0.01144	0.00409	0.00327	0.00735
12	0.01198	0.01128	0.01903	0.76180	0.04369	0.01409	0.01762	0.01621	0.01268	0.01621	0.01128	0.01691	0.00846	0.00634	0.00634	0.00211	0.00846	0.00564	0.00282	0.00705
13	0.01636	0.01466	0.02458	0.03610	0.66533	0.01446	0.01838	0.02001	0.01461	0.06376	0.01269	0.01595	0.01036	0.00575	0.00622	0.00185	0.00729	0.00562	0.00345	0.04255
14	0.00922	0.00616	0.00698	0.00696	0.00701	0.00614	0.00392	0.00933	0.00955	0.01278	0.04616	0.04173	0.02441	0.74905	0.03138	0.00600	0.00603	0.00931	0.00396	0.00392
15	0.01412	0.01577	0.14082	0.04075	0.01849	0.01368	0.03093	0.08193	0.34653	0.02461	0.08119	0.02771	0.11749	0.00926	0.00662	0.00209	0.00582	0.00776	0.00553	0.00888
16	0.00769	0.00568	0.00719	0.00840	0.00909	0.00519	0.00570	0.00888	0.01256	0.01636	0.04019	0.64603	0.16547	0.01920	0.00799	0.00250	0.00360	0.01721	0.00589	0.00519
17	0.04352	0.01318	0.01749	0.19486	0.08002	0.01490	0.05290	0.07989	0.32161	0.04366	0.01876	0.02036	0.01428	0.02908	0.00705	0.00219	0.00651	0.00646	0.02434	0.00893
18	0.01570	0.01507	0.02575	0.03894	0.73748	0.01507	0.01947	0.01947	0.01444	0.02073	0.01193	0.01570	0.01005	0.00565	0.00628	0.00188	0.00754	0.00565	0.00314	0.01005
19	0.01594	0.01265	0.04346	0.05450	0.01816	0.01112	0.04803	0.10255	0.03420	0.11728	0.05737	0.03907	0.04993	0.00739	0.00644	0.00162	0.03373	0.00611	0.00485	0.33559
20	0.01189	0.02257	0.42563	0.01765	0.09537	0.01271	0.01781	0.01698	0.01308	0.01907	0.04281	0.12202	0.03527	0.01152	0.05704	0.00267	0.05689	0.00732	0.00347	0.00822
21	0.01102	0.00551	0.00826	0.00826	0.00826	0.00551	0.00551	0.00826	0.00826	0.01102	0.01102	0.01928	0.01102	0.02204	0.02479	0.81543	0.00551	0.00551	0.00275	0.00275
22	0.01696	0.78087	0.03324	0.01085	0.01628	0.02510	0.01085	0.01900	0.01289	0.01493	0.00882	0.01018	0.00814	0.00543	0.00407	0.00136	0.00678	0.00339	0.00271	0.00814
23	0.02273	0.01708	0.01826	0.01432	0.01914	0.01903	0.01172	0.60272	0.14569	0.03774	0.01699	0.01664	0.01222	0.00778	0.00636	0.00195	0.00665	0.00595	0.00636	0.01066
24	0.00808	0.00645	0.00723	0.00704	0.00893	0.00560	0.00528	0.01023	0.01583	0.02039	0.32709	0.05569	0.47005	0.01485	0.00749	0.00208	0.00313	0.01264	0.00632	0.00560
25	0.02649	0.01333	0.01662	0.01348	0.04521	0.01307	0.01065	0.26356	0.02198	0.47536	0.02119	0.01920	0.01381	0.00769	0.00636	0.00194	0.00602	0.00612	0.00716	0.01076
26	0.00786	0.00565	0.00748	0.00883	0.00933	0.00527	0.00601	0.00911	0.01252	0.01668	0.06350	0.70039	0.06131	0.01942	0.00808	0.00255	0.00372	0.04114	0.00593	0.00522
27	0.01329	0.13323	0.64875	0.01711	0.02596	0.01612	0.02175	0.01994	0.01333	0.01940	0.01104	0.01296	0.00805	0.00595	0.00576	0.00192	0.00903	0.00451	0.00268	0.00921
28	0.01198	0.01128	0.01903	0.76180	0.04369	0.01409	0.01762	0.01621	0.01268	0.01621	0.01128	0.01691	0.00846	0.00634	0.00634	0.00211	0.00846	0.00564	0.00282	0.00705
29	0.00860	0.00647	0.00795	0.00758	0.00924	0.00582	0.00569	0.01124	0.01706	0.02331	0.56216	0.05090	0.23316	0.01376	0.00749	0.00203	0.00305	0.01196	0.00670	0.00582
30	0.01535	0.49584	0.30413	0.01361	0.02054	0.02115	0.01565	0.01941	0.01308	0.01689	0.00980	0.01140	0.00810	0.00566	0.00482	0.00161	0.00777	0.00389	0.00270	0.00861
31	0.01236	0.00962	0.01168	0.01192	0.01420	0.01032	0.00996	0.04521	0.23808	0.02225	0.05071	0.05353	0.05085	0.01420	0.00788	0.00259	0.00547	0.41577	0.00609	0.00733
32	0.02818	0.01124	0.01500	0.01150	0.01642	0.00999	0.00950	0.07477	0.01890	0.69697	0.02440	0.02119	0.01539	0.00784	0.00638	0.00196	0.00550	0.00634	0.00776	0.01080
33	0.01183	0.00591	0.00591	0.00591	0.00739	0.00591	0.00443	0.01478	0.01330	0.02365	0.02069	0.02365	0.01626	0.00739	0.00443	0.00148	0.00296	0.00591	0.81227	0.00591
34	0.01696	0.78087	0.03324	0.01085	0.01628	0.02510	0.01085	0.01900	0.01289	0.01493	0.00882	0.01018	0.00814	0.00543	0.00407	0.00136	0.00678	0.00339	0.00271	0.00814
35	0.01323	0.01065	0.01262	0.00929	0.01437	0.00818	0.00739	0.01606	0.01396	0.04994	0.10373	0.01784	0.01606	0.00588	0.00512	0.00111	0.00451	0.00484	0.00433	0.68088
36	0.01896	0.01345	0.01483	0.01275	0.01672	0.01488	0.01008	0.09363	0.52791	0.16562	0.02473	0.02252	0.01790	0.00837	0.00643	0.00209	0.00527	0.00689	0.00671	0.01025
37	0.01605	0.01648	0.03366	0.02678	0.12031	0.01570	0.55159	0.04356	0.03343	0.05674	0.01373	0.01726	0.01026	0.00566	0.00722	0.00209	0.00977	0.00714	0.00361	0.00896
38	0.02130	0.02127	0.01871	0.04607	0.04772	0.29007	0.01279	0.27305	0.05768	0.02511	0.01253	0.01416	0.00980	0.00762	0.00812	0.00195	0.11365	0.00516	0.00445	0.00877
39	0.02789	0.01111	0.01484	0.01144	0.01631	0.00986	0.00943	0.05192	0.04308	0.69563	0.02476	0.02147	0.01568	0.00787	0.00638	0.00197	0.00543	0.00639	0.00776	0.01077
40	0.01696	0.78087	0.03324	0.01085	0.01628	0.02510	0.01085	0.01900	0.01289	0.01493	0.00882	0.01018	0.00814	0.00543	0.00407	0.00136	0.00678	0.00339	0.00271	0.00814
41	0.00867	0.00628	0.00819	0.00812	0.00939	0.00579	0.00593	0.01122	0.01662	0.02324	0.56666	0.20252	0.07452	0.01453	0.00761	0.00212	0.00315	0.01292	0.00672	0.00579
42	0.05284	0.01084	0.01456	0.01120	0.01607	0.00947	0.00925	0.03054	0.01793	0.71996	0.02453	0.02125	0.01543	0.00779	0.00630	0.00196	0.00538	0.00629	0.00773	0.01068
43	0.02846	0.01080	0.01472	0.01129	0.01619	0.00932	0.00932	0.03092	0.01816	0.74187	0.02503	0.02159	0.01570	0.00785	0.00638	0.00196	0.00540	0.00638	0.00785	0.01080
44	0.01058	0.00684	0.00899	0.00825	0.01003	0.00626	0.00626	0.01353	0.01797	0.08449	0.67569	0.04526	0.05622	0.01255	0.00739	0.00199	0.00319	0.01105	0.00705	0.00638
45	0.00835	0.00646	0.00760	0.00732	0.00909	0.00572	0.00549	0.01075	0.01647	0.02190	0.44837	0.05322	0.34783	0.01429	0.00749	0.00206	0.00309	0.01229	0.00652	0.00572
46	0.01022	0.00730	0.01022	0.01168	0.01314	0.00730	0.01022	0.01314	0.01460	0.01899	0.03359	0.07156	0.03651	0.01752	0.00876	0.00292	0.00584	0.69478	0.00584	0.00584
47	0.01497	0.01711	0.03743	0.02674	0.03316	0.01604	0.71444	0.02032	0.01497	0.02032	0.01283	0.01711	0.00963	0.00535	0.00749	0.00214	0.01070	0.00749	0.00321	0.00856
48	0.01337	0.14635	0.63628	0.01698	0.02576	0.01631	0.02153	0.01992	0.01332	0.01931	0.01100	0.01291	0.00805	0.00594	0.00573	0.00191	0.00898	0.00449	0.00268	0.00919
49	0.82186	0.01227	0.00932	0.00834	0.01227	0.01423	0.00687	0.01865	0.01080	0.02846	0.00883	0.01031	0.00687	0.00589	0.00393	0.00196	0.00491	0.00344	0.00393	0.00687
50	0.00765	0.00582	0.00705	0.00804	0.00899	0.00522	0.00553	0.00892	0.01291	0.01651	0.04468	0.53687	0.27173	0.01861	0.00790	0.00243	0.00353	0.01649	0.00589	0.00522
51	0.02846	0.01080	0.01472	0.01129	0.01619	0.00932	0.00932	0.03092	0.01816	0.74187	0.02503	0.02159	0.01570	0.00785	0.00638	0.00196	0.00540	0.00638	0.00785	0.01080
52	0.01377	0.01382	0.01949	0.01648	0.01703	0.03781	0.05890	0.01536	0.01027	0.01540	0.00968	0.01614	0.00959	0.06094	0.04258	0.00315	0.62397	0.00591	0.00291	0.00682
53	0.00808	0.00645	0.00724	0.00704	0.00893	0.00561	0.00528	0.01024	0.01585	0.02043	0.32984	0.05563	0.46728	0.01484	0.00749	0.00208	0.00313	0.01263	0.00632	0.00561
54	0.01183	0.00591	0.00591	0.00591	0.00739	0.00591	0.00443	0.01478	0.01330	0.02365	0.02069	0.02365	0.01626	0.00739	0.00443	0.00148	0.00296	0.00591	0.81227	0.00591
55	0.00773	0.00552	0.00736	0.00883	0.00920	0.00515	0.00589	0.00883	0.01215	0.01619	0.03497	0.77291	0.04196	0.01987	0.00810	0.00258	0.00368	0.01803	0.00589	0.00515
56	0.00754	0.00640	0.00650	0.00653	0.00861	0.00537	0.00488	0.00917	0.01448	0.01732	0.08030	0.08077	0.69839	0.01610	0.00751	0.00215	0.00322	0.01347	0.00592	0.00537
57	0.01559	0.01341	0.01420	0.01287	0.01638	0.01548	0.01005	0.03300	0.70133	0.02628	0.02609	0.02533	0.01996	0.00892	0.00654	0.00218	0.00505	0.03104	0.00643	0.00990
58	0.02327	0.01478	0.01685	0.01279	0.01793	0.01495	0.01052	0.41094	0.02377	0.21946	0.01707	0.01651	0.01182	0.00715	0.00606	0.00174	0.00616	0.00553	0.00627	0.15644
59	0.02374	0.02158	0.01856	0.01515	0.01943	0.26429	0.01211	0.43776	0.02476	0.05302	0.01347	0.01411	0.00998	0.00739	0.00667	0.00185	0.03622	0.00518	0.00523	0.00950
60	0.01022	0.00730	0.01022	0.01168	0.01314	0.00730	0.01022	0.01314	0.01460	0.01899	0.03359	0.07156	0.03651	0.01752	0.00876	0.00292	0.00584	0.69478	0.00584	0.00584
61	0.01578	0.01363	0.01434	0.01291	0.01650	0.01578	0.01004	0.03371	0.72602	0.02654	0.02582	0.02367	0.01937	0.00861	0.00646	0.00215	0.00502	0.00717	0.00646	0.01004
62	0.00763	0.00589	0.00698	0.00784	0.00894	0.00524	0.00545	0.00894	0.01310	0.01658	0.04700	0.48045	0.32665	0.01831	0.00785	0.00240	0.00349	0.01613	0.00589	0.00524
63	0.00890	0.00648	0.00837	0.00789	0.00943	0.00595	0.00592	0.01181	0.01776	0.02498	0.69696	0.04815	0.09732	0.01314	0.00748	0.00200	0.00301	0.01158	0.00692	0.00595
64	0.01198	0.01128	0.01903	0.76180	0.04369	0.01409	0.01762	0.01621	0.01268	0.01621	0.01128	0.01691	0.00846	0.00634	0.00634	0.00211	0.00846	0.00564	0.00282	0.00705
65	0.02510	0.01355	0.01607	0.01252	0.01730	0.01367	0.01028	0.29208	0.07965	0.39276	0.02262	0.02061	0.03736	0.00809	0.00641	0.00196	0.00590	0.00642	0.00710	0.01056
66	0.01570	0.01507	0.02575	0.03894	0.73748	0.01507	0.01947	0.01947	0.01444	0.02073	0.01193	0.01570	0.01005	0.00565	0.00628	0.00188	0.00754	0.00565	0.00314	0.01005
67	0.00751	0.00639	0.00646	0.00652	0.00859	0.00535	0.00486	0.00909	0.01437	0.01710	0.06310	0.08934	0.70737	0.01622	0.00752	0.00216	0.00323	0.01357	0.00589	0.00535
68	0.01586	0.58635	0.21811	0.01273	0.01919	0.02241	0.01413	0.01928	0.01302	0.01627	0.00949	0.01101	0.00811	0.00558	0.00458	0.00153	0.00746	0.00373	0.00270	0.00846
69	0.01261	0.01182	0.02230	0.01712	0.02096	0.01126	0.32882	0.01649	0.01584	0.04824	0.26227	0.03379	0.07506	0.00974	0.00806	0.00216	0.03708	0.05407	0.00499	0.00732
70	0.01740	0.01373	0.01360	0.01151	0.01489	0.10872	0.00904	0.17633	0.11262	0.09864	0.23982	0.02768	0.04567	0.00933	0.00652	0.00188	0.00559	0.00763	0.02840	0.05099
71	0.00750	0.00643	0.00643	0.00643	0.00857	0.00536	0.00482	0.00910	0.01446	0.01714	0.06427	0.06105	0.73490	0.01607	0.00750	0.00214	0.00321	0.01339	0.00589	0.00536
72	0.01315	0.01128	0.01315	0.00940	0.01503	0.00846	0.00752	0.01597	0.01315	0.02067	0.01128	0.01315	0.00940	0.00470	0.00470	0.00094	0.00470	0.00376	0.00376	0.81583
73	0.01210	0.01140	0.01924	0.73845	0.06611	0.01413	0.01768	0.01631	0.01274	0.01635	0.01130	0.01687	0.00851	0.00632	0.00634	0.00211	0.00843	0.00564	0.00283	0.00714
74	0.01570	0.01507	0.02575	0.03894	0.73748	0.01507	0.01947	0.01947	0.01444	0.02073	0.01193	0.01570	0.01005	0.00565	0.00628	0.00188	0.00754	0.00565	0.00314	0.01005
75	0.01198	0.01128	0.01903	0.76180	0.04369	0.01409	0.01762	0.01621	0.01268	0.01621	0.01128	0.01691	0.00846	0.00634	0.00634	0.00211	0.00846	0.00564	0.00282	0.00705
76	0.01570	0.01507	0.02575	0.03894	0.73748	0.01507	0.01947	0.01947	0.01444	0.02073	0.01193	0.01570	0.01005	0.00565	0.00628	0.00188	0.00754	0.00565	0.00314	0.01005
77	0.73484	0.01423	0.01027	0.00921	0.01307	0.09462	0.00746	0.01938	0.01158	0.02705	0.00894	0.01043	0.00701	0.00596	0.00412	0.00193	0.00562	0.00351	0.00385	0.00692
78	0.01858	0.02070	0.01497	0.01355	0.01585	0.41220	0.01006	0.07809	0.01582	0.01678	0.01311	0.01986	0.01243	0.18318	0.08038	0.00351	0.05490	0.00571	0.00364	0.00668
79	0.00972	0.00730	0.00895	0.00823	0.01015	0.00683	0.00624	0.04074	0.03940	0.02476	0.56839	0.04616	0.14796	0.01278	0.00732	0.00198	0.00330	0.01113	0.00669	0.03194
80	0.01883	0.01704	0.02923	0.02243	0.06723	0.01712	0.39230	0.27905	0.02056	0.05039	0.01406	0.01648	0.01027	0.00629	0.00696	0.00203	0.00897	0.00669	0.00452	0.00954
81	0.01497	0.01711	0.03743	0.02674	0.03316	0.01604	0.71444	0.02032	0.01497	0.02032	0.01283	0.01711	0.00963	0.00535	0.00749	0.00214	0.01070	0.00749	0.00321	0.00856
82	0.01388	0.01388	0.01943	0.01666	0.01666	0.01943	0.01388	0.01527	0.00972	0.01527	0.00833	0.01388	0.00833	0.01110	0.02082	0.00278	0.76544	0.00555	0.00278	0.00694
83	0.01289	0.06295	0.71554	0.01779	0.02701	0.01515	0.02293	0.02005	0.01337	0.01988	0.01128	0.01326	0.00804	0.00600	0.00595	0.00198	0.00927	0.00464	0.00268	0.00933
84	0.01570	0.01507	0.02575	0.03894	0.73748	0.01507	0.01947	0.01947	0.01444	0.02073	0.01193	0.01570	0.01005	0.00565	0.00628	0.00188	0.00754	0.00565	0.00314	0.01005
85	0.79252	0.01221	0.00952	0.00845	0.01241	0.01405	0.00696	0.01910	0.01107	0.05484	0.00943	0.01072	0.00720	0.00596	0.00402	0.00196	0.00493	0.00354	0.00407	0.00702
86	0.00773	0.00552	0.00736	0.00883	0.00920	0.00515	0.00589	0.00883	0.01215	0.01619	0.03497	0.77291	0.04196	0.01987	0.00810	0.00258	0.00368	0.01803	0.00589	0.00515
87	0.05308	0.01639	0.01775	0.01451	0.01872	0.17892	0.10461	0.04601	0.13468	0.24826	0.02155	0.02241	0.05181	0.00806	0.00644	0.00199	0.00734	0.03294	0.00558	0.00896
88	0.01419	0.01353	0.02301	0.33334	0.45492	0.01467	0.01872	0.01814	0.01373	0.01889	0.01167	0.01619	0.00940	0.00593	0.00631	0.00198	0.00791	0.00565	0.00301	0.00883
89	0.00922	0.00619	0.00711	0.00711	0.00718	0.00625	0.00408	0.00935	0.00928	0.01244	0.01981	0.04055	0.02264	0.73451	0.07426	0.00639	0.00678	0.00908	0.00382	0.00395
90	0.00909	0.00667	0.00956	0.00956	0.01047	0.00758	0.00713	0.01092	0.01001	0.01425	0.01758	0.02816	0.01727	0.19000	0.61141	0.00941	0.01488	0.00727	0.00349	0.00531
91	0.01377	0.21830	0.56790	0.01629	0.02469	0.01730	0.02032	0.01982	0.01327	0.01881	0.01075	0.01260	0.00806	0.00588	0.00554	0.00185	0.00873	0.00437	0.00269	0.00907
92	0.02441	0.01847	0.01913	0.01501	0.01980	0.15662	0.06118	0.37491	0.02379	0.19810	0.01632	0.01613	0.01136	0.00730	0.00632	0.00188	0.00772	0.00568	0.00589	0.00998
93	0.00862	0.00644	0.00800	0.00767	0.00927	0.00582	0.00573	0.01125	0.01701	0.02335	0.56661	0.07323	0.20590	0.01386	0.00750	0.00205	0.00306	0.01210	0.00671	0.00582
94	0.00970	0.00703	0.00954	0.01074	0.01219	0.00687	0.00912	0.01236	0.01461	0.01899	0.07898	0.12186	0.10516	0.01729	0.00851	0.00276	0.00526	0.53736	0.00592	0.00575
95	0.01491	0.01763	0.06517	0.02595	0.03240	0.01598	0.66423	0.02074	0.03749	0.02051	0.01319	0.01717	0.00987	0.00548	0.00740	0.00213	0.01046	0.00736	0.00329	0.00864
96	0.61300	0.01277	0.01129	0.00954	0.01374	0.01426	0.00786	0.10940	0.01422	0.12613	0.01183	0.01246	0.00856	0.00637	0.00457	0.00196	0.00524	0.00412	0.00476	0.00790
97	0.00750	0.00643	0.00643	0.00643	0.00857	0.00536	0.00482	0.00910	0.01446	0.01714	0.06427	0.06105	0.73490	0.01607	0.00750	0.00214	0.00321	0.01339	0.00589	0.00536
98	0.00809	0.00608	0.00805	0.00978	0.03856	0.00564	0.00640	0.00942	0.01264	0.01659	0.03817	0.62158	0.13908	0.01869	0.00796	0.00250	0.00383	0.03577	0.00578	0.00540
99	0.01198	0.01128	0.01903	0.76180	0.04369	0.01409	0.01762	0.01621	0.01268	0.01621	0.01128	0.01691	0.00846	0.00634	0.00634	0.00211	0.00846	0.00564	0.00282	0.00705

[dist]
# distance from previous block
# <min> <max>
0	2

[block]
# block no. 3 follows, 35 sequences, length 124
# corresponding to MSA columns:
# 232-324,340-370
name=unknown_D
#
# <colnr> <probs for GDERKNQSTAVLIFYWHMCP>
#	G	D	E	R	K	N	Q	S	T	A	V	L	I	F	Y	W	H	M	C	P
0	0.01420	0.01442	0.01938	0.01664	0.01675	0.04355	0.01383	0.01560	0.00999	0.01528	0.00838	0.01380	0.00832	0.01095	0.02032	0.00274	0.74060	0.00550	0.00279	0.00695
1	0.00847	0.00646	0.00777	0.00744	0.00916	0.00577	0.00558	0.01098	0.01675	0.02257	0.50233	0.05212	0.29345	0.01404	0.00749	0.00205	0.00307	0.01214	0.00661	0.00577
2	0.02231	0.18552	0.02118	0.01515	0.01892	0.57847	0.01196	0.04522	0.01729	0.01615	0.00977	0.01129	0.00825	0.00634	0.00540	0.00159	0.01034	0.00399	0.00325	0.00762
3	0.00923	0.00615	0.00692	0.00692	0.00692	0.00615	0.00384	0.00923	0.00923	0.01230	0.01999	0.04151	0.02306	0.77705	0.03229	0.00615	0.00615	0.00923	0.00384	0.00384
4	0.01753	0.58648	0.10868	0.01236	0.01800	0.08793	0.01243	0.06195	0.01442	0.01706	0.00958	0.01095	0.00829	0.00572	0.00457	0.00149	0.00749	0.00374	0.00298	0.00837
5	0.00802	0.00640	0.00718	0.00709	0.00891	0.00556	0.00528	0.01008	0.01555	0.01995	0.29356	0.09322	0.46641	0.01520	0.00752	0.00211	0.00316	0.01297	0.00627	0.00556
6	0.00898	0.00648	0.00848	0.00798	0.00948	0.00599	0.00599	0.01197	0.01796	0.02544	0.73413	0.04739	0.05986	0.01297	0.00748	0.00200	0.00299	0.01147	0.00698	0.00599
7	0.01570	0.01507	0.02575	0.03894	0.73748	0.01507	0.01947	0.01947	0.01444	0.02073	0.01193	0.01570	0.01005	0.00565	0.00628	0.00188	0.00754	0.00565	0.00314	0.01005
8	0.01183	0.00591	0.00591	0.00591	0.00739	0.00591	0.00443	0.01478	0.01330	0.02365	0.02069	0.02365	0.01626	0.00739	0.00443	0.00148	0.00296	0.00591	0.81227	0.00591
9	0.00862	0.00647	0.00799	0.00761	0.00926	0.00583	0.00571	0.01128	0.01712	0.02344	0.57305	0.05067	0.22219	0.01371	0.00749	0.00203	0.00305	0.01193	0.00672	0.00583
10	0.00762	0.00597	0.00690	0.00765	0.00889	0.00525	0.00536	0.00897	0.01329	0.01666	0.04940	0.42212	0.38343	0.01800	0.00780	0.00236	0.00345	0.01575	0.00589	0.00525
11	0.00780	0.00617	0.00703	0.00739	0.00890	0.00540	0.00532	0.00948	0.01433	0.01819	0.16271	0.27064	0.42077	0.01670	0.00767	0.00225	0.00332	0.01446	0.00607	0.00540
12	0.05484	0.01085	0.01454	0.01119	0.01606	0.00949	0.00924	0.03051	0.01791	0.71815	0.02449	0.02122	0.01541	0.00779	0.00630	0.00196	0.00538	0.00628	0.00772	0.01067
13	0.02412	0.01777	0.01904	0.01460	0.01967	0.01967	0.01206	0.71633	0.02983	0.03998	0.01523	0.01523	0.01079	0.00762	0.00635	0.00190	0.00698	0.00571	0.00635	0.01079
14	0.01315	0.01128	0.01315	0.00940	0.01503	0.00846	0.00752	0.01597	0.01315	0.02067	0.01128	0.01315	0.00940	0.00470	0.00470	0.00094	0.00470	0.00376	0.00376	0.81583
15	0.77553	0.01218	0.00964	0.00851	0.01250	0.01394	0.00701	0.01936	0.01123	0.07012	0.00978	0.01096	0.00739	0.00600	0.00407	0.00196	0.00494	0.00361	0.00416	0.00710
16	0.00923	0.00615	0.00692	0.00692	0.00692	0.00615	0.00384	0.00923	0.00923	0.01230	0.01999	0.04151	0.02306	0.77705	0.03229	0.00615	0.00615	0.00923	0.00384	0.00384
17	0.00898	0.00648	0.00848	0.00798	0.00948	0.00599	0.00599	0.01197	0.01796	0.02544	0.73413	0.04739	0.05986	0.01297	0.00748	0.00200	0.00299	0.01147	0.00698	0.00599
18	0.01448	0.01382	0.02354	0.27705	0.50895	0.01475	0.01886	0.01840	0.01387	0.01924	0.01172	0.01610	0.00952	0.00588	0.00630	0.00196	0.00784	0.00565	0.00303	0.00906
19	0.01707	0.72985	0.05534	0.01128	0.01676	0.05108	0.01131	0.01926	0.01309	0.01511	0.00894	0.01032	0.00814	0.00549	0.00419	0.00139	0.00704	0.00346	0.00273	0.00815
20	0.01611	0.01658	0.03552	0.02544	0.03173	0.01548	0.65506	0.02121	0.01524	0.08108	0.01386	0.01749	0.01014	0.00556	0.00739	0.00212	0.01025	0.00739	0.00360	0.00874
21	0.00930	0.00616	0.00699	0.00699	0.00707	0.00620	0.00399	0.00946	0.00938	0.01271	0.01992	0.04047	0.02264	0.73173	0.05354	0.00614	0.00639	0.00905	0.02792	0.00396
22	0.00964	0.00686	0.00897	0.00938	0.01008	0.00722	0.00700	0.01108	0.01120	0.01505	0.02358	0.04744	0.02570	0.36476	0.16475	0.00579	0.02790	0.23427	0.00439	0.00494
23	0.01504	0.31485	0.42902	0.01520	0.02273	0.04716	0.01796	0.03782	0.01380	0.01848	0.01045	0.01215	0.00815	0.00586	0.00528	0.00175	0.00841	0.00420	0.00281	0.00887
24	0.00907	0.00675	0.00996	0.00996	0.01101	0.00780	0.00763	0.01118	0.01013	0.01455	0.01721	0.02612	0.01638	0.10034	0.69986	0.00990	0.01621	0.00697	0.00343	0.00553
25	0.00994	0.00717	0.00985	0.01116	0.01263	0.00707	0.00963	0.01272	0.01460	0.01895	0.05454	0.09358	0.08039	0.01739	0.00863	0.00284	0.00553	0.61172	0.00588	0.00579
26	0.00861	0.00644	0.00739	0.00764	0.00881	0.00603	0.00546	0.00989	0.01248	0.01580	0.05933	0.07966	0.31168	0.28434	0.04691	0.00400	0.00520	0.11032	0.00509	0.00492
27	0.01537	0.01884	0.07804	0.02559	0.03199	0.06088	0.63069	0.02061	0.01506	0.02001	0.01256	0.01655	0.00944	0.00546	0.00729	0.00210	0.01066	0.00711	0.00318	0.00853
28	0.01476	0.01759	0.08146	0.02461	0.03085	0.01569	0.59130	0.02119	0.07287	0.02077	0.01439	0.01895	0.01108	0.00600	0.00734	0.00215	0.01001	0.02682	0.00351	0.00865
29	0.02846	0.01080	0.01472	0.01129	0.01619	0.00932	0.00932	0.03092	0.01816	0.74187	0.02503	0.02159	0.01570	0.00785	0.00638	0.00196	0.00540	0.00638	0.00785	0.01080
30	0.00999	0.00759	0.00901	0.00838	0.01034	0.00728	0.00635	0.05806	0.05912	0.02432	0.47588	0.06863	0.20447	0.01327	0.00737	0.00205	0.00344	0.01147	0.00663	0.00637
31	0.01535	0.01471	0.02511	0.10733	0.67184	0.01498	0.01929	0.01916	0.01428	0.02030	0.01187	0.01582	0.00990	0.00572	0.00629	0.00191	0.00762	0.00565	0.00311	0.00976
32	0.01697	0.01380	0.01445	0.01286	0.01633	0.04473	0.01012	0.14136	0.44971	0.05628	0.02465	0.08315	0.02030	0.00982	0.00669	0.00217	0.00557	0.05534	0.00628	0.00941
33	0.01669	0.73278	0.07895	0.01132	0.01700	0.02444	0.01166	0.01907	0.01292	0.01526	0.00898	0.01038	0.00813	0.00547	0.00420	0.00140	0.00695	0.00348	0.00271	0.00822
34	0.02013	0.02466	0.01633	0.01476	0.01780	0.56638	0.03301	0.02195	0.01679	0.01604	0.01728	0.01889	0.09693	0.01052	0.05774	0.00230	0.01058	0.00556	0.02535	0.00699
35	0.01570	0.01507	0.02575	0.03894	0.73748	0.01507	0.01947	0.01947	0.01444	0.02073	0.01193	0.01570	0.01005	0.00565	0.00628	0.00188	0.00754	0.00565	0.00314	0.01005
36	0.02514	0.00655	0.00793	0.00835	0.00963	0.00620	0.00596	0.01135	0.05371	0.01982	0.23819	0.37410	0.17705	0.01628	0.00763	0.00229	0.00350	0.01439	0.00619	0.00573
37	0.00769	0.00582	0.00711	0.00809	0.00902	0.00524	0.00557	0.00900	0.01300	0.01673	0.06262	0.53969	0.25042	0.01855	0.00790	0.00243	0.00352	0.01646	0.00592	0.00524
38	0.00777	0.00570	0.00732	0.00858	0.00923	0.00525	0.00587	0.00900	0.01254	0.01641	0.03901	0.65277	0.13837	0.01927	0.00803	0.00253	0.00368	0.03758	0.00589	0.00520
39	0.01496	0.42713	0.36943	0.01427	0.02157	0.02020	0.01681	0.01951	0.01313	0.01737	0.01003	0.01170	0.00809	0.00571	0.00500	0.00167	0.00801	0.00400	0.00270	0.00872
40	0.02370	0.03023	0.01798	0.01634	0.01961	0.75158	0.01226	0.02533	0.01798	0.01553	0.00981	0.01144	0.00817	0.00654	0.00572	0.00163	0.01144	0.00409	0.00327	0.00735
41	0.01547	0.01483	0.02533	0.08425	0.69399	0.01501	0.01935	0.01926	0.01433	0.02044	0.01189	0.01578	0.00995	0.00570	0.00628	0.00190	0.00759	0.00565	0.00312	0.00986
42	0.23425	0.01607	0.01633	0.01283	0.01760	0.01787	0.01059	0.50787	0.02440	0.06237	0.01390	0.01416	0.00994	0.00717	0.00571	0.00192	0.00638	0.00514	0.00576	0.00976
43	0.01536	0.01472	0.02500	0.05671	0.69782	0.01476	0.01899	0.01908	0.01440	0.02050	0.01347	0.01708	0.03156	0.00598	0.00632	0.00190	0.00743	0.00588	0.00321	0.00983
44	0.00923	0.00615	0.00692	0.00692	0.00692	0.00615	0.00384	0.00923	0.00923	0.01230	0.01999	0.04151	0.02306	0.77705	0.03229	0.00615	0.00615	0.00923	0.00384	0.00384
45	0.00890	0.00645	0.00863	0.00984	0.01091	0.00617	0.00772	0.01097	0.01382	0.01815	0.08605	0.35631	0.09592	0.01805	0.00830	0.00265	0.00455	0.31515	0.00595	0.00553
46	0.00778	0.00556	0.00740	0.00880	0.00921	0.00518	0.00589	0.00895	0.01237	0.01655	0.06190	0.74496	0.04265	0.01961	0.00807	0.00255	0.00365	0.01778	0.00593	0.00518
47	0.00933	0.00660	0.00834	0.00784	0.00954	0.00599	0.00590	0.01209	0.01741	0.04551	0.60770	0.04877	0.16463	0.01330	0.00745	0.00202	0.00310	0.01162	0.00684	0.00603
48	0.01403	0.01392	0.02019	0.04995	0.10664	0.01867	0.01472	0.01582	0.01042	0.01598	0.00889	0.01423	0.00855	0.01024	0.01843	0.00264	0.64096	0.00557	0.00282	0.00733
49	0.02585	0.01449	0.01695	0.01305	0.01801	0.01488	0.01076	0.38678	0.04394	0.35760	0.01996	0.01835	0.01325	0.00775	0.00636	0.00194	0.00621	0.00605	0.00703	0.01077
50	0.02426	0.01754	0.01890	0.01449	0.01956	0.01933	0.01197	0.69374	0.02944	0.06311	0.01555	0.01544	0.01095	0.00762	0.00635	0.00191	0.00693	0.00573	0.00640	0.01079
