[name]
unknown

[dist]
# distance from previous block
# <min> <max>
0	63

[block]
# block no. 0 follows, 31 sequences, length 12
# corresponding to MSA columns:
# 63-74
name=unknown_A
#
# <colnr> <probs for GDERKNQSTAVLIFYWHMCP>
#	G	D	E	R	K	N	Q	S	T	A	V	L	I	F	Y	W	H	M	C	P
0	0.08316	0.21294	0.08394	0.04350	0.01950	0.16638	0.01251	0.02297	0.01602	0.14403	0.01711	0.06543	0.01486	0.00872	0.00616	0.00201	0.00798	0.05949	0.00463	0.00867
1	0.07213	0.12358	0.05804	0.01194	0.01545	0.11142	0.00997	0.01975	0.01545	0.15714	0.02556	0.27561	0.05199	0.01251	0.00691	0.00221	0.00642	0.01043	0.00552	0.00796
2	0.21033	0.15644	0.10788	0.01181	0.01588	0.06048	0.01096	0.01770	0.01435	0.02227	0.08883	0.15373	0.02334	0.01091	0.00634	0.00219	0.00640	0.06798	0.00466	0.00753
3	0.41365	0.11471	0.20650	0.01264	0.01877	0.01688	0.01316	0.04769	0.01399	0.07085	0.01165	0.01297	0.00869	0.00653	0.00513	0.00204	0.00697	0.00436	0.00408	0.00875
4	0.00870	0.00617	0.00813	0.00956	0.01001	0.00584	0.00650	0.00992	0.01300	0.01729	0.03605	0.63485	0.04284	0.09197	0.01129	0.00318	0.00440	0.06869	0.00614	0.00548
5	0.01901	0.01615	0.01615	0.01387	0.01792	0.06507	0.01094	0.21290	0.38650	0.03096	0.06170	0.02651	0.07247	0.00969	0.00702	0.00220	0.00620	0.00782	0.00668	0.01025
6	0.20875	0.02015	0.01741	0.01450	0.01893	0.23964	0.04523	0.10861	0.04911	0.10566	0.01397	0.01496	0.01051	0.00721	0.00641	0.00195	0.03079	0.00510	0.00486	0.07625
7	0.01565	0.34307	0.43335	0.01621	0.02452	0.02061	0.01954	0.02117	0.01421	0.01931	0.01111	0.01298	0.00871	0.00623	0.00561	0.00187	0.00893	0.00447	0.00290	0.00955
8	0.01590	0.02017	0.10980	0.02789	0.03513	0.01716	0.62434	0.02189	0.01597	0.02189	0.01368	0.01805	0.01021	0.00584	0.00791	0.00229	0.01139	0.00777	0.00340	0.00932
9	0.01528	0.01310	0.01387	0.01275	0.01616	0.01479	0.00981	0.03112	0.56903	0.02655	0.03359	0.08585	0.10618	0.01117	0.00723	0.00235	0.00507	0.00943	0.00684	0.00982
10	0.01517	0.26547	0.50668	0.01704	0.02580	0.01942	0.02099	0.02129	0.01427	0.01991	0.01140	0.01335	0.00870	0.00630	0.00583	0.00194	0.00923	0.00461	0.00290	0.00969
11	0.01693	0.01626	0.02777	0.04199	0.71689	0.01626	0.02100	0.02100	0.01558	0.02235	0.01287	0.01693	0.01084	0.00610	0.00677	0.00203	0.00813	0.00610	0.00339	0.01084

[dist]
# distance from previous block
# <min> <max>
1	6

[block]
# block no. 1 follows, 31 sequences, length 41
# corresponding to MSA columns:
# 81-121
name=unknown_B
#
# <colnr> <probs for GDERKNQSTAVLIFYWHMCP>
#	G	D	E	R	K	N	Q	S	T	A	V	L	I	F	Y	W	H	M	C	P
0	0.00830	0.00608	0.00781	0.00919	0.00983	0.00559	0.00620	0.00956	0.01342	0.01760	0.04182	0.66534	0.13236	0.02090	0.00865	0.00272	0.00390	0.01880	0.00635	0.00559
1	0.01752	0.01494	0.01575	0.01402	0.01798	0.01725	0.01095	0.07291	0.66716	0.02942	0.02721	0.02502	0.02037	0.00922	0.00695	0.00231	0.00553	0.00765	0.00695	0.01087
2	0.74797	0.01311	0.01050	0.00924	0.01356	0.01494	0.00761	0.02113	0.01226	0.08397	0.01087	0.01205	0.00814	0.00651	0.00444	0.00212	0.00533	0.00395	0.00456	0.00774
3	0.00812	0.00679	0.00708	0.00730	0.00934	0.00574	0.00536	0.00978	0.01523	0.01834	0.06476	0.16497	0.61791	0.01792	0.00818	0.00238	0.00354	0.01516	0.00635	0.00574
4	0.01469	0.18973	0.57826	0.01785	0.02706	0.01826	0.02240	0.02142	0.01433	0.02049	0.01169	0.01371	0.00869	0.00636	0.00605	0.00202	0.00952	0.00476	0.00290	0.00983
5	0.01883	0.70981	0.03464	0.01214	0.01782	0.07903	0.01182	0.02099	0.01431	0.01614	0.00959	0.01107	0.00878	0.00594	0.00452	0.00149	0.00769	0.00371	0.00297	0.00872
6	0.00936	0.00705	0.00885	0.00966	0.01120	0.00654	0.00760	0.01167	0.01564	0.02021	0.14265	0.21809	0.24706	0.01828	0.00869	0.00267	0.00450	0.23777	0.00650	0.00600
7	0.02478	0.02362	0.01951	0.01623	0.02079	0.28391	0.01283	0.37003	0.10635	0.03165	0.01560	0.01598	0.01168	0.00791	0.00661	0.00198	0.00906	0.00570	0.00563	0.01017
8	0.00936	0.00720	0.00900	0.04003	0.01154	0.00664	0.00664	0.01222	0.01803	0.02442	0.49721	0.05392	0.24936	0.01464	0.00802	0.00220	0.00355	0.01269	0.00700	0.00631
9	0.01275	0.00638	0.00638	0.00638	0.00797	0.00638	0.00478	0.01594	0.01435	0.02551	0.02232	0.02551	0.01754	0.00797	0.00478	0.00159	0.00319	0.00638	0.79755	0.00638
10	0.01313	0.01257	0.02181	0.69675	0.04638	0.01534	0.06270	0.01777	0.01384	0.01777	0.01227	0.01825	0.00920	0.00677	0.00692	0.00228	0.00928	0.00621	0.00307	0.00771
11	0.01804	0.72321	0.07410	0.01214	0.01823	0.02645	0.01246	0.02055	0.01393	0.01641	0.00966	0.01117	0.00877	0.00589	0.00451	0.00150	0.00747	0.00374	0.00292	0.00885
12	0.01031	0.00720	0.00893	0.00837	0.01033	0.00646	0.00633	0.01315	0.01847	0.05858	0.52533	0.05332	0.21864	0.01453	0.00802	0.00219	0.00341	0.01261	0.00729	0.00654
13	0.00834	0.00595	0.00794	0.00953	0.00992	0.00556	0.00635	0.00953	0.01310	0.01746	0.03771	0.75510	0.04525	0.02143	0.00873	0.00278	0.00397	0.01945	0.00635	0.00556
14	0.01264	0.01300	0.02299	0.01768	0.02190	0.01260	0.30357	0.01717	0.05731	0.02043	0.03818	0.03900	0.31366	0.01143	0.00911	0.00236	0.06375	0.01063	0.00488	0.00771
15	0.01292	0.01216	0.02052	0.74312	0.04712	0.01520	0.01900	0.01748	0.01368	0.01748	0.01216	0.01824	0.00912	0.00684	0.00684	0.00228	0.00912	0.00608	0.00304	0.00760
16	0.01497	0.01497	0.02095	0.01796	0.01796	0.02095	0.01497	0.01646	0.01048	0.01646	0.00898	0.01497	0.00898	0.01197	0.02245	0.00299	0.74704	0.00599	0.00299	0.00748
17	0.05871	0.03946	0.02778	0.02114	0.02615	0.24174	0.28390	0.09473	0.01835	0.05232	0.01302	0.01577	0.01003	0.00699	0.00800	0.00212	0.06057	0.00622	0.00405	0.00896
18	0.01188	0.00594	0.00891	0.00891	0.00891	0.00594	0.00594	0.00891	0.00891	0.01188	0.01188	0.02080	0.01188	0.02377	0.02674	0.80095	0.00594	0.00594	0.00297	0.00297
19	0.02136	0.45697	0.02904	0.01405	0.01907	0.27379	0.01232	0.06853	0.01706	0.01815	0.01035	0.01182	0.00898	0.00643	0.00518	0.00161	0.00909	0.00409	0.00340	0.00868
20	0.00840	0.00605	0.00796	0.00936	0.00991	0.00562	0.00631	0.00973	0.01356	0.01806	0.07662	0.68603	0.07538	0.02084	0.00867	0.00272	0.00391	0.01884	0.00642	0.00562
21	0.01372	0.03539	0.72412	0.01950	0.02961	0.01589	0.02528	0.02167	0.01444	0.02167	0.01228	0.01444	0.00867	0.00650	0.00650	0.00217	0.01011	0.00506	0.00289	0.01011
22	0.05790	0.00736	0.00881	0.00833	0.01023	0.00687	0.00629	0.01280	0.01822	0.02604	0.55565	0.05130	0.17694	0.01412	0.00784	0.00218	0.00340	0.01221	0.00712	0.00639
23	0.03050	0.01196	0.01608	0.01232	0.01762	0.01053	0.01018	0.06154	0.02012	0.69267	0.02654	0.02299	0.01671	0.00846	0.00688	0.00211	0.00589	0.00685	0.00840	0.01164
24	0.00957	0.00684	0.00816	0.00792	0.00898	0.00643	0.00535	0.01130	0.01507	0.02051	0.34681	0.05060	0.13839	0.31353	0.01880	0.00397	0.00463	0.01169	0.00601	0.00543
25	0.01778	0.01671	0.03485	0.02525	0.03154	0.01554	0.55157	0.02282	0.01646	0.12302	0.01720	0.06392	0.01345	0.00711	0.00794	0.00231	0.01025	0.00859	0.00436	0.00935
26	0.01470	0.19109	0.57697	0.01783	0.02703	0.01828	0.02238	0.02141	0.01433	0.02048	0.01169	0.01370	0.00869	0.00636	0.00605	0.00202	0.00951	0.00476	0.00290	0.00983
27	0.01552	0.01706	0.03479	0.13081	0.03492	0.01751	0.50022	0.02051	0.01500	0.02051	0.01292	0.01794	0.01000	0.00679	0.00990	0.00240	0.11363	0.00749	0.00333	0.00875
28	0.00945	0.01045	0.11208	0.01135	0.01330	0.00734	0.00967	0.01186	0.01362	0.01844	0.03384	0.56459	0.03923	0.01896	0.00850	0.00274	0.00515	0.09731	0.00584	0.00631
29	0.02431	0.03024	0.02060	0.02116	0.12195	0.62839	0.01435	0.02640	0.01884	0.01756	0.01091	0.01300	0.00911	0.00691	0.00626	0.00180	0.01173	0.00465	0.00350	0.00835
30	0.00840	0.00667	0.00760	0.00827	0.00987	0.00587	0.00606	0.01006	0.01475	0.01829	0.05583	0.30350	0.43081	0.01886	0.00842	0.00254	0.00386	0.06825	0.00635	0.00574
31	0.01479	0.01346	0.01855	0.45756	0.03519	0.06322	0.01578	0.10173	0.01585	0.02032	0.01381	0.01933	0.01100	0.01586	0.15092	0.00395	0.01097	0.00622	0.00367	0.00783
32	0.01578	0.07729	0.58036	0.01848	0.02766	0.01734	0.02267	0.11901	0.01698	0.02444	0.01271	0.01452	0.00910	0.00671	0.00642	0.00211	0.00957	0.00513	0.00346	0.01025
33	0.80789	0.01323	0.01006	0.00900	0.01323	0.01535	0.00741	0.02011	0.01164	0.03070	0.00953	0.01111	0.00741	0.00635	0.00423	0.00212	0.00529	0.00370	0.00423	0.00741
34	0.01238	0.01146	0.01839	0.56747	0.03889	0.01400	0.01668	0.01634	0.01384	0.01773	0.01997	0.02734	0.08976	0.00914	0.00810	0.00239	0.05314	0.05206	0.00363	0.00730
35	0.01419	0.01216	0.01419	0.01013	0.01621	0.00912	0.00811	0.01723	0.01419	0.02229	0.01216	0.01419	0.01013	0.00507	0.00507	0.00101	0.00507	0.00405	0.00405	0.80139
36	0.02478	0.01855	0.01984	0.01549	0.02075	0.02064	0.01271	0.60435	0.12389	0.04114	0.01798	0.01767	0.01290	0.00836	0.00686	0.00209	0.00724	0.00637	0.00686	0.01152
37	0.01288	0.00835	0.01103	0.01108	0.01312	0.00812	0.00904	0.03574	0.04132	0.09079	0.26851	0.11173	0.04493	0.01576	0.00851	0.00262	0.00502	0.28737	0.00698	0.00712
38	0.01140	0.00734	0.00990	0.00967	0.01070	0.00782	0.00688	0.01287	0.01133	0.06934	0.02093	0.05923	0.02109	0.32114	0.38089	0.00833	0.01233	0.00874	0.00432	0.00576
39	0.02758	0.01181	0.01543	0.01208	0.01688	0.01078	0.00983	0.08207	0.04435	0.56907	0.07524	0.02562	0.02037	0.03643	0.00799	0.00229	0.00578	0.00736	0.00806	0.01097
40	0.06373	0.01647	0.02191	0.01700	0.02224	0.01747	0.14659	0.25622	0.20861	0.12687	0.02009	0.01995	0.01439	0.00795	0.00699	0.00219	0.00740	0.00694	0.00629	0.01071

[dist]
# distance from previous block
# <min> <max>
3	5

[block]
# block no. 2 follows, 31 sequences, length 8
# corresponding to MSA columns:
# 127-134
name=unknown_C
#
# <colnr> <probs for GDERKNQSTAVLIFYWHMCP>
#	G	D	E	R	K	N	Q	S	T	A	V	L	I	F	Y	W	H	M	C	P
0	0.02306	0.01486	0.01541	0.01206	0.01721	0.12171	0.00964	0.02566	0.01748	0.33458	0.02128	0.02043	0.04648	0.00748	0.00619	0.00169	0.00646	0.00587	0.00606	0.28640
1	0.01419	0.01216	0.01419	0.01013	0.01621	0.00912	0.00811	0.01723	0.01419	0.02229	0.01216	0.01419	0.01013	0.00507	0.00507	0.00101	0.00507	0.00405	0.00405	0.80139
2	0.02192	0.01424	0.01922	0.01468	0.01997	0.01372	0.09820	0.15927	0.10805	0.24051	0.05926	0.02148	0.01697	0.00786	0.00677	0.00195	0.00656	0.00679	0.00644	0.15614
3	0.01038	0.00780	0.00993	0.00884	0.01115	0.00687	0.00671	0.01358	0.01856	0.02664	0.60435	0.04537	0.05610	0.01260	0.00760	0.00197	0.00351	0.01108	0.00699	0.12997
4	0.00922	0.00692	0.00854	0.00826	0.00997	0.00624	0.00615	0.01197	0.01810	0.02471	0.51984	0.09488	0.21962	0.01522	0.00811	0.00223	0.00333	0.01327	0.00718	0.00624
5	0.02015	0.21969	0.02238	0.01457	0.01819	0.31883	0.01193	0.06314	0.01784	0.01983	0.11968	0.01851	0.01765	0.00837	0.00764	0.00188	0.08176	0.00571	0.00414	0.00811
6	0.01765	0.66182	0.13212	0.01280	0.01924	0.02551	0.01360	0.02065	0.01398	0.01688	0.00990	0.01146	0.00876	0.00594	0.00468	0.00156	0.00771	0.00385	0.00292	0.00897
7	0.05283	0.01405	0.01862	0.21532	0.02609	0.01644	0.01392	0.12342	0.08153	0.13240	0.01575	0.01816	0.01177	0.00857	0.01017	0.00231	0.17426	0.00614	0.00492	0.05334

[dist]
# distance from previous block
# <min> <max>
3	19

[block]
# block no. 3 follows, 31 sequences, length 7
# corresponding to MSA columns:
# 155-161
name=unknown_D
#
# <colnr> <probs for GDERKNQSTAVLIFYWHMCP>
#	G	D	E	R	K	N	Q	S	T	A	V	L	I	F	Y	W	H	M	C	P
0	0.00939	0.00689	0.00843	0.00828	0.00994	0.00630	0.00620	0.01120	0.01594	0.02102	0.30487	0.05273	0.30960	0.01887	0.05197	0.10338	0.00465	0.03839	0.00622	0.00572
1	0.01028	0.00749	0.00993	0.10096	0.01357	0.00816	0.00705	0.01143	0.01066	0.01441	0.01962	0.03725	0.02107	0.49941	0.19415	0.00710	0.00968	0.00885	0.00389	0.00504
2	0.01470	0.01006	0.01163	0.01040	0.01229	0.01067	0.00746	0.13046	0.11173	0.05058	0.08623	0.03322	0.02355	0.30254	0.05229	0.10490	0.00669	0.00849	0.00532	0.00681
3	0.12304	0.09724	0.04338	0.01414	0.01910	0.09412	0.01202	0.26171	0.06625	0.15133	0.01637	0.01641	0.01182	0.00780	0.00677	0.00204	0.03496	0.00558	0.00576	0.01015
4	0.01687	0.05636	0.17340	0.05757	0.02299	0.12843	0.05775	0.04659	0.03392	0.04561	0.01343	0.01631	0.01070	0.01121	0.07850	0.00278	0.05641	0.00540	0.00380	0.16197
5	0.05575	0.01424	0.01687	0.08557	0.02098	0.04411	0.03589	0.14694	0.05431	0.09628	0.01779	0.02340	0.01461	0.00809	0.00646	0.00188	0.00672	0.07893	0.00528	0.26588
6	0.20512	0.01563	0.01622	0.08592	0.02046	0.05302	0.01110	0.20749	0.06197	0.05956	0.01416	0.01552	0.01067	0.00712	0.00629	0.00191	0.02764	0.00518	0.00508	0.16994

[dist]
# distance from previous block
# <min> <max>
4	25

[block]
# block no. 4 follows, 31 sequences, length 19
# corresponding to MSA columns:
# 187-205
name=unknown_E
#
# <colnr> <probs for GDERKNQSTAVLIFYWHMCP>
#	G	D	E	R	K	N	Q	S	T	A	V	L	I	F	Y	W	H	M	C	P
0	0.01054	0.00762	0.00897	0.00877	0.01006	0.00738	0.00608	0.06420	0.01574	0.02112	0.22209	0.19140	0.13875	0.23797	0.01609	0.00363	0.00476	0.01290	0.00606	0.00589
1	0.06816	0.02415	0.01820	0.01566	0.01974	0.36434	0.01214	0.21389	0.09909	0.02623	0.01419	0.01527	0.01104	0.00817	0.00709	0.03234	0.00937	0.00528	0.00488	0.03077
2	0.01126	0.00828	0.01098	0.05830	0.01367	0.00904	0.00815	0.06893	0.01333	0.01820	0.03660	0.12998	0.02407	0.23835	0.28233	0.00680	0.01074	0.04035	0.00459	0.00606
3	0.00920	0.00684	0.00835	0.00846	0.00988	0.00626	0.00617	0.01139	0.01621	0.02170	0.33150	0.16111	0.21698	0.09887	0.01123	0.00285	0.00397	0.05654	0.00661	0.00589
4	0.00978	0.00664	0.00827	0.00836	0.00895	0.00658	0.00549	0.01043	0.01199	0.01614	0.11578	0.11681	0.08768	0.35756	0.10824	0.09382	0.00696	0.01088	0.00481	0.00483
5	0.02137	0.02111	0.02551	0.01970	0.02505	0.17612	0.22027	0.23891	0.09568	0.02827	0.01537	0.01701	0.01155	0.00717	0.00700	0.00205	0.00947	0.00643	0.00496	0.04700
6	0.00976	0.00675	0.00880	0.00932	0.01007	0.00673	0.00662	0.01092	0.01257	0.01686	0.08309	0.20065	0.07124	0.23037	0.12236	0.07205	0.00720	0.10429	0.00515	0.00521
7	0.06445	0.00682	0.00703	0.00696	0.00844	0.00691	0.00506	0.01466	0.01324	0.02299	0.02217	0.02720	0.04617	0.06846	0.00981	0.09643	0.00393	0.00677	0.55667	0.00584
8	0.01013	0.00722	0.01045	0.01045	0.01172	0.00829	0.00811	0.01266	0.01139	0.01702	0.01880	0.02671	0.01715	0.04619	0.64654	0.00989	0.01654	0.00722	0.09740	0.00614
9	0.02391	0.04599	0.04740	0.04180	0.05147	0.29632	0.01396	0.30943	0.05528	0.02890	0.01403	0.01510	0.01065	0.00754	0.00650	0.00195	0.00947	0.00543	0.00503	0.00985
10	0.01510	0.01192	0.01367	0.07084	0.01783	0.01320	0.01005	0.02709	0.40926	0.06979	0.03263	0.15872	0.09677	0.01204	0.00738	0.00238	0.00528	0.01033	0.00657	0.00916
11	0.00893	0.00679	0.00799	0.00819	0.00967	0.00612	0.00591	0.01086	0.01560	0.02035	0.23940	0.18115	0.30349	0.10026	0.01125	0.00287	0.00397	0.04499	0.00644	0.00577
12	0.02115	0.01478	0.01626	0.01329	0.01757	0.01593	0.01062	0.31989	0.19227	0.11950	0.06286	0.02696	0.07458	0.05207	0.00863	0.00241	0.00619	0.00785	0.00692	0.01026
13	0.05067	0.01707	0.01882	0.03860	0.02077	0.01844	0.01218	0.47635	0.08476	0.11446	0.01790	0.01769	0.01268	0.00802	0.00665	0.00202	0.00698	0.00615	0.00664	0.06315
14	0.00930	0.00696	0.00761	0.00759	0.00943	0.00608	0.00545	0.01090	0.01504	0.04289	0.11548	0.12775	0.47118	0.11971	0.01180	0.00293	0.00401	0.01386	0.00623	0.00579
15	0.05102	0.00666	0.00801	0.00884	0.00975	0.00634	0.00601	0.01056	0.01365	0.01892	0.11551	0.46713	0.12146	0.10953	0.01153	0.00309	0.00422	0.01605	0.00610	0.00561
16	0.03566	0.01821	0.02737	0.04566	0.04680	0.09538	0.30927	0.13348	0.06807	0.02472	0.01848	0.02162	0.05773	0.03273	0.00876	0.00236	0.03260	0.00752	0.00448	0.00910
17	0.01449	0.00919	0.01116	0.01079	0.01281	0.00919	0.00793	0.08339	0.08708	0.12074	0.03192	0.35416	0.05348	0.11097	0.01145	0.00306	0.00518	0.04910	0.00648	0.00743
18	0.10118	0.00831	0.00962	0.00930	0.01133	0.00805	0.00673	0.01589	0.03842	0.13309	0.09767	0.26171	0.12086	0.13264	0.01185	0.00307	0.00475	0.01246	0.00624	0.00682

[dist]
# distance from previous block
# <min> <max>
2	6

[block]
# block no. 5 follows, 31 sequences, length 26
# corresponding to MSA columns:
# 215-219,231-251
name=unknown_F
#
# <colnr> <probs for GDERKNQSTAVLIFYWHMCP>
#	G	D	E	R	K	N	Q	S	T	A	V	L	I	F	Y	W	H	M	C	P
0	0.18177	0.01536	0.01683	0.13820	0.09177	0.07917	0.01238	0.04047	0.14016	0.02426	0.01441	0.01648	0.01131	0.00698	0.00640	0.00195	0.03007	0.00534	0.00438	0.16231
1	0.02029	0.40836	0.11911	0.01483	0.02040	0.27732	0.01400	0.02308	0.01593	0.01705	0.01025	0.01191	0.00878	0.00636	0.00530	0.00166	0.00947	0.00411	0.00314	0.00865
2	0.01434	0.15421	0.16788	0.10426	0.02280	0.01472	0.04216	0.01854	0.01530	0.04075	0.15296	0.02202	0.02056	0.00782	0.00668	0.00186	0.02571	0.00641	0.00425	0.15678
3	0.01402	0.07356	0.12609	0.52335	0.04037	0.01597	0.03556	0.01884	0.01404	0.03611	0.01239	0.01714	0.00928	0.00668	0.00658	0.00216	0.00899	0.00576	0.00318	0.02992
4	0.06050	0.01296	0.04342	0.42703	0.03388	0.01346	0.01497	0.04545	0.01444	0.02058	0.01386	0.06503	0.01171	0.00741	0.00639	0.00200	0.00760	0.00632	0.00371	0.18927
5	0.00925	0.00737	0.00993	0.00955	0.01125	0.00688	0.04218	0.01138	0.01498	0.01975	0.19215	0.20308	0.25832	0.06975	0.09894	0.00373	0.00598	0.01357	0.00599	0.00599
6	0.06676	0.01062	0.01201	0.01024	0.01339	0.01060	0.00807	0.16988	0.02100	0.06346	0.34610	0.03992	0.14390	0.01204	0.00736	0.00210	0.00459	0.01009	0.00688	0.04103
7	0.01820	0.01447	0.01554	0.01356	0.01751	0.01627	0.01065	0.14113	0.49469	0.05916	0.05299	0.04720	0.04813	0.00990	0.00707	0.00227	0.00558	0.00820	0.00699	0.01049
8	0.01912	0.68063	0.03398	0.01238	0.01797	0.10716	0.01188	0.02126	0.01452	0.01617	0.00963	0.01113	0.00878	0.00599	0.00459	0.00150	0.00789	0.00374	0.00299	0.00868
9	0.01473	0.01270	0.01551	0.01112	0.01721	0.00993	0.03637	0.04418	0.01498	0.02310	0.01240	0.01445	0.01020	0.00522	0.00526	0.00111	0.00543	0.00430	0.00414	0.73765
10	0.00884	0.00643	0.00834	0.00898	0.00999	0.00592	0.00631	0.01087	0.01573	0.02144	0.30444	0.42897	0.10189	0.01822	0.00843	0.00250	0.00364	0.01631	0.00681	0.00592
11	0.32958	0.01998	0.21308	0.01516	0.02158	0.01508	0.09815	0.04886	0.01509	0.14293	0.01401	0.01519	0.00988	0.00674	0.00588	0.00215	0.00758	0.00525	0.00457	0.00925
12	0.01802	0.72061	0.07656	0.01217	0.01827	0.02641	0.01251	0.02056	0.01393	0.01643	0.00967	0.01118	0.00877	0.00589	0.00451	0.00150	0.00748	0.00374	0.00292	0.00886
13	0.00968	0.00699	0.00914	0.00861	0.01022	0.00646	0.00646	0.01291	0.01937	0.02743	0.71328	0.05110	0.06455	0.01399	0.00807	0.00215	0.00323	0.01237	0.00753	0.00646
14	0.01231	0.00886	0.01239	0.01214	0.01431	0.00869	0.04927	0.01674	0.08552	0.06765	0.13300	0.20336	0.07485	0.01621	0.00853	0.00268	0.00541	0.25442	0.00653	0.00712
15	0.07918	0.06614	0.02141	0.07322	0.14178	0.25740	0.01435	0.20014	0.03887	0.02598	0.01294	0.01481	0.01014	0.00711	0.00627	0.00195	0.00913	0.00527	0.00444	0.00947
16	0.00995	0.00663	0.00746	0.00746	0.00746	0.00663	0.00415	0.00995	0.00995	0.01327	0.02156	0.04477	0.02487	0.75957	0.03482	0.00663	0.00663	0.00995	0.00415	0.00415
17	0.00826	0.00694	0.00717	0.00711	0.00935	0.00585	0.00534	0.01016	0.01601	0.01946	0.13995	0.06422	0.64285	0.01696	0.00808	0.00229	0.00344	0.01421	0.00648	0.00585
18	0.03941	0.05541	0.02413	0.31119	0.03333	0.06918	0.13971	0.08068	0.08227	0.02181	0.01378	0.01756	0.01060	0.00733	0.00800	0.00224	0.06454	0.00629	0.00389	0.00864
19	0.02171	0.06978	0.10519	0.01536	0.02035	0.12686	0.01359	0.25144	0.09570	0.09539	0.03663	0.04610	0.01478	0.00868	0.00748	0.00210	0.04680	0.00651	0.00557	0.01002
20	0.00980	0.00721	0.01037	0.01037	0.01137	0.00821	0.00777	0.01181	0.01081	0.01542	0.01890	0.03005	0.01848	0.17710	0.60856	0.01022	0.01625	0.00780	0.00375	0.00576
21	0.01833	0.02871	0.29307	0.01793	0.02408	0.26592	0.05033	0.04072	0.09359	0.02080	0.01407	0.01615	0.01089	0.01048	0.06284	0.00273	0.01101	0.00548	0.00375	0.00911
22	0.01737	0.08740	0.45660	0.01766	0.02595	0.01818	0.02039	0.19335	0.05252	0.02702	0.01387	0.01522	0.01003	0.00702	0.00644	0.00209	0.00901	0.00536	0.00410	0.01043
23	0.01613	0.01609	0.02371	0.33419	0.24897	0.08124	0.06227	0.03766	0.05164	0.02041	0.01318	0.01755	0.01038	0.00688	0.00732	0.00218	0.03151	0.00615	0.00352	0.00901
24	0.00983	0.00710	0.00984	0.00984	0.01067	0.00793	0.00711	0.01148	0.01065	0.01503	0.01938	0.03271	0.01964	0.28231	0.50492	0.00957	0.01451	0.00818	0.00382	0.00547
25	0.32613	0.01593	0.01444	0.01159	0.01659	0.07801	0.00937	0.16861	0.01763	0.02966	0.01194	0.01332	0.00929	0.00643	0.00523	0.00174	0.00634	0.00441	0.00469	0.24864

[dist]
# distance from previous block
# <min> <max>
0	1

[block]
# block no. 6 follows, 31 sequences, length 33
# corresponding to MSA columns:
# 253-285
name=unknown_G
#
# <colnr> <probs for GDERKNQSTAVLIFYWHMCP>
#	G	D	E	R	K	N	Q	S	T	A	V	L	I	F	Y	W	H	M	C	P
0	0.01631	0.03791	0.12924	0.05308	0.02132	0.05410	0.07663	0.11614	0.08774	0.05924	0.09307	0.02807	0.11949	0.01049	0.02577	0.00233	0.00750	0.00794	0.00528	0.04837
1	0.01497	0.01497	0.02095	0.01796	0.01796	0.02095	0.01497	0.01646	0.01048	0.01646	0.00898	0.01497	0.00898	0.01197	0.02245	0.00299	0.74704	0.00599	0.00299	0.00748
2	0.01419	0.01216	0.01419	0.01013	0.01621	0.00912	0.00811	0.01723	0.01419	0.02229	0.01216	0.01419	0.01013	0.00507	0.00507	0.00101	0.00507	0.00405	0.00405	0.80139
3	0.00945	0.00698	0.00882	0.00836	0.01008	0.00636	0.00627	0.01246	0.01882	0.02613	0.61950	0.05325	0.15915	0.01447	0.00807	0.00217	0.00326	0.01267	0.00736	0.00636
4	0.00995	0.00663	0.00746	0.00746	0.00746	0.00663	0.00415	0.00995	0.00995	0.01327	0.02156	0.04477	0.02487	0.75957	0.03482	0.00663	0.00663	0.00995	0.00415	0.00415
5	0.00980	0.00723	0.01048	0.01048	0.01152	0.00827	0.00791	0.01189	0.01084	0.01550	0.01880	0.02948	0.01823	0.15445	0.63086	0.01036	0.01662	0.00771	0.00373	0.00582
6	0.01568	0.01754	0.03748	0.13286	0.03741	0.01700	0.59403	0.02127	0.01579	0.02127	0.01360	0.01842	0.01020	0.00592	0.00789	0.00230	0.01118	0.00778	0.00340	0.00899
7	0.80789	0.01323	0.01006	0.00900	0.01323	0.01535	0.00741	0.02011	0.01164	0.03070	0.00953	0.01111	0.00741	0.00635	0.00423	0.00212	0.00529	0.00370	0.00423	0.00741
8	0.02131	0.01683	0.01789	0.01479	0.01943	0.01902	0.01187	0.35026	0.38364	0.03554	0.02240	0.02118	0.01647	0.00877	0.00691	0.00219	0.00642	0.00698	0.00691	0.01121
9	0.00977	0.00733	0.01100	0.01100	0.01222	0.00855	0.00855	0.01222	0.01100	0.01588	0.01833	0.02688	0.01710	0.05131	0.73245	0.01100	0.01833	0.00733	0.00367	0.00611
10	0.02765	0.01606	0.01844	0.01430	0.01942	0.03767	0.01177	0.35363	0.02534	0.34318	0.02066	0.01930	0.01380	0.00844	0.00745	0.00211	0.03568	0.00642	0.00732	0.01137
11	0.01646	0.12698	0.03971	0.02634	0.03311	0.01872	0.59296	0.02171	0.01582	0.02107	0.01321	0.01737	0.01015	0.00578	0.00754	0.00218	0.01092	0.00743	0.00338	0.00916
12	0.02959	0.01140	0.01552	0.01198	0.01708	0.00987	0.00987	0.03227	0.01957	0.68510	0.06310	0.02475	0.01944	0.00876	0.00694	0.00212	0.00569	0.00717	0.00842	0.01137
13	0.00833	0.00599	0.00790	0.00943	0.00990	0.00557	0.00631	0.00954	0.01319	0.01750	0.03889	0.72934	0.07024	0.02128	0.00871	0.00276	0.00395	0.01926	0.00635	0.00557
14	0.02642	0.02616	0.01917	0.01635	0.02063	0.44735	0.01270	0.19665	0.02264	0.12606	0.01444	0.01496	0.01071	0.00755	0.00644	0.00189	0.01017	0.00521	0.00508	0.00941
15	0.01781	0.65465	0.03368	0.01262	0.01762	0.02618	0.01218	0.01990	0.01340	0.01615	0.00943	0.01156	0.00881	0.00674	0.00702	0.00169	0.11504	0.00400	0.00294	0.00859
16	0.03070	0.01164	0.01588	0.01217	0.01746	0.01006	0.01006	0.03334	0.01958	0.72163	0.02699	0.02329	0.01694	0.00847	0.00688	0.00212	0.00582	0.00688	0.00847	0.01164
17	0.01693	0.01626	0.02777	0.04199	0.71689	0.01626	0.02100	0.02100	0.01558	0.02235	0.01287	0.01693	0.01084	0.00610	0.00677	0.00203	0.00813	0.00610	0.00339	0.01084
18	0.01617	0.01793	0.03026	0.27027	0.03713	0.10511	0.35257	0.02086	0.01549	0.01955	0.01268	0.01749	0.00970	0.00653	0.00798	0.00226	0.03942	0.00686	0.00331	0.00845
19	0.01439	0.14145	0.62389	0.01836	0.02786	0.01752	0.02330	0.02149	0.01437	0.02085	0.01187	0.01394	0.00868	0.00641	0.00619	0.00206	0.00970	0.00485	0.00289	0.00992
20	0.00834	0.00595	0.00794	0.00953	0.00992	0.00556	0.00635	0.00953	0.01310	0.01746	0.03771	0.75510	0.04525	0.02143	0.00873	0.00278	0.00397	0.01945	0.00635	0.00556
21	0.01386	0.01293	0.02176	0.55402	0.20322	0.01516	0.01900	0.01826	0.01415	0.01889	0.01266	0.01817	0.00980	0.00670	0.00676	0.00220	0.00869	0.00609	0.02937	0.00832
22	0.00995	0.00663	0.00746	0.00746	0.00746	0.00663	0.00415	0.00995	0.00995	0.01327	0.02156	0.04477	0.02487	0.75957	0.03482	0.00663	0.00663	0.00995	0.00415	0.00415
23	0.00834	0.00595	0.00794	0.00953	0.00992	0.00556	0.00635	0.00953	0.01310	0.01746	0.03771	0.75510	0.04525	0.02143	0.00873	0.00278	0.00397	0.01945	0.00635	0.00556
24	0.00874	0.00645	0.00825	0.00946	0.01043	0.00597	0.00682	0.01039	0.01419	0.01849	0.07035	0.50211	0.16749	0.02001	0.00869	0.00272	0.00419	0.11311	0.00639	0.00574
25	0.00955	0.00699	0.00896	0.00847	0.01014	0.00640	0.00635	0.01266	0.01906	0.02671	0.66079	0.05231	0.11750	0.01426	0.00807	0.00216	0.00325	0.01254	0.00744	0.00640
26	0.00977	0.00733	0.01100	0.01100	0.01222	0.00855	0.00855	0.01222	0.01100	0.01588	0.01833	0.02688	0.01710	0.05131	0.73245	0.01100	0.01833	0.00733	0.00367	0.00611
27	0.00839	0.00600	0.00799	0.00949	0.00994	0.00559	0.00636	0.00967	0.01336	0.01789	0.06636	0.72525	0.04607	0.02112	0.00870	0.00275	0.00394	0.01915	0.00640	0.00559
28	0.01501	0.01510	0.02169	0.01837	0.01863	0.02082	0.04050	0.01667	0.01069	0.01667	0.00916	0.01510	0.00903	0.01174	0.02191	0.00297	0.71931	0.00607	0.00301	0.00755
29	0.01959	0.01710	0.04438	0.02442	0.27280	0.05392	0.04212	0.24805	0.02116	0.02958	0.01560	0.01798	0.01207	0.00719	0.00646	0.00196	0.00749	0.00612	0.14190	0.01009
30	0.01633	0.43729	0.23772	0.01380	0.02095	0.02113	0.01522	0.02036	0.01410	0.01866	0.01072	0.01248	0.00894	0.00593	0.00512	0.00161	0.00782	0.00413	0.00308	0.12460
31	0.01820	0.13296	0.19848	0.01762	0.04183	0.01763	0.11400	0.13405	0.08019	0.06552	0.01503	0.01638	0.01123	0.00676	0.00637	0.00193	0.00815	0.00572	0.00447	0.10344
32	0.02172	0.01500	0.01788	0.01569	0.04771	0.04471	0.01215	0.11515	0.19705	0.22332	0.04313	0.02141	0.01655	0.00941	0.01020	0.00233	0.16324	0.00687	0.00626	0.01020

[dist]
# distance from previous block
# <min> <max>
1	12

[block]
# block no. 7 follows, 31 sequences, length 20
# corresponding to MSA columns:
# 298-304,315-327
name=unknown_H
#
# <colnr> <probs for GDERKNQSTAVLIFYWHMCP>
#	G	D	E	R	K	N	Q	S	T	A	V	L	I	F	Y	W	H	M	C	P
0	0.01763	0.49026	0.23213	0.01436	0.02134	0.04868	0.01572	0.05565	0.01519	0.01911	0.01070	0.01230	0.00889	0.00620	0.00519	0.00171	0.00831	0.00421	0.00314	0.00928
1	0.01536	0.01164	0.01252	0.01118	0.01418	0.04084	0.00865	0.06287	0.24865	0.07913	0.27248	0.03658	0.09035	0.01130	0.00728	0.00216	0.00480	0.00955	0.05190	0.00861
2	0.01620	0.30920	0.06548	0.01248	0.01755	0.03996	0.05789	0.01989	0.05024	0.07059	0.05738	0.02647	0.15377	0.00890	0.00610	0.00183	0.00660	0.00711	0.00458	0.06779
3	0.02141	0.05165	0.02539	0.02028	0.05685	0.19974	0.19108	0.17087	0.08868	0.05842	0.01607	0.01888	0.01249	0.00754	0.00699	0.00209	0.00949	0.02756	0.00486	0.00966
4	0.01039	0.00642	0.00786	0.00793	0.00794	0.00641	0.00471	0.00966	0.00981	0.01307	0.01968	0.06747	0.02230	0.53643	0.03164	0.21484	0.00634	0.00929	0.00393	0.00389
5	0.01275	0.00638	0.00638	0.00638	0.00797	0.00638	0.00478	0.01594	0.01435	0.02551	0.02232	0.02551	0.01754	0.00797	0.00478	0.00159	0.00319	0.00638	0.79755	0.00638
6	0.01351	0.01248	0.02052	0.71005	0.04594	0.01547	0.01873	0.04825	0.01452	0.01865	0.01235	0.01816	0.00923	0.00690	0.00684	0.00227	0.00905	0.00608	0.00321	0.00778
7	0.05657	0.14764	0.05893	0.01638	0.03715	0.22613	0.08513	0.07450	0.11143	0.02233	0.01720	0.01840	0.04743	0.00759	0.00620	0.00193	0.00866	0.00591	0.04163	0.00886
8	0.01713	0.01293	0.01412	0.01259	0.01620	0.01436	0.00981	0.03181	0.51012	0.09612	0.09708	0.02900	0.04435	0.00983	0.00697	0.00224	0.00505	0.00823	0.05197	0.01008
9	0.00834	0.00595	0.00794	0.00953	0.00992	0.00556	0.00635	0.00953	0.01310	0.01746	0.03771	0.75510	0.04525	0.02143	0.00873	0.00278	0.00397	0.01945	0.00635	0.00556
10	0.16680	0.01555	0.01613	0.01398	0.04612	0.05443	0.01076	0.20558	0.13511	0.16455	0.01872	0.01842	0.01345	0.00779	0.00617	0.00203	0.00640	0.00593	0.04468	0.04739
11	0.02181	0.37494	0.02718	0.01459	0.01920	0.30653	0.01248	0.06030	0.01709	0.03831	0.01080	0.01236	0.00920	0.00682	0.00615	0.00171	0.04408	0.00430	0.00354	0.00862
12	0.01618	0.01645	0.08802	0.09001	0.02217	0.05329	0.03978	0.09101	0.05215	0.03875	0.03927	0.03346	0.01339	0.00684	0.00609	0.00164	0.00688	0.00566	0.00449	0.37448
13	0.01856	0.13316	0.29408	0.01743	0.02450	0.06081	0.06934	0.21528	0.01984	0.02658	0.01429	0.04944	0.01140	0.00758	0.00650	0.00205	0.00891	0.00604	0.00428	0.00995
14	0.00946	0.00685	0.00876	0.00852	0.00992	0.00633	0.00620	0.01214	0.01776	0.02476	0.55000	0.12756	0.09836	0.07079	0.01014	0.00256	0.00358	0.01308	0.00708	0.00614
15	0.00856	0.00689	0.00763	0.00756	0.00956	0.00596	0.00563	0.01069	0.01653	0.02099	0.25242	0.10217	0.48817	0.01661	0.00812	0.00229	0.00343	0.01414	0.00669	0.00596
16	0.01655	0.14485	0.19219	0.16080	0.02878	0.05045	0.12399	0.04251	0.01598	0.07305	0.05594	0.01938	0.03149	0.00729	0.00662	0.00207	0.00880	0.00632	0.00395	0.00899
17	0.00983	0.00712	0.00994	0.00994	0.01080	0.00798	0.00724	0.01154	0.01068	0.01510	0.01929	0.03222	0.01942	0.26262	0.52431	0.00969	0.01484	0.00811	0.00381	0.00552
18	0.00885	0.00717	0.00789	0.00778	0.00985	0.00635	0.00580	0.01159	0.04120	0.02120	0.23975	0.09949	0.47607	0.01637	0.00808	0.00229	0.00350	0.01392	0.00669	0.00613
19	0.02501	0.08732	0.02062	0.01718	0.02088	0.67933	0.01311	0.02681	0.01898	0.01670	0.01050	0.01224	0.00881	0.00696	0.00604	0.00174	0.01196	0.00435	0.00348	0.00799

[dist]
# distance from previous block
# <min> <max>
0	1

[block]
# block no. 8 follows, 31 sequences, length 24
# corresponding to MSA columns:
# 329-352
name=unknown_I
#
# <colnr> <probs for GDERKNQSTAVLIFYWHMCP>
#	G	D	E	R	K	N	Q	S	T	A	V	L	I	F	Y	W	H	M	C	P
0	0.01808	0.02038	0.02090	0.16332	0.02553	0.26336	0.04584	0.02051	0.01445	0.01699	0.01068	0.01525	0.00927	0.01021	0.03538	0.00265	0.29066	0.00560	0.00323	0.00770
1	0.01616	0.01081	0.01280	0.01208	0.01483	0.01143	0.00950	0.02485	0.27917	0.13350	0.02921	0.06910	0.02659	0.13449	0.01220	0.00322	0.00585	0.17915	0.00655	0.00850
2	0.00859	0.00610	0.00782	0.00909	0.00949	0.00574	0.00595	0.00961	0.01268	0.01682	0.03632	0.61200	0.06833	0.14169	0.01296	0.00339	0.00438	0.01770	0.00599	0.00534
3	0.00970	0.00653	0.00754	0.00779	0.00785	0.00646	0.00449	0.00988	0.01044	0.01392	0.02409	0.15615	0.02807	0.64383	0.03073	0.00603	0.00622	0.01144	0.00449	0.00437
4	0.01188	0.00594	0.00891	0.00891	0.00891	0.00594	0.00594	0.00891	0.00891	0.01188	0.01188	0.02080	0.01188	0.02377	0.02674	0.80095	0.00594	0.00594	0.00297	0.00297
5	0.46510	0.01227	0.01210	0.01009	0.01462	0.01278	0.00830	0.02459	0.01490	0.29433	0.01961	0.01888	0.05122	0.00778	0.00547	0.00213	0.00539	0.00553	0.00597	0.00894
6	0.01248	0.00643	0.00662	0.00658	0.00817	0.00638	0.00493	0.01567	0.01480	0.02568	0.08409	0.02779	0.02174	0.00851	0.00508	0.00164	0.00319	0.00691	0.72691	0.00638
7	0.09332	0.25863	0.02406	0.01449	0.01932	0.25868	0.01216	0.19925	0.02031	0.02470	0.01168	0.01287	0.00942	0.00691	0.00561	0.00178	0.00886	0.00457	0.00427	0.00912
8	0.01233	0.00846	0.01031	0.00957	0.01192	0.00812	0.00740	0.01736	0.10802	0.08776	0.41625	0.04923	0.16120	0.01372	0.00790	0.00225	0.00396	0.04959	0.00727	0.00737
9	0.02123	0.06354	0.05958	0.02125	0.16687	0.07043	0.05867	0.22251	0.07320	0.10546	0.05608	0.01934	0.01514	0.00773	0.00677	0.00205	0.00780	0.00648	0.00543	0.01043
10	0.02457	0.01845	0.01972	0.01545	0.02067	0.02055	0.01266	0.58903	0.13955	0.04080	0.01825	0.01788	0.01311	0.00838	0.00686	0.00210	0.00719	0.00641	0.00686	0.01151
11	0.36345	0.01502	0.01377	0.01128	0.01588	0.06722	0.00912	0.08097	0.04015	0.02733	0.01167	0.01337	0.00931	0.00661	0.00602	0.00181	0.04873	0.00436	0.00439	0.24954
12	0.01372	0.03539	0.72412	0.01950	0.02961	0.01589	0.02528	0.02167	0.01444	0.02167	0.01228	0.01444	0.00867	0.00650	0.00650	0.00217	0.01011	0.00506	0.00289	0.01011
13	0.80789	0.01323	0.01006	0.00900	0.01323	0.01535	0.00741	0.02011	0.01164	0.03070	0.00953	0.01111	0.00741	0.00635	0.00423	0.00212	0.00529	0.00370	0.00423	0.00741
14	0.01065	0.00928	0.05226	0.01303	0.05347	0.00912	0.00993	0.01289	0.01122	0.01613	0.01694	0.02491	0.01567	0.04304	0.56959	0.09924	0.01587	0.00697	0.00353	0.00625
15	0.01471	0.01399	0.02376	0.43015	0.34610	0.01567	0.01989	0.01905	0.01453	0.01965	0.01248	0.01766	0.00989	0.00651	0.00681	0.00217	0.00868	0.00609	0.00319	0.00904
16	0.00968	0.00699	0.00914	0.00861	0.01022	0.00646	0.00646	0.01291	0.01937	0.02743	0.71328	0.05110	0.06455	0.01399	0.00807	0.00215	0.00323	0.01237	0.00753	0.00646
17	0.02479	0.01388	0.01638	0.01321	0.01785	0.01419	0.01087	0.26575	0.08458	0.30671	0.02376	0.02584	0.01737	0.00931	0.00694	0.00216	0.00624	0.06370	0.06575	0.01072
18	0.01508	0.02027	0.17045	0.02272	0.02822	0.01730	0.33199	0.02088	0.05406	0.02080	0.01431	0.05084	0.01191	0.00826	0.01102	0.00246	0.17943	0.00749	0.00357	0.00893
19	0.02215	0.01421	0.01630	0.01339	0.01762	0.01510	0.01076	0.26842	0.15360	0.20337	0.02675	0.08949	0.06942	0.01047	0.00771	0.00224	0.03317	0.00843	0.00705	0.01036
20	0.00876	0.00653	0.00815	0.00876	0.00984	0.00611	0.00614	0.01044	0.01432	0.01895	0.15729	0.36031	0.19703	0.07632	0.07510	0.00358	0.00521	0.01531	0.00615	0.00571
21	0.10743	0.01735	0.02098	0.16441	0.23542	0.11225	0.01594	0.08743	0.07570	0.02372	0.01339	0.01646	0.01065	0.00731	0.00760	0.00215	0.06275	0.00574	0.00405	0.00926
22	0.10855	0.04262	0.09404	0.01197	0.01711	0.01201	0.01083	0.07770	0.01764	0.21495	0.11816	0.04103	0.02111	0.00867	0.00640	0.00194	0.00590	0.02706	0.00595	0.15636
23	0.17514	0.01503	0.01820	0.37118	0.08284	0.09002	0.01510	0.05765	0.01499	0.02221	0.01213	0.01622	0.00939	0.00700	0.00663	0.00215	0.03088	0.00544	0.03980	0.00800

[dist]
# distance from previous block
# <min> <max>
0	2

[block]
# block no. 9 follows, 31 sequences, length 22
# corresponding to MSA columns:
# 355-376
name=unknown_J
#
# <colnr> <probs for GDERKNQSTAVLIFYWHMCP>
#	G	D	E	R	K	N	Q	S	T	A	V	L	I	F	Y	W	H	M	C	P
0	0.05331	0.01540	0.01701	0.11422	0.02177	0.06474	0.01230	0.12438	0.27315	0.07116	0.07173	0.02244	0.01840	0.00907	0.00832	0.00227	0.07799	0.00700	0.00581	0.00956
1	0.01031	0.00805	0.01175	0.01145	0.01247	0.00966	0.00890	0.01249	0.01087	0.01576	0.01761	0.02689	0.01682	0.09521	0.61428	0.00990	0.09046	0.00737	0.00363	0.00611
2	0.01419	0.01216	0.01419	0.01013	0.01621	0.00912	0.00811	0.01723	0.01419	0.02229	0.01216	0.01419	0.01013	0.00507	0.00507	0.00101	0.00507	0.00405	0.00405	0.80139
3	0.01044	0.00764	0.00880	0.00885	0.00976	0.00775	0.00581	0.01375	0.10577	0.01806	0.10505	0.18863	0.07223	0.38305	0.02126	0.00452	0.00537	0.01211	0.00548	0.00568
4	0.00888	0.00634	0.00856	0.01015	0.01078	0.00603	0.00730	0.01047	0.01363	0.01807	0.03741	0.61797	0.04406	0.02092	0.00888	0.00285	0.00444	0.15121	0.00634	0.00571
5	0.02068	0.01006	0.01272	0.01060	0.01410	0.00941	0.00842	0.08995	0.01965	0.32631	0.21063	0.07733	0.03112	0.01069	0.00703	0.00209	0.00481	0.00902	0.11626	0.00913
6	0.00930	0.00685	0.00881	0.00937	0.01073	0.00636	0.00710	0.01169	0.01628	0.02184	0.28971	0.26133	0.15535	0.01759	0.00852	0.00255	0.00406	0.13972	0.00677	0.00606
7	0.00850	0.00688	0.00756	0.00754	0.00953	0.00593	0.00560	0.01057	0.01636	0.02065	0.22806	0.11159	0.50371	0.01679	0.00813	0.00230	0.00344	0.01428	0.00665	0.00593
8	0.07006	0.01008	0.01223	0.01024	0.01365	0.00969	0.00815	0.08741	0.01951	0.26555	0.27113	0.03215	0.03302	0.01022	0.00685	0.00205	0.00466	0.00851	0.11604	0.00878
9	0.00892	0.00640	0.00867	0.00993	0.01067	0.00615	0.00712	0.01066	0.01397	0.01879	0.10580	0.54639	0.04468	0.02221	0.05423	0.00328	0.00511	0.10494	0.00630	0.00578
10	0.01423	0.01353	0.02275	0.49718	0.25025	0.01578	0.01943	0.01851	0.01412	0.01892	0.01224	0.01770	0.00964	0.00684	0.00751	0.00224	0.04133	0.00608	0.00314	0.00858
11	0.02101	0.38391	0.16921	0.01364	0.02012	0.04788	0.01407	0.02447	0.01576	0.20820	0.01484	0.01506	0.01097	0.00674	0.00556	0.00179	0.00767	0.00484	0.00444	0.00979
12	0.08588	0.02532	0.01894	0.01662	0.01980	0.42194	0.01297	0.11129	0.04391	0.02166	0.01158	0.01375	0.00954	0.00816	0.00921	0.00208	0.14992	0.00500	0.00404	0.00839
13	0.01414	0.01340	0.02272	0.53000	0.25071	0.01552	0.01961	0.01855	0.01426	0.01896	0.01238	0.01784	0.00964	0.00661	0.00682	0.00220	0.00882	0.00608	0.00315	0.00858
14	0.01102	0.00787	0.01102	0.01260	0.01417	0.00787	0.01102	0.01417	0.01575	0.02047	0.03622	0.07717	0.03937	0.01890	0.00945	0.00315	0.00630	0.67084	0.00630	0.00630
15	0.01431	0.01190	0.01315	0.01222	0.01529	0.01316	0.00957	0.02752	0.44775	0.02691	0.17578	0.03862	0.07638	0.01174	0.00751	0.00237	0.00492	0.07480	0.00698	0.00913
16	0.00898	0.00704	0.00817	0.00810	0.01007	0.00623	0.00621	0.01143	0.01710	0.02219	0.32040	0.06104	0.39783	0.01615	0.00820	0.00232	0.00362	0.07203	0.00681	0.00609
17	0.00989	0.00719	0.00944	0.00943	0.01108	0.00674	0.00744	0.01301	0.01829	0.02526	0.51574	0.05808	0.09952	0.01534	0.00839	0.00239	0.00396	0.16528	0.00717	0.00638
18	0.57072	0.01326	0.01215	0.01021	0.01478	0.01450	0.00842	0.06953	0.01493	0.19465	0.01412	0.01435	0.00995	0.00698	0.00504	0.00211	0.00557	0.00462	0.00541	0.00870
19	0.01292	0.01216	0.02052	0.74312	0.04712	0.01520	0.01900	0.01748	0.01368	0.01748	0.01216	0.01824	0.00912	0.00684	0.00684	0.00228	0.00912	0.00608	0.00304	0.00760
20	0.01248	0.00926	0.01241	0.01214	0.01393	0.00939	0.04419	0.10598	0.01626	0.02154	0.02991	0.22671	0.03274	0.15879	0.01369	0.00353	0.00623	0.25841	0.00583	0.00659
21	0.01396	0.07320	0.68838	0.01909	0.02898	0.01647	0.02457	0.02160	0.01442	0.02138	0.01213	0.01426	0.00867	0.00647	0.00639	0.00213	0.00997	0.00498	0.00289	0.01004

[dist]
# distance from previous block
# <min> <max>
0	4

[block]
# block no. 10 follows, 31 sequences, length 77
# corresponding to MSA columns:
# 381-457
name=unknown_K
#
# <colnr> <probs for GDERKNQSTAVLIFYWHMCP>
#	G	D	E	R	K	N	Q	S	T	A	V	L	I	F	Y	W	H	M	C	P
0	0.80789	0.01323	0.01006	0.00900	0.01323	0.01535	0.00741	0.02011	0.01164	0.03070	0.00953	0.01111	0.00741	0.00635	0.00423	0.00212	0.00529	0.00370	0.00423	0.00741
1	0.01930	0.20433	0.02024	0.01214	0.01667	0.01593	0.01034	0.06428	0.11127	0.17916	0.01941	0.02021	0.03076	0.01396	0.11094	0.00315	0.02980	0.00600	0.00530	0.10682
2	0.01367	0.00843	0.00937	0.00823	0.01112	0.00774	0.00640	0.01760	0.04880	0.05040	0.07001	0.02651	0.02010	0.00821	0.00544	0.00161	0.00395	0.03101	0.45828	0.19311
3	0.07464	0.12808	0.04561	0.01410	0.01879	0.10148	0.01191	0.21476	0.19754	0.05291	0.01811	0.01982	0.01422	0.03235	0.00722	0.00219	0.00733	0.02354	0.00555	0.00985
4	0.05942	0.01235	0.01475	0.01115	0.01646	0.01072	0.00899	0.08726	0.01757	0.25610	0.03857	0.01950	0.01456	0.03484	0.00699	0.00178	0.00557	0.00564	0.00590	0.37188
5	0.01831	0.06466	0.30068	0.04503	0.02570	0.04227	0.08994	0.11549	0.03432	0.10918	0.01585	0.04226	0.01194	0.00741	0.00667	0.00208	0.00870	0.00621	0.00448	0.04883
6	0.03911	0.10370	0.39847	0.01742	0.02502	0.01609	0.08959	0.02221	0.07449	0.04792	0.06129	0.01996	0.04010	0.00755	0.00659	0.00212	0.00857	0.00630	0.00398	0.00952
7	0.00844	0.00604	0.00804	0.00945	0.00995	0.00563	0.00636	0.00980	0.01361	0.01828	0.09268	0.69782	0.04682	0.02083	0.00868	0.00273	0.00391	0.01887	0.00645	0.00563
8	0.00955	0.00766	0.00985	0.01057	0.03037	0.00717	0.02616	0.01242	0.04968	0.01961	0.08742	0.30840	0.27815	0.01776	0.00839	0.00257	0.00443	0.09727	0.00629	0.00629
9	0.01718	0.01618	0.05792	0.18929	0.02954	0.03588	0.17980	0.14074	0.04353	0.05975	0.03494	0.06184	0.01527	0.00856	0.00782	0.00227	0.03314	0.03259	0.00469	0.02906
10	0.01314	0.01235	0.02034	0.69213	0.04507	0.01545	0.01856	0.01816	0.03972	0.01787	0.01265	0.01841	0.00956	0.00710	0.00735	0.00230	0.03279	0.00614	0.00319	0.00772
11	0.00887	0.00633	0.00855	0.01013	0.01076	0.00602	0.00727	0.01045	0.01362	0.01806	0.03741	0.62103	0.04409	0.02093	0.00887	0.00285	0.00443	0.14827	0.00634	0.00570
12	0.01558	0.06332	0.05217	0.18532	0.05428	0.05203	0.34902	0.02030	0.01524	0.01996	0.01417	0.02109	0.01169	0.00726	0.00818	0.00230	0.04636	0.04967	0.00348	0.00857
13	0.06946	0.01382	0.01695	0.12868	0.02274	0.01543	0.03732	0.06548	0.35943	0.12453	0.02335	0.02492	0.01763	0.00888	0.00691	0.00230	0.00643	0.03954	0.00621	0.00998
14	0.00918	0.00693	0.00843	0.00814	0.00987	0.00623	0.00604	0.01183	0.01783	0.02418	0.48813	0.08179	0.24775	0.03280	0.00873	0.00233	0.00340	0.01317	0.00707	0.00617
15	0.00941	0.00723	0.00867	0.00842	0.01033	0.00659	0.00643	0.01255	0.03606	0.02393	0.42979	0.05716	0.28625	0.01533	0.00813	0.00227	0.00356	0.05454	0.00703	0.00633
