[name]
unknown

[dist]
# distance from previous block
# <min> <max>
0	148

[block]
# block no. 0 follows, 32 sequences, length 14
# corresponding to MSA columns:
# 189-202
name=unknown_A
#
# <colnr> <probs for GDERKNQSTAVLIFYWHMCP>
#	G	D	E	R	K	N	Q	S	T	A	V	L	I	F	Y	W	H	M	C	P
0	0.01071	0.00877	0.01146	0.01099	0.01276	0.04113	0.00855	0.01314	0.01146	0.01624	0.01703	0.02448	0.01573	0.04386	0.63188	0.00940	0.01642	0.00674	0.00363	0.08562
1	0.02084	0.41049	0.02767	0.01467	0.04295	0.23216	0.01230	0.10999	0.01759	0.01978	0.01069	0.01213	0.00909	0.00637	0.00522	0.00160	0.00861	0.00421	0.00358	0.03007
2	0.00804	0.00671	0.00701	0.00714	0.00918	0.00568	0.00528	0.00976	0.01524	0.01849	0.09896	0.13301	0.61804	0.01722	0.00799	0.00230	0.00344	0.01454	0.00629	0.00568
3	0.11762	0.28739	0.12512	0.02162	0.23430	0.05265	0.01564	0.02106	0.03172	0.02058	0.01122	0.01346	0.00934	0.00610	0.00543	0.00182	0.00773	0.00465	0.00329	0.00925
4	0.01166	0.00583	0.00874	0.00874	0.00874	0.00583	0.00583	0.00874	0.00874	0.01166	0.01166	0.02040	0.01166	0.02331	0.02622	0.80478	0.00583	0.00583	0.00291	0.00291
5	0.00822	0.00677	0.00723	0.00720	0.00926	0.00577	0.00537	0.01016	0.01585	0.01965	0.18256	0.09217	0.57340	0.01658	0.00795	0.00226	0.00338	0.01401	0.00644	0.00577
6	0.00911	0.00659	0.00737	0.00746	0.00822	0.00629	0.00472	0.00981	0.01164	0.01491	0.03585	0.09128	0.23207	0.46144	0.06097	0.00524	0.00602	0.01148	0.00481	0.00472
7	0.01380	0.01307	0.04444	0.01069	0.01608	0.02984	0.00892	0.01691	0.01443	0.02196	0.08212	0.01751	0.01511	0.00623	0.00603	0.00125	0.03504	0.00491	0.00421	0.63746
8	0.05034	0.01427	0.02232	0.17656	0.36175	0.02958	0.04632	0.02095	0.05165	0.07491	0.04193	0.02086	0.04473	0.00725	0.00671	0.00209	0.00759	0.00665	0.00413	0.00939
9	0.00852	0.00609	0.00818	0.00974	0.01028	0.00575	0.00683	0.00994	0.01319	0.01751	0.03679	0.67050	0.04363	0.02070	0.00866	0.00277	0.00419	0.10499	0.00622	0.00555
10	0.01292	0.01237	0.02158	0.62085	0.07463	0.01471	0.07663	0.01733	0.01369	0.01774	0.01321	0.05086	0.01070	0.00722	0.00689	0.00225	0.00888	0.00672	0.00318	0.00765
11	0.01916	0.02183	0.05532	0.07039	0.17100	0.24778	0.15645	0.06840	0.03144	0.02118	0.01282	0.01586	0.01016	0.00673	0.00710	0.00200	0.03211	0.00585	0.03551	0.00893
12	0.01461	0.01240	0.01427	0.01044	0.01622	0.01001	0.00835	0.04779	0.06439	0.02319	0.01321	0.01480	0.01075	0.00540	0.00518	0.00113	0.00510	0.00432	0.00430	0.71413
13	0.09558	0.01647	0.01622	0.01405	0.03898	0.09156	0.01083	0.22701	0.19258	0.05457	0.02027	0.02034	0.05026	0.00958	0.03147	0.00227	0.00703	0.00630	0.00570	0.08893

[dist]
# distance from previous block
# <min> <max>
0	3

[block]
# block no. 1 follows, 32 sequences, length 22
# corresponding to MSA columns:
# 206-220,229-235
name=unknown_B
#
# <colnr> <probs for GDERKNQSTAVLIFYWHMCP>
#	G	D	E	R	K	N	Q	S	T	A	V	L	I	F	Y	W	H	M	C	P
0	0.07475	0.01281	0.01908	0.25637	0.20620	0.01394	0.01495	0.06445	0.01577	0.11685	0.05922	0.02122	0.01485	0.05550	0.00866	0.00240	0.02322	0.00654	0.00446	0.00876
1	0.00878	0.00608	0.00756	0.00857	0.00895	0.00579	0.00552	0.00971	0.01209	0.01629	0.03287	0.50572	0.05892	0.23203	0.01568	0.00374	0.00459	0.01577	0.03624	0.00509
2	0.01140	0.00592	0.00855	0.00855	0.00855	0.00592	0.00559	0.00888	0.00888	0.01184	0.01293	0.02356	0.01337	0.12304	0.02729	0.69732	0.00592	0.00636	0.00307	0.00307
3	0.01844	0.02052	0.01727	0.11440	0.04046	0.34555	0.01266	0.05208	0.01592	0.01751	0.01290	0.01794	0.01135	0.05499	0.15891	0.00401	0.06848	0.00565	0.00356	0.00739
4	0.01163	0.00727	0.00824	0.00783	0.00991	0.00643	0.00572	0.01335	0.01498	0.11378	0.09545	0.10204	0.37738	0.12880	0.01158	0.00286	0.00418	0.01217	0.06012	0.00627
5	0.07429	0.01086	0.01395	0.01114	0.01557	0.00992	0.00906	0.02874	0.05389	0.52781	0.11433	0.02582	0.02226	0.00889	0.00665	0.00207	0.00522	0.00727	0.04201	0.01024
6	0.02551	0.01879	0.02014	0.01544	0.02081	0.02081	0.01275	0.69996	0.03155	0.04229	0.01611	0.01611	0.01141	0.00805	0.00671	0.00201	0.00738	0.00604	0.00671	0.01141
7	0.01994	0.01790	0.02402	0.07532	0.06657	0.06389	0.17341	0.27244	0.16207	0.02980	0.01690	0.01829	0.01255	0.00741	0.00697	0.00212	0.00834	0.00667	0.00527	0.01012
8	0.15224	0.00773	0.00775	0.00775	0.00974	0.00747	0.00564	0.01168	0.01391	0.02031	0.10565	0.15489	0.35067	0.10339	0.01044	0.00279	0.00414	0.01231	0.00571	0.00579
9	0.01566	0.01192	0.01336	0.01197	0.01522	0.01305	0.00928	0.02859	0.44806	0.08532	0.23253	0.03230	0.03288	0.01041	0.00714	0.00221	0.00471	0.00887	0.00712	0.00941
10	0.00882	0.00671	0.00762	0.00762	0.00907	0.00606	0.00539	0.01049	0.01478	0.01908	0.21282	0.09973	0.34012	0.18792	0.01402	0.00325	0.00416	0.03086	0.00601	0.00546
11	0.16251	0.01206	0.01343	0.01120	0.01509	0.01243	0.00894	0.14669	0.08188	0.23008	0.12520	0.05769	0.04899	0.03498	0.00750	0.00227	0.00537	0.00784	0.00669	0.00913
12	0.02427	0.01049	0.01399	0.01160	0.01572	0.00948	0.00940	0.02787	0.06340	0.51235	0.07511	0.09938	0.02435	0.01072	0.00720	0.00223	0.00537	0.05924	0.00779	0.01005
13	0.00950	0.00686	0.00897	0.00844	0.01002	0.00633	0.00633	0.01266	0.01899	0.02691	0.71879	0.05012	0.06331	0.01372	0.00791	0.00211	0.00317	0.01213	0.00739	0.00633
14	0.81159	0.01298	0.00986	0.00882	0.01298	0.01505	0.00727	0.01972	0.01142	0.03010	0.00934	0.01090	0.00727	0.00623	0.00415	0.00208	0.00519	0.00363	0.00415	0.00727
15	0.00815	0.00624	0.00739	0.00828	0.00937	0.00558	0.00570	0.00947	0.01365	0.01733	0.04817	0.46118	0.30261	0.05253	0.00946	0.00272	0.00382	0.01677	0.00613	0.00547
16	0.00954	0.00659	0.00756	0.00777	0.00816	0.00644	0.00482	0.01003	0.01099	0.01436	0.02836	0.09282	0.10315	0.57953	0.02780	0.00555	0.00598	0.06148	0.00460	0.00449
17	0.02601	0.01876	0.01954	0.01515	0.02038	0.06381	0.01243	0.58148	0.02935	0.11959	0.01695	0.01664	0.01184	0.00801	0.00668	0.00200	0.00748	0.00602	0.00669	0.01119
18	0.01661	0.01594	0.02724	0.04119	0.72233	0.01594	0.02059	0.02059	0.01528	0.02192	0.01262	0.01661	0.01063	0.00598	0.00664	0.00199	0.00797	0.00598	0.00332	0.01063
19	0.00843	0.00662	0.00717	0.00733	0.00887	0.00585	0.00512	0.00982	0.01413	0.01757	0.09805	0.14822	0.45200	0.16537	0.01321	0.00315	0.00406	0.01378	0.00588	0.00536
20	0.00857	0.00662	0.00768	0.00782	0.00937	0.00588	0.00562	0.01051	0.01560	0.02028	0.25775	0.19045	0.34597	0.06556	0.00976	0.00258	0.00362	0.01419	0.00644	0.00572
21	0.00853	0.00659	0.00782	0.00830	0.00982	0.00589	0.00611	0.01046	0.01530	0.01969	0.18359	0.27071	0.33726	0.01768	0.00822	0.00244	0.00371	0.06565	0.00645	0.00577

[dist]
# distance from previous block
# <min> <max>
0	24

[block]
# block no. 2 follows, 32 sequences, length 18
# corresponding to MSA columns:
# 260-277
name=unknown_C
#
# <colnr> <probs for GDERKNQSTAVLIFYWHMCP>
#	G	D	E	R	K	N	Q	S	T	A	V	L	I	F	Y	W	H	M	C	P
0	0.06379	0.03818	0.20165	0.07615	0.05814	0.01296	0.07369	0.06220	0.01689	0.02458	0.24544	0.02874	0.02798	0.00924	0.00698	0.00214	0.00697	0.03115	0.00487	0.00826
1	0.01044	0.00608	0.00812	0.00840	0.00871	0.00595	0.00553	0.00984	0.01099	0.01519	0.07760	0.18159	0.02556	0.16579	0.02118	0.36324	0.00516	0.00990	0.05657	0.00417
2	0.00876	0.00620	0.00817	0.00953	0.01004	0.00591	0.00663	0.01006	0.01284	0.01705	0.03479	0.57022	0.04104	0.11340	0.01186	0.00325	0.00455	0.11435	0.00595	0.00538
3	0.02509	0.03111	0.01909	0.01716	0.02075	0.68982	0.01295	0.07136	0.01984	0.01813	0.01075	0.01237	0.00883	0.00699	0.00609	0.00175	0.01179	0.00444	0.00367	0.00802
4	0.01595	0.01507	0.02449	0.15747	0.51763	0.01586	0.01899	0.02193	0.10380	0.02190	0.01438	0.01790	0.01160	0.00650	0.00668	0.00207	0.00780	0.00618	0.00371	0.01009
5	0.01766	0.01366	0.01541	0.06125	0.01914	0.01502	0.01079	0.03221	0.51594	0.10576	0.02465	0.02319	0.01822	0.00844	0.00662	0.00212	0.00556	0.00702	0.00645	0.09088
6	0.01659	0.01558	0.02027	0.19711	0.23546	0.09012	0.01574	0.04520	0.14247	0.04067	0.03765	0.03735	0.01503	0.00807	0.00735	0.00216	0.03495	0.02471	0.00439	0.00914
7	0.00998	0.00728	0.00884	0.00837	0.01018	0.00689	0.00630	0.01394	0.06182	0.02562	0.52812	0.04846	0.14718	0.01339	0.00758	0.00210	0.00333	0.01164	0.07249	0.00650
8	0.01109	0.00931	0.01332	0.01247	0.01321	0.01177	0.00984	0.01300	0.01054	0.01551	0.01558	0.02452	0.01513	0.10263	0.46630	0.00811	0.23098	0.00703	0.00344	0.00621
9	0.02445	0.03096	0.01911	0.01731	0.02056	0.69489	0.01307	0.02616	0.01850	0.01641	0.01028	0.01225	0.00865	0.00720	0.00699	0.00180	0.05583	0.00441	0.00343	0.00775
10	0.01568	0.01558	0.08110	0.22079	0.39808	0.01462	0.01878	0.01988	0.01496	0.06706	0.01666	0.02006	0.05333	0.00702	0.00672	0.00209	0.00796	0.00644	0.00370	0.00949
11	0.01475	0.10929	0.30025	0.02172	0.14516	0.01788	0.04398	0.01939	0.01328	0.01927	0.01134	0.01496	0.00935	0.00929	0.03962	0.00258	0.19041	0.00540	0.00300	0.00907
12	0.01199	0.00955	0.01319	0.16782	0.07684	0.01008	0.01043	0.01526	0.03240	0.05646	0.15144	0.03944	0.25611	0.01180	0.00819	0.00220	0.05415	0.00983	0.05572	0.00713
13	0.00849	0.00628	0.00764	0.00858	0.00945	0.00578	0.00589	0.00973	0.01316	0.01694	0.04236	0.44316	0.21035	0.12801	0.01217	0.00318	0.00428	0.05330	0.00591	0.00534
14	0.01387	0.03495	0.10054	0.02998	0.01614	0.08928	0.02926	0.05410	0.05785	0.03759	0.08206	0.05504	0.16571	0.06338	0.05662	0.00295	0.00719	0.02556	0.07054	0.00740
15	0.06550	0.06484	0.04179	0.20487	0.15296	0.14984	0.09887	0.04552	0.01610	0.07842	0.01299	0.01601	0.00992	0.00657	0.00642	0.00202	0.00902	0.00566	0.00381	0.00886
16	0.02108	0.00941	0.01231	0.01026	0.01396	0.00819	0.00815	0.02347	0.01791	0.43145	0.13929	0.10005	0.15176	0.01181	0.00730	0.00217	0.00475	0.00998	0.00761	0.00909
17	0.00836	0.00627	0.00776	0.00854	0.00962	0.00567	0.00597	0.01003	0.01459	0.01919	0.17097	0.45577	0.21550	0.01867	0.00829	0.00250	0.00364	0.01657	0.00644	0.00567

[dist]
# distance from previous block
# <min> <max>
0	1

[block]
# block no. 3 follows, 32 sequences, length 26
# corresponding to MSA columns:
# 279-304
name=unknown_D
#
# <colnr> <probs for GDERKNQSTAVLIFYWHMCP>
#	G	D	E	R	K	N	Q	S	T	A	V	L	I	F	Y	W	H	M	C	P
0	0.01850	0.04327	0.08491	0.06102	0.22891	0.23840	0.01564	0.06752	0.01708	0.02100	0.03261	0.05471	0.01317	0.00771	0.00683	0.00197	0.02881	0.00616	0.04296	0.00882
1	0.01289	0.01215	0.02052	0.70926	0.08333	0.01496	0.01874	0.01733	0.01352	0.01741	0.01196	0.01782	0.00904	0.00667	0.00670	0.00222	0.00889	0.00596	0.00300	0.00763
2	0.01445	0.01236	0.01475	0.01157	0.04850	0.00969	0.00870	0.04161	0.01461	0.02260	0.01211	0.01412	0.01002	0.00513	0.00511	0.00108	0.00519	0.00414	0.00404	0.74022
3	0.01673	0.01590	0.06338	0.09884	0.39058	0.01460	0.08321	0.02132	0.03481	0.07781	0.01405	0.01714	0.01098	0.00619	0.00656	0.00194	0.00787	0.00597	0.00385	0.10827
4	0.26430	0.10274	0.04712	0.01526	0.05028	0.32407	0.01201	0.02261	0.01509	0.02098	0.01000	0.01207	0.00831	0.00687	0.00651	0.00192	0.06417	0.00425	0.00354	0.00789
5	0.01056	0.00871	0.01297	0.01214	0.04999	0.00817	0.07712	0.01436	0.04058	0.02507	0.50919	0.04605	0.13307	0.01274	0.00781	0.00214	0.00434	0.01148	0.00661	0.00689
6	0.01452	0.01229	0.01424	0.01023	0.01616	0.00957	0.00820	0.05267	0.01484	0.02293	0.01215	0.01403	0.01002	0.00513	0.00506	0.00105	0.00510	0.00408	0.00412	0.76364
7	0.00818	0.00584	0.00779	0.00934	0.00973	0.00545	0.00623	0.00934	0.01285	0.01713	0.03698	0.75981	0.04438	0.02102	0.00856	0.00273	0.00389	0.01908	0.00623	0.00545
8	0.00827	0.00652	0.00747	0.00785	0.00943	0.00571	0.00565	0.01005	0.01517	0.01931	0.16845	0.27389	0.40311	0.01767	0.00812	0.00238	0.00351	0.01532	0.00643	0.00571
9	0.01669	0.01441	0.01517	0.01365	0.01745	0.01669	0.01062	0.03565	0.71021	0.02807	0.02731	0.02503	0.02048	0.00910	0.00683	0.00228	0.00531	0.00759	0.00683	0.01062
10	0.00932	0.00687	0.00883	0.00839	0.01003	0.00638	0.00631	0.01227	0.01807	0.02521	0.60115	0.05034	0.13603	0.01633	0.05239	0.00266	0.00409	0.01207	0.00702	0.00623
11	0.02551	0.01879	0.02014	0.01544	0.02081	0.02081	0.01275	0.69996	0.03155	0.04229	0.01611	0.01611	0.01141	0.00805	0.00671	0.00201	0.00738	0.00604	0.00671	0.01141
12	0.02506	0.03198	0.01901	0.01729	0.02074	0.73725	0.01296	0.02679	0.01901	0.01642	0.01037	0.01210	0.00864	0.00691	0.00605	0.00173	0.01210	0.00432	0.00346	0.00778
13	0.01468	0.01468	0.02055	0.01762	0.01762	0.02055	0.01468	0.01615	0.01028	0.01615	0.00881	0.01468	0.00881	0.01174	0.02202	0.00294	0.75191	0.00587	0.00294	0.00734
14	0.01339	0.01283	0.01856	0.01607	0.01664	0.01714	0.03659	0.01528	0.01105	0.01681	0.04983	0.01915	0.01349	0.01959	0.16815	0.00448	0.53399	0.00656	0.00333	0.00707
15	0.02551	0.01879	0.02014	0.01544	0.02081	0.02081	0.01275	0.69996	0.03155	0.04229	0.01611	0.01611	0.01141	0.00805	0.00671	0.00201	0.00738	0.00604	0.00671	0.01141
16	0.01251	0.00625	0.00625	0.00625	0.00782	0.00625	0.00469	0.01563	0.01407	0.02502	0.02189	0.02502	0.01720	0.00782	0.00469	0.00156	0.00313	0.00625	0.80144	0.00625
17	0.05856	0.00687	0.00749	0.00750	0.00777	0.00698	0.00436	0.01035	0.01000	0.01424	0.02114	0.07422	0.02425	0.68444	0.03117	0.00606	0.00631	0.00980	0.00417	0.00432
18	0.01794	0.76823	0.03516	0.01148	0.01722	0.02655	0.01148	0.02009	0.01363	0.01579	0.00933	0.01076	0.00861	0.00574	0.00431	0.00144	0.00718	0.00359	0.00287	0.00861
19	0.01794	0.76823	0.03516	0.01148	0.01722	0.02655	0.01148	0.02009	0.01363	0.01579	0.00933	0.01076	0.00861	0.00574	0.00431	0.00144	0.00718	0.00359	0.00287	0.00861
20	0.01391	0.01193	0.01391	0.00994	0.01590	0.00894	0.00795	0.01690	0.01391	0.02186	0.01193	0.01391	0.00994	0.00497	0.00497	0.00099	0.00497	0.00398	0.00398	0.80521
21	0.81159	0.01298	0.00986	0.00882	0.01298	0.01505	0.00727	0.01972	0.01142	0.03010	0.00934	0.01090	0.00727	0.00623	0.00415	0.00208	0.00519	0.00363	0.00415	0.00727
22	0.00830	0.00673	0.00741	0.00788	0.00956	0.00596	0.00566	0.01039	0.03737	0.01812	0.05620	0.29742	0.46917	0.01809	0.00811	0.00242	0.00363	0.01560	0.00625	0.00576
23	0.01146	0.00590	0.00860	0.00860	0.00860	0.00590	0.00565	0.00884	0.00884	0.01179	0.01262	0.02278	0.01295	0.09835	0.02703	0.72393	0.00590	0.00623	0.00303	0.00303
24	0.61148	0.01288	0.01151	0.00976	0.01419	0.01417	0.00805	0.05000	0.01391	0.18072	0.01331	0.01368	0.00945	0.00675	0.00481	0.00207	0.00539	0.00440	0.00515	0.00833
25	0.01483	0.01196	0.04439	0.01111	0.01433	0.01179	0.00906	0.11078	0.22960	0.04703	0.17437	0.06989	0.07746	0.01078	0.00685	0.00211	0.00480	0.00906	0.13130	0.00850

[dist]
# distance from previous block
# <min> <max>
0	14

[block]
# block no. 4 follows, 32 sequences, length 92
# corresponding to MSA columns:
# 319-388,405-426
name=unknown_E
#
# <colnr> <probs for GDERKNQSTAVLIFYWHMCP>
#	G	D	E	R	K	N	Q	S	T	A	V	L	I	F	Y	W	H	M	C	P
0	0.00843	0.00619	0.00850	0.05204	0.01184	0.00600	0.00695	0.00979	0.01288	0.01713	0.03553	0.71693	0.04233	0.02019	0.00846	0.00270	0.00418	0.01832	0.00604	0.00557
1	0.13533	0.24739	0.06738	0.01979	0.21349	0.04602	0.01367	0.01998	0.01405	0.02100	0.01088	0.01319	0.00919	0.00584	0.00524	0.00167	0.00709	0.00444	0.00339	0.14097
2	0.00933	0.00645	0.00844	0.00929	0.01000	0.00625	0.00646	0.01078	0.03729	0.01730	0.07920	0.43752	0.07567	0.06387	0.03720	0.11975	0.00489	0.04936	0.00563	0.00531
3	0.06913	0.01313	0.02153	0.40583	0.25927	0.01482	0.03403	0.01824	0.01405	0.01997	0.03614	0.01833	0.01147	0.00790	0.02741	0.00239	0.00849	0.00610	0.00335	0.00842
4	0.01459	0.01444	0.01824	0.01569	0.01738	0.08364	0.06286	0.03572	0.06584	0.01856	0.04072	0.02231	0.06171	0.01820	0.15060	0.00410	0.33700	0.00704	0.00391	0.00746
5	0.04966	0.00650	0.00818	0.00898	0.00985	0.00622	0.00620	0.01076	0.01421	0.02012	0.21183	0.50074	0.04638	0.05624	0.00947	0.00272	0.00390	0.01601	0.00631	0.00570
6	0.01108	0.00713	0.00814	0.00842	0.00984	0.00706	0.00615	0.04052	0.04284	0.02212	0.07569	0.25703	0.08592	0.05224	0.00825	0.00239	0.00398	0.04687	0.29811	0.00623
7	0.02326	0.06843	0.02005	0.07057	0.02222	0.40835	0.01308	0.19867	0.07009	0.02388	0.01309	0.01439	0.01020	0.00728	0.00622	0.00186	0.00990	0.00507	0.00446	0.00893
8	0.01515	0.01358	0.04239	0.39359	0.05206	0.01472	0.01532	0.07748	0.13057	0.04680	0.01560	0.01889	0.01178	0.00884	0.03614	0.00243	0.00808	0.00609	0.00424	0.08623
9	0.01624	0.07125	0.05626	0.23055	0.08545	0.07675	0.04122	0.09244	0.01573	0.04507	0.01404	0.02013	0.01197	0.11178	0.03165	0.00289	0.03025	0.00619	0.00384	0.03629
10	0.01406	0.01298	0.02115	0.22351	0.37258	0.01373	0.01680	0.01849	0.03968	0.02154	0.13134	0.02452	0.04510	0.00796	0.00692	0.00210	0.00718	0.00734	0.00413	0.00889
11	0.00994	0.00761	0.00972	0.01061	0.01236	0.00739	0.00897	0.01251	0.01524	0.01930	0.04583	0.07012	0.27041	0.01781	0.00918	0.00280	0.02692	0.43113	0.00610	0.00604
12	0.01267	0.01193	0.02013	0.74806	0.04621	0.01491	0.01863	0.01714	0.01342	0.01714	0.01193	0.01789	0.00894	0.00671	0.00671	0.00224	0.00894	0.00596	0.00298	0.00745
13	0.01166	0.00583	0.00874	0.00874	0.00874	0.00583	0.00583	0.00874	0.00874	0.01166	0.01166	0.02040	0.01166	0.02331	0.02622	0.80478	0.00583	0.00583	0.00291	0.00291
14	0.02583	0.01827	0.01981	0.01519	0.02055	0.02004	0.01255	0.65283	0.03068	0.09065	0.01684	0.01658	0.01178	0.00807	0.00671	0.00202	0.00727	0.00609	0.00682	0.01141
15	0.00870	0.00622	0.00837	0.00978	0.01044	0.00589	0.00700	0.01032	0.01369	0.01827	0.08205	0.59922	0.04468	0.02012	0.00864	0.00274	0.00422	0.12773	0.00630	0.00563
16	0.02958	0.01154	0.01556	0.01201	0.01714	0.01013	0.00989	0.03282	0.04616	0.69971	0.02650	0.02292	0.01676	0.00834	0.00675	0.00208	0.00569	0.00678	0.00825	0.01139
17	0.03010	0.01142	0.01557	0.01194	0.01713	0.00986	0.00986	0.03270	0.01920	0.72698	0.02647	0.02284	0.01661	0.00830	0.00675	0.00208	0.00571	0.00675	0.00830	0.01142
18	0.01477	0.01495	0.02204	0.01845	0.01898	0.02027	0.06806	0.01657	0.01071	0.01657	0.00918	0.01495	0.00892	0.01127	0.02092	0.00288	0.69405	0.00603	0.00297	0.00747
19	0.01794	0.76823	0.03516	0.01148	0.01722	0.02655	0.01148	0.02009	0.01363	0.01579	0.00933	0.01076	0.00861	0.00574	0.00431	0.00144	0.00718	0.00359	0.00287	0.00861
20	0.00793	0.00680	0.00680	0.00680	0.00906	0.00566	0.00510	0.00963	0.01529	0.01813	0.06797	0.06457	0.71961	0.01699	0.00793	0.00227	0.00340	0.01416	0.00623	0.00566
21	0.01251	0.00625	0.00625	0.00625	0.00782	0.00625	0.00469	0.01563	0.01407	0.02502	0.02189	0.02502	0.01720	0.00782	0.00469	0.00156	0.00313	0.00625	0.80144	0.00625
22	0.00975	0.00653	0.00744	0.00744	0.00749	0.00657	0.00422	0.00984	0.00980	0.01310	0.02103	0.04327	0.02412	0.73812	0.05984	0.00666	0.00692	0.00966	0.00405	0.00414
23	0.01669	0.01441	0.01517	0.01365	0.01745	0.01669	0.01062	0.03565	0.71021	0.02807	0.02731	0.02503	0.02048	0.00910	0.00683	0.00228	0.00531	0.00759	0.00683	0.01062
24	0.02276	0.02737	0.01812	0.01796	0.07949	0.58338	0.01258	0.02486	0.01807	0.01797	0.01201	0.01411	0.00989	0.00695	0.00593	0.00173	0.01062	0.00471	0.10366	0.00783
25	0.01647	0.01192	0.01686	0.02014	0.23318	0.01197	0.01208	0.06551	0.09831	0.11893	0.16965	0.03052	0.04509	0.06012	0.00961	0.03172	0.00594	0.02743	0.00569	0.00889
26	0.01098	0.00729	0.01084	0.01034	0.01150	0.00705	0.04994	0.01130	0.01157	0.03493	0.02394	0.21725	0.05879	0.10011	0.09559	0.26472	0.00691	0.02961	0.00444	0.03292
27	0.01468	0.01468	0.02055	0.01762	0.01762	0.02055	0.01468	0.01615	0.01028	0.01615	0.00881	0.01468	0.00881	0.01174	0.02202	0.00294	0.75191	0.00587	0.00294	0.00734
28	0.02597	0.01805	0.01968	0.01509	0.02044	0.01971	0.01246	0.63287	0.03031	0.11113	0.01715	0.01679	0.01193	0.00808	0.00672	0.00202	0.00722	0.00611	0.00687	0.01141
29	0.01194	0.00835	0.01112	0.01080	0.01259	0.00918	0.00844	0.05985	0.05053	0.04795	0.02337	0.09101	0.04585	0.03522	0.44116	0.00734	0.01270	0.04601	0.05981	0.00679
30	0.00976	0.00651	0.00732	0.00732	0.00732	0.00651	0.00407	0.00976	0.00976	0.01301	0.02114	0.04391	0.02439	0.76419	0.03415	0.00651	0.00651	0.00976	0.00407	0.00407
31	0.00976	0.00651	0.00732	0.00732	0.00732	0.00651	0.00407	0.00976	0.00976	0.01301	0.02114	0.04391	0.02439	0.76419	0.03415	0.00651	0.00651	0.00976	0.00407	0.00407
32	0.01439	0.00886	0.01193	0.01234	0.01459	0.00874	0.01056	0.05962	0.01687	0.12355	0.03307	0.09915	0.03401	0.01652	0.00871	0.00286	0.00607	0.50439	0.00652	0.00723
33	0.00910	0.00648	0.00864	0.00959	0.01028	0.00652	0.00667	0.02669	0.01272	0.01740	0.03117	0.52677	0.03589	0.06830	0.16287	0.00458	0.00706	0.01538	0.02823	0.00565
34	0.81159	0.01298	0.00986	0.00882	0.01298	0.01505	0.00727	0.01972	0.01142	0.03010	0.00934	0.01090	0.00727	0.00623	0.00415	0.00208	0.00519	0.00363	0.00415	0.00727
35	0.01635	0.01568	0.02676	0.08803	0.67753	0.01587	0.02046	0.02036	0.01515	0.02160	0.01258	0.01669	0.01052	0.00603	0.00665	0.00201	0.00804	0.00598	0.00330	0.01042
36	0.01251	0.00625	0.00625	0.00625	0.00782	0.00625	0.00469	0.01563	0.01407	0.02502	0.02189	0.02502	0.01720	0.00782	0.00469	0.00156	0.00313	0.00625	0.80144	0.00625
37	0.00851	0.00682	0.00761	0.00741	0.00942	0.00591	0.00556	0.01076	0.01667	0.02139	0.31011	0.05920	0.47544	0.01577	0.00792	0.00221	0.00331	0.01341	0.00666	0.00591
38	0.01391	0.01193	0.01391	0.00994	0.01590	0.00894	0.00795	0.01690	0.01391	0.02186	0.01193	0.01391	0.00994	0.00497	0.00497	0.00099	0.00497	0.00398	0.00398	0.80521
39	0.00942	0.00704	0.00876	0.00830	0.01005	0.00649	0.00623	0.01275	0.03628	0.02546	0.59114	0.05191	0.17286	0.01415	0.00789	0.00214	0.00326	0.01236	0.00718	0.00633
40	0.00858	0.00682	0.00770	0.00748	0.00946	0.00594	0.00561	0.01089	0.01683	0.02178	0.33871	0.05856	0.44659	0.01563	0.00792	0.00220	0.00330	0.01332	0.00671	0.00594
41	0.01267	0.01193	0.02013	0.74806	0.04621	0.01491	0.01863	0.01714	0.01342	0.01714	0.01193	0.01789	0.00894	0.00671	0.00671	0.00224	0.00894	0.00596	0.00298	0.00745
42	0.81159	0.01298	0.00986	0.00882	0.01298	0.01505	0.00727	0.01972	0.01142	0.03010	0.00934	0.01090	0.00727	0.00623	0.00415	0.00208	0.00519	0.00363	0.00415	0.00727
43	0.14171	0.09638	0.03896	0.01571	0.09483	0.12066	0.01170	0.07637	0.01713	0.20989	0.01908	0.03984	0.05200	0.00813	0.00653	0.00200	0.02849	0.00614	0.00523	0.00922
44	0.81159	0.01298	0.00986	0.00882	0.01298	0.01505	0.00727	0.01972	0.01142	0.03010	0.00934	0.01090	0.00727	0.00623	0.00415	0.00208	0.00519	0.00363	0.00415	0.00727
45	0.00939	0.00685	0.00883	0.00833	0.00996	0.00629	0.00625	0.01246	0.01875	0.02633	0.67632	0.05106	0.10614	0.01393	0.00791	0.00212	0.00318	0.01227	0.00731	0.00629
46	0.01039	0.05162	0.01268	0.01113	0.01248	0.01013	0.00881	0.01263	0.01088	0.01553	0.01701	0.02534	0.01607	0.07028	0.62574	0.00960	0.06299	0.00699	0.00353	0.00616
47	0.01584	0.01810	0.03959	0.02828	0.03507	0.01697	0.69796	0.02149	0.01584	0.02149	0.01357	0.01810	0.01018	0.00566	0.00792	0.00226	0.01131	0.00792	0.00339	0.00905
48	0.01621	0.23789	0.30394	0.01542	0.03990	0.04290	0.01641	0.03991	0.04297	0.03966	0.01233	0.01387	0.00961	0.00618	0.00559	0.00173	0.00798	0.00460	0.00348	0.13941
49	0.02893	0.01142	0.01546	0.01198	0.01697	0.01010	0.00987	0.05090	0.01913	0.67097	0.02574	0.02282	0.01647	0.01044	0.04399	0.00252	0.00638	0.00675	0.00802	0.01114
50	0.00903	0.00707	0.00832	0.00866	0.01060	0.00637	0.00693	0.01138	0.01600	0.02026	0.17633	0.06510	0.40896	0.01684	0.00830	0.00247	0.00414	0.20087	0.00642	0.00593
51	0.01978	0.51537	0.02973	0.01349	0.01825	0.22825	0.01209	0.02177	0.01497	0.01599	0.00959	0.01137	0.00863	0.00642	0.00583	0.00161	0.05162	0.00393	0.00304	0.00830
52	0.00943	0.00643	0.00772	0.00812	0.00833	0.00641	0.00501	0.00992	0.01070	0.01431	0.02504	0.20544	0.02900	0.53472	0.06338	0.00575	0.00649	0.03465	0.00460	0.00455
53	0.01244	0.00631	0.00643	0.00650	0.00806	0.00631	0.00493	0.01557	0.01413	0.02482	0.02243	0.02702	0.01804	0.00824	0.00487	0.00162	0.00325	0.03277	0.77000	0.00625
54	0.00872	0.00737	0.00923	0.00875	0.01093	0.00644	0.04563	0.01082	0.01552	0.01944	0.14790	0.14776	0.48388	0.01645	0.00805	0.00233	0.00397	0.03464	0.00622	0.00594
55	0.01424	0.09059	0.56100	0.02066	0.06410	0.01663	0.09874	0.02115	0.01437	0.02087	0.01203	0.01446	0.00881	0.00622	0.00640	0.00208	0.00975	0.00523	0.00292	0.00975
56	0.01492	0.01468	0.02617	0.23934	0.38108	0.01529	0.12932	0.01919	0.01484	0.02029	0.01540	0.01966	0.04620	0.00670	0.00693	0.00212	0.00856	0.00671	0.00338	0.00921
57	0.00987	0.00626	0.00822	0.00935	0.01016	0.00585	0.00649	0.01135	0.01341	0.05783	0.03510	0.63110	0.04036	0.01913	0.00817	0.00261	0.00402	0.04334	0.07150	0.00588
58	0.07480	0.01309	0.01758	0.04425	0.18617	0.03086	0.01231	0.06840	0.01781	0.35566	0.02000	0.01992	0.01383	0.00746	0.00632	0.00200	0.00634	0.00618	0.08682	0.01020
59	0.04641	0.04152	0.03558	0.04160	0.22997	0.01171	0.03114	0.04729	0.01497	0.06152	0.02298	0.29667	0.02374	0.01199	0.00711	0.00225	0.00604	0.01081	0.04856	0.00815
60	0.81159	0.01298	0.00986	0.00882	0.01298	0.01505	0.00727	0.01972	0.01142	0.03010	0.00934	0.01090	0.00727	0.00623	0.00415	0.00208	0.00519	0.00363	0.00415	0.00727
61	0.07551	0.17775	0.29502	0.01606	0.02193	0.01877	0.03434	0.06114	0.01402	0.02080	0.01124	0.01416	0.00913	0.00961	0.04617	0.00258	0.15471	0.00501	0.00325	0.00881
62	0.01166	0.00583	0.00874	0.00874	0.00874	0.00583	0.00583	0.00874	0.00874	0.01166	0.01166	0.02040	0.01166	0.02331	0.02622	0.80478	0.00583	0.00583	0.00291	0.00291
63	0.00928	0.00677	0.00872	0.00840	0.00993	0.00621	0.00624	0.01218	0.01824	0.02551	0.61854	0.10921	0.10657	0.01454	0.00797	0.00217	0.00324	0.01284	0.00721	0.00621
64	0.01468	0.01468	0.02055	0.01762	0.01762	0.02055	0.01468	0.01615	0.01028	0.01615	0.00881	0.01468	0.00881	0.01174	0.02202	0.00294	0.75191	0.00587	0.00294	0.00734
65	0.00887	0.00683	0.00810	0.00779	0.00964	0.00607	0.00584	0.01145	0.01752	0.02341	0.45928	0.05588	0.32501	0.01502	0.00792	0.00217	0.00326	0.01294	0.00693	0.00607
66	0.00976	0.00651	0.00732	0.00732	0.00732	0.00651	0.00407	0.00976	0.00976	0.01301	0.02114	0.04391	0.02439	0.76419	0.03415	0.00651	0.00651	0.00976	0.00407	0.00407
67	0.01391	0.01193	0.01391	0.00994	0.01590	0.00894	0.00795	0.01690	0.01391	0.02186	0.01193	0.01391	0.00994	0.00497	0.00497	0.00099	0.00497	0.00398	0.00398	0.80521
68	0.01346	0.03471	0.72942	0.01912	0.02904	0.01558	0.02479	0.02125	0.01417	0.02125	0.01204	0.01417	0.00850	0.00637	0.00637	0.00212	0.00992	0.00496	0.00283	0.00992
69	0.81159	0.01298	0.00986	0.00882	0.01298	0.01505	0.00727	0.01972	0.01142	0.03010	0.00934	0.01090	0.00727	0.00623	0.00415	0.00208	0.00519	0.00363	0.00415	0.00727
70	0.06147	0.01467	0.02428	0.23355	0.49555	0.01561	0.01928	0.01959	0.01454	0.02108	0.01224	0.01663	0.00997	0.00619	0.00652	0.00206	0.00808	0.00584	0.00328	0.00956
71	0.00950	0.00686	0.00897	0.00844	0.01002	0.00633	0.00633	0.01266	0.01899	0.02691	0.71879	0.05012	0.06331	0.01372	0.00791	0.00211	0.00317	0.01213	0.00739	0.00633
72	0.02506	0.03198	0.01901	0.01729	0.02074	0.73725	0.01296	0.02679	0.01901	0.01642	0.01037	0.01210	0.00864	0.00691	0.00605	0.00173	0.01210	0.00432	0.00346	0.00778
73	0.01052	0.00753	0.01043	0.01167	0.01318	0.00744	0.00998	0.01356	0.01588	0.02099	0.13751	0.09606	0.04250	0.01790	0.00904	0.00293	0.00565	0.55469	0.00636	0.00618
74	0.01410	0.09555	0.17226	0.01338	0.01787	0.01476	0.01259	0.02426	0.30401	0.02239	0.04255	0.11699	0.02107	0.06638	0.02997	0.00276	0.00673	0.00834	0.00518	0.00886
75	0.01707	0.01710	0.02674	0.03761	0.60454	0.06792	0.04613	0.02081	0.01528	0.02118	0.01228	0.01623	0.01036	0.00637	0.00754	0.00204	0.05139	0.00593	0.00331	0.01017
76	0.01392	0.05179	0.62341	0.01933	0.02859	0.01603	0.07378	0.02197	0.04974	0.02147	0.01286	0.01492	0.00924	0.00644	0.00646	0.00212	0.00971	0.00528	0.00308	0.00985
77	0.01693	0.12482	0.11533	0.04333	0.01890	0.24107	0.01219	0.02012	0.03889	0.01727	0.01367	0.01963	0.01249	0.14355	0.05939	0.00316	0.00950	0.00561	0.00355	0.08061
78	0.00972	0.00742	0.00988	0.01173	0.05233	0.00705	0.00855	0.01189	0.01446	0.01865	0.04139	0.25877	0.19210	0.04724	0.00959	0.00287	0.00503	0.27934	0.00596	0.00603
79	0.01267	0.01193	0.02013	0.74806	0.04621	0.01491	0.01863	0.01714	0.01342	0.01714	0.01193	0.01789	0.00894	0.00671	0.00671	0.00224	0.00894	0.00596	0.00298	0.00745
80	0.00870	0.00610	0.00759	0.00856	0.00889	0.00581	0.00546	0.00949	0.01190	0.01578	0.03287	0.49209	0.06401	0.27062	0.01714	0.00398	0.00475	0.01575	0.00550	0.00499
81	0.01661	0.01594	0.02724	0.04119	0.72233	0.01594	0.02059	0.02059	0.01528	0.02192	0.01262	0.01661	0.01063	0.00598	0.00664	0.00199	0.00797	0.00598	0.00332	0.01063
82	0.01166	0.00583	0.00874	0.00874	0.00874	0.00583	0.00583	0.00874	0.00874	0.01166	0.01166	0.02040	0.01166	0.02331	0.02622	0.80478	0.00583	0.00583	0.00291	0.00291
83	0.81159	0.01298	0.00986	0.00882	0.01298	0.01505	0.00727	0.01972	0.01142	0.03010	0.00934	0.01090	0.00727	0.00623	0.00415	0.00208	0.00519	0.00363	0.00415	0.00727
84	0.00921	0.00685	0.00858	0.00814	0.00985	0.00621	0.00611	0.01211	0.01832	0.02531	0.60075	0.05274	0.18235	0.01431	0.00792	0.00214	0.00321	0.01250	0.00718	0.00621
85	0.81159	0.01298	0.00986	0.00882	0.01298	0.01505	0.00727	0.01972	0.01142	0.03010	0.00934	0.01090	0.00727	0.00623	0.00415	0.00208	0.00519	0.00363	0.00415	0.00727
86	0.01290	0.01216	0.02054	0.70721	0.08529	0.01497	0.01875	0.01734	0.01352	0.01742	0.01197	0.01781	0.00904	0.00667	0.00670	0.00222	0.00889	0.00596	0.00300	0.00764
87	0.00844	0.00632	0.00790	0.00905	0.01007	0.00579	0.00650	0.00998	0.01380	0.01775	0.04485	0.49463	0.21903	0.01967	0.00849	0.00265	0.00405	0.09920	0.00622	0.00560
88	0.00820	0.00674	0.00721	0.00723	0.00926	0.00576	0.00537	0.01009	0.01572	0.01946	0.16958	0.10847	0.57020	0.01674	0.00797	0.00227	0.00339	0.01416	0.00641	0.00576
89	0.01152	0.00773	0.01114	0.01231	0.05865	0.00800	0.00858	0.01332	0.01243	0.06556	0.02404	0.16634	0.02493	0.11854	0.28247	0.05247	0.01024	0.10079	0.00475	0.00619
90	0.01390	0.10680	0.66119	0.01837	0.02788	0.01666	0.02348	0.02114	0.01411	0.02071	0.01177	0.01383	0.00851	0.00631	0.00617	0.00206	0.00965	0.00482	0.00284	0.00979
91	0.02305	0.01612	0.01763	0.01394	0.01853	0.01750	0.01134	0.53742	0.02776	0.08176	0.04144	0.08158	0.01655	0.00934	0.00679	0.00206	0.00660	0.00741	0.05272	0.01044

[dist]
# distance from previous block
# <min> <max>
1	4

[block]
# block no. 5 follows, 32 sequences, length 54
# corresponding to MSA columns:
# 432-485
name=unknown_F
#
# <colnr> <probs for GDERKNQSTAVLIFYWHMCP>
#	G	D	E	R	K	N	Q	S	T	A	V	L	I	F	Y	W	H	M	C	P
0	0.01168	0.03301	0.01382	0.12732	0.11079	0.03605	0.01026	0.01485	0.01665	0.02258	0.33285	0.03895	0.14101	0.01130	0.00721	0.00207	0.00518	0.00981	0.04750	0.00709
1	0.01393	0.01073	0.01383	0.01227	0.01529	0.01105	0.06299	0.02247	0.26401	0.07981	0.16240	0.11911	0.11988	0.01252	0.00759	0.00232	0.00507	0.04985	0.00660	0.00829
2	0.01391	0.01193	0.01391	0.00994	0.01590	0.00894	0.00795	0.01690	0.01391	0.02186	0.01193	0.01391	0.00994	0.00497	0.00497	0.00099	0.00497	0.00398	0.00398	0.80521
3	0.00813	0.00644	0.00731	0.00786	0.00938	0.00563	0.00560	0.00973	0.01463	0.01835	0.10065	0.32242	0.42364	0.01827	0.00817	0.00243	0.00357	0.01585	0.00631	0.00563
4	0.00871	0.00683	0.00788	0.00761	0.00954	0.00600	0.00571	0.01114	0.01713	0.02249	0.39150	0.05739	0.39336	0.01536	0.00792	0.00219	0.00328	0.01315	0.00681	0.00600
5	0.00844	0.00655	0.00769	0.00797	0.00952	0.00579	0.00576	0.01041	0.01566	0.02034	0.24379	0.25314	0.34653	0.01718	0.00810	0.00235	0.00347	0.01495	0.00656	0.00579
6	0.01391	0.01193	0.01391	0.00994	0.01590	0.00894	0.00795	0.01690	0.01391	0.02186	0.01193	0.01391	0.00994	0.00497	0.00497	0.00099	0.00497	0.00398	0.00398	0.80521
7	0.00902	0.00703	0.00834	0.00876	0.01062	0.00635	0.00697	0.01134	0.01586	0.02013	0.16803	0.09601	0.38613	0.01705	0.00833	0.00249	0.00417	0.20107	0.00641	0.00591
8	0.01118	0.00625	0.00890	0.00887	0.00942	0.00649	0.00629	0.01057	0.01045	0.01508	0.05341	0.02397	0.01637	0.02689	0.18263	0.47922	0.00807	0.00654	0.10521	0.00422
9	0.01468	0.01468	0.02055	0.01762	0.01762	0.02055	0.01468	0.01615	0.01028	0.01615	0.00881	0.01468	0.00881	0.01174	0.02202	0.00294	0.75191	0.00587	0.00294	0.00734
10	0.01019	0.01623	0.25807	0.01218	0.01644	0.00918	0.01257	0.01407	0.01465	0.02007	0.12016	0.25106	0.17295	0.01413	0.00761	0.00236	0.00585	0.02988	0.00520	0.00717
11	0.81159	0.01298	0.00986	0.00882	0.01298	0.01505	0.00727	0.01972	0.01142	0.03010	0.00934	0.01090	0.00727	0.00623	0.00415	0.00208	0.00519	0.00363	0.00415	0.00727
12	0.01078	0.00779	0.01069	0.01212	0.01364	0.00784	0.01038	0.01427	0.04049	0.02010	0.03536	0.13727	0.03849	0.01842	0.00911	0.00303	0.00594	0.59179	0.00621	0.00627
13	0.01741	0.68114	0.11758	0.01239	0.01862	0.02525	0.01306	0.02023	0.01370	0.01644	0.00965	0.01117	0.00860	0.00582	0.00455	0.00152	0.00750	0.00375	0.00287	0.00877
14	0.01710	0.24299	0.11789	0.11437	0.05509	0.08672	0.11815	0.04802	0.09867	0.02030	0.01330	0.01552	0.01049	0.00655	0.00608	0.00193	0.00866	0.00547	0.00365	0.00904
15	0.00915	0.00674	0.00856	0.00833	0.00987	0.00615	0.00616	0.01190	0.01783	0.02469	0.55948	0.13109	0.14520	0.01495	0.00799	0.00220	0.00328	0.01317	0.00711	0.00615
16	0.00818	0.00584	0.00779	0.00934	0.00973	0.00545	0.00623	0.00934	0.01285	0.01713	0.03698	0.75981	0.04438	0.02102	0.00856	0.00273	0.00389	0.01908	0.00623	0.00545
17	0.01391	0.01193	0.01391	0.00994	0.01590	0.00894	0.00795	0.01690	0.01391	0.02186	0.01193	0.01391	0.00994	0.00497	0.00497	0.00099	0.00497	0.00398	0.00398	0.80521
18	0.02506	0.03198	0.01901	0.01729	0.02074	0.73725	0.01296	0.02679	0.01901	0.01642	0.01037	0.01210	0.00864	0.00691	0.00605	0.00173	0.01210	0.00432	0.00346	0.00778
19	0.01275	0.05956	0.29684	0.01467	0.02023	0.01314	0.04529	0.01979	0.10720	0.02263	0.19498	0.02625	0.02515	0.01387	0.09540	0.00316	0.00848	0.00747	0.00464	0.00851
20	0.01369	0.02090	0.29589	0.04157	0.02223	0.01178	0.01499	0.01862	0.01399	0.02144	0.01197	0.01416	0.00933	0.00559	0.00559	0.00149	0.00707	0.00444	0.00349	0.46177
21	0.01391	0.01193	0.01391	0.00994	0.01590	0.00894	0.00795	0.01690	0.01391	0.02186	0.01193	0.01391	0.00994	0.00497	0.00497	0.00099	0.00497	0.00398	0.00398	0.80521
22	0.00959	0.00719	0.01078	0.01078	0.01198	0.00839	0.00839	0.01198	0.01078	0.01558	0.01797	0.02636	0.01677	0.05032	0.73760	0.01078	0.01797	0.00719	0.00359	0.00599
23	0.01028	0.00817	0.01141	0.09420	0.04189	0.00862	0.00935	0.01345	0.04116	0.01891	0.11191	0.09268	0.15784	0.02444	0.20634	0.02585	0.00868	0.10333	0.00510	0.00640
24	0.00868	0.00635	0.00779	0.00859	0.00939	0.00583	0.00570	0.00976	0.01262	0.01663	0.03724	0.48697	0.13551	0.16960	0.01349	0.00335	0.00439	0.01590	0.00570	0.03650
25	0.01476	0.01460	0.02616	0.33252	0.29549	0.01586	0.13667	0.01915	0.01441	0.01964	0.01235	0.01733	0.00978	0.00644	0.00747	0.00218	0.03680	0.00630	0.00318	0.00891
26	0.01129	0.00793	0.00961	0.03278	0.01162	0.00807	0.00684	0.01471	0.11395	0.03973	0.08561	0.14629	0.11015	0.22299	0.01728	0.09884	0.00527	0.04576	0.00537	0.00590
27	0.43917	0.01480	0.01483	0.19971	0.08214	0.09076	0.01179	0.01964	0.01301	0.02426	0.01068	0.01411	0.00855	0.02535	0.00596	0.00218	0.00714	0.00465	0.00371	0.00757
28	0.01770	0.01837	0.02501	0.08817	0.52158	0.14076	0.01888	0.02122	0.01558	0.02038	0.01202	0.01584	0.01008	0.00644	0.00719	0.00200	0.04002	0.00569	0.00330	0.00976
29	0.01658	0.01701	0.02363	0.18305	0.38358	0.11981	0.03966	0.02059	0.03348	0.01986	0.01334	0.04463	0.01144	0.00714	0.00729	0.00209	0.03784	0.00633	0.00346	0.00917
30	0.00904	0.00651	0.00856	0.00875	0.00992	0.00603	0.00630	0.01152	0.01687	0.02353	0.48358	0.29495	0.05678	0.01624	0.00814	0.00232	0.00342	0.01453	0.00699	0.00603
31	0.01603	0.01383	0.01497	0.01350	0.01684	0.01616	0.01048	0.03266	0.61785	0.02635	0.02572	0.02530	0.01988	0.04112	0.03739	0.00281	0.04515	0.00757	0.00639	0.01000
32	0.00897	0.00646	0.00822	0.00914	0.00994	0.00616	0.00648	0.01043	0.01325	0.01746	0.07591	0.37849	0.11736	0.15781	0.03558	0.00364	0.00506	0.11842	0.00581	0.00540
33	0.02245	0.02594	0.01678	0.01524	0.01830	0.55210	0.01152	0.02444	0.01794	0.04571	0.03835	0.01593	0.01221	0.00856	0.02480	0.00200	0.03285	0.00506	0.10220	0.00762
34	0.00938	0.00691	0.00906	0.00892	0.01011	0.00710	0.00651	0.01138	0.01331	0.01833	0.20726	0.04130	0.12474	0.18460	0.30420	0.00650	0.00979	0.00994	0.00503	0.00564
35	0.81159	0.01298	0.00986	0.00882	0.01298	0.01505	0.00727	0.01972	0.01142	0.03010	0.00934	0.01090	0.00727	0.00623	0.00415	0.00208	0.00519	0.00363	0.00415	0.00727
36	0.01717	0.06988	0.31264	0.02358	0.15612	0.17602	0.10852	0.02232	0.01563	0.02003	0.01183	0.01448	0.00915	0.00629	0.00644	0.00199	0.01007	0.00532	0.00314	0.00939
37	0.01391	0.01193	0.01391	0.00994	0.01590	0.00894	0.00795	0.01690	0.01391	0.02186	0.01193	0.01391	0.00994	0.00497	0.00497	0.00099	0.00497	0.00398	0.00398	0.80521
38	0.00798	0.00659	0.00701	0.00736	0.00921	0.00562	0.00535	0.00957	0.01476	0.01791	0.06115	0.21767	0.57092	0.01788	0.00807	0.00237	0.00351	0.01524	0.00623	0.00562
39	0.01807	0.55558	0.09308	0.01360	0.01970	0.04301	0.06683	0.02103	0.01431	0.05440	0.01093	0.01243	0.00920	0.00593	0.00497	0.00158	0.00771	0.00425	0.00325	0.04014
40	0.00882	0.00627	0.00784	0.00876	0.00932	0.00594	0.00587	0.00993	0.01264	0.01671	0.06372	0.43553	0.09285	0.22058	0.01543	0.00371	0.00468	0.06053	0.00569	0.00518
41	0.06962	0.02060	0.05160	0.01705	0.05051	0.12322	0.04074	0.42714	0.05820	0.03384	0.01479	0.01563	0.01092	0.00767	0.00691	0.00203	0.02795	0.00574	0.00555	0.01030
42	0.05196	0.22284	0.17334	0.01544	0.04232	0.09030	0.03447	0.04848	0.06988	0.06889	0.01329	0.01461	0.01035	0.00671	0.00632	0.00183	0.03772	0.00490	0.00394	0.08241
43	0.00958	0.04021	0.00964	0.00951	0.01050	0.00715	0.00699	0.01122	0.01365	0.01811	0.11336	0.35654	0.05926	0.15148	0.01299	0.00333	0.00487	0.15018	0.00582	0.00560
44	0.00873	0.00645	0.00823	0.00903	0.01014	0.00594	0.00656	0.01067	0.01499	0.01992	0.20223	0.39910	0.16375	0.01834	0.00838	0.00254	0.00389	0.08883	0.00650	0.00577
45	0.01677	0.15280	0.16371	0.04151	0.19421	0.01707	0.06017	0.04785	0.05019	0.07525	0.01540	0.06793	0.01303	0.00778	0.00722	0.00207	0.04699	0.00653	0.00402	0.00950
46	0.04733	0.21003	0.10294	0.08129	0.16128	0.10548	0.04901	0.06551	0.04384	0.02101	0.01315	0.01720	0.01104	0.00694	0.00605	0.00193	0.00840	0.03482	0.00366	0.00908
47	0.00838	0.00594	0.00763	0.00898	0.00958	0.00551	0.00606	0.00970	0.01310	0.01762	0.03864	0.66610	0.09640	0.02001	0.00831	0.00263	0.00381	0.01801	0.04809	0.00551
48	0.01429	0.01316	0.02163	0.38324	0.29768	0.01467	0.01790	0.04336	0.01462	0.01972	0.01405	0.05747	0.01218	0.03877	0.00792	0.00234	0.00815	0.00682	0.00347	0.00856
49	0.05462	0.09370	0.08786	0.04649	0.11786	0.06748	0.03842	0.14246	0.03953	0.12296	0.03143	0.05713	0.01454	0.02892	0.00715	0.00213	0.00744	0.00658	0.02386	0.00942
50	0.02160	0.01944	0.04684	0.13469	0.05053	0.14267	0.03527	0.27902	0.10141	0.07776	0.01608	0.01719	0.01176	0.00756	0.00663	0.00205	0.00834	0.00597	0.00530	0.00989
51	0.09582	0.04534	0.02397	0.05066	0.17875	0.31007	0.13498	0.02294	0.01637	0.02002	0.01141	0.01427	0.00927	0.00632	0.00627	0.00190	0.00990	0.00529	0.00346	0.03299
52	0.01886	0.00919	0.01187	0.01010	0.01337	0.00835	0.00795	0.02244	0.05658	0.33222	0.26496	0.07414	0.08522	0.01147	0.00724	0.00213	0.00445	0.00979	0.04098	0.00870
53	0.01961	0.16229	0.02074	0.01394	0.03770	0.03976	0.01129	0.25245	0.18224	0.02894	0.01667	0.01696	0.01282	0.00729	0.00593	0.00179	0.00653	0.00557	0.02746	0.13002

[dist]
# distance from previous block
# <min> <max>
0	2

[block]
# block no. 6 follows, 32 sequences, length 16
# corresponding to MSA columns:
# 488-503
name=unknown_G
#
# <colnr> <probs for GDERKNQSTAVLIFYWHMCP>
#	G	D	E	R	K	N	Q	S	T	A	V	L	I	F	Y	W	H	M	C	P
0	0.01285	0.03999	0.41976	0.01590	0.02254	0.01354	0.03427	0.02051	0.10885	0.02197	0.08583	0.13495	0.02100	0.00969	0.00692	0.00223	0.00768	0.00824	0.00435	0.00892
1	0.02608	0.01295	0.01592	0.01274	0.01758	0.01277	0.01035	0.10039	0.20379	0.47288	0.02565	0.02275	0.01712	0.00849	0.00677	0.00212	0.00577	0.00690	0.00775	0.01121
2	0.01460	0.01504	0.01995	0.63453	0.04226	0.12713	0.01775	0.01864	0.01429	0.01703	0.01168	0.01699	0.00890	0.00674	0.00661	0.00216	0.00943	0.00571	0.00306	0.00750
3	0.01689	0.01723	0.02367	0.06803	0.50961	0.12690	0.01787	0.02026	0.01553	0.02036	0.01468	0.09049	0.01362	0.00767	0.00675	0.00204	0.00825	0.00703	0.00362	0.00951
4	0.01578	0.01012	0.02637	0.01193	0.01502	0.00913	0.07909	0.04898	0.03028	0.19603	0.08265	0.18145	0.13538	0.08846	0.01034	0.00274	0.00562	0.03660	0.00629	0.00774
5	0.00795	0.00670	0.00690	0.00705	0.00913	0.00564	0.00521	0.00960	0.01505	0.01803	0.06487	0.13429	0.65190	0.01740	0.00799	0.00231	0.00345	0.01465	0.00623	0.00564
6	0.01669	0.01441	0.01517	0.01365	0.01745	0.01669	0.01062	0.03565	0.71021	0.02807	0.02731	0.02503	0.02048	0.00910	0.00683	0.00228	0.00531	0.00759	0.00683	0.01062
7	0.01762	0.54189	0.06435	0.12686	0.02264	0.09548	0.01338	0.02036	0.01417	0.01632	0.00997	0.01217	0.00866	0.00604	0.00495	0.00162	0.00808	0.00410	0.00294	0.00841
