[name]
unknown

[dist]
# distance from previous block
# <min> <max>
0	63

[block]
# block no. 0 follows, 30 sequences, length 21
# corresponding to MSA columns:
# 63-83
name=unknown_A
#
# <colnr> <probs for GDERKNQSTAVLIFYWHMCP>
#	G	D	E	R	K	N	Q	S	T	A	V	L	I	F	Y	W	H	M	C	P
0	0.01425	0.01204	0.01418	0.01080	0.01639	0.00955	0.00874	0.01818	0.04808	0.02285	0.01591	0.02217	0.01419	0.00695	0.00576	0.00134	0.00533	0.07767	0.00453	0.67110
1	0.00850	0.00607	0.00810	0.00972	0.01012	0.00567	0.00648	0.00972	0.01336	0.01781	0.03846	0.75020	0.04615	0.02186	0.00891	0.00283	0.00405	0.01984	0.00648	0.00567
2	0.01447	0.01240	0.01447	0.01034	0.01654	0.00930	0.00827	0.01757	0.01447	0.02274	0.01240	0.01447	0.01034	0.00517	0.00517	0.00103	0.00517	0.00413	0.00413	0.79742
3	0.02158	0.01627	0.12806	0.01292	0.01944	0.01128	0.01206	0.05158	0.01743	0.29936	0.01862	0.01830	0.01292	0.00691	0.00621	0.00171	0.00640	0.00553	0.00585	0.32758
4	0.02782	0.01289	0.05033	0.01261	0.01785	0.01071	0.01078	0.03193	0.06338	0.58183	0.08192	0.02575	0.02105	0.00905	0.00710	0.00218	0.00591	0.00744	0.00818	0.01132
5	0.00850	0.00607	0.00810	0.00972	0.01012	0.00567	0.00648	0.00972	0.01336	0.01781	0.03846	0.75020	0.04615	0.02186	0.00891	0.00283	0.00405	0.01984	0.00648	0.00567
6	0.02293	0.00985	0.01326	0.01122	0.01495	0.00864	0.00881	0.02530	0.01822	0.45694	0.09715	0.20045	0.05599	0.01267	0.00763	0.00233	0.00514	0.01090	0.00795	0.00966
7	0.02739	0.01281	0.01798	0.01731	0.12856	0.01178	0.01201	0.05872	0.03967	0.52265	0.05840	0.02389	0.01857	0.00854	0.00706	0.00215	0.00625	0.00716	0.00765	0.01146
8	0.01376	0.01299	0.02198	0.63955	0.14197	0.01566	0.01967	0.01834	0.01423	0.01853	0.01251	0.01842	0.00955	0.00687	0.00697	0.00229	0.00916	0.00620	0.00315	0.00822
9	0.00850	0.00607	0.00810	0.00972	0.01012	0.00567	0.00648	0.00972	0.01336	0.01781	0.03846	0.75020	0.04615	0.02186	0.00891	0.00283	0.00405	0.01984	0.00648	0.00567
10	0.02924	0.01439	0.04690	0.01397	0.01967	0.01263	0.03767	0.13883	0.02170	0.55175	0.02465	0.02206	0.01579	0.00840	0.00704	0.00216	0.00663	0.00687	0.00794	0.01171
11	0.01722	0.01672	0.02915	0.04197	0.66809	0.01665	0.06389	0.02148	0.01593	0.02277	0.01319	0.01737	0.01102	0.00620	0.00699	0.00209	0.00851	0.00635	0.00346	0.01095
12	0.01318	0.01240	0.02093	0.73798	0.04806	0.01550	0.01938	0.01783	0.01395	0.01783	0.01240	0.01860	0.00930	0.00698	0.00698	0.00233	0.00930	0.00620	0.00310	0.00775
13	0.80405	0.01350	0.01026	0.00918	0.01350	0.01565	0.00756	0.02051	0.01188	0.03131	0.00972	0.01134	0.00756	0.00648	0.00432	0.00216	0.00540	0.00378	0.00432	0.00756
14	0.00840	0.00648	0.00767	0.00863	0.00983	0.00576	0.00599	0.00984	0.01441	0.01824	0.05174	0.46883	0.31896	0.02014	0.00864	0.00264	0.00384	0.01773	0.00648	0.00576
15	0.00866	0.00677	0.00785	0.00825	0.00985	0.00596	0.00593	0.01056	0.01589	0.02038	0.18968	0.27897	0.36980	0.01830	0.00845	0.00247	0.00365	0.01591	0.00672	0.00596
16	0.07079	0.01890	0.02209	0.01990	0.10175	0.13121	0.11594	0.13052	0.14779	0.05454	0.01662	0.01787	0.01265	0.00726	0.00669	0.00202	0.00825	0.00620	0.00508	0.10394
17	0.19609	0.15106	0.06126	0.01310	0.01880	0.01662	0.05763	0.10813	0.01707	0.08438	0.04297	0.01617	0.01254	0.00684	0.00567	0.00181	0.00671	0.00521	0.00475	0.17318
18	0.15674	0.05249	0.02152	0.01892	0.11325	0.05747	0.07438	0.22183	0.08811	0.05913	0.01548	0.01665	0.01166	0.00727	0.00637	0.00205	0.00757	0.00586	0.00526	0.05799
19	0.05600	0.05751	0.11483	0.04348	0.08919	0.09394	0.09377	0.02564	0.13338	0.12199	0.04131	0.04331	0.03819	0.00836	0.00691	0.00218	0.00806	0.00717	0.00510	0.00969
20	0.08300	0.04018	0.06760	0.02307	0.20239	0.07167	0.09504	0.07579	0.01681	0.04635	0.01644	0.06116	0.03409	0.00797	0.00736	0.00207	0.03907	0.00684	0.00429	0.09882

[dist]
# distance from previous block
# <min> <max>
10	93

[block]
# block no. 1 follows, 30 sequences, length 24
# corresponding to MSA columns:
# 191-214
name=unknown_B
#
# <colnr> <probs for GDERKNQSTAVLIFYWHMCP>
#	G	D	E	R	K	N	Q	S	T	A	V	L	I	F	Y	W	H	M	C	P
0	0.67728	0.01448	0.01200	0.01030	0.01482	0.01663	0.00849	0.12934	0.01529	0.03337	0.01086	0.01222	0.00826	0.00679	0.00475	0.00215	0.00577	0.00419	0.00475	0.00826
1	0.01112	0.00898	0.01256	0.01193	0.01273	0.01069	0.00919	0.01301	0.01290	0.01855	0.15542	0.12120	0.02894	0.07181	0.25729	0.03879	0.18407	0.00983	0.00470	0.00631
2	0.02195	0.08916	0.06864	0.05816	0.05699	0.03897	0.01396	0.29538	0.06180	0.09577	0.01612	0.01701	0.01190	0.00776	0.00723	0.00201	0.03992	0.00585	0.00555	0.08587
3	0.61834	0.01319	0.01132	0.01007	0.01424	0.01507	0.00819	0.02277	0.08785	0.07653	0.01351	0.01474	0.01031	0.00966	0.04755	0.00272	0.00623	0.00467	0.00488	0.00815
4	0.01301	0.00650	0.00650	0.00650	0.00813	0.00650	0.00488	0.01626	0.01463	0.02602	0.02276	0.02602	0.01789	0.00813	0.00488	0.00163	0.00325	0.00650	0.79350	0.00650
5	0.01480	0.01345	0.01882	0.01345	0.01979	0.01066	0.11875	0.01835	0.01480	0.02268	0.01268	0.01518	0.01038	0.00528	0.00567	0.00125	0.00624	0.00480	0.00404	0.66894
6	0.02607	0.03326	0.01978	0.01798	0.02157	0.72674	0.01348	0.02787	0.01978	0.01708	0.01079	0.01258	0.00899	0.00719	0.00629	0.00180	0.01258	0.00449	0.00360	0.00809
7	0.01727	0.01658	0.02832	0.04283	0.71123	0.01658	0.02142	0.02142	0.01589	0.02280	0.01313	0.01727	0.01105	0.00622	0.00691	0.00207	0.00829	0.00622	0.00345	0.01105
8	0.01542	0.01186	0.01388	0.01254	0.01485	0.05408	0.00978	0.18404	0.01689	0.02271	0.01680	0.02295	0.01477	0.03453	0.40247	0.12012	0.01374	0.00680	0.00445	0.00731
9	0.02607	0.03326	0.01978	0.01798	0.02157	0.72674	0.01348	0.02787	0.01978	0.01708	0.01079	0.01258	0.00899	0.00719	0.00629	0.00180	0.01258	0.00449	0.00360	0.00809
10	0.00852	0.00708	0.00745	0.00736	0.00959	0.00601	0.00552	0.01055	0.01656	0.02040	0.17843	0.06461	0.59969	0.01710	0.00824	0.00233	0.00349	0.01437	0.00668	0.00601
11	0.01052	0.00820	0.01188	0.01157	0.01257	0.00981	0.00893	0.01267	0.01105	0.01599	0.01806	0.02802	0.01740	0.11896	0.58603	0.00994	0.09090	0.00761	0.00372	0.00617
12	0.01527	0.01527	0.02137	0.01832	0.01832	0.02137	0.01527	0.01679	0.01069	0.01679	0.00916	0.01527	0.00916	0.01221	0.02290	0.00305	0.74198	0.00611	0.00305	0.00763
13	0.01406	0.13090	0.46834	0.01721	0.02481	0.01698	0.02037	0.01989	0.01424	0.02033	0.01691	0.06708	0.05160	0.00874	0.00813	0.00224	0.07888	0.00659	0.00340	0.00930
14	0.01301	0.00650	0.00650	0.00650	0.00813	0.00650	0.00488	0.01626	0.01463	0.02602	0.02276	0.02602	0.01789	0.00813	0.00488	0.00163	0.00325	0.00650	0.79350	0.00650
15	0.05548	0.01801	0.01742	0.01488	0.01929	0.08704	0.01177	0.22454	0.40941	0.03241	0.02249	0.02139	0.01677	0.00880	0.00687	0.00222	0.00683	0.00691	0.00660	0.01085
16	0.01733	0.01413	0.05000	0.03987	0.23523	0.01378	0.01498	0.09580	0.03912	0.09983	0.05979	0.03118	0.02053	0.01473	0.08715	0.00334	0.03439	0.11411	0.00525	0.00946
17	0.01199	0.00920	0.01404	0.01737	0.17107	0.00971	0.01027	0.01352	0.01175	0.01654	0.01718	0.02816	0.01693	0.19054	0.30999	0.12217	0.01188	0.00756	0.00368	0.00644
18	0.01301	0.00650	0.00650	0.00650	0.00813	0.00650	0.00488	0.01626	0.01463	0.02602	0.02276	0.02602	0.01789	0.00813	0.00488	0.00163	0.00325	0.00650	0.79350	0.00650
19	0.01432	0.01819	0.18633	0.02220	0.22722	0.04363	0.01602	0.01873	0.01679	0.04531	0.20203	0.07096	0.06868	0.01015	0.00736	0.00219	0.00704	0.00890	0.00498	0.00897
20	0.01513	0.04384	0.28926	0.06708	0.19554	0.01603	0.05291	0.02311	0.12055	0.02302	0.04215	0.02106	0.04422	0.00769	0.00694	0.00220	0.00846	0.00670	0.00407	0.01005
21	0.01310	0.01174	0.01721	0.23378	0.06993	0.01423	0.01393	0.01781	0.08922	0.01904	0.01965	0.15062	0.01921	0.03352	0.07478	0.00347	0.15889	0.02787	0.00433	0.00768
22	0.01171	0.00633	0.00950	0.00950	0.00974	0.00657	0.00657	0.00974	0.00950	0.01290	0.01338	0.02240	0.01314	0.02962	0.16124	0.64655	0.00848	0.00633	0.00317	0.00364
23	0.52930	0.01529	0.04180	0.02009	0.23215	0.01596	0.01255	0.02085	0.01323	0.02831	0.01088	0.01331	0.00870	0.00640	0.00521	0.00213	0.00648	0.00459	0.00400	0.00875

[dist]
# distance from previous block
# <min> <max>
2	5

[block]
# block no. 2 follows, 30 sequences, length 21
# corresponding to MSA columns:
# 220-240
name=unknown_C
#
# <colnr> <probs for GDERKNQSTAVLIFYWHMCP>
#	G	D	E	R	K	N	Q	S	T	A	V	L	I	F	Y	W	H	M	C	P
0	0.01585	0.01977	0.16183	0.01975	0.06035	0.04325	0.17673	0.05087	0.19447	0.02536	0.11093	0.02564	0.04593	0.00867	0.00743	0.00226	0.00812	0.00802	0.00513	0.00965
1	0.01372	0.01176	0.01358	0.00994	0.01568	0.00889	0.00791	0.01666	0.01464	0.02227	0.01942	0.02081	0.09431	0.00667	0.00554	0.00119	0.00497	0.00541	0.00442	0.70220
2	0.02025	0.33105	0.13398	0.01482	0.02100	0.06130	0.01439	0.19709	0.09727	0.02596	0.01416	0.01495	0.01110	0.00716	0.00586	0.00188	0.00802	0.00513	0.00452	0.01011
3	0.01653	0.12749	0.20979	0.02002	0.15777	0.01615	0.01648	0.04388	0.05709	0.04166	0.01372	0.01565	0.01078	0.00635	0.00603	0.00177	0.00762	0.00514	0.00391	0.22215
4	0.01695	0.05061	0.10275	0.15763	0.30030	0.01650	0.05505	0.07276	0.04494	0.04893	0.03866	0.01994	0.02949	0.00730	0.00695	0.00215	0.00833	0.00661	0.00414	0.01001
5	0.00997	0.00748	0.01121	0.01121	0.01246	0.00872	0.00872	0.01246	0.01121	0.01620	0.01869	0.02741	0.01745	0.05234	0.72710	0.01121	0.01869	0.00748	0.00374	0.00623
6	0.01032	0.04273	0.06475	0.01260	0.04934	0.00841	0.00950	0.01260	0.01425	0.01920	0.07374	0.46976	0.03951	0.04451	0.00943	0.00284	0.00525	0.09880	0.00588	0.00655
7	0.01531	0.05740	0.14418	0.24249	0.33668	0.01650	0.02061	0.02013	0.01486	0.02064	0.01282	0.01727	0.01027	0.00813	0.03213	0.00246	0.00926	0.00594	0.00325	0.00967
8	0.01671	0.01682	0.02122	0.28049	0.20385	0.13203	0.01688	0.05614	0.01651	0.02076	0.04280	0.04583	0.03870	0.00841	0.00797	0.00222	0.05311	0.00697	0.00390	0.00867
9	0.01441	0.01385	0.02523	0.02642	0.24444	0.01337	0.22065	0.01841	0.01606	0.02209	0.10309	0.03396	0.05226	0.07345	0.01032	0.00273	0.00820	0.08788	0.00454	0.00864
10	0.01689	0.01622	0.05211	0.07818	0.17672	0.06294	0.15381	0.04981	0.04217	0.06837	0.02183	0.06914	0.04329	0.00989	0.00772	0.00238	0.00849	0.10610	0.00478	0.00914
11	0.01596	0.01536	0.02649	0.25939	0.47925	0.01628	0.04530	0.02033	0.01531	0.02123	0.01294	0.01774	0.01049	0.00644	0.00698	0.00216	0.00873	0.00629	0.00335	0.00996
12	0.01036	0.00688	0.00916	0.01010	0.01122	0.00642	0.00738	0.01229	0.01518	0.05795	0.13915	0.48001	0.07036	0.01946	0.00879	0.00274	0.00438	0.11514	0.00677	0.00627
13	0.00920	0.00683	0.00868	0.00987	0.01085	0.00649	0.00703	0.01158	0.04373	0.01919	0.07020	0.53221	0.12891	0.02021	0.00879	0.00277	0.00427	0.08659	0.00655	0.00605
14	0.04532	0.05897	0.18913	0.01909	0.04890	0.03246	0.18167	0.07181	0.01706	0.09497	0.05906	0.07092	0.01739	0.05152	0.00883	0.00248	0.00862	0.00784	0.00467	0.00927
15	0.01496	0.01396	0.02341	0.17388	0.46073	0.01450	0.01846	0.01871	0.01508	0.02097	0.01732	0.14306	0.01672	0.00905	0.00726	0.00225	0.00776	0.00855	0.00390	0.00948
16	0.01050	0.00743	0.01100	0.01091	0.01186	0.00855	0.00828	0.01192	0.01079	0.01541	0.01742	0.02672	0.01661	0.07387	0.56001	0.14538	0.03678	0.00730	0.00362	0.00564
17	0.01447	0.01240	0.01447	0.01034	0.01654	0.00930	0.00827	0.01757	0.01447	0.02274	0.01240	0.01447	0.01034	0.00517	0.00517	0.00103	0.00517	0.00413	0.00413	0.79742
18	0.00867	0.00619	0.00829	0.00991	0.01038	0.00581	0.00677	0.01000	0.01352	0.01800	0.03837	0.70942	0.04579	0.02171	0.00895	0.00286	0.00419	0.05898	0.00647	0.00571
19	0.01447	0.01240	0.01447	0.01034	0.01654	0.00930	0.00827	0.01757	0.01447	0.02274	0.01240	0.01447	0.01034	0.00517	0.00517	0.00103	0.00517	0.00413	0.00413	0.79742
20	0.01686	0.02527	0.27958	0.07458	0.09325	0.12283	0.04722	0.05799	0.01662	0.02236	0.01346	0.01747	0.01073	0.00697	0.00658	0.00198	0.00928	0.02875	0.00368	0.14456

[dist]
# distance from previous block
# <min> <max>
0	2

[block]
# block no. 3 follows, 30 sequences, length 55
# corresponding to MSA columns:
# 243-297
name=unknown_D
#
# <colnr> <probs for GDERKNQSTAVLIFYWHMCP>
#	G	D	E	R	K	N	Q	S	T	A	V	L	I	F	Y	W	H	M	C	P
0	0.15483	0.02093	0.01710	0.01529	0.01829	0.26784	0.01196	0.05103	0.14563	0.02285	0.01538	0.05586	0.01325	0.00931	0.00947	0.00228	0.14942	0.00623	0.00457	0.00849
1	0.01212	0.00606	0.00909	0.00909	0.00909	0.00606	0.00606	0.00909	0.00909	0.01212	0.01212	0.02121	0.01212	0.02424	0.02727	0.79697	0.00606	0.00606	0.00303	0.00303
2	0.01578	0.01669	0.11377	0.16771	0.25448	0.01474	0.04438	0.02203	0.08675	0.06065	0.08590	0.02457	0.01850	0.00823	0.00721	0.00225	0.00790	0.03430	0.00453	0.00964
3	0.01802	0.10715	0.37257	0.02028	0.12033	0.01596	0.01970	0.02357	0.01562	0.15288	0.01550	0.01714	0.01126	0.00954	0.04837	0.00262	0.00937	0.00563	0.00415	0.01033
4	0.01129	0.01354	0.15005	0.01105	0.01477	0.00918	0.01051	0.05117	0.01874	0.02595	0.41099	0.04565	0.17385	0.01308	0.00785	0.00222	0.00497	0.01120	0.00648	0.00748
5	0.01002	0.00729	0.01026	0.01026	0.01117	0.00820	0.00753	0.01185	0.01093	0.01549	0.01957	0.03226	0.01955	0.23894	0.54337	0.01003	0.01552	0.00819	0.00387	0.00570
6	0.01866	0.75896	0.03657	0.01194	0.01791	0.02761	0.01194	0.02090	0.01418	0.01642	0.00970	0.01119	0.00896	0.00597	0.00448	0.00149	0.00746	0.00373	0.00299	0.00896
7	0.01609	0.01591	0.10898	0.01652	0.11868	0.01184	0.01265	0.07072	0.01689	0.07071	0.05353	0.02231	0.07624	0.00757	0.00631	0.00167	0.00631	0.00630	0.00479	0.35597
8	0.80405	0.01350	0.01026	0.00918	0.01350	0.01565	0.00756	0.02051	0.01188	0.03131	0.00972	0.01134	0.00756	0.00648	0.00432	0.00216	0.00540	0.00378	0.00432	0.00756
9	0.01646	0.01239	0.01341	0.01194	0.01517	0.01366	0.00931	0.16208	0.26788	0.02898	0.02819	0.08565	0.07265	0.01374	0.05958	0.00285	0.00622	0.00873	0.16197	0.00914
10	0.64873	0.01410	0.01382	0.01582	0.15123	0.01584	0.01029	0.02069	0.01267	0.02963	0.01039	0.01251	0.00825	0.00643	0.00483	0.00214	0.00597	0.00426	0.00415	0.00825
11	0.01784	0.01422	0.02528	0.34680	0.05566	0.01546	0.18326	0.02218	0.01559	0.15686	0.01560	0.01940	0.01123	0.00739	0.00845	0.00235	0.06222	0.00686	0.00431	0.00906
12	0.01258	0.01108	0.01526	0.01379	0.01413	0.01438	0.01081	0.01400	0.01070	0.01584	0.01487	0.02594	0.01535	0.20258	0.21906	0.00619	0.36605	0.00746	0.00353	0.00643
13	0.00998	0.00743	0.01100	0.01100	0.01218	0.00861	0.00846	0.01233	0.01115	0.01604	0.01889	0.02849	0.01791	0.09365	0.68643	0.01095	0.01799	0.00763	0.00377	0.00611
14	0.01003	0.00724	0.01003	0.01003	0.01086	0.00808	0.00724	0.01170	0.01086	0.01532	0.01978	0.03342	0.02005	0.28358	0.49943	0.00975	0.01477	0.00836	0.00390	0.00557
15	0.01182	0.00626	0.00939	0.00939	0.00956	0.00643	0.00643	0.00956	0.00939	0.01269	0.01304	0.02208	0.01286	0.02816	0.12476	0.68751	0.00782	0.00626	0.00313	0.00348
16	0.02129	0.34681	0.09160	0.01556	0.02065	0.32892	0.01403	0.02385	0.01651	0.01724	0.01041	0.01229	0.00897	0.00682	0.00624	0.00176	0.04088	0.00429	0.00325	0.00865
17	0.01303	0.01039	0.01584	0.01818	0.15163	0.01046	0.05076	0.01683	0.08091	0.02103	0.11486	0.06885	0.05698	0.01659	0.04033	0.15358	0.00680	0.14053	0.00515	0.00728
18	0.01831	0.13469	0.21887	0.05855	0.05327	0.02008	0.08255	0.18682	0.01879	0.02581	0.01288	0.01548	0.00994	0.00763	0.00872	0.00220	0.10567	0.00574	0.00406	0.00994
19	0.02300	0.06385	0.01994	0.01561	0.02028	0.16528	0.01251	0.30260	0.24505	0.03206	0.01890	0.01859	0.01417	0.00835	0.00673	0.00209	0.00797	0.00629	0.00609	0.01066
20	0.06260	0.43377	0.02878	0.11443	0.02278	0.19916	0.01312	0.02218	0.01541	0.01759	0.01035	0.01258	0.00894	0.00644	0.00527	0.00172	0.00888	0.00427	0.00323	0.00850
21	0.01253	0.00831	0.01037	0.01068	0.01246	0.00801	0.00803	0.07897	0.01658	0.07814	0.03969	0.41889	0.13175	0.01847	0.00859	0.00270	0.00486	0.11735	0.00670	0.00693
22	0.00988	0.00713	0.00933	0.00878	0.01043	0.00658	0.00658	0.01317	0.01975	0.02798	0.70754	0.05213	0.06584	0.01427	0.00823	0.00219	0.00329	0.01262	0.00768	0.00658
23	0.02661	0.01858	0.02025	0.01561	0.02111	0.02032	0.01287	0.59453	0.06012	0.11063	0.01833	0.01785	0.01281	0.00845	0.00699	0.00211	0.00741	0.00643	0.00715	0.01183
24	0.01212	0.00606	0.00909	0.00909	0.00909	0.00606	0.00606	0.00909	0.00909	0.01212	0.01212	0.02121	0.01212	0.02424	0.02727	0.79697	0.00606	0.00606	0.00303	0.00303
25	0.00864	0.00616	0.00802	0.00945	0.00988	0.00577	0.00625	0.00976	0.01316	0.01747	0.03800	0.66799	0.06437	0.08576	0.01121	0.00316	0.00427	0.01884	0.00628	0.00555
26	0.01498	0.01270	0.01474	0.01058	0.01675	0.00982	0.00848	0.04581	0.01524	0.02363	0.01259	0.01457	0.01040	0.00530	0.00524	0.00108	0.00527	0.00422	0.00425	0.76433
27	0.01447	0.01240	0.01447	0.01034	0.01654	0.00930	0.00827	0.01757	0.01447	0.02274	0.01240	0.01447	0.01034	0.00517	0.00517	0.00103	0.00517	0.00413	0.00413	0.79742
28	0.23202	0.01639	0.05566	0.07677	0.13405	0.04294	0.01360	0.10413	0.11218	0.07815	0.01703	0.02070	0.01345	0.00807	0.00638	0.00223	0.00712	0.04444	0.00512	0.00957
29	0.01527	0.01527	0.02137	0.01832	0.01832	0.02137	0.01527	0.01679	0.01069	0.01679	0.00916	0.01527	0.00916	0.01221	0.02290	0.00305	0.74198	0.00611	0.00305	0.00763
30	0.01499	0.01271	0.01475	0.01058	0.01676	0.00983	0.00848	0.04637	0.01526	0.02365	0.01259	0.01457	0.01040	0.00531	0.00525	0.00108	0.00528	0.00423	0.00426	0.76368
31	0.01647	0.11907	0.02811	0.20246	0.43783	0.01789	0.03935	0.02052	0.01521	0.02072	0.01251	0.01679	0.01033	0.00635	0.00663	0.00206	0.00852	0.00593	0.00331	0.00993
32	0.02652	0.01208	0.01523	0.01204	0.01654	0.01160	0.00986	0.12257	0.02041	0.46220	0.02437	0.02285	0.01630	0.00865	0.00724	0.00208	0.03490	0.00678	0.15708	0.01069
33	0.01493	0.01399	0.02172	0.02085	0.14479	0.05920	0.17875	0.03934	0.01830	0.04501	0.26234	0.03439	0.09538	0.01023	0.00779	0.00220	0.00715	0.00967	0.00551	0.00845
34	0.01107	0.00936	0.01239	0.01305	0.08491	0.00822	0.02800	0.01371	0.01589	0.02132	0.12742	0.12352	0.27390	0.01400	0.00774	0.00219	0.00485	0.07030	0.00580	0.15235
35	0.06738	0.01664	0.01745	0.01434	0.01898	0.01870	0.01156	0.36108	0.28076	0.03652	0.02111	0.02053	0.01555	0.00866	0.00674	0.00217	0.00645	0.00676	0.05766	0.01096
36	0.01524	0.02561	0.34464	0.02769	0.20262	0.01626	0.19179	0.02151	0.01541	0.02217	0.01409	0.04515	0.01130	0.00693	0.00720	0.00224	0.00993	0.00678	0.00336	0.01009
37	0.02404	0.01746	0.01918	0.01453	0.02024	0.01814	0.01194	0.49569	0.02785	0.07864	0.01639	0.01664	0.01183	0.00766	0.00657	0.00185	0.00700	0.00583	0.00643	0.19210
38	0.03131	0.01188	0.01619	0.01242	0.01781	0.01026	0.01026	0.03401	0.01997	0.71606	0.02753	0.02375	0.01727	0.00864	0.00702	0.00216	0.00594	0.00702	0.00864	0.01188
39	0.05234	0.01449	0.01888	0.01746	0.11522	0.01414	0.01247	0.19436	0.02234	0.43103	0.02229	0.02072	0.01476	0.00817	0.00691	0.00213	0.00668	0.00662	0.00737	0.01162
40	0.04720	0.01385	0.02188	0.02076	0.12940	0.01470	0.16021	0.02071	0.12190	0.02371	0.14520	0.02978	0.09324	0.01013	0.00979	0.00238	0.11253	0.00882	0.00508	0.00873
41	0.00955	0.00652	0.00815	0.00917	0.01021	0.00593	0.00633	0.01102	0.01417	0.04610	0.04360	0.55739	0.17226	0.01993	0.00853	0.00266	0.00399	0.01776	0.04075	0.00599
42	0.01333	0.01256	0.02121	0.71159	0.07324	0.01554	0.01946	0.01797	0.01403	0.01802	0.01243	0.01855	0.00937	0.00695	0.00697	0.00232	0.00926	0.00620	0.00311	0.00788
43	0.01498	0.02982	0.51339	0.05711	0.09085	0.01603	0.05194	0.05982	0.01562	0.02269	0.01286	0.01580	0.00949	0.00764	0.00789	0.04558	0.00976	0.00555	0.00326	0.00991
44	0.01574	0.09451	0.48930	0.02269	0.12376	0.06318	0.05186	0.02228	0.01525	0.02140	0.01232	0.01482	0.00924	0.00652	0.00653	0.00211	0.01000	0.00527	0.00309	0.01012
45	0.01113	0.00940	0.01466	0.30285	0.06624	0.01042	0.01272	0.01418	0.01449	0.01924	0.09243	0.31806	0.03107	0.01414	0.00798	0.00254	0.00642	0.04003	0.00507	0.00694
46	0.01332	0.08730	0.01889	0.04474	0.05793	0.01502	0.04003	0.01553	0.01332	0.01841	0.04739	0.17151	0.02400	0.05424	0.01437	0.00293	0.24851	0.10082	0.00448	0.00727
47	0.05513	0.01300	0.11073	0.05644	0.06224	0.01027	0.01221	0.04272	0.01504	0.02141	0.02742	0.31996	0.02981	0.01501	0.00793	0.00256	0.00623	0.13270	0.00535	0.05385
48	0.04956	0.05461	0.05428	0.04320	0.25218	0.01347	0.01431	0.04927	0.01671	0.10691	0.06279	0.08584	0.06038	0.00985	0.00707	0.00217	0.00672	0.05039	0.00512	0.05518
49	0.02108	0.06384	0.20081	0.01909	0.10457	0.04469	0.04928	0.08368	0.04965	0.21968	0.02120	0.02127	0.05357	0.00803	0.00686	0.00213	0.00799	0.00664	0.00542	0.01054
50	0.14946	0.04889	0.09010	0.05065	0.12180	0.05635	0.01355	0.02440	0.10951	0.13160	0.04952	0.02485	0.04523	0.00878	0.00662	0.00221	0.00702	0.04470	0.00530	0.00943
51	0.01868	0.38702	0.07182	0.06083	0.02159	0.08065	0.04635	0.11920	0.01770	0.02153	0.01726	0.01859	0.07666	0.00765	0.00584	0.00183	0.00805	0.00570	0.00400	0.00905
52	0.01738	0.14130	0.19542	0.02231	0.11664	0.01740	0.18838	0.02325	0.05555	0.08909	0.01811	0.01994	0.04932	0.00724	0.00688	0.00212	0.00888	0.00672	0.00416	0.00991
53	0.01908	0.29744	0.19703	0.01650	0.04911	0.02013	0.05454	0.11002	0.01785	0.08991	0.05447	0.01708	0.01363	0.00720	0.00611	0.00192	0.00808	0.00561	0.00437	0.00992
54	0.05033	0.37249	0.06966	0.06191	0.04147	0.08387	0.04442	0.10271	0.01746	0.07777	0.01272	0.01421	0.01008	0.00671	0.00566	0.00182	0.00824	0.00489	0.00407	0.00949

[dist]
# distance from previous block
# <min> <max>
0	1

[block]
# block no. 4 follows, 30 sequences, length 7
# corresponding to MSA columns:
# 299-305
name=unknown_E
#
# <colnr> <probs for GDERKNQSTAVLIFYWHMCP>
#	G	D	E	R	K	N	Q	S	T	A	V	L	I	F	Y	W	H	M	C	P
0	0.09299	0.14101	0.10979	0.01504	0.05166	0.06026	0.01310	0.15649	0.01856	0.02601	0.03574	0.08303	0.01709	0.00936	0.00648	0.00206	0.00732	0.06489	0.00483	0.08430
1	0.05513	0.13879	0.22221	0.05288	0.05439	0.01915	0.01675	0.16494	0.06958	0.02601	0.01419	0.01635	0.01101	0.01004	0.04762	0.00264	0.05858	0.00561	0.00428	0.00985
2	0.07170	0.07655	0.22027	0.01782	0.08453	0.01711	0.01626	0.20098	0.02006	0.11296	0.01514	0.01610	0.01095	0.00711	0.00635	0.00199	0.00787	0.00549	0.00497	0.08580
3	0.07988	0.14003	0.08006	0.01745	0.11197	0.04204	0.01352	0.15230	0.06119	0.11440	0.05770	0.01863	0.01503	0.00761	0.00627	0.00196	0.00716	0.00594	0.00527	0.06158
4	0.01635	0.22803	0.17202	0.01324	0.01946	0.01720	0.01338	0.11551	0.01764	0.02392	0.07035	0.02180	0.08064	0.00805	0.00608	0.00178	0.00699	0.00620	0.00446	0.15688
5	0.01918	0.19384	0.05084	0.01743	0.10610	0.08418	0.01318	0.18177	0.01925	0.02527	0.01567	0.08532	0.01407	0.00862	0.00705	0.00195	0.04389	0.00663	0.04857	0.05721
6	0.13240	0.14589	0.07749	0.07104	0.07312	0.01677	0.06075	0.05262	0.06947	0.13766	0.01799	0.02295	0.01448	0.00827	0.00648	0.00218	0.00740	0.06853	0.00501	0.00949

[dist]
# distance from previous block
# <min> <max>
21	140

[block]
# block no. 5 follows, 30 sequences, length 30
# corresponding to MSA columns:
# 448-477
name=unknown_F
#
# <colnr> <probs for GDERKNQSTAVLIFYWHMCP>
#	G	D	E	R	K	N	Q	S	T	A	V	L	I	F	Y	W	H	M	C	P
0	0.05601	0.03563	0.02301	0.46767	0.05741	0.03520	0.08400	0.11697	0.01707	0.02286	0.01298	0.01759	0.00975	0.00700	0.00688	0.00224	0.00912	0.00618	0.00379	0.00864
1	0.13491	0.01478	0.01859	0.02162	0.22705	0.05686	0.03291	0.05763	0.06221	0.04500	0.01862	0.06969	0.04013	0.08295	0.01015	0.00261	0.03794	0.00742	0.00461	0.05430
2	0.05080	0.14087	0.05693	0.14040	0.25094	0.06981	0.01619	0.01988	0.01496	0.02036	0.03737	0.01788	0.01257	0.01124	0.07809	0.00288	0.00934	0.00578	0.00355	0.04015
3	0.01576	0.01590	0.08860	0.08083	0.22550	0.03901	0.01524	0.06366	0.06746	0.04558	0.16907	0.05134	0.02557	0.00940	0.00725	0.00216	0.00700	0.02507	0.00517	0.04043
4	0.01813	0.01794	0.02638	0.11141	0.54330	0.08746	0.02006	0.05097	0.01682	0.02264	0.01298	0.01692	0.01070	0.00649	0.00686	0.00207	0.00880	0.00605	0.00359	0.01045
5	0.01924	0.36946	0.14835	0.01626	0.06962	0.02204	0.01496	0.14381	0.03903	0.04840	0.01397	0.04085	0.01164	0.00732	0.00581	0.00187	0.00781	0.00545	0.00420	0.00992
6	0.07846	0.17494	0.05534	0.19085	0.02691	0.29655	0.01461	0.02343	0.01640	0.04599	0.01162	0.01421	0.00927	0.00687	0.00598	0.00192	0.00984	0.00483	0.00357	0.00840
7	0.01856	0.28353	0.07268	0.01311	0.01819	0.07566	0.01190	0.05513	0.15131	0.07376	0.08707	0.02181	0.04206	0.00831	0.00613	0.00190	0.00695	0.00635	0.00508	0.04052
8	0.00844	0.00631	0.00785	0.00909	0.00996	0.00572	0.00620	0.00979	0.01397	0.01806	0.04612	0.58784	0.20357	0.02087	0.00875	0.00272	0.00393	0.01862	0.00648	0.00572
9	0.01866	0.75896	0.03657	0.01194	0.01791	0.02761	0.01194	0.02090	0.01418	0.01642	0.00970	0.01119	0.00896	0.00597	0.00448	0.00149	0.00746	0.00373	0.00299	0.00896
10	0.01447	0.01240	0.01447	0.01034	0.01654	0.00930	0.00827	0.01757	0.01447	0.02274	0.01240	0.01447	0.01034	0.00517	0.00517	0.00103	0.00517	0.00413	0.00413	0.79742
11	0.01124	0.00803	0.01124	0.01285	0.01446	0.00803	0.01124	0.01446	0.01606	0.02088	0.03695	0.07871	0.04016	0.01928	0.00964	0.00321	0.00643	0.66426	0.00643	0.00643
12	0.01866	0.75896	0.03657	0.01194	0.01791	0.02761	0.01194	0.02090	0.01418	0.01642	0.00970	0.01119	0.00896	0.00597	0.00448	0.00149	0.00746	0.00373	0.00299	0.00896
13	0.01447	0.01240	0.01447	0.01034	0.01654	0.00930	0.00827	0.01757	0.01447	0.02274	0.01240	0.01447	0.01034	0.00517	0.00517	0.00103	0.00517	0.00413	0.00413	0.79742
14	0.03131	0.01188	0.01619	0.01242	0.01781	0.01026	0.01026	0.03401	0.01997	0.71606	0.02753	0.02375	0.01727	0.00864	0.00702	0.00216	0.00594	0.00702	0.00864	0.01188
15	0.02910	0.01542	0.01839	0.01410	0.01958	0.01552	0.01165	0.33620	0.02590	0.40549	0.02255	0.02052	0.01478	0.00852	0.00700	0.00213	0.00674	0.00668	0.00787	0.01187
16	0.00997	0.00748	0.01121	0.01121	0.01246	0.00872	0.00872	0.01246	0.01121	0.01620	0.01869	0.02741	0.01745	0.05234	0.72710	0.01121	0.01869	0.00748	0.00374	0.00623
17	0.10401	0.01894	0.01988	0.01537	0.02083	0.02104	0.01269	0.62145	0.03072	0.04272	0.01605	0.01621	0.01144	0.00819	0.00672	0.00210	0.00745	0.00603	0.00672	0.01144
18	0.01810	0.67315	0.11752	0.01288	0.01937	0.02626	0.01358	0.02104	0.01424	0.01709	0.01004	0.01161	0.00894	0.00605	0.00473	0.00158	0.00780	0.00390	0.00298	0.00912
19	0.01234	0.00824	0.00897	0.00838	0.01103	0.00759	0.00642	0.01628	0.08173	0.09334	0.11552	0.05132	0.40981	0.01424	0.00752	0.00221	0.00391	0.01188	0.12211	0.00715
20	0.09386	0.01249	0.01412	0.01031	0.01629	0.00998	0.00828	0.01855	0.01444	0.05270	0.01277	0.01455	0.01035	0.00544	0.00516	0.00119	0.00522	0.00422	0.00434	0.68573
21	0.01378	0.01325	0.02326	0.55981	0.11116	0.01542	0.08933	0.01845	0.01468	0.01928	0.04517	0.02006	0.01226	0.00713	0.00716	0.00230	0.00918	0.00672	0.00340	0.00820
22	0.80405	0.01350	0.01026	0.00918	0.01350	0.01565	0.00756	0.02051	0.01188	0.03131	0.00972	0.01134	0.00756	0.00648	0.00432	0.00216	0.00540	0.00378	0.00432	0.00756
23	0.07729	0.01662	0.02115	0.09700	0.28007	0.06001	0.01578	0.07090	0.23818	0.02608	0.01785	0.01948	0.01387	0.00757	0.00675	0.00218	0.00750	0.00647	0.00491	0.01033
24	0.01212	0.00606	0.00909	0.00909	0.00909	0.00606	0.00606	0.00909	0.00909	0.01212	0.01212	0.02121	0.01212	0.02424	0.02727	0.79697	0.00606	0.00606	0.00303	0.00303
25	0.02569	0.01833	0.01988	0.01552	0.02087	0.02017	0.01273	0.54971	0.11996	0.09551	0.01915	0.01854	0.01355	0.00854	0.00700	0.00214	0.00725	0.00655	0.00713	0.01176
26	0.02234	0.41051	0.02789	0.01303	0.01863	0.02234	0.01180	0.15298	0.08421	0.14964	0.01607	0.01595	0.01220	0.00725	0.00567	0.00181	0.00704	0.00521	0.00517	0.01024
27	0.80405	0.01350	0.01026	0.00918	0.01350	0.01565	0.00756	0.02051	0.01188	0.03131	0.00972	0.01134	0.00756	0.00648	0.00432	0.00216	0.00540	0.00378	0.00432	0.00756
28	0.00850	0.00607	0.00810	0.00972	0.01012	0.00567	0.00648	0.00972	0.01336	0.01781	0.03846	0.75020	0.04615	0.02186	0.00891	0.00283	0.00405	0.01984	0.00648	0.00567
29	0.09507	0.14655	0.25349	0.01759	0.09055	0.01655	0.01655	0.04641	0.01632	0.19126	0.01635	0.03685	0.01215	0.00743	0.00624	0.00207	0.00784	0.00579	0.00475	0.01020

[dist]
# distance from previous block
# <min> <max>
0	3

[block]
# block no. 6 follows, 30 sequences, length 15
# corresponding to MSA columns:
# 481-495
name=unknown_G
#
# <colnr> <probs for GDERKNQSTAVLIFYWHMCP>
#	G	D	E	R	K	N	Q	S	T	A	V	L	I	F	Y	W	H	M	C	P
0	0.27139	0.10622	0.16167	0.01422	0.01992	0.01906	0.01386	0.17817	0.05342	0.02952	0.01288	0.01433	0.00983	0.00746	0.00691	0.00215	0.05990	0.00502	0.00456	0.00948
1	0.14321	0.12748	0.06763	0.01331	0.01866	0.11230	0.01173	0.04442	0.04946	0.31767	0.01867	0.01781	0.01292	0.00761	0.00611	0.00202	0.00731	0.00559	0.00596	0.01013
2	0.27300	0.01551	0.02048	0.11251	0.30263	0.01690	0.01547	0.11921	0.01686	0.02808	0.01247	0.01543	0.00983	0.00671	0.00609	0.00213	0.00739	0.00544	0.00421	0.00964
3	0.01896	0.01789	0.06962	0.02416	0.24220	0.01790	0.01585	0.16309	0.29687	0.02965	0.02003	0.02055	0.01523	0.00801	0.00698	0.00221	0.00718	0.00684	0.00562	0.01116
4	0.31279	0.01475	0.02009	0.08654	0.34585	0.01570	0.01528	0.02165	0.01451	0.07367	0.01279	0.01561	0.01003	0.00655	0.00595	0.00213	0.00713	0.00536	0.00411	0.00952
5	0.02275	0.01602	0.13860	0.01771	0.12327	0.01165	0.01404	0.02670	0.01841	0.38089	0.13195	0.02577	0.02267	0.00883	0.00713	0.00216	0.00663	0.00747	0.00672	0.01063
6	0.01771	0.52142	0.13792	0.01849	0.13987	0.02398	0.01567	0.02117	0.01456	0.01838	0.01072	0.01278	0.00930	0.00611	0.00522	0.00170	0.00804	0.00438	0.00306	0.00952
7	0.15566	0.01684	0.01955	0.02221	0.22476	0.05941	0.01391	0.16410	0.16020	0.02996	0.05285	0.01950	0.01550	0.00787	0.00655	0.00214	0.00708	0.00639	0.00533	0.01021
8	0.01684	0.13133	0.14442	0.01709	0.02291	0.01875	0.11349	0.02987	0.37617	0.02503	0.02072	0.02077	0.01570	0.00792	0.00679	0.00221	0.00757	0.00684	0.00523	0.01036
9	0.02532	0.01605	0.12180	0.01862	0.13942	0.01206	0.01431	0.02909	0.01848	0.46130	0.05453	0.02262	0.01721	0.00818	0.00700	0.00215	0.00687	0.00687	0.00685	0.01126
10	0.14115	0.01701	0.02128	0.02330	0.24147	0.01811	0.01476	0.31576	0.02309	0.09449	0.01548	0.01672	0.01143	0.00742	0.00656	0.00210	0.00738	0.00595	0.00559	0.01096
11	0.43232	0.01833	0.13836	0.02108	0.22467	0.01603	0.01485	0.02106	0.01357	0.02717	0.01122	0.01370	0.00882	0.00643	0.00549	0.00214	0.00711	0.00475	0.00382	0.00908
12	0.01767	0.02124	0.24173	0.01474	0.02169	0.01427	0.01504	0.17871	0.01964	0.06423	0.07270	0.01875	0.01525	0.00735	0.00642	0.00182	0.00730	0.00584	0.00496	0.25067
13	0.01215	0.01391	0.11967	0.02195	0.24020	0.01076	0.01417	0.01534	0.01438	0.02006	0.02642	0.40407	0.02927	0.01454	0.00792	0.00250	0.00635	0.01326	0.00498	0.00810
14	0.01242	0.01077	0.01654	0.14244	0.12224	0.01274	0.01291	0.01510	0.01218	0.01724	0.01573	0.02469	0.01477	0.11354	0.30911	0.00657	0.12313	0.00717	0.00354	0.00718

[dist]
# distance from previous block
# <min> <max>
6	21

[block]
# block no. 7 follows, 30 sequences, length 13
# corresponding to MSA columns:
# 518-530
name=unknown_H
#
# <colnr> <probs for GDERKNQSTAVLIFYWHMCP>
#	G	D	E	R	K	N	Q	S	T	A	V	L	I	F	Y	W	H	M	C	P
0	0.10276	0.13598	0.02105	0.01408	0.01929	0.07995	0.01180	0.29537	0.06581	0.16160	0.01718	0.01687	0.01234	0.00782	0.00627	0.00201	0.00738	0.00571	0.00611	0.01060
1	0.01607	0.01612	0.12662	0.01206	0.01884	0.01049	0.01125	0.01992	0.01506	0.09148	0.01392	0.01543	0.01079	0.00574	0.00558	0.00133	0.00606	0.00458	0.00439	0.59425
2	0.60029	0.01395	0.01313	0.01154	0.01474	0.01713	0.00955	0.01955	0.01157	0.02756	0.00957	0.01235	0.00797	0.00796	0.00912	0.00239	0.19567	0.00438	0.00399	0.00758
3	0.02311	0.10744	0.29199	0.01527	0.02265	0.01457	0.01649	0.02786	0.01727	0.36523	0.01963	0.01879	0.01303	0.00755	0.00657	0.00210	0.00782	0.00591	0.00577	0.01093
4	0.00959	0.00712	0.00893	0.00848	0.01025	0.00646	0.00636	0.01262	0.01908	0.02639	0.59650	0.05475	0.17789	0.01486	0.00823	0.00222	0.00333	0.01299	0.00747	0.00646
5	0.00850	0.00607	0.00810	0.00972	0.01012	0.00567	0.00648	0.00972	0.01336	0.01781	0.03846	0.75020	0.04615	0.02186	0.00891	0.00283	0.00405	0.01984	0.00648	0.00567
6	0.01878	0.01335	0.02165	0.37655	0.21179	0.01447	0.01762	0.02281	0.01596	0.19413	0.01638	0.01955	0.01175	0.00720	0.00697	0.00222	0.00820	0.00641	0.00458	0.00964
7	0.02350	0.01404	0.01607	0.01411	0.05478	0.06617	0.01063	0.15669	0.02184	0.31336	0.13576	0.02999	0.09158	0.01014	0.00726	0.00214	0.00626	0.00829	0.00728	0.01011
8	0.02601	0.02819	0.02097	0.01786	0.02217	0.50067	0.05391	0.14253	0.02185	0.08140	0.01344	0.01463	0.01029	0.00744	0.00659	0.00191	0.01112	0.00525	0.00461	0.00915
9	0.07194	0.01398	0.01916	0.08527	0.19195	0.04537	0.01368	0.02752	0.01791	0.38092	0.04732	0.02153	0.01594	0.00791	0.00684	0.00214	0.00699	0.00665	0.00632	0.01066
10	0.06062	0.01587	0.09802	0.01951	0.18496	0.04786	0.01355	0.03706	0.03336	0.14655	0.11462	0.03013	0.12982	0.00972	0.00707	0.00214	0.00661	0.00819	0.00558	0.02877
11	0.07876	0.01977	0.05683	0.08695	0.23014	0.11971	0.11528	0.09001	0.06222	0.02442	0.01380	0.01681	0.01085	0.00708	0.00746	0.00217	0.03780	0.00614	0.00408	0.00975
12	0.05645	0.02258	0.22404	0.02818	0.30603	0.03908	0.02022	0.07280	0.01604	0.02363	0.01242	0.01577	0.00997	0.00741	0.00899	0.00225	0.11469	0.00573	0.00357	0.01015

[dist]
# distance from previous block
# <min> <max>
0	26

# created by:
# /home/cegg/simao/soft/augustus-3.2.1/scripts/msa2prfl.pl ./align_prep/EOG090W0AAD.fa
