[name]
unknown

[dist]
# distance from previous block
# <min> <max>
1	550

[block]
# block no. 0 follows, 30 sequences, length 32
# corresponding to MSA columns:
# 579-610
name=unknown_A
#
# <colnr> <probs for GDERKNQSTAVLIFYWHMCP>
#	G	D	E	R	K	N	Q	S	T	A	V	L	I	F	Y	W	H	M	C	P
0	0.01736	0.01499	0.01578	0.01420	0.01815	0.01736	0.01105	0.03708	0.69862	0.02919	0.02840	0.02604	0.02130	0.00947	0.00710	0.00237	0.00552	0.00789	0.00710	0.01105
1	0.01528	0.00816	0.01081	0.00993	0.01231	0.00733	0.00751	0.01786	0.01815	0.21090	0.34282	0.21299	0.06835	0.01468	0.00807	0.00234	0.00420	0.01291	0.00761	0.00777
2	0.01627	0.01824	0.03794	0.02760	0.03351	0.01826	0.57631	0.02144	0.01553	0.02144	0.01331	0.01824	0.01035	0.00692	0.01063	0.00247	0.13107	0.00789	0.00345	0.00912
3	0.01527	0.01527	0.02137	0.01832	0.01832	0.02137	0.01527	0.01679	0.01069	0.01679	0.00916	0.01527	0.00916	0.01221	0.02290	0.00305	0.74198	0.00611	0.00305	0.00763
4	0.80405	0.01350	0.01026	0.00918	0.01350	0.01565	0.00756	0.02051	0.01188	0.03131	0.00972	0.01134	0.00756	0.00648	0.00432	0.00216	0.00540	0.00378	0.00432	0.00756
5	0.01015	0.00677	0.00761	0.00761	0.00761	0.00677	0.00423	0.01015	0.01015	0.01353	0.02199	0.04567	0.02537	0.75476	0.03552	0.00677	0.00677	0.01015	0.00423	0.00423
6	0.01447	0.01240	0.01447	0.01034	0.01654	0.00930	0.00827	0.01757	0.01447	0.02274	0.01240	0.01447	0.01034	0.00517	0.00517	0.00103	0.00517	0.00413	0.00413	0.79742
7	0.02052	0.02402	0.02060	0.01815	0.01990	0.36440	0.01440	0.02218	0.01511	0.01693	0.00995	0.01396	0.00908	0.00977	0.01482	0.00244	0.38728	0.00532	0.00332	0.00786
8	0.01722	0.01686	0.02721	0.11256	0.61475	0.04630	0.02088	0.02132	0.01586	0.02205	0.01295	0.01721	0.01079	0.00634	0.00689	0.00209	0.00857	0.00614	0.00342	0.01059
9	0.01618	0.01235	0.01465	0.01055	0.01667	0.00940	0.00847	0.01924	0.01503	0.09333	0.01394	0.01542	0.01104	0.00552	0.00536	0.00115	0.00525	0.00443	0.00459	0.71744
10	0.02194	0.01727	0.01836	0.01513	0.01989	0.01950	0.01215	0.36249	0.36574	0.03658	0.02258	0.02140	0.01658	0.00892	0.00704	0.00223	0.00660	0.00709	0.00704	0.01146
11	0.02925	0.01192	0.01563	0.01212	0.01718	0.01072	0.00997	0.07917	0.02039	0.60337	0.02631	0.02346	0.01694	0.00857	0.00681	0.00210	0.00581	0.00692	0.08196	0.01137
12	0.00875	0.00629	0.00818	0.00948	0.01009	0.00587	0.00643	0.01011	0.01379	0.01833	0.07905	0.60745	0.08496	0.06302	0.01037	0.00300	0.00420	0.03851	0.00642	0.00568
13	0.03131	0.01188	0.01619	0.01242	0.01781	0.01026	0.01026	0.03401	0.01997	0.71606	0.02753	0.02375	0.01727	0.00864	0.00702	0.00216	0.00594	0.00702	0.00864	0.01188
14	0.01139	0.00652	0.00969	0.00969	0.01007	0.00690	0.00681	0.01016	0.00978	0.01342	0.01448	0.02399	0.01422	0.05913	0.24130	0.52853	0.00994	0.00664	0.00329	0.00405
15	0.01866	0.75896	0.03657	0.01194	0.01791	0.02761	0.01194	0.02090	0.01418	0.01642	0.00970	0.01119	0.00896	0.00597	0.00448	0.00149	0.00746	0.00373	0.00299	0.00896
16	0.01549	0.01259	0.01468	0.01073	0.01665	0.00997	0.00857	0.05983	0.01574	0.04405	0.01411	0.04305	0.01201	0.00611	0.00548	0.00120	0.00531	0.00495	0.00453	0.69494
17	0.01493	0.03686	0.05930	0.01304	0.04206	0.01277	0.01036	0.17548	0.10015	0.02724	0.11785	0.15709	0.17794	0.01328	0.00765	0.00231	0.00555	0.01124	0.00637	0.00854
18	0.01290	0.00936	0.01123	0.01126	0.01293	0.00957	0.00813	0.17521	0.01811	0.02420	0.03316	0.57124	0.03779	0.01857	0.00844	0.00265	0.00493	0.01653	0.00660	0.00718
19	0.01459	0.01385	0.02348	0.49801	0.27699	0.01588	0.02008	0.01907	0.01462	0.01954	0.01265	0.01814	0.00991	0.00671	0.00695	0.00224	0.00895	0.00621	0.00322	0.00889
20	0.00848	0.00614	0.00803	0.00954	0.01007	0.00568	0.00640	0.00974	0.01353	0.01788	0.04063	0.70415	0.09080	0.02158	0.00886	0.00280	0.00401	0.01949	0.00648	0.00568
21	0.01301	0.00834	0.01114	0.01191	0.01376	0.00819	0.00984	0.01634	0.04437	0.09105	0.03598	0.15515	0.05987	0.06765	0.01087	0.00323	0.00595	0.41991	0.00654	0.00691
22	0.04681	0.01083	0.01355	0.01104	0.01539	0.00979	0.00901	0.06162	0.01907	0.44256	0.03515	0.03419	0.15635	0.01078	0.00714	0.00220	0.00536	0.03600	0.06320	0.00994
23	0.00836	0.00700	0.00715	0.00723	0.00936	0.00593	0.00530	0.01001	0.01548	0.01852	0.06653	0.09911	0.63986	0.05720	0.00973	0.00261	0.00373	0.01473	0.00636	0.00579
24	0.75409	0.01388	0.01094	0.00962	0.01402	0.01604	0.00792	0.06340	0.01322	0.03212	0.01017	0.01168	0.00783	0.00660	0.00449	0.00216	0.00554	0.00394	0.00449	0.00783
25	0.01794	0.01622	0.01605	0.01446	0.01838	0.06518	0.01121	0.03646	0.65285	0.02837	0.02721	0.02513	0.02047	0.00931	0.00705	0.00233	0.00600	0.00766	0.00686	0.01085
26	0.02557	0.01638	0.02119	0.01649	0.02178	0.08446	0.12655	0.09156	0.13006	0.35619	0.02274	0.02154	0.01547	0.00813	0.00716	0.00218	0.00768	0.00705	0.00687	0.01095
27	0.02189	0.01784	0.01811	0.01497	0.01953	0.06427	0.01197	0.35479	0.27903	0.03560	0.07017	0.02248	0.01906	0.00913	0.00707	0.00218	0.00688	0.00722	0.00686	0.01094
28	0.80405	0.01350	0.01026	0.00918	0.01350	0.01565	0.00756	0.02051	0.01188	0.03131	0.00972	0.01134	0.00756	0.00648	0.00432	0.00216	0.00540	0.00378	0.00432	0.00756
29	0.02613	0.01115	0.01469	0.01172	0.01633	0.00995	0.00951	0.02994	0.06330	0.53694	0.12194	0.03035	0.06588	0.01000	0.00726	0.00219	0.00541	0.00830	0.00828	0.01075
30	0.00836	0.00684	0.00738	0.00773	0.00962	0.00587	0.00562	0.01006	0.01546	0.01894	0.08626	0.22229	0.53435	0.01851	0.00840	0.00246	0.00364	0.01582	0.00652	0.00587
31	0.01727	0.01658	0.02832	0.04283	0.71123	0.01658	0.02142	0.02142	0.01589	0.02280	0.01313	0.01727	0.01105	0.00622	0.00691	0.00207	0.00829	0.00622	0.00345	0.01105

[dist]
# distance from previous block
# <min> <max>
1	113

[block]
# block no. 1 follows, 30 sequences, length 13
# corresponding to MSA columns:
# 729-741
name=unknown_B
#
# <colnr> <probs for GDERKNQSTAVLIFYWHMCP>
#	G	D	E	R	K	N	Q	S	T	A	V	L	I	F	Y	W	H	M	C	P
0	0.00979	0.00675	0.00802	0.00822	0.00858	0.00670	0.00507	0.01042	0.01154	0.01545	0.06635	0.14718	0.06486	0.51756	0.07926	0.00604	0.00688	0.01172	0.00483	0.00480
1	0.80405	0.01350	0.01026	0.00918	0.01350	0.01565	0.00756	0.02051	0.01188	0.03131	0.00972	0.01134	0.00756	0.00648	0.00432	0.00216	0.00540	0.00378	0.00432	0.00756
2	0.01580	0.01650	0.02880	0.33015	0.17705	0.05765	0.23147	0.02058	0.01548	0.02023	0.01300	0.01806	0.01005	0.00649	0.00732	0.00225	0.01007	0.00675	0.00334	0.00897
3	0.01447	0.01240	0.01447	0.01034	0.01654	0.00930	0.00827	0.01757	0.01447	0.02274	0.01240	0.01447	0.01034	0.00517	0.00517	0.00103	0.00517	0.00413	0.00413	0.79742
4	0.80405	0.01350	0.01026	0.00918	0.01350	0.01565	0.00756	0.02051	0.01188	0.03131	0.00972	0.01134	0.00756	0.00648	0.00432	0.00216	0.00540	0.00378	0.00432	0.00756
5	0.00988	0.00713	0.00933	0.00878	0.01043	0.00658	0.00658	0.01317	0.01975	0.02798	0.70754	0.05213	0.06584	0.01427	0.00823	0.00219	0.00329	0.01262	0.00768	0.00658
6	0.01400	0.03610	0.71860	0.01989	0.03020	0.01621	0.02578	0.02210	0.01473	0.02210	0.01252	0.01473	0.00884	0.00663	0.00663	0.00221	0.01031	0.00516	0.00295	0.01031
7	0.00981	0.00662	0.00771	0.00804	0.00812	0.00654	0.00469	0.01006	0.01081	0.01441	0.02536	0.18978	0.02962	0.60484	0.03007	0.00596	0.00621	0.01213	0.00469	0.00452
8	0.00997	0.00748	0.01121	0.01121	0.01246	0.00872	0.00872	0.01246	0.01121	0.01620	0.01869	0.02741	0.01745	0.05234	0.72710	0.01121	0.01869	0.00748	0.00374	0.00623
9	0.75186	0.01339	0.01066	0.00940	0.01379	0.01529	0.00774	0.02142	0.01242	0.07755	0.01092	0.01217	0.00821	0.00662	0.00450	0.00216	0.00543	0.00400	0.00461	0.00785
10	0.01633	0.01841	0.03888	0.02812	0.03436	0.01808	0.60807	0.02171	0.01580	0.02171	0.01354	0.01841	0.01042	0.00662	0.00994	0.00243	0.09649	0.00799	0.00347	0.00921
11	0.01599	0.01619	0.02089	0.01801	0.01848	0.05819	0.01487	0.01884	0.06085	0.01770	0.01064	0.01590	0.01003	0.01175	0.02089	0.00294	0.65042	0.00615	0.00337	0.00790
12	0.01895	0.01561	0.02099	0.01682	0.02149	0.01678	0.13157	0.11366	0.34235	0.08352	0.04525	0.02307	0.01814	0.00868	0.00801	0.00227	0.04429	0.00754	0.00622	0.05479

[dist]
# distance from previous block
# <min> <max>
2	12

[block]
# block no. 2 follows, 30 sequences, length 20
# corresponding to MSA columns:
# 754-761,771-782
name=unknown_C
#
# <colnr> <probs for GDERKNQSTAVLIFYWHMCP>
#	G	D	E	R	K	N	Q	S	T	A	V	L	I	F	Y	W	H	M	C	P
0	0.05232	0.01284	0.01194	0.05081	0.01516	0.12117	0.00875	0.09140	0.01756	0.02308	0.08200	0.23533	0.14284	0.01381	0.00738	0.00228	0.00592	0.01162	0.08665	0.00714
1	0.02390	0.01610	0.01603	0.01317	0.01775	0.13181	0.01047	0.10049	0.10339	0.29493	0.05559	0.02564	0.07740	0.00921	0.00691	0.00204	0.00681	0.00730	0.00683	0.07422
2	0.00978	0.00713	0.00920	0.00868	0.01037	0.00655	0.00651	0.01299	0.01954	0.02747	0.67151	0.05298	0.10220	0.01446	0.00823	0.00220	0.00331	0.01274	0.00761	0.00655
3	0.01566	0.01517	0.02392	0.05526	0.06251	0.01581	0.23295	0.02689	0.31398	0.02468	0.02764	0.02822	0.10679	0.00907	0.00761	0.00234	0.00765	0.00873	0.00545	0.00967
4	0.01410	0.01371	0.02313	0.10522	0.25780	0.03350	0.14446	0.01771	0.01534	0.02054	0.02383	0.18664	0.07106	0.01101	0.00779	0.00237	0.00784	0.03097	0.00443	0.00856
5	0.00937	0.00681	0.00795	0.00854	0.01012	0.00598	0.00607	0.01092	0.01490	0.04884	0.05378	0.38366	0.36948	0.01923	0.00850	0.00257	0.00388	0.01677	0.00657	0.00605
6	0.01144	0.01755	0.24404	0.01365	0.01843	0.01079	0.04882	0.01599	0.01651	0.02307	0.26133	0.07287	0.16085	0.01223	0.00838	0.00231	0.03808	0.01040	0.00542	0.00783
7	0.01559	0.00778	0.00999	0.00911	0.01037	0.00740	0.00610	0.01545	0.01217	0.17714	0.02077	0.03433	0.02011	0.39471	0.02677	0.20679	0.00639	0.00838	0.00495	0.00571
8	0.00887	0.00673	0.00817	0.00857	0.01000	0.00603	0.00614	0.01093	0.01623	0.02143	0.26494	0.30804	0.26246	0.01808	0.00848	0.00248	0.00364	0.01588	0.00687	0.00603
9	0.01376	0.01173	0.01429	0.01090	0.01595	0.00984	0.00871	0.01667	0.01373	0.02133	0.01329	0.01668	0.01147	0.01344	0.12707	0.00285	0.04626	0.00480	0.00401	0.62323
10	0.35628	0.02487	0.01574	0.01424	0.01814	0.42492	0.01097	0.02474	0.01642	0.02312	0.01033	0.01205	0.00838	0.00689	0.00545	0.00195	0.00953	0.00419	0.00390	0.00786
11	0.01714	0.02081	0.14880	0.01958	0.02545	0.06899	0.21239	0.08114	0.20035	0.02612	0.08865	0.02280	0.01879	0.00814	0.00740	0.00225	0.00869	0.00760	0.00510	0.00983
12	0.80405	0.01350	0.01026	0.00918	0.01350	0.01565	0.00756	0.02051	0.01188	0.03131	0.00972	0.01134	0.00756	0.00648	0.00432	0.00216	0.00540	0.00378	0.00432	0.00756
13	0.01340	0.01263	0.02133	0.70081	0.08353	0.01556	0.01949	0.01802	0.01406	0.01810	0.01244	0.01853	0.00940	0.00694	0.00697	0.00231	0.00925	0.00620	0.00312	0.00793
14	0.00894	0.00651	0.00842	0.00917	0.01016	0.00599	0.00641	0.01089	0.01571	0.02129	0.26393	0.45840	0.11039	0.01897	0.00862	0.00258	0.00375	0.01699	0.00688	0.00599
15	0.00918	0.00678	0.00859	0.00883	0.01018	0.00618	0.00636	0.01157	0.01708	0.02329	0.39354	0.28367	0.15443	0.01727	0.00846	0.00243	0.00358	0.01530	0.00711	0.00618
16	0.02489	0.01873	0.02002	0.01572	0.02102	0.02087	0.01287	0.57147	0.15197	0.04133	0.01884	0.01842	0.01356	0.00857	0.00700	0.00214	0.00729	0.00657	0.00700	0.01172
17	0.00850	0.00607	0.00810	0.00972	0.01012	0.00567	0.00648	0.00972	0.01336	0.01781	0.03846	0.75020	0.04615	0.02186	0.00891	0.00283	0.00405	0.01984	0.00648	0.00567
18	0.01404	0.00932	0.00987	0.00944	0.01174	0.01013	0.00718	0.02255	0.23908	0.02613	0.02528	0.06583	0.02054	0.01149	0.04118	0.00241	0.00480	0.00774	0.45333	0.00794
19	0.02217	0.39117	0.12547	0.01350	0.01989	0.02065	0.01351	0.07414	0.01728	0.21733	0.01567	0.01566	0.01151	0.00700	0.00568	0.00183	0.00745	0.00505	0.00488	0.01019

[dist]
# distance from previous block
# <min> <max>
0	1

[block]
# block no. 3 follows, 30 sequences, length 13
# corresponding to MSA columns:
# 790-802
name=unknown_D
#
# <colnr> <probs for GDERKNQSTAVLIFYWHMCP>
#	G	D	E	R	K	N	Q	S	T	A	V	L	I	F	Y	W	H	M	C	P
0	0.02483	0.03091	0.02098	0.02148	0.11865	0.62678	0.01460	0.02696	0.01923	0.01788	0.01112	0.01324	0.00928	0.00705	0.00638	0.00184	0.01198	0.00474	0.00358	0.00851
1	0.02261	0.01896	0.02692	0.02015	0.02588	0.02024	0.21825	0.43035	0.05349	0.03563	0.01609	0.01769	0.01174	0.00782	0.00805	0.00223	0.04029	0.00693	0.00577	0.01090
2	0.00867	0.00632	0.00817	0.00933	0.01010	0.00582	0.00638	0.01023	0.01450	0.01934	0.13572	0.58686	0.11203	0.02039	0.00875	0.00270	0.00389	0.01834	0.00665	0.00582
3	0.01346	0.01291	0.01704	0.01492	0.01581	0.01674	0.01221	0.01626	0.05529	0.01853	0.05392	0.03012	0.18306	0.01346	0.01773	0.00281	0.48541	0.00859	0.00433	0.00738
4	0.00889	0.00635	0.00854	0.01016	0.01073	0.00600	0.00715	0.01038	0.01374	0.01825	0.03825	0.65568	0.04531	0.02150	0.00901	0.00289	0.00438	0.11055	0.00647	0.00577
5	0.01212	0.00606	0.00909	0.00909	0.00909	0.00606	0.00606	0.00909	0.00909	0.01212	0.01212	0.02121	0.01212	0.02424	0.02727	0.79697	0.00606	0.00606	0.00303	0.00303
6	0.01400	0.03610	0.71860	0.01989	0.03020	0.01621	0.02578	0.02210	0.01473	0.02210	0.01252	0.01473	0.00884	0.00663	0.00663	0.00221	0.01031	0.00516	0.00295	0.01031
7	0.01060	0.00883	0.00996	0.00863	0.01206	0.00712	0.00657	0.01293	0.01555	0.02101	0.11066	0.11243	0.33879	0.01339	0.00724	0.00193	0.00413	0.01132	0.00578	0.28107
8	0.02333	0.15299	0.02061	0.01461	0.01872	0.35460	0.01167	0.02632	0.04818	0.14491	0.10077	0.01984	0.01806	0.00821	0.00638	0.00188	0.00903	0.00597	0.00506	0.00887
9	0.31941	0.06034	0.34319	0.04267	0.06697	0.01654	0.01757	0.02123	0.01365	0.02527	0.01134	0.01355	0.00851	0.00653	0.00566	0.00215	0.00811	0.00466	0.00352	0.00914
10	0.06003	0.01747	0.01745	0.01532	0.04693	0.10190	0.01168	0.25726	0.17508	0.09587	0.08669	0.02371	0.04127	0.00918	0.00696	0.00215	0.00699	0.00724	0.00653	0.01029
11	0.02151	0.01669	0.01683	0.01417	0.01825	0.08394	0.01126	0.32131	0.14042	0.07543	0.05186	0.09800	0.02057	0.01043	0.00717	0.00221	0.00685	0.02813	0.04488	0.01007
12	0.08445	0.00706	0.00832	0.00917	0.01039	0.00677	0.00643	0.01124	0.01442	0.02059	0.12882	0.49125	0.13830	0.01880	0.00829	0.00262	0.00400	0.01663	0.00643	0.00600

[dist]
# distance from previous block
# <min> <max>
1	5

[block]
# block no. 4 follows, 30 sequences, length 8
# corresponding to MSA columns:
# 808-815
name=unknown_E
#
# <colnr> <probs for GDERKNQSTAVLIFYWHMCP>
#	G	D	E	R	K	N	Q	S	T	A	V	L	I	F	Y	W	H	M	C	P
0	0.01765	0.02737	0.45149	0.01795	0.02660	0.01433	0.06591	0.02395	0.01586	0.15949	0.01559	0.01677	0.01080	0.00681	0.00665	0.00207	0.00895	0.00562	0.00425	0.10190
1	0.01166	0.00961	0.01154	0.01222	0.06214	0.00967	0.00840	0.01842	0.18549	0.02428	0.24182	0.13163	0.21725	0.01432	0.00794	0.00235	0.00436	0.01242	0.00677	0.00771
2	0.01692	0.01868	0.10246	0.04037	0.63809	0.01654	0.02189	0.02149	0.01577	0.02272	0.01306	0.01700	0.01082	0.00626	0.00688	0.00209	0.00851	0.00610	0.00340	0.01097
3	0.02102	0.01732	0.01753	0.01467	0.01917	0.05692	0.01170	0.30708	0.33419	0.03398	0.02559	0.02436	0.06581	0.00947	0.00709	0.00222	0.00667	0.00752	0.00682	0.01086
4	0.01196	0.01111	0.01906	0.01617	0.01821	0.01170	0.18581	0.01433	0.01336	0.01836	0.02513	0.35289	0.02806	0.09468	0.01406	0.00317	0.13690	0.01333	0.00486	0.00684
5	0.02362	0.01612	0.01736	0.01358	0.01882	0.06344	0.01098	0.25042	0.08016	0.20411	0.04672	0.01992	0.01564	0.00799	0.00661	0.00189	0.00667	0.00626	0.00658	0.18313
6	0.00966	0.00691	0.00853	0.00898	0.00980	0.00641	0.00585	0.01072	0.01269	0.01730	0.06788	0.40271	0.03697	0.27658	0.01787	0.00402	0.00505	0.01472	0.00556	0.07180
7	0.01527	0.23350	0.53234	0.01772	0.02685	0.01932	0.02200	0.02177	0.01458	0.02055	0.01175	0.01377	0.00887	0.00645	0.00604	0.00201	0.00953	0.00477	0.00296	0.00994

[dist]
# distance from previous block
# <min> <max>
2	72

[block]
# block no. 5 follows, 30 sequences, length 7
# corresponding to MSA columns:
# 888-894
name=unknown_F
#
# <colnr> <probs for GDERKNQSTAVLIFYWHMCP>
#	G	D	E	R	K	N	Q	S	T	A	V	L	I	F	Y	W	H	M	C	P
0	0.00956	0.00679	0.00830	0.00845	0.00992	0.00622	0.00614	0.01204	0.01688	0.02352	0.34765	0.22771	0.17532	0.01616	0.00805	0.00232	0.00352	0.01417	0.09107	0.00622
1	0.01501	0.01288	0.01471	0.01106	0.01684	0.01080	0.00879	0.02120	0.14176	0.02394	0.01538	0.01662	0.01238	0.00597	0.00553	0.00128	0.00523	0.00483	0.00469	0.65111
2	0.01670	0.07066	0.32295	0.01887	0.06068	0.04055	0.07349	0.05147	0.10175	0.04861	0.01515	0.01670	0.01131	0.00683	0.00652	0.00201	0.00866	0.00567	0.00410	0.11732
3	0.02016	0.32423	0.15636	0.01473	0.02116	0.02211	0.01468	0.19125	0.09513	0.05556	0.01483	0.01543	0.01139	0.00720	0.00591	0.00190	0.00777	0.00524	0.00468	0.01030
4	0.01003	0.00723	0.00997	0.00997	0.01079	0.00805	0.00717	0.01166	0.01085	0.01528	0.01983	0.03370	0.02018	0.29432	0.48885	0.00968	0.01458	0.00840	0.00391	0.00554
5	0.01687	0.01617	0.02761	0.11040	0.64677	0.01648	0.02122	0.02107	0.01570	0.02232	0.01306	0.01740	0.01088	0.00629	0.00692	0.00210	0.00839	0.00622	0.00342	0.01073
6	0.01107	0.00941	0.01324	0.01511	0.10159	0.01016	0.00991	0.01312	0.01449	0.01999	0.13949	0.33020	0.11409	0.01637	0.01107	0.00262	0.14171	0.01380	0.00564	0.00690

[dist]
# distance from previous block
# <min> <max>
0	1

[block]
# block no. 6 follows, 30 sequences, length 38
# corresponding to MSA columns:
# 896-933
name=unknown_G
#
# <colnr> <probs for GDERKNQSTAVLIFYWHMCP>
#	G	D	E	R	K	N	Q	S	T	A	V	L	I	F	Y	W	H	M	C	P
0	0.02607	0.03326	0.01978	0.01798	0.02157	0.72674	0.01348	0.02787	0.01978	0.01708	0.01079	0.01258	0.00899	0.00719	0.00629	0.00180	0.01258	0.00449	0.00360	0.00809
1	0.01447	0.01240	0.01447	0.01034	0.01654	0.00930	0.00827	0.01757	0.01447	0.02274	0.01240	0.01447	0.01034	0.00517	0.00517	0.00103	0.00517	0.00413	0.00413	0.79742
2	0.77732	0.01346	0.01062	0.03381	0.01466	0.01565	0.00796	0.02042	0.01195	0.03085	0.00981	0.01158	0.00762	0.00649	0.00441	0.00216	0.00553	0.00386	0.00428	0.00756
3	0.03074	0.01189	0.01614	0.01235	0.01777	0.01022	0.01019	0.03345	0.01979	0.69262	0.02702	0.02344	0.01704	0.00852	0.00696	0.00212	0.00591	0.00692	0.00848	0.03843
4	0.00926	0.00711	0.00848	0.00814	0.01005	0.00632	0.00610	0.01198	0.01831	0.02455	0.46802	0.05778	0.30751	0.01555	0.00824	0.00226	0.00338	0.01341	0.00723	0.00632
5	0.01400	0.03610	0.71860	0.01989	0.03020	0.01621	0.02578	0.02210	0.01473	0.02210	0.01252	0.01473	0.00884	0.00663	0.00663	0.00221	0.01031	0.00516	0.00295	0.01031
6	0.02918	0.01529	0.01831	0.01404	0.01952	0.01533	0.01160	0.32533	0.02569	0.41666	0.02273	0.02063	0.01487	0.00852	0.00700	0.00213	0.00671	0.00669	0.00790	0.01187
7	0.00859	0.00707	0.00757	0.00763	0.00978	0.00605	0.00574	0.01059	0.01632	0.02012	0.15476	0.09517	0.56780	0.01745	0.00832	0.00239	0.00363	0.03836	0.00664	0.00600
8	0.02053	0.01172	0.01710	0.19367	0.11363	0.01188	0.01284	0.04217	0.01685	0.28522	0.02234	0.02509	0.04100	0.06937	0.00917	0.00252	0.00684	0.00719	0.08150	0.00939
9	0.01447	0.02728	0.40697	0.02245	0.03090	0.01592	0.27242	0.02123	0.01548	0.02194	0.01777	0.02046	0.06538	0.00723	0.00736	0.00228	0.01032	0.00708	0.00345	0.00962
10	0.01335	0.01373	0.02679	0.02082	0.02479	0.01351	0.36589	0.01708	0.01486	0.02016	0.02424	0.26308	0.05338	0.01231	0.00987	0.00258	0.07898	0.01217	0.00459	0.00784
11	0.01447	0.01240	0.01447	0.01034	0.01654	0.00930	0.00827	0.01757	0.01447	0.02274	0.01240	0.01447	0.01034	0.00517	0.00517	0.00103	0.00517	0.00413	0.00413	0.79742
12	0.29023	0.06907	0.09842	0.01721	0.08543	0.21114	0.01371	0.02240	0.01476	0.02303	0.01059	0.01306	0.00869	0.00726	0.00741	0.00211	0.08876	0.00462	0.00366	0.00845
13	0.01950	0.07430	0.04733	0.01851	0.05078	0.16909	0.07474	0.07896	0.04422	0.06134	0.05212	0.01818	0.01386	0.01006	0.02808	0.00252	0.21692	0.00629	0.00431	0.00888
14	0.01415	0.01243	0.01541	0.04400	0.01780	0.01121	0.00973	0.01695	0.01379	0.02128	0.01360	0.06274	0.01244	0.00743	0.00824	0.00152	0.11936	0.00556	0.00407	0.58827
15	0.02256	0.28793	0.05612	0.01540	0.02023	0.27964	0.01337	0.10159	0.01851	0.05935	0.01200	0.01346	0.00978	0.00727	0.00684	0.00184	0.05629	0.00470	0.00399	0.00912
16	0.01956	0.02182	0.02271	0.07463	0.20906	0.28826	0.06166	0.04089	0.01707	0.01983	0.01438	0.08428	0.01326	0.00867	0.00835	0.00216	0.07380	0.00697	0.00384	0.00880
17	0.00837	0.00658	0.00758	0.00838	0.00977	0.00578	0.00589	0.00987	0.01464	0.01834	0.05471	0.40594	0.37993	0.01975	0.00857	0.00259	0.00379	0.01726	0.00648	0.00578
18	0.00849	0.00613	0.00804	0.00957	0.01008	0.00568	0.00641	0.00973	0.01350	0.01787	0.04027	0.71192	0.08327	0.02163	0.00887	0.00281	0.00402	0.01955	0.00648	0.00568
19	0.00832	0.00707	0.00718	0.00715	0.00947	0.00592	0.00536	0.01016	0.01609	0.01929	0.10101	0.06644	0.67780	0.01751	0.00825	0.00235	0.00352	0.01463	0.00654	0.00592
20	0.51341	0.01289	0.01249	0.01039	0.01512	0.01362	0.00857	0.02559	0.01492	0.28885	0.01642	0.01601	0.01121	0.00729	0.00533	0.00216	0.00560	0.00500	0.00594	0.00918
21	0.00997	0.00748	0.01121	0.01121	0.01246	0.00872	0.00872	0.01246	0.01121	0.01620	0.01869	0.02741	0.01745	0.05234	0.72710	0.01121	0.01869	0.00748	0.00374	0.00623
22	0.02565	0.03238	0.01958	0.01780	0.02141	0.69271	0.01337	0.02831	0.05234	0.01766	0.01163	0.01323	0.00958	0.00730	0.00633	0.00183	0.01225	0.00466	0.00376	0.00823
23	0.01318	0.01240	0.02093	0.73798	0.04806	0.01550	0.01938	0.01783	0.01395	0.01783	0.01240	0.01860	0.00930	0.00698	0.00698	0.00233	0.00930	0.00620	0.00310	0.00775
24	0.80405	0.01350	0.01026	0.00918	0.01350	0.01565	0.00756	0.02051	0.01188	0.03131	0.00972	0.01134	0.00756	0.00648	0.00432	0.00216	0.00540	0.00378	0.00432	0.00756
25	0.00850	0.00607	0.00810	0.00972	0.01012	0.00567	0.00648	0.00972	0.01336	0.01781	0.03846	0.75020	0.04615	0.02186	0.00891	0.00283	0.00405	0.01984	0.00648	0.00567
26	0.01414	0.00796	0.01005	0.01003	0.01226	0.00746	0.00812	0.01693	0.01651	0.13510	0.10133	0.10837	0.12190	0.01468	0.00782	0.00246	0.00480	0.21781	0.17506	0.00721
27	0.00988	0.00713	0.00933	0.00878	0.01043	0.00658	0.00658	0.01317	0.01975	0.02798	0.70754	0.05213	0.06584	0.01427	0.00823	0.00219	0.00329	0.01262	0.00768	0.00658
28	0.00850	0.00607	0.00810	0.00972	0.01012	0.00567	0.00648	0.00972	0.01336	0.01781	0.03846	0.75020	0.04615	0.02186	0.00891	0.00283	0.00405	0.01984	0.00648	0.00567
29	0.01203	0.00612	0.00918	0.00918	0.00924	0.00617	0.00617	0.00924	0.00918	0.01230	0.01240	0.02148	0.01235	0.02544	0.05720	0.76336	0.00660	0.00612	0.00306	0.00317
30	0.02194	0.43720	0.02912	0.01462	0.01953	0.33759	0.01262	0.02399	0.01666	0.01671	0.01018	0.01181	0.00897	0.00651	0.00528	0.00163	0.00973	0.00407	0.00326	0.00857
31	0.01310	0.01184	0.01724	0.19520	0.19817	0.04574	0.01417	0.01609	0.01461	0.01920	0.02343	0.24074	0.02486	0.04818	0.00916	0.00270	0.00721	0.08606	0.00464	0.00767
32	0.02237	0.09258	0.21557	0.01805	0.09721	0.01545	0.01617	0.10174	0.01896	0.27638	0.04432	0.01957	0.01464	0.00773	0.00669	0.00209	0.00766	0.00622	0.00571	0.01087
33	0.02027	0.08024	0.08977	0.01577	0.04018	0.11352	0.01326	0.06233	0.32045	0.11163	0.02205	0.02272	0.01676	0.00868	0.00680	0.00218	0.00740	0.02970	0.00592	0.01038
34	0.02202	0.01696	0.01718	0.01327	0.01868	0.09912	0.01068	0.24149	0.02188	0.12185	0.01604	0.01666	0.01188	0.00704	0.00614	0.00165	0.00691	0.00536	0.03420	0.31102
35	0.22136	0.01572	0.01616	0.01472	0.06153	0.06426	0.01110	0.19898	0.06557	0.14179	0.07318	0.02246	0.01761	0.00875	0.00649	0.00218	0.00665	0.03562	0.00615	0.00974
36	0.02026	0.01126	0.01351	0.01110	0.01492	0.04344	0.00880	0.04904	0.01985	0.30092	0.31012	0.03395	0.03637	0.01059	0.00731	0.00205	0.00514	0.00894	0.00750	0.08493
37	0.01482	0.03896	0.11896	0.02300	0.14972	0.01452	0.19748	0.04663	0.05511	0.02367	0.10878	0.07926	0.04939	0.00963	0.00766	0.00230	0.00809	0.03815	0.00475	0.00911

[dist]
# distance from previous block
# <min> <max>
0	24

[block]
# block no. 7 follows, 30 sequences, length 7
# corresponding to MSA columns:
# 958-964
name=unknown_H
#
# <colnr> <probs for GDERKNQSTAVLIFYWHMCP>
#	G	D	E	R	K	N	Q	S	T	A	V	L	I	F	Y	W	H	M	C	P
0	0.01839	0.01548	0.02802	0.17633	0.19144	0.01601	0.22000	0.02270	0.01591	0.13914	0.01539	0.01895	0.01145	0.00720	0.00871	0.00231	0.07165	0.00695	0.00425	0.00972
1	0.01890	0.01366	0.01677	0.17645	0.02440	0.01516	0.01250	0.10339	0.29199	0.14114	0.02734	0.02682	0.08185	0.00942	0.00715	0.00229	0.00650	0.00783	0.00638	0.01005
2	0.01010	0.00696	0.00858	0.00858	0.00892	0.00729	0.00544	0.01077	0.01044	0.01425	0.02110	0.04074	0.02323	0.56505	0.22230	0.00797	0.00999	0.00943	0.00410	0.00477
3	0.01059	0.00760	0.00913	0.00897	0.01115	0.00667	0.00682	0.01290	0.01654	0.05854	0.20868	0.17531	0.29778	0.01645	0.00823	0.00239	0.00407	0.07545	0.00673	0.05602
4	0.02480	0.01813	0.01863	0.01505	0.01990	0.08501	0.01216	0.36922	0.14161	0.14875	0.02006	0.01969	0.01440	0.01091	0.04653	0.00262	0.00809	0.00657	0.00678	0.01106
5	0.01625	0.01531	0.01642	0.01307	0.01785	0.10504	0.05176	0.04844	0.11881	0.02468	0.13320	0.02272	0.02132	0.00780	0.00639	0.00166	0.00639	0.00653	0.00519	0.36117
6	0.23505	0.01535	0.02713	0.02025	0.02563	0.01521	0.38102	0.02028	0.01575	0.02581	0.13094	0.02240	0.01915	0.00748	0.00714	0.00227	0.00855	0.00774	0.00446	0.00841

[dist]
# distance from previous block
# <min> <max>
1	4

[block]
# block no. 8 follows, 30 sequences, length 7
# corresponding to MSA columns:
# 983-989
name=unknown_I
#
# <colnr> <probs for GDERKNQSTAVLIFYWHMCP>
#	G	D	E	R	K	N	Q	S	T	A	V	L	I	F	Y	W	H	M	C	P
0	0.14565	0.01222	0.01316	0.01186	0.01485	0.01312	0.00911	0.25635	0.02052	0.03009	0.06671	0.32182	0.02865	0.01401	0.00742	0.00242	0.00553	0.01187	0.00638	0.00827
1	0.01457	0.02293	0.34827	0.01525	0.02166	0.01363	0.01680	0.12815	0.01951	0.02781	0.26392	0.02855	0.02990	0.00967	0.00726	0.00219	0.00735	0.00803	0.00532	0.00922
2	0.43401	0.01519	0.01422	0.01168	0.01635	0.01700	0.00961	0.26381	0.02007	0.07014	0.01397	0.01483	0.01024	0.00738	0.00546	0.00210	0.00612	0.00502	0.05352	0.00928
3	0.00964	0.01130	0.12483	0.01094	0.01340	0.00760	0.00955	0.01244	0.01506	0.02056	0.16513	0.42662	0.11137	0.01749	0.00834	0.00256	0.00488	0.01553	0.00613	0.00663
4	0.01258	0.00952	0.01284	0.12994	0.01761	0.01139	0.00993	0.01589	0.04222	0.01956	0.01813	0.02602	0.01613	0.12026	0.16068	0.00468	0.12951	0.00715	0.22923	0.00672
5	0.01074	0.00662	0.00894	0.00872	0.00967	0.00625	0.00618	0.01084	0.01422	0.01933	0.29906	0.03928	0.11905	0.01942	0.01728	0.37987	0.00464	0.00976	0.00532	0.00481
6	0.01784	0.07266	0.01918	0.13451	0.06426	0.15405	0.01305	0.08213	0.01718	0.05394	0.07275	0.04571	0.06031	0.05498	0.01071	0.00249	0.10408	0.00741	0.00458	0.00819

[dist]
# distance from previous block
# <min> <max>
1	2

[block]
# block no. 9 follows, 30 sequences, length 19
# corresponding to MSA columns:
# 992-1010
name=unknown_J
#
# <colnr> <probs for GDERKNQSTAVLIFYWHMCP>
#	G	D	E	R	K	N	Q	S	T	A	V	L	I	F	Y	W	H	M	C	P
0	0.47671	0.05853	0.16795	0.01200	0.01793	0.01559	0.01205	0.02171	0.01342	0.08008	0.01187	0.01323	0.00884	0.00656	0.00510	0.00206	0.00661	0.00435	0.00426	0.06114
1	0.11607	0.04115	0.09389	0.04952	0.06571	0.05290	0.01365	0.09850	0.33913	0.02830	0.01997	0.01998	0.01505	0.00813	0.00655	0.00222	0.00702	0.00643	0.00557	0.01026
2	0.05620	0.01877	0.13944	0.22050	0.14156	0.01686	0.13963	0.04209	0.07204	0.02252	0.01399	0.01779	0.01071	0.00712	0.00792	0.00230	0.05104	0.00641	0.00372	0.00938
3	0.01015	0.00677	0.00761	0.00761	0.00761	0.00677	0.00423	0.01015	0.01015	0.01353	0.02199	0.04567	0.02537	0.75476	0.03552	0.00677	0.00677	0.01015	0.00423	0.00423
4	0.01547	0.01245	0.01337	0.01209	0.01524	0.03851	0.00932	0.02724	0.37577	0.06446	0.26604	0.03606	0.06185	0.01132	0.00750	0.00227	0.00495	0.00962	0.00723	0.00923
5	0.02041	0.01416	0.01604	0.01321	0.01656	0.01547	0.01029	0.39347	0.05806	0.03104	0.01608	0.02020	0.01313	0.05211	0.01521	0.26706	0.00698	0.00649	0.00553	0.00849
6	0.02101	0.01553	0.01770	0.01444	0.01858	0.01734	0.01175	0.46301	0.02562	0.03473	0.01740	0.02030	0.01372	0.02302	0.24679	0.00513	0.01135	0.00668	0.00590	0.00999
7	0.01527	0.01527	0.02137	0.01832	0.01832	0.02137	0.01527	0.01679	0.01069	0.01679	0.00916	0.01527	0.00916	0.01221	0.02290	0.00305	0.74198	0.00611	0.00305	0.00763
8	0.05988	0.02620	0.01834	0.01599	0.02014	0.48836	0.01230	0.02935	0.01951	0.22144	0.01562	0.01579	0.01134	0.00758	0.00642	0.00192	0.01035	0.00520	0.00510	0.00917
9	0.01866	0.75896	0.03657	0.01194	0.01791	0.02761	0.01194	0.02090	0.01418	0.01642	0.00970	0.01119	0.00896	0.00597	0.00448	0.00149	0.00746	0.00373	0.00299	0.00896
10	0.80405	0.01350	0.01026	0.00918	0.01350	0.01565	0.00756	0.02051	0.01188	0.03131	0.00972	0.01134	0.00756	0.00648	0.00432	0.00216	0.00540	0.00378	0.00432	0.00756
11	0.02592	0.01924	0.02060	0.01593	0.02141	0.02136	0.01312	0.64464	0.07713	0.04299	0.01753	0.01737	0.01250	0.00845	0.00699	0.00211	0.00754	0.00639	0.00699	0.01181
12	0.01000	0.00735	0.01056	0.01056	0.01158	0.00837	0.00790	0.01204	0.01102	0.01571	0.01929	0.03074	0.01889	0.18015	0.60126	0.01041	0.01652	0.00796	0.00383	0.00587
13	0.02537	0.01148	0.01497	0.01229	0.01671	0.01064	0.00999	0.05361	0.08525	0.48197	0.08807	0.06738	0.02477	0.01060	0.00741	0.00229	0.00566	0.05280	0.00808	0.01064
14	0.01469	0.01286	0.04494	0.01186	0.01474	0.01313	0.00917	0.06692	0.33942	0.02412	0.05235	0.03442	0.05836	0.25340	0.01646	0.00377	0.00610	0.00893	0.00595	0.00841
15	0.01300	0.00643	0.00957	0.00937	0.00971	0.00641	0.00641	0.01055	0.00976	0.04854	0.01325	0.02166	0.01266	0.02488	0.06212	0.71578	0.00670	0.00618	0.00336	0.00365
16	0.02162	0.25184	0.12228	0.01536	0.02124	0.12364	0.01438	0.26893	0.02194	0.02757	0.01393	0.04133	0.01140	0.00772	0.00613	0.00191	0.00855	0.00558	0.00468	0.00998
17	0.01161	0.00858	0.01036	0.00938	0.01208	0.00749	0.00704	0.03798	0.01711	0.04939	0.25860	0.19392	0.16456	0.01427	0.00767	0.00212	0.00413	0.01241	0.00651	0.16479
18	0.25723	0.15607	0.07466	0.01252	0.01773	0.06468	0.01127	0.08199	0.07475	0.09167	0.04600	0.01659	0.01329	0.00736	0.00561	0.00197	0.00681	0.00523	0.00493	0.04962

[dist]
# distance from previous block
# <min> <max>
2	7

[block]
# block no. 10 follows, 30 sequences, length 19
# corresponding to MSA columns:
# 1018-1036
name=unknown_K
#
# <colnr> <probs for GDERKNQSTAVLIFYWHMCP>
#	G	D	E	R	K	N	Q	S	T	A	V	L	I	F	Y	W	H	M	C	P
0	0.01754	0.01673	0.13162	0.01272	0.01931	0.01166	0.01186	0.05144	0.06151	0.12372	0.01585	0.01672	0.01188	0.00634	0.00588	0.00153	0.00626	0.00506	0.00491	0.46746
1	0.01375	0.01505	0.11458	0.01719	0.07345	0.01298	0.05988	0.06492	0.03772	0.02316	0.11177	0.15446	0.02811	0.01284	0.00991	0.00252	0.10277	0.10403	0.00522	0.03570
2	0.01731	0.07272	0.07317	0.01780	0.09852	0.18376	0.05686	0.04116	0.01665	0.02080	0.01942	0.07676	0.07522	0.00851	0.00652	0.00184	0.00813	0.00702	0.00420	0.19361
3	0.01447	0.17451	0.27312	0.01689	0.02347	0.01650	0.12374	0.02025	0.03996	0.02264	0.18099	0.02411	0.02338	0.00832	0.00685	0.00209	0.00809	0.00726	0.00434	0.00901
4	0.01737	0.01632	0.01703	0.01584	0.09753	0.12156	0.01098	0.09284	0.01737	0.02378	0.01505	0.08060	0.01359	0.00745	0.00608	0.00155	0.00685	0.00607	0.00450	0.42765
5	0.01451	0.01267	0.01329	0.01226	0.01509	0.06335	0.00947	0.05264	0.28140	0.02456	0.12929	0.03336	0.10100	0.02111	0.17939	0.00440	0.00872	0.00893	0.00606	0.00850
6	0.01702	0.01495	0.01490	0.01326	0.01672	0.07836	0.01028	0.09350	0.38987	0.02923	0.20861	0.03095	0.03127	0.01045	0.00732	0.00224	0.00576	0.00870	0.00693	0.00966
7	0.01363	0.01160	0.01388	0.01131	0.01545	0.01059	0.00883	0.01832	0.09706	0.02260	0.06846	0.13340	0.02116	0.00958	0.00779	0.00174	0.07084	0.00783	0.00502	0.45090
8	0.01101	0.00910	0.01224	0.01196	0.01323	0.04095	0.00935	0.01341	0.01156	0.01628	0.01774	0.02599	0.01655	0.04781	0.65081	0.01028	0.06438	0.00726	0.00369	0.00640
9	0.80405	0.01350	0.01026	0.00918	0.01350	0.01565	0.00756	0.02051	0.01188	0.03131	0.00972	0.01134	0.00756	0.00648	0.00432	0.00216	0.00540	0.00378	0.00432	0.00756
10	0.01447	0.01240	0.01447	0.01034	0.01654	0.00930	0.00827	0.01757	0.01447	0.02274	0.01240	0.01447	0.01034	0.00517	0.00517	0.00103	0.00517	0.00413	0.00413	0.79742
11	0.01241	0.20950	0.01607	0.00944	0.01128	0.01274	0.00713	0.01347	0.01143	0.01480	0.01807	0.03302	0.01949	0.42391	0.15433	0.00616	0.00915	0.00793	0.00380	0.00587
12	0.01764	0.01265	0.01504	0.01092	0.01697	0.01002	0.00881	0.05103	0.01617	0.13130	0.01495	0.01602	0.01148	0.00585	0.00554	0.00126	0.00540	0.00468	0.00496	0.63931
13	0.01301	0.00650	0.00650	0.00650	0.00813	0.00650	0.00488	0.01626	0.01463	0.02602	0.02276	0.02602	0.01789	0.00813	0.00488	0.00163	0.00325	0.00650	0.79350	0.00650
14	0.01700	0.01631	0.02784	0.08849	0.66767	0.01651	0.02128	0.02118	0.01576	0.02247	0.01308	0.01736	0.01094	0.00627	0.00691	0.00209	0.00836	0.00622	0.00343	0.01084
15	0.02938	0.01309	0.01680	0.01283	0.01831	0.01194	0.01058	0.13346	0.02156	0.56344	0.02480	0.02202	0.01595	0.00835	0.00688	0.00207	0.00615	0.00670	0.00806	0.06763
16	0.00879	0.00714	0.00782	0.00780	0.00996	0.00618	0.00595	0.01097	0.01674	0.02093	0.20471	0.06468	0.52855	0.01705	0.00833	0.00238	0.00367	0.05555	0.00673	0.00607
17	0.01932	0.10382	0.01910	0.01422	0.01877	0.12710	0.01139	0.09003	0.37247	0.02640	0.02055	0.02002	0.01581	0.00810	0.00643	0.00199	0.00698	0.00629	0.00572	0.10550
18	0.01696	0.01695	0.02557	0.22785	0.47088	0.07985	0.02016	0.02103	0.01572	0.02095	0.01272	0.01721	0.01040	0.00651	0.00687	0.00212	0.00895	0.00606	0.00337	0.00990

[dist]
# distance from previous block
# <min> <max>
0	11

[block]
# block no. 11 follows, 30 sequences, length 26
# corresponding to MSA columns:
# 1048-1073
name=unknown_L
#
# <colnr> <probs for GDERKNQSTAVLIFYWHMCP>
#	G	D	E	R	K	N	Q	S	T	A	V	L	I	F	Y	W	H	M	C	P
0	0.12871	0.17596	0.13543	0.01670	0.05237	0.09019	0.08422	0.05685	0.01596	0.04365	0.01373	0.01716	0.01115	0.00730	0.00657	0.00202	0.03521	0.02530	0.07259	0.00893
1	0.04743	0.18007	0.46992	0.01674	0.02545	0.01772	0.02021	0.02127	0.01447	0.02139	0.01182	0.01384	0.00898	0.00632	0.00593	0.00193	0.00894	0.00469	0.00315	0.09973
2	0.00937	0.00695	0.00875	0.00965	0.01074	0.00659	0.00692	0.01186	0.04285	0.01995	0.13359	0.43440	0.13466	0.05061	0.00986	0.00287	0.00430	0.08345	0.00657	0.00606
3	0.01002	0.00784	0.00887	0.00856	0.01076	0.00715	0.00654	0.05182	0.01802	0.02326	0.26269	0.08907	0.40311	0.01632	0.00827	0.00236	0.00388	0.04809	0.00688	0.00648
4	0.00903	0.00675	0.00839	0.00873	0.01010	0.00611	0.00626	0.01125	0.01665	0.02238	0.33090	0.30158	0.20089	0.01770	0.00847	0.00246	0.00361	0.01563	0.00699	0.00611
5	0.01014	0.00680	0.00778	0.00778	0.00784	0.00686	0.00444	0.01026	0.01020	0.01366	0.02183	0.04481	0.02500	0.72194	0.06783	0.00697	0.00732	0.01002	0.00421	0.00432
6	0.02653	0.01814	0.01990	0.01541	0.02085	0.01973	0.01268	0.54867	0.07953	0.13730	0.01912	0.01841	0.01331	0.00849	0.00699	0.00212	0.00728	0.00650	0.00722	0.01181
7	0.80405	0.01350	0.01026	0.00918	0.01350	0.01565	0.00756	0.02051	0.01188	0.03131	0.00972	0.01134	0.00756	0.00648	0.00432	0.00216	0.00540	0.00378	0.00432	0.00756
8	0.80405	0.01350	0.01026	0.00918	0.01350	0.01565	0.00756	0.02051	0.01188	0.03131	0.00972	0.01134	0.00756	0.00648	0.00432	0.00216	0.00540	0.00378	0.00432	0.00756
9	0.01061	0.00758	0.01051	0.01212	0.01345	0.00748	0.01013	0.01335	0.01543	0.02017	0.03730	0.23513	0.04156	0.01988	0.00947	0.00312	0.00587	0.51415	0.00644	0.00625
10	0.01467	0.01375	0.02129	0.01536	0.02146	0.01135	0.19062	0.01854	0.01539	0.02302	0.06352	0.01839	0.01445	0.00602	0.00622	0.00147	0.00681	0.00586	0.00423	0.52758
11	0.01318	0.01240	0.02093	0.73798	0.04806	0.01550	0.01938	0.01783	0.01395	0.01783	0.01240	0.01860	0.00930	0.00698	0.00698	0.00233	0.00930	0.00620	0.00310	0.00775
12	0.02820	0.06983	0.01985	0.01405	0.01957	0.01673	0.01176	0.33244	0.02543	0.35738	0.02130	0.01963	0.01419	0.00832	0.00682	0.00208	0.00685	0.00644	0.00747	0.01166
13	0.02603	0.01619	0.01882	0.01473	0.01961	0.01736	0.01212	0.38359	0.05738	0.24351	0.04881	0.02066	0.01599	0.00903	0.00821	0.00220	0.06038	0.00683	0.00723	0.01130
14	0.04657	0.00837	0.01172	0.01140	0.01256	0.00996	0.00882	0.01299	0.01110	0.01668	0.01776	0.02736	0.01702	0.11366	0.56658	0.00966	0.08037	0.00744	0.00375	0.00622
15	0.43798	0.01634	0.01529	0.01242	0.01733	0.01847	0.01024	0.33476	0.02173	0.03727	0.01303	0.01389	0.00959	0.00737	0.00557	0.00213	0.00647	0.00496	0.00557	0.00959
16	0.01808	0.66909	0.12136	0.01293	0.01944	0.02619	0.01366	0.02105	0.01425	0.01712	0.01005	0.01163	0.00894	0.00605	0.00475	0.00158	0.00782	0.00391	0.00298	0.00912
17	0.01461	0.01404	0.02271	0.40736	0.19127	0.01716	0.01885	0.01839	0.01361	0.01871	0.01179	0.01750	0.00967	0.00806	0.01079	0.00244	0.18521	0.00618	0.00317	0.00847
18	0.01673	0.05714	0.02202	0.01768	0.02004	0.17486	0.10281	0.01917	0.01379	0.01744	0.01251	0.01786	0.01130	0.01958	0.18588	0.00456	0.26928	0.00624	0.00340	0.00770
19	0.01584	0.01204	0.01255	0.01152	0.01466	0.01358	0.00890	0.02984	0.46073	0.02809	0.02644	0.02603	0.02011	0.00900	0.00633	0.00211	0.00473	0.00741	0.28061	0.00947
20	0.00913	0.00708	0.00818	0.00791	0.00981	0.00627	0.00586	0.01153	0.01744	0.02293	0.37197	0.05885	0.36575	0.05498	0.00968	0.00251	0.00359	0.01348	0.00693	0.00613
21	0.02227	0.01743	0.01854	0.01519	0.02002	0.01965	0.01223	0.38567	0.34203	0.03711	0.02216	0.02106	0.01625	0.00888	0.00704	0.00222	0.00668	0.00703	0.00704	0.01149
22	0.01252	0.00772	0.01018	0.00923	0.01134	0.00704	0.00704	0.01574	0.01978	0.11300	0.62353	0.04862	0.05984	0.01357	0.00808	0.00219	0.00362	0.01193	0.00780	0.00724
23	0.01321	0.01156	0.01702	0.01616	0.04559	0.01332	0.06255	0.04609	0.01501	0.02081	0.07578	0.12172	0.05820	0.01617	0.03981	0.00314	0.22881	0.18259	0.00509	0.00735
24	0.04838	0.06706	0.02186	0.01623	0.02000	0.01712	0.12129	0.09856	0.10347	0.11229	0.01746	0.01946	0.01336	0.00875	0.01030	0.00230	0.17564	0.00661	0.11055	0.00931
25	0.23707	0.10174	0.05044	0.06401	0.20481	0.03914	0.01437	0.11983	0.03610	0.02724	0.01259	0.01484	0.00997	0.00673	0.00584	0.00202	0.00739	0.00515	0.00425	0.03648

[dist]
# distance from previous block
# <min> <max>
0	3

[block]
# block no. 12 follows, 30 sequences, length 19
# corresponding to MSA columns:
# 1077-1095
name=unknown_M
#
# <colnr> <probs for GDERKNQSTAVLIFYWHMCP>
#	G	D	E	R	K	N	Q	S	T	A	V	L	I	F	Y	W	H	M	C	P
0	0.26506	0.08736	0.19827	0.01752	0.10094	0.04602	0.01530	0.07907	0.08384	0.02692	0.01333	0.01486	0.01021	0.00693	0.00581	0.00210	0.00767	0.00506	0.00422	0.00953
1	0.01767	0.01768	0.04581	0.08546	0.40789	0.05554	0.04209	0.05762	0.10518	0.02360	0.01487	0.01807	0.01197	0.00727	0.00803	0.00220	0.05825	0.00638	0.00405	0.01038
2	0.01584	0.01587	0.02247	0.05460	0.19376	0.04745	0.01652	0.01817	0.01270	0.01844	0.01280	0.01786	0.03737	0.01050	0.01696	0.00270	0.46780	0.00642	0.00331	0.00845
3	0.01092	0.00736	0.00933	0.00880	0.01072	0.00665	0.00661	0.01380	0.01876	0.07034	0.52041	0.09626	0.16384	0.01492	0.00820	0.00226	0.00355	0.01304	0.00748	0.00676
4	0.01633	0.00895	0.01112	0.00979	0.01257	0.00853	0.00761	0.02111	0.08660	0.19327	0.35484	0.03807	0.04122	0.01135	0.00723	0.00210	0.00414	0.00972	0.14716	0.00829
5	0.00961	0.00654	0.00777	0.00830	0.00844	0.00640	0.00497	0.01001	0.01121	0.01494	0.02741	0.27771	0.03222	0.51338	0.02675	0.00547	0.00587	0.01334	0.00497	0.00470
6	0.01819	0.68687	0.10458	0.01273	0.01914	0.02647	0.01332	0.02102	0.01423	0.01698	0.00998	0.01155	0.00894	0.00604	0.00469	0.00156	0.00775	0.00387	0.00298	0.00909
7	0.00992	0.00667	0.00768	0.00790	0.00795	0.00662	0.00453	0.01009	0.01059	0.01411	0.02423	0.14159	0.02820	0.65497	0.03189	0.00623	0.00640	0.01147	0.00453	0.00442
8	0.01736	0.01499	0.01578	0.01420	0.01815	0.01736	0.01105	0.03708	0.69862	0.02919	0.02840	0.02604	0.02130	0.00947	0.00710	0.00237	0.00552	0.00789	0.00710	0.01105
9	0.02653	0.01955	0.02094	0.01606	0.02164	0.02164	0.01326	0.68796	0.03281	0.04398	0.01675	0.01675	0.01187	0.00838	0.00698	0.00209	0.00768	0.00628	0.00698	0.01187
10	0.01699	0.01630	0.02783	0.08976	0.66646	0.01651	0.02128	0.02117	0.01576	0.02246	0.01308	0.01736	0.01094	0.00627	0.00691	0.00209	0.00836	0.00622	0.00343	0.01083
11	0.00959	0.00712	0.00894	0.00848	0.01025	0.00646	0.00636	0.01262	0.01908	0.02640	0.59692	0.05474	0.17746	0.01486	0.00823	0.00222	0.00333	0.01299	0.00747	0.00646
12	0.00825	0.00707	0.00707	0.00707	0.00943	0.00589	0.00530	0.01001	0.01591	0.01885	0.07069	0.06716	0.70839	0.01767	0.00825	0.00236	0.00353	0.01473	0.00648	0.00589
13	0.01866	0.75896	0.03657	0.01194	0.01791	0.02761	0.01194	0.02090	0.01418	0.01642	0.00970	0.01119	0.00896	0.00597	0.00448	0.00149	0.00746	0.00373	0.00299	0.00896
14	0.01015	0.00677	0.00761	0.00761	0.00761	0.00677	0.00423	0.01015	0.01015	0.01353	0.02199	0.04567	0.02537	0.75476	0.03552	0.00677	0.00677	0.01015	0.00423	0.00423
15	0.00978	0.00674	0.00769	0.00782	0.00818	0.00656	0.00467	0.01024	0.01150	0.01518	0.06109	0.11838	0.09745	0.57298	0.02885	0.00572	0.00601	0.01169	0.00484	0.00465
