[name]
unknown

[dist]
# distance from previous block
# <min> <max>
0	170

[block]
# block no. 0 follows, 35 sequences, length 32
# corresponding to MSA columns:
# 171-202
name=unknown_A
#
# <colnr> <probs for GDERKNQSTAVLIFYWHMCP>
#	G	D	E	R	K	N	Q	S	T	A	V	L	I	F	Y	W	H	M	C	P
0	0.08306	0.15016	0.18917	0.01318	0.01770	0.12404	0.01287	0.01922	0.07372	0.01909	0.01797	0.12552	0.01746	0.00967	0.00616	0.00205	0.00723	0.10001	0.00407	0.00765
1	0.07598	0.01306	0.01444	0.04468	0.05853	0.08131	0.03194	0.07809	0.05767	0.05276	0.10433	0.05885	0.06634	0.00822	0.00599	0.00171	0.00577	0.00682	0.00482	0.22867
2	0.09877	0.05997	0.13334	0.02211	0.27651	0.01414	0.03376	0.03729	0.08466	0.02257	0.10629	0.05090	0.01793	0.00759	0.00615	0.00196	0.00659	0.00660	0.00414	0.00875
3	0.01351	0.14331	0.13687	0.01258	0.04127	0.07316	0.01096	0.01612	0.01361	0.07504	0.02306	0.33284	0.04013	0.01211	0.00658	0.00208	0.00609	0.01037	0.00461	0.02572
4	0.06386	0.14513	0.18217	0.01278	0.01850	0.03723	0.01259	0.12967	0.04414	0.06440	0.01424	0.06323	0.01179	0.00703	0.00553	0.00170	0.00666	0.00542	0.00423	0.16972
5	0.06903	0.13440	0.25950	0.01586	0.07356	0.06606	0.01508	0.10562	0.06040	0.05785	0.04220	0.01733	0.04249	0.00707	0.00580	0.00187	0.00744	0.00543	0.00407	0.00893
6	0.06703	0.14200	0.15060	0.01906	0.15086	0.18141	0.03121	0.06293	0.07568	0.02063	0.01205	0.01374	0.00958	0.00623	0.00562	0.00177	0.00820	0.00476	0.00356	0.03308
7	0.01536	0.01592	0.05642	0.04369	0.31448	0.03018	0.20686	0.06039	0.04126	0.02199	0.05528	0.01784	0.01303	0.00619	0.00654	0.00190	0.00796	0.00633	0.00372	0.07466
8	0.01552	0.01616	0.06983	0.03766	0.69392	0.01505	0.01971	0.01951	0.01438	0.02069	0.01190	0.01556	0.00993	0.00568	0.00626	0.00189	0.00765	0.00559	0.00311	0.01001
9	0.02222	0.01670	0.01800	0.01386	0.01890	0.01807	0.01138	0.58409	0.07882	0.03673	0.01554	0.01560	0.01125	0.00735	0.00616	0.00181	0.00657	0.00559	0.00605	0.10531
10	0.00953	0.00721	0.00997	0.00973	0.01042	0.00837	0.00717	0.01101	0.00985	0.01402	0.01718	0.02913	0.01745	0.27106	0.46540	0.00830	0.07806	0.00744	0.00348	0.00521
11	0.02592	0.01187	0.01514	0.01188	0.01651	0.01120	0.00983	0.16781	0.02030	0.53582	0.04496	0.02403	0.01727	0.00853	0.00655	0.00201	0.00567	0.04695	0.00740	0.01036
12	0.82186	0.01227	0.00932	0.00834	0.01227	0.01423	0.00687	0.01865	0.01080	0.02846	0.00883	0.01031	0.00687	0.00589	0.00393	0.00196	0.00491	0.00344	0.00393	0.00687
13	0.00750	0.00643	0.00643	0.00643	0.00857	0.00536	0.00482	0.00910	0.01446	0.01714	0.06427	0.06105	0.73490	0.01607	0.00750	0.00214	0.00321	0.01339	0.00589	0.00536
14	0.01315	0.01128	0.01315	0.00940	0.01503	0.00846	0.00752	0.01597	0.01315	0.02067	0.01128	0.01315	0.00940	0.00470	0.00470	0.00094	0.00470	0.00376	0.00376	0.81583
15	0.01318	0.03001	0.62765	0.02096	0.11309	0.01483	0.05242	0.02003	0.01359	0.02018	0.01151	0.01383	0.00835	0.00595	0.00612	0.00200	0.00921	0.00492	0.00276	0.00942
16	0.02739	0.01059	0.01446	0.01131	0.01602	0.00921	0.00938	0.02988	0.01795	0.69953	0.02553	0.02452	0.01692	0.00842	0.00652	0.00202	0.00542	0.04670	0.00773	0.01051
17	0.01258	0.11133	0.27340	0.01245	0.01767	0.01183	0.03210	0.01678	0.01498	0.07150	0.20119	0.04904	0.13039	0.00965	0.00649	0.00196	0.00615	0.00806	0.00470	0.00775
18	0.00923	0.00615	0.00692	0.00692	0.00692	0.00615	0.00384	0.00923	0.00923	0.01230	0.01999	0.04151	0.02306	0.77705	0.03229	0.00615	0.00615	0.00923	0.00384	0.00384
19	0.00887	0.00639	0.00846	0.00856	0.00983	0.00597	0.00644	0.01149	0.01645	0.02292	0.52023	0.19109	0.05378	0.01482	0.00774	0.00221	0.00344	0.08885	0.00664	0.00581
20	0.06250	0.40581	0.34526	0.01389	0.02097	0.01989	0.01617	0.01946	0.01299	0.01800	0.00995	0.01160	0.00802	0.00572	0.00492	0.00168	0.00782	0.00397	0.00277	0.00861
21	0.01710	0.60003	0.12816	0.01242	0.01815	0.10041	0.01271	0.01981	0.01350	0.01569	0.00927	0.01075	0.00813	0.00563	0.00451	0.00147	0.00763	0.00364	0.00277	0.00823
22	0.00873	0.00647	0.00814	0.00772	0.00933	0.00588	0.00579	0.01150	0.01738	0.02406	0.62302	0.04965	0.17182	0.01348	0.00748	0.00202	0.00303	0.01179	0.00680	0.00588
23	0.01622	0.64954	0.15806	0.01212	0.01824	0.02328	0.01306	0.01919	0.01298	0.01583	0.00927	0.01074	0.00812	0.00553	0.00441	0.00147	0.00724	0.00362	0.00271	0.00836
24	0.02195	0.03931	0.06692	0.01711	0.11755	0.01384	0.05126	0.12609	0.12924	0.31963	0.01985	0.01904	0.01371	0.00730	0.00634	0.00197	0.00646	0.00616	0.00601	0.01027
25	0.00918	0.00635	0.00792	0.00792	0.00826	0.00669	0.00509	0.00987	0.00952	0.01304	0.01907	0.03646	0.02087	0.55462	0.25172	0.00738	0.00946	0.00848	0.00371	0.00440
26	0.01017	0.00727	0.01015	0.01153	0.01299	0.00725	0.01005	0.01310	0.01474	0.01925	0.06217	0.07057	0.03746	0.01734	0.00871	0.00288	0.00573	0.66690	0.00589	0.00585
27	0.02197	0.01572	0.10990	0.01609	0.10590	0.03914	0.01269	0.14334	0.03791	0.33638	0.04882	0.05080	0.01591	0.00799	0.00641	0.00197	0.00648	0.00659	0.00604	0.00995
28	0.04910	0.03373	0.02312	0.12987	0.15629	0.01441	0.19702	0.12593	0.01628	0.04559	0.01633	0.13237	0.01472	0.00824	0.00674	0.00209	0.00762	0.00792	0.00420	0.00842
29	0.01621	0.01395	0.07201	0.01120	0.01676	0.01103	0.00972	0.15056	0.01671	0.08127	0.01406	0.04419	0.01134	0.00621	0.00538	0.00135	0.00552	0.00497	0.00457	0.50298
30	0.13727	0.15869	0.45191	0.01474	0.02228	0.01602	0.01756	0.01995	0.01309	0.04894	0.01108	0.01268	0.00823	0.00592	0.00533	0.00185	0.00791	0.00430	0.00312	0.03911
31	0.02046	0.02454	0.01575	0.01428	0.01726	0.55636	0.01071	0.05672	0.01786	0.01750	0.06922	0.02033	0.08261	0.04083	0.00719	0.00192	0.00958	0.00583	0.00397	0.00708

[dist]
# distance from previous block
# <min> <max>
1	2

[block]
# block no. 1 follows, 35 sequences, length 50
# corresponding to MSA columns:
# 205-254
name=unknown_B
#
# <colnr> <probs for GDERKNQSTAVLIFYWHMCP>
#	G	D	E	R	K	N	Q	S	T	A	V	L	I	F	Y	W	H	M	C	P
0	0.08732	0.04201	0.03374	0.01527	0.01937	0.37842	0.04686	0.21289	0.03730	0.02419	0.03622	0.01419	0.01087	0.00695	0.00588	0.00179	0.00905	0.00497	0.00434	0.00839
1	0.01352	0.00750	0.00958	0.00849	0.01073	0.00694	0.00656	0.03214	0.01761	0.16525	0.47932	0.03829	0.04401	0.01107	0.00681	0.00191	0.00355	0.00957	0.12012	0.00702
2	0.01536	0.34782	0.36961	0.01519	0.02237	0.07129	0.03997	0.02001	0.01356	0.01760	0.01024	0.01202	0.00814	0.00579	0.00523	0.00171	0.00847	0.00419	0.00275	0.00868
3	0.04896	0.03720	0.06808	0.02789	0.45410	0.01311	0.01568	0.01764	0.01368	0.03916	0.01609	0.09560	0.01544	0.06239	0.00826	0.00231	0.00689	0.04512	0.00373	0.00867
4	0.01102	0.00694	0.00913	0.00833	0.01018	0.00633	0.00633	0.01395	0.01798	0.10033	0.66001	0.04469	0.05524	0.01243	0.00737	0.00199	0.00324	0.01094	0.00707	0.00649
5	0.00773	0.00552	0.00736	0.00883	0.00920	0.00515	0.00589	0.00883	0.01215	0.01619	0.03497	0.77291	0.04196	0.01987	0.00810	0.00258	0.00368	0.01803	0.00589	0.00515
6	0.01590	0.01457	0.02613	0.14547	0.44780	0.01470	0.14903	0.01994	0.01454	0.07098	0.01293	0.01657	0.01013	0.00586	0.00652	0.00197	0.00812	0.00605	0.00344	0.00936
7	0.03474	0.04651	0.02219	0.25535	0.31920	0.01513	0.04344	0.09318	0.01530	0.02104	0.01292	0.01845	0.01074	0.00699	0.00673	0.01994	0.00766	0.03835	0.00351	0.00862
8	0.00788	0.00559	0.00732	0.00864	0.00897	0.00526	0.00568	0.00887	0.01184	0.01579	0.03342	0.69743	0.04001	0.09801	0.01059	0.00295	0.00394	0.01713	0.00568	0.00502
9	0.01670	0.73398	0.07781	0.01131	0.01698	0.02445	0.01164	0.01906	0.01292	0.01525	0.00898	0.01038	0.00813	0.00547	0.00419	0.00140	0.00695	0.00347	0.00271	0.00822
10	0.01380	0.03181	0.67459	0.01781	0.02671	0.04106	0.02235	0.06246	0.01455	0.02113	0.01156	0.01344	0.00821	0.00614	0.00604	0.00199	0.00930	0.00473	0.00292	0.00939
11	0.01665	0.01919	0.03330	0.02527	0.06087	0.13650	0.55273	0.03785	0.01580	0.02003	0.01236	0.01608	0.00943	0.00561	0.00712	0.00204	0.01059	0.00681	0.00329	0.00848
12	0.01388	0.01388	0.01943	0.01666	0.01666	0.01943	0.01388	0.01527	0.00972	0.01527	0.00833	0.01388	0.00833	0.01110	0.02082	0.00278	0.76544	0.00555	0.00278	0.00694
13	0.25645	0.01477	0.01559	0.01241	0.01694	0.01617	0.02920	0.38349	0.02174	0.10223	0.01496	0.01639	0.01102	0.00735	0.00568	0.00195	0.00616	0.02533	0.03291	0.00927
14	0.01570	0.01507	0.02575	0.03894	0.73748	0.01507	0.01947	0.01947	0.01444	0.02073	0.01193	0.01570	0.01005	0.00565	0.00628	0.00188	0.00754	0.00565	0.00314	0.01005
15	0.00906	0.00680	0.01020	0.01020	0.01133	0.00793	0.00793	0.01133	0.01020	0.01473	0.01699	0.02492	0.01586	0.04758	0.75191	0.01020	0.01699	0.00680	0.00340	0.00566
16	0.01504	0.01440	0.02456	0.16644	0.61511	0.01490	0.01914	0.01889	0.01413	0.01993	0.01182	0.01591	0.00977	0.00577	0.00629	0.00192	0.00770	0.00565	0.00308	0.00952
17	0.00916	0.00612	0.00694	0.00700	0.00702	0.00611	0.00393	0.00921	0.00935	0.01247	0.02063	0.07293	0.02388	0.74453	0.03125	0.00600	0.00604	0.00960	0.00393	0.00390
18	0.01022	0.00730	0.01022	0.01168	0.01314	0.00730	0.01022	0.01314	0.01460	0.01899	0.03359	0.07156	0.03651	0.01752	0.00876	0.00292	0.00584	0.69478	0.00584	0.00584
19	0.01493	0.02973	0.64184	0.01713	0.02588	0.01397	0.02146	0.02161	0.01406	0.12135	0.01330	0.01454	0.00911	0.00628	0.00608	0.00200	0.00882	0.00493	0.00340	0.00957
20	0.00931	0.00668	0.00903	0.00919	0.00991	0.00732	0.00669	0.01080	0.01045	0.01464	0.02051	0.08684	0.02160	0.27965	0.36488	0.00732	0.02899	0.06532	0.02579	0.00508
21	0.02236	0.02772	0.01778	0.01609	0.01915	0.63983	0.01219	0.02530	0.07508	0.01640	0.01101	0.01261	0.00909	0.00703	0.00685	0.00176	0.06427	0.00444	0.00349	0.00754
22	0.00793	0.00572	0.00756	0.00897	0.00951	0.00535	0.00621	0.00922	0.01246	0.01648	0.03620	0.67960	0.07350	0.01950	0.00813	0.00259	0.00385	0.07613	0.00588	0.00522
23	0.01303	0.01283	0.13308	0.01085	0.01419	0.03725	0.00976	0.03323	0.05668	0.11513	0.18328	0.19626	0.11670	0.02909	0.00762	0.00222	0.00516	0.01063	0.00574	0.00728
24	0.02441	0.01779	0.01695	0.01376	0.01823	0.17087	0.01103	0.28161	0.10326	0.24891	0.01830	0.01735	0.01272	0.00757	0.00624	0.00189	0.00721	0.00574	0.00617	0.00998
25	0.01469	0.01404	0.02392	0.23603	0.54832	0.01481	0.01896	0.01858	0.01397	0.01949	0.01175	0.01603	0.00961	0.00584	0.00630	0.00195	0.00779	0.00565	0.00305	0.00923
26	0.01332	0.01264	0.02144	0.50242	0.29264	0.01445	0.01828	0.01738	0.01332	0.01783	0.01151	0.01648	0.00903	0.00609	0.00632	0.00203	0.00813	0.00564	0.00293	0.00812
27	0.07012	0.01243	0.01911	0.59727	0.12350	0.03887	0.01690	0.01708	0.01294	0.01759	0.01113	0.01612	0.00852	0.00623	0.00614	0.00206	0.00820	0.00543	0.00295	0.00740
28	0.01294	0.01225	0.02076	0.57592	0.22210	0.01435	0.01809	0.01705	0.01314	0.01737	0.01144	0.01660	0.00887	0.00617	0.00633	0.00206	0.00822	0.00564	0.00290	0.00782
29	0.00773	0.00552	0.00736	0.00883	0.00920	0.00515	0.00589	0.00883	0.01215	0.01619	0.03497	0.77291	0.04196	0.01987	0.00810	0.00258	0.00368	0.01803	0.00589	0.00515
30	0.01445	0.01467	0.04592	0.24927	0.44557	0.01487	0.08570	0.01861	0.01395	0.01934	0.01181	0.01612	0.00948	0.00584	0.00641	0.00198	0.00816	0.00580	0.00304	0.00901
31	0.01953	0.01653	0.03648	0.01608	0.02065	0.09496	0.16123	0.23767	0.08024	0.11360	0.07470	0.04002	0.01648	0.00916	0.03109	0.00225	0.00787	0.00693	0.00539	0.00914
32	0.01497	0.01711	0.03743	0.02674	0.03316	0.01604	0.71444	0.02032	0.01497	0.02032	0.01283	0.01711	0.00963	0.00535	0.00749	0.00214	0.01070	0.00749	0.00321	0.00856
33	0.00767	0.00632	0.00674	0.00687	0.00873	0.00539	0.00506	0.00935	0.01452	0.01782	0.12497	0.14575	0.58643	0.01623	0.00757	0.00218	0.00325	0.01377	0.00600	0.00539
34	0.01297	0.01104	0.01287	0.00928	0.01466	0.00835	0.00735	0.01566	0.01297	0.02029	0.01168	0.01446	0.01003	0.04030	0.00597	0.00118	0.00477	0.00401	0.00376	0.77840
35	0.01636	0.67566	0.13324	0.01187	0.01785	0.02364	0.01262	0.01915	0.01296	0.01565	0.00918	0.01063	0.00813	0.00551	0.00435	0.00145	0.00715	0.00357	0.00271	0.00831
36	0.00797	0.00568	0.00754	0.00895	0.00938	0.00535	0.00610	0.00916	0.01219	0.01621	0.03418	0.68957	0.04070	0.05461	0.00926	0.00277	0.00395	0.06551	0.00579	0.00514
37	0.01559	0.02447	0.41734	0.02113	0.11863	0.01434	0.13229	0.02192	0.04011	0.11259	0.01395	0.01571	0.00994	0.00619	0.00636	0.00201	0.00869	0.00557	0.00362	0.00954
38	0.01388	0.01384	0.02112	0.46805	0.19828	0.06599	0.04023	0.01766	0.01332	0.01726	0.01117	0.01605	0.00883	0.00650	0.00735	0.00208	0.06209	0.00559	0.00293	0.00780
39	0.02421	0.01804	0.01889	0.01457	0.01958	0.04582	0.01199	0.67376	0.02910	0.05716	0.01529	0.01526	0.01082	0.00758	0.00632	0.00190	0.00710	0.00567	0.00627	0.01066
40	0.00827	0.00652	0.00941	0.00971	0.01082	0.00599	0.05587	0.00984	0.01296	0.01708	0.07228	0.58198	0.13930	0.01796	0.00794	0.00245	0.00408	0.01630	0.00575	0.00546
41	0.01410	0.18633	0.40381	0.01613	0.04210	0.01658	0.04038	0.04388	0.08218	0.02003	0.01409	0.06768	0.01175	0.00715	0.00586	0.00192	0.00792	0.00575	0.00343	0.00892
42	0.01017	0.00727	0.01016	0.01154	0.01300	0.00725	0.01006	0.01310	0.01473	0.01923	0.06057	0.07063	0.03741	0.01735	0.00871	0.00289	0.00573	0.66846	0.00589	0.00585
43	0.00761	0.00643	0.00658	0.00654	0.00864	0.00540	0.00491	0.00932	0.01472	0.01776	0.11443	0.06003	0.68435	0.01583	0.00750	0.00213	0.00320	0.01325	0.00597	0.00540
44	0.01511	0.05543	0.24800	0.07047	0.27289	0.08620	0.10035	0.01990	0.01444	0.01958	0.03126	0.01544	0.01038	0.00605	0.00623	0.00192	0.00875	0.00548	0.00308	0.00903
45	0.01153	0.01016	0.01557	0.04596	0.29413	0.01015	0.01204	0.01429	0.01438	0.01961	0.12719	0.14647	0.14662	0.01177	0.00766	0.00217	0.03283	0.06534	0.00475	0.00739
46	0.00773	0.00552	0.00736	0.00883	0.00920	0.00515	0.00589	0.00883	0.01215	0.01619	0.03497	0.77291	0.04196	0.01987	0.00810	0.00258	0.00368	0.01803	0.00589	0.00515
47	0.04276	0.01508	0.08715	0.27708	0.17405	0.01421	0.18053	0.01875	0.01393	0.05245	0.01358	0.01946	0.01086	0.00662	0.00662	0.00210	0.00846	0.04460	0.00340	0.00830
48	0.01574	0.07650	0.12792	0.02227	0.26577	0.05717	0.03031	0.04804	0.11499	0.05360	0.05150	0.03953	0.05395	0.00760	0.00627	0.00193	0.00703	0.00655	0.00425	0.00910
49	0.01390	0.02294	0.32778	0.04110	0.09095	0.01576	0.26706	0.01946	0.01360	0.01957	0.01159	0.01506	0.00882	0.00635	0.00830	0.00214	0.09801	0.00589	0.00292	0.00880

[dist]
# distance from previous block
# <min> <max>
1	6

[block]
# block no. 2 follows, 35 sequences, length 94
# corresponding to MSA columns:
# 261-331,338-360
name=unknown_C
#
# <colnr> <probs for GDERKNQSTAVLIFYWHMCP>
#	G	D	E	R	K	N	Q	S	T	A	V	L	I	F	Y	W	H	M	C	P
0	0.03934	0.08087	0.40660	0.01944	0.09305	0.05028	0.07969	0.03853	0.01401	0.02015	0.03145	0.01456	0.00990	0.00655	0.00719	0.00200	0.06930	0.00515	0.00307	0.00886
1	0.01638	0.33322	0.30735	0.01455	0.02120	0.09636	0.01595	0.06128	0.04517	0.01896	0.01103	0.01244	0.00874	0.00604	0.00524	0.00171	0.00822	0.00427	0.00313	0.00878
2	0.00945	0.00760	0.01115	0.13014	0.01611	0.00774	0.04855	0.01139	0.01242	0.01614	0.03021	0.27438	0.11424	0.17074	0.01274	0.00320	0.00560	0.10786	0.00482	0.00551
3	0.01326	0.08764	0.61479	0.01844	0.04649	0.01575	0.05166	0.01983	0.01333	0.01956	0.01116	0.01339	0.00818	0.00612	0.00646	0.00199	0.03529	0.00477	0.00272	0.00918
4	0.01598	0.01353	0.01434	0.01283	0.01637	0.01554	0.00998	0.08118	0.64188	0.02700	0.02551	0.05927	0.01985	0.00908	0.00653	0.00215	0.00510	0.00759	0.00642	0.00986
5	0.01659	0.01988	0.07090	0.06290	0.03049	0.13862	0.48884	0.05456	0.01598	0.02024	0.01228	0.01586	0.00929	0.00575	0.00700	0.00204	0.01045	0.00658	0.00332	0.00843
6	0.00920	0.00618	0.00706	0.00701	0.00715	0.00614	0.00404	0.00947	0.01000	0.01347	0.08374	0.04204	0.02635	0.70884	0.03007	0.00578	0.00587	0.00943	0.00412	0.00404
7	0.00792	0.00571	0.00754	0.00884	0.00941	0.00532	0.00609	0.00925	0.01268	0.01687	0.07220	0.66592	0.07228	0.01922	0.00808	0.00255	0.00375	0.05518	0.00594	0.00524
8	0.00773	0.00552	0.00736	0.00883	0.00920	0.00515	0.00589	0.00883	0.01215	0.01619	0.03497	0.77291	0.04196	0.01987	0.00810	0.00258	0.00368	0.01803	0.00589	0.00515
9	0.02409	0.01732	0.01870	0.01439	0.01942	0.01906	0.01187	0.66397	0.04888	0.07352	0.01600	0.01578	0.01127	0.00765	0.00635	0.00191	0.00685	0.00579	0.00642	0.01077
10	0.01417	0.28766	0.50198	0.01562	0.02365	0.01827	0.01915	0.01972	0.01322	0.01833	0.01051	0.01230	0.00807	0.00582	0.00536	0.00179	0.00849	0.00425	0.00269	0.00895
11	0.01497	0.01711	0.03743	0.02674	0.03316	0.01604	0.71444	0.02032	0.01497	0.02032	0.01283	0.01711	0.00963	0.00535	0.00749	0.00214	0.01070	0.00749	0.00321	0.00856
12	0.00966	0.00655	0.00850	0.00802	0.00957	0.00605	0.00601	0.01256	0.01749	0.04710	0.64777	0.07654	0.05562	0.01284	0.00733	0.00199	0.00309	0.01133	0.04588	0.00610
13	0.00916	0.00641	0.00824	0.00824	0.00869	0.00687	0.00549	0.01007	0.00962	0.01328	0.01878	0.03484	0.02017	0.48379	0.32159	0.00778	0.01051	0.00825	0.00366	0.00458
14	0.01540	0.00798	0.01053	0.00972	0.01231	0.00720	0.00779	0.01782	0.01627	0.26113	0.19290	0.12134	0.12853	0.01332	0.00744	0.00225	0.00448	0.14942	0.00678	0.00739
15	0.01561	0.01498	0.02558	0.05733	0.71983	0.01505	0.01942	0.01939	0.01440	0.02061	0.01192	0.01573	0.01001	0.00567	0.00628	0.00189	0.00756	0.00565	0.00313	0.00997
16	0.02531	0.01203	0.01503	0.01194	0.01657	0.01165	0.00972	0.09271	0.17322	0.52357	0.02433	0.02148	0.01606	0.00799	0.00639	0.00200	0.00546	0.00649	0.00741	0.01063
17	0.01328	0.04459	0.03231	0.03180	0.06242	0.04992	0.00935	0.09496	0.13485	0.02342	0.19895	0.13193	0.10259	0.01126	0.00680	0.00204	0.00510	0.00961	0.02727	0.00756
18	0.00820	0.00648	0.00740	0.00724	0.00909	0.00568	0.00547	0.01042	0.01592	0.02064	0.34121	0.05572	0.43274	0.01483	0.00753	0.00211	0.00321	0.03416	0.00634	0.00563
19	0.01460	0.01140	0.01366	0.01045	0.03479	0.00891	0.00806	0.01782	0.03298	0.08209	0.01286	0.01423	0.01022	0.00510	0.00493	0.00109	0.00484	0.00413	0.00416	0.70368
20	0.01374	0.01160	0.01432	0.01208	0.07955	0.00907	0.00863	0.01664	0.01339	0.03776	0.01166	0.01358	0.00960	0.00486	0.00488	0.00105	0.00497	0.00399	0.00380	0.72483
21	0.01578	0.01363	0.01434	0.01291	0.01650	0.01578	0.01004	0.03371	0.72602	0.02654	0.02582	0.02367	0.01937	0.00861	0.00646	0.00215	0.00502	0.00717	0.00646	0.01004
22	0.04420	0.37818	0.08734	0.02009	0.20875	0.09573	0.04691	0.01991	0.01389	0.01765	0.01014	0.01236	0.00867	0.00566	0.00514	0.00164	0.00779	0.00436	0.00294	0.00864
23	0.01661	0.01586	0.02032	0.04589	0.35773	0.08121	0.01496	0.04737	0.28573	0.02296	0.01711	0.01837	0.01340	0.00694	0.00630	0.00197	0.00694	0.00609	0.00450	0.00975
24	0.00898	0.00648	0.00848	0.00798	0.00948	0.00599	0.00599	0.01197	0.01796	0.02544	0.73413	0.04739	0.05986	0.01297	0.00748	0.00200	0.00299	0.01147	0.00698	0.00599
25	0.01125	0.00600	0.00649	0.00656	0.00791	0.00611	0.00489	0.01397	0.01280	0.02201	0.02095	0.06061	0.01762	0.03090	0.09008	0.00263	0.00466	0.00668	0.66207	0.00580
26	0.00773	0.00552	0.00736	0.00883	0.00920	0.00515	0.00589	0.00883	0.01215	0.01619	0.03497	0.77291	0.04196	0.01987	0.00810	0.00258	0.00368	0.01803	0.00589	0.00515
27	0.01102	0.00551	0.00826	0.00826	0.00826	0.00551	0.00551	0.00826	0.00826	0.01102	0.01102	0.01928	0.01102	0.02204	0.02479	0.81543	0.00551	0.00551	0.00275	0.00275
28	0.00773	0.00552	0.00736	0.00883	0.00920	0.00515	0.00589	0.00883	0.01215	0.01619	0.03497	0.77291	0.04196	0.01987	0.00810	0.00258	0.00368	0.01803	0.00589	0.00515
29	0.82186	0.01227	0.00932	0.00834	0.01227	0.01423	0.00687	0.01865	0.01080	0.02846	0.00883	0.01031	0.00687	0.00589	0.00393	0.00196	0.00491	0.00344	0.00393	0.00687
30	0.02846	0.01080	0.01472	0.01129	0.01619	0.00932	0.00932	0.03092	0.01816	0.74187	0.02503	0.02159	0.01570	0.00785	0.00638	0.00196	0.00540	0.00638	0.00785	0.01080
31	0.02374	0.02886	0.01809	0.01615	0.01962	0.67102	0.01224	0.10139	0.01928	0.01822	0.01040	0.01186	0.00846	0.00666	0.00579	0.00166	0.01095	0.00426	0.00361	0.00773
32	0.00894	0.00648	0.00843	0.00794	0.00945	0.00597	0.00595	0.01190	0.01786	0.02522	0.71644	0.04775	0.07769	0.01305	0.00748	0.00200	0.00300	0.01152	0.00695	0.00597
33	0.01022	0.00730	0.01022	0.01168	0.01314	0.00730	0.01022	0.01314	0.01460	0.01899	0.03359	0.07156	0.03651	0.01752	0.00876	0.00292	0.00584	0.69478	0.00584	0.00584
34	0.00773	0.00552	0.00736	0.00883	0.00920	0.00515	0.00589	0.00883	0.01215	0.01619	0.03497	0.77291	0.04196	0.01987	0.00810	0.00258	0.00368	0.01803	0.00589	0.00515
35	0.01272	0.03281	0.74418	0.01808	0.02746	0.01473	0.02344	0.02009	0.01339	0.02009	0.01138	0.01339	0.00804	0.00603	0.00603	0.00201	0.00938	0.00469	0.00268	0.00938
36	0.00907	0.00677	0.01004	0.01004	0.01111	0.00784	0.00773	0.01123	0.01015	0.01461	0.01714	0.02573	0.01621	0.08301	0.71696	0.01000	0.01647	0.00691	0.00342	0.00558
37	0.01617	0.01446	0.05020	0.01221	0.01707	0.01382	0.01015	0.14729	0.31527	0.02651	0.01808	0.01795	0.01376	0.00692	0.00579	0.00167	0.00546	0.00558	0.00529	0.29634
38	0.00773	0.00552	0.00736	0.00883	0.00920	0.00515	0.00589	0.00883	0.01215	0.01619	0.03497	0.77291	0.04196	0.01987	0.00810	0.00258	0.00368	0.01803	0.00589	0.00515
39	0.01638	0.54984	0.17776	0.01369	0.03635	0.06205	0.03114	0.01961	0.01336	0.01629	0.00957	0.01121	0.00820	0.00561	0.00470	0.00154	0.00768	0.00385	0.00276	0.00841
40	0.01525	0.47884	0.32029	0.01377	0.02079	0.02092	0.01594	0.01944	0.01309	0.01701	0.00986	0.01148	0.00810	0.00567	0.00486	0.00162	0.00783	0.00392	0.00270	0.00864
41	0.02846	0.01080	0.01472	0.01129	0.01619	0.00932	0.00932	0.03092	0.01816	0.74187	0.02503	0.02159	0.01570	0.00785	0.00638	0.00196	0.00540	0.00638	0.00785	0.01080
42	0.01374	0.02066	0.30216	0.02084	0.10876	0.01324	0.20189	0.01889	0.01421	0.05853	0.01812	0.07925	0.04836	0.00807	0.00684	0.00212	0.00837	0.04363	0.00372	0.00861
43	0.03965	0.04027	0.31769	0.01868	0.13317	0.05749	0.04645	0.01948	0.01471	0.08344	0.09637	0.05617	0.03347	0.00780	0.00633	0.00198	0.00758	0.00662	0.00402	0.00866
44	0.00802	0.00573	0.00768	0.00910	0.00961	0.00539	0.00633	0.00936	0.01255	0.01673	0.05388	0.68178	0.04189	0.01945	0.00815	0.00260	0.00388	0.08671	0.00591	0.00525
45	0.00782	0.00558	0.00746	0.00893	0.00934	0.00523	0.00604	0.00898	0.01223	0.01629	0.03492	0.74875	0.04177	0.01979	0.00812	0.00259	0.00375	0.04135	0.00589	0.00518
46	0.01642	0.01672	0.05276	0.04350	0.20045	0.12672	0.01328	0.08108	0.22834	0.02326	0.07823	0.05677	0.01822	0.00818	0.00643	0.00198	0.00688	0.00692	0.00484	0.00899
47	0.01568	0.03608	0.02983	0.03232	0.41751	0.01584	0.27850	0.03778	0.03431	0.02107	0.01265	0.01629	0.01011	0.00566	0.00668	0.00197	0.00861	0.00632	0.00333	0.00946
48	0.02370	0.03023	0.01798	0.01634	0.01961	0.75158	0.01226	0.02533	0.01798	0.01553	0.00981	0.01144	0.00817	0.00654	0.00572	0.00163	0.01144	0.00409	0.00327	0.00735
49	0.00887	0.00736	0.00898	0.01040	0.07090	0.00673	0.00707	0.01131	0.03630	0.01818	0.07962	0.15488	0.44255	0.01553	0.00760	0.00227	0.00401	0.09576	0.00572	0.00595
50	0.01739	0.06949	0.29699	0.01630	0.04453	0.03147	0.05200	0.10012	0.11215	0.13170	0.01627	0.03659	0.01210	0.00726	0.00656	0.00200	0.02719	0.00585	0.00452	0.00952
51	0.02458	0.01463	0.01685	0.01327	0.01800	0.04974	0.02881	0.25808	0.12552	0.35056	0.02084	0.01918	0.01409	0.00776	0.00638	0.00196	0.00630	0.00619	0.00681	0.01046
52	0.02846	0.01080	0.01472	0.01129	0.01619	0.00932	0.00932	0.03092	0.01816	0.74187	0.02503	0.02159	0.01570	0.00785	0.00638	0.00196	0.00540	0.00638	0.00785	0.01080
53	0.01540	0.01561	0.08231	0.02841	0.44931	0.01435	0.01645	0.09511	0.06892	0.02343	0.07824	0.02091	0.04887	0.00724	0.00644	0.00194	0.00685	0.00656	0.00416	0.00950
54	0.06607	0.01241	0.01986	0.20180	0.32540	0.01313	0.03954	0.03396	0.01464	0.03771	0.09071	0.02417	0.01726	0.00776	0.00654	0.00206	0.00700	0.06772	0.00395	0.00830
55	0.02338	0.02906	0.01808	0.01627	0.01951	0.69076	0.01230	0.05855	0.01827	0.01670	0.01002	0.01171	0.00830	0.00675	0.00627	0.00169	0.03725	0.00422	0.00340	0.00751
56	0.00773	0.00552	0.00736	0.00883	0.00920	0.00515	0.00589	0.00883	0.01215	0.01619	0.03497	0.77291	0.04196	0.01987	0.00810	0.00258	0.00368	0.01803	0.00589	0.00515
57	0.36278	0.01478	0.05123	0.10806	0.18912	0.04002	0.01267	0.07480	0.01415	0.06201	0.01136	0.01354	0.00868	0.00615	0.00526	0.00195	0.00659	0.00464	0.00392	0.00829
58	0.01152	0.00844	0.01113	0.04626	0.01321	0.00943	0.02643	0.05946	0.06182	0.01937	0.02015	0.02588	0.05052	0.07917	0.31546	0.00560	0.03612	0.00696	0.18667	0.00639
59	0.00865	0.00629	0.00814	0.00806	0.00937	0.00579	0.00590	0.01119	0.01661	0.02314	0.55796	0.19249	0.09365	0.01451	0.00761	0.00212	0.00314	0.01288	0.00671	0.00579
60	0.01287	0.05858	0.71969	0.01783	0.02707	0.01509	0.02301	0.02005	0.01338	0.01991	0.01130	0.01328	0.00804	0.00601	0.00596	0.00199	0.00929	0.00464	0.00268	0.00933
61	0.01472	0.01467	0.01910	0.01637	0.01680	0.05452	0.01356	0.04970	0.01110	0.01647	0.00896	0.01412	0.00864	0.01168	0.03868	0.00287	0.67241	0.00552	0.00299	0.00711
62	0.01696	0.78087	0.03324	0.01085	0.01628	0.02510	0.01085	0.01900	0.01289	0.01493	0.00882	0.01018	0.00814	0.00543	0.00407	0.00136	0.00678	0.00339	0.00271	0.00814
63	0.00994	0.00911	0.01656	0.01424	0.01653	0.00850	0.22328	0.01237	0.01309	0.01749	0.02919	0.51641	0.05596	0.01529	0.00789	0.00243	0.00582	0.01464	0.00507	0.00620
64	0.01613	0.65027	0.13764	0.01190	0.01780	0.02312	0.01264	0.01896	0.01289	0.01568	0.00941	0.01103	0.00833	0.00661	0.02381	0.00168	0.00743	0.00367	0.00273	0.00826
65	0.00923	0.00615	0.00692	0.00692	0.00692	0.00615	0.00384	0.00923	0.00923	0.01230	0.01999	0.04151	0.02306	0.77705	0.03229	0.00615	0.00615	0.00923	0.00384	0.00384
66	0.00796	0.00570	0.00757	0.00867	0.00925	0.00531	0.00591	0.00942	0.01324	0.01793	0.16631	0.63661	0.04532	0.01858	0.00798	0.00247	0.00355	0.01680	0.00609	0.00531
67	0.01198	0.01128	0.01903	0.76180	0.04369	0.01409	0.01762	0.01621	0.01268	0.01621	0.01128	0.01691	0.00846	0.00634	0.00634	0.00211	0.00846	0.00564	0.00282	0.00705
68	0.01756	0.71386	0.03188	0.01134	0.01658	0.08995	0.01098	0.01956	0.01334	0.01498	0.00891	0.01029	0.00814	0.00553	0.00422	0.00138	0.00720	0.00345	0.00276	0.00807
69	0.01497	0.01711	0.03743	0.02674	0.03316	0.01604	0.71444	0.02032	0.01497	0.02032	0.01283	0.01711	0.00963	0.00535	0.00749	0.00214	0.01070	0.00749	0.00321	0.00856
70	0.01013	0.00762	0.01017	0.00913	0.01049	0.00740	0.06817	0.04083	0.01211	0.01615	0.02866	0.09538	0.16101	0.38255	0.04003	0.02636	0.00592	0.01004	0.05276	0.00510
71	0.01578	0.01363	0.01434	0.01291	0.01650	0.01578	0.01004	0.03371	0.72602	0.02654	0.02582	0.02367	0.01937	0.00861	0.00646	0.00215	0.00502	0.00717	0.00646	0.01004
72	0.01578	0.01363	0.01434	0.01291	0.01650	0.01578	0.01004	0.03371	0.72602	0.02654	0.02582	0.02367	0.01937	0.00861	0.00646	0.00215	0.00502	0.00717	0.00646	0.01004
73	0.01471	0.01247	0.01348	0.01237	0.01559	0.01420	0.00969	0.03007	0.60389	0.02581	0.08969	0.02975	0.02440	0.00973	0.00674	0.00220	0.00491	0.06450	0.00645	0.00933
74	0.01276	0.03217	0.71959	0.01803	0.02709	0.01489	0.02311	0.01993	0.01327	0.01993	0.01128	0.01341	0.00805	0.00620	0.00653	0.00204	0.03503	0.00472	0.00268	0.00929
75	0.00898	0.00648	0.00848	0.00798	0.00948	0.00599	0.00599	0.01197	0.01796	0.02544	0.73413	0.04739	0.05986	0.01297	0.00748	0.00200	0.00299	0.01147	0.00698	0.00599
76	0.02412	0.02850	0.01769	0.01589	0.01931	0.68532	0.01200	0.02583	0.01799	0.08036	0.01116	0.01235	0.00884	0.00665	0.00578	0.00166	0.01090	0.00429	0.00368	0.00766
77	0.01031	0.00749	0.01065	0.04812	0.01463	0.00763	0.01058	0.01329	0.01451	0.01885	0.03251	0.06890	0.03515	0.01698	0.00864	0.00288	0.00597	0.66131	0.00569	0.00590
78	0.02803	0.01089	0.01471	0.01134	0.01620	0.00954	0.00935	0.03101	0.04218	0.71760	0.02505	0.02166	0.01583	0.00788	0.00638	0.00197	0.00539	0.00641	0.00780	0.01077
79	0.01198	0.01128	0.01903	0.76180	0.04369	0.01409	0.01762	0.01621	0.01268	0.01621	0.01128	0.01691	0.00846	0.00634	0.00634	0.00211	0.00846	0.00564	0.00282	0.00705
80	0.00866	0.00647	0.00803	0.00764	0.00928	0.00585	0.00573	0.01135	0.01719	0.02363	0.58792	0.05037	0.20720	0.01365	0.00749	0.00203	0.00304	0.01189	0.00674	0.00585
81	0.00963	0.00745	0.01054	0.01023	0.01100	0.00883	0.00774	0.01133	0.00994	0.01428	0.01665	0.02714	0.01652	0.19471	0.52188	0.00854	0.09757	0.00716	0.00342	0.00543
82	0.02370	0.03023	0.01798	0.01634	0.01961	0.75158	0.01226	0.02533	0.01798	0.01553	0.00981	0.01144	0.00817	0.00654	0.00572	0.00163	0.01144	0.00409	0.00327	0.00735
83	0.01086	0.00560	0.00834	0.00834	0.00840	0.00567	0.00560	0.00847	0.00840	0.01127	0.01160	0.02020	0.01162	0.04372	0.06679	0.74748	0.00619	0.00568	0.00282	0.00295
84	0.12492	0.49175	0.09529	0.01205	0.01732	0.13446	0.01174	0.02003	0.01344	0.01731	0.00922	0.01069	0.00797	0.00572	0.00449	0.00154	0.00750	0.00363	0.00296	0.00797
85	0.00878	0.00648	0.00821	0.00778	0.00936	0.00590	0.00583	0.01159	0.01750	0.02434	0.64562	0.04919	0.14905	0.01338	0.00748	0.00201	0.00302	0.01173	0.00684	0.00590
86	0.01645	0.01531	0.02515	0.03677	0.67340	0.01548	0.01881	0.08168	0.01582	0.02244	0.01223	0.01566	0.01011	0.00583	0.00629	0.00189	0.00749	0.00566	0.00343	0.01011
87	0.01393	0.01313	0.02206	0.41906	0.35571	0.01466	0.01833	0.03368	0.01387	0.01879	0.01166	0.01633	0.00923	0.00606	0.00631	0.00201	0.00801	0.00565	0.00304	0.00848
88	0.01285	0.01264	0.02015	0.65909	0.07175	0.05005	0.05111	0.01699	0.01313	0.01657	0.01131	0.01661	0.00857	0.00627	0.00636	0.00208	0.00867	0.00565	0.00287	0.00726
89	0.01548	0.01613	0.03369	0.02705	0.12859	0.01521	0.56011	0.02032	0.01496	0.05510	0.01406	0.04323	0.01109	0.00601	0.00729	0.00211	0.00976	0.00754	0.00352	0.00875
90	0.06393	0.01138	0.01615	0.01252	0.01724	0.01038	0.07205	0.02860	0.06087	0.56781	0.02363	0.05298	0.01609	0.00810	0.00644	0.00202	0.00575	0.00688	0.00708	0.01012
91	0.02103	0.01285	0.05814	0.01588	0.07905	0.01110	0.10385	0.02556	0.07822	0.38886	0.05668	0.06604	0.01849	0.00849	0.00672	0.00206	0.00626	0.02487	0.00623	0.00961
92	0.03554	0.01505	0.02409	0.04940	0.49328	0.03338	0.07924	0.05072	0.04967	0.06862	0.03051	0.01711	0.01187	0.00621	0.00637	0.00193	0.00749	0.00598	0.00385	0.00968
93	0.04170	0.03320	0.01740	0.03694	0.19341	0.04370	0.01179	0.05925	0.05852	0.26595	0.03987	0.04331	0.03923	0.00764	0.00617	0.00186	0.00608	0.00644	0.00545	0.08208

[dist]
# distance from previous block
# <min> <max>
0	10

# created by:
# /home/cegg/simao/soft/augustus-3.2.1/scripts/msa2prfl.pl ./align_prep/EOG090W0G5Y.fa
